-416167.501695
0
0.000000 0.000000 0.000000 0.000000 0.000000 0.000000 0.000000 0.000000 0.000000 0.073886 0.000000 0.007972 0.000000 0.000000 0.000000 0.011686 0.000000 0.000000 0.000000 0.000000 0.000000 0.000000 0.000000 0.000000 0.000000 0.000000 0.000000 0.000000 0.000000 0.000000 0.000000 0.000000 0.300984 0.342962 0.000000 0.128179 0.000000 0.000000 0.000000 0.000000 0.000000 0.000000 0.000000 0.000000 0.000000 0.000000 0.000000 0.000000 0.000000 0.000000 0.000000 0.000000 0.000000 0.000000 0.000000 0.000000 0.000000 0.066630 0.000000 0.043659 0.000000 0.000000 0.000000 0.000000 0.000000 0.000000 0.000000 0.024044 0.000000 0.000000 0.000000 0.000000 0.000000 0.000000 0.000000 0.000000 0.000000 0.000000 0.000000 0.000000 0.000000 0.000000 0.000000 0.000000 0.000000 0.000000 0.000000 0.000000 0.000000 0.000000 0.000000 0.000000 0.000000 0.000000 0.000000 0.000000 
0.000000 0.000000 0.000000 0.000000 0.000000 0.000000 0.000000 0.000000 0.000000 0.019836 0.000000 0.000000 0.000000 0.000000 0.000000 0.000000 0.000000 0.000000 0.000000 0.000000 0.000000 0.000000 0.000000 0.024826 0.000000 0.000000 0.000000 0.000000 0.000000 0.000000 0.000000 0.000000 0.000000 0.000000 0.000000 0.000000 0.000000 0.000000 0.000000 0.000000 0.079275 0.082738 0.078325 0.140069 0.000000 0.000000 0.067333 0.000000 0.000000 0.000000 0.000000 0.000000 0.000000 0.000000 0.000000 0.000000 0.000000 0.000000 0.000000 0.020442 0.000000 0.000000 0.000000 0.000000 0.000000 0.026854 0.049916 0.082026 0.016270 0.000000 0.000000 0.000000 0.045179 0.000000 0.000000 0.000000 0.000000 0.000000 0.000000 0.000000 0.000000 0.000000 0.000000 0.000000 0.000000 0.000000 0.000000 0.000000 0.031410 0.086078 0.054628 0.000000 0.000000 0.000000 0.042387 0.052408 
0.000000 0.000000 0.000000 0.000000 0.000000 0.000000 0.000000 0.000000 0.000000 0.000000 0.000000 0.000000 0.000000 0.000000 0.000000 0.028009 0.000000 0.000000 0.000000 0.023687 0.106944 0.012243 0.004165 0.039653 0.000000 0.000000 0.000000 0.000000 0.000000 0.000000 0.000000 0.000000 0.000000 0.000000 0.000000 0.000000 0.008772 0.000000 0.000000 0.000000 0.000000 0.000000 0.000000 0.008245 0.070339 0.018820 0.000000 0.174247 0.000000 0.009395 0.000000 0.000000 0.000000 0.000000 0.000000 0.003528 0.000000 0.000000 0.000000 0.000000 0.000000 0.000000 0.000000 0.000000 0.000000 0.000000 0.000000 0.000000 0.000000 0.000000 0.010141 0.060704 0.000000 0.000000 0.000000 0.000000 0.000000 0.000000 0.000000 0.000000 0.000000 0.000000 0.000000 0.000000 0.000000 0.000000 0.032216 0.018023 0.000000 0.000000 0.000000 0.061337 0.158143 0.010645 0.000000 0.140745 
0.001839 0.000000 0.000000 0.000000 0.000000 0.015236 0.000000 0.000000 0.032059 0.000000 0.000000 0.045060 0.042246 0.018153 0.032295 0.017697 0.166965 0.071406 0.112294 0.093992 0.000000 0.010186 0.011084 0.000000 0.000000 0.000000 0.000000 0.000000 0.000000 0.000000 0.000000 0.000000 0.000000 0.000000 0.000000 0.004999 0.000000 0.000000 0.000000 0.000000 0.000000 0.000000 0.000000 0.000000 0.000000 0.000000 0.000000 0.000000 0.000000 0.000000 0.000000 0.000000 0.000000 0.000000 0.000000 0.000000 0.000000 0.000000 0.000000 0.000000 0.000000 0.000000 0.011971 0.000000 0.052912 0.033461 0.016352 0.000000 0.000000 0.000000 0.000000 0.000000 0.000000 0.000000 0.000000 0.000000 0.000000 0.000000 0.000000 0.000000 0.000000 0.000000 0.000000 0.000000 0.042990 0.000000 0.017573 0.000000 0.058047 0.005561 0.000000 0.072352 0.000000 0.013271 0.000000 0.000000 
0.000000 0.000000 0.000000 0.000000 0.000000 0.000000 0.000000 0.000000 0.000000 0.000000 0.000000 0.000000 0.000000 0.000000 0.000000 0.000000 0.000000 0.000000 0.000000 0.000000 0.000000 0.000000 0.001192 0.000000 0.000000 0.000000 0.000000 0.000000 0.000000 0.000000 0.000000 0.000000 0.000000 0.000000 0.029052 0.066893 0.000000 0.000000 0.000000 0.000000 0.000000 0.000000 0.000000 0.000000 0.000000 0.000000 0.000000 0.000000 0.000000 0.000000 0.000000 0.000000 0.000000 0.000000 0.000000 0.000000 0.000000 0.000000 0.000000 0.000000 0.000000 0.000000 0.000000 0.000000 0.000000 0.000000 0.000000 0.000000 0.000000 0.000000 0.002920 0.000000 0.000000 0.000000 0.000000 0.000000 0.000000 0.000000 0.000000 0.000000 0.138124 0.489353 0.150450 0.120039 0.000000 0.000000 0.000000 0.000000 0.000000 0.000000 0.000000 0.001977 0.000000 0.000000 0.000000 0.000000 
0.000000 0.000000 0.000000 0.000000 0.000000 0.000000 0.000000 0.000000 0.046491 0.020754 0.000000 0.016497 0.000000 0.000000 0.000000 0.000000 0.000000 0.003027 0.026151 0.000000 0.000000 0.000000 0.000000 0.000000 0.008419 0.025815 0.012602 0.079405 0.000000 0.000000 0.000000 0.000000 0.000000 0.000000 0.099140 0.000000 0.000000 0.003411 0.000000 0.000000 0.007603 0.000000 0.038041 0.000000 0.000000 0.008314 0.001926 0.014046 0.000000 0.008480 0.000000 0.009978 0.000000 0.006108 0.000000 0.000000 0.129368 0.136552 0.127670 0.093410 0.000000 0.000000 0.000000 0.000000 0.023106 0.004585 0.013880 0.000000 0.000000 0.007339 0.000000 0.000000 0.000000 0.000000 0.000000 0.000000 0.000000 0.000000 0.000000 0.000000 0.000000 0.000000 0.000000 0.000000 0.000000 0.000000 0.000000 0.000000 0.008072 0.000000 0.019812 0.000000 0.000000 0.000000 0.000000 0.000000 
0.048791 0.030466 0.041016 0.018634 0.010511 0.000000 0.003262 0.000000 0.006903 0.000000 0.000000 0.000000 0.000000 0.000000 0.004212 0.000000 0.000000 0.000000 0.000000 0.000000 0.000000 0.000000 0.000000 0.000000 0.064679 0.115349 0.015373 0.057329 0.011556 0.009317 0.008826 0.005066 0.008465 0.000000 0.000000 0.000000 0.000000 0.000000 0.051793 0.000000 0.004893 0.000000 0.012394 0.000000 0.000000 0.000000 0.002880 0.000000 0.059539 0.068735 0.045743 0.032709 0.007196 0.015294 0.012652 0.003732 0.000000 0.000000 0.000000 0.000000 0.009189 0.000000 0.011950 0.000000 0.000000 0.000000 0.003210 0.000000 0.000000 0.000000 0.000000 0.000000 0.038306 0.110477 0.028636 0.000000 0.000000 0.010387 0.002607 0.000000 0.000000 0.000000 0.000000 0.000000 0.000000 0.000000 0.007927 0.000000 0.000000 0.000000 0.000000 0.000000 0.000000 0.000000 0.000000 0.000000 
0.061804 0.056872 0.000000 0.053829 0.000000 0.004492 0.000000 0.000000 0.028496 0.000000 0.000000 0.019110 0.017883 0.018926 0.019954 0.029611 0.000000 0.000000 0.000000 0.007619 0.000000 0.000000 0.005738 0.000000 0.057946 0.028670 0.000000 0.036679 0.000000 0.000000 0.000000 0.000000 0.000000 0.000000 0.000000 0.045265 0.023979 0.038941 0.024352 0.051412 0.000000 0.010584 0.000000 0.000000 0.000000 0.000000 0.000000 0.000000 0.042771 0.027584 0.000000 0.041888 0.000000 0.000000 0.000000 0.000000 0.000000 0.000000 0.000000 0.000000 0.016889 0.018941 0.016910 0.031810 0.004418 0.000000 0.000000 0.000000 0.000000 0.000000 0.000000 0.000000 0.034661 0.011188 0.000000 0.000000 0.000000 0.000000 0.000000 0.000000 0.000000 0.000000 0.000000 0.000000 0.021738 0.022358 0.009137 0.051852 0.000000 0.000000 0.000000 0.000000 0.000000 0.000000 0.005692 0.000000 
0.000000 0.000000 0.000000 0.000000 0.000000 0.000000 0.000000 0.000000 0.009415 0.000000 0.000000 0.001499 0.000000 0.000000 0.000000 0.000000 0.000000 0.000000 0.000000 0.000000 0.000000 0.000000 0.000000 0.000000 0.000000 0.000000 0.000000 0.000000 0.000000 0.000000 0.000000 0.000000 0.010823 0.000000 0.000000 0.000000 0.000000 0.000000 0.000000 0.000000 0.000000 0.000000 0.000000 0.000000 0.000000 0.000000 0.000000 0.000000 0.001451 0.000000 0.000000 0.000000 0.000000 0.000000 0.000000 0.000000 0.005098 0.000000 0.000000 0.000000 0.000000 0.000000 0.000000 0.000000 0.000000 0.000000 0.000000 0.000000 0.000000 0.000000 0.000000 0.000000 0.015564 0.005338 0.001721 0.000000 0.048328 0.000000 0.001609 0.084154 0.520200 0.000000 0.014312 0.280487 0.000000 0.000000 0.000000 0.000000 0.000000 0.000000 0.000000 0.000000 0.000000 0.000000 0.000000 0.000000 
0.000000 0.000000 0.000000 0.019500 0.000000 0.000000 0.000000 0.000000 0.000000 0.000000 0.000000 0.000000 0.000000 0.000000 0.000000 0.000000 0.000000 0.000000 0.000000 0.000000 0.000000 0.000000 0.002438 0.000000 0.000000 0.000000 0.000000 0.000000 0.000000 0.000000 0.000000 0.000000 0.000000 0.000000 0.000000 0.000000 0.000000 0.000000 0.000000 0.000000 0.000000 0.000000 0.000000 0.000000 0.000000 0.000000 0.004952 0.000000 0.000000 0.000000 0.000000 0.011782 0.000000 0.000000 0.000000 0.002041 0.000000 0.000000 0.000000 0.024214 0.000000 0.000000 0.000000 0.000000 0.000000 0.000000 0.000000 0.000000 0.000000 0.000000 0.000000 0.000000 0.099053 0.000000 0.000000 0.744265 0.000000 0.000000 0.000000 0.000000 0.000000 0.000000 0.000000 0.080259 0.000000 0.000000 0.000000 0.000000 0.000000 0.011497 0.000000 0.000000 0.000000 0.000000 0.000000 0.000000 
0.000000 0.000000 0.000000 0.000000 0.000000 0.000000 0.000000 0.000000 0.000000 0.000000 0.000000 0.011970 0.000000 0.000000 0.000000 0.000000 0.000000 0.000000 0.000000 0.000000 0.000000 0.006352 0.000000 0.032601 0.000000 0.000000 0.000000 0.025808 0.000000 0.000000 0.000000 0.000000 0.000000 0.000000 0.000000 0.000000 0.000000 0.000000 0.000000 0.000000 0.000000 0.000000 0.000000 0.000000 0.000000 0.000000 0.000000 0.040974 0.000000 0.000000 0.000000 0.000000 0.000000 0.000000 0.000000 0.000000 0.000000 0.006920 0.021225 0.000000 0.000000 0.000000 0.000000 0.000000 0.000000 0.021880 0.005919 0.025945 0.000000 0.006072 0.000000 0.000000 0.000000 0.025432 0.009217 0.000000 0.000000 0.000000 0.000000 0.000000 0.000000 0.000000 0.565952 0.000000 0.000000 0.000000 0.000000 0.000000 0.001774 0.000000 0.007850 0.021653 0.000000 0.022137 0.000000 0.140321 
0.005064 0.000000 0.000000 0.000000 0.081295 0.026345 0.013681 0.082193 0.012605 0.015259 0.000000 0.007549 0.000000 0.000000 0.000000 0.000000 0.000000 0.000000 0.000000 0.023022 0.000000 0.000000 0.016627 0.000000 0.000000 0.000000 0.000000 0.000000 0.055097 0.046538 0.011638 0.080093 0.023110 0.000000 0.000000 0.000000 0.000000 0.000000 0.009457 0.000000 0.000000 0.000000 0.000000 0.000000 0.000000 0.015730 0.004939 0.000000 0.000000 0.000000 0.000000 0.000000 0.034734 0.031599 0.000000 0.058691 0.026643 0.000000 0.000000 0.009108 0.000000 0.000000 0.000000 0.000000 0.000000 0.000000 0.000000 0.000000 0.000000 0.000000 0.046290 0.020177 0.000000 0.035318 0.000000 0.000000 0.036919 0.059780 0.008732 0.075790 0.000000 0.000000 0.000000 0.000000 0.000000 0.004657 0.000000 0.000000 0.000000 0.000000 0.000000 0.000000 0.000000 0.010894 0.010426 0.000000 
0.005645 0.005140 0.000000 0.000000 0.000000 0.000000 0.000000 0.000000 0.020519 0.014610 0.454477 0.011962 0.000000 0.000000 0.000000 0.008180 0.000000 0.000000 0.000000 0.000000 0.000000 0.000000 0.000000 0.003794 0.000000 0.000000 0.000000 0.000000 0.000000 0.000000 0.000000 0.000000 0.000000 0.000000 0.181546 0.000000 0.000000 0.000000 0.000000 0.000000 0.000000 0.000000 0.000000 0.000000 0.000000 0.000000 0.000000 0.000000 0.000000 0.000000 0.000000 0.000000 0.000000 0.000000 0.000000 0.000000 0.000000 0.000000 0.217229 0.000000 0.000000 0.000000 0.000000 0.000000 0.000000 0.000000 0.000000 0.010928 0.000000 0.000000 0.000000 0.000000 0.000000 0.000000 0.000000 0.000000 0.000000 0.000000 0.000000 0.000000 0.000000 0.000000 0.061922 0.000000 0.000000 0.000000 0.000000 0.000000 0.000000 0.000000 0.004047 0.000000 0.000000 0.000000 0.000000 0.000000 
0.177957 0.021766 0.000694 0.039679 0.460418 0.039350 0.053032 0.145725 0.014487 0.000422 0.011589 0.026775 0.008105 
0.042086 0.010531 0.002669 0.098504 0.099952 0.053347 0.019356 0.020518 0.017327 0.293526 0.192134 0.030294 0.119758 
0.075292 0.026928 0.001354 0.055102 0.092617 0.067009 0.018553 0.030246 0.052505 0.270964 0.260315 0.027743 0.021371 
0.046566 0.059692 0.026500 0.002806 0.050752 0.419027 0.083264 0.033043 0.003865 0.020228 0.022779 0.016042 0.215435 
0.054055 0.053979 0.011461 0.047166 0.011756 0.227934 0.009411 0.274139 0.005304 0.064463 0.082711 0.040828 0.116792 
0.041008 0.101296 0.036571 0.138316 0.052752 0.142244 0.245974 0.100395 0.002345 0.046328 0.007422 0.075344 0.010004 
0.024983 0.001942 0.000972 0.000578 0.078555 0.033096 0.072012 0.014401 0.569679 0.133070 0.055567 0.014119 0.001026 
0.035280 0.095215 0.106614 0.047451 0.132054 0.061131 0.010314 0.148956 0.235271 0.030453 0.013002 0.020587 0.063674 
0.041979 0.113811 0.048677 0.079766 0.045397 0.081367 0.146191 0.220917 0.055941 0.018829 0.001452 0.144864 0.000809 
0.107595 0.102389 0.022889 0.079226 0.190072 0.015282 0.004509 0.198809 0.031053 0.024714 0.004228 0.218322 0.000911 
0.016746 0.057114 0.009526 0.054559 0.024844 0.112714 0.151789 0.286246 0.023684 0.059738 0.034312 0.067400 0.101328 
0.025022 0.072233 0.081131 0.097442 0.008700 0.035004 0.056258 0.242155 0.018031 0.042274 0.001170 0.315123 0.005458 
0.280776 0.033480 0.016693 0.045523 0.427864 0.038932 0.000768 0.018596 0.045364 0.000236 0.020848 0.001606 0.069315 
0.044028 0.112573 0.009644 0.112703 0.028419 0.062232 0.215808 0.255372 0.011611 0.059372 0.001947 0.083930 0.002361 
0.046571 0.027707 0.000435 0.045770 0.036239 0.216163 0.254287 0.064678 0.016690 0.073814 0.062379 0.035534 0.119733 
0.034622 0.086311 0.025650 0.115042 0.014945 0.080792 0.015605 0.242483 0.010066 0.013699 0.034270 0.271920 0.054594 
0.080194 0.002248 0.016940 0.022576 0.152467 0.074294 0.003526 0.041541 0.009933 0.299616 0.273450 0.002307 0.020907 
0.040616 0.016757 0.015572 0.051865 0.064948 0.075287 0.019317 0.061675 0.342496 0.027517 0.074487 0.015952 0.193511 
0.045430 0.105535 0.076022 0.222926 0.039615 0.070294 0.076775 0.121504 0.020408 0.062547 0.021601 0.107544 0.029800 
0.062764 0.045412 0.002672 0.072728 0.092558 0.069286 0.008513 0.235016 0.116006 0.035099 0.050895 0.089518 0.119532 
0.008670 0.144163 0.257371 0.119531 0.022157 0.044083 0.086121 0.186076 0.023178 0.028014 0.000752 0.066780 0.013104 
0.034704 0.055264 0.020101 0.052049 0.053057 0.057932 0.024159 0.270457 0.147673 0.047441 0.083752 0.081446 0.071965 
0.016581 0.038093 0.022965 0.086721 0.054224 0.305498 0.032040 0.279594 0.008816 0.019382 0.004190 0.007438 0.124458 
0.088040 0.052216 0.001061 0.003913 0.206481 0.105210 0.010236 0.087886 0.013281 0.149590 0.195943 0.000365 0.085778 
0.027591 0.127930 0.034952 0.051984 0.037321 0.248361 0.125281 0.132792 0.011454 0.025515 0.009004 0.066625 0.101187 
0.113061 0.096349 0.158609 0.034613 0.260671 0.100339 0.003133 0.113009 0.026262 0.013675 0.038202 0.014648 0.027430 
0.038932 0.036937 0.011558 0.020135 0.002540 0.561451 0.007880 0.071562 0.022274 0.006580 0.049758 0.023330 0.147064 
0.044211 0.137124 0.020051 0.088612 0.033533 0.073750 0.054163 0.190959 0.053762 0.014060 0.001169 0.288160 0.000445 
0.076214 0.108575 0.026466 0.124145 0.029461 0.092870 0.096119 0.158592 0.032383 0.074135 0.009756 0.169809 0.001474 
0.028545 0.109114 0.221181 0.144179 0.020388 0.107311 0.012849 0.148343 0.005619 0.068773 0.009578 0.046090 0.078031 
0.021634 0.052172 0.009646 0.064183 0.045109 0.043484 0.012895 0.140760 0.015450 0.224008 0.266078 0.097956 0.006626 
0.068481 0.129894 0.038789 0.167963 0.031057 0.084509 0.077259 0.182755 0.038616 0.036516 0.008436 0.119713 0.016011 
0.019038 0.095810 0.026482 0.075536 0.035701 0.101435 0.033924 0.157330 0.042648 0.025703 0.075463 0.020172 0.290759 
0.169250 0.006176 0.000086 0.000462 0.427155 0.006398 0.001282 0.014789 0.338640 0.010186 0.001299 0.013330 0.010946 
0.063013 0.092229 0.000461 0.097497 0.042105 0.132177 0.016985 0.048564 0.021115 0.057132 0.060311 0.009633 0.358777 
0.080774 0.030755 0.018915 0.088851 0.184845 0.107546 0.076605 0.288943 0.022976 0.007196 0.011072 0.027216 0.054305 
0.012572 0.014680 0.000248 0.026470 0.049361 0.170423 0.156038 0.135006 0.179480 0.013581 0.001919 0.126694 0.113527 
0.019253 0.048744 0.024487 0.117119 0.011422 0.013703 0.006856 0.438029 0.012729 0.076010 0.058114 0.133645 0.039887 
0.000972 0.012206 0.000708 0.050676 0.034919 0.084651 0.052532 0.095422 0.013981 0.266550 0.212477 0.022826 0.152080 
0.016283 0.090610 0.011328 0.138293 0.001379 0.027319 0.057699 0.279239 0.008684 0.030214 0.000990 0.326929 0.011033 
0.003712 0.003791 0.010638 0.010712 0.093409 0.042702 0.001239 0.027449 0.549604 0.165639 0.077107 0.012914 0.001085 
0.019017 0.016013 0.000178 0.011515 0.108670 0.043731 0.182582 0.063584 0.440942 0.058347 0.001462 0.053017 0.000943 
0.032475 0.127404 0.000725 0.169274 0.063726 0.099923 0.074049 0.175913 0.009684 0.020575 0.045209 0.150991 0.030051 
0.019142 0.005692 0.000438 0.037796 0.029355 0.584062 0.009910 0.064564 0.053437 0.010698 0.060825 0.001617 0.122464 
0.078240 0.081103 0.055224 0.088113 0.164707 0.049234 0.013859 0.185516 0.055625 0.005706 0.005488 0.205336 0.011849 
0.009173 0.148223 0.114930 0.111799 0.096287 0.013481 0.003785 0.028286 0.024045 0.230083 0.167889 0.005294 0.046725 
0.009298 0.035883 0.021195 0.063405 0.065896 0.085467 0.180920 0.079667 0.036783 0.181928 0.155973 0.005218 0.078366 
0.228183 0.050744 0.004197 0.050323 0.479488 0.028518 0.001360 0.087435 0.024425 0.006536 0.002397 0.028717 0.007677 
0.033627 0.014265 0.029430 0.088210 0.001008 0.240773 0.017074 0.292254 0.000409 0.011289 0.037067 0.089267 0.145327 
0.233269 0.027963 0.000670 0.026364 0.572616 0.008188 0.028378 0.036793 0.011693 0.000313 0.032320 0.020883 0.000551 
0.108581 0.021860 0.016295 0.076048 0.103746 0.005898 0.019566 0.260168 0.008031 0.160568 0.096844 0.109769 0.012627 
0.017164 0.036119 0.000781 0.086585 0.002372 0.364232 0.017790 0.179864 0.041404 0.026594 0.043349 0.059732 0.124014 
0.083251 0.026294 0.000111 0.058113 0.002497 0.025561 0.504916 0.187884 0.002188 0.058396 0.010736 0.037358 0.002693 
0.026788 0.017536 0.000223 0.009753 0.033427 0.386989 0.047387 0.040832 0.193831 0.007277 0.003223 0.028548 0.204187 
0.022159 0.038813 0.018146 0.116334 0.122437 0.011892 0.015334 0.149051 0.255190 0.058805 0.088835 0.069125 0.033879 
0.056828 0.037177 0.012884 0.100377 0.054403 0.136079 0.196123 0.161213 0.016727 0.038065 0.003466 0.007915 0.178743 
0.091645 0.114488 0.059929 0.097636 0.171436 0.087109 0.021748 0.199445 0.033510 0.000551 0.002074 0.079836 0.040593 
0.045208 0.072529 0.028231 0.062942 0.048203 0.030673 0.256911 0.250725 0.001389 0.064385 0.002150 0.117673 0.018980 
0.043977 0.035719 0.003281 0.025842 0.157577 0.295202 0.007253 0.027147 0.008765 0.111462 0.138617 0.005005 0.140153 
0.037529 0.070112 0.000420 0.060769 0.050428 0.441987 0.062595 0.047447 0.007039 0.019166 0.037903 0.022771 0.141834 
0.014617 0.164019 0.303749 0.120529 0.019533 0.045388 0.085071 0.114050 0.026048 0.027285 0.002269 0.053227 0.024214 
0.029066 0.025412 0.023805 0.025427 0.237553 0.306997 0.004724 0.033289 0.168770 0.020992 0.055229 0.003630 0.065108 
0.042653 0.090630 0.072865 0.052120 0.032719 0.324000 0.025196 0.028597 0.100078 0.069850 0.038138 0.011894 0.111262 
0.006069 0.097078 0.176406 0.091144 0.001654 0.008848 0.017591 0.433885 0.018275 0.048455 0.000883 0.073861 0.025849 
0.121187 0.014414 0.029583 0.047634 0.135859 0.083822 0.022627 0.095495 0.014419 0.132973 0.102972 0.003831 0.195185 
0.027219 0.047062 0.032570 0.062515 0.065115 0.223842 0.022489 0.067794 0.160826 0.042304 0.107026 0.086080 0.055158 
0.033018 0.166012 0.091442 0.125355 0.024382 0.062413 0.039239 0.189735 0.011521 0.079211 0.061943 0.069623 0.046104 
0.048746 0.056898 0.009583 0.087118 0.012968 0.058102 0.234957 0.112392 0.014418 0.155556 0.095311 0.077301 0.036651 
0.126411 0.051047 0.024558 0.084938 0.266670 0.012323 0.007901 0.096267 0.273426 0.000703 0.047042 0.007973 0.000741 
0.010862 0.093870 0.021820 0.083268 0.035614 0.024703 0.003379 0.287388 0.070561 0.034698 0.009987 0.309798 0.014051 
0.059945 0.127037 0.026283 0.172151 0.027787 0.102298 0.052438 0.249412 0.026065 0.019583 0.014843 0.086103 0.036053 
0.038119 0.053405 0.028688 0.056611 0.010103 0.360021 0.038680 0.102912 0.043717 0.023240 0.000602 0.126458 0.117444 
0.156839 0.020368 0.026169 0.013235 0.260800 0.018544 0.088950 0.082466 0.160401 0.058951 0.042339 0.060725 0.010212 
0.062745 0.015455 0.005941 0.016785 0.254737 0.018744 0.006825 0.096049 0.301853 0.029734 0.029327 0.160248 0.001557 
0.001034 0.031867 0.015207 0.054968 0.051044 0.024646 0.036145 0.240682 0.380701 0.025500 0.032074 0.104466 0.001666 
0.063630 0.018878 0.008073 0.091926 0.013373 0.112331 0.093537 0.106989 0.019470 0.012347 0.067863 0.041899 0.349683 
0.230786 0.028315 0.013016 0.022467 0.442388 0.026158 0.084125 0.080893 0.010070 0.012221 0.009738 0.038036 0.001787 
0.020628 0.073672 0.044526 0.060631 0.021830 0.037587 0.046153 0.336896 0.006365 0.012968 0.001591 0.322110 0.015042 
0.013559 0.027430 0.023092 0.124563 0.031849 0.046810 0.030736 0.303112 0.027531 0.030239 0.002848 0.313170 0.025061 
0.083692 0.054439 0.025132 0.085728 0.046331 0.284918 0.015500 0.122393 0.014513 0.040870 0.017308 0.068799 0.140379 
0.211026 0.031793 0.003386 0.037805 0.370555 0.014421 0.002130 0.020348 0.089134 0.028444 0.127923 0.050863 0.012171 
0.020252 0.060673 0.020161 0.130539 0.009049 0.018569 0.107190 0.308598 0.013146 0.037088 0.001039 0.266046 0.007649 
0.026032 0.076122 0.088181 0.072442 0.060811 0.053076 0.063530 0.141641 0.054631 0.082670 0.083698 0.151317 0.045849 
0.101627 0.025364 0.000254 0.100438 0.057654 0.167971 0.032320 0.107142 0.001371 0.008538 0.052592 0.048594 0.296135 
0.031547 0.009425 0.000045 0.029221 0.018481 0.035214 0.523658 0.228643 0.001228 0.036806 0.000169 0.084334 0.001231 
0.067417 0.006800 0.000232 0.042208 0.101745 0.048376 0.326682 0.152616 0.002520 0.035205 0.022966 0.097229 0.096004 
0.027937 0.102066 0.047495 0.125100 0.026228 0.037637 0.049829 0.210200 0.035376 0.025555 0.002527 0.290430 0.019618 
0.014286 0.053812 0.029766 0.030790 0.019805 0.379664 0.052785 0.056681 0.002576 0.008518 0.040809 0.004962 0.305545 
0.015488 0.060704 0.020743 0.065839 0.009072 0.096167 0.054069 0.146233 0.000553 0.275148 0.212559 0.013299 0.030126 
0.021253 0.108814 0.029298 0.078533 0.028409 0.103754 0.006258 0.073460 0.008007 0.272822 0.190566 0.032427 0.046398 
0.049519 0.021081 0.000476 0.097338 0.056894 0.188148 0.021073 0.078046 0.025467 0.020276 0.022488 0.035164 0.384030 
0.225651 0.036948 0.000665 0.022316 0.534664 0.028754 0.010452 0.067706 0.008359 0.025585 0.033251 0.003581 0.002069 
0.007705 0.038113 0.009154 0.047281 0.034638 0.029361 0.083240 0.188428 0.002166 0.250243 0.225987 0.077821 0.005863 
0.089801 0.013772 0.015187 0.100095 0.185945 0.023401 0.016894 0.330125 0.049617 0.041730 0.063384 0.037787 0.032261 
0.030333 0.017413 0.008337 0.051069 0.020894 0.487228 0.022368 0.030838 0.003744 0.012049 0.043574 0.002300 0.269853 
0.043723 0.083582 0.014768 0.125918 0.092521 0.017988 0.012188 0.354033 0.050256 0.024016 0.001429 0.140649 0.038929 
0.027507 0.070819 0.056427 0.111270 0.039520 0.210254 0.050623 0.139027 0.025218 0.000523 0.018406 0.200277 0.050129 
0.024299 0.162899 0.274106 0.130574 0.010662 0.047292 0.005915 0.228496 0.000102 0.026035 0.000742 0.065194 0.023685 
0.116957 0.095645 0.024823 0.114478 0.139012 0.060639 0.011072 0.182954 0.013517 0.055045 0.022345 0.162980 0.000533 
0.152934 0.028030 0.000536 0.051962 0.360635 0.101798 0.005043 0.060350 0.025434 0.008490 0.018804 0.002672 0.183310 
0.034034 0.045915 0.012624 0.083748 0.020850 0.072221 0.449237 0.149747 0.014871 0.027194 0.002498 0.069886 0.017177 
0.059641 0.020711 0.000124 0.016410 0.239186 0.033631 0.268714 0.195345 0.085549 0.019323 0.001726 0.056199 0.003442 
0.123857 0.040411 0.000229 0.035878 0.261347 0.061884 0.251168 0.105220 0.050759 0.012851 0.002609 0.009830 0.043958 
0.004164 0.099153 0.211889 0.092890 0.018814 0.032384 0.002971 0.209933 0.099015 0.045376 0.020103 0.140108 0.023201 
0.006644 0.040040 0.021273 0.062952 0.029752 0.014327 0.058465 0.481922 0.111515 0.036369 0.045757 0.050396 0.040588 
0.035726 0.042135 0.025908 0.084061 0.037401 0.086140 0.007480 0.053595 0.013808 0.184458 0.161131 0.023098 0.245058 
0.031251 0.026073 0.001729 0.022998 0.132942 0.074627 0.013543 0.020603 0.565545 0.013748 0.014119 0.047621 0.035200 
0.035169 0.027938 0.035777 0.048500 0.038735 0.028070 0.012495 0.426056 0.006126 0.154401 0.093097 0.059870 0.033765 
0.018189 0.087874 0.038645 0.056552 0.069244 0.008810 0.005526 0.043629 0.013914 0.264244 0.293353 0.067492 0.032528 
0.011457 0.126862 0.013335 0.094088 0.029897 0.025886 0.025360 0.301402 0.020776 0.088158 0.053186 0.178866 0.030725 
0.033036 0.085750 0.063375 0.153319 0.032841 0.042039 0.062244 0.216316 0.015072 0.013013 0.003432 0.279409 0.000155 
0.058878 0.105388 0.000461 0.115489 0.098628 0.024398 0.270825 0.138173 0.038422 0.034999 0.005994 0.085630 0.022714 
0.103645 0.077811 0.009102 0.071585 0.040805 0.145247 0.017094 0.066310 0.023355 0.022596 0.062034 0.021161 0.339255 
0.046890 0.066345 0.021724 0.025488 0.037385 0.022195 0.150216 0.395332 0.002132 0.105310 0.055965 0.042378 0.028640 
0.028747 0.052561 0.053956 0.160492 0.104979 0.022552 0.023812 0.122799 0.309959 0.007739 0.011494 0.090545 0.010364 
0.030214 0.021454 0.035260 0.077049 0.030693 0.050312 0.013732 0.087913 0.029174 0.294579 0.258467 0.053964 0.017190 
0.014013 0.050958 0.021660 0.051003 0.014671 0.009859 0.101039 0.554817 0.012700 0.042449 0.002101 0.106018 0.018713 
0.013245 0.105029 0.269521 0.161528 0.021389 0.047121 0.005046 0.220120 0.000468 0.047413 0.001635 0.058355 0.049132 
0.223469 0.050454 0.030886 0.026371 0.204683 0.013818 0.170339 0.158837 0.032756 0.007337 0.040542 0.012639 0.027868 
0.099732 0.005712 0.014782 0.034822 0.227328 0.223567 0.035367 0.079293 0.030871 0.011380 0.039626 0.014591 0.182930 
0.119840 0.082219 0.002680 0.038820 0.197596 0.018262 0.295641 0.138566 0.028307 0.020969 0.013477 0.035454 0.008169 
0.001644 0.058117 0.041945 0.069263 0.064273 0.083182 0.013611 0.089196 0.005778 0.291651 0.178711 0.082307 0.020319 
0.065298 0.043899 0.052003 0.107133 0.035379 0.199419 0.057981 0.145959 0.129857 0.000576 0.007730 0.056523 0.098242 
0.069772 0.005374 0.000147 0.014086 0.069255 0.158724 0.459605 0.118448 0.019181 0.042933 0.000445 0.014169 0.027861 
0.056229 0.060323 0.000544 0.040643 0.098660 0.086785 0.020269 0.124218 0.392995 0.039272 0.004405 0.055799 0.019858 
0.001391 0.082409 0.033634 0.071196 0.002363 0.014751 0.084442 0.462071 0.002932 0.063133 0.002166 0.118303 0.061209 
0.001624 0.047927 0.044362 0.097942 0.031444 0.019924 0.066013 0.252404 0.050170 0.029226 0.002094 0.355848 0.001023 
0.042853 0.115603 0.316816 0.133785 0.013005 0.090893 0.032721 0.116609 0.016272 0.039698 0.002985 0.067926 0.010835 
0.029709 0.035560 0.024527 0.060881 0.028987 0.048331 0.348406 0.247734 0.001001 0.061432 0.001554 0.071006 0.040873 
0.072440 0.056724 0.017841 0.043804 0.202251 0.055216 0.002940 0.157559 0.275623 0.000531 0.007227 0.091011 0.016833 
0.018348 0.049256 0.033769 0.136892 0.095436 0.039714 0.023058 0.443719 0.042248 0.033875 0.004501 0.051508 0.027675 
0.050950 0.039386 0.012556 0.088387 0.023941 0.049786 0.394440 0.117333 0.014053 0.096635 0.038013 0.060971 0.013549 
0.034805 0.120104 0.232438 0.132112 0.031186 0.119204 0.004374 0.083806 0.054308 0.036727 0.025223 0.017621 0.108092 
0.007892 0.068829 0.000149 0.095876 0.045782 0.026182 0.035847 0.402271 0.033438 0.060782 0.006862 0.116951 0.099140 
0.016566 0.005615 0.010471 0.050803 0.028027 0.395584 0.059824 0.025482 0.011206 0.024267 0.046970 0.013446 0.311738 
0.097146 0.086205 0.013717 0.221108 0.086584 0.082083 0.008251 0.261318 0.006993 0.007532 0.000925 0.105594 0.022545 
0.001611 0.134484 0.280017 0.127142 0.014817 0.010549 0.044497 0.170435 0.057107 0.065182 0.009181 0.022873 0.062106 
0.036020 0.061029 0.073338 0.072398 0.028981 0.049006 0.202147 0.289656 0.024076 0.056162 0.003066 0.073065 0.031056 
0.076109 0.019896 0.000230 0.105215 0.023253 0.135034 0.039366 0.076776 0.027404 0.037291 0.059805 0.027879 0.371741 
0.017206 0.059778 0.025754 0.110654 0.020854 0.137622 0.030056 0.370924 0.024996 0.005886 0.016348 0.122038 0.057885 
0.322506 0.001009 0.003293 0.012337 0.533652 0.007678 0.001613 0.043901 0.061119 0.000578 0.005164 0.006358 0.000795 
0.220286 0.049890 0.000132 0.032812 0.478927 0.018060 0.026777 0.115452 0.013577 0.018180 0.004817 0.011589 0.009500 
0.018824 0.171578 0.143246 0.181511 0.021643 0.031702 0.016450 0.159015 0.013541 0.034719 0.000626 0.193558 0.013587 
0.043913 0.127832 0.030476 0.199312 0.046428 0.120504 0.071559 0.094873 0.013204 0.001043 0.018117 0.084635 0.148104 
0.143455 0.099328 0.064383 0.095846 0.212101 0.011278 0.003544 0.156690 0.033822 0.037187 0.005154 0.120262 0.016949 
0.067087 0.137553 0.040652 0.244955 0.037278 0.032430 0.073481 0.164131 0.016570 0.022105 0.001479 0.139132 0.023149 
0.044186 0.006583 0.004449 0.077479 0.009258 0.419036 0.048889 0.062178 0.000094 0.022205 0.048890 0.002656 0.254094 
0.164464 0.029144 0.043520 0.046998 0.304333 0.010895 0.015547 0.055089 0.229611 0.012921 0.043915 0.033519 0.010042 
0.032112 0.030482 0.024351 0.066712 0.075245 0.072156 0.024974 0.072201 0.011027 0.253977 0.294640 0.031990 0.010131 
0.057700 0.084344 0.060070 0.048922 0.093354 0.020985 0.052774 0.176522 0.211178 0.033007 0.042451 0.111012 0.007678 
0.001317 0.091660 0.018326 0.110273 0.012263 0.040498 0.085507 0.488893 0.001316 0.048310 0.000572 0.060603 0.040462 
0.124315 0.025205 0.012056 0.039854 0.247358 0.054390 0.006647 0.125217 0.288164 0.020028 0.001046 0.029472 0.026248 
0.006292 0.077379 0.026641 0.027203 0.034297 0.046920 0.072258 0.075133 0.017335 0.215558 0.143129 0.019968 0.237889 
0.016223 0.035054 0.009727 0.059535 0.088312 0.272135 0.030324 0.067631 0.145669 0.054008 0.070833 0.045811 0.104739 
0.063115 0.015291 0.000939 0.111664 0.137147 0.100940 0.231379 0.211247 0.014229 0.036800 0.018467 0.056739 0.002044 
0.005332 0.001627 0.001476 0.007643 0.145639 0.074533 0.011279 0.048911 0.649048 0.027415 0.008431 0.006950 0.011716 
0.027123 0.012745 0.008189 0.031190 0.001824 0.608396 0.027369 0.029790 0.004315 0.010781 0.006560 0.007203 0.224514 
0.051919 0.038202 0.006164 0.013113 0.009975 0.068660 0.415522 0.222651 0.007915 0.052893 0.000174 0.108791 0.004020 
0.022943 0.041904 0.034934 0.062617 0.019250 0.008602 0.364144 0.258167 0.002019 0.070913 0.007622 0.077925 0.028960 
0.009732 0.023786 0.067455 0.033391 0.028290 0.043413 0.000658 0.008069 0.007433 0.321370 0.402949 0.006513 0.046941 
0.016909 0.010884 0.000037 0.017435 0.136523 0.001493 0.000675 0.003065 0.807020 0.000323 0.002874 0.002255 0.000507 
0.087902 0.125165 0.106258 0.087847 0.107105 0.068632 0.129474 0.151652 0.028597 0.026493 0.002114 0.059654 0.019105 
0.001616 0.014520 0.000804 0.043238 0.138827 0.004454 0.004781 0.127194 0.410312 0.071389 0.051485 0.125586 0.005794 
0.000629 0.046851 0.067062 0.014201 0.030726 0.019280 0.018768 0.254466 0.000874 0.299176 0.200031 0.022032 0.025902 
0.001574 0.122376 0.160621 0.111014 0.002552 0.025638 0.052714 0.364932 0.010443 0.036138 0.000419 0.070288 0.041290 
0.011867 0.022744 0.000610 0.043394 0.033484 0.038329 0.073141 0.048353 0.003980 0.338170 0.316649 0.023207 0.046071 
0.016498 0.030491 0.009050 0.055902 0.021420 0.078275 0.140273 0.442175 0.023723 0.056493 0.008422 0.086974 0.030302 
0.057413 0.043288 0.037495 0.163836 0.002133 0.035630 0.040101 0.277699 0.025133 0.007755 0.020569 0.271935 0.017012 
0.032578 0.028534 0.000446 0.048163 0.023612 0.058118 0.449523 0.237330 0.022097 0.058404 0.000787 0.022622 0.017787 
0.001094 0.032013 0.018018 0.020159 0.011792 0.065203 0.002679 0.005500 0.014473 0.443820 0.352883 0.003628 0.028738 
0.050765 0.068072 0.098329 0.049065 0.028888 0.035939 0.084033 0.226251 0.000808 0.057658 0.000822 0.285761 0.013609 
0.019344 0.056805 0.007174 0.060368 0.009648 0.095624 0.194461 0.345717 0.048092 0.047325 0.000682 0.099825 0.014937 
0.034427 0.053574 0.060457 0.089196 0.044683 0.229757 0.035624 0.180589 0.016349 0.042181 0.025383 0.066617 0.121165 
0.057930 0.129760 0.147780 0.187442 0.104460 0.113861 0.003912 0.080493 0.010672 0.047939 0.043462 0.039421 0.032869 
0.037134 0.107076 0.072994 0.163439 0.011613 0.074677 0.039173 0.197375 0.038365 0.040350 0.002724 0.183038 0.032044 
0.011241 0.180304 0.279713 0.140161 0.020158 0.075980 0.003876 0.118047 0.027500 0.015512 0.007369 0.083555 0.036583 
0.030070 0.061304 0.012747 0.051776 0.016789 0.421670 0.010665 0.110419 0.002528 0.011002 0.050682 0.075165 0.145183 
0.055735 0.046352 0.001527 0.082828 0.106266 0.101242 0.063597 0.097425 0.123425 0.024107 0.062400 0.112592 0.122504 
0.109298 0.101180 0.036588 0.048414 0.281971 0.010618 0.010090 0.041853 0.053322 0.132838 0.119691 0.016010 0.038128 
0.055443 0.067560 0.014335 0.082182 0.018888 0.028301 0.389338 0.140360 0.007153 0.053781 0.001959 0.113242 0.027457 
0.000643 0.022741 0.034806 0.139835 0.002706 0.051699 0.066545 0.459814 0.021493 0.073225 0.006989 0.076383 0.043120 
0.118905 0.113215 0.045158 0.054332 0.298478 0.007800 0.022135 0.199443 0.030206 0.013862 0.015568 0.061639 0.019258 
0.081027 0.103414 0.022707 0.126772 0.075053 0.089491 0.056301 0.162875 0.015472 0.024516 0.029658 0.204688 0.008025 
0.057398 0.008946 0.000081 0.052987 0.010969 0.051687 0.452587 0.242763 0.002921 0.036910 0.007368 0.006560 0.068822 
0.137902 0.064832 0.021493 0.085767 0.267087 0.105761 0.029601 0.029476 0.033105 0.012005 0.011507 0.022740 0.178724 
0.033421 0.042384 0.013242 0.017387 0.012275 0.528447 0.010456 0.023772 0.071847 0.033178 0.025749 0.001052 0.186789 
0.085526 0.019124 0.000225 0.041614 0.002535 0.567709 0.041897 0.010783 0.004403 0.028486 0.051208 0.017855 0.128634 
0.202476 0.026615 0.020182 0.010953 0.404904 0.009689 0.003224 0.052696 0.054813 0.101472 0.092240 0.007144 0.013594 
0.026514 0.003635 0.000248 0.025417 0.052703 0.646270 0.015027 0.061473 0.004839 0.000927 0.031871 0.000639 0.130437 
0.064819 0.152639 0.238553 0.078969 0.104078 0.052512 0.026607 0.113171 0.033611 0.058976 0.024356 0.016699 0.035009 
0.012611 0.073920 0.103674 0.085585 0.003217 0.009474 0.084761 0.242119 0.059550 0.040046 0.064664 0.092359 0.128020 
0.017527 0.051137 0.046713 0.128840 0.072597 0.164040 0.012562 0.138131 0.005500 0.095578 0.045706 0.126517 0.095152 
0.054038 0.052934 0.030487 0.056355 0.032350 0.021349 0.402749 0.121606 0.006083 0.129986 0.042170 0.031655 0.018237 
0.032296 0.151450 0.293315 0.151770 0.001863 0.046032 0.019797 0.158074 0.037513 0.018668 0.003206 0.050723 0.035292 
0.028737 0.007841 0.000241 0.063362 0.115153 0.019452 0.003919 0.036253 0.596090 0.024325 0.010377 0.015434 0.078815 
0.027179 0.051283 0.007112 0.013394 0.034410 0.066368 0.444261 0.158110 0.042013 0.042091 0.002934 0.099605 0.011242 
0.015945 0.021409 0.005494 0.014620 0.095545 0.146614 0.020112 0.020327 0.480575 0.028005 0.046151 0.008224 0.096980 
0.041703 0.006193 0.000884 0.081866 0.012466 0.186694 0.023252 0.097989 0.053380 0.033434 0.058731 0.083340 0.320069 
0.115423 0.062620 0.058062 0.082049 0.125011 0.045829 0.045863 0.186337 0.021934 0.029441 0.004621 0.220249 0.002560 
0.043020 0.097835 0.021963 0.092267 0.039274 0.123797 0.007066 0.108955 0.007122 0.207650 0.187797 0.047881 0.015373 
0.057947 0.037001 0.021015 0.065733 0.115619 0.034958 0.140164 0.068446 0.283641 0.007655 0.001315 0.005851 0.160656 
0.033806 0.132482 0.006878 0.081661 0.084201 0.024420 0.138291 0.191287 0.033728 0.062630 0.015750 0.181022 0.013845 
0.073094 0.029898 0.001029 0.050109 0.082737 0.444742 0.007441 0.164648 0.016936 0.025264 0.013531 0.007231 0.083341 
0.176507 0.029157 0.000668 0.021827 0.340516 0.069911 0.001007 0.008814 0.008455 0.131887 0.195594 0.000369 0.015287 
0.023526 0.157661 0.223761 0.147786 0.038799 0.062732 0.034207 0.169079 0.012083 0.058675 0.006202 0.064286 0.001202 
0.037621 0.036679 0.000272 0.016124 0.079485 0.095871 0.089900 0.102907 0.341245 0.084209 0.057222 0.007508 0.050958 
0.072882 0.057129 0.008860 0.022895 0.119210 0.033467 0.041489 0.179769 0.328115 0.031942 0.043510 0.058990 0.001741 
0.021905 0.003878 0.000967 0.024630 0.102041 0.036728 0.003792 0.072823 0.586178 0.006687 0.008769 0.114486 0.017117 
0.060718 0.028464 0.000641 0.074720 0.033693 0.472213 0.043045 0.028323 0.080680 0.013236 0.021382 0.014266 0.128619 
0.036435 0.026940 0.000972 0.051892 0.026932 0.412890 0.019816 0.077111 0.005964 0.008055 0.065239 0.015690 0.252061 
0.167287 0.060576 0.001380 0.028039 0.372748 0.151091 0.003876 0.040667 0.013196 0.006125 0.017905 0.026155 0.110956 
0.013999 0.120003 0.219997 0.195294 0.029895 0.077147 0.003807 0.123753 0.006436 0.107366 0.019644 0.048717 0.033943 
0.012664 0.108117 0.230304 0.236357 0.002255 0.109201 0.014713 0.092025 0.001896 0.060276 0.007094 0.111876 0.013222 
0.046835 0.053595 0.006577 0.104735 0.028287 0.231286 0.076561 0.074940 0.019356 0.000505 0.088549 0.058720 0.210055 
0.066562 0.170920 0.042741 0.159244 0.075308 0.071849 0.041735 0.165517 0.006413 0.008190 0.021538 0.146124 0.023859 
0.001690 0.075997 0.039871 0.123370 0.028907 0.081930 0.031064 0.277878 0.014031 0.012273 0.008806 0.303408 0.000776 
0.032297 0.028040 0.001601 0.088940 0.003305 0.422412 0.003953 0.101749 0.024506 0.000866 0.080010 0.033071 0.179250 
0.039590 0.089415 0.021378 0.070298 0.030753 0.028119 0.031802 0.565706 0.001106 0.032023 0.002594 0.048581 0.038635 
0.013198 0.006781 0.034607 0.070326 0.055271 0.054826 0.001734 0.110239 0.047828 0.337223 0.252912 0.000917 0.014138 
0.013379 0.066112 0.036877 0.027360 0.021577 0.014107 0.006682 0.057752 0.004626 0.406298 0.277317 0.011883 0.056032 
0.000668 0.036881 0.036257 0.086307 0.016976 0.129000 0.091571 0.412719 0.001273 0.042722 0.010365 0.051977 0.083284 
0.004843 0.004995 0.000313 0.035829 0.146995 0.110352 0.006660 0.012314 0.550658 0.013110 0.045297 0.014819 0.053815 
0.000742 0.169543 0.025593 0.142896 0.002350 0.007572 0.106649 0.397457 0.021369 0.020020 0.005202 0.084353 0.016253 
0.080393 0.030830 0.040543 0.094125 0.018751 0.106730 0.043586 0.232546 0.011947 0.059694 0.048372 0.021807 0.210677 
0.062915 0.060191 0.002827 0.046438 0.017718 0.060553 0.232957 0.294475 0.021748 0.049476 0.000324 0.081278 0.069099 
0.041358 0.138802 0.055197 0.059457 0.029597 0.029395 0.017618 0.319313 0.009540 0.019005 0.003172 0.255067 0.022477 
0.035795 0.044898 0.038893 0.030318 0.144521 0.095387 0.021189 0.069450 0.032323 0.194662 0.183848 0.090632 0.018084 
0.180829 0.016423 0.017553 0.045070 0.200497 0.098383 0.002251 0.065630 0.143432 0.007403 0.040769 0.047483 0.134277 
0.000266 0.052391 0.029345 0.044709 0.050468 0.032937 0.004134 0.063635 0.023720 0.292841 0.318837 0.074882 0.011836 
0.037869 0.019182 0.001202 0.075997 0.050276 0.098557 0.034925 0.072407 0.002744 0.163590 0.184166 0.056534 0.202552 
0.004010 0.047111 0.054668 0.089130 0.021605 0.042299 0.038962 0.530813 0.030117 0.032036 0.002710 0.064576 0.041962 
0.038861 0.115986 0.020946 0.161855 0.044845 0.121895 0.091199 0.168236 0.019725 0.028964 0.025949 0.159968 0.001569 
0.257999 0.012616 0.018199 0.030345 0.429288 0.028704 0.000376 0.048396 0.108850 0.006037 0.002927 0.002044 0.054219 
0.001496 0.049854 0.001006 0.042149 0.079990 0.038547 0.001235 0.015505 0.158280 0.319997 0.279703 0.001617 0.010622 
0.059929 0.050372 0.026902 0.147383 0.093225 0.265136 0.050595 0.093140 0.080990 0.012226 0.001186 0.034294 0.084623 
0.017187 0.133346 0.256352 0.140922 0.032653 0.049070 0.021561 0.151536 0.002739 0.051265 0.006287 0.101844 0.035235 
0.092975 0.028315 0.062245 0.048657 0.233061 0.031817 0.025333 0.021825 0.053166 0.161780 0.211220 0.001159 0.028446 
0.062041 0.056710 0.018213 0.031794 0.028437 0.427465 0.002054 0.040771 0.024932 0.001143 0.018554 0.009213 0.278673 
0.053191 0.162641 0.000241 0.134137 0.048591 0.161041 0.098170 0.131702 0.025424 0.036392 0.015349 0.121071 0.012049 
0.009123 0.049570 0.001464 0.028612 0.059189 0.016700 0.020179 0.058949 0.083200 0.256832 0.311744 0.069802 0.034635 
0.031204 0.105417 0.024888 0.115235 0.028089 0.063728 0.004131 0.313909 0.003335 0.044413 0.000408 0.264516 0.000726 
0.026577 0.086076 0.009946 0.109296 0.073320 0.124909 0.025899 0.160994 0.021813 0.033901 0.031185 0.150495 0.145588 
0.008050 0.069021 0.015977 0.058088 0.018790 0.010678 0.021245 0.361585 0.006949 0.167876 0.128809 0.072485 0.060448 
