-412020.277419
0
0.005420 0.000000 0.000000 0.000000 0.083676 0.024179 0.015972 0.077799 0.008843 0.012028 0.000000 0.005271 0.000000 0.000000 0.000000 0.000000 0.000000 0.000000 0.000000 0.011667 0.000000 0.000000 0.017536 0.000000 0.000000 0.000000 0.000000 0.000000 0.055858 0.041755 0.013056 0.080504 0.010487 0.000000 0.000000 0.002778 0.000000 0.000000 0.012091 0.004749 0.000000 0.000000 0.000000 0.000000 0.000000 0.011800 0.000000 0.000000 0.000000 0.000000 0.000000 0.000000 0.036220 0.034737 0.000000 0.057949 0.034152 0.000000 0.000000 0.016272 0.000000 0.000000 0.000000 0.000000 0.000000 0.000000 0.000000 0.000000 0.000000 0.000000 0.037580 0.000000 0.000000 0.063887 0.000000 0.000000 0.036081 0.066206 0.010700 0.073464 0.000000 0.000000 0.000000 0.000000 0.000000 0.006453 0.000000 0.000000 0.000000 0.000000 0.000000 0.000000 0.000000 0.000000 0.030828 0.000000 
0.000000 0.000000 0.000000 0.000000 0.000000 0.000000 0.000000 0.000000 0.039949 0.017703 0.000000 0.014677 0.000000 0.003892 0.000000 0.000000 0.000000 0.002669 0.024605 0.000000 0.000000 0.000000 0.000000 0.000000 0.010625 0.031956 0.016019 0.088851 0.000000 0.000000 0.000000 0.000000 0.000000 0.004751 0.093415 0.000000 0.000000 0.004010 0.000000 0.000000 0.006873 0.000000 0.038426 0.000000 0.000000 0.007647 0.002928 0.013283 0.000000 0.007503 0.000000 0.009197 0.000000 0.007008 0.000000 0.000000 0.118389 0.137933 0.130076 0.089379 0.000000 0.003436 0.000000 0.000000 0.017619 0.006082 0.012664 0.000000 0.000000 0.000000 0.000000 0.003658 0.000000 0.000000 0.000000 0.000000 0.000000 0.000000 0.000000 0.000000 0.000000 0.000000 0.000000 0.000000 0.000000 0.000000 0.000000 0.000000 0.006926 0.000000 0.016806 0.000000 0.000000 0.000000 0.000000 0.011045 
0.003304 0.000000 0.000000 0.000000 0.000000 0.000000 0.000000 0.000000 0.022541 0.016430 0.343539 0.014853 0.000000 0.000000 0.000000 0.008804 0.000000 0.000000 0.000000 0.000000 0.000000 0.002917 0.000000 0.007246 0.000000 0.000000 0.000000 0.000000 0.000000 0.000000 0.000000 0.000000 0.014038 0.012870 0.153651 0.006120 0.000000 0.000000 0.000000 0.000000 0.000000 0.000000 0.000000 0.000000 0.000000 0.000000 0.000000 0.000000 0.000000 0.004689 0.000000 0.000000 0.000000 0.000000 0.000000 0.000000 0.020061 0.017700 0.179098 0.011341 0.000000 0.000000 0.000000 0.000000 0.006549 0.000000 0.000000 0.009524 0.000000 0.004126 0.000000 0.000000 0.000000 0.016971 0.000000 0.000000 0.000000 0.000000 0.000000 0.000000 0.000000 0.000000 0.119826 0.000000 0.000000 0.000000 0.000000 0.000000 0.000000 0.000000 0.003802 0.000000 0.000000 0.000000 0.000000 0.000000 
0.000000 0.000000 0.000000 0.020275 0.000000 0.000000 0.000000 0.000000 0.000000 0.000000 0.000000 0.000000 0.000000 0.000000 0.000000 0.000000 0.000000 0.000000 0.000000 0.000000 0.000000 0.000000 0.000000 0.000000 0.000000 0.000000 0.000000 0.000000 0.000000 0.000000 0.000000 0.000000 0.000000 0.000000 0.000000 0.000000 0.000000 0.000000 0.000000 0.000000 0.000000 0.000000 0.000000 0.000000 0.000000 0.000000 0.000000 0.000000 0.000000 0.000000 0.000000 0.000000 0.000000 0.000000 0.000000 0.000000 0.000000 0.013824 0.000000 0.027673 0.000000 0.000000 0.000000 0.000000 0.004686 0.000000 0.000000 0.000000 0.000000 0.010289 0.000000 0.000000 0.102010 0.000000 0.000000 0.738093 0.000000 0.000000 0.000000 0.000000 0.000000 0.000000 0.000000 0.083150 0.000000 0.000000 0.000000 0.000000 0.000000 0.000000 0.000000 0.000000 0.000000 0.000000 0.000000 0.000000 
0.000000 0.000000 0.000000 0.000000 0.000000 0.000000 0.000000 0.000000 0.000000 0.022140 0.000000 0.002872 0.000000 0.000000 0.000912 0.004233 0.000000 0.000000 0.000000 0.000000 0.000000 0.000000 0.001312 0.000000 0.000000 0.000000 0.000000 0.000000 0.000000 0.000000 0.000000 0.000000 0.089696 0.111835 0.020899 0.086609 0.000000 0.000000 0.000000 0.000000 0.000000 0.000000 0.000000 0.003072 0.000000 0.000457 0.000000 0.000000 0.000000 0.000000 0.000000 0.000000 0.000000 0.000000 0.000000 0.000000 0.000000 0.024066 0.000000 0.015732 0.000000 0.000000 0.000000 0.000000 0.000000 0.000000 0.000000 0.008868 0.000000 0.000000 0.001788 0.000000 0.000000 0.000000 0.000000 0.000000 0.000000 0.000000 0.000000 0.000000 0.096035 0.314549 0.109486 0.081195 0.000000 0.000000 0.000000 0.000000 0.000000 0.000000 0.000000 0.004242 0.000000 0.000000 0.000000 0.000000 
0.010108 0.000000 0.000000 0.000000 0.000000 0.010277 0.000000 0.000000 0.029687 0.020435 0.000000 0.025963 0.000000 0.008049 0.018926 0.000000 0.105275 0.045615 0.072435 0.072002 0.000000 0.000000 0.000000 0.000000 0.000000 0.000000 0.000000 0.000000 0.000000 0.000000 0.000000 0.000000 0.034040 0.013390 0.000000 0.018576 0.000000 0.000000 0.000000 0.000000 0.029700 0.048708 0.039815 0.043341 0.000000 0.000000 0.026965 0.000000 0.010118 0.000000 0.000000 0.012876 0.000000 0.000000 0.000000 0.000000 0.000000 0.000000 0.000000 0.008113 0.000000 0.000000 0.007666 0.000000 0.029827 0.031983 0.036015 0.038410 0.000000 0.000000 0.000000 0.000000 0.000000 0.000000 0.010082 0.000000 0.000000 0.000000 0.000000 0.000000 0.000000 0.000000 0.000000 0.000000 0.000000 0.000000 0.000000 0.000000 0.048696 0.042065 0.030624 0.000000 0.000000 0.016919 0.000000 0.003302 
0.045902 0.028653 0.052615 0.016388 0.004169 0.000000 0.000000 0.000000 0.006145 0.003338 0.000000 0.000000 0.000000 0.000000 0.003512 0.000000 0.000000 0.000000 0.004991 0.000000 0.000000 0.000000 0.000000 0.000000 0.062590 0.113046 0.017373 0.056901 0.009691 0.005844 0.008497 0.000000 0.025987 0.017155 0.000000 0.000000 0.000000 0.000000 0.053301 0.000000 0.006915 0.000000 0.012810 0.000000 0.000000 0.000000 0.004167 0.000000 0.059363 0.066211 0.058679 0.032858 0.004601 0.012963 0.016230 0.000000 0.000000 0.000000 0.000000 0.000000 0.007569 0.000000 0.009863 0.000000 0.000000 0.000000 0.002977 0.000000 0.000000 0.000000 0.000000 0.000000 0.039062 0.110044 0.019592 0.000000 0.000000 0.000000 0.000000 0.000000 0.000000 0.000000 0.000000 0.000000 0.000000 0.000000 0.000000 0.000000 0.000000 0.000000 0.000000 0.000000 0.000000 0.000000 0.000000 0.000000 
0.000000 0.000000 0.000000 0.000000 0.000000 0.000000 0.000000 0.000000 0.008775 0.000000 0.000000 0.001683 0.000000 0.000000 0.000000 0.000000 0.000000 0.000000 0.000000 0.000000 0.000000 0.000000 0.000000 0.000000 0.000000 0.000000 0.000000 0.000000 0.000000 0.000000 0.000000 0.000000 0.004448 0.000000 0.003226 0.000000 0.000000 0.000000 0.000000 0.000000 0.000000 0.000000 0.000000 0.000000 0.000000 0.000000 0.000000 0.000000 0.001559 0.000000 0.000000 0.000000 0.000000 0.000000 0.000000 0.000000 0.005947 0.000000 0.000000 0.000000 0.000000 0.000000 0.000000 0.000000 0.000000 0.000000 0.000000 0.000000 0.000000 0.000000 0.000000 0.000000 0.014647 0.005454 0.001596 0.000000 0.043087 0.000000 0.001450 0.075231 0.478815 0.054352 0.039076 0.260656 0.000000 0.000000 0.000000 0.000000 0.000000 0.000000 0.000000 0.000000 0.000000 0.000000 0.000000 0.000000 
0.000000 0.000000 0.000000 0.000000 0.000000 0.000000 0.000000 0.000000 0.000000 0.000000 0.000000 0.011214 0.000000 0.000000 0.000000 0.000000 0.000000 0.000000 0.000000 0.000000 0.000000 0.005694 0.003179 0.034095 0.000000 0.000000 0.000000 0.032445 0.000000 0.000000 0.000000 0.000000 0.000000 0.000000 0.000000 0.000000 0.000000 0.000000 0.000000 0.000000 0.000000 0.000000 0.000000 0.000000 0.000000 0.001242 0.007760 0.036685 0.000000 0.000000 0.000000 0.011052 0.000000 0.000000 0.000000 0.000000 0.000000 0.000000 0.031753 0.000000 0.000000 0.000000 0.000000 0.000000 0.000000 0.022388 0.007697 0.024289 0.000000 0.000000 0.000000 0.005792 0.000000 0.021683 0.006099 0.000000 0.000000 0.000000 0.000000 0.000000 0.000000 0.000000 0.524550 0.000000 0.000000 0.000000 0.000000 0.000000 0.003090 0.012796 0.010111 0.022846 0.000000 0.019521 0.000000 0.144019 
0.059912 0.061720 0.000000 0.055024 0.000000 0.004262 0.000000 0.000000 0.026473 0.000000 0.000000 0.021955 0.027783 0.018963 0.020527 0.028834 0.000000 0.000000 0.000000 0.000000 0.000000 0.000000 0.006819 0.000000 0.063580 0.039453 0.000000 0.043985 0.000000 0.003364 0.000000 0.000000 0.000000 0.000000 0.000000 0.040483 0.022012 0.038072 0.027023 0.047945 0.000000 0.006090 0.000000 0.000000 0.000000 0.000000 0.000000 0.000000 0.040104 0.031569 0.000000 0.037897 0.000000 0.000000 0.000000 0.000000 0.000000 0.000000 0.000000 0.000000 0.018061 0.016621 0.018442 0.031139 0.006264 0.000000 0.000000 0.000000 0.000000 0.000000 0.002169 0.000000 0.041418 0.000000 0.000000 0.000000 0.000000 0.000000 0.000000 0.000000 0.000000 0.000000 0.000000 0.000000 0.025202 0.020861 0.000000 0.045973 0.000000 0.000000 0.000000 0.000000 0.000000 0.000000 0.000000 0.000000 
0.000000 0.000000 0.000000 0.000000 0.000000 0.000000 0.000000 0.000000 0.000000 0.000000 0.000000 0.000000 0.019210 0.000000 0.000000 0.028813 0.000000 0.000000 0.000000 0.017203 0.054366 0.013660 0.007990 0.038786 0.000000 0.000000 0.000000 0.000000 0.000000 0.000000 0.000000 0.000000 0.000000 0.000000 0.000000 0.000000 0.007209 0.000000 0.000000 0.000000 0.018398 0.000000 0.009224 0.042164 0.035758 0.013186 0.015487 0.100317 0.000000 0.008367 0.000000 0.000000 0.000000 0.000000 0.000000 0.004391 0.000000 0.000000 0.000000 0.004069 0.000000 0.000000 0.000000 0.000000 0.000000 0.007048 0.004899 0.011808 0.012284 0.000000 0.007483 0.042408 0.023354 0.000000 0.000000 0.000000 0.000000 0.000000 0.000000 0.000000 0.000000 0.000000 0.000000 0.000000 0.031855 0.000000 0.056190 0.018170 0.008384 0.012340 0.002663 0.095627 0.080394 0.007612 0.022703 0.116183 
0.030137 0.024589 0.011441 0.000299 0.650422 0.059347 0.045098 0.015293 0.000000 0.141252 0.022121 
0.032005 0.023241 0.166960 0.296631 0.131240 0.076710 0.000216 0.019894 0.180113 0.042915 0.030074 
0.031470 0.061842 0.027510 0.259423 0.167379 0.079903 0.000246 0.048682 0.268347 0.036872 0.018327 
0.022234 0.377465 0.292172 0.022484 0.075131 0.063995 0.067303 0.002492 0.000000 0.030982 0.045741 
0.038034 0.214667 0.164666 0.063097 0.045661 0.097014 0.000186 0.001961 0.061862 0.268080 0.044771 
0.083080 0.144840 0.013186 0.046162 0.077071 0.215311 0.215940 0.001626 0.000001 0.116497 0.086286 
0.014403 0.033637 0.001442 0.130626 0.060840 0.002905 0.076799 0.619926 0.045947 0.010751 0.002724 
0.018331 0.053181 0.081267 0.028929 0.128285 0.097994 0.000181 0.272084 0.000000 0.144425 0.175323 
0.146568 0.071140 0.001686 0.023975 0.068982 0.173194 0.122120 0.058462 0.000000 0.220536 0.113336 
0.208212 0.007787 0.001273 0.024955 0.301186 0.157378 0.000131 0.027279 0.000000 0.187703 0.084094 
0.078233 0.096138 0.146369 0.059499 0.032195 0.084886 0.109535 0.027210 0.000001 0.301838 0.064096 
0.316047 0.020424 0.006972 0.050270 0.019491 0.150141 0.027502 0.015694 0.000000 0.256060 0.137400 
0.000714 0.039658 0.082736 0.000140 0.728355 0.059808 0.000051 0.032995 0.000000 0.016413 0.039130 
0.090332 0.054806 0.003229 0.061504 0.047693 0.240695 0.192214 0.009989 0.000000 0.266373 0.033165 
0.053669 0.207236 0.152605 0.074060 0.063843 0.084174 0.220619 0.014566 0.038193 0.069308 0.021726 
0.284039 0.038149 0.098052 0.015065 0.040593 0.188529 0.011000 0.006052 0.000001 0.232361 0.086159 
0.001322 0.048064 0.030802 0.308748 0.243491 0.028786 0.000152 0.004764 0.271058 0.041937 0.020876 
0.017022 0.039336 0.266832 0.027827 0.062037 0.069028 0.000203 0.373658 0.033236 0.078518 0.032304 
0.122264 0.059429 0.051634 0.065697 0.071294 0.272101 0.039287 0.017670 0.000001 0.140036 0.160587 
0.086858 0.042124 0.168148 0.034383 0.142859 0.115508 0.000160 0.124453 0.000001 0.232399 0.053107 
0.071955 0.042682 0.014750 0.026748 0.022158 0.187393 0.060743 0.026924 0.000000 0.175681 0.370965 
0.078966 0.044172 0.096370 0.048382 0.070656 0.089443 0.000204 0.161436 0.065331 0.282837 0.062203 
0.014343 0.305649 0.148684 0.019066 0.059331 0.080505 0.019398 0.012787 0.000000 0.273537 0.066698 
0.000206 0.092150 0.110878 0.151618 0.297995 0.030533 0.000191 0.011561 0.194032 0.086747 0.024090 
0.078907 0.224560 0.136815 0.028334 0.048097 0.154677 0.104445 0.012658 0.000000 0.128514 0.082993 
0.012389 0.093392 0.039738 0.013541 0.395001 0.081708 0.000124 0.028950 0.000001 0.104629 0.230528 
0.021375 0.543334 0.229969 0.006428 0.014492 0.070944 0.000162 0.020911 0.000001 0.070048 0.022337 
0.284655 0.062332 0.001123 0.020764 0.053632 0.232429 0.035299 0.053510 0.000000 0.185131 0.071125 
0.174657 0.081724 0.002667 0.083004 0.087515 0.233538 0.072814 0.023524 0.000000 0.157953 0.082603 
0.047558 0.085006 0.106076 0.071656 0.035387 0.175135 0.000121 0.003865 0.000000 0.138612 0.336583 
0.106532 0.030717 0.009144 0.222583 0.065630 0.088633 0.000172 0.014648 0.260693 0.143029 0.058218 
0.121123 0.085659 0.021625 0.037908 0.074155 0.282831 0.063121 0.032892 0.000000 0.174521 0.106164 
0.027577 0.043856 0.406678 0.025187 0.036923 0.174803 0.018701 0.048965 0.000001 0.155518 0.061792 
0.012758 0.004858 0.012095 0.009824 0.560966 0.004269 0.000088 0.379414 0.000000 0.015039 0.000689 
0.014376 0.082085 0.475096 0.066469 0.075045 0.171234 0.000152 0.018398 0.000000 0.050035 0.047109 
0.027519 0.100544 0.066651 0.007114 0.261869 0.092328 0.063243 0.025174 0.000000 0.311862 0.043695 
0.139062 0.172439 0.131890 0.013520 0.027031 0.038432 0.134452 0.204081 0.000000 0.137914 0.001179 
0.129545 0.003870 0.055211 0.080707 0.018482 0.141292 0.000150 0.012639 0.044367 0.445755 0.067982 
0.028188 0.049608 0.187617 0.263568 0.031662 0.069705 0.031745 0.017927 0.209396 0.106768 0.003815 
0.328132 0.009955 0.013911 0.035721 0.003776 0.229565 0.025890 0.007471 0.000000 0.273945 0.071634 
0.015207 0.026303 0.002075 0.166474 0.026346 0.024239 0.000079 0.630776 0.069007 0.025955 0.013540 
0.065036 0.032833 0.001686 0.057303 0.071771 0.032685 0.174205 0.493733 0.000000 0.062468 0.008280 
0.163309 0.085692 0.046098 0.024745 0.085316 0.246802 0.029648 0.009506 0.029402 0.199120 0.080362 
0.003936 0.582349 0.173506 0.010923 0.038927 0.040347 0.008176 0.058089 0.028625 0.044280 0.010842 
0.188939 0.039801 0.014650 0.005525 0.233269 0.185545 0.000120 0.059714 0.000000 0.175893 0.096545 
0.006634 0.005167 0.054213 0.232718 0.088828 0.156773 0.000146 0.034861 0.176875 0.025518 0.218268 
0.015705 0.058765 0.103364 0.179912 0.059290 0.096995 0.164763 0.046096 0.156188 0.080694 0.038228 
0.029954 0.013197 0.009932 0.006441 0.715039 0.108005 0.000072 0.022541 0.000000 0.076872 0.017946 
0.097803 0.225580 0.211260 0.011238 0.006409 0.072216 0.000182 0.000241 0.000001 0.297901 0.077170 
0.021392 0.004230 0.000874 0.000196 0.851524 0.029931 0.027988 0.006061 0.000001 0.033197 0.024607 
0.118243 0.002258 0.016781 0.159657 0.224124 0.071932 0.000171 0.001979 0.070276 0.276029 0.058550 
0.071605 0.352468 0.179834 0.027054 0.004510 0.128029 0.000184 0.042241 0.000001 0.183917 0.010157 
0.067751 0.020056 0.008084 0.054539 0.031347 0.096149 0.501219 0.000807 0.000001 0.204289 0.015757 
0.035634 0.380954 0.236287 0.007306 0.024507 0.033975 0.028638 0.211472 0.000000 0.040074 0.001153 
0.066911 0.004307 0.042213 0.058093 0.102897 0.133824 0.010122 0.296224 0.087147 0.157238 0.041024 
0.015273 0.110063 0.213654 0.038074 0.080972 0.129720 0.160776 0.016177 0.000000 0.185730 0.049562 
0.082658 0.067922 0.058181 0.000846 0.253718 0.148743 0.015186 0.033725 0.000000 0.195810 0.143211 
0.141544 0.022974 0.023904 0.065975 0.079137 0.107117 0.228177 0.000817 0.000000 0.253772 0.076582 
0.005124 0.284722 0.164219 0.108616 0.200378 0.049072 0.000163 0.012023 0.116226 0.027161 0.032298 
0.028650 0.422707 0.198518 0.021193 0.075863 0.134969 0.056689 0.006323 0.000001 0.041624 0.013462 
0.054354 0.045929 0.029541 0.027475 0.022201 0.168471 0.075823 0.029456 0.000000 0.102835 0.443914 
0.001453 0.295648 0.088638 0.020603 0.226671 0.038837 0.000148 0.217655 0.049711 0.031350 0.029285 
0.012380 0.332385 0.145966 0.069747 0.052772 0.114374 0.000210 0.105438 0.000001 0.025457 0.141271 
0.080585 0.003952 0.030499 0.047950 0.002859 0.100740 0.000167 0.017242 0.000000 0.413360 0.302646 
0.004823 0.052342 0.256579 0.129176 0.240933 0.074228 0.018959 0.011380 0.070531 0.098906 0.042144 
0.082375 0.215730 0.074877 0.044757 0.069027 0.085566 0.014099 0.179597 0.095011 0.074899 0.064063 
0.070054 0.052318 0.062015 0.078932 0.039770 0.249889 0.021110 0.010200 0.051855 0.188715 0.175142 
0.098615 0.048396 0.052069 0.157929 0.034385 0.121968 0.206292 0.010671 0.084604 0.129949 0.055123 
0.007345 0.006115 0.001230 0.000441 0.391893 0.118208 0.000152 0.299534 0.000001 0.093565 0.081517 
0.293343 0.019471 0.018783 0.034771 0.036848 0.124111 0.000115 0.082522 0.000001 0.276593 0.113444 
0.094562 0.090460 0.053738 0.019877 0.069283 0.278302 0.032563 0.020422 0.000001 0.270914 0.069879 
0.126887 0.362572 0.148954 0.026312 0.021047 0.111557 0.000227 0.042552 0.000000 0.103402 0.056491 
0.065335 0.015864 0.014822 0.057475 0.430189 0.030535 0.091031 0.164206 0.000001 0.067690 0.062853 
0.152302 0.007965 0.002467 0.028390 0.288475 0.024974 0.000169 0.354387 0.000001 0.095454 0.045416 
0.099100 0.007712 0.004705 0.031054 0.010854 0.096435 0.026092 0.436463 0.000001 0.245219 0.042365 
0.045952 0.060201 0.468566 0.012294 0.035525 0.132788 0.079971 0.016541 0.000001 0.113261 0.034900 
0.035665 0.019481 0.002358 0.012160 0.694360 0.031991 0.074552 0.004762 0.000000 0.082930 0.041740 
0.319875 0.031171 0.019712 0.016940 0.036831 0.113570 0.000251 0.004579 0.000000 0.359327 0.097745 
0.317438 0.034290 0.032551 0.031135 0.038802 0.129788 0.000177 0.031269 0.000000 0.314845 0.069705 
0.074132 0.278441 0.181035 0.040627 0.109467 0.118587 0.000184 0.006431 0.000000 0.121310 0.069786 
0.045022 0.006466 0.018425 0.033167 0.615027 0.048768 0.000101 0.081419 0.093612 0.021853 0.036142 
0.259995 0.003601 0.011634 0.042836 0.014227 0.190867 0.082105 0.012017 0.000000 0.319922 0.062796 
0.159056 0.039920 0.063302 0.083422 0.076461 0.108445 0.049326 0.062033 0.068140 0.129982 0.159914 
0.050135 0.139535 0.391110 0.008332 0.115476 0.151359 0.000188 0.000715 0.000001 0.131556 0.011593 
0.124858 0.034330 0.001392 0.037717 0.028083 0.039566 0.472658 0.000671 0.000000 0.260228 0.000497 
0.117976 0.026407 0.134223 0.035553 0.155203 0.049386 0.294182 0.001372 0.000001 0.181078 0.004620 
0.276541 0.034244 0.024251 0.025471 0.036347 0.222195 0.034220 0.038586 0.000000 0.207833 0.100311 
0.009498 0.348179 0.392492 0.009991 0.023602 0.070288 0.034783 0.002534 0.000000 0.057839 0.050792 
0.018696 0.083799 0.042904 0.282188 0.014988 0.123601 0.040947 0.000398 0.213610 0.135158 0.043712 
0.033614 0.099161 0.059045 0.277133 0.041061 0.145183 0.000164 0.008039 0.191674 0.067612 0.077312 
0.040546 0.151746 0.460170 0.019131 0.076688 0.077907 0.000149 0.027574 0.000000 0.123899 0.022190 
0.003665 0.025998 0.004489 0.025735 0.789898 0.059536 0.015830 0.005022 0.000001 0.062938 0.006889 
0.089114 0.011380 0.013134 0.251811 0.040304 0.079400 0.072102 0.001292 0.239748 0.184071 0.017646 
0.040108 0.011303 0.041876 0.039858 0.275791 0.090365 0.000188 0.053722 0.053077 0.355842 0.037871 
0.000628 0.482137 0.333018 0.011649 0.032635 0.087364 0.013160 0.003024 0.000001 0.025066 0.011317 
0.120919 0.009754 0.046577 0.023404 0.120300 0.183772 0.000152 0.057886 0.000000 0.364529 0.072705 
0.213172 0.204721 0.070756 0.000369 0.058285 0.148319 0.024816 0.026736 0.000001 0.135373 0.117453 
0.063977 0.032740 0.032281 0.028652 0.017403 0.202555 0.000167 0.000137 0.000000 0.205346 0.416742 
0.170383 0.052127 0.001269 0.061104 0.259015 0.191435 0.000168 0.004322 0.000001 0.178324 0.081852 
0.001175 0.066798 0.235791 0.008913 0.500251 0.080763 0.000128 0.030221 0.000001 0.068674 0.007284 
0.089650 0.074787 0.020874 0.026074 0.030280 0.091671 0.401639 0.014592 0.000000 0.198242 0.052192 
0.062222 0.025563 0.006031 0.018231 0.271659 0.044964 0.245955 0.110935 0.000000 0.206191 0.008248 
0.009529 0.040313 0.067047 0.012444 0.371824 0.079505 0.253531 0.056072 0.000000 0.107380 0.002355 
0.134495 0.013129 0.041043 0.049640 0.015384 0.123783 0.000108 0.108271 0.000001 0.193800 0.320347 
0.055773 0.005846 0.052351 0.034754 0.020216 0.100402 0.030100 0.125593 0.036566 0.481974 0.056424 
0.023858 0.051819 0.313973 0.183309 0.052803 0.107964 0.000143 0.013866 0.138630 0.059353 0.054281 
0.049275 0.069320 0.044064 0.013826 0.100400 0.044119 0.000192 0.633754 0.000000 0.024925 0.020123 
0.053344 0.016509 0.043400 0.153641 0.065668 0.089216 0.000166 0.003464 0.087321 0.433996 0.053275 
0.061513 0.003089 0.036328 0.258397 0.079755 0.111125 0.000138 0.017473 0.317161 0.036941 0.078079 
0.179599 0.007517 0.047263 0.097352 0.036829 0.193480 0.000200 0.022874 0.035660 0.298218 0.081008 
0.278008 0.037846 0.000574 0.013161 0.054175 0.215379 0.037431 0.014105 0.000000 0.222229 0.127092 
0.101068 0.018251 0.029019 0.035477 0.135770 0.197360 0.243789 0.042000 0.000001 0.166433 0.030832 
0.025610 0.096181 0.476648 0.025017 0.106610 0.132825 0.000168 0.014867 0.000000 0.068094 0.053980 
0.056534 0.012672 0.040471 0.105326 0.075812 0.086805 0.107488 0.001038 0.044939 0.411328 0.057588 
0.087918 0.014014 0.014601 0.007032 0.084547 0.190241 0.017187 0.353589 0.000000 0.124821 0.106050 
0.056340 0.038643 0.024137 0.286951 0.053475 0.069700 0.000205 0.028413 0.267729 0.098177 0.076230 
0.116900 0.004897 0.022382 0.041003 0.020346 0.076147 0.082810 0.013642 0.000000 0.555813 0.066061 
0.058011 0.035207 0.060400 0.045459 0.027152 0.184809 0.000143 0.000424 0.000000 0.211906 0.376487 
0.031798 0.010058 0.037440 0.006911 0.465628 0.056879 0.147945 0.006164 0.000001 0.170794 0.066384 
0.009421 0.187869 0.243527 0.011233 0.317004 0.057762 0.031554 0.035383 0.000001 0.080237 0.026009 
0.048585 0.011915 0.011381 0.021113 0.311539 0.104143 0.287034 0.023205 0.000000 0.150000 0.031084 
0.090212 0.068312 0.027398 0.288257 0.062079 0.095392 0.000185 0.007073 0.190357 0.085147 0.085589 
0.063205 0.189699 0.120659 0.000412 0.068024 0.146845 0.029938 0.130450 0.000000 0.154987 0.095781 
0.047423 0.159171 0.031257 0.043890 0.117125 0.022544 0.445691 0.013104 0.000000 0.112461 0.007334 
0.056975 0.075707 0.025598 0.039975 0.112233 0.130499 0.000197 0.420931 0.000000 0.129633 0.008253 
0.117650 0.007294 0.069868 0.063624 0.002082 0.141766 0.065420 0.001620 0.000000 0.445289 0.085388 
0.345265 0.011270 0.002008 0.028305 0.024488 0.136488 0.037618 0.062908 0.000000 0.269799 0.081850 
0.065590 0.093671 0.013055 0.037723 0.035052 0.205497 0.025168 0.013124 0.000000 0.099926 0.411193 
0.098512 0.040625 0.049152 0.059626 0.041539 0.065425 0.316250 0.000690 0.000000 0.264276 0.063905 
0.084982 0.033050 0.031359 0.001225 0.235866 0.105419 0.000134 0.315692 0.000000 0.149935 0.042337 
0.054920 0.008045 0.040260 0.038426 0.105291 0.179210 0.000159 0.053021 0.000000 0.455353 0.065314 
0.097341 0.028034 0.021890 0.094830 0.046576 0.157023 0.361182 0.010079 0.031666 0.126191 0.025189 
0.015932 0.109890 0.139664 0.037367 0.043665 0.182234 0.000136 0.059115 0.000001 0.075373 0.336621 
0.133677 0.007276 0.123551 0.059967 0.041225 0.147846 0.017884 0.041469 0.000000 0.407408 0.019696 
0.010440 0.348139 0.402458 0.024792 0.028923 0.074618 0.048306 0.014775 0.000000 0.031649 0.015900 
0.104282 0.083334 0.027057 0.007074 0.155189 0.288642 0.000145 0.002729 0.000000 0.275309 0.056238 
0.028638 0.007502 0.071732 0.061284 0.007538 0.179220 0.000261 0.063501 0.000001 0.185794 0.394529 
0.095561 0.026200 0.045429 0.060703 0.048949 0.117902 0.164292 0.021924 0.000000 0.298313 0.120726 
0.030167 0.068707 0.539549 0.037476 0.049933 0.134907 0.000178 0.025049 0.000001 0.109011 0.005023 
0.135040 0.084107 0.109969 0.010252 0.026182 0.140878 0.014108 0.026944 0.000000 0.371772 0.080749 
0.006574 0.003890 0.001035 0.000464 0.867913 0.014655 0.000087 0.052893 0.000000 0.046790 0.005698 
0.016189 0.005134 0.013737 0.018310 0.712241 0.091694 0.000215 0.007286 0.000001 0.129898 0.005295 
0.194236 0.025228 0.016479 0.036098 0.029916 0.248073 0.010656 0.014413 0.000000 0.150770 0.274130 
0.087784 0.097923 0.186460 0.000857 0.066864 0.260265 0.041600 0.013751 0.000000 0.103940 0.140556 
0.120476 0.005074 0.020886 0.036742 0.353445 0.177761 0.000128 0.025763 0.000000 0.142403 0.117322 
0.137224 0.027670 0.029427 0.022342 0.080884 0.324683 0.059953 0.009699 0.000000 0.170958 0.137159 
0.000976 0.372089 0.385661 0.022910 0.018352 0.109783 0.000275 0.000136 0.000001 0.081794 0.008024 
0.047105 0.008752 0.017307 0.013038 0.477463 0.054640 0.000252 0.245412 0.000001 0.061446 0.074584 
0.040825 0.064028 0.014044 0.261263 0.106224 0.064162 0.000243 0.010025 0.299617 0.076852 0.062717 
0.113762 0.017278 0.010386 0.033179 0.134618 0.110328 0.040232 0.229012 0.022774 0.172881 0.115551 
0.062106 0.026616 0.048038 0.050880 0.014467 0.178079 0.068873 0.000955 0.000000 0.482991 0.066995 
0.036550 0.045239 0.033641 0.020067 0.348710 0.055593 0.000163 0.309567 0.000000 0.117647 0.032821 
0.027656 0.019067 0.292944 0.213632 0.029746 0.073010 0.064945 0.021642 0.124327 0.077449 0.055583 
0.048189 0.256199 0.133509 0.052697 0.073041 0.100512 0.019230 0.171400 0.061173 0.062870 0.021180 
0.081090 0.094501 0.002857 0.037595 0.203811 0.108271 0.182627 0.010676 0.000000 0.225510 0.053062 
0.007344 0.064178 0.014934 0.027402 0.073478 0.003662 0.008625 0.738186 0.000000 0.053226 0.008964 
0.006802 0.608201 0.262132 0.010618 0.004277 0.044429 0.019645 0.004080 0.000000 0.028741 0.011074 
0.138767 0.063829 0.004973 0.053629 0.028376 0.054442 0.377918 0.004527 0.000000 0.247611 0.025929 
0.111526 0.003726 0.037763 0.069045 0.028371 0.078936 0.309053 0.001680 0.000001 0.278570 0.081329 
0.008741 0.024834 0.058995 0.322051 0.035832 0.026925 0.000044 0.007417 0.411308 0.004135 0.099718 
0.007455 0.000568 0.000779 0.000218 0.050061 0.026398 0.000054 0.911487 0.000000 0.001609 0.001371 
0.058757 0.067355 0.023620 0.027127 0.177638 0.162715 0.128858 0.026113 0.000000 0.135845 0.191972 
0.122859 0.001307 0.007019 0.072752 0.061674 0.063763 0.000125 0.494312 0.042855 0.130194 0.003141 
0.018103 0.006525 0.031452 0.287423 0.030220 0.024924 0.000180 0.000870 0.223635 0.270796 0.105871 
0.078629 0.013318 0.049445 0.035550 0.002618 0.182583 0.036817 0.010096 0.000000 0.345708 0.245235 
0.028017 0.021443 0.051974 0.344071 0.040526 0.053629 0.060290 0.003512 0.323117 0.058287 0.015135 
0.107395 0.073661 0.040354 0.055104 0.027002 0.094086 0.106124 0.026334 0.000001 0.452133 0.017806 
0.276798 0.023748 0.027214 0.010754 0.040067 0.197877 0.023908 0.016470 0.000001 0.281139 0.102024 
0.040020 0.055813 0.020648 0.060356 0.032235 0.078035 0.421379 0.022745 0.000000 0.257869 0.010901 
0.008857 0.035006 0.036413 0.445956 0.009980 0.041598 0.000111 0.016751 0.375513 0.003328 0.026487 
0.295294 0.021538 0.017843 0.054554 0.060037 0.108985 0.059133 0.000496 0.000000 0.217820 0.164299 
0.138449 0.090757 0.016919 0.048456 0.011576 0.105179 0.153946 0.049200 0.000000 0.359552 0.025967 
0.067746 0.210927 0.167701 0.041211 0.065484 0.136110 0.022239 0.017284 0.000001 0.178231 0.093067 
0.040090 0.101134 0.050067 0.048148 0.157947 0.243087 0.000136 0.009446 0.026538 0.072990 0.250416 
0.187067 0.067750 0.040061 0.040294 0.022725 0.248493 0.025685 0.038037 0.000000 0.189651 0.140236 
0.075859 0.078519 0.044865 0.014891 0.020790 0.186395 0.000127 0.031990 0.000001 0.105331 0.441233 
0.076851 0.418080 0.199166 0.010815 0.030246 0.128780 0.000162 0.001758 0.000001 0.102457 0.031685 
0.116028 0.066143 0.190400 0.026059 0.149661 0.087136 0.035208 0.138083 0.000001 0.114962 0.076319 
0.014751 0.003633 0.046060 0.133325 0.384554 0.098308 0.008752 0.062535 0.117190 0.038561 0.092333 
0.134143 0.015502 0.035202 0.053514 0.035396 0.164407 0.364541 0.005463 0.000000 0.159160 0.032671 
0.080642 0.014041 0.062475 0.082048 0.001955 0.130426 0.041947 0.020449 0.000000 0.489945 0.076072 
0.061272 0.002768 0.024574 0.013653 0.423413 0.127346 0.016179 0.034046 0.000001 0.185026 0.111723 
0.226785 0.077434 0.013772 0.028826 0.154203 0.230913 0.000247 0.006164 0.000001 0.183462 0.078192 
0.033714 0.047785 0.087151 0.035833 0.025972 0.052912 0.440123 0.001654 0.000000 0.267616 0.007239 
0.023807 0.092034 0.202974 0.011672 0.385118 0.145668 0.018375 0.034389 0.000000 0.036007 0.049955 
0.001626 0.502183 0.262744 0.039233 0.019660 0.045423 0.009441 0.073980 0.000000 0.015667 0.030043 
0.018685 0.546317 0.205566 0.029473 0.048637 0.104536 0.036692 0.000820 0.000001 0.008532 0.000740 
0.007582 0.003394 0.016522 0.101609 0.615426 0.026395 0.000140 0.053055 0.088453 0.050223 0.037201 
0.000374 0.618625 0.195355 0.000887 0.075420 0.035518 0.012318 0.004045 0.000001 0.056218 0.001238 
0.017050 0.055577 0.047437 0.056832 0.167192 0.143508 0.011547 0.034755 0.000001 0.103956 0.362144 
0.088235 0.003537 0.155246 0.038380 0.004888 0.106868 0.070698 0.061698 0.043622 0.245027 0.181800 
0.126008 0.135612 0.132462 0.093565 0.088764 0.158199 0.000170 0.006847 0.022185 0.126318 0.109871 
0.059390 0.015027 0.026472 0.134296 0.065137 0.085213 0.383425 0.002473 0.030473 0.133327 0.064766 
0.052510 0.046852 0.042071 0.017643 0.007003 0.229833 0.000225 0.036551 0.000000 0.143573 0.423739 
0.015774 0.004963 0.105490 0.024618 0.078382 0.051468 0.000099 0.655293 0.000000 0.045684 0.018229 
0.134868 0.053231 0.018079 0.042671 0.042228 0.056870 0.427110 0.045409 0.000000 0.165330 0.014203 
0.009784 0.137152 0.145163 0.027968 0.052169 0.045082 0.000256 0.552619 0.000001 0.022985 0.006822 
0.076863 0.145044 0.437680 0.033893 0.020034 0.103532 0.000178 0.055117 0.000001 0.100532 0.027128 
0.222177 0.039669 0.003490 0.028744 0.239706 0.133372 0.024757 0.008884 0.000000 0.190379 0.108821 
0.046348 0.105037 0.023900 0.208296 0.070364 0.194568 0.000170 0.004708 0.192327 0.101604 0.052679 
0.006602 0.026691 0.182668 0.007337 0.122167 0.092889 0.134631 0.314486 0.000000 0.077331 0.035198 
0.187065 0.006750 0.020932 0.067789 0.108477 0.194489 0.117025 0.040103 0.000001 0.189764 0.067605 
0.007597 0.448679 0.107738 0.024753 0.143760 0.082047 0.000182 0.012604 0.000000 0.167248 0.005392 
0.000169 0.067464 0.019009 0.132236 0.531523 0.040974 0.000069 0.003620 0.196330 0.005962 0.002645 
0.062330 0.061137 0.002155 0.058397 0.054526 0.195324 0.020373 0.013056 0.000001 0.164426 0.368276 
0.007876 0.076129 0.071056 0.084440 0.080937 0.065630 0.087407 0.371942 0.049477 0.103419 0.001687 
0.063037 0.030204 0.003031 0.032786 0.169933 0.102714 0.035542 0.357222 0.020890 0.168668 0.015973 
0.111672 0.033700 0.019704 0.006608 0.063510 0.020488 0.000122 0.649315 0.000000 0.076565 0.018315 
0.016488 0.481157 0.169233 0.012334 0.069889 0.126648 0.000293 0.080606 0.000000 0.035173 0.008177 
0.021007 0.404518 0.328040 0.007692 0.044932 0.063000 0.000192 0.004348 0.013745 0.088041 0.024486 
0.024918 0.131794 0.134936 0.006279 0.549449 0.095093 0.000142 0.010707 0.000001 0.032339 0.014344 
0.042926 0.056790 0.055143 0.113332 0.039696 0.213101 0.000122 0.006905 0.000001 0.119206 0.352781 
0.108254 0.110444 0.020243 0.058205 0.004606 0.233643 0.000170 0.001148 0.000001 0.095012 0.368274 
0.072993 0.176748 0.340066 0.000421 0.054044 0.191239 0.052083 0.017083 0.000001 0.076580 0.018742 
0.153065 0.067084 0.036325 0.008509 0.134209 0.276084 0.026260 0.002970 0.000001 0.163520 0.131973 
0.307221 0.049081 0.003359 0.023528 0.031497 0.186183 0.000155 0.016895 0.000001 0.283822 0.098259 
0.024301 0.384313 0.258410 0.000631 0.008045 0.142807 0.000132 0.024653 0.046341 0.106775 0.003591 
0.050409 0.023173 0.049332 0.032020 0.054917 0.124981 0.045928 0.000660 0.000000 0.542187 0.076392 
0.000506 0.027543 0.022177 0.333919 0.057348 0.071313 0.000087 0.056826 0.273892 0.116559 0.039831 
0.013796 0.005172 0.064268 0.408149 0.029697 0.067698 0.000188 0.003920 0.285419 0.049896 0.071798 
0.058641 0.094805 0.116309 0.045378 0.016051 0.110036 0.039400 0.000996 0.000000 0.448330 0.070054 
0.016556 0.090461 0.084513 0.012950 0.079687 0.050311 0.000147 0.644502 0.000001 0.018150 0.002724 
0.105937 0.003809 0.020192 0.019792 0.002170 0.264818 0.000231 0.022086 0.000001 0.468885 0.092080 
0.028532 0.092306 0.288766 0.056951 0.061137 0.129523 0.000347 0.005893 0.000001 0.252120 0.084425 
0.112073 0.053041 0.081530 0.049798 0.045872 0.102383 0.206130 0.015046 0.000000 0.284767 0.049360 
0.257900 0.024371 0.028912 0.019299 0.061676 0.157043 0.000130 0.005438 0.000000 0.293263 0.151967 
0.079249 0.070843 0.027624 0.205830 0.169340 0.064673 0.014470 0.043905 0.194634 0.069633 0.059800 
0.043873 0.094503 0.173507 0.006976 0.378943 0.054780 0.000103 0.138186 0.000001 0.064369 0.044759 
0.069249 0.015805 0.012074 0.288901 0.039563 0.066113 0.000119 0.036619 0.348312 0.066377 0.056867 
0.054518 0.069784 0.276164 0.167049 0.074982 0.066432 0.000225 0.001736 0.156252 0.105969 0.026889 
0.056102 0.028216 0.050798 0.031494 0.017214 0.130456 0.000223 0.036820 0.000000 0.551593 0.097084 
0.159525 0.107544 0.002787 0.028931 0.069489 0.302756 0.062960 0.020605 0.016167 0.159602 0.069634 
0.000842 0.015245 0.069325 0.005851 0.693306 0.041048 0.000034 0.099528 0.000000 0.047746 0.027075 
0.000808 0.022596 0.014397 0.324636 0.049114 0.090697 0.000092 0.190169 0.289746 0.013918 0.003826 
0.035003 0.264437 0.098133 0.012351 0.127156 0.172803 0.031153 0.087960 0.000000 0.113445 0.057557 
0.099897 0.037623 0.044668 0.051480 0.042116 0.228746 0.000148 0.001978 0.000000 0.148977 0.344365 
0.000645 0.015505 0.037489 0.164354 0.324924 0.064754 0.023459 0.059689 0.211635 0.023057 0.074489 
0.006374 0.432556 0.332197 0.000970 0.063050 0.078439 0.000132 0.020220 0.000000 0.024116 0.041947 
0.140289 0.151659 0.021939 0.040655 0.092313 0.271569 0.073516 0.022657 0.000001 0.151007 0.034396 
0.068666 0.007063 0.041943 0.250589 0.052334 0.069299 0.000229 0.099187 0.339928 0.063270 0.007491 
0.261541 0.032146 0.002022 0.056187 0.047237 0.237759 0.000127 0.001959 0.000000 0.307745 0.053278 
0.145978 0.089570 0.199730 0.034555 0.084512 0.188041 0.000161 0.028400 0.000001 0.168703 0.060347 
0.066426 0.004608 0.070099 0.164295 0.021011 0.115479 0.000195 0.007989 0.133697 0.370190 0.046009 
0.081466 0.103904 0.250414 0.031620 0.162104 0.110533 0.018926 0.035169 0.000001 0.145574 0.060291 
0.128321 0.107231 0.011231 0.270515 0.027534 0.063797 0.000254 0.000773 0.257692 0.094657 0.037996 
0.003565 0.401920 0.221323 0.011289 0.231956 0.059094 0.000148 0.006959 0.000001 0.038477 0.025268 
0.009584 0.000752 0.000720 0.000636 0.913454 0.024850 0.000134 0.002127 0.000000 0.040561 0.007183 
0.039726 0.069440 0.005006 0.173229 0.028282 0.160748 0.000143 0.000692 0.157996 0.074018 0.290720 
0.006482 0.050969 0.512581 0.109992 0.057832 0.054561 0.000209 0.028794 0.079477 0.087780 0.011321 
0.029454 0.002799 0.021045 0.036821 0.104588 0.070037 0.042679 0.630894 0.000000 0.060720 0.000963 
0.127577 0.060558 0.356929 0.020403 0.072818 0.136020 0.000176 0.006013 0.035550 0.148687 0.035268 
0.079654 0.028054 0.012811 0.117914 0.057715 0.105094 0.268248 0.001635 0.063571 0.247160 0.018145 
0.051117 0.007338 0.013029 0.033045 0.075611 0.022482 0.059700 0.632178 0.000001 0.082425 0.023073 
0.061398 0.005315 0.000708 0.044044 0.135346 0.041551 0.045942 0.604736 0.000000 0.060538 0.000422 
0.059715 0.061072 0.018040 0.025530 0.234015 0.067529 0.252455 0.012817 0.000000 0.259671 0.009156 
0.016286 0.219602 0.131542 0.000273 0.528997 0.023874 0.000172 0.037398 0.000000 0.028874 0.012981 
0.044103 0.050928 0.025864 0.051373 0.106224 0.147976 0.000095 0.224842 0.068520 0.155156 0.124920 
0.083247 0.069703 0.058074 0.023986 0.012855 0.150947 0.035527 0.016548 0.000001 0.135863 0.413250 
0.144495 0.060485 0.085982 0.129659 0.022169 0.105584 0.000155 0.080445 0.163850 0.115472 0.091704 
0.031642 0.009677 0.045227 0.000928 0.529263 0.055232 0.105431 0.057965 0.000000 0.146042 0.018592 
0.019330 0.007056 0.028921 0.063340 0.069326 0.009748 0.010679 0.712572 0.039072 0.021910 0.018047 
0.055310 0.054888 0.024229 0.023529 0.142799 0.170176 0.000253 0.000678 0.000001 0.105392 0.422746 
0.028943 0.345921 0.154926 0.031492 0.131547 0.116066 0.062558 0.023101 0.032843 0.058968 0.013634 
0.021443 0.143799 0.068000 0.011419 0.653246 0.052024 0.000157 0.019476 0.000000 0.020339 0.010096 
0.032705 0.397426 0.132876 0.026304 0.011550 0.080827 0.163350 0.000723 0.000001 0.137111 0.017129 
0.265118 0.020963 0.023788 0.001651 0.034962 0.124156 0.029455 0.204952 0.000000 0.201808 0.093148 
0.058060 0.251403 0.091447 0.027636 0.047173 0.046113 0.271888 0.110901 0.000001 0.065573 0.029807 
0.144507 0.069256 0.207506 0.023313 0.032986 0.186739 0.070327 0.011516 0.000001 0.213254 0.040596 
0.001099 0.247701 0.127992 0.115165 0.243147 0.079563 0.000233 0.003465 0.117450 0.061776 0.002408 
0.046123 0.190962 0.133874 0.020091 0.047891 0.041957 0.000125 0.454868 0.000000 0.033545 0.030563 
0.013115 0.110609 0.112110 0.011289 0.696315 0.009838 0.000151 0.018578 0.000000 0.027665 0.000330 
0.095871 0.010566 0.001511 0.295658 0.071488 0.081203 0.035416 0.103741 0.193369 0.055487 0.055689 
0.042430 0.003953 0.033258 0.077755 0.185238 0.128887 0.045995 0.167559 0.037697 0.187492 0.089735 
0.005099 0.000716 0.001369 0.000129 0.921774 0.013019 0.000415 0.010654 0.000001 0.028499 0.018327 
0.060318 0.254433 0.135054 0.034327 0.054849 0.244787 0.000246 0.028558 0.000001 0.122729 0.064699 
0.111158 0.021969 0.022069 0.032309 0.013070 0.058895 0.508092 0.002583 0.000000 0.187383 0.042471 
0.233023 0.057709 0.117039 0.035850 0.022119 0.228387 0.000216 0.024352 0.000001 0.205265 0.076039 
0.183498 0.008894 0.112788 0.021585 0.224906 0.130871 0.000196 0.090130 0.000001 0.189567 0.037564 
0.049137 0.052217 0.129692 0.020083 0.049043 0.138431 0.011818 0.001191 0.000000 0.124513 0.423875 
0.139142 0.077584 0.041241 0.000366 0.152395 0.145743 0.000143 0.237444 0.000000 0.131798 0.074143 
0.007448 0.575955 0.226104 0.012680 0.052855 0.005686 0.017973 0.056204 0.000000 0.042021 0.003072 
0.013395 0.001027 0.000803 0.005932 0.894401 0.021259 0.000057 0.001819 0.000000 0.031252 0.030054 
0.187797 0.062911 0.031977 0.060938 0.028544 0.139522 0.026435 0.081334 0.000000 0.309123 0.071420 
0.017892 0.119306 0.017096 0.048526 0.021601 0.191487 0.029086 0.016699 0.000000 0.082641 0.455666 
0.026875 0.226916 0.185365 0.027402 0.105688 0.115231 0.000197 0.228141 0.000001 0.080688 0.003497 
0.141610 0.031203 0.034912 0.048215 0.018126 0.134590 0.085952 0.000664 0.047118 0.308606 0.149005 
0.157347 0.018136 0.001333 0.036498 0.055090 0.063309 0.359005 0.212699 0.000000 0.074990 0.021593 
0.068059 0.036758 0.030487 0.043575 0.126354 0.027479 0.242778 0.295355 0.000000 0.121127 0.008028 
0.007563 0.006900 0.037070 0.173874 0.048252 0.178792 0.000155 0.091592 0.086466 0.075613 0.293723 
0.015752 0.148428 0.088716 0.171488 0.051013 0.052502 0.000146 0.010206 0.094907 0.165097 0.201745 
0.031379 0.206725 0.124108 0.011667 0.003283 0.110274 0.000142 0.013637 0.000001 0.254970 0.243812 
0.180011 0.044375 0.007915 0.025671 0.309440 0.103750 0.000231 0.079184 0.000001 0.158706 0.090716 
0.073258 0.049528 0.172333 0.008900 0.029537 0.137298 0.000124 0.017092 0.000001 0.358659 0.153270 
0.001997 0.006380 0.033189 0.282951 0.034754 0.073953 0.000218 0.000454 0.282914 0.076379 0.206812 
0.057447 0.052648 0.308891 0.032399 0.062782 0.241564 0.015019 0.019881 0.041448 0.120829 0.047091 
0.072649 0.008598 0.094826 0.020568 0.066458 0.117869 0.071961 0.028699 0.000000 0.420917 0.097455 
0.099156 0.029724 0.010370 0.122306 0.113293 0.102387 0.233840 0.034110 0.054768 0.131393 0.068652 
0.214687 0.008506 0.056291 0.028872 0.094938 0.223210 0.000118 0.020413 0.000000 0.240851 0.112113 
0.077426 0.048602 0.173415 0.025086 0.111227 0.195667 0.031164 0.006810 0.000000 0.090908 0.239692 
0.072538 0.157022 0.173481 0.040088 0.076230 0.120701 0.108396 0.022089 0.000000 0.188066 0.041388 
0.102384 0.171780 0.233456 0.012192 0.081238 0.204285 0.000161 0.000822 0.000000 0.129873 0.063808 
0.080196 0.022223 0.040122 0.070290 0.004635 0.165629 0.047550 0.015694 0.000000 0.478342 0.075318 
0.057278 0.098920 0.442581 0.037384 0.057016 0.161275 0.000215 0.035228 0.000000 0.091346 0.018757 
0.093182 0.017770 0.053055 0.030560 0.003622 0.193238 0.023818 0.029901 0.000000 0.461348 0.093506 
