-409935.214916
0
0.000000 0.000000 0.000000 0.000000 0.000000 0.000000 0.000000 0.000000 0.000000 0.022245 0.000000 0.000000 0.000000 0.000000 0.000000 0.000000 0.000000 0.000000 0.000000 0.000000 0.000000 0.000000 0.000000 0.000000 0.000000 0.000000 0.000000 0.000000 0.000000 0.000000 0.000000 0.000000 0.092912 0.111987 0.022358 0.087554 0.000000 0.000000 0.000000 0.000000 0.000000 0.000000 0.000000 0.000000 0.000000 0.000000 0.000000 0.000000 0.000000 0.000000 0.000000 0.000000 0.000000 0.000000 0.000000 0.000000 0.000000 0.022728 0.000000 0.015049 0.000000 0.000000 0.000000 0.000000 0.000000 0.000000 0.000000 0.008271 0.000000 0.000000 0.000000 0.000000 0.000000 0.000000 0.000000 0.000000 0.000000 0.000000 0.000000 0.000000 0.102839 0.322190 0.108131 0.083735 0.000000 0.000000 0.000000 0.000000 0.000000 0.000000 0.000000 0.000000 0.000000 0.000000 0.000000 0.000000 
0.049064 0.034095 0.025926 0.025408 0.007952 0.000000 0.001935 0.000000 0.010801 0.004406 0.000000 0.000000 0.000000 0.000000 0.006371 0.000000 0.000000 0.000000 0.006583 0.000000 0.000000 0.000000 0.000000 0.000000 0.061622 0.109163 0.010203 0.052452 0.009071 0.007291 0.013095 0.000000 0.020838 0.012118 0.000000 0.009526 0.004773 0.008309 0.044170 0.009484 0.004783 0.000000 0.008837 0.000000 0.000000 0.000000 0.003238 0.000000 0.052626 0.057814 0.028914 0.032175 0.005902 0.010712 0.007997 0.000000 0.000000 0.000000 0.000000 0.000000 0.009910 0.003518 0.013567 0.000000 0.003239 0.000000 0.002739 0.000000 0.000000 0.000000 0.000000 0.000000 0.043795 0.081739 0.014870 0.048563 0.000000 0.007011 0.001514 0.000000 0.000000 0.000000 0.000000 0.000000 0.000000 0.003377 0.008503 0.000000 0.000000 0.000000 0.000000 0.000000 0.000000 0.000000 0.000000 0.000000 
0.000000 0.000000 0.000000 0.000000 0.000000 0.000000 0.000000 0.000000 0.000001 0.000000 0.000000 0.000000 0.000000 0.000000 0.000000 0.021160 0.000000 0.000000 0.000000 0.006564 0.099250 0.008497 0.006282 0.046134 0.000000 0.000000 0.000000 0.000000 0.000000 0.000000 0.000000 0.000000 0.000000 0.000000 0.000000 0.000000 0.005065 0.000000 0.000000 0.000000 0.009755 0.000000 0.000000 0.030850 0.065278 0.016298 0.029050 0.159229 0.000000 0.009265 0.000000 0.000000 0.000000 0.000000 0.000000 0.003138 0.000000 0.000000 0.000000 0.000000 0.000000 0.000000 0.000000 0.000000 0.000000 0.000000 0.000000 0.000000 0.011991 0.000000 0.000000 0.049173 0.026638 0.000000 0.000000 0.034172 0.000000 0.000000 0.000000 0.000000 0.000000 0.000000 0.000000 0.000000 0.000000 0.000000 0.033935 0.000000 0.000000 0.000000 0.000000 0.045157 0.146766 0.000000 0.015868 0.120483 
0.000000 0.000000 0.000000 0.009843 0.000000 0.000000 0.000000 0.000000 0.000000 0.000000 0.000000 0.006247 0.000000 0.000000 0.000000 0.000000 0.000000 0.000000 0.000000 0.000000 0.000000 0.002891 0.001781 0.018538 0.000000 0.000000 0.000000 0.014553 0.000000 0.000000 0.000000 0.000000 0.000000 0.000000 0.000000 0.000000 0.000000 0.000000 0.000000 0.000000 0.000000 0.000000 0.000000 0.000000 0.000000 0.000000 0.004757 0.021071 0.000000 0.000000 0.000000 0.005635 0.000000 0.000000 0.000000 0.000000 0.000000 0.005055 0.015482 0.013448 0.000000 0.000000 0.000000 0.000000 0.002422 0.010930 0.003673 0.012372 0.000000 0.000000 0.000000 0.000000 0.050300 0.009643 0.003540 0.388632 0.000000 0.000000 0.000000 0.000000 0.000000 0.000000 0.252402 0.041471 0.000000 0.000000 0.000000 0.000000 0.001586 0.006531 0.005057 0.010783 0.000000 0.009941 0.001393 0.070023 
0.000000 0.000000 0.000000 0.000000 0.000000 0.000000 0.000000 0.000000 0.009058 0.000000 0.000000 0.002287 0.000000 0.000000 0.000000 0.000000 0.000000 0.000000 0.000000 0.000000 0.000000 0.000000 0.000000 0.000000 0.000000 0.000000 0.000000 0.000000 0.000000 0.000000 0.000000 0.000000 0.000000 0.000000 0.000000 0.000000 0.000000 0.000000 0.000000 0.000000 0.000000 0.000000 0.000000 0.000000 0.000000 0.000000 0.000000 0.000000 0.001792 0.000000 0.000000 0.000000 0.000000 0.000000 0.000000 0.000000 0.005650 0.000000 0.000000 0.000000 0.000000 0.000000 0.000000 0.000000 0.000000 0.000000 0.000000 0.000000 0.000000 0.000000 0.000000 0.000000 0.015343 0.004582 0.001303 0.000000 0.044825 0.000000 0.000000 0.077807 0.493073 0.049509 0.028021 0.266749 0.000000 0.000000 0.000000 0.000000 0.000000 0.000000 0.000000 0.000000 0.000000 0.000000 0.000000 0.000000 
0.010548 0.000000 0.000000 0.000000 0.068712 0.044352 0.012030 0.071247 0.016047 0.011373 0.000000 0.009442 0.000000 0.000000 0.000000 0.000000 0.000000 0.000000 0.000000 0.008526 0.000000 0.000000 0.015484 0.015739 0.000000 0.000000 0.000000 0.000000 0.045388 0.038459 0.000000 0.073724 0.009845 0.000000 0.000000 0.015058 0.000000 0.000000 0.008812 0.010983 0.000000 0.000000 0.000000 0.000000 0.000000 0.012652 0.029773 0.000000 0.000000 0.000000 0.000000 0.000000 0.028291 0.026721 0.000000 0.055661 0.031295 0.000000 0.000000 0.013983 0.000000 0.006886 0.002553 0.006769 0.000000 0.000000 0.000000 0.000000 0.005543 0.008758 0.048481 0.011846 0.000000 0.029027 0.003820 0.000000 0.033408 0.051220 0.009410 0.068412 0.000000 0.000000 0.000000 0.000000 0.000000 0.007431 0.000000 0.000000 0.000000 0.000000 0.000000 0.000000 0.000000 0.005142 0.017148 0.000000 
0.000000 0.000000 0.000000 0.000000 0.000000 0.000000 0.000000 0.000000 0.014571 0.017634 0.000000 0.014721 0.015649 0.000000 0.014796 0.000000 0.089394 0.034508 0.066524 0.060400 0.000000 0.008413 0.000000 0.000000 0.000000 0.000000 0.000000 0.000000 0.000000 0.000000 0.000000 0.000000 0.027899 0.011529 0.000000 0.000000 0.000000 0.000000 0.000000 0.000000 0.039940 0.041911 0.046298 0.067685 0.000000 0.000000 0.000000 0.000000 0.000000 0.000000 0.000000 0.000000 0.000000 0.000000 0.000000 0.000000 0.000000 0.009271 0.000000 0.019136 0.000000 0.000000 0.005379 0.000000 0.024906 0.035994 0.039364 0.048791 0.000000 0.000000 0.000000 0.000000 0.000000 0.000000 0.000000 0.000000 0.000000 0.000000 0.000000 0.000000 0.000000 0.000000 0.000000 0.000000 0.000000 0.000000 0.000000 0.000000 0.052469 0.052183 0.033315 0.044672 0.000000 0.017855 0.005760 0.039034 
0.000000 0.005819 0.000000 0.000000 0.000000 0.000000 0.000000 0.000000 0.020164 0.016304 0.419016 0.000000 0.000000 0.000000 0.000000 0.000000 0.008960 0.000000 0.000000 0.000000 0.000000 0.000000 0.000000 0.000000 0.000000 0.000000 0.000000 0.000000 0.000000 0.000000 0.000000 0.000000 0.018419 0.010920 0.161714 0.007148 0.000000 0.000000 0.000000 0.000000 0.000000 0.000000 0.000000 0.000000 0.000000 0.000000 0.000000 0.000000 0.000000 0.000000 0.000000 0.000000 0.000000 0.000000 0.000000 0.000000 0.000000 0.000000 0.187517 0.000000 0.000000 0.000000 0.000000 0.000000 0.000000 0.000000 0.000000 0.010379 0.000000 0.000000 0.000000 0.000000 0.000000 0.012914 0.000000 0.000000 0.000000 0.000000 0.000000 0.000000 0.000000 0.000000 0.120726 0.000000 0.000000 0.000000 0.000000 0.000000 0.000000 0.000000 0.000000 0.000000 0.000000 0.000000 0.000000 0.000000 
0.000000 0.000000 0.000000 0.000000 0.000000 0.000000 0.000000 0.000000 0.043374 0.019095 0.000000 0.025765 0.000000 0.004611 0.000000 0.006550 0.000000 0.004397 0.023862 0.000000 0.000000 0.000000 0.000000 0.000000 0.009320 0.027339 0.011755 0.076202 0.000000 0.000000 0.000000 0.000000 0.000000 0.007474 0.102637 0.004353 0.000000 0.004168 0.000000 0.000000 0.005215 0.000000 0.032365 0.000000 0.000000 0.007394 0.006087 0.016247 0.000000 0.008844 0.000000 0.009757 0.000000 0.005351 0.000000 0.000000 0.118713 0.128644 0.134398 0.084673 0.000000 0.003102 0.000000 0.000000 0.021895 0.005093 0.011181 0.000000 0.000000 0.002917 0.000000 0.000000 0.000000 0.000000 0.002142 0.000000 0.000000 0.000000 0.000000 0.000000 0.000000 0.000000 0.000000 0.000000 0.000000 0.000000 0.000000 0.000000 0.007352 0.000000 0.017729 0.000000 0.000000 0.000000 0.000000 0.000000 
0.048096 0.045250 0.000000 0.045847 0.000000 0.000000 0.000000 0.000000 0.026755 0.000000 0.005895 0.030352 0.027113 0.024794 0.022110 0.043386 0.011741 0.008646 0.002161 0.020077 0.000000 0.000000 0.010619 0.000000 0.041598 0.000000 0.000000 0.025179 0.000000 0.000000 0.000000 0.000000 0.000000 0.000000 0.000000 0.038871 0.021293 0.032113 0.015412 0.038117 0.000000 0.013208 0.000000 0.000000 0.000000 0.001379 0.000000 0.000000 0.031244 0.016237 0.000000 0.034784 0.000000 0.000000 0.000000 0.000000 0.000000 0.000000 0.000000 0.000000 0.013798 0.010351 0.012871 0.028003 0.008571 0.001022 0.000000 0.000000 0.000000 0.000000 0.000000 0.005283 0.041656 0.000000 0.000000 0.032766 0.000000 0.000000 0.000000 0.000000 0.000000 0.000000 0.000000 0.012587 0.042998 0.017910 0.014008 0.056781 0.002461 0.000000 0.000000 0.008002 0.000000 0.000000 0.008654 0.000000 
0.649412 0.091165 0.000315 0.000906 0.005217 0.040529 0.051574 0.007374 0.029082 0.124427 
0.127127 0.018206 0.000759 0.488565 0.020154 0.034905 0.073606 0.128167 0.050671 0.057838 
0.168601 0.040197 0.001175 0.528598 0.043951 0.040560 0.065883 0.022098 0.067525 0.021412 
0.073491 0.100017 0.031041 0.017174 0.002361 0.024346 0.060420 0.226453 0.443229 0.021466 
0.043976 0.065049 0.002462 0.123650 0.001321 0.049740 0.058134 0.127463 0.262039 0.266166 
0.073100 0.329895 0.035538 0.025841 0.001594 0.083759 0.237357 0.008531 0.137056 0.067329 
0.067897 0.088005 0.000336 0.182303 0.600985 0.022024 0.000697 0.000753 0.033330 0.003669 
0.129035 0.037490 0.115456 0.026063 0.260662 0.023558 0.120746 0.070482 0.057429 0.159080 
0.068275 0.236771 0.053139 0.001216 0.055323 0.177618 0.172328 0.000643 0.066836 0.167849 
0.291649 0.070807 0.020972 0.014119 0.023558 0.232446 0.161081 0.000638 0.007735 0.176996 
0.025912 0.243637 0.011792 0.056554 0.026501 0.080009 0.066523 0.106216 0.122374 0.260481 
0.016360 0.143638 0.083188 0.007157 0.017151 0.328323 0.145077 0.002936 0.018473 0.237698 
0.713992 0.000950 0.028074 0.000774 0.028896 0.002558 0.064291 0.072131 0.051942 0.036391 
0.044858 0.385705 0.011844 0.014138 0.010992 0.097280 0.200025 0.001434 0.058399 0.175325 
0.059840 0.349966 0.000224 0.097046 0.015232 0.038009 0.086059 0.137414 0.201267 0.014942 
0.038744 0.051298 0.028019 0.011382 0.003481 0.310443 0.175144 0.070960 0.065169 0.245361 
0.232621 0.005530 0.010272 0.564711 0.003740 0.010509 0.017088 0.016643 0.085421 0.053465 
0.071270 0.042690 0.022950 0.056829 0.361741 0.019892 0.063354 0.231554 0.073607 0.056113 
0.057920 0.120870 0.089181 0.061113 0.020968 0.109638 0.277329 0.028998 0.069998 0.163985 
0.136665 0.051990 0.001130 0.053795 0.116417 0.107619 0.101523 0.129105 0.071319 0.230436 
0.022408 0.122757 0.285934 0.001426 0.025862 0.069165 0.214304 0.009712 0.043989 0.204443 
0.073183 0.101135 0.023829 0.094411 0.155389 0.080839 0.084853 0.084449 0.058444 0.243469 
0.058482 0.070923 0.017233 0.003320 0.010330 0.015858 0.067754 0.120274 0.338233 0.297594 
0.299121 0.047602 0.001540 0.346264 0.006450 0.001248 0.036017 0.091420 0.113113 0.057223 
0.046909 0.187926 0.042616 0.012503 0.012150 0.082736 0.165740 0.102437 0.246017 0.100966 
0.389531 0.014388 0.170901 0.010837 0.018329 0.030131 0.119399 0.030568 0.098429 0.117488 
0.013413 0.022998 0.012100 0.014472 0.018458 0.025256 0.072550 0.171590 0.595964 0.053198 
0.051914 0.123884 0.015758 0.001416 0.052596 0.327377 0.235820 0.000357 0.052791 0.138087 
0.076291 0.176801 0.028793 0.060169 0.024996 0.198544 0.194673 0.000884 0.086502 0.152347 
0.033585 0.015086 0.247776 0.051265 0.003516 0.067187 0.172828 0.070060 0.122096 0.216600 
0.062925 0.048578 0.008275 0.484040 0.011581 0.118271 0.096926 0.005792 0.035680 0.127931 
0.068804 0.121742 0.038229 0.020538 0.031624 0.144664 0.271701 0.013627 0.087728 0.201342 
0.038310 0.057308 0.034415 0.036675 0.046050 0.024447 0.150674 0.345721 0.103729 0.162671 
0.560921 0.003075 0.000118 0.008177 0.362031 0.024579 0.004133 0.011012 0.005644 0.020310 
0.074246 0.014435 0.000454 0.101882 0.016001 0.026874 0.160969 0.373630 0.155617 0.075893 
0.256682 0.134284 0.018112 0.001508 0.019087 0.036256 0.092655 0.049251 0.117354 0.274810 
0.030384 0.215920 0.000127 0.001174 0.199410 0.138850 0.012515 0.099611 0.208418 0.093590 
0.018586 0.095332 0.025736 0.096352 0.010684 0.143495 0.100813 0.042017 0.008393 0.458592 
0.031397 0.080810 0.000267 0.462748 0.017891 0.027611 0.056627 0.159245 0.079180 0.084223 
0.003324 0.133610 0.010077 0.002187 0.007095 0.366284 0.182989 0.007682 0.008261 0.278491 
0.042609 0.002629 0.007545 0.238616 0.607277 0.021142 0.011920 0.000842 0.036167 0.031252 
0.075846 0.250077 0.000192 0.039253 0.475553 0.071771 0.014457 0.000802 0.040394 0.031655 
0.086834 0.087535 0.000382 0.032971 0.004689 0.194266 0.258628 0.031676 0.095556 0.207462 
0.038255 0.013361 0.000768 0.043366 0.055860 0.013864 0.029052 0.140686 0.625839 0.038949 
0.230859 0.018216 0.045794 0.001150 0.054430 0.214691 0.160274 0.008085 0.055652 0.210847 
0.088166 0.004313 0.135448 0.411393 0.033851 0.013340 0.207287 0.048207 0.005174 0.052822 
0.060578 0.241437 0.022994 0.324530 0.044160 0.013172 0.084647 0.080401 0.085188 0.042894 
0.700487 0.002917 0.004335 0.002454 0.016477 0.036578 0.090727 0.006181 0.025926 0.113920 
0.005163 0.070983 0.031126 0.003781 0.000208 0.097524 0.070478 0.167164 0.266139 0.287433 
0.825959 0.046234 0.000526 0.001076 0.003619 0.020437 0.068546 0.000560 0.003469 0.029575 
0.204126 0.080277 0.013289 0.234677 0.001676 0.117538 0.062977 0.009994 0.003925 0.271520 
0.003997 0.056341 0.000356 0.036998 0.040009 0.057113 0.116761 0.136085 0.380093 0.172247 
0.026474 0.669326 0.000107 0.015291 0.001068 0.057725 0.064148 0.001833 0.029969 0.134059 
0.026667 0.052392 0.000174 0.002484 0.205525 0.035046 0.015174 0.208021 0.425587 0.028930 
0.112235 0.021304 0.018311 0.124559 0.285931 0.077685 0.120966 0.038756 0.007598 0.192656 
0.082472 0.265229 0.008536 0.011203 0.014929 0.028435 0.102896 0.181820 0.153131 0.151349 
0.246652 0.045568 0.052625 0.000623 0.026624 0.102704 0.186486 0.039587 0.081018 0.218113 
0.074285 0.373898 0.026931 0.026792 0.000714 0.149809 0.099709 0.016355 0.030950 0.200556 
0.191592 0.013203 0.000920 0.235733 0.010421 0.011920 0.063973 0.136141 0.318255 0.017842 
0.072612 0.074588 0.000243 0.029184 0.005574 0.033044 0.139402 0.143211 0.461341 0.040799 
0.021377 0.107238 0.306892 0.002591 0.028740 0.067377 0.234997 0.024129 0.041272 0.165386 
0.240945 0.008186 0.031023 0.053881 0.204472 0.002720 0.039293 0.081844 0.299980 0.037656 
0.048426 0.015247 0.079017 0.104972 0.101968 0.014474 0.108428 0.110694 0.359375 0.057400 
0.002596 0.034816 0.206991 0.004202 0.015289 0.092332 0.103885 0.022175 0.008103 0.509611 
0.235857 0.036757 0.029887 0.217141 0.011562 0.002306 0.046864 0.204547 0.100817 0.114263 
0.076375 0.035448 0.046055 0.113998 0.170999 0.096744 0.098691 0.063375 0.233119 0.065196 
0.039013 0.076006 0.098799 0.119806 0.007714 0.086086 0.252497 0.048192 0.060625 0.211262 
0.029988 0.299271 0.009317 0.225231 0.011571 0.094179 0.114699 0.037539 0.058680 0.119527 
0.395428 0.029885 0.035253 0.001520 0.285598 0.014551 0.136187 0.000619 0.007811 0.093148 
0.032650 0.026256 0.020137 0.029688 0.078372 0.339947 0.130654 0.011214 0.019104 0.311976 
0.072864 0.087886 0.032915 0.005690 0.015197 0.121832 0.249722 0.037324 0.107098 0.269473 
0.018723 0.058448 0.027615 0.007360 0.042861 0.154625 0.090488 0.113680 0.390838 0.095362 
0.411676 0.116079 0.021864 0.086366 0.158026 0.059537 0.033631 0.009495 0.016651 0.086677 
0.283553 0.025113 0.008330 0.050998 0.340269 0.169138 0.020985 0.001342 0.011737 0.088535 
0.013498 0.061751 0.013363 0.029484 0.417808 0.113340 0.083501 0.002532 0.018855 0.245867 
0.038004 0.117602 0.009688 0.007935 0.013704 0.052399 0.121346 0.399392 0.122884 0.117046 
0.677882 0.119281 0.012095 0.003325 0.002856 0.042886 0.048579 0.001085 0.020824 0.071187 
0.032641 0.156194 0.042003 0.001002 0.003811 0.337343 0.126273 0.013996 0.021239 0.265499 
0.036454 0.122050 0.018000 0.007068 0.030861 0.313130 0.120187 0.023171 0.038110 0.290969 
0.101684 0.061872 0.018356 0.045774 0.006537 0.070714 0.135138 0.129402 0.317783 0.112740 
0.628667 0.003663 0.023056 0.084379 0.066348 0.070185 0.066696 0.014229 0.011579 0.031197 
0.013941 0.185000 0.017453 0.002025 0.011116 0.290295 0.156059 0.006418 0.006475 0.311219 
0.072511 0.084835 0.086824 0.145240 0.059466 0.166146 0.130813 0.049663 0.048202 0.156300 
0.113702 0.052035 0.000242 0.004234 0.000530 0.051601 0.123129 0.337729 0.196922 0.119877 
0.028107 0.683712 0.000066 0.000666 0.000817 0.099818 0.025169 0.000633 0.039074 0.121937 
0.149709 0.422870 0.000130 0.009567 0.001208 0.111781 0.037398 0.110365 0.048487 0.108485 
0.036827 0.107107 0.045912 0.005243 0.035969 0.303646 0.201227 0.019145 0.029629 0.215296 
0.023541 0.063722 0.039993 0.009202 0.001842 0.005289 0.085756 0.309128 0.408228 0.053300 
0.014699 0.078723 0.014181 0.478199 0.000330 0.024040 0.098643 0.029130 0.097497 0.164558 
0.041577 0.028351 0.030250 0.476857 0.006774 0.039521 0.160281 0.042205 0.108440 0.065746 
0.077056 0.032308 0.000274 0.018424 0.025466 0.035985 0.082607 0.393485 0.216604 0.117791 
0.763931 0.027147 0.000447 0.044305 0.002901 0.015836 0.053106 0.001544 0.028388 0.062395 
0.039764 0.138491 0.008009 0.462894 0.001059 0.085165 0.068648 0.005488 0.021521 0.168961 
0.274909 0.091102 0.018832 0.065935 0.048379 0.041180 0.064401 0.031360 0.030757 0.333146 
0.031124 0.024635 0.003942 0.020672 0.002589 0.010370 0.073580 0.281901 0.525510 0.025677 
0.120912 0.103606 0.014217 0.001963 0.049966 0.140536 0.138601 0.036628 0.021093 0.372478 
0.056419 0.059374 0.060702 0.001294 0.024940 0.231786 0.138908 0.053801 0.227228 0.145549 
0.016751 0.016142 0.303944 0.001240 0.000105 0.085389 0.232589 0.021962 0.036881 0.284998 
0.242887 0.083288 0.026292 0.060001 0.003613 0.180694 0.193224 0.000490 0.044141 0.165371 
0.491634 0.006267 0.000699 0.014782 0.023442 0.010125 0.068392 0.189204 0.104839 0.090615 
0.029290 0.537071 0.013777 0.001707 0.014687 0.089913 0.097008 0.017064 0.075805 0.123679 
0.279926 0.365748 0.000061 0.001453 0.101267 0.078445 0.026242 0.002482 0.032062 0.112313 
0.365426 0.323931 0.000143 0.001186 0.050660 0.020066 0.070349 0.045265 0.063110 0.059863 
0.010984 0.016510 0.214041 0.038377 0.102761 0.171151 0.150829 0.025220 0.023502 0.246627 
0.023203 0.144715 0.014032 0.054314 0.117976 0.054987 0.070564 0.039999 0.014439 0.465771 
0.055415 0.013833 0.027104 0.333319 0.012428 0.027284 0.110393 0.259646 0.093753 0.066825 
0.105520 0.023220 0.001531 0.020530 0.618736 0.053246 0.043771 0.038972 0.072764 0.021711 
0.061683 0.089533 0.021476 0.224101 0.002255 0.056481 0.059217 0.028271 0.031954 0.425028 
0.082905 0.030690 0.053546 0.562755 0.012249 0.067809 0.119477 0.034444 0.004476 0.031650 
0.033630 0.091324 0.015441 0.117693 0.020516 0.210198 0.154360 0.030334 0.014307 0.312198 
0.051900 0.098458 0.055477 0.001814 0.011689 0.307731 0.226194 0.000188 0.029939 0.216609 
0.134265 0.357606 0.000238 0.006961 0.042035 0.090350 0.202377 0.025804 0.014490 0.125875 
0.108791 0.014216 0.016065 0.031669 0.012421 0.029537 0.141901 0.374706 0.169766 0.100928 
0.068387 0.303386 0.023950 0.124053 0.000799 0.050091 0.076633 0.027655 0.020947 0.304099 
0.096616 0.050969 0.056724 0.002151 0.338972 0.091885 0.176394 0.011266 0.017187 0.157836 
0.050972 0.037974 0.033493 0.551714 0.026619 0.065813 0.077109 0.016001 0.046260 0.094045 
0.018416 0.263045 0.024431 0.004696 0.013674 0.113710 0.057353 0.014378 0.009933 0.480363 
0.026246 0.026306 0.286194 0.010888 0.000338 0.068906 0.214691 0.047586 0.046761 0.272083 
0.449836 0.241399 0.036779 0.001537 0.008040 0.018627 0.078948 0.029992 0.016170 0.118673 
0.308374 0.034677 0.015509 0.017802 0.031559 0.035834 0.026774 0.175897 0.255527 0.098047 
0.306075 0.384785 0.005912 0.003652 0.020276 0.056551 0.105215 0.008291 0.016589 0.092654 
0.061007 0.040194 0.052559 0.485003 0.006125 0.108380 0.075813 0.018595 0.076432 0.075893 
0.071177 0.080337 0.048164 0.000713 0.124088 0.074378 0.126751 0.097151 0.219418 0.157823 
0.110454 0.580335 0.000133 0.001261 0.016594 0.025368 0.011812 0.023738 0.173826 0.056478 
0.124013 0.060158 0.000232 0.035833 0.407426 0.056269 0.110557 0.019698 0.073686 0.112127 
0.001642 0.138437 0.032593 0.013068 0.000865 0.123563 0.103015 0.056892 0.014588 0.515337 
0.023522 0.113971 0.042508 0.006495 0.057636 0.369270 0.096955 0.000884 0.015336 0.273423 
0.034546 0.060671 0.340840 0.008452 0.012950 0.080218 0.225840 0.009018 0.091068 0.136397 
0.040893 0.457641 0.023896 0.007863 0.000712 0.083638 0.075141 0.038657 0.051162 0.220396 
0.249010 0.023322 0.019053 0.000783 0.297973 0.109304 0.085576 0.017817 0.040090 0.157073 
0.108976 0.083783 0.036869 0.005035 0.042512 0.084055 0.095703 0.026645 0.024752 0.491671 
0.046212 0.547056 0.013856 0.089581 0.010978 0.088377 0.111525 0.015474 0.039366 0.037575 
0.043090 0.010073 0.253117 0.034858 0.055744 0.033364 0.222993 0.113173 0.121257 0.112330 
0.037737 0.077715 0.000142 0.033675 0.038593 0.119958 0.110842 0.101271 0.020860 0.459208 
0.028906 0.061879 0.010916 0.041469 0.012770 0.018273 0.050784 0.315280 0.432688 0.027035 
0.150317 0.055905 0.010693 0.000632 0.001584 0.117309 0.254682 0.018387 0.089905 0.300586 
0.008203 0.089511 0.310853 0.045998 0.063185 0.025197 0.213757 0.061648 0.007759 0.173889 
0.046540 0.317731 0.079944 0.015290 0.022577 0.089499 0.096398 0.029687 0.044058 0.258277 
0.055706 0.030206 0.000251 0.055697 0.021456 0.037140 0.078947 0.412635 0.179502 0.128459 
0.028603 0.048044 0.026178 0.001178 0.023374 0.169423 0.123436 0.064995 0.122031 0.392738 
0.869554 0.007367 0.003642 0.000794 0.045760 0.007175 0.011195 0.000535 0.010683 0.043294 
0.701560 0.061086 0.000294 0.020154 0.003986 0.012145 0.076609 0.008219 0.009943 0.106004 
0.029208 0.031885 0.170444 0.005275 0.013969 0.220679 0.280780 0.011225 0.022431 0.214104 
0.065913 0.082473 0.042231 0.001256 0.010575 0.105532 0.292614 0.153279 0.122454 0.123673 
0.345497 0.026034 0.061040 0.035031 0.022446 0.131506 0.184320 0.015980 0.007395 0.170750 
0.078368 0.090557 0.047954 0.002298 0.006343 0.174438 0.311523 0.021287 0.028241 0.238992 
0.017654 0.042718 0.000364 0.026471 0.000088 0.001694 0.073187 0.305032 0.451755 0.081037 
0.476353 0.028635 0.058685 0.015740 0.232467 0.045897 0.049425 0.012032 0.011437 0.069329 
0.105510 0.043169 0.027914 0.543229 0.008581 0.040098 0.069799 0.009574 0.066937 0.085189 
0.136254 0.107839 0.071672 0.045372 0.218883 0.126846 0.112704 0.006698 0.017532 0.156201 
0.013474 0.220004 0.015817 0.002544 0.000693 0.066334 0.153170 0.033850 0.035583 0.458531 
0.345259 0.023238 0.014117 0.008039 0.298440 0.036436 0.033945 0.025110 0.062781 0.152633 
0.029631 0.104725 0.034871 0.356886 0.021853 0.023474 0.070079 0.243866 0.053232 0.061384 
0.075704 0.054973 0.008336 0.102644 0.166383 0.047270 0.104308 0.116210 0.279830 0.044341 
0.196467 0.346005 0.000306 0.012905 0.010980 0.065830 0.115254 0.001480 0.089631 0.161140 
0.078600 0.018682 0.000418 0.038177 0.713057 0.012156 0.004755 0.011838 0.070333 0.051983 
0.004185 0.035344 0.013429 0.011331 0.003939 0.009222 0.030375 0.211150 0.657808 0.023217 
0.025072 0.609084 0.007648 0.001208 0.007574 0.117662 0.050234 0.002027 0.069652 0.109839 
0.024753 0.511367 0.043156 0.025836 0.001493 0.092614 0.069047 0.031136 0.006450 0.194147 
0.036475 0.001095 0.076840 0.728260 0.004618 0.015566 0.029377 0.050194 0.037635 0.019939 
0.069589 0.001112 0.000146 0.000591 0.894638 0.002613 0.025361 0.000460 0.000826 0.004663 
0.179506 0.205390 0.132299 0.002453 0.021601 0.073904 0.161240 0.018157 0.066496 0.138953 
0.072705 0.051077 0.000339 0.109288 0.477854 0.122253 0.045121 0.005046 0.001704 0.114613 
0.029975 0.089771 0.076988 0.501941 0.000526 0.030175 0.015886 0.023949 0.012397 0.218392 
0.002540 0.118729 0.185339 0.001331 0.008439 0.078225 0.163348 0.037109 0.027868 0.377073 
0.040151 0.107457 0.000341 0.663393 0.003200 0.025222 0.058743 0.046237 0.023469 0.031786 
0.025265 0.228489 0.008178 0.024005 0.024512 0.097338 0.054031 0.026100 0.082544 0.429538 
0.039208 0.094579 0.035079 0.002107 0.012859 0.310934 0.179608 0.016884 0.020466 0.288275 
0.032674 0.655468 0.000188 0.001885 0.025605 0.033205 0.067341 0.016863 0.057665 0.109106 
0.009748 0.004485 0.019807 0.820632 0.017183 0.009295 0.039036 0.028128 0.046443 0.005243 
0.056935 0.135197 0.089702 0.024624 0.000421 0.315825 0.102531 0.011010 0.028927 0.234828 
0.010210 0.319493 0.004288 0.003017 0.050105 0.098490 0.088847 0.010182 0.102410 0.312957 
0.062360 0.061756 0.060509 0.040562 0.015806 0.067063 0.116910 0.128079 0.243571 0.203385 
0.152127 0.005828 0.164742 0.070280 0.007217 0.047954 0.266206 0.035483 0.111478 0.138685 
0.021308 0.101541 0.080048 0.015523 0.037404 0.186244 0.233366 0.029736 0.071969 0.222860 
0.020753 0.008563 0.311542 0.003505 0.029133 0.104328 0.238579 0.034383 0.085112 0.164104 
0.029136 0.034450 0.016151 0.018673 0.001461 0.082779 0.128783 0.156745 0.443297 0.088524 
0.144922 0.084604 0.002285 0.044669 0.127258 0.169351 0.090230 0.129648 0.112509 0.094524 
0.376027 0.012543 0.046815 0.260138 0.057198 0.027724 0.113708 0.039593 0.005616 0.060638 
0.034415 0.545241 0.014826 0.004227 0.004978 0.125540 0.142835 0.029099 0.022318 0.076521 
0.001660 0.161105 0.028189 0.031317 0.019499 0.092970 0.096080 0.038788 0.041060 0.489332 
0.418904 0.048728 0.061083 0.004961 0.026841 0.082308 0.120752 0.019080 0.003677 0.213668 
0.146827 0.139583 0.024994 0.020310 0.004980 0.231191 0.233700 0.007794 0.070989 0.119633 
0.025426 0.602661 0.000069 0.001961 0.001364 0.015190 0.035660 0.075247 0.062668 0.179755 
0.388480 0.040802 0.020979 0.010253 0.029501 0.024615 0.156624 0.189196 0.102167 0.037382 
0.018682 0.016351 0.014971 0.052862 0.073180 0.002513 0.052118 0.183621 0.570533 0.015169 
0.044969 0.056830 0.000150 0.048537 0.000642 0.019296 0.084000 0.164483 0.575624 0.005468 
0.619917 0.009099 0.026481 0.196735 0.043763 0.008531 0.016392 0.012677 0.006131 0.060274 
0.073888 0.020492 0.000130 0.001475 0.002710 0.000608 0.016560 0.153373 0.679033 0.051730 
0.154252 0.060811 0.288500 0.063209 0.034026 0.017460 0.175090 0.034683 0.053663 0.118306 
0.004909 0.141054 0.113006 0.057009 0.058420 0.095775 0.126681 0.148124 0.005956 0.249067 
0.079914 0.033277 0.045698 0.131635 0.006215 0.138935 0.151089 0.098453 0.154896 0.159889 
0.055556 0.532167 0.030745 0.130592 0.004549 0.041962 0.104173 0.018475 0.021272 0.060509 
0.006275 0.046591 0.307706 0.001546 0.035230 0.059762 0.261370 0.036907 0.045592 0.199022 
0.088772 0.005101 0.000212 0.031203 0.634427 0.020169 0.049651 0.091762 0.014600 0.064102 
0.040709 0.599697 0.007156 0.003101 0.047674 0.119719 0.055051 0.011972 0.058643 0.056278 
0.062577 0.023663 0.005693 0.051113 0.527205 0.009179 0.038584 0.115299 0.149878 0.016810 
0.019901 0.030211 0.000444 0.049264 0.052929 0.079124 0.092734 0.367173 0.207069 0.101150 
0.229010 0.082020 0.053453 0.014295 0.006950 0.237000 0.135205 0.001525 0.044533 0.196009 
0.070431 0.029241 0.020643 0.386751 0.003210 0.060806 0.182483 0.015061 0.118383 0.112990 
0.127429 0.172605 0.024235 0.000857 0.305526 0.015733 0.085894 0.169507 0.043493 0.054721 
0.099434 0.212271 0.002893 0.062530 0.038475 0.219694 0.166909 0.012730 0.009535 0.175528 
0.142738 0.032526 0.000359 0.024468 0.009781 0.005427 0.062161 0.070316 0.486474 0.165750 
0.525235 0.001805 0.000591 0.316945 0.002244 0.000697 0.039353 0.015350 0.085817 0.011961 
0.044140 0.069865 0.258946 0.039480 0.013831 0.067580 0.227284 0.000660 0.059336 0.218879 
0.089215 0.143355 0.000165 0.129407 0.358862 0.008429 0.053598 0.055397 0.089747 0.071824 
0.176681 0.090384 0.009670 0.046180 0.346102 0.058243 0.080839 0.001445 0.033161 0.157295 
0.073473 0.017341 0.000500 0.005206 0.632809 0.118582 0.026906 0.019490 0.032267 0.073427 
0.068443 0.043705 0.000327 0.014519 0.077820 0.020202 0.093559 0.134187 0.526087 0.021152 
0.043468 0.050441 0.018924 0.023786 0.003505 0.020263 0.065515 0.264469 0.453511 0.056117 
0.541401 0.026324 0.000701 0.006825 0.008070 0.025218 0.105858 0.116704 0.142552 0.026347 
0.031186 0.005143 0.206048 0.122526 0.007817 0.066185 0.251641 0.028483 0.067612 0.213359 
0.002759 0.022358 0.246644 0.044758 0.001118 0.136898 0.259446 0.009077 0.113197 0.163746 
0.062478 0.081014 0.007665 0.002385 0.010652 0.085015 0.137631 0.285783 0.237497 0.089880 
0.130238 0.064327 0.044370 0.003708 0.001880 0.176371 0.289818 0.026370 0.069793 0.193124 
0.030789 0.086245 0.035927 0.002824 0.014282 0.357489 0.167222 0.000755 0.054470 0.249997 
0.011744 0.007381 0.000585 0.008390 0.020320 0.033673 0.121152 0.226552 0.447350 0.122853 
0.048770 0.146870 0.023734 0.002253 0.000350 0.053283 0.110797 0.034816 0.033449 0.545676 
0.057158 0.003230 0.020932 0.595186 0.054964 0.001916 0.048740 0.011730 0.051718 0.154425 
0.029570 0.013620 0.033429 0.702058 0.003633 0.010649 0.074750 0.052930 0.007539 0.071822 
0.015337 0.177719 0.040775 0.015240 0.000590 0.070566 0.062160 0.079774 0.141091 0.396749 
0.089743 0.007914 0.000209 0.030178 0.619736 0.020053 0.040760 0.072606 0.106692 0.012109 
0.002149 0.198775 0.026688 0.003321 0.020204 0.101884 0.239912 0.014236 0.005475 0.387356 
0.058156 0.090139 0.039228 0.064945 0.006175 0.023788 0.098820 0.233891 0.128938 0.255920 
0.042023 0.371527 0.001314 0.001996 0.017361 0.096474 0.074368 0.065832 0.078198 0.250906 
0.059548 0.038899 0.057456 0.002420 0.003745 0.317798 0.146539 0.020162 0.028429 0.325005 
0.175084 0.036182 0.040979 0.376521 0.035411 0.111953 0.062346 0.019583 0.080279 0.061662 
0.385571 0.015108 0.029423 0.005731 0.127687 0.053172 0.029030 0.148336 0.125912 0.080029 
0.040550 0.011211 0.033744 0.623997 0.029730 0.086822 0.068689 0.009514 0.025275 0.070468 
0.073116 0.049175 0.000760 0.324417 0.001250 0.068557 0.054950 0.216230 0.120013 0.091532 
0.018133 0.132769 0.045668 0.002740 0.027116 0.065760 0.110713 0.038128 0.040636 0.518337 
0.071953 0.155347 0.025710 0.031648 0.017624 0.178741 0.254985 0.001290 0.115547 0.147156 
0.679906 0.001012 0.018141 0.002719 0.091111 0.010237 0.029314 0.049484 0.038882 0.079194 
0.055213 0.002279 0.000335 0.612160 0.184799 0.007603 0.075964 0.009585 0.031352 0.020709 
0.127202 0.061384 0.021002 0.001801 0.084639 0.038006 0.177724 0.080474 0.283903 0.123865 
0.039582 0.026178 0.275899 0.031310 0.001812 0.110278 0.248579 0.034423 0.038463 0.193477 
0.329871 0.035128 0.064721 0.357197 0.052373 0.006560 0.078923 0.031683 0.021825 0.021719 
0.061072 0.006018 0.023137 0.001177 0.019147 0.016813 0.072357 0.287514 0.489176 0.023588 
0.079482 0.149598 0.000228 0.038393 0.022889 0.140822 0.252088 0.009761 0.163893 0.142846 
0.057518 0.039100 0.000779 0.574601 0.091259 0.077672 0.060811 0.039657 0.008728 0.049876 
0.047479 0.082051 0.029244 0.006940 0.001488 0.303645 0.173210 0.000644 0.038659 0.316641 
0.085225 0.066678 0.014331 0.041960 0.023716 0.186958 0.137420 0.151356 0.129281 0.163074 
0.020317 0.115935 0.014538 0.274835 0.006977 0.068267 0.096532 0.062396 0.006727 0.333476 
0.156964 0.058970 0.025319 0.038141 0.032292 0.084368 0.099385 0.185820 0.156100 0.162641 
0.025426 0.078665 0.000943 0.512030 0.000617 0.143725 0.077492 0.008850 0.087536 0.064717 
0.220066 0.008961 0.013713 0.016899 0.003774 0.008897 0.066459 0.186579 0.433418 0.041235 
0.897969 0.006519 0.000204 0.000717 0.001468 0.010409 0.021932 0.000404 0.001249 0.059130 
0.027989 0.011881 0.231254 0.319289 0.000474 0.051191 0.166764 0.002279 0.072147 0.116732 
0.060201 0.022477 0.000349 0.202426 0.025457 0.009306 0.029037 0.400226 0.132577 0.117945 
0.118090 0.078655 0.000154 0.027831 0.606641 0.041576 0.048438 0.019744 0.005575 0.053297 
0.072167 0.061981 0.000898 0.036420 0.005025 0.122372 0.150259 0.310892 0.102870 0.137116 
0.055607 0.421068 0.000562 0.142393 0.001504 0.064114 0.095955 0.007580 0.032203 0.179014 
0.074267 0.091994 0.000901 0.053985 0.616517 0.046566 0.019969 0.008732 0.009904 0.077166 
0.146854 0.103842 0.000088 0.034384 0.590840 0.049105 0.025557 0.000272 0.008781 0.040276 
0.228168 0.383457 0.000846 0.001531 0.011332 0.049804 0.041918 0.012462 0.074179 0.196304 
0.533102 0.012643 0.013421 0.000677 0.028889 0.026785 0.022080 0.106713 0.234183 0.021508 
0.114702 0.004325 0.054526 0.108887 0.209128 0.050745 0.168705 0.019358 0.054694 0.214931 
0.012318 0.083525 0.299720 0.004714 0.015955 0.093596 0.215815 0.051354 0.062244 0.160759 
0.024389 0.032086 0.042700 0.278420 0.075731 0.162963 0.128665 0.076776 0.065648 0.112622 
0.520231 0.147039 0.005478 0.001024 0.050021 0.045591 0.053642 0.026553 0.022869 0.127550 
0.085867 0.026673 0.015324 0.112741 0.684782 0.020752 0.006350 0.028420 0.004650 0.014442 
0.136620 0.039605 0.313874 0.010169 0.000489 0.071133 0.215647 0.018675 0.051478 0.142310 
0.127981 0.105386 0.000387 0.057895 0.020845 0.040707 0.109894 0.122801 0.376544 0.037561 
0.638907 0.006556 0.003036 0.015857 0.009718 0.034093 0.061509 0.055056 0.148435 0.026831 
0.010295 0.254465 0.000614 0.031659 0.000535 0.034188 0.048962 0.101818 0.427822 0.089641 
0.040259 0.090520 0.030911 0.000651 0.195728 0.306828 0.124025 0.011664 0.029580 0.169834 
0.043898 0.354131 0.011338 0.026797 0.108759 0.038885 0.057003 0.074206 0.249178 0.035806 
0.033703 0.154805 0.013472 0.015353 0.010449 0.143757 0.147656 0.180426 0.094818 0.205561 
0.244300 0.038153 0.000236 0.222766 0.002135 0.001325 0.082617 0.113148 0.251229 0.044091 
0.050001 0.009098 0.020145 0.028024 0.446164 0.050172 0.035913 0.108628 0.221602 0.030252 
0.694962 0.011997 0.000117 0.014091 0.009390 0.014495 0.011184 0.085437 0.138535 0.019791 
0.070086 0.079743 0.036722 0.487597 0.103230 0.094552 0.073822 0.000651 0.010868 0.042729 
0.182176 0.082489 0.032326 0.121194 0.159670 0.055860 0.110477 0.026031 0.006177 0.223598 
0.905182 0.007618 0.000742 0.000990 0.004265 0.000977 0.031391 0.000582 0.001027 0.047226 
0.056549 0.098869 0.037709 0.035613 0.026457 0.053722 0.210086 0.101549 0.279315 0.100132 
0.012827 0.661983 0.000488 0.005333 0.004074 0.093177 0.058912 0.017275 0.023845 0.122086 
0.021124 0.095778 0.036930 0.039343 0.021869 0.280701 0.165522 0.076633 0.085552 0.176549 
0.226959 0.085090 0.015958 0.015239 0.080863 0.228227 0.100650 0.089414 0.019614 0.137985 
0.046278 0.026585 0.286650 0.002407 0.000975 0.055854 0.208672 0.103814 0.068362 0.200403 
0.157628 0.022877 0.043516 0.000561 0.227683 0.158145 0.127865 0.031726 0.092704 0.137295 
0.051674 0.047225 0.018692 0.022587 0.054299 0.009536 0.007064 0.186841 0.589072 0.013010 
0.858265 0.001497 0.019402 0.002980 0.001435 0.014099 0.038211 0.000407 0.001786 0.061918 
0.027463 0.099593 0.009841 0.018046 0.079747 0.194013 0.108231 0.019388 0.073186 0.370491 
0.019395 0.062489 0.344441 0.026314 0.017142 0.017558 0.250847 0.010988 0.110833 0.139995 
0.110453 0.038801 0.000239 0.035483 0.218008 0.026661 0.085972 0.139691 0.266013 0.078680 
0.016658 0.194137 0.044876 0.077447 0.000433 0.161206 0.167048 0.024820 0.037792 0.275585 
0.055531 0.445701 0.000222 0.001552 0.210610 0.148503 0.064636 0.000654 0.021662 0.050930 
0.129236 0.370432 0.000154 0.011922 0.289308 0.070606 0.018096 0.027696 0.038929 0.043622 
0.046697 0.006679 0.189106 0.268799 0.089595 0.015521 0.210650 0.030262 0.006368 0.136323 
0.047333 0.020959 0.147132 0.269998 0.009876 0.023298 0.056377 0.061495 0.170123 0.193409 
0.003153 0.037761 0.166489 0.003597 0.013061 0.036782 0.135837 0.105647 0.229682 0.267992 
0.308311 0.069704 0.057572 0.023620 0.072352 0.203904 0.092609 0.005065 0.033551 0.133312 
0.028967 0.042011 0.080126 0.005083 0.003775 0.091376 0.154040 0.140817 0.079143 0.374661 
0.035061 0.036694 0.170744 0.549670 0.000350 0.011143 0.078740 0.029007 0.009766 0.078824 
0.065924 0.042639 0.000806 0.058604 0.017221 0.066968 0.247420 0.268894 0.095314 0.136210 
0.065814 0.179056 0.044335 0.001040 0.021908 0.085335 0.082501 0.075658 0.022107 0.422245 
0.102641 0.361662 0.000721 0.165003 0.034717 0.096128 0.118923 0.006988 0.032898 0.080318 
0.092769 0.067184 0.030385 0.012076 0.017361 0.256189 0.214572 0.045704 0.012921 0.250838 
0.111985 0.061069 0.177899 0.014675 0.004421 0.092138 0.191827 0.144180 0.070087 0.131720 
0.073294 0.213658 0.000829 0.030533 0.021925 0.068299 0.122073 0.144390 0.175212 0.149787 
0.082733 0.031614 0.037678 0.004872 0.000622 0.108586 0.172206 0.186079 0.227227 0.148382 
0.003656 0.179287 0.021546 0.034781 0.014458 0.096123 0.122658 0.022891 0.039850 0.464750 
0.059231 0.063644 0.000490 0.042442 0.034424 0.057986 0.149182 0.370284 0.154405 0.067912 
0.003293 0.133488 0.023084 0.001613 0.025622 0.103018 0.151073 0.044618 0.022434 0.491758 
0.053949 0.091498 0.000397 0.038863 0.020747 0.059608 0.140482 0.274378 0.114642 0.205437 
0.079233 0.099437 0.000135 0.048424 0.632483 0.087012 0.015993 0.015015 0.010798 0.011470 
0.053282 0.320908 0.000072 0.014563 0.373985 0.046319 0.005040 0.014203 0.068518 0.103110 
0.024091 0.069088 0.032160 0.161620 0.009150 0.068797 0.063311 0.051305 0.025632 0.494846 
0.244139 0.033025 0.039096 0.272618 0.006436 0.079986 0.040781 0.134564 0.080517 0.068837 
0.245496 0.094918 0.008550 0.008876 0.071260 0.050970 0.233716 0.026195 0.053956 0.206062 
0.518825 0.031865 0.013525 0.000693 0.081719 0.020319 0.053736 0.047095 0.190375 0.041847 
0.066803 0.181193 0.023384 0.000562 0.003275 0.309161 0.147251 0.000416 0.022546 0.245409 
0.058347 0.055133 0.265525 0.002820 0.095643 0.117111 0.155283 0.033032 0.014581 0.202525 
0.044814 0.177813 0.036371 0.010861 0.003451 0.212839 0.119476 0.074146 0.114634 0.205595 
0.073545 0.065745 0.009130 0.013649 0.001515 0.049599 0.088095 0.371871 0.144083 0.182769 
0.031581 0.061477 0.014755 0.258904 0.000362 0.234523 0.142551 0.008164 0.020472 0.227210 
0.554422 0.088272 0.000386 0.001659 0.038104 0.063690 0.078040 0.024207 0.022029 0.129192 
0.081095 0.108962 0.017979 0.005413 0.075740 0.190140 0.116802 0.169310 0.109463 0.125097 
0.552974 0.019653 0.018619 0.019235 0.001382 0.019894 0.058537 0.153046 0.016979 0.139681 
0.303426 0.029489 0.010831 0.002978 0.041400 0.121597 0.202916 0.024646 0.084062 0.178654 
0.016574 0.013064 0.017583 0.009821 0.005455 0.008746 0.084849 0.197991 0.630397 0.015519 
0.197442 0.060301 0.000028 0.000536 0.684818 0.013960 0.015183 0.006861 0.001546 0.019323 
0.057708 0.276611 0.000484 0.385780 0.045833 0.060294 0.035242 0.011725 0.034024 0.092299 
0.006496 0.012688 0.226439 0.208678 0.002865 0.029370 0.202122 0.047095 0.009076 0.255171 
0.083211 0.002802 0.000281 0.008603 0.841727 0.018183 0.005667 0.002539 0.020488 0.016499 
0.052238 0.009236 0.051685 0.585918 0.012889 0.022581 0.068620 0.057008 0.058403 0.081423 
0.092107 0.069587 0.074873 0.213378 0.020814 0.168867 0.136104 0.002653 0.064681 0.156936 
0.042620 0.109713 0.024984 0.000886 0.020016 0.177978 0.211124 0.067747 0.083597 0.261336 
0.355769 0.011010 0.015045 0.002042 0.009778 0.000945 0.033895 0.138892 0.387757 0.044866 
0.058984 0.152454 0.032572 0.001179 0.000814 0.166815 0.185407 0.015405 0.038613 0.347755 
0.195799 0.108862 0.037126 0.039435 0.091544 0.073497 0.114843 0.049977 0.026384 0.262533 
0.464202 0.021982 0.027808 0.011990 0.022816 0.028261 0.163619 0.105449 0.067441 0.086431 
0.021603 0.554366 0.000249 0.001361 0.001528 0.061177 0.079202 0.030986 0.088045 0.161484 
0.043746 0.005788 0.000444 0.049880 0.003027 0.038578 0.058066 0.386912 0.283146 0.130412 
0.065585 0.015895 0.027421 0.035829 0.002784 0.136650 0.339241 0.023931 0.107383 0.245280 
0.042126 0.003775 0.211228 0.021636 0.007530 0.070817 0.241897 0.064244 0.152209 0.184539 
0.106335 0.036914 0.026786 0.042504 0.087065 0.093122 0.212267 0.062409 0.142111 0.190488 
0.118054 0.013632 0.000493 0.500073 0.051079 0.055198 0.125441 0.017302 0.064852 0.053876 
0.011475 0.171501 0.000886 0.013413 0.000182 0.129866 0.258860 0.044682 0.076214 0.292922 
0.003149 0.258456 0.002098 0.037981 0.000042 0.063257 0.058036 0.135939 0.394793 0.046248 
0.040367 0.247034 0.018832 0.005576 0.001627 0.124362 0.099329 0.029723 0.020178 0.412972 
0.038392 0.041102 0.000626 0.255354 0.171264 0.173142 0.075503 0.054292 0.098856 0.091469 
0.219618 0.022262 0.016610 0.054484 0.236324 0.060652 0.161460 0.065269 0.058352 0.104969 
0.386008 0.259452 0.049533 0.001812 0.040801 0.060928 0.083470 0.001587 0.046433 0.069978 
