-417998.944920
0
0.066152 0.057264 0.000000 0.052101 0.000000 0.000000 0.000000 0.000000 0.037120 0.000000 0.000000 0.023241 0.022014 0.018479 0.023861 0.025466 0.000000 0.000000 0.000000 0.008730 0.000000 0.000000 0.000000 0.000000 0.056630 0.025502 0.000000 0.030204 0.000000 0.000000 0.006197 0.000000 0.000000 0.000000 0.000000 0.050959 0.022273 0.035878 0.027897 0.047850 0.000000 0.000000 0.000000 0.000000 0.000000 0.000000 0.000000 0.000000 0.042480 0.026623 0.000000 0.039809 0.000000 0.000000 0.000000 0.000000 0.000000 0.000000 0.000000 0.000000 0.019779 0.013589 0.022967 0.028294 0.008409 0.000000 0.000000 0.000000 0.000000 0.000000 0.000000 0.000000 0.039712 0.012726 0.003041 0.000000 0.000000 0.000000 0.000000 0.000000 0.000000 0.000000 0.000000 0.000000 0.028955 0.022912 0.000000 0.052887 0.000000 0.000000 0.000000 0.000000 0.000000 0.000000 0.000000 0.000000 
0.000000 0.000000 0.000000 0.014304 0.000000 0.000000 0.000000 0.000000 0.000000 0.000000 0.000000 0.000000 0.000000 0.000000 0.000000 0.000000 0.000000 0.000000 0.000000 0.000000 0.000000 0.000000 0.000000 0.022130 0.000000 0.000000 0.000000 0.021109 0.000000 0.000000 0.000000 0.000000 0.000000 0.000000 0.000000 0.000000 0.000000 0.000000 0.000000 0.000000 0.000000 0.000000 0.000000 0.000000 0.000000 0.000000 0.005425 0.026674 0.000000 0.000000 0.000000 0.008835 0.000000 0.000000 0.000000 0.002176 0.000000 0.000000 0.000000 0.018749 0.000000 0.000000 0.000000 0.000000 0.000000 0.013859 0.000000 0.017175 0.000000 0.000000 0.000000 0.000000 0.076594 0.006875 0.005600 0.576255 0.000000 0.000000 0.000000 0.000000 0.000000 0.000000 0.000000 0.060437 0.000000 0.000000 0.000000 0.000000 0.000000 0.008145 0.000000 0.006938 0.000000 0.013742 0.000000 0.094976 
0.000000 0.000000 0.000000 0.000000 0.000000 0.000000 0.000000 0.000000 0.000000 0.000000 0.000000 0.016668 0.000000 0.000000 0.000000 0.000000 0.000000 0.000000 0.000000 0.000000 0.000000 0.004388 0.000000 0.000000 0.000000 0.000000 0.000000 0.000000 0.000000 0.000000 0.000000 0.000000 0.000000 0.000000 0.000000 0.000000 0.000000 0.000000 0.000000 0.000000 0.000000 0.000000 0.000000 0.000000 0.000000 0.000000 0.000000 0.000000 0.000000 0.000000 0.000000 0.000000 0.000000 0.000000 0.000000 0.000000 0.000000 0.000000 0.000000 0.000000 0.000000 0.000000 0.000000 0.000000 0.000000 0.000000 0.005098 0.000000 0.000000 0.004029 0.000000 0.004531 0.000000 0.016085 0.000000 0.000000 0.000000 0.000000 0.000000 0.000000 0.000000 0.000000 0.928074 0.000000 0.000000 0.000000 0.000000 0.000000 0.000000 0.000000 0.009969 0.011157 0.000000 0.000000 0.000000 0.000000 
0.000000 0.000000 0.000000 0.000000 0.000000 0.000000 0.030503 0.191533 0.000000 0.000000 0.000000 0.000000 0.000000 0.000000 0.000000 0.000000 0.000000 0.000000 0.000000 0.000000 0.000000 0.000000 0.000000 0.028646 0.000000 0.000000 0.000000 0.000000 0.000000 0.000000 0.000000 0.000000 0.000000 0.000000 0.000000 0.000000 0.000000 0.000000 0.000000 0.000000 0.000000 0.000000 0.000000 0.000000 0.000000 0.030721 0.000000 0.000000 0.000000 0.000000 0.000000 0.000000 0.000000 0.000000 0.000000 0.132480 0.000000 0.000000 0.000000 0.000000 0.000000 0.009794 0.000000 0.006776 0.000000 0.000000 0.000000 0.000000 0.015282 0.020938 0.130331 0.035045 0.000000 0.000000 0.000000 0.000000 0.033350 0.129926 0.024147 0.168975 0.000000 0.000000 0.000000 0.000000 0.000000 0.000000 0.000000 0.000000 0.000000 0.000000 0.000000 0.000000 0.000000 0.011553 0.000000 0.000000 
0.000000 0.000000 0.000000 0.000000 0.000000 0.000000 0.000000 0.000000 0.000000 0.000000 0.000000 0.000000 0.000000 0.000000 0.000000 0.004910 0.000000 0.000000 0.000000 0.000000 0.000000 0.000000 0.000000 0.000000 0.000000 0.000000 0.000000 0.000000 0.000000 0.000000 0.000000 0.000000 0.000000 0.074690 0.030098 0.126984 0.000000 0.000000 0.000000 0.000000 0.000000 0.000000 0.000000 0.003695 0.000000 0.000000 0.000000 0.000000 0.000000 0.000000 0.000000 0.000000 0.000000 0.000000 0.000000 0.000000 0.000000 0.030743 0.000000 0.021304 0.000000 0.000000 0.000000 0.000000 0.000000 0.000000 0.000000 0.012328 0.000000 0.000000 0.000000 0.000000 0.000000 0.000000 0.000000 0.000000 0.000000 0.000000 0.000000 0.000000 0.117220 0.471578 0.000000 0.106450 0.000000 0.000000 0.000000 0.000000 0.000000 0.000000 0.000000 0.000000 0.000000 0.000000 0.000000 0.000000 
0.000000 0.000000 0.000000 0.000000 0.000000 0.000000 0.000000 0.000000 0.000000 0.000000 0.000000 0.000000 0.010244 0.000000 0.000000 0.019780 0.000000 0.000000 0.000000 0.000000 0.102540 0.009707 0.000000 0.040590 0.000000 0.000000 0.000000 0.000000 0.000000 0.000000 0.000000 0.000000 0.000000 0.000000 0.000000 0.000000 0.008580 0.000000 0.000000 0.000000 0.008640 0.000000 0.000000 0.035871 0.067442 0.018234 0.006979 0.137076 0.000000 0.007876 0.000000 0.000000 0.000000 0.000000 0.000000 0.000000 0.000000 0.000000 0.000000 0.000000 0.000000 0.000000 0.000000 0.000000 0.000000 0.000000 0.000000 0.000000 0.012114 0.000000 0.000000 0.050693 0.018551 0.000000 0.000000 0.000000 0.000000 0.000000 0.000000 0.000000 0.000000 0.000000 0.000000 0.000000 0.041431 0.000000 0.068427 0.000000 0.000000 0.000000 0.000000 0.046256 0.151630 0.000000 0.010030 0.127311 
0.000000 0.000000 0.000000 0.000000 0.000000 0.000000 0.000000 0.000000 0.073584 0.000000 0.000000 0.000000 0.000000 0.005517 0.000000 0.000000 0.000000 0.000000 0.038183 0.000000 0.000000 0.000000 0.000000 0.000000 0.011180 0.036937 0.017372 0.112815 0.000000 0.000000 0.000000 0.000000 0.000000 0.000000 0.000000 0.012826 0.000000 0.005312 0.000000 0.000000 0.006875 0.000000 0.051528 0.000000 0.000000 0.013395 0.004032 0.018201 0.000000 0.012459 0.000000 0.013198 0.000000 0.009016 0.000000 0.000000 0.196635 0.168184 0.000000 0.123453 0.000000 0.004644 0.000000 0.000000 0.017115 0.000000 0.015945 0.000000 0.000000 0.002223 0.000000 0.006200 0.000000 0.000000 0.000000 0.000000 0.000000 0.000000 0.000000 0.000000 0.000000 0.000000 0.000000 0.000000 0.000000 0.000000 0.000000 0.000000 0.000000 0.000000 0.015004 0.000000 0.000000 0.000000 0.000000 0.008167 
0.000000 0.000000 0.000000 0.000000 0.000000 0.000000 0.000000 0.000000 0.011813 0.015499 0.000000 0.026294 0.014293 0.006237 0.014416 0.018060 0.096828 0.043739 0.059560 0.073172 0.000000 0.007304 0.018342 0.000000 0.000000 0.000000 0.000000 0.000000 0.000000 0.000000 0.000000 0.000000 0.000000 0.000000 0.000000 0.000000 0.000000 0.000000 0.000000 0.000000 0.036735 0.052085 0.038165 0.055148 0.000000 0.000000 0.026349 0.009371 0.000000 0.000000 0.000000 0.001195 0.000000 0.000000 0.000000 0.000000 0.000000 0.000000 0.000000 0.013055 0.000000 0.000000 0.000000 0.000000 0.023485 0.031978 0.035923 0.040871 0.000000 0.000000 0.000000 0.000000 0.006721 0.000000 0.000000 0.000000 0.000000 0.000000 0.000000 0.000000 0.000000 0.000000 0.000000 0.000000 0.000000 0.000000 0.000000 0.000000 0.050747 0.045005 0.028449 0.047205 0.000000 0.014411 0.020220 0.017324 
0.000000 0.000000 0.000000 0.000000 0.000000 0.000000 0.000000 0.000000 0.000000 0.041617 0.000000 0.038818 0.000000 0.000000 0.000000 0.000000 0.000000 0.000000 0.000000 0.000000 0.000000 0.000000 0.000000 0.009811 0.000000 0.000000 0.000000 0.000000 0.000000 0.000000 0.000000 0.000000 0.000000 0.000000 0.352287 0.000000 0.000000 0.000000 0.000000 0.000000 0.000000 0.000000 0.000000 0.000000 0.000000 0.000000 0.000000 0.000000 0.000000 0.000000 0.000000 0.000000 0.000000 0.000000 0.000000 0.000000 0.000000 0.035661 0.460597 0.012226 0.000000 0.000000 0.000000 0.000000 0.020042 0.007420 0.000000 0.000000 0.000000 0.000000 0.000000 0.000000 0.000000 0.000000 0.000000 0.000000 0.000000 0.000000 0.000000 0.000000 0.000000 0.000000 0.000000 0.000000 0.000000 0.000000 0.000000 0.000000 0.010181 0.000000 0.011340 0.000000 0.000000 0.000000 0.000000 0.000000 
0.000000 0.000000 0.000000 0.000000 0.000000 0.000000 0.000000 0.000000 0.008847 0.000000 0.000000 0.000000 0.000000 0.000000 0.000000 0.000000 0.000000 0.000000 0.000000 0.000000 0.000000 0.000000 0.000000 0.000000 0.000000 0.000000 0.000000 0.000000 0.000000 0.000000 0.000000 0.000000 0.007911 0.000000 0.000000 0.000000 0.000000 0.000000 0.000000 0.000000 0.000000 0.000000 0.000000 0.000000 0.000000 0.000000 0.000000 0.000000 0.000000 0.000000 0.000000 0.000000 0.000000 0.000000 0.000000 0.000000 0.005357 0.000000 0.000000 0.000000 0.000000 0.000000 0.000000 0.000000 0.000000 0.000000 0.000000 0.000000 0.000000 0.000000 0.000000 0.000000 0.014578 0.003527 0.000000 0.000000 0.045469 0.000000 0.000000 0.080186 0.508223 0.045502 0.000000 0.280401 0.000000 0.000000 0.000000 0.000000 0.000000 0.000000 0.000000 0.000000 0.000000 0.000000 0.000000 0.000000 
0.000000 0.000000 0.000000 0.000000 0.000000 0.000000 0.000000 0.000000 0.000000 0.127623 0.000000 0.000000 0.000000 0.000000 0.000000 0.000000 0.000000 0.000000 0.000000 0.000000 0.000000 0.000000 0.000000 0.000000 0.000000 0.000000 0.000000 0.000000 0.000000 0.000000 0.000000 0.000000 0.532663 0.339714 0.000000 0.000000 0.000000 0.000000 0.000000 0.000000 0.000000 0.000000 0.000000 0.000000 0.000000 0.000000 0.000000 0.000000 0.000000 0.000000 0.000000 0.000000 0.000000 0.000000 0.000000 0.000000 0.000000 0.000000 0.000000 0.000000 0.000000 0.000000 0.000000 0.000000 0.000000 0.000000 0.000000 0.000000 0.000000 0.000000 0.000000 0.000000 0.000000 0.000000 0.000000 0.000000 0.000000 0.000000 0.000000 0.000000 0.000000 0.000000 0.000000 0.000000 0.000000 0.000000 0.000000 0.000000 0.000000 0.000000 0.000000 0.000000 0.000000 0.000000 0.000000 0.000000 
0.000000 0.000000 0.000000 0.000000 0.000000 0.000000 0.000000 0.000000 0.031211 0.000000 0.913467 0.000000 0.000000 0.000000 0.000000 0.011853 0.000000 0.000000 0.000000 0.000000 0.000000 0.000000 0.000000 0.000000 0.000000 0.000000 0.000000 0.000000 0.000000 0.000000 0.000000 0.000000 0.000000 0.000000 0.000000 0.000000 0.000000 0.000000 0.000000 0.000000 0.000000 0.000000 0.000000 0.000000 0.000000 0.000000 0.000000 0.000000 0.000000 0.000000 0.000000 0.000000 0.000000 0.000000 0.000000 0.000000 0.000000 0.000000 0.000000 0.000000 0.000000 0.000000 0.000000 0.000000 0.000000 0.000000 0.000000 0.019443 0.000000 0.000000 0.000000 0.000000 0.000000 0.015709 0.008317 0.000000 0.000000 0.000000 0.000000 0.000000 0.000000 0.000000 0.000000 0.000000 0.000000 0.000000 0.000000 0.000000 0.000000 0.000000 0.000000 0.000000 0.000000 0.000000 0.000000 0.000000 
0.000000 0.000000 0.000000 0.000000 0.176423 0.098566 0.000000 0.000000 0.000000 0.008476 0.000000 0.000000 0.000000 0.000000 0.000000 0.000000 0.000000 0.000000 0.000000 0.000000 0.000000 0.000000 0.026122 0.000000 0.000000 0.000000 0.000000 0.000000 0.118595 0.107217 0.000000 0.163840 0.000000 0.000000 0.000000 0.000000 0.000000 0.000000 0.000000 0.000000 0.000000 0.000000 0.000000 0.000000 0.000000 0.000000 0.020785 0.000000 0.000000 0.000000 0.000000 0.000000 0.080478 0.066224 0.000000 0.000000 0.000000 0.000000 0.000000 0.000000 0.000000 0.000000 0.000000 0.000000 0.000000 0.000000 0.000000 0.000000 0.000000 0.000000 0.000000 0.000000 0.000000 0.060288 0.000000 0.000000 0.041366 0.000000 0.000000 0.000000 0.000000 0.000000 0.000000 0.000000 0.000000 0.000000 0.000000 0.000000 0.000000 0.000000 0.000000 0.000000 0.000000 0.000000 0.031620 0.000000 
0.046719 0.028609 0.045933 0.016823 0.000000 0.000000 0.004330 0.000000 0.000000 0.000000 0.000000 0.000000 0.000000 0.000000 0.000000 0.000000 0.000000 0.000000 0.007071 0.000000 0.000000 0.000000 0.000000 0.000000 0.065562 0.128976 0.016425 0.058467 0.005542 0.000000 0.007491 0.000000 0.000000 0.000000 0.006793 0.000000 0.000000 0.000000 0.055562 0.000000 0.005966 0.000000 0.011370 0.000000 0.000000 0.000000 0.000000 0.000000 0.061882 0.073904 0.051227 0.032532 0.000000 0.012868 0.014169 0.007809 0.000000 0.000000 0.000000 0.000000 0.000000 0.000000 0.009047 0.000000 0.000000 0.000000 0.001937 0.000000 0.000000 0.000000 0.000000 0.000000 0.041350 0.114285 0.022375 0.000000 0.000000 0.016236 0.003247 0.000000 0.000000 0.000000 0.000000 0.000000 0.000000 0.000000 0.025490 0.000000 0.000000 0.000000 0.000000 0.000000 0.000000 0.000000 0.000000 0.000000 
0.129455 0.001945 0.083889 0.021826 0.476950 0.001829 0.033347 0.056342 0.003227 0.026004 0.080186 0.005467 0.010931 0.068602 
0.037824 0.351135 0.146700 0.015518 0.098571 0.001738 0.024094 0.102075 0.098193 0.024742 0.020259 0.050401 0.012791 0.015956 
0.027083 0.403712 0.135986 0.001720 0.096157 0.004566 0.052892 0.076961 0.033893 0.057488 0.050465 0.010931 0.025593 0.022553 
0.030406 0.023580 0.048457 0.020163 0.044752 0.028540 0.273395 0.067994 0.235615 0.006865 0.034586 0.099047 0.000280 0.086320 
0.264831 0.080917 0.069193 0.012891 0.012569 0.013626 0.163800 0.111239 0.142113 0.006502 0.040017 0.048102 0.020199 0.014001 
0.135594 0.062789 0.011121 0.017081 0.054094 0.028976 0.125807 0.228442 0.035380 0.003732 0.033066 0.005421 0.061377 0.197119 
0.012048 0.158623 0.051628 0.001325 0.042766 0.000487 0.038287 0.001261 0.008675 0.587421 0.016308 0.000099 0.012777 0.068296 
0.152431 0.034586 0.046624 0.008963 0.093430 0.110162 0.043916 0.131740 0.047063 0.255526 0.022451 0.030900 0.013172 0.009035 
0.225892 0.023299 0.005431 0.056296 0.047769 0.047556 0.083446 0.194443 0.010354 0.060314 0.034735 0.000049 0.071207 0.139210 
0.215281 0.033391 0.026348 0.089652 0.205454 0.024298 0.030853 0.169025 0.002503 0.038400 0.062864 0.000082 0.097426 0.004423 
0.277188 0.065635 0.041441 0.025923 0.022370 0.013694 0.097075 0.106752 0.063508 0.025830 0.010098 0.056780 0.043656 0.150051 
0.274726 0.058063 0.000163 0.163740 0.012696 0.068788 0.050753 0.162060 0.000459 0.017738 0.018353 0.005413 0.122582 0.044465 
0.018020 0.001648 0.085457 0.000486 0.447861 0.026015 0.031722 0.074006 0.042528 0.057474 0.177485 0.036090 0.000215 0.000994 
0.294825 0.066140 0.005383 0.018552 0.027874 0.009345 0.048531 0.208194 0.020094 0.015176 0.037599 0.000127 0.072607 0.175554 
0.083112 0.092955 0.056371 0.001643 0.036913 0.000457 0.144296 0.075832 0.129493 0.021793 0.030710 0.052816 0.041499 0.232110 
0.241843 0.019243 0.026888 0.099782 0.016531 0.030740 0.085446 0.202806 0.046111 0.010678 0.028559 0.027653 0.146889 0.016832 
0.046523 0.401866 0.184345 0.008724 0.150040 0.010616 0.028178 0.034124 0.062533 0.016350 0.048232 0.005547 0.000137 0.002785 
0.075155 0.040609 0.078245 0.015478 0.039429 0.020889 0.054029 0.068761 0.101939 0.352034 0.030846 0.106026 0.000446 0.016114 
0.167187 0.067828 0.027227 0.051246 0.036679 0.097336 0.062110 0.280507 0.032547 0.024996 0.033855 0.016588 0.038894 0.062999 
0.231087 0.052817 0.049607 0.048677 0.089681 0.001391 0.077922 0.121391 0.032808 0.122840 0.043312 0.088089 0.032686 0.007692 
0.192365 0.040739 0.000160 0.033522 0.021696 0.265983 0.022785 0.259002 0.024316 0.024818 0.012067 0.005503 0.025336 0.071706 
0.259899 0.061236 0.074383 0.005788 0.040715 0.032477 0.041595 0.110818 0.056422 0.160065 0.023962 0.036146 0.061480 0.035014 
0.257834 0.021282 0.022038 0.000171 0.056638 0.022110 0.244567 0.126531 0.105144 0.011231 0.003461 0.077061 0.015784 0.036146 
0.076944 0.203806 0.174326 0.000116 0.194499 0.010510 0.082807 0.046491 0.069050 0.024159 0.055404 0.044460 0.000169 0.017258 
0.142242 0.038732 0.016387 0.026861 0.035728 0.032252 0.197390 0.170428 0.091520 0.014133 0.023129 0.061239 0.044142 0.105818 
0.109024 0.019366 0.076994 0.016848 0.238427 0.159144 0.083673 0.125928 0.030023 0.034451 0.080928 0.016212 0.006345 0.002636 
0.066109 0.009687 0.045732 0.014438 0.002518 0.001598 0.426780 0.086783 0.198599 0.020326 0.032483 0.081852 0.005291 0.007806 
0.203901 0.023678 0.000154 0.091177 0.037835 0.012912 0.085951 0.233359 0.007446 0.057557 0.041035 0.000085 0.154418 0.050491 
0.193442 0.089370 0.011034 0.063068 0.030254 0.030208 0.084613 0.205779 0.023416 0.035214 0.062268 0.000136 0.092552 0.078646 
0.173201 0.077093 0.015950 0.032466 0.023605 0.240887 0.071929 0.207282 0.075633 0.006169 0.017954 0.034100 0.020353 0.003379 
0.140784 0.325444 0.148052 0.042505 0.055604 0.006335 0.059395 0.136357 0.006594 0.014915 0.003572 0.005527 0.045508 0.009408 
0.201323 0.046907 0.011208 0.049046 0.034832 0.034985 0.087247 0.293436 0.019253 0.040462 0.048117 0.010768 0.054620 0.067795 
0.168465 0.031037 0.088690 0.014270 0.031705 0.030728 0.086894 0.170218 0.101008 0.044268 0.011609 0.194258 0.000602 0.026250 
0.015301 0.009396 0.075000 0.020013 0.382104 0.000079 0.004589 0.010094 0.006620 0.368859 0.100372 0.005509 0.000904 0.001158 
0.075476 0.072234 0.075456 0.000651 0.051406 0.000684 0.082137 0.164564 0.213550 0.023136 0.035269 0.183069 0.018073 0.004295 
0.314442 0.013077 0.026815 0.011378 0.210871 0.018633 0.040508 0.107462 0.091091 0.026025 0.032946 0.015765 0.025886 0.065100 
0.134065 0.014294 0.015998 0.047994 0.028705 0.000152 0.090908 0.050008 0.141439 0.194955 0.013797 0.037241 0.070638 0.159804 
0.473089 0.090208 0.044505 0.037225 0.008213 0.032146 0.013147 0.131554 0.013232 0.014955 0.024642 0.027223 0.085908 0.003954 
0.102925 0.330733 0.145232 0.004400 0.028512 0.000531 0.058502 0.069779 0.096742 0.019346 0.000188 0.076888 0.018943 0.047280 
0.280852 0.037234 0.000149 0.128132 0.002477 0.018190 0.048393 0.207226 0.000582 0.008925 0.019984 0.010586 0.170667 0.066605 
0.032377 0.201252 0.057775 0.014692 0.028485 0.006666 0.029766 0.015198 0.012239 0.592180 0.007769 0.000064 0.000183 0.001354 
0.077551 0.057771 0.027401 0.029554 0.061916 0.000250 0.046141 0.027851 0.005933 0.462015 0.017377 0.000068 0.015316 0.170855 
0.210846 0.041945 0.027415 0.048637 0.061370 0.001558 0.084848 0.273076 0.043605 0.013098 0.026442 0.016963 0.101584 0.048612 
0.044336 0.014482 0.057613 0.000234 0.018661 0.000560 0.386922 0.054624 0.285662 0.058007 0.013068 0.047443 0.007298 0.011091 
0.194386 0.009459 0.021803 0.093491 0.174438 0.057211 0.048381 0.176953 0.018425 0.061326 0.047003 0.006005 0.083686 0.007432 
0.036153 0.284884 0.135654 0.000477 0.086535 0.126549 0.005851 0.225109 0.030756 0.032628 0.000436 0.022600 0.010127 0.002240 
0.094307 0.237897 0.108584 0.000841 0.051020 0.015088 0.038287 0.107607 0.092097 0.044421 0.009388 0.022154 0.012073 0.166235 
0.084405 0.007278 0.073407 0.008246 0.516431 0.006749 0.025664 0.103947 0.002304 0.036770 0.111170 0.005370 0.015649 0.002611 
0.313046 0.015600 0.032703 0.038245 0.001852 0.033406 0.176201 0.097131 0.134800 0.000508 0.023759 0.078930 0.042236 0.011583 
0.035116 0.002256 0.126056 0.000062 0.549980 0.003965 0.010648 0.055389 0.001270 0.035655 0.132493 0.000021 0.022381 0.024708 
0.280714 0.193418 0.082163 0.048536 0.121159 0.018089 0.015466 0.093593 0.000570 0.009968 0.061646 0.011156 0.047222 0.016299 
0.166260 0.035943 0.032484 0.023765 0.002103 0.000671 0.259128 0.153233 0.158938 0.040493 0.017398 0.063965 0.021916 0.023702 
0.243728 0.059445 0.010611 0.007070 0.002635 0.000190 0.022913 0.076005 0.009969 0.004589 0.072641 0.000086 0.049699 0.440421 
0.037372 0.009023 0.025616 0.014621 0.018868 0.000245 0.275050 0.031567 0.211111 0.199560 0.021765 0.100749 0.012580 0.041873 
0.168448 0.076450 0.086102 0.019217 0.087644 0.020046 0.009279 0.145515 0.024067 0.277878 0.013883 0.016605 0.041700 0.013165 
0.196934 0.047362 0.015994 0.000021 0.062733 0.002741 0.118791 0.116187 0.082211 0.017941 0.034071 0.118137 0.033290 0.153588 
0.207388 0.002381 0.016506 0.041030 0.174164 0.058297 0.071528 0.206822 0.028748 0.041556 0.070529 0.026199 0.035592 0.019260 
0.252814 0.090189 0.005327 0.046600 0.070259 0.005096 0.037008 0.125983 0.008880 0.001652 0.018767 0.011175 0.087259 0.238991 
0.023669 0.176598 0.085837 0.002661 0.185813 0.001842 0.227296 0.069393 0.117600 0.010129 0.002363 0.083677 0.005038 0.008085 
0.044889 0.028363 0.038760 0.013725 0.056901 0.000392 0.272051 0.148512 0.233449 0.008434 0.018632 0.059274 0.011289 0.065330 
0.112238 0.035053 0.005449 0.033847 0.023670 0.328448 0.043412 0.244641 0.017242 0.025637 0.006491 0.015753 0.030065 0.078052 
0.032411 0.027142 0.095496 0.000922 0.192498 0.015224 0.226307 0.061383 0.109297 0.193189 0.008222 0.032742 0.000512 0.004655 
0.032277 0.108230 0.026942 0.003335 0.029466 0.085302 0.238317 0.112273 0.144032 0.101420 0.031804 0.064638 0.007196 0.014769 
0.432457 0.067984 0.000117 0.036274 0.002212 0.214496 0.011649 0.137640 0.013263 0.017482 0.009278 0.016397 0.036468 0.004282 
0.108693 0.169098 0.090708 0.000346 0.139578 0.029142 0.065988 0.066059 0.105263 0.018734 0.084295 0.108211 0.000633 0.013252 
0.070914 0.067755 0.077120 0.051583 0.046428 0.043991 0.135221 0.118492 0.122914 0.169226 0.022847 0.021282 0.025521 0.026707 
0.195547 0.107386 0.046952 0.033993 0.022232 0.094646 0.069914 0.276301 0.018610 0.013443 0.028507 0.032956 0.028452 0.031062 
0.152401 0.202251 0.060353 0.028396 0.015449 0.010735 0.067447 0.117235 0.021502 0.015297 0.033781 0.023840 0.052586 0.198725 
0.095652 0.003578 0.071591 0.005566 0.259558 0.035162 0.013280 0.136865 0.002159 0.290636 0.070393 0.000035 0.005292 0.010234 
0.286633 0.048119 0.011045 0.151786 0.031667 0.028174 0.043042 0.153773 0.005941 0.075541 0.006960 0.010879 0.142437 0.004004 
0.275508 0.023268 0.020814 0.050827 0.032391 0.031697 0.086656 0.274561 0.045449 0.025329 0.037802 0.016887 0.038327 0.040482 
0.103562 0.027589 0.000240 0.067126 0.012344 0.018707 0.260558 0.118428 0.170305 0.044360 0.031298 0.065161 0.047951 0.032370 
0.088184 0.079940 0.065890 0.016392 0.262066 0.022534 0.022789 0.035790 0.009554 0.176665 0.099050 0.005681 0.036575 0.078890 
0.106047 0.049583 0.043186 0.073291 0.245295 0.005289 0.017124 0.030264 0.008455 0.322504 0.024831 0.000099 0.066406 0.007625 
0.247640 0.036289 0.028754 0.072619 0.015417 0.011444 0.013427 0.099469 0.009388 0.397364 0.001687 0.000094 0.032799 0.033610 
0.142229 0.016026 0.082925 0.034258 0.016921 0.008407 0.068234 0.118473 0.187827 0.017150 0.041554 0.182035 0.003051 0.080912 
0.073954 0.014740 0.095889 0.021903 0.441051 0.017135 0.019263 0.038145 0.013119 0.020260 0.139526 0.000043 0.012313 0.092657 
0.338616 0.022503 0.000101 0.169158 0.026227 0.045382 0.040799 0.127582 0.011625 0.007105 0.023871 0.010845 0.126627 0.049558 
0.308579 0.037137 0.005674 0.113825 0.028399 0.025455 0.066292 0.138461 0.007154 0.033549 0.017039 0.021416 0.155069 0.041951 
0.144189 0.052652 0.022820 0.017049 0.049699 0.016646 0.159987 0.144765 0.218042 0.017921 0.062587 0.042874 0.043055 0.007715 
0.021629 0.045438 0.149018 0.036970 0.408014 0.026043 0.009352 0.069604 0.015093 0.092015 0.105584 0.005508 0.013424 0.002308 
0.314958 0.042981 0.000128 0.142214 0.011254 0.017829 0.021067 0.193047 0.006155 0.014431 0.020597 0.005314 0.098598 0.111427 
0.148435 0.121334 0.053870 0.051565 0.058411 0.085057 0.049505 0.150698 0.038906 0.059825 0.016804 0.023802 0.084020 0.057769 
0.139431 0.012627 0.069203 0.034205 0.062091 0.000561 0.119440 0.133380 0.185751 0.001798 0.069970 0.151775 0.005781 0.013987 
0.290559 0.036313 0.000084 0.027629 0.024529 0.000104 0.032147 0.031790 0.009522 0.001997 0.025590 0.000025 0.065455 0.454257 
0.183350 0.039264 0.042743 0.040270 0.093246 0.000238 0.036146 0.045114 0.070713 0.004899 0.056704 0.038144 0.064695 0.284476 
0.236299 0.033946 0.005607 0.138788 0.023660 0.041221 0.050226 0.223264 0.016550 0.038953 0.030195 0.011148 0.110056 0.040087 
0.057416 0.014103 0.049503 0.002145 0.018758 0.023306 0.228939 0.103091 0.295030 0.003610 0.010385 0.135373 0.000412 0.057931 
0.144256 0.361343 0.130160 0.002323 0.013405 0.021327 0.079948 0.113381 0.039083 0.000792 0.006930 0.016332 0.015221 0.055497 
0.075527 0.365400 0.107564 0.025843 0.035571 0.033344 0.057853 0.171212 0.082706 0.007050 0.007032 0.015854 0.005746 0.009296 
0.127132 0.024660 0.048429 0.012121 0.052962 0.001232 0.121558 0.085895 0.253694 0.029234 0.035014 0.178942 0.018931 0.010197 
0.070879 0.029153 0.132325 0.005000 0.520694 0.000725 0.017183 0.050425 0.013871 0.024210 0.122408 0.000073 0.006850 0.006203 
0.187052 0.293838 0.173484 0.032397 0.029395 0.008400 0.004893 0.101433 0.030245 0.004211 0.007392 0.000086 0.041358 0.085817 
0.356993 0.056473 0.075039 0.001336 0.176746 0.016273 0.012721 0.102633 0.032793 0.068869 0.049787 0.010810 0.029847 0.009681 
0.028908 0.019556 0.038366 0.000291 0.026279 0.000700 0.375481 0.073414 0.242448 0.003942 0.016184 0.151208 0.005531 0.017692 
0.360795 0.027726 0.010692 0.027078 0.093853 0.039111 0.013926 0.178483 0.036076 0.059116 0.028170 0.011252 0.095857 0.017863 
0.148274 0.001902 0.021531 0.068714 0.042237 0.059558 0.162813 0.184668 0.077346 0.029278 0.014026 0.028209 0.117724 0.043720 
0.228906 0.034818 0.000155 0.035819 0.012502 0.297796 0.039565 0.255648 0.017966 0.000252 0.023088 0.015880 0.032529 0.005075 
0.182050 0.067591 0.033143 0.063937 0.157143 0.029021 0.068686 0.209030 0.006785 0.017632 0.072128 0.000031 0.077349 0.015474 
0.076232 0.012742 0.073369 0.005773 0.347261 0.000603 0.048117 0.081599 0.142688 0.046007 0.088425 0.074171 0.000263 0.002751 
0.220640 0.032466 0.005322 0.026177 0.018608 0.012307 0.071252 0.105715 0.020179 0.016995 0.034730 0.010430 0.060651 0.364528 
0.198222 0.022199 0.031767 0.022746 0.225701 0.000179 0.019744 0.028762 0.018066 0.102847 0.028139 0.000078 0.034636 0.266914 
0.134136 0.013535 0.050004 0.005609 0.298028 0.000165 0.043373 0.073294 0.031598 0.050161 0.043482 0.023372 0.018235 0.215009 
0.221938 0.060474 0.016782 0.086431 0.014915 0.203172 0.020893 0.181058 0.023284 0.098564 0.003869 0.010867 0.054593 0.003160 
0.492986 0.066062 0.022620 0.027593 0.022900 0.013421 0.006833 0.112178 0.030962 0.114234 0.004797 0.017725 0.024504 0.043185 
0.065701 0.253504 0.102875 0.010437 0.045709 0.027018 0.055841 0.115623 0.159917 0.014001 0.017234 0.116509 0.011274 0.004357 
0.025382 0.017710 0.041618 0.028851 0.099484 0.008803 0.051092 0.036979 0.040598 0.586768 0.008718 0.016781 0.019074 0.018142 
0.424839 0.216145 0.044013 0.007111 0.036551 0.030570 0.018555 0.086794 0.035684 0.008391 0.027448 0.011714 0.046398 0.005788 
0.055347 0.383683 0.182793 0.029569 0.058699 0.050266 0.003979 0.130723 0.025554 0.018928 0.015479 0.015963 0.023966 0.005051 
0.298092 0.110983 0.037990 0.079810 0.025417 0.012238 0.025855 0.203673 0.011627 0.025049 0.016277 0.022101 0.096511 0.034377 
0.235405 0.020091 0.005365 0.190196 0.033073 0.038463 0.074701 0.239950 0.000342 0.015888 0.030180 0.000050 0.055388 0.060910 
0.196926 0.043659 0.021853 0.024286 0.090220 0.000952 0.022623 0.192502 0.016536 0.046676 0.046368 0.011037 0.072414 0.213947 
0.088654 0.029259 0.079357 0.015431 0.044399 0.016296 0.081025 0.135243 0.229735 0.024579 0.077061 0.162483 0.007376 0.009102 
0.376211 0.131211 0.041828 0.026872 0.044065 0.023482 0.012731 0.092986 0.027286 0.002710 0.030438 0.010581 0.023056 0.156544 
0.158138 0.011211 0.026728 0.039706 0.059968 0.053597 0.023545 0.198387 0.010308 0.334855 0.031044 0.005488 0.028377 0.018648 
0.094061 0.396251 0.147379 0.027603 0.027063 0.035546 0.022693 0.099634 0.046735 0.032186 0.023037 0.005446 0.023531 0.018834 
0.557210 0.067925 0.000128 0.053624 0.016627 0.006026 0.014665 0.084740 0.010020 0.013674 0.012521 0.010996 0.052545 0.099299 
0.223530 0.057386 0.005407 0.029702 0.026193 0.274841 0.042024 0.241343 0.032746 0.000756 0.005983 0.026815 0.029063 0.004210 
0.180496 0.009937 0.075006 0.000998 0.233257 0.042009 0.013652 0.066435 0.022569 0.032779 0.143961 0.011089 0.018035 0.149777 
0.086824 0.017884 0.061983 0.012460 0.238639 0.010859 0.143719 0.046929 0.173906 0.038311 0.040996 0.086933 0.011990 0.028566 
0.166441 0.028502 0.036900 0.018584 0.199267 0.001170 0.017459 0.113006 0.007082 0.036959 0.078705 0.005227 0.028504 0.262194 
0.080807 0.362764 0.121766 0.040231 0.056578 0.049082 0.066183 0.104251 0.035894 0.009654 0.000287 0.010738 0.045101 0.016664 
0.158249 0.001933 0.015963 0.032990 0.046867 0.063235 0.143154 0.131976 0.109728 0.126637 0.033171 0.050351 0.027258 0.058488 
0.130244 0.042957 0.005523 0.002434 0.078508 0.000222 0.096799 0.023588 0.075492 0.023182 0.052426 0.011036 0.032798 0.424790 
0.146856 0.043766 0.027762 0.022410 0.072129 0.000449 0.069470 0.093962 0.031291 0.406467 0.039394 0.011082 0.021807 0.013154 
0.452181 0.071393 0.005312 0.065315 0.002419 0.045194 0.007428 0.143189 0.037845 0.004164 0.000547 0.028660 0.045914 0.090437 
0.297825 0.036191 0.005444 0.149446 0.023383 0.030773 0.023482 0.143694 0.004559 0.058519 0.005232 0.000097 0.170160 0.051194 
0.118781 0.047480 0.005287 0.011497 0.018024 0.312859 0.086152 0.240930 0.026807 0.015921 0.027800 0.005257 0.054859 0.028344 
0.270987 0.070771 0.005366 0.024738 0.032835 0.021416 0.041414 0.084483 0.029776 0.001730 0.023852 0.021029 0.058965 0.312639 
0.165339 0.001367 0.044092 0.056920 0.169386 0.022304 0.046133 0.091981 0.011296 0.297628 0.050511 0.010626 0.029594 0.002822 
0.448904 0.035621 0.021517 0.033428 0.090570 0.034975 0.013489 0.197746 0.017496 0.045483 0.003339 0.016297 0.027984 0.013151 
0.157039 0.114057 0.030737 0.012039 0.022711 0.008522 0.038797 0.119945 0.015441 0.018824 0.042719 0.005574 0.055917 0.357678 
0.090722 0.053103 0.026307 0.005439 0.030281 0.248114 0.091054 0.215799 0.071628 0.055433 0.023813 0.062240 0.021698 0.004370 
0.392062 0.060135 0.026080 0.039048 0.034440 0.000667 0.010437 0.168854 0.057348 0.040311 0.006912 0.046574 0.067533 0.049598 
0.032712 0.030155 0.058960 0.014433 0.022634 0.007918 0.248735 0.070521 0.287766 0.012253 0.014157 0.143977 0.000085 0.055694 
0.282085 0.011311 0.000103 0.039184 0.111740 0.020106 0.088569 0.281687 0.021744 0.007948 0.062046 0.015697 0.050110 0.007669 
0.177068 0.097737 0.010395 0.005172 0.011923 0.271881 0.005244 0.245600 0.038414 0.057340 0.000177 0.026786 0.018801 0.033462 
0.320211 0.073567 0.005444 0.059513 0.042186 0.070440 0.022808 0.119911 0.035926 0.021814 0.018075 0.011256 0.014709 0.184140 
0.126691 0.041729 0.077831 0.012395 0.022824 0.000522 0.088472 0.100154 0.239610 0.028508 0.053881 0.185133 0.013351 0.008896 
0.372126 0.007864 0.016913 0.080895 0.018269 0.036399 0.089660 0.173244 0.060226 0.025826 0.016527 0.032181 0.045474 0.024398 
0.046023 0.001409 0.102325 0.000223 0.533541 0.002095 0.008477 0.013285 0.003402 0.079294 0.203026 0.000012 0.005358 0.001530 
0.144190 0.025088 0.089588 0.000226 0.502076 0.000525 0.017683 0.061177 0.003492 0.024159 0.111044 0.006066 0.010089 0.004597 
0.164112 0.047913 0.000077 0.124676 0.025692 0.157410 0.053129 0.310789 0.004765 0.014051 0.016574 0.011227 0.051395 0.018191 
0.139056 0.005664 0.016250 0.053228 0.049104 0.042520 0.079805 0.293468 0.122248 0.015464 0.031910 0.074079 0.021647 0.055556 
0.163710 0.051079 0.031654 0.052020 0.231077 0.059689 0.018176 0.178214 0.007880 0.040245 0.091995 0.010660 0.060568 0.003035 
0.202087 0.026639 0.005431 0.050917 0.043187 0.044061 0.045815 0.352667 0.012341 0.018907 0.048961 0.016123 0.073544 0.059322 
0.085640 0.023756 0.068248 0.000411 0.010987 0.000199 0.297386 0.088878 0.242109 0.000129 0.026628 0.130013 0.000503 0.025115 
0.060475 0.018111 0.083483 0.018839 0.303362 0.056114 0.011117 0.063482 0.009187 0.247071 0.092655 0.005952 0.016614 0.013540 
0.079326 0.344603 0.191602 0.003024 0.077859 0.039977 0.051121 0.091122 0.031593 0.021169 0.014087 0.005372 0.025288 0.023857 
0.176656 0.050189 0.043347 0.069466 0.079050 0.059456 0.032069 0.135126 0.003056 0.217849 0.041564 0.005476 0.032694 0.054001 
0.466620 0.055502 0.000252 0.039692 0.015170 0.007117 0.037245 0.207030 0.013154 0.001641 0.000000 0.033449 0.024029 0.099100 
0.109037 0.021277 0.031328 0.007540 0.264199 0.020443 0.047160 0.065476 0.016458 0.302651 0.066960 0.016502 0.021527 0.009439 
0.072063 0.267073 0.116126 0.007970 0.026406 0.027845 0.028460 0.093885 0.143699 0.021751 0.005791 0.105037 0.012970 0.070924 
0.074181 0.064595 0.077262 0.020559 0.061504 0.008189 0.172431 0.110615 0.151865 0.159898 0.010546 0.043986 0.017238 0.027129 
0.235151 0.048548 0.022225 0.020662 0.157515 0.000949 0.064370 0.113134 0.030460 0.017857 0.028484 0.000075 0.036206 0.224363 
0.053317 0.032853 0.041590 0.004969 0.069936 0.000797 0.043517 0.008494 0.029942 0.687107 0.005372 0.005376 0.005518 0.011212 
0.030627 0.012464 0.021089 0.005436 0.001974 0.006724 0.400272 0.049175 0.318588 0.004308 0.023926 0.094965 0.000437 0.030016 
0.266750 0.055626 0.000068 0.043329 0.012635 0.008881 0.035344 0.044722 0.033894 0.009386 0.051466 0.000060 0.072402 0.365437 
0.284938 0.084391 0.010380 0.020322 0.016561 0.034880 0.005322 0.086260 0.017159 0.003031 0.027075 0.010804 0.072437 0.326439 
0.012281 0.465531 0.242911 0.006764 0.030321 0.081187 0.020891 0.037271 0.071544 0.006787 0.002104 0.016302 0.005290 0.000816 
0.004558 0.000418 0.050835 0.000406 0.027973 0.000090 0.000696 0.028713 0.000901 0.866607 0.017243 0.000071 0.000776 0.000712 
0.176664 0.033716 0.016070 0.018651 0.115605 0.117432 0.067858 0.174876 0.021826 0.034041 0.060875 0.010644 0.042340 0.109403 
0.139300 0.087447 0.056370 0.050449 0.068493 0.000615 0.007558 0.057777 0.000032 0.458506 0.004584 0.005403 0.059178 0.004288 
0.247163 0.392767 0.124427 0.023832 0.027748 0.064094 0.010909 0.044043 0.027857 0.000935 0.000000 0.010477 0.005688 0.020059 
0.370009 0.043024 0.000139 0.015271 0.004202 0.176980 0.021201 0.209258 0.029324 0.010635 0.000202 0.021319 0.052656 0.045781 
0.051399 0.465005 0.179074 0.014927 0.032783 0.001008 0.023178 0.068209 0.045418 0.005068 0.007571 0.025802 0.011225 0.069332 
0.447940 0.063098 0.010286 0.025912 0.018629 0.007312 0.062599 0.087505 0.034373 0.026157 0.015536 0.015910 0.061541 0.123200 
0.306843 0.011683 0.010782 0.137524 0.004338 0.040579 0.071588 0.195548 0.000388 0.023483 0.041802 0.016004 0.111228 0.028210 
0.262159 0.064171 0.000093 0.008067 0.029465 0.000262 0.070694 0.065220 0.001973 0.023933 0.026120 0.015842 0.039838 0.392165 
0.005973 0.536500 0.241448 0.000899 0.008887 0.016906 0.043065 0.059390 0.049021 0.017263 0.000338 0.015511 0.002276 0.002524 
0.240538 0.077224 0.000191 0.135893 0.036872 0.079264 0.075474 0.117909 0.006304 0.001257 0.043072 0.011811 0.102984 0.071209 
0.370355 0.055558 0.000082 0.032477 0.011504 0.000769 0.084776 0.128690 0.019841 0.050210 0.014275 0.010709 0.059934 0.160820 
0.193793 0.048931 0.037329 0.010248 0.041627 0.055965 0.153093 0.148461 0.143875 0.019728 0.023107 0.048904 0.048215 0.026724 
0.098754 0.056964 0.053460 0.012162 0.103482 0.155378 0.084207 0.294586 0.047020 0.015605 0.033690 0.016754 0.025171 0.002768 
0.223504 0.049152 0.005534 0.066587 0.011101 0.066104 0.067602 0.265146 0.035201 0.040140 0.032418 0.016194 0.087970 0.033347 
0.132974 0.022146 0.010526 0.054007 0.016937 0.296397 0.032515 0.279360 0.070441 0.028245 0.011352 0.005474 0.036027 0.003599 
0.113685 0.021007 0.031906 0.028497 0.019233 0.014867 0.294731 0.135227 0.200062 0.003215 0.021488 0.071825 0.033737 0.010521 
0.112027 0.034887 0.062119 0.080898 0.103727 0.003696 0.063899 0.102704 0.111441 0.125059 0.032793 0.055147 0.055439 0.056164 
0.046269 0.188370 0.114282 0.006776 0.304145 0.030287 0.008148 0.142176 0.010783 0.061541 0.039562 0.026652 0.012920 0.008089 
0.186553 0.060004 0.005533 0.023477 0.020205 0.010249 0.047417 0.136615 0.006647 0.007963 0.048813 0.022352 0.090107 0.334065 
0.466558 0.084840 0.005480 0.056432 0.002464 0.025625 0.008814 0.158762 0.044561 0.021998 0.000000 0.015985 0.035757 0.072724 
0.196657 0.017434 0.072640 0.028275 0.287263 0.058266 0.012270 0.154956 0.000838 0.046967 0.055446 0.015992 0.034033 0.018963 
0.183500 0.039615 0.021964 0.071989 0.081308 0.015712 0.105196 0.238871 0.010079 0.019161 0.066739 0.005498 0.100927 0.039441 
0.277135 0.038062 0.015676 0.000111 0.010145 0.000246 0.052966 0.051365 0.033167 0.003559 0.047300 0.041285 0.044650 0.384332 
0.047170 0.019328 0.046161 0.004563 0.283610 0.025909 0.064590 0.136571 0.123640 0.043506 0.079125 0.083637 0.015189 0.027000 
0.017895 0.043872 0.029069 0.000824 0.009100 0.010072 0.356314 0.067287 0.273601 0.073665 0.025613 0.081097 0.000660 0.010932 
0.017470 0.035530 0.046536 0.010000 0.004149 0.000242 0.387134 0.072698 0.265446 0.004164 0.061407 0.049697 0.005797 0.039730 
0.055039 0.142713 0.117850 0.000221 0.385191 0.019720 0.004470 0.031652 0.017226 0.075739 0.135682 0.005354 0.006820 0.002324 
0.057028 0.001509 0.052580 0.000202 0.039135 0.000407 0.466834 0.038813 0.238874 0.009550 0.014598 0.064820 0.000136 0.015512 
0.100544 0.083467 0.032194 0.009702 0.110914 0.258109 0.047604 0.204854 0.022925 0.036215 0.038458 0.021983 0.006587 0.026444 
0.261716 0.053186 0.055669 0.051521 0.004756 0.111582 0.005998 0.153629 0.061211 0.057939 0.008514 0.061698 0.033430 0.079151 
0.123355 0.103805 0.058559 0.042427 0.056463 0.049353 0.134701 0.191677 0.060380 0.011549 0.023162 0.058725 0.061735 0.024109 
0.158937 0.138895 0.043645 0.011725 0.028686 0.021791 0.030635 0.114731 0.005600 0.010053 0.046516 0.010912 0.034298 0.343575 
0.176424 0.024307 0.005244 0.039551 0.002037 0.308419 0.036086 0.264552 0.033734 0.034584 0.029302 0.015784 0.018395 0.011581 
0.046725 0.024907 0.054496 0.005235 0.045180 0.004051 0.004853 0.055525 0.070610 0.629764 0.023847 0.017085 0.011725 0.005997 
0.173108 0.041696 0.011048 0.002683 0.025618 0.006741 0.056038 0.061709 0.018403 0.060685 0.025962 0.005221 0.114923 0.396166 
0.020956 0.029340 0.081128 0.004815 0.038740 0.005265 0.093555 0.042488 0.091089 0.505155 0.012708 0.048710 0.000803 0.025249 
0.103322 0.041970 0.064244 0.039336 0.008922 0.000660 0.133789 0.102413 0.199648 0.054741 0.037022 0.171694 0.023795 0.018444 
0.203209 0.042793 0.016194 0.067050 0.125458 0.038946 0.046736 0.166439 0.020447 0.030111 0.095986 0.000092 0.111342 0.035197 
0.115730 0.252826 0.143382 0.015540 0.033450 0.023104 0.080270 0.192748 0.052062 0.011158 0.036922 0.005447 0.028425 0.008937 
0.082596 0.009580 0.021588 0.000216 0.103450 0.022131 0.020599 0.092900 0.090127 0.299244 0.038041 0.078780 0.020562 0.120187 
0.186279 0.085226 0.016015 0.102439 0.086404 0.001408 0.034894 0.203629 0.005763 0.038046 0.022859 0.010664 0.060990 0.145384 
0.176213 0.035487 0.016393 0.000134 0.087525 0.000771 0.246153 0.087097 0.238729 0.020763 0.052866 0.027258 0.005894 0.004717 
0.008067 0.199332 0.169508 0.000065 0.366796 0.000864 0.068813 0.058258 0.010965 0.014538 0.091086 0.010878 0.000105 0.000725 
0.185949 0.073128 0.010839 0.017226 0.031866 0.231381 0.063536 0.275478 0.012516 0.016051 0.021535 0.000128 0.033022 0.027342 
0.114749 0.112469 0.052679 0.007352 0.065657 0.000308 0.050410 0.050768 0.072386 0.348990 0.019794 0.017434 0.000190 0.086814 
0.184617 0.040989 0.057737 0.012501 0.091662 0.008501 0.030717 0.090764 0.012413 0.348063 0.050457 0.000110 0.036761 0.034708 
0.080952 0.010050 0.025912 0.070948 0.047454 0.001208 0.033309 0.029042 0.015920 0.621948 0.019765 0.010000 0.029517 0.003975 
0.033813 0.017468 0.026817 0.009825 0.031573 0.000398 0.324173 0.112931 0.213103 0.082888 0.044354 0.060876 0.000533 0.041246 
0.087030 0.016961 0.053601 0.001869 0.027463 0.002093 0.298914 0.086385 0.253595 0.009546 0.023816 0.117043 0.012112 0.009574 
0.047585 0.011120 0.072605 0.010584 0.397670 0.001790 0.098400 0.086321 0.090581 0.021398 0.089687 0.058859 0.010137 0.003263 
0.141523 0.138070 0.016731 0.038503 0.031561 0.206631 0.042136 0.285725 0.044159 0.007996 0.007594 0.016133 0.020889 0.002350 
0.110211 0.078224 0.005536 0.073840 0.003254 0.235416 0.078034 0.301354 0.041992 0.002229 0.009399 0.005479 0.042736 0.012296 
0.101969 0.002099 0.089147 0.026311 0.029212 0.009032 0.169706 0.149298 0.170298 0.020333 0.031255 0.101548 0.036423 0.063369 
0.186147 0.012817 0.027826 0.031539 0.086646 0.052471 0.060478 0.301215 0.035522 0.007768 0.037487 0.010940 0.114221 0.034923 
0.282415 0.019241 0.005648 0.187510 0.028749 0.032444 0.071401 0.205165 0.013671 0.014773 0.000837 0.000074 0.106303 0.031768 
0.115296 0.003522 0.072730 0.013316 0.002990 0.001297 0.297598 0.134371 0.204161 0.023574 0.026811 0.087712 0.013304 0.003319 
0.562140 0.043911 0.005523 0.019004 0.035752 0.021052 0.034469 0.150958 0.014235 0.001589 0.029378 0.027402 0.025487 0.029100 
0.117740 0.468920 0.127387 0.000518 0.049714 0.018479 0.019867 0.094560 0.036678 0.052678 0.006515 0.005149 0.000336 0.001459 
