-414240.269484
0
0.089772 0.038894 0.028758 0.023403 0.000000 0.000000 0.012088 0.000000 0.003993 0.000000 0.000000 0.000000 0.000000 0.000000 0.003775 0.000000 0.000000 0.000000 0.000000 0.000000 0.000000 0.000000 0.000000 0.000000 0.077973 0.121359 0.000000 0.063166 0.000000 0.004444 0.000000 0.000000 0.000000 0.000000 0.000000 0.000000 0.030150 0.000847 0.079061 0.000000 0.000000 0.000000 0.000000 0.000000 0.000000 0.000000 0.000000 0.000000 0.064686 0.085785 0.032073 0.000000 0.003435 0.000000 0.008871 0.000000 0.000000 0.000000 0.000000 0.000000 0.009423 0.000000 0.027454 0.000000 0.000000 0.000000 0.000000 0.000000 0.000000 0.000000 0.000000 0.000000 0.056023 0.103302 0.018796 0.000000 0.000000 0.000000 0.001698 0.000000 0.000000 0.000000 0.000000 0.000000 0.000000 0.000000 0.010770 0.000000 0.000000 0.000000 0.000000 0.000000 0.000000 0.000000 0.000000 0.000000 
0.000000 0.000000 0.000000 0.000000 0.000000 0.000000 0.000000 0.000000 0.000000 0.026686 0.000000 0.000000 0.000000 0.000000 0.000000 0.002466 0.000000 0.000000 0.000000 0.000000 0.000000 0.000000 0.000000 0.000000 0.000000 0.000000 0.000000 0.000000 0.000000 0.000000 0.000000 0.000000 0.111249 0.136566 0.022772 0.101400 0.000000 0.000000 0.000000 0.000000 0.000000 0.000000 0.000000 0.000000 0.000000 0.000821 0.000000 0.000000 0.000000 0.000000 0.000000 0.000000 0.000000 0.000000 0.000000 0.000000 0.000000 0.024510 0.000000 0.017511 0.000000 0.000000 0.000000 0.000000 0.000000 0.000000 0.000000 0.009365 0.000000 0.000000 0.000000 0.000000 0.000000 0.000000 0.000000 0.000000 0.000000 0.000000 0.000000 0.000000 0.097300 0.361792 0.000000 0.087562 0.000000 0.000000 0.000000 0.000000 0.000000 0.000000 0.000000 0.000000 0.000000 0.000000 0.000000 0.000000 
0.000000 0.000000 0.000000 0.000000 0.000000 0.000000 0.000000 0.000000 0.008785 0.000000 0.000000 0.000000 0.000000 0.000000 0.000000 0.000000 0.000000 0.000000 0.000000 0.000000 0.000000 0.000000 0.000000 0.000000 0.000000 0.000000 0.000000 0.000000 0.000000 0.000000 0.000000 0.000000 0.003862 0.000000 0.001749 0.001736 0.000000 0.000000 0.000000 0.000000 0.000000 0.000000 0.000000 0.000000 0.000000 0.000000 0.000000 0.000000 0.000000 0.000000 0.000000 0.000000 0.000000 0.000000 0.000000 0.000000 0.005627 0.000000 0.000000 0.000000 0.000000 0.000000 0.000000 0.000000 0.000000 0.000000 0.000000 0.000000 0.000000 0.000000 0.000000 0.000000 0.014309 0.004113 0.001193 0.000000 0.044316 0.000000 0.001552 0.077578 0.503168 0.056996 0.000000 0.275016 0.000000 0.000000 0.000000 0.000000 0.000000 0.000000 0.000000 0.000000 0.000000 0.000000 0.000000 0.000000 
0.000000 0.000000 0.000000 0.000000 0.000000 0.000000 0.000000 0.000000 0.000000 0.000000 0.000000 0.000000 0.016685 0.000000 0.000000 0.000000 0.000000 0.000000 0.000000 0.000000 0.137206 0.018128 0.000000 0.030872 0.000000 0.000000 0.000000 0.000000 0.000000 0.000000 0.000000 0.000000 0.000000 0.000000 0.000000 0.000000 0.027849 0.000000 0.000000 0.000000 0.000000 0.000000 0.000000 0.000000 0.090243 0.023002 0.000000 0.142696 0.000000 0.017749 0.000000 0.000000 0.000000 0.000000 0.000000 0.006284 0.000000 0.000000 0.000000 0.005945 0.000000 0.000000 0.000000 0.000000 0.000000 0.000000 0.000000 0.000000 0.000000 0.000000 0.000000 0.058291 0.000000 0.000000 0.000000 0.000000 0.000000 0.000000 0.000000 0.000000 0.000000 0.000000 0.000000 0.000000 0.042438 0.000000 0.012087 0.000000 0.000000 0.000000 0.010771 0.000000 0.202893 0.000000 0.029465 0.127396 
0.000000 0.064810 0.000000 0.067215 0.000000 0.000000 0.000000 0.000000 0.039277 0.000000 0.000000 0.029009 0.032363 0.034609 0.031667 0.034333 0.000000 0.000000 0.000000 0.018687 0.000000 0.000000 0.000000 0.000000 0.049789 0.000000 0.000000 0.019575 0.000000 0.000000 0.000000 0.000000 0.000000 0.000000 0.000000 0.056443 0.000000 0.054610 0.000000 0.070395 0.000000 0.016574 0.000000 0.000000 0.000000 0.000000 0.000000 0.000000 0.040287 0.000000 0.000000 0.079468 0.000000 0.000000 0.000000 0.000000 0.000000 0.000000 0.000000 0.006625 0.021338 0.018188 0.000000 0.045641 0.000000 0.000000 0.000000 0.000000 0.000000 0.000000 0.000000 0.006122 0.015369 0.000000 0.000000 0.000000 0.000000 0.000000 0.000000 0.000000 0.000000 0.000000 0.000000 0.000000 0.042245 0.030220 0.000000 0.060213 0.000000 0.000000 0.000000 0.000000 0.000000 0.000000 0.014929 0.000000 
0.017273 0.000000 0.000000 0.000000 0.000000 0.000000 0.000000 0.000000 0.000000 0.000000 0.000000 0.000000 0.000000 0.000000 0.021138 0.039278 0.000000 0.000000 0.000000 0.064637 0.000000 0.000000 0.022560 0.019781 0.000000 0.000000 0.000000 0.000000 0.000000 0.000000 0.000000 0.000000 0.000000 0.000000 0.000000 0.000000 0.000000 0.000000 0.000000 0.000000 0.052627 0.048625 0.049119 0.094672 0.000000 0.000000 0.036875 0.029063 0.000000 0.000000 0.000000 0.000000 0.000000 0.004697 0.000000 0.000000 0.000000 0.000000 0.000000 0.000000 0.000000 0.000000 0.015749 0.000000 0.000000 0.037172 0.041954 0.049681 0.010577 0.000000 0.017148 0.000000 0.038441 0.000000 0.000000 0.000000 0.000000 0.000000 0.000000 0.000000 0.000000 0.000000 0.000000 0.000000 0.007080 0.000000 0.032690 0.023575 0.034087 0.046096 0.000000 0.086920 0.000000 0.020554 0.000000 0.037932 
0.000000 0.000000 0.000000 0.000000 0.098009 0.031362 0.000000 0.070112 0.004502 0.008898 0.000000 0.000000 0.000000 0.000000 0.000000 0.000000 0.000000 0.000000 0.000000 0.000000 0.000000 0.002736 0.017706 0.000000 0.000000 0.000000 0.000000 0.000000 0.071068 0.052924 0.021699 0.091019 0.032014 0.000000 0.000000 0.000000 0.000000 0.000000 0.000000 0.005181 0.000000 0.000000 0.000000 0.000000 0.000000 0.016061 0.012397 0.000000 0.000000 0.000000 0.000000 0.000000 0.039578 0.041462 0.000000 0.067795 0.000000 0.000000 0.000000 0.000000 0.000000 0.008656 0.000000 0.000000 0.000000 0.000000 0.000000 0.000000 0.000000 0.000000 0.036008 0.011378 0.000000 0.018663 0.000000 0.000000 0.040035 0.074854 0.009451 0.081459 0.000000 0.000000 0.000000 0.000000 0.000000 0.007843 0.000000 0.000000 0.000000 0.000000 0.000000 0.000000 0.000000 0.002033 0.025100 0.000000 
0.000000 0.000000 0.000000 0.014048 0.000000 0.000000 0.000000 0.000000 0.000000 0.000000 0.000000 0.000000 0.000000 0.000000 0.000000 0.000000 0.000000 0.000000 0.000000 0.000000 0.000000 0.004728 0.000000 0.020477 0.000000 0.000000 0.000000 0.019918 0.000000 0.000000 0.000000 0.000000 0.000000 0.000000 0.000000 0.000000 0.000000 0.000000 0.000000 0.000000 0.000000 0.000000 0.000000 0.000000 0.000000 0.000000 0.004806 0.024095 0.000000 0.000000 0.000000 0.008501 0.000000 0.000000 0.000000 0.000000 0.000000 0.005361 0.011205 0.020383 0.000000 0.000000 0.000000 0.000000 0.003683 0.014322 0.004070 0.016801 0.000000 0.011679 0.000000 0.002861 0.069024 0.011831 0.004923 0.537246 0.000000 0.000000 0.000000 0.000000 0.000000 0.000000 0.000000 0.057773 0.000000 0.000000 0.000000 0.000000 0.001396 0.009293 0.008044 0.011120 0.000000 0.013080 0.000000 0.089330 
0.043315 0.000000 0.000000 0.000000 0.000000 0.023896 0.000000 0.018231 0.047742 0.037975 0.000000 0.062627 0.028540 0.000000 0.000000 0.000000 0.186381 0.084191 0.129058 0.040824 0.000000 0.000000 0.000000 0.000000 0.000000 0.000000 0.000000 0.000000 0.000000 0.000000 0.000000 0.000000 0.053828 0.026311 0.000000 0.037857 0.000000 0.000000 0.000000 0.000000 0.000000 0.000000 0.000000 0.000000 0.000000 0.000000 0.000000 0.000000 0.000000 0.000000 0.000000 0.000000 0.000000 0.000000 0.000000 0.000000 0.000000 0.000000 0.000000 0.000000 0.000000 0.000000 0.000000 0.000000 0.070236 0.000000 0.000000 0.000000 0.000000 0.000000 0.000000 0.000000 0.000000 0.000000 0.002985 0.000000 0.000000 0.000000 0.000000 0.000000 0.000000 0.000000 0.000000 0.000000 0.000000 0.000000 0.000000 0.000000 0.044024 0.018904 0.043076 0.000000 0.000000 0.000000 0.000000 0.000000 
0.000000 0.000000 0.000000 0.000000 0.000000 0.000000 0.000000 0.000000 0.048939 0.021843 0.000000 0.018776 0.000000 0.005391 0.000000 0.000000 0.000000 0.000000 0.022064 0.000000 0.000000 0.003755 0.000000 0.003768 0.009502 0.025883 0.022123 0.080426 0.000000 0.000000 0.000000 0.000000 0.000000 0.014007 0.075194 0.003886 0.000000 0.003618 0.000000 0.000000 0.009419 0.000000 0.045462 0.000000 0.000000 0.007703 0.004309 0.011253 0.000000 0.009206 0.000000 0.012192 0.000000 0.006884 0.000000 0.000000 0.138249 0.134397 0.078311 0.098281 0.000000 0.003326 0.000000 0.000000 0.017719 0.008673 0.017544 0.000000 0.000000 0.000000 0.000000 0.004110 0.000000 0.000000 0.000000 0.000000 0.000000 0.000000 0.000000 0.000000 0.000000 0.000000 0.000000 0.000000 0.000000 0.000000 0.000000 0.000000 0.008073 0.000000 0.019469 0.000000 0.000000 0.000966 0.000000 0.005278 
0.000000 0.000000 0.000000 0.000000 0.000000 0.000000 0.000000 0.000000 0.000000 0.000000 0.000000 0.023969 0.000000 0.000000 0.000000 0.000000 0.000000 0.000000 0.000000 0.000000 0.000000 0.000000 0.000000 0.000000 0.000000 0.000000 0.000000 0.000000 0.000000 0.000000 0.000000 0.000000 0.000000 0.000000 0.000000 0.000000 0.000000 0.000000 0.000000 0.000000 0.000000 0.000000 0.000000 0.000000 0.000000 0.000000 0.000000 0.000000 0.000000 0.000000 0.000000 0.000000 0.000000 0.000000 0.000000 0.000000 0.000000 0.000000 0.000000 0.000000 0.000000 0.000000 0.000000 0.000000 0.000000 0.000000 0.000000 0.000000 0.000000 0.000000 0.000000 0.000000 0.000000 0.000000 0.000000 0.000000 0.000000 0.000000 0.000000 0.000000 0.000000 0.000000 0.976031 0.000000 0.000000 0.000000 0.000000 0.000000 0.000000 0.000000 0.000000 0.000000 0.000000 0.000000 0.000000 0.000000 
0.000000 0.004626 0.000000 0.000000 0.000000 0.000000 0.000000 0.000000 0.012385 0.013428 0.441082 0.000000 0.000000 0.000000 0.000000 0.007598 0.000000 0.000000 0.000000 0.000000 0.000000 0.000000 0.000000 0.000000 0.000000 0.000000 0.000000 0.000000 0.000000 0.000000 0.000000 0.000000 0.013355 0.000000 0.202453 0.000000 0.000000 0.000000 0.000000 0.000000 0.000000 0.004920 0.000000 0.000000 0.000000 0.000000 0.000000 0.000000 0.000000 0.000000 0.000000 0.000000 0.000000 0.000000 0.000000 0.000000 0.000000 0.000000 0.273825 0.000000 0.000000 0.000000 0.000000 0.000000 0.000000 0.000000 0.000000 0.016681 0.000000 0.000000 0.000000 0.000000 0.000000 0.009646 0.000000 0.000000 0.000000 0.000000 0.000000 0.000000 0.000000 0.000000 0.000000 0.000000 0.000000 0.000000 0.000000 0.000000 0.000000 0.000000 0.000000 0.000000 0.000000 0.000000 0.000000 0.000000 
0.100209 0.544885 0.033188 0.000193 0.080839 0.041707 0.016065 0.001757 0.054105 0.036885 0.082270 0.007898 
0.021942 0.108705 0.025576 0.000398 0.031247 0.026026 0.027775 0.387556 0.071752 0.044586 0.135000 0.119438 
0.025213 0.143973 0.049227 0.000241 0.017875 0.039126 0.029864 0.415142 0.057283 0.066924 0.132157 0.022974 
0.067268 0.069543 0.003779 0.017780 0.028923 0.066085 0.020926 0.038290 0.006939 0.392192 0.046112 0.242163 
0.101034 0.039874 0.003229 0.000309 0.168501 0.095083 0.031605 0.083122 0.044897 0.239111 0.065562 0.127671 
0.222689 0.069970 0.002763 0.023625 0.085263 0.112699 0.078973 0.069757 0.129724 0.182847 0.010278 0.011412 
0.061545 0.057508 0.592454 0.000167 0.008307 0.001104 0.020823 0.163420 0.001404 0.042023 0.050000 0.001246 
0.049037 0.106801 0.260776 0.083218 0.086769 0.164118 0.013733 0.034151 0.031289 0.060122 0.045790 0.064198 
0.198396 0.072377 0.055266 0.034067 0.124206 0.179872 0.141912 0.030844 0.053946 0.103264 0.005000 0.000850 
0.045772 0.259403 0.036180 0.008786 0.162875 0.176480 0.182096 0.032180 0.038126 0.032039 0.025362 0.000700 
0.239354 0.025903 0.026531 0.006827 0.149093 0.106517 0.071033 0.064045 0.040525 0.135199 0.040461 0.094513 
0.129718 0.019642 0.016157 0.062205 0.153088 0.102938 0.296679 0.072296 0.097346 0.044449 0.000062 0.005419 
0.000187 0.629624 0.042938 0.002170 0.025552 0.069900 0.001116 0.002240 0.025724 0.048093 0.085472 0.066985 
0.266280 0.052783 0.009610 0.005670 0.133833 0.174940 0.100939 0.065672 0.095502 0.086883 0.005189 0.002699 
0.222036 0.061107 0.014410 0.000074 0.047045 0.056548 0.058314 0.095571 0.028140 0.235622 0.055000 0.126134 
0.057831 0.025767 0.008488 0.021003 0.190472 0.121516 0.240167 0.029541 0.123233 0.102735 0.025390 0.053856 
0.007558 0.203318 0.011567 0.008339 0.040181 0.023834 0.001870 0.436310 0.017120 0.046383 0.167693 0.035827 
0.056769 0.061079 0.354438 0.021815 0.027305 0.040524 0.003192 0.042557 0.055408 0.073469 0.075000 0.188445 
0.093028 0.048918 0.022372 0.073422 0.090207 0.172399 0.103425 0.074832 0.179942 0.085595 0.025776 0.030083 
0.064175 0.116109 0.123223 0.000241 0.170292 0.081763 0.067512 0.054217 0.075864 0.086910 0.045875 0.113820 
0.115063 0.023467 0.026719 0.234559 0.111757 0.207234 0.054823 0.043362 0.114804 0.053113 0.000046 0.015053 
0.133236 0.061819 0.152558 0.014297 0.143039 0.108356 0.077363 0.063327 0.038220 0.062677 0.071771 0.073337 
0.122364 0.049369 0.014848 0.014207 0.179552 0.050354 0.010533 0.023924 0.079298 0.312439 0.020929 0.122183 
0.043951 0.248867 0.021225 0.000226 0.039002 0.066364 0.000492 0.208962 0.003591 0.113329 0.167560 0.086431 
0.147358 0.047089 0.012752 0.016445 0.073924 0.156320 0.066591 0.045381 0.056029 0.253316 0.015174 0.109621 
0.021350 0.311528 0.035156 0.123715 0.083318 0.152297 0.011699 0.019028 0.029124 0.108947 0.075000 0.028837 
0.014454 0.012858 0.019728 0.000332 0.059494 0.044386 0.018965 0.010277 0.029053 0.584549 0.042272 0.163632 
0.120355 0.059523 0.051390 0.009266 0.109139 0.172511 0.249166 0.033375 0.095036 0.099544 0.000048 0.000649 
0.112109 0.077488 0.025044 0.015806 0.115842 0.162345 0.166291 0.099339 0.108012 0.105438 0.010321 0.001966 
0.029122 0.030543 0.005939 0.195121 0.119180 0.197535 0.036152 0.087321 0.102948 0.100729 0.015312 0.080098 
0.066334 0.053586 0.017642 0.000505 0.080242 0.114139 0.083977 0.337589 0.043354 0.057729 0.138396 0.006506 
0.097127 0.064520 0.034363 0.023886 0.132351 0.214609 0.099965 0.050337 0.135447 0.121692 0.010359 0.015344 
0.063389 0.031623 0.048425 0.031177 0.124615 0.108861 0.014262 0.032924 0.075616 0.109610 0.085000 0.274497 
0.003095 0.476698 0.373821 0.000003 0.010653 0.013657 0.019871 0.008905 0.000671 0.006386 0.075000 0.011242 
0.022768 0.072844 0.018385 0.000226 0.028372 0.119459 0.014395 0.071084 0.106254 0.140283 0.072886 0.333044 
0.136447 0.231395 0.030752 0.011497 0.221445 0.065978 0.031669 0.014281 0.073027 0.091017 0.025462 0.067030 
0.171759 0.029960 0.194646 0.000062 0.084444 0.012455 0.137740 0.015934 0.035432 0.180611 0.015448 0.121511 
0.139565 0.012064 0.013566 0.021664 0.302273 0.075528 0.120096 0.105907 0.119738 0.012038 0.040839 0.036722 
0.074701 0.026925 0.018760 0.000157 0.070433 0.016125 0.023632 0.361602 0.055223 0.063760 0.136590 0.152093 
0.119789 0.003982 0.008171 0.007674 0.186979 0.128818 0.285574 0.045765 0.155716 0.046617 0.000055 0.010859 
0.002556 0.027472 0.601257 0.006839 0.029372 0.003956 0.013538 0.212819 0.010429 0.035154 0.055000 0.001609 
0.182937 0.069741 0.468741 0.000079 0.036417 0.009549 0.070631 0.060116 0.024524 0.050689 0.025706 0.000869 
0.102934 0.070561 0.011781 0.000302 0.128194 0.179272 0.141125 0.049564 0.141266 0.114778 0.025607 0.034615 
0.011181 0.023082 0.058266 0.000228 0.043732 0.009611 0.002095 0.016015 0.058029 0.571149 0.056583 0.150029 
0.041889 0.201723 0.064051 0.036143 0.147476 0.128802 0.170088 0.010080 0.100780 0.066557 0.021255 0.011155 
0.010242 0.072539 0.039498 0.105311 0.015712 0.190777 0.001890 0.295205 0.081787 0.009287 0.131710 0.046042 
0.168436 0.052191 0.044045 0.012277 0.056503 0.048492 0.026475 0.262663 0.065432 0.074242 0.100000 0.089245 
0.006300 0.620724 0.032464 0.000125 0.071338 0.080249 0.027054 0.007481 0.040870 0.033949 0.072380 0.007067 
0.122538 0.005464 0.000406 0.017395 0.174904 0.080462 0.072230 0.016709 0.082373 0.249920 0.030708 0.146890 
0.019713 0.676963 0.032303 0.000074 0.032691 0.067944 0.023170 0.001502 0.006616 0.018511 0.120000 0.000514 
0.110291 0.180683 0.005740 0.009616 0.165577 0.065293 0.094113 0.196884 0.067667 0.013853 0.079135 0.011147 
0.086201 0.003886 0.039728 0.000392 0.105151 0.051288 0.050175 0.040912 0.086388 0.359203 0.030696 0.145980 
0.468503 0.052390 0.000923 0.000052 0.151313 0.035815 0.090736 0.059593 0.075421 0.053294 0.010252 0.001707 
0.052954 0.026530 0.201637 0.000124 0.024606 0.005189 0.032867 0.009009 0.019843 0.372411 0.025317 0.229513 
0.040927 0.081338 0.287123 0.016563 0.112452 0.108473 0.059318 0.080468 0.081862 0.013761 0.083669 0.034045 
0.209516 0.087818 0.015236 0.000354 0.119552 0.077633 0.027388 0.050850 0.068211 0.149477 0.015000 0.178965 
0.075736 0.236857 0.036507 0.043028 0.102592 0.214274 0.068230 0.010435 0.061445 0.092830 0.015209 0.042857 
0.300568 0.079855 0.001369 0.000324 0.161530 0.095969 0.134369 0.087960 0.063074 0.052812 0.005073 0.017095 
0.016798 0.168968 0.018150 0.000267 0.012509 0.059598 0.006731 0.180281 0.020674 0.288858 0.082107 0.145057 
0.058170 0.060278 0.009164 0.000151 0.046943 0.066864 0.025464 0.037311 0.056623 0.437190 0.036238 0.165604 
0.100236 0.024336 0.027874 0.282478 0.074639 0.272443 0.049127 0.035989 0.043549 0.059450 0.005115 0.024764 
0.016465 0.180427 0.210269 0.011813 0.017494 0.046686 0.001413 0.026782 0.021324 0.297219 0.090000 0.080109 
0.014018 0.051721 0.099098 0.062938 0.029062 0.095613 0.012880 0.113695 0.028046 0.338220 0.025317 0.129393 
0.104681 0.003629 0.017490 0.157666 0.307670 0.167976 0.061562 0.068972 0.069003 0.016076 0.000039 0.025237 
0.021706 0.219806 0.010848 0.026174 0.096597 0.026467 0.009803 0.183191 0.039199 0.089175 0.088401 0.188632 
0.028020 0.051388 0.174476 0.041051 0.055468 0.056907 0.073712 0.079374 0.079953 0.212771 0.074968 0.071912 
0.063715 0.036278 0.011844 0.066115 0.150258 0.246050 0.057362 0.103496 0.088444 0.087053 0.045860 0.043523 
0.223383 0.038773 0.010267 0.007178 0.085524 0.100201 0.094849 0.204167 0.064321 0.078735 0.057887 0.034715 
0.023920 0.319507 0.292084 0.016150 0.075618 0.121510 0.008140 0.004185 0.051027 0.020174 0.067101 0.000584 
0.079516 0.028570 0.081011 0.013539 0.226490 0.134638 0.264335 0.051718 0.051958 0.044696 0.010239 0.013290 
0.094192 0.048989 0.024270 0.027235 0.189362 0.159746 0.071552 0.023937 0.179296 0.125543 0.020385 0.035495 
0.058204 0.022818 0.041391 0.015972 0.059490 0.065596 0.114304 0.038552 0.063363 0.381390 0.000055 0.138866 
0.101624 0.365017 0.166350 0.020179 0.052190 0.044332 0.058017 0.081346 0.003557 0.035858 0.061760 0.009769 
0.048732 0.248539 0.343232 0.000633 0.059049 0.027658 0.136168 0.051707 0.017577 0.023805 0.041091 0.001810 
0.077147 0.008735 0.408308 0.010741 0.205516 0.041575 0.090732 0.050566 0.057868 0.020852 0.025287 0.002673 
0.116056 0.039013 0.015257 0.008510 0.078211 0.056723 0.035984 0.018171 0.105890 0.126081 0.077786 0.322316 
0.091310 0.578905 0.013675 0.009208 0.056949 0.050519 0.037306 0.014446 0.008711 0.043406 0.094033 0.001533 
0.127697 0.034327 0.006057 0.026035 0.236101 0.118906 0.298181 0.033538 0.053860 0.048753 0.000031 0.016514 
0.168249 0.032960 0.032845 0.014650 0.171120 0.078866 0.271865 0.041671 0.089994 0.068228 0.005183 0.024369 
0.063661 0.099000 0.009303 0.016545 0.064081 0.087442 0.065192 0.057295 0.066540 0.283478 0.020855 0.166609 
0.006940 0.505745 0.095314 0.010573 0.011610 0.062884 0.046859 0.059158 0.032674 0.017724 0.137806 0.012713 
0.205276 0.018290 0.012564 0.015114 0.205461 0.130169 0.222634 0.053860 0.102323 0.026420 0.000041 0.007848 
0.103181 0.065012 0.062347 0.055346 0.104665 0.162471 0.120906 0.123605 0.039400 0.064536 0.050745 0.047786 
0.078516 0.100691 0.001434 0.000220 0.068389 0.038417 0.027360 0.014757 0.142367 0.173373 0.065993 0.288484 
0.506102 0.039826 0.001026 0.000010 0.170262 0.014644 0.128888 0.035973 0.025452 0.076812 0.000043 0.000961 
0.356155 0.139504 0.002521 0.000075 0.085408 0.021948 0.110720 0.041708 0.036877 0.072871 0.041346 0.090868 
0.083684 0.032989 0.038107 0.038561 0.170229 0.142911 0.250430 0.036576 0.109235 0.073946 0.005223 0.018109 
0.058654 0.020632 0.002742 0.020366 0.040929 0.069720 0.007611 0.024318 0.019379 0.362301 0.046594 0.326755 
0.076852 0.014684 0.000649 0.009913 0.102538 0.105148 0.016737 0.377291 0.040347 0.101915 0.121367 0.032558 
0.030137 0.035164 0.010020 0.022460 0.038276 0.112080 0.024333 0.390424 0.073611 0.107891 0.102336 0.053268 
0.049025 0.073741 0.027959 0.000398 0.089931 0.027970 0.028009 0.028648 0.064538 0.191885 0.047459 0.370438 
0.027575 0.642130 0.020015 0.000157 0.046696 0.055231 0.003040 0.031124 0.015339 0.033420 0.122364 0.002910 
0.126246 0.032765 0.002744 0.008229 0.138912 0.037126 0.074936 0.331842 0.050114 0.029951 0.156588 0.010547 
0.131762 0.228919 0.057670 0.009917 0.216317 0.082012 0.032159 0.056859 0.057479 0.021766 0.072843 0.032297 
0.023825 0.027217 0.004133 0.000240 0.022132 0.020740 0.000753 0.023989 0.050533 0.505707 0.035601 0.285130 
0.113629 0.110495 0.058793 0.011275 0.247503 0.123045 0.122368 0.030607 0.110849 0.021742 0.010360 0.039333 
0.077331 0.043357 0.028455 0.043010 0.084033 0.129619 0.187707 0.002058 0.107651 0.220207 0.020360 0.056210 
0.047903 0.018612 0.000208 0.231858 0.168375 0.259109 0.047451 0.044019 0.109256 0.046391 0.000028 0.026791 
0.057276 0.212636 0.011416 0.014730 0.128627 0.114543 0.155128 0.084189 0.114025 0.075998 0.030851 0.000582 
0.016505 0.435486 0.041786 0.000118 0.041848 0.075097 0.000708 0.012006 0.034522 0.092038 0.070000 0.179885 
0.396099 0.037436 0.012361 0.007910 0.150113 0.074200 0.106372 0.034594 0.062054 0.095462 0.005000 0.018399 
0.311159 0.247640 0.109039 0.000072 0.122399 0.024184 0.068275 0.022981 0.014837 0.043715 0.030589 0.005109 
0.240144 0.322936 0.057287 0.000075 0.085309 0.054931 0.022017 0.015336 0.020077 0.094869 0.046625 0.040393 
0.031080 0.010545 0.103389 0.183966 0.181685 0.189369 0.115653 0.071300 0.040757 0.032413 0.015880 0.023963 
0.180040 0.020858 0.118693 0.000428 0.355189 0.097757 0.044066 0.066825 0.043521 0.010667 0.021124 0.040831 
0.022215 0.049447 0.014146 0.028245 0.038811 0.028152 0.020732 0.283774 0.089535 0.086302 0.097121 0.241519 
0.021547 0.082858 0.609666 0.000349 0.013373 0.034761 0.041400 0.018929 0.030413 0.066280 0.040000 0.040424 
0.128110 0.056237 0.005426 0.018075 0.309305 0.027192 0.059024 0.243784 0.052686 0.021901 0.041442 0.036818 
0.024403 0.068139 0.018161 0.025549 0.017606 0.105215 0.054510 0.406533 0.062575 0.008592 0.176942 0.031776 
0.128932 0.028786 0.025595 0.000283 0.175152 0.197986 0.153810 0.113857 0.081610 0.028172 0.036112 0.029705 
0.133614 0.044146 0.017045 0.001164 0.155828 0.208519 0.226596 0.022363 0.109669 0.075977 0.005000 0.000078 
0.243882 0.123347 0.041114 0.000197 0.139084 0.109072 0.103299 0.046504 0.099431 0.053925 0.020209 0.019937 
0.017556 0.100621 0.015291 0.009357 0.052005 0.089343 0.022738 0.040428 0.105947 0.141216 0.073438 0.332060 
0.290528 0.073944 0.001677 0.014576 0.211327 0.104634 0.048109 0.130086 0.032051 0.024553 0.041008 0.027507 
0.042727 0.069035 0.339391 0.013450 0.106401 0.169185 0.067359 0.012360 0.110367 0.033787 0.025827 0.010111 
0.045875 0.041217 0.029701 0.025177 0.059656 0.058819 0.044966 0.429779 0.063630 0.040656 0.136496 0.024028 
0.282158 0.023584 0.013074 0.000518 0.357805 0.067450 0.102464 0.068713 0.047575 0.019040 0.000051 0.017566 
0.059428 0.024931 0.000720 0.252804 0.145599 0.165325 0.041852 0.062951 0.140315 0.052665 0.005051 0.048358 
0.188195 0.392379 0.013622 0.029144 0.116641 0.072738 0.028349 0.009603 0.025696 0.023431 0.074768 0.025433 
0.031032 0.267045 0.044320 0.007821 0.085672 0.050493 0.012408 0.018655 0.018071 0.221160 0.060768 0.182556 
0.281370 0.274920 0.028661 0.000218 0.114453 0.089095 0.052277 0.027613 0.034588 0.054032 0.035566 0.007209 
0.054229 0.052234 0.012938 0.025418 0.042851 0.087233 0.065110 0.382699 0.060641 0.077099 0.116455 0.023094 
0.103565 0.063878 0.127555 0.043411 0.074212 0.093482 0.051767 0.002327 0.125092 0.190329 0.015135 0.109247 
0.408901 0.129534 0.011641 0.000058 0.084262 0.004237 0.056327 0.044934 0.022420 0.199996 0.005284 0.032404 
0.059005 0.099734 0.405950 0.000202 0.077448 0.041656 0.051960 0.047984 0.077257 0.092196 0.025650 0.020958 
0.182269 0.002494 0.003768 0.026842 0.337848 0.126612 0.094575 0.073176 0.057213 0.034522 0.005209 0.055473 
0.132135 0.019639 0.061494 0.028707 0.191441 0.076315 0.316171 0.038704 0.101354 0.027966 0.005175 0.000899 
0.059213 0.031094 0.013875 0.278977 0.062983 0.205439 0.061934 0.050310 0.114298 0.104386 0.005065 0.012427 
0.335127 0.047643 0.001126 0.014345 0.210606 0.071944 0.095347 0.070882 0.030174 0.078921 0.005074 0.038811 
0.026663 0.201009 0.308394 0.012727 0.126265 0.077939 0.067083 0.009325 0.057323 0.056105 0.040514 0.016654 
0.181486 0.085023 0.056656 0.030660 0.263891 0.097741 0.033813 0.043767 0.139935 0.019083 0.020585 0.027360 
0.369649 0.045391 0.010291 0.008214 0.083148 0.026180 0.089789 0.121163 0.121271 0.083974 0.030000 0.010930 
0.024237 0.039208 0.056505 0.189787 0.046716 0.215759 0.015284 0.055189 0.097966 0.127849 0.025584 0.105917 
0.150697 0.032684 0.043072 0.000074 0.285678 0.096738 0.094962 0.063128 0.092821 0.024050 0.025824 0.090270 
0.058294 0.024247 0.015166 0.007870 0.021655 0.020022 0.007344 0.033361 0.073501 0.366125 0.057000 0.315415 
0.072552 0.149105 0.005160 0.009831 0.194296 0.141274 0.091240 0.012583 0.191724 0.107877 0.000036 0.024323 
0.066202 0.008455 0.060382 0.198874 0.121419 0.272275 0.020517 0.097868 0.075605 0.009307 0.010000 0.059095 
0.273492 0.055687 0.021769 0.050520 0.199971 0.104186 0.071740 0.083538 0.061736 0.036254 0.005068 0.036038 
0.043409 0.047462 0.024264 0.000188 0.074026 0.027120 0.024792 0.050234 0.138602 0.149813 0.073969 0.346123 
0.118068 0.023108 0.026603 0.020136 0.284724 0.126142 0.102519 0.034785 0.064087 0.119433 0.015653 0.064743 
0.007170 0.751130 0.063598 0.001269 0.036170 0.004667 0.006533 0.001808 0.016357 0.008233 0.102451 0.000614 
0.036478 0.601376 0.024295 0.000061 0.089735 0.041493 0.015824 0.023428 0.054341 0.018707 0.086185 0.008077 
0.047895 0.028901 0.015611 0.104924 0.121283 0.271185 0.163335 0.048304 0.125827 0.059633 0.000014 0.013087 
0.086057 0.062083 0.014444 0.000507 0.062742 0.241888 0.064592 0.005087 0.171308 0.127496 0.015375 0.148422 
0.024667 0.311224 0.033029 0.061951 0.123221 0.104796 0.112375 0.054120 0.109397 0.019225 0.030315 0.015679 
0.099459 0.074477 0.013108 0.019068 0.107085 0.291294 0.110366 0.025961 0.179211 0.052651 0.005143 0.022179 
0.049821 0.016300 0.000129 0.000066 0.062952 0.020596 0.000459 0.039079 0.070726 0.409399 0.060000 0.270474 
0.037230 0.393678 0.244455 0.049031 0.036342 0.047061 0.031705 0.019779 0.037732 0.013936 0.078200 0.010851 
0.050178 0.088544 0.013847 0.022329 0.037488 0.080746 0.031452 0.377706 0.035634 0.072874 0.176867 0.012336 
0.107000 0.109951 0.221270 0.043390 0.113320 0.129715 0.095763 0.048770 0.047285 0.034068 0.042512 0.006957 
0.259249 0.014585 0.001935 0.000296 0.297442 0.146338 0.051028 0.059548 0.089543 0.038742 0.000097 0.041197 
0.032573 0.314112 0.305801 0.007747 0.085404 0.047601 0.030522 0.022366 0.042152 0.053943 0.030521 0.027258 
0.070506 0.026810 0.021929 0.029766 0.063052 0.052222 0.023409 0.277998 0.035707 0.061804 0.114981 0.221815 
0.039785 0.056108 0.167161 0.007086 0.051517 0.050524 0.040648 0.073451 0.067200 0.245264 0.071395 0.129861 
0.298343 0.178497 0.016983 0.000110 0.106844 0.059516 0.058414 0.052905 0.090700 0.114285 0.020435 0.002969 
0.020565 0.056278 0.712510 0.000145 0.036855 0.012695 0.007175 0.032076 0.001978 0.065692 0.040000 0.014031 
0.025262 0.003884 0.004053 0.006503 0.019342 0.006270 0.001728 0.013172 0.050208 0.607320 0.020482 0.241776 
0.438240 0.052486 0.003527 0.005731 0.136600 0.039565 0.134511 0.055180 0.024698 0.104970 0.000023 0.004471 
0.409306 0.030519 0.001971 0.017719 0.166296 0.082051 0.105602 0.085102 0.053660 0.010098 0.010000 0.027676 
0.001596 0.029873 0.008078 0.053036 0.005182 0.054079 0.008229 0.498284 0.023026 0.032130 0.230000 0.056485 
0.001534 0.042177 0.866289 0.000164 0.007926 0.009314 0.003878 0.000413 0.017113 0.001800 0.049169 0.000224 
0.188452 0.175073 0.024349 0.078708 0.033493 0.211449 0.065392 0.033775 0.067772 0.087512 0.015000 0.019025 
0.055304 0.049788 0.475827 0.000393 0.079479 0.018036 0.116133 0.095361 0.045193 0.004010 0.055000 0.005478 
0.102342 0.026855 0.001190 0.048293 0.161383 0.060064 0.021934 0.412230 0.009375 0.012586 0.116620 0.027128 
0.102786 0.003269 0.010671 0.144240 0.283568 0.156800 0.063383 0.047602 0.116181 0.030006 0.000022 0.041473 
0.083175 0.035117 0.005338 0.000248 0.032990 0.022772 0.022178 0.498188 0.039847 0.040933 0.172130 0.047084 
0.221370 0.022748 0.026267 0.006910 0.322782 0.023940 0.089806 0.067056 0.076498 0.101686 0.010161 0.030776 
0.082825 0.023412 0.018870 0.017821 0.218195 0.135426 0.243112 0.022753 0.138507 0.072968 0.010320 0.015792 
0.500465 0.047551 0.019178 0.000059 0.126159 0.024271 0.051823 0.066937 0.064602 0.081094 0.000019 0.017842 
0.004036 0.008137 0.017554 0.014321 0.003716 0.041819 0.007743 0.570188 0.015299 0.049846 0.233525 0.033817 
0.149280 0.064213 0.000951 0.054851 0.163059 0.139366 0.222331 0.077198 0.033286 0.082160 0.000063 0.013243 
0.274848 0.016334 0.048280 0.000239 0.224004 0.063803 0.124916 0.058436 0.067952 0.104722 0.000041 0.016427 
0.074413 0.052519 0.019224 0.050229 0.139958 0.091415 0.056290 0.051669 0.071010 0.222848 0.035628 0.134796 
0.025246 0.120401 0.016525 0.123328 0.047148 0.221323 0.026154 0.058855 0.150171 0.124732 0.051272 0.034845 
0.067098 0.020506 0.037686 0.044973 0.138534 0.181644 0.168773 0.053885 0.148606 0.101060 0.005095 0.032139 
0.025661 0.017664 0.031383 0.211630 0.079631 0.320331 0.062789 0.023048 0.099479 0.067216 0.010000 0.051168 
0.035308 0.024450 0.002792 0.012663 0.078888 0.078268 0.061252 0.021176 0.056500 0.431594 0.031016 0.166093 
0.089948 0.120944 0.132535 0.000396 0.065362 0.080506 0.106453 0.045491 0.072236 0.107249 0.058480 0.120399 
0.011860 0.325292 0.070180 0.020957 0.035163 0.126061 0.015275 0.195919 0.041714 0.013215 0.108832 0.035532 
0.392733 0.042143 0.005151 0.007351 0.081377 0.078848 0.123567 0.061436 0.122486 0.053631 0.005130 0.026147 
0.194986 0.002099 0.021020 0.018368 0.326543 0.084297 0.066866 0.107027 0.110716 0.011153 0.005043 0.051883 
0.059298 0.337813 0.048930 0.033929 0.129797 0.192851 0.050466 0.016833 0.031600 0.010739 0.070000 0.017744 
0.134267 0.128053 0.011671 0.013928 0.075565 0.160572 0.178246 0.049864 0.100112 0.119843 0.020000 0.007880 
0.421016 0.042433 0.001305 0.000066 0.215877 0.013297 0.061783 0.040735 0.042537 0.079537 0.015174 0.066241 
0.034246 0.353117 0.038807 0.016925 0.018733 0.072877 0.022705 0.021349 0.099918 0.094619 0.045000 0.181704 
0.011532 0.020229 0.070149 0.010013 0.017429 0.020163 0.002506 0.070755 0.025233 0.493320 0.025513 0.233156 
0.037347 0.032014 0.001714 0.000100 0.009588 0.013647 0.010729 0.038357 0.088995 0.530284 0.045320 0.191905 
0.009932 0.535949 0.061291 0.019640 0.046676 0.027091 0.007720 0.148360 0.004492 0.010030 0.115000 0.013819 
0.017561 0.050911 0.007768 0.000139 0.056013 0.005904 0.000373 0.009357 0.025503 0.629050 0.051121 0.146298 
0.045983 0.140208 0.037320 0.211947 0.072568 0.202421 0.011053 0.086714 0.062305 0.063895 0.030917 0.034668 
0.125440 0.007572 0.056974 0.091353 0.189971 0.125679 0.086005 0.057454 0.080667 0.012477 0.052040 0.114369 
0.056087 0.065718 0.011578 0.026894 0.085343 0.132861 0.099887 0.111678 0.094757 0.164060 0.055000 0.096136 
0.352892 0.068683 0.003714 0.015043 0.098813 0.110047 0.072614 0.142645 0.024074 0.055625 0.040737 0.015112 
0.044627 0.008417 0.035057 0.261551 0.115044 0.245399 0.044762 0.025292 0.124926 0.052290 0.005059 0.037578 
0.011154 0.060926 0.628823 0.000064 0.035970 0.029146 0.014785 0.026350 0.049350 0.012943 0.052119 0.078369 
0.408014 0.047318 0.040629 0.005749 0.111974 0.048428 0.147781 0.044239 0.007173 0.118813 0.010206 0.009676 
0.025340 0.041012 0.510982 0.005334 0.015519 0.019199 0.008223 0.030800 0.019428 0.139074 0.079402 0.105685 
0.032706 0.021203 0.051739 0.000267 0.090080 0.027265 0.065120 0.051985 0.077920 0.202089 0.056584 0.323044 
0.077035 0.215391 0.015238 0.021994 0.147693 0.152821 0.191891 0.041491 0.048774 0.069284 0.015419 0.002967 
0.026886 0.056184 0.007826 0.009340 0.062083 0.160090 0.038286 0.265337 0.095194 0.124580 0.133526 0.020669 
0.124635 0.127328 0.299680 0.017547 0.050796 0.054085 0.026940 0.009952 0.068464 0.042212 0.021066 0.157295 
0.188591 0.096442 0.041321 0.000230 0.113778 0.164724 0.161246 0.088194 0.079575 0.037149 0.015404 0.013345 
0.058478 0.131106 0.015577 0.000245 0.109353 0.046108 0.006241 0.036137 0.024338 0.423927 0.015593 0.132896 
0.001819 0.453582 0.011618 0.000199 0.007063 0.043306 0.000195 0.208547 0.007521 0.091219 0.160857 0.014073 
0.070914 0.042073 0.015172 0.166558 0.104105 0.291290 0.055180 0.075614 0.090542 0.076661 0.010515 0.001376 
0.111741 0.076881 0.356018 0.000093 0.069611 0.025049 0.002451 0.119915 0.040877 0.084753 0.050000 0.062612 
0.092304 0.147429 0.339217 0.007483 0.122968 0.084000 0.048972 0.039772 0.009309 0.049106 0.057035 0.002404 
0.023024 0.055141 0.631687 0.000341 0.063886 0.012016 0.101535 0.011017 0.015831 0.042686 0.025000 0.017836 
0.044409 0.058995 0.078342 0.000141 0.019895 0.045977 0.014709 0.018504 0.064824 0.468700 0.025890 0.159614 
0.050682 0.038955 0.005609 0.000463 0.036790 0.051331 0.017124 0.017022 0.040140 0.425027 0.051917 0.264941 
0.014174 0.481082 0.018793 0.000333 0.010285 0.057744 0.025616 0.011512 0.061669 0.133675 0.070000 0.115117 
0.015783 0.030229 0.008821 0.168305 0.091376 0.272661 0.036041 0.153670 0.106772 0.062285 0.015528 0.038528 
0.039420 0.003002 0.001872 0.169682 0.061673 0.266672 0.086109 0.082939 0.152798 0.114089 0.005217 0.016527 
0.089283 0.042384 0.017055 0.009560 0.051897 0.067688 0.055996 0.011546 0.115396 0.232880 0.085000 0.221315 
0.077415 0.107063 0.006620 0.038475 0.121426 0.225526 0.125217 0.013569 0.132025 0.102035 0.025650 0.024979 
0.142973 0.025845 0.017725 0.000887 0.157543 0.144402 0.252324 0.040860 0.125282 0.086043 0.005155 0.000958 
0.009598 0.005895 0.021810 0.000323 0.086540 0.049857 0.012260 0.015847 0.132494 0.409889 0.069071 0.186416 
0.206434 0.055778 0.001076 0.009132 0.356867 0.150871 0.042425 0.041435 0.054442 0.038671 0.005100 0.037769 
0.005926 0.050073 0.055688 0.012030 0.108649 0.077605 0.000575 0.493823 0.023400 0.034078 0.118371 0.019782 
0.026056 0.028543 0.005431 0.023005 0.016524 0.113060 0.010325 0.529886 0.016732 0.008779 0.163294 0.058364 
0.210720 0.014000 0.001756 0.028572 0.277417 0.077137 0.047085 0.059969 0.067248 0.113240 0.015389 0.087467 
0.014818 0.047485 0.600793 0.000175 0.010739 0.010069 0.014117 0.015787 0.042367 0.102502 0.081366 0.059782 
0.198803 0.001742 0.020847 0.019877 0.294712 0.192645 0.083488 0.027989 0.123937 0.016536 0.005222 0.014201 
0.094569 0.059109 0.009143 0.030308 0.182777 0.058740 0.016073 0.085832 0.094217 0.118971 0.040334 0.209927 
0.260337 0.062560 0.013561 0.000178 0.236052 0.072437 0.104277 0.054356 0.060697 0.054954 0.000000 0.080591 
0.106405 0.056631 0.007615 0.049577 0.210464 0.167110 0.222992 0.028703 0.059599 0.065069 0.005000 0.020835 
0.042488 0.145724 0.044476 0.031422 0.036450 0.046006 0.080719 0.302601 0.040921 0.076209 0.125000 0.027984 
0.014001 0.325045 0.137596 0.028195 0.044103 0.021168 0.045133 0.012306 0.058581 0.107972 0.072914 0.132987 
0.011113 0.033760 0.034825 0.023082 0.053526 0.102570 0.067179 0.443060 0.011372 0.033917 0.170580 0.015015 
0.058688 0.063988 0.003499 0.000347 0.043094 0.038427 0.045075 0.217483 0.084344 0.099982 0.153908 0.191163 
0.197522 0.017022 0.035057 0.035189 0.360147 0.115384 0.049072 0.044182 0.059498 0.039546 0.005048 0.042333 
0.121819 0.052586 0.022537 0.008937 0.104601 0.192925 0.147018 0.036198 0.139471 0.146015 0.026042 0.001850 
0.001942 0.584989 0.116380 0.011046 0.042300 0.045806 0.001526 0.007070 0.030281 0.025669 0.083380 0.049611 
0.004305 0.042777 0.182878 0.000198 0.009517 0.054063 0.000865 0.469010 0.034803 0.039708 0.150093 0.011783 
0.060347 0.118546 0.087909 0.014545 0.069015 0.104490 0.031284 0.016499 0.121677 0.263342 0.010088 0.102256 
0.040310 0.035936 0.003749 0.237449 0.111687 0.185529 0.086397 0.071937 0.121204 0.061938 0.010106 0.033757 
0.035367 0.268562 0.067544 0.057065 0.012881 0.049411 0.000723 0.239645 0.040299 0.027556 0.170213 0.030735 
0.004898 0.062042 0.018504 0.009805 0.024008 0.065557 0.011972 0.002433 0.014173 0.457447 0.040867 0.288293 
0.134883 0.065955 0.026590 0.000096 0.079094 0.167181 0.104583 0.045302 0.149293 0.192528 0.020977 0.013517 
0.047460 0.044810 0.094728 0.000486 0.031487 0.057143 0.065235 0.373621 0.028738 0.019677 0.202936 0.033679 
0.090976 0.044495 0.003585 0.025180 0.219068 0.119120 0.230324 0.063441 0.142793 0.059878 0.000043 0.001097 
0.066973 0.072098 0.029452 0.008858 0.084973 0.121779 0.133009 0.049314 0.116809 0.141284 0.035969 0.139481 
0.139420 0.018301 0.009052 0.011284 0.245017 0.102808 0.061840 0.211518 0.041269 0.009709 0.090883 0.058900 
0.062638 0.128378 0.039770 0.020562 0.102138 0.074614 0.066583 0.045765 0.084894 0.140901 0.066246 0.167511 
0.062878 0.023428 0.001330 0.000720 0.042079 0.065398 0.132716 0.369722 0.018817 0.117277 0.155000 0.010635 
0.013328 0.192612 0.008620 0.000252 0.026737 0.047349 0.003361 0.016238 0.028456 0.399015 0.056755 0.207278 
0.013130 0.775050 0.006544 0.000040 0.029137 0.019813 0.010215 0.001128 0.019763 0.002193 0.122726 0.000261 
0.034069 0.023887 0.001612 0.192184 0.049903 0.161391 0.023907 0.243836 0.093536 0.069795 0.095000 0.010882 
0.051983 0.060936 0.027229 0.000321 0.044754 0.022676 0.002601 0.148700 0.057639 0.105421 0.114131 0.363609 
0.064965 0.085201 0.605779 0.000048 0.035691 0.023245 0.027737 0.033448 0.053060 0.014255 0.040838 0.015733 
0.037674 0.066736 0.007784 0.000222 0.105002 0.133304 0.117976 0.034587 0.047375 0.112449 0.055689 0.281203 
0.321235 0.058576 0.002444 0.000238 0.161928 0.064658 0.086264 0.151550 0.042053 0.061643 0.041019 0.008393 
0.079663 0.060471 0.600787 0.000293 0.052608 0.026026 0.051094 0.043972 0.015566 0.016048 0.045000 0.008472 
0.076762 0.129380 0.587447 0.000051 0.034501 0.020325 0.049126 0.045044 0.008830 0.023279 0.025000 0.000254 
0.301796 0.220939 0.016134 0.000137 0.175779 0.043376 0.054965 0.028630 0.028560 0.095243 0.020267 0.014174 
0.017530 0.473557 0.044010 0.000864 0.020100 0.019678 0.015158 0.009754 0.009191 0.221412 0.056963 0.111783 
0.022234 0.085680 0.217761 0.035836 0.127066 0.166673 0.033457 0.080337 0.086077 0.065137 0.061224 0.018516 
0.068374 0.012239 0.015738 0.249756 0.082287 0.259829 0.080354 0.034454 0.050462 0.090517 0.010000 0.045991 
0.050025 0.017743 0.076406 0.036314 0.062936 0.124510 0.139430 0.169698 0.046948 0.079576 0.128183 0.068231 
0.131132 0.453328 0.068441 0.000174 0.101334 0.067685 0.025628 0.009568 0.027347 0.033703 0.055973 0.025685 
0.011187 0.054362 0.678276 0.011575 0.018414 0.010523 0.020146 0.078061 0.001376 0.014437 0.078017 0.023626 
0.048801 0.128862 0.001148 0.259768 0.062790 0.244471 0.049932 0.038564 0.069909 0.051969 0.020000 0.023786 
0.084458 0.112537 0.025404 0.000137 0.040671 0.064281 0.025617 0.052243 0.055569 0.350740 0.040393 0.147949 
0.010563 0.564560 0.030579 0.000452 0.018230 0.029312 0.018862 0.017307 0.030102 0.143920 0.072430 0.063681 
0.206297 0.008457 0.001045 0.000403 0.083909 0.015908 0.035204 0.038835 0.062849 0.398226 0.030250 0.118620 
0.091734 0.033293 0.197353 0.022552 0.148070 0.135190 0.234128 0.009739 0.040995 0.066393 0.010000 0.010552 
0.253855 0.044509 0.101932 0.008398 0.046895 0.015752 0.063137 0.040372 0.052227 0.267312 0.030704 0.074907 
0.114418 0.022912 0.012638 0.013328 0.177614 0.075505 0.106963 0.028041 0.131317 0.130991 0.050708 0.135565 
0.029142 0.207365 0.008504 0.000135 0.044277 0.039357 0.000700 0.160682 0.032987 0.260711 0.110000 0.106142 
0.020052 0.037303 0.437999 0.015039 0.020035 0.017983 0.036551 0.027345 0.044971 0.207782 0.036037 0.098904 
0.005584 0.587059 0.039051 0.000031 0.024439 0.008107 0.011349 0.013020 0.015029 0.103554 0.098769 0.094007 
