-194883.586158
0
0.014788 0.000000 0.000000 0.006665 0.012223 0.008737 0.000802 0.016095 0.022058 0.010365 0.000000 0.020366 0.015258 0.009351 0.010089 0.026092 0.042286 0.018084 0.031661 0.039774 0.015511 0.005553 0.009999 0.010628 0.000000 0.000000 0.000000 0.000000 0.007625 0.007499 0.000000 0.011270 0.012703 0.003059 0.000000 0.013095 0.007189 0.007954 0.000000 0.011095 0.017195 0.024852 0.016967 0.023994 0.003675 0.006445 0.016472 0.013821 0.008266 0.002384 0.000000 0.007597 0.003300 0.006150 0.000000 0.010253 0.014965 0.001807 0.000000 0.010726 0.004553 0.005184 0.000000 0.009343 0.014266 0.013931 0.015475 0.017608 0.004252 0.003561 0.013701 0.010337 0.010677 0.000000 0.000000 0.028616 0.006845 0.011061 0.000000 0.017772 0.000000 0.000000 0.000001 0.000008 0.020525 0.009618 0.010061 0.026196 0.023611 0.022134 0.009630 0.023997 0.008056 0.009913 0.015663 0.016664 
0.000000 0.000000 0.000000 0.012994 0.000000 0.000000 0.000000 0.000000 0.000000 0.000000 0.000000 0.002175 0.000000 0.000000 0.000000 0.000000 0.000000 0.003705 0.000000 0.001156 0.000000 0.004719 0.000000 0.014687 0.000000 0.000000 0.000000 0.012316 0.000000 0.000000 0.000000 0.000000 0.000002 0.000000 0.009299 0.000000 0.000000 0.000000 0.000000 0.000000 0.000001 0.001532 0.000000 0.000001 0.001284 0.000653 0.002211 0.016297 0.000000 0.001036 0.000000 0.007672 0.000000 0.000000 0.000000 0.000000 0.000000 0.008870 0.018230 0.014020 0.000000 0.000000 0.000000 0.000000 0.004754 0.010570 0.001881 0.012958 0.000000 0.001424 0.000000 0.002847 0.042764 0.012908 0.003817 0.361673 0.000000 0.000000 0.000000 0.000000 0.000000 0.011830 0.243735 0.035566 0.000000 0.001262 0.000000 0.000990 0.002169 0.014452 0.006691 0.007476 0.003355 0.007530 0.001748 0.074736 
0.000000 0.021948 0.000000 0.000000 0.000000 0.000000 0.000000 0.000000 0.000001 0.000001 0.000000 0.000005 0.016457 0.000000 0.000000 0.020862 0.000000 0.000000 0.000000 0.000000 0.000000 0.000000 0.000000 0.047533 0.018656 0.000000 0.000000 0.000000 0.000000 0.000000 0.000000 0.000000 0.000013 0.000001 0.000000 0.000002 0.000000 0.000000 0.000000 0.000000 0.012030 0.000000 0.019741 0.051212 0.086295 0.000000 0.000000 0.155532 0.017376 0.000001 0.000000 0.000001 0.000000 0.000000 0.000000 0.000000 0.000000 0.000011 0.000000 0.000019 0.000000 0.000000 0.000000 0.000000 0.000001 0.000000 0.000000 0.000001 0.000000 0.000000 0.000000 0.035614 0.049313 0.000000 0.000000 0.000000 0.000000 0.000000 0.000000 0.000000 0.000000 0.000000 0.000005 0.040692 0.000000 0.000000 0.033055 0.000000 0.000000 0.000000 0.014143 0.051264 0.157523 0.000000 0.000000 0.150691 
0.000000 0.000000 0.000000 0.000000 0.000000 0.000000 0.000000 0.000000 0.005387 0.000000 0.000000 0.000003 0.000000 0.000000 0.000000 0.000000 0.001247 0.000000 0.000000 0.003247 0.000000 0.000000 0.000000 0.000913 0.000000 0.000000 0.000000 0.000000 0.000000 0.000000 0.000000 0.000000 0.004147 0.000000 0.000000 0.000001 0.000000 0.001073 0.000000 0.000000 0.000001 0.000000 0.000000 0.000001 0.000000 0.000000 0.000000 0.000000 0.000000 0.000000 0.000000 0.000000 0.000000 0.000000 0.000000 0.000000 0.008570 0.000004 0.000000 0.000007 0.000000 0.000000 0.000000 0.000000 0.000000 0.000000 0.000000 0.000000 0.000000 0.000000 0.000000 0.000000 0.013192 0.005164 0.000000 0.000000 0.039609 0.000000 0.001123 0.086123 0.491148 0.043899 0.028133 0.267000 0.000000 0.000000 0.000000 0.000000 0.000000 0.000000 0.000002 0.000002 0.000000 0.000000 0.000000 0.000000 
0.000894 0.000000 0.000000 0.000000 0.000000 0.000000 0.000000 0.000000 0.031844 0.019553 0.169248 0.018498 0.000000 0.003507 0.000000 0.003142 0.008925 0.005974 0.016709 0.000000 0.000000 0.000818 0.000000 0.000000 0.009126 0.018190 0.006118 0.046312 0.000000 0.000000 0.000000 0.000000 0.004619 0.003084 0.122702 0.003726 0.000000 0.000000 0.000000 0.000000 0.004588 0.000000 0.025469 0.001417 0.000000 0.002991 0.000000 0.005558 0.000758 0.004136 0.000000 0.005105 0.000000 0.001828 0.000000 0.000000 0.060179 0.077757 0.152276 0.054782 0.000000 0.001140 0.000000 0.000000 0.014190 0.006007 0.008056 0.005809 0.000000 0.000000 0.000000 0.001417 0.000003 0.000000 0.000000 0.000000 0.000000 0.000000 0.000000 0.000000 0.000000 0.000000 0.045039 0.000010 0.000000 0.000000 0.000000 0.000000 0.005389 0.000000 0.013560 0.003245 0.001215 0.000000 0.000000 0.005088 
0.045992 0.049190 0.015336 0.032706 0.012325 0.004684 0.003965 0.006431 0.011753 0.004010 0.000000 0.004133 0.005395 0.005020 0.014127 0.000000 0.000000 0.000000 0.002545 0.000000 0.000000 0.000000 0.000000 0.000000 0.051467 0.060499 0.007740 0.044830 0.012066 0.010731 0.007867 0.013331 0.016693 0.013458 0.000000 0.021663 0.010824 0.015071 0.045710 0.022913 0.001732 0.000000 0.008260 0.003767 0.000000 0.000000 0.003756 0.000000 0.037799 0.036954 0.016531 0.033927 0.009868 0.007455 0.005975 0.008343 0.000000 0.005143 0.000000 0.005158 0.008483 0.006850 0.019818 0.008573 0.003210 0.000000 0.002587 0.000000 0.000000 0.000000 0.000994 0.000000 0.042312 0.056809 0.009079 0.029043 0.003970 0.010010 0.003284 0.001392 0.000000 0.000000 0.000001 0.012974 0.002929 0.007570 0.007266 0.002336 0.000000 0.000000 0.001558 0.000817 0.000000 0.000000 0.000991 0.000000 
0.000000 0.000000 0.000000 0.000000 0.000000 0.000000 0.000000 0.000000 0.000000 0.018315 0.000000 0.007014 0.000000 0.000000 0.000000 0.002313 0.000000 0.000000 0.000000 0.000000 0.000000 0.000000 0.000000 0.000000 0.002214 0.000000 0.000000 0.000000 0.000000 0.000000 0.000000 0.000000 0.085770 0.102526 0.017729 0.081815 0.000000 0.001001 0.000000 0.000000 0.001421 0.000000 0.000000 0.002465 0.000000 0.000000 0.000000 0.000000 0.000000 0.000000 0.000000 0.000000 0.000000 0.000000 0.000000 0.000000 0.000000 0.019019 0.000000 0.018670 0.000000 0.000000 0.000000 0.000542 0.000000 0.000000 0.000000 0.007650 0.000000 0.000000 0.000000 0.000000 0.000004 0.000000 0.000000 0.000000 0.000000 0.000000 0.000000 0.000000 0.123858 0.301708 0.109430 0.091826 0.000754 0.000503 0.000000 0.002482 0.000000 0.000000 0.000001 0.000001 0.000000 0.000000 0.000967 0.000000 
0.011615 0.013161 0.000000 0.607587 0.016059 0.045105 0.306473 
0.039106 0.551811 0.000000 0.270947 0.067623 0.001258 0.069255 
0.520539 0.000257 0.000000 0.028297 0.077101 0.299121 0.074685 
0.465949 0.000097 0.000000 0.000006 0.127281 0.393596 0.013072 
0.218936 0.000130 0.051137 0.000034 0.112063 0.040753 0.576947 
0.607308 0.042862 0.000000 0.000072 0.091677 0.212951 0.045131 
0.252129 0.336868 0.000000 0.096031 0.130565 0.100453 0.083953 
0.284563 0.317309 0.000000 0.000044 0.170393 0.144370 0.083322 
0.121145 0.000256 0.000000 0.396983 0.003336 0.449708 0.028572 
0.364812 0.000186 0.000000 0.000038 0.238585 0.283221 0.113158 
0.236863 0.017039 0.000000 0.029287 0.502216 0.123292 0.091303 
0.442981 0.000204 0.014694 0.000011 0.225734 0.230187 0.086190 
0.438390 0.001738 0.000000 0.000065 0.015613 0.338550 0.205644 
0.120991 0.554563 0.000000 0.014884 0.164464 0.117863 0.027235 
0.149105 0.000199 0.000000 0.000033 0.053332 0.769376 0.027955 
0.507100 0.000221 0.000000 0.000055 0.183201 0.193856 0.115566 
0.095324 0.077905 0.000000 0.000054 0.314785 0.315252 0.196680 
0.190348 0.000261 0.000000 0.000045 0.078678 0.042228 0.688440 
0.358257 0.000224 0.000000 0.207760 0.213304 0.106799 0.113657 
0.186336 0.000105 0.000000 0.018866 0.001033 0.756139 0.037521 
0.631782 0.000070 0.000000 0.024599 0.105466 0.173946 0.064136 
0.488612 0.000115 0.000000 0.083960 0.081709 0.344517 0.001086 
0.351186 0.043255 0.000000 0.009766 0.207147 0.352527 0.036119 
0.072605 0.060705 0.000000 0.000035 0.747168 0.019942 0.099544 
0.030880 0.000076 0.000000 0.241639 0.009074 0.002782 0.715549 
0.010390 0.776306 0.000000 0.000023 0.139733 0.011711 0.061837 
0.362818 0.025257 0.000000 0.000045 0.303030 0.243545 0.065304 
0.057820 0.103158 0.000000 0.766086 0.061500 0.004394 0.007042 
0.237000 0.023849 0.000000 0.229886 0.062879 0.423185 0.023201 
0.148122 0.795260 0.000000 0.000013 0.002639 0.033768 0.020197 
0.136220 0.000198 0.000000 0.000063 0.002320 0.155113 0.706087 
0.201796 0.039192 0.000000 0.232501 0.225560 0.190817 0.110133 
0.258076 0.040605 0.000000 0.019418 0.213921 0.462562 0.005419 
0.338290 0.294790 0.087581 0.009929 0.078475 0.100643 0.090292 
0.099757 0.085751 0.000000 0.576482 0.066038 0.094002 0.077970 
0.149861 0.232712 0.000000 0.015457 0.033176 0.564315 0.004479 
0.512040 0.000162 0.000000 0.000051 0.141909 0.250549 0.095289 
0.542935 0.113677 0.186455 0.079403 0.036263 0.040273 0.000994 
0.340049 0.000189 0.000000 0.000049 0.365638 0.193125 0.100949 
0.002888 0.805300 0.000000 0.000050 0.098576 0.006093 0.087093 
0.162732 0.073769 0.102321 0.128296 0.344758 0.126112 0.062012 
0.063431 0.048667 0.000000 0.311800 0.098006 0.257255 0.220841 
0.010680 0.000100 0.000000 0.000066 0.656163 0.068693 0.264299 
0.487518 0.000146 0.000000 0.000061 0.177289 0.170062 0.164925 
0.126922 0.256562 0.000000 0.000055 0.485492 0.002889 0.128080 
0.017041 0.000057 0.000000 0.000042 0.002043 0.057810 0.923008 
0.594953 0.000098 0.000000 0.000100 0.050994 0.323384 0.030473 
0.203848 0.000116 0.000000 0.000054 0.458236 0.221305 0.116442 
0.075805 0.021818 0.000000 0.345424 0.510314 0.039977 0.006662 
0.471193 0.000188 0.000000 0.000043 0.257111 0.252923 0.018542 
0.302072 0.000234 0.046944 0.000028 0.197631 0.450964 0.002128 
0.024176 0.000116 0.000000 0.803271 0.036903 0.009847 0.125687 
0.300267 0.017942 0.164807 0.000036 0.238720 0.122092 0.156136 
0.261216 0.000106 0.000000 0.378155 0.074995 0.250608 0.034920 
0.202793 0.000148 0.023883 0.067943 0.039969 0.062721 0.602543 
0.396826 0.000219 0.000000 0.000098 0.059834 0.507533 0.035490 
0.111578 0.000410 0.049072 0.000039 0.164383 0.024753 0.649766 
0.305318 0.061298 0.072344 0.000070 0.240635 0.065819 0.254515 
0.087903 0.000347 0.000000 0.490721 0.025506 0.047932 0.347590 
0.103147 0.000263 0.092349 0.482201 0.135757 0.080555 0.105728 
0.575326 0.000113 0.000000 0.000051 0.102084 0.113734 0.208692 
0.061835 0.014539 0.000000 0.000072 0.878853 0.033180 0.011521 
0.171804 0.268620 0.000000 0.205242 0.190187 0.125259 0.038889 
0.346768 0.000203 0.000000 0.000042 0.461213 0.136359 0.055415 
0.018357 0.020413 0.007864 0.861275 0.023987 0.019523 0.048580 
0.496021 0.000103 0.000000 0.009116 0.170482 0.321970 0.002307 
0.447090 0.040629 0.000000 0.014229 0.087763 0.409147 0.001142 
0.119749 0.102627 0.000000 0.019288 0.616411 0.067524 0.074401 
0.197937 0.000240 0.060868 0.060743 0.024076 0.196491 0.459645 
0.018875 0.095934 0.000000 0.246502 0.089712 0.125358 0.423618 
0.211803 0.022041 0.000000 0.583810 0.003460 0.124248 0.054636 
0.123037 0.000187 0.047201 0.000019 0.025718 0.758621 0.045217 
0.115609 0.079618 0.000000 0.000061 0.469952 0.127390 0.207369 
0.041142 0.642100 0.000000 0.219214 0.067839 0.021056 0.008649 
0.144666 0.000292 0.000000 0.000031 0.415866 0.058720 0.380424 
0.444741 0.000244 0.180933 0.134580 0.125688 0.057903 0.055911 
0.168257 0.383554 0.000000 0.000019 0.225181 0.205585 0.017404 
0.333412 0.054574 0.000000 0.000072 0.333065 0.150037 0.128840 
0.375924 0.000163 0.000000 0.000043 0.365708 0.125732 0.132429 
0.036956 0.402283 0.000000 0.000043 0.011177 0.009596 0.539945 
0.045673 0.531991 0.000000 0.000017 0.066180 0.018854 0.337285 
0.120583 0.137290 0.000000 0.000024 0.217593 0.504543 0.019966 
0.187770 0.136317 0.000000 0.022119 0.064170 0.563440 0.026184 
0.120666 0.147019 0.000000 0.022541 0.623975 0.067481 0.018317 
0.067069 0.076713 0.000000 0.000058 0.094431 0.033759 0.727970 
0.035951 0.000141 0.000000 0.020139 0.001566 0.035595 0.906608 
0.035472 0.172875 0.000000 0.202297 0.347043 0.019684 0.222629 
0.381224 0.000156 0.000000 0.091131 0.006004 0.057126 0.464359 
0.302707 0.044232 0.000000 0.000074 0.485011 0.047977 0.119999 
0.133410 0.020000 0.000000 0.000023 0.738529 0.068887 0.039151 
0.431176 0.000161 0.000000 0.011912 0.086553 0.466126 0.004073 
0.024284 0.000070 0.000000 0.000003 0.861570 0.073240 0.040833 
0.045511 0.274273 0.000000 0.080856 0.036232 0.524597 0.038531 
0.091182 0.054712 0.000000 0.000057 0.242000 0.122125 0.489926 
0.193314 0.346117 0.000000 0.000034 0.050020 0.409294 0.001221 
0.422340 0.000125 0.075618 0.292321 0.042094 0.135285 0.032217 
0.207434 0.233154 0.000000 0.000016 0.443561 0.066382 0.049453 
0.432418 0.000265 0.000000 0.000024 0.113082 0.351446 0.102764 
0.329515 0.000293 0.000000 0.025433 0.280219 0.338777 0.025763 
0.212015 0.000262 0.000000 0.036046 0.037151 0.711773 0.002753 
0.681025 0.000115 0.000000 0.066602 0.001500 0.233872 0.016885 
0.580448 0.000076 0.000000 0.012852 0.021300 0.368017 0.017308 
0.512688 0.124013 0.000000 0.000060 0.007337 0.314084 0.041818 
0.610891 0.000176 0.048416 0.089077 0.003848 0.192292 0.055300 
0.203007 0.565460 0.142660 0.000017 0.020660 0.053490 0.014706 
0.414556 0.290633 0.061236 0.042017 0.089913 0.077450 0.024196 
0.236968 0.084158 0.000000 0.392234 0.114373 0.104734 0.067533 
0.731468 0.000092 0.125588 0.021089 0.028788 0.091607 0.001366 
0.067336 0.036909 0.000000 0.156656 0.503588 0.106444 0.129066 
0.123541 0.000069 0.000000 0.000033 0.309974 0.461953 0.104432 
0.464817 0.000107 0.022929 0.000035 0.153509 0.260286 0.098317 
0.513726 0.000108 0.000000 0.000013 0.071743 0.352124 0.062285 
0.215102 0.000195 0.000000 0.087724 0.478619 0.214630 0.003730 
0.033053 0.011070 0.000000 0.806058 0.000722 0.000729 0.148368 
0.374027 0.089231 0.176388 0.169776 0.112138 0.053805 0.024634 
0.377499 0.216670 0.000000 0.000026 0.114972 0.225713 0.065121 
0.130515 0.213068 0.000000 0.026096 0.085601 0.540859 0.003861 
0.155402 0.102955 0.000000 0.088080 0.409563 0.196439 0.047561 
0.106399 0.561504 0.000000 0.000041 0.051948 0.002577 0.277531 
0.048625 0.011500 0.000000 0.000040 0.632156 0.007720 0.299959 
0.505438 0.031576 0.000000 0.000045 0.056250 0.292007 0.114685 
0.063390 0.124165 0.000000 0.000081 0.008960 0.773951 0.029452 
0.042327 0.000078 0.000000 0.027453 0.030897 0.020928 0.878316 
0.082018 0.235380 0.042845 0.000029 0.023518 0.172561 0.443650 
0.175658 0.000200 0.034153 0.000039 0.070345 0.290638 0.428968 
0.611059 0.000166 0.000000 0.114239 0.098254 0.160531 0.015751 
0.182597 0.000086 0.000000 0.000089 0.005089 0.776194 0.035945 
0.215013 0.000098 0.000000 0.000014 0.015874 0.730334 0.038666 
0.593318 0.013983 0.000000 0.020298 0.058569 0.310496 0.003336 
0.320625 0.039571 0.082437 0.365979 0.069860 0.008194 0.113334 
0.361980 0.042958 0.000000 0.000042 0.069922 0.498940 0.026159 
0.112424 0.022571 0.000000 0.000067 0.008655 0.319393 0.536890 
0.014297 0.029629 0.000000 0.779449 0.002507 0.038556 0.135562 
0.138096 0.074257 0.115492 0.000060 0.039516 0.014525 0.618055 
0.500191 0.014283 0.305156 0.000054 0.070515 0.051293 0.058509 
0.008497 0.029994 0.000000 0.627221 0.279792 0.003276 0.051221 
0.160123 0.000277 0.000000 0.000056 0.621136 0.135308 0.083099 
0.503479 0.000131 0.177518 0.000068 0.115754 0.084207 0.118843 
0.286079 0.000140 0.000000 0.171636 0.049278 0.272073 0.220794 
0.096605 0.000149 0.000000 0.068555 0.208228 0.525585 0.100878 
0.462072 0.000026 0.000000 0.000053 0.007473 0.465089 0.065286 
0.311490 0.138727 0.219860 0.000068 0.032943 0.017588 0.279325 
0.488528 0.179465 0.000000 0.000058 0.056061 0.202294 0.073595 
0.156928 0.000146 0.033158 0.000078 0.019625 0.708222 0.081843 
0.123009 0.000063 0.000000 0.274879 0.149954 0.345759 0.106336 
0.056012 0.067920 0.000000 0.000047 0.767592 0.027273 0.081156 
0.391537 0.323600 0.000000 0.000052 0.035591 0.217080 0.032139 
0.087300 0.000169 0.000000 0.000049 0.003365 0.058933 0.850184 
0.051660 0.000095 0.000000 0.000052 0.422773 0.084776 0.440644 
0.003133 0.033261 0.000000 0.404297 0.017642 0.000979 0.540689 
0.145348 0.264966 0.000000 0.398954 0.072597 0.035218 0.082916 
0.328806 0.000216 0.000000 0.316650 0.112908 0.179883 0.061537 
0.372974 0.000274 0.151920 0.050383 0.079937 0.175310 0.169201 
0.216814 0.452784 0.000000 0.041699 0.064825 0.126652 0.097226 
0.327560 0.101110 0.000000 0.000013 0.100997 0.398583 0.071737 
0.128338 0.000208 0.000000 0.000074 0.411862 0.325325 0.134193 
0.036117 0.748317 0.000000 0.033779 0.052080 0.087281 0.042425 
0.023824 0.898621 0.000000 0.000012 0.055265 0.012367 0.009911 
0.116433 0.000076 0.000000 0.215436 0.547884 0.087366 0.032805 
0.056247 0.043514 0.000000 0.070945 0.359845 0.068627 0.400821 
0.154733 0.000253 0.000000 0.070284 0.701899 0.059625 0.013206 
0.098325 0.576761 0.000000 0.038720 0.060307 0.157500 0.068385 
0.265036 0.374957 0.000000 0.000060 0.139236 0.132929 0.087784 
0.107645 0.096053 0.000000 0.563242 0.078107 0.084872 0.070081 
0.112160 0.000417 0.000000 0.607773 0.093867 0.022138 0.163645 
0.170310 0.000212 0.000000 0.000035 0.506737 0.202257 0.120449 
0.360136 0.000087 0.000000 0.275984 0.057259 0.301116 0.005417 
0.635993 0.000123 0.000000 0.030291 0.103485 0.185528 0.044580 
0.160843 0.176462 0.000000 0.036553 0.518181 0.070371 0.037588 
0.641155 0.000118 0.000000 0.023768 0.038981 0.277391 0.018586 
0.101907 0.000087 0.039605 0.000047 0.001172 0.025009 0.832174 
0.614122 0.036642 0.000000 0.015791 0.145333 0.121620 0.066491 
0.169905 0.689439 0.000000 0.023375 0.008392 0.077306 0.031582 
0.474241 0.089704 0.161613 0.000034 0.039453 0.220343 0.014611 
0.046322 0.810161 0.000000 0.000010 0.096192 0.046495 0.000819 
0.259161 0.150104 0.000000 0.095878 0.128422 0.165945 0.200489 
0.213884 0.095065 0.072597 0.357921 0.111531 0.030574 0.118428 
0.254319 0.000230 0.000000 0.126221 0.337869 0.148086 0.133275 
0.024467 0.203550 0.000000 0.000019 0.034160 0.721754 0.016050 
0.361896 0.000076 0.000000 0.109162 0.084111 0.428077 0.016678 
0.050566 0.848752 0.000000 0.000032 0.066179 0.018505 0.015966 
0.160973 0.120907 0.041232 0.000057 0.107169 0.091337 0.478325 
0.068250 0.000203 0.000000 0.000027 0.047564 0.852880 0.031076 
0.466074 0.121311 0.000000 0.000051 0.198512 0.079573 0.134480 
0.372896 0.032154 0.000000 0.016500 0.010113 0.546159 0.022178 
0.563562 0.000194 0.000000 0.000035 0.141364 0.176365 0.118481 
0.529087 0.075708 0.000000 0.027532 0.121965 0.225839 0.019869 
0.441627 0.000240 0.000000 0.175465 0.056503 0.077221 0.248944 
0.484573 0.000270 0.103534 0.022570 0.124019 0.226251 0.038782 
0.202081 0.028986 0.000000 0.000042 0.534580 0.158128 0.076184 
0.466828 0.000179 0.000000 0.205586 0.074033 0.209893 0.043480 
0.220056 0.000191 0.000000 0.000003 0.691852 0.086365 0.001532 
0.062550 0.386949 0.000000 0.329564 0.146738 0.005360 0.068839 
0.162300 0.123067 0.000000 0.072318 0.512904 0.119089 0.010322 
0.200049 0.055437 0.000000 0.000069 0.404179 0.172767 0.167499 
0.067710 0.000265 0.000000 0.167894 0.095461 0.658910 0.009760 
0.157683 0.000127 0.000000 0.009215 0.144600 0.680371 0.008005 
0.417056 0.052021 0.000000 0.062740 0.077956 0.376249 0.013979 
0.039548 0.145509 0.000000 0.134633 0.252168 0.391281 0.036862 
0.585501 0.000121 0.119931 0.000073 0.106464 0.119786 0.068124 
0.017304 0.042699 0.000000 0.550052 0.008050 0.146049 0.235847 
0.339815 0.000144 0.042027 0.000064 0.117751 0.460027 0.040170 
0.539218 0.000188 0.070624 0.000025 0.064233 0.291683 0.034029 
0.362356 0.357276 0.053000 0.000010 0.099199 0.080383 0.047776 
0.313991 0.000177 0.029107 0.261612 0.041922 0.292678 0.060514 
0.475957 0.000210 0.060545 0.000059 0.213418 0.178963 0.070849 
0.136326 0.000237 0.000000 0.020855 0.659450 0.116992 0.066140 
0.318001 0.000107 0.000000 0.000046 0.082045 0.132432 0.467370 
0.131899 0.234818 0.000000 0.122750 0.059683 0.023317 0.427533 
0.486061 0.000200 0.078675 0.044357 0.154732 0.182773 0.053202 
0.241466 0.234249 0.000000 0.000059 0.008430 0.068598 0.447199 
0.068079 0.000121 0.000000 0.012315 0.055306 0.835305 0.028874 
0.555847 0.000206 0.295663 0.000012 0.087963 0.019106 0.041204 
0.358110 0.000248 0.107667 0.000059 0.045558 0.034122 0.454237 
0.173044 0.035735 0.000000 0.000054 0.215016 0.048245 0.527906 
0.313213 0.199226 0.000000 0.000024 0.012350 0.474334 0.000854 
0.379939 0.000139 0.100964 0.000112 0.289961 0.204102 0.024784 
0.479305 0.112185 0.099779 0.000069 0.088640 0.141547 0.078474 
0.056211 0.000124 0.000000 0.000037 0.034899 0.031490 0.877240 
0.039597 0.048341 0.000000 0.093196 0.057353 0.450810 0.310703 
0.055117 0.303900 0.000000 0.112060 0.108156 0.013612 0.407154 
0.171617 0.000106 0.000000 0.000003 0.700626 0.127047 0.000601 
0.295840 0.044896 0.000000 0.000058 0.343332 0.095174 0.220700 
0.100247 0.205276 0.027850 0.000024 0.045919 0.015789 0.604895 
0.020039 0.072535 0.000000 0.432373 0.058165 0.367383 0.049506 
0.215486 0.000051 0.000000 0.063118 0.139973 0.573752 0.007619 
0.534050 0.000111 0.000000 0.000029 0.148237 0.058801 0.258773 
0.224822 0.044221 0.000000 0.000015 0.606538 0.094556 0.029847 
0.011584 0.020375 0.000000 0.000037 0.073326 0.004592 0.890085 
0.085252 0.000179 0.000000 0.009354 0.058232 0.845013 0.001970 
0.056306 0.051020 0.000000 0.523429 0.051721 0.050350 0.267174 
0.097518 0.038690 0.000000 0.293372 0.229445 0.006227 0.334748 
0.033667 0.000076 0.005689 0.059937 0.016640 0.016894 0.867097 
0.222847 0.000199 0.000000 0.000022 0.042810 0.709974 0.024149 
0.391011 0.200747 0.079321 0.000083 0.085171 0.179833 0.063835 
0.367538 0.046886 0.000000 0.000052 0.065370 0.378371 0.141783 
0.396116 0.000077 0.149544 0.039014 0.120880 0.290761 0.003608 
0.223617 0.103529 0.000000 0.000067 0.075550 0.437889 0.159349 
0.135835 0.061697 0.000000 0.000061 0.301044 0.442226 0.059138 
0.009443 0.017222 0.000000 0.208022 0.068940 0.004409 0.691965 
0.147921 0.656138 0.000000 0.063225 0.008453 0.056245 0.068018 
0.200777 0.401580 0.000000 0.000028 0.156326 0.162687 0.078601 
0.046015 0.367452 0.000000 0.247737 0.025613 0.088165 0.225018 
0.005887 0.118891 0.000000 0.045654 0.001029 0.066948 0.761591 
0.285098 0.062735 0.000000 0.000037 0.483557 0.103959 0.064614 
0.146252 0.350408 0.000000 0.000037 0.328076 0.014702 0.160525 
0.520427 0.059023 0.000000 0.000049 0.037020 0.204518 0.178963 
0.126547 0.055162 0.000000 0.018518 0.171127 0.549944 0.078701 
0.301441 0.000172 0.000000 0.000067 0.128673 0.497722 0.071925 
0.076247 0.411472 0.000000 0.000062 0.449623 0.022168 0.040428 
0.686656 0.000121 0.000000 0.000071 0.118216 0.060410 0.134526 
0.021379 0.000056 0.000000 0.000047 0.002547 0.000667 0.975304 
0.253130 0.000245 0.000000 0.094466 0.029118 0.027174 0.595868 
0.544537 0.000143 0.000000 0.000070 0.076558 0.327878 0.050814 
0.803386 0.000162 0.000000 0.015259 0.050504 0.068277 0.062413 
0.111868 0.587848 0.000000 0.000037 0.085264 0.212905 0.002077 
0.243163 0.000310 0.000000 0.294379 0.194117 0.145122 0.122909 
0.181059 0.000230 0.038787 0.181196 0.304245 0.208920 0.085563 
0.280023 0.000479 0.164205 0.181579 0.039923 0.019697 0.314095 
0.296890 0.089251 0.023372 0.000014 0.033238 0.554778 0.002457 
0.106277 0.000140 0.000000 0.195876 0.003391 0.661875 0.032441 
0.500451 0.321687 0.028855 0.000025 0.079979 0.020384 0.048620 
0.571218 0.000244 0.143206 0.000094 0.096241 0.155143 0.033852 
0.059147 0.011440 0.000000 0.855346 0.068197 0.002201 0.003669 
0.642028 0.000106 0.000000 0.000045 0.001017 0.338107 0.018697 
0.413739 0.102636 0.184125 0.000046 0.067394 0.188422 0.043638 
0.427691 0.065189 0.320801 0.017605 0.007379 0.005067 0.156268 
0.239135 0.228520 0.047347 0.340930 0.002385 0.071411 0.070273 
0.133606 0.354087 0.234651 0.038354 0.158897 0.064027 0.016379 
0.082862 0.011879 0.000000 0.055138 0.023535 0.820845 0.005741 
0.624046 0.000145 0.000000 0.000003 0.128372 0.245670 0.001765 
0.567956 0.058620 0.172317 0.009514 0.135922 0.047179 0.008492 
0.115359 0.010113 0.000000 0.105056 0.600262 0.129401 0.039810 
0.447971 0.000143 0.000000 0.044848 0.308335 0.173223 0.025480 
0.400062 0.029529 0.153175 0.012991 0.030460 0.366033 0.007750 
0.025485 0.000133 0.000000 0.000033 0.121876 0.824165 0.028308 
0.475483 0.042120 0.074114 0.000050 0.050080 0.354634 0.003519 
0.504248 0.034608 0.235722 0.032028 0.117833 0.074594 0.000967 
0.188982 0.274372 0.000000 0.000047 0.291235 0.002439 0.242924 
0.013625 0.865987 0.000000 0.000027 0.099508 0.003407 0.017448 
0.226904 0.654586 0.000000 0.000018 0.071594 0.033994 0.012905 
0.607317 0.020948 0.084771 0.000057 0.028602 0.215167 0.043138 
0.204223 0.206355 0.000000 0.000063 0.061224 0.260808 0.267328 
0.103601 0.032123 0.000000 0.000015 0.559138 0.089542 0.215580 
0.298953 0.467052 0.048384 0.124975 0.021153 0.004753 0.034730 
0.301377 0.000280 0.090461 0.222020 0.149608 0.179062 0.057191 
0.193878 0.686824 0.000000 0.000026 0.063874 0.009795 0.045603 
0.491369 0.084059 0.186793 0.046919 0.064848 0.088781 0.037231 
0.049983 0.000093 0.000000 0.065086 0.070854 0.801864 0.012120 
0.075353 0.000106 0.000000 0.012368 0.434553 0.474520 0.003099 
0.620361 0.000241 0.000000 0.000038 0.022564 0.317595 0.039201 
0.431551 0.000085 0.000000 0.000054 0.130735 0.170514 0.267062 
0.079938 0.000153 0.000000 0.000035 0.018859 0.034102 0.866914 
0.055709 0.091184 0.000000 0.000052 0.004800 0.005212 0.843042 
0.007415 0.840767 0.000000 0.000018 0.044410 0.096699 0.010690 
0.134714 0.184681 0.000000 0.000062 0.022658 0.609105 0.048779 
0.211957 0.000309 0.000000 0.014256 0.643522 0.094145 0.035811 
0.232371 0.000199 0.000000 0.068847 0.002513 0.165686 0.530383 
0.075780 0.000278 0.000000 0.000024 0.086871 0.772820 0.064228 
0.662869 0.000056 0.000000 0.000058 0.037429 0.282343 0.017246 
0.364699 0.071831 0.000000 0.000047 0.311856 0.248703 0.002865 
0.392790 0.000289 0.000000 0.250246 0.018165 0.096036 0.242474 
0.612041 0.026358 0.146899 0.000005 0.074711 0.139114 0.000872 
0.168538 0.033002 0.000000 0.000251 0.411918 0.262144 0.124148 
0.021333 0.000156 0.000000 0.000055 0.021603 0.905067 0.051786 
0.037666 0.088492 0.000000 0.016352 0.785281 0.052402 0.019807 
0.280526 0.156877 0.000000 0.000057 0.156658 0.289605 0.116277 
0.047912 0.249538 0.000000 0.310972 0.052007 0.244442 0.095129 
0.382183 0.000288 0.000000 0.007997 0.102456 0.500935 0.006141 
0.028903 0.007360 0.000000 0.000050 0.004474 0.050043 0.909169 
0.344624 0.000059 0.000000 0.000055 0.446165 0.086611 0.122485 
0.119943 0.000407 0.000000 0.000047 0.095343 0.005152 0.779107 
0.469651 0.000195 0.071652 0.048232 0.184146 0.038478 0.187646 
0.490651 0.053531 0.000000 0.000034 0.077622 0.241369 0.136793 
0.443374 0.209938 0.000000 0.000041 0.023817 0.238875 0.083954 
0.572184 0.000272 0.000000 0.000047 0.161805 0.258251 0.007441 
0.095092 0.000067 0.000000 0.000043 0.052013 0.003752 0.849033 
0.371612 0.208664 0.000000 0.000017 0.044945 0.309054 0.065708 
0.001899 0.000170 0.000000 0.674067 0.047544 0.037480 0.238839 
0.129525 0.642527 0.000000 0.000005 0.058425 0.167774 0.001744 
0.516016 0.000170 0.312250 0.000027 0.067890 0.063139 0.040508 
0.016473 0.000067 0.000000 0.040556 0.001451 0.002789 0.938663 
0.039905 0.034677 0.000000 0.348786 0.493431 0.038253 0.044949 
0.094935 0.000288 0.000000 0.647929 0.007821 0.129493 0.119535 
0.043435 0.121068 0.000000 0.565565 0.070040 0.048602 0.151289 
0.436577 0.109726 0.000000 0.000063 0.010957 0.302417 0.140260 
0.068499 0.000065 0.000000 0.000055 0.006069 0.755837 0.169476 
0.261790 0.000253 0.000000 0.000010 0.441454 0.287862 0.008631 
0.087540 0.000191 0.000000 0.059262 0.635533 0.095467 0.122006 
0.629410 0.000154 0.241439 0.000062 0.018043 0.055870 0.055022 
0.526541 0.000139 0.267626 0.000017 0.119382 0.061680 0.024613 
0.057027 0.349290 0.000000 0.000031 0.521568 0.002382 0.069701 
0.680344 0.000097 0.049763 0.000073 0.135648 0.065316 0.068759 
0.113056 0.000248 0.000000 0.060129 0.187996 0.604696 0.033874 
0.227324 0.000110 0.060844 0.062695 0.049518 0.077428 0.522081 
0.051389 0.024210 0.000000 0.560948 0.327759 0.031538 0.004157 
0.159589 0.000289 0.000000 0.000038 0.623349 0.075683 0.141052 
0.487536 0.088405 0.000000 0.000026 0.055417 0.237334 0.131283 
0.324363 0.342699 0.000000 0.028642 0.095332 0.091502 0.117461 
0.443703 0.037524 0.241177 0.000040 0.071591 0.203293 0.002672 
0.035622 0.067970 0.012768 0.765089 0.001963 0.021483 0.095104 
0.459521 0.000083 0.000000 0.030660 0.019721 0.487191 0.002824 
0.094743 0.020593 0.000000 0.000052 0.025631 0.791943 0.067038 
0.093459 0.000263 0.000000 0.033321 0.026305 0.336347 0.510305 
0.565065 0.000249 0.000000 0.020415 0.052363 0.322720 0.039189 
0.064087 0.000060 0.000000 0.000056 0.002595 0.008318 0.924884 
0.423994 0.000071 0.349380 0.000070 0.054622 0.119228 0.052634 
0.097425 0.512520 0.000000 0.345989 0.028048 0.013447 0.002571 
0.575494 0.000086 0.087501 0.000069 0.045480 0.193360 0.098010 
0.173139 0.034071 0.117113 0.371807 0.126227 0.001923 0.175720 
0.032551 0.000123 0.000000 0.056372 0.007242 0.022724 0.880988 
0.301472 0.000283 0.000000 0.390869 0.047747 0.014065 0.245564 
0.288562 0.000230 0.000000 0.410487 0.041236 0.187091 0.072395 
0.088192 0.000110 0.000000 0.032148 0.229343 0.022463 0.627744 
0.064679 0.041741 0.000000 0.000030 0.508042 0.055454 0.330054 
0.396110 0.000141 0.000000 0.200545 0.060013 0.308019 0.035174 
0.146737 0.000124 0.000000 0.398127 0.028307 0.211919 0.214786 
0.083202 0.000140 0.000000 0.000006 0.786026 0.052356 0.078269 
0.064673 0.000083 0.000000 0.000038 0.225472 0.424471 0.285262 
0.282367 0.000144 0.094263 0.000013 0.356453 0.075849 0.190912 
0.369506 0.000055 0.000000 0.027233 0.357499 0.232434 0.013273 
0.177375 0.061330 0.000000 0.170190 0.382162 0.142854 0.066088 
0.062898 0.023708 0.000000 0.103400 0.673153 0.078099 0.058742 
0.598754 0.000125 0.298195 0.000020 0.062995 0.011152 0.028760 
0.494795 0.000240 0.000000 0.024881 0.045338 0.384773 0.049972 
0.191645 0.000095 0.000000 0.000054 0.693111 0.101295 0.013801 
0.012174 0.723574 0.000000 0.000065 0.105846 0.006233 0.152107 
0.008370 0.705585 0.000000 0.182606 0.084118 0.013606 0.005714 
0.459521 0.000155 0.218541 0.025306 0.049848 0.242688 0.003941 
0.563088 0.000206 0.000000 0.000073 0.021673 0.291007 0.123953 
0.300070 0.000202 0.000000 0.047777 0.074713 0.070369 0.506869 
0.100470 0.000284 0.000000 0.000059 0.772882 0.049821 0.076483 
0.127792 0.000108 0.000000 0.000018 0.035815 0.702685 0.133582 
0.012660 0.032054 0.009051 0.771108 0.050558 0.020480 0.104090 
0.409674 0.051478 0.000000 0.000028 0.203176 0.106478 0.229166 
0.137043 0.294105 0.000000 0.000018 0.238728 0.253532 0.076575 
0.149797 0.055914 0.091347 0.420846 0.168817 0.027169 0.086111 
0.070804 0.801488 0.000000 0.000012 0.069712 0.007554 0.050430 
0.247729 0.045311 0.101665 0.000060 0.107276 0.047229 0.450731 
0.005659 0.027086 0.000000 0.000021 0.864151 0.024682 0.078402 
0.310899 0.000107 0.000000 0.117343 0.398675 0.146801 0.026175 
0.698161 0.000138 0.000000 0.022405 0.108854 0.164723 0.005718 
0.190623 0.000074 0.000000 0.074361 0.002827 0.141875 0.590240 
0.585136 0.000318 0.124118 0.000006 0.075664 0.207938 0.006819 
0.097543 0.000322 0.000000 0.000002 0.876689 0.024326 0.001119 
0.154742 0.000133 0.000000 0.000045 0.500453 0.273466 0.071161 
0.550958 0.038248 0.105048 0.000078 0.114065 0.185804 0.005799 
0.179468 0.023113 0.000000 0.176379 0.502373 0.058606 0.060061 
0.469065 0.000216 0.000000 0.000039 0.080605 0.442529 0.007547 
0.111455 0.030622 0.000000 0.555939 0.069568 0.188047 0.044369 
0.106869 0.085229 0.000000 0.006971 0.084302 0.705426 0.011203 
0.482795 0.000072 0.027389 0.059878 0.002614 0.426159 0.001092 
0.645032 0.000200 0.000000 0.000069 0.094638 0.059492 0.200570 
0.403302 0.000198 0.000000 0.045043 0.285771 0.213854 0.051832 
0.521012 0.000268 0.000000 0.000038 0.040179 0.349921 0.088582 
0.561382 0.000290 0.105500 0.000080 0.159634 0.138069 0.035045 
0.275879 0.447188 0.100534 0.000023 0.028909 0.078346 0.069121 
0.312494 0.000284 0.081915 0.021076 0.484836 0.040495 0.058900 
0.049469 0.031808 0.000000 0.000014 0.052911 0.839519 0.026280 
0.313729 0.000187 0.000000 0.098910 0.022783 0.241053 0.323339 
0.461009 0.000112 0.000000 0.012127 0.015046 0.510494 0.001212 
0.506199 0.064126 0.160454 0.000024 0.101955 0.145873 0.021367 
0.113002 0.000340 0.016001 0.805156 0.003392 0.001657 0.060451 
0.028947 0.776811 0.000000 0.000021 0.069795 0.057731 0.066696 
0.328267 0.196413 0.137862 0.000027 0.216637 0.089874 0.030920 
0.072518 0.000260 0.000000 0.051361 0.029870 0.488203 0.357789 
0.097475 0.026852 0.000000 0.559506 0.133275 0.116056 0.066836 
0.484311 0.237479 0.000000 0.037762 0.024309 0.177051 0.039087 
0.013976 0.017083 0.000000 0.416809 0.003250 0.019069 0.529812 
0.094110 0.000120 0.000000 0.000030 0.036257 0.848058 0.021426 
0.772634 0.008095 0.094788 0.000013 0.052805 0.054543 0.017122 
0.315288 0.319704 0.000000 0.112462 0.053678 0.163513 0.035356 
0.565910 0.000151 0.000000 0.000080 0.094521 0.245328 0.094010 
0.074809 0.044077 0.024232 0.714544 0.012079 0.003085 0.127175 
0.239616 0.000134 0.000000 0.010530 0.005112 0.742051 0.002556 
0.018420 0.044809 0.000000 0.381883 0.219167 0.274502 0.061219 
0.182146 0.044691 0.000000 0.267418 0.205462 0.267890 0.032393 
0.015302 0.036695 0.000000 0.426509 0.136510 0.002096 0.382889 
0.025619 0.694497 0.000000 0.102380 0.094853 0.015485 0.067166 
0.393347 0.000102 0.000000 0.041920 0.098359 0.464240 0.002033 
0.109260 0.051697 0.000000 0.000061 0.059549 0.697032 0.082402 
0.420190 0.000278 0.000000 0.000030 0.078092 0.389757 0.111653 
0.128062 0.303164 0.000000 0.000079 0.386285 0.027813 0.154596 
0.331023 0.179533 0.000000 0.357386 0.048152 0.081033 0.002873 
0.556469 0.016495 0.187784 0.035809 0.060252 0.141282 0.001910 
0.381138 0.000230 0.000000 0.000061 0.023271 0.440540 0.154762 
0.023623 0.676143 0.000000 0.000014 0.186066 0.070201 0.043954 
0.111308 0.000215 0.000000 0.000080 0.632615 0.163468 0.092315 
0.457916 0.062898 0.023878 0.000055 0.023959 0.260668 0.170627 
0.100430 0.000119 0.000000 0.112987 0.015866 0.008282 0.762316 
0.586050 0.042452 0.046504 0.000081 0.093741 0.196090 0.035083 
0.110896 0.065246 0.060210 0.000052 0.023309 0.005436 0.734850 
0.245072 0.510333 0.000000 0.000055 0.053085 0.189075 0.002381 
0.028539 0.031497 0.000000 0.707656 0.083323 0.012981 0.136005 
0.112315 0.000073 0.000000 0.235553 0.211242 0.168762 0.272056 
0.100089 0.189604 0.000000 0.249077 0.322879 0.029843 0.108508 
0.423477 0.000263 0.221275 0.000066 0.098618 0.208098 0.048203 
0.222889 0.000249 0.000000 0.040796 0.554128 0.122962 0.058977 
0.192427 0.131725 0.000000 0.000039 0.404552 0.034103 0.237154 
0.266771 0.025878 0.000000 0.000035 0.069233 0.105089 0.532995 
0.526023 0.056036 0.000000 0.000019 0.036957 0.349736 0.031230 
0.009977 0.000092 0.000000 0.000043 0.001117 0.040966 0.947805 
0.564710 0.000171 0.142238 0.000095 0.079557 0.185073 0.028156 
0.354937 0.030726 0.000000 0.000017 0.014370 0.572757 0.027193 
0.612384 0.025090 0.000000 0.000040 0.089039 0.270078 0.003369 
0.089930 0.000108 0.000000 0.000046 0.670951 0.065290 0.173675 
0.285165 0.050895 0.000000 0.029596 0.059350 0.560599 0.014395 
0.013113 0.032118 0.000000 0.059405 0.014806 0.005888 0.874670 
0.650330 0.000145 0.000000 0.000048 0.086306 0.184073 0.079098 
0.114238 0.372591 0.000000 0.000047 0.041838 0.011017 0.460270 
0.123798 0.000136 0.000000 0.000055 0.039096 0.048039 0.788875 
0.402736 0.000105 0.000000 0.000023 0.269562 0.149524 0.178050 
0.110378 0.700589 0.000000 0.000056 0.076547 0.012969 0.099461 
0.229326 0.000068 0.000000 0.000022 0.649581 0.119968 0.001034 
0.474272 0.000299 0.000000 0.079069 0.087128 0.335233 0.023998 
0.174511 0.707320 0.068672 0.000015 0.035998 0.004279 0.009204 
0.201109 0.000282 0.000000 0.000052 0.616238 0.138973 0.043347 
0.476667 0.000282 0.000000 0.000026 0.088055 0.433071 0.001899 
0.031547 0.895741 0.000000 0.000010 0.041387 0.007841 0.023473 
0.088142 0.653039 0.000000 0.000069 0.046365 0.004936 0.207449 
0.589663 0.000069 0.000000 0.000032 0.052464 0.313439 0.044333 
0.119499 0.023234 0.000000 0.023755 0.791486 0.039899 0.002127 
0.245447 0.000182 0.000000 0.000092 0.060976 0.648639 0.044664 
0.361612 0.422321 0.000000 0.000035 0.015559 0.074125 0.126347 
0.016715 0.000353 0.000000 0.697420 0.021318 0.089322 0.174871 
0.460457 0.123680 0.051924 0.000030 0.259530 0.029552 0.074828 
0.054084 0.028297 0.000000 0.049442 0.005204 0.025018 0.837956 
0.172684 0.225579 0.000000 0.000025 0.401083 0.173046 0.027583 
0.189069 0.176420 0.036711 0.000063 0.468620 0.060575 0.068542 
0.178808 0.680942 0.093623 0.000031 0.009461 0.002350 0.034784 
0.341905 0.000116 0.000000 0.000051 0.026756 0.023542 0.607629 
0.047999 0.738273 0.000000 0.000014 0.166280 0.001780 0.045653 
0.288594 0.093447 0.050334 0.000031 0.035124 0.526847 0.005623 
0.168291 0.000340 0.091980 0.187106 0.130722 0.055258 0.366303 
0.431998 0.182967 0.000000 0.000029 0.084040 0.165260 0.135706 
0.013681 0.000080 0.000000 0.000042 0.851862 0.080128 0.054209 
0.286707 0.000159 0.000000 0.021950 0.258370 0.191250 0.241563 
0.628288 0.000112 0.000000 0.000074 0.020278 0.293794 0.057454 
0.560375 0.117717 0.000000 0.000018 0.148620 0.085896 0.087374 
0.491630 0.024242 0.169559 0.000043 0.164493 0.070514 0.079518 
0.126064 0.069488 0.000000 0.697488 0.001815 0.030064 0.075081 
0.148378 0.666181 0.000000 0.009807 0.064435 0.100620 0.010580 
0.298255 0.000134 0.000000 0.074096 0.007572 0.157559 0.462384 
0.297882 0.000250 0.000000 0.063651 0.251108 0.064315 0.322794 
0.050505 0.344583 0.000000 0.000071 0.422472 0.089088 0.093281 
0.005323 0.082356 0.000000 0.699736 0.026997 0.047989 0.137599 
0.058798 0.390116 0.000000 0.022450 0.122679 0.345088 0.060869 
0.070254 0.434870 0.000000 0.000022 0.120223 0.364262 0.010370 
0.299319 0.190797 0.285819 0.085703 0.080518 0.038709 0.019135 
0.045968 0.399617 0.000000 0.017376 0.059018 0.277205 0.200816 
0.295283 0.026944 0.000000 0.068123 0.411713 0.167617 0.030320 
0.026562 0.529005 0.000000 0.000070 0.373474 0.026818 0.044071 
0.462379 0.000164 0.283358 0.024633 0.161242 0.064301 0.003924 
0.196846 0.000074 0.000000 0.027560 0.034049 0.714300 0.027171 
0.308850 0.246523 0.193477 0.000041 0.112808 0.081805 0.056497 
0.339210 0.000120 0.000000 0.454707 0.096403 0.074360 0.035199 
0.287054 0.029309 0.053916 0.000040 0.075578 0.235166 0.318938 
0.062665 0.000249 0.000000 0.000037 0.153782 0.148186 0.635081 
0.262142 0.000173 0.000000 0.048959 0.092869 0.551394 0.044463 
0.119163 0.000250 0.000000 0.000037 0.048962 0.663765 0.167824 
0.898269 0.249294 0.0749443 0.194806 0.608797 0.693042 0.54262 
