-195336.915850
0
0.000000 0.000000 0.000000 0.000000 0.000000 0.000000 0.000000 0.000000 0.031321 0.019866 0.106284 0.018937 0.000000 0.004549 0.000000 0.001849 0.011570 0.007719 0.022707 0.000000 0.000000 0.001309 0.000000 0.000000 0.010902 0.027391 0.008954 0.062551 0.000000 0.000000 0.000000 0.000000 0.003548 0.000000 0.115287 0.000000 0.000000 0.000000 0.000000 0.000000 0.005229 0.000000 0.043511 0.000000 0.000000 0.003066 0.001267 0.000000 0.000000 0.005230 0.000000 0.006470 0.000000 0.002211 0.000000 0.000000 0.091194 0.107084 0.145491 0.072626 0.000000 0.001886 0.000000 0.000000 0.018035 0.005383 0.011904 0.002959 0.000000 0.001339 0.000000 0.001706 0.000000 0.000000 0.000000 0.000000 0.000000 0.000000 0.000000 0.000000 0.000000 0.000000 0.000000 0.000000 0.000000 0.000000 0.000000 0.000000 0.004783 0.000000 0.013882 0.000000 0.000000 0.000000 0.000000 0.000000 
0.000000 0.000000 0.000000 0.000000 0.000000 0.000000 0.000000 0.000000 0.000000 0.000000 0.025294 0.000000 0.011350 0.000000 0.000000 0.023956 0.030573 0.016601 0.014170 0.018015 0.054122 0.010606 0.001857 0.030615 0.000000 0.000000 0.000000 0.000000 0.000000 0.000000 0.000000 0.000000 0.000000 0.004651 0.000000 0.000000 0.003428 0.000000 0.000000 0.000000 0.021059 0.006520 0.038942 0.039713 0.045056 0.000000 0.008958 0.110088 0.013290 0.009879 0.000000 0.000000 0.000000 0.000000 0.000000 0.003695 0.000000 0.000000 0.000000 0.000000 0.000000 0.000000 0.000000 0.000000 0.000000 0.012718 0.012021 0.003795 0.014835 0.000000 0.000000 0.023290 0.033101 0.000000 0.000000 0.000000 0.000000 0.000000 0.000000 0.000000 0.000000 0.000000 0.000000 0.008764 0.012749 0.006044 0.020640 0.008146 0.018412 0.010419 0.026801 0.041073 0.091211 0.007457 0.005218 0.100865 
0.000000 0.000000 0.000000 0.000000 0.000000 0.000000 0.000000 0.000000 0.000000 0.018933 0.000000 0.006650 0.000000 0.000000 0.000000 0.002175 0.000000 0.000000 0.000000 0.000000 0.000000 0.000000 0.000000 0.000000 0.001906 0.000000 0.000000 0.000000 0.000000 0.000000 0.000000 0.000000 0.091332 0.112695 0.017865 0.086804 0.000000 0.000000 0.000000 0.000000 0.001180 0.000000 0.000000 0.002115 0.000000 0.000000 0.000000 0.000000 0.000000 0.000000 0.000000 0.000000 0.000000 0.000000 0.000000 0.000000 0.000000 0.019138 0.000000 0.019405 0.000000 0.000000 0.000000 0.000000 0.000000 0.000000 0.000000 0.007437 0.000000 0.000000 0.000000 0.000000 0.000000 0.000000 0.000000 0.000000 0.000000 0.000000 0.000000 0.000000 0.095255 0.320846 0.112705 0.081580 0.000000 0.000000 0.000000 0.001978 0.000000 0.000000 0.000000 0.000000 0.000000 0.000000 0.000000 0.000000 
0.045494 0.043147 0.021069 0.031876 0.010482 0.003229 0.000000 0.001377 0.006549 0.000000 0.000000 0.000000 0.002308 0.002641 0.013393 0.000000 0.000000 0.000000 0.000000 0.000000 0.000000 0.000000 0.000000 0.000000 0.055573 0.078414 0.009290 0.048722 0.011550 0.009873 0.009237 0.011859 0.016700 0.018442 0.000000 0.020083 0.010911 0.013233 0.055996 0.019733 0.000000 0.000000 0.013574 0.001850 0.000000 0.000000 0.002557 0.000000 0.044821 0.050611 0.022710 0.034078 0.010945 0.006042 0.008209 0.008107 0.000000 0.000000 0.000000 0.000000 0.008393 0.006252 0.017457 0.003403 0.000000 0.000000 0.001644 0.000000 0.000000 0.000000 0.000000 0.000000 0.048932 0.064574 0.012017 0.022122 0.002160 0.007775 0.000000 0.000000 0.000000 0.000000 0.000000 0.010349 0.000000 0.007711 0.007503 0.000000 0.000000 0.000000 0.005025 0.000000 0.000000 0.000000 0.000000 0.000000 
0.000000 0.000000 0.000000 0.012134 0.000000 0.000000 0.000000 0.000000 0.000000 0.000000 0.000000 0.002532 0.000000 0.000000 0.000000 0.000000 0.000000 0.003563 0.000000 0.000000 0.000000 0.004767 0.000000 0.015275 0.000412 0.000000 0.000000 0.012462 0.000000 0.000000 0.000000 0.000000 0.000000 0.000000 0.009802 0.000000 0.000000 0.000000 0.000000 0.000000 0.000000 0.000000 0.000000 0.000000 0.000000 0.000905 0.002082 0.017894 0.000000 0.000000 0.000000 0.007371 0.000000 0.000000 0.000000 0.000000 0.000000 0.007914 0.018249 0.014961 0.000000 0.000000 0.000000 0.000000 0.004969 0.010711 0.001681 0.013233 0.000000 0.001908 0.000000 0.002389 0.042282 0.012880 0.003993 0.370862 0.000000 0.000000 0.000000 0.000000 0.000000 0.001376 0.249485 0.034413 0.000000 0.000677 0.000000 0.000000 0.001865 0.014241 0.006876 0.006345 0.000000 0.007871 0.001164 0.080453 
0.027937 0.017790 0.000000 0.015289 0.017425 0.010012 0.004305 0.022294 0.030536 0.015065 0.000000 0.026886 0.018152 0.012757 0.014818 0.024623 0.036770 0.014224 0.031084 0.038528 0.000000 0.002304 0.010353 0.006555 0.011774 0.000000 0.000000 0.004015 0.006238 0.008572 0.000000 0.007549 0.017986 0.000000 0.000000 0.021807 0.009279 0.012270 0.004279 0.019524 0.015442 0.025853 0.000000 0.022814 0.000000 0.006354 0.016066 0.000000 0.011796 0.000000 0.000000 0.015832 0.005252 0.009384 0.000000 0.008763 0.000000 0.000000 0.000000 0.011762 0.006757 0.007374 0.006148 0.015853 0.017641 0.010711 0.013186 0.018322 0.000000 0.000000 0.013263 0.008035 0.010476 0.008109 0.000000 0.019202 0.006167 0.011510 0.000000 0.000000 0.000000 0.000000 0.000000 0.000000 0.021033 0.010895 0.009732 0.028966 0.019928 0.020311 0.000000 0.020903 0.000000 0.007940 0.017217 0.000000 
0.000000 0.000000 0.000000 0.000000 0.000000 0.000000 0.000000 0.000000 0.032527 0.016767 0.395245 0.009542 0.000000 0.000000 0.000000 0.000000 0.000000 0.000000 0.000000 0.000000 0.000000 0.000000 0.000000 0.000000 0.000000 0.000000 0.000000 0.000000 0.000000 0.000000 0.000000 0.000000 0.000001 0.000000 0.155319 0.000000 0.000000 0.000000 0.000000 0.000000 0.000000 0.000000 0.000000 0.000000 0.000000 0.000000 0.000000 0.000000 0.000000 0.000000 0.000000 0.000000 0.000000 0.000000 0.000000 0.000000 0.000000 0.000000 0.178237 0.000000 0.000000 0.000000 0.000000 0.000000 0.000000 0.008336 0.000000 0.013047 0.000000 0.000000 0.000000 0.000000 0.000001 0.000000 0.000000 0.000000 0.000000 0.000000 0.000000 0.000000 0.000000 0.000000 0.143935 0.000001 0.003582 0.000000 0.000000 0.000000 0.009540 0.000000 0.023575 0.010345 0.000000 0.000000 0.000000 0.000000 
0.000000 0.000000 0.000000 0.000000 0.000000 0.025144 0.000000 0.000000 0.000001 0.000000 0.000000 0.000001 0.000000 0.000000 0.000000 0.000000 0.000000 0.000000 0.000000 0.000000 0.000000 0.000000 0.000000 0.000000 0.000000 0.000000 0.000000 0.000000 0.084843 0.043413 0.015937 0.142466 0.000001 0.000000 0.000000 0.000000 0.000000 0.025921 0.000000 0.000000 0.000000 0.000000 0.000000 0.000000 0.000000 0.014090 0.000000 0.000000 0.000000 0.000000 0.000000 0.000000 0.000000 0.000000 0.000000 0.054859 0.110305 0.000000 0.000000 0.000000 0.000000 0.000000 0.000000 0.000000 0.000000 0.000000 0.000000 0.000002 0.000000 0.045063 0.041589 0.000000 0.000002 0.000000 0.000000 0.000000 0.038371 0.070068 0.052743 0.235175 0.000000 0.000000 0.000000 0.000003 0.000000 0.000000 0.000000 0.000000 0.000000 0.000000 0.000001 0.000000 0.000000 0.000000 0.000000 0.000000 
0.000000 0.000000 0.000000 0.000000 0.000000 0.000000 0.000000 0.000000 0.004681 0.000000 0.000000 0.000000 0.000000 0.000000 0.000000 0.000000 0.000000 0.000000 0.000000 0.002629 0.000000 0.000000 0.000000 0.000000 0.000000 0.000000 0.000000 0.000000 0.000000 0.000000 0.000000 0.000000 0.002666 0.000000 0.000000 0.000000 0.000000 0.001441 0.000000 0.000000 0.000000 0.000000 0.000000 0.000000 0.000000 0.000000 0.000000 0.000000 0.000000 0.000000 0.000000 0.000000 0.000000 0.000000 0.000000 0.000000 0.006386 0.000000 0.000000 0.000000 0.000644 0.000000 0.000000 0.000000 0.000000 0.000000 0.000000 0.000000 0.000000 0.000000 0.000000 0.000000 0.012240 0.004035 0.000000 0.000000 0.038356 0.000000 0.000000 0.092479 0.497006 0.039368 0.022257 0.275812 0.000000 0.000000 0.000000 0.000000 0.000000 0.000000 0.000000 0.000000 0.000000 0.000000 0.000000 0.000000 
0.030314 0.000407 0.291288 0.023590 0.020647 0.017615 0.000000 0.033244 0.582895 
0.023287 0.042816 0.071731 0.001205 0.543326 0.007341 0.036185 0.000000 0.274109 
0.076599 0.042802 0.067973 0.160138 0.051129 0.444268 0.000000 0.126350 0.030741 
0.041415 0.036510 0.014163 0.301266 0.002496 0.543365 0.060705 0.000000 0.000081 
0.116210 0.106657 0.577889 0.011752 0.002825 0.183279 0.000000 0.000000 0.001389 
0.103194 0.100314 0.028351 0.154754 0.068797 0.519815 0.000000 0.000000 0.024775 
0.139103 0.030954 0.081588 0.064901 0.336644 0.241198 0.000000 0.000000 0.105612 
0.186167 0.043969 0.083074 0.080189 0.323370 0.264147 0.000000 0.000000 0.019085 
0.013828 0.001444 0.033655 0.354812 0.029709 0.155142 0.000000 0.029958 0.381451 
0.104434 0.074851 0.112033 0.237420 0.008085 0.344395 0.117301 0.000000 0.001481 
0.163370 0.000636 0.063642 0.108412 0.014366 0.266851 0.332984 0.000000 0.049740 
0.096123 0.091372 0.084763 0.148968 0.009742 0.457935 0.110888 0.000000 0.000209 
0.052676 0.080003 0.136559 0.239161 0.048957 0.402971 0.000000 0.000000 0.039675 
0.013704 0.025776 0.029612 0.070346 0.518581 0.184123 0.139903 0.000000 0.017955 
0.059500 0.000643 0.030765 0.621906 0.012148 0.244999 0.000000 0.028900 0.001141 
0.210856 0.033222 0.111104 0.108299 0.035017 0.438524 0.000000 0.056524 0.006454 
0.102632 0.033694 0.184418 0.284747 0.066178 0.129223 0.184751 0.000000 0.014357 
0.079083 0.028205 0.678483 0.006942 0.019219 0.182003 0.000000 0.000000 0.006065 
0.196580 0.000939 0.100896 0.039644 0.038160 0.407168 0.000000 0.000000 0.216612 
0.002275 0.000483 0.034681 0.660273 0.002818 0.251617 0.000000 0.025020 0.022833 
0.130377 0.085512 0.067952 0.067403 0.001543 0.562536 0.000000 0.054886 0.029790 
0.099162 0.061611 0.001536 0.209389 0.004124 0.492233 0.000000 0.047330 0.084616 
0.212644 0.000412 0.024098 0.194150 0.064505 0.449750 0.000000 0.000000 0.054441 
0.545677 0.017914 0.110043 0.018609 0.113140 0.056624 0.137012 0.000000 0.000981 
0.011994 0.000595 0.679417 0.001055 0.001194 0.024078 0.000000 0.017366 0.264300 
0.081535 0.005767 0.076986 0.018028 0.765301 0.013714 0.038128 0.000000 0.000542 
0.318377 0.000448 0.064362 0.101780 0.061632 0.451113 0.000000 0.000000 0.002286 
0.012979 0.001349 0.017165 0.001847 0.110015 0.058877 0.044691 0.000000 0.753077 
0.062688 0.000650 0.034352 0.259026 0.053025 0.246867 0.000000 0.161722 0.181671 
0.003603 0.000742 0.034023 0.005127 0.774366 0.181870 0.000000 0.000000 0.000269 
0.003096 0.016027 0.670107 0.107233 0.012898 0.154870 0.000000 0.000000 0.035769 
0.102260 0.000556 0.106816 0.157478 0.050060 0.243227 0.101776 0.000000 0.237827 
0.227914 0.000911 0.008101 0.355191 0.076389 0.298472 0.000000 0.014150 0.018872 
0.075822 0.171975 0.071753 0.071499 0.304295 0.265722 0.000000 0.000000 0.038934 
0.064137 0.034344 0.086298 0.054866 0.089974 0.065813 0.000000 0.035352 0.569217 
0.044512 0.030991 0.006008 0.496352 0.229884 0.174114 0.000000 0.000000 0.018139 
0.156272 0.112233 0.093576 0.176238 0.012783 0.444085 0.000000 0.000000 0.004812 
0.026779 0.536381 0.001601 0.025131 0.130273 0.136183 0.000000 0.064820 0.078831 
0.390107 0.037860 0.110057 0.097901 0.033740 0.327923 0.000000 0.000000 0.002413 
0.005010 0.000415 0.097848 0.008543 0.794267 0.006588 0.084586 0.000000 0.002743 
0.324991 0.134082 0.070730 0.071479 0.107465 0.131529 0.000000 0.036155 0.123568 
0.091344 0.000388 0.207965 0.194868 0.066759 0.116601 0.000000 0.000000 0.322075 
0.610204 0.020561 0.264138 0.060299 0.002585 0.008858 0.000000 0.000000 0.033355 
0.202614 0.082545 0.162043 0.084250 0.011994 0.383353 0.000000 0.062468 0.010734 
0.173233 0.037837 0.126341 0.002793 0.242281 0.089357 0.319480 0.000000 0.008677 
0.003014 0.000140 0.903393 0.018755 0.000744 0.066710 0.000000 0.000000 0.007243 
0.092140 0.134263 0.024011 0.206165 0.002328 0.329339 0.000000 0.204916 0.006838 
0.407539 0.000828 0.121563 0.146347 0.005024 0.250402 0.043576 0.000000 0.024720 
0.245529 0.000372 0.010945 0.027310 0.020985 0.100931 0.261103 0.000000 0.332824 
0.258527 0.039661 0.041411 0.117607 0.036596 0.407311 0.000000 0.098128 0.000759 
0.020108 0.100037 0.002845 0.381793 0.006763 0.333186 0.137480 0.016447 0.001342 
0.014865 0.001974 0.126948 0.005682 0.002369 0.014979 0.025954 0.000000 0.807229 
0.117458 0.248436 0.156142 0.080341 0.040283 0.253717 0.102063 0.000000 0.001559 
0.086650 0.022545 0.043083 0.169757 0.002238 0.303507 0.000000 0.000000 0.372220 
0.045891 0.131392 0.566062 0.046416 0.002721 0.099843 0.000000 0.000000 0.107675 
0.012738 0.000753 0.014302 0.403408 0.012770 0.476868 0.039134 0.000000 0.040028 
0.057722 0.074639 0.644755 0.021577 0.022096 0.097213 0.079801 0.000000 0.002197 
0.011322 0.163308 0.224162 0.030239 0.068679 0.218305 0.215056 0.030167 0.038761 
0.025476 0.024049 0.332059 0.022461 0.014337 0.076627 0.000000 0.000000 0.504990 
0.134198 0.116286 0.107696 0.058903 0.014773 0.087612 0.000000 0.000000 0.480530 
0.158475 0.137280 0.185494 0.082358 0.001904 0.399773 0.000000 0.000000 0.034716 
0.841533 0.000935 0.024782 0.010514 0.057537 0.063892 0.000000 0.000000 0.000806 
0.189129 0.000946 0.042204 0.079381 0.288615 0.191014 0.000000 0.000000 0.208710 
0.433810 0.059202 0.061018 0.040575 0.051183 0.352768 0.000000 0.000000 0.001442 
0.023566 0.013212 0.052431 0.008226 0.026485 0.023566 0.000000 0.000000 0.852514 
0.082734 0.078772 0.002504 0.224923 0.002734 0.526726 0.072243 0.000000 0.009365 
0.061120 0.104530 0.001213 0.274983 0.061933 0.434648 0.023982 0.020179 0.017413 
0.227524 0.064876 0.070917 0.054115 0.073313 0.118966 0.363210 0.000000 0.027081 
0.027632 0.099453 0.429464 0.124334 0.031757 0.156239 0.000000 0.047667 0.083453 
0.084945 0.000907 0.407553 0.089005 0.108660 0.049056 0.000000 0.000000 0.259873 
0.012560 0.021626 0.050670 0.100832 0.048235 0.188971 0.000000 0.000000 0.577106 
0.026589 0.066364 0.049813 0.668369 0.008676 0.148112 0.000000 0.031648 0.000430 
0.279366 0.021109 0.180720 0.092608 0.092810 0.137907 0.169480 0.000000 0.025998 
0.077979 0.005049 0.025829 0.032311 0.613472 0.030277 0.000000 0.000000 0.215085 
0.396280 0.025929 0.391697 0.033282 0.028957 0.122839 0.000000 0.000000 0.001017 
0.127209 0.356663 0.057338 0.039051 0.032733 0.216422 0.000000 0.026699 0.143884 
0.148454 0.001989 0.027728 0.140140 0.398969 0.222396 0.059917 0.000000 0.000406 
0.214223 0.068122 0.098030 0.119754 0.068663 0.298217 0.108827 0.000000 0.024163 
0.397612 0.000434 0.133721 0.014077 0.012229 0.439199 0.000000 0.000000 0.002727 
0.009285 0.000694 0.539308 0.006841 0.399077 0.041726 0.000000 0.000000 0.003068 
0.063228 0.024206 0.341250 0.008073 0.513130 0.049706 0.000000 0.000000 0.000408 
0.120697 0.037819 0.027132 0.458079 0.135505 0.132726 0.087429 0.000000 0.000613 
0.085891 0.000880 0.026383 0.490636 0.151914 0.218867 0.000000 0.000000 0.025430 
0.609195 0.000832 0.021978 0.043423 0.185358 0.116451 0.000000 0.000000 0.022762 
0.091445 0.004653 0.632050 0.028941 0.094614 0.065921 0.000000 0.000000 0.082375 
0.002134 0.001113 0.874998 0.019099 0.002827 0.049334 0.000000 0.000000 0.050494 
0.310730 0.001502 0.220602 0.008457 0.202445 0.048269 0.000000 0.000000 0.207995 
0.014665 0.033972 0.438674 0.031637 0.013442 0.302743 0.000000 0.059715 0.105154 
0.147226 0.000820 0.083123 0.018340 0.045861 0.340182 0.334782 0.000000 0.029666 
0.719863 0.040042 0.045381 0.028518 0.044269 0.121289 0.000000 0.000000 0.000639 
0.116578 0.157957 0.005222 0.418029 0.004849 0.284661 0.000000 0.000000 0.012703 
0.825854 0.042058 0.057359 0.058070 0.000967 0.015654 0.000000 0.000000 0.000038 
0.036158 0.000699 0.032537 0.464691 0.283891 0.094962 0.000000 0.000000 0.087062 
0.063729 0.000699 0.474520 0.084123 0.058165 0.128206 0.172448 0.000000 0.018110 
0.055825 0.000907 0.002076 0.297135 0.363163 0.265301 0.000000 0.013982 0.001611 
0.051250 0.127913 0.035122 0.039964 0.004227 0.441087 0.000000 0.000000 0.300435 
0.197925 0.000709 0.058640 0.017911 0.216005 0.267558 0.240945 0.000000 0.000307 
0.076232 0.006269 0.107800 0.215813 0.053470 0.433762 0.030937 0.075303 0.000415 
0.216675 0.028827 0.020080 0.207363 0.052677 0.392023 0.054145 0.000000 0.028210 
0.069415 0.023467 0.003736 0.611098 0.041892 0.214297 0.000000 0.000000 0.036094 
0.003436 0.015612 0.016531 0.025381 0.009035 0.764764 0.000000 0.097956 0.067284 
0.083911 0.017341 0.014818 0.243081 0.004365 0.523704 0.000000 0.096644 0.016136 
0.011084 0.126016 0.039128 0.200609 0.128122 0.490673 0.000000 0.000000 0.004368 
0.014864 0.204842 0.069814 0.090972 0.029125 0.339296 0.000000 0.177807 0.073279 
0.032026 0.273489 0.023722 0.051267 0.551431 0.067633 0.000000 0.000000 0.000432 
0.083899 0.168135 0.029111 0.017355 0.302286 0.356762 0.000000 0.000000 0.042453 
0.080843 0.058039 0.069759 0.076269 0.092670 0.204509 0.028409 0.000000 0.389503 
0.076864 0.413787 0.001557 0.054136 0.002285 0.420702 0.000000 0.000000 0.030669 
0.226393 0.010515 0.126014 0.090015 0.042683 0.089342 0.254625 0.000000 0.160413 
0.216022 0.000424 0.106746 0.395433 0.000861 0.193309 0.086075 0.000000 0.001130 
0.167702 0.100109 0.098599 0.185722 0.002707 0.411622 0.000000 0.032023 0.001516 
0.087981 0.037156 0.062651 0.187328 0.004520 0.570224 0.000000 0.049919 0.000222 
0.493461 0.019052 0.011475 0.142104 0.027749 0.215652 0.000000 0.000000 0.090507 
0.001623 0.001280 0.152608 0.000497 0.018267 0.041236 0.000000 0.000000 0.784489 
0.085989 0.338261 0.028722 0.035667 0.112833 0.215340 0.000000 0.000000 0.183187 
0.133349 0.065620 0.072029 0.133943 0.227160 0.343235 0.000000 0.023887 0.000778 
0.089214 0.026134 0.005711 0.451442 0.220674 0.179778 0.000000 0.000000 0.027045 
0.197379 0.000792 0.048341 0.152387 0.107138 0.215327 0.189766 0.000000 0.088870 
0.062370 0.084258 0.287417 0.002430 0.519631 0.041817 0.000000 0.000000 0.002076 
0.591704 0.048358 0.323405 0.003887 0.022676 0.008198 0.000000 0.000000 0.001771 
0.082031 0.052567 0.113301 0.144645 0.070797 0.425176 0.000000 0.109520 0.001963 
0.040967 0.000419 0.014308 0.619271 0.134562 0.181739 0.000000 0.000000 0.008734 
0.031148 0.000264 0.851365 0.004422 0.001112 0.046620 0.000000 0.012337 0.052732 
0.016967 0.064150 0.445737 0.137313 0.224973 0.109940 0.000000 0.000000 0.000920 
0.070743 0.079747 0.426853 0.220189 0.013708 0.187070 0.000000 0.000000 0.001691 
0.121226 0.153452 0.021058 0.099188 0.012635 0.420942 0.000000 0.064194 0.107305 
0.036511 0.000637 0.028203 0.691989 0.001741 0.203297 0.000000 0.026287 0.011336 
0.021185 0.000442 0.040126 0.586783 0.002091 0.349025 0.000000 0.000000 0.000348 
0.063077 0.176286 0.003800 0.190042 0.035907 0.510809 0.000000 0.000000 0.020079 
0.014033 0.246274 0.122730 0.006145 0.047031 0.157051 0.040042 0.000000 0.366695 
0.080485 0.042166 0.027376 0.327163 0.068409 0.434253 0.000000 0.015570 0.004578 
0.023783 0.000555 0.476214 0.273512 0.045814 0.123843 0.000000 0.000000 0.056279 
0.004929 0.000205 0.132216 0.022675 0.035342 0.027357 0.000000 0.000000 0.777276 
0.035871 0.115222 0.519633 0.009278 0.090598 0.144745 0.000000 0.000000 0.084653 
0.063417 0.451927 0.053205 0.015900 0.051369 0.345900 0.000000 0.011516 0.006766 
0.270339 0.000223 0.066494 0.001758 0.036993 0.007158 0.000000 0.000000 0.617034 
0.202019 0.000402 0.059620 0.127217 0.008625 0.208282 0.384234 0.000000 0.009601 
0.097363 0.414572 0.098529 0.065052 0.006479 0.276867 0.000000 0.000000 0.041138 
0.057194 0.000399 0.198150 0.128665 0.004907 0.418526 0.000000 0.000000 0.192159 
0.220580 0.000901 0.093709 0.463577 0.005025 0.135396 0.000000 0.000000 0.080811 
0.006722 0.000332 0.070175 0.317112 0.000368 0.450728 0.000000 0.153230 0.001334 
0.032412 0.272386 0.227002 0.007952 0.158654 0.230095 0.000000 0.000000 0.071499 
0.061788 0.040138 0.069854 0.111024 0.199195 0.454812 0.000000 0.057216 0.005973 
0.034923 0.063275 0.053508 0.563888 0.005304 0.252733 0.000000 0.000000 0.026368 
0.103351 0.039977 0.108333 0.300065 0.000726 0.117341 0.048729 0.000000 0.281477 
0.698793 0.047725 0.096174 0.012725 0.101528 0.041539 0.000000 0.000000 0.001516 
0.037239 0.041604 0.044011 0.108704 0.339780 0.342324 0.000000 0.085249 0.001088 
0.004009 0.002691 0.799905 0.012798 0.012865 0.124652 0.000000 0.000000 0.043080 
0.308759 0.000401 0.420240 0.060922 0.001604 0.081451 0.100398 0.000000 0.026225 
0.017673 0.000395 0.515510 0.000654 0.035725 0.005256 0.000000 0.000000 0.424788 
0.106934 0.001483 0.077395 0.020053 0.269026 0.121358 0.000000 0.000000 0.403750 
0.144226 0.024368 0.058671 0.113444 0.021254 0.315387 0.000000 0.000000 0.322649 
0.084373 0.238012 0.134098 0.123747 0.048673 0.284974 0.000000 0.000000 0.086123 
0.082513 0.001035 0.093557 0.044411 0.458119 0.269375 0.000000 0.000000 0.050989 
0.110323 0.049243 0.077185 0.307319 0.120294 0.335379 0.000000 0.000000 0.000257 
0.123350 0.044727 0.095849 0.277180 0.003751 0.148108 0.267918 0.000000 0.039117 
0.059466 0.028098 0.052207 0.071277 0.713226 0.036154 0.000000 0.000000 0.039571 
0.056683 0.001296 0.020326 0.008919 0.881516 0.031003 0.000000 0.000000 0.000256 
0.540802 0.020593 0.044014 0.053286 0.003288 0.119069 0.000000 0.000000 0.218946 
0.170099 0.011821 0.375534 0.049071 0.051258 0.073584 0.177425 0.000000 0.091208 
0.305812 0.046949 0.015283 0.031738 0.010591 0.170804 0.347596 0.000000 0.071227 
0.039347 0.021487 0.073849 0.103064 0.560353 0.146726 0.011666 0.000000 0.043508 
0.148663 0.026400 0.093122 0.089883 0.378992 0.217620 0.000000 0.042164 0.003156 
0.077774 0.012097 0.075977 0.062389 0.108617 0.085698 0.000000 0.035892 0.541556 
0.089092 0.000582 0.158960 0.005732 0.024141 0.116778 0.000000 0.000000 0.604715 
0.211743 0.062010 0.117624 0.171838 0.008346 0.162917 0.264313 0.000000 0.001209 
0.025255 0.060554 0.012041 0.179975 0.001604 0.326430 0.022961 0.119929 0.251250 
0.131329 0.082353 0.049102 0.104003 0.007038 0.503972 0.000000 0.091795 0.030407 
0.421132 0.032063 0.046589 0.046136 0.193845 0.147506 0.074724 0.000000 0.038005 
0.052465 0.057432 0.018522 0.148693 0.005882 0.587643 0.000000 0.107133 0.022230 
0.001453 0.082813 0.802511 0.009129 0.001081 0.075634 0.000000 0.000000 0.027379 
0.102628 0.065840 0.047792 0.064881 0.068857 0.572121 0.051097 0.000000 0.026785 
0.047467 0.001121 0.042027 0.063879 0.668602 0.151418 0.000000 0.000000 0.025485 
0.026513 0.270661 0.018914 0.139813 0.116023 0.426229 0.000000 0.000000 0.001847 
0.056573 0.000615 0.001424 0.029524 0.818153 0.065672 0.027837 0.000000 0.000202 
0.124187 0.019124 0.180194 0.081593 0.166307 0.311446 0.000000 0.000000 0.117148 
0.105153 0.122387 0.118561 0.011261 0.114607 0.167492 0.000000 0.000000 0.360539 
0.091707 0.065125 0.114492 0.108473 0.010373 0.242722 0.228089 0.000000 0.139020 
0.030579 0.001008 0.023311 0.634843 0.198904 0.110890 0.000000 0.000000 0.000466 
0.109528 0.001086 0.018168 0.330635 0.001490 0.404631 0.000000 0.024317 0.110144 
0.011252 0.000939 0.043166 0.029224 0.807010 0.058157 0.049396 0.000000 0.000856 
0.115825 0.072263 0.438806 0.058234 0.126100 0.144829 0.000000 0.000000 0.043943 
0.064561 0.000368 0.034385 0.746347 0.022984 0.108462 0.000000 0.022471 0.000422 
0.090278 0.092909 0.130673 0.037205 0.127418 0.412343 0.103993 0.000000 0.005181 
0.009611 0.008165 0.017983 0.388079 0.062926 0.455001 0.000000 0.034600 0.023634 
0.190497 0.021369 0.113251 0.084457 0.022196 0.566814 0.000000 0.000000 0.001415 
0.152633 0.112966 0.020103 0.143582 0.093788 0.446358 0.000000 0.000000 0.030570 
0.069007 0.157915 0.227330 0.025157 0.021558 0.309493 0.000000 0.000000 0.189540 
0.104481 0.215040 0.027079 0.168336 0.045973 0.405397 0.000000 0.000000 0.033694 
0.278241 0.001034 0.074580 0.126728 0.050382 0.209728 0.243019 0.000000 0.016288 
0.085477 0.067444 0.055074 0.095822 0.020975 0.378767 0.000000 0.111559 0.184882 
0.395164 0.017938 0.002641 0.021275 0.006457 0.272535 0.283950 0.000000 0.000039 
0.143354 0.000507 0.076255 0.002938 0.396160 0.056674 0.000000 0.000000 0.324111 
0.504218 0.001232 0.016328 0.049330 0.167922 0.176314 0.000000 0.016912 0.067744 
0.147770 0.023162 0.134909 0.105847 0.068727 0.237641 0.243019 0.000000 0.038925 
0.095893 0.000490 0.013385 0.539305 0.031918 0.132254 0.000000 0.029219 0.157535 
0.153482 0.054080 0.007552 0.614467 0.003025 0.155890 0.000000 0.000000 0.011504 
0.014405 0.012266 0.017109 0.259659 0.088864 0.446296 0.046580 0.055753 0.059068 
0.250365 0.000619 0.045966 0.352157 0.165889 0.046600 0.000000 0.000000 0.138404 
0.033098 0.290446 0.052573 0.082562 0.003049 0.473117 0.051194 0.000000 0.013961 
0.026577 0.000587 0.220746 0.121256 0.047867 0.024908 0.000000 0.000000 0.558060 
0.136320 0.102998 0.046205 0.338524 0.009276 0.270725 0.000000 0.089019 0.006933 
0.008677 0.222167 0.029684 0.203064 0.008682 0.479089 0.033114 0.000000 0.015522 
0.112565 0.130208 0.056107 0.052851 0.355582 0.292486 0.000000 0.000000 0.000200 
0.054414 0.080738 0.062536 0.209452 0.014641 0.288193 0.000000 0.029713 0.260313 
0.133412 0.132454 0.061489 0.123673 0.022397 0.454916 0.062087 0.000000 0.009572 
0.652177 0.019698 0.071653 0.073167 0.043665 0.112116 0.000000 0.000000 0.027524 
0.116148 0.016207 0.454932 0.079697 0.002926 0.296169 0.000000 0.028211 0.005709 
0.068636 0.024174 0.399635 0.010594 0.234492 0.110652 0.000000 0.000000 0.151816 
0.129472 0.179499 0.044766 0.103952 0.021148 0.435614 0.022118 0.000000 0.063431 
0.027317 0.000751 0.407558 0.022571 0.239284 0.263854 0.000000 0.000000 0.038665 
0.058261 0.000193 0.026297 0.661337 0.003388 0.179815 0.000000 0.054818 0.015891 
0.076947 0.548591 0.046541 0.012550 0.029397 0.285640 0.000000 0.000000 0.000334 
0.049532 0.263898 0.412340 0.020358 0.026926 0.178356 0.000000 0.000000 0.048590 
0.201425 0.000923 0.494446 0.019529 0.062392 0.183340 0.000000 0.000000 0.037944 
0.011026 0.000748 0.001376 0.323102 0.221808 0.404829 0.000000 0.036582 0.000528 
0.298412 0.225578 0.017578 0.157240 0.010471 0.200722 0.000000 0.081486 0.008513 
0.091007 0.262745 0.058119 0.105785 0.130280 0.313020 0.000000 0.000000 0.039044 
0.035494 0.000306 0.869051 0.010366 0.002164 0.080865 0.000000 0.000000 0.001755 
0.058760 0.001494 0.291653 0.399066 0.060556 0.074139 0.000000 0.000000 0.114331 
0.114657 0.000845 0.377777 0.010305 0.300836 0.058881 0.000000 0.000000 0.136699 
0.637240 0.025392 0.001673 0.040976 0.005580 0.210996 0.078083 0.000000 0.000060 
0.113769 0.095942 0.193893 0.078993 0.040582 0.237505 0.215940 0.000000 0.023376 
0.042979 0.080129 0.607404 0.012538 0.198201 0.058105 0.000000 0.000000 0.000644 
0.067205 0.000193 0.052040 0.305949 0.085777 0.061583 0.000000 0.000000 0.427253 
0.169936 0.021018 0.009101 0.463033 0.000525 0.247156 0.000000 0.027542 0.061688 
0.178650 0.075536 0.263320 0.039573 0.002111 0.405725 0.000000 0.034107 0.000978 
0.544106 0.020137 0.043417 0.059749 0.116859 0.215394 0.000000 0.000000 0.000337 
0.015244 0.000643 0.879434 0.003311 0.019717 0.030367 0.049757 0.000000 0.001525 
0.073392 0.000191 0.002254 0.723197 0.013780 0.177757 0.000000 0.000000 0.009429 
0.059423 0.001480 0.254117 0.040555 0.055189 0.058392 0.000000 0.000000 0.530843 
0.124524 0.001590 0.321300 0.007677 0.050908 0.068755 0.120503 0.000000 0.304743 
0.016867 0.015388 0.812600 0.014512 0.000905 0.033508 0.000000 0.000000 0.106220 
0.066101 0.043513 0.025008 0.637697 0.008557 0.218509 0.000000 0.000000 0.000615 
0.093643 0.174717 0.048651 0.117054 0.207809 0.341171 0.000000 0.000000 0.016955 
0.083585 0.012182 0.119600 0.246128 0.079897 0.425511 0.000000 0.000000 0.033096 
0.132584 0.336049 0.005401 0.251235 0.000998 0.189738 0.000000 0.044200 0.039795 
0.081266 0.037662 0.142259 0.348630 0.118286 0.210148 0.000000 0.042687 0.019061 
0.288244 0.041527 0.062186 0.384263 0.100210 0.118786 0.000000 0.000000 0.004784 
0.072075 0.000484 0.656714 0.002699 0.021213 0.010550 0.000000 0.000000 0.236265 
0.013123 0.025073 0.079116 0.013266 0.629787 0.168205 0.000000 0.000000 0.071429 
0.158722 0.054289 0.089103 0.121325 0.382828 0.193017 0.000000 0.000000 0.000716 
0.027769 0.000442 0.215471 0.071862 0.362340 0.064662 0.000000 0.000000 0.257453 
0.001643 0.000272 0.729235 0.056607 0.118902 0.014620 0.000000 0.000000 0.078721 
0.472515 0.040333 0.071877 0.043322 0.104733 0.266089 0.000000 0.000000 0.001130 
0.118809 0.054878 0.170440 0.006355 0.328209 0.143299 0.176728 0.000000 0.001283 
0.054516 0.112168 0.170154 0.131643 0.074700 0.411930 0.000000 0.037217 0.007671 
0.174862 0.028614 0.070878 0.494173 0.074381 0.126732 0.000000 0.000000 0.030360 
0.132224 0.041915 0.060502 0.410962 0.013360 0.325795 0.000000 0.000000 0.015242 
0.426919 0.000431 0.045705 0.016709 0.431088 0.075953 0.000000 0.000000 0.003194 
0.152473 0.086242 0.096253 0.006125 0.004886 0.611352 0.000000 0.000000 0.042670 
0.003898 0.000404 0.915060 0.000735 0.000719 0.033351 0.000000 0.000000 0.045834 
0.023569 0.090705 0.557448 0.009632 0.017823 0.174394 0.000000 0.000000 0.126430 
0.084901 0.100574 0.035365 0.227347 0.005552 0.509035 0.000000 0.000000 0.037227 
0.042208 0.192713 0.044774 0.037481 0.008609 0.623886 0.000000 0.000000 0.050328 
0.094769 0.001883 0.004140 0.159981 0.594840 0.143022 0.000000 0.000000 0.001365 
0.029235 0.028070 0.125244 0.102101 0.031127 0.178718 0.140239 0.098914 0.266351 
0.296949 0.099223 0.088324 0.173503 0.020564 0.134721 0.000000 0.000000 0.186715 
0.041078 0.293249 0.287087 0.011322 0.034054 0.120744 0.000000 0.000000 0.212466 
0.043431 0.086350 0.004627 0.471825 0.100343 0.293109 0.000000 0.000000 0.000316 
0.022992 0.000358 0.035762 0.578069 0.005070 0.161057 0.000000 0.000000 0.196692 
0.085432 0.169577 0.056870 0.008437 0.305306 0.362120 0.000000 0.010213 0.002045 
0.048097 0.296080 0.021798 0.073002 0.041808 0.448970 0.027339 0.025663 0.017243 
0.022830 0.000762 0.008870 0.002389 0.020285 0.052334 0.048093 0.000001 0.844437 
0.002598 0.053248 0.022375 0.178894 0.004913 0.632771 0.000000 0.103811 0.001390 
0.061471 0.289554 0.056879 0.119845 0.132250 0.268395 0.000000 0.069230 0.002375 
0.029926 0.433596 0.124434 0.005502 0.084981 0.271508 0.000000 0.000000 0.050053 
0.004299 0.063529 0.063460 0.016037 0.250978 0.257776 0.000000 0.000000 0.343922 
0.127961 0.307917 0.025851 0.060586 0.362419 0.061283 0.000000 0.000000 0.053982 
0.034958 0.000380 0.008294 0.701189 0.027850 0.157181 0.000000 0.013334 0.056813 
0.162219 0.037372 0.006401 0.156778 0.014256 0.622935 0.000000 0.000000 0.000040 
0.073877 0.412188 0.009476 0.031010 0.073330 0.348243 0.040010 0.000000 0.011865 
0.584263 0.001221 0.055342 0.084557 0.073033 0.102295 0.000000 0.000000 0.099288 
0.324955 0.051064 0.027654 0.083855 0.018442 0.412677 0.000000 0.031509 0.049844 
0.002988 0.268637 0.006981 0.312177 0.041588 0.349658 0.000000 0.000000 0.017972 
0.141982 0.000455 0.033278 0.712926 0.004652 0.105326 0.000000 0.000000 0.001379 
0.045151 0.086126 0.003605 0.146960 0.073976 0.615454 0.000000 0.000000 0.028727 
0.120106 0.469301 0.001409 0.035638 0.068942 0.255541 0.000000 0.000000 0.049063 
0.143367 0.037308 0.244095 0.002797 0.268521 0.150224 0.149813 0.000000 0.003875 
0.010604 0.006437 0.027501 0.013664 0.857363 0.013565 0.070178 0.000000 0.000689 
0.071095 0.179068 0.035010 0.021040 0.586679 0.095911 0.000000 0.010225 0.000971 
0.018744 0.277423 0.042720 0.144850 0.062702 0.409228 0.000000 0.040907 0.003425 
0.090372 0.002256 0.239285 0.206693 0.231839 0.160086 0.000000 0.040540 0.028928 
0.500338 0.003335 0.226240 0.051901 0.104644 0.113210 0.000000 0.000000 0.000332 
0.026369 0.140935 0.041627 0.003253 0.451573 0.203296 0.000000 0.000000 0.132947 
0.144413 0.176808 0.054914 0.124155 0.040243 0.204197 0.000000 0.036062 0.219208 
0.065074 0.072613 0.053170 0.009199 0.641636 0.157642 0.000000 0.000000 0.000666 
0.056892 0.362376 0.037640 0.049092 0.107499 0.326768 0.000000 0.000000 0.059732 
0.096987 0.000315 0.012668 0.705306 0.001288 0.114319 0.000000 0.000000 0.069118 
0.441898 0.031301 0.009840 0.431133 0.013219 0.059825 0.000000 0.000000 0.012783 
0.035234 0.062274 0.037098 0.167759 0.026716 0.500114 0.000000 0.170073 0.000732 
0.141544 0.036801 0.271764 0.081060 0.001753 0.369290 0.000000 0.095908 0.001879 
0.003379 0.000373 0.861892 0.019945 0.003095 0.094343 0.015491 0.000000 0.001482 
0.007469 0.001129 0.778124 0.003327 0.091648 0.059237 0.000000 0.000000 0.059066 
0.042799 0.027553 0.037351 0.093122 0.781783 0.017012 0.000000 0.000000 0.000379 
0.038902 0.035872 0.045822 0.568553 0.179589 0.124290 0.000000 0.000000 0.006972 
0.627299 0.021706 0.034122 0.052837 0.051648 0.184060 0.000000 0.000000 0.028329 
0.004840 0.026914 0.497910 0.083463 0.011896 0.273550 0.000000 0.000000 0.101427 
0.104425 0.000375 0.062537 0.674322 0.035519 0.095640 0.000000 0.026922 0.000261 
0.036607 0.089202 0.017365 0.151293 0.000763 0.619104 0.000000 0.082344 0.003321 
0.332013 0.085581 0.004836 0.166297 0.094791 0.314954 0.000000 0.000000 0.001527 
0.028599 0.001566 0.229528 0.033856 0.045382 0.355705 0.000000 0.052872 0.252491 
0.064891 0.369640 0.001855 0.101129 0.065771 0.384245 0.000000 0.011930 0.000539 
0.259012 0.001294 0.088621 0.193502 0.077748 0.218144 0.129997 0.000000 0.031682 
0.040437 0.000352 0.063180 0.763040 0.004808 0.100807 0.000000 0.026021 0.001355 
0.612524 0.000905 0.020744 0.028919 0.128902 0.065001 0.125099 0.000000 0.017905 
0.176755 0.000923 0.092803 0.216387 0.179921 0.301191 0.000000 0.000000 0.032019 
0.030056 0.000639 0.102321 0.198844 0.249696 0.092282 0.017078 0.000000 0.309084 
0.119445 0.079862 0.004596 0.402493 0.033510 0.351075 0.000000 0.000000 0.009020 
0.006761 0.001569 0.837688 0.034829 0.020850 0.040523 0.000000 0.000000 0.057780 
0.475278 0.042512 0.134245 0.023783 0.001159 0.270371 0.000000 0.049050 0.003602 
0.092742 0.012198 0.739827 0.001777 0.020724 0.107235 0.000000 0.000000 0.025497 
0.180830 0.253245 0.169338 0.014837 0.021285 0.270611 0.000000 0.000000 0.089854 
0.084954 0.071552 0.135525 0.138158 0.079882 0.454077 0.000000 0.034672 0.001179 
0.048963 0.108408 0.085630 0.171858 0.211706 0.352192 0.000000 0.018274 0.002968 
0.148898 0.047986 0.008229 0.129998 0.044007 0.509692 0.000000 0.110047 0.001142 
0.028272 0.019529 0.846547 0.002335 0.000937 0.077479 0.020615 0.000000 0.004285 
0.055215 0.001890 0.066932 0.177556 0.236281 0.444089 0.000000 0.017423 0.000614 
0.010876 0.000107 0.240509 0.039144 0.005884 0.003364 0.036421 0.016208 0.647487 
0.063815 0.001003 0.010750 0.111143 0.640990 0.172198 0.000000 0.000000 0.000101 
0.038004 0.594606 0.054284 0.060815 0.012464 0.238558 0.000000 0.000000 0.001267 
0.001844 0.003671 0.894166 0.002924 0.000824 0.015948 0.000000 0.000000 0.080622 
0.478256 0.004644 0.062767 0.023617 0.058682 0.026472 0.000000 0.000000 0.345562 
0.013738 0.000160 0.108065 0.087032 0.022056 0.125585 0.000000 0.000000 0.643363 
0.035720 0.000307 0.148595 0.030535 0.127464 0.065543 0.027329 0.000000 0.564507 
0.061490 0.068962 0.115375 0.231812 0.131733 0.330474 0.000000 0.040293 0.019861 
0.015653 0.000389 0.153890 0.668693 0.000992 0.141478 0.000000 0.000000 0.018904 
0.428355 0.007144 0.030720 0.178759 0.052329 0.302482 0.000000 0.000000 0.000211 
0.163941 0.051042 0.117718 0.081702 0.002452 0.073981 0.432136 0.026896 0.050132 
0.003687 0.361633 0.042549 0.015351 0.014069 0.533476 0.000000 0.000000 0.029234 
0.121887 0.454579 0.027581 0.050200 0.010978 0.334056 0.000000 0.000000 0.000718 
0.491659 0.001609 0.082215 0.001680 0.379832 0.042179 0.000000 0.000000 0.000826 
0.155390 0.321029 0.063508 0.007062 0.002937 0.391979 0.000000 0.047955 0.010139 
0.187483 0.000828 0.034790 0.473255 0.034114 0.162919 0.000000 0.049685 0.056927 
0.031251 0.142830 0.512522 0.059647 0.001855 0.107260 0.000000 0.067624 0.077012 
0.301175 0.001013 0.009492 0.024201 0.059704 0.047974 0.000000 0.000000 0.556440 
0.205674 0.000727 0.139697 0.034874 0.013574 0.238976 0.365373 0.000000 0.001105 
0.070592 0.132743 0.132714 0.168590 0.100841 0.354869 0.000000 0.039014 0.000638 
0.067772 0.110252 0.109873 0.068619 0.320603 0.247178 0.023067 0.000000 0.052636 
0.071857 0.388832 0.004341 0.154857 0.051149 0.301396 0.000000 0.000000 0.027569 
0.003890 0.019200 0.100627 0.015085 0.070567 0.033070 0.000000 0.000000 0.757560 
0.027967 0.024712 0.003774 0.340048 0.002066 0.479467 0.000000 0.088541 0.033425 
0.048251 0.000637 0.061265 0.669577 0.041319 0.174060 0.000000 0.000000 0.004892 
0.028356 0.001485 0.466929 0.290846 0.027481 0.111593 0.000000 0.000000 0.073309 
0.066305 0.054864 0.032555 0.183921 0.034456 0.533402 0.000000 0.071769 0.022728 
0.016516 0.000899 0.805722 0.006470 0.000841 0.068855 0.000000 0.000000 0.100696 
0.073800 0.453735 0.039943 0.093382 0.001081 0.312506 0.000000 0.000000 0.025552 
0.030046 0.000722 0.006429 0.008967 0.506559 0.101639 0.000000 0.000000 0.345637 
0.033960 0.256858 0.079473 0.122946 0.001824 0.483090 0.000000 0.000000 0.021850 
0.123408 0.188302 0.173117 0.001540 0.050658 0.085127 0.000000 0.000000 0.377847 
0.009905 0.015038 0.815155 0.019852 0.001330 0.029503 0.000000 0.000000 0.109217 
0.061809 0.052152 0.226366 0.005463 0.027192 0.225212 0.000000 0.000000 0.401806 
0.016492 0.002456 0.059184 0.120622 0.036745 0.337470 0.019651 0.000000 0.407380 
0.138460 0.000355 0.582872 0.009171 0.001755 0.116066 0.075484 0.000000 0.075836 
0.462620 0.043101 0.347949 0.045228 0.052895 0.047245 0.000000 0.000000 0.000962 
0.089747 0.051868 0.035488 0.228596 0.006484 0.383142 0.000000 0.000000 0.204675 
0.038883 0.000151 0.218068 0.129435 0.004400 0.147482 0.000000 0.102199 0.359381 
0.523216 0.088922 0.090731 0.048688 0.002503 0.023667 0.222187 0.000000 0.000088 
0.233036 0.000371 0.296103 0.336348 0.001472 0.130930 0.000000 0.000000 0.001738 
0.130719 0.225472 0.192922 0.057976 0.002221 0.194502 0.195948 0.000000 0.000240 
0.396417 0.021768 0.015488 0.131859 0.000933 0.322105 0.000000 0.090616 0.020814 
0.325048 0.001922 0.068353 0.102861 0.093739 0.186316 0.050723 0.000000 0.171038 
0.208011 0.000837 0.060646 0.066064 0.014644 0.094586 0.450130 0.000000 0.105081 
0.072422 0.641112 0.033270 0.005645 0.007031 0.239659 0.000000 0.000000 0.000861 
0.058426 0.024668 0.048934 0.242473 0.042170 0.445969 0.000000 0.117811 0.019548 
0.698747 0.029925 0.037215 0.065576 0.005496 0.162182 0.000000 0.000000 0.000859 
0.103123 0.023337 0.128801 0.004029 0.694054 0.019036 0.000000 0.000000 0.027618 
0.013569 0.000744 0.020062 0.011199 0.696946 0.025877 0.050790 0.000000 0.180814 
0.043201 0.429502 0.005736 0.201807 0.018272 0.227167 0.000000 0.047147 0.027167 
0.021870 0.026005 0.068325 0.150306 0.034317 0.640248 0.000000 0.000000 0.058929 
0.066691 0.065936 0.463279 0.031371 0.013242 0.260806 0.000000 0.000000 0.098676 
0.686861 0.015208 0.087057 0.019853 0.017858 0.106168 0.062864 0.000000 0.004133 
0.054169 0.000411 0.135012 0.616760 0.001958 0.191267 0.000000 0.000000 0.000422 
0.049933 0.017535 0.109035 0.019754 0.033482 0.017708 0.000000 0.000000 0.752552 
0.108966 0.026228 0.229741 0.014295 0.079767 0.387960 0.080768 0.071557 0.000718 
0.118887 0.000997 0.085170 0.192140 0.298590 0.214851 0.088988 0.000000 0.000377 
0.153114 0.139971 0.089973 0.019331 0.086477 0.096615 0.000000 0.000000 0.414518 
0.067910 0.043140 0.062357 0.004580 0.775696 0.046082 0.000000 0.000000 0.000234 
0.104021 0.136752 0.395463 0.009209 0.063368 0.230606 0.000000 0.000000 0.060581 
0.701903 0.003565 0.098511 0.020225 0.077265 0.011812 0.086398 0.000000 0.000322 
0.386622 0.051122 0.051416 0.097498 0.011806 0.284128 0.000000 0.000000 0.117408 
0.126442 0.067174 0.019860 0.071877 0.013466 0.630679 0.000000 0.049463 0.021039 
0.004670 0.000879 0.545116 0.092732 0.001101 0.238928 0.000000 0.000000 0.116573 
0.058210 0.318775 0.011514 0.125636 0.036565 0.378884 0.000000 0.070363 0.000052 
0.771420 0.000497 0.003068 0.006619 0.014390 0.107363 0.096606 0.000000 0.000037 
0.450333 0.033784 0.085846 0.214732 0.007816 0.169562 0.036264 0.000000 0.001662 
0.131292 0.209887 0.003828 0.091390 0.056588 0.468078 0.000000 0.000000 0.038936 
0.148885 0.020879 0.058742 0.046940 0.028043 0.170069 0.330331 0.025217 0.170894 
0.085157 0.030950 0.014150 0.304086 0.023858 0.375524 0.000000 0.165500 0.000775 
0.070143 0.000963 0.050609 0.145931 0.048208 0.123312 0.000000 0.017663 0.543171 
0.027996 0.000543 0.008228 0.649115 0.094740 0.160700 0.048526 0.000000 0.010153 
0.017965 0.092019 0.002225 0.240174 0.001738 0.456101 0.000000 0.137775 0.052002 
