-195511.472941
0
0.000000 0.000000 0.000000 0.011500 0.000000 0.000000 0.000000 0.000000 0.000001 0.001779 0.008969 0.004209 0.000000 0.000000 0.000000 0.002034 0.004372 0.004638 0.000000 0.003154 0.000000 0.004870 0.000643 0.015713 0.001715 0.000000 0.000000 0.011804 0.000000 0.000000 0.000000 0.000000 0.000016 0.000001 0.014296 0.002445 0.000000 0.000000 0.000000 0.000000 0.000000 0.002682 0.000000 0.000000 0.001215 0.000983 0.002821 0.019293 0.000000 0.001102 0.000000 0.006865 0.000000 0.000000 0.000000 0.000000 0.000001 0.011470 0.023745 0.015880 0.000000 0.000000 0.000000 0.000000 0.005863 0.011003 0.002877 0.013388 0.000000 0.001311 0.000788 0.003572 0.038272 0.010850 0.003111 0.324444 0.000000 0.000000 0.000000 0.000000 0.000000 0.019606 0.223822 0.034971 0.000000 0.001345 0.000000 0.002010 0.004015 0.014063 0.007292 0.007919 0.004922 0.007464 0.002636 0.076238 
0.001938 0.000000 0.000000 0.000000 0.000000 0.000000 0.000000 0.001641 0.032932 0.019688 0.163649 0.019310 0.000000 0.003911 0.000000 0.003955 0.011179 0.007187 0.019005 0.002887 0.000000 0.001391 0.000000 0.000000 0.007295 0.018019 0.006054 0.041153 0.000000 0.000000 0.000000 0.000000 0.005963 0.005519 0.112455 0.005910 0.000000 0.000000 0.000000 0.000000 0.005135 0.000178 0.025502 0.001436 0.000000 0.003074 0.001403 0.004822 0.000000 0.003328 0.000000 0.004900 0.000000 0.002261 0.000000 0.000000 0.059762 0.072598 0.148052 0.052867 0.000000 0.001388 0.000000 0.000000 0.015220 0.007306 0.008477 0.007891 0.000000 0.001188 0.000000 0.001381 0.000001 0.001128 0.000000 0.000003 0.000000 0.000000 0.000000 0.000000 0.000000 0.000003 0.046772 0.000460 0.000000 0.000000 0.000000 0.000000 0.006949 0.002525 0.013431 0.003626 0.000000 0.000677 0.000533 0.004683 
0.000000 0.000000 0.000000 0.000000 0.000000 0.000000 0.000000 0.000000 0.000001 0.018133 0.000000 0.007586 0.000000 0.000000 0.000000 0.002791 0.000006 0.000000 0.000000 0.001463 0.000000 0.000000 0.000000 0.000000 0.001392 0.000000 0.000000 0.000001 0.000000 0.000000 0.000000 0.000000 0.084337 0.104942 0.017485 0.078304 0.000000 0.001261 0.000000 0.000000 0.001852 0.000001 0.000000 0.003676 0.000000 0.000000 0.000000 0.000001 0.000000 0.000000 0.000000 0.000000 0.000000 0.000000 0.000000 0.000000 0.000001 0.017735 0.000000 0.018312 0.000000 0.000000 0.000000 0.000918 0.000000 0.000000 0.000000 0.008806 0.000000 0.000000 0.000000 0.000000 0.000001 0.000004 0.000000 0.000002 0.000000 0.001095 0.000000 0.000000 0.122052 0.301691 0.107675 0.086909 0.001837 0.000698 0.000000 0.003634 0.001613 0.001534 0.000000 0.000937 0.000000 0.000000 0.001311 0.000001 
0.027114 0.022075 0.006513 0.017588 0.011799 0.006682 0.002114 0.010809 0.016343 0.006939 0.000000 0.011592 0.011376 0.007021 0.011418 0.014291 0.020671 0.008998 0.017323 0.019383 0.008331 0.002655 0.005210 0.007475 0.023402 0.025783 0.003320 0.020791 0.009219 0.008585 0.003341 0.011714 0.014732 0.009193 0.002474 0.016789 0.008458 0.010582 0.019411 0.015690 0.010360 0.012807 0.013724 0.016973 0.006631 0.003343 0.009761 0.015026 0.021695 0.017223 0.007020 0.018619 0.005963 0.006323 0.002537 0.009050 0.008114 0.004464 0.000000 0.007933 0.005930 0.005610 0.008416 0.008565 0.008324 0.006728 0.008993 0.008292 0.002284 0.001502 0.007584 0.007255 0.026389 0.024099 0.003957 0.026362 0.005283 0.009865 0.001358 0.009877 0.000000 0.000001 0.000056 0.008674 0.011970 0.008294 0.010276 0.014526 0.011166 0.010371 0.006386 0.015344 0.012807 0.004959 0.008322 0.015401 
0.000000 0.000000 0.000000 0.000000 0.000000 0.000000 0.000000 0.000000 0.005437 0.002428 0.000000 0.001659 0.000000 0.000000 0.000000 0.000005 0.001894 0.000000 0.000000 0.002893 0.000000 0.000000 0.000000 0.001954 0.000004 0.000000 0.000000 0.000002 0.000000 0.000000 0.000000 0.000000 0.012578 0.000001 0.002354 0.008338 0.000000 0.001132 0.000000 0.000000 0.000000 0.000734 0.000000 0.000000 0.000000 0.000000 0.000000 0.000001 0.000000 0.000000 0.000000 0.000000 0.000000 0.000000 0.000000 0.000000 0.008170 0.003651 0.000000 0.003477 0.000534 0.000000 0.000000 0.000000 0.000000 0.000000 0.000000 0.000011 0.000000 0.000000 0.000000 0.000000 0.012537 0.003962 0.000000 0.016147 0.034376 0.000000 0.001131 0.075144 0.442847 0.073129 0.041269 0.242182 0.000000 0.000000 0.000000 0.000000 0.000003 0.000004 0.000001 0.000006 0.000000 0.000000 0.000002 0.000001 
0.000018 0.020245 0.243284 0.044922 0.691531 
0.580101 0.051855 0.035225 0.026796 0.306023 
0.000025 0.079423 0.067209 0.816969 0.036374 
0.000013 0.132042 0.012452 0.855487 0.000006 
0.000020 0.117528 0.581058 0.301377 0.000017 
0.038756 0.105064 0.038715 0.817428 0.000036 
0.358407 0.125424 0.051814 0.342121 0.122233 
0.343268 0.172057 0.074853 0.409798 0.000024 
0.000015 0.000711 0.000498 0.573420 0.425356 
0.000018 0.245595 0.105139 0.649230 0.000018 
0.000026 0.548104 0.073930 0.337629 0.040310 
0.000021 0.241653 0.082915 0.675403 0.000008 
0.000025 0.002739 0.209183 0.788024 0.000029 
0.606476 0.135939 0.000547 0.231011 0.026027 
0.000022 0.039526 0.027835 0.932598 0.000019 
0.000023 0.198177 0.107221 0.694552 0.000028 
0.068908 0.312917 0.197833 0.420316 0.000026 
0.000027 0.088228 0.693354 0.218369 0.000022 
0.000021 0.235877 0.079834 0.441965 0.242303 
0.000012 0.000371 0.047177 0.944030 0.008409 
0.000009 0.128541 0.044278 0.795590 0.031582 
0.000013 0.075489 0.000159 0.840664 0.083674 
0.052065 0.207942 0.033719 0.706241 0.000033 
0.060146 0.793299 0.089851 0.056685 0.000019 
0.000009 0.003207 0.711012 0.008201 0.277570 
0.847036 0.094596 0.041681 0.016675 0.000013 
0.025509 0.316737 0.059955 0.597778 0.000022 
0.078502 0.053773 0.000297 0.052786 0.814642 
0.000026 0.058990 0.000504 0.672641 0.267839 
0.847232 0.000890 0.000477 0.151393 0.000008 
0.000015 0.000770 0.714274 0.284914 0.000028 
0.024485 0.235012 0.085296 0.388839 0.266368 
0.033477 0.212484 0.000430 0.730823 0.022785 
0.351325 0.058776 0.059278 0.501707 0.028914 
0.056703 0.066425 0.022258 0.198882 0.655732 
0.245622 0.005850 0.000406 0.729973 0.018149 
0.000019 0.155838 0.093685 0.750434 0.000025 
0.199641 0.016743 0.000133 0.701068 0.082415 
0.000019 0.388159 0.092774 0.519024 0.000023 
0.881403 0.049724 0.064542 0.004303 0.000028 
0.110972 0.346353 0.021296 0.361935 0.159443 
0.022665 0.094389 0.188388 0.333854 0.360704 
0.000013 0.658378 0.234659 0.084639 0.022310 
0.000017 0.188913 0.157391 0.653650 0.000030 
0.282488 0.501748 0.128230 0.087508 0.000026 
0.000007 0.000719 0.927007 0.072246 0.000020 
0.000011 0.040025 0.016836 0.930189 0.012938 
0.000013 0.474896 0.110865 0.414200 0.000025 
0.000024 0.522243 0.000347 0.102429 0.374957 
0.000019 0.268017 0.000455 0.731491 0.000018 
0.000023 0.196436 0.000258 0.803270 0.000014 
0.000015 0.040261 0.000698 0.021164 0.937861 
0.072981 0.235874 0.138550 0.552575 0.000020 
0.000012 0.066655 0.000473 0.518139 0.414722 
0.000016 0.032309 0.600741 0.294153 0.072781 
0.000023 0.059163 0.034282 0.906483 0.000049 
0.032719 0.166782 0.645081 0.155398 0.000020 
0.078096 0.251926 0.220812 0.416001 0.033164 
0.000016 0.025076 0.288055 0.122884 0.563969 
0.000023 0.128204 0.019219 0.272144 0.580409 
0.000014 0.149498 0.190719 0.659746 0.000024 
0.016749 0.900272 0.000477 0.082465 0.000037 
0.283775 0.188614 0.000559 0.285066 0.241986 
0.000021 0.492874 0.052549 0.454533 0.000023 
0.000018 0.019581 0.021073 0.050878 0.908450 
0.000013 0.178592 0.000277 0.810555 0.010564 
0.030077 0.088302 0.000182 0.866849 0.014590 
0.105651 0.634453 0.059169 0.173622 0.027105 
0.000026 0.023106 0.450759 0.453496 0.072614 
0.083180 0.090735 0.392762 0.145797 0.287526 
0.000022 0.001158 0.000474 0.333129 0.665216 
0.000020 0.017299 0.047161 0.935509 0.000011 
0.080586 0.479044 0.204885 0.235457 0.000029 
0.661113 0.047410 0.000345 0.056420 0.234712 
0.000030 0.451888 0.379903 0.168163 0.000017 
0.000025 0.134515 0.024732 0.672286 0.168442 
0.408314 0.211693 0.000609 0.379372 0.000012 
0.058244 0.351038 0.128495 0.462190 0.000033 
0.000019 0.407410 0.126349 0.466200 0.000022 
0.425922 0.001650 0.532642 0.039765 0.000021 
0.574003 0.039843 0.328192 0.057952 0.000010 
0.131639 0.196830 0.013514 0.658002 0.000016 
0.139456 0.050230 0.000965 0.771383 0.037966 
0.164375 0.646698 0.000708 0.155445 0.032775 
0.080849 0.089929 0.741523 0.087673 0.000027 
0.000014 0.000545 0.903065 0.070142 0.026233 
0.173670 0.356536 0.197835 0.039057 0.232902 
0.000018 0.003516 0.454658 0.427216 0.114593 
0.056409 0.532192 0.109286 0.302080 0.000034 
0.024680 0.769200 0.036967 0.169138 0.000015 
0.000015 0.082944 0.000366 0.903580 0.013095 
0.000009 0.870919 0.030400 0.098669 0.000004 
0.278390 0.015997 0.049588 0.576942 0.079082 
0.059447 0.240953 0.489641 0.209931 0.000027 
0.366195 0.030791 0.000169 0.602831 0.000014 
0.000016 0.032749 0.000499 0.645060 0.321675 
0.270052 0.452767 0.038218 0.238953 0.000010 
0.000026 0.117485 0.097712 0.784764 0.000013 
0.000025 0.288580 0.013806 0.662642 0.034946 
0.000021 0.007772 0.000342 0.952457 0.039408 
0.000014 0.000726 0.000692 0.919613 0.078956 
0.000009 0.011242 0.012239 0.959945 0.016565 
0.129933 0.002029 0.039818 0.828188 0.000031 
0.000019 0.001229 0.024158 0.861920 0.112674 
0.661845 0.001831 0.000445 0.335869 0.000010 
0.347134 0.082411 0.000522 0.517698 0.052234 
0.075621 0.114789 0.019902 0.345945 0.443743 
0.000015 0.036293 0.000193 0.940946 0.022553 
0.029087 0.515607 0.102782 0.167685 0.184838 
0.000009 0.305411 0.103813 0.590751 0.000017 
0.000013 0.159962 0.095461 0.744545 0.000019 
0.000014 0.063286 0.061043 0.875648 0.000009 
0.000019 0.494591 0.000319 0.411271 0.093800 
0.000012 0.000335 0.018189 0.006035 0.975429 
0.122991 0.095345 0.000511 0.586060 0.195094 
0.231627 0.107976 0.051244 0.609138 0.000014 
0.215897 0.070100 0.000387 0.683820 0.029796 
0.105344 0.411191 0.021807 0.348884 0.112773 
0.604054 0.045839 0.270742 0.079343 0.000021 
0.011693 0.652640 0.294727 0.040919 0.000021 
0.037797 0.059272 0.109200 0.793708 0.000022 
0.113163 0.001595 0.000744 0.872710 0.011789 
0.000009 0.032720 0.881659 0.050569 0.035043 
0.261838 0.007503 0.438604 0.292040 0.000015 
0.000021 0.061115 0.431088 0.507757 0.000020 
0.000017 0.115420 0.000498 0.757475 0.126590 
0.000010 0.000952 0.035662 0.963338 0.000038 
0.000012 0.001575 0.038116 0.960288 0.000009 
0.000030 0.061730 0.000408 0.913758 0.024074 
0.062643 0.072866 0.050805 0.388872 0.424813 
0.046808 0.067402 0.020750 0.865020 0.000020 
0.000028 0.001404 0.548462 0.450080 0.000027 
0.000019 0.001071 0.056701 0.054369 0.887840 
0.132862 0.027563 0.569132 0.234109 0.036333 
0.053716 0.049038 0.046919 0.850295 0.000031 
0.000020 0.278780 0.000414 0.006011 0.714775 
0.000026 0.648164 0.079157 0.272624 0.000028 
0.000020 0.124147 0.094443 0.769394 0.011997 
0.000015 0.044418 0.199423 0.560998 0.195146 
0.000015 0.190742 0.097341 0.636448 0.075454 
0.000004 0.001920 0.063992 0.934059 0.000025 
0.255657 0.011134 0.226378 0.466966 0.039865 
0.191336 0.056566 0.065708 0.686361 0.000029 
0.000013 0.002615 0.085965 0.911373 0.000034 
0.000009 0.146415 0.072795 0.472322 0.308459 
0.066504 0.794990 0.075449 0.063032 0.000024 
0.345025 0.017679 0.015370 0.621900 0.000026 
0.000016 0.001249 0.853802 0.144910 0.000023 
0.000012 0.439230 0.438427 0.122307 0.000025 
0.000027 0.016329 0.481708 0.002481 0.499455 
0.287862 0.072574 0.000646 0.149654 0.489265 
0.000018 0.120952 0.000858 0.494884 0.383288 
0.058461 0.069767 0.127664 0.677003 0.067105 
0.486133 0.051620 0.071338 0.334362 0.056546 
0.107116 0.090235 0.067246 0.735394 0.000008 
0.000018 0.412750 0.131002 0.456199 0.000030 
0.790401 0.024381 0.000659 0.135944 0.048614 
0.940506 0.035248 0.000285 0.023954 0.000007 
0.000010 0.552467 0.000541 0.198542 0.248441 
0.040696 0.364461 0.386943 0.119857 0.088044 
0.000024 0.723581 0.000542 0.191053 0.084800 
0.620158 0.025854 0.048772 0.255447 0.049769 
0.413319 0.121386 0.077431 0.387832 0.000032 
0.070992 0.074923 0.000514 0.199962 0.653610 
0.000018 0.092366 0.096668 0.124882 0.686067 
0.000022 0.522095 0.115144 0.362721 0.000018 
0.000010 0.054587 0.000301 0.661509 0.283594 
0.000014 0.124389 0.024522 0.813293 0.037782 
0.192632 0.545614 0.004350 0.204549 0.052854 
0.000015 0.038250 0.007541 0.918525 0.035669 
0.000018 0.000567 0.844165 0.155227 0.000022 
0.039628 0.170229 0.061044 0.714896 0.014202 
0.714162 0.002650 0.000936 0.245857 0.036395 
0.168237 0.022087 0.001007 0.808649 0.000020 
0.885759 0.043475 0.000120 0.070640 0.000006 
0.159695 0.123840 0.188200 0.417674 0.110591 
0.150043 0.117618 0.049405 0.262678 0.420255 
0.000021 0.348599 0.115398 0.395399 0.140583 
0.198194 0.027064 0.002000 0.772726 0.000015 
0.000010 0.078515 0.000570 0.798357 0.122548 
0.918215 0.017700 0.000412 0.063658 0.000015 
0.137827 0.097820 0.480835 0.283491 0.000028 
0.000022 0.032167 0.035531 0.932272 0.000008 
0.127309 0.221092 0.123668 0.527907 0.000025 
0.034858 0.001073 0.012395 0.929117 0.022558 
0.000022 0.169567 0.110934 0.719458 0.000018 
0.083361 0.134180 0.001096 0.745452 0.035910 
0.000022 0.066520 0.231378 0.508787 0.193293 
0.038480 0.114595 0.012974 0.799308 0.034643 
0.029031 0.561595 0.068019 0.341332 0.000023 
0.000017 0.084420 0.000744 0.675907 0.238912 
0.000020 0.716829 0.000200 0.282948 0.000003 
0.410219 0.146913 0.000619 0.046860 0.395389 
0.128971 0.532259 0.000439 0.255845 0.082486 
0.057048 0.408694 0.165508 0.368718 0.000032 
0.000024 0.069502 0.000390 0.745847 0.184237 
0.000013 0.130935 0.000532 0.855442 0.013078 
0.050712 0.082855 0.000598 0.790680 0.075156 
0.148550 0.248524 0.021073 0.438387 0.143467 
0.000016 0.118247 0.068039 0.813664 0.000034 
0.000025 0.001881 0.158144 0.178716 0.661234 
0.000016 0.115835 0.035365 0.848755 0.000028 
0.000021 0.062664 0.032844 0.904458 0.000014 
0.414369 0.083989 0.027436 0.474198 0.000008 
0.000016 0.036010 0.024130 0.641569 0.298275 
0.000023 0.235908 0.064677 0.699364 0.000029 
0.000023 0.686411 0.056107 0.228281 0.029178 
0.000013 0.099720 0.462207 0.438037 0.000023 
0.257671 0.041229 0.409360 0.145150 0.146590 
0.000022 0.159572 0.043238 0.743669 0.053500 
0.255858 0.002287 0.445032 0.296795 0.000029 
0.000014 0.036318 0.019344 0.925049 0.019274 
0.000025 0.074490 0.033913 0.891562 0.000011 
0.000026 0.047380 0.461162 0.491404 0.000027 
0.043689 0.229862 0.530825 0.195595 0.000029 
0.196345 0.001828 0.000128 0.801689 0.000011 
0.000018 0.297836 0.015607 0.677886 0.008653 
0.153989 0.076243 0.072908 0.696825 0.000035 
0.000015 0.042009 0.897256 0.060703 0.000018 
0.000026 0.056475 0.301145 0.532475 0.109879 
0.342643 0.104715 0.376659 0.037014 0.138969 
0.000012 0.710884 0.000094 0.289007 0.000002 
0.043825 0.359664 0.218729 0.377755 0.000027 
0.228197 0.033143 0.616062 0.122586 0.000013 
0.053580 0.036858 0.021871 0.404038 0.483652 
0.000007 0.134464 0.000540 0.801377 0.063612 
0.000013 0.160930 0.260490 0.578550 0.000017 
0.050095 0.637820 0.020953 0.291121 0.000011 
0.022549 0.073011 0.895873 0.008548 0.000019 
0.000019 0.035095 0.000246 0.953950 0.010691 
0.000030 0.046529 0.215403 0.111205 0.626833 
0.032741 0.254896 0.304556 0.066986 0.340820 
0.000011 0.015156 0.879067 0.041907 0.063859 
0.000023 0.019076 0.026314 0.954574 0.000014 
0.240560 0.064320 0.042041 0.639361 0.013719 
0.047020 0.058917 0.140108 0.753930 0.000025 
0.000014 0.107462 0.000291 0.851192 0.041041 
0.093186 0.076408 0.163018 0.667359 0.000029 
0.061108 0.292951 0.056245 0.589666 0.000031 
0.000027 0.070719 0.655777 0.009005 0.264473 
0.716201 0.001334 0.020485 0.172263 0.089717 
0.436176 0.139956 0.063395 0.360458 0.000015 
0.392508 0.005567 0.195443 0.124451 0.282030 
0.112657 0.000444 0.752126 0.077844 0.056929 
0.069796 0.513962 0.061290 0.354932 0.000020 
0.404006 0.329711 0.147171 0.119093 0.000019 
0.064545 0.034751 0.172231 0.728449 0.000025 
0.031207 0.160178 0.078319 0.707842 0.022454 
0.000018 0.125686 0.069399 0.804866 0.000031 
0.438877 0.449081 0.032494 0.079511 0.000036 
0.000015 0.144490 0.130802 0.724659 0.000033 
0.000007 0.000734 0.996275 0.002962 0.000022 
0.000023 0.031641 0.608518 0.258580 0.101238 
0.000016 0.077403 0.047267 0.875282 0.000033 
0.000020 0.066173 0.039183 0.868160 0.026464 
0.593960 0.060955 0.000268 0.344801 0.000017 
0.000023 0.205315 0.081016 0.371760 0.341887 
0.000020 0.306088 0.062363 0.427869 0.203661 
0.059205 0.023455 0.271116 0.435186 0.211038 
0.093428 0.026400 0.000299 0.879865 0.000008 
0.000014 0.000811 0.000692 0.771052 0.227430 
0.363986 0.055491 0.029494 0.551015 0.000015 
0.000026 0.102669 0.017088 0.866537 0.013680 
0.000016 0.070593 0.000222 0.037986 0.891183 
0.000013 0.000462 0.015150 0.984355 0.000021 
0.176925 0.049223 0.021553 0.752274 0.000025 
0.119868 0.001376 0.115378 0.722320 0.041058 
0.255992 0.000877 0.000573 0.334199 0.408358 
0.481580 0.124649 0.000458 0.354915 0.038397 
0.000028 0.023694 0.000457 0.904499 0.071322 
0.000017 0.142071 0.000184 0.857726 0.000002 
0.102999 0.131538 0.000348 0.752106 0.013009 
0.000026 0.640312 0.002058 0.226256 0.131348 
0.000016 0.331654 0.001029 0.602371 0.064930 
0.054361 0.026565 0.000373 0.901778 0.016923 
0.000016 0.086923 0.031810 0.881231 0.000021 
0.045682 0.048843 0.000310 0.905142 0.000023 
0.086323 0.104952 0.000142 0.775240 0.033343 
0.316081 0.305938 0.235074 0.142884 0.000023 
0.929838 0.051396 0.011981 0.006773 0.000012 
0.734235 0.049706 0.000387 0.215657 0.000014 
0.041654 0.021649 0.039446 0.897221 0.000031 
0.216022 0.037570 0.265982 0.480396 0.000030 
0.028420 0.590804 0.212566 0.168201 0.000010 
0.555388 0.002997 0.000593 0.290170 0.150851 
0.000027 0.149374 0.000709 0.568126 0.281764 
0.775505 0.035916 0.034852 0.153714 0.000013 
0.162749 0.048630 0.000525 0.727947 0.060148 
0.000011 0.048991 0.000687 0.875543 0.074768 
0.000011 0.419405 0.000321 0.565545 0.014719 
0.000027 0.006997 0.035489 0.957468 0.000019 
0.000011 0.140822 0.262268 0.596873 0.000027 
0.000016 0.018199 0.887341 0.094427 0.000017 
0.114870 0.001428 0.854430 0.029247 0.000025 
0.905158 0.003234 0.000334 0.091265 0.000010 
0.173416 0.001579 0.049248 0.775726 0.000030 
0.000029 0.676153 0.021328 0.277074 0.025416 
0.000019 0.000929 0.516963 0.394371 0.087718 
0.000028 0.060393 0.067702 0.871868 0.000009 
0.000008 0.039271 0.014292 0.946404 0.000025 
0.056203 0.317435 0.000263 0.626081 0.000018 
0.000023 0.018270 0.209183 0.476348 0.296175 
0.043469 0.075101 0.000086 0.881340 0.000004 
0.000026 0.437119 0.102825 0.438711 0.021319 
0.000018 0.002792 0.064995 0.932177 0.000018 
0.094726 0.799282 0.001259 0.077167 0.027566 
0.165775 0.151065 0.109266 0.573868 0.000026 
0.256223 0.035450 0.035830 0.296304 0.376194 
0.000025 0.102196 0.000428 0.886225 0.011125 
0.000024 0.001373 0.913471 0.085109 0.000024 
0.000009 0.473691 0.113870 0.412403 0.000028 
0.000041 0.106985 0.794607 0.098344 0.000024 
0.000022 0.191875 0.175615 0.570757 0.061731 
0.060695 0.083648 0.128425 0.727214 0.000018 
0.221547 0.005089 0.075152 0.698190 0.000022 
0.000024 0.175140 0.000360 0.824459 0.000017 
0.000009 0.058741 0.857897 0.083332 0.000021 
0.221437 0.031702 0.057889 0.688961 0.000011 
0.000018 0.050299 0.132481 0.034029 0.783173 
0.677516 0.018988 0.000165 0.303328 0.000004 
0.000024 0.056675 0.033393 0.909887 0.000021 
0.000010 0.000533 0.930956 0.021783 0.046718 
0.000030 0.530029 0.000664 0.064695 0.404582 
0.000019 0.001907 0.000637 0.220006 0.777431 
0.099275 0.064538 0.102799 0.090982 0.642405 
0.118900 0.003114 0.132072 0.745884 0.000030 
0.000009 0.001286 0.175588 0.823090 0.000027 
0.000025 0.453610 0.000445 0.545914 0.000006 
0.000019 0.658003 0.102967 0.170277 0.068736 
0.000019 0.018934 0.042938 0.938072 0.000038 
0.000022 0.124333 0.016705 0.858927 0.000013 
0.385586 0.520677 0.058065 0.035653 0.000019 
0.000014 0.148699 0.061506 0.789744 0.000037 
0.000024 0.181451 0.018140 0.724726 0.075659 
0.000018 0.050506 0.513841 0.364744 0.070892 
0.000023 0.328777 0.000287 0.076850 0.594063 
0.000028 0.664914 0.128689 0.206348 0.000021 
0.092998 0.051425 0.121775 0.733788 0.000014 
0.378971 0.087604 0.098047 0.396106 0.039273 
0.058145 0.060177 0.000279 0.881376 0.000023 
0.000028 0.000701 0.040662 0.082104 0.876505 
0.000010 0.002682 0.000312 0.965836 0.031160 
0.000026 0.003394 0.078607 0.917949 0.000024 
0.000018 0.018920 0.536938 0.444094 0.000030 
0.000025 0.057154 0.026237 0.884999 0.031586 
0.000007 0.001285 0.949550 0.049132 0.000025 
0.000021 0.046249 0.020769 0.910576 0.022386 
0.550648 0.002161 0.000231 0.083294 0.363666 
0.000013 0.044583 0.091725 0.863647 0.000033 
0.096377 0.130598 0.101941 0.229508 0.441575 
0.000012 0.001698 0.877425 0.058328 0.062536 
0.000025 0.063027 0.206199 0.287702 0.443047 
0.000020 0.041126 0.001541 0.481320 0.475992 
0.000013 0.246733 0.624427 0.086741 0.042087 
0.043346 0.500611 0.327027 0.129001 0.000016 
0.000015 0.047931 0.000636 0.717958 0.233460 
0.000011 0.009455 0.173108 0.363394 0.454032 
0.000016 0.793637 0.075207 0.131135 0.000006 
0.000011 0.203331 0.289509 0.507130 0.000019 
0.000019 0.386239 0.184780 0.428954 0.000008 
0.000008 0.368529 0.001241 0.589074 0.041148 
0.053411 0.399974 0.039250 0.308459 0.198906 
0.000030 0.706676 0.029669 0.141191 0.122435 
0.000020 0.052139 0.026799 0.921029 0.000013 
0.000024 0.036360 0.039648 0.893792 0.030176 
0.000012 0.736401 0.000432 0.263133 0.000023 
0.767980 0.075775 0.140247 0.015967 0.000032 
0.748592 0.036433 0.000308 0.019814 0.194853 
0.000018 0.043252 0.000264 0.928364 0.028103 
0.000021 0.022081 0.120954 0.856910 0.000033 
0.000021 0.084306 0.494685 0.354794 0.066195 
0.000030 0.797994 0.071210 0.130736 0.000031 
0.000012 0.023436 0.135803 0.840738 0.000011 
0.000020 0.045737 0.000535 0.050829 0.902879 
0.049946 0.217370 0.225647 0.507021 0.000016 
0.316215 0.226499 0.066471 0.390804 0.000011 
0.099435 0.156419 0.000603 0.249630 0.493912 
0.883830 0.041782 0.032074 0.042306 0.000008 
0.077567 0.109126 0.449052 0.364225 0.000029 
0.029399 0.890128 0.067821 0.012640 0.000013 
0.000013 0.425369 0.000627 0.440890 0.133101 
0.000017 0.122852 0.000320 0.850209 0.026602 
0.000010 0.000943 0.598015 0.321807 0.079225 
0.000031 0.076087 0.000348 0.923529 0.000005 
0.000040 0.915896 0.000148 0.083913 0.000003 
0.000015 0.503721 0.067704 0.428537 0.000023 
0.053060 0.117288 0.000352 0.829269 0.000031 
0.000029 0.539607 0.021564 0.218565 0.220235 
0.000022 0.083405 0.000455 0.916101 0.000017 
0.000022 0.064397 0.000668 0.314545 0.620368 
0.098223 0.075425 0.000572 0.813699 0.012081 
0.000009 0.000719 0.000157 0.942016 0.057100 
0.000021 0.131241 0.156338 0.669418 0.042981 
0.000020 0.310196 0.001241 0.626038 0.062505 
0.000026 0.041430 0.079242 0.879283 0.000019 
0.000028 0.167159 0.000513 0.818304 0.013995 
0.541302 0.003061 0.047939 0.407685 0.000013 
0.000047 0.493594 0.034073 0.439399 0.032887 
0.035578 0.034805 0.024005 0.905601 0.000011 
0.000019 0.022365 0.312012 0.551545 0.114059 
0.000014 0.015012 0.000188 0.971876 0.012910 
0.098867 0.085799 0.010684 0.804634 0.000015 
0.000013 0.000945 0.000418 0.106347 0.892277 
0.842126 0.023939 0.051359 0.082565 0.000012 
0.287878 0.207539 0.000525 0.504043 0.000015 
0.000025 0.024321 0.362320 0.564431 0.048903 
0.000022 0.138117 0.013333 0.216836 0.631692 
0.254486 0.009171 0.000839 0.678421 0.057084 
0.000020 0.000954 0.492857 0.027301 0.478867 
0.000013 0.025621 0.023039 0.951310 0.000017 
0.040809 0.048187 0.011066 0.899928 0.000011 
0.351579 0.035488 0.000619 0.473894 0.138420 
0.000016 0.090077 0.089299 0.820572 0.000035 
0.031437 0.004722 0.000628 0.086631 0.876582 
0.000012 0.001098 0.000337 0.987350 0.011203 
0.000026 0.221572 0.000586 0.310588 0.467227 
0.023777 0.215559 0.000521 0.448576 0.311568 
0.000029 0.147412 0.331083 0.008944 0.512533 
0.737111 0.069552 0.048717 0.027761 0.116860 
0.000013 0.100581 0.000256 0.860910 0.038240 
0.057383 0.041936 0.087118 0.813534 0.000029 
0.000025 0.075378 0.109016 0.815564 0.000016 
0.330142 0.394142 0.127008 0.121801 0.026907 
0.169381 0.041067 0.000246 0.395746 0.393560 
0.043010 0.045030 0.000214 0.874168 0.037578 
0.000024 0.020827 0.151289 0.827831 0.000029 
0.719467 0.156774 0.024672 0.099078 0.000009 
0.000022 0.649979 0.061280 0.266538 0.022181 
0.068223 0.020343 0.170471 0.740937 0.000026 
0.000014 0.016078 0.778688 0.086351 0.118869 
0.056102 0.090822 0.000522 0.839184 0.013370 
0.123386 0.017601 0.725772 0.133216 0.000025 
0.557619 0.022337 0.000247 0.419773 0.000024 
0.000032 0.089216 0.017952 0.034557 0.858243 
0.000009 0.215826 0.247748 0.274012 0.262406 
0.199676 0.337669 0.061769 0.104210 0.296676 
0.030460 0.089923 0.045542 0.834040 0.000035 
0.000023 0.596004 0.013144 0.332714 0.058114 
0.123686 0.441227 0.238634 0.196434 0.000019 
0.000027 0.085431 0.548408 0.366117 0.000018 
0.060082 0.027430 0.028637 0.883838 0.000012 
0.000013 0.000435 0.955204 0.044326 0.000022 
0.000021 0.076640 0.000409 0.909456 0.013474 
0.030116 0.012475 0.025390 0.932009 0.000011 
0.000031 0.127776 0.000375 0.871802 0.000016 
0.000012 0.696036 0.170044 0.133887 0.000022 
0.055971 0.050904 0.000881 0.851411 0.040833 
0.029410 0.012326 0.873624 0.011975 0.072665 
0.000017 0.088563 0.073236 0.838162 0.000023 
0.381756 0.018963 0.464849 0.134410 0.000023 
0.000016 0.038110 0.799238 0.162611 0.000025 
0.000012 0.298206 0.168858 0.532912 0.000012 
0.751989 0.045445 0.089194 0.113341 0.000031 
0.000009 0.668538 0.000143 0.331297 0.000013 
0.000027 0.082927 0.000799 0.809219 0.107029 
0.795218 0.002514 0.000366 0.201894 0.000008 
0.000028 0.648848 0.041904 0.309193 0.000028 
0.000025 0.085148 0.000224 0.914592 0.000011 
0.972458 0.003346 0.000458 0.023731 0.000007 
0.735045 0.008377 0.203756 0.052791 0.000031 
0.000009 0.050904 0.037952 0.911120 0.000015 
0.000033 0.809913 0.000239 0.163068 0.026746 
0.000020 0.058779 0.032230 0.898092 0.010879 
0.462297 0.002814 0.118325 0.416545 0.000019 
0.000011 0.020857 0.097699 0.096366 0.785067 
0.155114 0.281808 0.059588 0.503475 0.000015 
0.023092 0.001387 0.841320 0.074834 0.059367 
0.245288 0.411079 0.010720 0.332899 0.000014 
0.198064 0.496909 0.056233 0.248760 0.000033 
0.817419 0.001514 0.009850 0.171197 0.000021 
0.000015 0.028516 0.635642 0.335804 0.000023 
0.827058 0.134841 0.027567 0.010525 0.000008 
0.103980 0.022939 0.000430 0.872636 0.000016 
0.053361 0.127709 0.330013 0.278861 0.210056 
0.204594 0.084846 0.125412 0.585133 0.000015 
0.000010 0.849274 0.052537 0.098157 0.000022 
0.000017 0.263532 0.229224 0.475151 0.032075 
0.000013 0.018574 0.054827 0.926551 0.000034 
0.142560 0.167717 0.079659 0.610049 0.000014 
0.077484 0.169677 0.066590 0.686224 0.000025 
0.026826 0.000728 0.030720 0.161553 0.780173 
0.708567 0.032986 0.000471 0.243238 0.014739 
0.000015 0.002296 0.452250 0.453004 0.092436 
0.000023 0.271324 0.317155 0.340147 0.071350 
0.365105 0.419771 0.087044 0.128047 0.000034 
0.045794 0.022131 0.022105 0.062647 0.847323 
0.390922 0.100491 0.035724 0.434137 0.038725 
0.450335 0.095548 0.000550 0.453556 0.000011 
0.264528 0.061947 0.000363 0.577091 0.096071 
0.418269 0.038493 0.208893 0.334314 0.000030 
0.024026 0.439113 0.003973 0.440360 0.092528 
0.574635 0.340904 0.034357 0.050064 0.000039 
0.000022 0.156697 0.000296 0.816526 0.026459 
0.000010 0.033220 0.022152 0.916221 0.028398 
0.330471 0.091516 0.040185 0.537805 0.000023 
0.000015 0.116619 0.000448 0.387253 0.495665 
0.020078 0.074228 0.323298 0.582376 0.000020 
0.000024 0.151390 0.634620 0.213947 0.000019 
0.000015 0.086740 0.035548 0.823023 0.054674 
0.000018 0.037312 0.169867 0.792783 0.000019 
0.168097 0.418913 0.300316 0.912251 0.172101 
