-196427.138477
0
0.000000 0.000000 0.053394 0.000000 0.014764 0.000000 0.000000 0.000000 0.000000 0.000000 0.000000 0.000000 0.000000 0.000000 0.020940 0.000000 0.000000 0.000000 0.000000 0.000000 0.000000 0.000000 0.000000 0.000000 0.000000 0.206276 0.026015 0.031103 0.022356 0.018200 0.012560 0.020958 0.028342 0.030722 0.000000 0.000000 0.000000 0.000000 0.093293 0.000000 0.000000 0.000000 0.015442 0.000000 0.000000 0.000000 0.000000 0.000000 0.031512 0.140190 0.057555 0.000000 0.024070 0.000000 0.020803 0.000000 0.000000 0.005180 0.000000 0.000000 0.000000 0.000000 0.022106 0.000000 0.000000 0.000000 0.000000 0.000000 0.000000 0.000000 0.000000 0.000000 0.025534 0.066142 0.000000 0.000000 0.000000 0.000000 0.000000 0.000000 0.000000 0.000000 0.000000 0.000000 0.000000 0.000000 0.012542 0.000000 0.000000 0.000000 0.000000 0.000000 0.000000 0.000000 0.000000 0.000000 
0.000000 0.000000 0.000000 0.000000 0.000000 0.000000 0.000000 0.000000 0.000000 0.026976 0.000000 0.000000 0.000000 0.000000 0.000000 0.001771 0.000000 0.000000 0.000000 0.000000 0.000000 0.000000 0.000000 0.000000 0.000000 0.000000 0.000000 0.000000 0.000000 0.000000 0.000000 0.000000 0.138286 0.167333 0.021072 0.126582 0.000000 0.000000 0.000000 0.000000 0.000000 0.000000 0.000000 0.000000 0.000000 0.000000 0.000000 0.000000 0.000000 0.000000 0.000000 0.000000 0.000000 0.000000 0.000000 0.000000 0.000000 0.026115 0.000000 0.000000 0.000000 0.000000 0.000000 0.000000 0.000000 0.000000 0.000000 0.000000 0.000000 0.000000 0.000000 0.000000 0.000000 0.000000 0.000000 0.000000 0.000000 0.000000 0.000000 0.000000 0.000000 0.441153 0.000000 0.050713 0.000000 0.000000 0.000000 0.000000 0.000000 0.000000 0.000000 0.000000 0.000000 0.000000 0.000000 0.000000 
0.000000 0.000000 0.000000 0.000000 0.000000 0.000000 0.000000 0.000000 0.000000 0.000000 0.021420 0.000000 0.000000 0.000000 0.000000 0.000000 0.172676 0.031131 0.143106 0.000000 0.000000 0.000000 0.031751 0.000000 0.000000 0.000000 0.000000 0.000000 0.000000 0.000000 0.000000 0.000000 0.000000 0.000000 0.000000 0.023996 0.000000 0.000000 0.000000 0.000000 0.072689 0.000000 0.093895 0.010968 0.000000 0.000000 0.000000 0.000000 0.000000 0.000000 0.000000 0.000000 0.000000 0.000000 0.000000 0.000000 0.000000 0.000000 0.000000 0.001352 0.000000 0.000000 0.000000 0.000000 0.069604 0.060396 0.073461 0.072054 0.000000 0.000000 0.000000 0.000000 0.000000 0.000000 0.000000 0.000000 0.000000 0.000000 0.000000 0.000000 0.000000 0.000000 0.000000 0.000000 0.000000 0.000000 0.000000 0.000000 0.000000 0.076804 0.044697 0.000000 0.000000 0.000000 0.000000 0.000000 
0.000000 0.000000 0.000000 0.000000 0.000000 0.000000 0.000000 0.000000 0.038807 0.022889 0.139134 0.019482 0.000000 0.006063 0.000000 0.004544 0.000000 0.006053 0.007741 0.000000 0.000000 0.001816 0.000000 0.000000 0.006601 0.023023 0.007525 0.058381 0.000000 0.000000 0.000000 0.000000 0.000000 0.000000 0.141271 0.000000 0.000000 0.000000 0.000000 0.000000 0.000000 0.000000 0.021808 0.000000 0.000000 0.004089 0.000000 0.000000 0.000000 0.000000 0.000000 0.005522 0.000000 0.000000 0.000000 0.000000 0.077485 0.107048 0.191932 0.071094 0.000000 0.000000 0.000000 0.000000 0.012960 0.000000 0.005248 0.000000 0.000000 0.000000 0.000000 0.002251 0.000000 0.000000 0.000000 0.000000 0.000000 0.000000 0.000000 0.000000 0.000000 0.000000 0.000000 0.000000 0.000000 0.000000 0.000000 0.000000 0.005321 0.000000 0.011913 0.000000 0.000000 0.000000 0.000000 0.000000 
0.000000 0.000000 0.000000 0.000000 0.000000 0.000000 0.308642 0.000000 0.000000 0.000000 0.000000 0.000000 0.000000 0.000000 0.000000 0.000000 0.000000 0.000000 0.000000 0.000000 0.000000 0.000000 0.000000 0.000000 0.000000 0.000000 0.000000 0.000000 0.000000 0.000000 0.000000 0.000000 0.000000 0.000000 0.000000 0.000000 0.000000 0.000000 0.000000 0.000000 0.000000 0.000000 0.000000 0.000000 0.000000 0.000000 0.000000 0.000000 0.000000 0.000000 0.000000 0.000000 0.000000 0.000000 0.000000 0.000000 0.000000 0.000000 0.000000 0.000000 0.000000 0.000000 0.000000 0.000000 0.000000 0.000000 0.000000 0.000000 0.000000 0.000000 0.000000 0.000000 0.000000 0.000000 0.691358 0.000000 0.000000 0.000000 0.000000 0.000000 0.000000 0.000000 0.000000 0.000000 0.000000 0.000000 0.000000 0.000000 0.000000 0.000000 0.000000 0.000000 0.000000 0.000000 0.000000 0.000000 
0.000000 0.000000 0.000000 0.000000 0.000000 0.000000 0.000000 0.000000 0.000000 0.000000 0.000000 0.000000 0.019952 0.000000 0.000000 0.040901 0.000000 0.010365 0.000000 0.027475 0.062699 0.013454 0.000000 0.044125 0.000000 0.000000 0.000000 0.000000 0.000000 0.000000 0.000000 0.000000 0.000000 0.000000 0.000000 0.000000 0.005119 0.000000 0.000000 0.000000 0.007247 0.014586 0.000000 0.052122 0.052196 0.003341 0.007890 0.133603 0.010898 0.011670 0.000000 0.000000 0.000000 0.000000 0.000000 0.000000 0.000000 0.000000 0.000000 0.000000 0.000000 0.000000 0.000000 0.000000 0.000000 0.000000 0.000000 0.000000 0.017187 0.000000 0.000000 0.036823 0.021387 0.000000 0.000000 0.000000 0.000000 0.000000 0.000000 0.000000 0.000000 0.000000 0.000000 0.000000 0.026982 0.006233 0.027369 0.018689 0.027052 0.000000 0.000000 0.061532 0.105666 0.011346 0.009887 0.112204 
0.000000 0.000000 0.000000 0.000000 0.000000 0.000000 0.000000 0.000000 0.000000 0.000000 0.000000 0.000000 0.000000 0.000000 0.000000 0.000000 0.000000 0.000000 0.000000 0.000000 0.000000 0.000000 0.000000 0.000000 0.000000 0.000000 0.000000 0.000000 0.000000 0.000000 0.000000 0.000000 0.000000 0.000000 0.000000 0.000000 0.000000 0.000000 0.000000 0.000000 0.000000 0.000000 0.000000 0.000000 0.000000 0.000000 0.000000 0.000000 0.000000 0.000000 0.000000 0.000000 0.000000 0.000000 0.000000 0.000000 0.002952 0.000000 0.000000 0.000000 0.000000 0.000000 0.000000 0.000000 0.000000 0.000000 0.000000 0.000000 0.000000 0.000000 0.000000 0.000000 0.007868 0.001665 0.000000 0.000000 0.033376 0.000000 0.000000 0.070093 0.543306 0.036874 0.000000 0.303866 0.000000 0.000000 0.000000 0.000000 0.000000 0.000000 0.000000 0.000000 0.000000 0.000000 0.000000 0.000000 
0.000000 0.000000 0.000000 0.015968 0.000000 0.000000 0.000000 0.000000 0.000000 0.000000 0.000000 0.000000 0.000000 0.000000 0.000000 0.000000 0.000000 0.000000 0.000000 0.000000 0.000000 0.007043 0.000000 0.023295 0.000000 0.000000 0.000000 0.010324 0.000000 0.000000 0.000000 0.000000 0.000000 0.000000 0.000000 0.000000 0.000000 0.000000 0.000000 0.000000 0.000000 0.000000 0.000000 0.000000 0.000000 0.000000 0.002210 0.020248 0.000000 0.000000 0.000000 0.008018 0.000000 0.000000 0.000000 0.000000 0.000000 0.000000 0.000000 0.000000 0.000000 0.000000 0.000000 0.000000 0.003738 0.015555 0.000000 0.000000 0.000000 0.000000 0.000000 0.000000 0.066466 0.017660 0.000000 0.596614 0.000000 0.000000 0.000000 0.000000 0.000000 0.000000 0.000000 0.054898 0.000000 0.000000 0.000000 0.000000 0.000000 0.019519 0.005505 0.007702 0.000000 0.011438 0.000000 0.113798 
0.000000 0.000000 0.000000 0.000000 0.000000 0.000000 0.000000 0.000000 0.000000 0.000000 0.000000 0.000000 0.000000 0.000000 0.000000 0.000000 0.000000 0.000000 0.000000 0.000000 0.000000 0.000000 0.000000 0.000000 0.000000 0.000000 0.000000 0.000000 0.000000 0.000000 0.000000 0.000000 0.000000 0.000000 0.000000 0.000000 0.000000 0.000000 0.000000 0.000000 0.000000 0.000000 0.000000 0.000000 0.000000 0.000000 0.000000 0.000000 0.000000 0.000000 0.000000 0.000000 0.000000 0.000000 0.000000 0.000000 0.000000 0.000000 0.000000 0.000000 0.000000 0.000000 0.000000 0.000000 0.000000 0.000000 0.000000 0.000000 0.000000 0.000000 0.000000 0.000000 0.000000 0.000000 0.000000 0.000000 0.000000 0.000000 1.000000 0.000000 0.000000 0.000000 0.000000 0.000000 0.000000 0.000000 0.000000 0.000000 0.000000 0.000000 0.000000 0.000000 0.000000 0.000000 0.000000 0.000000 
0.000000 0.000000 0.000000 0.000000 0.000000 0.000000 0.000000 0.000000 0.000000 0.000000 0.000000 0.000000 0.000000 0.000000 0.000000 0.000000 0.000000 0.273580 0.000000 0.000000 0.000000 0.000000 0.000000 0.000000 0.000000 0.000000 0.000000 0.000000 0.000000 0.000000 0.000000 0.000000 0.000000 0.000000 0.000000 0.000000 0.000000 0.000000 0.000000 0.000000 0.000000 0.000000 0.000000 0.000000 0.000000 0.000000 0.000000 0.000000 0.000000 0.000000 0.000000 0.000000 0.000000 0.000000 0.000000 0.000000 0.000000 0.000000 0.000000 0.000000 0.000000 0.000000 0.000000 0.000000 0.000000 0.000000 0.000000 0.000000 0.000000 0.000000 0.000000 0.000000 0.414277 0.000000 0.000000 0.000000 0.000000 0.000000 0.000000 0.000000 0.000000 0.000000 0.000000 0.000000 0.000000 0.000000 0.000000 0.000000 0.000000 0.000000 0.312143 0.000000 0.000000 0.000000 0.000000 0.000000 
0.000000 0.000000 0.000000 0.000000 0.045695 0.025587 0.000000 0.000000 0.068351 0.032401 0.000000 0.064234 0.000000 0.000000 0.000000 0.000000 0.000000 0.015623 0.000000 0.084980 0.000000 0.000000 0.000000 0.000000 0.000000 0.000000 0.000000 0.000000 0.000000 0.029090 0.008267 0.000000 0.042602 0.000000 0.000000 0.000000 0.000000 0.016095 0.000000 0.000000 0.000000 0.053765 0.000000 0.045635 0.000000 0.000000 0.043386 0.000000 0.000000 0.000000 0.000000 0.000000 0.000000 0.032471 0.000000 0.027837 0.030997 0.000000 0.000000 0.029442 0.000000 0.015777 0.007799 0.000000 0.000000 0.000000 0.000000 0.000000 0.000000 0.008754 0.035564 0.000000 0.000000 0.000000 0.000000 0.000000 0.021154 0.031926 0.000000 0.041830 0.000000 0.000000 0.000000 0.000000 0.000000 0.000000 0.000000 0.000000 0.045140 0.000000 0.000000 0.042276 0.000000 0.015646 0.037677 0.000000 
0.000000 0.000000 0.000000 0.000000 0.000000 0.000000 0.000000 0.000000 0.000000 0.000000 0.000000 0.015964 0.000000 0.000000 0.000000 0.000000 0.000000 0.000000 0.000000 0.000000 0.000000 0.000000 0.000000 0.000000 0.000000 0.000000 0.000000 0.000000 0.000000 0.000000 0.000000 0.000000 0.000000 0.000000 0.000000 0.000000 0.000000 0.000000 0.000000 0.000000 0.000000 0.000000 0.000000 0.000000 0.000000 0.000000 0.000000 0.000000 0.000000 0.000000 0.000000 0.000000 0.000000 0.000000 0.000000 0.000000 0.000000 0.000000 0.000000 0.065565 0.000000 0.000000 0.000000 0.000000 0.000000 0.000000 0.000000 0.046720 0.000000 0.000000 0.000000 0.000000 0.000000 0.000000 0.000000 0.000000 0.000000 0.000000 0.000000 0.000000 0.000000 0.000000 0.864736 0.000000 0.000000 0.000000 0.000000 0.007015 0.000000 0.000000 0.000000 0.000000 0.000000 0.000000 0.000000 0.000000 
0.000000 0.000000 0.000000 0.000000 0.000000 0.000000 0.000000 0.000000 0.000000 0.000000 0.000000 0.000000 0.000000 0.000000 0.000000 0.000000 0.000000 0.000000 0.000000 0.000000 0.000000 0.000000 0.000000 0.000000 0.000000 0.000000 0.000000 0.000000 0.000000 0.000000 0.000000 0.000000 0.000000 0.000000 0.000000 0.000000 0.000000 0.000000 0.000000 0.000000 0.000000 0.000000 0.000000 0.000000 0.000000 0.000000 0.000000 0.000000 0.000000 0.000000 0.000000 0.000000 0.000000 0.000000 0.000000 0.000000 0.000000 0.000000 0.000000 0.000000 0.000000 0.000000 0.000000 1.000000 0.000000 0.000000 0.000000 0.000000 0.000000 0.000000 0.000000 0.000000 0.000000 0.000000 0.000000 0.000000 0.000000 0.000000 0.000000 0.000000 0.000000 0.000000 0.000000 0.000000 0.000000 0.000000 0.000000 0.000000 0.000000 0.000000 0.000000 0.000000 0.000000 0.000000 0.000000 0.000000 
0.118213 0.093923 0.000000 0.074425 0.000000 0.004609 0.000000 0.000000 0.010292 0.000000 0.000000 0.000000 0.000000 0.000000 0.000000 0.000000 0.000000 0.000000 0.000000 0.000000 0.000000 0.000000 0.000000 0.000000 0.105534 0.000000 0.000000 0.063309 0.000000 0.000000 0.000000 0.000000 0.000000 0.000000 0.000000 0.050101 0.033092 0.032698 0.000000 0.043226 0.003225 0.000000 0.000000 0.000000 0.000000 0.000000 0.000000 0.000000 0.069789 0.000000 0.000000 0.077108 0.000000 0.000000 0.000000 0.012590 0.000000 0.000000 0.000000 0.000000 0.025730 0.011223 0.017073 0.000000 0.000000 0.000000 0.000000 0.000000 0.000000 0.000000 0.000000 0.000000 0.069821 0.069401 0.000000 0.000000 0.000000 0.000000 0.000000 0.000000 0.000000 0.000000 0.000000 0.000000 0.014619 0.000000 0.000000 0.000000 0.000000 0.000000 0.000000 0.000000 0.000000 0.000000 0.000000 0.000000 
0.000000 0.000000 0.000000 0.000000 0.000000 0.000000 0.000000 0.000000 0.000000 0.000000 0.757233 0.000000 0.000000 0.000000 0.000000 0.000000 0.000000 0.000000 0.000000 0.000000 0.000000 0.000000 0.000000 0.000000 0.000000 0.000000 0.000000 0.000000 0.000000 0.000000 0.000000 0.000000 0.000000 0.000000 0.200069 0.000000 0.000000 0.000000 0.000000 0.000000 0.000000 0.000000 0.000000 0.000000 0.000000 0.000000 0.000000 0.000000 0.000000 0.000000 0.000000 0.000000 0.000000 0.000000 0.000000 0.000000 0.000000 0.000000 0.000000 0.000000 0.000000 0.000000 0.000000 0.000000 0.000000 0.000000 0.000000 0.000000 0.000000 0.017412 0.000000 0.000000 0.000000 0.000000 0.000000 0.000000 0.000000 0.000000 0.000000 0.000000 0.000000 0.000000 0.000000 0.000000 0.025287 0.000000 0.000000 0.000000 0.000000 0.000000 0.000000 0.000000 0.000000 0.000000 0.000000 0.000000 
0.000000 0.000000 0.000000 0.000000 0.000000 0.000000 0.000000 0.089525 0.000000 0.000000 0.000000 0.000000 0.068661 0.051693 0.069758 0.077157 0.000000 0.000000 0.000000 0.000000 0.000000 0.005628 0.004570 0.012883 0.000000 0.000000 0.000000 0.000000 0.051093 0.000000 0.000000 0.072070 0.000000 0.000000 0.000000 0.000000 0.000000 0.000000 0.063208 0.043517 0.000000 0.000000 0.000000 0.000000 0.000000 0.023536 0.000000 0.000000 0.000000 0.000000 0.000000 0.006072 0.023821 0.000000 0.000000 0.000000 0.000000 0.000000 0.000000 0.000000 0.000000 0.000000 0.000000 0.044662 0.000000 0.000000 0.000000 0.000000 0.000000 0.000000 0.000000 0.024115 0.000000 0.000000 0.000000 0.000000 0.000000 0.025233 0.000000 0.000000 0.000000 0.000000 0.000000 0.000000 0.039531 0.063039 0.040214 0.100013 0.000000 0.000000 0.000000 0.000000 0.000000 0.000000 0.000000 0.000000 
0.013383 0.199956 0.013114 0.026805 0.000000 0.000674 0.594223 0.014454 0.020000 0.000000 0.018010 0.067183 0.000000 0.032198 0.000000 0.000000 
0.000381 0.049376 0.035609 0.055337 0.000000 0.035457 0.276815 0.369469 0.000000 0.007156 0.011970 0.130000 0.000000 0.003058 0.024572 0.000799 
0.039050 0.052070 0.128380 0.080045 0.020000 0.035641 0.046157 0.064452 0.000000 0.000000 0.200591 0.011175 0.000000 0.159454 0.000000 0.162987 
0.125584 0.016681 0.149347 0.110361 0.000000 0.037165 0.000228 0.028274 0.000000 0.000000 0.118694 0.000353 0.000000 0.236682 0.000000 0.176631 
0.010824 0.440173 0.098543 0.099435 0.000000 0.086520 0.081496 0.007424 0.000000 0.000000 0.064007 0.053895 0.000000 0.032984 0.000000 0.024699 
0.055865 0.029607 0.223718 0.075863 0.000000 0.051550 0.017820 0.087516 0.000000 0.000000 0.137228 0.014528 0.000000 0.206257 0.000000 0.100049 
0.027888 0.058440 0.081574 0.128525 0.000000 0.035126 0.107874 0.223996 0.000000 0.000000 0.104022 0.123520 0.000000 0.085075 0.000000 0.023960 
0.006296 0.070480 0.097697 0.154675 0.000000 0.050740 0.015145 0.230264 0.000000 0.000000 0.156805 0.090034 0.000000 0.123190 0.000000 0.004673 
0.117101 0.029730 0.032489 0.012203 0.030000 0.003367 0.378854 0.025654 0.000000 0.000000 0.062807 0.023197 0.000000 0.155338 0.000000 0.129259 
0.119198 0.102915 0.087606 0.107413 0.010000 0.057223 0.017285 0.027236 0.000000 0.000000 0.110349 0.022528 0.000000 0.126362 0.087382 0.124503 
0.038999 0.051650 0.120212 0.242798 0.020000 0.003877 0.050386 0.016830 0.000000 0.000000 0.094068 0.088219 0.000000 0.057251 0.135773 0.079937 
0.033331 0.077370 0.173976 0.098460 0.010000 0.066744 0.000811 0.020827 0.000000 0.000000 0.161381 0.036267 0.000000 0.165806 0.067180 0.087846 
0.088198 0.081174 0.092479 0.039460 0.000000 0.069533 0.066656 0.037589 0.000000 0.000000 0.134535 0.060393 0.000000 0.162550 0.000000 0.167432 
0.014996 0.017892 0.033843 0.124595 0.000000 0.071489 0.024457 0.289068 0.000000 0.000000 0.035755 0.204445 0.008111 0.116764 0.039546 0.019042 
0.217804 0.023952 0.056048 0.044680 0.010000 0.002050 0.014768 0.033270 0.010000 0.000000 0.151416 0.010121 0.000000 0.357177 0.000000 0.068715 
0.074138 0.075159 0.150165 0.175166 0.010000 0.026616 0.029044 0.041219 0.010000 0.000000 0.219212 0.023845 0.000000 0.024090 0.000000 0.141347 
0.097389 0.113656 0.018582 0.205896 0.010000 0.037738 0.052142 0.043974 0.000000 0.000000 0.064195 0.084771 0.000000 0.201089 0.065502 0.005067 
0.000675 0.465313 0.029189 0.082304 0.000000 0.033147 0.130970 0.018174 0.000000 0.000000 0.056717 0.087032 0.000000 0.048479 0.000000 0.047999 
0.005426 0.076740 0.093899 0.187581 0.000000 0.007051 0.220596 0.034394 0.000000 0.000000 0.209056 0.025526 0.000000 0.072132 0.000000 0.067599 
0.284059 0.033951 0.039552 0.004631 0.000000 0.001534 0.026334 0.037253 0.000000 0.000000 0.151387 0.000466 0.000000 0.316642 0.000000 0.104192 
0.019772 0.064961 0.190732 0.091743 0.000000 0.052282 0.041176 0.014269 0.000000 0.000000 0.258141 0.000229 0.000000 0.155821 0.000000 0.110873 
0.062484 0.002331 0.084103 0.085189 0.010000 0.067659 0.082828 0.031283 0.000000 0.000000 0.242357 0.000325 0.000000 0.217527 0.000000 0.113915 
0.033505 0.020923 0.079786 0.204039 0.000000 0.001488 0.040452 0.067655 0.000000 0.000000 0.087846 0.022032 0.000000 0.230306 0.000000 0.211968 
0.031455 0.072109 0.077360 0.587103 0.000000 0.041967 0.015724 0.026037 0.000000 0.000000 0.010200 0.095654 0.000000 0.029156 0.000000 0.013236 
0.000143 0.462037 0.001035 0.024305 0.000000 0.000670 0.345673 0.000482 0.000000 0.000000 0.052664 0.108433 0.000000 0.004069 0.000000 0.000487 
0.011533 0.057457 0.034159 0.127266 0.010000 0.008094 0.004464 0.507390 0.000000 0.018586 0.004169 0.200217 0.000000 0.016370 0.000000 0.000295 
0.002759 0.050875 0.093990 0.281749 0.000000 0.001503 0.013482 0.056439 0.000000 0.000000 0.148033 0.024479 0.000000 0.214029 0.000000 0.112661 
0.000265 0.017131 0.000119 0.060506 0.000000 0.021113 0.727220 0.069214 0.000000 0.000000 0.030925 0.053789 0.000000 0.010775 0.000000 0.008943 
0.098693 0.021194 0.007146 0.066606 0.000000 0.002036 0.201473 0.043826 0.010000 0.000000 0.192502 0.030615 0.000000 0.156221 0.000000 0.169688 
0.000368 0.031356 0.043976 0.029817 0.000000 0.004845 0.001471 0.531754 0.000000 0.000000 0.081680 0.198075 0.000000 0.054028 0.000000 0.022631 
0.047350 0.495456 0.019295 0.013489 0.000000 0.025918 0.122542 0.007337 0.000000 0.000000 0.034101 0.093334 0.016530 0.071105 0.000000 0.053543 
0.040112 0.090062 0.025750 0.214021 0.000000 0.003414 0.236321 0.063620 0.000000 0.000000 0.130305 0.024948 0.000000 0.109152 0.000000 0.062294 
0.192749 0.008584 0.104494 0.189292 0.000000 0.005041 0.020184 0.065806 0.010000 0.000000 0.101137 0.027880 0.015458 0.190059 0.000000 0.069315 
0.042439 0.054746 0.013536 0.083768 0.000000 0.148275 0.039722 0.221919 0.000000 0.022152 0.162718 0.096358 0.000000 0.035865 0.000000 0.078503 
0.009828 0.073281 0.008402 0.072633 0.000000 0.028881 0.565539 0.078252 0.000000 0.000000 0.030413 0.030000 0.000000 0.065951 0.000000 0.036821 
0.192132 0.008367 0.031892 0.052772 0.040000 0.037910 0.025425 0.147972 0.000000 0.000000 0.066536 0.080529 0.000000 0.224155 0.000000 0.092310 
0.075562 0.081184 0.144277 0.125474 0.000000 0.076744 0.022407 0.043367 0.000000 0.000000 0.240473 0.000270 0.000000 0.121057 0.000000 0.069186 
0.035964 0.001069 0.133576 0.030809 0.000000 0.357699 0.087755 0.102346 0.000000 0.042223 0.153775 0.030449 0.008652 0.002282 0.000000 0.013402 
0.012015 0.075360 0.131959 0.332988 0.020000 0.029313 0.023416 0.021531 0.000000 0.000000 0.082129 0.034124 0.000000 0.122286 0.000000 0.114879 
0.000571 0.061614 0.017171 0.047876 0.010000 0.002473 0.025345 0.484414 0.000000 0.000000 0.003535 0.275917 0.000000 0.020883 0.050108 0.000093 
0.012943 0.051393 0.012491 0.315074 0.000000 0.112639 0.130038 0.080707 0.000000 0.000000 0.107662 0.043032 0.000000 0.061040 0.000000 0.072982 
0.016563 0.143771 0.007218 0.093363 0.000000 0.001601 0.342786 0.044434 0.000000 0.000000 0.020905 0.062125 0.000000 0.191118 0.000000 0.076118 
0.049915 0.143149 0.067466 0.526330 0.000000 0.013057 0.083079 0.001054 0.000000 0.000000 0.005290 0.064067 0.000000 0.045674 0.000000 0.000919 
0.022573 0.134315 0.155429 0.161838 0.000000 0.052622 0.043481 0.030245 0.000000 0.000000 0.163166 0.011057 0.000000 0.100844 0.000000 0.124431 
0.000319 0.080070 0.043919 0.262340 0.000000 0.043654 0.034561 0.173631 0.000000 0.000000 0.065461 0.120639 0.000000 0.019870 0.151551 0.003986 
0.001102 0.588793 0.000715 0.012952 0.000000 0.000572 0.179340 0.000236 0.000000 0.000000 0.024351 0.127373 0.007648 0.033635 0.000000 0.023282 
0.094025 0.021765 0.053096 0.075685 0.000000 0.101363 0.015419 0.019500 0.000000 0.000000 0.312938 0.000207 0.000000 0.134706 0.000000 0.171296 
0.091376 0.071255 0.058531 0.392891 0.000000 0.004836 0.027945 0.001722 0.000000 0.000000 0.140942 0.056838 0.000000 0.109105 0.000000 0.044559 
0.014523 0.009232 0.032674 0.329885 0.000000 0.001240 0.313241 0.012315 0.000000 0.000000 0.051018 0.098130 0.000000 0.023314 0.085825 0.028605 
0.056517 0.044982 0.112482 0.222120 0.000000 0.023226 0.005359 0.047264 0.000000 0.000000 0.266598 0.010529 0.000000 0.124983 0.000000 0.085939 
0.122726 0.004712 0.041875 0.108824 0.000000 0.088429 0.008089 0.021995 0.000000 0.037055 0.130193 0.022083 0.024659 0.251421 0.044818 0.093120 
0.000418 0.095412 0.000990 0.023773 0.000000 0.002247 0.767310 0.001485 0.000000 0.022810 0.024084 0.040000 0.000000 0.021470 0.000000 0.000000 
0.004653 0.123459 0.033028 0.159220 0.000000 0.282848 0.026197 0.038233 0.000000 0.000000 0.016971 0.044086 0.000000 0.121444 0.056179 0.093681 
0.079034 0.031796 0.029964 0.075955 0.000000 0.028220 0.356571 0.003396 0.000000 0.000000 0.137875 0.020388 0.000000 0.124290 0.000000 0.112512 
0.004014 0.386422 0.079888 0.034923 0.000000 0.065126 0.191214 0.003083 0.000000 0.000000 0.057323 0.090000 0.000000 0.078235 0.000000 0.009773 
0.100144 0.017676 0.041792 0.058678 0.020000 0.006517 0.023111 0.040291 0.000000 0.000000 0.136811 0.010378 0.040091 0.315149 0.000000 0.189363 
0.013258 0.426208 0.048965 0.064376 0.000000 0.066144 0.115070 0.017687 0.000000 0.000000 0.037389 0.118354 0.000000 0.002769 0.057340 0.032440 
0.016374 0.155824 0.054311 0.085173 0.000000 0.141638 0.074777 0.061059 0.000000 0.000000 0.113372 0.070608 0.000000 0.047472 0.129066 0.050327 
0.000809 0.265629 0.016319 0.031005 0.000000 0.015638 0.519908 0.018755 0.000000 0.000000 0.021767 0.030000 0.000000 0.058518 0.000000 0.021651 
0.019450 0.097832 0.026840 0.130477 0.000000 0.096365 0.463863 0.026934 0.000000 0.000000 0.047270 0.010235 0.000000 0.064615 0.000000 0.016121 
0.074123 0.142778 0.257910 0.083296 0.010000 0.088916 0.048219 0.004052 0.000000 0.000000 0.153886 0.027393 0.000000 0.030804 0.000000 0.078624 
0.004070 0.018716 0.008080 0.825050 0.000000 0.006031 0.004699 0.032317 0.000000 0.000000 0.031540 0.021412 0.000000 0.030716 0.000000 0.017370 
0.004293 0.032362 0.032666 0.167923 0.000000 0.003198 0.193534 0.205784 0.000000 0.000000 0.157907 0.091161 0.000000 0.076192 0.000000 0.034979 
0.004353 0.033145 0.127253 0.403107 0.000000 0.061949 0.010759 0.017459 0.000000 0.000000 0.059022 0.045500 0.000000 0.135464 0.000000 0.101991 
0.000273 0.037235 0.000208 0.028783 0.000000 0.012294 0.807371 0.015261 0.000000 0.000000 0.013673 0.050000 0.000000 0.033855 0.000000 0.001047 
0.064877 0.004942 0.170588 0.154251 0.000000 0.074840 0.010293 0.027994 0.000000 0.000000 0.081269 0.000519 0.000000 0.206206 0.000000 0.204220 
0.057153 0.000721 0.067812 0.062325 0.000000 0.083256 0.017948 0.082318 0.000000 0.000000 0.138601 0.010338 0.054832 0.297406 0.026523 0.100766 
0.018275 0.046639 0.090387 0.391075 0.000000 0.053705 0.039780 0.049904 0.000000 0.000000 0.028062 0.090263 0.000000 0.061143 0.112895 0.017874 
0.044375 0.293748 0.032353 0.033702 0.000000 0.072332 0.154267 0.026259 0.010000 0.027758 0.048545 0.076739 0.000000 0.071461 0.000000 0.108459 
0.033398 0.286650 0.000235 0.096146 0.000000 0.006466 0.298406 0.064564 0.000000 0.000000 0.023654 0.104560 0.000000 0.058090 0.000000 0.027829 
0.040527 0.027594 0.031862 0.009794 0.010000 0.025441 0.526685 0.013547 0.000000 0.000000 0.130443 0.077205 0.000000 0.069649 0.000000 0.037252 
0.301129 0.053485 0.038537 0.023583 0.020000 0.056145 0.005390 0.028250 0.010000 0.000000 0.100265 0.011762 0.000000 0.318442 0.000000 0.033013 
0.041593 0.124707 0.006315 0.360313 0.000000 0.020862 0.058730 0.070667 0.000000 0.000000 0.095201 0.064774 0.000000 0.060104 0.064846 0.031888 
0.025785 0.022009 0.039135 0.094768 0.010000 0.015537 0.211065 0.389445 0.000000 0.000000 0.007411 0.165843 0.000000 0.016167 0.000000 0.002836 
0.032139 0.280728 0.039812 0.361902 0.000000 0.021747 0.046572 0.021603 0.000000 0.000000 0.083592 0.067603 0.000000 0.019797 0.000000 0.024505 
0.001987 0.052183 0.162179 0.122142 0.000000 0.251036 0.151857 0.048290 0.000000 0.000000 0.062840 0.000661 0.000000 0.070866 0.000000 0.075959 
0.083236 0.030335 0.051723 0.149280 0.000000 0.061623 0.003030 0.227326 0.000000 0.000000 0.052996 0.146441 0.017380 0.093657 0.042563 0.040408 
0.075723 0.067862 0.128999 0.287530 0.000000 0.058007 0.042350 0.061368 0.000000 0.000000 0.095457 0.049183 0.000000 0.049148 0.000000 0.084373 
0.005436 0.106001 0.195776 0.325903 0.000000 0.001860 0.026640 0.024725 0.000000 0.000000 0.099009 0.012321 0.000000 0.120671 0.000000 0.081658 
0.002742 0.365448 0.004650 0.048136 0.000000 0.010503 0.105259 0.241339 0.000000 0.000000 0.009750 0.170657 0.000000 0.004335 0.000000 0.037181 
0.000324 0.254959 0.040741 0.099422 0.000000 0.027530 0.016503 0.234888 0.000000 0.000000 0.012316 0.264707 0.000000 0.040029 0.000000 0.008581 
0.210474 0.031783 0.075769 0.196853 0.020000 0.022602 0.004675 0.146671 0.000000 0.000000 0.043074 0.021739 0.000000 0.185530 0.000000 0.040829 
0.271935 0.021463 0.092921 0.059201 0.010000 0.001604 0.032229 0.143133 0.000000 0.000000 0.144090 0.034067 0.000000 0.185224 0.000000 0.004134 
0.032397 0.014881 0.067045 0.546639 0.000000 0.007134 0.026994 0.109246 0.000000 0.000000 0.063766 0.069516 0.000000 0.041496 0.000000 0.020886 
0.021704 0.361285 0.018852 0.112187 0.000000 0.010564 0.199542 0.047971 0.000000 0.000000 0.008293 0.170525 0.000000 0.000388 0.000000 0.048689 
0.001298 0.679841 0.000157 0.011584 0.000000 0.006911 0.159703 0.004890 0.000000 0.000000 0.030935 0.073164 0.000000 0.030693 0.000000 0.000824 
0.001462 0.142733 0.040155 0.276886 0.000000 0.010162 0.219232 0.097883 0.000000 0.000000 0.035621 0.138087 0.000000 0.037743 0.000000 0.000036 
0.019993 0.329985 0.090528 0.023944 0.000000 0.020778 0.175167 0.020417 0.000000 0.000000 0.118926 0.045180 0.000000 0.044554 0.000000 0.110526 
0.001070 0.062725 0.094954 0.265511 0.000000 0.005316 0.042420 0.048811 0.000000 0.000000 0.068202 0.061035 0.000000 0.071951 0.152462 0.125543 
0.033441 0.042003 0.031424 0.664023 0.000000 0.028222 0.000931 0.041188 0.000000 0.000000 0.134366 0.010442 0.000000 0.013036 0.000000 0.000924 
0.233022 0.009659 0.133806 0.088286 0.010000 0.103423 0.016999 0.039579 0.000000 0.000000 0.144651 0.000643 0.000000 0.181840 0.000000 0.038093 
0.054713 0.063397 0.047438 0.747042 0.000000 0.033128 0.000086 0.002459 0.000000 0.000000 0.024383 0.000753 0.000000 0.026147 0.000000 0.000455 
0.218195 0.037225 0.019075 0.043394 0.000000 0.002433 0.090147 0.227708 0.000000 0.000000 0.028632 0.077304 0.000000 0.148891 0.000000 0.106995 
0.004517 0.371328 0.035468 0.164430 0.000000 0.003833 0.084634 0.055628 0.000000 0.000000 0.030798 0.066885 0.000000 0.071446 0.050220 0.060814 
0.088840 0.002588 0.021515 0.066452 0.000000 0.008061 0.006228 0.262979 0.000000 0.000000 0.109126 0.103886 0.000000 0.223735 0.000000 0.106591 
0.005083 0.040655 0.086978 0.045899 0.000000 0.144689 0.294639 0.020003 0.000000 0.000000 0.100481 0.000711 0.000000 0.151706 0.000000 0.109155 
0.001374 0.044104 0.058530 0.394784 0.000000 0.011282 0.002252 0.113476 0.000000 0.000000 0.055057 0.157865 0.000000 0.066967 0.000000 0.094309 
0.083473 0.103618 0.010817 0.124163 0.010000 0.006474 0.003276 0.078850 0.000000 0.000000 0.222148 0.011775 0.012954 0.082394 0.000000 0.250057 
0.023613 0.015861 0.066191 0.263923 0.000000 0.029296 0.031214 0.049074 0.000000 0.000000 0.117011 0.023318 0.000000 0.238756 0.000000 0.141743 
0.276841 0.007344 0.074161 0.042946 0.000000 0.014238 0.037933 0.078248 0.000000 0.000000 0.133776 0.000998 0.000000 0.279803 0.000000 0.053712 
0.002246 0.016361 0.122561 0.004806 0.000000 0.013197 0.064864 0.044937 0.000000 0.000000 0.377403 0.000464 0.000000 0.138572 0.000000 0.214590 
0.082227 0.012302 0.123419 0.067598 0.000000 0.004362 0.022756 0.024538 0.000000 0.000000 0.216127 0.000673 0.000000 0.190711 0.000000 0.255289 
0.004164 0.033458 0.122379 0.018376 0.010000 0.099461 0.012571 0.113890 0.000000 0.000000 0.132773 0.037736 0.019909 0.225526 0.000000 0.169757 
0.013948 0.064418 0.094919 0.016832 0.000000 0.104861 0.091841 0.060312 0.000000 0.026348 0.293286 0.000207 0.000000 0.098326 0.000000 0.134702 
0.014240 0.022241 0.080389 0.059038 0.000000 0.225940 0.003706 0.329062 0.000000 0.000000 0.012566 0.180411 0.000000 0.037204 0.000000 0.035203 
0.013506 0.027362 0.133176 0.087842 0.010000 0.139119 0.046344 0.206889 0.000000 0.000000 0.100551 0.093820 0.000000 0.077623 0.000000 0.063767 
0.043415 0.054037 0.038660 0.103880 0.000000 0.033491 0.384248 0.092220 0.000000 0.000000 0.120745 0.037042 0.000000 0.032495 0.000000 0.059769 
0.032896 0.002223 0.187000 0.048300 0.000000 0.316563 0.022605 0.015469 0.000000 0.031438 0.144160 0.001333 0.000000 0.065700 0.000000 0.132313 
0.011689 0.090669 0.023149 0.349077 0.000000 0.017661 0.165459 0.030913 0.000000 0.000000 0.056618 0.072310 0.000000 0.089174 0.078267 0.015014 
0.192316 0.093260 0.035514 0.274059 0.010000 0.001116 0.016535 0.001562 0.000000 0.000000 0.141554 0.012708 0.000000 0.161635 0.000000 0.059742 
0.075564 0.094313 0.086112 0.142065 0.000000 0.074964 0.012824 0.022436 0.000000 0.000000 0.257030 0.000332 0.000000 0.154824 0.000000 0.079535 
0.066969 0.069707 0.094446 0.072178 0.010000 0.036993 0.000810 0.034064 0.000000 0.000000 0.315593 0.000169 0.000000 0.177232 0.000000 0.121838 
0.083565 0.012500 0.039326 0.450987 0.000000 0.019532 0.084625 0.029912 0.000000 0.000000 0.119894 0.011711 0.000000 0.093471 0.000000 0.054477 
0.000170 0.128636 0.020667 0.004307 0.000000 0.003445 0.766997 0.019867 0.000000 0.000000 0.023716 0.030000 0.000000 0.001592 0.000000 0.000603 
0.000945 0.029062 0.056778 0.048982 0.000000 0.296554 0.167186 0.090182 0.000000 0.000000 0.135929 0.024444 0.000000 0.101113 0.042966 0.005858 
0.036760 0.067474 0.117459 0.107683 0.000000 0.051015 0.004358 0.181972 0.000000 0.000000 0.164435 0.060063 0.000000 0.150174 0.000000 0.058607 
0.188355 0.008477 0.044421 0.085984 0.010000 0.026239 0.029766 0.187406 0.000000 0.000000 0.097861 0.045658 0.000000 0.271636 0.000000 0.004197 
0.054048 0.039413 0.062903 0.265806 0.000000 0.003537 0.092287 0.100709 0.000000 0.000000 0.086624 0.041147 0.000000 0.118369 0.083356 0.051801 
0.000528 0.190878 0.028822 0.089298 0.010000 0.073840 0.051187 0.331797 0.000000 0.000000 0.025345 0.184708 0.000000 0.012080 0.000000 0.001517 
0.019565 0.207401 0.079728 0.496130 0.000000 0.034662 0.054709 0.012696 0.000000 0.000000 0.018984 0.064249 0.000000 0.010584 0.000000 0.001292 
0.087466 0.089844 0.122750 0.068432 0.010000 0.037306 0.021910 0.085165 0.020000 0.000000 0.191856 0.014029 0.000000 0.099157 0.000000 0.152083 
0.270223 0.015021 0.028562 0.033988 0.000000 0.001577 0.011666 0.119725 0.000000 0.000000 0.128582 0.042475 0.000000 0.310230 0.000000 0.037950 
0.000437 0.586364 0.023795 0.040974 0.000000 0.000140 0.186858 0.000718 0.000000 0.000000 0.002283 0.120128 0.000000 0.016004 0.000000 0.022299 
0.034851 0.328518 0.009475 0.032280 0.000000 0.058100 0.047706 0.172876 0.000000 0.000000 0.035563 0.127891 0.000000 0.094629 0.000000 0.058109 
0.007845 0.324457 0.018641 0.079218 0.000000 0.062466 0.059947 0.020731 0.000000 0.034752 0.020548 0.053219 0.014897 0.226071 0.000000 0.077207 
0.002082 0.030578 0.150411 0.099903 0.030000 0.104066 0.110516 0.037942 0.010000 0.000000 0.152264 0.000769 0.000000 0.082172 0.000000 0.189296 
0.328278 0.023924 0.085439 0.020642 0.010000 0.004345 0.018717 0.024609 0.000000 0.000000 0.111521 0.000481 0.000000 0.352630 0.000000 0.019412 
0.173793 0.048669 0.093052 0.020512 0.010000 0.001257 0.004022 0.027525 0.000000 0.000000 0.143130 0.000864 0.000000 0.389156 0.000000 0.088020 
0.029496 0.006040 0.071932 0.061952 0.000000 0.166619 0.020259 0.046093 0.000000 0.000000 0.129516 0.014407 0.000000 0.243589 0.000000 0.210095 
0.001180 0.100887 0.081745 0.036181 0.000000 0.170284 0.350865 0.040282 0.000000 0.041098 0.054083 0.032387 0.000000 0.027441 0.022509 0.041057 
0.045333 0.032961 0.040128 0.078831 0.000000 0.041791 0.011675 0.091331 0.000000 0.000000 0.142443 0.010413 0.020402 0.322417 0.000000 0.162274 
0.143584 0.292607 0.023236 0.017621 0.010000 0.001551 0.118126 0.029705 0.000000 0.000000 0.084418 0.136864 0.000000 0.113864 0.000000 0.028423 
0.001365 0.098446 0.000158 0.011005 0.000000 0.000738 0.756711 0.028665 0.000000 0.000000 0.004994 0.040000 0.000000 0.039868 0.000000 0.018051 
0.000466 0.331980 0.017144 0.047159 0.000000 0.137272 0.179664 0.053197 0.000000 0.000000 0.042119 0.109311 0.019052 0.049474 0.000000 0.013162 
0.001514 0.042828 0.170545 0.058492 0.000000 0.360093 0.018779 0.059311 0.000000 0.000000 0.134137 0.010965 0.000000 0.086915 0.000000 0.056422 
0.001643 0.044476 0.046002 0.217213 0.000000 0.000069 0.603165 0.024006 0.000000 0.000000 0.012483 0.044255 0.000000 0.006687 0.000000 0.000000 
0.058699 0.039147 0.120534 0.320526 0.000000 0.001168 0.021143 0.013854 0.000000 0.000000 0.060865 0.081557 0.007048 0.106430 0.141052 0.027975 
0.046227 0.086791 0.162018 0.094924 0.000000 0.283450 0.047182 0.019774 0.000000 0.031207 0.134966 0.010176 0.000000 0.038700 0.000000 0.044585 
0.012222 0.145123 0.047733 0.063439 0.000000 0.003115 0.209703 0.015917 0.000000 0.000000 0.133476 0.032653 0.000000 0.194456 0.000000 0.142164 
0.219340 0.088948 0.008607 0.189931 0.000000 0.001939 0.089711 0.030856 0.000000 0.034994 0.140863 0.000161 0.009445 0.181267 0.000000 0.003939 
0.130016 0.067292 0.025299 0.020249 0.020000 0.001250 0.013700 0.000915 0.000000 0.000000 0.291504 0.001576 0.000000 0.181244 0.000000 0.246955 
0.000747 0.169979 0.083691 0.050577 0.000000 0.239879 0.100103 0.123285 0.000000 0.000000 0.084727 0.049893 0.000000 0.056092 0.000000 0.041026 
0.031697 0.057464 0.082543 0.065695 0.020000 0.037548 0.020393 0.176761 0.000000 0.000000 0.235007 0.034080 0.000000 0.094071 0.000000 0.144739 
0.250705 0.039808 0.037131 0.035133 0.010000 0.061909 0.041271 0.005433 0.000000 0.000000 0.114658 0.013339 0.000000 0.316537 0.000000 0.074074 
0.108271 0.094651 0.027929 0.150958 0.020000 0.032167 0.277316 0.001508 0.000000 0.000000 0.050031 0.010626 0.000000 0.190854 0.000000 0.035688 
0.001245 0.053358 0.076115 0.646477 0.000000 0.051881 0.017240 0.030656 0.000000 0.000000 0.010709 0.059079 0.000000 0.051445 0.000000 0.001796 
0.036286 0.043094 0.033207 0.046254 0.010000 0.045337 0.006867 0.295888 0.000000 0.000000 0.266608 0.053031 0.000000 0.096756 0.000000 0.066671 
0.000119 0.563989 0.022821 0.024423 0.000000 0.008832 0.192226 0.007454 0.000000 0.000000 0.035280 0.065020 0.009247 0.064142 0.000000 0.006446 
0.018832 0.260233 0.013092 0.383401 0.000000 0.001128 0.101906 0.001463 0.000000 0.000000 0.049197 0.096866 0.000000 0.020997 0.000000 0.052886 
0.000222 0.335596 0.000825 0.022088 0.000000 0.001207 0.479320 0.024201 0.000000 0.000000 0.023557 0.111171 0.000000 0.001813 0.000000 0.000000 
0.006560 0.068232 0.085972 0.082267 0.010000 0.003521 0.397329 0.231794 0.000000 0.000000 0.074772 0.029024 0.000000 0.002841 0.000000 0.007690 
0.056275 0.053209 0.085442 0.116078 0.000000 0.031292 0.312765 0.040553 0.000000 0.000000 0.146975 0.001255 0.000000 0.119132 0.000000 0.037024 
0.064679 0.086738 0.058999 0.063492 0.000000 0.234404 0.085910 0.019108 0.000000 0.000000 0.206747 0.060619 0.000000 0.097939 0.000000 0.021365 
0.003175 0.067196 0.079893 0.080431 0.000000 0.011436 0.063678 0.314225 0.000000 0.000000 0.092390 0.126969 0.000000 0.138832 0.000000 0.021775 
0.106205 0.084600 0.152262 0.089803 0.010000 0.037290 0.001764 0.106285 0.000000 0.000000 0.122931 0.032220 0.000000 0.252128 0.000000 0.004513 
0.035114 0.083221 0.035019 0.266502 0.020000 0.043261 0.045853 0.003418 0.000000 0.000000 0.048416 0.077662 0.000000 0.219934 0.069124 0.052476 
0.024108 0.035777 0.002514 0.095606 0.010000 0.030571 0.045831 0.420375 0.000000 0.043371 0.007119 0.222157 0.000000 0.053428 0.000000 0.009142 
0.004304 0.017498 0.025450 0.083036 0.000000 0.008588 0.001508 0.509903 0.000000 0.000000 0.029683 0.293113 0.000000 0.016827 0.000000 0.010091 
0.011853 0.037744 0.055693 0.495444 0.000000 0.016643 0.205420 0.004663 0.000000 0.000000 0.067084 0.011234 0.000000 0.072524 0.000000 0.021698 
0.017462 0.259857 0.053995 0.229425 0.000000 0.015328 0.129845 0.030958 0.000000 0.000000 0.025778 0.116983 0.000000 0.045228 0.063317 0.011825 
0.003101 0.016547 0.065001 0.546223 0.000000 0.045119 0.062136 0.016924 0.000000 0.000000 0.076769 0.030993 0.000000 0.061564 0.070789 0.004835 
0.012965 0.051453 0.013690 0.092814 0.000000 0.031244 0.057466 0.321140 0.000000 0.000000 0.063939 0.192562 0.008713 0.141298 0.000000 0.012715 
0.040061 0.064976 0.089525 0.145305 0.010000 0.028953 0.023456 0.248803 0.000000 0.000000 0.127559 0.114952 0.000000 0.081988 0.000000 0.024422 
0.020293 0.062182 0.003409 0.095875 0.000000 0.011226 0.530716 0.088877 0.000000 0.000000 0.023445 0.042616 0.000000 0.044962 0.000000 0.076399 
0.001055 0.093253 0.029865 0.074659 0.000000 0.001925 0.585486 0.013208 0.000000 0.000000 0.071022 0.077115 0.000000 0.028238 0.000000 0.024175 
0.091007 0.090130 0.108502 0.309549 0.000000 0.039323 0.011675 0.015811 0.000000 0.000000 0.094101 0.070106 0.000000 0.069762 0.064046 0.035990 
0.074252 0.014641 0.042015 0.055008 0.010000 0.050840 0.261420 0.007358 0.000000 0.000000 0.179711 0.000350 0.000000 0.177407 0.000000 0.126999 
0.030233 0.049991 0.116231 0.114869 0.000000 0.060880 0.040882 0.036133 0.000000 0.000000 0.233582 0.000507 0.000000 0.098772 0.000000 0.217920 
0.026993 0.030420 0.052484 0.460949 0.000000 0.040131 0.043185 0.107268 0.000000 0.000000 0.064638 0.093748 0.000000 0.061783 0.000000 0.018400 
0.034359 0.018047 0.117691 0.042562 0.000000 0.054345 0.026734 0.033950 0.000000 0.000000 0.313505 0.000645 0.000000 0.211767 0.000000 0.146395 
0.011301 0.568509 0.029061 0.003085 0.000000 0.065359 0.176548 0.001912 0.000000 0.000000 0.034784 0.079536 0.000000 0.003130 0.000000 0.026775 
0.002798 0.035894 0.155241 0.120052 0.010000 0.038838 0.034796 0.073237 0.000000 0.000000 0.303754 0.022196 0.000000 0.086870 0.000000 0.116323 
0.027949 0.030569 0.083684 0.035519 0.000000 0.002585 0.034058 0.463452 0.000000 0.000000 0.051218 0.196133 0.000000 0.026286 0.000000 0.048547 
0.025593 0.013505 0.146685 0.037048 0.000000 0.239454 0.014347 0.105435 0.000000 0.000000 0.114833 0.022574 0.017334 0.222042 0.000000 0.041151 
0.011265 0.000991 0.017684 0.128953 0.010000 0.005854 0.001212 0.525327 0.000000 0.000000 0.024047 0.235763 0.000000 0.033046 0.000000 0.005858 
0.013046 0.118277 0.039157 0.130284 0.000000 0.025511 0.138326 0.105635 0.000000 0.000000 0.101483 0.097768 0.000000 0.179934 0.000000 0.050579 
0.000981 0.084283 0.089654 0.099509 0.000000 0.107088 0.347726 0.059080 0.000000 0.000000 0.070202 0.073472 0.000000 0.065308 0.000000 0.002698 
0.004995 0.089521 0.050211 0.222977 0.000000 0.054886 0.141680 0.019262 0.000000 0.000000 0.128736 0.054012 0.009385 0.150320 0.069300 0.004714 
0.320908 0.024658 0.020282 0.047130 0.020000 0.006788 0.005285 0.134565 0.000000 0.000000 0.034653 0.067474 0.000000 0.279567 0.000000 0.038690 
0.131090 0.023918 0.148394 0.077578 0.000000 0.008676 0.109715 0.016555 0.000000 0.000000 0.142012 0.000396 0.000000 0.251169 0.000000 0.090497 
