-195473.977375
0
0.000000 0.000000 0.068076 0.000000 0.014818 0.000000 0.000000 0.000000 0.000000 0.000000 0.000000 0.000000 0.000000 0.000000 0.000000 0.000000 0.000000 0.000000 0.000000 0.000000 0.000000 0.000000 0.000000 0.000000 0.022471 0.106805 0.027403 0.033481 0.019516 0.016566 0.000000 0.018043 0.035514 0.037230 0.000000 0.000000 0.000000 0.000000 0.052507 0.000000 0.000000 0.000000 0.019832 0.008963 0.000000 0.000000 0.008512 0.000000 0.061701 0.099601 0.073381 0.000000 0.022785 0.000000 0.026523 0.013811 0.000000 0.010936 0.000000 0.007883 0.000000 0.000000 0.029990 0.000000 0.007705 0.000000 0.006816 0.000000 0.000000 0.000000 0.000000 0.000000 0.024828 0.074572 0.022623 0.000000 0.000000 0.012333 0.000000 0.000000 0.000000 0.000000 0.000000 0.000000 0.000000 0.000000 0.014775 0.000000 0.000000 0.000000 0.000000 0.000000 0.000000 0.000000 0.000000 0.000000 
0.000000 0.000000 0.000000 0.000000 0.000000 0.000000 0.000000 0.000000 0.000001 0.000000 0.000000 0.000001 0.000000 0.000000 0.000000 0.000000 0.000000 0.000000 0.000000 0.000000 0.000000 0.000000 0.000000 0.000000 0.000000 0.000000 0.000000 0.000000 0.000000 0.000000 0.000000 0.000000 0.000001 0.000000 0.000000 0.000000 0.000000 0.000000 0.000000 0.000000 0.000000 0.000000 0.000000 0.000000 0.000000 0.000000 0.000000 0.000000 0.000000 0.000000 0.000000 0.000000 0.000000 0.000000 0.000000 0.000000 0.000000 0.000001 0.000000 0.000007 0.000000 0.000000 0.000000 0.000000 0.000000 0.000000 0.000000 0.000000 0.000000 0.000000 0.063845 0.000000 0.850318 0.000001 0.000000 0.000000 0.000000 0.000000 0.000000 0.000000 0.000000 0.000000 0.000000 0.000000 0.000000 0.085826 0.000000 0.000000 0.000000 0.000000 0.000000 0.000000 0.000000 0.000000 0.000000 0.000000 
0.000000 0.000000 0.000000 0.000000 0.000000 0.000000 0.000000 0.000000 0.003702 0.000000 0.000000 0.000000 0.000000 0.000000 0.000000 0.000000 0.000000 0.000000 0.000000 0.001334 0.000000 0.000000 0.000000 0.000000 0.000000 0.000000 0.000000 0.000000 0.000000 0.000000 0.000000 0.000000 0.003531 0.000000 0.000000 0.000000 0.000000 0.001266 0.000000 0.000000 0.000000 0.000000 0.000000 0.000000 0.000000 0.000000 0.000000 0.000000 0.000000 0.000000 0.000000 0.000000 0.000000 0.000000 0.000000 0.000000 0.004485 0.000000 0.000000 0.000000 0.000000 0.000000 0.000000 0.000000 0.000000 0.000000 0.000000 0.000000 0.000000 0.000000 0.000000 0.000000 0.007577 0.003416 0.000000 0.000000 0.032267 0.000000 0.000000 0.068896 0.525334 0.044498 0.023610 0.280085 0.000000 0.000000 0.000000 0.000000 0.000000 0.000000 0.000000 0.000000 0.000000 0.000000 0.000000 0.000000 
0.000000 0.000000 0.000000 0.000000 0.000000 0.000000 0.000000 0.000000 0.033096 0.022241 0.176377 0.018380 0.000000 0.004022 0.000000 0.000000 0.000000 0.003792 0.013494 0.000000 0.000000 0.000000 0.000000 0.000000 0.008406 0.022358 0.008888 0.050179 0.000000 0.000000 0.000000 0.000000 0.005737 0.000000 0.137242 0.000000 0.000000 0.000000 0.000000 0.000000 0.000000 0.000000 0.022452 0.000000 0.000000 0.004218 0.000000 0.003782 0.000000 0.000000 0.000000 0.004853 0.000000 0.002224 0.000000 0.000000 0.067033 0.086447 0.170085 0.059720 0.000000 0.001295 0.000000 0.000000 0.013926 0.002847 0.005933 0.002551 0.000000 0.001082 0.000000 0.000000 0.000000 0.000000 0.000000 0.000000 0.000000 0.000000 0.000000 0.000000 0.000000 0.000000 0.035828 0.000000 0.000000 0.000000 0.000000 0.000000 0.000000 0.000000 0.011512 0.000000 0.000000 0.000000 0.000000 0.000000 
0.000000 0.000000 0.000000 0.000000 0.061277 0.027058 0.000000 0.067149 0.009972 0.038800 0.000000 0.017415 0.000000 0.016866 0.000000 0.000000 0.000000 0.000000 0.011069 0.012440 0.000000 0.000000 0.027527 0.000000 0.000000 0.000000 0.000000 0.000000 0.043397 0.041319 0.004467 0.058957 0.045839 0.000000 0.000000 0.000000 0.004976 0.014253 0.000000 0.000000 0.000000 0.021367 0.000000 0.000000 0.000000 0.016998 0.008572 0.000000 0.000000 0.000000 0.000000 0.000000 0.022331 0.018924 0.000000 0.040754 0.049453 0.011156 0.000000 0.010428 0.007442 0.009120 0.032740 0.000000 0.005735 0.000000 0.000000 0.000000 0.000000 0.009194 0.043000 0.000000 0.000000 0.016314 0.000000 0.000000 0.027328 0.053195 0.000000 0.052335 0.000000 0.000000 0.000000 0.000000 0.000000 0.006568 0.004324 0.000000 0.000000 0.009082 0.000000 0.000000 0.000000 0.005985 0.014873 0.000000 
0.000000 0.000000 0.000000 0.000000 0.000000 0.000000 0.000000 0.000000 0.000000 0.023806 0.000000 0.008615 0.000000 0.000000 0.000000 0.001221 0.000000 0.000000 0.000000 0.000000 0.000000 0.000000 0.000000 0.000000 0.000000 0.000000 0.000000 0.000000 0.000000 0.000000 0.000000 0.000000 0.111713 0.140616 0.021018 0.104370 0.000000 0.000000 0.000000 0.000000 0.000000 0.000000 0.000000 0.001114 0.000000 0.000000 0.000000 0.000000 0.000000 0.000000 0.000000 0.000000 0.000000 0.000000 0.000000 0.000000 0.000000 0.023428 0.000000 0.023465 0.000000 0.000000 0.000000 0.000000 0.000000 0.000000 0.000000 0.009268 0.000000 0.000000 0.000000 0.000000 0.000000 0.000000 0.000000 0.000000 0.000000 0.000000 0.000000 0.000000 0.000000 0.360779 0.125446 0.042691 0.000000 0.000000 0.000000 0.002449 0.000000 0.000000 0.000000 0.000000 0.000000 0.000000 0.000000 0.000000 
0.000000 0.000000 0.000000 0.000000 0.000000 0.000000 0.000000 0.000000 0.000000 0.000000 0.000000 0.000000 0.000000 0.000000 0.000000 0.000000 0.000000 0.000000 0.000000 0.000000 0.112143 0.000000 0.012254 0.051232 0.000000 0.000000 0.000000 0.000000 0.000000 0.000000 0.000000 0.000000 0.000000 0.000000 0.000000 0.000000 0.012495 0.000000 0.000000 0.000000 0.000000 0.000000 0.000000 0.036676 0.071162 0.007750 0.000000 0.160618 0.000000 0.000000 0.000000 0.000000 0.000000 0.000000 0.000000 0.014283 0.000000 0.000000 0.000000 0.000001 0.000000 0.000000 0.000000 0.000000 0.000000 0.000000 0.000000 0.000000 0.039561 0.000000 0.000000 0.025676 0.000000 0.000000 0.000000 0.000000 0.000000 0.000000 0.000000 0.000000 0.000000 0.000000 0.000000 0.000000 0.000000 0.000000 0.021708 0.000000 0.000000 0.000000 0.000000 0.037211 0.243225 0.000000 0.000000 0.154004 
0.000000 0.000000 0.000000 0.012086 0.000000 0.000000 0.000000 0.000000 0.000000 0.000000 0.000000 0.000000 0.000000 0.000000 0.000000 0.000000 0.000000 0.002495 0.000000 0.000000 0.000000 0.004380 0.000000 0.015241 0.000000 0.000000 0.000000 0.010961 0.000000 0.000000 0.000000 0.000000 0.000000 0.000000 0.007279 0.000000 0.000000 0.000000 0.000000 0.000000 0.000000 0.000000 0.000000 0.000000 0.000000 0.000000 0.000000 0.015050 0.000000 0.000000 0.000000 0.007187 0.000000 0.000000 0.000000 0.000000 0.000000 0.008173 0.015389 0.013680 0.000000 0.000000 0.000000 0.000000 0.003810 0.010034 0.000000 0.012559 0.000000 0.001425 0.000000 0.001642 0.036525 0.014146 0.003873 0.399329 0.000000 0.000000 0.000000 0.000000 0.000000 0.000000 0.255198 0.036278 0.000000 0.000000 0.000000 0.000000 0.000000 0.013531 0.005932 0.005586 0.000000 0.007277 0.000000 0.080933 
0.084802 0.067377 0.000000 0.053573 0.000000 0.006403 0.006454 0.000000 0.021380 0.000000 0.000000 0.007580 0.013376 0.007757 0.025508 0.000000 0.000000 0.000000 0.000000 0.000000 0.000000 0.000000 0.000000 0.000000 0.067085 0.045091 0.000000 0.049959 0.000000 0.000000 0.007887 0.000000 0.000000 0.000000 0.000000 0.038661 0.021041 0.025849 0.043914 0.047887 0.000000 0.000000 0.000000 0.000000 0.000000 0.000000 0.000000 0.000000 0.026579 0.000000 0.000000 0.057304 0.000000 0.009767 0.000000 0.000000 0.000000 0.000000 0.000000 0.000000 0.014610 0.012629 0.000000 0.026977 0.000000 0.000000 0.000000 0.000000 0.000000 0.000000 0.000000 0.000000 0.058007 0.042421 0.000000 0.045303 0.000000 0.000000 0.004905 0.000000 0.000000 0.000000 0.000000 0.014960 0.009003 0.021543 0.000000 0.014407 0.000000 0.000000 0.000000 0.000000 0.000000 0.000000 0.000000 0.000000 
0.000000 0.000000 0.000000 0.000000 0.000000 0.000000 0.000000 0.000000 0.024038 0.000000 0.009265 0.022607 0.018902 0.004625 0.008273 0.045040 0.070412 0.029332 0.048059 0.053509 0.005021 0.008917 0.000000 0.014074 0.000000 0.000000 0.000000 0.000000 0.000000 0.000000 0.000000 0.000000 0.000000 0.000000 0.000000 0.008489 0.000000 0.000000 0.000000 0.000000 0.034292 0.027251 0.036736 0.041309 0.007643 0.000000 0.023479 0.020097 0.019146 0.024654 0.000000 0.000000 0.000000 0.000000 0.000000 0.000000 0.000000 0.000000 0.000000 0.014477 0.000000 0.000000 0.000000 0.000000 0.021767 0.023503 0.027378 0.028681 0.000000 0.000000 0.000000 0.018241 0.000000 0.000000 0.004427 0.000000 0.000000 0.000000 0.000000 0.000000 0.000000 0.000000 0.000000 0.000000 0.025861 0.000000 0.018589 0.028964 0.040693 0.028168 0.021108 0.041532 0.000000 0.011603 0.019022 0.020814 
0.000099 0.000000 0.631345 0.017228 0.001354 0.240888 0.000000 0.016227 0.062711 0.030147 
0.000012 0.000000 0.286666 0.058982 0.000630 0.056227 0.012122 0.526551 0.002746 0.056064 
0.000076 0.000000 0.044053 0.061065 0.310424 0.057647 0.018859 0.052719 0.222814 0.232344 
0.073477 0.000000 0.000187 0.109572 0.139421 0.017291 0.000026 0.003330 0.334517 0.322179 
0.000063 0.015327 0.083860 0.096692 0.031317 0.497848 0.000061 0.004871 0.027964 0.241997 
0.063173 0.000000 0.016923 0.071083 0.128105 0.033743 0.017494 0.070627 0.206250 0.392603 
0.033810 0.024434 0.113310 0.121902 0.078724 0.071158 0.000039 0.313398 0.068645 0.174580 
0.000037 0.000000 0.014970 0.147355 0.121336 0.087600 0.022486 0.305354 0.130250 0.170611 
0.192253 0.000000 0.389458 0.004110 0.090577 0.022165 0.000019 0.021095 0.201672 0.078649 
0.096057 0.000000 0.012263 0.204101 0.061700 0.113591 0.000059 0.017628 0.198194 0.296406 
0.000079 0.000000 0.051104 0.433140 0.045048 0.078721 0.000005 0.050269 0.099336 0.242298 
0.000047 0.000000 0.000540 0.183635 0.116820 0.101557 0.018746 0.015645 0.223802 0.339207 
0.042119 0.000000 0.064300 0.026665 0.072274 0.125873 0.028213 0.038053 0.332207 0.270297 
0.000071 0.000000 0.024752 0.148777 0.043577 0.023725 0.000044 0.513886 0.098925 0.146243 
0.224256 0.000000 0.004571 0.042407 0.139132 0.026611 0.000016 0.010381 0.451789 0.100839 
0.058880 0.000000 0.029526 0.157091 0.171961 0.088690 0.000015 0.044217 0.069348 0.380272 
0.117042 0.029064 0.051174 0.295644 0.013816 0.157409 0.019892 0.066976 0.180674 0.068309 
0.000019 0.000000 0.136594 0.071446 0.004052 0.551925 0.000026 0.015797 0.076089 0.144052 
0.000041 0.000000 0.229083 0.189659 0.120845 0.090734 0.000013 0.029991 0.083569 0.256065 
0.226758 0.000000 0.027808 0.001803 0.098421 0.032949 0.000006 0.003238 0.495968 0.113048 
0.000053 0.000000 0.041058 0.087312 0.245936 0.065434 0.020917 0.002980 0.172882 0.363427 
0.000069 0.000000 0.080707 0.088378 0.165274 0.001141 0.022727 0.004020 0.361594 0.276090 
0.000047 0.000000 0.031020 0.189527 0.073393 0.024755 0.000004 0.046042 0.410443 0.224770 
0.000070 0.000000 0.014864 0.635550 0.014192 0.099513 0.000037 0.077296 0.029020 0.129459 
0.000011 0.000000 0.369872 0.014074 0.022230 0.574425 0.000016 0.001517 0.004069 0.013786 
0.000061 0.000000 0.002257 0.114312 0.000632 0.075116 0.000028 0.722827 0.012046 0.072722 
0.000025 0.000000 0.007359 0.277955 0.097175 0.060790 0.000001 0.038663 0.301305 0.216727 
0.000010 0.000000 0.756526 0.058434 0.013887 0.012095 0.000030 0.106697 0.013492 0.038829 
0.083207 0.000000 0.200288 0.051926 0.265071 0.018885 0.000024 0.050283 0.252297 0.078019 
0.000024 0.000000 0.000851 0.005166 0.017839 0.037881 0.000019 0.729440 0.076253 0.132527 
0.034654 0.000000 0.126202 0.004129 0.009712 0.595584 0.000047 0.010762 0.135277 0.083633 
0.000065 0.051608 0.239893 0.217767 0.067269 0.104739 0.000008 0.043891 0.126872 0.147888 
0.193936 0.000000 0.020910 0.188383 0.037587 0.007714 0.000012 0.062303 0.271734 0.217420 
0.022675 0.000000 0.042277 0.074406 0.084559 0.066525 0.088259 0.293900 0.114329 0.213070 
0.000040 0.000000 0.578569 0.065970 0.092623 0.064621 0.028571 0.089152 0.073772 0.006682 
0.307368 0.000000 0.022164 0.047488 0.024688 0.006026 0.015823 0.222076 0.237779 0.116587 
0.057625 0.000000 0.022779 0.123017 0.205199 0.080221 0.042480 0.025132 0.156250 0.287297 
0.000070 0.020715 0.096539 0.026054 0.083688 0.001167 0.183293 0.130235 0.042965 0.415274 
0.000058 0.000000 0.021223 0.327212 0.104031 0.091303 0.000029 0.016240 0.186350 0.253553 
0.000035 0.000000 0.022998 0.096439 0.000644 0.078007 0.000018 0.768891 0.011302 0.021667 
0.000061 0.000000 0.135073 0.321142 0.111936 0.052979 0.073176 0.092026 0.102696 0.110911 
0.000094 0.000000 0.357155 0.091596 0.047910 0.169168 0.000014 0.051345 0.245709 0.037010 
0.055201 0.000000 0.086021 0.577617 0.002194 0.178897 0.011184 0.002152 0.028017 0.058719 
0.000066 0.000000 0.040324 0.166586 0.203732 0.136486 0.024224 0.017234 0.144291 0.267055 
0.000013 0.000000 0.035196 0.440421 0.001519 0.098491 0.000083 0.254638 0.020510 0.149130 
0.000042 0.000000 0.184318 0.004805 0.014671 0.722650 0.000000 0.001099 0.067600 0.004814 
0.047695 0.000000 0.013523 0.047392 0.390820 0.016975 0.075220 0.002871 0.254465 0.151038 
0.084814 0.000000 0.026288 0.423492 0.085813 0.101309 0.000011 0.003389 0.127407 0.147477 
0.000027 0.000000 0.338075 0.481064 0.002158 0.011401 0.000000 0.038821 0.056794 0.071660 
0.028518 0.000000 0.002213 0.212979 0.356143 0.049864 0.000047 0.038562 0.140761 0.170913 
0.060318 0.000000 0.002004 0.178209 0.115484 0.004534 0.059348 0.016586 0.426040 0.137479 
0.000012 0.018083 0.802297 0.029448 0.002142 0.105121 0.000011 0.002108 0.017768 0.023011 
0.000043 0.000000 0.026585 0.215298 0.016516 0.144677 0.117085 0.040337 0.170250 0.269208 
0.000092 0.000000 0.373553 0.086714 0.107666 0.029898 0.000078 0.002476 0.232041 0.167482 
0.000071 0.041682 0.192690 0.044397 0.039428 0.473715 0.034268 0.002317 0.024892 0.146540 
0.068583 0.000000 0.025648 0.046340 0.045497 0.020439 0.000009 0.012378 0.502904 0.278201 
0.000073 0.000000 0.118929 0.151825 0.040504 0.524174 0.049840 0.025016 0.018201 0.071438 
0.015535 0.000000 0.078990 0.218786 0.073539 0.189354 0.069451 0.083962 0.067470 0.202914 
0.000021 0.000000 0.549855 0.025454 0.024940 0.271977 0.000074 0.016649 0.068106 0.042924 
0.018344 0.025375 0.489408 0.128887 0.021454 0.085097 0.065149 0.013447 0.070681 0.082159 
0.058927 0.000000 0.046417 0.074389 0.132853 0.177898 0.033594 0.002416 0.063917 0.409588 
0.000062 0.000000 0.003556 0.826484 0.015983 0.020834 0.000034 0.032402 0.041543 0.059102 
0.000038 0.000000 0.204533 0.167821 0.096291 0.037491 0.000017 0.271640 0.100379 0.121790 
0.000038 0.000000 0.011297 0.406431 0.155060 0.047503 0.000050 0.028168 0.125024 0.226429 
0.000008 0.000000 0.857202 0.026667 0.003915 0.039034 0.010000 0.022683 0.032518 0.007973 
0.032093 0.000000 0.010332 0.147075 0.067405 0.002706 0.021010 0.002986 0.364713 0.351678 
0.000033 0.000000 0.016609 0.082159 0.066752 0.000758 0.040382 0.043527 0.528660 0.221120 
0.000036 0.039286 0.040029 0.563292 0.000853 0.066543 0.025121 0.073987 0.056858 0.133995 
0.024775 0.022457 0.153144 0.022986 0.086644 0.355118 0.021450 0.035511 0.144227 0.133688 
0.000065 0.000000 0.315298 0.091286 0.061052 0.339913 0.000036 0.102455 0.082568 0.007328 
0.044680 0.000000 0.574943 0.006986 0.054523 0.045016 0.000025 0.040075 0.067215 0.166538 
0.346224 0.000000 0.001828 0.017933 0.149631 0.047983 0.043532 0.012656 0.313312 0.066901 
0.000108 0.000000 0.061536 0.458412 0.064127 0.149085 0.014051 0.089534 0.113194 0.049953 
0.000086 0.000000 0.222038 0.046839 0.000482 0.020095 0.000010 0.609563 0.006795 0.094091 
0.026194 0.000000 0.047815 0.365815 0.024528 0.340450 0.000027 0.023698 0.033385 0.138087 
0.000038 0.000000 0.157530 0.110928 0.061707 0.048610 0.156668 0.034805 0.104734 0.324980 
0.073354 0.000000 0.001359 0.201666 0.064216 0.035547 0.000030 0.376609 0.102837 0.144381 
0.050004 0.000000 0.044238 0.293497 0.082197 0.082023 0.024299 0.075402 0.115769 0.232571 
0.000039 0.000000 0.026695 0.329285 0.118754 0.114329 0.000003 0.014620 0.147887 0.248389 
0.000029 0.000000 0.107191 0.022909 0.032525 0.435091 0.000040 0.381502 0.003342 0.017372 
0.000016 0.000000 0.015079 0.070701 0.004794 0.328165 0.000074 0.470761 0.037217 0.073193 
0.209756 0.000000 0.002325 0.191984 0.008855 0.029076 0.000047 0.135175 0.297379 0.125404 
0.278243 0.000000 0.032597 0.048738 0.132825 0.022260 0.000012 0.156834 0.193009 0.135483 
0.026232 0.000000 0.028567 0.575806 0.043332 0.015871 0.000025 0.150529 0.035825 0.123813 
0.000107 0.000000 0.205567 0.098500 0.037081 0.499378 0.000035 0.086220 0.015194 0.057918 
0.000030 0.000000 0.168417 0.003477 0.032582 0.756881 0.000059 0.004782 0.021782 0.011989 
0.000021 0.000000 0.238208 0.304575 0.002193 0.183489 0.000024 0.174334 0.039485 0.057671 
0.018118 0.000000 0.181710 0.010831 0.126671 0.371127 0.000026 0.015048 0.070112 0.206357 
0.000028 0.000000 0.042017 0.445654 0.068907 0.077681 0.000012 0.061501 0.108536 0.195663 
0.000080 0.000000 0.000696 0.670387 0.083557 0.045787 0.000030 0.042232 0.009832 0.147400 
0.208434 0.000000 0.015867 0.072844 0.199778 0.005497 0.070639 0.015986 0.203222 0.207733 
0.071346 0.000000 0.000104 0.783630 0.006268 0.055666 0.020458 0.001198 0.008812 0.052519 
0.236591 0.000000 0.087738 0.035195 0.065714 0.030579 0.000017 0.286651 0.229855 0.027661 
0.000047 0.000000 0.087092 0.216219 0.030423 0.418046 0.000007 0.059994 0.095342 0.092830 
0.084166 0.000000 0.003195 0.047422 0.076578 0.002487 0.000022 0.345266 0.308297 0.132567 
0.000033 0.000000 0.295101 0.037018 0.112729 0.037832 0.078688 0.004908 0.190515 0.243176 
0.000018 0.000000 0.001002 0.400659 0.013263 0.062121 0.000014 0.223084 0.105483 0.194355 
0.039348 0.000000 0.001334 0.102127 0.322439 0.115158 0.000028 0.052951 0.239754 0.126860 
0.000056 0.000000 0.032882 0.269009 0.084642 0.017477 0.000042 0.037032 0.358742 0.200118 
0.313763 0.000000 0.037450 0.030956 0.086475 0.003617 0.000031 0.044588 0.342142 0.140980 
0.000038 0.000000 0.064278 0.002509 0.438012 0.011688 0.000019 0.022113 0.160961 0.300383 
0.055701 0.000000 0.018616 0.019369 0.323709 0.012174 0.000018 0.002659 0.297542 0.270212 
0.000043 0.000000 0.013478 0.010538 0.071502 0.045742 0.043747 0.110443 0.384068 0.320440 
0.000039 0.032398 0.091627 0.004732 0.279022 0.059660 0.051175 0.031488 0.164955 0.284905 
0.000045 0.000000 0.001613 0.028441 0.001891 0.031226 0.145641 0.517013 0.095061 0.179068 
0.000045 0.027073 0.047847 0.077603 0.118993 0.031383 0.045855 0.286916 0.081525 0.282760 
0.000081 0.036611 0.392227 0.097466 0.068141 0.061217 0.000022 0.077950 0.062149 0.204136 
0.000045 0.000000 0.023604 0.029724 0.084768 0.001261 0.153427 0.004294 0.157786 0.545090 
0.000019 0.000000 0.177585 0.454105 0.001566 0.114737 0.000018 0.038183 0.127659 0.086128 
0.184140 0.000000 0.015100 0.287254 0.056054 0.098432 0.000004 0.001084 0.260402 0.097529 
0.072191 0.000000 0.013842 0.140562 0.139179 0.099161 0.029095 0.004198 0.227723 0.274047 
0.037060 0.000000 0.000419 0.065189 0.320792 0.069312 0.017379 0.009042 0.266450 0.214357 
0.074451 0.000000 0.087782 0.453572 0.047923 0.010011 0.000017 0.016253 0.148311 0.161680 
0.000006 0.000000 0.814518 0.001573 0.001764 0.122703 0.000020 0.018190 0.001907 0.039319 
0.000035 0.000000 0.185041 0.094568 0.036671 0.024851 0.138363 0.102125 0.111186 0.307160 
0.000060 0.000000 0.002077 0.097152 0.160243 0.082191 0.000042 0.222715 0.178957 0.256564 
0.182507 0.000000 0.029131 0.079336 0.065016 0.006315 0.015914 0.210563 0.314190 0.097026 
0.056252 0.020309 0.097385 0.379765 0.040757 0.039886 0.000013 0.103390 0.114837 0.147406 
0.000024 0.000000 0.053223 0.063816 0.001217 0.238829 0.046900 0.500690 0.008827 0.086474 
0.000061 0.000000 0.056665 0.573391 0.001426 0.246055 0.000036 0.018542 0.005941 0.097883 
0.000072 0.000000 0.019444 0.048866 0.317572 0.096247 0.021535 0.068285 0.243526 0.184453 
0.171017 0.000000 0.011940 0.022723 0.094665 0.027023 0.000015 0.126881 0.493871 0.051866 
0.000015 0.000000 0.191556 0.028258 0.015906 0.716125 0.000000 0.001579 0.022924 0.023636 
0.000088 0.000000 0.048050 0.020162 0.027545 0.405598 0.040043 0.212193 0.173861 0.072461 
0.000058 0.031679 0.052336 0.068061 0.018021 0.376772 0.029250 0.007233 0.316921 0.099669 
0.000061 0.000000 0.110500 0.079543 0.224228 0.018825 0.037990 0.022196 0.137164 0.369493 
0.291734 0.000000 0.016420 0.007044 0.124402 0.023670 0.000008 0.002474 0.420319 0.113928 
0.212789 0.000000 0.000995 0.015110 0.025605 0.048306 0.000002 0.002175 0.522205 0.172814 
0.000044 0.000000 0.021228 0.046536 0.127540 0.005242 0.089315 0.026352 0.402099 0.281644 
0.000024 0.049826 0.367685 0.060608 0.045529 0.104317 0.114976 0.043458 0.037051 0.176526 
0.000052 0.000000 0.004405 0.063646 0.127885 0.029942 0.015640 0.044659 0.510133 0.203639 
0.113497 0.000000 0.121638 0.009431 0.058951 0.408456 0.000003 0.048989 0.178578 0.060458 
0.000033 0.000000 0.799359 0.004417 0.012927 0.102323 0.000000 0.034908 0.036310 0.009723 
0.000022 0.000000 0.186180 0.035341 0.000799 0.408828 0.061121 0.084127 0.089141 0.134440 
0.000034 0.066300 0.018845 0.053931 0.093702 0.048726 0.210119 0.046422 0.090014 0.371907 
0.000021 0.000000 0.628097 0.256242 0.001874 0.046729 0.000000 0.032820 0.008547 0.025671 
0.000082 0.000000 0.022655 0.558923 0.054003 0.058651 0.000001 0.033096 0.131442 0.141147 
0.037150 0.038344 0.050527 0.098984 0.053755 0.094090 0.129626 0.013040 0.054678 0.429808 
0.000039 0.000000 0.213338 0.048916 0.121672 0.173463 0.000019 0.004968 0.301421 0.136165 
0.242353 0.030710 0.093679 0.194419 0.027641 0.082739 0.000009 0.007290 0.233327 0.087832 
0.120354 0.000000 0.012521 0.004125 0.345002 0.064337 0.000005 0.000437 0.322940 0.130279 
0.000028 0.000000 0.103771 0.037132 0.075879 0.195730 0.180277 0.146290 0.065931 0.194961 
0.000063 0.040073 0.020042 0.051516 0.223299 0.060211 0.018780 0.177178 0.169084 0.239754 
0.259255 0.000000 0.036419 0.024336 0.148128 0.046830 0.046763 0.004525 0.358267 0.075477 
0.108203 0.043705 0.285449 0.140030 0.028868 0.094633 0.000165 0.000719 0.196801 0.101426 
0.000038 0.011471 0.016966 0.693236 0.001974 0.072584 0.000044 0.048236 0.039670 0.115780 
0.000053 0.044448 0.003308 0.030832 0.266748 0.049016 0.026971 0.308704 0.151848 0.118073 
0.000010 0.000000 0.198225 0.007660 0.011368 0.645202 0.000053 0.005134 0.078795 0.053553 
0.000053 0.000000 0.107300 0.395455 0.036770 0.338839 0.000009 0.002185 0.072065 0.047323 
0.000012 0.000000 0.509039 0.018238 0.000641 0.424330 0.000012 0.036835 0.002363 0.008529 
0.000028 0.000000 0.414962 0.060554 0.010982 0.070866 0.000016 0.255863 0.050293 0.136437 
0.043945 0.000000 0.327903 0.107392 0.050808 0.054771 0.000021 0.025486 0.132527 0.257147 
0.000078 0.000000 0.092781 0.063915 0.096915 0.122880 0.100329 0.045997 0.129733 0.347371 
0.000070 0.000000 0.066349 0.073133 0.064412 0.082912 0.000019 0.429463 0.120740 0.162903 
0.094440 0.000000 0.000821 0.081701 0.009649 0.100661 0.000044 0.096002 0.327082 0.289599 
0.048570 0.000000 0.037368 0.376145 0.069714 0.115747 0.030171 0.017507 0.247880 0.056899 
0.022028 0.000000 0.045093 0.063319 0.009151 0.045637 0.016685 0.694673 0.066234 0.037180 
0.000042 0.035381 0.000780 0.054111 0.000755 0.022888 0.000021 0.814464 0.018114 0.053444 
0.000048 0.000000 0.221867 0.495295 0.008839 0.033533 0.000022 0.001797 0.096329 0.142271 
0.014335 0.000000 0.135088 0.334010 0.002368 0.339130 0.000024 0.050010 0.061859 0.063176 
0.000082 0.000000 0.072135 0.630241 0.030227 0.014032 0.012442 0.022241 0.033430 0.185171 
0.000071 0.000000 0.058353 0.064296 0.064758 0.062580 0.000075 0.528588 0.149970 0.071310 
0.000085 0.000000 0.021653 0.127428 0.123658 0.081040 0.000038 0.361693 0.102699 0.181705 
0.019280 0.032440 0.544229 0.081019 0.056100 0.066148 0.000044 0.093400 0.056771 0.050569 
0.000036 0.000000 0.624128 0.081387 0.033250 0.128567 0.000008 0.024221 0.037481 0.070923 
0.072368 0.000000 0.008945 0.421531 0.033573 0.126564 0.000063 0.021053 0.116947 0.198956 
0.043980 0.000000 0.258810 0.050215 0.233611 0.008342 0.024160 0.001769 0.223216 0.155897 
0.000050 0.000000 0.037568 0.087128 0.289138 0.049252 0.000057 0.013598 0.224436 0.298772 
0.000048 0.000000 0.047175 0.471587 0.019798 0.040166 0.000076 0.168493 0.093000 0.159656 
0.000042 0.000000 0.026117 0.036623 0.318745 0.015698 0.032260 0.007132 0.285500 0.277882 
0.000054 0.000000 0.183980 0.001359 0.026190 0.647500 0.033331 0.001545 0.003157 0.102884 
0.000043 0.000000 0.035917 0.117788 0.210728 0.041018 0.000022 0.070830 0.120220 0.403433 
0.000069 0.000000 0.034763 0.012793 0.045034 0.037292 0.000014 0.665243 0.055934 0.148858 
0.000042 0.000000 0.007328 0.029652 0.069015 0.015278 0.136696 0.098776 0.308694 0.334518 
0.013845 0.000000 0.000620 0.102534 0.027184 0.001776 0.000031 0.789747 0.039644 0.024620 
0.015987 0.000000 0.140162 0.125750 0.059394 0.161329 0.012768 0.148829 0.207072 0.128710 
0.000029 0.000000 0.370730 0.101336 0.059721 0.100116 0.078345 0.100509 0.055300 0.133915 
0.000058 0.000000 0.150997 0.303128 0.066259 0.115530 0.020786 0.021115 0.152237 0.169890 
0.298780 0.000000 0.001747 0.036785 0.008011 0.026552 0.000024 0.184188 0.396445 0.047469 
0.118992 0.000000 0.109070 0.073649 0.128626 0.019842 0.000015 0.001978 0.307219 0.240609 
0.000078 0.000000 0.003391 0.069580 0.014219 0.042841 0.000023 0.790788 0.021171 0.057910 
0.000041 0.000000 0.101090 0.108003 0.051604 0.385491 0.060054 0.124144 0.094833 0.074740 
0.497145 0.000000 0.001157 0.039810 0.082658 0.036029 0.000004 0.040681 0.278840 0.023676 
0.000066 0.000000 0.031763 0.170122 0.087432 0.115295 0.018544 0.134115 0.081114 0.361549 
0.026691 0.000000 0.024187 0.010154 0.136993 0.015698 0.000016 0.038851 0.530406 0.217005 
0.022617 0.000000 0.015261 0.117690 0.222500 0.115919 0.011809 0.033709 0.172540 0.287957 
0.053174 0.000000 0.033966 0.115808 0.102722 0.017651 0.039750 0.081951 0.217465 0.337514 
0.000049 0.000000 0.230201 0.051907 0.060116 0.185815 0.050256 0.026817 0.093041 0.301798 
0.000054 0.022896 0.041053 0.100950 0.092687 0.024198 0.093752 0.030080 0.216388 0.377941 
0.028817 0.000000 0.014606 0.473593 0.037305 0.086913 0.000010 0.048953 0.129474 0.180329 
0.000037 0.029332 0.192814 0.065776 0.174232 0.053152 0.012825 0.012974 0.211477 0.247381 
0.000026 0.000000 0.000150 0.655775 0.036244 0.007284 0.000070 0.014246 0.114751 0.171454 
0.000029 0.000000 0.335168 0.138612 0.019438 0.064371 0.000005 0.372353 0.010976 0.059047 
0.016681 0.000000 0.071149 0.484393 0.046624 0.011730 0.000027 0.129004 0.130621 0.109771 
0.000037 0.000000 0.050343 0.374738 0.076149 0.123893 0.000025 0.069031 0.172540 0.133243 
0.172005 0.000000 0.158587 0.074667 0.095957 0.010455 0.000006 0.024855 0.388465 0.075003 
0.310996 0.000000 0.014623 0.120357 0.059006 0.007438 0.017954 0.004910 0.333145 0.131569 
0.000076 0.000000 0.060397 0.065103 0.163951 0.025683 0.000023 0.069490 0.363778 0.251499 
0.110587 0.000000 0.139172 0.219598 0.020138 0.047284 0.000006 0.145369 0.256171 0.061674 
0.000059 0.000000 0.024652 0.086855 0.146837 0.044670 0.122695 0.007832 0.141543 0.424857 
0.022632 0.000000 0.598744 0.021258 0.001196 0.172544 0.000008 0.044103 0.108887 0.030627 
0.083026 0.000000 0.017204 0.105743 0.223345 0.051260 0.000059 0.018851 0.270701 0.229811 
0.000063 0.000000 0.003041 0.044566 0.057485 0.037838 0.080567 0.009219 0.371210 0.396011 
0.000046 0.000000 0.000634 0.089080 0.036589 0.075307 0.049004 0.337667 0.107709 0.303964 
0.000060 0.000000 0.264889 0.036463 0.097070 0.067057 0.000061 0.011066 0.286154 0.237181 
0.079839 0.000000 0.023509 0.173407 0.126678 0.048836 0.031894 0.036827 0.107449 0.371561 
0.000065 0.000000 0.040283 0.595920 0.025461 0.056354 0.000026 0.012534 0.106275 0.163082 
0.029562 0.000000 0.083776 0.072328 0.131127 0.392066 0.000022 0.005650 0.108281 0.177189 
0.000033 0.000000 0.194367 0.063687 0.050837 0.357786 0.024872 0.219947 0.048605 0.039865 
0.000047 0.000000 0.062648 0.128194 0.068200 0.037738 0.067145 0.018582 0.250722 0.366723 
0.000036 0.000000 0.109280 0.013063 0.064392 0.339694 0.000014 0.233209 0.088482 0.151830 
0.220216 0.000000 0.021817 0.048785 0.153332 0.016942 0.000005 0.003523 0.504743 0.030638 
0.000048 0.000000 0.001908 0.066614 0.038518 0.061276 0.242881 0.041224 0.086936 0.460595 
0.000052 0.000000 0.121375 0.039342 0.022103 0.345691 0.112681 0.031601 0.052336 0.274820 
0.015242 0.000000 0.095215 0.197508 0.036555 0.435337 0.000019 0.049834 0.034499 0.135791 
0.000070 0.000000 0.001544 0.016806 0.117274 0.002469 0.000022 0.191605 0.468186 0.202025 
0.078510 0.000000 0.013575 0.269408 0.146830 0.013492 0.112605 0.016441 0.112104 0.237034 
0.000076 0.000000 0.034209 0.082262 0.035701 0.068184 0.121595 0.122686 0.187456 0.347829 
0.000034 0.000000 0.142504 0.032663 0.048398 0.729022 0.000000 0.003090 0.014471 0.029819 
0.194655 0.000000 0.162902 0.056296 0.040797 0.238377 0.000028 0.056081 0.211903 0.038962 
0.000057 0.021519 0.198824 0.094075 0.002195 0.326840 0.000005 0.258688 0.015975 0.081821 
0.000038 0.000000 0.000103 0.680189 0.062592 0.001847 0.000041 0.002481 0.134642 0.118067 
0.000062 0.000000 0.060607 0.299845 0.079717 0.162566 0.000044 0.063166 0.080072 0.253922 
0.000069 0.000000 0.039258 0.032377 0.000590 0.565021 0.000045 0.205098 0.016975 0.140567 
0.042038 0.000000 0.423842 0.056134 0.060003 0.059624 0.000000 0.072969 0.268599 0.016791 
0.240848 0.000000 0.060152 0.125700 0.102297 0.008415 0.010275 0.000649 0.296226 0.155438 
0.000057 0.025365 0.018756 0.126169 0.125014 0.256405 0.000018 0.001580 0.044798 0.401839 
0.021046 0.000000 0.001780 0.497940 0.025329 0.050843 0.000024 0.061028 0.092112 0.249898 
0.000010 0.000000 0.125100 0.067887 0.000690 0.749896 0.000000 0.013944 0.021344 0.021130 
0.291930 0.000000 0.010321 0.040812 0.148624 0.001742 0.000003 0.019345 0.446258 0.040964 
0.029786 0.000000 0.572690 0.054291 0.007755 0.206621 0.000013 0.056938 0.015490 0.056416 
0.000044 0.000000 0.342926 0.202075 0.026643 0.285291 0.000009 0.047007 0.004260 0.091746 
0.000030 0.000000 0.246280 0.016122 0.000970 0.668924 0.010000 0.001094 0.033508 0.023073 
0.333874 0.000000 0.002576 0.030916 0.107255 0.025612 0.012990 0.008100 0.315159 0.163517 
0.000062 0.022517 0.027649 0.077734 0.074523 0.038973 0.052083 0.186254 0.200116 0.320090 
0.000053 0.000000 0.030351 0.056665 0.117915 0.117417 0.000024 0.057596 0.391827 0.228153 
0.132584 0.026608 0.043121 0.109907 0.101099 0.006746 0.131508 0.001452 0.153807 0.293167 
0.095496 0.000000 0.049286 0.072189 0.067285 0.111134 0.000048 0.108727 0.336967 0.158868 
0.226561 0.000000 0.019859 0.258913 0.003264 0.046230 0.000082 0.078720 0.217853 0.148517 
0.000046 0.000000 0.339106 0.064857 0.001265 0.544684 0.000007 0.021674 0.004835 0.023526 
0.000032 0.000000 0.078571 0.018224 0.072681 0.068403 0.016921 0.616084 0.043809 0.085276 
0.067667 0.000000 0.003462 0.148406 0.049482 0.091058 0.028681 0.367216 0.095039 0.148989 
0.034389 0.000000 0.290160 0.026827 0.033867 0.180579 0.000002 0.363501 0.032366 0.038310 
0.033420 0.000000 0.193353 0.001840 0.007629 0.606440 0.000005 0.119160 0.023673 0.014479 
0.000074 0.000000 0.011505 0.437198 0.135615 0.060055 0.016238 0.083938 0.057236 0.198141 
0.000037 0.000000 0.022711 0.292130 0.016079 0.149801 0.019189 0.319223 0.042713 0.138117 
0.000063 0.000000 0.040124 0.024121 0.189446 0.145776 0.000059 0.082426 0.187264 0.330722 
0.266005 0.000000 0.046029 0.154150 0.031386 0.058596 0.000034 0.070717 0.258140 0.114943 
0.188964 0.000000 0.028200 0.118250 0.018102 0.047674 0.016026 0.010494 0.329904 0.242389 
0.000095 0.000000 0.012991 0.410546 0.032428 0.038538 0.000010 0.390402 0.011159 0.103830 
0.000032 0.000000 0.045114 0.088165 0.180629 0.096615 0.014327 0.016783 0.103104 0.455230 
0.000006 0.000000 0.226187 0.004612 0.000941 0.730983 0.000000 0.000872 0.011280 0.025119 
0.000072 0.000000 0.222944 0.022727 0.018875 0.462075 0.021275 0.022570 0.041157 0.188306 
0.000054 0.000000 0.020926 0.063647 0.082683 0.047837 0.000034 0.006780 0.363318 0.414721 
0.000052 0.000000 0.035344 0.024730 0.171701 0.055559 0.000033 0.014643 0.093191 0.604746 
0.043295 0.000000 0.004725 0.082752 0.042472 0.008533 0.000030 0.555272 0.165532 0.097390 
0.000067 0.000000 0.302000 0.172109 0.141797 0.102072 0.014765 0.034466 0.122213 0.110510 
0.087197 0.000000 0.201628 0.275313 0.002233 0.072806 0.019678 0.021233 0.113486 0.206426 
0.000066 0.000000 0.254333 0.034430 0.025888 0.249113 0.123028 0.037146 0.020793 0.255202 
0.160219 0.000000 0.000945 0.032477 0.048255 0.012399 0.032534 0.089264 0.402885 0.221021 
0.333550 0.000000 0.200805 0.005337 0.052932 0.028890 0.000002 0.010055 0.298112 0.070315 
0.000026 0.000000 0.004245 0.067098 0.035044 0.078299 0.066749 0.288802 0.119249 0.340487 
0.000030 0.022327 0.021538 0.078818 0.096181 0.023266 0.125050 0.037890 0.216846 0.378055 
0.000021 0.000000 0.844137 0.057409 0.019053 0.006980 0.000000 0.020648 0.002379 0.049374 
0.000042 0.000000 0.003499 0.001505 0.229793 0.028107 0.000027 0.004260 0.384375 0.348392 
0.048228 0.000000 0.020555 0.056813 0.171863 0.049450 0.171389 0.126950 0.119675 0.235077 
0.000022 0.000000 0.075075 0.016126 0.048432 0.105418 0.282393 0.091916 0.077418 0.303200 
0.000024 0.000000 0.355052 0.004153 0.078183 0.050985 0.030788 0.230124 0.108453 0.142238 
0.000056 0.000000 0.061583 0.123145 0.001844 0.024209 0.124672 0.348596 0.073283 0.242611 
0.306313 0.000000 0.058951 0.026940 0.024218 0.010383 0.000004 0.023022 0.489392 0.060778 
0.000066 0.000000 0.000085 0.115090 0.179457 0.028439 0.000040 0.015428 0.289332 0.372062 
0.000046 0.041154 0.015599 0.100921 0.014866 0.007340 0.118838 0.074727 0.109722 0.516788 
0.025634 0.000000 0.109316 0.569564 0.056851 0.043709 0.000038 0.047287 0.080150 0.067451 
0.021546 0.000000 0.053300 0.285492 0.081349 0.024866 0.000033 0.008127 0.210496 0.314791 
0.080400 0.046575 0.020984 0.015221 0.076304 0.015104 0.102101 0.034335 0.310999 0.297977 
0.281204 0.000000 0.006996 0.111947 0.060921 0.032768 0.000004 0.005238 0.461774 0.039148 
0.000025 0.000000 0.008226 0.043716 0.106883 0.004030 0.028180 0.055866 0.445879 0.307195 
0.000069 0.045340 0.041773 0.113247 0.066868 0.001905 0.243273 0.064740 0.097953 0.324830 
0.000029 0.000000 0.052270 0.261525 0.052717 0.199695 0.000081 0.270279 0.003163 0.160241 
0.000062 0.000000 0.002740 0.089347 0.000561 0.026720 0.000020 0.820893 0.002598 0.057060 
0.000044 0.000000 0.007306 0.066610 0.006054 0.037302 0.048681 0.574215 0.040818 0.218970 
0.000070 0.000000 0.012445 0.018933 0.122525 0.042775 0.106258 0.065470 0.212582 0.418941 
0.037111 0.029001 0.073005 0.056133 0.096003 0.203849 0.000017 0.197275 0.160186 0.147419 
0.000078 0.000000 0.011531 0.487125 0.031489 0.220353 0.000025 0.050844 0.071626 0.126929 
0.000026 0.034055 0.134037 0.037451 0.043814 0.043641 0.071125 0.400559 0.055855 0.179437 
0.031279 0.000000 0.230999 0.129416 0.098587 0.039672 0.078922 0.035893 0.149825 0.205407 
0.000034 0.000000 0.002711 0.058055 0.002708 0.059683 0.030419 0.604717 0.047078 0.194594 
0.000054 0.000000 0.062284 0.052385 0.046102 0.058504 0.136477 0.107447 0.136548 0.400200 
0.487832 0.000000 0.070643 0.065987 0.024744 0.010337 0.000004 0.002344 0.301905 0.036204 
0.178067 0.000000 0.015591 0.373688 0.012391 0.004183 0.015206 0.002398 0.291267 0.107210 
0.000047 0.000000 0.002268 0.017373 0.369989 0.042326 0.031992 0.024888 0.289893 0.221224 
0.000058 0.000000 0.040118 0.117551 0.250849 0.241275 0.000032 0.001828 0.157991 0.190299 
0.000041 0.000000 0.130986 0.017714 0.015447 0.730097 0.000004 0.004562 0.037800 0.063349 
0.000021 0.000000 0.206779 0.005760 0.000344 0.630457 0.000004 0.074404 0.021003 0.061227 
0.034109 0.000000 0.001312 0.054955 0.003956 0.038512 0.000249 0.762599 0.079320 0.024988 
0.292719 0.000000 0.017130 0.018081 0.068807 0.041280 0.000047 0.180700 0.261076 0.120159 
0.000043 0.000000 0.030065 0.602454 0.010558 0.033963 0.000025 0.026927 0.111469 0.184496 
0.000065 0.000000 0.180761 0.005483 0.119220 0.418951 0.000070 0.015079 0.139854 0.120517 
0.369048 0.000000 0.000755 0.061901 0.079500 0.066553 0.000005 0.033847 0.332640 0.055750 
0.000041 0.000000 0.005026 0.024636 0.365594 0.015119 0.000043 0.000919 0.270187 0.318436 
0.000067 0.000000 0.004278 0.293199 0.105131 0.006363 0.028969 0.071238 0.245046 0.245709 
0.000031 0.000000 0.287643 0.015105 0.155858 0.198140 0.000018 0.035432 0.145450 0.162323 
0.037411 0.000000 0.001449 0.060864 0.028712 0.007403 0.088700 0.071840 0.160811 0.542811 
0.045171 0.000000 0.046300 0.385925 0.063200 0.082463 0.000032 0.061067 0.201677 0.114165 
0.470197 0.000000 0.013945 0.020427 0.054062 0.050681 0.000002 0.008301 0.346670 0.035715 
0.000070 0.000000 0.022912 0.733634 0.025641 0.014697 0.000027 0.112216 0.040131 0.050672 
0.062578 0.000000 0.029815 0.133733 0.138525 0.099655 0.000012 0.166699 0.183200 0.185783 
0.059529 0.000000 0.320883 0.045053 0.038032 0.083663 0.000013 0.241270 0.164350 0.047207 
0.127927 0.000000 0.010434 0.092220 0.038296 0.004987 0.032820 0.022826 0.406046 0.264444 
0.000069 0.000000 0.219761 0.005821 0.000227 0.673964 0.000027 0.012449 0.043475 0.044207 
0.000063 0.000000 0.030059 0.406032 0.130556 0.106741 0.014922 0.000965 0.076915 0.233747 
0.000008 0.000000 0.170780 0.089202 0.006210 0.593007 0.000027 0.019143 0.047326 0.074297 
0.000051 0.000000 0.093586 0.162885 0.103022 0.156425 0.133149 0.026205 0.057899 0.266778 
0.000073 0.000000 0.017540 0.059337 0.137401 0.131214 0.023256 0.074119 0.230417 0.326642 
0.000067 0.034942 0.015140 0.026455 0.119572 0.098138 0.030428 0.184538 0.203754 0.286966 
0.000086 0.000000 0.002734 0.126976 0.392429 0.009122 0.025781 0.034356 0.196773 0.211744 
0.000011 0.000000 0.170843 0.046826 0.022812 0.678085 0.011282 0.001382 0.023008 0.045752 
0.000074 0.000000 0.000975 0.035151 0.186099 0.087168 0.000026 0.212086 0.266129 0.212291 
0.027324 0.000000 0.692903 0.044715 0.001101 0.196613 0.000000 0.011302 0.021343 0.004699 
0.000049 0.000000 0.000276 0.069378 0.042174 0.013557 0.000027 0.603833 0.178182 0.092523 
0.023685 0.000000 0.016649 0.036845 0.036422 0.054232 0.255279 0.014281 0.108397 0.454210 
0.000019 0.000000 0.229158 0.002352 0.000500 0.718510 0.000015 0.000940 0.020510 0.027995 
0.000117 0.000000 0.355243 0.474199 0.003229 0.049024 0.000016 0.039877 0.015941 0.062355 
0.035927 0.000000 0.658032 0.014465 0.047667 0.087246 0.000002 0.023958 0.081390 0.051313 
0.014915 0.000000 0.589747 0.065581 0.023795 0.119402 0.000011 0.126539 0.033974 0.026036 
0.117333 0.000000 0.044559 0.019269 0.081877 0.105151 0.000016 0.121140 0.174239 0.336416 
0.272496 0.000000 0.050936 0.010251 0.035867 0.118290 0.000004 0.001106 0.451062 0.059987 
0.000084 0.000000 0.000405 0.416664 0.107934 0.058230 0.000015 0.023335 0.245143 0.148191 
0.000075 0.000000 0.075919 0.561658 0.030069 0.121745 0.000037 0.023021 0.076564 0.110912 
0.000031 0.000000 0.025339 0.007449 0.077806 0.052466 0.159702 0.021388 0.175698 0.480120 
0.015589 0.000000 0.003548 0.111676 0.084362 0.038400 0.241644 0.017890 0.114304 0.372587 
0.000019 0.000000 0.010827 0.471099 0.023846 0.073643 0.000027 0.341875 0.005382 0.073281 
0.000028 0.000000 0.025516 0.128558 0.063971 0.058307 0.101759 0.004441 0.155883 0.461537 
0.265611 0.000000 0.067188 0.173676 0.074743 0.025108 0.000015 0.032153 0.280271 0.081234 
0.000066 0.013660 0.167592 0.042637 0.112163 0.412839 0.043811 0.002935 0.068475 0.135822 
0.017296 0.000000 0.558471 0.278741 0.001808 0.007142 0.000017 0.037302 0.013031 0.086192 
0.000027 0.000000 0.009293 0.544220 0.023562 0.152125 0.000007 0.023550 0.097636 0.149579 
0.000062 0.000000 0.002700 0.040564 0.150182 0.142967 0.034530 0.093080 0.230723 0.305192 
0.000061 0.000000 0.061559 0.086870 0.083125 0.101001 0.029411 0.307113 0.110692 0.220168 
0.000049 0.000000 0.019215 0.067604 0.058079 0.008360 0.226875 0.040431 0.285637 0.293748 
0.000045 0.000000 0.778120 0.003562 0.001221 0.079319 0.000095 0.069958 0.024731 0.042949 
0.155443 0.000000 0.034338 0.019273 0.277099 0.003382 0.000027 0.003155 0.266525 0.240757 
0.393169 0.000000 0.019702 0.020938 0.088278 0.045100 0.000021 0.053150 0.332748 0.046893 
0.136015 0.000000 0.144823 0.019420 0.043826 0.398467 0.000024 0.021930 0.180015 0.055481 
