-196741.558779
0
0.000000 0.000000 0.000000 0.000000 0.113238 0.064128 0.011881 0.109179 0.000000 0.036320 0.000000 0.000000 0.067727 0.000000 0.000000 0.000000 0.000000 0.000000 0.000000 0.000000 0.000000 0.000000 0.041055 0.000000 0.000000 0.000000 0.000000 0.000000 0.088480 0.069559 0.000000 0.000000 0.000000 0.000000 0.000000 0.006420 0.063944 0.009761 0.000000 0.000000 0.000000 0.000000 0.000000 0.000000 0.000000 0.025307 0.022564 0.000000 0.000000 0.000000 0.000000 0.000000 0.036068 0.000000 0.000000 0.046452 0.000000 0.000000 0.000000 0.000000 0.000000 0.000000 0.000000 0.000000 0.000000 0.000000 0.000000 0.000000 0.000000 0.000000 0.074680 0.000000 0.000000 0.000000 0.000000 0.000000 0.000000 0.097815 0.015423 0.000000 0.000000 0.000000 0.000000 0.000000 0.000000 0.000000 0.000000 0.000000 0.000000 0.000000 0.000000 0.000000 0.000000 0.000000 0.000000 0.000000 
0.000000 0.000000 0.000000 0.000000 0.000000 0.000000 0.000000 0.000000 0.000000 0.000000 0.000000 0.000000 0.000000 0.000000 0.000000 0.000000 0.000000 0.000000 0.000000 0.000000 0.000000 0.000000 0.000000 0.000000 0.000000 0.000000 0.000000 0.000000 0.000000 0.000000 0.000000 0.000000 0.000000 0.000000 0.000000 0.000000 0.000000 0.000000 0.000000 0.000000 0.000000 0.000000 0.000000 0.000000 0.000000 0.000000 0.000000 0.000000 0.000000 0.000000 0.000000 0.000000 0.000000 0.000000 0.000000 0.000000 0.000000 0.000000 0.000000 0.000000 0.000000 0.000000 0.000000 0.000000 0.000000 0.842730 0.000000 0.000000 0.000000 0.157270 0.000000 0.000000 0.000000 0.000000 0.000000 0.000000 0.000000 0.000000 0.000000 0.000000 0.000000 0.000000 0.000000 0.000000 0.000000 0.000000 0.000000 0.000000 0.000000 0.000000 0.000000 0.000000 0.000000 0.000000 0.000000 0.000000 
0.000000 0.000000 0.000000 0.000000 0.000000 0.000000 0.000000 0.000000 0.049819 0.033529 0.290506 0.019070 0.000000 0.000000 0.000000 0.000000 0.000000 0.000803 0.000000 0.000000 0.000000 0.000000 0.000000 0.000000 0.000000 0.000000 0.000000 0.000000 0.000000 0.000000 0.000000 0.000000 0.000000 0.000000 0.229000 0.000000 0.000000 0.000000 0.000000 0.000000 0.000000 0.000000 0.000000 0.000000 0.000000 0.005943 0.000000 0.000000 0.000000 0.000000 0.000000 0.000000 0.000000 0.000000 0.000000 0.000000 0.000000 0.025326 0.282152 0.030944 0.000000 0.000000 0.000000 0.000000 0.016620 0.000000 0.000000 0.000000 0.000000 0.000000 0.000000 0.000000 0.000000 0.000000 0.000000 0.000000 0.000000 0.000000 0.000000 0.000000 0.000000 0.000000 0.000000 0.000000 0.000000 0.000000 0.000000 0.000000 0.000000 0.000000 0.016288 0.000000 0.000000 0.000000 0.000000 0.000000 
0.000000 0.000000 0.000000 0.000000 0.000000 0.000000 0.000000 0.000000 0.000000 0.000000 0.000000 0.000000 0.000000 0.000000 0.000000 0.137900 0.000000 0.000000 0.000000 0.000000 0.000000 0.000000 0.000000 0.017496 0.000000 0.000000 0.000000 0.000000 0.000000 0.000000 0.000000 0.000000 0.000000 0.000000 0.000000 0.000000 0.000000 0.000000 0.000000 0.000000 0.102911 0.060333 0.000000 0.150593 0.000000 0.000000 0.069776 0.000000 0.000000 0.000000 0.000000 0.000000 0.000000 0.000000 0.000000 0.000000 0.000000 0.000000 0.000000 0.000000 0.000000 0.000000 0.000000 0.000000 0.000000 0.000000 0.000000 0.000000 0.018524 0.000000 0.000000 0.000000 0.000000 0.000000 0.000000 0.000000 0.000000 0.000000 0.000000 0.000000 0.000000 0.000000 0.000000 0.000000 0.079503 0.000000 0.071978 0.130696 0.000000 0.000000 0.000000 0.149863 0.000000 0.010428 0.000000 0.000000 
0.000000 0.000000 0.000000 0.000000 0.000000 0.000000 0.000000 0.000000 0.000000 0.000000 0.000000 0.000000 0.000000 0.000000 0.000000 0.000000 0.000000 0.000000 0.000000 0.000000 0.000000 0.000000 0.000000 0.000000 0.000000 0.000000 0.000000 0.000000 0.000000 0.000000 0.000000 0.000000 0.000000 0.000000 0.000000 0.000000 0.000000 0.000000 0.000000 0.000000 0.000000 0.000000 0.000000 0.000000 0.000000 0.000000 0.000000 0.000000 0.000000 0.000000 0.000000 0.000000 0.000000 1.000000 0.000000 0.000000 0.000000 0.000000 0.000000 0.000000 0.000000 0.000000 0.000000 0.000000 0.000000 0.000000 0.000000 0.000000 0.000000 0.000000 0.000000 0.000000 0.000000 0.000000 0.000000 0.000000 0.000000 0.000000 0.000000 0.000000 0.000000 0.000000 0.000000 0.000000 0.000000 0.000000 0.000000 0.000000 0.000000 0.000000 0.000000 0.000000 0.000000 0.000000 0.000000 0.000000 
0.000000 0.000000 0.000000 0.016729 0.000000 0.000000 0.000000 0.000000 0.000000 0.000000 0.000000 0.000000 0.000000 0.000000 0.000000 0.000000 0.000000 0.000000 0.000000 0.000000 0.000000 0.007374 0.000000 0.022289 0.000000 0.000000 0.000000 0.013721 0.000000 0.000000 0.000000 0.000000 0.000000 0.000000 0.000000 0.000000 0.000000 0.000000 0.000000 0.000000 0.000000 0.000000 0.000000 0.000000 0.000000 0.000000 0.000000 0.016114 0.000000 0.000000 0.000000 0.007259 0.000000 0.000000 0.000000 0.000000 0.000000 0.000000 0.000000 0.020505 0.000000 0.000000 0.000000 0.000000 0.000000 0.000000 0.000000 0.000000 0.000000 0.000000 0.000000 0.000000 0.070542 0.017713 0.005234 0.626361 0.000000 0.000000 0.000000 0.000000 0.000000 0.000000 0.000000 0.024331 0.000000 0.000000 0.000000 0.000000 0.000000 0.017963 0.004425 0.002175 0.000000 0.010801 0.000000 0.116464 
0.000000 0.000000 0.000000 0.000000 0.000000 0.000000 0.000000 0.000000 0.000000 0.000000 0.000000 0.000000 0.044671 0.000000 0.000000 0.000000 0.000000 0.000000 0.000000 0.000000 0.086165 0.031514 0.011305 0.059242 0.000000 0.000000 0.000000 0.000000 0.000000 0.000000 0.000000 0.000000 0.000000 0.000000 0.000000 0.000000 0.000000 0.000000 0.000000 0.000000 0.000000 0.000000 0.058690 0.000000 0.071732 0.008394 0.000000 0.193048 0.000000 0.009237 0.000000 0.000000 0.000000 0.000000 0.000000 0.000000 0.000000 0.000000 0.000000 0.000000 0.000000 0.000000 0.000000 0.000000 0.000000 0.000000 0.000000 0.000000 0.000000 0.000000 0.000000 0.089227 0.031841 0.000000 0.000000 0.000000 0.000000 0.000000 0.000000 0.000000 0.000000 0.000000 0.000000 0.000000 0.000000 0.000000 0.000000 0.000000 0.000000 0.000000 0.000000 0.000000 0.145213 0.000000 0.000000 0.159721 
0.000000 0.000000 0.000000 0.000000 0.000000 0.000000 0.000000 0.000000 0.000000 0.000000 0.000000 0.000000 0.000000 0.000000 0.000000 0.000000 0.000000 0.000000 0.000000 0.000000 0.000000 0.000000 0.000000 0.000000 0.000000 0.000000 0.000000 0.000000 0.000000 0.000000 0.568345 0.000000 0.000000 0.000000 0.000000 0.000000 0.000000 0.000000 0.000000 0.000000 0.000000 0.000000 0.000000 0.000000 0.000000 0.000000 0.000000 0.000000 0.000000 0.000000 0.000000 0.000000 0.000000 0.000000 0.431655 0.000000 0.000000 0.000000 0.000000 0.000000 0.000000 0.000000 0.000000 0.000000 0.000000 0.000000 0.000000 0.000000 0.000000 0.000000 0.000000 0.000000 0.000000 0.000000 0.000000 0.000000 0.000000 0.000000 0.000000 0.000000 0.000000 0.000000 0.000000 0.000000 0.000000 0.000000 0.000000 0.000000 0.000000 0.000000 0.000000 0.000000 0.000000 0.000000 0.000000 0.000000 
0.000000 0.000000 0.051028 0.000000 0.000000 0.000000 0.006868 0.000000 0.000000 0.000000 0.000000 0.000000 0.000000 0.000000 0.000000 0.000000 0.000000 0.000000 0.000000 0.000000 0.000000 0.000000 0.000000 0.000000 0.037759 0.202793 0.021808 0.042701 0.000000 0.000000 0.000000 0.000000 0.000000 0.000000 0.000000 0.000000 0.014067 0.000000 0.062407 0.000000 0.000000 0.000000 0.000000 0.000000 0.000000 0.000000 0.000000 0.000000 0.069455 0.139127 0.055004 0.000000 0.017275 0.000000 0.000000 0.000000 0.000000 0.000000 0.000000 0.000000 0.000000 0.000000 0.065939 0.000000 0.000000 0.000000 0.000000 0.000000 0.000000 0.000000 0.000000 0.000000 0.069432 0.103513 0.029832 0.000000 0.000000 0.000000 0.000000 0.000000 0.000000 0.000000 0.000000 0.000000 0.000000 0.000000 0.010992 0.000000 0.000000 0.000000 0.000000 0.000000 0.000000 0.000000 0.000000 0.000000 
0.110983 0.088178 0.000000 0.069898 0.000000 0.000000 0.000000 0.000000 0.027245 0.000000 0.000000 0.000000 0.000000 0.000000 0.045609 0.000000 0.000000 0.000000 0.000000 0.000000 0.000000 0.000000 0.000000 0.000000 0.080685 0.000000 0.000000 0.042420 0.000000 0.005341 0.000000 0.046792 0.000000 0.000000 0.000000 0.000000 0.000000 0.040702 0.045720 0.062671 0.000000 0.000000 0.000000 0.000000 0.000000 0.000000 0.000000 0.000000 0.032610 0.000000 0.000000 0.076782 0.000000 0.000000 0.000000 0.016816 0.000000 0.000000 0.000000 0.000000 0.024156 0.024325 0.000000 0.035305 0.000000 0.000000 0.000000 0.000000 0.000000 0.000000 0.000000 0.000000 0.030769 0.046835 0.000000 0.000000 0.000000 0.000000 0.000000 0.000000 0.000000 0.000000 0.000000 0.000000 0.010851 0.035305 0.000000 0.000000 0.000000 0.000000 0.000000 0.000000 0.000000 0.000000 0.000000 0.000000 
0.000000 0.000000 0.000000 0.000000 0.000000 0.000000 0.000000 0.000000 0.000000 0.000000 0.000000 0.000000 0.000000 0.000000 0.000000 0.000000 0.000000 0.000000 0.000000 0.000000 0.000000 0.000000 0.000000 0.000000 0.000000 0.000000 0.000000 0.000000 0.000000 0.000000 0.000000 0.000000 0.000000 0.000000 0.000000 0.000000 0.000000 0.000000 0.000000 0.000000 0.000000 0.000000 0.000000 0.000000 0.000000 0.000000 0.000000 0.000000 0.000000 0.000000 0.000000 0.000000 0.000000 0.000000 0.000000 0.000000 0.000000 0.000000 0.000000 0.000000 0.000000 0.000000 0.000000 0.000000 0.000000 0.000000 0.000000 0.000000 0.000000 0.000000 0.000000 0.000000 0.009476 0.000000 0.000000 0.000000 0.000000 0.000000 0.000000 0.000000 0.605627 0.000000 0.000000 0.384897 0.000000 0.000000 0.000000 0.000000 0.000000 0.000000 0.000000 0.000000 0.000000 0.000000 0.000000 0.000000 
0.000000 0.000000 0.000000 0.000000 0.000000 0.000000 0.000000 0.000000 0.000000 0.000000 0.000000 0.000000 0.000000 0.000000 0.000000 0.000000 0.000000 0.000000 0.038595 0.000000 0.000000 0.000000 0.000000 0.000000 0.013330 0.046674 0.020019 0.148227 0.000000 0.000000 0.000000 0.000000 0.000000 0.000000 0.000000 0.000000 0.000000 0.000000 0.000000 0.000000 0.000000 0.000000 0.128394 0.000000 0.000000 0.000000 0.000000 0.000000 0.000000 0.000000 0.000000 0.011588 0.000000 0.000000 0.000000 0.000000 0.232762 0.216768 0.000000 0.130122 0.000000 0.000000 0.000000 0.000000 0.000000 0.000000 0.013521 0.000000 0.000000 0.000000 0.000000 0.000000 0.000000 0.000000 0.000000 0.000000 0.000000 0.000000 0.000000 0.000000 0.000000 0.000000 0.000000 0.000000 0.000000 0.000000 0.000000 0.000000 0.000000 0.000000 0.000000 0.000000 0.000000 0.000000 0.000000 0.000000 
0.000000 0.000000 0.000000 0.000000 0.000000 0.000000 0.000000 0.000000 0.000000 0.000000 0.000000 0.000000 0.000000 0.000000 0.000000 0.000000 0.000000 0.000000 0.000000 0.000000 0.000000 0.000000 0.000000 0.000000 0.000000 0.000000 0.000000 0.000000 0.000000 0.000000 0.000000 0.000000 0.000000 0.000000 0.000000 0.000000 0.000000 0.000000 0.000000 0.000000 0.000000 0.000000 0.000000 0.000000 0.000000 0.000000 0.000000 0.000000 0.000000 0.000000 0.000000 0.000000 0.000000 0.000000 0.000000 0.000000 0.000000 0.000000 0.000000 0.000000 0.000000 0.000000 0.000000 0.000000 0.000000 0.000000 0.000000 0.000000 0.000000 0.000000 0.000000 0.000000 0.000000 0.000000 0.000000 0.000000 0.327234 0.000000 0.000000 0.672766 0.000000 0.000000 0.000000 0.000000 0.000000 0.000000 0.000000 0.000000 0.000000 0.000000 0.000000 0.000000 0.000000 0.000000 0.000000 0.000000 
0.000000 0.000000 0.000000 0.000000 0.000000 0.000000 0.000000 0.000000 0.000000 0.000000 0.000000 0.012321 0.000000 0.000000 0.000000 0.000000 0.000000 0.000000 0.000000 0.000000 0.000000 0.000000 0.000000 0.000000 0.000000 0.000000 0.000000 0.000000 0.000000 0.000000 0.000000 0.000000 0.000000 0.000000 0.019847 0.000000 0.000000 0.000000 0.000000 0.000000 0.000000 0.000000 0.000000 0.000000 0.000000 0.000000 0.000000 0.000000 0.000000 0.000000 0.000000 0.000000 0.000000 0.000000 0.000000 0.000000 0.000000 0.041128 0.000000 0.000000 0.000000 0.000000 0.000000 0.000000 0.000000 0.000000 0.000000 0.000000 0.000000 0.000000 0.000000 0.000000 0.000000 0.000000 0.000000 0.000000 0.000000 0.000000 0.000000 0.000000 0.000000 0.926703 0.000000 0.000000 0.000000 0.000000 0.000000 0.000000 0.000000 0.000000 0.000000 0.000000 0.000000 0.000000 0.000000 0.000000 
0.000000 0.000000 0.000000 0.000000 0.000000 0.000000 0.000000 0.000000 0.055767 0.000000 0.000000 0.077089 0.000000 0.038857 0.000000 0.000000 0.120888 0.057923 0.087353 0.103225 0.000000 0.000000 0.000000 0.000000 0.000000 0.000000 0.000000 0.000000 0.000000 0.000000 0.000000 0.000000 0.000000 0.000000 0.000000 0.000000 0.000000 0.000000 0.000000 0.000000 0.000000 0.029068 0.000000 0.000000 0.000000 0.000000 0.000000 0.000000 0.021654 0.000000 0.000000 0.000000 0.000000 0.000000 0.000000 0.000000 0.000000 0.000000 0.000000 0.000000 0.000000 0.000000 0.000000 0.000000 0.054247 0.000000 0.050436 0.054031 0.000000 0.000000 0.000000 0.000000 0.020777 0.000000 0.000000 0.000000 0.000000 0.000000 0.000000 0.000000 0.000000 0.000000 0.000000 0.000000 0.000000 0.000000 0.000000 0.000000 0.069864 0.055853 0.040709 0.000000 0.000000 0.017911 0.044352 0.000000 
0.000000 0.000000 0.000000 0.000000 0.000000 0.000000 0.000000 0.000000 0.000000 0.062907 0.000000 0.000000 0.000000 0.000000 0.000000 0.000000 0.000000 0.000000 0.000000 0.000000 0.000000 0.000000 0.000000 0.000000 0.000000 0.000000 0.000000 0.000000 0.000000 0.000000 0.000000 0.000000 0.294260 0.278948 0.012619 0.289300 0.000000 0.000000 0.000000 0.000000 0.000000 0.000000 0.000000 0.000000 0.000000 0.000000 0.000000 0.000000 0.000000 0.000000 0.000000 0.000000 0.000000 0.000000 0.000000 0.000000 0.000000 0.000000 0.000000 0.061967 0.000000 0.000000 0.000000 0.000000 0.000000 0.000000 0.000000 0.000000 0.000000 0.000000 0.000000 0.000000 0.000000 0.000000 0.000000 0.000000 0.000000 0.000000 0.000000 0.000000 0.000000 0.000000 0.000000 0.000000 0.000000 0.000000 0.000000 0.000000 0.000000 0.000000 0.000000 0.000000 0.000000 0.000000 0.000000 0.000000 
0.000000 0.000000 0.000000 0.000000 0.000000 0.000000 0.000000 0.000000 0.000000 0.000000 0.000000 0.000000 0.000000 0.000000 0.000000 0.000000 0.000000 0.000000 0.000000 0.000000 0.000000 0.000000 0.000000 0.000000 0.000000 0.000000 0.000000 0.000000 0.000000 0.000000 0.000000 0.000000 0.000000 0.000000 0.000000 0.000000 0.000000 0.000000 0.000000 0.000000 0.000000 0.000000 0.000000 0.000000 0.000000 0.000000 0.000000 0.000000 0.000000 0.000000 0.000000 0.000000 0.000000 0.000000 0.000000 0.000000 0.000000 0.000000 0.000000 0.000000 0.000000 0.000000 0.000000 0.000000 0.000000 0.000000 0.000000 0.042441 0.000000 0.000000 0.000000 0.000000 0.000000 0.000000 0.000000 0.000000 0.000000 0.000000 0.000000 0.000000 0.000000 0.000000 0.898882 0.058677 0.000000 0.000000 0.000000 0.000000 0.000000 0.000000 0.000000 0.000000 0.000000 0.000000 0.000000 0.000000 
0.023285 0.000000 0.005032 0.000000 0.000000 0.014052 0.000348 0.000000 0.014310 0.022428 0.535856 0.036333 0.040000 0.131203 0.025511 0.081472 0.070169 
0.000062 0.020000 0.064513 0.000218 0.000000 0.326316 0.046835 0.000000 0.000797 0.001475 0.277633 0.009923 0.010000 0.011388 0.048723 0.040620 0.141498 
0.118878 0.010000 0.046304 0.061490 0.000000 0.061940 0.028176 0.010000 0.080329 0.233157 0.038914 0.053543 0.020000 0.043645 0.170533 0.011998 0.011093 
0.123365 0.000000 0.083189 0.134932 0.000000 0.027897 0.021141 0.000000 0.174450 0.175749 0.000055 0.023498 0.000000 0.010934 0.205557 0.019044 0.000189 
0.001836 0.010000 0.054610 0.063665 0.000000 0.007216 0.056199 0.000000 0.024998 0.028155 0.089120 0.034546 0.000000 0.220597 0.128706 0.227895 0.052456 
0.092186 0.010000 0.057665 0.102188 0.000000 0.091326 0.027634 0.000000 0.054025 0.178099 0.017712 0.054831 0.010000 0.010255 0.224620 0.057078 0.012381 
0.049323 0.000000 0.064142 0.072056 0.000000 0.217779 0.015658 0.010000 0.019430 0.060132 0.100510 0.072455 0.010000 0.046024 0.119773 0.026157 0.116561 
0.054329 0.000000 0.094524 0.030530 0.010000 0.232112 0.049644 0.010000 0.038622 0.073382 0.014563 0.080730 0.010000 0.031719 0.139154 0.052118 0.078573 
0.076703 0.010000 0.001626 0.046699 0.010000 0.024000 0.004174 0.010000 0.131143 0.189388 0.282651 0.027140 0.090000 0.031635 0.021418 0.022637 0.020785 
0.051871 0.000000 0.162320 0.119606 0.000000 0.023688 0.045790 0.010000 0.114350 0.143940 0.025205 0.042418 0.010000 0.033434 0.111369 0.080938 0.025073 
0.031820 0.020000 0.325477 0.068308 0.000000 0.014316 0.000357 0.000000 0.062179 0.089330 0.043011 0.061862 0.010000 0.011514 0.111863 0.055482 0.094481 
0.105773 0.010000 0.137403 0.063242 0.010000 0.020745 0.066286 0.020000 0.046229 0.116647 0.000133 0.050045 0.010000 0.042647 0.214973 0.052389 0.033488 
0.040770 0.010000 0.010282 0.150415 0.000000 0.036395 0.029139 0.000000 0.069083 0.255665 0.066955 0.072507 0.000000 0.043064 0.109281 0.052333 0.054112 
0.017780 0.000000 0.148166 0.057085 0.000000 0.287845 0.028284 0.000000 0.050117 0.071255 0.023955 0.006326 0.000000 0.011363 0.075015 0.022477 0.200332 
0.144545 0.000000 0.028083 0.045346 0.000000 0.031049 0.002903 0.020000 0.235364 0.266047 0.016877 0.070942 0.010000 0.010293 0.057118 0.049708 0.011726 
0.076433 0.010000 0.071929 0.087768 0.010000 0.039554 0.013966 0.010000 0.069268 0.080227 0.028574 0.096241 0.010000 0.023051 0.272104 0.079273 0.021611 
0.024620 0.000000 0.214879 0.003609 0.000000 0.044117 0.032457 0.010000 0.117263 0.147335 0.055043 0.032298 0.000000 0.031781 0.085097 0.122609 0.078893 
0.017350 0.000000 0.053592 0.041236 0.000000 0.016797 0.030199 0.000000 0.001931 0.052684 0.145386 0.023032 0.000000 0.253214 0.073267 0.205589 0.085723 
0.046108 0.010000 0.135493 0.089740 0.010000 0.033497 0.001302 0.010000 0.025089 0.064816 0.207213 0.038167 0.020000 0.034338 0.174466 0.075863 0.023907 
0.090248 0.000000 0.001397 0.035729 0.010000 0.038802 0.000614 0.030000 0.226024 0.358801 0.020155 0.006020 0.020000 0.020327 0.096882 0.045000 0.000000 
0.088779 0.010000 0.070172 0.103038 0.000000 0.013153 0.036173 0.000000 0.043215 0.182890 0.040079 0.061065 0.010000 0.010283 0.244931 0.085712 0.000511 
0.103188 0.020000 0.049505 0.177738 0.020000 0.030292 0.023422 0.000000 0.054769 0.234855 0.069190 0.057723 0.040000 0.000302 0.099455 0.018833 0.000728 
0.074544 0.010000 0.137605 0.096434 0.010000 0.062606 0.016265 0.000000 0.041388 0.300184 0.033140 0.059271 0.020000 0.020670 0.093657 0.000744 0.023492 
0.010656 0.020000 0.362651 0.000294 0.000000 0.014907 0.039968 0.000000 0.041892 0.032228 0.016032 0.188316 0.000000 0.021780 0.100607 0.063145 0.087524 
0.012192 0.000000 0.016769 0.009938 0.000000 0.000348 0.000000 0.000000 0.000000 0.010594 0.321511 0.025617 0.040000 0.175372 0.009885 0.271538 0.106235 
0.000295 0.030000 0.110231 0.011455 0.000000 0.464677 0.035200 0.000000 0.019567 0.012847 0.013034 0.010640 0.000000 0.033692 0.043836 0.028958 0.185569 
0.011621 0.010000 0.167154 0.079213 0.000000 0.054732 0.000447 0.000000 0.005273 0.254754 0.014982 0.126307 0.020000 0.032029 0.159414 0.040059 0.024016 
0.011594 0.000000 0.059633 0.032008 0.000000 0.070741 0.001884 0.000000 0.000192 0.010000 0.564628 0.001912 0.130000 0.050633 0.010000 0.003312 0.053463 
0.141285 0.010000 0.042298 0.042528 0.000000 0.041277 0.018754 0.010000 0.089552 0.217119 0.149029 0.032004 0.070000 0.021859 0.057417 0.024852 0.032027 
0.002527 0.010000 0.023644 0.048410 0.010000 0.525673 0.002079 0.000000 0.001574 0.060446 0.003016 0.004751 0.000000 0.020000 0.086431 0.023727 0.177722 
0.011093 0.000000 0.008419 0.037453 0.000000 0.013386 0.008851 0.000000 0.044253 0.096306 0.123921 0.002752 0.020000 0.186340 0.055879 0.322090 0.069259 
0.048974 0.000000 0.161701 0.050404 0.000000 0.059529 0.000374 0.010000 0.083451 0.051200 0.214039 0.020300 0.030000 0.034338 0.138071 0.074921 0.022698 
0.034633 0.000000 0.074900 0.034754 0.000000 0.065727 0.013006 0.000000 0.178149 0.208667 0.020088 0.130423 0.000000 0.000307 0.178274 0.039094 0.021977 
0.042867 0.000000 0.057574 0.094054 0.010000 0.218970 0.096540 0.000000 0.037829 0.084860 0.036393 0.026423 0.010000 0.034319 0.132462 0.032528 0.085182 
0.034009 0.010000 0.056603 0.000284 0.000000 0.071395 0.034812 0.000000 0.025172 0.061385 0.481528 0.012165 0.080000 0.034889 0.010030 0.055485 0.032243 
0.033020 0.010000 0.028792 0.073041 0.000000 0.132243 0.024560 0.010000 0.305498 0.148504 0.028644 0.025078 0.000000 0.000091 0.057879 0.035510 0.087139 
0.095870 0.000000 0.091176 0.112068 0.010000 0.043282 0.034993 0.000000 0.065741 0.148023 0.020000 0.040180 0.010000 0.031692 0.213242 0.083550 0.000182 
0.041955 0.020000 0.023895 0.145421 0.000000 0.096183 0.244059 0.000000 0.031468 0.036710 0.065098 0.012691 0.050000 0.000534 0.199169 0.000131 0.032686 
0.081773 0.000000 0.151974 0.025315 0.010000 0.018944 0.053462 0.000000 0.037522 0.114676 0.026827 0.183531 0.000000 0.031149 0.184271 0.046379 0.034178 
0.001102 0.010000 0.101833 0.009520 0.000000 0.442396 0.008487 0.000000 0.006487 0.015345 0.030309 0.002515 0.000000 0.040656 0.017919 0.021345 0.292088 
0.054316 0.010000 0.205363 0.040483 0.010000 0.065251 0.105676 0.000000 0.021998 0.088331 0.106986 0.103564 0.030000 0.033417 0.045811 0.036541 0.042264 
0.036231 0.000000 0.072197 0.018863 0.000000 0.044640 0.001576 0.000000 0.017742 0.216682 0.299771 0.022700 0.030000 0.105847 0.011245 0.060938 0.061569 
0.003378 0.000000 0.315291 0.020000 0.000000 0.001168 0.013396 0.000000 0.055306 0.032713 0.085752 0.244996 0.000000 0.075691 0.018958 0.068265 0.065087 
0.058652 0.020000 0.104893 0.094301 0.000000 0.028915 0.028085 0.000000 0.035430 0.140404 0.038451 0.081278 0.030000 0.041085 0.162941 0.124614 0.010950 
0.000114 0.030000 0.336170 0.058037 0.010000 0.151618 0.016748 0.000000 0.000672 0.019820 0.038474 0.072146 0.000000 0.021643 0.059814 0.067244 0.117498 
0.018059 0.000000 0.010915 0.010000 0.010000 0.000325 0.001113 0.000000 0.002205 0.047202 0.193188 0.007032 0.000000 0.338348 0.002544 0.243789 0.115279 
0.182919 0.010000 0.013261 0.039303 0.010000 0.017871 0.099739 0.000000 0.060534 0.229985 0.010164 0.091517 0.050000 0.011427 0.133119 0.040163 0.000000 
0.062142 0.000000 0.219571 0.079044 0.000000 0.003749 0.009365 0.010000 0.061824 0.114080 0.025772 0.197532 0.010000 0.031964 0.061292 0.059472 0.054193 
0.000138 0.000000 0.306817 0.021945 0.010000 0.012102 0.000000 0.000000 0.024438 0.051590 0.285276 0.085934 0.020000 0.010526 0.063414 0.013437 0.094382 
0.149803 0.020000 0.110125 0.080743 0.000000 0.040535 0.017964 0.010000 0.027058 0.166545 0.007431 0.148494 0.030000 0.000393 0.107465 0.072242 0.011201 
0.101710 0.000000 0.139653 0.065260 0.000000 0.022914 0.065401 0.010000 0.159080 0.237886 0.007417 0.006268 0.010000 0.000139 0.117655 0.034662 0.021955 
0.000373 0.000000 0.022416 0.009914 0.000000 0.003230 0.000369 0.000000 0.002543 0.016792 0.658054 0.004860 0.100000 0.061386 0.019145 0.058588 0.042330 
0.011934 0.000000 0.157637 0.130522 0.000000 0.036479 0.189168 0.000000 0.012062 0.141863 0.028036 0.053132 0.000000 0.042932 0.067532 0.087145 0.041559 
0.063183 0.010000 0.042542 0.100592 0.000000 0.002318 0.013459 0.000000 0.081800 0.153053 0.329401 0.044515 0.010000 0.043528 0.072931 0.010530 0.022148 
0.043328 0.000000 0.022153 0.055295 0.000000 0.005097 0.042289 0.000000 0.017680 0.022607 0.192922 0.043573 0.010000 0.183593 0.074218 0.191608 0.095635 
0.044823 0.000000 0.041564 0.118048 0.000000 0.040481 0.032924 0.000000 0.167004 0.328153 0.018709 0.014317 0.020000 0.010368 0.132949 0.019907 0.010754 
0.016159 0.000000 0.097544 0.045243 0.000000 0.017531 0.044126 0.000000 0.010966 0.023033 0.123608 0.030750 0.000000 0.213714 0.053397 0.212224 0.111705 
0.047807 0.010000 0.212001 0.093736 0.000000 0.056925 0.108116 0.000000 0.022591 0.060806 0.066047 0.005252 0.020000 0.082524 0.064595 0.086054 0.063545 
0.011231 0.000000 0.021670 0.011633 0.000000 0.017209 0.015119 0.000000 0.002453 0.061981 0.442184 0.011890 0.060000 0.183074 0.030863 0.099127 0.031566 
0.020000 0.010000 0.062554 0.020785 0.000000 0.022257 0.078984 0.000000 0.023936 0.065648 0.386984 0.064163 0.050000 0.119439 0.054488 0.010236 0.010525 
0.090223 0.020000 0.040595 0.091122 0.000000 0.003928 0.069709 0.010000 0.051918 0.049456 0.056095 0.103131 0.010000 0.031267 0.218905 0.127383 0.026268 
0.032329 0.000000 0.501377 0.004852 0.000000 0.027654 0.007888 0.000000 0.003897 0.018772 0.006988 0.302137 0.000000 0.000409 0.050370 0.021359 0.021968 
0.040696 0.010000 0.107765 0.020000 0.010000 0.195192 0.003276 0.010000 0.003323 0.086020 0.171364 0.073799 0.030000 0.021808 0.095936 0.037851 0.082968 
0.068757 0.000000 0.204690 0.050639 0.010000 0.016816 0.068162 0.000000 0.041788 0.103779 0.010000 0.193040 0.000000 0.021527 0.129882 0.038872 0.042048 
0.000245 0.000000 0.018021 0.000000 0.000000 0.015172 0.011201 0.000000 0.001095 0.032384 0.703972 0.020774 0.060000 0.061685 0.011346 0.010294 0.053811 
0.078854 0.000000 0.122981 0.066705 0.010000 0.027774 0.072365 0.000000 0.079232 0.222683 0.010357 0.021760 0.000000 0.000272 0.244668 0.042020 0.000328 
0.046957 0.020000 0.058532 0.075025 0.000000 0.075710 0.066138 0.000000 0.047334 0.396175 0.017962 0.037272 0.010000 0.000373 0.137803 0.000000 0.010718 
0.000534 0.020000 0.439293 0.012327 0.000000 0.044759 0.035538 0.000000 0.030436 0.070134 0.038651 0.053611 0.000000 0.020885 0.113078 0.034955 0.085799 
0.064909 0.000000 0.014130 0.062355 0.000000 0.030452 0.043705 0.000000 0.036396 0.122784 0.147509 0.035324 0.020000 0.109885 0.055252 0.188010 0.069289 
0.011568 0.000000 0.067334 0.000000 0.000000 0.059778 0.009002 0.000000 0.055290 0.051627 0.255092 0.022351 0.040000 0.157341 0.023143 0.142169 0.105304 
0.028752 0.000000 0.002179 0.023194 0.000000 0.013287 0.026076 0.000000 0.056832 0.063702 0.427284 0.029970 0.080000 0.040523 0.111032 0.022320 0.074848 
0.090249 0.010000 0.011784 0.013414 0.000000 0.025636 0.049108 0.020000 0.294281 0.260465 0.007768 0.018469 0.010000 0.010260 0.065383 0.101941 0.011241 
0.025441 0.000000 0.326231 0.001613 0.000000 0.067321 0.020465 0.000000 0.039040 0.095562 0.058603 0.092000 0.000000 0.044355 0.072556 0.095570 0.061243 
0.000000 0.020000 0.043940 0.029419 0.000000 0.367483 0.003079 0.000000 0.036748 0.015059 0.191762 0.051057 0.010000 0.034716 0.031170 0.000377 0.165192 
0.012917 0.010000 0.195765 0.037784 0.000000 0.018968 0.015024 0.000000 0.036211 0.029614 0.055139 0.154239 0.000000 0.117697 0.074732 0.177694 0.064215 
0.030442 0.010000 0.058629 0.095186 0.000000 0.045260 0.191884 0.000000 0.005294 0.086488 0.108499 0.074988 0.050000 0.044262 0.176784 0.021337 0.000948 
0.033915 0.000000 0.128145 0.057071 0.000000 0.219453 0.037015 0.000000 0.097151 0.086590 0.005154 0.073372 0.000000 0.010813 0.065998 0.040137 0.145185 
0.052090 0.010000 0.210802 0.064385 0.000000 0.056596 0.037666 0.000000 0.067569 0.093379 0.040496 0.065200 0.000000 0.032219 0.165148 0.059013 0.045435 
0.079931 0.010000 0.137773 0.032917 0.000000 0.024558 0.013630 0.000000 0.032062 0.108779 0.029163 0.212740 0.000000 0.032878 0.172422 0.101202 0.011945 
0.025468 0.000000 0.058639 0.010000 0.000000 0.212482 0.039749 0.000000 0.001389 0.004815 0.120881 0.000000 0.000000 0.166374 0.007526 0.171826 0.180852 
0.002152 0.000000 0.057435 0.010827 0.000000 0.224870 0.025338 0.000000 0.001158 0.031260 0.019828 0.032472 0.000000 0.098912 0.068843 0.154550 0.272355 
0.033998 0.000000 0.147832 0.024147 0.000000 0.138216 0.019406 0.010000 0.213979 0.172638 0.012175 0.047572 0.000000 0.010759 0.090754 0.055998 0.022524 
0.139678 0.000000 0.028736 0.029658 0.000000 0.139699 0.001253 0.010000 0.241276 0.133456 0.035178 0.049646 0.000000 0.010884 0.101642 0.046949 0.031944 
0.021823 0.000000 0.289278 0.023897 0.010000 0.098943 0.023838 0.000000 0.037331 0.046600 0.026694 0.243017 0.000000 0.011055 0.091913 0.013615 0.061996 
0.030842 0.000000 0.088502 0.018745 0.000000 0.046959 0.010282 0.000000 0.019276 0.010843 0.202281 0.014247 0.000000 0.192216 0.026368 0.195204 0.144235 
0.011091 0.000000 0.013127 0.009273 0.000000 0.004486 0.005320 0.000000 0.012194 0.021010 0.169028 0.001994 0.010000 0.397994 0.004060 0.276535 0.063886 
0.000565 0.000000 0.170542 0.029628 0.000000 0.092126 0.010492 0.000000 0.003366 0.038436 0.174885 0.121476 0.040000 0.084241 0.026316 0.072866 0.135062 
0.078062 0.000000 0.013547 0.040554 0.000000 0.018563 0.015110 0.010000 0.003046 0.083926 0.156754 0.025308 0.030000 0.181922 0.146411 0.150047 0.046749 
0.057347 0.000000 0.370626 0.057991 0.000000 0.045981 0.005077 0.000000 0.002990 0.098241 0.044157 0.061264 0.000000 0.020540 0.125403 0.047286 0.063099 
0.021244 0.000000 0.364690 0.031347 0.020000 0.038656 0.029549 0.000000 0.046972 0.008625 0.000000 0.292730 0.010000 0.033242 0.080915 0.012031 0.010000 
0.107347 0.010000 0.043832 0.053877 0.000000 0.037296 0.089614 0.000000 0.195554 0.198803 0.018967 0.060469 0.000000 0.000111 0.133022 0.050834 0.000276 
0.012501 0.000000 0.373020 0.018198 0.000000 0.002786 0.029450 0.000000 0.054075 0.013000 0.000000 0.351745 0.000000 0.011131 0.062852 0.070682 0.000561 
0.040622 0.000000 0.031310 0.018790 0.000000 0.227501 0.001085 0.000000 0.205063 0.185985 0.075672 0.005096 0.020000 0.000165 0.041096 0.080472 0.067144 
0.028923 0.010000 0.189925 0.029325 0.000000 0.049454 0.001972 0.010000 0.006840 0.073654 0.093177 0.023097 0.010000 0.164011 0.049420 0.189342 0.070859 
0.067654 0.000000 0.036873 0.092072 0.000000 0.262650 0.003794 0.000000 0.114223 0.190822 0.005728 0.034872 0.020000 0.000474 0.047811 0.020154 0.102874 
0.074771 0.010000 0.024252 0.113025 0.000000 0.022132 0.082866 0.000000 0.011221 0.165581 0.240622 0.023084 0.060000 0.021860 0.102309 0.048014 0.000262 
0.010693 0.020000 0.319824 0.115247 0.000000 0.101315 0.004166 0.000000 0.006715 0.095602 0.002456 0.054661 0.000000 0.033325 0.072909 0.011315 0.151771 
0.172137 0.010000 0.083652 0.086016 0.020000 0.071901 0.008103 0.000000 0.080032 0.182327 0.006547 0.038667 0.020000 0.040753 0.083076 0.085655 0.011135 
0.057527 0.010000 0.186253 0.056601 0.000000 0.046725 0.029284 0.000000 0.053367 0.296213 0.030000 0.061119 0.000000 0.011463 0.115209 0.024857 0.021382 
0.131560 0.000000 0.009917 0.039855 0.010000 0.076211 0.012141 0.000000 0.272533 0.197407 0.039342 0.083709 0.000000 0.000265 0.083393 0.042515 0.001152 
0.176024 0.020000 0.002119 0.114099 0.010000 0.039739 0.019664 0.000000 0.031274 0.209889 0.058729 0.023980 0.030000 0.010309 0.197806 0.056009 0.000359 
0.194482 0.000000 0.001539 0.154109 0.000000 0.021230 0.017178 0.000000 0.049732 0.251427 0.019245 0.177765 0.020000 0.010393 0.071911 0.010157 0.000833 
0.047721 0.020000 0.012273 0.152038 0.000000 0.111442 0.086611 0.000000 0.009553 0.309832 0.010334 0.023543 0.010000 0.020267 0.120021 0.032661 0.033704 
0.164920 0.030000 0.001487 0.113834 0.010000 0.058656 0.077125 0.020000 0.012657 0.142234 0.079900 0.059393 0.040000 0.020647 0.107454 0.061425 0.000268 
0.003773 0.000000 0.024438 0.059737 0.000000 0.316139 0.184148 0.000000 0.011353 0.064781 0.007369 0.050300 0.000000 0.010789 0.089658 0.013561 0.163953 
0.098394 0.000000 0.069392 0.063283 0.000000 0.207080 0.080723 0.000000 0.032091 0.053355 0.047575 0.027903 0.000000 0.000286 0.178045 0.050107 0.091766 
0.037781 0.010000 0.072716 0.060311 0.010000 0.073560 0.036745 0.000000 0.054868 0.040774 0.356337 0.035426 0.020000 0.043202 0.077788 0.036224 0.034266 
0.047977 0.010000 0.015838 0.182607 0.000000 0.018009 0.177403 0.000000 0.041385 0.120733 0.020124 0.064694 0.010000 0.000000 0.266888 0.024041 0.000301 
0.000361 0.000000 0.325967 0.029854 0.000000 0.031610 0.008517 0.010000 0.007523 0.086737 0.137644 0.091925 0.030000 0.043732 0.065535 0.062149 0.068446 
0.060944 0.000000 0.183751 0.015995 0.010000 0.001944 0.000453 0.010000 0.187412 0.178870 0.019296 0.088839 0.000000 0.043366 0.107338 0.079960 0.011832 
0.058262 0.010000 0.105391 0.092683 0.010000 0.023119 0.054677 0.010000 0.070812 0.190550 0.010264 0.054656 0.020000 0.043224 0.148177 0.098187 0.000000 
0.228312 0.010000 0.049295 0.125692 0.010000 0.033097 0.029854 0.010000 0.054121 0.198766 0.000000 0.045339 0.020000 0.043803 0.094364 0.047356 0.000000 
0.034311 0.000000 0.208973 0.066279 0.000000 0.030346 0.016208 0.000000 0.080400 0.088459 0.079512 0.230986 0.010000 0.000374 0.107478 0.036165 0.010508 
0.000035 0.000000 0.001445 0.005031 0.000000 0.017019 0.003747 0.000000 0.000360 0.001564 0.643358 0.010000 0.090000 0.110000 0.035175 0.049965 0.032302 
0.018852 0.010000 0.068221 0.167576 0.000000 0.091667 0.146482 0.000000 0.005720 0.098530 0.135051 0.041362 0.040000 0.032153 0.115436 0.003427 0.025524 
0.080893 0.000000 0.068829 0.074039 0.000000 0.171488 0.060526 0.010000 0.070559 0.101778 0.008907 0.070072 0.010000 0.020489 0.105523 0.088804 0.058094 
0.060635 0.000000 0.060715 0.019828 0.010000 0.189041 0.019766 0.000000 0.197358 0.218490 0.033651 0.022974 0.000000 0.000343 0.079735 0.045096 0.042366 
0.012565 0.010000 0.277028 0.035806 0.000000 0.090477 0.001223 0.000000 0.057127 0.119775 0.089477 0.061659 0.000000 0.033537 0.149847 0.020209 0.041270 
0.009285 0.020000 0.055669 0.058019 0.000000 0.325940 0.025513 0.000000 0.005719 0.002162 0.051997 0.033737 0.000000 0.134642 0.046612 0.065844 0.164862 
0.000542 0.010000 0.216427 0.039196 0.000000 0.012452 0.019534 0.000000 0.019878 0.005887 0.056979 0.313729 0.000000 0.120256 0.028411 0.094004 0.062705 
0.213730 0.020000 0.026189 0.010736 0.010000 0.079357 0.045325 0.000000 0.084070 0.094889 0.026282 0.061961 0.010000 0.043403 0.188459 0.073072 0.012528 
0.064076 0.000000 0.005510 0.027426 0.010000 0.125499 0.000837 0.030000 0.155074 0.359175 0.010098 0.043476 0.010000 0.000271 0.047770 0.080787 0.030000 
0.000183 0.000000 0.026864 0.010000 0.000000 0.001085 0.000000 0.000000 0.000000 0.030000 0.192964 0.016434 0.010000 0.276054 0.022201 0.310264 0.103952 
0.024790 0.020000 0.015946 0.042063 0.000000 0.152830 0.036096 0.000000 0.035702 0.120107 0.058610 0.018570 0.000000 0.206071 0.027379 0.127094 0.114742 
0.000335 0.000000 0.051271 0.059937 0.000000 0.023619 0.040042 0.000000 0.038646 0.250394 0.093735 0.024205 0.000000 0.126141 0.053467 0.180640 0.057568 
0.118697 0.000000 0.055717 0.085167 0.010000 0.042456 0.083046 0.000000 0.038077 0.122395 0.099122 0.080458 0.020000 0.010350 0.177197 0.056778 0.000541 
0.054809 0.000000 0.001424 0.028996 0.010000 0.026175 0.013152 0.010000 0.335087 0.290235 0.010175 0.068394 0.030000 0.020977 0.079583 0.020992 0.000000 
0.053824 0.010000 0.011662 0.036980 0.030000 0.027787 0.001681 0.010000 0.202348 0.387132 0.008551 0.008863 0.000000 0.021068 0.126913 0.062741 0.000448 
0.091310 0.000000 0.036225 0.140500 0.000000 0.046519 0.110296 0.000000 0.049669 0.283326 0.020110 0.032594 0.000000 0.000163 0.137113 0.039686 0.012490 
0.027465 0.000000 0.059794 0.050073 0.000000 0.042966 0.156283 0.000000 0.003280 0.060070 0.255409 0.003485 0.090000 0.085906 0.097132 0.034484 0.033653 
0.081620 0.000000 0.042834 0.088027 0.000000 0.088109 0.024854 0.000000 0.051415 0.332251 0.014912 0.057873 0.020000 0.010717 0.106973 0.068791 0.011624 
0.043014 0.010000 0.006435 0.030825 0.010000 0.026207 0.001235 0.020000 0.138039 0.084023 0.113233 0.038022 0.010000 0.151208 0.024746 0.158170 0.134843 
0.010131 0.000000 0.002556 0.010000 0.000000 0.029196 0.000184 0.000000 0.010325 0.029809 0.667185 0.008710 0.060000 0.085137 0.004053 0.039869 0.042845 
0.000032 0.000000 0.035986 0.065670 0.000000 0.052882 0.084251 0.000000 0.002072 0.079416 0.183417 0.003262 0.000000 0.196097 0.048677 0.147132 0.101105 
0.056145 0.020000 0.037890 0.107877 0.010000 0.057460 0.273828 0.000000 0.005999 0.096469 0.018574 0.027247 0.010000 0.021519 0.198258 0.048002 0.010731 
0.000356 0.000000 0.114352 0.000000 0.000000 0.023906 0.000376 0.000000 0.002921 0.011855 0.482401 0.121269 0.090000 0.066175 0.030244 0.014010 0.042135 
0.046690 0.030000 0.391360 0.020000 0.000000 0.013503 0.000340 0.000000 0.061613 0.090182 0.020218 0.083036 0.000000 0.020689 0.100893 0.041475 0.080000 
0.032681 0.000000 0.078113 0.157790 0.000000 0.020695 0.188615 0.000000 0.057140 0.043673 0.049049 0.035181 0.010000 0.021303 0.213797 0.080757 0.011205 
0.046199 0.000000 0.038369 0.081428 0.000000 0.015598 0.001862 0.000000 0.028244 0.270197 0.197865 0.028215 0.020000 0.054822 0.065992 0.118539 0.032671 
0.036762 0.000000 0.117486 0.025681 0.010000 0.031343 0.000262 0.000000 0.238036 0.168123 0.090370 0.064475 0.010000 0.032083 0.079488 0.095472 0.000418 
0.154072 0.010000 0.001317 0.068464 0.000000 0.002704 0.010279 0.010000 0.141399 0.263418 0.010149 0.085154 0.030000 0.020671 0.095746 0.096242 0.000385 
0.054150 0.000000 0.043242 0.086927 0.000000 0.111125 0.190954 0.000000 0.001786 0.059064 0.109210 0.003349 0.010000 0.072871 0.109336 0.096952 0.051033 
0.116684 0.030000 0.046359 0.034212 0.010000 0.166083 0.031563 0.000000 0.065011 0.134987 0.023623 0.032115 0.010000 0.031566 0.182203 0.051797 0.033795 
0.135893 0.000000 0.013682 0.024321 0.010000 0.006685 0.047639 0.010000 0.230314 0.279983 0.038747 0.034980 0.010000 0.011066 0.069430 0.064782 0.012479 
0.037215 0.000000 0.092675 0.022323 0.000000 0.002310 0.023694 0.000000 0.150302 0.156763 0.203565 0.058351 0.070000 0.073214 0.046785 0.051794 0.011009 
0.001330 0.000000 0.247528 0.021048 0.000000 0.026423 0.043234 0.000000 0.007022 0.025207 0.017443 0.387017 0.000000 0.033083 0.100672 0.034507 0.055487 
0.140687 0.010000 0.025058 0.062581 0.010000 0.286536 0.043221 0.000000 0.053942 0.085377 0.007344 0.044003 0.050000 0.021373 0.074747 0.034438 0.050693 
0.006120 0.010000 0.009199 0.015213 0.000000 0.006018 0.006893 0.000000 0.000256 0.073505 0.206846 0.007055 0.000000 0.336530 0.026795 0.247561 0.048008 
0.022044 0.000000 0.246682 0.010000 0.010000 0.001544 0.010644 0.000000 0.015237 0.060518 0.099106 0.129191 0.000000 0.163341 0.032464 0.110687 0.088543 
0.000034 0.000000 0.017385 0.010000 0.000000 0.023986 0.000141 0.000000 0.000479 0.002053 0.419508 0.005114 0.050000 0.220743 0.007763 0.137550 0.105243 
0.019969 0.010000 0.027784 0.012696 0.000000 0.224459 0.006312 0.010000 0.006292 0.001543 0.345364 0.075523 0.050000 0.053350 0.092793 0.040839 0.023078 
0.005498 0.000000 0.040308 0.075966 0.000000 0.040980 0.011130 0.000000 0.060570 0.119790 0.269455 0.090745 0.040000 0.042262 0.155025 0.047902 0.000371 
0.033880 0.000000 0.036493 0.121934 0.000000 0.018539 0.140131 0.010000 0.064913 0.101015 0.074874 0.048374 0.020000 0.050432 0.165100 0.049857 0.064457 
0.021537 0.000000 0.046319 0.053432 0.000000 0.303689 0.008553 0.000000 0.037844 0.091243 0.062722 0.046161 0.010000 0.042588 0.108286 0.044150 0.123475 
0.034041 0.020000 0.057488 0.026187 0.010000 0.099963 0.032813 0.010000 0.100678 0.216775 0.005242 0.037385 0.000000 0.023249 0.207606 0.086330 0.032244 
0.043110 0.000000 0.290422 0.026193 0.000000 0.004367 0.036311 0.000000 0.094761 0.201717 0.032330 0.041418 0.020000 0.021094 0.027867 0.076568 0.083843 
0.010212 0.000000 0.047940 0.020388 0.000000 0.435229 0.023261 0.000000 0.024069 0.041332 0.037400 0.049813 0.010000 0.023181 0.048336 0.021895 0.206945 
0.000680 0.030000 0.058721 0.018915 0.000000 0.449980 0.020351 0.000000 0.008120 0.030816 0.002528 0.026429 0.000000 0.010822 0.036176 0.010764 0.295697 
0.025764 0.000000 0.272369 0.027896 0.000000 0.004472 0.021442 0.000000 0.026313 0.045562 0.148633 0.205833 0.060000 0.032824 0.094148 0.023685 0.011059 
0.006089 0.000000 0.237829 0.017711 0.010000 0.028281 0.015408 0.000000 0.023419 0.038963 0.116847 0.060806 0.020000 0.185572 0.052869 0.067288 0.118918 
0.000786 0.000000 0.544032 0.054741 0.000000 0.018313 0.015566 0.000000 0.045237 0.025305 0.048240 0.045679 0.020000 0.011604 0.124037 0.014691 0.031769 
0.035895 0.000000 0.075998 0.025679 0.000000 0.313556 0.025159 0.000000 0.028749 0.136583 0.057834 0.010208 0.000000 0.032797 0.038583 0.023517 0.195440 
0.067802 0.000000 0.078100 0.035611 0.000000 0.252684 0.018043 0.000000 0.056358 0.087227 0.018968 0.066674 0.020000 0.057157 0.119888 0.013766 0.107722 
0.010247 0.010000 0.047160 0.026218 0.000000 0.075666 0.022885 0.000000 0.031379 0.060030 0.404159 0.048860 0.110000 0.043191 0.023552 0.043397 0.043259 
