-196891.789673
0
0.000000 0.000000 0.000000 0.000000 0.000000 0.248687 0.000000 0.000000 0.000000 0.000000 0.000000 0.000000 0.000000 0.000000 0.000000 0.000000 0.000000 0.000000 0.000000 0.000000 0.000000 0.000000 0.000000 0.000000 0.000000 0.000000 0.000000 0.000000 0.000000 0.000000 0.000000 0.000000 0.000000 0.000000 0.000000 0.000000 0.000000 0.000000 0.000000 0.000000 0.000000 0.000000 0.000000 0.000000 0.000000 0.000000 0.000000 0.000000 0.000000 0.000000 0.000000 0.000000 0.000000 0.000000 0.000000 0.000000 0.000000 0.000000 0.000000 0.000000 0.000000 0.000000 0.000000 0.000000 0.000000 0.000000 0.000000 0.000000 0.000000 0.000000 0.000000 0.000000 0.000000 0.000000 0.000000 0.000000 0.000000 0.000000 0.751313 0.000000 0.000000 0.000000 0.000000 0.000000 0.000000 0.000000 0.000000 0.000000 0.000000 0.000000 0.000000 0.000000 0.000000 0.000000 0.000000 0.000000 
0.000000 0.000000 0.000000 0.000000 0.000000 0.000000 0.000000 0.000000 0.033035 0.000000 0.000000 0.028000 0.000000 0.006509 0.000000 0.000000 0.000000 0.008080 0.019602 0.000000 0.000000 0.000000 0.000000 0.000000 0.007186 0.023939 0.010283 0.084650 0.000000 0.000000 0.000000 0.000000 0.000000 0.000000 0.118503 0.000000 0.000000 0.000000 0.000000 0.000000 0.000000 0.000000 0.041198 0.000000 0.000000 0.007603 0.000000 0.000000 0.000000 0.000000 0.000000 0.006141 0.000000 0.000000 0.000000 0.000000 0.120168 0.156015 0.171632 0.111159 0.000000 0.000000 0.000000 0.000000 0.020592 0.000000 0.011562 0.000000 0.000000 0.000000 0.000000 0.000000 0.000000 0.000000 0.000000 0.000000 0.000000 0.000000 0.000000 0.000000 0.000000 0.000000 0.000000 0.000000 0.000000 0.000000 0.000000 0.000000 0.000000 0.000000 0.014142 0.000000 0.000000 0.000000 0.000000 0.000000 
0.000000 0.000000 0.000000 0.002187 0.038111 0.017542 0.031937 0.000000 0.000000 0.000000 0.000000 0.000000 0.000000 0.000000 0.000000 0.000000 0.000000 0.000000 0.000000 0.000000 0.000000 0.000000 0.000000 0.000000 0.000000 0.000000 0.000000 0.000000 0.000000 0.000000 0.050460 0.000000 0.000000 0.000000 0.000000 0.017356 0.000000 0.169265 0.000000 0.000000 0.000000 0.000000 0.000000 0.000000 0.000000 0.000000 0.000000 0.000000 0.000000 0.000000 0.000000 0.000000 0.045510 0.000000 0.000000 0.000000 0.000000 0.000000 0.000000 0.000000 0.091339 0.066384 0.127109 0.000000 0.000000 0.000000 0.000000 0.000000 0.000000 0.000000 0.000000 0.000000 0.342799 0.000000 0.000000 0.000000 0.000000 0.000000 0.000000 0.000000 0.000000 0.000000 0.000000 0.000000 0.000000 0.000000 0.000000 0.000000 0.000000 0.000000 0.000000 0.000000 0.000000 0.000000 0.000000 0.000000 
0.000000 0.000000 0.000000 0.000000 0.000000 0.000000 0.000000 0.000000 0.000000 0.000000 0.000000 0.000000 0.035539 0.000000 0.000000 0.000000 0.000000 0.000000 0.000000 0.000000 0.097213 0.023408 0.000000 0.084968 0.000000 0.000000 0.000000 0.000000 0.000000 0.000000 0.000000 0.000000 0.000000 0.000000 0.000000 0.000000 0.000000 0.000000 0.000000 0.000000 0.000000 0.000000 0.000000 0.011167 0.080929 0.000000 0.000000 0.218171 0.000000 0.000000 0.000000 0.000000 0.000000 0.000000 0.000000 0.000000 0.000000 0.000000 0.000000 0.000000 0.000000 0.000000 0.000000 0.000000 0.000000 0.000000 0.000000 0.000000 0.000000 0.000000 0.000000 0.029973 0.031577 0.000000 0.000000 0.000000 0.000000 0.000000 0.000000 0.000000 0.000000 0.000000 0.000000 0.000000 0.000000 0.000000 0.000000 0.000000 0.000000 0.000000 0.008113 0.042401 0.163831 0.000000 0.000000 0.172710 
0.000000 0.000000 0.000000 0.000000 0.000000 0.000000 0.000000 0.000000 0.000000 0.000000 0.000000 0.000000 0.000000 0.000000 0.000000 0.000000 0.000000 0.000000 0.000000 0.000000 0.000000 0.000000 0.000000 0.000000 0.000000 0.000000 0.000000 0.000000 0.000000 0.000000 0.000000 0.000000 0.000000 0.000000 0.000000 0.000000 0.000000 0.000000 0.000000 0.000000 0.000000 0.000000 0.000000 0.000000 0.000000 0.000000 0.000000 0.000000 0.000000 0.000000 0.000000 0.000000 0.000000 0.000000 0.000000 0.000000 0.000000 0.000000 0.000000 0.000000 0.000000 0.000000 0.000000 0.000000 0.000000 0.000000 0.000000 0.000000 0.000000 0.000000 0.000000 0.000000 0.002796 0.000000 0.000000 0.000000 0.036433 0.000000 0.000000 0.078334 0.557727 0.000000 0.000000 0.324708 0.000000 0.000000 0.000000 0.000000 0.000000 0.000000 0.000000 0.000000 0.000000 0.000000 0.000000 0.000000 
0.000000 0.000000 0.000000 0.000000 0.000000 0.000000 0.000000 0.000000 0.000000 0.000000 0.000000 0.000000 0.000000 0.000000 0.025443 0.000000 0.212210 0.000000 0.159985 0.000000 0.000000 0.000000 0.043751 0.000000 0.000000 0.000000 0.000000 0.000000 0.000000 0.000000 0.000000 0.000000 0.000000 0.000000 0.000000 0.000000 0.000000 0.000000 0.000000 0.000000 0.000000 0.000000 0.102728 0.000000 0.000000 0.000000 0.002341 0.000000 0.000000 0.000000 0.000000 0.000000 0.000000 0.000000 0.000000 0.000000 0.000000 0.000000 0.000000 0.000000 0.000000 0.000000 0.000000 0.000000 0.086235 0.038526 0.070061 0.015067 0.000000 0.000000 0.063387 0.000000 0.000000 0.000000 0.000000 0.000000 0.000000 0.000000 0.000000 0.000000 0.000000 0.000000 0.000000 0.000000 0.000000 0.000000 0.083713 0.000000 0.000000 0.096552 0.000000 0.000000 0.000000 0.000000 0.000000 0.000000 
0.000000 0.000000 0.000000 0.000000 0.108690 0.000000 0.000000 0.133302 0.000000 0.000000 0.000000 0.000000 0.000000 0.024162 0.000000 0.000000 0.000000 0.000000 0.000000 0.000000 0.000000 0.007606 0.000000 0.000000 0.000000 0.000000 0.000000 0.000000 0.108029 0.050790 0.000000 0.137267 0.000000 0.000000 0.000000 0.000000 0.000000 0.000000 0.000000 0.000000 0.000000 0.000000 0.000000 0.000000 0.000000 0.035173 0.000000 0.000000 0.000000 0.000000 0.000000 0.000000 0.034565 0.044545 0.000000 0.000000 0.052672 0.000000 0.000000 0.000000 0.000000 0.000000 0.000000 0.000000 0.000000 0.000000 0.000000 0.000000 0.000000 0.000000 0.000000 0.000000 0.000000 0.000000 0.006355 0.000000 0.048126 0.119427 0.000000 0.089291 0.000000 0.000000 0.000000 0.000000 0.000000 0.000000 0.000000 0.000000 0.000000 0.000000 0.000000 0.000000 0.000000 0.000000 0.000000 0.000000 
0.000000 0.000000 0.000000 0.000000 0.000000 0.000000 0.000000 0.000000 0.000000 0.000000 0.000000 0.000000 0.000000 0.000000 0.000000 0.000000 0.000000 0.000000 0.000000 0.000000 0.000000 0.000000 0.000000 0.000000 0.000000 0.000000 0.000000 0.000000 0.000000 0.000000 0.000000 0.000000 0.000000 0.000000 0.000000 0.000000 0.000000 0.000000 0.000000 0.000000 0.000000 0.000000 0.000000 0.000000 0.000000 0.000000 0.000000 0.000000 0.000000 0.000000 0.000000 0.000000 0.000000 0.000000 0.000000 0.000000 0.000000 0.000000 0.000000 0.020427 0.000000 0.000000 0.000000 0.000000 0.000000 0.000000 0.000000 0.047133 0.000000 0.000000 0.000000 0.000000 0.000000 0.000000 0.000000 0.000000 0.000000 0.000000 0.000000 0.000000 0.000000 0.000000 0.932440 0.000000 0.000000 0.000000 0.000000 0.000000 0.000000 0.000000 0.000000 0.000000 0.000000 0.000000 0.000000 0.000000 
0.000000 0.000000 0.000000 0.000000 0.000000 0.024741 0.000000 0.000000 0.049344 0.000000 0.000000 0.070401 0.000000 0.010776 0.000000 0.084316 0.000000 0.054016 0.000000 0.000000 0.000000 0.000000 0.000000 0.000000 0.000000 0.000000 0.000000 0.000000 0.000000 0.000000 0.000000 0.000000 0.000000 0.000000 0.000000 0.000000 0.000000 0.000000 0.000000 0.000000 0.062922 0.067956 0.000000 0.087330 0.000000 0.000000 0.052898 0.000000 0.000000 0.000000 0.000000 0.000000 0.000000 0.000000 0.000000 0.000000 0.000000 0.000000 0.000000 0.017538 0.000000 0.000000 0.000000 0.000000 0.000000 0.017080 0.000000 0.046698 0.011326 0.000000 0.000000 0.030048 0.000000 0.000000 0.000000 0.000000 0.000000 0.000000 0.000000 0.000000 0.000000 0.000000 0.000000 0.000000 0.062083 0.026803 0.000000 0.079911 0.000000 0.000000 0.000000 0.071429 0.000000 0.024983 0.047402 0.000000 
0.000000 0.000000 0.000000 0.015906 0.000000 0.000000 0.000000 0.000000 0.000000 0.000000 0.000000 0.000000 0.000000 0.000000 0.000000 0.000000 0.000000 0.000000 0.000000 0.000000 0.000000 0.007165 0.000000 0.025089 0.000000 0.000000 0.000000 0.008301 0.000000 0.000000 0.000000 0.000000 0.000000 0.000000 0.000000 0.000000 0.000000 0.000000 0.000000 0.000000 0.000000 0.000000 0.000000 0.000000 0.000000 0.000000 0.000000 0.015564 0.000000 0.000000 0.000000 0.000000 0.000000 0.000000 0.000000 0.000000 0.000000 0.000000 0.000000 0.000000 0.000000 0.000000 0.000000 0.000000 0.000000 0.015712 0.000000 0.000000 0.000000 0.000000 0.000000 0.000000 0.069683 0.017448 0.005883 0.611778 0.000000 0.000000 0.000000 0.000000 0.000000 0.000000 0.000000 0.049216 0.000000 0.000000 0.000000 0.000000 0.000000 0.018554 0.006732 0.004542 0.000000 0.011143 0.000000 0.117284 
0.000000 0.000000 0.000000 0.000000 0.000000 0.000000 0.000000 0.000000 0.000000 0.000000 0.000000 0.017068 0.000000 0.000000 0.000000 0.000000 0.000000 0.000000 0.000000 0.000000 0.000000 0.000000 0.000000 0.000000 0.000000 0.000000 0.000000 0.000000 0.000000 0.000000 0.000000 0.000000 0.468725 0.444335 0.000000 0.004182 0.000000 0.000000 0.000000 0.000000 0.000000 0.000000 0.000000 0.000000 0.000000 0.000000 0.000000 0.000000 0.000000 0.000000 0.000000 0.000000 0.000000 0.000000 0.000000 0.000000 0.000000 0.000000 0.000000 0.065689 0.000000 0.000000 0.000000 0.000000 0.000000 0.000000 0.000000 0.000000 0.000000 0.000000 0.000000 0.000000 0.000000 0.000000 0.000000 0.000000 0.000000 0.000000 0.000000 0.000000 0.000000 0.000000 0.000000 0.000000 0.000000 0.000000 0.000000 0.000000 0.000000 0.000000 0.000000 0.000000 0.000000 0.000000 0.000000 0.000000 
0.000000 0.000000 0.000000 0.000000 0.000000 0.000000 0.000000 0.000000 0.000000 0.000000 0.000000 0.000000 0.000000 0.000000 0.000000 0.000000 0.000000 0.000000 0.000000 0.474393 0.000000 0.000000 0.000000 0.000000 0.000000 0.000000 0.000000 0.000000 0.000000 0.000000 0.000000 0.000000 0.000000 0.000000 0.000000 0.000000 0.000000 0.000000 0.000000 0.000000 0.000000 0.000000 0.000000 0.000000 0.000000 0.000000 0.000000 0.000000 0.000000 0.000000 0.000000 0.000000 0.000000 0.000000 0.000000 0.000000 0.000000 0.000000 0.000000 0.000000 0.000000 0.036139 0.000000 0.000000 0.000000 0.000000 0.032730 0.000000 0.000000 0.000000 0.000000 0.000000 0.000000 0.000000 0.000000 0.000000 0.000000 0.000000 0.000000 0.000000 0.000000 0.000000 0.000000 0.000000 0.000000 0.000000 0.000000 0.000000 0.321072 0.000000 0.135667 0.000000 0.000000 0.000000 0.000000 0.000000 
0.000000 0.000000 0.000000 0.000000 0.000000 0.000000 0.000000 0.000000 0.000000 1.000000 0.000000 0.000000 0.000000 0.000000 0.000000 0.000000 0.000000 0.000000 0.000000 0.000000 0.000000 0.000000 0.000000 0.000000 0.000000 0.000000 0.000000 0.000000 0.000000 0.000000 0.000000 0.000000 0.000000 0.000000 0.000000 0.000000 0.000000 0.000000 0.000000 0.000000 0.000000 0.000000 0.000000 0.000000 0.000000 0.000000 0.000000 0.000000 0.000000 0.000000 0.000000 0.000000 0.000000 0.000000 0.000000 0.000000 0.000000 0.000000 0.000000 0.000000 0.000000 0.000000 0.000000 0.000000 0.000000 0.000000 0.000000 0.000000 0.000000 0.000000 0.000000 0.000000 0.000000 0.000000 0.000000 0.000000 0.000000 0.000000 0.000000 0.000000 0.000000 0.000000 0.000000 0.000000 0.000000 0.000000 0.000000 0.000000 0.000000 0.000000 0.000000 0.000000 0.000000 0.000000 0.000000 0.000000 
0.000000 0.000000 0.000000 0.000000 0.000000 0.000000 0.000000 0.000000 0.000000 0.000000 0.000000 0.000000 0.000000 0.000000 0.000000 0.000000 0.000000 0.000000 0.000000 0.000000 0.000000 0.000000 0.000000 0.000000 0.000000 0.000000 0.000000 0.000000 0.000000 0.000000 0.000000 0.000000 0.000000 0.000000 0.000000 0.000000 0.000000 0.000000 0.000000 0.000000 0.000000 0.000000 0.000000 0.000000 0.000000 0.000000 0.000000 0.000000 0.000000 0.000000 0.000000 0.000000 0.000000 0.000000 0.000000 0.000000 0.000000 0.000000 0.000000 0.000000 0.000000 0.000000 0.000000 0.000000 0.000000 0.000000 0.000000 0.000000 0.000000 1.000000 0.000000 0.000000 0.000000 0.000000 0.000000 0.000000 0.000000 0.000000 0.000000 0.000000 0.000000 0.000000 0.000000 0.000000 0.000000 0.000000 0.000000 0.000000 0.000000 0.000000 0.000000 0.000000 0.000000 0.000000 0.000000 0.000000 
0.000000 0.000000 0.000000 0.000000 0.000000 0.000000 0.000000 0.000000 0.000000 0.000000 0.000000 0.000000 0.000000 0.000000 0.000000 0.000000 0.000000 0.000000 0.000000 0.000000 0.000000 0.000000 0.000000 0.000000 0.000000 0.000000 0.000000 0.000000 0.000000 0.000000 0.000000 0.000000 0.000000 0.000000 0.025945 0.183680 0.000000 0.000000 0.000000 0.000000 0.000000 0.000000 0.000000 0.000000 0.000000 0.000000 0.000000 0.000000 0.000000 0.000000 0.000000 0.000000 0.000000 0.000000 0.000000 0.000000 0.000000 0.029378 0.000000 0.000000 0.000000 0.000000 0.000000 0.000000 0.000000 0.000000 0.000000 0.000000 0.000000 0.000000 0.000000 0.000000 0.000000 0.000000 0.000000 0.000000 0.000000 0.000000 0.000000 0.000000 0.000000 0.698502 0.000000 0.062495 0.000000 0.000000 0.000000 0.000000 0.000000 0.000000 0.000000 0.000000 0.000000 0.000000 0.000000 0.000000 
0.000000 0.000000 0.064344 0.000000 0.000000 0.000000 0.000000 0.000000 0.000000 0.000000 0.000000 0.000000 0.000000 0.000000 0.000000 0.000000 0.000000 0.000000 0.000000 0.000000 0.000000 0.000000 0.000000 0.000000 0.039710 0.264954 0.031430 0.066408 0.000000 0.000000 0.000000 0.000000 0.000000 0.000000 0.000000 0.000000 0.000000 0.000000 0.102864 0.000000 0.000000 0.000000 0.009766 0.000000 0.000000 0.000000 0.000000 0.000000 0.035049 0.184257 0.069357 0.000000 0.000000 0.000000 0.025069 0.000000 0.000000 0.000000 0.000000 0.000000 0.000000 0.000000 0.000000 0.000000 0.000000 0.000000 0.000000 0.000000 0.000000 0.000000 0.000000 0.000000 0.000000 0.106794 0.000000 0.000000 0.000000 0.000000 0.000000 0.000000 0.000000 0.000000 0.000000 0.000000 0.000000 0.000000 0.000000 0.000000 0.000000 0.000000 0.000000 0.000000 0.000000 0.000000 0.000000 0.000000 
0.000000 0.000000 0.000000 0.000000 0.000000 0.000000 0.000000 0.000000 0.041942 0.000000 0.550265 0.000000 0.000000 0.000000 0.000000 0.000000 0.000000 0.000000 0.000000 0.000000 0.000000 0.003728 0.000000 0.000000 0.000000 0.000000 0.000000 0.000000 0.000000 0.000000 0.000000 0.000000 0.000000 0.000000 0.194792 0.000000 0.000000 0.000000 0.000000 0.000000 0.000000 0.000000 0.000000 0.000000 0.000000 0.000000 0.000000 0.000000 0.000000 0.000000 0.000000 0.000000 0.000000 0.000000 0.000000 0.000000 0.000000 0.000000 0.185997 0.000000 0.000000 0.000000 0.000000 0.000000 0.000000 0.009183 0.000000 0.000000 0.000000 0.000000 0.000000 0.000000 0.000000 0.000000 0.000000 0.000000 0.000000 0.000000 0.000000 0.000000 0.000000 0.000000 0.000000 0.000000 0.000000 0.000000 0.000000 0.000000 0.000000 0.000000 0.014093 0.000000 0.000000 0.000000 0.000000 0.000000 
0.107452 0.085373 0.000000 0.067418 0.000000 0.000000 0.000000 0.000000 0.028323 0.000000 0.000000 0.000189 0.032216 0.010542 0.032079 0.000000 0.000000 0.000000 0.000000 0.000000 0.000000 0.000000 0.000000 0.000000 0.081951 0.000000 0.000000 0.043988 0.000000 0.016438 0.000000 0.000000 0.000000 0.000000 0.000000 0.053750 0.032710 0.000000 0.034804 0.060677 0.000000 0.000000 0.000000 0.000000 0.000000 0.000000 0.000000 0.000000 0.070181 0.000000 0.000000 0.080055 0.000000 0.012775 0.000000 0.035000 0.000000 0.000000 0.000000 0.000000 0.000000 0.000000 0.000000 0.034182 0.000000 0.000000 0.000000 0.000000 0.000000 0.000000 0.000000 0.000000 0.000000 0.054530 0.012085 0.000000 0.000000 0.000000 0.000000 0.000000 0.000000 0.000000 0.000000 0.000000 0.000000 0.013282 0.000000 0.000000 0.000000 0.000000 0.000000 0.000000 0.000000 0.000000 0.000000 0.000000 
0.020000 0.041420 0.036662 0.000099 0.559998 0.010579 0.000628 0.068022 0.001399 0.013250 0.060166 0.010000 0.000000 0.000000 0.160836 0.013414 0.000745 0.002782 
0.000000 0.032755 0.000132 0.032994 0.278494 0.019641 0.000202 0.130000 0.015583 0.357458 0.010170 0.017757 0.000000 0.010000 0.045008 0.000638 0.043981 0.005187 
0.000000 0.066464 0.057399 0.036086 0.041158 0.147754 0.154601 0.010986 0.082642 0.065836 0.010819 0.039876 0.010000 0.000000 0.044222 0.023009 0.018782 0.190365 
0.000000 0.026647 0.062955 0.020739 0.000018 0.140969 0.052036 0.000186 0.213754 0.026761 0.010457 0.010680 0.000000 0.000000 0.012940 0.140962 0.072919 0.207977 
0.000000 0.084129 0.025803 0.056242 0.077448 0.068503 0.012146 0.050512 0.081685 0.007423 0.126647 0.030000 0.010000 0.000000 0.319056 0.006486 0.020502 0.023418 
0.000000 0.046057 0.050860 0.024200 0.017973 0.139966 0.079490 0.012837 0.192174 0.088741 0.025222 0.026160 0.000000 0.000000 0.019741 0.038053 0.042553 0.195973 
0.000000 0.113148 0.057632 0.019294 0.105727 0.067964 0.009798 0.112441 0.082691 0.205335 0.022157 0.020972 0.010000 0.000000 0.048197 0.023734 0.029604 0.071304 
0.000000 0.148087 0.054620 0.035061 0.018009 0.067453 0.029465 0.080625 0.083310 0.222049 0.034265 0.030000 0.040000 0.000000 0.032700 0.005618 0.021308 0.097429 
0.000000 0.021227 0.023715 0.001987 0.342587 0.016921 0.129076 0.020739 0.056982 0.030904 0.022475 0.000000 0.000000 0.000000 0.033097 0.079615 0.000128 0.220547 
0.000000 0.061792 0.020926 0.030764 0.021660 0.067379 0.049291 0.021139 0.166068 0.031239 0.051521 0.021068 0.000000 0.000000 0.059075 0.099752 0.131993 0.166332 
0.000000 0.117542 0.005742 0.000748 0.051746 0.081809 0.038232 0.088064 0.098786 0.020243 0.030721 0.024811 0.020000 0.000000 0.023880 0.032405 0.253357 0.111914 
0.000000 0.060056 0.073262 0.044801 0.000908 0.124287 0.068108 0.035757 0.141996 0.019607 0.032799 0.030000 0.000000 0.000000 0.052663 0.022019 0.111674 0.182064 
0.000000 0.056883 0.069690 0.026322 0.064660 0.073826 0.034714 0.047836 0.234430 0.036633 0.044344 0.000619 0.010000 0.000000 0.045902 0.078180 0.001019 0.174943 
0.000000 0.042946 0.035106 0.021377 0.023870 0.026249 0.010000 0.196368 0.094116 0.294054 0.000115 0.011215 0.010000 0.000000 0.021448 0.016724 0.107919 0.088492 
0.022965 0.025932 0.048878 0.003250 0.015516 0.071327 0.070981 0.010000 0.049403 0.037472 0.010067 0.021091 0.030000 0.000000 0.018485 0.175138 0.015748 0.373747 
0.012751 0.191487 0.029352 0.016080 0.029647 0.093059 0.105097 0.021560 0.181328 0.042858 0.065840 0.076063 0.000000 0.000000 0.029960 0.047803 0.003254 0.053862 
0.000000 0.102923 0.063105 0.033091 0.052267 0.029348 0.004016 0.078272 0.022562 0.040437 0.058062 0.030000 0.010000 0.000000 0.070645 0.088852 0.152320 0.164102 
0.000000 0.047472 0.005070 0.028931 0.126575 0.023068 0.000528 0.080991 0.069298 0.019134 0.117242 0.022182 0.020000 0.000000 0.340966 0.000540 0.032945 0.065057 
0.000000 0.149901 0.025904 0.001404 0.222678 0.093663 0.010440 0.022696 0.172860 0.033721 0.043616 0.010000 0.020000 0.000000 0.048757 0.004611 0.031328 0.108420 
0.000000 0.008004 0.096654 0.000540 0.024990 0.051175 0.085446 0.000167 0.076227 0.036941 0.035034 0.018024 0.000000 0.000000 0.022031 0.221438 0.000283 0.323047 
0.000000 0.058443 0.096079 0.032807 0.041561 0.111390 0.108770 0.000427 0.198054 0.013354 0.060391 0.064559 0.010000 0.000000 0.017613 0.010506 0.048674 0.127370 
0.000000 0.073996 0.019731 0.028321 0.086784 0.062218 0.084722 0.000177 0.252502 0.032645 0.000056 0.010000 0.000000 0.010000 0.002985 0.060447 0.019749 0.255665 
0.000000 0.123350 0.011346 0.000703 0.040573 0.105721 0.034236 0.020554 0.140389 0.066360 0.000324 0.014340 0.000000 0.000000 0.024170 0.041246 0.066477 0.310210 
0.000000 0.357830 0.000047 0.036256 0.016872 0.052313 0.010948 0.089318 0.021818 0.021787 0.046387 0.011656 0.020000 0.000000 0.030560 0.046508 0.201448 0.036252 
0.000000 0.040486 0.010394 0.000525 0.342605 0.000147 0.013216 0.098803 0.019321 0.000623 0.140518 0.000000 0.020000 0.000000 0.308575 0.000000 0.001980 0.002810 
0.000000 0.084138 0.000998 0.037068 0.007844 0.005520 0.000170 0.176902 0.036897 0.491692 0.013859 0.002060 0.010000 0.000000 0.045337 0.015076 0.057226 0.015212 
0.000000 0.213163 0.053285 0.000147 0.015636 0.050334 0.058677 0.021732 0.166048 0.054452 0.011336 0.028019 0.020000 0.000000 0.045676 0.005362 0.073617 0.182515 
0.000000 0.024376 0.000485 0.003603 0.691629 0.010000 0.000897 0.051902 0.028985 0.071871 0.000512 0.010000 0.010000 0.000000 0.054975 0.000000 0.030764 0.010000 
0.010000 0.044509 0.045496 0.005032 0.181822 0.021676 0.160111 0.030000 0.073295 0.046541 0.020516 0.010000 0.020000 0.010000 0.023190 0.066692 0.017832 0.213287 
0.000000 0.042711 0.001525 0.002416 0.002165 0.026851 0.001373 0.179722 0.079098 0.508515 0.000894 0.035321 0.000000 0.000000 0.033022 0.000817 0.002198 0.083374 
0.000000 0.011721 0.000072 0.009141 0.125230 0.004804 0.014465 0.067371 0.059309 0.013078 0.182233 0.024510 0.040000 0.000000 0.293826 0.044578 0.001803 0.107859 
0.000000 0.094943 0.063926 0.000395 0.231276 0.055821 0.033186 0.022189 0.064981 0.052991 0.063805 0.050000 0.010000 0.000000 0.041537 0.035019 0.099377 0.080554 
0.010000 0.155342 0.044456 0.001361 0.020036 0.094685 0.025583 0.024845 0.081716 0.065519 0.034910 0.039315 0.010000 0.000000 0.000345 0.150422 0.038842 0.202622 
0.000000 0.048931 0.002028 0.102967 0.040782 0.041722 0.034348 0.084714 0.154188 0.221124 0.022706 0.053259 0.000000 0.000000 0.040743 0.036865 0.035224 0.080399 
0.000000 0.043522 0.032642 0.035043 0.547322 0.010451 0.036306 0.030000 0.000000 0.070883 0.030188 0.000000 0.010000 0.010000 0.052364 0.009118 0.024862 0.057299 
0.000000 0.049181 0.006440 0.014254 0.026919 0.028139 0.031854 0.080000 0.113713 0.165404 0.020059 0.000444 0.010000 0.000000 0.001793 0.179027 0.003146 0.269627 
0.000000 0.070417 0.001046 0.039116 0.021889 0.098390 0.094429 0.000241 0.166137 0.043197 0.072403 0.089529 0.030000 0.000000 0.030780 0.076244 0.047616 0.118566 
0.000000 0.020405 0.021654 0.232071 0.101175 0.108792 0.031803 0.030000 0.202352 0.105138 0.000045 0.077548 0.000000 0.000000 0.001081 0.038115 0.015936 0.013884 
0.000000 0.289621 0.041315 0.025386 0.024783 0.095093 0.068388 0.032957 0.077876 0.020281 0.042334 0.041449 0.010000 0.000000 0.034631 0.016163 0.051181 0.128540 
0.000000 0.017997 0.000065 0.007927 0.027869 0.027288 0.000129 0.273741 0.012851 0.458233 0.000338 0.000000 0.000000 0.000000 0.065970 0.003159 0.082096 0.022337 
0.000000 0.205758 0.006125 0.099163 0.122291 0.005231 0.072391 0.040665 0.080375 0.069706 0.011194 0.026449 0.020000 0.000000 0.049053 0.024268 0.095660 0.071672 
0.000000 0.065430 0.015880 0.000936 0.323091 0.018991 0.031717 0.060000 0.035285 0.045512 0.041337 0.000000 0.000000 0.000000 0.122046 0.015969 0.029875 0.193931 
0.000000 0.458660 0.007238 0.011034 0.080410 0.030205 0.000060 0.060929 0.021887 0.002175 0.042274 0.000337 0.010000 0.000000 0.103995 0.054838 0.078607 0.037351 
0.000000 0.098696 0.016547 0.028130 0.043498 0.130122 0.105759 0.010293 0.119097 0.032449 0.086102 0.036387 0.030000 0.000000 0.056707 0.025001 0.054859 0.126354 
0.000000 0.137818 0.000047 0.018392 0.037053 0.022718 0.004398 0.111963 0.071102 0.170094 0.054309 0.033947 0.010000 0.000000 0.032426 0.000542 0.267003 0.028187 
0.000000 0.018791 0.010103 0.000368 0.175757 0.000142 0.004746 0.110677 0.012076 0.000339 0.194102 0.000000 0.000000 0.000000 0.404034 0.000459 0.002161 0.066246 
0.000000 0.080103 0.071028 0.086210 0.014703 0.090575 0.185104 0.000070 0.138002 0.016756 0.021951 0.023352 0.000000 0.010000 0.017602 0.076508 0.010358 0.157677 
0.000000 0.312086 0.020587 0.001539 0.029907 0.058001 0.045351 0.051616 0.103523 0.002897 0.045132 0.000569 0.010000 0.000000 0.040607 0.077545 0.090376 0.110264 
0.000000 0.174071 0.000000 0.000069 0.307889 0.017330 0.003110 0.093256 0.037556 0.011326 0.011659 0.043382 0.010000 0.000000 0.011479 0.027923 0.203025 0.047925 
0.000000 0.183476 0.046129 0.020161 0.009007 0.132129 0.144095 0.010110 0.113177 0.041398 0.042494 0.000473 0.030000 0.000000 0.004791 0.028861 0.046259 0.147441 
0.000000 0.035608 0.088184 0.064053 0.009410 0.037729 0.061064 0.020545 0.144526 0.022087 0.011341 0.015119 0.010000 0.000000 0.002981 0.126508 0.108782 0.242065 
0.000000 0.009682 0.035552 0.001203 0.737318 0.000000 0.000600 0.040000 0.008840 0.002384 0.020148 0.018034 0.010000 0.000000 0.096220 0.001021 0.014905 0.004093 
0.000000 0.091074 0.001221 0.188618 0.026735 0.033270 0.012226 0.040927 0.131086 0.037195 0.075383 0.020000 0.000000 0.000000 0.050727 0.015126 0.118982 0.157429 
0.000000 0.057472 0.028597 0.021327 0.333220 0.036541 0.039847 0.020000 0.123553 0.004340 0.010000 0.022972 0.000000 0.000000 0.049721 0.064310 0.022172 0.165928 
0.000000 0.046112 0.039637 0.033034 0.182410 0.075555 0.016751 0.090000 0.058431 0.002737 0.110609 0.010000 0.010000 0.000000 0.270692 0.002223 0.002591 0.049220 
0.000000 0.016125 0.063806 0.000815 0.027423 0.049526 0.031243 0.010000 0.167084 0.041279 0.010197 0.070000 0.000000 0.000000 0.012533 0.096164 0.033282 0.370524 
0.000000 0.044640 0.000034 0.050417 0.114272 0.044307 0.012010 0.107989 0.054273 0.017018 0.171490 0.001326 0.000000 0.000000 0.267294 0.015916 0.080233 0.018781 
0.000000 0.023580 0.023965 0.103840 0.075426 0.039290 0.034807 0.063409 0.142845 0.056076 0.061674 0.010000 0.010000 0.000000 0.105217 0.010204 0.177991 0.061675 
0.000000 0.019240 0.032672 0.017817 0.487639 0.007918 0.011248 0.030000 0.014593 0.017353 0.060175 0.004218 0.010000 0.000000 0.222287 0.001593 0.016061 0.047185 
0.000000 0.100057 0.037132 0.078094 0.425050 0.031168 0.005575 0.010000 0.027896 0.022933 0.010000 0.025499 0.000000 0.000000 0.123002 0.017930 0.034251 0.051413 
0.000000 0.075025 0.022988 0.057974 0.054419 0.197412 0.071945 0.024038 0.168671 0.005556 0.091291 0.020000 0.010000 0.000000 0.063849 0.064847 0.027261 0.044726 
0.000000 0.603686 0.006187 0.006599 0.006696 0.004282 0.004466 0.020285 0.026904 0.027367 0.010898 0.011756 0.000000 0.000000 0.004970 0.002021 0.208639 0.055244 
0.000000 0.115822 0.018350 0.001807 0.188984 0.008566 0.063763 0.083973 0.055661 0.205855 0.023461 0.040000 0.010000 0.000000 0.029440 0.002669 0.064063 0.087586 
0.000000 0.284693 0.031018 0.057657 0.010000 0.099149 0.066204 0.044145 0.054267 0.015727 0.000347 0.020000 0.030000 0.000000 0.035471 0.007761 0.096048 0.147513 
0.000000 0.024077 0.032485 0.010755 0.746627 0.000000 0.001518 0.050000 0.010000 0.014054 0.010000 0.000000 0.000000 0.000000 0.067709 0.000000 0.013512 0.019262 
0.000000 0.047122 0.068529 0.042459 0.010089 0.133443 0.055725 0.000606 0.160724 0.025732 0.011229 0.030901 0.000000 0.000000 0.003457 0.061934 0.096073 0.251979 
0.000000 0.040628 0.055515 0.058772 0.022009 0.046465 0.022092 0.010000 0.153714 0.079414 0.000055 0.032381 0.000000 0.010000 0.000781 0.044430 0.048767 0.374978 
0.000000 0.172193 0.027452 0.034274 0.037968 0.071162 0.001173 0.087835 0.038233 0.044564 0.022693 0.022907 0.010000 0.000000 0.028061 0.020676 0.327153 0.053656 
0.010000 0.045426 0.042883 0.048982 0.147817 0.013408 0.067429 0.065657 0.096677 0.029373 0.088503 0.018196 0.020000 0.000000 0.194566 0.035851 0.000960 0.074272 
0.000000 0.067842 0.037775 0.009129 0.283872 0.000768 0.016337 0.101331 0.001991 0.059511 0.073497 0.010000 0.020000 0.000000 0.215113 0.025443 0.026022 0.051370 
0.000000 0.036297 0.016713 0.013557 0.503045 0.012714 0.017771 0.071689 0.070353 0.014648 0.011482 0.042963 0.000000 0.000000 0.049656 0.034350 0.000258 0.104506 
0.010000 0.023968 0.093924 0.049039 0.007925 0.044484 0.061481 0.010296 0.028995 0.028096 0.078216 0.010000 0.010000 0.000000 0.014818 0.216301 0.001505 0.310952 
0.000000 0.233946 0.027009 0.019277 0.057344 0.003925 0.018279 0.060776 0.047776 0.066770 0.066042 0.010000 0.000000 0.000000 0.066464 0.040005 0.199927 0.082460 
0.000000 0.096442 0.001285 0.002372 0.197994 0.012378 0.000294 0.162059 0.039030 0.388753 0.000175 0.010000 0.000000 0.000000 0.034767 0.028727 0.002680 0.023043 
0.000000 0.284306 0.010194 0.013611 0.048572 0.023345 0.010777 0.061512 0.059575 0.020990 0.132060 0.030000 0.020000 0.000000 0.153160 0.027007 0.072274 0.032616 
0.000000 0.084814 0.014429 0.180602 0.140506 0.089337 0.038057 0.000653 0.147254 0.047028 0.010878 0.060642 0.000000 0.000000 0.055553 0.003969 0.041275 0.085003 
0.000000 0.109201 0.043887 0.036386 0.004990 0.024875 0.036562 0.139296 0.069477 0.217442 0.011153 0.020000 0.020000 0.000000 0.022012 0.055296 0.082710 0.106714 
0.000000 0.135693 0.007869 0.038183 0.040276 0.088876 0.052800 0.047471 0.130507 0.062138 0.032084 0.020000 0.020000 0.000000 0.045617 0.067075 0.127692 0.083718 
0.000000 0.281782 0.064023 0.000998 0.026892 0.145446 0.041861 0.012381 0.091632 0.023173 0.054350 0.020000 0.030000 0.000000 0.053888 0.005769 0.045294 0.102512 
0.000000 0.035456 0.000637 0.010291 0.106172 0.005431 0.025409 0.165926 0.029166 0.232626 0.110505 0.000000 0.010000 0.000000 0.244331 0.000765 0.015344 0.007941 
0.000000 0.114370 0.000715 0.024257 0.018274 0.005315 0.002325 0.260863 0.023358 0.225835 0.082940 0.028852 0.000000 0.000000 0.170565 0.000653 0.002166 0.039511 
0.000000 0.072630 0.131799 0.017401 0.006776 0.081455 0.026012 0.020442 0.029907 0.140545 0.011490 0.016563 0.010000 0.000000 0.029242 0.146217 0.110822 0.148700 
0.000000 0.051286 0.082817 0.001766 0.032130 0.064815 0.085194 0.031403 0.046606 0.137921 0.023579 0.035697 0.010000 0.000000 0.017704 0.161749 0.021852 0.195481 
0.000000 0.412284 0.010000 0.009414 0.026380 0.058892 0.018380 0.062138 0.052947 0.099921 0.011948 0.000063 0.010000 0.000000 0.011356 0.040944 0.122526 0.052805 
0.000000 0.079584 0.000029 0.010302 0.195397 0.028361 0.030000 0.144402 0.017619 0.044003 0.144907 0.000000 0.010000 0.000000 0.233419 0.017107 0.032887 0.011983 
0.000000 0.010290 0.036322 0.007839 0.152041 0.000000 0.003772 0.061779 0.010502 0.003269 0.165376 0.000000 0.000000 0.000000 0.534817 0.000000 0.002696 0.011296 
0.000000 0.204901 0.014283 0.011675 0.212894 0.008554 0.001244 0.131770 0.034545 0.089653 0.053452 0.010000 0.020000 0.000000 0.095308 0.003657 0.079898 0.028167 
0.000000 0.028726 0.000165 0.015742 0.163279 0.061823 0.088823 0.045810 0.090895 0.019303 0.060376 0.028050 0.010000 0.000000 0.271959 0.013447 0.002431 0.099170 
0.000000 0.090733 0.002669 0.010294 0.042546 0.065545 0.055240 0.062086 0.078071 0.055402 0.021179 0.036082 0.030000 0.000000 0.035484 0.001743 0.303223 0.109703 
0.000000 0.528263 0.024021 0.023109 0.001567 0.005282 0.036917 0.010048 0.053973 0.038707 0.010514 0.045647 0.020000 0.000000 0.031708 0.024484 0.129190 0.016571 
0.000000 0.083453 0.074824 0.086102 0.017584 0.081540 0.101100 0.000206 0.109536 0.038555 0.035146 0.030356 0.010000 0.000000 0.001625 0.132858 0.016433 0.180684 
0.000000 0.630687 0.000902 0.028478 0.000000 0.004332 0.010277 0.001097 0.039557 0.002335 0.053301 0.000529 0.020000 0.000000 0.017719 0.056468 0.108244 0.026073 
0.000000 0.022467 0.028164 0.001169 0.085912 0.043073 0.055999 0.068932 0.020647 0.225453 0.069401 0.001417 0.000000 0.000000 0.001902 0.189336 0.022178 0.163952 
0.000000 0.063328 0.015977 0.001341 0.086116 0.030696 0.024073 0.065869 0.027031 0.053153 0.143956 0.015081 0.010000 0.000000 0.218557 0.001348 0.148215 0.095256 
0.000000 0.044753 0.020610 0.001818 0.012820 0.029925 0.035091 0.096243 0.111190 0.261923 0.000381 0.010000 0.000000 0.000000 0.003024 0.076943 0.024612 0.270667 
0.000000 0.050154 0.034588 0.076596 0.284531 0.085809 0.061175 0.000187 0.132544 0.021470 0.023325 0.033366 0.000000 0.000000 0.032590 0.013128 0.002174 0.148364 
0.000000 0.199200 0.010033 0.010145 0.002998 0.028448 0.010261 0.146646 0.155478 0.112807 0.010914 0.010731 0.000000 0.000000 0.034279 0.006806 0.183007 0.078246 
0.000000 0.048120 0.000163 0.011612 0.004555 0.045632 0.231405 0.010645 0.100302 0.070456 0.081697 0.026189 0.010000 0.010000 0.044156 0.081060 0.054453 0.169556 
0.000000 0.147574 0.067592 0.019800 0.030000 0.080298 0.003778 0.021867 0.099277 0.046946 0.010884 0.010837 0.020000 0.010000 0.012760 0.033358 0.095426 0.289604 
0.000000 0.066900 0.095460 0.012387 0.037843 0.033125 0.079130 0.001382 0.068155 0.073347 0.031963 0.027454 0.000000 0.000000 0.001358 0.214123 0.000997 0.256377 
0.000000 0.013177 0.089784 0.009393 0.062755 0.170245 0.198131 0.000219 0.182810 0.041019 0.048966 0.034251 0.020000 0.000000 0.011202 0.001522 0.000062 0.116466 
0.000000 0.088499 0.041661 0.002780 0.020362 0.130777 0.166211 0.000366 0.180478 0.023117 0.000473 0.000055 0.010000 0.000000 0.013318 0.083868 0.000078 0.237955 
0.000000 0.020775 0.081933 0.062573 0.013233 0.096707 0.032271 0.033183 0.224904 0.104866 0.032550 0.000120 0.000000 0.000000 0.020000 0.008569 0.001883 0.266434 
0.000000 0.036904 0.071938 0.071688 0.092798 0.095962 0.115863 0.000092 0.180031 0.057615 0.032411 0.058458 0.000000 0.010000 0.037902 0.015151 0.000308 0.122881 
0.000000 0.088643 0.000779 0.155108 0.006548 0.053164 0.001855 0.158401 0.109040 0.315361 0.012427 0.024093 0.000000 0.000000 0.012230 0.017766 0.001295 0.043290 
0.000000 0.047708 0.101086 0.096741 0.046559 0.126815 0.025112 0.091637 0.055676 0.183046 0.032159 0.050192 0.020000 0.000000 0.002745 0.010786 0.040406 0.069331 
0.000000 0.054658 0.072428 0.015783 0.363262 0.017142 0.025742 0.032833 0.114983 0.073267 0.022293 0.026157 0.010000 0.000000 0.052471 0.032093 0.046217 0.040672 
0.000000 0.064934 0.015865 0.150959 0.024047 0.103225 0.039971 0.000539 0.305057 0.017656 0.000718 0.112033 0.000000 0.000000 0.004285 0.051966 0.001120 0.107626 
0.000000 0.182943 0.025300 0.010073 0.164055 0.015233 0.001133 0.066739 0.037677 0.030104 0.032631 0.034370 0.030000 0.000000 0.061897 0.006960 0.215617 0.085268 
0.000000 0.131565 0.054333 0.000259 0.016414 0.018574 0.047918 0.011279 0.106556 0.002172 0.042871 0.011044 0.020000 0.000000 0.060991 0.139904 0.126131 0.209989 
0.000000 0.119440 0.069731 0.040499 0.016492 0.093749 0.042817 0.000096 0.161140 0.022432 0.055007 0.041396 0.040000 0.000000 0.052119 0.059753 0.025657 0.159673 
0.000000 0.075761 0.053414 0.009643 0.000843 0.090933 0.163719 0.000068 0.192626 0.034276 0.021442 0.028042 0.020000 0.000000 0.053755 0.044067 0.005491 0.205919 
0.000000 0.370775 0.006842 0.013213 0.086410 0.058873 0.025079 0.010327 0.092070 0.032528 0.022206 0.013144 0.010000 0.000000 0.002803 0.077638 0.073722 0.104371 
0.000000 0.011986 0.003138 0.005124 0.721492 0.020000 0.001435 0.030000 0.014853 0.019829 0.030103 0.000000 0.000000 0.000000 0.139071 0.000000 0.000671 0.002299 
0.000000 0.039155 0.000971 0.132729 0.169943 0.032762 0.001072 0.021872 0.233433 0.096360 0.000000 0.050000 0.020000 0.010000 0.035884 0.004445 0.051181 0.100194 
0.000000 0.088850 0.109794 0.040283 0.008886 0.108205 0.036155 0.055171 0.099519 0.170211 0.023670 0.022281 0.020000 0.000000 0.054425 0.028421 0.033900 0.100227 
0.000000 0.058108 0.046699 0.020748 0.031269 0.057182 0.029132 0.041543 0.045993 0.185218 0.035315 0.020000 0.000000 0.000000 0.001585 0.145368 0.032887 0.248954 
0.000000 0.138285 0.018825 0.000965 0.086633 0.070257 0.026768 0.040000 0.069937 0.102056 0.020803 0.010502 0.000000 0.000000 0.033852 0.038184 0.211075 0.131857 
0.000000 0.098978 0.002424 0.032761 0.048356 0.019103 0.000224 0.163381 0.069355 0.335459 0.045020 0.013106 0.000000 0.000000 0.151868 0.000754 0.003840 0.015372 
0.000000 0.390034 0.000043 0.021416 0.052786 0.040562 0.000107 0.061070 0.033514 0.012338 0.042626 0.000465 0.040000 0.010000 0.157244 0.029184 0.099322 0.009288 
0.020000 0.070453 0.040814 0.031630 0.021968 0.080737 0.159313 0.012568 0.108123 0.083683 0.047778 0.014871 0.020000 0.010000 0.057981 0.065912 0.013491 0.140676 
0.000000 0.061852 0.080127 0.000955 0.012254 0.019589 0.051010 0.032191 0.054222 0.118759 0.052255 0.001872 0.010000 0.000000 0.001445 0.169336 0.000579 0.333556 
0.000000 0.024248 0.000048 0.000000 0.183490 0.020041 0.012410 0.100930 0.012326 0.000965 0.201255 0.000000 0.020000 0.000000 0.385980 0.000000 0.016278 0.022030 
0.000000 0.020912 0.001861 0.041495 0.047773 0.004957 0.012515 0.109010 0.070065 0.170391 0.102027 0.010000 0.020000 0.000000 0.223962 0.028580 0.011173 0.125279 
0.000000 0.051240 0.097406 0.041106 0.064205 0.011167 0.000503 0.050000 0.086810 0.021269 0.081952 0.016586 0.020000 0.000000 0.222945 0.009543 0.023188 0.202080 
0.025477 0.073656 0.019193 0.068702 0.104214 0.107276 0.148813 0.000470 0.162130 0.041437 0.035360 0.031044 0.000000 0.000000 0.019551 0.001883 0.032246 0.128548 
0.000000 0.041026 0.124666 0.000545 0.014984 0.059097 0.090306 0.000125 0.068025 0.025528 0.011613 0.017873 0.000000 0.000000 0.023369 0.265731 0.000149 0.256963 
0.000000 0.025747 0.074248 0.000360 0.005494 0.076360 0.001213 0.000230 0.077862 0.027981 0.048678 0.032210 0.000000 0.000000 0.025451 0.135577 0.002121 0.466467 
0.000000 0.031846 0.024378 0.114440 0.020047 0.050858 0.047995 0.011821 0.225802 0.045644 0.020551 0.030386 0.000000 0.000000 0.001584 0.031087 0.027991 0.315571 
0.000000 0.013492 0.031360 0.144327 0.329187 0.054668 0.024869 0.032163 0.103123 0.042123 0.020044 0.001309 0.010000 0.000000 0.098400 0.001026 0.047928 0.045981 
0.000000 0.053589 0.075519 0.022464 0.014247 0.052161 0.080184 0.010000 0.121586 0.086186 0.020917 0.031854 0.000000 0.000000 0.024095 0.041659 0.026696 0.338841 
0.000000 0.035508 0.058491 0.000521 0.115435 0.018438 0.021505 0.128073 0.053729 0.028379 0.117767 0.004342 0.000000 0.000000 0.193109 0.113966 0.001395 0.109343 
0.000000 0.010797 0.008782 0.000196 0.713118 0.000000 0.011358 0.040000 0.013622 0.032655 0.020083 0.000000 0.000000 0.000000 0.110885 0.005976 0.000508 0.032020 
0.000000 0.039442 0.000043 0.067866 0.172925 0.015388 0.000000 0.095581 0.113591 0.055278 0.097325 0.010000 0.000000 0.000000 0.249208 0.000974 0.004820 0.077560 
0.000000 0.042960 0.037935 0.240018 0.019564 0.197936 0.037488 0.010296 0.159787 0.054845 0.011079 0.010238 0.010000 0.010000 0.041418 0.001913 0.018771 0.095752 
0.000000 0.170212 0.015588 0.000082 0.565624 0.036118 0.000927 0.040853 0.001733 0.023638 0.000421 0.000871 0.010000 0.000000 0.079087 0.003550 0.050043 0.001254 
0.000000 0.122721 0.029165 0.000120 0.020062 0.088927 0.022248 0.080000 0.034891 0.014505 0.010118 0.033368 0.010000 0.000000 0.037523 0.056773 0.334978 0.104600 
0.000000 0.042693 0.044302 0.157097 0.051225 0.132146 0.021622 0.010000 0.185940 0.021199 0.050477 0.082799 0.000000 0.000000 0.047459 0.037551 0.062216 0.053273 
0.000000 0.061490 0.031486 0.005447 0.208149 0.059532 0.032585 0.030491 0.102366 0.019959 0.053799 0.020000 0.030000 0.000000 0.084058 0.011102 0.003838 0.245698 
0.000000 0.101685 0.074741 0.000765 0.091245 0.020627 0.037535 0.000052 0.049393 0.033102 0.084656 0.025228 0.020000 0.000000 0.035561 0.180040 0.077481 0.167887 
0.000000 0.037912 0.086229 0.000832 0.012570 0.032883 0.192263 0.000530 0.129014 0.001119 0.058881 0.030000 0.020000 0.010000 0.028129 0.095785 0.000084 0.263770 
0.000000 0.043936 0.012127 0.168846 0.102579 0.086158 0.034081 0.045440 0.122502 0.117980 0.064503 0.014701 0.000000 0.000000 0.113469 0.000994 0.008250 0.064435 
0.000000 0.059091 0.091357 0.033136 0.021277 0.075768 0.098325 0.032807 0.094867 0.159604 0.032639 0.041985 0.000000 0.020000 0.043286 0.026286 0.018483 0.151091 
0.000000 0.051769 0.106738 0.047299 0.040224 0.023449 0.106826 0.011961 0.062361 0.006199 0.042817 0.010538 0.000000 0.000000 0.016738 0.204458 0.001774 0.266848 
0.000000 0.067361 0.084081 0.021137 0.254519 0.035056 0.031757 0.010276 0.046930 0.001935 0.010962 0.010000 0.000000 0.000000 0.106731 0.071529 0.075104 0.172623 
0.000000 0.630451 0.025455 0.036402 0.015796 0.033476 0.000476 0.055475 0.041277 0.026317 0.000343 0.010720 0.010000 0.000000 0.061510 0.005070 0.032509 0.014721 
0.000000 0.042772 0.075853 0.039595 0.010689 0.057719 0.130078 0.046743 0.096283 0.270428 0.021663 0.020000 0.010000 0.010000 0.028375 0.025194 0.014584 0.100024 
0.000000 0.028585 0.000046 0.004473 0.185809 0.011126 0.004741 0.046640 0.038512 0.008853 0.163531 0.000401 0.010000 0.000000 0.418923 0.000183 0.001074 0.077104 
0.000000 0.228516 0.027626 0.000811 0.094640 0.013220 0.029649 0.089539 0.029013 0.000963 0.067075 0.011905 0.020000 0.000000 0.196271 0.026121 0.139202 0.025449 
