-196444.550106
0
0.081537 0.064783 0.000000 0.051228 0.000000 0.000000 0.006205 0.000000 0.015880 0.000000 0.000000 0.000000 0.008044 0.000000 0.021273 0.000000 0.000000 0.000000 0.000000 0.000000 0.000000 0.000000 0.000000 0.000000 0.074340 0.075083 0.000000 0.050392 0.000000 0.000000 0.000000 0.000000 0.000000 0.000000 0.000000 0.029499 0.021413 0.023945 0.037405 0.037827 0.000000 0.000000 0.000000 0.000000 0.000000 0.000000 0.003540 0.000000 0.059543 0.054730 0.020601 0.056146 0.000000 0.000000 0.000000 0.000000 0.000000 0.000000 0.000000 0.000000 0.000000 0.007917 0.000000 0.015714 0.000000 0.000000 0.000000 0.000000 0.000000 0.000000 0.000000 0.000000 0.059559 0.082406 0.002121 0.000000 0.000000 0.000000 0.000000 0.000000 0.000000 0.000000 0.000000 0.006295 0.021871 0.010702 0.000000 0.000000 0.000000 0.000000 0.000000 0.000000 0.000000 0.000000 0.000000 0.000000 
0.000000 0.000000 0.000000 0.000000 0.000000 0.010241 0.000000 0.014330 0.033497 0.000000 0.000000 0.044209 0.018673 0.012108 0.010797 0.040436 0.067461 0.029355 0.047319 0.057605 0.000000 0.000000 0.013908 0.006728 0.000000 0.000000 0.000000 0.000000 0.000000 0.003997 0.000000 0.000000 0.000000 0.000000 0.000000 0.017900 0.000000 0.007892 0.000000 0.007250 0.027714 0.035483 0.028021 0.034134 0.000000 0.012047 0.025240 0.000000 0.000000 0.000000 0.000000 0.000000 0.000000 0.000000 0.000000 0.010371 0.000000 0.000000 0.000000 0.000000 0.000000 0.005287 0.000000 0.009022 0.024091 0.023829 0.025902 0.028460 0.000000 0.004068 0.020151 0.014224 0.000000 0.000000 0.000000 0.000000 0.000000 0.000000 0.000000 0.000000 0.000000 0.000000 0.000000 0.000000 0.000000 0.013445 0.011892 0.041725 0.038987 0.030427 0.021595 0.032085 0.000000 0.013344 0.024750 0.000000 
0.000000 0.000000 0.000000 0.000000 0.000000 0.000000 0.000000 0.000000 0.000000 0.000000 0.000000 0.000000 0.000000 0.000000 0.000000 0.000000 0.000000 0.000000 0.000000 0.000000 0.000000 0.000000 0.000000 0.000000 0.000000 0.000000 0.000000 0.000000 0.000000 0.000000 0.000000 0.000000 0.000000 0.000000 0.000000 0.000000 0.000000 0.000000 0.000000 0.000000 0.000000 0.000000 0.000000 0.000000 0.000000 0.000000 0.000000 0.000000 0.000000 0.000000 0.000000 0.000000 0.000000 1.000000 0.000000 0.000000 0.000000 0.000000 0.000000 0.000000 0.000000 0.000000 0.000000 0.000000 0.000000 0.000000 0.000000 0.000000 0.000000 0.000000 0.000000 0.000000 0.000000 0.000000 0.000000 0.000000 0.000000 0.000000 0.000000 0.000000 0.000000 0.000000 0.000000 0.000000 0.000000 0.000000 0.000000 0.000000 0.000000 0.000000 0.000000 0.000000 0.000000 0.000000 0.000000 0.000000 
0.000000 0.000000 0.000000 0.000000 0.000000 0.000000 0.000000 0.000000 0.000000 0.000000 0.000000 0.000000 0.000000 0.000000 0.000000 0.000000 0.000000 0.000000 0.000000 0.000000 0.000000 0.000000 0.000000 0.000000 0.000000 0.000000 0.000000 0.000000 0.000000 0.000000 0.000000 0.000000 0.361135 0.503570 0.000000 0.000000 0.000000 0.000000 0.000000 0.000000 0.000000 0.000000 0.000000 0.000000 0.000000 0.000000 0.000000 0.000000 0.000000 0.000000 0.000000 0.000000 0.000000 0.000000 0.000000 0.000000 0.000000 0.000000 0.000000 0.105163 0.000000 0.000000 0.000000 0.000000 0.000000 0.000000 0.000000 0.030131 0.000000 0.000000 0.000000 0.000000 0.000000 0.000000 0.000000 0.000000 0.000000 0.000000 0.000000 0.000000 0.000000 0.000000 0.000000 0.000000 0.000000 0.000000 0.000000 0.000000 0.000000 0.000000 0.000000 0.000000 0.000000 0.000000 0.000000 0.000000 
0.000000 0.000000 0.000000 0.000000 0.000000 0.000000 0.000000 0.000000 0.000000 0.000000 0.000000 0.000000 0.013933 0.000000 0.000000 0.013558 0.000000 0.000000 0.000000 0.000000 0.081508 0.026662 0.000000 0.048899 0.000000 0.000000 0.000000 0.000000 0.000000 0.000000 0.000000 0.000000 0.000000 0.000000 0.000000 0.000000 0.011362 0.000000 0.000000 0.000000 0.013742 0.000000 0.006887 0.042118 0.067855 0.000000 0.000000 0.170449 0.013745 0.000000 0.000000 0.000000 0.000000 0.000000 0.000000 0.000000 0.000000 0.000000 0.000000 0.000000 0.001596 0.000000 0.000000 0.000000 0.000000 0.000000 0.000000 0.000000 0.022342 0.000000 0.000000 0.030667 0.034920 0.000000 0.000000 0.000000 0.000000 0.000000 0.000000 0.000000 0.000000 0.000000 0.000000 0.000000 0.049555 0.000000 0.025253 0.000000 0.000000 0.000000 0.000000 0.050861 0.137365 0.000000 0.000000 0.136721 
0.000000 0.000000 0.000000 0.000000 0.000000 0.000000 0.000000 0.000000 0.002160 0.000000 0.000000 0.000000 0.000000 0.000000 0.000000 0.000000 0.000000 0.000000 0.000000 0.000000 0.000000 0.000000 0.000000 0.000000 0.000000 0.000000 0.000000 0.000000 0.000000 0.000000 0.000000 0.000000 0.000000 0.000000 0.000000 0.000000 0.000000 0.000000 0.000000 0.000000 0.000000 0.000000 0.000000 0.000000 0.000000 0.000000 0.000000 0.000000 0.000000 0.000000 0.000000 0.000000 0.000000 0.000000 0.000000 0.000000 0.000000 0.000000 0.000000 0.000000 0.000000 0.000000 0.000000 0.000000 0.000000 0.000000 0.000000 0.000000 0.000000 0.000000 0.000000 0.000000 0.009460 0.000000 0.000000 0.000000 0.037079 0.000000 0.000000 0.080092 0.557133 0.000000 0.000000 0.314075 0.000000 0.000000 0.000000 0.000000 0.000000 0.000000 0.000000 0.000000 0.000000 0.000000 0.000000 0.000000 
0.000000 0.000000 0.000000 0.000000 0.000000 0.000000 0.000000 0.000000 0.000000 0.000000 0.000000 0.000000 0.000000 0.000000 0.000000 0.000000 0.000000 0.000000 0.000000 0.000000 0.000000 0.000000 0.000000 0.000000 0.000000 0.000000 0.000000 0.000000 0.000000 0.000000 0.000000 0.000000 0.000000 0.000000 0.000000 0.000000 0.000000 0.000000 0.000000 0.000000 0.000000 0.000000 0.000000 0.000000 0.000000 0.000000 0.000000 0.000000 0.000000 0.000000 0.000000 0.000000 0.000000 0.000000 0.000000 0.000000 0.000000 0.000000 0.000000 0.000000 0.000000 0.000000 0.000000 0.000000 0.000000 0.000000 0.000000 0.000000 0.000000 0.000000 0.000000 0.000000 0.000000 0.000000 1.000000 0.000000 0.000000 0.000000 0.000000 0.000000 0.000000 0.000000 0.000000 0.000000 0.000000 0.000000 0.000000 0.000000 0.000000 0.000000 0.000000 0.000000 0.000000 0.000000 0.000000 0.000000 
0.000000 0.000000 0.052529 0.000000 0.095167 0.021996 0.000000 0.047122 0.000000 0.000000 0.000000 0.000000 0.000000 0.020188 0.000000 0.000000 0.000000 0.000000 0.000000 0.000000 0.000000 0.000000 0.000000 0.000000 0.000000 0.000000 0.016350 0.000000 0.074360 0.056794 0.026947 0.094485 0.051722 0.000000 0.000000 0.000000 0.000000 0.000000 0.053759 0.000000 0.000000 0.000000 0.000000 0.008704 0.000000 0.000000 0.000000 0.000000 0.000000 0.000000 0.000000 0.000000 0.048095 0.000000 0.020466 0.040694 0.000000 0.000000 0.000000 0.000000 0.047461 0.007209 0.067879 0.000000 0.009039 0.000000 0.000000 0.000000 0.000000 0.000000 0.000000 0.000000 0.000000 0.000000 0.000000 0.000000 0.031800 0.082205 0.000000 0.000000 0.000000 0.000000 0.000000 0.000000 0.000000 0.000000 0.025028 0.000000 0.000000 0.000000 0.000000 0.000000 0.000000 0.000000 0.000000 0.000000 
0.000000 0.000000 0.000000 0.000000 0.000000 0.000000 0.000000 0.000000 0.000000 1.000000 0.000000 0.000000 0.000000 0.000000 0.000000 0.000000 0.000000 0.000000 0.000000 0.000000 0.000000 0.000000 0.000000 0.000000 0.000000 0.000000 0.000000 0.000000 0.000000 0.000000 0.000000 0.000000 0.000000 0.000000 0.000000 0.000000 0.000000 0.000000 0.000000 0.000000 0.000000 0.000000 0.000000 0.000000 0.000000 0.000000 0.000000 0.000000 0.000000 0.000000 0.000000 0.000000 0.000000 0.000000 0.000000 0.000000 0.000000 0.000000 0.000000 0.000000 0.000000 0.000000 0.000000 0.000000 0.000000 0.000000 0.000000 0.000000 0.000000 0.000000 0.000000 0.000000 0.000000 0.000000 0.000000 0.000000 0.000000 0.000000 0.000000 0.000000 0.000000 0.000000 0.000000 0.000000 0.000000 0.000000 0.000000 0.000000 0.000000 0.000000 0.000000 0.000000 0.000000 0.000000 0.000000 0.000000 
0.000000 0.000000 0.000000 0.016410 0.000000 0.000000 0.000000 0.000000 0.000000 0.000000 0.000000 0.000000 0.000000 0.000000 0.000000 0.000000 0.000000 0.000000 0.000000 0.000000 0.000000 0.008884 0.000000 0.023128 0.000000 0.000000 0.000000 0.016191 0.000000 0.000000 0.000000 0.000000 0.000000 0.000000 0.000000 0.000000 0.000000 0.000000 0.000000 0.000000 0.000000 0.000000 0.000000 0.000000 0.000000 0.000000 0.000000 0.022358 0.000000 0.000000 0.000000 0.009427 0.000000 0.000000 0.000000 0.000000 0.000000 0.009055 0.000000 0.026519 0.000000 0.000000 0.000000 0.000000 0.000000 0.015303 0.000000 0.018933 0.000000 0.002500 0.000000 0.000000 0.068644 0.000000 0.000000 0.605746 0.000000 0.000000 0.000000 0.000000 0.000000 0.000000 0.000000 0.000000 0.000000 0.000000 0.000000 0.000000 0.000000 0.018931 0.000000 0.006934 0.000000 0.010403 0.000000 0.120632 
0.000000 0.000000 0.000000 0.000000 0.000000 0.000000 0.000000 0.000000 0.000000 0.000000 0.000000 0.000000 0.000000 0.009381 0.000000 0.000000 0.000000 0.000000 0.044127 0.000000 0.000000 0.000000 0.000000 0.000000 0.011285 0.050462 0.026580 0.139993 0.000000 0.000000 0.000000 0.000000 0.000000 0.000000 0.026252 0.000000 0.000000 0.000000 0.000000 0.000000 0.004556 0.000000 0.086476 0.000000 0.000000 0.000000 0.000000 0.000000 0.000000 0.000000 0.000000 0.009188 0.000000 0.000000 0.000000 0.000000 0.240024 0.189148 0.000000 0.123926 0.000000 0.003582 0.000000 0.000000 0.000000 0.000000 0.020745 0.000000 0.000000 0.001660 0.000000 0.000000 0.000000 0.000000 0.000000 0.000000 0.000000 0.000000 0.012615 0.000000 0.000000 0.000000 0.000000 0.000000 0.000000 0.000000 0.000000 0.000000 0.000000 0.000000 0.000000 0.000000 0.000000 0.000000 0.000000 0.000000 
0.000000 0.000000 0.000000 0.000000 0.000000 0.000000 0.000000 0.000000 0.000000 0.000000 0.000000 0.000000 0.000000 0.000000 0.000000 0.000000 0.000000 0.000000 0.000000 0.000000 0.000000 0.000000 0.000000 0.000000 0.000000 0.000000 0.000000 0.000000 0.000000 0.000000 0.000000 0.000000 0.048664 0.000000 0.028543 0.170355 0.000000 0.000000 0.000000 0.000000 0.000000 0.000000 0.000000 0.000000 0.000000 0.000000 0.000000 0.000000 0.000000 0.000000 0.000000 0.000000 0.000000 0.000000 0.000000 0.000000 0.000000 0.035203 0.000000 0.000000 0.000000 0.000000 0.000000 0.000000 0.000000 0.000000 0.000000 0.000000 0.000000 0.000000 0.000000 0.000000 0.000000 0.000000 0.000000 0.000000 0.000000 0.000000 0.000000 0.000000 0.000000 0.683383 0.000000 0.033852 0.000000 0.000000 0.000000 0.000000 0.000000 0.000000 0.000000 0.000000 0.000000 0.000000 0.000000 0.000000 
0.000000 0.000000 0.000000 0.000000 0.000000 0.000000 0.000000 0.000000 0.000000 0.000000 0.000000 0.000000 0.000000 0.000000 0.000000 0.000000 0.000000 0.000000 0.000000 0.000000 0.000000 0.000000 0.000000 0.000000 0.000000 0.000000 0.000000 0.000000 0.000000 0.000000 0.000000 0.000000 0.000000 0.000000 0.000000 0.000000 0.000000 0.000000 0.000000 0.000000 0.000000 0.000000 0.000000 0.000000 0.000000 0.000000 0.000000 0.000000 0.000000 0.000000 0.000000 0.000000 0.000000 0.000000 0.000000 0.000000 0.000000 0.000000 0.000000 0.000000 0.000000 0.000000 0.000000 0.000000 0.000000 0.000000 0.000000 0.000000 0.000000 0.000000 0.000000 0.000000 0.000000 0.000000 0.000000 0.000000 0.000000 0.000000 0.000000 1.000000 0.000000 0.000000 0.000000 0.000000 0.000000 0.000000 0.000000 0.000000 0.000000 0.000000 0.000000 0.000000 0.000000 0.000000 0.000000 0.000000 
0.000000 0.000000 0.000000 0.000000 0.000000 0.000000 0.000000 0.000000 0.050811 0.000000 0.297092 0.024630 0.000000 0.000000 0.000000 0.000000 0.000000 0.006611 0.000000 0.000000 0.000000 0.000000 0.000000 0.000000 0.000000 0.000000 0.000000 0.000000 0.000000 0.000000 0.000000 0.000000 0.000000 0.000000 0.215582 0.000000 0.000000 0.000000 0.000000 0.000000 0.000000 0.000000 0.000000 0.000000 0.000000 0.000000 0.000000 0.000000 0.000000 0.000000 0.000000 0.000000 0.000000 0.000000 0.000000 0.000000 0.000000 0.035631 0.288549 0.034891 0.000000 0.000000 0.000000 0.000000 0.023391 0.000000 0.000000 0.000000 0.000000 0.000000 0.000000 0.000000 0.000000 0.000000 0.000000 0.000000 0.000000 0.000000 0.000000 0.000000 0.000000 0.000000 0.000000 0.000000 0.000000 0.000000 0.000000 0.000000 0.000000 0.000000 0.022813 0.000000 0.000000 0.000000 0.000000 0.000000 
0.000000 0.000000 0.000000 0.000000 0.000000 0.000000 0.000000 0.000000 0.000000 0.000000 0.000000 0.000000 0.000000 0.000000 0.000000 0.000000 0.000000 0.000000 0.000000 0.000000 0.000000 0.000000 0.000000 0.000000 0.000000 0.000000 0.000000 0.000000 0.000000 0.000000 0.000000 0.000000 0.000000 0.000000 0.000000 0.000000 0.000000 0.000000 0.000000 0.000000 0.000000 0.000000 0.000000 0.000000 0.000000 0.000000 0.000000 0.000000 0.000000 0.000000 0.000000 0.000000 0.000000 0.000000 0.000000 0.000000 0.000000 0.000000 0.000000 0.000000 0.000000 0.000000 0.000000 0.000000 0.000000 0.000000 0.000000 0.000000 0.000000 0.000000 0.000000 0.000000 0.000000 0.000000 0.000000 0.000000 0.000000 0.000000 0.000000 0.000000 0.000000 0.000000 0.892252 0.107748 0.000000 0.000000 0.000000 0.000000 0.000000 0.000000 0.000000 0.000000 0.000000 0.000000 0.000000 0.000000 
0.037015 0.029008 0.000000 0.056486 0.000152 0.566826 0.000000 0.000306 0.000000 0.014475 0.060210 0.165063 0.000000 0.002571 0.067886 
0.013238 0.068410 0.000000 0.010000 0.025393 0.281435 0.000000 0.000080 0.000000 0.329661 0.004015 0.037827 0.000000 0.073066 0.156875 
0.201332 0.290549 0.000000 0.010346 0.032889 0.051028 0.019432 0.170032 0.010000 0.060190 0.056820 0.043835 0.000000 0.042872 0.010675 
0.339137 0.365350 0.000000 0.010300 0.029411 0.000055 0.000000 0.105926 0.000000 0.028756 0.024204 0.011952 0.000000 0.084908 0.000000 
0.034700 0.192845 0.000000 0.107212 0.060089 0.080831 0.000000 0.025661 0.010000 0.009263 0.040615 0.330634 0.000000 0.054032 0.054118 
0.194199 0.368608 0.000000 0.022807 0.032002 0.027918 0.000000 0.122769 0.000000 0.102932 0.040545 0.018351 0.000000 0.058771 0.011098 
0.077111 0.173897 0.000000 0.008522 0.024279 0.106796 0.000000 0.063548 0.010000 0.223050 0.075846 0.054193 0.000000 0.059512 0.123246 
0.100824 0.181907 0.010000 0.037118 0.032656 0.018898 0.000000 0.060605 0.040000 0.249426 0.077152 0.032630 0.005559 0.078551 0.074675 
0.265282 0.078117 0.010000 0.017884 0.002936 0.367377 0.029320 0.126860 0.000000 0.025324 0.020403 0.033887 0.000000 0.001329 0.021281 
0.265360 0.256113 0.000000 0.042641 0.038918 0.018497 0.000000 0.067370 0.000000 0.024616 0.041578 0.055840 0.000000 0.162412 0.026654 
0.135567 0.237473 0.000000 0.028761 0.001400 0.048196 0.019607 0.015581 0.020000 0.014912 0.048873 0.021944 0.000000 0.317138 0.090547 
0.199043 0.324170 0.010000 0.030831 0.045750 0.000793 0.000000 0.099586 0.000000 0.027873 0.037136 0.053446 0.000000 0.141373 0.030000 
0.281879 0.295218 0.000000 0.050549 0.054528 0.062148 0.000000 0.045461 0.010000 0.038683 0.064119 0.046369 0.000000 0.005834 0.045210 
0.113073 0.135787 0.000000 0.000072 0.025168 0.022858 0.000000 0.040889 0.010000 0.288611 0.003072 0.019480 0.000000 0.144249 0.196740 
0.522047 0.135276 0.000000 0.001170 0.001646 0.010416 0.000000 0.151533 0.030000 0.027451 0.068155 0.018265 0.000000 0.020772 0.013269 
0.081917 0.374175 0.010000 0.061047 0.018549 0.038137 0.009678 0.122334 0.000000 0.040810 0.121270 0.029337 0.000000 0.071277 0.021470 
0.271010 0.082086 0.000000 0.047396 0.031798 0.047647 0.008995 0.052302 0.010000 0.042261 0.029497 0.075247 0.000000 0.222909 0.078852 
0.056806 0.138223 0.000000 0.100452 0.025223 0.127322 0.000000 0.000813 0.020000 0.018019 0.022296 0.348803 0.000000 0.050992 0.091050 
0.078751 0.296956 0.010000 0.040088 0.001610 0.222819 0.000000 0.051733 0.020000 0.037501 0.032120 0.052731 0.000000 0.132373 0.023318 
0.538082 0.142788 0.010000 0.036375 0.000782 0.023164 0.000000 0.167644 0.000000 0.037345 0.003521 0.021862 0.017024 0.001412 0.000000 
0.136414 0.391257 0.000000 0.052744 0.046830 0.049897 0.000000 0.157275 0.010000 0.013990 0.054981 0.016613 0.000000 0.069781 0.000217 
0.299680 0.314816 0.020000 0.000071 0.051201 0.100554 0.000000 0.080413 0.000000 0.029950 0.055616 0.001877 0.000000 0.045458 0.000363 
0.334936 0.281591 0.010000 0.000409 0.000834 0.028980 0.000000 0.026230 0.000000 0.060030 0.051157 0.022887 0.016381 0.138830 0.027735 
0.078465 0.114534 0.000000 0.050729 0.022578 0.013501 0.000000 0.001147 0.020000 0.041789 0.179483 0.028522 0.000000 0.363677 0.085575 
0.008089 0.030168 0.000000 0.132626 0.000800 0.342606 0.000000 0.010875 0.020000 0.000602 0.020970 0.317365 0.000000 0.010927 0.104974 
0.051415 0.055053 0.000000 0.013632 0.011872 0.007266 0.009783 0.000000 0.010000 0.478122 0.004809 0.042214 0.000000 0.116534 0.199300 
0.251274 0.251846 0.000000 0.003622 0.000762 0.017050 0.000000 0.056024 0.020000 0.054994 0.113069 0.046509 0.000000 0.160405 0.024444 
0.010145 0.042559 0.000000 0.000595 0.005530 0.690886 0.000000 0.004432 0.010000 0.072078 0.001366 0.053067 0.000000 0.052865 0.056477 
0.243052 0.150100 0.000000 0.002485 0.002241 0.166922 0.000000 0.190654 0.020000 0.044081 0.041543 0.024711 0.044684 0.035592 0.033936 
0.063652 0.157289 0.010000 0.000551 0.001221 0.002013 0.000000 0.000956 0.000000 0.518393 0.002652 0.031545 0.000000 0.025037 0.186690 
0.146818 0.084130 0.000000 0.196546 0.013826 0.126702 0.000000 0.017406 0.040000 0.011795 0.002812 0.297577 0.000000 0.004656 0.057732 
0.160082 0.173271 0.000000 0.056180 0.001221 0.241234 0.000000 0.050996 0.010000 0.061310 0.011379 0.043367 0.000000 0.168287 0.022673 
0.313310 0.224595 0.000000 0.035386 0.001433 0.020126 0.000000 0.078299 0.010000 0.071699 0.152481 0.000392 0.000000 0.072279 0.020000 
0.078793 0.257264 0.010000 0.017986 0.113125 0.046244 0.000000 0.043026 0.000000 0.223415 0.026741 0.041223 0.000000 0.058808 0.083375 
0.060480 0.022644 0.000000 0.021013 0.031347 0.555402 0.000000 0.065629 0.010000 0.077455 0.007147 0.059828 0.000000 0.054648 0.034405 
0.391632 0.145465 0.000000 0.016605 0.023736 0.022207 0.039048 0.057048 0.010000 0.125633 0.051969 0.001351 0.000000 0.020893 0.094412 
0.182414 0.343453 0.010000 0.062542 0.056780 0.022585 0.000000 0.090577 0.030000 0.041611 0.039720 0.033430 0.000000 0.086889 0.000000 
0.047547 0.359408 0.000000 0.000000 0.282564 0.081028 0.000000 0.025804 0.000000 0.100368 0.009604 0.000791 0.032024 0.025680 0.035180 
0.146202 0.267158 0.010000 0.043330 0.020242 0.021907 0.009452 0.053707 0.010000 0.021455 0.176820 0.034054 0.000000 0.150121 0.035553 
0.051374 0.023715 0.000000 0.000337 0.002637 0.021832 0.009783 0.000178 0.000000 0.428468 0.001246 0.060585 0.000000 0.105262 0.294583 
0.092734 0.118922 0.010000 0.002537 0.101012 0.132247 0.000000 0.063761 0.020000 0.069581 0.099502 0.051099 0.000000 0.194619 0.043986 
0.246867 0.048157 0.000000 0.032189 0.001587 0.325138 0.000000 0.023252 0.000000 0.044202 0.019890 0.128341 0.000000 0.067341 0.063036 
0.083898 0.047607 0.000000 0.041182 0.012150 0.074951 0.000000 0.003032 0.010000 0.000776 0.251987 0.102133 0.000000 0.301658 0.070626 
0.119479 0.293480 0.000000 0.074952 0.040273 0.044500 0.000000 0.123280 0.030000 0.029112 0.061045 0.058651 0.014549 0.099104 0.011576 
0.027157 0.107669 0.010000 0.049586 0.042684 0.033317 0.000000 0.000441 0.010000 0.162853 0.065704 0.033874 0.000000 0.331625 0.125089 
0.048940 0.026162 0.010000 0.200213 0.000317 0.174279 0.000000 0.008032 0.000000 0.000354 0.004074 0.408876 0.000000 0.006848 0.111904 
0.224574 0.285153 0.010000 0.003331 0.093931 0.012825 0.000000 0.191456 0.000000 0.020031 0.088529 0.017793 0.038361 0.014017 0.000000 
0.160942 0.149655 0.000000 0.041601 0.018749 0.031701 0.000000 0.075390 0.010000 0.002546 0.196079 0.040061 0.000000 0.217068 0.056206 
0.078061 0.072682 0.010000 0.010243 0.000694 0.299901 0.000000 0.000446 0.010000 0.011671 0.081462 0.012590 0.000000 0.313088 0.099162 
0.125513 0.252872 0.000000 0.037004 0.021637 0.010515 0.000000 0.202981 0.030000 0.044590 0.152470 0.003625 0.007681 0.098990 0.012122 
0.410460 0.227777 0.000000 0.004117 0.067540 0.005439 0.000000 0.077688 0.010000 0.020619 0.004363 0.002120 0.008501 0.138279 0.023097 
0.010356 0.025883 0.000000 0.006509 0.001457 0.754785 0.000000 0.012324 0.010000 0.002463 0.005097 0.106433 0.000000 0.020152 0.044541 
0.161506 0.169953 0.000000 0.072503 0.215011 0.025624 0.000000 0.013348 0.000000 0.036212 0.050332 0.054118 0.000000 0.158604 0.042790 
0.198518 0.202063 0.000000 0.001656 0.019955 0.333015 0.000000 0.076893 0.000000 0.001765 0.053023 0.051522 0.000000 0.036794 0.024795 
0.062185 0.119497 0.000000 0.101380 0.067149 0.187195 0.000000 0.025653 0.010000 0.003379 0.030731 0.273353 0.000000 0.018490 0.100987 
0.477534 0.310274 0.000000 0.010000 0.001579 0.018825 0.018686 0.039522 0.000000 0.037456 0.003804 0.012014 0.017495 0.041595 0.011217 
0.013208 0.084657 0.000000 0.157960 0.062412 0.111242 0.000000 0.028356 0.000000 0.017082 0.031415 0.279575 0.000000 0.103664 0.110428 
0.047566 0.148921 0.000000 0.058846 0.151855 0.070852 0.000000 0.061667 0.010000 0.059590 0.003038 0.103818 0.010611 0.206907 0.066330 
0.051681 0.040403 0.000000 0.047317 0.014927 0.496668 0.000000 0.025745 0.010000 0.015603 0.014088 0.230498 0.000000 0.020108 0.032962 
0.062850 0.090626 0.000000 0.001278 0.081918 0.435850 0.000000 0.033741 0.000000 0.023900 0.065309 0.130222 0.000000 0.063365 0.010942 
0.092000 0.385386 0.000000 0.096313 0.071633 0.059425 0.000000 0.081913 0.010000 0.003664 0.081652 0.051274 0.000000 0.040708 0.026031 
0.048970 0.059291 0.000000 0.010926 0.003585 0.004755 0.000000 0.010165 0.000000 0.030847 0.290721 0.004074 0.000000 0.512342 0.024324 
0.081097 0.120443 0.010000 0.013543 0.001578 0.200733 0.000000 0.068202 0.010000 0.212813 0.061480 0.032375 0.000000 0.108323 0.079411 
0.116727 0.216970 0.010000 0.000357 0.062451 0.010033 0.000000 0.068523 0.030000 0.019924 0.207618 0.036151 0.000000 0.181246 0.040000 
0.033276 0.012842 0.000000 0.010000 0.011102 0.756951 0.000000 0.000078 0.000000 0.013868 0.021630 0.065574 0.000000 0.016471 0.058206 
0.300407 0.358450 0.010000 0.003938 0.049838 0.010334 0.000000 0.089721 0.000000 0.029616 0.012491 0.003046 0.000000 0.132158 0.000000 
0.431268 0.271490 0.000000 0.000000 0.065106 0.027321 0.000000 0.029331 0.000000 0.080033 0.020157 0.000544 0.000000 0.063710 0.011041 
0.095318 0.145171 0.000000 0.024161 0.034020 0.036834 0.000000 0.000470 0.010000 0.055698 0.057522 0.025931 0.000000 0.431017 0.083857 
0.119894 0.138880 0.000000 0.088814 0.053589 0.150282 0.000000 0.082772 0.020000 0.031463 0.042160 0.190244 0.000000 0.013487 0.068415 
0.089339 0.021256 0.000000 0.054305 0.005942 0.285217 0.000000 0.037085 0.020000 0.060175 0.025459 0.230135 0.000000 0.061331 0.109755 
0.112705 0.171260 0.000000 0.005943 0.012262 0.501821 0.009570 0.007740 0.000000 0.013368 0.032180 0.052244 0.000000 0.001574 0.079331 
0.404987 0.089919 0.000000 0.059008 0.051502 0.004290 0.018884 0.260455 0.010000 0.025621 0.036333 0.015654 0.000000 0.011292 0.012053 
0.099909 0.092716 0.000000 0.059670 0.017177 0.057257 0.000000 0.045489 0.000000 0.069115 0.094456 0.069397 0.000000 0.332455 0.062358 
0.073714 0.063511 0.000000 0.000158 0.001839 0.199495 0.009706 0.000147 0.000000 0.364094 0.034459 0.035677 0.000000 0.046171 0.171029 
0.038825 0.139554 0.000000 0.124729 0.013152 0.046599 0.000000 0.026414 0.020000 0.022293 0.145579 0.160567 0.000000 0.194619 0.067667 
0.075097 0.290586 0.000000 0.003582 0.200375 0.152397 0.000000 0.035677 0.000000 0.047946 0.076913 0.057436 0.000000 0.059480 0.000510 
0.125416 0.141001 0.000000 0.002988 0.024992 0.002564 0.000000 0.084465 0.020000 0.233753 0.086468 0.022380 0.000000 0.110200 0.145773 
0.124868 0.257954 0.000000 0.026270 0.040388 0.040664 0.000000 0.070251 0.020000 0.066193 0.065190 0.045779 0.000000 0.202443 0.040000 
0.103792 0.270781 0.000000 0.050456 0.001216 0.027411 0.000000 0.081369 0.030000 0.028325 0.208744 0.055942 0.000000 0.130911 0.011054 
0.014808 0.046363 0.000000 0.103878 0.009945 0.104982 0.000000 0.020225 0.010000 0.220556 0.000225 0.245352 0.000000 0.049133 0.174532 
0.037094 0.088056 0.000000 0.076733 0.018661 0.014511 0.000000 0.000851 0.000000 0.229913 0.022107 0.179454 0.000000 0.061664 0.270956 
0.319458 0.132692 0.000000 0.010812 0.019237 0.008599 0.019115 0.107403 0.010000 0.132553 0.043594 0.024101 0.000000 0.146510 0.025926 
0.325514 0.145490 0.000000 0.004216 0.001082 0.033164 0.008786 0.200568 0.010000 0.138158 0.050349 0.017913 0.000000 0.030518 0.034240 
0.083282 0.154574 0.010000 0.010159 0.002315 0.025405 0.000000 0.002963 0.010000 0.106608 0.235650 0.012779 0.000000 0.282259 0.064007 
0.025002 0.045911 0.000000 0.154530 0.009786 0.190815 0.000000 0.036001 0.010000 0.051017 0.009425 0.238830 0.000000 0.085868 0.142815 
0.023784 0.015900 0.000000 0.139612 0.004300 0.159559 0.000000 0.021249 0.000000 0.004929 0.001595 0.555935 0.000000 0.006445 0.066693 
0.042166 0.052530 0.000000 0.049262 0.010142 0.211268 0.000000 0.000372 0.020000 0.096287 0.119582 0.098313 0.000000 0.161317 0.138762 
0.075246 0.211345 0.000000 0.041238 0.020538 0.174978 0.000000 0.084599 0.010000 0.018454 0.025644 0.284871 0.000000 0.008851 0.044236 
0.090799 0.259031 0.000000 0.023438 0.001665 0.039169 0.000000 0.018316 0.030000 0.047259 0.057786 0.031463 0.000000 0.342166 0.058908 
0.032884 0.109817 0.020000 0.010241 0.026657 0.001474 0.000000 0.045797 0.020000 0.043137 0.291459 0.032269 0.000000 0.356265 0.010000 
0.285965 0.213330 0.000000 0.032622 0.097948 0.017672 0.008939 0.182210 0.010000 0.037387 0.067219 0.001077 0.000000 0.045175 0.000456 
0.079446 0.036685 0.000000 0.058650 0.029796 0.000016 0.000000 0.011768 0.020000 0.003231 0.361875 0.018048 0.000000 0.380485 0.000000 
0.349542 0.057669 0.000000 0.070040 0.001554 0.090710 0.000000 0.106129 0.000000 0.218957 0.006065 0.001239 0.000000 0.034488 0.063607 
0.086742 0.095796 0.000000 0.124178 0.001330 0.086340 0.000000 0.034757 0.010000 0.050359 0.020875 0.231449 0.000000 0.187684 0.070489 
0.314988 0.152562 0.000000 0.000307 0.004475 0.008485 0.000000 0.083011 0.000000 0.264389 0.021014 0.002380 0.008027 0.037722 0.102641 
0.153257 0.305522 0.000000 0.024509 0.089490 0.296086 0.000000 0.028841 0.000000 0.023803 0.021713 0.032845 0.000000 0.023579 0.000355 
0.114236 0.203441 0.000000 0.011753 0.007302 0.001040 0.000000 0.001100 0.000000 0.114542 0.039852 0.033372 0.000000 0.325392 0.147970 
0.191656 0.226048 0.020000 0.077182 0.006253 0.007151 0.009289 0.200382 0.010000 0.069926 0.039717 0.044395 0.008240 0.077845 0.011916 
0.324613 0.246359 0.000000 0.005235 0.022343 0.030094 0.000000 0.039107 0.020000 0.053492 0.049291 0.015115 0.000000 0.174351 0.020000 
0.433082 0.124382 0.010000 0.030250 0.009823 0.038589 0.000000 0.168547 0.000000 0.081943 0.096292 0.001178 0.000000 0.005669 0.000246 
0.141881 0.349757 0.010000 0.017640 0.015978 0.073144 0.000000 0.286046 0.020000 0.043759 0.027928 0.011971 0.000000 0.001390 0.000504 
0.249562 0.350233 0.000000 0.000336 0.003068 0.020379 0.000000 0.158467 0.010000 0.023367 0.153925 0.012313 0.017328 0.000610 0.000410 
0.297632 0.324181 0.000000 0.024066 0.079813 0.012587 0.000000 0.068555 0.000000 0.122249 0.006044 0.022731 0.000000 0.012141 0.030000 
0.125508 0.356775 0.010000 0.028173 0.087876 0.087878 0.000000 0.117793 0.000000 0.061989 0.056631 0.034530 0.031365 0.001069 0.000413 
0.071272 0.195140 0.000000 0.014979 0.150092 0.004159 0.000000 0.000680 0.000000 0.327583 0.036643 0.011743 0.000000 0.023242 0.164466 
0.085413 0.282302 0.000000 0.027640 0.087464 0.046924 0.000000 0.049423 0.020000 0.216577 0.023147 0.002133 0.000000 0.065205 0.093772 
0.076132 0.183028 0.010000 0.018506 0.011270 0.373483 0.000000 0.049411 0.010000 0.091743 0.019642 0.052804 0.000000 0.070540 0.033442 
0.127636 0.530155 0.000000 0.001212 0.196060 0.030296 0.000000 0.016190 0.000000 0.019358 0.060817 0.001259 0.000000 0.017016 0.000000 
0.106461 0.090163 0.000000 0.028808 0.008757 0.161975 0.000000 0.013563 0.030000 0.033784 0.083548 0.065468 0.000000 0.310300 0.067173 
0.353001 0.146785 0.010000 0.036761 0.000363 0.015537 0.000000 0.080531 0.020000 0.001449 0.083873 0.061787 0.000000 0.178683 0.011231 
0.208009 0.316741 0.010000 0.048890 0.051636 0.012178 0.000000 0.083640 0.040000 0.025635 0.031326 0.056523 0.018199 0.097222 0.000000 
0.220231 0.279792 0.010000 0.014355 0.035155 0.001262 0.000000 0.231681 0.020000 0.035102 0.046227 0.055941 0.009087 0.041168 0.000000 
0.164153 0.171603 0.000000 0.020928 0.019872 0.089058 0.000000 0.027751 0.010000 0.030490 0.249022 0.001996 0.000000 0.204192 0.010936 
0.001952 0.039031 0.000000 0.010938 0.001786 0.730580 0.000000 0.000535 0.000000 0.016230 0.010000 0.153524 0.000000 0.000893 0.034532 
0.104840 0.274543 0.000000 0.000145 0.189530 0.174415 0.000000 0.001183 0.020000 0.090579 0.030164 0.034153 0.000000 0.056683 0.023764 
0.133614 0.259704 0.000000 0.018962 0.034584 0.008264 0.000000 0.098766 0.020000 0.180190 0.064070 0.051352 0.008063 0.062649 0.059781 
0.406482 0.106739 0.010000 0.029336 0.022629 0.032011 0.008463 0.076156 0.000000 0.180626 0.016398 0.001543 0.000000 0.064344 0.045274 
0.157884 0.159706 0.000000 0.008125 0.001389 0.088153 0.000000 0.057317 0.000000 0.095495 0.061182 0.038624 0.000000 0.289449 0.042676 
0.021123 0.090764 0.000000 0.041273 0.056609 0.049038 0.009886 0.000129 0.000000 0.320510 0.027947 0.155419 0.000000 0.058302 0.169000 
0.025257 0.042271 0.000000 0.029265 0.030406 0.051520 0.000000 0.001115 0.040000 0.013197 0.342454 0.168969 0.000000 0.190874 0.064672 
0.174824 0.308505 0.010000 0.031919 0.031556 0.025565 0.000000 0.127665 0.020000 0.082974 0.094127 0.059708 0.000000 0.020892 0.012265 
0.474167 0.066017 0.010000 0.052702 0.001507 0.011150 0.000000 0.175024 0.010000 0.127726 0.034101 0.001473 0.000000 0.006134 0.030000 
0.018940 0.034651 0.000000 0.203213 0.000000 0.183453 0.000000 0.010365 0.020000 0.001052 0.015610 0.388775 0.000000 0.021831 0.102110 
0.147806 0.089853 0.000000 0.097531 0.044393 0.048201 0.000000 0.020397 0.020000 0.169010 0.008899 0.226472 0.000000 0.014303 0.113135 
0.262738 0.128281 0.000000 0.056561 0.048544 0.060385 0.000000 0.033190 0.020000 0.018839 0.024862 0.233451 0.000000 0.045016 0.068134 
0.085249 0.296966 0.010000 0.017454 0.097529 0.119221 0.029761 0.137747 0.000000 0.036057 0.093635 0.020529 0.000000 0.055422 0.000429 
0.570005 0.130252 0.010000 0.001782 0.000967 0.017087 0.007745 0.140208 0.000000 0.025284 0.064726 0.023933 0.006232 0.001780 0.000000 
0.525389 0.206967 0.030000 0.045349 0.000399 0.003865 0.007952 0.097906 0.000000 0.025948 0.017587 0.026229 0.000000 0.011823 0.000585 
0.314914 0.299097 0.000000 0.012473 0.158306 0.020171 0.000000 0.067334 0.000000 0.047941 0.031441 0.002186 0.000000 0.036137 0.010000 
0.043964 0.157108 0.000000 0.006077 0.165368 0.344992 0.000000 0.028885 0.010000 0.043444 0.002233 0.108215 0.000000 0.057463 0.032252 
0.412990 0.247841 0.000000 0.007062 0.027331 0.019104 0.000000 0.079386 0.000000 0.080537 0.035237 0.028080 0.005507 0.044335 0.012591 
0.234817 0.088315 0.010000 0.106685 0.000768 0.111985 0.000000 0.054999 0.000000 0.026232 0.028925 0.200607 0.000000 0.004507 0.132159 
0.046295 0.019248 0.000000 0.014928 0.000331 0.723713 0.000000 0.004621 0.000000 0.024643 0.005280 0.113624 0.000000 0.001358 0.045959 
0.063918 0.131531 0.000000 0.089347 0.095426 0.171683 0.000000 0.000432 0.000000 0.054605 0.001785 0.254057 0.000000 0.036967 0.100249 
0.085825 0.370051 0.010000 0.004952 0.296110 0.023189 0.000000 0.026092 0.010000 0.060473 0.025677 0.040663 0.000000 0.035739 0.011230 
0.005975 0.026860 0.000000 0.000238 0.000106 0.569911 0.000000 0.000416 0.010000 0.023583 0.138796 0.077807 0.000000 0.102284 0.044023 
0.167146 0.167479 0.000000 0.003183 0.000173 0.020229 0.000000 0.033709 0.010000 0.015177 0.074336 0.038718 0.000000 0.389849 0.080000 
0.088068 0.406607 0.000000 0.045127 0.204245 0.056773 0.000000 0.018776 0.000000 0.020844 0.029879 0.040248 0.000000 0.077309 0.012123 
0.252020 0.200323 0.000000 0.048906 0.002140 0.208239 0.000000 0.061633 0.030000 0.015062 0.026034 0.088084 0.000000 0.032108 0.035449 
0.384879 0.090621 0.010000 0.075109 0.001462 0.096248 0.000000 0.068693 0.020000 0.030680 0.068012 0.037232 0.000000 0.116430 0.000634 
0.375140 0.221716 0.000000 0.051345 0.011175 0.011738 0.000000 0.158847 0.020000 0.002831 0.089279 0.028957 0.028394 0.000578 0.000000 
0.056374 0.207040 0.000000 0.061395 0.207021 0.110590 0.000000 0.040162 0.000000 0.108937 0.002776 0.110447 0.000000 0.043948 0.051310 
0.155605 0.319238 0.010000 0.015906 0.029623 0.033856 0.019554 0.086343 0.000000 0.168734 0.032486 0.047867 0.000000 0.046589 0.034200 
0.505161 0.097443 0.010000 0.047697 0.055409 0.036745 0.000000 0.166015 0.000000 0.005867 0.036145 0.015729 0.000000 0.012075 0.011714 
0.288747 0.075447 0.000000 0.011081 0.026143 0.266249 0.000000 0.064979 0.000000 0.001292 0.055237 0.102872 0.000000 0.096410 0.011541 
0.037771 0.125374 0.000000 0.000351 0.038399 0.014856 0.000000 0.000124 0.010000 0.030912 0.398387 0.056196 0.000000 0.233482 0.054150 
0.145068 0.188652 0.010000 0.016435 0.032528 0.017983 0.000000 0.127194 0.010000 0.296077 0.041413 0.028540 0.017586 0.021203 0.047320 
0.070841 0.070738 0.000000 0.157150 0.003603 0.190823 0.000000 0.000140 0.010000 0.010233 0.004231 0.433172 0.000000 0.004028 0.045040 
0.058658 0.068307 0.010000 0.073910 0.000922 0.095377 0.000000 0.023552 0.020000 0.001432 0.125453 0.198620 0.000000 0.239893 0.083877 
0.002418 0.020320 0.000000 0.064355 0.000956 0.459976 0.000000 0.000554 0.000000 0.023872 0.002741 0.296526 0.000000 0.018177 0.110105 
0.019489 0.126971 0.000000 0.000692 0.001428 0.398236 0.000000 0.012131 0.010000 0.245251 0.057695 0.082651 0.000000 0.022969 0.022486 
0.135403 0.215675 0.000000 0.022434 0.018914 0.308636 0.000000 0.063451 0.000000 0.043707 0.092173 0.055646 0.000000 0.043798 0.000162 
0.145927 0.262760 0.000000 0.032948 0.170801 0.089817 0.000000 0.067453 0.000000 0.016378 0.047023 0.060740 0.000000 0.038682 0.067471 
0.130417 0.173529 0.000000 0.003404 0.005977 0.065896 0.000000 0.033730 0.000000 0.301001 0.041522 0.071619 0.000000 0.045255 0.127651 
0.336925 0.259659 0.010000 0.061290 0.029389 0.002705 0.000000 0.038910 0.000000 0.102202 0.024907 0.033511 0.000000 0.066526 0.033976 
0.290278 0.064812 0.000000 0.049835 0.038881 0.041213 0.000000 0.062175 0.010000 0.003529 0.039572 0.033165 0.000000 0.286482 0.080059 
0.065894 0.061960 0.000000 0.000450 0.022373 0.046565 0.009733 0.020518 0.000000 0.438313 0.036494 0.038212 0.000000 0.057552 0.201936 
0.031772 0.069158 0.000000 0.000337 0.003727 0.001416 0.000000 0.000174 0.000000 0.525475 0.011397 0.017040 0.000000 0.061408 0.278096 
0.095745 0.118510 0.000000 0.005933 0.021520 0.172064 0.000000 0.003062 0.010000 0.004826 0.205677 0.045357 0.033712 0.271692 0.011901 
0.063655 0.068470 0.010000 0.039902 0.014266 0.114868 0.000000 0.011018 0.000000 0.027291 0.065199 0.226145 0.000000 0.236441 0.122744 
0.070060 0.157711 0.000000 0.007358 0.021272 0.065832 0.000000 0.013308 0.050000 0.017810 0.035928 0.013833 0.000000 0.514060 0.032828 
0.137964 0.086044 0.000000 0.016689 0.021279 0.054213 0.000000 0.040496 0.010000 0.327955 0.004724 0.035604 0.000000 0.069891 0.195141 
0.130893 0.198883 0.000000 0.000745 0.016093 0.020003 0.009506 0.029363 0.010000 0.267642 0.061492 0.065871 0.017369 0.072188 0.099953 
0.072281 0.048433 0.000000 0.000233 0.024045 0.514185 0.000000 0.040757 0.000000 0.074610 0.056871 0.082239 0.000000 0.040542 0.045804 
0.037759 0.094999 0.000000 0.036458 0.000834 0.568097 0.000000 0.013305 0.010000 0.012390 0.016108 0.081634 0.000000 0.052675 0.075741 
0.124417 0.186033 0.010000 0.051395 0.034744 0.007247 0.000000 0.066097 0.010000 0.014331 0.061138 0.047824 0.000000 0.315817 0.070957 
0.245027 0.197924 0.000000 0.002346 0.050997 0.235544 0.000000 0.145024 0.000000 0.006356 0.018807 0.025563 0.027159 0.045040 0.000213 
0.180386 0.297999 0.000000 0.031048 0.063755 0.042883 0.000000 0.124438 0.040000 0.032741 0.114272 0.016964 0.014748 0.040254 0.000512 
0.093098 0.152859 0.000000 0.012654 0.020345 0.045574 0.000000 0.003549 0.010000 0.112057 0.169030 0.019481 0.000000 0.277868 0.083486 
0.202845 0.340258 0.010000 0.008563 0.050954 0.026649 0.000000 0.218958 0.000000 0.040648 0.044738 0.015986 0.016639 0.023762 0.000000 
0.012549 0.085265 0.010000 0.166952 0.048861 0.174231 0.000000 0.012873 0.010000 0.001704 0.001421 0.395145 0.000000 0.000798 0.080202 
0.094785 0.453170 0.010000 0.009970 0.033597 0.034636 0.009633 0.072133 0.040000 0.066175 0.030115 0.030678 0.000000 0.091808 0.023300 
0.063093 0.147376 0.000000 0.010000 0.001053 0.033445 0.000000 0.034685 0.000000 0.424694 0.034451 0.021639 0.000000 0.014137 0.215429 
0.251002 0.300917 0.010000 0.000134 0.196435 0.016760 0.000000 0.054566 0.000000 0.093868 0.003268 0.013847 0.000000 0.031188 0.028015 
0.044728 0.059314 0.000000 0.000809 0.003035 0.001809 0.009805 0.010264 0.010000 0.534730 0.006772 0.000450 0.000000 0.100416 0.217868 
0.193219 0.155230 0.010000 0.056976 0.021762 0.135992 0.000000 0.018642 0.030000 0.111869 0.030705 0.072580 0.000000 0.081970 0.081056 
0.064919 0.167381 0.000000 0.014429 0.080849 0.331325 0.000000 0.009145 0.000000 0.063097 0.043296 0.097507 0.000000 0.062370 0.065682 
0.155100 0.120392 0.000000 0.050477 0.067531 0.142946 0.000000 0.058811 0.010000 0.016812 0.041389 0.037780 0.000000 0.244278 0.054484 
0.517760 0.067055 0.000000 0.012746 0.005548 0.004121 0.000000 0.129367 0.000000 0.120670 0.015534 0.016597 0.000000 0.040000 0.070602 
0.342969 0.255874 0.020000 0.011720 0.004039 0.111604 0.000000 0.104001 0.010000 0.017419 0.056096 0.020562 0.000000 0.045507 0.000208 
0.063713 0.058694 0.000000 0.000331 0.002364 0.008734 0.009740 0.002746 0.000000 0.503611 0.003480 0.036179 0.000000 0.082468 0.227940 
0.052236 0.097763 0.000000 0.113281 0.062001 0.108295 0.000000 0.048424 0.040000 0.122745 0.040897 0.223315 0.000000 0.068029 0.023014 
0.479626 0.062281 0.000000 0.081014 0.000536 0.001460 0.008156 0.194572 0.000000 0.070832 0.052796 0.015840 0.009060 0.023827 0.000000 
0.093571 0.305732 0.000000 0.033732 0.065331 0.032356 0.009637 0.070008 0.010000 0.097754 0.023970 0.063672 0.000000 0.149032 0.045206 
0.472538 0.249835 0.000000 0.000000 0.007704 0.021368 0.000000 0.099692 0.000000 0.079607 0.002574 0.018885 0.027481 0.009192 0.011123 
0.122264 0.339797 0.020000 0.023299 0.018015 0.017347 0.000000 0.134206 0.010000 0.047070 0.099955 0.087156 0.000000 0.069658 0.011233 
0.202993 0.327271 0.000000 0.000394 0.074936 0.033894 0.000000 0.085676 0.010000 0.068091 0.085616 0.015567 0.000000 0.058622 0.036941 
0.083123 0.278103 0.000000 0.068341 0.097312 0.208373 0.000000 0.031189 0.020000 0.016540 0.040029 0.063238 0.000000 0.030999 0.062755 
0.194353 0.313324 0.000000 0.008640 0.160245 0.040461 0.000000 0.101813 0.000000 0.032675 0.025096 0.014824 0.000000 0.082023 0.026548 
0.159739 0.163015 0.000000 0.047368 0.002799 0.012938 0.000000 0.030194 0.020000 0.047658 0.091378 0.030223 0.007225 0.347464 0.040000 
0.192535 0.295605 0.010000 0.037590 0.026590 0.178825 0.000000 0.063051 0.000000 0.032192 0.069644 0.024007 0.021821 0.036007 0.012133 
0.108563 0.177548 0.000000 0.021662 0.023585 0.000004 0.000000 0.014683 0.020000 0.012868 0.148977 0.000986 0.000000 0.421124 0.050000 
0.028495 0.086282 0.000000 0.005220 0.001062 0.300152 0.000000 0.002048 0.010000 0.196178 0.060198 0.059074 0.000000 0.073083 0.178206 
0.098135 0.150751 0.010000 0.000130 0.005926 0.065717 0.000000 0.024672 0.020000 0.108108 0.223140 0.015240 0.000000 0.234685 0.043498 
0.149893 0.151356 0.000000 0.029085 0.020812 0.053354 0.000000 0.056413 0.000000 0.063900 0.042748 0.079529 0.000000 0.298562 0.054347 
0.418580 0.100752 0.000000 0.004447 0.000558 0.151239 0.000000 0.135236 0.010000 0.033670 0.069484 0.012404 0.000000 0.041137 0.022493 
0.397578 0.132597 0.020000 0.037870 0.032599 0.017021 0.008500 0.179305 0.000000 0.028928 0.066781 0.002547 0.000000 0.075844 0.000429 
0.284409 0.290399 0.000000 0.015076 0.010650 0.061211 0.008945 0.116024 0.000000 0.103002 0.013902 0.012472 0.012272 0.061039 0.010599 
