-195998.551205
0
0.000000 0.000000 0.000000 0.000000 0.000000 0.000000 0.000000 0.000000 0.000000 0.000000 0.000000 0.000000 0.000000 0.000000 0.000000 0.000000 0.000000 0.000000 0.000000 0.000000 0.000000 0.000000 0.000000 0.000000 0.000000 0.000000 0.000000 0.000000 0.000000 0.000000 0.000000 0.000000 0.000000 0.000000 0.000000 0.000000 0.000000 0.000000 0.000000 0.000000 0.000000 0.000000 0.000000 0.000000 0.000000 0.000000 0.000000 0.000000 0.000000 0.000000 0.000000 0.000000 0.000000 0.000000 0.000000 0.000000 0.000000 0.000000 0.000000 0.000000 0.000000 0.000000 0.000000 0.961359 0.000000 0.000000 0.000000 0.000000 0.000000 0.038641 0.000000 0.000000 0.000000 0.000000 0.000000 0.000000 0.000000 0.000000 0.000000 0.000000 0.000000 0.000000 0.000000 0.000000 0.000000 0.000000 0.000000 0.000000 0.000000 0.000000 0.000000 0.000000 0.000000 0.000000 0.000000 0.000000 
0.000000 0.000000 0.000000 0.000000 0.000000 0.000000 0.000000 0.000000 0.028504 0.030087 0.000000 0.022947 0.000000 0.005578 0.000000 0.000000 0.005633 0.008930 0.027636 0.000000 0.000000 0.000000 0.000000 0.000000 0.013856 0.032814 0.012399 0.083549 0.000000 0.000000 0.000000 0.000000 0.000000 0.000000 0.105926 0.000000 0.000000 0.000000 0.000000 0.000000 0.003475 0.000000 0.046420 0.000000 0.000000 0.000000 0.000000 0.000000 0.000000 0.005653 0.000000 0.007625 0.000000 0.004005 0.000000 0.000000 0.112720 0.149339 0.154839 0.089074 0.000000 0.002429 0.000000 0.000000 0.017080 0.001659 0.014264 0.000000 0.000000 0.000000 0.000000 0.000000 0.000000 0.000000 0.000000 0.000000 0.000000 0.000000 0.000000 0.000000 0.000000 0.000000 0.000000 0.000000 0.000000 0.000000 0.000000 0.000000 0.002983 0.000000 0.010576 0.000000 0.000000 0.000000 0.000000 0.000000 
0.000000 0.000000 0.000000 0.000000 0.000000 0.000000 0.000000 0.000000 0.003631 0.000000 0.000000 0.000000 0.000000 0.000000 0.000000 0.000000 0.000000 0.000000 0.000000 0.001161 0.000000 0.000000 0.000000 0.000000 0.000000 0.000000 0.000000 0.000000 0.000000 0.000000 0.000000 0.000000 0.000000 0.000000 0.000000 0.000000 0.000000 0.000000 0.000000 0.000000 0.000000 0.000000 0.000000 0.000000 0.000000 0.000000 0.000000 0.000000 0.000000 0.000000 0.000000 0.000000 0.000000 0.000000 0.000000 0.000000 0.005187 0.000000 0.000000 0.000000 0.000000 0.000000 0.000000 0.000000 0.000000 0.000000 0.000000 0.000000 0.000000 0.000000 0.000000 0.000000 0.010956 0.002547 0.000000 0.000000 0.040257 0.000000 0.000000 0.076316 0.526843 0.035160 0.005655 0.292287 0.000000 0.000000 0.000000 0.000000 0.000000 0.000000 0.000000 0.000000 0.000000 0.000000 0.000000 0.000000 
0.000000 0.000000 0.000000 0.000000 0.000000 0.000000 0.000000 0.000000 0.000000 0.000000 0.000000 0.000000 0.000000 0.000000 0.000000 0.000000 0.000000 0.014520 0.000000 0.000000 0.086674 0.012711 0.000000 0.053920 0.000000 0.000000 0.000000 0.000000 0.000000 0.000000 0.000000 0.000000 0.000000 0.000000 0.000000 0.000000 0.000000 0.000000 0.000000 0.000000 0.000000 0.000000 0.000000 0.000000 0.072155 0.000000 0.000000 0.223943 0.000000 0.011198 0.000000 0.000000 0.000000 0.000000 0.000000 0.000000 0.000000 0.000000 0.000000 0.000000 0.000000 0.000000 0.000000 0.000000 0.000000 0.000000 0.000000 0.000000 0.000000 0.019622 0.000000 0.025761 0.060497 0.000000 0.000000 0.000000 0.000000 0.000000 0.000000 0.000000 0.000000 0.000000 0.000000 0.000000 0.000000 0.000000 0.000000 0.000000 0.000000 0.038782 0.032876 0.028687 0.146069 0.000000 0.000000 0.172584 
0.019476 0.008728 0.000000 0.000000 0.000000 0.010882 0.000000 0.000000 0.031882 0.007819 0.000000 0.035919 0.024586 0.012322 0.010142 0.041701 0.061049 0.023074 0.043432 0.053885 0.000000 0.005039 0.000000 0.008120 0.005023 0.000000 0.000000 0.000000 0.000000 0.000000 0.000000 0.000000 0.016979 0.000000 0.000000 0.017581 0.008340 0.008749 0.000000 0.012161 0.029361 0.033610 0.028704 0.045539 0.000000 0.007703 0.022593 0.000000 0.014456 0.000000 0.000000 0.008016 0.000000 0.000000 0.000000 0.010517 0.000000 0.000000 0.000000 0.017872 0.000000 0.006192 0.000000 0.000000 0.000000 0.019365 0.023798 0.025211 0.005602 0.000000 0.005042 0.015088 0.000000 0.000000 0.000000 0.000000 0.000000 0.000000 0.000000 0.005148 0.000000 0.000000 0.000000 0.000000 0.029271 0.014182 0.020445 0.039522 0.035419 0.000000 0.000000 0.036624 0.000000 0.012557 0.021278 0.000000 
0.052470 0.048961 0.017220 0.044084 0.010993 0.004140 0.005591 0.000000 0.011592 0.000000 0.000000 0.000000 0.003577 0.005814 0.016261 0.000000 0.000000 0.000000 0.000000 0.000000 0.000000 0.000000 0.000000 0.000000 0.057125 0.066745 0.007549 0.046815 0.009295 0.009299 0.008834 0.009802 0.017746 0.014942 0.000000 0.023631 0.013373 0.017086 0.051324 0.028375 0.000000 0.000000 0.003336 0.000000 0.000000 0.000000 0.003569 0.000000 0.041780 0.043381 0.018562 0.040461 0.015766 0.007632 0.006709 0.008607 0.000000 0.000000 0.000000 0.000000 0.009688 0.008102 0.018301 0.000000 0.000000 0.000000 0.000000 0.000000 0.000000 0.000000 0.000000 0.000000 0.050983 0.063818 0.008818 0.021574 0.000000 0.005301 0.000000 0.000000 0.000000 0.000000 0.000000 0.006206 0.001546 0.008083 0.005134 0.000000 0.000000 0.000000 0.000000 0.000000 0.000000 0.000000 0.000000 0.000000 
0.000000 0.000000 0.000000 0.000000 0.053016 0.045049 0.000000 0.168446 0.000000 0.000000 0.000000 0.000000 0.000000 0.000000 0.000000 0.000000 0.000000 0.000000 0.000000 0.000000 0.000000 0.000000 0.000000 0.000000 0.000000 0.000000 0.000000 0.000000 0.000000 0.000000 0.000000 0.104779 0.000000 0.000000 0.000000 0.000000 0.000000 0.048793 0.000000 0.000000 0.000000 0.000000 0.000000 0.000000 0.000000 0.044733 0.000000 0.000000 0.000000 0.000000 0.000000 0.000000 0.000000 0.000000 0.000000 0.099898 0.000000 0.000000 0.000000 0.000000 0.000000 0.000000 0.000000 0.000000 0.000000 0.000000 0.000000 0.000000 0.000000 0.000000 0.000000 0.000000 0.000000 0.000000 0.000000 0.000000 0.216173 0.000000 0.106509 0.054091 0.000000 0.000000 0.000000 0.000000 0.000000 0.000000 0.000000 0.000000 0.000000 0.000000 0.000000 0.000000 0.000000 0.000000 0.058512 0.000000 
0.000000 0.000000 0.000000 0.000000 0.000000 0.000000 0.000000 0.000000 0.000000 0.021904 0.000000 0.004944 0.000000 0.000000 0.000000 0.000000 0.000000 0.000000 0.000000 0.000000 0.000000 0.000000 0.000000 0.000000 0.000946 0.000000 0.000000 0.000000 0.000000 0.000000 0.000000 0.000000 0.113456 0.134726 0.021470 0.104598 0.000000 0.000000 0.000000 0.000000 0.000000 0.000000 0.000000 0.000000 0.000000 0.000000 0.000000 0.000000 0.000000 0.000000 0.000000 0.000000 0.000000 0.000000 0.000000 0.000000 0.000000 0.021559 0.000000 0.016313 0.000000 0.000000 0.000000 0.000000 0.000000 0.000000 0.000000 0.007216 0.000000 0.000000 0.000000 0.000000 0.000000 0.000000 0.000000 0.000000 0.000000 0.000000 0.000000 0.000000 0.000000 0.376213 0.118998 0.057657 0.000000 0.000000 0.000000 0.000000 0.000000 0.000000 0.000000 0.000000 0.000000 0.000000 0.000000 0.000000 
0.000000 0.000000 0.000000 0.015344 0.000000 0.000000 0.000000 0.000000 0.000000 0.000000 0.000000 0.000000 0.000000 0.000000 0.000000 0.000000 0.000000 0.000000 0.000000 0.000000 0.000000 0.004366 0.000000 0.013535 0.000000 0.000000 0.000000 0.012264 0.000000 0.000000 0.000000 0.000000 0.000000 0.000000 0.000000 0.000000 0.000000 0.000000 0.000000 0.000000 0.000000 0.000000 0.000000 0.000000 0.000000 0.000000 0.001587 0.000000 0.000000 0.000000 0.000000 0.007638 0.000000 0.000000 0.000000 0.000000 0.000000 0.005408 0.012932 0.010702 0.000000 0.000000 0.000000 0.000000 0.006216 0.010814 0.000000 0.013406 0.000000 0.000000 0.000000 0.000000 0.044587 0.013490 0.003956 0.416477 0.000000 0.000000 0.000000 0.000000 0.000000 0.000000 0.256500 0.036869 0.000000 0.000000 0.000000 0.000000 0.000000 0.016535 0.005838 0.004741 0.000000 0.007856 0.000000 0.078940 
0.000000 0.000000 0.000000 0.000000 0.000000 0.000000 0.000000 0.000000 0.039237 0.000000 0.480986 0.000000 0.000000 0.000000 0.000000 0.000000 0.000000 0.000000 0.000000 0.000000 0.000000 0.000000 0.000000 0.000000 0.000000 0.000000 0.000000 0.000000 0.000000 0.000000 0.000000 0.000000 0.000000 0.000000 0.187712 0.000000 0.000000 0.000000 0.000000 0.000000 0.000000 0.000000 0.000000 0.000000 0.000000 0.006841 0.000000 0.000000 0.000000 0.000000 0.000000 0.000000 0.000000 0.000000 0.000000 0.000000 0.000000 0.000000 0.179802 0.000000 0.000000 0.000000 0.000000 0.000000 0.016980 0.008982 0.000000 0.006676 0.000000 0.000000 0.000000 0.000000 0.000000 0.000000 0.000000 0.000000 0.000000 0.000000 0.000000 0.000000 0.000000 0.000000 0.046758 0.000000 0.000000 0.000000 0.000000 0.000000 0.000000 0.000000 0.026025 0.000000 0.000000 0.000000 0.000000 0.000000 
0.000000 0.000000 0.000000 0.000000 0.000000 0.000000 0.000000 0.000000 0.000000 0.053196 0.000000 0.073587 0.000000 0.000000 0.000000 0.000000 0.000000 0.000000 0.000000 0.000000 0.000000 0.000000 0.000000 0.000000 0.000000 0.000000 0.000000 0.000000 0.000000 0.000000 0.000000 0.000000 0.000000 0.000000 0.000000 0.000000 0.000000 0.000000 0.000000 0.000000 0.000000 0.000000 0.000000 0.000000 0.000000 0.000000 0.000000 0.000000 0.000000 0.000000 0.000000 0.000000 0.000000 0.000000 0.000000 0.000000 0.000000 0.000000 0.000000 0.203341 0.000000 0.000000 0.000000 0.000000 0.000000 0.000000 0.000000 0.037485 0.000000 0.000000 0.000000 0.000000 0.000000 0.000000 0.000000 0.000000 0.000000 0.000000 0.000000 0.000000 0.000000 0.000000 0.632391 0.000000 0.000000 0.000000 0.000000 0.000000 0.000000 0.000000 0.000000 0.000000 0.000000 0.000000 0.000000 0.000000 
0.000000 0.000000 0.000000 0.000000 0.071927 0.000000 0.000000 0.092884 0.000000 0.040793 0.000000 0.000000 0.000000 0.000000 0.011918 0.000000 0.000000 0.000000 0.005108 0.000000 0.000000 0.000000 0.056468 0.000000 0.000000 0.000000 0.000000 0.000000 0.059967 0.053284 0.000000 0.067565 0.001485 0.000000 0.000000 0.000000 0.000000 0.000000 0.000000 0.000000 0.000000 0.000000 0.000000 0.000000 0.000000 0.000000 0.000000 0.000000 0.000000 0.000000 0.000000 0.000000 0.000000 0.035661 0.000000 0.000000 0.063966 0.000000 0.000000 0.000000 0.025058 0.000000 0.015707 0.000000 0.083239 0.000000 0.000000 0.000000 0.000000 0.000000 0.060202 0.000000 0.000000 0.000000 0.004446 0.000000 0.000000 0.086078 0.000000 0.056018 0.000000 0.000000 0.000000 0.000000 0.000000 0.000000 0.000000 0.000000 0.000000 0.077870 0.030355 0.000000 0.000000 0.000000 0.000000 0.000000 
0.000000 0.000000 0.000000 0.000000 0.000000 0.000000 0.000000 0.000000 0.000000 0.000000 0.000000 0.000000 0.000000 0.000000 0.000000 0.000000 0.000000 0.000000 0.000000 0.000000 0.000000 0.000000 0.000000 0.000000 0.000000 0.000000 0.000000 0.000000 0.000000 0.000000 0.000000 0.000000 0.000000 0.000000 0.000000 0.000000 0.000000 0.046075 0.000000 0.000000 0.000000 0.000000 0.000000 0.000000 0.000000 0.000000 0.000000 0.000000 0.000000 0.000000 0.000000 0.000000 0.000000 0.000000 0.000000 0.000000 0.000000 0.052343 0.000000 0.028640 0.000000 0.000000 0.000000 0.000000 0.000000 0.000000 0.000000 0.000000 0.000000 0.000000 0.000000 0.000000 0.000000 0.000000 0.000000 0.000000 0.000000 0.000000 0.000000 0.000000 0.872943 0.000000 0.000000 0.000000 0.000000 0.000000 0.000000 0.000000 0.000000 0.000000 0.000000 0.000000 0.000000 0.000000 0.000000 0.000000 
0.000000 0.031045 0.526789 0.000251 0.021086 0.021737 0.029191 0.260819 0.028816 0.000544 0.000000 0.000173 0.079550 
0.000000 0.017738 0.282043 0.071439 0.029374 0.002613 0.000000 0.060698 0.482109 0.053150 0.000000 0.000834 0.000000 
0.020000 0.042255 0.053672 0.033810 0.222408 0.224378 0.000000 0.054124 0.057998 0.024425 0.000000 0.266929 0.000000 
0.010000 0.023890 0.000196 0.025994 0.336621 0.375987 0.000000 0.015519 0.010873 0.077486 0.000000 0.123434 0.000000 
0.000000 0.084436 0.080883 0.060361 0.188351 0.029074 0.000000 0.494480 0.006783 0.023197 0.000000 0.032436 0.000000 
0.000000 0.020887 0.017423 0.037993 0.441906 0.226447 0.000000 0.028931 0.091489 0.049963 0.000000 0.084961 0.000000 
0.000000 0.108725 0.109752 0.017661 0.197673 0.096220 0.000000 0.071464 0.334047 0.034320 0.000000 0.030137 0.000000 
0.000000 0.159331 0.015464 0.040525 0.190037 0.115402 0.000000 0.078075 0.303643 0.021619 0.000000 0.075904 0.000000 
0.010000 0.015715 0.379429 0.000971 0.086524 0.351950 0.000000 0.033618 0.037266 0.000192 0.000000 0.084335 0.000000 
0.000000 0.059597 0.025528 0.040760 0.295817 0.276882 0.000000 0.105866 0.023364 0.140212 0.000000 0.031973 0.000000 
0.000000 0.119045 0.048052 0.000358 0.218989 0.120409 0.000000 0.065425 0.033773 0.290384 0.043258 0.060305 0.000000 
0.000000 0.044304 0.001355 0.050349 0.330186 0.224853 0.010134 0.092205 0.030652 0.128777 0.000000 0.087185 0.000000 
0.010000 0.050225 0.063727 0.031898 0.343484 0.297714 0.000000 0.102164 0.064266 0.000719 0.000000 0.035804 0.000000 
0.010000 0.024455 0.023756 0.019989 0.139185 0.110594 0.000000 0.026754 0.510897 0.123069 0.000000 0.011302 0.000000 
0.000000 0.036187 0.007000 0.000523 0.150514 0.629768 0.031181 0.028523 0.019694 0.016470 0.000000 0.080140 0.000000 
0.000000 0.198931 0.028857 0.014119 0.375503 0.128008 0.047763 0.086227 0.048745 0.001774 0.000000 0.070073 0.000000 
0.000000 0.067929 0.049811 0.036302 0.078963 0.325041 0.000000 0.139020 0.048190 0.184876 0.053982 0.015886 0.000000 
0.000000 0.041754 0.127799 0.017470 0.171421 0.028345 0.000000 0.549046 0.024349 0.038020 0.000000 0.001796 0.000000 
0.000000 0.162698 0.227218 0.000653 0.325016 0.093652 0.000000 0.087337 0.047742 0.034222 0.000000 0.021462 0.000000 
0.010000 0.003364 0.029121 0.000298 0.163455 0.692026 0.000000 0.030919 0.010333 0.000267 0.000000 0.060217 0.000000 
0.000000 0.015932 0.041656 0.039078 0.415094 0.158977 0.000000 0.057018 0.007883 0.062707 0.000000 0.201656 0.000000 
0.000001 0.071971 0.101721 0.036774 0.366596 0.328918 0.000000 0.001501 0.013908 0.022400 0.000000 0.056210 0.000000 
0.010000 0.121055 0.035954 0.000189 0.309765 0.288008 0.000000 0.025353 0.077043 0.075421 0.000000 0.057213 0.000000 
0.000000 0.383172 0.015076 0.061940 0.053911 0.038102 0.000000 0.089369 0.014696 0.227294 0.093359 0.023081 0.000000 
0.000000 0.020604 0.342981 0.000240 0.025949 0.006385 0.000000 0.587964 0.002511 0.000970 0.000000 0.012396 0.000000 
0.000000 0.035919 0.003290 0.082972 0.035039 0.022722 0.000000 0.071134 0.606682 0.066701 0.075334 0.000208 0.000000 
0.010000 0.224250 0.006099 0.000274 0.292505 0.189866 0.060902 0.062071 0.070305 0.082490 0.000000 0.001238 0.000000 
0.000000 0.017479 0.733918 0.000761 0.060763 0.004355 0.000000 0.027625 0.117848 0.036808 0.000000 0.000443 0.000000 
0.029578 0.038062 0.196476 0.001571 0.128108 0.301499 0.069718 0.031468 0.060347 0.021739 0.000000 0.121434 0.000000 
0.000000 0.009061 0.000934 0.015331 0.153511 0.035026 0.000000 0.037946 0.743030 0.000986 0.000000 0.004177 0.000000 
0.020000 0.004909 0.119927 0.012943 0.109039 0.130224 0.000000 0.588985 0.012168 0.000660 0.000000 0.001146 0.000000 
0.000000 0.075911 0.245341 0.000343 0.177078 0.175780 0.000000 0.098702 0.065368 0.117427 0.000000 0.044050 0.000000 
0.020000 0.179556 0.020437 0.000748 0.236249 0.382838 0.027373 0.008302 0.078981 0.043612 0.000000 0.001903 0.000000 
0.010000 0.036310 0.041499 0.119126 0.247103 0.095320 0.000000 0.063835 0.289984 0.042269 0.000000 0.054553 0.000000 
0.000001 0.037033 0.570399 0.051306 0.013604 0.082359 0.000000 0.084210 0.078093 0.028270 0.000000 0.054726 0.000000 
0.010000 0.053523 0.021877 0.013521 0.175077 0.491412 0.000000 0.007546 0.224072 0.001932 0.000000 0.001040 0.000000 
0.000000 0.064669 0.031537 0.052486 0.294492 0.214556 0.000000 0.079625 0.031518 0.057242 0.000000 0.173874 0.000000 
0.010000 0.020032 0.102057 0.288964 0.355102 0.035244 0.000000 0.001517 0.124635 0.018886 0.000000 0.043564 0.000000 
0.000000 0.287357 0.020925 0.024477 0.219666 0.162544 0.000000 0.086682 0.035453 0.067076 0.000000 0.095820 0.000000 
0.000000 0.003597 0.021954 0.030592 0.005106 0.017502 0.000000 0.081727 0.747300 0.091398 0.000000 0.000823 0.000000 
0.000000 0.217034 0.136784 0.096041 0.140785 0.093419 0.000000 0.060178 0.093183 0.102126 0.000000 0.060449 0.000000 
0.000000 0.039422 0.344835 0.000423 0.064054 0.236816 0.000000 0.174188 0.070229 0.048786 0.000000 0.021245 0.000000 
0.000000 0.522461 0.077925 0.012738 0.037329 0.050697 0.000000 0.202711 0.006195 0.089831 0.000000 0.000113 0.000000 
0.000000 0.115196 0.040989 0.027966 0.313085 0.134251 0.025295 0.136405 0.026469 0.056906 0.000000 0.123440 0.000000 
0.000000 0.147749 0.032964 0.020765 0.134226 0.008248 0.000000 0.101452 0.264324 0.286222 0.000000 0.004050 0.000000 
0.010000 0.004540 0.053984 0.000000 0.027910 0.034408 0.000000 0.745991 0.001948 0.000834 0.000000 0.011711 0.108674 
0.000000 0.082893 0.014553 0.104125 0.248525 0.265374 0.065439 0.019435 0.006190 0.010408 0.000000 0.183058 0.000000 
0.010000 0.325079 0.025365 0.000376 0.173204 0.165448 0.000000 0.091471 0.004058 0.094542 0.042142 0.068315 0.000000 
0.000000 0.161276 0.318351 0.000166 0.081186 0.056401 0.000000 0.011650 0.018800 0.261024 0.088127 0.003019 0.000000 
0.000000 0.204848 0.002829 0.024237 0.215703 0.178026 0.092301 0.045298 0.040700 0.048573 0.000000 0.147484 0.000000 
0.030000 0.017728 0.004415 0.077920 0.226830 0.416434 0.000000 0.005952 0.025597 0.131065 0.000000 0.064060 0.000000 
0.000000 0.007667 0.788991 0.001465 0.017626 0.014147 0.000000 0.129978 0.008403 0.021968 0.000000 0.009755 0.000000 
0.000000 0.081568 0.025787 0.176604 0.262188 0.142188 0.000000 0.131802 0.048735 0.128746 0.000000 0.002381 0.000000 
0.010000 0.050990 0.359767 0.016164 0.209599 0.229005 0.000000 0.047079 0.007387 0.027179 0.000000 0.042830 0.000000 
0.000000 0.049323 0.189084 0.047935 0.145916 0.050483 0.000000 0.478366 0.007914 0.001261 0.000000 0.029717 0.000000 
0.050000 0.006726 0.026964 0.000306 0.351190 0.460662 0.000000 0.015828 0.032058 0.038246 0.000000 0.018020 0.000000 
0.000000 0.035270 0.109694 0.051267 0.089797 0.027259 0.000000 0.534444 0.029146 0.095042 0.000000 0.028081 0.000000 
0.010000 0.007638 0.076069 0.090639 0.255049 0.056984 0.000000 0.195203 0.085147 0.191749 0.000000 0.031523 0.000000 
0.000000 0.006276 0.529271 0.020946 0.040105 0.061489 0.000000 0.290967 0.015058 0.017508 0.000000 0.018381 0.000000 
0.000000 0.092172 0.477439 0.087399 0.074679 0.076257 0.000000 0.100612 0.018345 0.039224 0.000000 0.033873 0.000000 
0.000000 0.072132 0.040246 0.060259 0.357995 0.115752 0.000000 0.174702 0.004895 0.029973 0.000000 0.144047 0.000000 
0.000000 0.588171 0.003523 0.002257 0.057577 0.037410 0.000000 0.020071 0.044691 0.245977 0.000000 0.000323 0.000000 
0.000000 0.103827 0.198992 0.001091 0.136735 0.094228 0.000000 0.045428 0.280398 0.070291 0.000000 0.069011 0.000000 
0.000000 0.298081 0.010803 0.048958 0.231135 0.105368 0.000000 0.050794 0.037093 0.113442 0.000000 0.104326 0.000000 
0.000000 0.005834 0.821666 0.011534 0.016605 0.026511 0.000000 0.058747 0.040947 0.017723 0.000000 0.000432 0.000000 
0.010000 0.038320 0.010385 0.041116 0.403159 0.318995 0.000000 0.002501 0.014012 0.106826 0.000000 0.054684 0.000000 
0.066283 0.033141 0.021044 0.069194 0.306509 0.379742 0.000000 0.000979 0.069045 0.050983 0.000000 0.003080 0.000000 
0.000000 0.139956 0.040006 0.050322 0.118616 0.075704 0.000000 0.057383 0.075764 0.396101 0.044780 0.001370 0.000000 
0.000000 0.038249 0.142449 0.066453 0.134250 0.141507 0.036927 0.353579 0.033431 0.000784 0.000000 0.052370 0.000000 
0.000000 0.057584 0.300864 0.012748 0.017885 0.110612 0.000000 0.361539 0.092618 0.029626 0.000000 0.016523 0.000000 
0.000000 0.011133 0.550194 0.018806 0.177666 0.116299 0.000000 0.035918 0.019776 0.000773 0.060719 0.008715 0.000000 
0.000000 0.031787 0.001724 0.050973 0.097641 0.674519 0.040645 0.057317 0.012217 0.000817 0.000000 0.032358 0.000000 
0.010000 0.198806 0.009801 0.021873 0.082619 0.117595 0.000000 0.154891 0.095002 0.241807 0.000000 0.017761 0.049845 
0.000000 0.075305 0.121690 0.016617 0.053054 0.034655 0.000000 0.031352 0.577143 0.001404 0.000000 0.000140 0.088641 
0.000000 0.299889 0.043844 0.018868 0.115819 0.048994 0.000000 0.340465 0.028598 0.079692 0.000000 0.023831 0.000000 
0.000000 0.086576 0.163229 0.210045 0.317701 0.069310 0.000000 0.048150 0.039526 0.044665 0.000000 0.020798 0.000000 
0.020000 0.113356 0.001631 0.040750 0.147868 0.167159 0.000000 0.036763 0.351307 0.094204 0.000000 0.026963 0.000000 
0.010000 0.143559 0.007152 0.044133 0.236670 0.142658 0.000000 0.081667 0.083184 0.144900 0.000000 0.071631 0.034446 
0.010000 0.320318 0.026456 0.000311 0.260382 0.074055 0.000000 0.110564 0.029455 0.047993 0.000000 0.120466 0.000000 
0.000000 0.004658 0.099871 0.011726 0.034349 0.005287 0.000000 0.436717 0.352371 0.031725 0.000000 0.023296 0.000000 
0.000000 0.076391 0.014097 0.032782 0.063982 0.017300 0.000000 0.324840 0.466764 0.003185 0.000000 0.000657 0.000000 
0.010000 0.087741 0.003090 0.025725 0.122093 0.455429 0.000000 0.031401 0.142929 0.112104 0.000000 0.009488 0.000000 
0.000000 0.046171 0.031456 0.001047 0.113719 0.481323 0.000000 0.024014 0.155196 0.024047 0.000000 0.123027 0.000000 
0.000000 0.438601 0.026684 0.001959 0.119746 0.060504 0.000000 0.019197 0.168949 0.143273 0.000000 0.021089 0.000000 
0.010000 0.036482 0.103593 0.016098 0.036209 0.019959 0.000000 0.458387 0.059161 0.042917 0.098351 0.034397 0.084447 
0.000000 0.002540 0.102283 0.005911 0.018605 0.029329 0.000000 0.775049 0.003775 0.001053 0.000000 0.008293 0.053162 
0.000000 0.203791 0.225567 0.015629 0.058703 0.024945 0.000000 0.175541 0.146997 0.091389 0.056725 0.000713 0.000000 
0.010000 0.009066 0.175510 0.019293 0.188495 0.052960 0.000000 0.378652 0.020516 0.001719 0.000000 0.143789 0.000000 
0.010000 0.077377 0.041289 0.000831 0.243772 0.047396 0.000000 0.077649 0.075553 0.343869 0.000000 0.082263 0.000000 
0.000000 0.576371 0.000895 0.027619 0.104480 0.051750 0.014562 0.044422 0.039339 0.129991 0.000000 0.010573 0.000000 
0.000000 0.083858 0.016097 0.103755 0.193883 0.425693 0.000000 0.007338 0.015737 0.016591 0.000000 0.137048 0.000000 
0.000000 0.683626 0.000078 0.033539 0.027672 0.063907 0.000000 0.067795 0.001437 0.118224 0.000000 0.003722 0.000000 
0.000000 0.013862 0.091024 0.000639 0.045554 0.453625 0.000000 0.039810 0.280792 0.025756 0.000000 0.048938 0.000000 
0.000000 0.048902 0.076642 0.000219 0.107395 0.088837 0.020237 0.424549 0.066589 0.164412 0.000000 0.002218 0.000000 
0.010000 0.028550 0.020957 0.000413 0.192427 0.341312 0.000000 0.003171 0.359455 0.025373 0.000000 0.018341 0.000000 
0.000000 0.047690 0.279577 0.085145 0.275096 0.138168 0.073253 0.034603 0.014067 0.001630 0.000000 0.050770 0.000000 
0.010000 0.162835 0.001182 0.000975 0.227679 0.053237 0.000000 0.055252 0.194590 0.221622 0.062282 0.010346 0.000000 
0.037988 0.035871 0.001922 0.016382 0.172178 0.249747 0.030200 0.113477 0.058548 0.061154 0.000000 0.222533 0.000000 
0.000001 0.133939 0.003591 0.038920 0.271910 0.304557 0.000000 0.018842 0.054052 0.115791 0.000000 0.023447 0.034952 
0.000000 0.067434 0.037706 0.016045 0.162075 0.617138 0.000000 0.004474 0.045711 0.000557 0.000000 0.048861 0.000000 
0.010000 0.004422 0.067765 0.011368 0.427049 0.163978 0.031109 0.019079 0.030941 0.000058 0.000000 0.234231 0.000000 
0.000000 0.077312 0.020439 0.003968 0.343158 0.307136 0.000000 0.011937 0.015730 0.000087 0.000000 0.220233 0.000000 
0.030000 0.010890 0.012495 0.073955 0.376002 0.295328 0.022718 0.031014 0.137262 0.001324 0.000000 0.009012 0.000000 
0.000000 0.020463 0.096964 0.090838 0.358183 0.169403 0.000000 0.053297 0.040853 0.000182 0.000000 0.169816 0.000000 
0.000000 0.058558 0.002123 0.173840 0.182950 0.051890 0.000000 0.028165 0.489760 0.001192 0.000000 0.011522 0.000000 
0.000000 0.040142 0.008063 0.104632 0.289594 0.108591 0.000000 0.024468 0.291553 0.044982 0.000000 0.046059 0.041916 
0.010000 0.045778 0.392223 0.026152 0.173995 0.105388 0.000000 0.062726 0.100045 0.052986 0.000000 0.030706 0.000000 
0.010000 0.048012 0.022600 0.178184 0.555714 0.085640 0.000000 0.001168 0.012286 0.001117 0.000000 0.085278 0.000000 
0.000000 0.194466 0.170181 0.012587 0.100961 0.101753 0.000000 0.123526 0.052675 0.243308 0.000000 0.000544 0.000000 
0.010000 0.149559 0.014830 0.000224 0.151953 0.430619 0.000000 0.100083 0.001765 0.136629 0.000000 0.004338 0.000000 
0.010000 0.138577 0.014330 0.048959 0.337711 0.234393 0.000000 0.090716 0.011011 0.022513 0.000000 0.091790 0.000000 
0.000000 0.075848 0.000968 0.011931 0.322343 0.297489 0.016855 0.066702 0.019460 0.003353 0.000000 0.185051 0.000000 
0.010000 0.403861 0.088178 0.013492 0.185623 0.169872 0.000000 0.011874 0.027170 0.074743 0.000000 0.015188 0.000000 
0.000000 0.001733 0.780934 0.001323 0.040812 0.001366 0.000000 0.150623 0.022672 0.000221 0.000000 0.000317 0.000000 
0.000000 0.043155 0.181266 0.146139 0.376016 0.060315 0.000000 0.029866 0.109653 0.053181 0.000000 0.000410 0.000000 
0.010000 0.079930 0.003015 0.039154 0.277679 0.179648 0.000000 0.079494 0.219694 0.036155 0.000000 0.075231 0.000000 
0.000000 0.051894 0.029325 0.025489 0.122641 0.491029 0.000000 0.006883 0.210994 0.036186 0.000000 0.025560 0.000000 
0.000000 0.134589 0.094533 0.000509 0.183605 0.189982 0.000000 0.043075 0.120121 0.230441 0.000000 0.003144 0.000000 
0.000000 0.076641 0.050847 0.047830 0.105241 0.005565 0.000000 0.229360 0.482108 0.002188 0.000000 0.000219 0.000000 
0.000001 0.477481 0.052814 0.036642 0.041215 0.008503 0.000000 0.257301 0.019879 0.105928 0.000000 0.000237 0.000000 
0.024549 0.067739 0.019023 0.047053 0.223431 0.211352 0.086174 0.101232 0.080269 0.014754 0.000000 0.124424 0.000000 
0.000000 0.036628 0.020452 0.000711 0.075122 0.652605 0.000000 0.010549 0.117938 0.000490 0.040165 0.045339 0.000000 
0.000000 0.010553 0.178163 0.000223 0.031434 0.015796 0.000000 0.722175 0.002378 0.015354 0.000000 0.023923 0.000000 
0.000000 0.009166 0.045078 0.044218 0.108645 0.159967 0.000000 0.394945 0.222045 0.011796 0.000000 0.004139 0.000000 
0.020000 0.046146 0.047649 0.057205 0.135191 0.267732 0.000000 0.378462 0.019900 0.026171 0.000000 0.001544 0.000000 
0.000000 0.054851 0.110274 0.074602 0.389067 0.116851 0.029393 0.022815 0.029378 0.036221 0.000000 0.136547 0.000000 
0.000000 0.045665 0.016684 0.000603 0.118649 0.687570 0.022855 0.023534 0.005134 0.000179 0.000000 0.079126 0.000000 
0.010000 0.024933 0.001769 0.000320 0.207707 0.659055 0.000000 0.042290 0.007214 0.002248 0.000000 0.044465 0.000000 
0.020000 0.015550 0.020758 0.100689 0.395894 0.300635 0.000000 0.003396 0.044551 0.033506 0.000000 0.065022 0.000000 
0.000000 0.008409 0.362735 0.166564 0.185733 0.030489 0.000000 0.115576 0.054648 0.051346 0.000000 0.024501 0.000000 
0.030000 0.048643 0.008234 0.025941 0.268696 0.419636 0.061464 0.031020 0.075813 0.027694 0.000000 0.002858 0.000000 
0.000000 0.016649 0.114353 0.000355 0.078389 0.285206 0.000000 0.369339 0.039028 0.001002 0.055273 0.040407 0.000000 
0.000000 0.006381 0.771061 0.000103 0.013667 0.031910 0.000000 0.121090 0.045125 0.000258 0.000000 0.010405 0.000000 
0.020000 0.035761 0.175120 0.064206 0.173250 0.026743 0.000000 0.411191 0.090283 0.003444 0.000000 0.000001 0.000000 
0.000000 0.045983 0.028760 0.275045 0.421804 0.056297 0.000000 0.041027 0.054910 0.018479 0.000000 0.057695 0.000000 
0.000000 0.209685 0.606887 0.000068 0.018283 0.004066 0.000000 0.064621 0.043099 0.053005 0.000000 0.000286 0.000000 
0.010000 0.135078 0.021441 0.000298 0.117579 0.163930 0.000000 0.059495 0.044485 0.405817 0.000000 0.041876 0.000000 
0.000000 0.032534 0.049181 0.200791 0.433261 0.085100 0.000000 0.084270 0.017123 0.068215 0.000000 0.029525 0.000000 
0.020000 0.059695 0.212623 0.000473 0.204411 0.243016 0.000000 0.172030 0.016716 0.002102 0.000000 0.068933 0.000000 
0.010000 0.120252 0.091651 0.000491 0.100378 0.472479 0.000000 0.090345 0.011575 0.078342 0.000000 0.024485 0.000000 
0.029735 0.022054 0.013773 0.000473 0.255803 0.422048 0.000000 0.059403 0.000643 0.000014 0.000000 0.196055 0.000000 
0.000000 0.030321 0.097053 0.176158 0.263523 0.031361 0.000000 0.197690 0.145154 0.008912 0.000000 0.049829 0.000000 
0.016887 0.039786 0.020962 0.047726 0.300226 0.184712 0.000000 0.062151 0.196394 0.021295 0.000000 0.109861 0.000000 
0.010000 0.049704 0.034262 0.049418 0.092234 0.600572 0.087057 0.046100 0.008068 0.001423 0.000000 0.021162 0.000000 
0.000000 0.065505 0.285497 0.024505 0.088378 0.335386 0.000000 0.102649 0.001733 0.077935 0.000000 0.018412 0.000000 
0.000000 0.637016 0.015539 0.048905 0.078981 0.020647 0.000000 0.079587 0.073338 0.045067 0.000000 0.000919 0.000000 
0.000000 0.027826 0.004632 0.068186 0.167353 0.174881 0.055279 0.048237 0.310527 0.016139 0.000000 0.126939 0.000000 
0.010000 0.005204 0.100425 0.005343 0.082532 0.049255 0.000000 0.659823 0.009173 0.000817 0.000000 0.000035 0.077393 
0.000000 0.217921 0.013519 0.000515 0.057417 0.067292 0.000000 0.336039 0.003551 0.156879 0.032727 0.025994 0.088147 
0.000000 0.003668 0.481159 0.000083 0.017337 0.001591 0.000000 0.442352 0.041342 0.012365 0.000000 0.000103 0.000000 
0.000000 0.090561 0.410133 0.016676 0.123261 0.034132 0.000000 0.068770 0.254798 0.000818 0.000000 0.000850 0.000000 
0.000000 0.108553 0.187172 0.015463 0.239687 0.143944 0.000000 0.060946 0.032447 0.015441 0.000000 0.057179 0.139170 
0.000000 0.047610 0.085862 0.132776 0.303230 0.158422 0.000000 0.119131 0.055932 0.020589 0.000000 0.076448 0.000000 
0.000000 0.057649 0.070190 0.028751 0.167899 0.108514 0.000000 0.084951 0.423576 0.022395 0.000000 0.036076 0.000000 
0.000000 0.111497 0.001044 0.045073 0.219775 0.367949 0.000000 0.085212 0.119287 0.004816 0.000000 0.045346 0.000000 
0.010000 0.085645 0.048220 0.038374 0.065438 0.323261 0.000000 0.096586 0.008077 0.259723 0.039949 0.024728 0.000000 
0.000000 0.092200 0.044689 0.042595 0.054280 0.071922 0.000000 0.044182 0.645321 0.001213 0.000000 0.003598 0.000000 
0.000000 0.036925 0.000878 0.054072 0.042584 0.017143 0.000000 0.023420 0.799152 0.025302 0.000000 0.000523 0.000000 
0.000000 0.388712 0.215472 0.008042 0.157070 0.062404 0.000000 0.041330 0.006971 0.119616 0.000000 0.000382 0.000000 
0.000000 0.108938 0.123311 0.012623 0.070421 0.061260 0.000000 0.330891 0.042798 0.207630 0.038102 0.004025 0.000000 
0.000000 0.246652 0.071048 0.019154 0.189925 0.052601 0.000000 0.019906 0.026511 0.373262 0.000000 0.000942 0.000000 
0.010000 0.025794 0.056611 0.039977 0.073068 0.137795 0.000000 0.062903 0.515806 0.047140 0.000000 0.030905 0.000000 
0.000000 0.120283 0.023224 0.019103 0.170386 0.121168 0.000000 0.078255 0.359755 0.036128 0.000000 0.071698 0.000000 
0.000001 0.058705 0.544749 0.037448 0.056099 0.082458 0.000000 0.074728 0.091642 0.024649 0.000000 0.029520 0.000000 
0.000000 0.052523 0.598076 0.000128 0.086762 0.022757 0.000000 0.120316 0.022729 0.023812 0.046435 0.026463 0.000000 
0.000000 0.142899 0.005671 0.024781 0.195245 0.178836 0.017911 0.114042 0.015883 0.254071 0.048310 0.002353 0.000000 
0.020000 0.010799 0.261268 0.037824 0.235210 0.263403 0.059613 0.012912 0.002842 0.037207 0.000000 0.058921 0.000000 
0.000000 0.135693 0.041523 0.061259 0.355284 0.197584 0.000000 0.039256 0.019490 0.000972 0.000000 0.148938 0.000000 
0.000000 0.326005 0.040905 0.022557 0.121486 0.067505 0.020685 0.039886 0.197434 0.161144 0.000000 0.002393 0.000000 
0.010000 0.053170 0.025747 0.024356 0.391875 0.230283 0.075347 0.018348 0.025296 0.001077 0.000000 0.144499 0.000000 
0.000000 0.002110 0.170087 0.050669 0.091950 0.020526 0.000000 0.651383 0.002447 0.000285 0.000000 0.010543 0.000000 
0.000000 0.054937 0.034592 0.021218 0.466807 0.108929 0.000000 0.041921 0.084590 0.072614 0.000000 0.114393 0.000000 
0.000000 0.033577 0.033437 0.000400 0.123752 0.064896 0.000000 0.035307 0.672398 0.000481 0.000000 0.035752 0.000000 
0.020000 0.008729 0.012244 0.178584 0.355224 0.229014 0.000000 0.016722 0.111817 0.024752 0.000000 0.042915 0.000000 
0.000000 0.039543 0.000842 0.046617 0.028957 0.045265 0.000000 0.001768 0.690146 0.056408 0.065756 0.024698 0.000000 
0.010000 0.071054 0.138255 0.000519 0.199008 0.154319 0.000000 0.136989 0.147576 0.044607 0.053430 0.044242 0.000000 
0.000000 0.062301 0.355257 0.086728 0.177361 0.041252 0.000000 0.111795 0.102873 0.040368 0.000000 0.022065 0.000000 
0.010000 0.045363 0.150149 0.037933 0.169494 0.147214 0.000000 0.111055 0.030470 0.238269 0.000000 0.060054 0.000000 
0.000000 0.041096 0.002260 0.014901 0.062380 0.667933 0.000000 0.026518 0.179677 0.003496 0.000000 0.001739 0.000000 
0.000001 0.049191 0.120866 0.018567 0.258090 0.387030 0.000000 0.019565 0.004726 0.034690 0.000000 0.107275 0.000000 
0.000000 0.014633 0.004169 0.033193 0.059870 0.033650 0.000000 0.045786 0.740961 0.067722 0.000000 0.000017 0.000000 
0.000000 0.100742 0.096729 0.052365 0.103759 0.074279 0.000000 0.371094 0.125626 0.023068 0.000000 0.052338 0.000000 
0.020000 0.048438 0.001507 0.000174 0.070185 0.698468 0.019750 0.050088 0.036147 0.014413 0.000000 0.040829 0.000000 
0.000000 0.049933 0.030651 0.046220 0.331456 0.106057 0.000000 0.109531 0.132059 0.125279 0.000000 0.068813 0.000000 
0.000000 0.007268 0.027843 0.011479 0.294158 0.493581 0.030895 0.017587 0.062185 0.004207 0.000000 0.050796 0.000000 
0.010000 0.066430 0.025951 0.012118 0.349489 0.144619 0.000000 0.112407 0.044527 0.056182 0.000000 0.178276 0.000000 
0.010000 0.090290 0.043944 0.055050 0.372357 0.209970 0.000000 0.017425 0.099312 0.037559 0.000000 0.064093 0.000000 
0.000000 0.034335 0.059197 0.075032 0.308250 0.074223 0.000000 0.190002 0.042249 0.020410 0.000000 0.049796 0.146508 
0.000000 0.039400 0.042343 0.136197 0.368502 0.214707 0.000000 0.022220 0.044942 0.056911 0.000000 0.074778 0.000000 
0.000000 0.190126 0.014391 0.000756 0.215579 0.135673 0.000000 0.083105 0.064604 0.277685 0.000000 0.018080 0.000000 
0.024843 0.083131 0.196040 0.042440 0.244614 0.203724 0.000000 0.047260 0.029329 0.002625 0.000000 0.125995 0.000000 
0.000000 0.307693 0.000037 0.011164 0.229811 0.073355 0.000000 0.006196 0.016024 0.292678 0.044763 0.018279 0.000000 
0.000000 0.122143 0.318911 0.000649 0.047525 0.007326 0.000000 0.071372 0.386525 0.024933 0.000000 0.020615 0.000000 
0.020000 0.442822 0.069119 0.018938 0.096663 0.072649 0.043112 0.015747 0.146724 0.071852 0.000000 0.002374 0.000000 
0.000000 0.080828 0.048958 0.016647 0.188619 0.150075 0.000000 0.126091 0.077503 0.261405 0.000000 0.049874 0.000000 
0.000000 0.086754 0.153799 0.000207 0.109814 0.528515 0.033556 0.013598 0.041546 0.018201 0.000000 0.014010 0.000000 
0.010000 0.155198 0.015300 0.028847 0.126768 0.583658 0.000000 0.010508 0.008543 0.001888 0.000000 0.059288 0.000000 
0.000001 0.010631 0.073960 0.049557 0.312795 0.353681 0.000000 0.015284 0.078126 0.048765 0.000000 0.057199 0.000000 
0.000000 0.172883 0.139344 0.000591 0.062120 0.351384 0.000000 0.048072 0.157894 0.064567 0.000000 0.003145 0.000000 
0.000000 0.012376 0.032630 0.148945 0.424696 0.130515 0.000000 0.041580 0.014470 0.070413 0.000000 0.124374 0.000000 
0.000000 0.039460 0.582598 0.000044 0.047362 0.097446 0.000000 0.179293 0.053372 0.000171 0.000000 0.000255 0.000000 
0.000000 0.098284 0.022263 0.057922 0.194622 0.345480 0.043122 0.047553 0.019909 0.032299 0.000000 0.138549 0.000000 
0.020000 0.003695 0.005067 0.105907 0.459858 0.290191 0.000000 0.031009 0.024088 0.041934 0.000000 0.018250 0.000000 
0.010000 0.130124 0.000725 0.080835 0.290358 0.060017 0.000000 0.060309 0.350136 0.000941 0.000000 0.016555 0.000000 
0.000000 0.055697 0.267035 0.054805 0.226221 0.249390 0.017101 0.058019 0.024805 0.001841 0.000000 0.045086 0.000000 
0.010000 0.072444 0.022548 0.073069 0.387304 0.161272 0.000000 0.049785 0.039346 0.099760 0.000000 0.084472 0.000000 
0.000000 0.452924 0.042476 0.025081 0.102210 0.104140 0.000000 0.057039 0.031864 0.181040 0.000000 0.003225 0.000000 
0.000001 0.076353 0.080603 0.022014 0.211531 0.107096 0.000000 0.381966 0.011020 0.022904 0.000000 0.086512 0.000000 
0.000000 0.082310 0.182771 0.025194 0.065193 0.033082 0.000000 0.349615 0.210330 0.001387 0.000000 0.050119 0.000000 
0.000000 0.045665 0.061078 0.077018 0.396032 0.170788 0.000000 0.040488 0.038384 0.082380 0.000000 0.088166 0.000000 
0.000000 0.020388 0.106572 0.000308 0.164726 0.057310 0.000000 0.335138 0.249158 0.001084 0.000000 0.065317 0.000000 
0.000000 0.053178 0.021447 0.000122 0.045247 0.696062 0.030040 0.018881 0.009240 0.003604 0.000000 0.122180 0.000000 
0.000000 0.043589 0.002581 0.306749 0.452497 0.028640 0.000000 0.049908 0.041070 0.031553 0.000000 0.043414 0.000000 
0.000000 0.041947 0.068364 0.140384 0.286910 0.038144 0.000000 0.338186 0.034908 0.002405 0.000000 0.001129 0.047622 
0.000000 0.159527 0.089029 0.000858 0.161966 0.049759 0.000000 0.389275 0.048348 0.028812 0.067507 0.004919 0.000000 
0.020000 0.010242 0.001960 0.001615 0.232451 0.410625 0.043503 0.002380 0.224636 0.011451 0.000000 0.041136 0.000000 
0.000000 0.167971 0.015707 0.128134 0.262468 0.186009 0.012478 0.013717 0.018662 0.110717 0.000000 0.084137 0.000000 
0.010000 0.062239 0.033369 0.146349 0.386717 0.144381 0.000000 0.053523 0.132879 0.028450 0.000000 0.002094 0.000000 
0.000000 0.011977 0.057285 0.000299 0.030240 0.018733 0.000000 0.754287 0.004811 0.018429 0.000000 0.040530 0.063409 
0.000000 0.035704 0.156267 0.002259 0.044620 0.410332 0.000000 0.246663 0.059281 0.024289 0.000000 0.020584 0.000000 
0.000000 0.042556 0.192585 0.000979 0.073343 0.025568 0.000000 0.308819 0.266555 0.047542 0.041568 0.000486 0.000000 
0.000001 0.468990 0.000092 0.039847 0.112468 0.127212 0.000000 0.003748 0.005948 0.211235 0.000000 0.030459 0.000000 
0.000000 0.081534 0.056767 0.051227 0.227942 0.105133 0.000000 0.167207 0.055151 0.211974 0.000000 0.043066 0.000000 
0.000000 0.025429 0.034528 0.021305 0.121985 0.017385 0.000000 0.558919 0.206172 0.013827 0.000000 0.000450 0.000000 
0.000000 0.057171 0.418739 0.000075 0.045726 0.317326 0.000000 0.052751 0.092629 0.014045 0.000000 0.001537 0.000000 
0.010000 0.129889 0.063749 0.011834 0.186389 0.494631 0.000000 0.009019 0.001029 0.031449 0.000000 0.062011 0.000000 
0.000000 0.127845 0.017983 0.038963 0.356152 0.068401 0.000000 0.249917 0.004474 0.020073 0.000000 0.116192 0.000000 
0.000000 0.406247 0.000908 0.028439 0.226754 0.075013 0.012366 0.042740 0.057926 0.102292 0.046131 0.001183 0.000000 
0.000000 0.013955 0.117528 0.000241 0.035924 0.004692 0.000000 0.761913 0.018049 0.047635 0.000000 0.000062 0.000000 
0.000000 0.058707 0.010301 0.000068 0.080284 0.735544 0.000000 0.001939 0.029132 0.001262 0.000000 0.082764 0.000000 
0.000000 0.041034 0.548563 0.000157 0.060427 0.045051 0.000000 0.225778 0.059914 0.016944 0.000000 0.002133 0.000000 
0.000000 0.075149 0.327828 0.000577 0.089516 0.008100 0.000000 0.300566 0.053423 0.123110 0.000000 0.021731 0.000000 
0.000000 0.017219 0.146029 0.010000 0.046049 0.019484 0.000000 0.678106 0.001951 0.001418 0.000000 0.000035 0.079710 
0.000000 0.069178 0.002891 0.017680 0.178526 0.629082 0.022917 0.023706 0.013045 0.000944 0.000000 0.042030 0.000000 
0.010000 0.077863 0.027030 0.104134 0.300675 0.182011 0.000000 0.038038 0.198656 0.021955 0.000000 0.039639 0.000000 
0.010000 0.042259 0.031316 0.014048 0.299620 0.315482 0.029339 0.114019 0.079853 0.023404 0.000000 0.040660 0.000000 
0.000000 0.096774 0.043840 0.188523 0.285954 0.275883 0.000000 0.008346 0.001947 0.034330 0.000000 0.064403 0.000000 
0.000000 0.062750 0.046916 0.017893 0.171098 0.375006 0.032497 0.111945 0.121496 0.020471 0.000000 0.039927 0.000000 
0.000000 0.227372 0.019052 0.022277 0.158020 0.390402 0.000000 0.041845 0.093049 0.047509 0.000000 0.000474 0.000000 
0.000000 0.045838 0.324210 0.000126 0.031278 0.005697 0.000000 0.469983 0.018140 0.013685 0.090707 0.000335 0.000000 
0.000000 0.037925 0.076856 0.037684 0.102201 0.039329 0.000000 0.071585 0.586075 0.002119 0.000000 0.046226 0.000000 
0.010000 0.162676 0.004063 0.059902 0.137149 0.136926 0.000000 0.087894 0.347267 0.018508 0.000000 0.035615 0.000000 
0.000000 0.009199 0.280562 0.000302 0.039333 0.075665 0.000000 0.187499 0.365577 0.016376 0.000000 0.025488 0.000000 
