-196192.640543
0
0.000000 0.000000 0.000000 0.000000 0.000000 0.000000 0.000000 0.000000 0.000000 0.000000 0.000000 0.000000 0.000000 0.000000 0.000000 0.000000 0.000000 0.000000 0.000000 0.000000 0.000000 0.000000 0.000000 0.000000 0.000000 0.000000 0.000000 0.000000 0.000000 0.000000 0.000000 0.000000 0.000000 0.000000 0.000000 0.000000 0.000000 0.000000 0.000000 0.000000 0.000000 0.000000 0.000000 0.000000 0.000000 0.000000 0.000000 0.000000 0.000000 0.000000 0.000000 0.000000 0.000000 0.000000 0.000000 0.000000 0.000000 0.000000 0.000000 0.000000 0.000000 0.000000 0.000000 0.000000 0.000000 0.482993 0.000000 0.000000 0.000000 0.000000 0.000000 0.000000 0.000000 0.000000 0.000000 0.000000 0.000000 0.000000 0.000000 0.000000 0.000000 0.000000 0.000000 0.000000 0.000000 0.000000 0.000000 0.000000 0.000000 0.000000 0.517007 0.000000 0.000000 0.000000 0.000000 0.000000 
0.000000 0.000000 0.000000 0.000000 0.000000 0.000000 0.000000 0.000000 0.002286 0.000000 0.000000 0.000000 0.000000 0.000000 0.000000 0.000000 0.000000 0.000000 0.000000 0.000000 0.000000 0.000000 0.000000 0.000000 0.000000 0.000000 0.000000 0.000000 0.000000 0.000000 0.000000 0.000000 0.000000 0.000000 0.000000 0.000000 0.000000 0.000000 0.000000 0.000000 0.000000 0.000000 0.000000 0.000000 0.000000 0.000000 0.000000 0.000000 0.000000 0.000000 0.000000 0.000000 0.000000 0.000000 0.000000 0.000000 0.003381 0.000000 0.000000 0.000000 0.000000 0.000000 0.000000 0.000000 0.000000 0.000000 0.000000 0.000000 0.000000 0.000000 0.000000 0.000000 0.009634 0.000000 0.000000 0.000000 0.033757 0.000000 0.000000 0.071217 0.540229 0.037337 0.000000 0.302158 0.000000 0.000000 0.000000 0.000000 0.000000 0.000000 0.000000 0.000000 0.000000 0.000000 0.000000 0.000000 
0.000000 0.000000 0.000000 0.000000 0.000000 0.000000 0.000000 0.000000 0.000000 0.000000 0.000000 0.000000 0.000000 0.000000 0.000000 0.000000 0.000000 0.000000 0.000000 0.600688 0.000000 0.000000 0.000000 0.000000 0.000000 0.000000 0.000000 0.000000 0.000000 0.000000 0.000000 0.000000 0.000000 0.000000 0.000000 0.000000 0.000000 0.000000 0.000000 0.000000 0.000000 0.000000 0.000000 0.000000 0.000000 0.000000 0.295776 0.000000 0.000000 0.000000 0.000000 0.000000 0.030562 0.000000 0.000000 0.000000 0.000000 0.000000 0.000000 0.000000 0.000000 0.055354 0.000000 0.000000 0.000000 0.000000 0.000000 0.000000 0.000000 0.000000 0.000000 0.000000 0.000000 0.000000 0.000000 0.000000 0.000000 0.000000 0.000000 0.000000 0.000000 0.000000 0.000000 0.000000 0.000000 0.000000 0.000000 0.000000 0.000000 0.000000 0.000000 0.017619 0.000000 0.000000 0.000000 0.000000 
0.058410 0.053171 0.018833 0.040992 0.004154 0.000000 0.003441 0.000000 0.000000 0.000000 0.000000 0.000000 0.000000 0.004433 0.015821 0.000000 0.000000 0.000000 0.000000 0.000000 0.000000 0.000000 0.000000 0.000000 0.070447 0.077122 0.009626 0.053780 0.006071 0.007782 0.005882 0.006360 0.015475 0.011007 0.000000 0.021561 0.014070 0.017764 0.056134 0.030655 0.000000 0.000000 0.007856 0.000000 0.000000 0.000000 0.000000 0.000000 0.055054 0.050855 0.020301 0.043510 0.013971 0.000000 0.007338 0.005363 0.000000 0.000000 0.000000 0.000000 0.010954 0.011683 0.019480 0.000000 0.000000 0.000000 0.000000 0.000000 0.000000 0.000000 0.000000 0.000000 0.052638 0.071011 0.010582 0.000000 0.000000 0.000000 0.002319 0.000000 0.000000 0.000000 0.000000 0.000000 0.000000 0.006956 0.007140 0.000000 0.000000 0.000000 0.000000 0.000000 0.000000 0.000000 0.000000 0.000000 
0.000000 0.000000 0.000000 0.000000 0.000000 0.000000 0.000000 0.000000 0.000000 0.000000 0.000000 0.000000 0.000000 0.000000 0.000000 0.000000 0.000000 0.000000 0.000000 0.000000 0.000000 0.000000 0.000000 0.000000 0.000000 0.000000 0.000000 0.000000 0.000000 0.000000 0.000000 0.000000 0.000000 0.000000 0.000000 0.000000 0.000000 0.000000 0.000000 0.000000 0.000000 0.000000 0.000000 0.000000 0.000000 1.000000 0.000000 0.000000 0.000000 0.000000 0.000000 0.000000 0.000000 0.000000 0.000000 0.000000 0.000000 0.000000 0.000000 0.000000 0.000000 0.000000 0.000000 0.000000 0.000000 0.000000 0.000000 0.000000 0.000000 0.000000 0.000000 0.000000 0.000000 0.000000 0.000000 0.000000 0.000000 0.000000 0.000000 0.000000 0.000000 0.000000 0.000000 0.000000 0.000000 0.000000 0.000000 0.000000 0.000000 0.000000 0.000000 0.000000 0.000000 0.000000 0.000000 0.000000 
0.000000 0.000000 0.000000 0.018426 0.000000 0.000000 0.000000 0.000000 0.000000 0.000000 0.000000 0.000000 0.000000 0.000000 0.000000 0.000000 0.000000 0.002430 0.000000 0.000000 0.000000 0.006547 0.000000 0.023516 0.000000 0.000000 0.000000 0.012857 0.000000 0.000000 0.000000 0.000000 0.000000 0.000000 0.000000 0.000000 0.000000 0.000000 0.000000 0.000000 0.000000 0.000000 0.000000 0.000000 0.000000 0.000000 0.000000 0.018046 0.000000 0.000000 0.000000 0.009766 0.000000 0.000000 0.000000 0.000000 0.000000 0.004097 0.006516 0.016266 0.000000 0.000000 0.000000 0.000000 0.004419 0.000000 0.000000 0.000000 0.000000 0.000000 0.000000 0.000000 0.066575 0.018342 0.005605 0.578548 0.000000 0.000000 0.000000 0.000000 0.000000 0.000000 0.000000 0.052992 0.000000 0.000000 0.000000 0.000000 0.000000 0.020202 0.000000 0.008331 0.000000 0.012379 0.002520 0.111619 
0.000000 0.000000 0.000000 0.000000 0.000000 0.000000 0.000000 0.000000 0.000000 0.027806 0.000000 0.009071 0.000000 0.000000 0.000000 0.000000 0.000000 0.000000 0.000000 0.000000 0.000000 0.000000 0.000000 0.000000 0.000000 0.000000 0.000000 0.000000 0.000000 0.000000 0.000000 0.000000 0.135636 0.160533 0.021026 0.120718 0.000000 0.000000 0.000000 0.000000 0.000000 0.000000 0.000000 0.000000 0.000000 0.000000 0.000000 0.000000 0.000000 0.000000 0.000000 0.000000 0.000000 0.000000 0.000000 0.000000 0.000000 0.027166 0.000000 0.025956 0.000000 0.000000 0.000000 0.000000 0.000000 0.000000 0.000000 0.000000 0.000000 0.000000 0.000000 0.000000 0.000000 0.000000 0.000000 0.000000 0.000000 0.000000 0.000000 0.000000 0.000000 0.423182 0.000000 0.048907 0.000000 0.000000 0.000000 0.000000 0.000000 0.000000 0.000000 0.000000 0.000000 0.000000 0.000000 0.000000 
0.024749 0.012033 0.000000 0.008979 0.000000 0.000000 0.000000 0.000000 0.000000 0.002800 0.000000 0.027608 0.037112 0.011469 0.019402 0.055462 0.084986 0.000000 0.062876 0.000000 0.000000 0.006095 0.017521 0.000000 0.000000 0.000000 0.000000 0.000000 0.000000 0.000000 0.000000 0.000000 0.008749 0.000000 0.000000 0.019696 0.011721 0.006347 0.000000 0.016602 0.036519 0.033977 0.030629 0.052073 0.000000 0.000000 0.000000 0.000000 0.000000 0.000000 0.000000 0.012384 0.000000 0.000000 0.000000 0.000000 0.000000 0.000000 0.000000 0.020123 0.007371 0.000000 0.000000 0.000000 0.029741 0.000000 0.033466 0.036294 0.007450 0.000000 0.003518 0.018167 0.000000 0.000000 0.000000 0.000000 0.000000 0.000000 0.000000 0.000000 0.000000 0.000000 0.000000 0.000000 0.040837 0.016905 0.018754 0.049516 0.040868 0.037002 0.000000 0.040197 0.000000 0.000000 0.000000 0.000000 
0.000000 0.000000 0.000000 0.000000 0.000000 0.000000 0.000000 0.000000 0.000000 0.000000 0.000000 0.000000 0.000000 0.000000 0.000000 0.000000 0.000000 0.000000 0.000000 0.000000 0.000000 0.000000 0.000000 0.000000 0.000000 0.000000 0.000000 0.000000 0.000000 0.000000 0.000000 0.000000 0.000000 0.000000 0.000000 0.724758 0.000000 0.000000 0.000000 0.000000 0.000000 0.000000 0.000000 0.000000 0.000000 0.000000 0.000000 0.000000 0.000000 0.000000 0.000000 0.000000 0.000000 0.000000 0.000000 0.000000 0.000000 0.000000 0.000000 0.000000 0.000000 0.000000 0.000000 0.000000 0.000000 0.000000 0.000000 0.000000 0.000000 0.000000 0.000000 0.000000 0.000000 0.000000 0.000000 0.000000 0.000000 0.000000 0.275242 0.000000 0.000000 0.000000 0.000000 0.000000 0.000000 0.000000 0.000000 0.000000 0.000000 0.000000 0.000000 0.000000 0.000000 0.000000 0.000000 0.000000 
0.000000 0.000000 0.000000 0.000000 0.000000 0.000000 0.000000 0.000000 0.000000 0.000000 0.000000 0.000000 0.000000 0.000000 0.000000 0.000000 0.000000 0.071594 0.000000 0.000000 0.077016 0.011366 0.000000 0.067688 0.000000 0.000000 0.000000 0.000000 0.000000 0.000000 0.000000 0.000000 0.000000 0.000000 0.000000 0.000000 0.000000 0.000000 0.000000 0.000000 0.008632 0.000000 0.015513 0.024068 0.064115 0.000000 0.000000 0.166933 0.024562 0.009838 0.000000 0.000000 0.000000 0.000000 0.000000 0.005724 0.000000 0.000000 0.000000 0.000000 0.000000 0.000000 0.000000 0.000000 0.000000 0.000000 0.000000 0.000000 0.000000 0.000000 0.000000 0.028275 0.049485 0.000000 0.000000 0.000000 0.000000 0.000000 0.000000 0.000000 0.000000 0.000000 0.000000 0.000000 0.000000 0.000000 0.019031 0.000000 0.009274 0.000000 0.000000 0.039626 0.129794 0.020924 0.020967 0.135575 
0.000000 0.000000 0.000000 0.000000 0.066795 0.043070 0.005960 0.073328 0.094626 0.033352 0.000000 0.028735 0.000000 0.014378 0.000000 0.000000 0.000000 0.000000 0.000000 0.000000 0.000000 0.000000 0.000000 0.000000 0.000000 0.000000 0.000000 0.000000 0.045894 0.037990 0.008423 0.061331 0.022561 0.000000 0.000000 0.000000 0.000000 0.020102 0.000000 0.000000 0.000000 0.021188 0.000000 0.000000 0.000000 0.000000 0.000000 0.000000 0.000000 0.000000 0.000000 0.000000 0.000000 0.045796 0.000000 0.042391 0.046886 0.000000 0.000000 0.000000 0.000000 0.000000 0.010827 0.000000 0.000000 0.000000 0.000000 0.000000 0.000000 0.014447 0.043206 0.000000 0.000000 0.000000 0.000000 0.000000 0.028924 0.065695 0.000000 0.056563 0.000000 0.000000 0.000000 0.000000 0.000000 0.008066 0.000000 0.000000 0.000000 0.000000 0.000000 0.000000 0.000000 0.015599 0.043866 0.000000 
0.000000 0.000000 0.000000 0.000000 0.000000 0.000000 0.000000 0.000000 0.000000 0.000000 0.000000 0.000000 0.000000 0.000000 0.000000 0.000000 0.000000 0.000000 0.000000 0.000000 0.000000 0.000000 0.000000 0.000000 0.000000 0.000000 0.000000 0.000000 0.000000 0.000000 0.000000 0.000000 0.000000 0.000000 0.000000 0.000000 0.000000 0.000000 0.000000 0.000000 0.000000 0.000000 0.000000 0.000000 0.000000 0.000000 0.000000 0.000000 0.000000 0.000000 0.000000 0.000000 0.000000 0.000000 0.000000 0.000000 0.000000 0.000000 0.000000 0.000000 0.000000 0.000000 0.000000 0.904387 0.000000 0.000000 0.000000 0.000000 0.000000 0.000000 0.000000 0.000000 0.000000 0.000000 0.000000 0.000000 0.000000 0.000000 0.000000 0.000000 0.000000 0.000000 0.000000 0.000000 0.000000 0.000000 0.000000 0.095613 0.000000 0.000000 0.000000 0.000000 0.000000 0.000000 0.000000 0.000000 
0.000000 0.000000 0.000000 0.000000 0.000000 0.000000 0.000000 0.000000 0.000000 0.000000 0.000000 0.000000 0.000000 0.000000 0.000000 0.000000 0.000000 0.000000 0.000000 0.000000 0.000000 0.000000 0.000000 0.000000 0.000000 0.000000 0.000000 0.000000 0.000000 0.000000 0.000000 0.000000 0.000000 0.000000 0.000000 0.000000 0.000000 0.000000 0.000000 0.000000 0.000000 0.000000 0.000000 0.000000 0.000000 0.000000 0.000000 0.000000 0.000000 0.000000 0.000000 0.000000 0.000000 0.000000 0.000000 0.000000 0.000000 0.000000 0.000000 0.000000 0.000000 0.000000 0.000000 0.000000 0.000000 0.000000 0.000000 0.049233 0.000000 0.000000 0.000000 0.000000 0.000000 0.000000 0.000000 0.000000 0.000000 0.000000 0.000000 0.000000 0.000000 0.000000 0.950767 0.000000 0.000000 0.000000 0.000000 0.000000 0.000000 0.000000 0.000000 0.000000 0.000000 0.000000 0.000000 0.000000 
0.000000 0.000000 0.000000 0.000000 0.000000 0.000000 0.000000 0.000000 0.042757 0.023184 0.183871 0.021407 0.000000 0.003420 0.000000 0.000000 0.000000 0.013856 0.014443 0.000000 0.000000 0.000000 0.000000 0.000000 0.007530 0.016706 0.006515 0.052850 0.000000 0.000000 0.000000 0.000000 0.001815 0.000000 0.142570 0.000000 0.000000 0.000000 0.000000 0.000000 0.001747 0.000000 0.027372 0.000000 0.000000 0.000000 0.000000 0.000000 0.000000 0.000000 0.000000 0.004108 0.000000 0.000000 0.000000 0.000000 0.070214 0.097561 0.174670 0.065270 0.000000 0.000000 0.000000 0.000000 0.015909 0.000000 0.007459 0.000000 0.000000 0.000000 0.000000 0.000000 0.000000 0.000000 0.000000 0.000000 0.000000 0.000000 0.000000 0.000000 0.000000 0.000000 0.000000 0.000000 0.000000 0.000000 0.000000 0.000000 0.004766 0.000000 0.000000 0.000000 0.000000 0.000000 0.000000 0.000000 
0.000000 0.599966 0.010000 0.044926 0.000000 0.014609 0.190547 0.015152 0.027287 0.000281 0.003866 0.000000 0.067854 0.025512 
0.030000 0.282035 0.000000 0.002116 0.000000 0.358950 0.026998 0.017143 0.021382 0.042890 0.013222 0.000000 0.130000 0.075266 
0.020000 0.044333 0.012345 0.206450 0.000000 0.069955 0.052519 0.226436 0.000000 0.039500 0.223625 0.022647 0.010684 0.071506 
0.000000 0.000245 0.030690 0.330166 0.010000 0.028450 0.017293 0.330625 0.000000 0.028271 0.083165 0.011282 0.000115 0.129699 
0.010000 0.082418 0.030000 0.035572 0.000000 0.006669 0.450689 0.130794 0.000000 0.073432 0.025343 0.000000 0.050000 0.105084 
0.020000 0.017996 0.033075 0.207673 0.010000 0.089923 0.033486 0.330382 0.000000 0.060603 0.097001 0.000000 0.011547 0.088315 
0.000000 0.108893 0.020740 0.089326 0.000000 0.237632 0.062930 0.147315 0.000000 0.025307 0.062445 0.000001 0.110000 0.135412 
0.000000 0.015666 0.020314 0.102236 0.000000 0.247642 0.074103 0.160010 0.000000 0.047370 0.088740 0.000000 0.077747 0.166170 
0.010000 0.370678 0.010584 0.327511 0.000000 0.026320 0.032210 0.080333 0.000000 0.001958 0.097465 0.010000 0.020000 0.012942 
0.000000 0.019098 0.032059 0.247259 0.000000 0.032811 0.100093 0.257557 0.000000 0.029887 0.050525 0.000001 0.021043 0.209667 
0.030000 0.052153 0.021344 0.117118 0.000000 0.017013 0.049078 0.180136 0.000000 0.000723 0.045958 0.000000 0.087783 0.398695 
0.010000 0.000886 0.040000 0.176772 0.000000 0.022252 0.078473 0.281867 0.000000 0.056752 0.110496 0.000000 0.034314 0.188189 
0.010000 0.066784 0.016319 0.283549 0.000000 0.039590 0.086845 0.297322 0.000000 0.033942 0.070372 0.011439 0.047094 0.036744 
0.000000 0.024229 0.000026 0.105994 0.000000 0.309652 0.019992 0.116933 0.000000 0.036017 0.011755 0.011040 0.196785 0.167577 
0.000000 0.014240 0.030000 0.576342 0.000000 0.037992 0.021968 0.082604 0.017074 0.004154 0.155303 0.000001 0.010000 0.050321 
0.020000 0.028667 0.020000 0.127738 0.000000 0.043651 0.083610 0.256684 0.000000 0.037648 0.185038 0.000000 0.021047 0.175916 
0.000000 0.053010 0.021275 0.288358 0.000000 0.046302 0.103882 0.042691 0.023198 0.034530 0.021918 0.000000 0.076663 0.288175 
0.000000 0.132772 0.030000 0.034010 0.000000 0.018301 0.474425 0.098857 0.000000 0.031750 0.015923 0.000001 0.080000 0.083961 
0.010000 0.221385 0.000023 0.072134 0.000000 0.036853 0.083338 0.228862 0.000000 0.002099 0.141275 0.000000 0.022429 0.181601 
0.010000 0.025651 0.000065 0.603415 0.000000 0.038279 0.039550 0.137035 0.000000 0.000714 0.131822 0.010000 0.000000 0.003468 
0.020000 0.041932 0.062479 0.144336 0.010000 0.014463 0.066256 0.303152 0.000000 0.071291 0.153843 0.000000 0.000260 0.111988 
0.010000 0.082397 0.020266 0.259479 0.010000 0.033031 0.002776 0.248509 0.000000 0.053138 0.193832 0.000001 0.000152 0.086419 
0.010000 0.038026 0.000123 0.252372 0.000000 0.069883 0.021851 0.279741 0.000000 0.000304 0.101588 0.012960 0.020000 0.193152 
0.030000 0.015997 0.000000 0.061049 0.000000 0.016256 0.077604 0.058395 0.000000 0.053343 0.017492 0.000000 0.086341 0.583524 
0.000000 0.348335 0.000110 0.002834 0.000000 0.000832 0.480212 0.014009 0.000000 0.000905 0.033247 0.000000 0.098465 0.021053 
0.050000 0.004695 0.000000 0.026208 0.000000 0.485762 0.065990 0.019282 0.000000 0.044559 0.001102 0.000000 0.168855 0.133546 
0.020000 0.013360 0.012115 0.186678 0.000000 0.063051 0.056005 0.214389 0.000000 0.001710 0.104320 0.012066 0.021228 0.295077 
0.000000 0.728211 0.010657 0.005905 0.000000 0.077443 0.018357 0.030595 0.000000 0.004347 0.014725 0.000000 0.050000 0.059760 
0.000000 0.191251 0.010416 0.272917 0.010000 0.049532 0.021892 0.070052 0.000000 0.007583 0.252301 0.027121 0.030000 0.056936 
0.020000 0.001362 0.020351 0.022422 0.000000 0.571575 0.035556 0.108062 0.000000 0.002407 0.029881 0.000001 0.170000 0.018382 
0.000000 0.123642 0.020000 0.123612 0.000000 0.016958 0.521044 0.085723 0.000000 0.006522 0.007374 0.022739 0.064484 0.007902 
0.000000 0.240979 0.030832 0.160750 0.000000 0.064373 0.094118 0.121722 0.000000 0.001228 0.055583 0.000001 0.021972 0.208444 
0.010000 0.020223 0.022433 0.397283 0.000000 0.069777 0.013310 0.175572 0.000000 0.003564 0.042873 0.021549 0.023088 0.200328 
0.020000 0.040920 0.040000 0.083969 0.000000 0.218476 0.058721 0.146504 0.000000 0.128050 0.083621 0.010842 0.084262 0.084636 
0.000000 0.562179 0.000000 0.067826 0.000000 0.077262 0.072103 0.028966 0.000000 0.030939 0.063308 0.000000 0.030000 0.067417 
0.010000 0.025851 0.000017 0.469455 0.010000 0.149482 0.008304 0.110095 0.000000 0.022105 0.055967 0.011099 0.080000 0.047625 
0.030000 0.022533 0.035881 0.194685 0.010000 0.045465 0.088955 0.243970 0.000000 0.051227 0.148869 0.000000 0.000155 0.128259 
0.050000 0.092949 0.051218 0.033250 0.000000 0.097107 0.001067 0.173399 0.000000 0.335694 0.087991 0.010000 0.030000 0.037325 
0.020000 0.023835 0.043516 0.158537 0.010000 0.024291 0.073069 0.187166 0.000000 0.026285 0.088198 0.000000 0.031882 0.313220 
0.010000 0.025314 0.010000 0.016037 0.000000 0.490199 0.064718 0.006309 0.000000 0.002621 0.000112 0.000000 0.269113 0.105578 
0.010000 0.128575 0.036321 0.086591 0.000000 0.071750 0.055071 0.061518 0.000000 0.102092 0.100371 0.000000 0.040000 0.307711 
0.000000 0.343430 0.000000 0.215538 0.010000 0.047114 0.142537 0.060660 0.000000 0.000677 0.032513 0.000000 0.060000 0.087531 
0.010000 0.083465 0.000000 0.090706 0.000000 0.001133 0.147546 0.044355 0.000000 0.014165 0.004996 0.000000 0.060000 0.543635 
0.030000 0.041283 0.020000 0.131930 0.000000 0.032360 0.136691 0.244455 0.000000 0.033647 0.160837 0.000000 0.010000 0.158798 
0.040000 0.035259 0.000034 0.006674 0.000000 0.161321 0.083266 0.108979 0.000000 0.019116 0.014533 0.000001 0.110000 0.420816 
0.000000 0.179506 0.000000 0.036175 0.000000 0.000355 0.607502 0.023813 0.000000 0.000193 0.020631 0.013611 0.108123 0.010092 
0.000000 0.013627 0.022985 0.232507 0.000000 0.018474 0.025026 0.150038 0.000000 0.107852 0.349886 0.000000 0.000000 0.079604 
0.010000 0.028089 0.010262 0.182627 0.000000 0.002441 0.079864 0.143440 0.000000 0.002305 0.089144 0.010000 0.050000 0.391828 
0.040000 0.314288 0.020000 0.040007 0.000000 0.012295 0.010402 0.067580 0.000000 0.000000 0.014751 0.000000 0.090000 0.390677 
0.020000 0.004867 0.000652 0.181530 0.000000 0.045332 0.047482 0.192114 0.000000 0.024068 0.254840 0.000000 0.010000 0.219115 
0.010000 0.007935 0.000095 0.375715 0.010000 0.023069 0.005596 0.129347 0.000000 0.097947 0.110780 0.044142 0.020000 0.165373 
0.010000 0.782298 0.011527 0.017146 0.000000 0.002413 0.097642 0.012120 0.000000 0.001408 0.001203 0.000000 0.040000 0.024244 
0.000000 0.026440 0.020588 0.113325 0.000000 0.039658 0.116277 0.262052 0.000000 0.164248 0.006321 0.000000 0.040000 0.211092 
0.010000 0.358440 0.036065 0.214380 0.000000 0.002760 0.031741 0.118731 0.000000 0.027324 0.092922 0.014083 0.020000 0.073553 
0.000000 0.194738 0.020000 0.063666 0.000000 0.003617 0.386356 0.112434 0.000000 0.054371 0.034594 0.000000 0.090000 0.040224 
0.000000 0.029477 0.050717 0.416014 0.000000 0.043701 0.015955 0.265527 0.000000 0.004564 0.037304 0.061300 0.010000 0.065440 
0.010000 0.115522 0.000019 0.020513 0.000000 0.017999 0.431309 0.082899 0.000000 0.051457 0.030286 0.000001 0.106101 0.133895 
0.010000 0.075514 0.010442 0.038587 0.000000 0.060963 0.162633 0.161162 0.000000 0.106756 0.083026 0.010000 0.060000 0.220917 
0.010000 0.523116 0.000000 0.054604 0.000000 0.016928 0.262391 0.033260 0.000000 0.016783 0.027564 0.000000 0.030000 0.025355 
0.020000 0.468821 0.010000 0.076931 0.000000 0.021299 0.096554 0.049533 0.000000 0.090042 0.029096 0.000001 0.010000 0.127724 
0.020000 0.047328 0.010000 0.094271 0.000000 0.003225 0.154383 0.308931 0.000000 0.098239 0.135208 0.000001 0.022861 0.105553 
0.010000 0.004596 0.013969 0.032813 0.000000 0.035545 0.019495 0.030588 0.000000 0.004531 0.011958 0.000000 0.020000 0.816505 
0.010000 0.195516 0.030000 0.088529 0.000000 0.207456 0.040668 0.054388 0.000000 0.009418 0.089577 0.000000 0.082768 0.191678 
0.000000 0.010735 0.020000 0.106530 0.010000 0.019041 0.038154 0.219414 0.000000 0.053421 0.099661 0.000000 0.042057 0.380987 
0.000000 0.812170 0.000000 0.027452 0.000000 0.015987 0.034893 0.003323 0.000000 0.014840 0.013585 0.000000 0.050000 0.027750 
0.000000 0.010366 0.010093 0.263578 0.000000 0.029203 0.004394 0.359143 0.000000 0.072236 0.077855 0.010354 0.000218 0.162560 
0.010000 0.018378 0.032922 0.352621 0.000000 0.079898 0.000684 0.130630 0.000000 0.098268 0.099413 0.069343 0.010000 0.097842 
0.030000 0.040343 0.010000 0.069345 0.010000 0.049661 0.048257 0.101061 0.000000 0.040561 0.001630 0.000000 0.085136 0.514006 
0.010000 0.154860 0.013520 0.132636 0.000000 0.027862 0.272059 0.099754 0.041742 0.075593 0.078613 0.000001 0.064493 0.028866 
0.000000 0.297968 0.010000 0.104707 0.000000 0.065020 0.292121 0.004764 0.000000 0.006583 0.030413 0.000000 0.100000 0.088423 
0.010000 0.532706 0.030972 0.117074 0.010000 0.014404 0.034169 0.080618 0.000000 0.030832 0.056073 0.000001 0.070000 0.013153 
0.010000 0.004587 0.010305 0.637872 0.000000 0.027701 0.063295 0.060161 0.000000 0.050650 0.103660 0.000000 0.010000 0.021769 
0.000000 0.058901 0.010000 0.107758 0.010000 0.070195 0.131479 0.017006 0.000000 0.023919 0.066554 0.010000 0.060000 0.434189 
0.020000 0.210962 0.000019 0.045450 0.000000 0.399796 0.022047 0.047206 0.000000 0.006834 0.000322 0.000000 0.160000 0.087364 
0.010000 0.046604 0.030000 0.057118 0.000000 0.020921 0.298745 0.065948 0.000000 0.018374 0.018551 0.000000 0.060000 0.373739 
0.040000 0.150588 0.010087 0.064214 0.000000 0.047825 0.052814 0.259836 0.000000 0.197656 0.058297 0.000001 0.000304 0.118378 
0.000000 0.002895 0.010197 0.161898 0.010000 0.241443 0.030691 0.116997 0.000000 0.032374 0.030418 0.022166 0.135941 0.204981 
0.010000 0.042459 0.000010 0.134470 0.000000 0.058340 0.068761 0.207288 0.000000 0.049942 0.078245 0.011311 0.046996 0.292177 
0.010000 0.026818 0.020000 0.081718 0.000000 0.028128 0.110761 0.273905 0.000000 0.000980 0.087008 0.010000 0.011194 0.339488 
0.000000 0.105882 0.000000 0.006772 0.010000 0.243477 0.365407 0.034173 0.000000 0.009779 0.018930 0.000002 0.166722 0.038857 
0.030000 0.016488 0.000000 0.028650 0.010000 0.243573 0.263034 0.041933 0.000000 0.028244 0.003182 0.000000 0.258705 0.076190 
0.010000 0.004683 0.000185 0.401440 0.000000 0.149897 0.034483 0.107381 0.000000 0.018848 0.039363 0.011125 0.020000 0.202596 
0.020000 0.031901 0.035087 0.426497 0.000000 0.151770 0.026439 0.099052 0.000000 0.001548 0.112288 0.000000 0.030000 0.065419 
0.000000 0.026848 0.010000 0.072152 0.010000 0.117723 0.016424 0.095009 0.000000 0.006736 0.044107 0.000000 0.060000 0.541001 
0.000000 0.199049 0.000000 0.019028 0.000000 0.049481 0.395338 0.040688 0.000000 0.011515 0.035166 0.010000 0.137868 0.101868 
0.000000 0.161011 0.000000 0.027130 0.000000 0.003889 0.700428 0.009438 0.000000 0.008871 0.021928 0.000000 0.060000 0.007305 
0.000000 0.223754 0.010496 0.032090 0.000000 0.100841 0.147501 0.041115 0.000000 0.010019 0.006310 0.000000 0.130000 0.297874 
0.010000 0.173688 0.030000 0.057053 0.000000 0.018648 0.329714 0.151529 0.000000 0.027979 0.123408 0.010815 0.045692 0.021473 
0.010000 0.042619 0.020422 0.058415 0.010000 0.056557 0.061137 0.166898 0.000000 0.009247 0.068422 0.011643 0.059582 0.425058 
0.010000 0.001056 0.020820 0.045448 0.000000 0.042924 0.043757 0.049721 0.000000 0.030486 0.082192 0.000000 0.010000 0.663596 
0.040000 0.016725 0.024545 0.375691 0.000000 0.040493 0.018139 0.154444 0.000000 0.095067 0.152052 0.000000 0.000000 0.082846 
0.020000 0.000085 0.010000 0.082444 0.000000 0.002004 0.066891 0.020772 0.000000 0.037488 0.011226 0.000000 0.001514 0.747576 
0.010000 0.085777 0.000000 0.411344 0.000000 0.227683 0.048054 0.047827 0.000000 0.001208 0.063046 0.000000 0.066119 0.038943 
0.020000 0.085535 0.000025 0.080672 0.000000 0.051748 0.369801 0.091663 0.000000 0.000825 0.026398 0.000000 0.064687 0.208645 
0.000000 0.010958 0.021182 0.313687 0.000000 0.271048 0.003227 0.171278 0.000000 0.001183 0.038160 0.010726 0.094170 0.064382 
0.010000 0.295248 0.048017 0.118971 0.010000 0.024828 0.043092 0.252215 0.000000 0.087189 0.070395 0.000000 0.000000 0.040044 
0.020000 0.002254 0.020000 0.052299 0.000000 0.118650 0.044726 0.155790 0.000000 0.008145 0.017349 0.012972 0.145453 0.402362 
0.010000 0.002503 0.010303 0.207187 0.010000 0.081708 0.111853 0.098906 0.000000 0.009532 0.306599 0.041939 0.010000 0.099469 
0.000000 0.031385 0.000103 0.297982 0.010000 0.050845 0.015964 0.218915 0.000000 0.023356 0.079534 0.000000 0.021205 0.250709 
0.000000 0.037889 0.022846 0.539706 0.000000 0.081829 0.011178 0.157497 0.000000 0.007797 0.096983 0.000000 0.000512 0.043763 
0.020000 0.063455 0.062879 0.135650 0.000000 0.044948 0.023214 0.287239 0.000000 0.024615 0.319485 0.010440 0.000000 0.008073 
0.000000 0.021162 0.010241 0.286987 0.010000 0.026413 0.013923 0.330274 0.000000 0.002181 0.258112 0.000001 0.000115 0.040591 
0.020000 0.013024 0.011535 0.266173 0.000000 0.115712 0.031160 0.288174 0.000000 0.079253 0.085934 0.039173 0.032717 0.017144 
0.040000 0.091525 0.061563 0.113166 0.000000 0.062108 0.067156 0.209424 0.000000 0.090747 0.250245 0.000000 0.000000 0.014065 
0.010000 0.003512 0.030322 0.057916 0.010000 0.345415 0.024563 0.139950 0.000000 0.177814 0.000335 0.000001 0.151602 0.048572 
0.010000 0.046477 0.048114 0.081695 0.000000 0.217939 0.027225 0.228901 0.000000 0.096498 0.061818 0.000000 0.090000 0.091332 
0.020000 0.386490 0.024031 0.084334 0.000000 0.085887 0.058516 0.115384 0.000000 0.023966 0.057392 0.011053 0.032717 0.100228 
0.060000 0.022805 0.010000 0.087587 0.000000 0.017901 0.002099 0.451779 0.000000 0.191407 0.110456 0.011274 0.000173 0.034519 
0.010000 0.171644 0.010381 0.095533 0.000000 0.033795 0.092402 0.080849 0.000000 0.009487 0.003697 0.000001 0.064979 0.427232 
0.000000 0.016450 0.023630 0.378367 0.010000 0.002012 0.099473 0.046825 0.000000 0.003492 0.103569 0.010000 0.012580 0.293601 
0.010000 0.013610 0.030833 0.209372 0.000000 0.021652 0.106447 0.209202 0.000000 0.086280 0.142268 0.010599 0.000000 0.159737 
0.020000 0.000733 0.043337 0.243004 0.010000 0.035493 0.074152 0.228723 0.000000 0.010347 0.269405 0.000000 0.000000 0.064806 
0.010000 0.085732 0.030938 0.179023 0.000000 0.031878 0.016199 0.084370 0.000000 0.028437 0.056189 0.013332 0.010000 0.453902 
0.000000 0.777120 0.000000 0.001157 0.000000 0.018550 0.127113 0.030000 0.000000 0.004579 0.007522 0.000000 0.030000 0.003958 
0.000000 0.174097 0.060000 0.067916 0.000000 0.097362 0.026610 0.220204 0.000000 0.173418 0.049520 0.000000 0.022517 0.108356 
0.000000 0.004916 0.040546 0.154993 0.000000 0.193451 0.062165 0.223812 0.019660 0.034781 0.086722 0.010561 0.052388 0.116004 
0.000000 0.029452 0.010000 0.427093 0.000000 0.200771 0.011524 0.088760 0.000000 0.023056 0.078581 0.000000 0.040000 0.090762 
0.010000 0.093254 0.010283 0.173419 0.000000 0.101521 0.039260 0.111476 0.000000 0.002199 0.045464 0.000000 0.040000 0.373124 
0.030000 0.051213 0.020929 0.007330 0.000000 0.341242 0.203872 0.074035 0.000000 0.029810 0.000872 0.000001 0.160000 0.080696 
0.010000 0.054847 0.000031 0.030829 0.000000 0.012988 0.214031 0.048611 0.000000 0.030753 0.012751 0.000000 0.060000 0.525157 
0.020000 0.021112 0.000075 0.179730 0.040000 0.086293 0.093353 0.145055 0.027892 0.058396 0.232614 0.020000 0.012220 0.063261 
0.010000 0.011510 0.000020 0.533090 0.000000 0.129661 0.030946 0.104700 0.000000 0.000574 0.114606 0.000000 0.030000 0.034894 
0.000000 0.186607 0.000000 0.013220 0.000000 0.000922 0.611877 0.044855 0.000000 0.000000 0.011734 0.000001 0.097073 0.033711 
0.020000 0.048527 0.010256 0.143142 0.000000 0.157774 0.345398 0.073506 0.000000 0.045313 0.020063 0.000002 0.106356 0.029665 
0.010000 0.062759 0.000145 0.247264 0.000000 0.024068 0.325769 0.108035 0.000000 0.060733 0.005095 0.028546 0.050000 0.077587 
0.000000 0.108414 0.000131 0.110381 0.000000 0.045144 0.023730 0.313638 0.017821 0.100866 0.182032 0.000000 0.000121 0.097722 
0.010000 0.018600 0.011344 0.654932 0.000000 0.026805 0.026611 0.130683 0.000000 0.006855 0.084720 0.000000 0.000000 0.029450 
0.020000 0.003883 0.011556 0.584523 0.000000 0.029748 0.052337 0.190202 0.000000 0.006368 0.065425 0.010656 0.000000 0.025304 
0.010000 0.020355 0.011679 0.262663 0.000000 0.048703 0.004860 0.304665 0.000000 0.120030 0.128544 0.021996 0.011681 0.054825 
0.010000 0.355236 0.000008 0.022922 0.000000 0.044133 0.096743 0.140597 0.000000 0.182654 0.051100 0.000001 0.032352 0.064253 
0.000000 0.012161 0.034735 0.370440 0.000000 0.096661 0.027000 0.157093 0.022318 0.052840 0.106774 0.032455 0.010000 0.077523 
0.020000 0.117846 0.000000 0.258998 0.000000 0.025781 0.308224 0.060905 0.000000 0.000481 0.067517 0.000000 0.127095 0.013153 
0.000000 0.758611 0.000000 0.039292 0.000000 0.030181 0.096704 0.011693 0.000000 0.000163 0.015923 0.000000 0.040000 0.007434 
0.000000 0.180888 0.010189 0.042500 0.000000 0.055821 0.345779 0.096361 0.000000 0.101085 0.004150 0.020000 0.095525 0.047703 
0.010000 0.018529 0.000004 0.046361 0.000000 0.058615 0.044974 0.309238 0.000000 0.317692 0.120689 0.000000 0.010000 0.063897 
0.000000 0.604641 0.004749 0.012178 0.000000 0.024522 0.047869 0.029152 0.000000 0.000189 0.001439 0.000000 0.040000 0.235260 
0.060000 0.021219 0.022296 0.143732 0.000000 0.013967 0.043201 0.076919 0.000000 0.000406 0.042177 0.011517 0.080000 0.484567 
0.010000 0.050153 0.078677 0.080064 0.010000 0.021266 0.087511 0.250461 0.000000 0.239355 0.050077 0.000001 0.010000 0.112435 
0.000000 0.211973 0.020416 0.213661 0.000000 0.019812 0.151874 0.172537 0.000000 0.014043 0.075552 0.021572 0.030000 0.068559 
0.000000 0.090967 0.000249 0.421661 0.000000 0.036435 0.101297 0.047522 0.000000 0.015748 0.065470 0.010000 0.000000 0.210651 
0.000000 0.012973 0.033109 0.364580 0.000000 0.001172 0.073951 0.201842 0.000000 0.000468 0.275616 0.022947 0.000187 0.013156 
0.010000 0.100021 0.000000 0.033403 0.000000 0.124284 0.174770 0.181410 0.000000 0.210740 0.075916 0.000000 0.044973 0.044483 
0.010000 0.020016 0.024443 0.149664 0.010000 0.188887 0.061262 0.199705 0.000000 0.034334 0.198373 0.010000 0.031786 0.061530 
0.000000 0.039219 0.000086 0.524298 0.010000 0.005640 0.049950 0.081263 0.000000 0.056798 0.175826 0.010000 0.011695 0.035224 
0.000000 0.279400 0.011301 0.312627 0.000000 0.001689 0.098566 0.063579 0.000000 0.031415 0.037903 0.000000 0.010000 0.153522 
0.000000 0.017074 0.000000 0.036571 0.010000 0.032784 0.060602 0.082539 0.000000 0.049941 0.003550 0.000000 0.054508 0.652432 
0.000000 0.005786 0.000132 0.128503 0.000000 0.303395 0.045118 0.144681 0.000000 0.040986 0.244437 0.000001 0.045889 0.041072 
0.010000 0.193640 0.000044 0.050114 0.010000 0.008555 0.601322 0.048618 0.000000 0.004354 0.005649 0.010000 0.045188 0.012515 
0.000000 0.101736 0.014717 0.062654 0.000000 0.001264 0.272314 0.040768 0.000000 0.000999 0.050010 0.000000 0.087010 0.368529 
0.000000 0.484909 0.000000 0.001365 0.000000 0.024396 0.350995 0.011987 0.000000 0.000622 0.003651 0.000000 0.100000 0.022075 
0.010000 0.398846 0.000000 0.013865 0.000000 0.244708 0.074282 0.101150 0.000000 0.002675 0.055772 0.000001 0.022275 0.076427 
0.000000 0.319023 0.020706 0.154366 0.000000 0.042719 0.062155 0.186901 0.000000 0.037137 0.041877 0.000000 0.000201 0.134914 
0.000000 0.088577 0.031311 0.143083 0.000000 0.019519 0.089639 0.189982 0.000000 0.201902 0.106133 0.000000 0.060000 0.069855 
0.000000 0.064695 0.020346 0.099247 0.000000 0.342642 0.074302 0.157248 0.000000 0.004299 0.041138 0.000000 0.114850 0.081231 
0.040000 0.001769 0.030000 0.322820 0.000000 0.108705 0.088982 0.173847 0.000000 0.039819 0.064975 0.000000 0.030000 0.099084 
0.010000 0.045820 0.000138 0.277955 0.000000 0.003883 0.076922 0.083457 0.000000 0.035202 0.043858 0.010000 0.075265 0.337502 
0.010000 0.044982 0.000000 0.071329 0.000000 0.453058 0.040113 0.029477 0.000000 0.051623 0.008826 0.000002 0.197414 0.093176 
0.020000 0.001540 0.020561 0.022180 0.000000 0.509293 0.018855 0.023882 0.000000 0.008072 0.012106 0.000000 0.287575 0.075935 
0.010000 0.210456 0.000020 0.085350 0.000000 0.007862 0.039715 0.123707 0.000000 0.006906 0.028107 0.000000 0.010000 0.477877 
0.030000 0.130716 0.000000 0.049429 0.010000 0.032052 0.270911 0.072976 0.000000 0.008169 0.015845 0.000000 0.106370 0.273531 
0.010000 0.066005 0.010255 0.062640 0.000000 0.018614 0.015800 0.117842 0.000000 0.029810 0.029074 0.000000 0.030000 0.609960 
0.010000 0.057976 0.010284 0.137043 0.010000 0.337384 0.050553 0.039031 0.000000 0.026377 0.040081 0.012626 0.188386 0.080259 
0.000000 0.023255 0.000012 0.113447 0.000000 0.271602 0.069700 0.160854 0.000000 0.021076 0.095359 0.000000 0.103637 0.141059 
0.000000 0.535089 0.000000 0.067952 0.000000 0.084026 0.030026 0.053123 0.027589 0.013433 0.065797 0.000000 0.040000 0.082965 
0.000000 0.588100 0.000000 0.028701 0.000000 0.014322 0.099574 0.075486 0.000000 0.002360 0.032281 0.000001 0.070000 0.089176 
0.040000 0.012970 0.000000 0.154115 0.000000 0.015129 0.097092 0.167351 0.000000 0.024945 0.041905 0.000000 0.063318 0.383177 
0.010000 0.255890 0.022581 0.239497 0.020000 0.004802 0.017665 0.110271 0.000000 0.061823 0.175737 0.025038 0.000000 0.056697 
0.000000 0.040392 0.030108 0.161546 0.000000 0.037833 0.050693 0.329153 0.000000 0.046960 0.201942 0.000000 0.000000 0.101372 
0.020000 0.045200 0.030881 0.087095 0.000000 0.111911 0.033827 0.074410 0.000000 0.030901 0.021674 0.000000 0.085833 0.458268 
0.020000 0.025886 0.050665 0.215742 0.000000 0.038977 0.022055 0.265047 0.000000 0.031040 0.279804 0.010000 0.000298 0.040487 
0.010000 0.177269 0.020687 0.016665 0.000000 0.002018 0.577008 0.064529 0.000000 0.044386 0.015992 0.000002 0.070000 0.001442 
0.040000 0.033847 0.078117 0.083711 0.000000 0.084383 0.042931 0.331045 0.000000 0.011489 0.143924 0.000000 0.020831 0.129720 
0.020000 0.034597 0.010000 0.060989 0.000000 0.460300 0.031004 0.127692 0.000000 0.001297 0.031738 0.000001 0.190000 0.032383 
0.000000 0.014335 0.020487 0.185943 0.000000 0.109294 0.014139 0.303211 0.000000 0.200099 0.069038 0.020952 0.021870 0.040633 
0.000000 0.001142 0.010241 0.040900 0.000000 0.561724 0.001639 0.036416 0.000000 0.008104 0.008749 0.000002 0.200000 0.131083 
0.000000 0.138977 0.036661 0.146845 0.000000 0.118096 0.128806 0.162736 0.000000 0.000899 0.049229 0.010762 0.077669 0.129321 
0.010000 0.351627 0.026569 0.052812 0.010000 0.058660 0.088725 0.099067 0.000000 0.106017 0.024519 0.000000 0.069363 0.102640 
0.020000 0.143769 0.020495 0.127669 0.000000 0.019765 0.090257 0.108412 0.000000 0.045680 0.084696 0.010000 0.053886 0.275372 
0.000000 0.005352 0.000106 0.621930 0.000000 0.137197 0.023773 0.049324 0.000000 0.006889 0.045042 0.000001 0.066059 0.044327 
0.010000 0.109110 0.010719 0.342532 0.000000 0.021026 0.027576 0.267858 0.000000 0.007474 0.123541 0.000000 0.000141 0.080023 
0.010000 0.006852 0.027404 0.033593 0.000000 0.535626 0.035979 0.015046 0.000000 0.008845 0.006265 0.000000 0.226158 0.094232 
0.010000 0.100148 0.010203 0.068680 0.000000 0.116029 0.363455 0.115097 0.000000 0.055061 0.024629 0.000000 0.024436 0.112262 
0.000000 0.001389 0.000000 0.607762 0.000000 0.075119 0.072523 0.044561 0.000000 0.003438 0.109601 0.024140 0.000000 0.061466 
0.020000 0.031194 0.014984 0.089520 0.000000 0.113563 0.099260 0.315791 0.000000 0.050712 0.038906 0.000000 0.041528 0.184543 
0.010000 0.027419 0.040628 0.437381 0.000000 0.083361 0.017806 0.232668 0.000000 0.005838 0.121523 0.000001 0.010000 0.013376 
0.000000 0.017049 0.041191 0.114419 0.000000 0.046874 0.072838 0.287583 0.051681 0.018239 0.188479 0.010000 0.011784 0.139863 
0.020000 0.036645 0.056247 0.195037 0.010000 0.076068 0.016243 0.279381 0.000000 0.048161 0.098942 0.010000 0.034350 0.118927 
0.010000 0.217241 0.030000 0.078442 0.000000 0.018394 0.139730 0.240402 0.000000 0.096341 0.036172 0.000001 0.060000 0.073278 
0.000000 0.046282 0.020352 0.183935 0.010000 0.029620 0.017946 0.304187 0.000000 0.169473 0.086114 0.000000 0.024029 0.108060 
0.020000 0.013591 0.030909 0.142344 0.000000 0.046430 0.075292 0.111181 0.000000 0.002093 0.044616 0.000000 0.047058 0.466486 
0.030000 0.189096 0.030529 0.143618 0.000000 0.038524 0.047808 0.180569 0.000000 0.039170 0.205523 0.021512 0.010000 0.063650 
0.010000 0.000011 0.031169 0.060074 0.000000 0.011477 0.007575 0.193472 0.000000 0.012549 0.014013 0.000000 0.055521 0.604137 
0.020000 0.320381 0.000000 0.013610 0.000000 0.194877 0.052180 0.048969 0.000000 0.001605 0.021267 0.000000 0.184266 0.142844 
0.010000 0.068057 0.020000 0.087297 0.010000 0.119486 0.011612 0.040108 0.015206 0.013774 0.067655 0.020000 0.040000 0.476805 
0.000000 0.051623 0.000000 0.119526 0.000000 0.064093 0.106301 0.180705 0.000000 0.013149 0.042450 0.000000 0.050000 0.372153 
0.010000 0.151174 0.000000 0.487046 0.000000 0.038636 0.011474 0.093880 0.000000 0.000456 0.115601 0.000001 0.020000 0.071732 
0.020000 0.016732 0.000205 0.529484 0.000000 0.028980 0.026190 0.117819 0.000000 0.028785 0.095848 0.010000 0.000316 0.125641 
0.010000 0.059713 0.012354 0.309603 0.000000 0.095375 0.019789 0.189836 0.000000 0.042128 0.173524 0.000000 0.010805 0.076873 
0.010000 0.132247 0.010000 0.326820 0.000000 0.094451 0.042432 0.051252 0.000000 0.001015 0.036999 0.000000 0.080000 0.214784 
0.050000 0.024050 0.052075 0.117052 0.010000 0.014517 0.040879 0.311079 0.000000 0.171225 0.107988 0.000001 0.010506 0.090629 
0.000000 0.582229 0.000000 0.103271 0.000000 0.049841 0.165604 0.044171 0.000000 0.000613 0.004164 0.000001 0.023906 0.026201 
0.010000 0.024321 0.042286 0.289262 0.000000 0.043746 0.058179 0.149360 0.000000 0.051310 0.215254 0.000000 0.000251 0.116031 
0.010000 0.007692 0.036281 0.262116 0.000000 0.030237 0.028693 0.329181 0.000000 0.139736 0.064136 0.020000 0.010000 0.061929 
0.010000 0.001089 0.020215 0.058354 0.000000 0.271167 0.061310 0.258346 0.000000 0.071587 0.047307 0.010488 0.082994 0.107143 
0.030000 0.258973 0.012136 0.213979 0.000000 0.038135 0.065667 0.136706 0.014362 0.065867 0.121240 0.000001 0.000000 0.042934 
0.010000 0.024315 0.020700 0.134786 0.000000 0.035915 0.044872 0.263109 0.000000 0.092989 0.160528 0.010000 0.021024 0.181762 
0.040000 0.039643 0.016990 0.130188 0.000000 0.018181 0.048477 0.081324 0.000000 0.028736 0.013826 0.000000 0.033427 0.549208 
0.000000 0.082584 0.000000 0.106319 0.010000 0.014496 0.374978 0.181475 0.000000 0.017465 0.104384 0.000000 0.020000 0.088298 
0.000000 0.191467 0.000000 0.029560 0.000000 0.142826 0.291382 0.107757 0.000000 0.009769 0.017727 0.000000 0.136122 0.073391 
0.000000 0.063892 0.010000 0.147597 0.000000 0.040153 0.035346 0.363046 0.000000 0.116428 0.065221 0.000000 0.011404 0.146914 
0.000000 0.107298 0.030000 0.067433 0.010000 0.145051 0.276461 0.160817 0.000000 0.000674 0.027589 0.000000 0.150000 0.024677 
0.000000 0.021310 0.000046 0.601734 0.000000 0.039574 0.017071 0.075553 0.041121 0.000272 0.150373 0.000000 0.000000 0.052945 
0.020000 0.003138 0.010469 0.023544 0.000000 0.048824 0.056547 0.341740 0.000000 0.381909 0.032658 0.000000 0.000000 0.081171 
0.000000 0.117574 0.040461 0.036953 0.010000 0.029601 0.313244 0.176139 0.000000 0.177472 0.017217 0.000000 0.034157 0.047182 
0.000000 0.091551 0.041682 0.032422 0.000000 0.034996 0.346842 0.067545 0.000000 0.004019 0.071713 0.000000 0.110000 0.199230 
0.020000 0.003935 0.031859 0.399577 0.010000 0.189379 0.002484 0.158020 0.000000 0.002542 0.092129 0.023690 0.042638 0.023746 
0.030000 0.013019 0.040000 0.163476 0.000000 0.027459 0.015889 0.129698 0.000000 0.148086 0.163002 0.000000 0.000288 0.269084 
0.000000 0.033332 0.046364 0.135134 0.000000 0.123125 0.056132 0.248707 0.000000 0.190184 0.032378 0.011752 0.023532 0.099360 
0.010000 0.135604 0.000000 0.019242 0.000000 0.002922 0.625290 0.010608 0.000000 0.004130 0.042329 0.000000 0.110000 0.039874 
