-195746.929931
0
0.000000 0.000000 0.000000 0.000000 0.000000 0.000000 0.000000 0.000000 0.000000 0.000000 0.000000 0.000000 0.000000 0.000000 0.000000 0.000000 0.000000 0.000000 0.000000 0.000000 0.000000 0.000000 0.000000 0.000000 0.000000 0.000000 0.000000 0.000000 0.000000 0.000000 0.000000 0.000000 0.000000 0.000000 0.000000 0.000000 0.000000 0.000000 0.000000 0.000000 0.000000 0.000000 0.000000 0.000000 0.000000 0.000000 0.000000 0.000000 0.000000 0.000000 0.000000 0.000000 0.000000 0.000000 0.000000 0.000000 0.000000 0.000000 0.000000 0.000000 0.000000 0.000000 0.000000 0.000000 0.000000 0.000000 0.000000 0.000000 0.000000 0.000000 0.000000 0.000000 0.000000 0.815724 0.137592 0.000000 0.000000 0.000000 0.046683 0.000000 0.000000 0.000000 0.000000 0.000000 0.000000 0.000000 0.000000 0.000000 0.000000 0.000000 0.000000 0.000000 0.000000 0.000000 0.000000 0.000000 
0.000000 0.000000 0.000000 0.000000 0.090316 0.044119 0.016186 0.037102 0.013964 0.023605 0.000000 0.000000 0.000000 0.012089 0.000000 0.000000 0.000000 0.000000 0.000000 0.000000 0.000000 0.000000 0.000000 0.000000 0.000000 0.000000 0.000000 0.000000 0.070570 0.065714 0.000000 0.089669 0.037375 0.022442 0.000000 0.000000 0.034710 0.000000 0.038407 0.000000 0.000000 0.000000 0.000000 0.000000 0.000000 0.000000 0.016421 0.000000 0.000000 0.000000 0.000000 0.000000 0.045644 0.043657 0.019423 0.037442 0.039365 0.000000 0.000000 0.000000 0.000000 0.000000 0.000000 0.000000 0.010518 0.000000 0.000000 0.000000 0.000000 0.000000 0.025720 0.000000 0.000000 0.000000 0.000000 0.000000 0.032671 0.078015 0.000000 0.034155 0.000000 0.000000 0.000000 0.000000 0.000000 0.000000 0.000000 0.000000 0.000000 0.000000 0.020703 0.000000 0.000000 0.000000 0.000000 0.000000 
0.000000 0.000000 0.000000 0.000000 0.000000 0.055409 0.000000 0.000000 0.000000 0.061453 0.573294 0.027142 0.000000 0.000000 0.000000 0.067937 0.000000 0.000000 0.000000 0.064484 0.000000 0.000000 0.000000 0.000000 0.000000 0.000000 0.000000 0.000000 0.000000 0.000000 0.000000 0.000000 0.000001 0.000000 0.000000 0.000000 0.000000 0.000000 0.000000 0.000000 0.000000 0.000000 0.000000 0.000000 0.000000 0.000000 0.000000 0.000000 0.027607 0.000000 0.000000 0.000000 0.000000 0.000000 0.000000 0.000000 0.000000 0.000000 0.000000 0.000000 0.000000 0.000000 0.000000 0.000000 0.000000 0.000000 0.000000 0.049127 0.000000 0.000000 0.000000 0.000000 0.000000 0.000000 0.000000 0.000000 0.000000 0.000000 0.000000 0.000000 0.000000 0.000000 0.000000 0.000000 0.000000 0.000000 0.000000 0.000000 0.073545 0.000000 0.000000 0.000000 0.000000 0.000000 0.000000 0.000000 
0.000000 0.000000 0.000000 0.000000 0.000000 0.000000 0.000000 0.000000 0.032090 0.022315 0.113971 0.020677 0.000000 0.004679 0.000000 0.000000 0.009429 0.007570 0.020519 0.000000 0.000000 0.002795 0.000000 0.000000 0.007907 0.024291 0.007875 0.057788 0.000000 0.000000 0.000000 0.000000 0.003947 0.000000 0.117858 0.000000 0.000000 0.000000 0.000000 0.000000 0.004580 0.000000 0.041066 0.000000 0.000000 0.002686 0.001608 0.008356 0.000000 0.000000 0.000000 0.005381 0.000000 0.004660 0.000000 0.000000 0.081090 0.103925 0.151569 0.072281 0.000000 0.000000 0.000000 0.000000 0.017564 0.004920 0.010777 0.003383 0.000000 0.000000 0.000000 0.001819 0.000000 0.000000 0.000000 0.000000 0.000000 0.000000 0.000000 0.000000 0.000000 0.000000 0.012691 0.000000 0.000000 0.000000 0.000000 0.000000 0.004547 0.000000 0.013386 0.000000 0.000000 0.000000 0.000000 0.000000 
0.000000 0.000000 0.000000 0.011986 0.000000 0.000000 0.000000 0.000000 0.000000 0.000000 0.000000 0.000000 0.000000 0.000000 0.000000 0.000000 0.000000 0.003068 0.000000 0.000000 0.000000 0.005101 0.000000 0.015921 0.000000 0.000000 0.000000 0.010916 0.000000 0.000000 0.000000 0.000000 0.000000 0.000000 0.006436 0.000000 0.000000 0.000000 0.000000 0.000000 0.000000 0.000000 0.000000 0.000000 0.000000 0.000000 0.002275 0.016134 0.000000 0.000000 0.000000 0.006602 0.000000 0.000000 0.000000 0.000000 0.000000 0.005096 0.014045 0.012451 0.000000 0.000000 0.000000 0.000000 0.004697 0.010757 0.000000 0.013652 0.000000 0.001580 0.000000 0.002253 0.044605 0.000000 0.000000 0.398884 0.000000 0.000000 0.000000 0.000000 0.000000 0.000000 0.254211 0.037277 0.000000 0.000000 0.000000 0.000000 0.000000 0.014709 0.006991 0.006521 0.000000 0.008248 0.000000 0.085586 
0.059605 0.055189 0.028578 0.043477 0.000000 0.000000 0.000000 0.000000 0.000000 0.000000 0.000000 0.000000 0.000000 0.000000 0.017410 0.000000 0.000000 0.000000 0.000000 0.000000 0.000000 0.000000 0.000000 0.000000 0.072367 0.108421 0.013361 0.064123 0.000000 0.000000 0.009247 0.000000 0.012563 0.013116 0.000000 0.024756 0.000000 0.018087 0.063159 0.026136 0.000000 0.000000 0.018311 0.000000 0.000000 0.000000 0.000000 0.000000 0.054576 0.074014 0.030804 0.043319 0.000000 0.000000 0.000000 0.000000 0.000000 0.000000 0.000000 0.000000 0.010702 0.008389 0.023706 0.000000 0.000000 0.000000 0.000000 0.000000 0.000000 0.000000 0.000000 0.000000 0.062873 0.000000 0.000000 0.022750 0.000000 0.000000 0.000000 0.000000 0.000000 0.000000 0.000000 0.012254 0.000000 0.000000 0.008707 0.000000 0.000000 0.000000 0.000000 0.000000 0.000000 0.000000 0.000000 0.000000 
0.000000 0.000000 0.000000 0.000000 0.000000 0.000000 0.000000 0.000000 0.003343 0.000000 0.000000 0.000000 0.000000 0.000000 0.000000 0.000000 0.000000 0.000000 0.000000 0.002006 0.000000 0.000000 0.000000 0.000000 0.000000 0.000000 0.000000 0.000000 0.000000 0.000000 0.000000 0.000000 0.002741 0.000000 0.000000 0.000000 0.000000 0.001318 0.000000 0.000000 0.000000 0.000000 0.000000 0.000000 0.000000 0.000000 0.000000 0.000000 0.000000 0.000000 0.000000 0.000000 0.000000 0.000000 0.000000 0.000000 0.004112 0.000000 0.000000 0.000000 0.000000 0.000000 0.000000 0.000000 0.000000 0.000000 0.000000 0.000000 0.000000 0.000000 0.000000 0.000000 0.010243 0.000000 0.000000 0.000000 0.033726 0.000000 0.000000 0.069231 0.525964 0.042361 0.022627 0.282328 0.000000 0.000000 0.000000 0.000000 0.000000 0.000000 0.000000 0.000000 0.000000 0.000000 0.000000 0.000000 
0.000000 0.000000 0.000000 0.000000 0.000000 0.000000 0.000000 0.000000 0.034284 0.000000 0.365466 0.000000 0.000000 0.000000 0.000000 0.000000 0.000000 0.000000 0.000000 0.000000 0.000000 0.000000 0.000000 0.000000 0.000000 0.000000 0.000000 0.000000 0.000000 0.000000 0.000000 0.000000 0.000000 0.000000 0.196131 0.000000 0.000000 0.000000 0.000000 0.000000 0.000000 0.000000 0.000000 0.000000 0.000000 0.000000 0.000000 0.000000 0.000000 0.000000 0.000000 0.000000 0.000000 0.000000 0.000000 0.000000 0.000000 0.000000 0.196260 0.000000 0.000000 0.000000 0.000000 0.000000 0.000000 0.012920 0.000000 0.000000 0.000000 0.000000 0.000000 0.000000 0.000000 0.000000 0.000000 0.000000 0.000000 0.000000 0.000000 0.000000 0.000000 0.000000 0.157237 0.000000 0.000000 0.000000 0.000000 0.000000 0.000000 0.000000 0.030565 0.007137 0.000000 0.000000 0.000000 0.000000 
0.000000 0.000000 0.000000 0.000000 0.000000 0.000000 0.000000 0.000000 0.000000 0.000000 0.000000 0.000000 0.006123 0.000000 0.000000 0.018759 0.025671 0.015861 0.009509 0.012100 0.066820 0.018088 0.000000 0.034301 0.000000 0.000000 0.000000 0.000000 0.000000 0.000000 0.000000 0.000000 0.000000 0.000000 0.000000 0.000000 0.000000 0.000000 0.000000 0.000000 0.019996 0.001554 0.048266 0.039542 0.055627 0.000000 0.007425 0.120520 0.009583 0.014297 0.000000 0.000000 0.000000 0.000000 0.000000 0.000000 0.000000 0.000000 0.000000 0.000000 0.000000 0.000000 0.000000 0.000000 0.000000 0.011889 0.007231 0.000000 0.018316 0.000000 0.000000 0.026555 0.033354 0.000000 0.000000 0.000000 0.000000 0.000000 0.000000 0.000000 0.000000 0.000000 0.000000 0.009460 0.009208 0.000000 0.021568 0.000000 0.020984 0.007907 0.025185 0.044642 0.112610 0.006981 0.000000 0.120068 
0.030565 0.020443 0.000000 0.016356 0.000000 0.000000 0.000000 0.014053 0.032691 0.006364 0.000000 0.028396 0.022842 0.011595 0.016037 0.028004 0.043078 0.016428 0.035595 0.041232 0.000000 0.000000 0.011560 0.007815 0.016164 0.000000 0.000000 0.007077 0.000000 0.000000 0.002655 0.000000 0.010655 0.000000 0.000000 0.023343 0.008445 0.014527 0.000000 0.020950 0.018360 0.029074 0.000000 0.028238 0.000000 0.008274 0.014714 0.000000 0.016368 0.000000 0.000000 0.019181 0.000000 0.000000 0.000000 0.008951 0.000000 0.000000 0.000000 0.011721 0.007767 0.008993 0.006486 0.019024 0.015580 0.012610 0.018300 0.020080 0.000000 0.003984 0.009516 0.009067 0.014252 0.000000 0.000000 0.016023 0.000000 0.000000 0.000000 0.009342 0.000000 0.000000 0.000000 0.000000 0.024472 0.019024 0.012060 0.033612 0.021207 0.022825 0.000000 0.024516 0.000000 0.008942 0.020571 0.000000 
0.000000 0.000000 0.000000 0.000000 0.000000 0.000000 0.000000 0.000000 0.000000 0.023379 0.000000 0.007673 0.000000 0.000000 0.000000 0.001930 0.000000 0.000000 0.000000 0.000000 0.000000 0.000000 0.000000 0.000000 0.001433 0.000000 0.000000 0.000000 0.000000 0.000000 0.000000 0.000000 0.110708 0.133991 0.020410 0.103391 0.000000 0.000000 0.000000 0.000000 0.001053 0.000000 0.000000 0.001895 0.000000 0.000000 0.000000 0.000000 0.000000 0.000000 0.000000 0.000000 0.000000 0.000000 0.000000 0.000000 0.000000 0.022105 0.000000 0.022616 0.000000 0.000000 0.000000 0.000000 0.000000 0.000000 0.000000 0.009067 0.000000 0.000000 0.000000 0.000000 0.000000 0.000000 0.000000 0.000000 0.000000 0.000000 0.000000 0.000000 0.000000 0.368078 0.127188 0.043260 0.000000 0.000000 0.000000 0.001823 0.000000 0.000000 0.000000 0.000000 0.000000 0.000000 0.000000 0.000000 
0.020000 0.000326 0.000000 0.027342 0.020601 0.033665 0.634307 0.000000 0.000282 0.024362 0.239114 
0.010000 0.000315 0.000000 0.031731 0.513788 0.000754 0.284434 0.038161 0.048281 0.014596 0.057940 
0.050000 0.188728 0.000000 0.088645 0.049996 0.070016 0.046800 0.000000 0.031023 0.422501 0.052291 
0.030000 0.046303 0.087467 0.030820 0.005625 0.235983 0.000195 0.000000 0.024190 0.523229 0.016188 
0.000000 0.013607 0.000000 0.114728 0.005001 0.012968 0.084751 0.000000 0.083521 0.189802 0.495622 
0.010000 0.090147 0.031571 0.075787 0.078951 0.116474 0.017276 0.000000 0.067674 0.483163 0.028959 
0.000000 0.066036 0.000000 0.143462 0.332615 0.036078 0.113691 0.000000 0.024137 0.214741 0.069240 
0.010000 0.051780 0.000000 0.196528 0.309651 0.050895 0.016053 0.000000 0.037436 0.246538 0.081119 
0.050000 0.151185 0.000000 0.016422 0.030062 0.213311 0.380230 0.000000 0.001864 0.129343 0.027583 
0.020000 0.090160 0.090747 0.148973 0.024943 0.162048 0.011064 0.000000 0.050279 0.285319 0.116467 
0.030000 0.017410 0.000000 0.181222 0.015937 0.054773 0.052426 0.294252 0.000558 0.287808 0.065613 
0.000000 0.104286 0.074135 0.149600 0.029846 0.107385 0.000603 0.000000 0.068008 0.369001 0.097136 
0.010000 0.044431 0.000000 0.046308 0.049043 0.205343 0.065893 0.000000 0.063330 0.403656 0.111996 
0.030000 0.013393 0.000000 0.029782 0.478178 0.041904 0.024547 0.130938 0.021605 0.204374 0.025279 
0.040000 0.171544 0.000000 0.054949 0.016441 0.512943 0.004845 0.000000 0.000753 0.171835 0.026690 
0.020000 0.126804 0.000000 0.201433 0.035986 0.073301 0.030006 0.000000 0.026084 0.404227 0.082158 
0.050000 0.047077 0.102853 0.206671 0.088187 0.198092 0.050635 0.000000 0.025265 0.069591 0.161629 
0.000000 0.001124 0.039028 0.066244 0.024034 0.008020 0.137085 0.000000 0.020268 0.156349 0.547848 
0.000000 0.046867 0.000000 0.203770 0.038892 0.016487 0.231794 0.000000 0.000836 0.376939 0.084415 
0.070000 0.144468 0.000000 0.003393 0.007811 0.456124 0.026067 0.000000 0.000415 0.259255 0.032467 
0.020000 0.147620 0.000000 0.137197 0.003265 0.022552 0.042857 0.000000 0.060635 0.516582 0.049291 
0.020000 0.143042 0.000000 0.098384 0.009617 0.166461 0.083510 0.000000 0.048380 0.429313 0.001292 
0.010000 0.054020 0.000000 0.202496 0.065140 0.171677 0.035935 0.000000 0.000287 0.435856 0.024590 
0.000000 0.001416 0.000000 0.550666 0.109718 0.056100 0.014358 0.106886 0.002966 0.063821 0.094071 
0.000000 0.014273 0.000000 0.019066 0.001955 0.000978 0.368006 0.000000 0.000568 0.022160 0.572994 
0.030000 0.000211 0.000000 0.147733 0.698227 0.018313 0.002487 0.000000 0.009872 0.018362 0.074794 
0.000000 0.060385 0.000000 0.311446 0.057237 0.110649 0.014694 0.000000 0.000368 0.387115 0.058105 
0.000000 0.012904 0.000000 0.057306 0.110891 0.002169 0.755564 0.000000 0.001791 0.045114 0.014260 
0.010000 0.199826 0.000000 0.063597 0.054381 0.214681 0.208699 0.000000 0.000609 0.226548 0.021658 
0.020000 0.012158 0.000000 0.010537 0.732981 0.003106 0.000930 0.000000 0.000704 0.182188 0.037396 
0.020000 0.016614 0.000000 0.005103 0.018546 0.073903 0.124157 0.000000 0.009100 0.141204 0.591373 
0.000000 0.043946 0.072022 0.169108 0.058728 0.132644 0.248783 0.000000 0.000485 0.179992 0.094292 
0.030000 0.037069 0.000000 0.221967 0.072305 0.306701 0.020822 0.000000 0.000818 0.300282 0.010035 
0.000000 0.066840 0.031318 0.068369 0.299530 0.065185 0.042149 0.000000 0.150145 0.211334 0.065130 
0.010000 0.042319 0.000000 0.067713 0.089338 0.043197 0.580195 0.000000 0.030299 0.068394 0.068544 
0.100000 0.049750 0.000000 0.042658 0.213556 0.304791 0.021859 0.000000 0.020757 0.237978 0.008649 
0.040000 0.168099 0.048837 0.124909 0.025997 0.096800 0.022654 0.000000 0.094789 0.303713 0.074201 
0.000000 0.071141 0.000000 0.041908 0.123293 0.016471 0.093608 0.000000 0.467457 0.184957 0.001165 
0.010000 0.075889 0.000000 0.388038 0.029322 0.072256 0.023065 0.000000 0.032526 0.283872 0.085032 
0.040000 0.000235 0.000000 0.010726 0.739186 0.007612 0.022828 0.088435 0.000521 0.010040 0.080416 
0.020000 0.081345 0.000000 0.343924 0.096593 0.026688 0.135543 0.000000 0.111137 0.126566 0.058204 
0.000000 0.036483 0.000000 0.089022 0.064392 0.182904 0.356314 0.000000 0.000360 0.101986 0.168539 
0.000000 0.004898 0.000000 0.588012 0.003327 0.081729 0.083345 0.000000 0.019635 0.022235 0.196818 
0.020000 0.127211 0.000000 0.208510 0.017812 0.044751 0.043788 0.000000 0.063122 0.343636 0.131170 
0.000000 0.002077 0.000000 0.207073 0.229329 0.002416 0.035402 0.276950 0.036744 0.110920 0.099090 
0.000000 0.020469 0.000000 0.006368 0.001316 0.012767 0.184692 0.000000 0.000080 0.052419 0.721889 
0.010000 0.267968 0.000000 0.091891 0.004627 0.153152 0.015476 0.000000 0.112704 0.327183 0.016998 
0.000000 0.066375 0.000000 0.445112 0.008029 0.128554 0.026418 0.000000 0.000924 0.212579 0.112009 
0.000000 0.001715 0.000000 0.258007 0.020237 0.030910 0.331687 0.245151 0.000231 0.101787 0.010274 
0.010000 0.231508 0.000000 0.268101 0.044663 0.058013 0.004243 0.000000 0.023085 0.334011 0.026377 
0.020000 0.077393 0.000000 0.025214 0.010832 0.298363 0.002995 0.130486 0.080372 0.350661 0.003685 
0.000000 0.001030 0.000000 0.015982 0.003947 0.010028 0.816000 0.020435 0.001331 0.025702 0.105545 
0.010000 0.017993 0.000000 0.114596 0.038418 0.056028 0.026490 0.110254 0.200224 0.292339 0.133658 
0.020000 0.069519 0.000000 0.083104 0.003425 0.127551 0.373979 0.000000 0.018558 0.270970 0.032895 
0.000000 0.039141 0.000000 0.047718 0.004975 0.034834 0.198384 0.000000 0.113329 0.089186 0.472433 
0.030000 0.019634 0.018182 0.040713 0.023355 0.299462 0.022233 0.000000 0.000508 0.527705 0.018209 
0.000000 0.040194 0.052584 0.090505 0.029416 0.007729 0.117660 0.000000 0.062394 0.069630 0.529889 
0.000000 0.055957 0.000000 0.020880 0.068147 0.025148 0.077271 0.204189 0.135003 0.224285 0.189120 
0.010000 0.019142 0.000000 0.031133 0.016623 0.012258 0.545034 0.000000 0.015621 0.072711 0.277478 
0.010000 0.017908 0.000000 0.141060 0.016554 0.050927 0.489852 0.000000 0.102235 0.084374 0.087090 
0.010000 0.118773 0.000000 0.153233 0.003201 0.047936 0.044859 0.000000 0.127698 0.326097 0.168203 
0.000000 0.020577 0.000000 0.850678 0.047351 0.003261 0.003792 0.000000 0.001000 0.052381 0.020959 
0.000000 0.073778 0.061391 0.159999 0.288017 0.066275 0.206185 0.000000 0.001158 0.103727 0.039470 
0.010000 0.057514 0.000000 0.468633 0.040380 0.024140 0.011274 0.000000 0.031969 0.307264 0.048826 
0.000000 0.000390 0.000000 0.028086 0.026382 0.010418 0.856505 0.000000 0.011003 0.026206 0.041011 
0.010000 0.065983 0.055269 0.123986 0.006258 0.183611 0.010368 0.000000 0.058148 0.484340 0.002036 
0.010000 0.040019 0.042766 0.053760 0.065994 0.233078 0.017053 0.000000 0.080507 0.456001 0.000822 
0.000000 0.000337 0.000000 0.220415 0.065793 0.059998 0.040967 0.351619 0.048730 0.154055 0.058085 
0.010000 0.074567 0.000000 0.030771 0.036291 0.099020 0.155523 0.000000 0.076144 0.162858 0.354827 
0.020000 0.002684 0.000000 0.096133 0.097079 0.068876 0.316090 0.000000 0.000852 0.049463 0.348825 
0.010000 0.023721 0.000000 0.017838 0.046087 0.072528 0.573979 0.000000 0.013432 0.199271 0.043144 
0.100000 0.180348 0.000000 0.025527 0.013191 0.446992 0.001470 0.000000 0.060948 0.113729 0.057795 
0.010000 0.033508 0.000000 0.277002 0.086902 0.065323 0.061301 0.170598 0.018845 0.133003 0.143518 
0.040000 0.000071 0.000000 0.083482 0.555301 0.030453 0.219485 0.000000 0.007039 0.042403 0.021768 
0.000000 0.001265 0.000000 0.400430 0.033062 0.044097 0.047366 0.000000 0.006077 0.127177 0.340526 
0.010000 0.061501 0.034478 0.117112 0.034804 0.013760 0.150981 0.000000 0.298003 0.229548 0.049814 
0.020000 0.035335 0.000000 0.186096 0.378081 0.111201 0.001474 0.031259 0.002291 0.200655 0.033607 
0.010000 0.068426 0.000000 0.235882 0.071176 0.090214 0.043870 0.080659 0.057172 0.264054 0.078547 
0.000000 0.044322 0.000000 0.393363 0.016491 0.031588 0.027740 0.000000 0.000405 0.379490 0.106600 
0.010000 0.022638 0.000000 0.023712 0.374375 0.000697 0.105947 0.000000 0.001049 0.025883 0.435700 
0.000000 0.000593 0.000000 0.077209 0.474120 0.007918 0.015041 0.000000 0.022277 0.071911 0.330931 
0.030000 0.055235 0.000000 0.120315 0.131634 0.358964 0.002493 0.081985 0.030382 0.159229 0.029762 
0.020000 0.164417 0.000000 0.079361 0.156192 0.367431 0.031572 0.000000 0.000886 0.158688 0.021453 
0.010000 0.003544 0.000000 0.603946 0.162838 0.046773 0.027855 0.000000 0.000908 0.126549 0.017586 
0.000000 0.032947 0.000000 0.104968 0.091561 0.017023 0.204134 0.000000 0.004755 0.044186 0.500426 
0.000000 0.010884 0.000000 0.003698 0.003959 0.018199 0.168713 0.000000 0.001130 0.035921 0.757497 
0.000000 0.000579 0.000000 0.320802 0.186248 0.013847 0.236562 0.000000 0.001192 0.053441 0.187330 
0.010000 0.135032 0.000000 0.018513 0.020650 0.002157 0.179089 0.000000 0.019291 0.249155 0.366112 
0.000000 0.032190 0.085562 0.156862 0.052066 0.015453 0.045141 0.247786 0.000650 0.296934 0.067356 
0.010000 0.032844 0.059288 0.702513 0.039622 0.038052 0.001415 0.000000 0.038151 0.033717 0.044398 
0.040000 0.190495 0.000000 0.107933 0.013963 0.263919 0.014988 0.000000 0.138272 0.225158 0.005272 
0.010000 0.015970 0.000000 0.814673 0.001419 0.055139 0.000084 0.000000 0.031420 0.010034 0.061261 
0.060000 0.062895 0.000000 0.039804 0.274677 0.325645 0.086909 0.000000 0.000662 0.104047 0.045362 
0.010000 0.017590 0.000000 0.061686 0.057089 0.043132 0.088400 0.165410 0.000546 0.143026 0.413123 
0.020000 0.059176 0.000000 0.060932 0.356281 0.227537 0.003790 0.000000 0.000715 0.268895 0.002674 
0.010000 0.002442 0.000000 0.046703 0.007132 0.028386 0.306836 0.000000 0.109133 0.455566 0.033802 
0.000000 0.000785 0.000000 0.181879 0.196264 0.032537 0.001240 0.251545 0.000625 0.275690 0.059435 
0.040000 0.285821 0.000000 0.123518 0.062152 0.094500 0.001984 0.000000 0.001546 0.291659 0.098820 
0.000000 0.015571 0.000000 0.259121 0.053485 0.206288 0.032836 0.000000 0.022418 0.393552 0.016730 
0.070000 0.146667 0.000000 0.056119 0.053479 0.409383 0.037010 0.000000 0.013079 0.209783 0.004480 
0.010000 0.266615 0.000000 0.006748 0.021920 0.013065 0.069066 0.000000 0.012597 0.586225 0.013763 
0.040000 0.183863 0.000000 0.089007 0.008907 0.171893 0.021388 0.000000 0.011475 0.461792 0.011675 
0.010000 0.058939 0.000000 0.014585 0.125475 0.182474 0.013803 0.000000 0.104842 0.455756 0.034126 
0.000000 0.206474 0.000000 0.021967 0.034518 0.059791 0.098537 0.000000 0.143550 0.389340 0.045823 
0.010000 0.000534 0.000000 0.043771 0.512434 0.040455 0.001659 0.000000 0.216129 0.145589 0.029429 
0.000000 0.068157 0.000000 0.096974 0.302468 0.014508 0.048226 0.000000 0.123169 0.324252 0.022246 
0.000000 0.053243 0.036786 0.089550 0.099893 0.067641 0.399808 0.000000 0.041320 0.156231 0.055528 
0.010000 0.043728 0.000000 0.061958 0.004044 0.038197 0.022798 0.000000 0.349321 0.468701 0.001253 
0.000000 0.000773 0.087576 0.269453 0.041947 0.099986 0.176598 0.144262 0.001065 0.067584 0.110756 
0.050000 0.081647 0.078726 0.229387 0.001471 0.254383 0.015377 0.000000 0.000344 0.187146 0.101518 
0.030000 0.068438 0.000000 0.170775 0.005208 0.124263 0.014337 0.000000 0.084590 0.406016 0.096372 
0.000000 0.296630 0.000000 0.080975 0.015562 0.127092 0.000488 0.000000 0.033775 0.380244 0.065235 
0.020000 0.034595 0.000000 0.507003 0.022097 0.117166 0.087618 0.000000 0.001288 0.199493 0.010740 
0.000000 0.000495 0.000000 0.002840 0.018994 0.000511 0.807534 0.000000 0.000912 0.043046 0.125668 
0.020000 0.001227 0.120008 0.041867 0.102793 0.017454 0.182083 0.000000 0.240675 0.249019 0.024875 
0.020000 0.051266 0.000000 0.139683 0.218103 0.092718 0.002995 0.000000 0.052415 0.345304 0.077515 
0.070000 0.090894 0.000000 0.099930 0.210705 0.320837 0.029195 0.000000 0.022795 0.148720 0.006924 
0.010000 0.031135 0.000000 0.195959 0.102560 0.119140 0.097636 0.185637 0.000712 0.217369 0.039850 
0.020000 0.002132 0.000000 0.077487 0.480278 0.000787 0.052718 0.000000 0.063574 0.064828 0.238197 
0.000000 0.000257 0.000000 0.587034 0.021630 0.025672 0.056127 0.000000 0.013934 0.040833 0.254513 
0.030000 0.175944 0.000000 0.090512 0.075223 0.110524 0.021390 0.000000 0.044523 0.359270 0.092614 
0.040000 0.149786 0.000000 0.047638 0.134826 0.437793 0.011333 0.000000 0.000417 0.161650 0.016557 
0.000000 0.012530 0.000000 0.033051 0.001855 0.004147 0.190363 0.000000 0.000131 0.045206 0.712717 
0.000000 0.035912 0.000000 0.027063 0.222814 0.088661 0.048431 0.000000 0.042098 0.138305 0.396716 
0.010000 0.000610 0.000000 0.074864 0.018655 0.178115 0.057471 0.000000 0.061843 0.227107 0.371335 
0.050000 0.181195 0.000000 0.130562 0.018930 0.005439 0.111694 0.000000 0.149031 0.334025 0.019124 
0.050000 0.139382 0.000000 0.030071 0.003812 0.551501 0.015508 0.000000 0.000693 0.184045 0.024989 
0.040000 0.079308 0.000000 0.022961 0.004435 0.463862 0.001403 0.000000 0.000431 0.342619 0.044981 
0.020000 0.063589 0.017794 0.049112 0.038894 0.137547 0.021027 0.000000 0.142390 0.506085 0.003560 
0.010000 0.033272 0.023287 0.042506 0.050407 0.002670 0.370837 0.000000 0.202389 0.158686 0.105945 
0.020000 0.078515 0.000000 0.080119 0.069713 0.275037 0.008599 0.000000 0.032353 0.407991 0.027672 
0.030000 0.062674 0.000000 0.015821 0.049826 0.213521 0.119873 0.000000 0.000606 0.096138 0.411541 
0.020000 0.002244 0.000000 0.007468 0.034415 0.011771 0.787625 0.000000 0.000176 0.029683 0.106620 
0.000000 0.000113 0.000000 0.037948 0.088789 0.008132 0.184806 0.000000 0.094357 0.174603 0.411251 
0.010000 0.047914 0.000000 0.072206 0.046790 0.006715 0.019543 0.000000 0.392265 0.361133 0.043434 
0.000000 0.000265 0.000000 0.260900 0.034878 0.004503 0.626897 0.000000 0.000210 0.021992 0.050356 
0.000000 0.048744 0.000000 0.173148 0.011114 0.122362 0.022297 0.394285 0.000309 0.182409 0.045332 
0.000000 0.001824 0.000000 0.068170 0.007632 0.072269 0.047697 0.043616 0.305069 0.367894 0.085828 
0.020000 0.048914 0.000000 0.057754 0.008806 0.094700 0.218946 0.000000 0.000380 0.380431 0.170069 
0.010000 0.067403 0.040914 0.169372 0.009700 0.407137 0.089781 0.000000 0.000805 0.118013 0.086874 
0.050000 0.269953 0.000000 0.027662 0.001358 0.196133 0.013470 0.000000 0.006303 0.378896 0.056225 
0.010000 0.048069 0.000000 0.040198 0.146250 0.004342 0.100010 0.000000 0.255984 0.199292 0.195855 
0.030000 0.105767 0.000000 0.067818 0.183953 0.065263 0.022320 0.000000 0.034806 0.431592 0.058480 
0.030000 0.164620 0.000000 0.039635 0.006402 0.436510 0.035500 0.000000 0.061526 0.180470 0.045338 
0.030000 0.092119 0.054620 0.102112 0.001276 0.212107 0.279487 0.000000 0.032241 0.095594 0.100443 
0.010000 0.000166 0.000000 0.722796 0.076169 0.006826 0.016667 0.000000 0.011822 0.078196 0.077359 
0.020000 0.190492 0.000000 0.047886 0.337992 0.072131 0.005275 0.000000 0.038033 0.246554 0.041637 
0.000000 0.000155 0.000000 0.006078 0.012403 0.016323 0.197144 0.000000 0.002629 0.122122 0.643146 
0.010000 0.032063 0.036852 0.375518 0.003162 0.034561 0.107619 0.000000 0.000366 0.053998 0.345862 
0.000000 0.000259 0.000000 0.019795 0.036500 0.000571 0.505234 0.000000 0.000312 0.009084 0.428245 
0.000000 0.023257 0.000000 0.115782 0.260805 0.008689 0.413096 0.000000 0.001750 0.112082 0.064538 
0.010000 0.027880 0.000000 0.142466 0.025273 0.095163 0.325042 0.000000 0.007803 0.317226 0.049146 
0.030000 0.044865 0.000000 0.085245 0.043232 0.069266 0.091177 0.000000 0.206267 0.307927 0.122022 
0.030000 0.001107 0.000000 0.090209 0.421863 0.032761 0.072546 0.000000 0.001126 0.270272 0.080114 
0.040000 0.076821 0.000000 0.116741 0.114945 0.228564 0.001004 0.000000 0.049128 0.284271 0.088525 
0.020000 0.069073 0.000000 0.110320 0.005998 0.200630 0.038952 0.262102 0.037019 0.159723 0.096183 
0.020000 0.012105 0.000000 0.079320 0.671580 0.053060 0.043717 0.000000 0.025744 0.047590 0.046883 
0.000000 0.000155 0.000000 0.065564 0.852860 0.010824 0.000859 0.000000 0.001125 0.046560 0.022052 
0.000000 0.022858 0.000000 0.534783 0.004848 0.051803 0.216929 0.000000 0.013765 0.119749 0.035263 
0.010000 0.002555 0.000000 0.194267 0.045046 0.033459 0.132820 0.164333 0.001515 0.085204 0.330802 
0.010000 0.000847 0.122195 0.350084 0.016869 0.014211 0.072867 0.228539 0.028522 0.140442 0.015423 
0.000000 0.028194 0.000000 0.069282 0.534949 0.103536 0.058514 0.000000 0.019284 0.126005 0.060236 
0.020000 0.038346 0.000000 0.145311 0.346818 0.075049 0.025570 0.000000 0.020525 0.248106 0.080275 
0.020000 0.023552 0.000000 0.090443 0.105044 0.037699 0.552115 0.000000 0.003266 0.105958 0.061923 
0.010000 0.018076 0.000000 0.093146 0.024280 0.003729 0.618806 0.000000 0.000551 0.099418 0.131994 
0.030000 0.014370 0.000000 0.265778 0.011917 0.112882 0.013377 0.211221 0.046796 0.173612 0.120045 
0.040000 0.170234 0.000000 0.063154 0.002232 0.108098 0.263326 0.000000 0.056835 0.286896 0.009224 
0.010000 0.199700 0.000000 0.136545 0.015343 0.057069 0.042159 0.000000 0.067941 0.438286 0.032956 
0.000000 0.001697 0.000000 0.431333 0.176443 0.071208 0.049830 0.060685 0.028016 0.143304 0.037483 
0.000000 0.234867 0.000000 0.051916 0.013852 0.111618 0.027391 0.000000 0.058417 0.486816 0.015124 
0.000000 0.013376 0.000000 0.002602 0.001984 0.008201 0.183096 0.000000 0.066924 0.077441 0.646376 
0.040000 0.106010 0.086207 0.114371 0.074213 0.003326 0.036553 0.000000 0.049209 0.449078 0.041033 
0.010000 0.032691 0.000000 0.046941 0.654718 0.050917 0.034707 0.000000 0.001256 0.134303 0.034467 
0.000000 0.047995 0.000000 0.039629 0.111217 0.124162 0.008670 0.000000 0.217104 0.435951 0.015271 
0.020000 0.001243 0.000000 0.113166 0.773017 0.027758 0.000691 0.000000 0.000658 0.061610 0.001857 
0.010000 0.010695 0.000000 0.139637 0.156037 0.063951 0.142857 0.000000 0.015328 0.307859 0.153635 
0.020000 0.022319 0.000000 0.114908 0.101018 0.002454 0.366427 0.000000 0.097656 0.172281 0.102936 
0.010000 0.070276 0.000000 0.085005 0.016255 0.068396 0.150025 0.221565 0.054661 0.226308 0.097508 
0.030000 0.098695 0.000000 0.038029 0.189140 0.533751 0.001759 0.000000 0.001193 0.080813 0.026619 
0.010000 0.137428 0.000000 0.097951 0.002957 0.249635 0.108716 0.000000 0.000887 0.375824 0.016602 
0.030000 0.001233 0.000000 0.019559 0.760468 0.021145 0.003859 0.053807 0.000846 0.065483 0.043601 
0.000000 0.037261 0.000000 0.123885 0.125912 0.048651 0.101256 0.000000 0.066445 0.117796 0.378794 
0.070000 0.153203 0.000000 0.055571 0.036960 0.495539 0.000696 0.000000 0.000288 0.134325 0.053418 
0.030000 0.064341 0.000000 0.096254 0.113842 0.003860 0.032286 0.099649 0.071916 0.381624 0.106226 
0.010000 0.087797 0.000000 0.012112 0.063888 0.345574 0.026581 0.000000 0.005891 0.432429 0.015729 
0.000000 0.176000 0.025121 0.150700 0.035593 0.068331 0.016152 0.000000 0.022050 0.399908 0.106144 
0.010000 0.091183 0.000000 0.147145 0.091540 0.117599 0.034744 0.000000 0.092980 0.397619 0.017189 
0.020000 0.016445 0.000000 0.078151 0.023623 0.005332 0.226753 0.000000 0.119584 0.326864 0.183248 
0.010000 0.053071 0.000000 0.114512 0.042667 0.103575 0.041388 0.000000 0.174994 0.438545 0.021249 
0.020000 0.027018 0.147360 0.331629 0.059471 0.056758 0.013747 0.072220 0.000960 0.184074 0.086762 
0.000000 0.164765 0.000000 0.088970 0.025598 0.074177 0.202691 0.000000 0.038047 0.370042 0.035709 
0.000000 0.025257 0.000000 0.431127 0.010041 0.019095 0.000118 0.231615 0.014394 0.262829 0.005525 
0.010000 0.002016 0.000000 0.155445 0.370419 0.002740 0.331947 0.000000 0.000453 0.061855 0.065126 
0.030000 0.020869 0.000000 0.524001 0.139766 0.030201 0.070968 0.000000 0.000880 0.170216 0.013099 
0.000000 0.037893 0.000000 0.162011 0.067703 0.101817 0.051406 0.225822 0.018984 0.218329 0.116034 
0.090000 0.103235 0.000000 0.099310 0.033554 0.391427 0.156978 0.000000 0.000548 0.113525 0.011424 
0.050000 0.150005 0.000000 0.153964 0.007472 0.412236 0.014361 0.000000 0.042087 0.160151 0.009724 
0.020000 0.106700 0.030756 0.045142 0.094860 0.190699 0.063959 0.000000 0.004085 0.428904 0.014895 
0.050000 0.035146 0.000000 0.259076 0.149945 0.265582 0.134633 0.000000 0.000631 0.053945 0.051041 
0.010000 0.100933 0.031346 0.081506 0.008943 0.054143 0.024868 0.000000 0.248635 0.394683 0.044943 
0.010000 0.000351 0.000000 0.028382 0.047534 0.099810 0.594034 0.000000 0.000491 0.044906 0.174493 
0.010000 0.264800 0.000000 0.142807 0.019165 0.228454 0.019961 0.000000 0.097751 0.180340 0.036723 
0.010000 0.032581 0.039158 0.022245 0.017283 0.152513 0.003250 0.000000 0.165145 0.523448 0.034376 
0.010000 0.026908 0.000000 0.123379 0.332708 0.032658 0.000721 0.000000 0.117409 0.290874 0.065344 
0.010000 0.109474 0.000000 0.052736 0.021324 0.162380 0.265109 0.000000 0.063743 0.262294 0.052940 
0.000000 0.120794 0.089467 0.160830 0.037704 0.096500 0.022783 0.000000 0.115886 0.307568 0.048467 
0.000000 0.002981 0.000000 0.642256 0.028727 0.096587 0.043287 0.000000 0.001501 0.128025 0.056637 
0.010000 0.037010 0.000000 0.117314 0.004923 0.053662 0.086162 0.000000 0.013439 0.297691 0.379799 
0.010000 0.000852 0.000000 0.079233 0.212024 0.009742 0.197376 0.000000 0.022466 0.115947 0.352361 
0.020000 0.048316 0.036543 0.126689 0.027454 0.066571 0.062814 0.000000 0.131756 0.440987 0.038870 
0.010000 0.024636 0.000000 0.034245 0.229112 0.013260 0.110513 0.000000 0.000766 0.237511 0.339957 
0.080000 0.193956 0.000000 0.053500 0.009998 0.503903 0.021666 0.000000 0.000245 0.117551 0.019181 
0.000000 0.024676 0.000000 0.092500 0.031294 0.011445 0.001369 0.000000 0.472026 0.315708 0.050982 
0.000000 0.001302 0.000000 0.048104 0.026525 0.023022 0.121341 0.000000 0.232756 0.200650 0.346301 
0.000000 0.050364 0.000000 0.205902 0.060200 0.002204 0.093542 0.000000 0.000952 0.153852 0.432984 
0.050000 0.070701 0.000000 0.016629 0.211489 0.246026 0.002274 0.000000 0.000722 0.400167 0.001991 
0.010000 0.136933 0.000000 0.301661 0.015672 0.114404 0.013696 0.000000 0.196707 0.197449 0.013479 
0.020000 0.016906 0.000000 0.101398 0.120309 0.064081 0.029179 0.000000 0.197106 0.391351 0.059671 
0.010000 0.028582 0.000000 0.038663 0.003290 0.001997 0.138916 0.000000 0.000264 0.048847 0.729440 
0.040000 0.093762 0.000000 0.060225 0.062146 0.294365 0.160188 0.000000 0.002206 0.044005 0.243104 
0.030000 0.000407 0.000000 0.124362 0.261802 0.004097 0.197114 0.000000 0.000761 0.064080 0.317377 
0.000000 0.043596 0.000000 0.708199 0.009786 0.050601 0.000170 0.000000 0.001455 0.183566 0.002627 
0.020000 0.037904 0.079536 0.138790 0.045611 0.042640 0.060907 0.136776 0.072415 0.205099 0.160323 
0.010000 0.000138 0.000000 0.049069 0.186603 0.009507 0.038855 0.000000 0.059210 0.075413 0.571205 
0.020000 0.030863 0.000000 0.063987 0.083531 0.243352 0.426319 0.000000 0.000136 0.080434 0.051377 
0.010000 0.092303 0.000000 0.156427 0.000715 0.412392 0.059511 0.000000 0.016565 0.243743 0.008345 
0.000000 0.071995 0.000000 0.169603 0.003067 0.053289 0.019564 0.000000 0.043494 0.389843 0.249145 
0.000000 0.010575 0.000000 0.553391 0.094371 0.068066 0.004207 0.000000 0.002358 0.218989 0.048043 
0.000000 0.000193 0.000000 0.030802 0.015863 0.001102 0.125408 0.034713 0.000285 0.034217 0.757417 
0.090000 0.204540 0.000000 0.050666 0.031511 0.483211 0.010257 0.000000 0.000190 0.127980 0.001644 
0.000000 0.007686 0.000000 0.064060 0.055818 0.039127 0.567165 0.000000 0.001331 0.053220 0.211592 
0.000000 0.027638 0.077469 0.178369 0.067079 0.001934 0.340763 0.000000 0.001230 0.020240 0.285278 
0.000000 0.001130 0.000000 0.018123 0.001301 0.013998 0.245166 0.000000 0.012415 0.038485 0.669381 
0.050000 0.167779 0.000000 0.056285 0.009830 0.455374 0.002019 0.000000 0.041598 0.192389 0.024726 
0.020000 0.078445 0.000000 0.109323 0.201160 0.069480 0.027755 0.000000 0.141369 0.314355 0.038113 
0.020000 0.054447 0.000000 0.080955 0.081505 0.198692 0.035887 0.000000 0.004687 0.412248 0.111579 
0.020000 0.104261 0.000000 0.136388 0.001662 0.156716 0.041864 0.000000 0.259460 0.272637 0.007013 
0.050000 0.059266 0.000000 0.082556 0.110735 0.286254 0.048991 0.000000 0.030899 0.216655 0.114644 
0.030000 0.034757 0.000000 0.286290 0.086453 0.316165 0.018935 0.000000 0.026007 0.153347 0.048046 
0.000000 0.000361 0.000000 0.071823 0.021482 0.003883 0.336262 0.000000 0.000421 0.017367 0.548401 
0.010000 0.029818 0.000000 0.027783 0.603534 0.010988 0.079547 0.000000 0.023654 0.145647 0.069029 
0.010000 0.018449 0.000000 0.168797 0.362124 0.107797 0.003692 0.000000 0.042632 0.197806 0.088703 
0.020000 0.035844 0.000000 0.032971 0.349444 0.046849 0.289446 0.000000 0.000332 0.042827 0.182287 
0.010000 0.013842 0.000000 0.002924 0.116082 0.036785 0.189803 0.000000 0.000313 0.015433 0.614819 
0.000000 0.072641 0.000000 0.473098 0.094752 0.067385 0.011423 0.000000 0.047493 0.173674 0.059533 
0.010000 0.013365 0.000000 0.147661 0.308947 0.004248 0.022732 0.159760 0.043718 0.137667 0.151903 
0.040000 0.118486 0.000000 0.066097 0.073261 0.052262 0.040724 0.000000 0.086359 0.385948 0.136861 
0.020000 0.082519 0.000000 0.175619 0.074926 0.407620 0.042400 0.000000 0.015291 0.124649 0.056976 
0.020000 0.089149 0.000000 0.130516 0.018002 0.319340 0.028862 0.000000 0.028459 0.318296 0.047376 
0.010000 0.024750 0.000000 0.425232 0.399351 0.036137 0.012869 0.000000 0.000443 0.056623 0.034596 
0.010000 0.120682 0.000000 0.154777 0.012886 0.003208 0.046072 0.000000 0.063666 0.500364 0.088345 
0.000000 0.000090 0.000000 0.007260 0.001055 0.000146 0.225124 0.000000 0.000223 0.039185 0.726917 
0.010000 0.013051 0.000000 0.032097 0.018802 0.002992 0.219291 0.000000 0.067491 0.173035 0.463241 
0.040000 0.034696 0.000000 0.087568 0.011171 0.178948 0.020957 0.000000 0.081201 0.506278 0.039182 
0.010000 0.100694 0.016190 0.050262 0.010609 0.012039 0.036931 0.000000 0.165742 0.551919 0.045613 
0.010000 0.060661 0.000000 0.104681 0.571133 0.120466 0.003935 0.000000 0.002183 0.121717 0.005224 
0.030000 0.093878 0.082459 0.105488 0.043794 0.028698 0.303712 0.000000 0.019787 0.185992 0.106192 
0.050000 0.002110 0.000000 0.311957 0.020812 0.097174 0.195940 0.000000 0.060447 0.181184 0.080377 
0.000000 0.001026 0.000000 0.039995 0.033571 0.013787 0.250119 0.000000 0.234581 0.179290 0.247632 
0.030000 0.079748 0.000000 0.044338 0.097495 0.364788 0.001104 0.000000 0.072223 0.300253 0.010050 
0.030000 0.134327 0.000000 0.016815 0.012678 0.456481 0.191184 0.000000 0.000411 0.125103 0.033000 
0.000000 0.000783 0.000000 0.095838 0.291991 0.011881 0.003036 0.000000 0.122134 0.409482 0.064856 
0.010000 0.053796 0.032754 0.064854 0.046403 0.039218 0.022861 0.000000 0.254254 0.455563 0.020296 
0.000000 0.023702 0.000000 0.072479 0.022981 0.000599 0.844394 0.000000 0.000668 0.027619 0.007557 
0.020000 0.136812 0.000000 0.004852 0.010187 0.118009 0.008399 0.000000 0.065331 0.616718 0.019694 
0.000000 0.173905 0.000000 0.075929 0.126115 0.082914 0.017775 0.000000 0.277775 0.200909 0.044678 
0.000000 0.046723 0.000000 0.025488 0.085318 0.003187 0.072131 0.000000 0.370430 0.294251 0.102471 
0.010000 0.033787 0.000000 0.008074 0.232056 0.010845 0.354136 0.000000 0.059605 0.236373 0.055123 
0.010000 0.000893 0.000000 0.147263 0.338376 0.052029 0.058135 0.000000 0.274068 0.093582 0.025655 
0.060000 0.056595 0.000000 0.035943 0.027433 0.591830 0.058796 0.000000 0.000325 0.159502 0.009576 
0.020000 0.088521 0.000000 0.161171 0.024534 0.100471 0.000091 0.000000 0.026287 0.568687 0.010237 
0.000000 0.012665 0.000000 0.039498 0.061573 0.029707 0.015072 0.072213 0.329037 0.435142 0.005094 
0.000000 0.007576 0.000000 0.562702 0.062824 0.108115 0.108955 0.000000 0.001397 0.107528 0.040903 
0.000000 0.015760 0.000000 0.313842 0.016648 0.092462 0.054227 0.000000 0.038583 0.446143 0.022335 
0.000000 0.051156 0.034876 0.002608 0.044344 0.281094 0.020649 0.000000 0.190355 0.366964 0.007954 
0.000000 0.119836 0.000000 0.127604 0.010746 0.568091 0.007278 0.000000 0.000430 0.134225 0.031792 
0.010000 0.070614 0.000000 0.051174 0.084502 0.110125 0.015942 0.000000 0.072850 0.579962 0.004832 
0.000000 0.025889 0.000000 0.133872 0.069232 0.039938 0.046158 0.000000 0.398882 0.284508 0.001521 
0.010000 0.002143 0.115292 0.205003 0.273024 0.001880 0.051970 0.000000 0.029615 0.112499 0.198574 
0.010000 0.000277 0.051679 0.040663 0.839932 0.014120 0.002780 0.000000 0.001332 0.012238 0.026979 
0.020000 0.001298 0.000000 0.087614 0.544450 0.019754 0.002121 0.000000 0.129197 0.157208 0.038359 
0.020000 0.094606 0.000000 0.033872 0.065101 0.107126 0.012409 0.000000 0.240400 0.391935 0.034552 
0.040000 0.108649 0.000000 0.095126 0.222092 0.117476 0.072305 0.000000 0.002107 0.143748 0.198497 
0.030000 0.004661 0.000000 0.529769 0.058889 0.022971 0.011304 0.000000 0.001379 0.112500 0.228527 
0.020000 0.016138 0.000000 0.046162 0.400013 0.001269 0.133825 0.000000 0.140695 0.200325 0.041573 
0.000000 0.087424 0.000000 0.151617 0.040645 0.092991 0.230162 0.000000 0.142995 0.213756 0.040410 
0.010000 0.000342 0.000000 0.077731 0.599923 0.010427 0.002994 0.000000 0.058362 0.185662 0.054558 
0.000000 0.042866 0.000000 0.068634 0.106573 0.039267 0.059841 0.000000 0.297800 0.344842 0.040177 
0.080000 0.193860 0.000000 0.089461 0.002810 0.457075 0.064423 0.000000 0.000299 0.099729 0.012344 
0.020000 0.040656 0.000000 0.419885 0.005358 0.371720 0.015509 0.000000 0.029345 0.092177 0.005348 
0.050000 0.236547 0.000000 0.042914 0.031743 0.041714 0.005529 0.000000 0.058070 0.500645 0.032838 
0.000000 0.162139 0.000000 0.148332 0.002729 0.076961 0.045230 0.000000 0.016912 0.315317 0.232380 
0.010000 0.002091 0.000000 0.006716 0.004507 0.013778 0.128002 0.014328 0.000244 0.089418 0.730917 
0.000000 0.000090 0.000000 0.011125 0.086915 0.004580 0.205841 0.000000 0.001570 0.061770 0.628109 
0.030000 0.002253 0.000000 0.062015 0.733918 0.068315 0.001436 0.000000 0.020965 0.041970 0.039127 
0.080000 0.128217 0.000000 0.030933 0.173086 0.375519 0.015248 0.000000 0.037342 0.114946 0.044709 
0.010000 0.000867 0.000000 0.624773 0.041560 0.014119 0.026429 0.000000 0.001774 0.249199 0.031280 
0.010000 0.081827 0.000000 0.008214 0.018640 0.052187 0.181212 0.000000 0.026193 0.205064 0.416663 
0.080000 0.158629 0.000000 0.090609 0.037542 0.477443 0.000605 0.000000 0.000411 0.088232 0.066528 
0.010000 0.260214 0.026861 0.015770 0.001171 0.109907 0.010249 0.000000 0.069176 0.481490 0.015162 
0.010000 0.064327 0.000000 0.331888 0.081802 0.127244 0.005872 0.000000 0.079115 0.294270 0.005482 
0.000000 0.133939 0.000000 0.031789 0.049112 0.014815 0.292196 0.000000 0.002071 0.282621 0.193457 
0.030000 0.001061 0.027817 0.061235 0.063115 0.060235 0.000491 0.000000 0.266274 0.481891 0.007880 
0.020000 0.061685 0.060516 0.341014 0.088558 0.146776 0.046189 0.000000 0.001322 0.154422 0.079518 
