-198060.680565
0
0.000000 0.000000 0.000000 0.005688 0.000000 0.000000 0.000000 0.000000 0.014738 0.011053 0.084728 0.011243 0.000000 0.001360 0.000000 0.002964 0.007724 0.005720 0.009958 0.003223 0.000000 0.003359 0.000431 0.007627 0.004085 0.007131 0.002648 0.026619 0.000000 0.000000 0.000000 0.000000 0.003896 0.006413 0.066831 0.006107 0.000000 0.000000 0.000000 0.000000 0.002918 0.001966 0.012640 0.001232 0.000000 0.002059 0.002179 0.012192 0.000000 0.002008 0.000000 0.005996 0.000000 0.000733 0.000000 0.000000 0.029474 0.043521 0.092918 0.036057 0.000000 0.000000 0.000000 0.000000 0.009978 0.009076 0.005427 0.010984 0.000000 0.001240 0.000000 0.002558 0.018562 0.006154 0.001706 0.153753 0.000001 0.000000 0.000000 0.000002 0.000000 0.016555 0.128090 0.016572 0.000000 0.000796 0.000000 0.000979 0.005783 0.008661 0.010332 0.006073 0.002143 0.004029 0.001812 0.039292 
0.000000 0.000000 0.000000 0.000002 0.000000 0.000000 0.000000 0.000000 0.002693 0.010917 0.000392 0.005279 0.000000 0.000001 0.000000 0.001894 0.001011 0.000001 0.000003 0.002360 0.000000 0.000000 0.000000 0.001224 0.000567 0.000003 0.000000 0.000008 0.000000 0.000000 0.000000 0.000000 0.052462 0.057022 0.011246 0.046494 0.000000 0.001266 0.000000 0.000359 0.000701 0.000525 0.000003 0.002006 0.000000 0.000000 0.000001 0.000003 0.000000 0.000001 0.000000 0.000002 0.000000 0.000000 0.000000 0.000000 0.003241 0.011666 0.000000 0.011666 0.000000 0.000000 0.000000 0.000000 0.000001 0.000002 0.000001 0.004443 0.000000 0.000000 0.000000 0.000001 0.005252 0.001603 0.000000 0.000949 0.016085 0.000629 0.000417 0.034352 0.273841 0.198046 0.070927 0.162320 0.000818 0.000327 0.000000 0.002268 0.000419 0.000694 0.000133 0.000596 0.000001 0.000000 0.000849 0.000007 
0.027495 0.021845 0.006445 0.016793 0.011676 0.006612 0.002092 0.011257 0.018354 0.007911 0.006467 0.012324 0.011257 0.007458 0.011299 0.014103 0.020590 0.009032 0.017584 0.018909 0.008244 0.002266 0.005053 0.006485 0.023730 0.027340 0.003745 0.021380 0.009123 0.008495 0.003306 0.011592 0.016473 0.010432 0.004028 0.017932 0.008370 0.010477 0.019209 0.015352 0.010440 0.012109 0.014613 0.016651 0.006863 0.003350 0.009513 0.013881 0.021469 0.017233 0.006947 0.018154 0.005901 0.006584 0.002511 0.008956 0.010754 0.005997 0.000000 0.008446 0.005984 0.006026 0.008328 0.008747 0.008827 0.006362 0.009210 0.007990 0.002260 0.001464 0.007700 0.006980 0.024498 0.023268 0.003649 0.016008 0.004936 0.009781 0.001389 0.009528 0.000000 0.003845 0.000014 0.007190 0.011991 0.008104 0.010169 0.014251 0.011177 0.009460 0.006371 0.014681 0.012589 0.004537 0.007945 0.011828 
0.032849 0.918401 0.048750 
0.610791 0.367586 0.021623 
0.110186 0.088266 0.801548 
0.079867 0.001038 0.919096 
0.155977 0.544895 0.299128 
0.165736 0.026514 0.807750 
0.480560 0.184981 0.334459 
0.560820 0.047323 0.391857 
0.003022 0.426367 0.570611 
0.262072 0.061683 0.676245 
0.579368 0.073526 0.347106 
0.277025 0.028210 0.694766 
0.071687 0.159437 0.768877 
0.727240 0.037772 0.234987 
0.035264 0.012208 0.952528 
0.212009 0.073440 0.714551 
0.434189 0.142803 0.423008 
0.130882 0.667368 0.201749 
0.234549 0.333702 0.431750 
0.002875 0.046451 0.950675 
0.078441 0.070592 0.850967 
0.058211 0.079066 0.862724 
0.272330 0.024225 0.703445 
0.866246 0.037680 0.096074 
0.005662 0.984988 0.009350 
0.967635 0.021692 0.010673 
0.366657 0.027127 0.606216 
0.130453 0.821361 0.048186 
0.066595 0.253445 0.679959 
0.863058 0.002221 0.134721 
0.008544 0.698378 0.293079 
0.279897 0.347177 0.372926 
0.232269 0.028968 0.738763 
0.420184 0.081713 0.498103 
0.127705 0.685030 0.187264 
0.278001 0.029201 0.692798 
0.166383 0.066101 0.767516 
0.193462 0.076395 0.730143 
0.375766 0.052175 0.572059 
0.915131 0.079201 0.005669 
0.454177 0.183245 0.362577 
0.142374 0.536473 0.321153 
0.677011 0.195539 0.127450 
0.195904 0.136550 0.667546 
0.805012 0.087465 0.107522 
0.004150 0.910095 0.085755 
0.009876 0.025694 0.964429 
0.462228 0.062929 0.474842 
0.519493 0.365093 0.115414 
0.245866 0.002009 0.752125 
0.192947 0.000870 0.806184 
0.025085 0.940730 0.034185 
0.369270 0.093255 0.537475 
0.015130 0.434302 0.550568 
0.054340 0.653542 0.292119 
0.066657 0.025596 0.907747 
0.250886 0.587320 0.161793 
0.370931 0.219634 0.409434 
0.030250 0.843823 0.125927 
0.144425 0.591195 0.264381 
0.106726 0.156165 0.737109 
0.918873 0.000615 0.080512 
0.456169 0.268702 0.275129 
0.483812 0.022659 0.493529 
0.033540 0.926183 0.040277 
0.155680 0.012541 0.831779 
0.118973 0.014245 0.866782 
0.774263 0.061911 0.163826 
0.074723 0.489836 0.435441 
0.188941 0.665351 0.145709 
0.008224 0.658612 0.333164 
0.035019 0.013403 0.951578 
0.584075 0.158584 0.257341 
0.706143 0.264570 0.029286 
0.500251 0.314678 0.185071 
0.168119 0.184461 0.647420 
0.631977 0.002165 0.365858 
0.432727 0.091302 0.475971 
0.389023 0.082193 0.528784 
0.442160 0.510236 0.047604 
0.660748 0.279114 0.060138 
0.334115 0.002885 0.662999 
0.185928 0.048627 0.765445 
0.786016 0.033360 0.180624 
0.235576 0.669435 0.094989 
0.003341 0.946205 0.050454 
0.531394 0.412671 0.055935 
0.023666 0.549592 0.426741 
0.613861 0.067644 0.318495 
0.807781 0.002280 0.189939 
0.081793 0.016695 0.901511 
0.849651 0.002052 0.148296 
0.304926 0.133329 0.561745 
0.344769 0.452958 0.202273 
0.408694 0.001556 0.589750 
0.037058 0.342498 0.620444 
0.752715 0.002779 0.244506 
0.147175 0.062445 0.790380 
0.287911 0.045191 0.666898 
0.032350 0.045648 0.922001 
0.004401 0.081436 0.914163 
0.005054 0.023934 0.971012 
0.134321 0.029425 0.836254 
0.012977 0.136358 0.850665 
0.668524 0.002218 0.329258 
0.429912 0.069781 0.500307 
0.194184 0.486400 0.319416 
0.040498 0.024283 0.935219 
0.570832 0.266486 0.162682 
0.262768 0.065425 0.671807 
0.160521 0.068289 0.771190 
0.063632 0.035353 0.901016 
0.459571 0.101922 0.438507 
0.012812 0.974482 0.012707 
0.205334 0.196584 0.598082 
0.372813 0.022571 0.604616 
0.292675 0.038429 0.668897 
0.519117 0.127593 0.353290 
0.685663 0.237135 0.077201 
0.696240 0.230045 0.073715 
0.125277 0.082532 0.792191 
0.145290 0.019140 0.835570 
0.031852 0.919462 0.048686 
0.291747 0.403138 0.305115 
0.093754 0.390671 0.515576 
0.107423 0.134105 0.758472 
0.003328 0.027496 0.969176 
0.005270 0.015496 0.979234 
0.061221 0.027013 0.911765 
0.133418 0.476237 0.390345 
0.125993 0.008881 0.865126 
0.062124 0.516006 0.421871 
0.026262 0.923710 0.050028 
0.165484 0.585576 0.248940 
0.119522 0.034355 0.846123 
0.247415 0.718179 0.034406 
0.669441 0.040155 0.290404 
0.139647 0.087892 0.772461 
0.045192 0.388518 0.566290 
0.171028 0.163654 0.665318 
0.002147 0.045846 0.952007 
0.266322 0.259666 0.474012 
0.252785 0.056918 0.690297 
0.008772 0.070736 0.920492 
0.115009 0.372297 0.512694 
0.911997 0.031508 0.056495 
0.359973 0.028275 0.611752 
0.010029 0.839411 0.150560 
0.470002 0.382742 0.147256 
0.046305 0.951130 0.002565 
0.380144 0.510040 0.109817 
0.100909 0.407489 0.491601 
0.143437 0.182067 0.674496 
0.548108 0.137666 0.314226 
0.240317 0.019436 0.740247 
0.453837 0.078678 0.467486 
0.800163 0.076077 0.123761 
0.987527 0.001279 0.011193 
0.489850 0.248172 0.261978 
0.454147 0.415508 0.130345 
0.739755 0.071245 0.189000 
0.626763 0.108316 0.264921 
0.561823 0.072491 0.365686 
0.144931 0.654371 0.200698 
0.088324 0.794264 0.117413 
0.552239 0.048826 0.398934 
0.034048 0.283950 0.682002 
0.101486 0.061757 0.836757 
0.728888 0.063459 0.207653 
0.048021 0.039702 0.912277 
0.005047 0.839296 0.155657 
0.225624 0.058957 0.715420 
0.756170 0.059517 0.184313 
0.159112 0.005525 0.835363 
0.913896 0.000687 0.085416 
0.297055 0.282078 0.420867 
0.248388 0.485627 0.265985 
0.360045 0.235087 0.404868 
0.219938 0.005039 0.775023 
0.026595 0.138066 0.835339 
0.902956 0.019554 0.077490 
0.290447 0.427537 0.282016 
0.047147 0.005210 0.947643 
0.377246 0.086823 0.535931 
0.038768 0.033066 0.928166 
0.165585 0.069186 0.765229 
0.211483 0.035802 0.752716 
0.085414 0.406427 0.508160 
0.169507 0.043209 0.787284 
0.598306 0.034253 0.367441 
0.072123 0.243081 0.684797 
0.696408 0.000512 0.303080 
0.509159 0.439677 0.051164 
0.645477 0.081182 0.273341 
0.500788 0.125460 0.373752 
0.078571 0.172737 0.748691 
0.124479 0.019204 0.856317 
0.137677 0.075741 0.786582 
0.376906 0.172582 0.450512 
0.119060 0.049584 0.831356 
0.059543 0.790043 0.150414 
0.114716 0.031522 0.853762 
0.056008 0.011416 0.932576 
0.562370 0.003152 0.434478 
0.044650 0.332017 0.623334 
0.251692 0.037922 0.710386 
0.672491 0.063810 0.263698 
0.063874 0.446249 0.489877 
0.333103 0.526860 0.140037 
0.169670 0.081620 0.748710 
0.319351 0.425771 0.254878 
0.037945 0.034285 0.927770 
0.139825 0.007079 0.853096 
0.108836 0.418853 0.472311 
0.344458 0.467108 0.188434 
0.193702 0.000948 0.805350 
0.307074 0.017118 0.675809 
0.243327 0.057739 0.698934 
0.065226 0.871476 0.063298 
0.099235 0.385789 0.514976 
0.477044 0.495672 0.027285 
0.705695 0.000306 0.293999 
0.469282 0.168779 0.361939 
0.330170 0.557686 0.112144 
0.094647 0.515164 0.390189 
0.090672 0.056645 0.852682 
0.152878 0.226737 0.620385 
0.656056 0.001499 0.342445 
0.104727 0.886196 0.009077 
0.056924 0.011880 0.931196 
0.089833 0.812674 0.097493 
0.316605 0.616362 0.067034 
0.023543 0.924422 0.052035 
0.029344 0.005342 0.965313 
0.310739 0.050036 0.639225 
0.129640 0.126739 0.743620 
0.086122 0.047773 0.866105 
0.196300 0.135605 0.668094 
0.349880 0.030810 0.619310 
0.100332 0.886740 0.012928 
0.678109 0.139398 0.182492 
0.596598 0.046065 0.357337 
0.401369 0.489008 0.109623 
0.130757 0.793035 0.076208 
0.586828 0.027069 0.386102 
0.762729 0.110071 0.127200 
0.135900 0.133757 0.730343 
0.202691 0.080112 0.717196 
0.129132 0.052088 0.818780 
0.898558 0.019840 0.081601 
0.111478 0.111620 0.776903 
0.006124 0.982896 0.010980 
0.056261 0.689395 0.254344 
0.092069 0.035571 0.872360 
0.051749 0.058634 0.889618 
0.674050 0.002757 0.323193 
0.226356 0.415526 0.358118 
0.312223 0.270393 0.417384 
0.098969 0.472610 0.428422 
0.130237 0.001185 0.868578 
0.005226 0.228626 0.766148 
0.425632 0.016922 0.557445 
0.143892 0.024601 0.831507 
0.065631 0.890965 0.043404 
0.002952 0.005657 0.991391 
0.225491 0.031078 0.743431 
0.124310 0.147639 0.728051 
0.228341 0.448996 0.322663 
0.599507 0.048555 0.351938 
0.038753 0.075733 0.885513 
0.121101 0.000478 0.878422 
0.244836 0.016436 0.738729 
0.622809 0.131115 0.246076 
0.283556 0.061307 0.655137 
0.057176 0.025344 0.917480 
0.091298 0.017114 0.891587 
0.114574 0.003300 0.882126 
0.202744 0.030646 0.766610 
0.661155 0.185957 0.152888 
0.989055 0.003944 0.007001 
0.801354 0.002218 0.196428 
0.074017 0.026446 0.899537 
0.307497 0.242346 0.450157 
0.673640 0.126714 0.199646 
0.530574 0.175293 0.294133 
0.164365 0.279611 0.556024 
0.849002 0.010683 0.140315 
0.214527 0.079559 0.705914 
0.035169 0.077891 0.886940 
0.354332 0.016269 0.629399 
0.038113 0.011629 0.950258 
0.114937 0.249552 0.635511 
0.047117 0.856579 0.096304 
0.141889 0.836411 0.021700 
0.878542 0.003000 0.118458 
0.203415 0.037849 0.758736 
0.639864 0.039783 0.320353 
0.014443 0.590508 0.395049 
0.107954 0.022883 0.869163 
0.003973 0.007194 0.988833 
0.381336 0.001150 0.617514 
0.043948 0.493670 0.462382 
0.135175 0.000286 0.864539 
0.479522 0.082852 0.437627 
0.019872 0.034850 0.945278 
0.858428 0.027834 0.113739 
0.345970 0.079905 0.574125 
0.279186 0.426444 0.294371 
0.104692 0.013395 0.881912 
0.032476 0.889152 0.078372 
0.430877 0.080636 0.488486 
0.161049 0.734196 0.104755 
0.234192 0.215969 0.549839 
0.163271 0.090131 0.746598 
0.275951 0.045191 0.678858 
0.146066 0.001417 0.852516 
0.067055 0.833451 0.099494 
0.277161 0.020995 0.701844 
0.043879 0.913039 0.043082 
0.704992 0.000491 0.294518 
0.066952 0.016052 0.916996 
0.003155 0.964217 0.032629 
0.530837 0.412786 0.056377 
0.008892 0.784694 0.206414 
0.157336 0.753749 0.088915 
0.172255 0.112090 0.715655 
0.003435 0.152184 0.844381 
0.445198 0.001204 0.553598 
0.695973 0.130365 0.173662 
0.013642 0.035815 0.950544 
0.177162 0.002047 0.820791 
0.929492 0.024720 0.045788 
0.146059 0.046898 0.807044 
0.194927 0.085015 0.720058 
0.063772 0.564533 0.371695 
0.305387 0.616565 0.078047 
0.722199 0.049744 0.228057 
0.178353 0.089657 0.731990 
0.464308 0.138991 0.396700 
0.117243 0.003200 0.879557 
0.055007 0.886005 0.058988 
0.003933 0.037329 0.958737 
0.047086 0.051477 0.901436 
0.018268 0.522381 0.459351 
0.069959 0.050154 0.879887 
0.004571 0.931925 0.063504 
0.083193 0.040514 0.876293 
0.505995 0.398508 0.095498 
0.014904 0.077983 0.907113 
0.224946 0.546862 0.228192 
0.010659 0.928257 0.061084 
0.093734 0.641576 0.264689 
0.026039 0.504042 0.469919 
0.273481 0.612867 0.113652 
0.605891 0.258714 0.135395 
0.017020 0.251866 0.731114 
0.008309 0.621407 0.370284 
0.825248 0.003699 0.171053 
0.186868 0.237026 0.576105 
0.470591 0.100215 0.429194 
0.300990 0.026170 0.672840 
0.445547 0.229100 0.325353 
0.708134 0.141316 0.150550 
0.070390 0.007819 0.921790 
0.052384 0.060725 0.886891 
0.683586 0.000830 0.315584 
0.832438 0.132368 0.035193 
0.749905 0.228521 0.021575 
0.026278 0.031092 0.942630 
0.028538 0.110044 0.861418 
0.120896 0.525932 0.353172 
0.808857 0.042386 0.148757 
0.008223 0.108362 0.883415 
0.060233 0.887262 0.052505 
0.313726 0.158056 0.528218 
0.574476 0.027799 0.397725 
0.236752 0.526831 0.236416 
0.943601 0.003207 0.053192 
0.222077 0.416803 0.361120 
0.950890 0.004160 0.044950 
0.375573 0.135580 0.488847 
0.121928 0.031403 0.846670 
0.004150 0.658436 0.337414 
0.084259 0.000568 0.915173 
0.879857 0.000496 0.119647 
0.468106 0.031577 0.500317 
0.171217 0.005602 0.823181 
0.562142 0.230694 0.207164 
0.073190 0.001865 0.924945 
0.070768 0.629565 0.299667 
0.168304 0.017913 0.813784 
0.002113 0.049943 0.947945 
0.139562 0.173564 0.686875 
0.270346 0.083071 0.646583 
0.089261 0.049879 0.860861 
0.190728 0.017790 0.791482 
0.583821 0.028565 0.387615 
0.548078 0.057318 0.394605 
0.091587 0.003895 0.904519 
0.027220 0.408348 0.564432 
0.004620 0.013357 0.982023 
0.197708 0.002864 0.799427 
0.008345 0.896659 0.094997 
0.878640 0.043110 0.078250 
0.515895 0.002700 0.481405 
0.053479 0.387984 0.558537 
0.109146 0.666393 0.224461 
0.264237 0.078730 0.657034 
0.018603 0.945695 0.035702 
0.028867 0.009620 0.961513 
0.089424 0.001574 0.909001 
0.345941 0.164958 0.489101 
0.080894 0.074578 0.844528 
0.057239 0.852055 0.090707 
0.004496 0.013628 0.981876 
0.225025 0.452414 0.322560 
0.269434 0.309759 0.420807 
0.176776 0.812487 0.010737 
0.780857 0.196021 0.023122 
0.082253 0.036447 0.881300 
0.124464 0.068623 0.806913 
0.119357 0.070704 0.809940 
0.752740 0.127390 0.119870 
0.232057 0.381665 0.386278 
0.097911 0.040528 0.861561 
0.051778 0.130974 0.817248 
0.900942 0.004645 0.094414 
0.660860 0.053012 0.286128 
0.102011 0.148783 0.749206 
0.020900 0.879270 0.099829 
0.163304 0.019155 0.817540 
0.158588 0.698937 0.142475 
0.586538 0.012079 0.401383 
0.091549 0.872836 0.035615 
0.193081 0.507387 0.299531 
0.526733 0.360367 0.112899 
0.157274 0.033948 0.808778 
0.566700 0.074674 0.358626 
0.630630 0.168613 0.200757 
0.184790 0.471089 0.344121 
0.113054 0.007481 0.879465 
0.002808 0.953631 0.043561 
0.097000 0.018045 0.884955 
0.057123 0.005594 0.937282 
0.112330 0.001262 0.886408 
0.683960 0.110313 0.205727 
0.109105 0.039807 0.851088 
0.044841 0.942287 0.012872 
0.084302 0.053147 0.862551 
0.445983 0.430130 0.123887 
0.051239 0.779818 0.168943 
0.285016 0.101699 0.613285 
0.851677 0.065852 0.082472 
0.555126 0.000745 0.444129 
0.102945 0.091354 0.805701 
0.800737 0.002196 0.197067 
0.663063 0.019197 0.317740 
0.085321 0.000686 0.913993 
0.990349 0.002113 0.007538 
0.734422 0.204488 0.061089 
0.011898 0.022331 0.965771 
0.815203 0.018580 0.166217 
0.066122 0.035114 0.898764 
0.553936 0.074172 0.371892 
0.026325 0.867258 0.106417 
0.466433 0.022701 0.510866 
0.056458 0.874771 0.068772 
0.654122 0.002188 0.343690 
0.702206 0.034553 0.263241 
0.831542 0.018822 0.149636 
0.053655 0.579917 0.366428 
0.983520 0.004240 0.012241 
0.129167 0.003234 0.867599 
0.213932 0.518850 0.267218 
0.322411 0.091306 0.586283 
0.845746 0.020609 0.133646 
0.264216 0.226111 0.509674 
0.024470 0.049980 0.925550 
0.346922 0.048221 0.604857 
0.278564 0.043479 0.677957 
0.032199 0.816693 0.151109 
0.770325 0.026190 0.203485 
0.012202 0.530124 0.457674 
0.315346 0.350746 0.333908 
0.791356 0.067935 0.140709 
0.065895 0.865991 0.068114 
0.505368 0.083493 0.411139 
0.542903 0.002003 0.455094 
0.302831 0.110991 0.586179 
0.488512 0.201300 0.310188 
0.464875 0.069036 0.466089 
0.929305 0.025880 0.044816 
0.165205 0.029376 0.805419 
0.023385 0.049029 0.927586 
0.406199 0.053384 0.540417 
0.076634 0.528720 0.394645 
0.163412 0.258590 0.577998 
0.197847 0.581214 0.220938 
0.077694 0.086371 0.835935 
0.059700 0.135114 0.805186 
0.648331 0.480596 0.967815 
