-194730.602925
0
0.000000 0.000000 0.000000 0.000000 0.000000 0.000000 0.000000 0.000000 0.000002 0.018598 0.000000 0.007415 0.000000 0.000000 0.000000 0.002719 0.000001 0.000001 0.000000 0.000003 0.000000 0.000000 0.000000 0.000000 0.002074 0.000000 0.000000 0.000000 0.000000 0.000000 0.000000 0.000000 0.085644 0.102285 0.017438 0.081899 0.000000 0.001173 0.000000 0.000000 0.001328 0.000000 0.000000 0.002327 0.000000 0.000000 0.000000 0.000000 0.000000 0.000000 0.000000 0.000000 0.000000 0.000000 0.000000 0.000000 0.000001 0.018511 0.000000 0.018371 0.000000 0.000000 0.000000 0.000936 0.000001 0.000001 0.000001 0.008418 0.000000 0.000000 0.000000 0.000000 0.000003 0.000001 0.000000 0.000006 0.000000 0.001154 0.000000 0.000000 0.123151 0.300469 0.109118 0.088679 0.001079 0.000645 0.000000 0.002954 0.000882 0.001462 0.000001 0.000001 0.000000 0.000000 0.001249 0.000000 
0.000000 0.000000 0.000000 0.013711 0.000000 0.000000 0.000000 0.000000 0.000002 0.000932 0.006827 0.003003 0.000000 0.000000 0.000000 0.000001 0.000001 0.003244 0.000000 0.000616 0.000000 0.004498 0.000000 0.013191 0.002217 0.000000 0.000000 0.014258 0.000000 0.000000 0.000000 0.000000 0.000013 0.000002 0.013990 0.001057 0.000000 0.000002 0.000000 0.000000 0.000001 0.001280 0.000000 0.000000 0.000000 0.000889 0.002124 0.015243 0.000000 0.001602 0.000000 0.008618 0.000000 0.000000 0.000000 0.000000 0.000001 0.011678 0.024400 0.015718 0.000000 0.000000 0.000000 0.000000 0.005113 0.010211 0.001824 0.012401 0.000000 0.001338 0.000000 0.002214 0.040496 0.012608 0.003605 0.349616 0.000000 0.000000 0.000000 0.000000 0.000000 0.014405 0.240796 0.035649 0.000000 0.000993 0.000000 0.000000 0.001611 0.013383 0.006725 0.006073 0.000000 0.007469 0.001263 0.073087 
0.000000 0.000000 0.000000 0.000000 0.000000 0.000000 0.000000 0.000000 0.005585 0.000730 0.000000 0.001352 0.000000 0.000000 0.000000 0.000001 0.001472 0.000001 0.000000 0.003401 0.000000 0.000000 0.000000 0.001354 0.000001 0.000000 0.000000 0.000000 0.000000 0.000000 0.000000 0.000000 0.006098 0.000001 0.000048 0.000022 0.000000 0.001177 0.000000 0.000000 0.000001 0.000000 0.000000 0.000000 0.000000 0.000000 0.000001 0.000000 0.000000 0.000001 0.000000 0.000000 0.000000 0.000000 0.000000 0.000000 0.008582 0.001565 0.000000 0.002355 0.000658 0.000000 0.000000 0.000000 0.000001 0.000001 0.000000 0.000010 0.000000 0.000000 0.000000 0.000000 0.013586 0.004435 0.000000 0.015559 0.037669 0.000000 0.001029 0.082192 0.470202 0.048933 0.035481 0.256481 0.000000 0.000000 0.000000 0.000000 0.000003 0.000006 0.000002 0.000001 0.000000 0.000000 0.000003 0.000000 
0.040597 0.037148 0.010959 0.029136 0.015551 0.006176 0.003558 0.012991 0.015973 0.006356 0.000000 0.009971 0.007231 0.007600 0.014653 0.002690 0.006391 0.002425 0.007908 0.006321 0.000000 0.000000 0.000000 0.000000 0.038636 0.044011 0.005627 0.034114 0.015514 0.012344 0.005622 0.019712 0.017335 0.011725 0.002799 0.021688 0.010911 0.014968 0.032664 0.022638 0.003501 0.006267 0.008832 0.005647 0.000000 0.002199 0.006460 0.000000 0.030428 0.027566 0.011813 0.030950 0.010034 0.008478 0.004270 0.010262 0.009622 0.005661 0.000000 0.007222 0.008099 0.007357 0.014162 0.011125 0.005429 0.002091 0.004385 0.001350 0.000000 0.001350 0.005715 0.000000 0.032370 0.040426 0.006575 0.029267 0.006193 0.013548 0.002359 0.008613 0.000000 0.000000 0.000007 0.008912 0.005872 0.008448 0.006624 0.008084 0.003592 0.003569 0.002616 0.003782 0.000000 0.000942 0.003984 0.000000 
0.006489 0.000000 0.000000 0.000000 0.005817 0.006850 0.000000 0.007078 0.016871 0.007765 0.013321 0.014407 0.016101 0.005833 0.006164 0.030816 0.042462 0.018846 0.030411 0.038690 0.018948 0.006923 0.012215 0.019416 0.000000 0.000000 0.000000 0.000000 0.000000 0.002841 0.000000 0.000000 0.007779 0.001655 0.003098 0.007073 0.004490 0.003545 0.000000 0.005087 0.020132 0.022023 0.020945 0.032868 0.015774 0.004826 0.014317 0.040983 0.008217 0.001651 0.000000 0.000000 0.000000 0.002929 0.000000 0.006713 0.005584 0.003260 0.000000 0.009593 0.002509 0.002886 0.000000 0.004373 0.013380 0.014126 0.015771 0.019188 0.005194 0.001675 0.009973 0.017718 0.016998 0.000000 0.000000 0.023333 0.003774 0.004014 0.000000 0.011171 0.000000 0.000000 0.000009 0.007339 0.019734 0.007687 0.014420 0.023531 0.023372 0.020733 0.012383 0.033004 0.031933 0.010881 0.014178 0.043904 
0.002478 0.000000 0.000000 0.000000 0.000000 0.000000 0.000000 0.001671 0.033508 0.020047 0.157985 0.019406 0.000000 0.003973 0.000000 0.002971 0.010108 0.006674 0.017898 0.002016 0.000000 0.000852 0.000000 0.000000 0.008066 0.018011 0.006360 0.044336 0.000000 0.000000 0.000000 0.000000 0.005744 0.004210 0.119054 0.005224 0.000000 0.000416 0.000000 0.000000 0.004064 0.000000 0.024844 0.000000 0.000000 0.003130 0.001015 0.000000 0.000000 0.003608 0.000000 0.005098 0.000000 0.002394 0.000000 0.000000 0.063595 0.075928 0.158364 0.054817 0.000000 0.001379 0.000000 0.000000 0.014661 0.006785 0.008252 0.006658 0.000000 0.001215 0.000000 0.001008 0.000003 0.000835 0.000000 0.000009 0.000000 0.000000 0.000000 0.000000 0.000000 0.000000 0.047499 0.000191 0.000000 0.000000 0.000000 0.000000 0.006106 0.001329 0.013246 0.002168 0.000000 0.000000 0.000795 0.000000 
0.293192 0.000044 0.638898 0.048233 0.003510 0.016124 
0.064945 0.553871 0.280217 0.002089 0.052333 0.046545 
0.072995 0.000059 0.031015 0.527833 0.295118 0.072981 
0.013080 0.000026 0.000005 0.545883 0.337927 0.103078 
0.579599 0.000033 0.000024 0.069633 0.244808 0.105902 
0.045624 0.020454 0.000046 0.391725 0.465178 0.076972 
0.077274 0.333125 0.104704 0.160650 0.207618 0.116629 
0.082462 0.309100 0.000031 0.213204 0.233152 0.162052 
0.014970 0.000052 0.410115 0.526268 0.047312 0.001283 
0.110205 0.000040 0.000024 0.400382 0.263948 0.225400 
0.086879 0.000064 0.032929 0.205094 0.150406 0.524628 
0.087509 0.000046 0.000009 0.351022 0.347074 0.214340 
0.208261 0.000059 0.000042 0.486034 0.300571 0.005032 
0.018019 0.567039 0.018790 0.147946 0.112349 0.135857 
0.028806 0.000057 0.000025 0.896354 0.038049 0.036709 
0.112864 0.000053 0.000038 0.341822 0.358440 0.186782 
0.194335 0.081190 0.000037 0.356277 0.065716 0.302445 
0.690658 0.000059 0.000031 0.066686 0.166693 0.075874 
0.111224 0.000047 0.217087 0.181689 0.272400 0.217553 
0.042137 0.000029 0.011910 0.928947 0.016375 0.000602 
0.062049 0.000019 0.024122 0.384873 0.425097 0.103841 
0.000754 0.000029 0.083281 0.529778 0.317373 0.068784 
0.036847 0.047305 0.000049 0.516956 0.192601 0.206242 
0.092834 0.089944 0.000024 0.034890 0.050239 0.732069 
0.722463 0.000022 0.252040 0.004647 0.013989 0.006839 
0.054291 0.824397 0.000016 0.007229 0.015661 0.098405 
0.062125 0.022666 0.000030 0.426414 0.171617 0.317149 
0.002891 0.072866 0.801137 0.009539 0.055740 0.057827 
0.017318 0.000185 0.249254 0.606886 0.066480 0.059877 
0.013970 0.792032 0.000010 0.058355 0.134357 0.001275 
0.711705 0.000036 0.000041 0.207588 0.079501 0.001130 
0.104077 0.025775 0.248210 0.274709 0.119140 0.228089 
0.003138 0.040086 0.021066 0.588698 0.134748 0.212265 
0.081741 0.301253 0.017567 0.173346 0.378053 0.048039 
0.070327 0.062549 0.604126 0.136304 0.061735 0.064959 
0.002671 0.239365 0.016692 0.652963 0.080043 0.008267 
0.097915 0.000041 0.000034 0.387731 0.376669 0.137611 
0.000722 0.110549 0.086885 0.071405 0.726622 0.003817 
0.096424 0.000044 0.000033 0.293888 0.232600 0.377011 
0.077289 0.860087 0.000035 0.003258 0.002136 0.057193 
0.053444 0.089669 0.135570 0.186050 0.211850 0.323418 
0.215292 0.048496 0.323609 0.315840 0.007184 0.089579 
0.262248 0.000028 0.000045 0.060494 0.026615 0.650570 
0.164098 0.000038 0.000042 0.325354 0.336095 0.174373 
0.127370 0.259012 0.000037 0.005379 0.127126 0.481076 
0.925205 0.000016 0.000029 0.070717 0.002918 0.001114 
0.030811 0.000024 0.000068 0.616010 0.331037 0.022051 
0.112917 0.000031 0.000036 0.297265 0.127200 0.462550 
0.003172 0.000059 0.364532 0.064850 0.044864 0.522522 
0.005177 0.000044 0.000026 0.472672 0.267019 0.255062 
0.001467 0.000056 0.000020 0.574204 0.238783 0.185469 
0.113461 0.000030 0.826596 0.005627 0.017035 0.037252 
0.159863 0.000102 0.000026 0.188677 0.430337 0.220995 
0.023456 0.000027 0.389164 0.366901 0.155627 0.064825 
0.606477 0.000036 0.067156 0.095156 0.196945 0.034230 
0.035596 0.000054 0.000062 0.672067 0.244156 0.048065 
0.650017 0.000072 0.000028 0.044448 0.160013 0.145423 
0.240007 0.061742 0.019049 0.128048 0.329328 0.221826 
0.337581 0.000037 0.514415 0.074077 0.052743 0.021148 
0.091096 0.000042 0.509135 0.094536 0.186862 0.118328 
0.203270 0.000025 0.000033 0.217297 0.476047 0.103328 
0.002965 0.035551 0.000039 0.057441 0.026265 0.877739 
0.029663 0.273183 0.218010 0.188106 0.107994 0.183045 
0.055470 0.000047 0.000029 0.237864 0.243886 0.462704 
0.040641 0.000041 0.887213 0.027922 0.021124 0.023060 
0.001674 0.000027 0.009621 0.455168 0.375275 0.158234 
0.000842 0.033180 0.014224 0.583477 0.297977 0.070300 
0.071943 0.095244 0.020492 0.076511 0.124303 0.611507 
0.458004 0.000058 0.064630 0.270166 0.185335 0.021808 
0.414455 0.098573 0.257611 0.140533 0.005613 0.083214 
0.041686 0.000052 0.622586 0.182585 0.151215 0.001875 
0.045134 0.000051 0.000014 0.841105 0.096203 0.017494 
0.204775 0.089172 0.000042 0.179852 0.057663 0.468496 
0.003482 0.662406 0.227642 0.016778 0.051145 0.038546 
0.380819 0.000068 0.000022 0.089967 0.107499 0.421625 
0.050988 0.000047 0.148125 0.135528 0.568587 0.096725 
0.011706 0.393747 0.000014 0.268630 0.124411 0.201491 
0.131104 0.050818 0.000047 0.246345 0.241171 0.330515 
0.131414 0.000044 0.000030 0.253202 0.224746 0.390563 
0.537155 0.418243 0.000029 0.030304 0.011049 0.003219 
0.334023 0.542525 0.000013 0.024266 0.055406 0.043768 
0.017704 0.139745 0.000019 0.577243 0.066854 0.198436 
0.020976 0.143812 0.025525 0.679293 0.083278 0.047116 
0.013843 0.155194 0.024967 0.097160 0.072852 0.635984 
0.741659 0.081037 0.000039 0.061739 0.028668 0.086858 
0.906767 0.000033 0.020782 0.049221 0.022313 0.000884 
0.213158 0.179164 0.214400 0.023538 0.025176 0.344565 
0.464605 0.000036 0.102644 0.207200 0.219423 0.006092 
0.114682 0.042664 0.000048 0.126084 0.208338 0.508184 
0.038397 0.021599 0.000018 0.091655 0.122276 0.726054 
0.002604 0.000035 0.012083 0.605466 0.304642 0.075171 
0.035675 0.000026 0.000003 0.068516 0.056907 0.838872 
0.039914 0.289293 0.078997 0.569746 0.004624 0.017426 
0.489484 0.058035 0.000038 0.166598 0.041940 0.243905 
0.000801 0.364372 0.000020 0.489448 0.120302 0.025056 
0.025217 0.000030 0.302497 0.249410 0.390412 0.032434 
0.046828 0.234357 0.000012 0.100358 0.173023 0.445422 
0.097462 0.000062 0.000018 0.652686 0.137748 0.112024 
0.024004 0.000062 0.027630 0.467234 0.204054 0.277016 
0.001970 0.000057 0.037588 0.854009 0.097323 0.009052 
0.015050 0.000030 0.066891 0.555134 0.361789 0.001106 
0.017175 0.000020 0.011609 0.667129 0.286434 0.017633 
0.043070 0.117630 0.000040 0.445522 0.390069 0.003669 
0.048570 0.000039 0.097755 0.372166 0.479425 0.002044 
0.011511 0.569414 0.000014 0.070283 0.345210 0.003568 
0.022141 0.291788 0.044386 0.167805 0.407518 0.066361 
0.065002 0.061277 0.409704 0.157649 0.203825 0.102543 
0.001040 0.000024 0.021979 0.176226 0.770872 0.029859 
0.122508 0.032638 0.165694 0.125420 0.048971 0.504769 
0.102788 0.000022 0.000023 0.566942 0.019891 0.310334 
0.100042 0.000027 0.000025 0.383390 0.366121 0.150396 
0.061548 0.000030 0.000011 0.599846 0.275722 0.062843 
0.002117 0.000046 0.090882 0.289924 0.135067 0.481965 
0.132637 0.000028 0.839248 0.001765 0.025859 0.000464 
0.017763 0.084201 0.184523 0.097525 0.543975 0.072014 
0.063910 0.207887 0.000018 0.339784 0.289463 0.098937 
0.002308 0.217534 0.028073 0.622414 0.061090 0.068580 
0.041481 0.107578 0.094650 0.273444 0.075634 0.407213 
0.274745 0.551462 0.000029 0.004985 0.128366 0.040412 
0.298207 0.009033 0.000029 0.008274 0.064893 0.619564 
0.113107 0.036171 0.000030 0.521537 0.279585 0.049570 
0.027427 0.121573 0.000058 0.843901 0.004609 0.002433 
0.884509 0.000019 0.032433 0.040818 0.007609 0.034612 
0.441446 0.240142 0.000021 0.202843 0.109761 0.005788 
0.431133 0.000050 0.000028 0.364721 0.146641 0.057428 
0.013231 0.000034 0.115822 0.339154 0.440282 0.091477 
0.035499 0.000024 0.000053 0.903358 0.059538 0.001529 
0.036803 0.000027 0.000011 0.919672 0.040062 0.003424 
0.004991 0.000080 0.022155 0.471731 0.460903 0.040139 
0.110104 0.019898 0.385259 0.036839 0.399792 0.048108 
0.023523 0.043874 0.000027 0.687353 0.184537 0.060686 
0.536016 0.027722 0.000040 0.423196 0.010328 0.002699 
0.123817 0.000047 0.820966 0.049303 0.004413 0.001454 
0.620250 0.084624 0.000041 0.040382 0.221406 0.033296 
0.063494 0.000063 0.000038 0.121069 0.770862 0.044474 
0.036892 0.000053 0.671126 0.004829 0.002841 0.284258 
0.080326 0.000063 0.000040 0.223749 0.045084 0.650739 
0.125168 0.000035 0.000046 0.117339 0.673307 0.084106 
0.215241 0.000034 0.178064 0.411547 0.148905 0.046208 
0.098536 0.000038 0.070080 0.618984 0.019831 0.192531 
0.063639 0.000010 0.000037 0.808778 0.124119 0.003418 
0.254265 0.159654 0.032772 0.063566 0.470434 0.019309 
0.070961 0.178600 0.000039 0.403088 0.293914 0.053397 
0.084107 0.000046 0.000051 0.803010 0.109016 0.003770 
0.101824 0.000017 0.277011 0.409513 0.067032 0.144602 
0.079179 0.060092 0.000032 0.021245 0.097706 0.741746 
0.028635 0.312205 0.000037 0.386675 0.260890 0.011557 
0.852273 0.000033 0.000033 0.086463 0.059285 0.001914 
0.437646 0.000027 0.000035 0.105865 0.014572 0.441855 
0.526664 0.000076 0.452888 0.001715 0.002332 0.016325 
0.078330 0.249723 0.421478 0.056501 0.135843 0.058125 
0.054625 0.000042 0.338516 0.283500 0.211657 0.111660 
0.167925 0.000061 0.056508 0.239665 0.465741 0.070101 
0.091787 0.459682 0.044962 0.193336 0.162029 0.048204 
0.070666 0.105312 0.000010 0.507085 0.227522 0.089405 
0.133032 0.000050 0.000044 0.384282 0.081070 0.401523 
0.031092 0.753067 0.035883 0.105437 0.046860 0.027661 
0.003106 0.920334 0.000009 0.019265 0.027741 0.029546 
0.025682 0.000023 0.222138 0.120017 0.095498 0.536642 
0.395650 0.043155 0.076576 0.080283 0.050054 0.354282 
0.009478 0.000053 0.075468 0.071257 0.153086 0.690658 
0.062690 0.591250 0.042447 0.208234 0.064016 0.031363 
0.085989 0.383466 0.000043 0.200510 0.213093 0.116899 
0.063047 0.074254 0.585103 0.135519 0.067822 0.074255 
0.149289 0.000043 0.635502 0.049613 0.075166 0.090387 
0.117707 0.000051 0.000024 0.241499 0.137160 0.503558 
0.002966 0.000022 0.278588 0.465321 0.206696 0.046406 
0.038174 0.000029 0.030660 0.444071 0.367242 0.119823 
0.031673 0.180706 0.040456 0.099763 0.119346 0.528056 
0.017442 0.000031 0.027329 0.534076 0.382705 0.038417 
0.833153 0.000023 0.000032 0.031447 0.134733 0.000613 
0.086363 0.022667 0.000050 0.220872 0.539128 0.130920 
0.024582 0.691752 0.027020 0.134810 0.117091 0.004744 
0.013126 0.107073 0.000027 0.320140 0.545339 0.014295 
0.000573 0.843706 0.000008 0.053878 0.047931 0.053904 
0.197805 0.152477 0.102084 0.265993 0.161096 0.120546 
0.106450 0.090219 0.377951 0.065852 0.264579 0.094949 
0.130321 0.000048 0.130636 0.221506 0.190130 0.327360 
0.012828 0.209057 0.000016 0.748755 0.004441 0.024903 
0.013250 0.000021 0.111039 0.574020 0.232192 0.069478 
0.006422 0.890099 0.000022 0.027250 0.050096 0.026111 
0.480126 0.121251 0.000039 0.127357 0.178308 0.092919 
0.029745 0.000047 0.000010 0.937562 0.002856 0.029779 
0.135328 0.108712 0.000033 0.183066 0.384532 0.188328 
0.020141 0.029997 0.016127 0.742216 0.189958 0.001560 
0.117858 0.000050 0.000024 0.383784 0.348847 0.149436 
0.020152 0.066114 0.023418 0.371711 0.399215 0.119390 
0.251884 0.000046 0.181402 0.127751 0.395374 0.043542 
0.037337 0.000061 0.025645 0.328132 0.502866 0.105959 
0.072461 0.030948 0.000031 0.225420 0.125382 0.545758 
0.034556 0.000039 0.215762 0.380140 0.287890 0.081613 
0.001016 0.000048 0.000004 0.128191 0.171329 0.699412 
0.058603 0.391882 0.346285 0.015851 0.037478 0.149902 
0.005929 0.133997 0.075855 0.186221 0.079003 0.518995 
0.167172 0.056250 0.000046 0.240230 0.144094 0.392209 
0.004560 0.000056 0.174662 0.737419 0.004773 0.078530 
0.004523 0.000032 0.011202 0.775049 0.079976 0.129219 
0.010796 0.049478 0.067327 0.552960 0.248047 0.071393 
0.031864 0.154694 0.131796 0.429563 0.008466 0.243617 
0.069903 0.000032 0.000048 0.225387 0.620204 0.084427 
0.221749 0.000066 0.597368 0.170747 0.006694 0.003376 
0.038583 0.000038 0.000041 0.616675 0.239432 0.105230 
0.036360 0.000050 0.000018 0.418415 0.515748 0.029409 
0.048543 0.360714 0.000008 0.124921 0.383594 0.082220 
0.054496 0.000037 0.273608 0.403945 0.231765 0.036148 
0.069778 0.000049 0.000039 0.282839 0.448238 0.199056 
0.063231 0.000055 0.023553 0.151257 0.095043 0.666860 
0.465214 0.000029 0.000033 0.276954 0.163966 0.093804 
0.424903 0.235314 0.133612 0.052618 0.107500 0.046052 
0.052393 0.000046 0.045969 0.277815 0.498047 0.125730 
0.446667 0.240127 0.000042 0.125691 0.183691 0.003782 
0.025562 0.000030 0.014003 0.922909 0.002891 0.034605 
0.043415 0.000044 0.000012 0.072519 0.842044 0.041965 
0.456916 0.000055 0.000041 0.068463 0.434171 0.040354 
0.528693 0.034355 0.000041 0.082276 0.134051 0.220583 
0.000557 0.203850 0.000015 0.635126 0.157476 0.002975 
0.024683 0.000035 0.000073 0.314574 0.382778 0.277858 
0.079087 0.111866 0.000047 0.209921 0.535830 0.063248 
0.897744 0.000035 0.000025 0.044273 0.014665 0.043260 
0.307157 0.054764 0.093519 0.487339 0.008251 0.048970 
0.400417 0.312212 0.120241 0.017563 0.049242 0.100325 
0.000414 0.000027 0.000003 0.197196 0.101713 0.700648 
0.224710 0.022933 0.000038 0.147884 0.274606 0.329830 
0.605911 0.205925 0.000017 0.021067 0.140692 0.026387 
0.037535 0.055363 0.458636 0.404669 0.002468 0.041328 
0.006734 0.000015 0.058451 0.729339 0.069754 0.135708 
0.264866 0.000026 0.000022 0.147524 0.443208 0.144354 
0.027931 0.040222 0.000013 0.141879 0.178035 0.611919 
0.893783 0.021420 0.000027 0.005994 0.005563 0.073213 
0.001339 0.000045 0.009851 0.947533 0.003392 0.037840 
0.255688 0.022597 0.562530 0.067117 0.046281 0.045787 
0.330882 0.021983 0.313712 0.023238 0.071968 0.238218 
0.874537 0.000020 0.060674 0.020048 0.029155 0.015565 
0.026788 0.000054 0.000017 0.846590 0.107842 0.018709 
0.063190 0.205176 0.000056 0.263476 0.411686 0.056416 
0.141354 0.044775 0.000035 0.539385 0.221480 0.052972 
0.002231 0.000024 0.040371 0.403989 0.460247 0.093138 
0.159510 0.102411 0.000043 0.531088 0.137618 0.069330 
0.055400 0.065482 0.000044 0.512533 0.077781 0.288760 
0.680317 0.000073 0.238182 0.006129 0.006215 0.069085 
0.058099 0.652661 0.069774 0.069998 0.147193 0.002275 
0.075124 0.397502 0.000020 0.207198 0.183442 0.136715 
0.216785 0.379100 0.261784 0.116161 0.016253 0.009918 
0.762627 0.114198 0.047628 0.073068 0.001882 0.000596 
0.064421 0.057980 0.000026 0.201143 0.180488 0.495942 
0.159597 0.341343 0.000025 0.030142 0.160316 0.308577 
0.189674 0.040306 0.000033 0.345622 0.413908 0.010458 
0.077808 0.059103 0.018060 0.633599 0.060411 0.151018 
0.071052 0.000042 0.000045 0.614094 0.193109 0.121657 
0.038058 0.426284 0.000044 0.056593 0.034180 0.444841 
0.137802 0.000031 0.000047 0.203238 0.557438 0.101444 
0.993298 0.000015 0.000031 0.001494 0.003919 0.001243 
0.599062 0.000053 0.096950 0.063356 0.217666 0.022914 
0.049687 0.000033 0.000046 0.455198 0.427580 0.067456 
0.085104 0.000034 0.000052 0.201870 0.705829 0.007110 
0.001347 0.600255 0.000024 0.269560 0.067774 0.061040 
0.115699 0.000054 0.308845 0.244675 0.136070 0.194657 
0.080020 0.000046 0.189995 0.245260 0.195016 0.289663 
0.307391 0.000054 0.196662 0.024865 0.438281 0.032747 
0.001626 0.091528 0.000011 0.667153 0.211911 0.027771 
0.026749 0.000032 0.200030 0.767373 0.004673 0.001142 
0.051790 0.325476 0.000018 0.074721 0.498392 0.049604 
0.034261 0.000053 0.000063 0.294836 0.611688 0.059100 
0.001661 0.000037 0.883957 0.018977 0.024969 0.070399 
0.016712 0.000027 0.000029 0.587699 0.394856 0.000678 
0.041705 0.124855 0.000035 0.318007 0.473780 0.041618 
0.141124 0.062981 0.034316 0.068060 0.691243 0.002276 
0.058195 0.221925 0.361268 0.144819 0.212631 0.001162 
0.010525 0.406780 0.034967 0.095628 0.348718 0.103382 
0.004199 0.000072 0.065259 0.903824 0.003518 0.023129 
0.001181 0.000037 0.000003 0.407147 0.466148 0.125484 
0.005719 0.066345 0.011180 0.133321 0.678900 0.104535 
0.032292 0.012616 0.110471 0.162149 0.075407 0.607065 
0.022868 0.000034 0.047239 0.300458 0.315845 0.313556 
0.003744 0.039876 0.016513 0.457787 0.479663 0.002418 
0.030168 0.000036 0.000029 0.875316 0.003196 0.091257 
0.002194 0.042094 0.000034 0.508236 0.407342 0.040099 
0.000655 0.014509 0.035977 0.118269 0.749256 0.081334 
0.242136 0.273608 0.000032 0.004821 0.192842 0.286563 
0.015937 0.902535 0.000018 0.003542 0.018668 0.059301 
0.007578 0.641772 0.000016 0.035466 0.275855 0.039313 
0.044216 0.000063 0.000039 0.339245 0.613114 0.003323 
0.266579 0.210775 0.000042 0.367133 0.107523 0.047947 
0.211217 0.040298 0.000012 0.114190 0.065674 0.568609 
0.031015 0.447632 0.132857 0.044121 0.338189 0.006186 
0.048213 0.000056 0.237591 0.265991 0.315448 0.132701 
0.046446 0.673576 0.000018 0.022193 0.228406 0.029361 
0.034258 0.091256 0.051079 0.155837 0.625804 0.041767 
0.010782 0.000023 0.064236 0.873394 0.002808 0.048757 
0.001923 0.000035 0.013555 0.520043 0.051928 0.412515 
0.036972 0.000062 0.000026 0.612406 0.341587 0.008948 
0.265666 0.000023 0.000039 0.393398 0.209923 0.130951 
0.885585 0.000036 0.000024 0.054633 0.044969 0.014753 
0.847483 0.091813 0.000036 0.006380 0.051999 0.002290 
0.004068 0.876684 0.000013 0.084000 0.027411 0.007825 
0.046637 0.185511 0.000042 0.710518 0.054002 0.003290 
0.030780 0.000069 0.018860 0.157397 0.147157 0.645737 
0.521486 0.000044 0.079167 0.286504 0.111249 0.001549 
0.065129 0.000064 0.000011 0.868357 0.003491 0.062949 
0.015423 0.000013 0.000035 0.566344 0.409993 0.008192 
0.001631 0.048398 0.000027 0.366598 0.279993 0.303353 
0.236153 0.000053 0.269649 0.265810 0.210399 0.017937 
0.000651 0.000064 0.000005 0.208702 0.748168 0.042409 
0.121862 0.037462 0.000050 0.332029 0.102614 0.405983 
0.055317 0.000042 0.000027 0.938429 0.001932 0.004253 
0.016702 0.100710 0.018183 0.063500 0.026029 0.774876 
0.110744 0.166484 0.000039 0.432818 0.135163 0.154753 
0.083662 0.254354 0.328132 0.284521 0.009666 0.039665 
0.003750 0.000062 0.009449 0.625729 0.265142 0.095868 
0.912951 0.000061 0.000034 0.059420 0.025484 0.002050 
0.119971 0.000016 0.000038 0.191973 0.233531 0.454471 
0.787800 0.000096 0.000034 0.020224 0.093578 0.098268 
0.187699 0.000044 0.054476 0.060676 0.532604 0.164502 
0.137828 0.047803 0.000023 0.396015 0.360175 0.058155 
0.086374 0.193964 0.000028 0.344779 0.365566 0.009288 
0.002632 0.000059 0.000024 0.536617 0.293754 0.166914 
0.854737 0.000019 0.000029 0.016766 0.078651 0.049798 
0.065344 0.211203 0.000013 0.473116 0.232830 0.017494 
0.209463 0.000042 0.705264 0.037963 0.000903 0.046365 
0.000979 0.663666 0.000004 0.229971 0.077464 0.027916 
0.050828 0.000047 0.000026 0.129021 0.802744 0.017333 
0.939296 0.000017 0.041151 0.003194 0.015637 0.000704 
0.036317 0.016115 0.367351 0.044260 0.026382 0.509574 
0.101842 0.000044 0.682946 0.195356 0.016567 0.003246 
0.138873 0.105306 0.601344 0.079697 0.008793 0.065988 
0.139612 0.105943 0.000042 0.414326 0.333799 0.006278 
0.168418 0.000018 0.000039 0.826727 0.003063 0.001734 
0.003696 0.000058 0.000008 0.427350 0.126560 0.442328 
0.115525 0.000046 0.061032 0.109216 0.089935 0.624246 
0.056178 0.000035 0.000045 0.170705 0.771798 0.001238 
0.024279 0.000034 0.000016 0.143957 0.734745 0.096969 
0.065838 0.361982 0.000024 0.004657 0.069803 0.497697 
0.070457 0.000024 0.000047 0.161532 0.637742 0.130197 
0.031324 0.000055 0.062600 0.718236 0.012705 0.175081 
0.524754 0.000031 0.064097 0.148829 0.230271 0.032019 
0.002152 0.000058 0.584577 0.036755 0.059017 0.317442 
0.135026 0.000067 0.000029 0.104464 0.121636 0.638778 
0.130234 0.086050 0.000018 0.392480 0.354700 0.036518 
0.116530 0.328002 0.031056 0.172435 0.274369 0.077608 
0.002089 0.048357 0.000038 0.295330 0.601444 0.052741 
0.080412 0.027720 0.816132 0.028418 0.046079 0.001238 
0.001881 0.000024 0.029754 0.718248 0.246072 0.004021 
0.065937 0.035592 0.000037 0.882427 0.012498 0.003509 
0.540312 0.000058 0.000044 0.401989 0.040380 0.017216 
0.035968 0.000057 0.025040 0.578131 0.312123 0.048681 
0.945852 0.000016 0.000037 0.021067 0.031337 0.001691 
0.056001 0.000027 0.000055 0.213031 0.685371 0.045515 
0.001480 0.511974 0.356801 0.028004 0.094109 0.007633 
0.099837 0.000023 0.000045 0.300555 0.593784 0.005757 
0.167872 0.000064 0.404079 0.003921 0.313980 0.110084 
0.885725 0.000026 0.054983 0.035049 0.021700 0.002518 
0.241025 0.000046 0.409131 0.081842 0.220663 0.047293 
0.063473 0.000044 0.426215 0.284824 0.201260 0.024183 
0.629931 0.000029 0.038868 0.056276 0.032821 0.242075 
0.329419 0.040084 0.000022 0.071260 0.077204 0.482011 
0.028725 0.000034 0.208788 0.456712 0.258637 0.047105 
0.207452 0.000027 0.413909 0.346495 0.013781 0.018336 
0.076614 0.000036 0.000005 0.058396 0.117119 0.747829 
0.284859 0.000024 0.000027 0.495166 0.005739 0.214185 
0.192888 0.000037 0.000010 0.094243 0.382566 0.330256 
0.011549 0.000016 0.028772 0.403560 0.194832 0.361271 
0.061507 0.054075 0.178724 0.192305 0.131185 0.382204 
0.049880 0.000075 0.112019 0.101846 0.043526 0.692654 
0.030447 0.000035 0.000018 0.053189 0.893843 0.022467 
0.045941 0.000057 0.026043 0.651722 0.240490 0.035747 
0.004929 0.000024 0.000032 0.135903 0.149287 0.709825 
0.148214 0.733403 0.000044 0.006732 0.034370 0.077236 
0.002681 0.737316 0.189146 0.015982 0.007134 0.047741 
0.002399 0.000035 0.027643 0.353448 0.607486 0.008988 
0.125290 0.000049 0.000048 0.518959 0.351909 0.003746 
0.503567 0.000044 0.057899 0.132602 0.242491 0.063396 
0.074528 0.000073 0.000042 0.059480 0.075250 0.790628 
0.135193 0.000030 0.000013 0.828658 0.008947 0.027158 
0.085365 0.000051 0.815198 0.029445 0.023813 0.046129 
0.231444 0.046462 0.000022 0.285203 0.228514 0.208356 
0.072613 0.313745 0.000013 0.315404 0.076541 0.221684 
0.071476 0.053988 0.446514 0.045224 0.232694 0.150104 
0.045816 0.814565 0.000009 0.008579 0.097781 0.033250 
0.451451 0.051193 0.000042 0.105874 0.299131 0.092310 
0.069792 0.052541 0.000015 0.011004 0.010685 0.855964 
0.020853 0.000028 0.118837 0.243808 0.213773 0.402702 
0.003551 0.000036 0.025347 0.330944 0.548164 0.091958 
0.598927 0.000020 0.073796 0.211029 0.114737 0.001491 
0.005512 0.000076 0.000006 0.353689 0.583171 0.057546 
0.000704 0.000098 0.000004 0.051239 0.037254 0.910701 
0.069454 0.000033 0.000032 0.319518 0.117929 0.493034 
0.003446 0.038237 0.000051 0.314349 0.546062 0.097854 
0.056501 0.000073 0.189776 0.144186 0.080211 0.529254 
0.003499 0.000054 0.000024 0.716874 0.198787 0.080762 
0.035741 0.000060 0.582406 0.243384 0.070695 0.067714 
0.004730 0.089907 0.009887 0.807965 0.006415 0.081096 
0.000707 0.000019 0.058565 0.664940 0.274658 0.001110 
0.175568 0.000047 0.035158 0.139377 0.541297 0.108554 
0.047544 0.000045 0.045930 0.326918 0.291904 0.287659 
0.084528 0.000060 0.000026 0.540573 0.334271 0.040542 
0.033791 0.000062 0.000055 0.255017 0.576089 0.134986 
0.065505 0.463330 0.000017 0.105038 0.359870 0.006239 
0.052151 0.000060 0.024934 0.113488 0.341840 0.467527 
0.025414 0.035155 0.000013 0.899125 0.003424 0.036870 
0.323527 0.000045 0.105155 0.381629 0.180240 0.009403 
0.000890 0.000029 0.012400 0.690776 0.293909 0.001994 
0.021025 0.065437 0.000020 0.238847 0.604855 0.069816 
0.026567 0.000024 0.859876 0.002586 0.109746 0.001201 
0.060756 0.803330 0.000015 0.049230 0.058791 0.027878 
0.029674 0.219920 0.000021 0.119989 0.442306 0.188089 
0.362706 0.000057 0.043524 0.563737 0.005649 0.024327 
0.057989 0.000056 0.589589 0.163898 0.052298 0.136170 
0.032372 0.226024 0.043486 0.382683 0.301075 0.014360 
0.526141 0.000051 0.445539 0.023318 0.003218 0.001733 
0.022193 0.000031 0.000023 0.945998 0.006633 0.025123 
0.019421 0.011753 0.000012 0.131059 0.822745 0.015009 
0.029343 0.313948 0.119232 0.282045 0.220170 0.035261 
0.091919 0.000037 0.000051 0.427680 0.408212 0.072102 
0.113579 0.000060 0.767807 0.009007 0.100039 0.009508 
0.001805 0.000035 0.010452 0.900649 0.085318 0.001741 
0.050946 0.027900 0.402618 0.286653 0.026589 0.205294 
0.024423 0.041149 0.277998 0.372846 0.072528 0.211056 
0.375756 0.000077 0.467997 0.003671 0.010948 0.141551 
0.062157 0.701781 0.107556 0.018359 0.038617 0.071530 
0.001343 0.000028 0.039093 0.648328 0.218126 0.093083 
0.081970 0.055477 0.000043 0.816947 0.005421 0.040142 
0.112436 0.000060 0.000021 0.510421 0.314947 0.062115 
0.135793 0.310096 0.020284 0.041895 0.110207 0.381724 
0.001676 0.164477 0.382177 0.200370 0.200405 0.050894 
0.001441 0.013028 0.038573 0.263749 0.645544 0.037665 
0.151774 0.000055 0.000041 0.622434 0.204388 0.021308 
0.037539 0.689543 0.000011 0.071771 0.047738 0.153398 
0.076212 0.000052 0.011165 0.198185 0.073207 0.641178 
0.174705 0.054157 0.000036 0.408830 0.357987 0.004285 
0.769894 0.000029 0.118119 0.012299 0.091696 0.007964 
0.034775 0.035201 0.000052 0.326384 0.527414 0.076175 
0.731121 0.080380 0.000036 0.032724 0.135564 0.020175 
0.001495 0.520005 0.000036 0.246769 0.208162 0.023534 
0.115861 0.017053 0.756120 0.022246 0.005618 0.083102 
0.274624 0.000021 0.235979 0.221003 0.056585 0.211789 
0.100243 0.188540 0.261542 0.043799 0.085351 0.320526 
0.050374 0.000056 0.000048 0.300162 0.573201 0.076159 
0.048105 0.000056 0.044903 0.182635 0.158093 0.566209 
0.238954 0.119303 0.000026 0.071199 0.155885 0.414632 
0.549836 0.000063 0.000024 0.170856 0.200022 0.079198 
0.031922 0.050513 0.000016 0.530735 0.358343 0.028471 
0.956618 0.000027 0.000030 0.040066 0.002592 0.000667 
0.013187 0.000041 0.008170 0.299695 0.624260 0.054647 
0.026521 0.030051 0.000013 0.735070 0.195560 0.012785 
0.002183 0.015588 0.000021 0.474194 0.415219 0.092795 
0.172998 0.000027 0.000031 0.084047 0.074517 0.668379 
0.012046 0.053583 0.031290 0.734871 0.124324 0.043885 
0.872285 0.030807 0.065049 0.008847 0.011086 0.011926 
0.078555 0.000037 0.000031 0.339287 0.511481 0.070609 
0.461399 0.384596 0.000032 0.014260 0.123643 0.016070 
0.797249 0.000029 0.000036 0.087872 0.076882 0.037932 
0.177500 0.000025 0.000015 0.270803 0.274095 0.277561 
0.097302 0.709076 0.000041 0.053485 0.100020 0.040076 
0.000690 0.000018 0.000018 0.182852 0.165635 0.650786 
0.020007 0.000064 0.087300 0.581987 0.234176 0.076466 
0.004073 0.720377 0.000012 0.008790 0.263044 0.003704 
0.043038 0.000065 0.000037 0.192864 0.146605 0.617392 
0.001225 0.000063 0.000015 0.605567 0.314064 0.079066 
0.013674 0.905902 0.000009 0.014181 0.057448 0.008786 
0.207733 0.677610 0.000046 0.016184 0.083664 0.014764 
0.042132 0.000018 0.000020 0.509055 0.422996 0.025779 
0.001339 0.011639 0.024406 0.059862 0.126860 0.775895 
0.044929 0.000049 0.000058 0.806618 0.091110 0.057235 
0.128218 0.414039 0.000025 0.118809 0.334330 0.004579 
0.158560 0.000027 0.720413 0.098102 0.001342 0.021556 
0.073194 0.127859 0.000022 0.079147 0.483390 0.236389 
0.836559 0.021839 0.057674 0.046822 0.034829 0.002277 
0.022772 0.237630 0.000017 0.235420 0.102758 0.401402 
0.065029 0.174889 0.000044 0.090048 0.211465 0.458525 
0.030832 0.696127 0.000023 0.005569 0.265312 0.002136 
0.614099 0.000029 0.000034 0.080544 0.279952 0.025344 
0.041378 0.743055 0.000011 0.003183 0.082670 0.129704 
0.003437 0.100312 0.000022 0.652181 0.232819 0.011229 
0.358413 0.000059 0.201124 0.069032 0.256903 0.114468 
0.133230 0.187625 0.000021 0.291325 0.309275 0.078525 
0.053314 0.000034 0.000029 0.080673 0.040098 0.825851 
0.238563 0.000038 0.024735 0.299186 0.186530 0.250947 
0.055931 0.000026 0.000049 0.516288 0.409446 0.018259 
0.092579 0.098487 0.000017 0.175300 0.504451 0.129166 
0.085143 0.012327 0.000030 0.139359 0.633658 0.129482 
0.070735 0.046373 0.726014 0.110560 0.045130 0.001188 
0.005807 0.678407 0.012029 0.140179 0.133643 0.029935 
0.457895 0.000034 0.083723 0.292637 0.161431 0.004281 
0.327931 0.000048 0.064673 0.091175 0.274135 0.242037 
0.088870 0.367526 0.000049 0.113526 0.013540 0.416488 
0.117410 0.059108 0.744542 0.054037 0.002859 0.022045 
0.050284 0.404509 0.028483 0.412538 0.006844 0.097342 
0.005451 0.460534 0.000014 0.430848 0.006748 0.096405 
0.010788 0.205588 0.096682 0.123523 0.520921 0.042498 
0.210355 0.423230 0.000045 0.309140 0.020000 0.037231 
0.026609 0.025164 0.071515 0.318515 0.125959 0.432238 
0.039712 0.545652 0.000050 0.026229 0.048877 0.339480 
0.002634 0.000044 0.026065 0.085040 0.769993 0.116224 
0.026930 0.000022 0.024402 0.886802 0.028520 0.033324 
0.057658 0.269503 0.000033 0.112661 0.491774 0.068370 
0.029726 0.000027 0.465952 0.146443 0.272649 0.085202 
0.324558 0.021580 0.000028 0.317784 0.270901 0.065149 
0.634713 0.000059 0.000026 0.184371 0.021234 0.159597 
0.043290 0.000039 0.047929 0.687506 0.142014 0.079222 
0.168090 0.000053 0.000027 0.725165 0.070525 0.036140 
0.473276 0.19255 0.182921 0.783755 0.647939 0.484069 
