-956530.115964
0
0.000000 0.000000 0.000000 0.000000 0.000000 0.000000 0.000000 0.000000 0.000001 0.000004 0.000000 0.148193 0.022811 0.000000 0.000000 0.011034 0.000000 0.000000 0.000000 0.000000 0.000000 0.000000 0.038912 0.000000 0.000000 0.000000 0.000000 0.000000 0.000000 0.000000 0.000000 0.000000 0.280318 0.040664 0.000000 0.186107 0.000000 0.000000 0.000000 0.000000 0.014749 0.000001 0.000000 0.127896 0.000000 0.000000 0.000000 0.000000 0.000000 0.000000 0.000000 0.000000 0.000000 0.000000 0.000000 0.000000 0.000000 0.038694 0.000000 0.000021 0.000000 0.000000 0.000000 0.056909 0.000000 0.000000 0.000000 0.033680 0.000000 0.000000 0.000000 0.000000 0.000000 0.000001 0.000000 0.000000 0.000000 0.000000 0.000000 0.000000 0.000000 0.000000 0.000000 0.000001 0.000000 0.000000 0.000000 0.000000 0.000000 0.000000 0.000003 0.000000 0.000000 0.000000 0.000000 0.000000 
0.000000 0.000000 0.000000 0.008604 0.000000 0.000000 0.000000 0.000000 0.000000 0.002390 0.013436 0.004281 0.000000 0.000000 0.000000 0.000000 0.000000 0.004750 0.000000 0.002889 0.000000 0.003906 0.001549 0.016353 0.002148 0.000000 0.001038 0.013276 0.000000 0.000000 0.000000 0.000000 0.000000 0.000000 0.010996 0.003314 0.000000 0.000000 0.000000 0.000000 0.000000 0.001517 0.000000 0.000000 0.002221 0.000000 0.003245 0.019855 0.000000 0.001100 0.000000 0.008443 0.000000 0.000000 0.000000 0.000000 0.000000 0.014002 0.028962 0.013598 0.000000 0.000000 0.000000 0.000000 0.006720 0.010394 0.005717 0.011998 0.000000 0.002336 0.000883 0.002419 0.038565 0.010087 0.003881 0.332698 0.000000 0.000000 0.000000 0.000000 0.000000 0.015396 0.225180 0.036830 0.000000 0.000000 0.000000 0.002759 0.002571 0.009955 0.006275 0.009854 0.005381 0.010093 0.001928 0.066209 
0.000000 0.000000 0.000000 0.035169 0.000000 0.000000 0.000000 0.000000 0.000001 0.047200 0.000000 0.000004 0.000000 0.000000 0.000000 0.000000 0.000000 0.000000 0.000001 0.000000 0.000000 0.000000 0.000000 0.000000 0.024119 0.000000 0.000000 0.000000 0.000000 0.000000 0.000000 0.000000 0.000004 0.000001 0.123055 0.000003 0.000000 0.000000 0.000000 0.000000 0.000000 0.000001 0.000000 0.059160 0.000000 0.000000 0.000000 0.000000 0.000000 0.000000 0.000000 0.000000 0.000000 0.000000 0.000000 0.000000 0.000000 0.000001 0.000000 0.000028 0.000000 0.000000 0.000000 0.000000 0.000000 0.194695 0.000000 0.118523 0.000000 0.000000 0.000000 0.000000 0.000000 0.000001 0.000000 0.000000 0.000000 0.000000 0.000000 0.000000 0.000000 0.000000 0.299053 0.000001 0.000000 0.000000 0.000000 0.000000 0.000000 0.000000 0.000004 0.000000 0.098976 0.000000 0.000000 0.000000 
0.000000 0.000000 0.000000 0.000000 0.000000 0.000000 0.000000 0.000000 0.000001 0.000005 0.000000 0.000004 0.000000 0.000000 0.000000 0.000000 0.000000 0.000000 0.000000 0.000000 0.000000 0.000000 0.000000 0.000000 0.000000 0.000000 0.000000 0.000000 0.000000 0.016521 0.000000 0.000000 0.000003 0.376618 0.000000 0.000003 0.000000 0.072367 0.008644 0.000000 0.000000 0.000001 0.000000 0.158366 0.000000 0.000000 0.000000 0.000000 0.000000 0.000000 0.000000 0.000000 0.000000 0.049149 0.000000 0.000000 0.000000 0.000001 0.000000 0.000026 0.000000 0.000000 0.000000 0.000000 0.000000 0.000000 0.000000 0.000005 0.000000 0.000000 0.000000 0.000000 0.000000 0.000001 0.000000 0.000000 0.000000 0.000000 0.000000 0.000000 0.000000 0.000000 0.107139 0.000001 0.000000 0.000000 0.000000 0.000000 0.037139 0.000000 0.000003 0.072363 0.000000 0.000000 0.052524 0.049115 
0.000000 0.000000 0.000000 0.000000 0.000000 0.000000 0.000000 0.000000 0.000000 0.000002 0.000000 0.018223 0.000000 0.000000 0.000000 0.000000 0.000000 0.058606 0.087798 0.168152 0.000000 0.000000 0.000000 0.000000 0.000000 0.000000 0.000000 0.000000 0.005237 0.000000 0.000000 0.000000 0.000001 0.000000 0.000000 0.000001 0.000000 0.000000 0.017024 0.000000 0.000000 0.034270 0.000000 0.011864 0.000000 0.000000 0.000000 0.000000 0.031863 0.000000 0.000000 0.000000 0.000000 0.000000 0.000000 0.000000 0.000000 0.000000 0.048525 0.036670 0.000000 0.000000 0.000000 0.000000 0.068411 0.000000 0.033360 0.076940 0.000000 0.000000 0.000000 0.000000 0.000000 0.030299 0.000000 0.000000 0.000000 0.000000 0.000000 0.000000 0.000000 0.000000 0.000000 0.000000 0.000000 0.000000 0.000000 0.000000 0.000000 0.057777 0.066136 0.063350 0.000000 0.008533 0.000000 0.076959 
0.000000 0.000000 0.000000 0.000000 0.000000 0.000000 0.000000 0.000000 0.000001 0.000009 0.000000 0.000007 0.000000 0.000000 0.000000 0.417086 0.000000 0.000000 0.000001 0.000000 0.091610 0.000000 0.000000 0.000000 0.000000 0.000000 0.000000 0.000000 0.000000 0.000000 0.000000 0.000000 0.000005 0.000001 0.000000 0.000004 0.000000 0.000000 0.000000 0.000000 0.000000 0.000002 0.000000 0.000005 0.000000 0.000000 0.000000 0.000000 0.000000 0.000000 0.000000 0.000000 0.000000 0.229408 0.000000 0.000000 0.000000 0.000001 0.000000 0.000043 0.000000 0.000000 0.000000 0.000000 0.000000 0.000000 0.000000 0.000008 0.000000 0.000000 0.000000 0.000000 0.000000 0.000001 0.000000 0.000000 0.000000 0.000000 0.000000 0.000000 0.000000 0.000000 0.000000 0.000002 0.000000 0.000000 0.000000 0.000000 0.000000 0.000001 0.217518 0.044284 0.000000 0.000000 0.000000 0.000000 
0.000000 0.001550 0.000000 0.000000 0.000000 0.000000 0.000000 0.001043 0.035871 0.017918 0.105106 0.014431 0.000000 0.002760 0.000000 0.004113 0.005937 0.004572 0.024981 0.000000 0.000000 0.002916 0.000000 0.002514 0.009869 0.025444 0.010162 0.058294 0.000000 0.000000 0.000000 0.000000 0.005693 0.008671 0.100770 0.005046 0.000000 0.002443 0.000000 0.000000 0.006656 0.003650 0.030426 0.000000 0.000000 0.004922 0.005106 0.008998 0.002141 0.006955 0.003020 0.007677 0.000000 0.002805 0.000000 0.000000 0.072789 0.082307 0.141154 0.058314 0.000000 0.002327 0.000000 0.001638 0.014253 0.005610 0.012683 0.003537 0.000000 0.001471 0.000000 0.004014 0.000000 0.000000 0.000000 0.000000 0.000000 0.000000 0.000000 0.000000 0.000000 0.000000 0.037577 0.000000 0.000000 0.000000 0.000000 0.000000 0.007864 0.002801 0.009082 0.003052 0.000000 0.002481 0.000000 0.004588 
0.000000 0.000000 0.000000 0.000000 0.000000 0.000000 0.000000 0.000000 0.000000 0.019834 0.000000 0.002751 0.000000 0.000896 0.000752 0.002913 0.000000 0.000000 0.000000 0.000000 0.000000 0.000000 0.000000 0.000000 0.000000 0.000000 0.000000 0.000000 0.000000 0.000000 0.000000 0.000000 0.080400 0.102004 0.021500 0.081440 0.000000 0.000000 0.000000 0.000521 0.000000 0.000791 0.000802 0.000000 0.000000 0.000000 0.000000 0.000000 0.000000 0.000000 0.000000 0.000000 0.000000 0.000000 0.000000 0.000000 0.000000 0.022251 0.000000 0.016420 0.000000 0.000000 0.000000 0.000000 0.000000 0.000000 0.000000 0.008358 0.000000 0.000000 0.001589 0.000000 0.000000 0.000000 0.000000 0.000000 0.000000 0.000000 0.000000 0.000000 0.129277 0.305427 0.101734 0.092307 0.000000 0.000000 0.000836 0.004394 0.000000 0.001407 0.001398 0.000000 0.000000 0.000000 0.000000 0.000000 
0.007547 0.006698 0.001838 0.000000 0.000000 0.000000 0.000000 0.000000 0.032642 0.015820 0.269330 0.013149 0.003063 0.000000 0.000000 0.000000 0.009909 0.007086 0.005398 0.003852 0.000000 0.000000 0.000000 0.003671 0.000000 0.000000 0.000000 0.000000 0.000000 0.000000 0.000000 0.000000 0.020622 0.016745 0.148971 0.014695 0.000000 0.000000 0.000000 0.000000 0.002603 0.002855 0.000000 0.005540 0.000000 0.000000 0.000000 0.000000 0.004786 0.004666 0.000000 0.000000 0.000000 0.000000 0.000000 0.000000 0.031390 0.027433 0.159269 0.013271 0.000000 0.000000 0.000896 0.000000 0.007960 0.000000 0.000000 0.007542 0.000000 0.000000 0.000000 0.000000 0.010478 0.010541 0.003017 0.000000 0.002525 0.002743 0.000544 0.000000 0.000000 0.000000 0.093128 0.005150 0.004462 0.000000 0.000000 0.000911 0.006907 0.001499 0.008848 0.000000 0.000000 0.000000 0.000000 0.000000 
0.000000 0.000000 0.000000 0.000000 0.000000 0.052358 0.000000 0.000000 0.000001 0.000011 0.000000 0.000007 0.000000 0.000000 0.000000 0.000000 0.000000 0.000000 0.000001 0.000000 0.000000 0.000000 0.000000 0.000000 0.000000 0.000000 0.000000 0.000000 0.000000 0.000000 0.000000 0.000000 0.000006 0.000001 0.000000 0.000005 0.000000 0.000000 0.000000 0.000000 0.000001 0.000002 0.000000 0.000007 0.000000 0.000000 0.000000 0.000000 0.000000 0.000000 0.000000 0.000000 0.000000 0.000000 0.000000 0.000000 0.000000 0.000001 0.000000 0.000050 0.000000 0.000000 0.000000 0.000000 0.000000 0.000000 0.000000 0.000009 0.000000 0.000000 0.000000 0.030219 0.000000 0.000001 0.000000 0.000000 0.000000 0.000000 0.000000 0.000000 0.000000 0.000000 0.000000 0.381396 0.000000 0.154023 0.000000 0.128812 0.000000 0.000001 0.000006 0.000001 0.000000 0.206216 0.046862 0.000000 
0.005046 0.000000 0.000000 0.000000 0.001900 0.002115 0.000000 0.000000 0.003692 0.001822 0.000000 0.000000 0.014150 0.002345 0.004707 0.021632 0.027651 0.011368 0.020571 0.028229 0.047414 0.006972 0.005982 0.027959 0.003517 0.000000 0.000000 0.000000 0.000000 0.000000 0.000000 0.000000 0.006851 0.000000 0.000000 0.000000 0.004379 0.000000 0.002615 0.000000 0.022830 0.011036 0.019682 0.037354 0.029553 0.008540 0.016574 0.073441 0.010795 0.007777 0.000000 0.005991 0.000000 0.000000 0.000000 0.005414 0.000000 0.005643 0.000000 0.006035 0.001850 0.001074 0.000000 0.000000 0.010382 0.011127 0.013232 0.012754 0.009262 0.001299 0.005325 0.026150 0.025836 0.000000 0.000000 0.036373 0.002126 0.001844 0.000000 0.003544 0.000000 0.000000 0.000000 0.005017 0.024725 0.000000 0.015641 0.011260 0.021095 0.016234 0.010555 0.035489 0.082817 0.012133 0.010543 0.080732 
0.040878 0.036392 0.000000 0.036467 0.006773 0.003521 0.000000 0.005427 0.018545 0.004994 0.021195 0.026413 0.017674 0.014006 0.015327 0.023544 0.018373 0.008151 0.011305 0.027713 0.003587 0.001502 0.006746 0.002818 0.033837 0.024606 0.000000 0.031120 0.004686 0.003504 0.000000 0.007887 0.003426 0.003681 0.009433 0.022414 0.010988 0.018900 0.016614 0.028601 0.004806 0.010991 0.007999 0.014502 0.002521 0.000000 0.006033 0.005650 0.025592 0.015522 0.000000 0.023743 0.000000 0.000000 0.000000 0.000000 0.000000 0.000000 0.012085 0.005967 0.008680 0.007258 0.010567 0.021277 0.007119 0.007332 0.005641 0.008663 0.000000 0.000000 0.003517 0.004283 0.028054 0.019520 0.000000 0.041338 0.000000 0.000000 0.000000 0.000000 0.000000 0.000000 0.000000 0.008666 0.015686 0.013751 0.010578 0.029930 0.006392 0.006418 0.000000 0.013440 0.000000 0.000000 0.005392 0.010038 
0.000000 0.000000 0.000000 0.000000 0.007044 0.011423 0.005157 0.000000 0.033821 0.023827 0.008678 0.015682 0.009298 0.006948 0.015098 0.012268 0.079860 0.019059 0.056156 0.040672 0.000000 0.004302 0.000000 0.000000 0.000000 0.000000 0.004361 0.000000 0.000000 0.002602 0.004004 0.000000 0.033709 0.018149 0.000000 0.011616 0.000000 0.000000 0.007444 0.000000 0.029172 0.013530 0.039386 0.026495 0.000000 0.007813 0.007969 0.013713 0.006323 0.000000 0.000000 0.003928 0.000000 0.000000 0.000000 0.000000 0.040605 0.044283 0.000000 0.045566 0.009511 0.000000 0.000000 0.000000 0.033615 0.017382 0.028650 0.026714 0.000000 0.000000 0.000000 0.000000 0.013151 0.010370 0.011755 0.000000 0.000000 0.000000 0.000000 0.000000 0.000000 0.000000 0.000000 0.006991 0.011686 0.004670 0.000000 0.000000 0.031654 0.026099 0.024660 0.028726 0.000000 0.000000 0.004409 0.000000 
0.009736 0.011609 0.008080 0.004368 0.047104 0.022682 0.008692 0.052424 0.021279 0.008985 0.000000 0.009261 0.000000 0.004339 0.000000 0.000000 0.000000 0.007174 0.000000 0.000000 0.000000 0.000000 0.015876 0.010811 0.009972 0.008028 0.003873 0.003586 0.038329 0.034042 0.007389 0.049166 0.011815 0.000000 0.000000 0.001855 0.007802 0.006573 0.005929 0.013719 0.005327 0.017225 0.000000 0.000000 0.000000 0.012358 0.017165 0.000000 0.000000 0.008917 0.000000 0.004961 0.024445 0.024485 0.003476 0.038191 0.030894 0.000000 0.000000 0.007852 0.000000 0.009813 0.011187 0.000000 0.000000 0.008152 0.000000 0.000000 0.008756 0.008407 0.031685 0.004717 0.000000 0.010360 0.000000 0.001674 0.040156 0.049499 0.005763 0.078711 0.000000 0.000000 0.000000 0.000000 0.000000 0.008215 0.004425 0.005696 0.012128 0.012536 0.007367 0.006709 0.000000 0.016983 0.017266 0.000000 
0.000000 0.000000 0.000000 0.007667 0.045049 0.000000 0.000000 0.000000 0.000000 0.086997 0.000000 0.000002 0.000000 0.000000 0.000000 0.000000 0.084039 0.000000 0.053893 0.000000 0.000000 0.000000 0.000000 0.000000 0.000000 0.000000 0.000000 0.183892 0.000000 0.000000 0.000000 0.000000 0.000002 0.062395 0.000000 0.000001 0.000000 0.000000 0.000000 0.018291 0.000000 0.000001 0.000000 0.040778 0.000000 0.050982 0.000000 0.000000 0.000000 0.000000 0.000000 0.000000 0.000000 0.000000 0.000000 0.051171 0.000000 0.000000 0.000000 0.109473 0.000000 0.000000 0.000000 0.000000 0.000000 0.000000 0.000000 0.000002 0.000000 0.000000 0.000000 0.000000 0.000000 0.133352 0.000000 0.027750 0.000000 0.000000 0.000000 0.000000 0.000000 0.000000 0.000000 0.000001 0.000000 0.000000 0.000000 0.000000 0.000000 0.000000 0.000002 0.000000 0.000000 0.000000 0.000000 0.044257 
0.038913 0.031600 0.024550 0.024241 0.009700 0.004241 0.003498 0.000000 0.010625 0.006887 0.000000 0.000775 0.002208 0.001746 0.008596 0.000000 0.007190 0.000000 0.008076 0.000000 0.000000 0.000000 0.000000 0.000000 0.051826 0.078441 0.011904 0.051476 0.010861 0.009455 0.006387 0.006935 0.020163 0.013771 0.006603 0.018675 0.007732 0.008184 0.041243 0.008107 0.004883 0.000000 0.012286 0.003319 0.000000 0.000000 0.004520 0.000000 0.042738 0.044594 0.032926 0.029418 0.007830 0.010872 0.007045 0.003152 0.007959 0.010147 0.000000 0.007700 0.009055 0.004201 0.014970 0.000000 0.007156 0.000000 0.003767 0.000835 0.000000 0.000000 0.000000 0.000000 0.041210 0.064824 0.014169 0.038967 0.000000 0.010358 0.003996 0.000000 0.000000 0.000000 0.000000 0.003583 0.003232 0.002598 0.009142 0.000000 0.000000 0.000000 0.003936 0.000000 0.000000 0.000000 0.000000 0.000000 
0.000000 0.000000 0.000000 0.000000 0.000000 0.050538 0.000000 0.143627 0.066943 0.000003 0.000000 0.000002 0.000000 0.000000 0.000000 0.000000 0.000000 0.000000 0.000000 0.000000 0.000000 0.000000 0.016013 0.000000 0.000000 0.000000 0.000000 0.000000 0.000000 0.000000 0.000000 0.000000 0.000002 0.000000 0.000000 0.000001 0.000000 0.000000 0.000000 0.000000 0.000000 0.028053 0.000000 0.000001 0.000000 0.000000 0.000000 0.000000 0.000000 0.038926 0.000000 0.040173 0.073159 0.109336 0.000000 0.119952 0.000000 0.040374 0.000000 0.000013 0.025319 0.070106 0.020771 0.000000 0.000000 0.000000 0.000000 0.000002 0.004797 0.000000 0.026093 0.000000 0.000000 0.000000 0.000000 0.000000 0.000000 0.000000 0.000000 0.000000 0.000000 0.000000 0.000000 0.000000 0.000000 0.020307 0.000000 0.000000 0.000000 0.000000 0.000002 0.000000 0.000000 0.000000 0.049231 0.056251 
0.000000 0.000000 0.000000 0.000000 0.000000 0.000000 0.000000 0.000000 0.000009 0.000039 0.000000 0.000032 0.000000 0.000000 0.000000 0.000000 0.000001 0.000001 0.000006 0.000000 0.000000 0.000000 0.000000 0.000000 0.000000 0.000000 0.000000 0.000000 0.000000 0.000000 0.208643 0.000000 0.000027 0.000005 0.000002 0.000027 0.000000 0.000000 0.000000 0.000000 0.000001 0.000009 0.000000 0.000030 0.000000 0.648197 0.142672 0.000000 0.000000 0.000001 0.000000 0.000001 0.000000 0.000000 0.000000 0.000000 0.000000 0.000007 0.000000 0.000205 0.000000 0.000000 0.000000 0.000000 0.000001 0.000000 0.000000 0.000028 0.000000 0.000000 0.000000 0.000000 0.000000 0.000008 0.000000 0.000000 0.000000 0.000000 0.000000 0.000000 0.000000 0.000000 0.000000 0.000008 0.000000 0.000000 0.000000 0.000000 0.000001 0.000003 0.000031 0.000004 0.000000 0.000000 0.000000 0.000001 
0.000517 0.000000 0.000000 0.000000 0.000000 0.000000 0.000000 0.000612 0.006108 0.000000 0.000000 0.001765 0.000000 0.000000 0.000000 0.000000 0.002207 0.000000 0.000633 0.001485 0.000000 0.000000 0.000000 0.000000 0.000000 0.000000 0.000000 0.000000 0.000000 0.000000 0.000000 0.000000 0.009376 0.000000 0.002707 0.005655 0.000000 0.000294 0.000000 0.000000 0.000788 0.000000 0.000000 0.000264 0.000000 0.000000 0.000000 0.000000 0.000000 0.000000 0.000000 0.000000 0.000000 0.000000 0.000000 0.000000 0.006310 0.000000 0.000000 0.002702 0.000000 0.000000 0.000000 0.000000 0.000000 0.000000 0.000000 0.000000 0.000000 0.000000 0.000000 0.000000 0.014949 0.007702 0.002782 0.014373 0.038929 0.000000 0.001384 0.071591 0.451363 0.068171 0.045551 0.241232 0.000000 0.000000 0.000000 0.000000 0.000000 0.000000 0.000550 0.000000 0.000000 0.000000 0.000000 0.000000 
0.000000 0.027866 0.000000 0.000000 0.000000 0.000000 0.025262 0.003956 0.000000 0.000000 0.033292 0.806954 0.000000 0.082787 0.019866 0.000011 0.000000 0.000000 0.000006 
0.000000 0.159288 0.000000 0.000000 0.000000 0.000000 0.000001 0.031043 0.377739 0.000000 0.000003 0.194059 0.081918 0.133418 0.000000 0.000011 0.000000 0.000000 0.022520 
0.000000 0.000003 0.000000 0.000000 0.000000 0.000000 0.000001 0.028995 0.039947 0.000000 0.000008 0.011160 0.000000 0.000065 0.000000 0.000012 0.000000 0.000000 0.919808 
0.000000 0.021155 0.000000 0.000000 0.000000 0.000000 0.020282 0.048544 0.000000 0.000000 0.056322 0.345138 0.055033 0.344495 0.000000 0.000011 0.000000 0.000000 0.109021 
0.000000 0.000003 0.000000 0.020590 0.000000 0.000000 0.000001 0.407442 0.000000 0.000000 0.009803 0.106738 0.000000 0.041301 0.029304 0.384808 0.000000 0.000000 0.000010 
0.013528 0.000002 0.000000 0.000000 0.000000 0.000000 0.000001 0.038532 0.000000 0.000000 0.012883 0.220531 0.000000 0.090536 0.036850 0.587124 0.000000 0.000000 0.000012 
0.000000 0.072280 0.000000 0.000000 0.000000 0.000000 0.029046 0.043768 0.134331 0.000000 0.350352 0.192841 0.090603 0.080715 0.000000 0.000010 0.000000 0.000000 0.006055 
0.000000 0.000003 0.021306 0.000000 0.000000 0.000000 0.000001 0.060563 0.000000 0.000000 0.024213 0.730482 0.000000 0.074892 0.000000 0.000010 0.000000 0.000000 0.088529 
0.000000 0.000002 0.000000 0.000000 0.000000 0.000000 0.000001 0.071809 0.001877 0.000000 0.000001 0.006337 0.000000 0.000020 0.000000 0.000009 0.000000 0.000000 0.919944 
0.000000 0.012383 0.014139 0.000000 0.000000 0.018150 0.000001 0.063398 0.511203 0.000000 0.000002 0.118926 0.105590 0.000082 0.000000 0.141921 0.014192 0.000000 0.000012 
0.000000 0.000004 0.000000 0.000000 0.000000 0.000000 0.000001 0.007087 0.000000 0.000000 0.000002 0.874181 0.000000 0.074700 0.024785 0.000010 0.000000 0.000000 0.019229 
0.000000 0.000004 0.000000 0.000000 0.000000 0.000000 0.364836 0.014447 0.077088 0.000000 0.000003 0.310383 0.000000 0.042136 0.017263 0.173830 0.000000 0.000000 0.000011 
0.000000 0.219863 0.000000 0.000000 0.043585 0.000000 0.000001 0.194358 0.000000 0.000000 0.054847 0.199917 0.162220 0.072810 0.000000 0.052388 0.000000 0.000000 0.000010 
0.000000 0.000003 0.000000 0.000000 0.057894 0.000000 0.038990 0.056479 0.000000 0.000000 0.045114 0.261454 0.205204 0.104550 0.000000 0.008755 0.000000 0.000000 0.221556 
0.000000 0.000003 0.014739 0.000000 0.000000 0.000000 0.146501 0.001201 0.000000 0.000000 0.022164 0.322908 0.000000 0.403371 0.058474 0.000012 0.000000 0.000000 0.030626 
0.000000 0.000003 0.000000 0.000000 0.000000 0.023103 0.000001 0.475437 0.000000 0.000000 0.141933 0.171843 0.000000 0.000107 0.000000 0.094142 0.000000 0.000000 0.093429 
0.000000 0.021105 0.039141 0.000000 0.000000 0.000000 0.000001 0.031795 0.190502 0.000000 0.087827 0.136348 0.025152 0.065744 0.000000 0.335282 0.000000 0.000000 0.067102 
0.000000 0.009422 0.017958 0.000000 0.000000 0.000000 0.000001 0.071535 0.185558 0.000000 0.000003 0.262056 0.277143 0.104161 0.000000 0.040149 0.032004 0.000000 0.000009 
0.000000 0.019859 0.000000 0.000000 0.000000 0.000000 0.045950 0.084007 0.000000 0.000000 0.182097 0.293458 0.202095 0.131698 0.000000 0.011511 0.015666 0.000000 0.013660 
0.000000 0.071098 0.000000 0.008839 0.000000 0.000000 0.094497 0.448768 0.000000 0.000000 0.000003 0.068483 0.016232 0.000083 0.000000 0.000010 0.000000 0.000000 0.291987 
0.000000 0.000003 0.000000 0.020880 0.000000 0.000000 0.023697 0.317420 0.000000 0.000000 0.000003 0.534301 0.000000 0.072238 0.000000 0.022881 0.008566 0.000000 0.000009 
0.000000 0.015563 0.000000 0.000000 0.000000 0.000000 0.484416 0.065351 0.134903 0.000000 0.000003 0.083297 0.174823 0.000079 0.000000 0.018512 0.023044 0.000000 0.000011 
0.000000 0.000003 0.000000 0.000000 0.000000 0.000000 0.000001 0.276576 0.000000 0.000000 0.017320 0.193255 0.013110 0.080964 0.000000 0.418760 0.000000 0.000000 0.000010 
0.000000 0.000003 0.000000 0.000000 0.000000 0.000000 0.000001 0.049866 0.018745 0.000000 0.086140 0.373143 0.337065 0.091351 0.000000 0.030908 0.000000 0.000000 0.012778 
0.000000 0.000004 0.000000 0.000000 0.018689 0.000000 0.000001 0.814390 0.000000 0.014031 0.018035 0.051100 0.034092 0.031239 0.000000 0.018411 0.000000 0.000000 0.000008 
0.000000 0.037104 0.015133 0.000000 0.000000 0.010725 0.124743 0.056655 0.369060 0.000000 0.000003 0.339348 0.000000 0.047208 0.000000 0.000010 0.000000 0.000000 0.000011 
0.000000 0.352408 0.000000 0.000000 0.000000 0.000000 0.000001 0.020029 0.000000 0.000000 0.000002 0.091248 0.018990 0.022381 0.000000 0.329715 0.000000 0.000000 0.165225 
0.000000 0.000004 0.000000 0.022299 0.000000 0.000000 0.029696 0.547224 0.000000 0.000000 0.022305 0.139809 0.141002 0.073822 0.000000 0.023828 0.000000 0.000000 0.000011 
0.000000 0.000003 0.000000 0.000000 0.000000 0.000000 0.000001 0.017371 0.000000 0.000000 0.222553 0.591794 0.028223 0.094927 0.000000 0.025443 0.000000 0.000000 0.019684 
0.000000 0.000003 0.000000 0.000000 0.000000 0.000000 0.275690 0.008497 0.069177 0.000000 0.024915 0.458065 0.000000 0.006650 0.000000 0.057744 0.046976 0.000000 0.052283 
0.030470 0.025538 0.000000 0.000000 0.054184 0.000000 0.043934 0.207049 0.000000 0.000000 0.000003 0.156276 0.143819 0.040717 0.000000 0.000009 0.030906 0.000000 0.267096 
0.000000 0.013706 0.000000 0.000000 0.044160 0.000000 0.000002 0.052760 0.000000 0.000000 0.038146 0.238022 0.180343 0.116168 0.000000 0.316684 0.000000 0.000000 0.000010 
0.000000 0.000003 0.000000 0.000000 0.000000 0.000000 0.048029 0.042357 0.052615 0.000000 0.063168 0.254882 0.170310 0.055559 0.062835 0.000011 0.030916 0.000000 0.219315 
0.000000 0.232146 0.000000 0.000000 0.031900 0.000000 0.110733 0.212357 0.262652 0.000000 0.000003 0.123991 0.000000 0.000054 0.026146 0.000009 0.000000 0.000000 0.000009 
0.000000 0.000003 0.000000 0.000000 0.000000 0.006714 0.000001 0.066949 0.000000 0.000000 0.000003 0.072997 0.026257 0.030191 0.000000 0.000010 0.024379 0.000000 0.772496 
0.000000 0.196625 0.031780 0.000000 0.000000 0.000000 0.000001 0.012398 0.000000 0.000000 0.000003 0.631884 0.043039 0.075501 0.000000 0.000011 0.000000 0.000000 0.008758 
0.000000 0.503243 0.000000 0.000000 0.000000 0.006080 0.000001 0.302438 0.000000 0.000000 0.088558 0.061837 0.000000 0.000081 0.000000 0.037753 0.000000 0.000000 0.000007 
0.000000 0.000003 0.000000 0.000000 0.000000 0.000000 0.124695 0.048360 0.000000 0.000000 0.037593 0.039272 0.000000 0.012144 0.000000 0.000012 0.000000 0.000000 0.737921 
0.000000 0.467479 0.000000 0.022746 0.049705 0.000000 0.012861 0.014570 0.000000 0.000000 0.000002 0.145809 0.059236 0.031299 0.000000 0.159185 0.000000 0.000000 0.037108 
0.018112 0.000002 0.000000 0.000000 0.000000 0.000000 0.021715 0.039510 0.000000 0.000000 0.000003 0.342546 0.000000 0.092121 0.000000 0.474688 0.000000 0.000000 0.011303 
0.000000 0.596020 0.000000 0.000000 0.016875 0.000000 0.195126 0.072273 0.000000 0.000000 0.000002 0.039599 0.000000 0.000057 0.020099 0.059940 0.000000 0.000000 0.000008 
0.000000 0.000003 0.000000 0.000000 0.027165 0.000000 0.042181 0.033384 0.000000 0.000000 0.042301 0.181519 0.114957 0.064707 0.000000 0.448568 0.025285 0.000000 0.019928 
0.000000 0.125487 0.000000 0.000000 0.000000 0.000000 0.035590 0.026187 0.000000 0.000000 0.103609 0.204456 0.026584 0.053438 0.000000 0.405578 0.000000 0.000000 0.019070 
0.000000 0.000004 0.000000 0.000000 0.075812 0.016387 0.137501 0.090794 0.195759 0.000000 0.021440 0.201564 0.180827 0.079889 0.000000 0.000011 0.000000 0.000000 0.000012 
0.000000 0.000003 0.000000 0.000000 0.000000 0.000000 0.020978 0.014227 0.000000 0.000000 0.000002 0.036413 0.000000 0.049472 0.000000 0.368623 0.000000 0.000000 0.510282 
0.000000 0.000003 0.000000 0.000000 0.000000 0.000000 0.027727 0.385297 0.000000 0.000000 0.206970 0.165595 0.071350 0.094877 0.000000 0.048173 0.000000 0.000000 0.000008 
0.000000 0.053094 0.000000 0.000000 0.000000 0.000000 0.000001 0.016156 0.066885 0.000000 0.013665 0.754270 0.000000 0.057119 0.000000 0.025222 0.000000 0.000000 0.013588 
0.000000 0.031120 0.000000 0.000000 0.000000 0.000000 0.000001 0.023142 0.036029 0.000000 0.626547 0.186073 0.064205 0.032861 0.000000 0.000010 0.000000 0.000000 0.000012 
0.000000 0.000004 0.000000 0.000000 0.000000 0.000000 0.268648 0.041131 0.000000 0.000000 0.000002 0.066443 0.000000 0.046708 0.000000 0.457949 0.000000 0.000000 0.119116 
0.000000 0.785851 0.000000 0.000000 0.000000 0.000000 0.000001 0.122805 0.000000 0.000000 0.000002 0.033152 0.037181 0.000074 0.000000 0.013957 0.006967 0.000000 0.000010 
0.000000 0.018441 0.000000 0.000000 0.000000 0.000000 0.185287 0.012593 0.141621 0.000000 0.000003 0.326340 0.000000 0.026061 0.000000 0.079836 0.000000 0.000000 0.209818 
0.000000 0.000003 0.000000 0.000000 0.000000 0.000000 0.000001 0.138583 0.000000 0.000000 0.097884 0.253328 0.076240 0.000088 0.000000 0.000011 0.024013 0.000000 0.409848 
0.000000 0.000003 0.000000 0.000000 0.000000 0.000000 0.000001 0.031443 0.000000 0.012323 0.007381 0.152107 0.024853 0.154077 0.000000 0.000011 0.037512 0.000000 0.580290 
0.000000 0.017088 0.000000 0.000000 0.000000 0.000000 0.318872 0.028324 0.000000 0.000000 0.000003 0.033910 0.000000 0.000079 0.053662 0.054583 0.000000 0.000000 0.493480 
0.000000 0.000003 0.000000 0.028668 0.000000 0.000000 0.000001 0.156162 0.212456 0.000000 0.017672 0.208422 0.124786 0.201007 0.000000 0.024987 0.000000 0.000000 0.025834 
0.000000 0.136408 0.000000 0.000000 0.000000 0.000000 0.000001 0.037423 0.000000 0.000000 0.091287 0.107360 0.000000 0.043915 0.000000 0.384193 0.000000 0.000000 0.199412 
0.014100 0.000004 0.000000 0.000000 0.000000 0.000000 0.000001 0.015044 0.014789 0.000000 0.000004 0.010820 0.000000 0.000035 0.000000 0.000006 0.000000 0.000000 0.945198 
0.000000 0.000004 0.000000 0.027201 0.000000 0.000000 0.000001 0.894003 0.000000 0.004166 0.000003 0.049484 0.000000 0.000125 0.000000 0.000009 0.000000 0.000000 0.025004 
0.000000 0.000003 0.000000 0.016393 0.000000 0.000000 0.218948 0.090585 0.000000 0.000000 0.049296 0.256468 0.000000 0.291398 0.020942 0.055956 0.000000 0.000000 0.000011 
0.000000 0.000003 0.000000 0.012265 0.000000 0.000000 0.175981 0.075169 0.000000 0.000000 0.480382 0.182533 0.000000 0.053363 0.000000 0.010345 0.000000 0.000000 0.009957 
0.000000 0.000003 0.000000 0.000000 0.059647 0.000000 0.120462 0.070753 0.127675 0.000000 0.067321 0.196130 0.224224 0.082220 0.000000 0.031178 0.020378 0.000000 0.000010 
0.000000 0.455288 0.000000 0.000000 0.000000 0.000000 0.366485 0.107310 0.000000 0.000000 0.048440 0.022404 0.000000 0.000054 0.000000 0.000008 0.000000 0.000000 0.000010 
0.000000 0.889750 0.000000 0.000000 0.000000 0.006447 0.000001 0.016352 0.000000 0.000000 0.000003 0.074786 0.000000 0.000108 0.000000 0.000011 0.000000 0.000000 0.012542 
0.000000 0.032457 0.000000 0.000000 0.056357 0.000000 0.000001 0.679399 0.000000 0.000000 0.092405 0.095486 0.000000 0.028564 0.015307 0.000013 0.000000 0.000000 0.000010 
0.000000 0.261297 0.000000 0.000000 0.000000 0.000000 0.000001 0.206413 0.000000 0.014873 0.000003 0.402248 0.000000 0.047691 0.000000 0.067461 0.000000 0.000000 0.000011 
0.000000 0.882650 0.022475 0.000000 0.000000 0.000000 0.000001 0.017937 0.000000 0.012929 0.000003 0.044834 0.000000 0.000048 0.010119 0.008991 0.000000 0.000000 0.000011 
0.000000 0.000003 0.000000 0.000000 0.038056 0.000000 0.710166 0.181991 0.000000 0.000000 0.008660 0.050170 0.000000 0.000080 0.000000 0.000010 0.000000 0.000000 0.010864 
0.000000 0.000003 0.000000 0.000000 0.000000 0.000000 0.000001 0.922651 0.000000 0.000000 0.000003 0.050211 0.020584 0.003134 0.000000 0.000012 0.000000 0.003393 0.000009 
0.000000 0.052888 0.000000 0.000000 0.000000 0.000000 0.000001 0.110297 0.054581 0.000000 0.548255 0.132764 0.000000 0.046815 0.031384 0.000012 0.000000 0.000000 0.023004 
0.019951 0.113138 0.000000 0.000000 0.000000 0.000000 0.000001 0.020031 0.047327 0.000000 0.250530 0.176715 0.000000 0.081674 0.000000 0.286788 0.000000 0.000000 0.003845 
0.000000 0.000003 0.000000 0.000000 0.000000 0.000000 0.000001 0.080678 0.010862 0.000000 0.000003 0.058148 0.016178 0.032981 0.000000 0.000010 0.000000 0.000000 0.801135 
0.025862 0.043361 0.000000 0.000000 0.000000 0.009364 0.129444 0.061494 0.492269 0.000000 0.000005 0.103183 0.082223 0.052773 0.000000 0.000010 0.000000 0.000000 0.000011 
0.000000 0.000003 0.000000 0.000000 0.000000 0.000000 0.055110 0.042345 0.000000 0.000000 0.006017 0.689581 0.000000 0.103116 0.000000 0.103818 0.000000 0.000000 0.000009 
0.000000 0.007180 0.000000 0.000000 0.000000 0.000000 0.461539 0.335949 0.000000 0.000000 0.000003 0.029074 0.000000 0.000060 0.017835 0.000008 0.013806 0.000000 0.134545 
0.031421 0.000003 0.000000 0.000000 0.000000 0.000000 0.000001 0.796711 0.000000 0.000000 0.000004 0.031321 0.000000 0.000119 0.000000 0.103052 0.000000 0.000000 0.037368 
0.000000 0.161477 0.000000 0.000000 0.000000 0.000000 0.021498 0.021560 0.000000 0.000000 0.008584 0.053780 0.000000 0.031671 0.043885 0.551595 0.000000 0.000000 0.105950 
0.000000 0.000003 0.025216 0.000000 0.098001 0.000000 0.113852 0.060127 0.296370 0.000000 0.023104 0.117729 0.000000 0.116852 0.000000 0.148734 0.000000 0.000000 0.000011 
0.000000 0.578657 0.000000 0.000000 0.020695 0.000000 0.000001 0.271087 0.000000 0.000000 0.000003 0.070249 0.000000 0.018943 0.040342 0.000013 0.000000 0.000000 0.000009 
0.000000 0.403210 0.000000 0.000000 0.000000 0.000000 0.071056 0.034908 0.284511 0.000000 0.014528 0.121266 0.044025 0.000091 0.000000 0.000013 0.000000 0.000000 0.026393 
0.000000 0.345293 0.000000 0.000000 0.000000 0.000000 0.000001 0.074842 0.222823 0.011506 0.045711 0.121940 0.077524 0.050434 0.019892 0.000010 0.000000 0.000000 0.030023 
0.000000 0.194365 0.000000 0.000000 0.000000 0.000000 0.025613 0.048678 0.000000 0.000000 0.192684 0.154365 0.232020 0.095869 0.000000 0.056398 0.000000 0.000000 0.000009 
0.000000 0.758619 0.028345 0.000000 0.010387 0.000000 0.125370 0.019039 0.000000 0.019535 0.000003 0.016877 0.000000 0.000065 0.000000 0.014411 0.000000 0.000000 0.007348 
0.000000 0.029676 0.000000 0.000000 0.052776 0.000000 0.000001 0.038777 0.000000 0.000000 0.080414 0.330826 0.000000 0.408822 0.000000 0.058696 0.000000 0.000000 0.000013 
0.000000 0.356965 0.000000 0.000000 0.000000 0.000000 0.000001 0.059261 0.000000 0.000000 0.206496 0.168377 0.058447 0.038351 0.000000 0.033428 0.000000 0.000000 0.078674 
0.000000 0.040583 0.000000 0.024418 0.000000 0.000000 0.000001 0.763440 0.000000 0.000000 0.021918 0.020794 0.000000 0.014908 0.000000 0.000009 0.000000 0.000000 0.113929 
0.000000 0.596671 0.000000 0.000000 0.000000 0.000000 0.358749 0.020570 0.000000 0.000000 0.000003 0.002603 0.000000 0.000045 0.000000 0.014860 0.006492 0.000000 0.000007 
0.000000 0.102833 0.000000 0.000000 0.000000 0.000000 0.048077 0.443123 0.082436 0.000000 0.000002 0.181319 0.000000 0.020770 0.000000 0.017369 0.013327 0.000000 0.090744 
0.000000 0.025691 0.000000 0.008542 0.000000 0.000000 0.000001 0.015950 0.601544 0.000000 0.129679 0.119988 0.058567 0.000063 0.000000 0.000011 0.017025 0.000000 0.022938 
0.000000 0.485325 0.000000 0.000000 0.000000 0.012564 0.217556 0.021290 0.093033 0.000000 0.066088 0.068829 0.000000 0.000109 0.022435 0.000010 0.000000 0.000000 0.012760 
0.000000 0.000003 0.000000 0.018145 0.000000 0.000000 0.000002 0.335890 0.000000 0.000000 0.220652 0.169313 0.000000 0.025101 0.000000 0.230887 0.000000 0.000000 0.000008 
0.014980 0.000003 0.000000 0.018345 0.000000 0.000000 0.000001 0.927577 0.000000 0.000000 0.000002 0.023473 0.000000 0.006734 0.008862 0.000010 0.000000 0.000000 0.000011 
0.000000 0.034684 0.000000 0.000000 0.000000 0.000000 0.140314 0.052988 0.499384 0.000000 0.029717 0.142099 0.068317 0.022410 0.000000 0.000011 0.000000 0.000000 0.010075 
0.000000 0.019798 0.000000 0.024649 0.000000 0.000000 0.029597 0.070803 0.426903 0.000000 0.018323 0.149468 0.073961 0.052609 0.000000 0.120639 0.000000 0.000000 0.013250 
0.000000 0.049669 0.000000 0.000000 0.087361 0.000000 0.000001 0.043276 0.000000 0.000000 0.033800 0.305055 0.126349 0.271234 0.000000 0.000011 0.048598 0.000000 0.034645 
0.000000 0.000002 0.000000 0.000000 0.000000 0.000000 0.000001 0.006880 0.008873 0.000000 0.000002 0.132098 0.000000 0.034241 0.000000 0.769465 0.048434 0.000000 0.000004 
0.035845 0.000003 0.000000 0.000000 0.089988 0.000000 0.000001 0.078549 0.000000 0.000000 0.105890 0.229439 0.000000 0.384716 0.000000 0.075561 0.000000 0.000000 0.000007 
0.018649 0.000002 0.000000 0.000000 0.000000 0.000000 0.000001 0.076534 0.006033 0.000000 0.002310 0.002664 0.000000 0.004032 0.000000 0.000005 0.000000 0.000000 0.889769 
0.000000 0.000003 0.031485 0.000000 0.000000 0.000000 0.000001 0.026940 0.016302 0.000000 0.025885 0.721622 0.041775 0.125128 0.000000 0.000011 0.000000 0.000000 0.010848 
0.000000 0.014636 0.000000 0.000000 0.000000 0.000000 0.763616 0.006263 0.000000 0.000000 0.110695 0.055510 0.000000 0.000081 0.000000 0.000009 0.000000 0.000000 0.049190 
0.000000 0.000003 0.000000 0.000000 0.000000 0.011534 0.000002 0.185904 0.000000 0.000000 0.008628 0.718946 0.000000 0.074960 0.000000 0.000011 0.000000 0.000000 0.000012 
0.000000 0.000004 0.000000 0.029814 0.000000 0.000000 0.000002 0.051808 0.000000 0.000000 0.005589 0.115024 0.000000 0.048357 0.000000 0.602498 0.000000 0.000000 0.146904 
0.025307 0.000003 0.000000 0.000000 0.000000 0.024593 0.000001 0.011299 0.043567 0.000000 0.511703 0.199152 0.091582 0.068280 0.000000 0.000010 0.000000 0.000000 0.024502 
0.000000 0.000004 0.000000 0.000000 0.000000 0.000000 0.052895 0.014954 0.000000 0.000000 0.000003 0.126024 0.000000 0.040677 0.000000 0.765431 0.000000 0.000000 0.000012 
0.000000 0.030173 0.000000 0.000000 0.000000 0.000000 0.000002 0.861117 0.039950 0.000000 0.000004 0.032878 0.035821 0.000039 0.000000 0.000008 0.000000 0.000000 0.000010 
0.016291 0.000003 0.000000 0.000000 0.069800 0.000000 0.041329 0.064161 0.000000 0.000000 0.070878 0.347451 0.293412 0.061424 0.000000 0.000010 0.035233 0.000000 0.000008 
0.000000 0.000002 0.000000 0.000000 0.000000 0.000000 0.051975 0.019113 0.000000 0.000000 0.000002 0.367008 0.000000 0.047537 0.000000 0.495535 0.000000 0.000000 0.018828 
0.000000 0.000003 0.000000 0.000000 0.000000 0.007433 0.662067 0.026810 0.000000 0.000000 0.024600 0.147179 0.062768 0.028901 0.000000 0.014340 0.000000 0.000000 0.025899 
0.000000 0.034062 0.000000 0.000000 0.000000 0.000000 0.015216 0.056467 0.000000 0.000000 0.000002 0.219492 0.219496 0.034644 0.042020 0.342931 0.009156 0.000000 0.026513 
0.000000 0.000003 0.000000 0.000000 0.000000 0.011238 0.017106 0.025752 0.000000 0.000000 0.258872 0.457190 0.000000 0.045983 0.000000 0.000010 0.000000 0.000000 0.183845 
0.000000 0.017027 0.000000 0.000000 0.000000 0.000000 0.069537 0.108501 0.120901 0.000000 0.026085 0.269764 0.025784 0.273924 0.000000 0.088467 0.000000 0.000000 0.000010 
0.000000 0.893372 0.000000 0.000000 0.018744 0.004216 0.028385 0.034221 0.000000 0.000000 0.000003 0.002287 0.000001 0.000045 0.000000 0.000008 0.000000 0.000000 0.018718 
0.000000 0.049786 0.000000 0.000000 0.000000 0.000000 0.113751 0.184942 0.307573 0.000000 0.054106 0.173431 0.026725 0.052338 0.000000 0.000012 0.000000 0.000000 0.037335 
0.000000 0.000003 0.000000 0.013166 0.000000 0.000000 0.000002 0.100682 0.000000 0.000000 0.000003 0.171603 0.000000 0.032407 0.000000 0.662974 0.000000 0.000000 0.019159 
0.000000 0.128635 0.000000 0.000000 0.041196 0.000000 0.000001 0.105439 0.022891 0.000000 0.046253 0.117758 0.060975 0.096462 0.016885 0.000010 0.000000 0.000000 0.363495 
0.000000 0.000003 0.000000 0.000000 0.000000 0.000000 0.000001 0.067377 0.020909 0.000000 0.008156 0.533435 0.112020 0.192656 0.000000 0.000010 0.000000 0.000000 0.065433 
0.000000 0.956155 0.000000 0.000000 0.000000 0.000000 0.000002 0.002167 0.000000 0.000000 0.000003 0.025795 0.000000 0.000019 0.009997 0.000012 0.000000 0.000000 0.005849 
0.000000 0.000003 0.000000 0.000000 0.000000 0.000000 0.099525 0.032238 0.000000 0.000000 0.622809 0.229763 0.000000 0.015639 0.000000 0.000010 0.000000 0.000000 0.000012 
0.000000 0.587513 0.000000 0.000000 0.000000 0.008861 0.128102 0.053498 0.157879 0.000000 0.000003 0.026236 0.037826 0.000060 0.000000 0.000011 0.000000 0.000000 0.000012 
0.000000 0.000003 0.000000 0.000000 0.000000 0.000000 0.030776 0.056613 0.000000 0.000000 0.048645 0.147635 0.226994 0.150431 0.000000 0.071173 0.000000 0.000000 0.267730 
0.000000 0.000004 0.000000 0.000000 0.000000 0.000000 0.000001 0.036808 0.022545 0.000000 0.000002 0.344042 0.000000 0.019078 0.000000 0.341032 0.000000 0.000000 0.236487 
0.000000 0.481402 0.000000 0.014608 0.000000 0.000000 0.000001 0.066158 0.141932 0.000000 0.000003 0.032777 0.000000 0.000058 0.020771 0.020342 0.000000 0.000000 0.221948 
0.000000 0.000002 0.000000 0.000000 0.000000 0.000000 0.000001 0.048755 0.000000 0.000000 0.029918 0.330180 0.142185 0.432966 0.000000 0.000010 0.000000 0.000000 0.015982 
0.000000 0.016613 0.000000 0.000000 0.000000 0.000000 0.822748 0.030501 0.000000 0.000000 0.000002 0.024966 0.000000 0.000055 0.036748 0.019365 0.007494 0.000000 0.041507 
0.000000 0.000003 0.000000 0.000000 0.000000 0.000000 0.091781 0.103596 0.211811 0.018288 0.039930 0.291178 0.000000 0.243390 0.000000 0.000010 0.000000 0.000000 0.000011 
0.000000 0.138447 0.000000 0.000000 0.000000 0.010860 0.527637 0.053793 0.159847 0.000000 0.000003 0.034833 0.033635 0.040922 0.000000 0.000010 0.000000 0.000000 0.000012 
0.000000 0.041793 0.000000 0.000000 0.000000 0.000000 0.394777 0.019963 0.000000 0.000000 0.000002 0.076512 0.000000 0.000053 0.025294 0.441598 0.000000 0.000000 0.000008 
0.000000 0.052109 0.000000 0.000000 0.000000 0.000000 0.024965 0.290536 0.000000 0.000000 0.000003 0.518306 0.000000 0.057269 0.024174 0.032627 0.000000 0.000000 0.000011 
0.000000 0.000003 0.021150 0.000000 0.000000 0.000000 0.072627 0.092740 0.000000 0.023032 0.059371 0.292804 0.305198 0.089602 0.000000 0.043464 0.000000 0.000000 0.000008 
0.000000 0.151640 0.000000 0.000000 0.000000 0.000000 0.064587 0.026513 0.000000 0.000000 0.000002 0.152932 0.000000 0.030804 0.000000 0.552465 0.000000 0.000000 0.021057 
0.000000 0.025750 0.000000 0.020163 0.000000 0.015120 0.175705 0.022293 0.479129 0.000000 0.042069 0.116028 0.029453 0.041985 0.000000 0.000010 0.000000 0.000000 0.032295 
0.043536 0.000004 0.000000 0.000000 0.000000 0.000000 0.035232 0.018341 0.000000 0.000000 0.111143 0.307376 0.320932 0.048450 0.000000 0.026806 0.036460 0.000000 0.051721 
0.000000 0.000004 0.000000 0.000000 0.000000 0.012482 0.369416 0.038786 0.000000 0.000000 0.172915 0.190952 0.129882 0.045711 0.023999 0.000012 0.015831 0.000000 0.000011 
0.000000 0.000003 0.000000 0.000000 0.000000 0.000000 0.000001 0.034731 0.000000 0.000000 0.044404 0.258878 0.000000 0.069183 0.000000 0.592788 0.000000 0.000000 0.000011 
0.000000 0.000004 0.000000 0.000000 0.000000 0.000000 0.000002 0.065245 0.000000 0.000000 0.000003 0.155512 0.000000 0.030938 0.000000 0.000010 0.000000 0.000000 0.748287 
0.000000 0.000003 0.000000 0.000000 0.000000 0.016440 0.071982 0.023094 0.000000 0.000000 0.114279 0.302783 0.000000 0.065982 0.000000 0.345301 0.000000 0.000000 0.060135 
0.000000 0.791927 0.000000 0.000000 0.000000 0.000000 0.013760 0.010428 0.000000 0.000000 0.102894 0.046921 0.000000 0.000051 0.000000 0.017400 0.000000 0.000000 0.016618 
