-955052.178359
0
0.000000 0.000000 0.002517 0.000000 0.002329 0.002132 0.000000 0.001775 0.037760 0.021173 0.000000 0.011276 0.000000 0.004028 0.000000 0.001550 0.005764 0.003524 0.040611 0.000004 0.000000 0.002928 0.001180 0.001989 0.014210 0.036082 0.018581 0.088876 0.000000 0.000000 0.000000 0.000000 0.001414 0.007991 0.056077 0.001043 0.000000 0.004747 0.000000 0.001812 0.010633 0.003916 0.046700 0.000001 0.000000 0.006189 0.008745 0.014220 0.000000 0.010642 0.005116 0.012295 0.000000 0.003930 0.000000 0.002209 0.101629 0.115598 0.083712 0.087708 0.000000 0.004715 0.000000 0.002734 0.020407 0.004437 0.019860 0.000107 0.000000 0.000000 0.001422 0.005826 0.000016 0.000016 0.000000 0.000189 0.000000 0.000000 0.000000 0.000000 0.003782 0.005827 0.000002 0.000260 0.000000 0.001078 0.000000 0.000003 0.009722 0.003483 0.013344 0.003821 0.000000 0.002791 0.002023 0.009512 
0.005769 0.006619 0.000000 0.003381 0.000000 0.000000 0.000000 0.000850 0.028322 0.015378 0.214775 0.014674 0.002456 0.001119 0.000000 0.007739 0.011565 0.007008 0.009601 0.006233 0.000000 0.001780 0.000000 0.002798 0.003313 0.004585 0.000000 0.003765 0.000000 0.000000 0.000000 0.000000 0.019358 0.018025 0.125181 0.016278 0.000000 0.000000 0.000000 0.000001 0.003404 0.003637 0.006300 0.006730 0.000000 0.002326 0.000000 0.001194 0.006027 0.003858 0.000000 0.002131 0.000000 0.002165 0.000000 0.000000 0.028627 0.031757 0.143027 0.017752 0.000000 0.000000 0.000000 0.001145 0.009220 0.006146 0.004350 0.010327 0.000000 0.001144 0.000000 0.000000 0.007260 0.008244 0.002048 0.013111 0.000000 0.000000 0.000000 0.000000 0.008738 0.009844 0.087835 0.010395 0.002289 0.000000 0.000000 0.001816 0.006813 0.003614 0.009282 0.004038 0.000000 0.000980 0.000000 0.001849 
0.000000 0.000000 0.000000 0.009472 0.000000 0.000211 0.000000 0.000000 0.000001 0.003009 0.000000 0.004321 0.000000 0.000000 0.000000 0.000000 0.001046 0.004781 0.000938 0.003506 0.000000 0.003587 0.001488 0.015599 0.002802 0.000824 0.001077 0.016434 0.000000 0.000000 0.000000 0.000000 0.000022 0.001696 0.006365 0.004351 0.000000 0.000000 0.000286 0.000698 0.000002 0.001431 0.000001 0.000001 0.000000 0.000000 0.002896 0.017774 0.000828 0.001025 0.000000 0.008752 0.000000 0.000000 0.000000 0.000000 0.000000 0.014151 0.022543 0.015285 0.000000 0.000000 0.000000 0.000000 0.006944 0.010752 0.005584 0.012831 0.000000 0.002129 0.000702 0.000000 0.038878 0.011629 0.004182 0.339267 0.000000 0.000000 0.000000 0.000000 0.002064 0.021147 0.230161 0.039262 0.000000 0.000453 0.000000 0.003168 0.001429 0.009795 0.006218 0.009030 0.000000 0.009555 0.001746 0.065869 
0.000000 0.000000 0.000000 0.000000 0.000000 0.000000 0.000000 0.000000 0.000002 0.019241 0.000000 0.004257 0.000500 0.001238 0.001213 0.003435 0.000696 0.000000 0.000455 0.000736 0.000000 0.000000 0.000581 0.000000 0.000908 0.000001 0.000000 0.000760 0.000000 0.000000 0.000414 0.000000 0.079363 0.104802 0.019772 0.079291 0.000000 0.001485 0.000715 0.001207 0.000492 0.000919 0.000939 0.004349 0.000000 0.000652 0.000799 0.000000 0.000000 0.000001 0.000000 0.000001 0.000000 0.000158 0.000000 0.000000 0.000000 0.021763 0.000000 0.016537 0.000000 0.000000 0.000000 0.001255 0.000213 0.000000 0.000001 0.008791 0.000000 0.000000 0.001362 0.000343 0.000406 0.001003 0.000000 0.000115 0.000000 0.000000 0.000000 0.000000 0.119062 0.292743 0.099552 0.089098 0.000780 0.001460 0.000987 0.005256 0.001498 0.001515 0.001405 0.002141 0.000000 0.000865 0.000920 0.001548 
0.008186 0.000000 0.000000 0.001631 0.000000 0.001036 0.000000 0.000000 0.005686 0.004138 0.013927 0.002552 0.012283 0.002894 0.005452 0.021931 0.027429 0.010670 0.021077 0.026500 0.038674 0.005620 0.004304 0.021856 0.007011 0.003419 0.000000 0.006443 0.000000 0.000000 0.000000 0.000000 0.008956 0.005957 0.007799 0.004832 0.004067 0.002434 0.003860 0.002714 0.019347 0.009170 0.019130 0.032678 0.026270 0.007384 0.013327 0.060436 0.012937 0.008114 0.000000 0.007604 0.000000 0.000724 0.000000 0.002324 0.006543 0.010747 0.010718 0.010752 0.002277 0.001277 0.000000 0.000000 0.011410 0.010395 0.012986 0.013425 0.006493 0.000657 0.002962 0.022677 0.025580 0.001878 0.000000 0.033280 0.000000 0.000000 0.000000 0.000000 0.006717 0.007739 0.006336 0.011037 0.021683 0.000000 0.013073 0.011141 0.018811 0.014232 0.011681 0.031385 0.066509 0.009007 0.008228 0.065578 
0.024103 0.022530 0.000000 0.021204 0.017209 0.010705 0.002930 0.017412 0.020906 0.007933 0.006668 0.021871 0.013650 0.011171 0.012156 0.018919 0.024861 0.011401 0.015295 0.029817 0.003890 0.001523 0.009344 0.005963 0.016767 0.007299 0.000000 0.011152 0.011978 0.010491 0.002248 0.016778 0.012171 0.005535 0.000031 0.017225 0.008481 0.012709 0.010759 0.020621 0.008847 0.015412 0.007820 0.014829 0.002594 0.003827 0.009526 0.007584 0.013099 0.009134 0.000000 0.014113 0.006938 0.007649 0.000000 0.011638 0.006424 0.000001 0.000000 0.008292 0.007385 0.007995 0.009541 0.014132 0.009591 0.009168 0.007406 0.011716 0.002680 0.002225 0.011252 0.005235 0.016783 0.013112 0.001887 0.023813 0.009958 0.012410 0.001267 0.019975 0.007131 0.006563 0.000000 0.010143 0.012552 0.012473 0.007814 0.022481 0.011311 0.013154 0.006253 0.017253 0.004469 0.005452 0.009592 0.012395 
0.043430 0.036712 0.021082 0.029840 0.010310 0.004113 0.002813 0.003639 0.009328 0.006174 0.002025 0.004661 0.004308 0.003401 0.009943 0.000184 0.006193 0.000598 0.004827 0.000864 0.000000 0.000000 0.000615 0.000000 0.053091 0.073793 0.009122 0.052731 0.010400 0.009142 0.005145 0.008081 0.018730 0.014778 0.004268 0.022023 0.009369 0.010838 0.038649 0.012880 0.003307 0.000834 0.007859 0.004860 0.000000 0.000961 0.004335 0.000000 0.042656 0.040312 0.023284 0.030278 0.006634 0.009095 0.006653 0.004386 0.000000 0.000003 0.000000 0.003032 0.009265 0.004827 0.014924 0.003669 0.004584 0.001217 0.001817 0.001217 0.000000 0.000000 0.000557 0.000000 0.041398 0.059426 0.010225 0.041545 0.003090 0.009405 0.003451 0.002704 0.002175 0.005594 0.000001 0.006181 0.004900 0.004260 0.009797 0.003365 0.000820 0.000000 0.001502 0.000001 0.000000 0.000000 0.001495 0.000001 
0.000618 0.000675 0.000000 0.000000 0.000000 0.000000 0.000000 0.000757 0.006010 0.001898 0.002770 0.002316 0.000000 0.000000 0.000247 0.000000 0.002142 0.000001 0.000588 0.001469 0.000000 0.000000 0.000209 0.000000 0.000317 0.000001 0.000000 0.000223 0.000000 0.000252 0.000000 0.000000 0.013445 0.004002 0.004373 0.009448 0.000000 0.000483 0.000000 0.000324 0.000550 0.000365 0.000001 0.000641 0.000256 0.000000 0.000000 0.000000 0.000000 0.000001 0.000000 0.000001 0.000000 0.000000 0.000000 0.000000 0.006489 0.001428 0.000000 0.003414 0.000000 0.000000 0.000000 0.000000 0.000003 0.000001 0.000001 0.000433 0.000000 0.000000 0.000000 0.000294 0.014024 0.007562 0.002425 0.012851 0.036509 0.000000 0.001340 0.066898 0.429866 0.080196 0.048674 0.232008 0.000000 0.000000 0.000000 0.000198 0.000405 0.000001 0.000589 0.000001 0.000000 0.000000 0.000000 0.000002 
0.000004 0.071067 0.017612 0.000002 0.015759 0.711577 0.183978 0.000000 
0.000004 0.468211 0.131157 0.000004 0.000001 0.345213 0.034051 0.021359 
0.000003 0.029454 0.000000 0.000004 0.000001 0.001176 0.003387 0.965976 
0.059278 0.015472 0.022071 0.000004 0.000001 0.714842 0.054682 0.133650 
0.017444 0.005158 0.000000 0.425920 0.012727 0.072707 0.466044 0.000000 
0.038133 0.000120 0.000000 0.020723 0.000001 0.243272 0.697749 0.000000 
0.000005 0.184948 0.060654 0.014796 0.419459 0.297352 0.022785 0.000001 
0.000004 0.039576 0.031908 0.033699 0.000001 0.652689 0.158852 0.083270 
0.000002 0.000078 0.000000 0.000004 0.000000 0.002078 0.001390 0.996448 
0.033388 0.647250 0.000000 0.029358 0.000001 0.131757 0.158245 0.000000 
0.000004 0.049401 0.000000 0.000003 0.000001 0.690733 0.259858 0.000001 
0.225653 0.288884 0.000000 0.000003 0.000001 0.221986 0.263473 0.000000 
0.052836 0.037507 0.202798 0.185067 0.111036 0.347127 0.063629 0.000000 
0.118294 0.020993 0.000000 0.036935 0.058429 0.511923 0.024495 0.228930 
0.092559 0.092558 0.000000 0.000003 0.000001 0.722098 0.069759 0.023022 
0.000004 0.000147 0.000000 0.486132 0.177282 0.121841 0.126423 0.088170 
0.000004 0.258238 0.021994 0.000004 0.109778 0.163956 0.373730 0.072295 
0.116036 0.246589 0.000000 0.058618 0.000001 0.550557 0.028199 0.000000 
0.090412 0.027400 0.012158 0.076466 0.206949 0.586486 0.000127 0.000001 
0.085408 0.030210 0.070944 0.445602 0.000001 0.058871 0.000138 0.308826 
0.000004 0.060298 0.000000 0.313266 0.000001 0.468262 0.158168 0.000000 
0.350947 0.454438 0.000000 0.036347 0.000001 0.146462 0.011804 0.000000 
0.045836 0.010468 0.000000 0.266314 0.000001 0.201928 0.475453 0.000000 
0.097162 0.043428 0.000000 0.047030 0.108795 0.665569 0.038016 0.000000 
0.034818 0.000200 0.000000 0.846063 0.000001 0.118780 0.000138 0.000000 
0.000004 0.582743 0.015765 0.018886 0.017741 0.252212 0.112647 0.000000 
0.057486 0.008177 0.353373 0.000004 0.000001 0.058187 0.351792 0.170980 
0.074734 0.017097 0.000000 0.570826 0.006781 0.317655 0.012908 0.000000 
0.000004 0.027910 0.000000 0.000004 0.232563 0.628545 0.110974 0.000001 
0.154956 0.247732 0.000000 0.000003 0.014044 0.356790 0.195222 0.031252 
0.086700 0.030935 0.019057 0.216506 0.000001 0.383387 0.000080 0.263334 
0.118203 0.013645 0.000000 0.036669 0.049205 0.444442 0.337835 0.000000 
0.128819 0.088356 0.000000 0.015452 0.068893 0.443122 0.028308 0.227050 
0.032191 0.436525 0.221444 0.189426 0.019490 0.082814 0.018110 0.000000 
0.013237 0.000129 0.000000 0.013262 0.000001 0.147383 0.000122 0.825866 
0.000004 0.055558 0.207678 0.000003 0.020229 0.569887 0.146640 0.000000 
0.000003 0.033633 0.472615 0.294055 0.132321 0.017418 0.049955 0.000000 
0.087390 0.044948 0.000000 0.000004 0.037293 0.044257 0.000124 0.785984 
0.040247 0.054013 0.473510 0.000004 0.000001 0.230976 0.169596 0.031652 
0.046176 0.026527 0.000000 0.031265 0.000001 0.287023 0.609008 0.000001 
0.147493 0.118597 0.603042 0.052087 0.000001 0.016908 0.061872 0.000000 
0.102150 0.024444 0.000000 0.016457 0.043192 0.323867 0.475880 0.014010 
0.063325 0.014935 0.127197 0.000004 0.132035 0.173939 0.470466 0.018099 
0.145591 0.341429 0.000000 0.061445 0.032372 0.419063 0.000099 0.000000 
0.028479 0.007063 0.000000 0.000004 0.000001 0.030759 0.404621 0.529073 
0.050132 0.000129 0.000000 0.378215 0.215601 0.304616 0.051306 0.000000 
0.000004 0.126528 0.060252 0.000004 0.000001 0.600273 0.212939 0.000001 
0.000004 0.007068 0.030230 0.000003 0.734541 0.228048 0.000106 0.000000 
0.205204 0.133197 0.000000 0.000004 0.000001 0.021422 0.503322 0.136850 
0.000003 0.049053 0.755772 0.108211 0.025752 0.047550 0.013658 0.000000 
0.080124 0.298596 0.000000 0.000003 0.000001 0.237196 0.182356 0.201723 
0.000004 0.000182 0.000000 0.120928 0.127642 0.264881 0.062143 0.424220 
0.021497 0.000085 0.000000 0.000004 0.000001 0.347892 0.016656 0.613865 
0.265564 0.112437 0.024702 0.000004 0.000001 0.002613 0.076781 0.517898 
0.047209 0.257747 0.000000 0.154945 0.000001 0.500244 0.020469 0.019385 
0.019339 0.000179 0.134139 0.000004 0.110070 0.096503 0.422033 0.217733 
0.000002 0.000215 0.000000 0.000004 0.000001 0.000855 0.000049 0.998873 
0.000002 0.000047 0.004709 0.943738 0.000001 0.034444 0.000125 0.016934 
0.169416 0.099333 0.000000 0.068624 0.000001 0.580316 0.082309 0.000001 
0.058452 0.097367 0.000000 0.054041 0.534848 0.255179 0.000113 0.000001 
0.161184 0.223185 0.000000 0.045708 0.104264 0.445267 0.020392 0.000000 
0.219943 0.197643 0.439131 0.084863 0.057058 0.001285 0.000078 0.000000 
0.000004 0.021910 0.874152 0.000004 0.038884 0.048460 0.007967 0.008620 
0.000004 0.010799 0.027125 0.687592 0.129033 0.129003 0.016444 0.000000 
0.000004 0.024413 0.270977 0.194609 0.000001 0.331611 0.178383 0.000000 
0.000004 0.035527 0.878187 0.000004 0.049695 0.016398 0.020185 0.000000 
0.401500 0.395172 0.000000 0.160717 0.005518 0.036969 0.000123 0.000001 
0.000004 0.000076 0.000000 0.957600 0.000002 0.024790 0.017528 0.000000 
0.000004 0.029946 0.054236 0.082403 0.624305 0.152835 0.032911 0.023358 
0.021560 0.050576 0.106741 0.000004 0.269988 0.236573 0.314558 0.000000 
0.000005 0.012534 0.000000 0.023759 0.000001 0.094715 0.006520 0.862467 
0.067854 0.702248 0.000000 0.032048 0.011220 0.186519 0.000111 0.000000 
0.030166 0.077268 0.000000 0.012253 0.000001 0.582519 0.297792 0.000000 
0.275750 0.243358 0.000000 0.317136 0.000001 0.021074 0.000100 0.142581 
0.000003 0.000050 0.000000 0.848856 0.000001 0.002279 0.117500 0.031310 
0.069980 0.012902 0.151089 0.000004 0.032231 0.007935 0.612898 0.112960 
0.056590 0.459961 0.000000 0.021045 0.022400 0.294528 0.145475 0.000001 
0.000004 0.026713 0.570019 0.269760 0.045963 0.070565 0.016976 0.000000 
0.000004 0.444577 0.387465 0.000004 0.031391 0.078568 0.033764 0.024225 
0.000004 0.292096 0.327196 0.056476 0.075063 0.199403 0.020464 0.029298 
0.114338 0.000150 0.181520 0.029233 0.260985 0.374952 0.038820 0.000000 
0.088657 0.069179 0.787691 0.000004 0.030982 0.016937 0.000134 0.006416 
0.023224 0.000140 0.041820 0.000005 0.000001 0.840397 0.094413 0.000001 
0.000004 0.007534 0.351296 0.035703 0.263338 0.202335 0.058840 0.080951 
0.000003 0.003331 0.038252 0.780491 0.010737 0.038489 0.000118 0.128579 
0.194850 0.223485 0.564066 0.000004 0.016587 0.000908 0.000100 0.000000 
0.000005 0.153787 0.098091 0.431438 0.000001 0.139921 0.081180 0.095577 
0.000004 0.717734 0.000000 0.000004 0.159160 0.091482 0.023796 0.007820 
0.114297 0.262457 0.466675 0.000004 0.097132 0.055258 0.000115 0.004062 
0.000005 0.000147 0.000000 0.337231 0.281415 0.100128 0.281073 0.000000 
0.000004 0.000055 0.000000 0.974467 0.000001 0.017580 0.007893 0.000001 
0.057590 0.713559 0.000000 0.025079 0.037122 0.127747 0.038902 0.000001 
0.000004 0.557294 0.000000 0.063697 0.020976 0.189845 0.168182 0.000001 
0.061431 0.022173 0.048236 0.005295 0.000001 0.784913 0.040832 0.037118 
0.045193 0.009585 0.000000 0.000002 0.000001 0.087395 0.857824 0.000000 
0.069456 0.000085 0.000000 0.056404 0.032370 0.772614 0.069070 0.000000 
0.000002 0.000100 0.000000 0.046781 0.000001 0.010257 0.000047 0.942812 
0.000004 0.100581 0.000000 0.000005 0.013443 0.725387 0.160581 0.000001 
0.473807 0.358040 0.000000 0.000003 0.120867 0.005909 0.000097 0.041277 
0.000004 0.068369 0.008855 0.145518 0.000001 0.573015 0.193096 0.011144 
0.028896 0.000164 0.000000 0.054261 0.000001 0.098957 0.671858 0.145863 
0.000004 0.028946 0.000000 0.000004 0.615159 0.346172 0.000105 0.009610 
0.115080 0.015018 0.010215 0.000004 0.000001 0.049440 0.810243 0.000000 
0.008344 0.059969 0.023961 0.891657 0.010166 0.005800 0.000102 0.000000 
0.101817 0.047833 0.000000 0.055591 0.110663 0.683992 0.000104 0.000000 
0.075938 0.037696 0.000000 0.000004 0.000001 0.251646 0.620993 0.013723 
0.474114 0.311219 0.000000 0.000004 0.016834 0.176937 0.000125 0.020767 
0.101676 0.018153 0.030265 0.058185 0.000001 0.399138 0.377740 0.014842 
0.000004 0.027260 0.000000 0.000004 0.296712 0.414392 0.079686 0.181942 
0.039973 0.200817 0.000000 0.079258 0.000001 0.557141 0.122809 0.000000 
0.000004 0.073669 0.887682 0.005359 0.010207 0.001311 0.000086 0.021681 
0.039608 0.442497 0.031571 0.159178 0.053591 0.194469 0.040991 0.038094 
0.062587 0.000139 0.000000 0.106482 0.000001 0.074276 0.747902 0.008615 
0.027020 0.035561 0.126920 0.072221 0.044235 0.302504 0.000104 0.391435 
0.000004 0.067838 0.000000 0.044821 0.000001 0.717871 0.106371 0.063093 
0.000004 0.038997 0.910781 0.000003 0.046914 0.003135 0.000166 0.000001 
0.049199 0.011029 0.000000 0.000004 0.730995 0.194516 0.014256 0.000000 
0.053288 0.296011 0.550769 0.025774 0.050244 0.005166 0.018747 0.000001 
0.122377 0.000179 0.000000 0.032192 0.032942 0.467525 0.056569 0.288216 
0.000004 0.061835 0.000000 0.000004 0.000001 0.216109 0.473378 0.248670 
0.000004 0.186978 0.458950 0.054367 0.036686 0.003769 0.029851 0.229395 
0.053383 0.000118 0.000000 0.021644 0.000001 0.895222 0.014542 0.015089 
0.478359 0.458510 0.000000 0.000004 0.000001 0.001507 0.022260 0.039359 
0.039312 0.298326 0.000000 0.059972 0.000001 0.549916 0.033121 0.019353 
0.311694 0.470465 0.113205 0.017936 0.000001 0.086597 0.000101 0.000001 
0.255896 0.222286 0.036571 0.000004 0.000001 0.001682 0.483560 0.000000 
0.000005 0.059518 0.055174 0.277943 0.000001 0.429028 0.178331 0.000000 
0.154116 0.057501 0.000000 0.094993 0.084034 0.577630 0.031726 0.000000 
0.086423 0.036265 0.155913 0.000004 0.000001 0.079315 0.620634 0.021444 
0.065059 0.702040 0.000000 0.000004 0.046825 0.163275 0.000118 0.022679 
0.119614 0.019563 0.000000 0.040018 0.166426 0.612750 0.015606 0.026022 
0.281789 0.193157 0.000000 0.000005 0.227516 0.281557 0.015975 0.000000 
0.042161 0.013489 0.000000 0.012726 0.051274 0.197288 0.683062 0.000000 
0.000005 0.011283 0.000000 0.000004 0.000001 0.146485 0.033190 0.809033 
0.057559 0.045771 0.000000 0.000004 0.148348 0.266049 0.424411 0.057859 
0.000004 0.048147 0.757615 0.000004 0.153712 0.003104 0.025406 0.012009 
0.466878 0.495357 0.000000 0.000005 0.018800 0.002163 0.016797 0.000000 
0.053659 0.000073 0.000000 0.000003 0.000001 0.811334 0.072818 0.062111 
0.057206 0.000127 0.064364 0.027858 0.000001 0.795443 0.055001 0.000000 
0.106352 0.051581 0.460940 0.038445 0.029013 0.280002 0.033668 0.000000 
0.094838 0.049305 0.000000 0.149607 0.153986 0.487610 0.064653 0.000000 
0.016663 0.073434 0.000000 0.172224 0.023855 0.629003 0.084821 0.000001 
0.067852 0.000101 0.000000 0.030545 0.000001 0.728649 0.126709 0.046143 
0.376649 0.285403 0.000000 0.000004 0.041710 0.003778 0.054648 0.237808 
0.034923 0.537685 0.000000 0.135415 0.000001 0.255737 0.036239 0.000000 
0.000003 0.064496 0.024317 0.000003 0.000001 0.665480 0.245699 0.000001 
0.000004 0.052024 0.165050 0.000004 0.000001 0.601742 0.181174 0.000000 
0.128301 0.753192 0.000000 0.000004 0.000001 0.086001 0.009168 0.023332 
0.082930 0.042858 0.000000 0.000004 0.000001 0.142011 0.545940 0.186255 
0.000004 0.063770 0.887632 0.000004 0.047581 0.000933 0.000076 0.000001 
0.029697 0.000127 0.017495 0.033960 0.030735 0.781154 0.106831 0.000000 
0.000003 0.004295 0.000000 0.984544 0.010150 0.000983 0.000025 0.000000 
0.287415 0.270145 0.042426 0.299993 0.000001 0.069613 0.000116 0.030290 
0.000004 0.001349 0.000000 0.000004 0.747055 0.210380 0.041207 0.000000 
0.000005 0.011664 0.423856 0.004086 0.196563 0.160438 0.203388 0.000000 
0.000004 0.054983 0.000000 0.397856 0.000001 0.364417 0.123784 0.058955 
0.014929 0.000076 0.115508 0.011103 0.000001 0.126765 0.731618 0.000001 
0.131316 0.451202 0.000000 0.198965 0.088874 0.084113 0.033605 0.011926 
0.000003 0.067623 0.000000 0.000003 0.000001 0.688141 0.244228 0.000001 
0.034937 0.092626 0.000000 0.040902 0.000001 0.798513 0.033020 0.000000 
0.521567 0.445777 0.021690 0.000004 0.000001 0.000615 0.000057 0.010289 
0.029135 0.011009 0.000000 0.521480 0.117177 0.184451 0.014548 0.122200 
0.053976 0.000077 0.000000 0.071931 0.000001 0.787520 0.086494 0.000000 
0.362416 0.245275 0.011350 0.000003 0.000001 0.228754 0.152200 0.000000 
0.000004 0.021377 0.000000 0.000004 0.747300 0.231226 0.000087 0.000000 
0.000003 0.049402 0.764849 0.079636 0.049294 0.002671 0.000127 0.054018 
0.000005 0.083610 0.000000 0.860777 0.000001 0.043859 0.011748 0.000001 
0.000004 0.052381 0.150813 0.027355 0.419649 0.349687 0.000110 0.000000 
0.000004 0.054505 0.774014 0.113117 0.031924 0.018700 0.000117 0.007619 
0.180708 0.145503 0.000000 0.024230 0.087382 0.338513 0.223663 0.000000 
0.044054 0.012629 0.000000 0.033971 0.000001 0.356197 0.000097 0.553052 
0.000005 0.059412 0.274499 0.000004 0.000001 0.277975 0.335892 0.052212 
0.000004 0.634543 0.000000 0.037505 0.020104 0.222001 0.085843 0.000001 
0.027389 0.100467 0.000000 0.020431 0.086347 0.353272 0.111745 0.300348 
0.139024 0.059885 0.256211 0.000003 0.000001 0.506168 0.038707 0.000000 
0.000003 0.068631 0.758930 0.000004 0.093556 0.046343 0.032533 0.000000 
0.000005 0.044107 0.000000 0.000005 0.000002 0.586716 0.369165 0.000000 
0.071752 0.023546 0.485141 0.023292 0.117577 0.278602 0.000090 0.000000 
0.478864 0.416443 0.000000 0.051636 0.027399 0.025537 0.000120 0.000000 
0.000004 0.060820 0.043086 0.130228 0.000001 0.502168 0.163748 0.099944 
0.062946 0.000168 0.000000 0.120985 0.018120 0.009289 0.402170 0.386322 
0.000004 0.036887 0.533690 0.013896 0.000001 0.415419 0.000103 0.000000 
0.041336 0.000180 0.000000 0.457033 0.000001 0.076426 0.425024 0.000001 
0.069813 0.057396 0.000000 0.040423 0.129686 0.647287 0.055394 0.000000 
0.034611 0.157550 0.000000 0.047331 0.000001 0.107458 0.531325 0.121723 
0.048350 0.602067 0.000000 0.000004 0.000001 0.250365 0.051395 0.047818 
0.053997 0.034702 0.206437 0.000004 0.000001 0.103222 0.601637 0.000000 
0.000005 0.054202 0.000000 0.000004 0.040037 0.683253 0.197299 0.025200 
0.000004 0.151479 0.048278 0.000004 0.021648 0.055897 0.052078 0.670612 
0.000004 0.030253 0.821900 0.000004 0.090889 0.011934 0.026090 0.018927 
0.019218 0.000138 0.284779 0.329943 0.265490 0.067654 0.000127 0.032651 
0.000004 0.035215 0.011693 0.763360 0.000001 0.092447 0.097280 0.000000 
0.068089 0.012192 0.000000 0.018669 0.000001 0.048324 0.852725 0.000000 
0.046071 0.021293 0.000000 0.000004 0.000001 0.387169 0.538550 0.006912 
0.079763 0.057529 0.000000 0.678525 0.000001 0.075650 0.011749 0.096784 
0.000004 0.030307 0.304076 0.000003 0.000001 0.460562 0.184751 0.020296 
0.019869 0.006959 0.000000 0.010827 0.000001 0.131790 0.815297 0.015257 
0.000004 0.040111 0.679243 0.000003 0.062912 0.168628 0.049098 0.000000 
0.075344 0.059914 0.000000 0.019284 0.053370 0.390184 0.000128 0.401777 
0.068443 0.539616 0.018830 0.000004 0.000001 0.104772 0.268334 0.000001 
0.000004 0.089247 0.666423 0.000004 0.021875 0.004060 0.218387 0.000000 
0.051959 0.033445 0.000000 0.000005 0.000001 0.237383 0.599540 0.077668 
0.000004 0.762508 0.000000 0.036389 0.000001 0.164686 0.019691 0.016721 
0.000004 0.168211 0.000000 0.000004 0.000001 0.655164 0.166806 0.009809 
0.026586 0.022106 0.000000 0.634272 0.000001 0.294860 0.022175 0.000000 
0.030507 0.684583 0.000000 0.000004 0.000001 0.184853 0.054444 0.045610 
0.084779 0.046234 0.000000 0.051287 0.199293 0.463619 0.000105 0.154682 
0.106858 0.050638 0.000000 0.064326 0.152475 0.610097 0.015605 0.000000 
0.094031 0.018858 0.175093 0.307359 0.068783 0.195510 0.140365 0.000000 
0.000003 0.063969 0.000000 0.000004 0.000001 0.716816 0.219206 0.000001 
0.000005 0.007540 0.000000 0.976255 0.000000 0.000856 0.015344 0.000000 
0.000004 0.061719 0.000000 0.000002 0.000001 0.663250 0.275024 0.000000 
0.022567 0.644769 0.111015 0.000004 0.032283 0.141512 0.035442 0.012408 
0.000004 0.363915 0.022373 0.000004 0.000001 0.073782 0.082969 0.456953 
0.299822 0.331085 0.000000 0.000004 0.000001 0.213336 0.155752 0.000000 
0.034271 0.003880 0.374349 0.000004 0.027528 0.104647 0.455321 0.000000 
0.028720 0.000125 0.000000 0.000005 0.441280 0.107808 0.422062 0.000000 
0.098162 0.027271 0.000000 0.000004 0.022957 0.103638 0.692741 0.055227 
0.054555 0.053252 0.233391 0.086053 0.032571 0.469016 0.031200 0.039962 
0.000004 0.029806 0.150981 0.415770 0.303923 0.099404 0.000111 0.000000 
0.000004 0.137060 0.000000 0.000004 0.125036 0.131263 0.062867 0.543766 
0.032963 0.008913 0.036227 0.000004 0.000001 0.073378 0.450743 0.397770 
0.049520 0.108351 0.774645 0.000003 0.061559 0.005859 0.000063 0.000000 
0.129852 0.280675 0.033825 0.057246 0.000001 0.462127 0.036273 0.000000 
0.229581 0.627163 0.000000 0.037747 0.000001 0.045936 0.059572 0.000001 
0.010933 0.031617 0.000000 0.137199 0.000001 0.677745 0.142504 0.000000 
0.000004 0.188016 0.121095 0.017057 0.004023 0.056129 0.004877 0.608798 
0.000004 0.025152 0.000000 0.258961 0.000001 0.353474 0.362408 0.000000 
0.000005 0.066131 0.000000 0.000004 0.000001 0.633678 0.300181 0.000001 
0.044774 0.017254 0.144100 0.018044 0.000001 0.756903 0.018924 0.000000 
0.000004 0.012905 0.000000 0.719215 0.000001 0.215172 0.052702 0.000000 
0.000005 0.020201 0.000000 0.000004 0.000001 0.015741 0.017630 0.946417 
0.000004 0.596124 0.000000 0.056766 0.000001 0.164827 0.182278 0.000001 
0.387891 0.295926 0.000000 0.109927 0.000001 0.026528 0.000110 0.179616 
0.016527 0.016085 0.460409 0.000004 0.029909 0.131256 0.345810 0.000000 
0.404911 0.371916 0.000000 0.000004 0.000001 0.014993 0.000117 0.208059 
0.031280 0.020653 0.000000 0.035900 0.000001 0.202309 0.051217 0.658640 
0.000004 0.761064 0.000000 0.067885 0.028574 0.109781 0.032691 0.000000 
0.000004 0.036450 0.021019 0.927786 0.000001 0.014669 0.000070 0.000000 
0.000004 0.051356 0.027429 0.000003 0.000001 0.702349 0.218857 0.000001 
0.040739 0.013138 0.000000 0.113127 0.000001 0.111553 0.721441 0.000000 
0.000004 0.028390 0.513016 0.009408 0.063761 0.057110 0.310560 0.017749 
0.000005 0.115544 0.000000 0.000003 0.663229 0.120148 0.092793 0.008277 
0.000004 0.031113 0.000000 0.000004 0.000001 0.121239 0.000104 0.847536 
0.000004 0.004228 0.000000 0.679506 0.166131 0.118037 0.032094 0.000000 
0.068519 0.000121 0.000000 0.139908 0.000001 0.791323 0.000127 0.000001 
0.045036 0.207502 0.000000 0.036467 0.067121 0.557251 0.086621 0.000000 
0.064062 0.000101 0.000000 0.000004 0.043326 0.795642 0.066860 0.030005 
0.079497 0.000129 0.000000 0.000004 0.000001 0.047920 0.744083 0.128366 
0.000003 0.038309 0.000000 0.000004 0.000001 0.383042 0.162818 0.415823 
0.000004 0.000143 0.000000 0.000004 0.735273 0.212671 0.051903 0.000000 
0.000004 0.040378 0.000000 0.000003 0.044443 0.590219 0.324952 0.000000 
0.000004 0.417919 0.000000 0.005889 0.000001 0.297705 0.278480 0.000001 
0.000004 0.154877 0.199340 0.148512 0.000001 0.109761 0.273530 0.113975 
0.000004 0.016850 0.111189 0.503022 0.200875 0.033528 0.098136 0.036396 
0.000004 0.069633 0.000000 0.694353 0.000001 0.235892 0.000116 0.000000 
0.063260 0.025454 0.039204 0.022081 0.000001 0.140912 0.709088 0.000000 
0.117960 0.051991 0.000000 0.021425 0.000001 0.474941 0.013690 0.319992 
0.065317 0.348260 0.000000 0.000003 0.412298 0.135530 0.021536 0.017055 
0.049600 0.084874 0.000000 0.000004 0.000001 0.042446 0.168156 0.654919 
0.024372 0.007062 0.062544 0.014765 0.457136 0.208057 0.108232 0.117832 
0.000004 0.287169 0.529346 0.049275 0.071640 0.001508 0.061056 0.000001 
0.000003 0.062165 0.000000 0.000003 0.000001 0.674053 0.224074 0.039701 
0.501716 0.379769 0.000000 0.000003 0.000001 0.040762 0.077747 0.000000 
0.000003 0.013957 0.000000 0.609650 0.000001 0.222820 0.101959 0.051610 
0.000004 0.030206 0.471403 0.415205 0.014456 0.045590 0.000087 0.023049 
0.000005 0.338912 0.000000 0.372315 0.028707 0.103259 0.063048 0.093754 
0.000005 0.094745 0.122227 0.000004 0.211978 0.114782 0.313830 0.142430 
0.030677 0.030979 0.000000 0.000003 0.719515 0.173157 0.017051 0.028619 
0.097930 0.012078 0.000000 0.344323 0.026314 0.412155 0.010228 0.096972 
0.000004 0.343329 0.000000 0.047244 0.380907 0.195823 0.032693 0.000000 
0.107379 0.028923 0.000000 0.045563 0.161657 0.564338 0.092141 0.000000 
0.037037 0.000125 0.015828 0.024407 0.000001 0.873841 0.048761 0.000000 
0.046429 0.000121 0.000000 0.157797 0.179841 0.353859 0.261952 0.000000 
0.000004 0.572295 0.000000 0.006038 0.188482 0.102523 0.070654 0.060004 
0.000004 0.278457 0.000000 0.031978 0.197732 0.190967 0.300860 0.000001 
0.000005 0.029299 0.000000 0.000004 0.000001 0.253150 0.120308 0.597232 
0.055518 0.062653 0.000000 0.681856 0.000001 0.166714 0.033257 0.000000 
0.000003 0.000073 0.000000 0.941208 0.000001 0.040384 0.018330 0.000000 
0.046036 0.172590 0.342883 0.000004 0.079870 0.323109 0.000115 0.035393 
0.000004 0.031789 0.334759 0.000004 0.327398 0.049831 0.063528 0.192686 
0.000004 0.559091 0.051547 0.032936 0.075282 0.220917 0.054707 0.005515 
0.045791 0.000156 0.047965 0.373548 0.087711 0.096258 0.348571 0.000000 
0.052765 0.051506 0.000000 0.409683 0.327044 0.083236 0.058348 0.017417 
0.037222 0.000196 0.000000 0.000005 0.115331 0.800734 0.046512 0.000001 
0.000004 0.000132 0.000000 0.016639 0.755765 0.190114 0.000100 0.037246 
0.029528 0.641779 0.057328 0.000004 0.000001 0.211623 0.037401 0.022337 
0.000003 0.040623 0.000000 0.000003 0.238538 0.488444 0.232388 0.000000 
0.000005 0.000070 0.035570 0.739717 0.051937 0.075657 0.097042 0.000001 
0.430544 0.460506 0.020902 0.000003 0.069634 0.018316 0.000095 0.000001 
0.000004 0.103494 0.423899 0.038056 0.102105 0.078126 0.254315 0.000000 
0.000003 0.038080 0.739445 0.026885 0.016546 0.004669 0.000077 0.174296 
0.565657 0.428148 0.000000 0.000003 0.004913 0.001202 0.000077 0.000000 
0.073100 0.050933 0.457191 0.000004 0.127373 0.235221 0.039855 0.016322 
0.099679 0.022201 0.000000 0.151208 0.032784 0.663553 0.018716 0.011859 
0.068527 0.000079 0.000000 0.000005 0.000001 0.034716 0.896672 0.000001 
0.073096 0.111241 0.000000 0.000004 0.000002 0.045213 0.024620 0.745825 
0.000004 0.438922 0.021673 0.000004 0.353091 0.159489 0.026817 0.000001 
0.000004 0.037655 0.247677 0.637950 0.010426 0.001225 0.010446 0.054616 
0.000004 0.201956 0.000000 0.066264 0.000001 0.251961 0.196917 0.282896 
0.000003 0.000133 0.000000 0.021427 0.667715 0.168711 0.020296 0.121715 
0.041682 0.017454 0.000000 0.070500 0.000001 0.352681 0.014180 0.503502 
0.034921 0.041937 0.000000 0.023751 0.000001 0.329427 0.498346 0.071617 
0.053711 0.129287 0.000000 0.000004 0.000001 0.094835 0.000114 0.722049 
0.103223 0.016418 0.000000 0.457561 0.000001 0.060126 0.055291 0.307380 
0.000003 0.000067 0.000000 0.502626 0.000001 0.012352 0.003705 0.481245 
0.000004 0.074824 0.747801 0.000004 0.033762 0.143496 0.000109 0.000000 
0.038676 0.000091 0.000000 0.000005 0.019908 0.090583 0.839032 0.011704 
0.043337 0.000131 0.000000 0.060252 0.000001 0.124906 0.043989 0.727383 
0.027966 0.280188 0.458363 0.006626 0.039497 0.061255 0.030953 0.095152 
0.064650 0.000166 0.000000 0.000004 0.000001 0.424958 0.496484 0.013737 
0.000004 0.011398 0.030604 0.000004 0.703390 0.254514 0.000084 0.000001 
0.080173 0.000161 0.000000 0.012921 0.000001 0.733409 0.084778 0.088558 
0.049431 0.037919 0.000000 0.000004 0.087852 0.090682 0.152307 0.581805 
0.072447 0.000149 0.025596 0.019667 0.000001 0.377220 0.004475 0.500446 
0.000003 0.000182 0.150524 0.000004 0.016031 0.001417 0.000089 0.831749 
0.000004 0.000192 0.000000 0.745721 0.153705 0.100277 0.000100 0.000000 
0.000004 0.000161 0.000000 0.000004 0.779096 0.220644 0.000090 0.000000 
0.095285 0.026422 0.000000 0.093362 0.166240 0.618555 0.000135 0.000001 
0.000005 0.017815 0.000000 0.000004 0.165477 0.451988 0.110883 0.253829 
0.078685 0.040795 0.000000 0.015757 0.080002 0.599293 0.185467 0.000000 
0.469330 0.322655 0.000000 0.179321 0.000002 0.028567 0.000124 0.000000 
0.455601 0.433951 0.000000 0.000004 0.000001 0.059388 0.051054 0.000000 
0.000004 0.524812 0.321802 0.000004 0.024700 0.042816 0.061812 0.024049 
0.000005 0.000076 0.000000 0.846279 0.000001 0.002787 0.027597 0.123256 
0.021319 0.008560 0.578715 0.048574 0.048914 0.048191 0.225985 0.019741 
0.471485 0.202690 0.033382 0.000004 0.000001 0.275062 0.000103 0.017274 
0.548103 0.380873 0.044870 0.011189 0.008528 0.001057 0.005380 0.000000 
0.101127 0.082399 0.429777 0.000003 0.013997 0.147088 0.200358 0.025250 
0.000005 0.015284 0.050045 0.760821 0.000001 0.120136 0.053709 0.000000 
0.000004 0.071526 0.169062 0.000004 0.437720 0.263104 0.058578 0.000001 
0.101631 0.072802 0.000000 0.076205 0.055501 0.654997 0.038864 0.000000 
0.059008 0.000090 0.000000 0.000004 0.090839 0.135276 0.714783 0.000001 
0.100066 0.010599 0.141701 0.013064 0.144068 0.566231 0.024270 0.000000 
0.518633 0.427827 0.000000 0.033681 0.000001 0.003889 0.015969 0.000001 
0.043627 0.114628 0.599629 0.046219 0.068877 0.126905 0.000114 0.000000 
0.195666 0.540123 0.000000 0.030623 0.108911 0.124557 0.000118 0.000000 
0.030491 0.018267 0.000000 0.000004 0.000001 0.318006 0.597896 0.035335 
0.056362 0.270068 0.000000 0.025869 0.000001 0.118118 0.529581 0.000001 
0.075445 0.201487 0.000000 0.023475 0.072522 0.580037 0.047033 0.000000 
0.000004 0.481015 0.049211 0.000004 0.000001 0.358180 0.111585 0.000000 
0.000003 0.000080 0.000000 0.000004 0.026559 0.162410 0.056323 0.754621 
0.047235 0.693637 0.000000 0.034058 0.000001 0.137883 0.000103 0.087083 
0.000003 0.000287 0.000000 0.757188 0.000001 0.027407 0.215114 0.000000 
0.000004 0.077888 0.400450 0.127173 0.000001 0.262437 0.132045 0.000000 
0.008353 0.013630 0.018228 0.668660 0.000001 0.252640 0.038488 0.000000 
0.103046 0.119976 0.000000 0.091272 0.000001 0.583182 0.102522 0.000000 
0.034659 0.020823 0.420536 0.000005 0.000001 0.106673 0.417303 0.000001 
0.000004 0.712340 0.000000 0.059777 0.008356 0.104585 0.017377 0.097560 
0.049111 0.007927 0.000000 0.444177 0.000001 0.067161 0.431622 0.000001 
0.000005 0.000089 0.000000 0.000004 0.004065 0.001013 0.000098 0.994726 
0.046305 0.016415 0.000000 0.049647 0.000001 0.083220 0.243020 0.561392 
0.032016 0.561395 0.000000 0.052286 0.000001 0.271187 0.083114 0.000000 
0.185101 0.168289 0.000000 0.000004 0.504481 0.118918 0.000109 0.023097 
0.000004 0.100950 0.852312 0.000004 0.000001 0.046641 0.000088 0.000000 
0.062107 0.011047 0.000000 0.000003 0.641319 0.285411 0.000112 0.000001 
0.000005 0.009453 0.033867 0.883040 0.000001 0.040939 0.000103 0.032592 
0.073280 0.031078 0.014765 0.036372 0.143711 0.588086 0.112709 0.000000 
0.000003 0.000071 0.000000 0.993280 0.000001 0.000926 0.005719 0.000000 
0.000004 0.159361 0.000000 0.049194 0.504316 0.161565 0.125559 0.000000 
0.254014 0.568802 0.014098 0.014541 0.000001 0.148433 0.000110 0.000001 
0.018802 0.014001 0.130467 0.000005 0.492139 0.311608 0.032977 0.000000 
0.015884 0.062817 0.000000 0.000004 0.000001 0.572414 0.320386 0.028495 
0.000004 0.755501 0.010139 0.054789 0.030451 0.056518 0.092597 0.000000 
0.000004 0.536794 0.329209 0.022389 0.000001 0.071534 0.040069 0.000000 
0.000004 0.047917 0.889927 0.000004 0.051176 0.010880 0.000093 0.000000 
0.000005 0.041768 0.114477 0.108815 0.011345 0.635144 0.064039 0.024408 
0.000005 0.068700 0.142382 0.492377 0.038343 0.013441 0.138988 0.105765 
0.051166 0.000164 0.000000 0.000004 0.145332 0.443494 0.359839 0.000001 
0.000003 0.022407 0.665461 0.000004 0.041230 0.017306 0.084959 0.168629 
0.360663 0.377557 0.000000 0.000004 0.000001 0.008469 0.253305 0.000000 
0.084212 0.088215 0.227481 0.000005 0.008593 0.531971 0.059523 0.000001 
0.125124 0.029917 0.000000 0.063789 0.018400 0.456857 0.292881 0.013030 
0.295614 0.171524 0.000000 0.000004 0.000001 0.008429 0.524428 0.000001 
0.000004 0.361468 0.116832 0.017382 0.000001 0.381734 0.098254 0.024325 
0.000005 0.000089 0.000000 0.903830 0.000001 0.032262 0.039124 0.024689 
0.000004 0.489552 0.322408 0.021854 0.018671 0.059087 0.088424 0.000001 
0.030814 0.015823 0.000000 0.033824 0.000001 0.154581 0.000113 0.764845 
0.088093 0.014973 0.000000 0.025929 0.000001 0.289747 0.528370 0.052886 
0.033300 0.021345 0.089540 0.000005 0.280297 0.226884 0.348629 0.000000 
0.054520 0.000108 0.000000 0.000004 0.000001 0.115689 0.781167 0.048511 
0.000004 0.333423 0.000000 0.123095 0.022796 0.176046 0.344636 0.000001 
0.091123 0.018647 0.025146 0.043249 0.068193 0.539615 0.214026 0.000000 
0.095479 0.250647 0.000000 0.073206 0.091635 0.391024 0.000102 0.097906 
0.000004 0.045357 0.000000 0.476972 0.000001 0.356541 0.121124 0.000000 
0.000004 0.021558 0.249160 0.522547 0.000001 0.146847 0.009183 0.050699 
0.000003 0.026460 0.000000 0.033569 0.000001 0.237781 0.052330 0.649855 
0.018930 0.000170 0.000000 0.048543 0.000001 0.027495 0.311211 0.593650 
0.000004 0.033090 0.850383 0.015462 0.036381 0.042729 0.000098 0.021852 
0.540820 0.446487 0.000000 0.000004 0.000001 0.003888 0.000091 0.008709 
0.062561 0.018131 0.000000 0.000004 0.000001 0.500191 0.206306 0.212807 
0.366852 0.365238 0.000000 0.007291 0.000001 0.022613 0.238004 0.000000 
0.317768 0.270250 0.000000 0.029757 0.000001 0.255690 0.126534 0.000001 
0.014671 0.433290 0.000000 0.015545 0.000001 0.057864 0.371555 0.107074 
0.035986 0.066174 0.092444 0.000004 0.583098 0.197524 0.024770 0.000000 
0.000004 0.233915 0.238520 0.000004 0.032579 0.049947 0.041449 0.403582 
0.000003 0.040606 0.045180 0.431094 0.000001 0.282660 0.185542 0.014914 
0.000005 0.098896 0.108376 0.664128 0.007018 0.076994 0.000104 0.044480 
0.059458 0.009358 0.000000 0.029613 0.063138 0.774986 0.063446 0.000000 
0.116026 0.034126 0.000000 0.202136 0.132864 0.448996 0.050989 0.014864 
0.486160 0.495561 0.000000 0.000003 0.016867 0.001326 0.000082 0.000000 
0.000004 0.076882 0.412446 0.000004 0.226497 0.260708 0.023458 0.000000 
0.000002 0.000094 0.015337 0.000004 0.000001 0.000967 0.000052 0.983543 
0.018750 0.012019 0.229213 0.000004 0.000001 0.655049 0.084964 0.000001 
0.025811 0.031680 0.062175 0.544305 0.000001 0.276182 0.059846 0.000000 
0.128164 0.000136 0.027934 0.000005 0.475374 0.298899 0.069488 0.000001 
0.000005 0.051524 0.614201 0.000004 0.026840 0.042491 0.244241 0.020696 
0.000004 0.022947 0.781197 0.047822 0.055408 0.076532 0.016090 0.000000 
0.026088 0.051428 0.000000 0.218149 0.000001 0.078832 0.625502 0.000000 
0.000004 0.704509 0.000000 0.106542 0.034287 0.116225 0.020845 0.017587 
0.035812 0.034510 0.000000 0.000005 0.698891 0.230693 0.000088 0.000001 
0.000004 0.068860 0.484915 0.000004 0.025388 0.003609 0.017483 0.399737 
0.046908 0.770365 0.000000 0.000004 0.000001 0.182578 0.000143 0.000001 
0.044940 0.000159 0.154661 0.000005 0.000001 0.742501 0.057733 0.000000 
0.135677 0.038024 0.000000 0.067126 0.052773 0.604601 0.101798 0.000000 
0.060508 0.000082 0.000000 0.000005 0.000001 0.814284 0.102007 0.023113 
0.022409 0.000101 0.000000 0.337962 0.165480 0.320245 0.153802 0.000000 
0.055291 0.067827 0.000000 0.000004 0.414371 0.253280 0.209226 0.000000 
0.000004 0.060077 0.376212 0.102443 0.031171 0.326037 0.076892 0.027164 
0.000003 0.000076 0.007551 0.971696 0.000001 0.020620 0.000053 0.000001 
0.051432 0.554539 0.000000 0.041552 0.041344 0.251946 0.059186 0.000000 
0.000004 0.037577 0.000000 0.154661 0.000001 0.555719 0.252038 0.000000 
0.000004 0.063207 0.273490 0.038306 0.061728 0.331342 0.157937 0.073985 
0.000004 0.030197 0.486255 0.000004 0.106411 0.364379 0.012749 0.000000 
0.031677 0.000127 0.000000 0.023045 0.000001 0.596270 0.066009 0.282871 
0.000004 0.037170 0.000000 0.000004 0.064202 0.637522 0.200088 0.061009 
0.000004 0.109623 0.086682 0.000004 0.000001 0.543250 0.243933 0.016504 
0.000003 0.008357 0.572783 0.310813 0.017229 0.019158 0.022211 0.049445 
0.195888 0.165361 0.000000 0.029280 0.075228 0.408999 0.052320 0.072925 
0.091081 0.138133 0.169437 0.012628 0.012044 0.444342 0.104082 0.028253 
0.055059 0.041250 0.077961 0.000004 0.000001 0.121885 0.703840 0.000001 
0.000004 0.091213 0.000000 0.000004 0.000001 0.311831 0.498217 0.098729 
0.039332 0.000109 0.000000 0.011033 0.000001 0.846481 0.103043 0.000000 
0.064728 0.149446 0.000000 0.304673 0.083064 0.363350 0.014293 0.020446 
0.017874 0.004786 0.027377 0.000004 0.000001 0.033900 0.295493 0.620565 
0.030290 0.000136 0.099741 0.000004 0.311949 0.434020 0.074091 0.049769 
0.084202 0.238855 0.227813 0.003750 0.055995 0.374086 0.015299 0.000000 
0.538963 0.393681 0.000000 0.016256 0.016559 0.009709 0.024832 0.000000 
0.000004 0.815815 0.000000 0.000004 0.012145 0.155123 0.000090 0.016819 
0.000004 0.603710 0.177257 0.026256 0.028834 0.097896 0.066042 0.000000 
0.000003 0.012763 0.171000 0.680036 0.000001 0.105371 0.030825 0.000000 
0.074285 0.273441 0.000000 0.052094 0.068738 0.468665 0.062776 0.000001 
0.095261 0.418304 0.199410 0.000004 0.043227 0.178400 0.037994 0.027401 
0.036461 0.261275 0.000000 0.007759 0.000001 0.079237 0.000102 0.615163 
0.000004 0.467748 0.336796 0.026061 0.087262 0.043218 0.016544 0.022366 
0.000004 0.000061 0.000000 0.990071 0.000001 0.003834 0.006028 0.000000 
0.000004 0.332200 0.245167 0.012236 0.015210 0.300779 0.075909 0.018494 
0.106533 0.632794 0.085513 0.017724 0.000001 0.157317 0.000117 0.000000 
0.052717 0.121933 0.045564 0.018509 0.021892 0.096944 0.632165 0.010276 
0.000005 0.009652 0.000000 0.000003 0.667968 0.294973 0.000102 0.027297 
0.039759 0.006069 0.043218 0.000004 0.000001 0.088428 0.814519 0.008003 
0.033103 0.210312 0.000000 0.076027 0.504445 0.164732 0.011380 0.000000 
