-970668.708881
0
0.000969 0.000439 0.000000 0.008361 0.000209 0.000188 0.000000 0.000000 0.000003 0.003473 0.013929 0.004409 0.000000 0.000000 0.000000 0.001834 0.002875 0.005422 0.002209 0.005172 0.001001 0.004050 0.001443 0.017145 0.002697 0.000660 0.000895 0.013234 0.000000 0.000000 0.000000 0.000000 0.001325 0.002657 0.011880 0.004881 0.000000 0.000162 0.000323 0.000654 0.000889 0.001851 0.001258 0.002495 0.003877 0.001126 0.003441 0.023797 0.001739 0.001274 0.000000 0.007748 0.000000 0.000108 0.000000 0.000000 0.000002 0.013357 0.027812 0.014020 0.000000 0.000000 0.000000 0.000182 0.007085 0.010744 0.005840 0.013760 0.000000 0.001933 0.000698 0.003712 0.037319 0.010582 0.003720 0.296724 0.000000 0.000000 0.000000 0.000000 0.002039 0.020511 0.207127 0.035873 0.000000 0.000359 0.000000 0.003524 0.002645 0.010122 0.006950 0.011206 0.008906 0.009532 0.001959 0.069655 
0.000360 0.000552 0.000000 0.000089 0.000000 0.000000 0.000000 0.000386 0.002992 0.011548 0.001478 0.003529 0.000000 0.000560 0.000720 0.001940 0.001338 0.000001 0.000511 0.001115 0.000000 0.000000 0.000407 0.000001 0.000472 0.000001 0.000000 0.000308 0.000000 0.000211 0.000226 0.000144 0.049015 0.058192 0.013174 0.047626 0.000000 0.001014 0.000000 0.000832 0.000457 0.000879 0.000196 0.002447 0.000138 0.000206 0.000390 0.000002 0.000000 0.000001 0.000000 0.000001 0.000000 0.000000 0.000000 0.000000 0.002904 0.012834 0.000005 0.010635 0.000000 0.000000 0.000000 0.000821 0.000001 0.000001 0.000001 0.004812 0.000000 0.000000 0.000786 0.000249 0.006468 0.003731 0.001138 0.005227 0.017077 0.000000 0.000649 0.030397 0.262132 0.195309 0.075901 0.155596 0.000212 0.000697 0.000511 0.002982 0.000929 0.000843 0.001034 0.001061 0.000000 0.000492 0.000590 0.000517 
0.027569 0.023442 0.006506 0.020820 0.012470 0.007081 0.002438 0.010371 0.015909 0.007365 0.005794 0.013629 0.010752 0.007543 0.010318 0.013230 0.019092 0.007637 0.013968 0.019609 0.007767 0.001472 0.005757 0.005637 0.026687 0.028045 0.003387 0.025283 0.009634 0.008403 0.002775 0.011464 0.013880 0.009044 0.004576 0.016760 0.008068 0.010487 0.018290 0.015381 0.008913 0.009756 0.010965 0.014088 0.004455 0.003546 0.008279 0.011319 0.022190 0.018898 0.007348 0.018111 0.005765 0.007169 0.002015 0.008050 0.008361 0.006312 0.003331 0.009600 0.007162 0.006064 0.009685 0.008588 0.008770 0.006579 0.006803 0.008049 0.002472 0.001255 0.006669 0.005306 0.025096 0.025899 0.004176 0.027836 0.006000 0.009444 0.001709 0.011443 0.004958 0.006222 0.000335 0.008087 0.011799 0.007996 0.009264 0.014753 0.009100 0.008798 0.005760 0.013326 0.010159 0.003901 0.006658 0.013070 
0.003414 0.004131 0.000609 0.001939 0.000622 0.001093 0.000000 0.001659 0.032989 0.017147 0.156121 0.014639 0.001879 0.002449 0.000402 0.006449 0.010990 0.006622 0.018885 0.005575 0.000375 0.002263 0.000707 0.002431 0.006556 0.013646 0.005194 0.030094 0.000000 0.000000 0.000000 0.000000 0.014081 0.014904 0.106012 0.011585 0.000000 0.001794 0.000000 0.000859 0.005742 0.004221 0.017972 0.005049 0.000000 0.003371 0.003250 0.005489 0.003477 0.005336 0.001107 0.005472 0.000000 0.002714 0.000000 0.000666 0.049283 0.053128 0.129537 0.038149 0.000000 0.001542 0.000000 0.002041 0.012685 0.005975 0.009209 0.007850 0.000000 0.000882 0.000529 0.002410 0.003149 0.004496 0.001152 0.005114 0.000000 0.000318 0.000000 0.000000 0.003802 0.007833 0.056019 0.004292 0.001721 0.000643 0.000000 0.001177 0.008423 0.003996 0.010474 0.004372 0.000687 0.001753 0.000990 0.004387 
0.024444 0.000062 0.917995 0.057500 
0.156943 0.047166 0.359750 0.436141 
0.012104 0.962181 0.004234 0.021481 
0.000002 0.160804 0.814301 0.024893 
0.000002 0.414666 0.585288 0.000045 
0.000001 0.012906 0.987057 0.000036 
0.179135 0.017115 0.602855 0.200895 
0.029766 0.133108 0.823463 0.013663 
0.000001 0.998599 0.001379 0.000021 
0.029727 0.040469 0.273489 0.656315 
0.000002 0.001068 0.962377 0.036553 
0.000002 0.000081 0.534395 0.465522 
0.249085 0.168970 0.515242 0.066703 
0.000002 0.284236 0.631281 0.084482 
0.000002 0.031235 0.834277 0.134487 
0.024287 0.553101 0.422567 0.000045 
0.052449 0.087199 0.627159 0.233193 
0.000002 0.048908 0.599619 0.351471 
0.029999 0.070423 0.810963 0.088615 
0.073996 0.750924 0.075535 0.099545 
0.000002 0.298933 0.640136 0.060929 
0.000002 0.031974 0.178021 0.790003 
0.000002 0.257943 0.727020 0.015036 
0.000001 0.041019 0.851540 0.107439 
0.000002 0.843627 0.156325 0.000047 
0.050729 0.032827 0.347832 0.568612 
0.344328 0.184502 0.471128 0.000042 
0.000002 0.560414 0.352970 0.086614 
0.018908 0.010544 0.947562 0.022985 
0.000002 0.038592 0.602200 0.359206 
0.014650 0.493137 0.402512 0.089701 
0.000002 0.026539 0.913043 0.060417 
0.000002 0.262423 0.573502 0.164074 
0.262254 0.172435 0.101025 0.464287 
0.000002 0.851162 0.148800 0.000036 
0.227101 0.000157 0.743076 0.029666 
0.594537 0.264918 0.140503 0.000043 
0.010887 0.809253 0.094367 0.085493 
0.499505 0.047014 0.416045 0.037436 
0.000001 0.028781 0.944202 0.027016 
0.646579 0.033659 0.095960 0.223802 
0.000002 0.029813 0.913766 0.056420 
0.146661 0.020603 0.804789 0.027946 
0.000002 0.057850 0.447971 0.494177 
0.000002 0.521220 0.478724 0.000054 
0.025219 0.349587 0.587248 0.037946 
0.067352 0.006172 0.812726 0.113751 
0.156069 0.000090 0.819809 0.024031 
0.000002 0.146886 0.601316 0.251796 
0.841842 0.095016 0.063101 0.000041 
0.017869 0.224695 0.428549 0.328888 
0.000002 0.550590 0.449365 0.000043 
0.000002 0.625099 0.374872 0.000027 
0.024151 0.540031 0.117017 0.318800 
0.000002 0.173640 0.510003 0.316356 
0.139188 0.235088 0.625687 0.000037 
0.022407 0.976736 0.000809 0.000048 
0.000002 0.958309 0.041668 0.000022 
0.000002 0.068250 0.714916 0.216832 
0.118493 0.041074 0.680926 0.159507 
0.000002 0.038332 0.579306 0.382360 
0.502725 0.068279 0.010878 0.418117 
0.937415 0.014433 0.048118 0.000033 
0.065445 0.666021 0.253699 0.014835 
0.292167 0.179757 0.528034 0.000042 
0.954314 0.000187 0.045464 0.000035 
0.000002 0.127754 0.040542 0.831703 
0.000001 0.954012 0.045953 0.000034 
0.219149 0.082719 0.653743 0.044389 
0.161003 0.000152 0.787619 0.051226 
0.013657 0.890721 0.092527 0.003096 
0.028991 0.043127 0.181420 0.746461 
0.000002 0.012516 0.906920 0.080562 
0.000002 0.440600 0.028676 0.530722 
0.000001 0.856085 0.143887 0.000027 
0.160716 0.120704 0.718531 0.000048 
0.000002 0.035982 0.451344 0.512672 
0.649900 0.249792 0.100269 0.000039 
0.437035 0.047178 0.107517 0.408270 
0.388351 0.091940 0.237833 0.281875 
0.251476 0.016156 0.664631 0.067737 
0.852420 0.011698 0.024814 0.111068 
0.035066 0.013398 0.951500 0.000036 
0.450586 0.120200 0.429177 0.000037 
0.052048 0.903389 0.044527 0.000036 
0.612456 0.000104 0.006139 0.381301 
0.103785 0.520293 0.210800 0.165122 
0.076571 0.026851 0.185277 0.711302 
0.540464 0.013593 0.100818 0.345125 
0.036946 0.300696 0.662315 0.000043 
0.000001 0.971945 0.028021 0.000033 
0.045565 0.041456 0.174983 0.737995 
0.017249 0.076109 0.334867 0.571774 
0.040505 0.060491 0.862922 0.036081 
0.000001 0.000045 0.999910 0.000043 
0.000002 0.061926 0.938025 0.000048 
0.000002 0.993108 0.006854 0.000036 
0.016196 0.016711 0.895037 0.072056 
0.021377 0.038611 0.134303 0.805710 
0.012607 0.153081 0.776884 0.057428 
0.000002 0.199349 0.800617 0.000032 
0.065469 0.012344 0.878027 0.044160 
0.000002 0.000108 0.956724 0.043166 
0.015283 0.883049 0.020183 0.081485 
0.000002 0.032774 0.836923 0.130301 
0.000001 0.012642 0.934139 0.053217 
0.000002 0.027953 0.230099 0.741947 
0.025383 0.068258 0.857323 0.049037 
0.070508 0.190892 0.723609 0.014991 
0.000002 0.086529 0.682017 0.231452 
0.948031 0.036855 0.001464 0.013649 
0.063506 0.197945 0.247399 0.491150 
0.000002 0.105299 0.894655 0.000044 
0.143758 0.483945 0.341219 0.031078 
0.000001 0.118697 0.824087 0.057215 
0.997101 0.000162 0.002701 0.000036 
0.082051 0.000126 0.858511 0.059312 
0.614668 0.029536 0.034558 0.321238 
0.000002 0.331242 0.619437 0.049320 
0.000002 0.273778 0.698145 0.028075 
0.511534 0.307048 0.033839 0.147579 
0.000001 0.047802 0.952155 0.000041 
0.000002 0.050632 0.038921 0.910444 
0.000001 0.094996 0.571057 0.333945 
0.125662 0.027492 0.087129 0.759718 
0.032346 0.000092 0.554894 0.412668 
0.064038 0.260751 0.617134 0.058077 
0.000002 0.073603 0.744748 0.181647 
0.148286 0.026406 0.764591 0.060717 
0.028018 0.047571 0.180352 0.744058 
0.000002 0.063211 0.838746 0.098041 
0.018622 0.005441 0.527266 0.448671 
0.000002 0.014263 0.982803 0.002931 
0.011276 0.826509 0.162163 0.000053 
0.000002 0.065941 0.871201 0.062856 
0.885465 0.017365 0.097122 0.000047 
0.000001 0.000159 0.031507 0.968332 
0.000001 0.066650 0.933320 0.000029 
0.064958 0.030362 0.904639 0.000041 
0.513494 0.017307 0.355057 0.114142 
0.025013 0.126904 0.718713 0.129370 
0.000002 0.177762 0.735368 0.086869 
0.000001 0.085940 0.914016 0.000042 
0.013442 0.256376 0.125163 0.605020 
0.025833 0.140923 0.250161 0.583083 
0.030602 0.000214 0.922535 0.046650 
0.175838 0.000166 0.802271 0.021725 
0.000002 0.047341 0.088135 0.864522 
0.000002 0.204333 0.734453 0.061213 
0.990831 0.007050 0.002077 0.000042 
0.018286 0.037322 0.944356 0.000036 
0.000002 0.979911 0.020038 0.000049 
0.046113 0.301794 0.077701 0.574391 
0.120751 0.000142 0.872802 0.006305 
0.493253 0.000177 0.506533 0.000037 
0.000002 0.445599 0.498541 0.055858 
0.112246 0.005146 0.882584 0.000024 
0.045767 0.189218 0.166370 0.598645 
0.000002 0.002393 0.939544 0.058061 
0.000002 0.045701 0.842225 0.112072 
0.021777 0.017499 0.001531 0.959193 
0.016271 0.629514 0.312087 0.042128 
0.000002 0.071985 0.927981 0.000033 
0.000002 0.000105 0.448997 0.550896 
0.118417 0.000157 0.834081 0.047346 
0.855863 0.133068 0.011032 0.000038 
0.000001 0.846763 0.049732 0.103504 
0.258672 0.007140 0.679882 0.054307 
0.869933 0.108648 0.021375 0.000045 
0.000002 0.017427 0.696920 0.285651 
0.000002 0.594678 0.386633 0.018687 
0.277157 0.067267 0.627578 0.027999 
0.030680 0.056879 0.297995 0.614446 
0.027083 0.336586 0.531361 0.104969 
0.269039 0.000127 0.591172 0.139662 
0.857718 0.000120 0.122649 0.019513 
0.000002 0.000562 0.977183 0.022253 
0.571133 0.012691 0.362638 0.053537 
0.000001 0.026023 0.061438 0.912538 
0.040194 0.236806 0.675511 0.047489 
0.000002 0.505243 0.490016 0.004739 
0.576926 0.019761 0.403272 0.000041 
0.000002 0.448008 0.548896 0.003094 
0.000002 0.028875 0.857743 0.113380 
0.000002 0.181793 0.664645 0.153560 
0.000002 0.079978 0.286109 0.633911 
0.203834 0.000115 0.764817 0.031234 
0.000002 0.034416 0.926617 0.038965 
0.059147 0.693723 0.119470 0.127660 
0.911686 0.022897 0.065378 0.000039 
0.422444 0.333093 0.244421 0.000042 
0.000002 0.752275 0.205099 0.042623 
0.000002 0.000193 0.971885 0.027920 
0.000002 0.007549 0.975139 0.017310 
0.000002 0.765057 0.098194 0.136748 
0.323093 0.024666 0.652201 0.000040 
0.008302 0.017514 0.974154 0.000029 
0.757563 0.000114 0.242285 0.000039 
0.000002 0.444382 0.454259 0.101357 
0.033075 0.015661 0.363818 0.587446 
0.725917 0.000112 0.228483 0.045488 
0.000002 0.087879 0.880516 0.031603 
0.021160 0.080036 0.146829 0.751974 
0.000002 0.029108 0.817018 0.153872 
0.000002 0.615369 0.332378 0.052252 
0.018936 0.074498 0.227210 0.679355 
0.000002 0.220592 0.675276 0.104130 
0.018006 0.050100 0.795743 0.136151 
0.208225 0.276242 0.439905 0.075628 
0.000002 0.010160 0.944338 0.045500 
0.000001 0.968727 0.011912 0.019360 
0.000002 0.000064 0.952664 0.047271 
0.152405 0.035201 0.169762 0.642632 
0.033270 0.511459 0.155915 0.299356 
0.000002 0.000182 0.414597 0.585219 
0.391142 0.000118 0.608702 0.000038 
0.053755 0.000129 0.946073 0.000043 
0.000002 0.061038 0.896167 0.042792 
0.253755 0.127690 0.542975 0.075580 
0.286381 0.369806 0.303628 0.040185 
0.000002 0.564403 0.300608 0.134987 
0.000002 0.428606 0.567149 0.004243 
0.869050 0.000067 0.003544 0.127339 
0.037387 0.046093 0.516535 0.399985 
0.008612 0.046084 0.105327 0.839977 
0.000002 0.137717 0.834463 0.027818 
0.130891 0.668182 0.046852 0.154075 
0.000002 0.245146 0.737485 0.017367 
0.000002 0.005260 0.945175 0.049563 
0.153217 0.018275 0.811182 0.017326 
0.000002 0.704572 0.277799 0.017626 
0.000002 0.956081 0.030455 0.013462 
0.045760 0.066112 0.327579 0.560549 
0.000001 0.292832 0.040529 0.666638 
0.479621 0.000103 0.520239 0.000037 
0.000002 0.235009 0.034358 0.730631 
0.000002 0.706765 0.261845 0.031388 
0.025226 0.075922 0.125452 0.773401 
0.016407 0.913732 0.019063 0.050798 
0.032916 0.000175 0.937579 0.029331 
0.000002 0.106275 0.893677 0.000046 
0.548066 0.029948 0.421948 0.000038 
0.115972 0.003282 0.747116 0.133631 
0.000002 0.864840 0.111161 0.023998 
0.073883 0.646447 0.279610 0.000059 
0.000002 0.146615 0.853337 0.000046 
0.000002 0.039165 0.712449 0.248384 
0.000002 0.037487 0.962475 0.000036 
0.000002 0.132440 0.867519 0.000039 
0.000002 0.425693 0.555490 0.018815 
0.120585 0.000121 0.879122 0.000173 
0.000002 0.000114 0.969940 0.029944 
0.000002 0.022856 0.564146 0.412996 
0.208533 0.264942 0.394058 0.132467 
0.212227 0.503340 0.270054 0.014380 
0.000002 0.679862 0.231931 0.088205 
0.046491 0.010486 0.923267 0.019756 
0.000002 0.367115 0.515276 0.117607 
0.117662 0.021793 0.439369 0.421176 
0.000002 0.668262 0.240506 0.091230 
0.159344 0.133051 0.687562 0.020043 
0.613435 0.045039 0.075187 0.266340 
0.000002 0.050496 0.908614 0.040888 
0.000001 0.000148 0.144453 0.855398 
0.000002 0.655731 0.336199 0.008068 
0.521118 0.429556 0.049282 0.000044 
0.000002 0.465699 0.170060 0.364239 
0.169559 0.156564 0.603048 0.070829 
0.104238 0.026637 0.808456 0.060670 
0.000002 0.432928 0.489489 0.077581 
0.112922 0.024262 0.496824 0.365992 
0.000002 0.029413 0.862889 0.107696 
0.000002 0.039348 0.960609 0.000041 
0.000002 0.144366 0.833576 0.022057 
0.064587 0.092147 0.279762 0.563504 
0.064158 0.032225 0.631087 0.272529 
0.000002 0.608322 0.376263 0.015414 
0.000001 0.663828 0.212022 0.124149 
0.000002 0.934627 0.065337 0.000035 
0.392029 0.053168 0.366439 0.188364 
0.477996 0.209467 0.312491 0.000046 
0.099612 0.054588 0.295151 0.550649 
0.076863 0.341945 0.581146 0.000046 
0.082343 0.378260 0.411085 0.128311 
0.000002 0.011831 0.988124 0.000043 
0.145854 0.051013 0.780660 0.022473 
0.081705 0.049312 0.222520 0.646464 
0.040698 0.000075 0.932558 0.026669 
0.042035 0.732059 0.225879 0.000027 
0.052469 0.000150 0.066594 0.880787 
0.487255 0.024844 0.408651 0.079250 
0.772051 0.223598 0.004319 0.000032 
0.000002 0.000101 0.004517 0.995380 
0.520002 0.024097 0.375757 0.080144 
0.000001 0.156261 0.764288 0.079450 
0.000001 0.000154 0.999809 0.000036 
0.014342 0.768783 0.077719 0.139156 
0.146617 0.006801 0.394497 0.452086 
0.278643 0.674170 0.011645 0.035543 
0.000002 0.375160 0.438823 0.186015 
0.157498 0.122349 0.720111 0.000042 
0.000002 0.591864 0.381680 0.026455 
0.000002 0.100203 0.865877 0.033917 
0.000002 0.766649 0.094709 0.138640 
0.000002 0.749913 0.152854 0.097231 
0.000002 0.987192 0.012783 0.000022 
0.813782 0.000106 0.150942 0.035170 
0.000002 0.011329 0.988645 0.000024 
0.000001 0.796517 0.192832 0.010651 
0.508937 0.127807 0.093728 0.269528 
0.000001 0.015618 0.984332 0.000049 
0.167770 0.004411 0.804602 0.023218 
0.000002 0.112456 0.884124 0.003418 
0.000002 0.598210 0.354176 0.047612 
0.000002 0.550882 0.437936 0.011180 
0.161494 0.833912 0.004560 0.000034 
0.066455 0.708789 0.224707 0.000049 
0.067964 0.000142 0.912489 0.019405 
0.000002 0.084023 0.821300 0.094674 
0.000002 0.266608 0.728130 0.005260 
0.000002 0.011879 0.910041 0.078078 
0.000002 0.143368 0.039039 0.817591 
0.000001 0.000120 0.134797 0.865082 
0.362799 0.046704 0.101367 0.489130 
0.000001 0.957712 0.042253 0.000034 
0.615056 0.062603 0.322306 0.000036 
0.000002 0.024197 0.351159 0.624641 
0.048815 0.011442 0.015251 0.924492 
0.454106 0.026450 0.397420 0.122023 
0.051479 0.748353 0.185098 0.015070 
0.287962 0.008478 0.628035 0.075525 
0.000002 0.069092 0.780184 0.150723 
0.000001 0.000127 0.999832 0.000040 
0.176081 0.000183 0.766042 0.057695 
0.000002 0.027666 0.031871 0.940461 
0.681633 0.034124 0.156400 0.127843 
0.043122 0.022691 0.192366 0.741821 
0.000002 0.039958 0.959995 0.000045 
0.000002 0.027650 0.679653 0.292695 
0.000002 0.025170 0.699011 0.275817 
0.075698 0.003599 0.459451 0.461252 
0.000002 0.754870 0.245110 0.000018 
0.029478 0.159728 0.113336 0.697459 
0.000001 0.728766 0.271196 0.000037 
0.438783 0.112307 0.397571 0.051339 
0.017922 0.656055 0.305264 0.020759 
0.000002 0.080071 0.724343 0.195584 
0.430509 0.000189 0.569261 0.000040 
0.000002 0.199114 0.105759 0.695125 
0.000001 0.423986 0.548067 0.027945 
0.019525 0.978240 0.002209 0.000026 
0.000002 0.618625 0.361977 0.019396 
0.000002 0.061977 0.337083 0.600937 
0.110878 0.022450 0.536451 0.330222 
0.936100 0.000131 0.024860 0.038909 
0.074175 0.000132 0.862021 0.063672 
0.035339 0.920990 0.043626 0.000045 
0.029984 0.024218 0.876681 0.069118 
0.000002 0.989959 0.010001 0.000037 
0.107094 0.036484 0.668722 0.187700 
0.027318 0.028699 0.138322 0.805661 
0.259627 0.000125 0.723400 0.016848 
0.000002 0.033460 0.909796 0.056742 
0.054279 0.062855 0.145551 0.737315 
0.362148 0.033231 0.085047 0.519574 
0.981241 0.000112 0.018608 0.000040 
0.125700 0.136401 0.712027 0.025871 
0.168161 0.573917 0.189829 0.068094 
0.000002 0.005792 0.987525 0.006680 
0.699456 0.186304 0.114209 0.000031 
0.000002 0.000145 0.321336 0.678517 
0.241993 0.009750 0.619567 0.128691 
0.000002 0.067741 0.837716 0.094541 
0.000001 0.000124 0.624971 0.374904 
0.137138 0.059464 0.453789 0.349609 
0.000001 0.924322 0.075646 0.000030 
0.376078 0.031271 0.157470 0.435181 
0.000002 0.812033 0.166315 0.021650 
0.000002 0.080615 0.889737 0.029647 
0.131628 0.000116 0.843988 0.024268 
0.000002 0.051475 0.948491 0.000032 
0.026541 0.116646 0.538914 0.317899 
0.028302 0.033510 0.879854 0.058334 
0.000002 0.184900 0.470119 0.344978 
0.000002 0.457276 0.493317 0.049404 
0.284011 0.564391 0.141947 0.009652 
0.000002 0.698358 0.287702 0.013938 
0.015393 0.629219 0.355355 0.000033 
0.914452 0.047734 0.037775 0.000039 
0.000002 0.012957 0.014769 0.972272 
0.000002 0.231752 0.745103 0.023144 
0.000002 0.000203 0.303109 0.696686 
0.000002 0.028700 0.424397 0.546901 
0.000002 0.155783 0.419368 0.424847 
0.214774 0.000116 0.681986 0.103124 
0.268886 0.446952 0.097557 0.186605 
0.050549 0.430025 0.485956 0.033470 
0.123185 0.683205 0.074554 0.119056 
0.000002 0.032952 0.937567 0.029479 
0.000002 0.196556 0.674092 0.129349 
0.000002 0.000115 0.012576 0.987307 
0.531618 0.000192 0.416127 0.052063 
0.019207 0.979303 0.001463 0.000027 
0.238457 0.007265 0.754237 0.000041 
0.066637 0.522906 0.349273 0.061184 
0.081383 0.004000 0.835562 0.079055 
0.661174 0.025540 0.313242 0.000045 
0.848363 0.039786 0.111814 0.000036 
0.023158 0.195156 0.729383 0.052304 
0.026030 0.137791 0.128248 0.707932 
0.083720 0.008014 0.814719 0.093546 
0.518360 0.429970 0.023057 0.028613 
0.019764 0.030605 0.158556 0.791075 
0.157435 0.010512 0.832013 0.000040 
0.000002 0.051564 0.824125 0.124309 
0.000002 0.030386 0.969584 0.000029 
0.020715 0.314170 0.665074 0.000041 
0.017835 0.000131 0.862856 0.119178 
0.421884 0.124940 0.421833 0.031343 
0.000002 0.978751 0.021212 0.000035 
0.026529 0.043510 0.310501 0.619461 
0.000002 0.144158 0.824807 0.031032 
0.305839 0.123202 0.531664 0.039295 
0.554534 0.000116 0.445308 0.000042 
0.000001 0.319177 0.680783 0.000038 
0.000002 0.075284 0.906177 0.018537 
0.093954 0.024070 0.793070 0.088906 
0.606572 0.346838 0.046560 0.000030 
0.000002 0.112708 0.562300 0.324990 
0.179398 0.053016 0.582388 0.185198 
0.078130 0.000160 0.878110 0.043600 
0.000002 0.118051 0.816246 0.065700 
0.000001 0.015158 0.984806 0.000035 
0.000001 0.306937 0.457611 0.235450 
0.000002 0.634254 0.365703 0.000041 
0.169089 0.048683 0.782186 0.000042 
0.259135 0.015768 0.418746 0.306351 
0.000002 0.009444 0.064081 0.926474 
0.020046 0.045631 0.141169 0.793154 
0.229655 0.024617 0.159765 0.585963 
0.201183 0.666580 0.132193 0.000043 
0.000002 0.060199 0.591925 0.347874 
0.235489 0.052414 0.237335 0.474762 
0.010613 0.664565 0.070467 0.254356 
0.417390 0.063284 0.078786 0.440540 
0.000001 0.974960 0.025004 0.000035 
0.279395 0.047042 0.364420 0.309142 
0.117976 0.024564 0.148898 0.708562 
0.057745 0.026491 0.786582 0.129182 
0.107668 0.024840 0.832008 0.035484 
0.038043 0.000215 0.961706 0.000036 
0.118319 0.064518 0.542093 0.275070 
0.840840 0.128560 0.030563 0.000038 
0.027181 0.817310 0.017575 0.137934 
0.000003 0.000414 0.999534 0.000049 
0.000002 0.523242 0.476727 0.000030 
0.052253 0.068066 0.812655 0.067027 
0.030250 0.000123 0.969582 0.000045 
0.000002 0.022710 0.019614 0.957674 
0.000002 0.612229 0.041298 0.346472 
0.043610 0.766428 0.062168 0.127793 
0.000001 0.034077 0.948166 0.017756 
0.208163 0.038406 0.099605 0.653826 
0.404975 0.388184 0.206804 0.000037 
0.101562 0.052627 0.768009 0.077803 
0.000002 0.484309 0.515647 0.000043 
0.000002 0.071668 0.885545 0.042785 
0.018556 0.191198 0.573083 0.217163 
0.052594 0.000129 0.899074 0.048203 
0.502570 0.008946 0.464434 0.024049 
0.532839 0.178606 0.236896 0.051660 
0.704386 0.235114 0.043443 0.017057 
0.000002 0.371317 0.628640 0.000041 
0.061720 0.000111 0.830097 0.108072 
0.000002 0.098154 0.516070 0.385775 
0.100551 0.019354 0.257382 0.622713 
0.000002 0.000143 0.508574 0.491281 
0.000002 0.000156 0.847020 0.152821 
0.000002 0.004701 0.328736 0.666561 
0.043167 0.320247 0.613231 0.023355 
0.000002 0.040957 0.839836 0.119205 
0.175395 0.487021 0.301290 0.036295 
0.000001 0.084876 0.915077 0.000046 
0.000002 0.000201 0.948097 0.051700 
0.010665 0.045449 0.838662 0.105225 
0.000002 0.030895 0.516152 0.452951 
0.000002 0.042159 0.845959 0.111880 
0.074755 0.207709 0.037343 0.680193 
0.023713 0.007974 0.912403 0.055910 
0.065794 0.033909 0.691374 0.208924 
0.044175 0.000203 0.907148 0.048474 
0.687418 0.024983 0.241896 0.045702 
0.273617 0.031937 0.154089 0.540356 
0.080236 0.674701 0.245016 0.000047 
0.000002 0.940034 0.059927 0.000036 
0.025286 0.506967 0.072384 0.395363 
0.019650 0.000059 0.948254 0.032036 
0.162170 0.509256 0.237709 0.090866 
0.331484 0.525396 0.143080 0.000041 
0.083114 0.677260 0.158092 0.081533 
0.14932 0.319631 0.657386 0.250918 
