-954868.767391
0
0.000000 0.000000 0.000000 0.000000 0.000000 0.000000 0.000000 0.000679 0.006140 0.001848 0.002435 0.002369 0.000000 0.000000 0.000221 0.000000 0.002284 0.000001 0.000596 0.001563 0.000000 0.000000 0.000000 0.000000 0.000000 0.000000 0.000000 0.000000 0.000000 0.000000 0.000000 0.000000 0.013053 0.003889 0.004338 0.009587 0.000000 0.000474 0.000000 0.000000 0.000000 0.000000 0.000000 0.000687 0.000000 0.000000 0.000000 0.000000 0.000000 0.000000 0.000000 0.000000 0.000000 0.000000 0.000000 0.000000 0.006008 0.000940 0.000000 0.003242 0.000000 0.000000 0.000000 0.000000 0.000002 0.000000 0.000000 0.000433 0.000000 0.000000 0.000000 0.000244 0.014148 0.007405 0.000000 0.013274 0.036705 0.000000 0.001315 0.066123 0.436017 0.080926 0.048337 0.234157 0.000000 0.000000 0.000000 0.000000 0.000001 0.000001 0.000556 0.000000 0.000000 0.000000 0.000000 0.000000 
0.040591 0.037189 0.000000 0.036670 0.011196 0.005550 0.000000 0.010054 0.019337 0.005435 0.016676 0.026361 0.016749 0.014102 0.014617 0.021750 0.015372 0.007614 0.008976 0.025636 0.000000 0.000000 0.007741 0.002359 0.032942 0.024213 0.000000 0.032872 0.007183 0.006201 0.000000 0.011477 0.002870 0.003028 0.006642 0.021117 0.011863 0.019177 0.016175 0.030383 0.003267 0.012337 0.005385 0.010784 0.000000 0.000947 0.006292 0.000000 0.023512 0.014466 0.000000 0.023613 0.002958 0.004449 0.000000 0.006215 0.000000 0.000004 0.009590 0.006043 0.008716 0.009158 0.010980 0.021479 0.005608 0.006692 0.005157 0.008254 0.000000 0.000853 0.006795 0.002879 0.024788 0.018964 0.000000 0.038133 0.004401 0.003710 0.000000 0.010138 0.000000 0.000000 0.000000 0.008590 0.014569 0.014446 0.009148 0.030368 0.004687 0.006433 0.000000 0.011837 0.000000 0.001745 0.006632 0.004866 
0.004955 0.007368 0.004889 0.000000 0.039612 0.022302 0.009848 0.044285 0.024422 0.011300 0.000000 0.010884 0.000000 0.004040 0.000000 0.000000 0.012148 0.008934 0.010687 0.007480 0.000000 0.003120 0.013781 0.012167 0.004502 0.004838 0.000000 0.000000 0.031510 0.027400 0.008150 0.044151 0.016166 0.000003 0.000033 0.003330 0.005505 0.003987 0.002807 0.008838 0.011780 0.016526 0.009649 0.007619 0.000000 0.008902 0.016201 0.010164 0.000000 0.004697 0.000000 0.003764 0.019867 0.017992 0.003498 0.032890 0.031716 0.011563 0.000000 0.011551 0.000000 0.009245 0.007699 0.000000 0.006848 0.009612 0.000000 0.005532 0.010911 0.008629 0.030049 0.007772 0.000000 0.007887 0.000000 0.000008 0.033875 0.041221 0.006165 0.069187 0.000000 0.000000 0.000000 0.000001 0.000000 0.007857 0.003076 0.003252 0.015995 0.017017 0.011065 0.010815 0.000000 0.013289 0.015374 0.015799 
0.031108 0.033122 0.000000 0.000000 0.000001 0.000001 0.000000 0.000011 0.000050 0.000783 0.000017 0.000220 0.000002 0.000001 0.000003 0.000005 0.000874 0.000040 0.005891 0.000247 0.000000 0.000000 0.021174 0.058458 0.000017 0.000000 0.000000 0.000000 0.000000 0.000000 0.000000 0.000000 0.001841 0.000149 0.001192 0.001869 0.000000 0.000006 0.000000 0.000001 0.000016 0.000014 0.000021 0.000897 0.082684 0.000027 0.000052 0.000000 0.000004 0.000016 0.000000 0.000004 0.000000 0.000009 0.000000 0.000000 0.000011 0.000681 0.000002 0.002739 0.000000 0.000000 0.000000 0.000000 0.000167 0.000017 0.000018 0.000073 0.000000 0.000000 0.000000 0.000002 0.000016 0.000109 0.178933 0.000338 0.000000 0.000002 0.000000 0.575723 0.000000 0.000000 0.000000 0.000072 0.000000 0.000000 0.000000 0.000003 0.000082 0.000088 0.000050 0.000018 0.000000 0.000008 0.000009 0.000009 
0.004606 0.000000 0.000000 0.000000 0.006844 0.007360 0.006520 0.010795 0.041477 0.023150 0.026194 0.022150 0.009337 0.008584 0.016033 0.014363 0.076080 0.011841 0.029767 0.049615 0.000000 0.000000 0.003662 0.000000 0.000000 0.000000 0.000000 0.000000 0.011000 0.010047 0.005146 0.008294 0.032201 0.016649 0.015734 0.014054 0.000000 0.000000 0.014235 0.000000 0.028881 0.000000 0.037622 0.027981 0.000000 0.006858 0.000001 0.000000 0.011835 0.000000 0.000000 0.008410 0.009302 0.009019 0.000000 0.007129 0.000000 0.018569 0.020843 0.006797 0.000000 0.000000 0.009026 0.000000 0.025098 0.016894 0.002735 0.032717 0.000000 0.000000 0.000000 0.000000 0.019911 0.017127 0.011691 0.010702 0.000000 0.009305 0.001739 0.000000 0.000000 0.000000 0.000000 0.007510 0.011188 0.008799 0.008221 0.000000 0.031773 0.021054 0.032785 0.006989 0.000000 0.006336 0.003447 0.015968 
0.000000 0.000000 0.000000 0.000000 0.000000 0.000000 0.000000 0.000000 0.000000 0.019143 0.000000 0.003998 0.000000 0.001074 0.001013 0.003116 0.000443 0.000000 0.000185 0.000259 0.000000 0.000000 0.000582 0.000000 0.000000 0.000000 0.000000 0.000000 0.000000 0.000162 0.000512 0.000000 0.078171 0.104377 0.020221 0.079308 0.000000 0.001265 0.000468 0.000776 0.000516 0.000873 0.000902 0.004030 0.000000 0.000435 0.000772 0.000000 0.000000 0.000000 0.000000 0.000000 0.000000 0.000359 0.000000 0.000000 0.000000 0.021455 0.000000 0.016017 0.000000 0.000000 0.000000 0.000917 0.000002 0.000000 0.000000 0.008679 0.000000 0.000000 0.001591 0.000330 0.000000 0.000001 0.000000 0.000002 0.000000 0.000318 0.000000 0.000000 0.122454 0.296375 0.101422 0.090016 0.000000 0.001326 0.000872 0.004832 0.001540 0.001569 0.001496 0.002086 0.000000 0.001055 0.000985 0.001694 
0.000003 0.000000 0.000000 0.000000 0.000000 0.000000 0.000000 0.000002 0.000013 0.035835 0.000003 0.000049 0.057678 0.000000 0.000000 0.000001 0.049052 0.000013 0.050485 0.041380 0.000000 0.000000 0.000001 0.000001 0.054316 0.000000 0.000000 0.000000 0.000000 0.000000 0.000000 0.000000 0.143364 0.124833 0.044733 0.091774 0.008904 0.000001 0.000000 0.022106 0.000003 0.000003 0.000005 0.037518 0.000000 0.050798 0.018144 0.000000 0.000001 0.000005 0.000000 0.000001 0.000000 0.000002 0.000000 0.000000 0.000002 0.000224 0.000000 0.044685 0.000000 0.000000 0.000000 0.000000 0.027431 0.000003 0.000004 0.000019 0.000000 0.000000 0.000000 0.000000 0.000003 0.050173 0.016150 0.021764 0.000000 0.000000 0.000000 0.000000 0.000000 0.000000 0.000000 0.000014 0.008442 0.000000 0.000000 0.000001 0.000015 0.000015 0.000012 0.000005 0.000000 0.000002 0.000002 0.000002 
0.000000 0.000000 0.000000 0.008747 0.000000 0.000000 0.000000 0.000000 0.000000 0.003189 0.013050 0.004465 0.000000 0.000000 0.000000 0.000973 0.002223 0.005147 0.001979 0.004309 0.000000 0.003808 0.001561 0.015841 0.002571 0.000000 0.001028 0.015002 0.000000 0.000000 0.000000 0.000000 0.000019 0.000001 0.011623 0.003393 0.000000 0.000000 0.000000 0.000179 0.000000 0.001804 0.000917 0.001548 0.002331 0.001111 0.003285 0.020014 0.001243 0.001244 0.000000 0.008410 0.000000 0.000000 0.000000 0.000000 0.000000 0.013775 0.028600 0.014735 0.000000 0.000000 0.000000 0.000000 0.007249 0.010816 0.005782 0.013006 0.000000 0.002231 0.000968 0.002517 0.037595 0.011126 0.003809 0.320856 0.000000 0.000000 0.000000 0.000000 0.000000 0.015550 0.218891 0.036447 0.000000 0.000000 0.000000 0.003005 0.002504 0.010059 0.006580 0.010000 0.005593 0.009694 0.002041 0.065552 
0.000001 0.000000 0.000000 0.000000 0.026079 0.029169 0.000000 0.014316 0.000003 0.000974 0.000001 0.000014 0.000000 0.000000 0.000000 0.000000 0.000065 0.043591 0.081021 0.011116 0.000000 0.008826 0.011050 0.000000 0.000001 0.000000 0.019195 0.000000 0.000000 0.000000 0.000000 0.000000 0.007789 0.000008 0.000146 0.001806 0.000000 0.007859 0.000000 0.000000 0.000001 0.058323 0.000001 0.000139 0.000000 0.000001 0.026290 0.038624 0.000000 0.028799 0.000000 0.000000 0.000000 0.000001 0.000000 0.000000 0.118384 0.062191 0.000000 0.110353 0.033077 0.009245 0.000000 0.000000 0.035159 0.000001 0.075731 0.000005 0.000000 0.000000 0.012375 0.000000 0.000001 0.000007 0.000000 0.000020 0.000000 0.000000 0.000000 0.000000 0.000000 0.000000 0.000000 0.000004 0.000000 0.000000 0.000000 0.004935 0.000004 0.028614 0.000003 0.071921 0.000000 0.005240 0.017522 0.000000 
0.007136 0.006865 0.001292 0.002141 0.000000 0.000000 0.000000 0.001738 0.030988 0.015082 0.236835 0.013904 0.002551 0.000000 0.001338 0.006078 0.011605 0.008142 0.008908 0.007451 0.000000 0.001864 0.000000 0.003535 0.001335 0.000000 0.000000 0.000000 0.000000 0.000000 0.000000 0.000000 0.018728 0.014972 0.131268 0.013324 0.000000 0.000000 0.000000 0.000000 0.003423 0.004317 0.000000 0.006572 0.000000 0.000000 0.000001 0.000000 0.005001 0.004284 0.000000 0.000000 0.000000 0.002889 0.000000 0.000000 0.030774 0.027213 0.140841 0.014956 0.000000 0.000000 0.000000 0.000000 0.009649 0.006535 0.004803 0.010948 0.000000 0.000000 0.000000 0.000000 0.011536 0.009215 0.003332 0.013946 0.002059 0.001873 0.000000 0.000000 0.000000 0.000000 0.097454 0.006784 0.004668 0.000000 0.000000 0.002023 0.007503 0.004171 0.010881 0.005269 0.000000 0.000000 0.000000 0.000000 
0.004243 0.000000 0.000000 0.000000 0.001626 0.002265 0.000000 0.000000 0.005960 0.003369 0.010193 0.000608 0.012955 0.002447 0.004345 0.022343 0.026369 0.011421 0.021952 0.027645 0.050138 0.007272 0.005074 0.026407 0.003535 0.000000 0.000000 0.001312 0.000000 0.000000 0.000000 0.000000 0.007356 0.002779 0.005643 0.000889 0.003846 0.000185 0.002072 0.000000 0.021849 0.010695 0.020476 0.034499 0.029976 0.008498 0.015363 0.070006 0.010156 0.007320 0.000000 0.005599 0.000000 0.001734 0.000000 0.004145 0.009360 0.009129 0.008773 0.010423 0.001670 0.001075 0.000000 0.000000 0.011224 0.011277 0.013294 0.013198 0.009269 0.001231 0.004719 0.024640 0.023656 0.000002 0.000000 0.029946 0.000000 0.001698 0.000000 0.000000 0.000000 0.000000 0.000000 0.005627 0.023469 0.000000 0.013667 0.010406 0.020365 0.015573 0.012127 0.034547 0.070611 0.010903 0.010236 0.073320 
0.001163 0.002081 0.001099 0.001262 0.000000 0.000000 0.000000 0.001095 0.035240 0.018473 0.100840 0.014124 0.000168 0.002988 0.000000 0.004967 0.006983 0.003609 0.023160 0.000003 0.000000 0.002727 0.000000 0.002488 0.010291 0.025993 0.010431 0.060884 0.000000 0.000000 0.000000 0.000000 0.006251 0.009751 0.098508 0.005788 0.000000 0.002557 0.000000 0.000722 0.006811 0.002417 0.030687 0.002574 0.000000 0.005120 0.004594 0.008673 0.002816 0.006788 0.002678 0.008686 0.000000 0.003139 0.000000 0.001286 0.068249 0.080440 0.138001 0.056492 0.000000 0.002507 0.000000 0.002079 0.013413 0.005373 0.010470 0.004101 0.000000 0.001531 0.000000 0.003933 0.000000 0.003026 0.000000 0.004213 0.000000 0.000000 0.000000 0.000000 0.000000 0.000000 0.037466 0.000001 0.000000 0.000336 0.000000 0.000000 0.007781 0.002433 0.009404 0.000000 0.000000 0.002233 0.000000 0.006602 
0.037498 0.030426 0.024490 0.023071 0.011417 0.005053 0.004246 0.004059 0.011111 0.007726 0.000000 0.002110 0.001979 0.001729 0.008087 0.000000 0.007162 0.000356 0.007634 0.000001 0.000000 0.000000 0.000000 0.000000 0.049828 0.075374 0.012054 0.050606 0.011895 0.010573 0.006568 0.008491 0.021380 0.015016 0.006253 0.018827 0.007498 0.008025 0.039575 0.008013 0.005261 0.000000 0.011845 0.004494 0.000000 0.001568 0.004804 0.000000 0.040233 0.042853 0.030279 0.028071 0.008176 0.010806 0.007073 0.005226 0.008893 0.009040 0.000000 0.008117 0.008355 0.004143 0.014738 0.000000 0.006514 0.001167 0.003052 0.000001 0.000000 0.000000 0.000000 0.000000 0.039401 0.063469 0.013688 0.035765 0.003483 0.012053 0.004304 0.000000 0.000000 0.000000 0.000000 0.003094 0.003044 0.002595 0.008910 0.000000 0.002036 0.000001 0.003966 0.000000 0.000000 0.000000 0.001348 0.000000 
0.000007 0.826295 0.000000 0.000000 0.000000 0.003879 0.000000 0.026960 0.000000 0.000000 0.078560 0.038250 0.026049 
0.026730 0.198199 0.128482 0.000000 0.000000 0.024469 0.032197 0.137350 0.000000 0.429802 0.022743 0.000000 0.000028 
0.954389 0.006489 0.000000 0.002746 0.000000 0.000307 0.000000 0.000000 0.000000 0.035996 0.000025 0.000000 0.000048 
0.117300 0.347175 0.344538 0.000000 0.000000 0.042276 0.000000 0.016521 0.000000 0.000000 0.063286 0.021616 0.047288 
0.010227 0.117546 0.000000 0.000000 0.000000 0.421230 0.000000 0.000000 0.000000 0.000000 0.018636 0.000000 0.432360 
0.000014 0.237962 0.050758 0.000000 0.000000 0.037313 0.033420 0.000000 0.000000 0.000000 0.021817 0.000000 0.618716 
0.000013 0.214940 0.056428 0.010287 0.028684 0.052630 0.000000 0.062007 0.000000 0.165028 0.409954 0.000000 0.000028 
0.091685 0.727035 0.000000 0.000000 0.030204 0.059160 0.000000 0.020464 0.000000 0.000000 0.057421 0.000000 0.014031 
0.981835 0.005465 0.000000 0.000000 0.000000 0.012670 0.000000 0.000000 0.000000 0.000000 0.000005 0.000000 0.000025 
0.000013 0.109770 0.000000 0.000000 0.034286 0.064964 0.000000 0.000000 0.042960 0.590817 0.006222 0.000000 0.150968 
0.020236 0.902972 0.000000 0.000000 0.000000 0.000981 0.000000 0.009432 0.000000 0.000000 0.032165 0.000000 0.034214 
0.000012 0.295628 0.000000 0.000000 0.000000 0.014549 0.000000 0.000000 0.040926 0.092605 0.000026 0.362480 0.193774 
0.000012 0.181372 0.021005 0.000000 0.143188 0.199344 0.000000 0.222650 0.096823 0.000000 0.073231 0.000000 0.062375 
0.241434 0.236129 0.000000 0.000000 0.253091 0.040027 0.000000 0.000000 0.130884 0.000000 0.062839 0.000000 0.035596 
0.031905 0.307605 0.408299 0.000000 0.000000 0.000215 0.038969 0.000000 0.000000 0.032717 0.027757 0.112173 0.040359 
0.093907 0.137562 0.000000 0.000000 0.028165 0.485102 0.000000 0.000000 0.000000 0.000000 0.156140 0.000000 0.099123 
0.073862 0.126256 0.035023 0.000000 0.037294 0.025703 0.000000 0.026885 0.000000 0.223932 0.101787 0.000000 0.349258 
0.000010 0.239883 0.082659 0.000000 0.265885 0.080075 0.000000 0.000000 0.035516 0.137713 0.022375 0.107749 0.028134 
0.016183 0.287596 0.089730 0.000000 0.207926 0.085382 0.000000 0.022483 0.072885 0.000000 0.198110 0.000000 0.019703 
0.305964 0.057022 0.000000 0.000000 0.000000 0.449065 0.000000 0.074853 0.017016 0.000000 0.000022 0.096029 0.000027 
0.000010 0.554493 0.000000 0.000000 0.000000 0.334396 0.000000 0.000000 0.000000 0.000000 0.039315 0.037038 0.034748 
0.000012 0.059893 0.000000 0.000000 0.154432 0.069343 0.000000 0.000000 0.044900 0.140504 0.011472 0.519416 0.000027 
0.000011 0.196304 0.041759 0.000000 0.000000 0.282200 0.000000 0.000000 0.000000 0.000000 0.029190 0.000000 0.450536 
0.018891 0.348666 0.000000 0.000000 0.332992 0.049248 0.000000 0.000000 0.112809 0.000000 0.104694 0.000000 0.032700 
0.000009 0.040427 0.019609 0.000000 0.027086 0.845459 0.000000 0.000000 0.021634 0.000000 0.016915 0.000000 0.028862 
0.000011 0.341884 0.000000 0.008341 0.000000 0.058791 0.000000 0.000000 0.000000 0.451905 0.030318 0.108726 0.000025 
0.180299 0.099740 0.000000 0.000000 0.000000 0.000504 0.000000 0.365311 0.015632 0.000000 0.000019 0.000000 0.338495 
0.025629 0.130907 0.035262 0.000000 0.120391 0.555756 0.000000 0.000000 0.076150 0.000000 0.026078 0.000000 0.029826 
0.021533 0.593141 0.013473 0.000000 0.024913 0.015456 0.000000 0.000000 0.000000 0.000000 0.280826 0.000000 0.050657 
0.047906 0.473435 0.000000 0.000000 0.000000 0.006045 0.000000 0.000000 0.000000 0.068571 0.046670 0.303034 0.054338 
0.287997 0.165480 0.000000 0.000000 0.213801 0.216543 0.000000 0.000000 0.098764 0.000000 0.017392 0.000000 0.000021 
0.000011 0.242326 0.050272 0.000000 0.157531 0.056726 0.000000 0.000000 0.106598 0.000000 0.055859 0.000000 0.330676 
0.232460 0.270196 0.026601 0.000000 0.145727 0.035365 0.000000 0.000000 0.080446 0.000000 0.079635 0.114006 0.015565 
0.000011 0.082752 0.000000 0.000000 0.000000 0.193638 0.062907 0.233045 0.000000 0.309856 0.013391 0.104376 0.000024 
0.800515 0.077440 0.066424 0.007670 0.000000 0.036510 0.000000 0.000000 0.000000 0.000000 0.011416 0.000000 0.000025 
0.009057 0.641598 0.000000 0.000000 0.028892 0.012872 0.000000 0.211575 0.000000 0.000000 0.052596 0.043383 0.000028 
0.000008 0.051301 0.000000 0.000000 0.000000 0.306348 0.000000 0.516495 0.000000 0.000000 0.091071 0.000000 0.034776 
0.784734 0.039280 0.008773 0.000000 0.000000 0.000435 0.000000 0.000000 0.000000 0.000000 0.043913 0.122836 0.000030 
0.035604 0.151400 0.000000 0.000000 0.109171 0.024009 0.000000 0.491147 0.037254 0.000000 0.000020 0.000000 0.151394 
0.012254 0.372048 0.000000 0.008165 0.000000 0.039495 0.013545 0.000000 0.000000 0.000000 0.022861 0.029483 0.502148 
0.000009 0.034475 0.000000 0.000000 0.000000 0.072698 0.000000 0.623888 0.018206 0.000000 0.000019 0.193259 0.057446 
0.024748 0.179602 0.015252 0.000000 0.201235 0.028943 0.000000 0.000000 0.000000 0.000000 0.053150 0.031132 0.465938 
0.023560 0.204067 0.000000 0.000000 0.045215 0.021064 0.000000 0.132331 0.000000 0.000000 0.118171 0.026763 0.428829 
0.021044 0.186037 0.000000 0.000000 0.239027 0.059578 0.028305 0.000000 0.090929 0.215520 0.037374 0.122158 0.000028 
0.528884 0.048373 0.021124 0.000000 0.000000 0.000297 0.000000 0.000000 0.000000 0.000000 0.000015 0.017018 0.384288 
0.000010 0.167526 0.092611 0.000000 0.000000 0.358579 0.099229 0.000000 0.000000 0.000000 0.226882 0.017614 0.037549 
0.013719 0.734881 0.000000 0.000000 0.000000 0.015948 0.000000 0.050352 0.000000 0.087319 0.063687 0.000000 0.034095 
0.008868 0.188153 0.017529 0.000000 0.000000 0.007380 0.041732 0.047044 0.000000 0.000000 0.689271 0.000000 0.000023 
0.132599 0.085338 0.000000 0.000000 0.000000 0.028513 0.000000 0.000000 0.000000 0.000000 0.000020 0.277158 0.476373 
0.000011 0.025587 0.000000 0.000000 0.031207 0.124929 0.000000 0.802915 0.000000 0.000000 0.000021 0.000000 0.015331 
0.219406 0.314790 0.000000 0.000000 0.000000 0.000386 0.000000 0.000000 0.000000 0.177129 0.016367 0.180356 0.091565 
0.428402 0.240055 0.000000 0.000000 0.103274 0.117116 0.000000 0.000000 0.000000 0.000000 0.111125 0.000000 0.000028 
0.611216 0.178811 0.203214 0.000000 0.000000 0.000396 0.000000 0.000000 0.000000 0.000000 0.006336 0.000000 0.000027 
0.520211 0.031508 0.000000 0.000000 0.000000 0.000419 0.000000 0.026522 0.000000 0.000000 0.000025 0.351575 0.069740 
0.029635 0.201589 0.192610 0.000000 0.078525 0.155944 0.039212 0.000000 0.000000 0.200743 0.025751 0.049903 0.026088 
0.215810 0.109731 0.000000 0.000000 0.000000 0.019323 0.000000 0.141725 0.000000 0.000000 0.102139 0.000000 0.411272 
0.983143 0.001924 0.000000 0.014620 0.000000 0.000280 0.000000 0.000000 0.000000 0.000000 0.000018 0.000000 0.000014 
0.021669 0.047784 0.000000 0.000000 0.000000 0.930499 0.000000 0.000000 0.000000 0.000000 0.000027 0.000000 0.000020 
0.000012 0.265874 0.292727 0.000000 0.000000 0.098712 0.000000 0.000000 0.000000 0.000000 0.047921 0.214156 0.080598 
0.000013 0.201392 0.046656 0.000000 0.000000 0.087211 0.000000 0.000000 0.000000 0.062454 0.521792 0.080454 0.000029 
0.000012 0.177237 0.035878 0.000000 0.256079 0.072225 0.000000 0.000000 0.107662 0.127713 0.079096 0.110887 0.033210 
0.000012 0.010716 0.000000 0.000000 0.000000 0.110037 0.000000 0.470731 0.000000 0.000000 0.037468 0.371017 0.000020 
0.010816 0.066643 0.000000 0.000000 0.000000 0.016851 0.000000 0.905643 0.000000 0.000000 0.000020 0.000000 0.000026 
0.000011 0.100159 0.000000 0.000000 0.078355 0.686080 0.000000 0.028139 0.000000 0.000000 0.107228 0.000000 0.000027 
0.007882 0.397227 0.000000 0.000000 0.000000 0.207851 0.000000 0.273202 0.000000 0.000000 0.032881 0.000000 0.080958 
0.000012 0.046964 0.000000 0.000000 0.000000 0.020364 0.000000 0.923723 0.000000 0.000000 0.000022 0.000000 0.008914 
0.010440 0.017361 0.000000 0.000000 0.060842 0.182000 0.000000 0.000000 0.000000 0.000000 0.012805 0.716531 0.000021 
0.000009 0.030317 0.000000 0.000000 0.000000 0.934468 0.031081 0.000000 0.000000 0.000000 0.004097 0.000000 0.000027 
0.028514 0.125123 0.033312 0.000000 0.000000 0.107627 0.000000 0.065494 0.000000 0.029196 0.583336 0.000000 0.027399 
0.000014 0.186262 0.060974 0.000000 0.000000 0.028210 0.000000 0.115646 0.000000 0.040799 0.266975 0.000000 0.301121 
0.844045 0.063062 0.041846 0.003667 0.000000 0.037319 0.000000 0.000000 0.000000 0.000000 0.000028 0.010006 0.000027 
0.000012 0.110880 0.043754 0.000000 0.000000 0.065998 0.031129 0.000000 0.000000 0.578442 0.032952 0.136810 0.000024 
0.000010 0.747477 0.000000 0.000000 0.000000 0.042517 0.000000 0.000000 0.000000 0.000000 0.022742 0.069820 0.117434 
0.145933 0.031568 0.000000 0.000000 0.000000 0.332678 0.000000 0.000000 0.000000 0.000000 0.000026 0.489773 0.000021 
0.030793 0.019704 0.000000 0.000000 0.000000 0.842619 0.000000 0.000000 0.000000 0.000000 0.000014 0.000000 0.106868 
0.114449 0.055171 0.000000 0.000000 0.000000 0.013924 0.000000 0.170772 0.000000 0.000000 0.014805 0.027425 0.603454 
0.000013 0.102743 0.098594 0.000000 0.044616 0.056320 0.000000 0.000000 0.045986 0.429311 0.047941 0.000000 0.174475 
0.000011 0.065571 0.000000 0.000000 0.024397 0.281803 0.000000 0.612938 0.000000 0.000000 0.000027 0.000000 0.015252 
0.025683 0.084598 0.000000 0.000000 0.029853 0.035494 0.000000 0.400387 0.000000 0.329932 0.020980 0.061309 0.011764 
0.034732 0.118336 0.034149 0.000000 0.080803 0.075961 0.000000 0.357330 0.011903 0.237955 0.048804 0.000000 0.000028 
0.000010 0.146534 0.052630 0.000000 0.170390 0.051498 0.000000 0.196065 0.111694 0.000000 0.208131 0.000000 0.063048 
0.009713 0.022316 0.000000 0.000000 0.015436 0.016413 0.000000 0.817918 0.000000 0.000000 0.000022 0.118153 0.000028 
0.006366 0.373749 0.408251 0.000000 0.000000 0.030417 0.000000 0.033336 0.000000 0.000000 0.078252 0.000000 0.069630 
0.089469 0.173866 0.000000 0.000000 0.047487 0.050747 0.000000 0.364526 0.000000 0.000000 0.229740 0.000000 0.044165 
0.125618 0.020463 0.011004 0.000000 0.000000 0.784383 0.000000 0.040387 0.000000 0.000000 0.018122 0.000000 0.000024 
0.000008 0.001012 0.000000 0.000000 0.000000 0.019455 0.000000 0.602699 0.029899 0.000000 0.000020 0.346879 0.000027 
0.093616 0.160316 0.017836 0.000000 0.000000 0.443447 0.000000 0.105557 0.000000 0.102542 0.000021 0.038955 0.037710 
0.021658 0.109053 0.000000 0.000000 0.000000 0.019442 0.000000 0.000000 0.000000 0.679664 0.159039 0.000000 0.011144 
0.011983 0.064930 0.000000 0.000000 0.000000 0.021140 0.000000 0.495758 0.000000 0.105141 0.076699 0.224325 0.000024 
0.000010 0.147804 0.000000 0.000000 0.000000 0.349265 0.000000 0.000000 0.000000 0.000000 0.252348 0.000000 0.250573 
0.000014 0.033082 0.000000 0.000000 0.000000 0.966861 0.000000 0.000000 0.000000 0.000000 0.000014 0.000000 0.000028 
0.013568 0.127382 0.000000 0.000000 0.063301 0.050708 0.000000 0.000000 0.000000 0.558897 0.035304 0.150814 0.000026 
0.018057 0.135305 0.034581 0.000000 0.000000 0.063554 0.060802 0.000000 0.000000 0.462647 0.038325 0.057602 0.129126 
0.039421 0.310193 0.272761 0.000000 0.153120 0.032982 0.000000 0.052495 0.065310 0.000000 0.045687 0.000000 0.028031 
0.000004 0.198219 0.000000 0.000000 0.000000 0.006726 0.000000 0.000000 0.000000 0.000000 0.000024 0.000000 0.795026 
0.000007 0.309614 0.402507 0.000000 0.000000 0.083027 0.000000 0.000000 0.019860 0.000000 0.112431 0.000000 0.072553 
0.922826 0.010862 0.000000 0.015197 0.000000 0.051090 0.000000 0.000000 0.000000 0.000000 0.000010 0.000000 0.000014 
0.009542 0.714111 0.051243 0.000000 0.000000 0.033283 0.000000 0.000000 0.000000 0.058831 0.098426 0.000000 0.034563 
0.055060 0.039147 0.000000 0.000000 0.000000 0.000407 0.000000 0.000000 0.000000 0.000000 0.123928 0.781435 0.000022 
0.019124 0.703156 0.000000 0.000000 0.000000 0.166669 0.000000 0.000000 0.000000 0.031504 0.043669 0.000000 0.035877 
0.149485 0.134497 0.000000 0.000000 0.000000 0.057448 0.000000 0.014739 0.000000 0.000000 0.007030 0.000000 0.636800 
0.026040 0.205118 0.027417 0.000000 0.181492 0.019005 0.000000 0.000000 0.000000 0.000000 0.540905 0.000000 0.000024 
0.000012 0.118170 0.000000 0.007944 0.000000 0.015218 0.000000 0.000000 0.024531 0.000000 0.000024 0.049985 0.784116 
0.000011 0.021203 0.000000 0.000000 0.000000 0.882551 0.000000 0.021861 0.000000 0.049329 0.010506 0.014518 0.000021 
0.000011 0.316961 0.000000 0.000000 0.326726 0.056031 0.067644 0.000000 0.145875 0.000000 0.086729 0.000000 0.000022 
0.018916 0.379969 0.000000 0.000000 0.000000 0.017911 0.000000 0.000000 0.000000 0.000000 0.011492 0.064206 0.507506 
0.030764 0.155560 0.000000 0.000000 0.000000 0.024828 0.000000 0.000000 0.052295 0.000000 0.040283 0.683122 0.013147 
0.026982 0.187361 0.010368 0.000000 0.258784 0.059068 0.000000 0.033231 0.052747 0.000000 0.000025 0.000000 0.371433 
0.201208 0.449312 0.000000 0.000000 0.061986 0.000536 0.000000 0.000000 0.000000 0.000000 0.286934 0.000000 0.000024 
0.000011 0.266607 0.282379 0.000000 0.000000 0.109080 0.000000 0.000000 0.000000 0.193080 0.024998 0.000000 0.123845 
0.019552 0.001489 0.000000 0.000000 0.000000 0.033069 0.000000 0.929489 0.000000 0.000000 0.000019 0.012295 0.004086 
0.042086 0.151026 0.040656 0.000000 0.000000 0.183687 0.000000 0.032951 0.011995 0.365310 0.064836 0.085972 0.021481 
0.017630 0.163097 0.000000 0.000000 0.000000 0.109204 0.000000 0.000000 0.000000 0.000000 0.013364 0.000000 0.696704 
0.399707 0.134297 0.087613 0.000000 0.000000 0.056504 0.045226 0.135855 0.075294 0.024291 0.041188 0.000000 0.000025 
0.069842 0.549315 0.126693 0.000000 0.118011 0.064687 0.000000 0.000000 0.036082 0.017901 0.017442 0.000000 0.000028 
0.004589 0.015365 0.000000 0.000000 0.000000 0.006435 0.000000 0.973558 0.000000 0.000000 0.000020 0.000000 0.000032 
0.000014 0.242923 0.000000 0.000000 0.000000 0.033075 0.000000 0.000000 0.000000 0.000000 0.667742 0.056221 0.000025 
0.000013 0.010603 0.000000 0.000000 0.000000 0.054913 0.000000 0.595003 0.000000 0.195343 0.000030 0.122668 0.021428 
0.288170 0.147172 0.098969 0.000000 0.171226 0.042608 0.000000 0.000000 0.111678 0.000000 0.051049 0.000000 0.089127 
0.249191 0.326542 0.000000 0.000000 0.000000 0.019910 0.000000 0.000000 0.000000 0.033936 0.016555 0.000000 0.353866 
0.224725 0.026141 0.000000 0.000000 0.000000 0.072965 0.000000 0.495003 0.000000 0.157118 0.000027 0.000000 0.024020 
0.016877 0.379457 0.444614 0.000000 0.054713 0.051140 0.000000 0.000000 0.032660 0.000000 0.020513 0.000000 0.000025 
0.046452 0.038095 0.000000 0.000000 0.000000 0.026347 0.000000 0.005692 0.013671 0.000000 0.000017 0.869698 0.000029 
0.018520 0.303366 0.252923 0.000000 0.000000 0.093070 0.000000 0.000000 0.000000 0.232043 0.024684 0.075368 0.000026 
0.000013 0.021702 0.051790 0.000000 0.000000 0.055038 0.000000 0.123346 0.000000 0.202183 0.014885 0.531018 0.000025 
0.000009 0.068496 0.000000 0.000000 0.000000 0.019801 0.000000 0.044704 0.000000 0.000000 0.000018 0.418077 0.448895 
0.000011 0.525625 0.000000 0.000000 0.000000 0.298271 0.000000 0.050512 0.000000 0.000000 0.040346 0.042626 0.042608 
0.000011 0.310108 0.000000 0.000000 0.261757 0.114422 0.000000 0.000000 0.122350 0.000000 0.090658 0.055163 0.045531 
0.022110 0.159789 0.000000 0.000000 0.000000 0.023628 0.000000 0.162791 0.000000 0.000000 0.000023 0.067179 0.564480 
0.033470 0.104162 0.036498 0.000000 0.000000 0.022641 0.025863 0.000000 0.000000 0.549867 0.062150 0.165324 0.000025 
0.056377 0.290688 0.000000 0.000000 0.323447 0.019127 0.042295 0.000000 0.127056 0.000000 0.118482 0.000000 0.022529 
0.000014 0.200134 0.000000 0.000000 0.173794 0.038581 0.000000 0.000000 0.000000 0.000000 0.199806 0.387643 0.000030 
0.000013 0.266333 0.000000 0.000000 0.000000 0.034597 0.000000 0.000000 0.000000 0.000000 0.064700 0.000000 0.634357 
0.786891 0.140749 0.025960 0.000000 0.000000 0.018557 0.000000 0.016802 0.000000 0.000000 0.000028 0.000000 0.011012 
0.068499 0.309188 0.000000 0.000000 0.000000 0.015056 0.000000 0.000000 0.000000 0.000000 0.158415 0.068564 0.380278 
0.020900 0.023595 0.000000 0.000000 0.000000 0.000507 0.000000 0.824879 0.000000 0.000000 0.106847 0.000000 0.023272 
0.000008 0.003134 0.000000 0.000000 0.000000 0.043064 0.000000 0.000000 0.019702 0.084535 0.021551 0.805520 0.022486 
0.073061 0.403458 0.376317 0.000000 0.000000 0.000472 0.000000 0.000000 0.058035 0.000000 0.054030 0.000000 0.034627 
0.000011 0.451521 0.353569 0.000000 0.000000 0.066861 0.000000 0.059705 0.000000 0.000000 0.068306 0.000000 0.000027 
0.000009 0.112973 0.018117 0.000000 0.155865 0.054014 0.000000 0.486740 0.098211 0.000000 0.000024 0.020329 0.053717 
0.000012 0.141251 0.089601 0.000000 0.349491 0.158645 0.000000 0.023989 0.062155 0.000000 0.103600 0.000000 0.071256 
0.000011 0.405437 0.220672 0.000000 0.000000 0.201550 0.000000 0.000000 0.000000 0.053055 0.083900 0.000000 0.035375 
0.042585 0.388765 0.303174 0.000000 0.000000 0.062083 0.000000 0.000000 0.029087 0.000000 0.059226 0.000000 0.115079 
0.251948 0.013890 0.000000 0.000000 0.000000 0.003488 0.000000 0.000000 0.027730 0.000000 0.041305 0.599413 0.062225 
0.000010 0.205256 0.072669 0.000000 0.000000 0.167281 0.000000 0.000000 0.000000 0.476329 0.000021 0.078408 0.000026 
0.019451 0.836884 0.000000 0.000000 0.000000 0.000202 0.000000 0.022713 0.000000 0.020657 0.064907 0.000000 0.035186 
0.000009 0.750338 0.000000 0.000000 0.000000 0.036432 0.000000 0.153374 0.000000 0.000000 0.059822 0.000000 0.000025 
0.034262 0.087809 0.000000 0.000000 0.000000 0.023131 0.000000 0.000000 0.016728 0.564412 0.000025 0.273607 0.000025 
0.178893 0.209679 0.019492 0.000000 0.000000 0.028994 0.000000 0.000000 0.000000 0.000000 0.000025 0.084943 0.477973 
0.012090 0.006387 0.000000 0.000000 0.035170 0.000400 0.000000 0.945911 0.000000 0.000000 0.000021 0.000000 0.000020 
0.000010 0.397108 0.354185 0.000000 0.000000 0.066478 0.000000 0.000000 0.000000 0.000000 0.103114 0.000000 0.079105 
0.000009 0.002166 0.000000 0.000000 0.000000 0.977487 0.000000 0.000000 0.000000 0.000000 0.020330 0.000000 0.000008 
0.020380 0.050990 0.037530 0.000000 0.000000 0.330385 0.000000 0.050195 0.000000 0.000000 0.000020 0.510476 0.000024 
0.002747 0.224342 0.023412 0.000000 0.000000 0.035476 0.000000 0.011015 0.000000 0.000000 0.680315 0.000000 0.022693 
0.000009 0.197088 0.000000 0.000000 0.000000 0.036201 0.000000 0.435748 0.000000 0.000000 0.166087 0.000000 0.164867 
0.069551 0.457017 0.000000 0.000000 0.000000 0.404390 0.000000 0.000000 0.020917 0.000000 0.000025 0.026454 0.021645 
0.000012 0.083723 0.070748 0.000000 0.000000 0.032056 0.000000 0.115789 0.000000 0.000000 0.000024 0.000000 0.697648 
0.021787 0.127856 0.000000 0.000000 0.000000 0.218679 0.000000 0.000000 0.000000 0.266421 0.085495 0.279734 0.000027 
0.015565 0.886038 0.000000 0.000000 0.000000 0.006607 0.017110 0.000000 0.000000 0.024472 0.024448 0.000000 0.025760 
0.000011 0.335298 0.344454 0.000000 0.000000 0.062973 0.041882 0.000000 0.054254 0.076062 0.059595 0.000000 0.025470 
0.014540 0.011528 0.000000 0.000000 0.000000 0.029409 0.000000 0.029783 0.014049 0.000000 0.000019 0.900654 0.000016 
0.133569 0.109951 0.000000 0.000000 0.084024 0.514267 0.000000 0.000000 0.047343 0.000000 0.095254 0.000000 0.015592 
0.000010 0.313688 0.378047 0.000000 0.000000 0.098432 0.000000 0.000000 0.017020 0.000000 0.090188 0.000000 0.102615 
0.000012 0.185792 0.077479 0.000000 0.000000 0.022529 0.000000 0.020133 0.043485 0.000000 0.000021 0.528123 0.122427 
0.009741 0.186145 0.000000 0.000000 0.087669 0.023104 0.000000 0.019766 0.053157 0.000000 0.620398 0.000000 0.000020 
0.036028 0.015432 0.000000 0.009785 0.000000 0.107100 0.000000 0.831609 0.000000 0.000000 0.000023 0.000000 0.000023 
0.000012 0.059842 0.000000 0.000000 0.000000 0.857929 0.000000 0.000000 0.000000 0.057516 0.000018 0.024657 0.000026 
0.000008 0.165578 0.089014 0.000000 0.135259 0.051971 0.000000 0.176758 0.000000 0.000000 0.381387 0.000000 0.000025 
0.000012 0.013052 0.011318 0.000000 0.000000 0.140300 0.000000 0.835264 0.000000 0.000000 0.000026 0.000000 0.000027 
0.000009 0.221049 0.127063 0.000000 0.000000 0.053702 0.000000 0.000000 0.000000 0.000000 0.123494 0.273548 0.201135 
0.544173 0.106815 0.078462 0.007903 0.146009 0.040727 0.000000 0.000000 0.047625 0.000000 0.028260 0.000000 0.000026 
0.056165 0.332946 0.000000 0.000000 0.000000 0.020068 0.020439 0.299132 0.000000 0.000000 0.000024 0.019468 0.251757 
0.009571 0.116825 0.028542 0.000000 0.085111 0.062584 0.000000 0.000000 0.000000 0.575513 0.039345 0.000000 0.082509 
0.302776 0.402676 0.000000 0.000000 0.000000 0.042410 0.000000 0.000000 0.000000 0.039675 0.114924 0.063121 0.034417 
0.006790 0.319090 0.162168 0.000000 0.000000 0.007494 0.000000 0.272549 0.061003 0.000000 0.044145 0.126733 0.000028 
0.000009 0.090432 0.000000 0.000000 0.000000 0.018804 0.000000 0.807632 0.000000 0.027712 0.040698 0.000000 0.014712 
0.000010 0.649827 0.010980 0.000000 0.000000 0.033832 0.000000 0.000000 0.000000 0.000000 0.068708 0.000000 0.236643 
0.000012 0.121889 0.013306 0.000000 0.175491 0.041362 0.000000 0.514725 0.078486 0.000000 0.054707 0.000000 0.000023 
0.000006 0.051072 0.000000 0.000000 0.000000 0.083849 0.000000 0.000000 0.000000 0.000000 0.038871 0.826180 0.000023 
0.116298 0.559491 0.000000 0.000000 0.013131 0.134894 0.031224 0.036751 0.006058 0.000000 0.038218 0.031221 0.032713 
0.382562 0.037924 0.000000 0.000000 0.000000 0.124348 0.000000 0.000000 0.000000 0.000000 0.017851 0.032065 0.405250 
0.000013 0.186627 0.178503 0.000000 0.000000 0.035105 0.022239 0.577463 0.000000 0.000000 0.000027 0.000000 0.000023 
0.000012 0.066949 0.037214 0.000000 0.000000 0.454772 0.022258 0.000000 0.000000 0.000000 0.000025 0.009516 0.409253 
0.000010 0.292319 0.000000 0.000000 0.363672 0.065675 0.000000 0.000000 0.123540 0.000000 0.099552 0.000000 0.055231 
0.125338 0.192251 0.000000 0.000000 0.000000 0.063965 0.000000 0.000000 0.000000 0.093992 0.000035 0.071890 0.452528 
0.045797 0.105099 0.094019 0.000000 0.070860 0.030061 0.000000 0.000000 0.000000 0.502015 0.000024 0.111547 0.040577 
0.000009 0.163158 0.000000 0.000000 0.000000 0.018692 0.000000 0.226029 0.000000 0.000000 0.000023 0.035782 0.556307 
0.029993 0.767809 0.047830 0.000000 0.000000 0.029355 0.000000 0.000000 0.000000 0.000000 0.089883 0.000000 0.035129 
0.671173 0.078029 0.000000 0.000000 0.000000 0.000352 0.000000 0.048120 0.000000 0.145359 0.023802 0.000000 0.033166 
0.021568 0.023207 0.000000 0.000000 0.000000 0.013761 0.000000 0.868367 0.000000 0.000000 0.043727 0.000000 0.029371 
0.037888 0.071869 0.000000 0.000000 0.000000 0.341065 0.000000 0.300502 0.000000 0.000000 0.238290 0.000000 0.010386 
0.000012 0.164481 0.000000 0.000000 0.000000 0.761347 0.000000 0.000000 0.000000 0.000000 0.010407 0.027937 0.035815 
0.000008 0.106482 0.028471 0.000000 0.000000 0.036655 0.000000 0.000000 0.000000 0.000000 0.000016 0.026451 0.801917 
0.016169 0.426109 0.000000 0.000000 0.064475 0.013495 0.000000 0.000000 0.000000 0.000000 0.034023 0.000000 0.445729 
0.098730 0.056596 0.013765 0.000000 0.031833 0.677296 0.000000 0.000000 0.000000 0.000000 0.000020 0.121728 0.000032 
0.032537 0.489243 0.046112 0.000000 0.000000 0.005838 0.000000 0.317441 0.000000 0.000000 0.013648 0.000000 0.095181 
0.012439 0.070721 0.095276 0.000000 0.000000 0.028223 0.000000 0.000000 0.000000 0.000000 0.004690 0.000000 0.788651 
0.000010 0.126726 0.060482 0.000000 0.000000 0.013830 0.000000 0.738025 0.000000 0.000000 0.034479 0.000000 0.026448 
0.405474 0.160478 0.000000 0.000000 0.172147 0.030164 0.000000 0.000000 0.112214 0.043462 0.056488 0.000000 0.019572 
0.012268 0.155262 0.000000 0.000000 0.000000 0.022397 0.000000 0.027101 0.000000 0.414569 0.000023 0.148143 0.220236 
0.000011 0.030431 0.000000 0.000000 0.000000 0.017749 0.000000 0.703258 0.000000 0.043695 0.000017 0.000000 0.204839 
0.064672 0.130726 0.134335 0.000000 0.000000 0.034965 0.000000 0.000000 0.000000 0.035460 0.017391 0.000000 0.582450 
0.028313 0.111829 0.000000 0.000000 0.074638 0.062934 0.000000 0.000000 0.024554 0.646173 0.015895 0.035634 0.000028 
0.016052 0.254863 0.277074 0.000000 0.119371 0.028889 0.000000 0.000000 0.000000 0.117929 0.030301 0.000000 0.155520 
0.000009 0.221424 0.000000 0.000000 0.097365 0.633761 0.000000 0.000000 0.000000 0.000000 0.026568 0.020849 0.000023 
0.065601 0.081864 0.000000 0.000000 0.171479 0.006503 0.000000 0.000000 0.000000 0.530685 0.000025 0.093498 0.050343 
0.167038 0.193623 0.033256 0.000000 0.243222 0.058121 0.000000 0.000000 0.104352 0.021089 0.168030 0.000000 0.011269 
0.000012 0.224900 0.051236 0.000000 0.356442 0.078865 0.000000 0.030357 0.134203 0.000000 0.106311 0.000000 0.017674 
0.000010 0.122986 0.000000 0.000000 0.111147 0.314573 0.000000 0.184881 0.030482 0.000000 0.052195 0.035417 0.148308 
0.016665 0.804850 0.000000 0.000000 0.000000 0.014374 0.000000 0.000000 0.000000 0.024692 0.088445 0.000000 0.050974 
0.000010 0.003066 0.000000 0.000000 0.000000 0.971864 0.000000 0.000000 0.000000 0.000000 0.000009 0.009965 0.015085 
0.005571 0.815695 0.000000 0.000000 0.000000 0.000215 0.000000 0.000000 0.000000 0.028037 0.047589 0.000000 0.102892 
0.018250 0.083620 0.024044 0.000000 0.030932 0.031118 0.000000 0.116429 0.000000 0.549887 0.038757 0.074726 0.032237 
0.457855 0.068612 0.000000 0.000000 0.000000 0.000370 0.030867 0.036516 0.000000 0.328395 0.000023 0.000000 0.077362 
0.000014 0.267464 0.000000 0.000000 0.000000 0.030770 0.000000 0.000000 0.027213 0.081712 0.024658 0.470863 0.097305 
0.000012 0.113949 0.032133 0.000000 0.000000 0.015792 0.000000 0.404319 0.000000 0.000000 0.000028 0.000000 0.433768 
0.000011 0.191947 0.000000 0.000000 0.000000 0.033870 0.000000 0.000000 0.000000 0.000000 0.395975 0.000000 0.378196 
0.056608 0.144061 0.000000 0.000000 0.000000 0.020863 0.000000 0.000000 0.026892 0.000000 0.029365 0.054928 0.667284 
0.053137 0.211931 0.043447 0.000000 0.222259 0.089819 0.000000 0.248013 0.065203 0.000000 0.034854 0.000000 0.031336 
0.000012 0.120770 0.000000 0.000000 0.000000 0.434872 0.000000 0.167099 0.000000 0.000000 0.277224 0.000000 0.000023 
0.546999 0.093021 0.043406 0.000000 0.000000 0.000362 0.000000 0.000000 0.000000 0.130411 0.128262 0.000000 0.057540 
0.388763 0.111291 0.000000 0.000000 0.000000 0.019480 0.000000 0.049024 0.000000 0.000000 0.000026 0.006707 0.424708 
0.000005 0.013849 0.000000 0.000000 0.000000 0.000511 0.000000 0.850440 0.000000 0.000000 0.013305 0.121871 0.000019 
0.020941 0.115892 0.000000 0.000000 0.311396 0.035670 0.065229 0.051775 0.133714 0.202384 0.000038 0.000000 0.062961 
0.014720 0.084692 0.000000 0.000000 0.000000 0.060371 0.000000 0.000000 0.000000 0.339020 0.000018 0.466572 0.034607 
0.000010 0.567103 0.189070 0.000000 0.000000 0.165308 0.000000 0.000000 0.000000 0.000000 0.025275 0.000000 0.053233 
0.595332 0.062114 0.000000 0.000000 0.000000 0.037840 0.000000 0.132273 0.000000 0.172386 0.000028 0.000000 0.000027 
0.014843 0.439101 0.000000 0.000000 0.023704 0.260139 0.000000 0.000000 0.000000 0.000000 0.009986 0.000000 0.252227 
0.010063 0.765975 0.000000 0.000000 0.000000 0.019906 0.000000 0.000000 0.000000 0.000000 0.055276 0.036792 0.111987 
0.000010 0.440466 0.259846 0.000000 0.000000 0.049638 0.000000 0.149055 0.055846 0.000000 0.045117 0.000000 0.000022 
0.000010 0.205564 0.025318 0.000000 0.000000 0.696164 0.056661 0.000000 0.000000 0.000000 0.010931 0.000000 0.005352 
0.943285 0.019073 0.000000 0.003325 0.000000 0.000425 0.000000 0.000000 0.000000 0.000000 0.000039 0.022366 0.011486 
0.019064 0.126104 0.000000 0.000000 0.088805 0.067928 0.017213 0.000000 0.000000 0.510615 0.017376 0.000000 0.152896 
0.181462 0.063559 0.000000 0.000000 0.000000 0.129946 0.000000 0.000000 0.000000 0.000000 0.000023 0.624988 0.000022 
0.000012 0.194202 0.000000 0.000000 0.000000 0.013397 0.000000 0.491487 0.000000 0.000000 0.000026 0.000000 0.300876 
0.223252 0.033695 0.000000 0.000000 0.000000 0.010720 0.000000 0.000000 0.035640 0.000000 0.000021 0.696643 0.000027 
0.651385 0.128742 0.046335 0.000000 0.052897 0.045907 0.000000 0.000000 0.000000 0.000000 0.014302 0.023075 0.037357 
0.000011 0.115330 0.000000 0.000000 0.000000 0.104410 0.000000 0.000000 0.000000 0.668571 0.048404 0.038537 0.024736 
0.000009 0.020459 0.000000 0.000000 0.000000 0.923325 0.000000 0.022783 0.000000 0.033380 0.000024 0.000000 0.000019 
0.016499 0.736101 0.000000 0.000000 0.091376 0.004954 0.000000 0.028549 0.000000 0.000000 0.060384 0.000000 0.062137 
0.000010 0.179694 0.000000 0.008749 0.000000 0.128327 0.000000 0.000000 0.012705 0.000000 0.000029 0.000000 0.670486 
0.019472 0.108576 0.000000 0.000000 0.000000 0.031469 0.000000 0.551002 0.000000 0.000000 0.016716 0.000000 0.272765 
0.028843 0.216491 0.000000 0.000000 0.000000 0.000572 0.000000 0.000000 0.019304 0.119843 0.572741 0.000000 0.042207 
