-957546.353195
0
0.001186 0.000548 0.000000 0.009015 0.000352 0.000253 0.000000 0.000000 0.000001 0.003378 0.013728 0.004393 0.000000 0.000000 0.000000 0.001585 0.002860 0.005118 0.001955 0.004689 0.000000 0.003664 0.001433 0.015812 0.003041 0.001230 0.001002 0.014328 0.000000 0.000000 0.000000 0.000000 0.000646 0.002451 0.012047 0.004838 0.000000 0.000219 0.000396 0.000756 0.000663 0.001761 0.001083 0.001932 0.002610 0.000938 0.003116 0.018940 0.001898 0.001527 0.000000 0.008248 0.000000 0.000143 0.000000 0.000000 0.000000 0.013116 0.028142 0.013752 0.000000 0.000000 0.000000 0.000242 0.006968 0.010485 0.005582 0.012878 0.000000 0.002014 0.000658 0.002599 0.038488 0.011844 0.004108 0.309050 0.000000 0.000000 0.000000 0.000000 0.002691 0.019076 0.214954 0.037019 0.000000 0.000411 0.000000 0.003414 0.002464 0.009627 0.006526 0.009896 0.005479 0.009183 0.001920 0.063630 
0.003971 0.004860 0.000783 0.002307 0.000659 0.000962 0.000000 0.001501 0.032720 0.017069 0.157466 0.014429 0.001729 0.002384 0.000000 0.005920 0.009889 0.006082 0.018197 0.004249 0.000000 0.002166 0.000609 0.002353 0.007307 0.014735 0.005441 0.031419 0.000000 0.000000 0.000000 0.000000 0.013332 0.014063 0.107694 0.011031 0.000000 0.001872 0.000000 0.000917 0.005401 0.003882 0.017697 0.004524 0.000000 0.003275 0.003243 0.005287 0.003990 0.006035 0.001307 0.005857 0.000000 0.002794 0.000000 0.000635 0.049117 0.053828 0.130767 0.038163 0.000000 0.001612 0.000270 0.002083 0.012295 0.005648 0.008718 0.007031 0.000000 0.000882 0.000497 0.002257 0.003416 0.005673 0.001346 0.005229 0.000000 0.000372 0.000000 0.000000 0.005271 0.006743 0.057031 0.005003 0.001195 0.000624 0.000000 0.001095 0.007564 0.003651 0.010000 0.003869 0.000000 0.001786 0.000783 0.004138 
0.000740 0.000676 0.000000 0.000152 0.000261 0.000584 0.000000 0.000908 0.006307 0.002147 0.002374 0.002552 0.000000 0.000000 0.000301 0.000320 0.002173 0.000239 0.000720 0.001494 0.000000 0.000000 0.000295 0.000000 0.000360 0.000000 0.000000 0.000250 0.000000 0.000309 0.000000 0.000463 0.013992 0.004806 0.004102 0.010110 0.000000 0.000516 0.000000 0.000400 0.000565 0.000531 0.000002 0.000672 0.000245 0.000000 0.000002 0.000000 0.000000 0.000000 0.000000 0.000001 0.000000 0.000000 0.000000 0.000445 0.006946 0.001511 0.000000 0.003873 0.000000 0.000000 0.000000 0.000301 0.000002 0.000000 0.000000 0.000603 0.000000 0.000000 0.000001 0.000277 0.013672 0.007165 0.002363 0.012657 0.036633 0.000000 0.001365 0.067034 0.424531 0.081755 0.048250 0.229548 0.000000 0.000001 0.000000 0.000451 0.000448 0.000003 0.000589 0.000003 0.000000 0.000000 0.000001 0.000000 
0.000003 0.000351 0.000000 0.000002 0.000000 0.000000 0.000000 0.000000 0.000001 0.019122 0.000001 0.004650 0.000793 0.001268 0.001392 0.003586 0.000947 0.000001 0.000465 0.001274 0.000000 0.000000 0.000726 0.000000 0.000792 0.000000 0.000000 0.000386 0.000000 0.000273 0.000474 0.000000 0.079535 0.104153 0.019745 0.079977 0.000000 0.001575 0.000692 0.001428 0.000506 0.001048 0.000763 0.004467 0.000208 0.000648 0.000747 0.000000 0.000000 0.000000 0.000000 0.000000 0.000000 0.000213 0.000000 0.000000 0.000001 0.020930 0.000000 0.015964 0.000000 0.000000 0.000000 0.001354 0.000292 0.000000 0.000000 0.008822 0.000000 0.000000 0.001427 0.000366 0.000519 0.000989 0.000001 0.000258 0.000000 0.000000 0.000000 0.000000 0.118377 0.289756 0.100224 0.088943 0.001055 0.001561 0.001026 0.005598 0.001555 0.001645 0.001406 0.002305 0.000000 0.000923 0.000962 0.001526 
0.013917 0.008740 0.000000 0.009426 0.011134 0.008008 0.001594 0.013243 0.017805 0.007803 0.011614 0.016347 0.014543 0.008753 0.009717 0.022270 0.029538 0.013237 0.020600 0.033985 0.015626 0.003184 0.008802 0.011918 0.008102 0.002278 0.000000 0.005753 0.006586 0.005992 0.000443 0.010867 0.011240 0.005578 0.004497 0.011068 0.006240 0.007431 0.005300 0.012869 0.013870 0.016003 0.013395 0.022514 0.009158 0.005602 0.011388 0.024799 0.010343 0.006269 0.000000 0.008840 0.003905 0.004711 0.000000 0.009251 0.011046 0.007833 0.006605 0.012604 0.005076 0.005177 0.004486 0.008215 0.012007 0.010938 0.010914 0.014419 0.004718 0.002406 0.010143 0.010831 0.017006 0.004049 0.000433 0.019165 0.006563 0.007917 0.000232 0.015294 0.007057 0.007156 0.000205 0.010155 0.017245 0.007881 0.009687 0.020098 0.016044 0.016052 0.009672 0.024908 0.021829 0.007827 0.010411 0.029598 
0.040979 0.038029 0.013171 0.032084 0.013364 0.005728 0.003278 0.007125 0.013935 0.007075 0.000000 0.010545 0.006125 0.005984 0.010835 0.003662 0.008230 0.002093 0.007252 0.004894 0.000000 0.000000 0.002348 0.000000 0.045109 0.053843 0.006728 0.044403 0.012644 0.010689 0.005168 0.011737 0.016496 0.012426 0.004446 0.022291 0.009813 0.013326 0.031336 0.017462 0.003732 0.003246 0.008296 0.005203 0.000000 0.001332 0.004998 0.000000 0.033875 0.031309 0.014876 0.027229 0.007605 0.009439 0.004120 0.006387 0.005390 0.005357 0.000000 0.006934 0.009207 0.006807 0.014788 0.008655 0.005539 0.002442 0.002941 0.002245 0.000000 0.000000 0.002843 0.000000 0.033195 0.047247 0.007872 0.036829 0.005538 0.010791 0.003269 0.006768 0.004062 0.006471 0.000185 0.007209 0.005727 0.007759 0.008519 0.008584 0.002178 0.001558 0.002244 0.001787 0.000000 0.000000 0.002759 0.000000 
0.024458 0.056181 0.000000 0.000001 0.477201 0.442158 
0.158221 0.436753 0.033141 0.000002 0.236830 0.135053 
0.000002 0.025000 0.972543 0.000001 0.000172 0.002282 
0.000002 0.030124 0.150884 0.000001 0.518357 0.300632 
0.000002 0.013665 0.000000 0.421328 0.032997 0.532008 
0.000002 0.000086 0.000000 0.016808 0.096921 0.886183 
0.117123 0.178476 0.000000 0.016503 0.667206 0.020691 
0.034730 0.015755 0.088857 0.035128 0.418265 0.407265 
0.000001 0.000031 0.999517 0.000001 0.000082 0.000368 
0.030679 0.664116 0.000000 0.046000 0.058491 0.200713 
0.000002 0.041974 0.000001 0.000001 0.393443 0.564579 
0.000002 0.481412 0.000000 0.000001 0.120805 0.397780 
0.220657 0.044917 0.000000 0.186068 0.409047 0.139311 
0.000002 0.077909 0.233667 0.031644 0.487983 0.168795 
0.000002 0.132339 0.032713 0.000001 0.517701 0.317244 
0.000002 0.000066 0.083475 0.486381 0.279596 0.150480 
0.058493 0.250098 0.071055 0.000002 0.201044 0.419308 
0.000002 0.316128 0.000000 0.065792 0.423922 0.194156 
0.021650 0.058893 0.000000 0.074686 0.706967 0.137804 
0.074808 0.099106 0.310930 0.447818 0.028197 0.039141 
0.000002 0.054504 0.000000 0.317295 0.281128 0.347071 
0.000002 0.770763 0.000000 0.039281 0.123097 0.066857 
0.000002 0.029681 0.000000 0.264082 0.076760 0.629475 
0.000001 0.072224 0.000000 0.047311 0.692375 0.188088 
0.000002 0.000090 0.000000 0.851158 0.100545 0.048204 
0.050037 0.560706 0.000000 0.038179 0.155491 0.195587 
0.379160 0.018081 0.170287 0.000001 0.000281 0.432190 
0.000002 0.049951 0.011283 0.564144 0.283812 0.090808 
0.000002 0.015868 0.009499 0.000001 0.705413 0.269215 
0.000002 0.372724 0.034949 0.000001 0.208681 0.383643 
0.000002 0.075605 0.276700 0.217625 0.372606 0.057462 
0.000002 0.062507 0.000000 0.031964 0.366256 0.539271 
0.000002 0.169088 0.239773 0.000002 0.428755 0.162381 
0.256060 0.435594 0.000000 0.207309 0.064578 0.036459 
0.000002 0.000068 0.848936 0.000002 0.105539 0.045454 
0.222988 0.030693 0.000000 0.000001 0.366140 0.380176 
0.560214 0.000064 0.000000 0.292971 0.106576 0.040175 
0.000002 0.124419 0.780941 0.000001 0.076356 0.018281 
0.512178 0.049463 0.033030 0.000002 0.120940 0.284388 
0.000001 0.051317 0.000001 0.027147 0.100210 0.821325 
0.644727 0.222848 0.000000 0.050897 0.000265 0.081263 
0.000002 0.073583 0.014042 0.011142 0.242318 0.658914 
0.156793 0.038925 0.012552 0.000001 0.226075 0.565654 
0.000002 0.440735 0.000000 0.070278 0.421022 0.067963 
0.005982 0.023489 0.524166 0.000001 0.000269 0.446092 
0.000002 0.015294 0.000000 0.378046 0.489041 0.117616 
0.067188 0.116826 0.000001 0.000001 0.372786 0.443198 
0.087387 0.000074 0.000000 0.000001 0.912159 0.000378 
0.000002 0.295606 0.130404 0.000001 0.000240 0.573746 
0.829575 0.000063 0.000000 0.113008 0.026483 0.030870 
0.021523 0.361097 0.207904 0.000001 0.121493 0.287982 
0.000002 0.000066 0.433026 0.109320 0.331870 0.125717 
0.000002 0.000052 0.623725 0.000001 0.214803 0.161417 
0.029509 0.364095 0.510043 0.000001 0.000256 0.096096 
0.000002 0.286369 0.030081 0.158628 0.370791 0.154129 
0.166841 0.000070 0.211675 0.000001 0.146815 0.474597 
0.000002 0.000072 0.999583 0.000001 0.000178 0.000163 
0.008264 0.000025 0.022802 0.946162 0.000458 0.022289 
0.000002 0.208330 0.014264 0.053609 0.403971 0.319825 
0.038927 0.139288 0.000000 0.050206 0.770938 0.000641 
0.000002 0.338789 0.000000 0.048681 0.492118 0.120411 
0.487000 0.398771 0.000000 0.083611 0.030297 0.000322 
0.953036 0.000053 0.010574 0.000001 0.000363 0.035973 
0.045837 0.000081 0.000000 0.686522 0.233678 0.033882 
0.286382 0.000070 0.000000 0.195962 0.198236 0.319350 
0.960802 0.000055 0.000000 0.000001 0.000358 0.038782 
0.000001 0.794361 0.000000 0.154178 0.040981 0.010478 
0.000002 0.000048 0.000000 0.964486 0.000317 0.035147 
0.124491 0.018330 0.011602 0.082974 0.738444 0.024159 
0.146698 0.049808 0.000000 0.000001 0.433572 0.369920 
0.000002 0.011808 0.889900 0.000002 0.060037 0.038251 
0.028196 0.722340 0.000000 0.055319 0.138593 0.055552 
0.000002 0.088253 0.000000 0.013019 0.311869 0.586856 
0.000002 0.520216 0.146759 0.308047 0.024344 0.000633 
0.000001 0.000030 0.025161 0.845682 0.000165 0.128961 
0.185989 0.035553 0.104355 0.000001 0.000342 0.673760 
0.000002 0.506122 0.000000 0.035509 0.221238 0.237129 
0.623077 0.000058 0.000000 0.272830 0.067368 0.036666 
0.435928 0.407983 0.023677 0.017598 0.071504 0.043309 
0.366730 0.267665 0.029675 0.066664 0.221994 0.047273 
0.210443 0.040077 0.000000 0.026645 0.603482 0.119352 
0.861229 0.114218 0.005948 0.000001 0.000320 0.018284 
0.036341 0.000050 0.000000 0.000002 0.614458 0.349150 
0.405062 0.000055 0.078126 0.032599 0.403614 0.080545 
0.043416 0.000067 0.131026 0.780746 0.040543 0.004202 
0.612998 0.385990 0.000000 0.000001 0.000246 0.000765 
0.105452 0.157606 0.101110 0.436008 0.059664 0.140160 
0.055524 0.705734 0.016459 0.000001 0.221710 0.000571 
0.530074 0.346309 0.004182 0.000001 0.118770 0.000664 
0.000002 0.000064 0.000000 0.333386 0.376765 0.289782 
0.000002 0.000037 0.005993 0.976247 0.000251 0.017470 
0.045430 0.715323 0.000000 0.051731 0.132975 0.054540 
0.017905 0.559918 0.000000 0.088075 0.112158 0.221943 
0.043283 0.023460 0.045470 0.000002 0.655510 0.232276 
0.000002 0.030208 0.000000 0.000001 0.015645 0.954145 
0.000002 0.000061 0.000000 0.056502 0.647060 0.296376 
0.000001 0.000047 0.999493 0.000002 0.000252 0.000204 
0.020955 0.069224 0.007123 0.000001 0.499511 0.403186 
0.013500 0.803681 0.033352 0.000001 0.149065 0.000401 
0.000002 0.059395 0.018190 0.146743 0.313370 0.462300 
0.026514 0.009486 0.141047 0.044284 0.006618 0.772051 
0.031533 0.019717 0.006195 0.000001 0.941905 0.000649 
0.012663 0.064280 0.000000 0.000001 0.000363 0.922693 
0.032071 0.067045 0.000000 0.900074 0.000365 0.000444 
0.000001 0.087418 0.000000 0.052837 0.726392 0.133351 
0.000001 0.080715 0.011502 0.000001 0.081109 0.826670 
0.000002 0.742209 0.021184 0.000001 0.149562 0.087041 
0.024039 0.059799 0.015223 0.055646 0.272860 0.572432 
0.047528 0.000081 0.178401 0.000001 0.608592 0.165397 
0.000002 0.223326 0.000000 0.087199 0.336647 0.352825 
0.948732 0.015371 0.019440 0.016030 0.000183 0.000244 
0.055327 0.465178 0.040473 0.175344 0.190715 0.072963 
0.000002 0.023011 0.000000 0.109050 0.020879 0.847058 
0.132481 0.035036 0.399984 0.069736 0.300587 0.062176 
0.000001 0.053845 0.074200 0.038981 0.481846 0.351127 
0.999355 0.000056 0.000000 0.000001 0.000167 0.000421 
0.021957 0.048516 0.000000 0.000001 0.912418 0.017107 
0.611964 0.317459 0.000000 0.034721 0.019068 0.016788 
0.000002 0.052831 0.291962 0.027480 0.444894 0.182832 
0.020994 0.053345 0.247101 0.000001 0.066625 0.611934 
0.520096 0.161557 0.229704 0.060388 0.000275 0.027980 
0.000001 0.000057 0.037099 0.000002 0.665065 0.297776 
0.000002 0.922065 0.040994 0.000001 0.000218 0.036720 
0.000001 0.324519 0.035479 0.058240 0.351402 0.230360 
0.123736 0.759705 0.010261 0.013202 0.063617 0.029479 
0.041733 0.426417 0.000000 0.000001 0.000195 0.531653 
0.051739 0.055432 0.000000 0.282899 0.247274 0.362656 
0.000001 0.135429 0.000000 0.092537 0.618811 0.153221 
0.174824 0.078589 0.016929 0.000002 0.000258 0.729398 
0.027288 0.747146 0.033005 0.000002 0.162255 0.030304 
0.000002 0.069246 0.028303 0.033728 0.708703 0.160018 
0.000002 0.420576 0.000000 0.000002 0.494354 0.085066 
0.000002 0.028811 0.000000 0.006666 0.136161 0.828360 
0.000002 0.006102 0.819496 0.000001 0.085723 0.088675 
0.000002 0.076858 0.055751 0.000001 0.322122 0.545266 
0.868058 0.000071 0.011734 0.000001 0.104739 0.015397 
0.000001 0.958792 0.000000 0.000002 0.029394 0.011811 
0.000001 0.000043 0.071007 0.000001 0.589637 0.339311 
0.055590 0.000059 0.000000 0.028186 0.575744 0.340419 
0.485600 0.096199 0.000000 0.037389 0.271511 0.109301 
0.000002 0.090030 0.000000 0.150354 0.607882 0.151732 
0.000002 0.073051 0.021643 0.160323 0.464880 0.280102 
0.000001 0.000068 0.056016 0.024500 0.512598 0.406816 
0.004465 0.641071 0.233705 0.000001 0.062041 0.058718 
0.025641 0.546895 0.000000 0.158120 0.168908 0.100436 
0.028522 0.051664 0.005555 0.000001 0.383068 0.531190 
0.172326 0.022950 0.000000 0.000002 0.387447 0.417274 
0.000002 0.878392 0.036139 0.000001 0.042479 0.042986 
0.000002 0.098553 0.183106 0.000001 0.034524 0.683813 
0.999380 0.000070 0.000001 0.000001 0.000287 0.000261 
0.013189 0.000054 0.000000 0.034917 0.556718 0.395122 
0.000001 0.003990 0.000000 0.985241 0.010683 0.000084 
0.045262 0.548999 0.037299 0.292532 0.019880 0.056028 
0.049153 0.000066 0.000000 0.000001 0.918551 0.032228 
0.480234 0.000058 0.000000 0.000002 0.269174 0.250532 
0.000002 0.049042 0.067980 0.396445 0.206752 0.279780 
0.131190 0.000038 0.000000 0.000002 0.000287 0.868482 
0.030150 0.560554 0.000000 0.223560 0.147256 0.038479 
0.000002 0.063002 0.000000 0.000001 0.391962 0.545032 
0.000002 0.089681 0.000000 0.047126 0.643277 0.219914 
0.022336 0.966110 0.011109 0.000001 0.000175 0.000269 
0.000002 0.016687 0.121724 0.524612 0.287928 0.049047 
0.000001 0.000045 0.000000 0.070133 0.591655 0.338166 
0.000002 0.566808 0.000000 0.000001 0.129233 0.303955 
0.053118 0.014543 0.000000 0.000001 0.932040 0.000297 
0.854435 0.000060 0.052623 0.084556 0.000328 0.007998 
0.000002 0.092061 0.007517 0.865937 0.000343 0.034140 
0.200986 0.035595 0.000000 0.025443 0.720029 0.017947 
0.856813 0.000069 0.010924 0.114928 0.000399 0.016867 
0.000002 0.278652 0.000000 0.023333 0.341833 0.356181 
0.000002 0.022947 0.567409 0.026233 0.301306 0.082104 
0.297221 0.044055 0.053794 0.000001 0.119535 0.485394 
0.028532 0.596280 0.000000 0.065990 0.165286 0.143912 
0.021703 0.117444 0.316904 0.000002 0.324285 0.219662 
0.258565 0.133721 0.000000 0.000001 0.377815 0.229898 
0.845000 0.017114 0.000000 0.000001 0.096382 0.041503 
0.000002 0.031487 0.000000 0.000002 0.324812 0.643698 
0.534142 0.033855 0.000000 0.022887 0.369384 0.039731 
0.000001 0.893113 0.000000 0.046565 0.057417 0.002903 
0.040368 0.051904 0.110104 0.126436 0.289147 0.382041 
0.000002 0.035693 0.383545 0.113008 0.023428 0.444324 
0.552584 0.000061 0.000000 0.015071 0.333066 0.099218 
0.018326 0.017816 0.000000 0.450108 0.000366 0.513384 
0.000002 0.076473 0.000000 0.042514 0.689387 0.191625 
0.000002 0.193126 0.121033 0.050082 0.011521 0.624236 
0.000002 0.649677 0.065054 0.000002 0.145800 0.139465 
0.232678 0.051328 0.000000 0.000001 0.000296 0.715697 
0.000002 0.040550 0.029147 0.000001 0.480841 0.449459 
0.060401 0.148836 0.678957 0.000001 0.045463 0.066342 
0.914104 0.000062 0.016827 0.000001 0.046306 0.022700 
0.352302 0.000062 0.015056 0.338486 0.284442 0.009651 
0.015387 0.039151 0.000000 0.769658 0.030145 0.145658 
0.000002 0.048451 0.000000 0.012664 0.001074 0.937808 
0.000002 0.034437 0.004597 0.000001 0.204810 0.756153 
0.000002 0.121493 0.098028 0.683363 0.044144 0.052970 
0.326848 0.000068 0.023486 0.000001 0.262765 0.386831 
0.021277 0.009474 0.009060 0.000001 0.013690 0.946498 
0.749366 0.000061 0.000000 0.000001 0.138207 0.112364 
0.000002 0.100181 0.422144 0.000002 0.401435 0.076237 
0.040897 0.613363 0.009058 0.000001 0.000361 0.336320 
0.730648 0.048233 0.000000 0.000001 0.000179 0.220939 
0.000002 0.059822 0.075547 0.000002 0.098756 0.765872 
0.022268 0.732474 0.024092 0.060668 0.110099 0.050399 
0.000002 0.156446 0.020517 0.000002 0.440978 0.382056 
0.000002 0.030599 0.000000 0.639829 0.213149 0.116421 
0.019811 0.694367 0.058114 0.000001 0.116455 0.111252 
0.000001 0.084988 0.156875 0.050493 0.651698 0.055945 
0.015439 0.090378 0.000000 0.060561 0.758214 0.075407 
0.192975 0.063308 0.000000 0.307189 0.208414 0.228114 
0.000002 0.048759 0.006899 0.000001 0.454095 0.490244 
0.000001 0.010257 0.000000 0.975695 0.000126 0.013921 
0.000002 0.052452 0.000000 0.000001 0.387802 0.559744 
0.151312 0.644817 0.022618 0.000002 0.123539 0.057713 
0.046296 0.355117 0.472847 0.000001 0.000419 0.125320 
0.000002 0.597716 0.000000 0.000001 0.135854 0.266426 
0.421771 0.000070 0.000000 0.000001 0.000400 0.577757 
0.036251 0.000068 0.000000 0.000001 0.539645 0.424035 
0.000002 0.077101 0.049589 0.000001 0.063091 0.810216 
0.237506 0.059690 0.044331 0.086968 0.423669 0.147836 
0.211943 0.016796 0.000000 0.407343 0.363428 0.000490 
0.000001 0.144337 0.550765 0.000001 0.232093 0.072802 
0.052949 0.022733 0.393355 0.000001 0.000352 0.530610 
0.869367 0.128875 0.000000 0.000001 0.001480 0.000278 
0.036833 0.353263 0.000000 0.065876 0.409804 0.134224 
0.008451 0.847734 0.011004 0.038394 0.000303 0.094115 
0.000002 0.024435 0.000000 0.138803 0.406299 0.430461 
0.135861 0.175745 0.613624 0.023739 0.023180 0.027851 
0.000002 0.028820 0.000000 0.259970 0.129234 0.581974 
0.000002 0.056846 0.000000 0.000001 0.373250 0.569899 
0.146139 0.000074 0.000000 0.019305 0.579975 0.254507 
0.000002 0.009283 0.000000 0.723149 0.131201 0.136364 
0.002844 0.022308 0.952369 0.000001 0.000366 0.022112 
0.044377 0.560769 0.000000 0.076634 0.080656 0.237562 
0.000001 0.688744 0.184560 0.098057 0.000374 0.028263 
0.509132 0.000065 0.000000 0.000001 0.040938 0.449864 
0.000002 0.776714 0.207368 0.000001 0.000365 0.015550 
0.000002 0.037097 0.696355 0.000002 0.139958 0.126586 
0.021744 0.737292 0.000000 0.099940 0.100102 0.040922 
0.023231 0.039372 0.000000 0.936639 0.000340 0.000418 
0.032523 0.032064 0.000000 0.000001 0.429599 0.505812 
0.023841 0.029498 0.000000 0.103619 0.000382 0.842660 
0.583443 0.000066 0.013701 0.013056 0.026959 0.362774 
0.060429 0.115816 0.000000 0.000001 0.780593 0.043161 
0.000001 0.027069 0.858663 0.000001 0.077417 0.036848 
0.032981 0.000069 0.000000 0.671648 0.250876 0.044426 
0.000002 0.000061 0.015511 0.129378 0.612310 0.242738 
0.000002 0.226483 0.000000 0.044255 0.487990 0.241270 
0.000002 0.000055 0.036326 0.000001 0.621033 0.342583 
0.000002 0.029372 0.120117 0.000001 0.006940 0.843567 
0.000002 0.027832 0.425466 0.000001 0.230466 0.316233 
0.042674 0.000060 0.000000 0.000001 0.913289 0.043976 
0.000002 0.034764 0.000000 0.000001 0.405524 0.559708 
0.009845 0.427043 0.000000 0.022412 0.124039 0.416661 
0.232109 0.150946 0.115136 0.153445 0.000379 0.347985 
0.170323 0.005706 0.024176 0.504590 0.208053 0.087152 
0.000002 0.066438 0.000000 0.703288 0.151584 0.078687 
0.047736 0.055815 0.000000 0.016543 0.000392 0.879514 
0.000002 0.121533 0.339546 0.000002 0.426694 0.112225 
0.067852 0.402120 0.017588 0.000001 0.511801 0.000638 
0.022496 0.123504 0.653916 0.000001 0.000332 0.199752 
0.112948 0.015228 0.118343 0.000002 0.636449 0.117029 
0.600539 0.259410 0.000000 0.056896 0.040029 0.043125 
0.015905 0.041986 0.042675 0.000001 0.384360 0.515074 
0.000001 0.864536 0.000000 0.000001 0.020475 0.114986 
0.000002 0.011330 0.059045 0.610162 0.110964 0.208498 
0.504001 0.000072 0.025130 0.420177 0.050030 0.000590 
0.000002 0.344668 0.101125 0.383555 0.092899 0.077751 
0.167548 0.085534 0.134896 0.000001 0.275571 0.336450 
0.038459 0.054704 0.023368 0.000001 0.870145 0.013324 
0.000002 0.044839 0.097304 0.348111 0.390758 0.118986 
0.044490 0.327542 0.000000 0.056262 0.558872 0.012834 
0.000002 0.073567 0.000000 0.043624 0.651709 0.231097 
0.005036 0.000053 0.000000 0.028788 0.640766 0.325357 
0.000002 0.008277 0.000000 0.157914 0.453900 0.379907 
0.046053 0.563151 0.056731 0.027891 0.267509 0.038664 
0.056424 0.270135 0.000000 0.032437 0.313802 0.327201 
0.000002 0.023865 0.603890 0.000001 0.145420 0.226821 
0.000001 0.099783 0.000000 0.686257 0.131421 0.082537 
0.000002 0.000042 0.000000 0.948339 0.010964 0.040652 
0.376120 0.185147 0.039631 0.000002 0.319709 0.079391 
0.425617 0.000075 0.186185 0.000001 0.346681 0.041440 
0.092572 0.535666 0.013321 0.044256 0.205638 0.108547 
0.077309 0.000085 0.000000 0.368244 0.142754 0.411608 
0.010982 0.094610 0.000000 0.421491 0.424016 0.048900 
0.000002 0.000066 0.009811 0.000001 0.740181 0.249938 
0.043903 0.000063 0.031683 0.013762 0.910241 0.000348 
0.082068 0.644671 0.022250 0.022815 0.124038 0.104158 
0.035277 0.020846 0.000000 0.000001 0.583268 0.360607 
0.043300 0.000038 0.000000 0.740213 0.090248 0.126201 
0.037459 0.876328 0.000000 0.000001 0.085856 0.000356 
0.483770 0.081939 0.000000 0.039435 0.109926 0.284930 
0.790136 0.000052 0.173276 0.030791 0.005339 0.000406 
0.000002 0.987720 0.000000 0.000001 0.011907 0.000370 
0.505731 0.065230 0.015846 0.000001 0.325216 0.087974 
0.000001 0.052294 0.016940 0.148948 0.587670 0.194146 
0.000002 0.000070 0.000000 0.000002 0.006712 0.993215 
0.000002 0.177388 0.753559 0.000001 0.024231 0.044820 
0.095635 0.430905 0.000000 0.000001 0.472769 0.000688 
0.273033 0.025046 0.054467 0.640889 0.000227 0.006338 
0.000002 0.211639 0.291107 0.073132 0.112914 0.311207 
0.058052 0.000056 0.105502 0.014520 0.808390 0.013479 
0.000002 0.026872 0.514292 0.066524 0.299545 0.092766 
0.000002 0.060676 0.076048 0.018274 0.106820 0.738181 
0.000002 0.173767 0.732573 0.000001 0.063409 0.030248 
0.000002 0.100996 0.308798 0.453501 0.033933 0.102769 
0.000002 0.000034 0.487872 0.502739 0.000194 0.009159 
0.804608 0.033472 0.000000 0.000001 0.126792 0.035127 
0.010331 0.000038 0.000000 0.000002 0.043764 0.945864 
0.000001 0.018842 0.740099 0.053992 0.084980 0.102087 
0.512157 0.277337 0.094772 0.019176 0.061610 0.034949 
0.000001 0.023217 0.013455 0.000001 0.214558 0.748768 
0.085059 0.000076 0.000000 0.000001 0.914573 0.000290 
0.000002 0.000077 0.105391 0.000002 0.573936 0.320592 
0.000002 0.071670 0.582209 0.000001 0.163188 0.182929 
0.011134 0.021315 0.529369 0.000002 0.297935 0.140246 
0.169836 0.000053 0.829550 0.000001 0.000258 0.000302 
0.000002 0.000074 0.000000 0.746984 0.252339 0.000601 
0.026757 0.000074 0.000000 0.000001 0.972859 0.000308 
0.000002 0.054329 0.000000 0.092863 0.732297 0.120509 
0.000002 0.000074 0.258601 0.000001 0.518304 0.223018 
0.000001 0.068870 0.000000 0.013982 0.527818 0.389328 
0.000002 0.794877 0.000000 0.172036 0.021265 0.011820 
0.000001 0.883720 0.000000 0.000002 0.001768 0.114509 
0.366884 0.495879 0.025252 0.015377 0.028054 0.068553 
0.000001 0.000046 0.123240 0.846507 0.000210 0.029996 
0.634659 0.000061 0.017468 0.050463 0.021298 0.276051 
0.000002 0.624290 0.019767 0.000001 0.221985 0.133954 
0.052717 0.929973 0.000000 0.006646 0.000387 0.010276 
0.467623 0.139677 0.025901 0.000001 0.070826 0.295970 
0.051861 0.011583 0.000000 0.769376 0.058076 0.109103 
0.231246 0.059465 0.000000 0.000001 0.642819 0.066468 
0.000002 0.113726 0.000000 0.078529 0.631564 0.176179 
0.000002 0.000088 0.000000 0.000001 0.174041 0.825868 
0.151183 0.032732 0.000000 0.010723 0.627275 0.178086 
0.000002 0.961389 0.016264 0.000002 0.000311 0.022032 
0.663703 0.118752 0.000000 0.049707 0.127806 0.040031 
0.030341 0.711254 0.000000 0.037663 0.209128 0.011613 
0.000002 0.027255 0.034135 0.000001 0.140097 0.798510 
0.000002 0.317224 0.000000 0.030883 0.030229 0.621662 
0.000002 0.238629 0.000000 0.027642 0.553137 0.180591 
0.074092 0.457622 0.000000 0.005510 0.230665 0.232112 
0.000002 0.000039 0.760602 0.000001 0.130118 0.109238 
0.030344 0.699590 0.092773 0.057311 0.108191 0.011791 
0.000001 0.004783 0.000000 0.751974 0.000236 0.243005 
0.432030 0.048723 0.000000 0.131813 0.154151 0.233283 
0.014300 0.014243 0.000000 0.675342 0.166777 0.129336 
0.000002 0.175716 0.000000 0.093370 0.427314 0.303598 
0.460871 0.010196 0.000000 0.000002 0.000322 0.528608 
0.000002 0.694118 0.104501 0.089990 0.088074 0.023316 
0.000002 0.033171 0.000000 0.443982 0.000270 0.522575 
0.000002 0.000055 0.994205 0.000001 0.005425 0.000312 
0.000002 0.045652 0.566315 0.044308 0.037491 0.306232 
0.000002 0.575350 0.000000 0.079063 0.185666 0.159919 
0.044220 0.322314 0.017490 0.000001 0.615479 0.000496 
0.938897 0.046868 0.000000 0.000001 0.000412 0.013821 
0.014486 0.057130 0.000000 0.000001 0.905647 0.022735 
0.035031 0.006095 0.036155 0.884932 0.030291 0.007497 
0.020389 0.054086 0.000000 0.034504 0.611296 0.279725 
0.000001 0.000037 0.000000 0.993550 0.000195 0.006216 
0.052915 0.162286 0.000000 0.047356 0.636577 0.100867 
0.025381 0.799325 0.010238 0.014092 0.108914 0.042049 
0.186796 0.012353 0.000000 0.000002 0.734360 0.066488 
0.000002 0.067111 0.030684 0.000001 0.334112 0.568090 
0.053323 0.717799 0.000000 0.079241 0.070315 0.079321 
0.361022 0.515073 0.000000 0.041899 0.031726 0.050278 
0.982586 0.000062 0.000000 0.000001 0.016935 0.000415 
0.113498 0.015533 0.035027 0.104422 0.492988 0.238532 
0.172698 0.062127 0.102047 0.492922 0.020628 0.149577 
0.000002 0.010410 0.000000 0.000001 0.455826 0.533760 
0.727291 0.000054 0.169182 0.000001 0.000378 0.103094 
0.000002 0.710806 0.000000 0.000001 0.000315 0.288875 
0.231624 0.119218 0.000000 0.000002 0.439914 0.209241 
0.000002 0.096817 0.016879 0.052630 0.340431 0.493241 
0.000002 0.410175 0.000000 0.000001 0.000281 0.589541 
0.137839 0.351496 0.035161 0.019295 0.231137 0.225072 
0.000001 0.000047 0.020613 0.910708 0.014115 0.054516 
0.377806 0.441851 0.000000 0.037166 0.024163 0.119014 
0.000002 0.034536 0.780773 0.025530 0.094843 0.064317 
0.000002 0.058183 0.054252 0.016121 0.133775 0.737668 
0.120764 0.023628 0.000000 0.000002 0.444325 0.411281 
0.000001 0.015962 0.042124 0.000002 0.010997 0.930914 
0.028191 0.322060 0.000000 0.133946 0.075445 0.440358 
0.022109 0.048824 0.000000 0.042871 0.489805 0.396391 
0.000002 0.317620 0.102327 0.079259 0.427730 0.073062 
0.000002 0.037036 0.000000 0.483545 0.219595 0.259821 
0.263956 0.000071 0.059794 0.525736 0.112647 0.037797 
0.000002 0.018805 0.663949 0.028079 0.149134 0.140031 
0.000002 0.010440 0.598057 0.038397 0.000189 0.352915 
0.918619 0.000063 0.024462 0.017697 0.038134 0.001025 
0.000002 0.989203 0.009775 0.000001 0.000383 0.000636 
0.000002 0.040970 0.216948 0.000001 0.320013 0.422066 
0.000002 0.712567 0.000000 0.000002 0.000254 0.287174 
0.000002 0.554183 0.000000 0.028701 0.132478 0.284635 
0.012400 0.455072 0.106957 0.032097 0.000259 0.393216 
0.149456 0.083672 0.000000 0.000001 0.748271 0.018600 
0.271166 0.212695 0.411833 0.000001 0.061063 0.043241 
0.047778 0.036308 0.021278 0.430442 0.138976 0.325218 
0.115018 0.095610 0.050045 0.665680 0.052718 0.020929 
0.000002 0.014381 0.000000 0.028909 0.673105 0.283602 
0.000002 0.089948 0.016081 0.200091 0.531364 0.162514 
0.000002 0.973864 0.000000 0.000001 0.025743 0.000390 
0.485704 0.045302 0.000000 0.000001 0.405317 0.063676 
0.016277 0.000040 0.983297 0.000001 0.000221 0.000162 
0.225053 0.000059 0.000000 0.000001 0.490813 0.284073 
0.057615 0.035544 0.000000 0.548762 0.219234 0.138845 
0.045367 0.068498 0.000000 0.000001 0.756623 0.129510 
0.676097 0.013639 0.019645 0.000001 0.000273 0.290345 
0.841305 0.000056 0.000000 0.049020 0.066811 0.042808 
0.026640 0.062088 0.000000 0.205178 0.000228 0.705866 
0.025009 0.683062 0.025592 0.125943 0.101940 0.038454 
0.000002 0.071541 0.000000 0.000002 0.928123 0.000332 
0.533665 0.047380 0.403163 0.000001 0.000272 0.015519 
0.021198 0.777762 0.007354 0.019847 0.143918 0.029921 
0.148041 0.000057 0.000000 0.000002 0.575392 0.276508 
0.000002 0.103121 0.000000 0.063789 0.538687 0.294401 
0.000002 0.000047 0.029096 0.000001 0.524748 0.446105 
0.000002 0.000054 0.000000 0.337364 0.421984 0.240596 
0.000002 0.111370 0.000000 0.000001 0.640253 0.248374 
0.409485 0.029000 0.029707 0.104795 0.229291 0.197721 
0.007666 0.000047 0.000001 0.977179 0.014736 0.000371 
0.022253 0.593857 0.000000 0.056729 0.213644 0.113517 
0.000002 0.032173 0.000000 0.155183 0.332604 0.480039 
0.305443 0.043732 0.076910 0.037201 0.253514 0.283200 
0.526718 0.000061 0.000000 0.000001 0.359937 0.113282 
0.000001 0.000061 0.309575 0.000002 0.405807 0.284553 
0.000002 0.020462 0.064583 0.000001 0.487118 0.427835 
0.096458 0.094637 0.019009 0.000001 0.327215 0.462680 
0.597831 0.000042 0.049546 0.312095 0.011915 0.028571 
0.000002 0.312427 0.077462 0.023803 0.422015 0.164291 
0.175481 0.180865 0.032151 0.010131 0.366320 0.235053 
0.092247 0.067111 0.000000 0.000001 0.000310 0.840330 
0.020598 0.087814 0.098160 0.000001 0.123063 0.670362 
0.000001 0.000051 0.000001 0.000002 0.559308 0.440637 
0.000001 0.190117 0.023355 0.308021 0.404666 0.073839 
0.038941 0.010706 0.616586 0.000001 0.000334 0.333432 
0.127684 0.000062 0.045735 0.000001 0.676421 0.150098 
0.245728 0.273842 0.000000 0.015420 0.389347 0.075663 
0.000001 0.918228 0.000000 0.012839 0.043266 0.025665 
0.021096 0.784459 0.023875 0.013365 0.146303 0.010903 
0.222166 0.573359 0.000000 0.040900 0.079097 0.084478 
0.181830 0.000068 0.000000 0.686990 0.058940 0.072172 
0.000002 0.322332 0.013732 0.048478 0.426385 0.189071 
0.231025 0.467041 0.025141 0.021767 0.165988 0.089037 
0.000002 0.283816 0.632521 0.010572 0.068339 0.004751 
0.401927 0.420252 0.017565 0.048693 0.111121 0.000441 
0.000001 0.000040 0.000000 0.990338 0.000274 0.009347 
0.275115 0.309709 0.023377 0.018486 0.205993 0.167321 
0.114091 0.691666 0.000000 0.035285 0.123103 0.035854 
0.067637 0.152393 0.000000 0.025301 0.030250 0.724419 
0.025355 0.011655 0.023988 0.000001 0.938428 0.000573 
0.059353 0.016322 0.000001 0.000001 0.000323 0.924000 
0.043545 0.238743 0.000000 0.075893 0.641322 0.000496 
0.825130 0.000056 0.000000 0.144679 0.029277 0.000858 
0.017502 0.161826 0.804166 0.000001 0.016123 0.000382 
0.000002 0.019153 0.000000 0.000002 0.019868 0.960975 
0.000002 0.000050 0.511857 0.000001 0.300298 0.187793 
0.041637 0.051506 0.000000 0.074679 0.576759 0.255419 
0.059007 0.030697 0.000000 0.000001 0.000377 0.909917 
0.000002 0.968732 0.014774 0.000001 0.000250 0.016240 
0.000002 0.387132 0.576899 0.000001 0.035348 0.000618 
0.042899 0.141618 0.489939 0.278340 0.000359 0.046846 
0.000001 0.000074 0.000000 0.031416 0.678000 0.290509 
0.204528 0.641517 0.000000 0.044347 0.062699 0.046909 
0.398298 0.000056 0.000000 0.409384 0.033648 0.158614 
0.096268 0.063560 0.000000 0.047729 0.556631 0.235811 
0.000002 0.027153 0.478546 0.000001 0.027050 0.467248 
0.000002 0.046594 0.062967 0.000002 0.515486 0.374950 
0.037143 0.261172 0.169774 0.000001 0.010907 0.521003 
0.028561 0.031287 0.000000 0.000001 0.800293 0.139857 
0.498969 0.027700 0.009673 0.000001 0.209277 0.254380 
0.557039 0.073217 0.159188 0.000001 0.000291 0.210265 
0.720760 0.020743 0.218616 0.000001 0.022732 0.017148 
0.000002 0.012557 0.315986 0.046360 0.140776 0.484319 
0.078102 0.135616 0.000000 0.000001 0.000302 0.785979 
0.000002 0.361176 0.036737 0.060975 0.385619 0.155492 
0.096985 0.607252 0.000000 0.013644 0.222410 0.059708 
0.000002 0.510853 0.000000 0.000001 0.039451 0.449693 
0.000002 0.149191 0.000000 0.000001 0.457831 0.392974 
0.000002 0.673090 0.000001 0.000001 0.141372 0.185534 
0.037350 0.027356 0.023217 0.315822 0.183965 0.412290 
0.000001 0.095580 0.000000 0.055564 0.575163 0.273691 
0.182427 0.051780 0.351187 0.122747 0.114049 0.177809 
0.000002 0.041425 0.075675 0.000001 0.015121 0.867776 
0.000002 0.054921 0.000000 0.000002 0.419360 0.525716 
0.015607 0.103287 0.032425 0.000002 0.521152 0.327527 
0.000002 0.421461 0.000000 0.036671 0.391234 0.150631 
0.000001 0.089777 0.000000 0.049481 0.595572 0.265168 
0.072605 0.714654 0.176454 0.000001 0.035794 0.000491 
0.019276 0.049736 0.000000 0.000001 0.606944 0.324043 
0.055172 0.178143 0.000000 0.035790 0.556599 0.174295 
0.042839 0.044073 0.000000 0.000001 0.523074 0.390012 
0.680722 0.044881 0.000000 0.030606 0.098498 0.145292 
0.264738 0.524793 0.000000 0.054026 0.090999 0.065444 
0.024838 0.000065 0.000000 0.704275 0.256633 0.014188 
0.005585 0.000066 0.000000 0.943202 0.032253 0.018894 
0.026989 0.349172 0.000000 0.543850 0.029654 0.050334 
0.018149 0.039839 0.000000 0.000001 0.367827 0.574184 
0.139024 0.102628 0.430555 0.050867 0.255881 0.021044 
0.297574 0.000064 0.471236 0.028916 0.202005 0.000204 
0.079970 0.071830 0.199327 0.490984 0.092911 0.064977 
0.14897 0.274821 0.12184 0.143946 0.374512 0.407055 
