-953983.092972
0
0.041309 0.040198 0.000000 0.040635 0.006605 0.002775 0.000000 0.005019 0.019042 0.005203 0.023534 0.026813 0.017628 0.014648 0.017443 0.028852 0.017792 0.007304 0.010075 0.028335 0.000000 0.000452 0.005995 0.001376 0.034147 0.023904 0.000000 0.034118 0.000000 0.000000 0.000000 0.006611 0.002025 0.003570 0.009358 0.022159 0.012466 0.021117 0.016860 0.029959 0.003291 0.010929 0.006283 0.011736 0.002893 0.000001 0.004732 0.002185 0.026634 0.013819 0.000000 0.023944 0.000000 0.000001 0.000000 0.000000 0.000000 0.000056 0.013827 0.005966 0.009446 0.008502 0.010030 0.023988 0.005742 0.006514 0.004889 0.008587 0.000000 0.000000 0.003232 0.004022 0.029351 0.017804 0.000000 0.039414 0.000000 0.000000 0.000000 0.000000 0.004832 0.000497 0.000000 0.011310 0.017048 0.014790 0.010498 0.032578 0.004598 0.005240 0.000677 0.011808 0.000000 0.000910 0.005091 0.004975 
0.000308 0.000597 0.000000 0.000005 0.000000 0.000001 0.000000 0.000001 0.000509 0.018994 0.000529 0.004406 0.000669 0.001306 0.001224 0.003488 0.000631 0.000003 0.000260 0.001092 0.000000 0.000000 0.000766 0.000000 0.001152 0.000000 0.000000 0.000788 0.000000 0.000523 0.000437 0.000401 0.077584 0.103061 0.020263 0.079008 0.000000 0.001743 0.000771 0.001518 0.000480 0.001020 0.000773 0.004342 0.000000 0.000766 0.000932 0.000000 0.000005 0.000015 0.000000 0.000012 0.000000 0.000556 0.000000 0.000000 0.000000 0.021056 0.000000 0.016150 0.000000 0.000000 0.000000 0.001570 0.000254 0.000003 0.000002 0.008442 0.000000 0.000000 0.001648 0.000399 0.000530 0.001090 0.000000 0.000537 0.000000 0.000323 0.000000 0.000000 0.116725 0.292320 0.101146 0.087355 0.000882 0.001623 0.001056 0.005455 0.001458 0.001602 0.001400 0.002185 0.000000 0.001054 0.001054 0.001734 
0.000899 0.000846 0.000000 0.000206 0.000001 0.000001 0.000000 0.000691 0.006048 0.001928 0.002592 0.002546 0.000001 0.000001 0.000303 0.000421 0.002289 0.000007 0.000624 0.001703 0.000000 0.000000 0.000237 0.000001 0.000444 0.000000 0.000000 0.000006 0.000000 0.000000 0.000000 0.000000 0.013306 0.004211 0.004353 0.009966 0.000000 0.000636 0.000000 0.000392 0.000562 0.000440 0.000002 0.000737 0.000253 0.000001 0.000002 0.000000 0.000006 0.000009 0.000000 0.000008 0.000000 0.000000 0.000000 0.000000 0.006036 0.001051 0.000000 0.003357 0.000000 0.000000 0.000000 0.000000 0.000006 0.000003 0.000003 0.000529 0.000000 0.000000 0.000000 0.000292 0.014461 0.007393 0.002216 0.013639 0.036053 0.000000 0.001197 0.066618 0.426847 0.080861 0.050029 0.231231 0.000001 0.000002 0.000000 0.000478 0.000387 0.000019 0.000521 0.000034 0.000000 0.000001 0.000003 0.000047 
0.000870 0.000005 0.000000 0.009139 0.000327 0.000320 0.000000 0.000006 0.000018 0.003458 0.013378 0.004744 0.000001 0.000001 0.000001 0.001438 0.002396 0.005099 0.001986 0.004459 0.000000 0.003687 0.001593 0.015654 0.002736 0.000000 0.000984 0.014794 0.000000 0.000000 0.000000 0.000000 0.000444 0.002202 0.012020 0.004720 0.000000 0.000000 0.000001 0.000788 0.000527 0.001951 0.000852 0.001692 0.002423 0.001062 0.003236 0.018984 0.001480 0.001288 0.000000 0.008412 0.000000 0.000001 0.000000 0.000000 0.000000 0.013885 0.028715 0.014563 0.000000 0.000000 0.000000 0.000000 0.007017 0.010565 0.005679 0.012785 0.000000 0.002202 0.001155 0.002506 0.036782 0.010994 0.003609 0.313221 0.000000 0.000000 0.000000 0.000000 0.002446 0.019495 0.215894 0.036734 0.000000 0.000003 0.000000 0.003404 0.002422 0.009862 0.006397 0.009890 0.005386 0.009455 0.002045 0.063711 
0.005498 0.000007 0.000000 0.000008 0.010840 0.009803 0.003447 0.010797 0.026142 0.016498 0.007276 0.017881 0.009928 0.007288 0.012293 0.010979 0.050664 0.017984 0.039746 0.040596 0.000000 0.002208 0.006129 0.000001 0.000056 0.000000 0.002535 0.000005 0.006907 0.006687 0.003009 0.006406 0.033766 0.022056 0.004552 0.020197 0.000000 0.000001 0.009908 0.004700 0.018717 0.015601 0.022984 0.020889 0.000000 0.004716 0.007419 0.009858 0.010635 0.008187 0.000000 0.007248 0.006002 0.005701 0.000000 0.004991 0.025664 0.024691 0.000001 0.030345 0.009408 0.002863 0.007637 0.000000 0.024379 0.011278 0.019152 0.023156 0.005005 0.000000 0.003917 0.000000 0.014649 0.012385 0.005943 0.008975 0.000000 0.005243 0.001264 0.000000 0.014576 0.026394 0.000000 0.015442 0.009738 0.007397 0.006481 0.006121 0.020970 0.021333 0.019479 0.022403 0.000000 0.005631 0.006979 0.011352 
0.036871 0.031104 0.020118 0.024441 0.011786 0.005360 0.003137 0.005538 0.012090 0.007569 0.000511 0.005659 0.004376 0.003599 0.008790 0.001139 0.008264 0.001793 0.008026 0.002965 0.000000 0.000000 0.001458 0.000577 0.045696 0.064570 0.009650 0.045835 0.011750 0.010574 0.005436 0.009489 0.020346 0.014963 0.005778 0.020333 0.008258 0.009359 0.035244 0.011374 0.004669 0.002238 0.010172 0.005511 0.000000 0.001685 0.005256 0.001179 0.036729 0.037292 0.023067 0.026791 0.007875 0.009946 0.006465 0.006019 0.007295 0.007438 0.000000 0.007743 0.008611 0.005102 0.013911 0.003617 0.006449 0.002083 0.003417 0.002112 0.000000 0.000000 0.001940 0.000000 0.036050 0.055408 0.010513 0.035355 0.004424 0.010791 0.003429 0.005593 0.002722 0.006994 0.000000 0.005940 0.004673 0.004614 0.008919 0.003529 0.002494 0.001407 0.003274 0.001761 0.000000 0.000001 0.002374 0.001291 
0.011989 0.011030 0.001646 0.006470 0.000001 0.001304 0.000510 0.002130 0.025372 0.013956 0.215803 0.014098 0.005548 0.000001 0.004149 0.008416 0.014944 0.007936 0.004955 0.011530 0.000000 0.001261 0.000882 0.003478 0.003815 0.000000 0.000000 0.000002 0.001432 0.000000 0.000000 0.000000 0.025693 0.022429 0.112012 0.021202 0.001270 0.000001 0.001676 0.002110 0.003375 0.004569 0.000004 0.008990 0.000000 0.001260 0.000004 0.000000 0.008553 0.004788 0.000000 0.002275 0.000000 0.002554 0.000000 0.000000 0.000001 0.010524 0.109675 0.002803 0.000000 0.000000 0.002465 0.000000 0.007939 0.006636 0.002055 0.012296 0.000000 0.000000 0.000001 0.000000 0.016642 0.012816 0.003331 0.021232 0.000000 0.002178 0.000495 0.000000 0.013082 0.018027 0.098291 0.016619 0.007470 0.001540 0.000000 0.005975 0.007205 0.004629 0.009498 0.005918 0.001464 0.001046 0.000773 0.001953 
0.012494 0.005542 0.000000 0.006621 0.004253 0.003196 0.000000 0.002986 0.009101 0.004423 0.009333 0.006629 0.013569 0.005271 0.006854 0.021805 0.023909 0.010234 0.018436 0.026727 0.037818 0.004879 0.005632 0.020315 0.010147 0.005534 0.000000 0.008051 0.002054 0.002321 0.000000 0.003790 0.008369 0.004995 0.004680 0.006949 0.005905 0.005183 0.005759 0.007245 0.017098 0.010467 0.015999 0.028440 0.020215 0.006534 0.013088 0.050983 0.013039 0.008582 0.000000 0.009555 0.001062 0.002709 0.000000 0.005379 0.006379 0.006775 0.007889 0.009094 0.003555 0.003152 0.002590 0.002836 0.009850 0.010146 0.010803 0.012016 0.008066 0.001131 0.005625 0.018925 0.023605 0.004516 0.000000 0.031127 0.003456 0.002569 0.000000 0.006165 0.005820 0.005916 0.000000 0.010133 0.020804 0.002757 0.012600 0.014565 0.016687 0.013393 0.009278 0.028478 0.052220 0.008421 0.008921 0.055574 
0.001777 0.002732 0.000842 0.001950 0.001068 0.001011 0.000000 0.001346 0.033423 0.017511 0.096184 0.013766 0.000608 0.003512 0.000001 0.005273 0.006928 0.004735 0.023936 0.001722 0.000000 0.002653 0.000583 0.002496 0.010138 0.023681 0.008416 0.050624 0.000000 0.000000 0.000000 0.000000 0.007477 0.010966 0.092335 0.007613 0.000000 0.003253 0.000001 0.001131 0.006150 0.003710 0.026684 0.002826 0.000000 0.004298 0.004858 0.008505 0.003145 0.007186 0.002450 0.008205 0.000000 0.003139 0.000000 0.001196 0.072938 0.075367 0.130250 0.055424 0.000000 0.002610 0.000000 0.003607 0.013569 0.005101 0.011791 0.004270 0.000000 0.001217 0.000001 0.003379 0.000601 0.003100 0.000516 0.005436 0.000000 0.000000 0.000000 0.000000 0.005218 0.006347 0.040391 0.003295 0.000000 0.000657 0.000000 0.000379 0.007266 0.003200 0.009020 0.003486 0.000000 0.002157 0.001098 0.006267 
0.022568 0.025731 0.000000 0.020630 0.032358 0.017497 0.005688 0.035415 0.020769 0.008024 0.000739 0.017881 0.007230 0.009352 0.002560 0.006160 0.005537 0.007682 0.004174 0.010344 0.000000 0.001557 0.012856 0.009160 0.019687 0.012171 0.000000 0.013436 0.027833 0.023397 0.004176 0.035356 0.008666 0.002022 0.001152 0.012975 0.010384 0.014556 0.006475 0.022305 0.004413 0.016214 0.002280 0.005913 0.000000 0.006116 0.013031 0.000000 0.003441 0.007386 0.000000 0.011918 0.014337 0.015742 0.000000 0.027604 0.016536 0.003283 0.000954 0.007806 0.003375 0.011047 0.008699 0.014205 0.003015 0.007601 0.001703 0.003019 0.000000 0.006781 0.024204 0.005909 0.001904 0.009117 0.000000 0.013113 0.026918 0.028885 0.002743 0.054143 0.005490 0.008384 0.000000 0.004428 0.002979 0.012334 0.005013 0.018182 0.007943 0.011122 0.002903 0.010110 0.000000 0.008644 0.013205 0.007402 
0.713884 0.000000 0.000000 0.031020 0.000000 0.044162 0.000000 0.078491 0.021981 0.110461 
0.000000 0.000000 0.011216 0.135093 0.067995 0.030614 0.432204 0.026548 0.107663 0.188665 
0.000000 0.000000 0.964422 0.000000 0.000000 0.000030 0.035540 0.000005 0.000002 0.000001 
0.000000 0.000000 0.123586 0.029093 0.093821 0.123238 0.000000 0.110963 0.041411 0.477889 
0.000000 0.424660 0.000000 0.000000 0.000000 0.542325 0.008138 0.024873 0.000002 0.000001 
0.083886 0.018041 0.000000 0.000000 0.000000 0.801476 0.000000 0.033638 0.000002 0.062957 
0.000000 0.000000 0.000000 0.073436 0.090843 0.000028 0.156028 0.531597 0.069842 0.078225 
0.606370 0.054781 0.085233 0.024936 0.000000 0.020248 0.000000 0.071920 0.000002 0.136509 
0.000000 0.000000 0.999980 0.000000 0.000000 0.000016 0.000000 0.000002 0.000001 0.000000 
0.000000 0.000000 0.000000 0.000000 0.072285 0.168743 0.535439 0.000006 0.223524 0.000001 
0.791208 0.008292 0.008213 0.000000 0.000000 0.030138 0.000000 0.030914 0.000002 0.131234 
0.196881 0.000000 0.000000 0.000000 0.000000 0.247365 0.061748 0.000007 0.446315 0.047683 
0.081505 0.155691 0.000000 0.236933 0.296613 0.087970 0.013004 0.090321 0.000002 0.037960 
0.134552 0.000000 0.239547 0.000000 0.392348 0.048659 0.000000 0.075316 0.049687 0.059891 
0.000000 0.000000 0.017333 0.000000 0.052755 0.105607 0.055121 0.064265 0.126709 0.578210 
0.071127 0.489700 0.093025 0.000000 0.000000 0.121520 0.000000 0.224624 0.000002 0.000001 
0.000000 0.000000 0.068391 0.000000 0.000000 0.437139 0.271375 0.166517 0.028129 0.028448 
0.097143 0.012605 0.000000 0.000000 0.365613 0.055738 0.187027 0.015153 0.127746 0.138974 
0.118965 0.054781 0.000000 0.029541 0.292666 0.022216 0.000000 0.265514 0.053187 0.163130 
0.041791 0.441913 0.316166 0.071412 0.022862 0.000025 0.000000 0.000006 0.105823 0.000001 
0.403928 0.330221 0.000000 0.000000 0.000000 0.071797 0.028620 0.044583 0.000002 0.120849 
0.000000 0.015120 0.000000 0.000000 0.194581 0.024442 0.158456 0.012718 0.594681 0.000001 
0.062436 0.269706 0.000000 0.000000 0.000000 0.569870 0.000000 0.035124 0.022112 0.040752 
0.216859 0.000000 0.000000 0.000000 0.491327 0.046078 0.035807 0.122320 0.000002 0.087606 
0.000000 0.849961 0.000000 0.000000 0.066808 0.035402 0.000000 0.019342 0.000002 0.028484 
0.211745 0.000000 0.000000 0.000000 0.000000 0.000024 0.478359 0.028445 0.208032 0.073394 
0.000000 0.000000 0.170885 0.372765 0.000000 0.435560 0.000000 0.000006 0.020783 0.000001 
0.043014 0.538826 0.022170 0.000000 0.208571 0.039278 0.000000 0.032105 0.043349 0.072687 
0.401670 0.000000 0.018756 0.000000 0.000000 0.077589 0.000000 0.383852 0.000002 0.118129 
0.337180 0.000000 0.035700 0.000000 0.000000 0.096960 0.063114 0.048563 0.328650 0.089832 
0.081160 0.175609 0.284311 0.023603 0.316721 0.000022 0.000000 0.015159 0.053986 0.049430 
0.039565 0.000000 0.000000 0.025451 0.314148 0.431036 0.000000 0.068026 0.036813 0.084960 
0.140103 0.000000 0.233161 0.000000 0.240255 0.036480 0.000000 0.102922 0.153351 0.093728 
0.048367 0.182569 0.000000 0.225183 0.000000 0.000023 0.331858 0.019094 0.192905 0.000001 
0.000000 0.000000 0.836337 0.000000 0.056778 0.009028 0.000000 0.011336 0.000002 0.086518 
0.512843 0.000000 0.000000 0.226227 0.000000 0.033204 0.000000 0.072055 0.026717 0.128953 
0.000000 0.300650 0.000000 0.531997 0.000000 0.046056 0.000000 0.121293 0.000002 0.000001 
0.000000 0.000000 0.786347 0.000000 0.000000 0.000029 0.000000 0.060095 0.134326 0.019202 
0.083245 0.000000 0.033150 0.511560 0.161167 0.210869 0.000000 0.000006 0.000002 0.000001 
0.201979 0.033899 0.000000 0.000000 0.000000 0.632366 0.000000 0.023809 0.034242 0.073706 
0.000000 0.055467 0.000000 0.644379 0.000000 0.079134 0.000000 0.000006 0.221013 0.000001 
0.019921 0.000000 0.018974 0.000000 0.219744 0.607128 0.000000 0.069755 0.064475 0.000001 
0.063578 0.000000 0.019476 0.137526 0.000000 0.550677 0.000000 0.185593 0.043150 0.000001 
0.070539 0.021380 0.000000 0.000000 0.340926 0.000024 0.225384 0.042506 0.218124 0.081116 
0.000000 0.000000 0.524700 0.000000 0.000000 0.439642 0.000000 0.000005 0.022684 0.012969 
0.000000 0.379330 0.000000 0.000000 0.084957 0.085631 0.000000 0.319334 0.026562 0.104186 
0.623497 0.000000 0.000001 0.058149 0.000000 0.055648 0.096675 0.058751 0.000002 0.107277 
0.000000 0.000000 0.000000 0.043795 0.035344 0.000023 0.020940 0.899895 0.000002 0.000001 
0.000000 0.000000 0.135369 0.000000 0.000000 0.567055 0.000000 0.000005 0.297570 0.000001 
0.000000 0.107435 0.000000 0.823610 0.045254 0.023692 0.000000 0.000006 0.000002 0.000001 
0.229508 0.000000 0.209517 0.000000 0.000000 0.128026 0.172958 0.017219 0.220111 0.022660 
0.147792 0.096640 0.440335 0.000000 0.123270 0.042763 0.000000 0.149197 0.000002 0.000001 
0.000000 0.000000 0.607382 0.000000 0.050763 0.037944 0.000000 0.021931 0.000003 0.281976 
0.000000 0.000000 0.516329 0.021125 0.000000 0.092204 0.000000 0.000007 0.370334 0.000001 
0.000000 0.138307 0.016349 0.000000 0.150980 0.043272 0.235621 0.035618 0.087148 0.292704 
0.000000 0.000000 0.216623 0.151453 0.000000 0.491064 0.000000 0.140856 0.000002 0.000001 
0.000000 0.000000 0.999981 0.000000 0.000000 0.000012 0.000000 0.000005 0.000002 0.000001 
0.007903 0.954886 0.017595 0.004690 0.000000 0.000024 0.000000 0.000006 0.000001 0.014895 
0.000000 0.074767 0.000000 0.000000 0.000000 0.135669 0.000000 0.115316 0.255219 0.419027 
0.000000 0.062121 0.000000 0.000000 0.000000 0.000027 0.043367 0.718896 0.133479 0.042109 
0.047583 0.000000 0.000000 0.000000 0.422747 0.052368 0.141624 0.087067 0.186472 0.062139 
0.000000 0.090920 0.000000 0.479838 0.000000 0.000019 0.000000 0.036398 0.392823 0.000001 
0.027755 0.000000 0.011653 0.936023 0.000000 0.024560 0.000000 0.000006 0.000002 0.000001 
0.000000 0.685015 0.000000 0.035983 0.093225 0.036066 0.000000 0.149706 0.000002 0.000001 
0.308099 0.206149 0.000000 0.280153 0.000000 0.118321 0.000000 0.033740 0.000002 0.053536 
0.034695 0.000000 0.000000 0.947166 0.000000 0.018129 0.000000 0.000007 0.000002 0.000001 
0.000000 0.159563 0.009893 0.000000 0.061669 0.000024 0.000000 0.011738 0.757112 0.000001 
0.000000 0.967001 0.000000 0.000000 0.000000 0.026478 0.000000 0.006518 0.000002 0.000001 
0.000000 0.092446 0.018099 0.065681 0.000000 0.028313 0.036614 0.758843 0.000002 0.000001 
0.000000 0.000000 0.000000 0.119411 0.044765 0.381737 0.053734 0.363826 0.000002 0.036524 
0.000000 0.000000 0.878601 0.000000 0.051884 0.022373 0.012713 0.000007 0.000002 0.034420 
0.000000 0.000000 0.000000 0.000000 0.055678 0.000022 0.575944 0.028663 0.277233 0.062459 
0.584082 0.029602 0.000000 0.000000 0.000000 0.162323 0.000000 0.015593 0.063128 0.145271 
0.000000 0.326892 0.143866 0.000000 0.000000 0.000026 0.000000 0.000007 0.511017 0.018192 
0.000000 0.848095 0.029765 0.000000 0.000000 0.122134 0.000000 0.000004 0.000001 0.000001 
0.000000 0.000000 0.107008 0.182115 0.000000 0.676438 0.000000 0.000008 0.034430 0.000001 
0.000000 0.000000 0.000000 0.000000 0.098952 0.162682 0.358983 0.052853 0.199579 0.126949 
0.000000 0.270306 0.000000 0.632575 0.048333 0.027972 0.000000 0.000007 0.000002 0.020804 
0.061257 0.000000 0.026160 0.399442 0.000000 0.000027 0.337556 0.025465 0.150091 0.000001 
0.000000 0.030205 0.033271 0.363319 0.128860 0.010351 0.252536 0.059221 0.063254 0.058983 
0.000000 0.000000 0.000000 0.210566 0.335999 0.090100 0.000000 0.266328 0.029473 0.067534 
0.000000 0.000000 0.007063 0.845748 0.000000 0.020814 0.000000 0.000006 0.126368 0.000001 
0.000000 0.000000 0.000000 0.051107 0.111045 0.149213 0.000000 0.139601 0.000002 0.549031 
0.064583 0.023409 0.089338 0.378906 0.083635 0.064058 0.000000 0.296069 0.000002 0.000001 
0.000000 0.787997 0.131000 0.041680 0.000000 0.000027 0.000000 0.022173 0.000002 0.017121 
0.000000 0.000000 0.000000 0.618005 0.000000 0.000026 0.000000 0.000005 0.381962 0.000001 
0.080692 0.433454 0.098082 0.106055 0.000000 0.051779 0.094774 0.000006 0.077638 0.057520 
0.000000 0.000000 0.000000 0.000000 0.000000 0.000025 0.622007 0.189421 0.188545 0.000001 
0.000000 0.000000 0.007409 0.503882 0.000000 0.000025 0.114680 0.115069 0.258933 0.000001 
0.000000 0.340277 0.000000 0.000000 0.000000 0.313834 0.000000 0.345884 0.000002 0.000001 
0.000000 0.982239 0.008696 0.000000 0.000000 0.009057 0.000000 0.000005 0.000002 0.000001 
0.000000 0.000000 0.009751 0.000000 0.078648 0.027702 0.591525 0.039111 0.253261 0.000001 
0.000000 0.044970 0.000000 0.000000 0.000000 0.167033 0.505176 0.051605 0.164050 0.067165 
0.000000 0.000000 0.029064 0.060851 0.308717 0.092234 0.031852 0.078698 0.000002 0.398582 
0.000000 0.000000 0.000000 0.000000 0.000000 0.971511 0.000000 0.000006 0.028482 0.000001 
0.000000 0.051366 0.000000 0.000000 0.114788 0.115104 0.000000 0.184245 0.015271 0.519226 
0.000000 0.041783 0.951877 0.000000 0.000000 0.000014 0.000000 0.000004 0.000002 0.006321 
0.519996 0.012902 0.000000 0.000000 0.048807 0.056541 0.075378 0.108265 0.000002 0.178109 
0.000000 0.000000 0.040905 0.000000 0.000000 0.000020 0.000000 0.143382 0.815691 0.000001 
0.590420 0.177569 0.000000 0.000000 0.000000 0.052840 0.022990 0.044820 0.000002 0.111357 
0.000000 0.043921 0.149347 0.000000 0.000000 0.778715 0.000000 0.015275 0.012742 0.000001 
0.000000 0.000000 0.007845 0.000000 0.138955 0.000024 0.045718 0.758827 0.000002 0.048628 
0.000000 0.000000 0.000000 0.000000 0.000000 0.927914 0.000000 0.000006 0.072079 0.000001 
0.000000 0.896362 0.000000 0.025690 0.000000 0.000019 0.035366 0.006081 0.036481 0.000001 
0.216881 0.000000 0.000000 0.000000 0.561641 0.000023 0.000000 0.102444 0.067485 0.051526 
0.273546 0.000000 0.016931 0.000000 0.000000 0.644034 0.000000 0.000006 0.065481 0.000001 
0.064893 0.000000 0.023339 0.000000 0.088139 0.015239 0.000000 0.043712 0.736436 0.028242 
0.082805 0.000000 0.029981 0.045530 0.346081 0.460015 0.000000 0.000006 0.035582 0.000001 
0.322482 0.000000 0.193906 0.000000 0.000000 0.000025 0.000000 0.414553 0.000002 0.069031 
0.000000 0.079249 0.000000 0.000000 0.000000 0.175785 0.159853 0.074452 0.116908 0.393752 
0.000000 0.019258 0.019035 0.944335 0.000000 0.005200 0.000000 0.000005 0.012166 0.000001 
0.048594 0.152122 0.037737 0.028269 0.000000 0.014845 0.359952 0.083077 0.198396 0.077009 
0.048554 0.101017 0.009136 0.000000 0.000000 0.823967 0.000000 0.000007 0.017317 0.000001 
0.000000 0.047170 0.395245 0.145509 0.164654 0.018251 0.035320 0.066766 0.000002 0.127082 
0.340190 0.026524 0.070175 0.000000 0.217957 0.054966 0.043195 0.013318 0.000002 0.233673 
0.015229 0.000000 0.000000 0.984734 0.000000 0.000029 0.000000 0.000006 0.000002 0.000001 
0.000000 0.000000 0.000000 0.000000 0.000000 0.000025 0.000000 0.914011 0.085963 0.000001 
0.000000 0.019984 0.000000 0.600296 0.000000 0.000028 0.199516 0.000007 0.180167 0.000001 
0.000000 0.000000 0.293523 0.000000 0.325162 0.124858 0.000000 0.075226 0.047409 0.133822 
0.266572 0.000000 0.251140 0.016710 0.000000 0.429889 0.035681 0.000006 0.000002 0.000001 
0.000000 0.050949 0.231959 0.502253 0.000000 0.016831 0.131956 0.000007 0.066046 0.000001 
0.000000 0.000000 0.016050 0.000000 0.272350 0.056199 0.000000 0.040360 0.011069 0.603972 
0.000000 0.000000 0.045040 0.000000 0.000000 0.025358 0.000000 0.000005 0.929596 0.000001 
0.000000 0.062831 0.012951 0.000000 0.000000 0.067167 0.248712 0.087938 0.146521 0.373880 
0.000000 0.019310 0.000000 0.121224 0.000000 0.000023 0.166165 0.013598 0.624243 0.055437 
0.000000 0.000000 0.000000 0.041721 0.000000 0.519187 0.000000 0.000005 0.439085 0.000001 
0.423653 0.294521 0.000000 0.055041 0.000000 0.063527 0.000000 0.043530 0.032218 0.087509 
0.173298 0.068158 0.000000 0.000000 0.393119 0.056006 0.000000 0.112571 0.112516 0.084331 
0.037121 0.000000 0.020661 0.168033 0.000000 0.696219 0.000000 0.000006 0.077959 0.000001 
0.000000 0.000000 0.015949 0.000000 0.000000 0.000022 0.544867 0.069070 0.308554 0.061537 
0.184408 0.000000 0.039142 0.000000 0.492766 0.036290 0.000000 0.156434 0.046227 0.044733 
0.060540 0.000000 0.000000 0.000000 0.189165 0.039778 0.000000 0.267291 0.416538 0.026687 
0.122906 0.016696 0.000000 0.000000 0.000000 0.769643 0.000000 0.080076 0.010678 0.000001 
0.111487 0.000000 0.811123 0.015508 0.000000 0.000026 0.000000 0.000007 0.000003 0.061847 
0.168139 0.000000 0.064883 0.000000 0.000000 0.477260 0.000000 0.212368 0.077349 0.000001 
0.000000 0.000000 0.012993 0.840963 0.000000 0.018522 0.000000 0.127519 0.000002 0.000001 
0.000000 0.019790 0.000000 0.000000 0.000000 0.016866 0.000000 0.023963 0.939380 0.000001 
0.000000 0.000000 0.055389 0.000000 0.146429 0.129656 0.000000 0.112087 0.000002 0.556436 
0.093392 0.021987 0.000000 0.078387 0.143638 0.087299 0.000000 0.100412 0.000002 0.474882 
0.028348 0.000000 0.000000 0.508557 0.255088 0.070540 0.000000 0.000006 0.070286 0.067174 
0.000000 0.093792 0.000000 0.024698 0.472935 0.112846 0.069826 0.131722 0.000002 0.094178 
0.172456 0.184996 0.000000 0.000000 0.000000 0.063941 0.055292 0.145914 0.027598 0.349803 
0.081031 0.029382 0.042636 0.000000 0.129629 0.182759 0.000000 0.106578 0.000003 0.427983 
0.000000 0.000000 0.241999 0.000000 0.000000 0.058444 0.000000 0.050310 0.649247 0.000001 
0.047156 0.113866 0.000000 0.000000 0.083290 0.000025 0.457928 0.000006 0.191571 0.106157 
0.749101 0.000000 0.007287 0.033423 0.000000 0.038776 0.000000 0.069558 0.000002 0.101853 
0.602531 0.022660 0.000000 0.161227 0.000000 0.000025 0.000000 0.072122 0.000002 0.141434 
0.000000 0.000000 0.025680 0.000000 0.000000 0.000026 0.540027 0.000006 0.434260 0.000001 
0.092351 0.000000 0.187973 0.000000 0.000000 0.625899 0.000000 0.000007 0.093769 0.000001 
0.000000 0.000000 0.000001 0.975407 0.024562 0.000021 0.000000 0.000006 0.000002 0.000000 
0.035785 0.038023 0.000000 0.023242 0.000000 0.160032 0.000000 0.202464 0.000002 0.540451 
0.000000 0.983758 0.000000 0.000000 0.016222 0.000007 0.000000 0.000010 0.000002 0.000000 
0.000000 0.321358 0.018430 0.052176 0.000000 0.000026 0.000000 0.000006 0.553004 0.055000 
0.000000 0.000000 0.000000 0.029099 0.000000 0.036782 0.000000 0.934114 0.000002 0.000001 
0.092564 0.000000 0.000000 0.455137 0.062813 0.206644 0.000000 0.182838 0.000002 0.000001 
0.454942 0.389508 0.094019 0.000000 0.000000 0.028353 0.000000 0.000007 0.033170 0.000001 
0.000000 0.000000 0.000000 0.125387 0.000000 0.827858 0.000000 0.000006 0.000001 0.046746 
0.069349 0.187052 0.020537 0.000000 0.000000 0.000024 0.269027 0.094151 0.359858 0.000001 
0.770962 0.000000 0.000001 0.000000 0.000000 0.051091 0.036816 0.021998 0.000002 0.119131 
0.000000 0.012863 0.000000 0.000000 0.238620 0.070019 0.112577 0.096129 0.000002 0.469789 
0.000000 0.000000 0.013361 0.025044 0.000000 0.000016 0.000000 0.000005 0.961574 0.000001 
0.060729 0.502880 0.136851 0.000000 0.159635 0.017572 0.000000 0.122328 0.000002 0.000001 
0.000000 0.066266 0.000000 0.000000 0.150918 0.155930 0.000000 0.147899 0.000002 0.478984 
0.069081 0.000000 0.000000 0.021063 0.000000 0.171546 0.000000 0.000006 0.597607 0.140696 
0.000000 0.000000 0.000000 0.019280 0.139253 0.000020 0.028198 0.813246 0.000002 0.000001 
0.011222 0.085072 0.054167 0.849507 0.000000 0.000024 0.000000 0.000006 0.000002 0.000001 
0.034382 0.854190 0.018325 0.000000 0.000000 0.000024 0.049634 0.000005 0.043439 0.000001 
0.000000 0.013102 0.000000 0.175017 0.137833 0.000025 0.050306 0.525419 0.000002 0.098295 
0.000000 0.127305 0.000000 0.858108 0.000000 0.000024 0.000000 0.000006 0.000002 0.014554 
0.000000 0.021096 0.000000 0.000000 0.086189 0.289572 0.000000 0.163934 0.293238 0.145971 
0.000000 0.000000 0.563418 0.000000 0.228013 0.016089 0.021609 0.040818 0.000002 0.130050 
0.224321 0.000000 0.056286 0.307792 0.000000 0.327628 0.000000 0.000007 0.023839 0.060127 
0.000000 0.000000 0.000000 0.000000 0.124440 0.089072 0.592119 0.033788 0.105600 0.054980 
0.311279 0.029431 0.307424 0.000000 0.000000 0.025511 0.020725 0.138716 0.090520 0.076394 
0.125293 0.000000 0.000000 0.276761 0.055218 0.053497 0.000000 0.072344 0.160576 0.256312 
0.061058 0.000000 0.000000 0.822053 0.000000 0.026125 0.029812 0.060948 0.000002 0.000001 
0.449469 0.019845 0.000000 0.000000 0.000000 0.312844 0.000000 0.083730 0.000002 0.134109 
0.038081 0.000000 0.000000 0.551149 0.290042 0.000024 0.000000 0.067148 0.000002 0.053553 
0.027120 0.061778 0.000000 0.000000 0.000000 0.000023 0.000000 0.034647 0.876431 0.000001 
0.465304 0.138906 0.111559 0.040522 0.063165 0.046127 0.000000 0.037877 0.017594 0.078946 
0.000000 0.110648 0.387006 0.000000 0.000000 0.451282 0.000000 0.013945 0.037118 0.000001 
0.048535 0.007716 0.000000 0.595628 0.100243 0.000024 0.000000 0.000007 0.000002 0.247844 
0.000000 0.452864 0.000000 0.000000 0.031353 0.499919 0.000000 0.000006 0.015856 0.000001 
0.149900 0.000000 0.000000 0.000000 0.519609 0.076524 0.065926 0.120809 0.000002 0.067230 
0.059645 0.039202 0.122884 0.000000 0.000000 0.562615 0.117294 0.000007 0.076572 0.021781 
0.000000 0.000000 0.034067 0.000000 0.070994 0.032534 0.484162 0.000006 0.239600 0.138638 
0.045864 0.000000 0.000000 0.229776 0.000000 0.680904 0.000000 0.000006 0.043448 0.000001 
0.584644 0.022429 0.022730 0.000000 0.000000 0.057422 0.000000 0.112493 0.000002 0.200280 
0.040271 0.000000 0.675715 0.042918 0.000000 0.040040 0.113739 0.029540 0.057777 0.000001 
0.000000 0.000000 0.018716 0.890296 0.000000 0.035288 0.000000 0.055696 0.000002 0.000001 
0.000000 0.339436 0.029527 0.312046 0.000000 0.000029 0.000000 0.318959 0.000002 0.000001 
0.123320 0.754055 0.020626 0.007412 0.000000 0.067122 0.000000 0.000007 0.027457 0.000001 
0.000000 0.011952 0.000000 0.000000 0.000000 0.945408 0.000000 0.000006 0.042632 0.000001 
0.349590 0.000000 0.013257 0.000000 0.099125 0.538017 0.000000 0.000007 0.000002 0.000001 
0.000000 0.682529 0.101043 0.000000 0.038244 0.024813 0.000000 0.000006 0.126696 0.026669 
0.359890 0.000000 0.024655 0.326828 0.000000 0.132039 0.000000 0.017106 0.000002 0.139479 
0.000000 0.011300 0.011183 0.000000 0.000000 0.877611 0.000000 0.005130 0.012043 0.082733 
0.021205 0.000000 0.000000 0.756666 0.000000 0.064991 0.000000 0.065442 0.000002 0.091694 
0.078611 0.000000 0.409629 0.000000 0.295888 0.016999 0.000000 0.070127 0.081715 0.047031 
0.056812 0.000000 0.000000 0.000000 0.000000 0.272922 0.416240 0.000006 0.254018 0.000001 
0.000000 0.000000 0.000000 0.723363 0.000000 0.235942 0.040686 0.000005 0.000002 0.000001 
0.000000 0.000000 0.070631 0.000000 0.000000 0.700925 0.037723 0.038404 0.018162 0.134155 
0.000000 0.000000 0.022992 0.000000 0.069979 0.000024 0.653003 0.011168 0.202655 0.040180 
0.000000 0.000000 0.000000 0.000000 0.187942 0.225574 0.173344 0.065561 0.000002 0.347576 
0.192001 0.633745 0.000001 0.000000 0.138774 0.000026 0.000000 0.035450 0.000002 0.000001 
0.000000 0.000000 0.040464 0.000000 0.118632 0.047870 0.546977 0.000006 0.211642 0.034410 
0.063437 0.000000 0.169694 0.000000 0.391154 0.012348 0.040994 0.213255 0.029279 0.079838 
0.081258 0.000000 0.000000 0.047428 0.563665 0.030992 0.000000 0.126375 0.065897 0.084383 
0.041004 0.293799 0.000000 0.192546 0.149701 0.202315 0.000000 0.070259 0.050375 0.000001 
0.650155 0.000000 0.010733 0.000000 0.000000 0.068360 0.031890 0.096677 0.000002 0.142184 
0.000000 0.981201 0.000000 0.000000 0.000000 0.009093 0.000000 0.000003 0.009701 0.000001 
0.674228 0.000000 0.000000 0.000000 0.000000 0.122635 0.023802 0.049426 0.000002 0.129907 
0.000000 0.000000 0.000000 0.111049 0.000000 0.000028 0.541164 0.044454 0.233642 0.069663 
0.000000 0.000000 0.452401 0.009086 0.000000 0.077141 0.331106 0.000006 0.100118 0.030143 
0.183305 0.000000 0.000000 0.000000 0.054181 0.149271 0.033307 0.024704 0.555230 0.000001 
0.000000 0.000000 0.000000 0.410140 0.000000 0.554742 0.000000 0.018315 0.000002 0.016799 
0.000000 0.014292 0.000000 0.000000 0.000000 0.451038 0.000000 0.521985 0.012684 0.000001 
0.000000 0.000000 0.053614 0.000000 0.000000 0.821976 0.000000 0.043177 0.081232 0.000001 
0.093117 0.045299 0.050477 0.259749 0.320558 0.052897 0.032760 0.043069 0.000002 0.102072 
0.000000 0.426393 0.000000 0.164958 0.000000 0.000024 0.026021 0.382600 0.000002 0.000001 
0.000000 0.000000 0.541752 0.000000 0.000000 0.055855 0.110988 0.167979 0.055710 0.067715 
0.000000 0.000000 0.396926 0.044179 0.000000 0.535230 0.000000 0.000007 0.023656 0.000001 
0.000000 0.000000 0.000000 0.863555 0.000000 0.000018 0.000000 0.000007 0.136420 0.000001 
0.000000 0.000000 0.000000 0.047276 0.504087 0.093715 0.210392 0.000007 0.106244 0.038278 
0.000000 0.032280 0.000000 0.000000 0.000000 0.041247 0.325609 0.000005 0.581780 0.019078 
0.344865 0.155112 0.000000 0.000000 0.000000 0.084860 0.000000 0.048587 0.000002 0.366573 
0.033791 0.000000 0.623384 0.124997 0.000000 0.000026 0.153501 0.000007 0.064294 0.000001 
0.297336 0.269069 0.000000 0.000000 0.000000 0.326601 0.000000 0.008904 0.000002 0.098087 
0.632262 0.016491 0.000000 0.000000 0.000000 0.142505 0.000000 0.063703 0.028470 0.116568 
0.165732 0.000000 0.000000 0.176106 0.171268 0.020198 0.000000 0.066452 0.000002 0.400241 
0.172683 0.733493 0.000000 0.000000 0.000000 0.018678 0.000000 0.016213 0.000002 0.058930 
0.006432 0.000000 0.950703 0.000000 0.000000 0.018555 0.000000 0.000008 0.024301 0.000001 
0.000000 0.011529 0.018843 0.000000 0.087203 0.205542 0.509719 0.013084 0.154077 0.000001 
0.017425 0.115345 0.181648 0.000000 0.000000 0.000024 0.000000 0.000006 0.671464 0.014088 
0.087790 0.000000 0.000000 0.503761 0.000000 0.378378 0.000000 0.000007 0.000002 0.030062 
0.000000 0.000000 0.216539 0.000000 0.030553 0.000027 0.000000 0.000006 0.752874 0.000001 
0.058368 0.021476 0.669443 0.000000 0.076204 0.057041 0.000000 0.016524 0.033300 0.067644 
0.000000 0.045514 0.000000 0.000000 0.000000 0.000026 0.668764 0.027753 0.228261 0.029682 
0.000000 0.939315 0.000000 0.021666 0.000000 0.000018 0.016520 0.000006 0.022473 0.000001 
0.646582 0.000000 0.000000 0.033968 0.074066 0.077517 0.000000 0.058544 0.000002 0.109319 
0.000000 0.107612 0.000000 0.000000 0.000000 0.870734 0.021643 0.000007 0.000002 0.000001 
0.000000 0.000000 0.021155 0.575936 0.000000 0.371253 0.000000 0.031654 0.000002 0.000001 
0.074103 0.000000 0.008159 0.000000 0.000000 0.019838 0.097836 0.732065 0.067998 0.000001 
0.018967 0.000000 0.845518 0.000000 0.054843 0.000024 0.031510 0.000005 0.000002 0.049130 
0.076313 0.692918 0.000000 0.000000 0.000000 0.000027 0.000000 0.230738 0.000002 0.000001 
0.098586 0.135344 0.000000 0.000000 0.214133 0.026056 0.000000 0.041149 0.000002 0.484728 
0.324339 0.000000 0.008324 0.000000 0.255098 0.043714 0.151774 0.098960 0.065126 0.052664 
0.083569 0.000000 0.027408 0.000000 0.087523 0.109223 0.000000 0.179562 0.000002 0.512713 
0.000000 0.000000 0.123431 0.000000 0.000000 0.853856 0.000000 0.000005 0.022706 0.000001 
0.358248 0.000000 0.434116 0.000000 0.000000 0.062365 0.000000 0.042488 0.000002 0.102781 
0.000000 0.022138 0.000000 0.000000 0.000000 0.045532 0.000000 0.922428 0.009901 0.000001 
0.625077 0.011036 0.000000 0.000000 0.000000 0.180105 0.000000 0.097116 0.000002 0.086663 
0.132881 0.000000 0.000000 0.000000 0.000000 0.266200 0.368748 0.017012 0.114551 0.100607 
0.095049 0.142782 0.120628 0.214282 0.000000 0.275208 0.110884 0.000006 0.041160 0.000001 
0.000000 0.510071 0.033295 0.127739 0.000000 0.092326 0.010007 0.226560 0.000002 0.000001 
0.057909 0.694874 0.000000 0.000000 0.083174 0.000024 0.065205 0.014739 0.000002 0.084071 
0.000000 0.000000 0.000000 0.045651 0.090357 0.832212 0.031771 0.000005 0.000002 0.000001 
0.098882 0.000000 0.324933 0.000000 0.297327 0.025698 0.000000 0.040569 0.104135 0.108456 
0.000000 0.000000 0.015954 0.000000 0.000000 0.000026 0.245507 0.512729 0.225782 0.000001 
0.000000 0.000000 0.652246 0.011192 0.000000 0.203564 0.045010 0.000007 0.087980 0.000001 
0.036838 0.000000 0.126233 0.078835 0.068406 0.119513 0.000000 0.551458 0.018717 0.000001 
0.000000 0.044969 0.000000 0.569046 0.000000 0.040573 0.203764 0.041966 0.099681 0.000001 
0.738041 0.000000 0.049490 0.000000 0.000000 0.000024 0.027305 0.053507 0.000002 0.131630 
0.000000 0.000000 0.000000 0.000000 0.000000 0.118884 0.000000 0.009926 0.871188 0.000001 
0.264449 0.609665 0.064341 0.000000 0.000000 0.000024 0.000000 0.013719 0.000002 0.047801 
0.013349 0.412335 0.032990 0.503499 0.037792 0.000024 0.000000 0.000006 0.000002 0.000001 
0.000000 0.364592 0.095357 0.000000 0.000000 0.053371 0.281643 0.039223 0.129614 0.036200 
0.000000 0.000000 0.137554 0.140682 0.078964 0.347491 0.085593 0.209713 0.000002 0.000001 
0.000000 0.000000 0.033705 0.000000 0.000000 0.000028 0.000000 0.874474 0.091791 0.000001 
0.100731 0.301291 0.109719 0.000000 0.358597 0.042091 0.000000 0.025931 0.026472 0.035168 
0.000000 0.027148 0.000000 0.000000 0.092751 0.027084 0.336121 0.461732 0.055162 0.000001 
0.125967 0.000000 0.000000 0.000000 0.546830 0.147087 0.043177 0.136935 0.000002 0.000001 
0.107298 0.000000 0.000000 0.032055 0.225932 0.071603 0.000000 0.059923 0.000002 0.503185 
0.000000 0.165651 0.000000 0.000000 0.000000 0.336479 0.000000 0.314014 0.018852 0.165003 
0.000000 0.000000 0.055825 0.000000 0.000000 0.043607 0.513801 0.228998 0.157767 0.000001 
0.000000 0.023572 0.000000 0.000000 0.000000 0.336609 0.252985 0.263478 0.079612 0.043744 
0.197711 0.000000 0.606914 0.000000 0.000000 0.074199 0.000000 0.032866 0.012525 0.075783 
0.000000 0.638753 0.034726 0.000000 0.170901 0.072692 0.050822 0.005990 0.026114 0.000001 
0.050868 0.941028 0.008068 0.000000 0.000000 0.000028 0.000000 0.000006 0.000002 0.000001 
0.201999 0.000000 0.041993 0.369042 0.000000 0.000021 0.072277 0.116125 0.130521 0.068022 
0.000000 0.000000 0.194704 0.373536 0.000000 0.049944 0.000000 0.365084 0.016731 0.000001 
0.000000 0.000000 0.010623 0.044783 0.000000 0.050168 0.542507 0.117838 0.138817 0.095263 
0.000000 0.369670 0.000000 0.063641 0.045202 0.417391 0.000000 0.104093 0.000003 0.000001 
0.000000 0.436368 0.000000 0.000000 0.000000 0.053043 0.000000 0.405029 0.105559 0.000001 
0.000000 0.000000 0.000000 0.000000 0.078243 0.100479 0.000000 0.305645 0.015675 0.499957 
0.000000 0.026371 0.034315 0.000000 0.000000 0.000021 0.000000 0.939290 0.000002 0.000001 
0.083519 0.000000 0.015907 0.047665 0.034220 0.000027 0.499223 0.019966 0.254201 0.045271 
0.526893 0.000000 0.000000 0.020955 0.000000 0.098742 0.000000 0.321519 0.000002 0.031888 
0.000000 0.749723 0.000000 0.034808 0.000000 0.130570 0.000000 0.084895 0.000002 0.000001 
0.000000 0.000000 0.000000 0.033451 0.000000 0.000023 0.000000 0.089739 0.876785 0.000001 
0.047393 0.038945 0.000000 0.462548 0.000000 0.269058 0.045543 0.097741 0.038771 0.000001 
0.011695 0.031327 0.174849 0.782097 0.000000 0.000024 0.000000 0.000006 0.000002 0.000001 
0.000000 0.000000 0.000000 0.000000 0.000000 0.000021 0.000000 0.007597 0.992381 0.000001 
0.000000 0.000000 0.016215 0.508682 0.324256 0.080732 0.000000 0.038630 0.031484 0.000001 
0.287731 0.108842 0.033624 0.000000 0.363693 0.022115 0.000000 0.063731 0.032447 0.087817 
0.000000 0.000000 0.000000 0.000000 0.000000 0.999991 0.000000 0.000005 0.000002 0.000001 
0.000000 0.000000 0.749588 0.000000 0.000000 0.029831 0.032660 0.010414 0.154870 0.022636 
0.000000 0.000000 0.000000 0.000000 0.000000 0.000025 0.404139 0.465698 0.130136 0.000001 
0.000000 0.641723 0.056337 0.271609 0.000000 0.011154 0.019167 0.000006 0.000002 0.000001 
0.157387 0.067276 0.283075 0.000000 0.000000 0.148581 0.141057 0.019192 0.081944 0.101488 
0.000000 0.037110 0.117922 0.000000 0.000000 0.013322 0.000000 0.831643 0.000002 0.000001 
0.000000 0.000000 0.532062 0.000000 0.295270 0.034156 0.026589 0.019405 0.000002 0.092515 
0.282409 0.031441 0.071556 0.000000 0.000000 0.467673 0.000000 0.007488 0.036526 0.102906 
0.034675 0.000000 0.722956 0.000000 0.043439 0.000024 0.068066 0.000006 0.110019 0.020814 
0.052227 0.455503 0.310808 0.000000 0.000000 0.065313 0.000000 0.000007 0.116141 0.000001 
0.000000 0.510778 0.482877 0.000000 0.000000 0.006337 0.000000 0.000005 0.000001 0.000001 
0.000000 0.000000 0.000000 0.826037 0.063233 0.000028 0.029168 0.000007 0.000002 0.081524 
0.000000 0.000000 0.012039 0.000000 0.000000 0.956713 0.000000 0.031245 0.000002 0.000001 
0.000000 0.048933 0.732941 0.000000 0.073595 0.074799 0.000000 0.014618 0.021854 0.033260 
0.000000 0.000000 0.094304 0.505019 0.000000 0.027125 0.207586 0.000007 0.133865 0.032094 
0.069366 0.000000 0.010808 0.000000 0.083752 0.574664 0.000000 0.033495 0.019279 0.208636 
0.025247 0.000000 0.006940 0.045272 0.000000 0.000020 0.000000 0.896426 0.026094 0.000001 
0.000000 0.000000 0.085558 0.000000 0.156287 0.139815 0.000000 0.105377 0.027622 0.485341 
0.000000 0.000000 0.584335 0.000000 0.034356 0.190100 0.000000 0.118344 0.072864 0.000001 
0.000000 0.029560 0.491260 0.018155 0.000000 0.042668 0.000000 0.100494 0.051853 0.266009 
0.000000 0.000000 0.829850 0.165251 0.000000 0.000022 0.000000 0.000007 0.000002 0.004868 
0.000000 0.759043 0.000000 0.000000 0.000000 0.000024 0.000000 0.215169 0.000002 0.025761 
0.000000 0.000000 0.000000 0.000000 0.034644 0.000021 0.030945 0.934385 0.000002 0.000001 
0.122213 0.000000 0.029651 0.021545 0.549519 0.028902 0.030635 0.137374 0.000002 0.080159 
0.088969 0.000000 0.253181 0.000000 0.067010 0.122206 0.000000 0.274314 0.000002 0.194317 
0.292820 0.000000 0.000000 0.000000 0.299360 0.177558 0.000000 0.107008 0.045477 0.077776 
0.000000 0.185990 0.000000 0.000000 0.000000 0.018962 0.000000 0.010152 0.784894 0.000001 
0.058808 0.008676 0.000000 0.000000 0.000000 0.042013 0.000000 0.000006 0.874547 0.015950 
0.000000 0.000000 0.019134 0.338103 0.000000 0.036878 0.404269 0.000007 0.181196 0.020415 
0.000000 0.849905 0.124643 0.000000 0.000000 0.025444 0.000000 0.000005 0.000002 0.000001 
0.000000 0.037003 0.022637 0.624694 0.046315 0.269341 0.000000 0.000007 0.000002 0.000001 
0.068787 0.000000 0.015214 0.028688 0.000000 0.000025 0.000000 0.018211 0.683229 0.185846 
0.000000 0.018770 0.000000 0.056973 0.000000 0.009384 0.000000 0.000009 0.914862 0.000001 
0.000000 0.000000 0.023370 0.479353 0.035134 0.257284 0.000000 0.000007 0.139118 0.065735 
0.084172 0.772958 0.000000 0.055405 0.000000 0.041907 0.000000 0.000006 0.000003 0.045548 
0.070971 0.000000 0.000000 0.188468 0.164036 0.047556 0.057744 0.471221 0.000002 0.000001 
0.141962 0.035912 0.000000 0.000000 0.453249 0.060434 0.052001 0.085153 0.041854 0.129433 
0.000000 0.000000 0.000000 0.000000 0.058466 0.829131 0.000000 0.112399 0.000003 0.000001 
0.086415 0.000000 0.000000 0.167223 0.511477 0.083406 0.000000 0.089364 0.000002 0.062113 
0.000000 0.038836 0.000000 0.000000 0.036120 0.000027 0.000000 0.000006 0.925010 0.000001 
0.112156 0.054878 0.000000 0.657274 0.000000 0.000022 0.000000 0.046700 0.116867 0.012102 
0.000000 0.023454 0.000000 0.000000 0.000000 0.000024 0.333169 0.153790 0.464150 0.025412 
0.228850 0.000000 0.041810 0.000000 0.063333 0.633644 0.000000 0.000007 0.000002 0.032354 
0.000000 0.000000 0.007811 0.000000 0.044399 0.607078 0.225569 0.000008 0.115133 0.000001 
0.133988 0.000000 0.000000 0.000000 0.421080 0.061573 0.202639 0.084298 0.000002 0.096418 
0.303122 0.000000 0.000000 0.028129 0.000000 0.000026 0.457369 0.048802 0.087234 0.075318 
0.000000 0.000000 0.754796 0.000000 0.000000 0.069304 0.000000 0.072916 0.000002 0.102982 
0.000000 0.000000 0.093748 0.000000 0.054318 0.000022 0.551343 0.000007 0.272085 0.028477 
0.000000 0.761116 0.000000 0.000000 0.000000 0.238875 0.000000 0.000005 0.000002 0.000001 
