-956188.197315
0
0.000001 0.000000 0.000000 0.000000 0.000000 0.000000 0.000000 0.000000 0.000001 0.000000 0.000000 0.000005 0.000000 0.000000 0.000000 0.000000 0.032584 0.000000 0.131786 0.000000 0.000000 0.050757 0.000000 0.000000 0.000000 0.000000 0.000000 0.000000 0.000000 0.000000 0.094656 0.000000 0.000000 0.000000 0.000000 0.000000 0.000000 0.000000 0.000000 0.000000 0.000000 0.000000 0.000000 0.000000 0.000000 0.000000 0.000000 0.000000 0.000000 0.000000 0.000000 0.000000 0.000000 0.000000 0.000000 0.000000 0.210796 0.000001 0.000000 0.064445 0.000000 0.000000 0.000000 0.000000 0.032411 0.000003 0.000000 0.000000 0.000000 0.000000 0.000000 0.000000 0.000003 0.000001 0.039435 0.000000 0.000000 0.000000 0.000000 0.000000 0.000000 0.000000 0.000000 0.000001 0.000000 0.018801 0.000000 0.000000 0.000001 0.000000 0.238025 0.086286 0.000000 0.000000 0.000000 0.000000 
0.086682 0.000000 0.000000 0.157199 0.000000 0.000000 0.000000 0.000000 0.000000 0.000000 0.000000 0.000003 0.000000 0.000000 0.000000 0.000000 0.128414 0.000000 0.000001 0.000000 0.000000 0.000000 0.000000 0.000000 0.092431 0.000000 0.000000 0.000000 0.000000 0.000000 0.000000 0.000000 0.000000 0.000000 0.000000 0.000000 0.000000 0.000000 0.000000 0.000000 0.000000 0.000000 0.000000 0.000000 0.000000 0.000000 0.000000 0.000000 0.035994 0.000000 0.000000 0.000000 0.000000 0.000000 0.000000 0.000000 0.000001 0.000000 0.000000 0.000003 0.000000 0.000000 0.000000 0.000000 0.000000 0.000002 0.000000 0.000000 0.000000 0.000000 0.000000 0.000000 0.161739 0.000001 0.000000 0.286174 0.000000 0.000000 0.000000 0.000000 0.000000 0.000000 0.000000 0.000000 0.000000 0.000000 0.000000 0.000000 0.000001 0.000000 0.000005 0.000000 0.000000 0.000000 0.051350 0.000000 
0.000654 0.000000 0.000000 0.000000 0.013449 0.017383 0.002710 0.015272 0.020781 0.020996 0.000000 0.023066 0.013635 0.011269 0.000523 0.000000 0.044594 0.031818 0.050241 0.060801 0.000000 0.000000 0.009658 0.007515 0.000000 0.000000 0.000000 0.000000 0.007107 0.007293 0.000000 0.006846 0.028858 0.000000 0.000000 0.015994 0.000456 0.004750 0.011483 0.008212 0.021234 0.025527 0.029015 0.034413 0.000000 0.007882 0.011209 0.017773 0.009151 0.012493 0.000000 0.012649 0.007510 0.010522 0.000000 0.005585 0.000000 0.000000 0.000000 0.037359 0.009901 0.004735 0.008154 0.000000 0.028658 0.013303 0.022050 0.035406 0.000000 0.000000 0.005497 0.000000 0.008002 0.014231 0.000000 0.029674 0.000000 0.000000 0.000000 0.000000 0.000000 0.000000 0.000000 0.000000 0.000000 0.007254 0.006308 0.007112 0.000000 0.031906 0.010585 0.034685 0.000000 0.007711 0.010851 0.026290 
0.000000 0.000000 0.000000 0.000000 0.000000 0.000000 0.000000 0.000000 0.000000 0.000000 0.000000 0.000002 0.000000 0.000000 0.000000 0.000000 0.000006 0.000000 0.000000 0.000000 0.000000 0.000000 0.000000 0.000000 0.055787 0.000000 0.000000 0.000000 0.000000 0.000000 0.000000 0.000000 0.000000 0.591964 0.000000 0.000000 0.000000 0.000000 0.000000 0.000000 0.000000 0.000000 0.000000 0.000000 0.000000 0.057981 0.000000 0.000000 0.000000 0.000000 0.000000 0.000000 0.000000 0.000000 0.000000 0.000000 0.000001 0.000000 0.000000 0.000003 0.000000 0.000000 0.000000 0.000000 0.000000 0.000001 0.000000 0.140115 0.000000 0.000000 0.000000 0.000000 0.000002 0.000001 0.000000 0.000000 0.000000 0.029802 0.000000 0.000000 0.000000 0.000000 0.000000 0.000000 0.000000 0.000000 0.000000 0.079613 0.000001 0.000000 0.044719 0.000000 0.000000 0.000000 0.000000 0.000000 
0.000002 0.000000 0.000000 0.000000 0.000000 0.000000 0.000000 0.000000 0.000001 0.000000 0.000000 0.249173 0.000000 0.000000 0.111279 0.000000 0.000019 0.000000 0.000002 0.000000 0.000000 0.000000 0.000000 0.100644 0.000000 0.000000 0.000000 0.000000 0.000000 0.000000 0.000000 0.000000 0.000000 0.000000 0.000000 0.000000 0.000000 0.000000 0.000000 0.000000 0.000000 0.000000 0.070597 0.000000 0.000000 0.031388 0.000000 0.000000 0.000000 0.000000 0.000000 0.000000 0.000000 0.000000 0.000000 0.000000 0.000003 0.000001 0.000000 0.000009 0.000000 0.000000 0.000000 0.000000 0.000000 0.000005 0.046034 0.000000 0.000000 0.000000 0.000000 0.000000 0.229614 0.086276 0.074933 0.000000 0.000000 0.000000 0.000000 0.000000 0.000000 0.000000 0.000000 0.000001 0.000000 0.000000 0.000000 0.000000 0.000002 0.000000 0.000015 0.000000 0.000000 0.000000 0.000001 0.000000 
0.000557 0.000328 0.000000 0.000000 0.000000 0.000000 0.000000 0.000696 0.006228 0.000000 0.001143 0.002011 0.000000 0.000000 0.000000 0.000000 0.001991 0.000000 0.000414 0.001141 0.000000 0.000000 0.000000 0.000000 0.000000 0.000000 0.000000 0.000000 0.000000 0.000000 0.000000 0.000000 0.008752 0.000000 0.002731 0.005320 0.000000 0.000378 0.000000 0.000000 0.000430 0.000000 0.000000 0.000000 0.000000 0.000000 0.000000 0.000000 0.000000 0.000000 0.000000 0.000000 0.000000 0.000000 0.000000 0.000000 0.006237 0.000000 0.000000 0.002407 0.000000 0.000000 0.000000 0.000000 0.000000 0.000000 0.000000 0.000000 0.000000 0.000000 0.000000 0.000199 0.014847 0.007743 0.002539 0.013575 0.039272 0.000000 0.001500 0.072670 0.453454 0.066815 0.043520 0.242606 0.000000 0.000000 0.000000 0.000000 0.000000 0.000000 0.000495 0.000000 0.000000 0.000000 0.000000 0.000000 
0.000001 0.000000 0.000000 0.000000 0.000000 0.000000 0.000000 0.000000 0.000001 0.000000 0.000000 0.000006 0.000000 0.000000 0.000000 0.000000 0.000018 0.000000 0.000001 0.000000 0.000000 0.000000 0.000000 0.000000 0.000000 0.000000 0.000000 0.000000 0.000000 0.000000 0.000000 0.000000 0.000000 0.000000 0.000000 0.000000 0.000000 0.000000 0.000000 0.000000 0.000000 0.000000 0.000000 0.143477 0.000000 0.000000 0.000000 0.204618 0.000000 0.000000 0.000000 0.000000 0.000000 0.000000 0.000000 0.000000 0.000003 0.000001 0.000000 0.000010 0.000000 0.000000 0.000000 0.000000 0.000000 0.000004 0.147512 0.000000 0.000000 0.000000 0.000000 0.000000 0.000005 0.000003 0.000000 0.000000 0.000000 0.000000 0.000000 0.000000 0.000000 0.000000 0.000000 0.000001 0.000000 0.000000 0.000000 0.000000 0.000002 0.000000 0.000013 0.000000 0.000000 0.373349 0.130969 0.000000 
0.038832 0.031683 0.023536 0.023602 0.011356 0.004731 0.003526 0.004063 0.011051 0.007369 0.000000 0.002795 0.002532 0.002010 0.008794 0.000000 0.005978 0.000000 0.005972 0.000000 0.000000 0.000000 0.000000 0.000000 0.050439 0.074649 0.012553 0.051908 0.011766 0.010365 0.006518 0.008568 0.019366 0.014489 0.006119 0.019338 0.008128 0.008727 0.039387 0.009515 0.004434 0.000000 0.010928 0.003605 0.000000 0.001184 0.004669 0.000000 0.041004 0.042685 0.029745 0.028707 0.008220 0.010393 0.007042 0.005112 0.008111 0.009171 0.000000 0.006368 0.008557 0.004506 0.014972 0.001287 0.005922 0.000665 0.002934 0.000000 0.000000 0.000000 0.000000 0.000000 0.039641 0.063739 0.013957 0.037797 0.003571 0.011899 0.004508 0.000000 0.000000 0.000000 0.000000 0.003190 0.003724 0.003003 0.008985 0.000000 0.002210 0.000000 0.002878 0.000000 0.000000 0.000000 0.001012 0.000000 
0.023317 0.000000 0.000000 0.000000 0.000000 0.000000 0.000000 0.000000 0.067968 0.000000 0.000000 0.000001 0.000000 0.000000 0.049091 0.052054 0.116946 0.000000 0.000000 0.000000 0.000000 0.000000 0.000000 0.000000 0.000000 0.000000 0.000000 0.000000 0.000000 0.000000 0.000000 0.000000 0.000000 0.000000 0.000000 0.000000 0.000000 0.000000 0.000000 0.000000 0.032389 0.000000 0.025698 0.000000 0.000000 0.000000 0.000000 0.000000 0.010948 0.000000 0.000000 0.000000 0.000000 0.000000 0.000000 0.000000 0.087660 0.100803 0.000000 0.000001 0.000000 0.000000 0.000000 0.012579 0.021419 0.012018 0.032067 0.000000 0.000000 0.000000 0.000000 0.000000 0.056973 0.000000 0.034268 0.000000 0.000000 0.024161 0.000000 0.000000 0.000000 0.000000 0.000000 0.034239 0.058541 0.000000 0.000000 0.000000 0.116892 0.000000 0.029964 0.000000 0.000000 0.000000 0.000000 0.000000 
0.000001 0.000000 0.000000 0.000000 0.000000 0.000000 0.000000 0.000000 0.000000 0.000000 0.059656 0.000003 0.000000 0.000000 0.000000 0.000000 0.000006 0.000000 0.067435 0.000000 0.000000 0.000000 0.000000 0.000000 0.000000 0.000000 0.000000 0.000000 0.000000 0.000000 0.000000 0.000000 0.048466 0.000000 0.108863 0.000000 0.000000 0.000000 0.000000 0.000000 0.000000 0.000000 0.000000 0.101989 0.000000 0.000000 0.000000 0.000000 0.000000 0.000000 0.000000 0.000000 0.000000 0.000000 0.000000 0.000000 0.061656 0.000000 0.000000 0.093038 0.000000 0.000000 0.000000 0.000000 0.000000 0.103555 0.000000 0.120902 0.000000 0.000000 0.000000 0.000000 0.000002 0.000001 0.000000 0.000000 0.000000 0.000000 0.000000 0.000000 0.000000 0.000000 0.143582 0.090838 0.000000 0.000000 0.000000 0.000000 0.000001 0.000000 0.000005 0.000000 0.000000 0.000000 0.000000 0.000000 
0.051102 0.049020 0.000000 0.047866 0.008916 0.000000 0.000000 0.006132 0.017849 0.000000 0.006060 0.024503 0.017617 0.015278 0.019762 0.031273 0.009691 0.000000 0.000000 0.015500 0.004944 0.000000 0.006543 0.000000 0.043194 0.031692 0.000000 0.044676 0.006528 0.005210 0.000000 0.011738 0.000000 0.005520 0.000000 0.021831 0.015675 0.023420 0.018708 0.035314 0.000000 0.007956 0.000000 0.005873 0.003467 0.000000 0.005526 0.000000 0.027857 0.015695 0.000000 0.026946 0.000000 0.002211 0.000000 0.005904 0.000000 0.000000 0.000000 0.000000 0.008149 0.009987 0.010917 0.028163 0.000000 0.005510 0.000000 0.000000 0.000000 0.000000 0.006315 0.005914 0.031537 0.019168 0.000000 0.038171 0.004572 0.004495 0.000000 0.010231 0.000000 0.000000 0.000000 0.012329 0.022149 0.016374 0.011687 0.038246 0.007302 0.000000 0.000000 0.007030 0.000000 0.000000 0.004756 0.000000 
0.000000 0.000000 0.000000 0.003123 0.001156 0.000000 0.000000 0.000000 0.036941 0.017193 0.000000 0.013441 0.000000 0.004415 0.000000 0.005628 0.006682 0.000000 0.032873 0.000000 0.000000 0.002551 0.000000 0.001663 0.017552 0.038825 0.018385 0.101701 0.000000 0.000000 0.000000 0.000000 0.000000 0.013264 0.066880 0.000000 0.000000 0.004839 0.000000 0.001557 0.009501 0.002777 0.043485 0.000000 0.000000 0.006746 0.007676 0.012821 0.002088 0.009344 0.003889 0.013110 0.000000 0.003078 0.000000 0.001978 0.095519 0.111152 0.115477 0.082570 0.000000 0.004591 0.000000 0.004249 0.015910 0.005033 0.018060 0.000000 0.000000 0.002494 0.000908 0.006747 0.000000 0.000000 0.000000 0.000000 0.000000 0.000000 0.000000 0.000000 0.000000 0.000000 0.000000 0.000000 0.000000 0.000426 0.000000 0.000000 0.009796 0.000000 0.009175 0.002510 0.000000 0.002377 0.000849 0.006996 
0.005520 0.008281 0.001962 0.000000 0.000000 0.000000 0.000000 0.001370 0.033742 0.018080 0.280454 0.013474 0.001753 0.000000 0.000000 0.005627 0.003749 0.007055 0.005474 0.000000 0.000000 0.002978 0.000000 0.002524 0.000000 0.004741 0.000000 0.000000 0.000000 0.000000 0.000000 0.000000 0.016482 0.000000 0.156739 0.014908 0.000000 0.000000 0.000000 0.000000 0.000000 0.002528 0.002658 0.000000 0.000000 0.000000 0.000000 0.000000 0.004333 0.003688 0.000000 0.000000 0.000000 0.002374 0.000000 0.000000 0.034046 0.034349 0.181752 0.015293 0.000000 0.000000 0.000000 0.000000 0.008692 0.003103 0.000000 0.000000 0.000000 0.000000 0.000000 0.000000 0.000000 0.008245 0.000000 0.000000 0.000000 0.000000 0.000000 0.000000 0.000000 0.000000 0.096840 0.000000 0.000000 0.000000 0.000000 0.000000 0.005084 0.002366 0.008912 0.000826 0.000000 0.000000 0.000000 0.000000 
0.000000 0.000000 0.000000 0.008378 0.000000 0.000000 0.000000 0.000000 0.000000 0.002722 0.011659 0.003456 0.000000 0.000000 0.000000 0.001001 0.000652 0.004461 0.001114 0.003152 0.000000 0.003905 0.001457 0.015943 0.002213 0.000000 0.001102 0.016223 0.000000 0.000000 0.000000 0.000000 0.000000 0.000000 0.010941 0.002789 0.000000 0.000000 0.000000 0.000000 0.000000 0.001371 0.000000 0.000000 0.002378 0.000864 0.003101 0.018908 0.000000 0.000991 0.000000 0.008421 0.000000 0.000000 0.000000 0.000000 0.000000 0.014572 0.028966 0.014257 0.000000 0.000000 0.000000 0.000000 0.006751 0.010914 0.005027 0.012529 0.000000 0.002525 0.000827 0.002631 0.037669 0.010889 0.003960 0.331321 0.000000 0.000000 0.000000 0.000000 0.000000 0.014549 0.225594 0.037473 0.000000 0.000000 0.000000 0.003082 0.002686 0.009399 0.006632 0.009379 0.006246 0.008083 0.000000 0.066837 
0.009782 0.012046 0.005977 0.005383 0.048302 0.024033 0.011327 0.051488 0.022785 0.006991 0.000000 0.007431 0.000000 0.000000 0.000000 0.000000 0.000001 0.000000 0.000000 0.000000 0.000000 0.004683 0.014743 0.013439 0.008971 0.005462 0.005041 0.000000 0.038535 0.032654 0.011313 0.054508 0.006724 0.000000 0.000000 0.000000 0.007675 0.004784 0.000000 0.010820 0.004810 0.013865 0.000000 0.000000 0.000000 0.007402 0.016963 0.000000 0.000000 0.000000 0.000000 0.000000 0.023309 0.018209 0.003576 0.040067 0.041764 0.016345 0.000000 0.002465 0.000000 0.011150 0.007508 0.000000 0.000000 0.008122 0.000000 0.000000 0.014896 0.013137 0.036407 0.008149 0.000000 0.007112 0.000000 0.000000 0.042849 0.053109 0.007820 0.091182 0.000000 0.000000 0.000000 0.000000 0.000000 0.008671 0.000000 0.002269 0.019158 0.010212 0.006221 0.000000 0.000000 0.012429 0.016194 0.009732 
0.000000 0.000000 0.000000 0.000000 0.000000 0.000000 0.000000 0.000000 0.000000 0.019568 0.000000 0.003817 0.000000 0.000876 0.001035 0.003184 0.000000 0.000000 0.000000 0.000000 0.000000 0.000000 0.000490 0.000000 0.000000 0.000000 0.000000 0.000000 0.000000 0.000000 0.000000 0.000000 0.079582 0.105254 0.020609 0.080819 0.000000 0.001160 0.000000 0.000762 0.000366 0.000743 0.000629 0.004009 0.000000 0.000000 0.000709 0.000000 0.000000 0.000000 0.000000 0.000000 0.000000 0.000000 0.000000 0.000000 0.000000 0.022217 0.000000 0.016045 0.000000 0.000000 0.000000 0.000977 0.000000 0.000000 0.000000 0.007931 0.000000 0.000000 0.001498 0.000248 0.000000 0.000797 0.000000 0.000000 0.000000 0.000000 0.000000 0.000000 0.123213 0.299061 0.099543 0.091164 0.000000 0.001148 0.000760 0.004263 0.001620 0.001304 0.000000 0.001500 0.000000 0.000755 0.000878 0.001464 
0.007727 0.000000 0.000000 0.000000 0.000000 0.000000 0.000000 0.000000 0.000000 0.000000 0.000000 0.000000 0.013786 0.000000 0.005967 0.028770 0.020319 0.005463 0.011869 0.018191 0.058378 0.008921 0.004572 0.031373 0.005920 0.000000 0.000000 0.001947 0.000000 0.000000 0.000000 0.000000 0.000000 0.000000 0.000000 0.000000 0.005830 0.000000 0.000000 0.000000 0.021643 0.006483 0.016038 0.034410 0.034797 0.007742 0.016594 0.079506 0.011687 0.006036 0.000000 0.004772 0.000000 0.000000 0.000000 0.005143 0.007453 0.007173 0.000000 0.000000 0.000000 0.000000 0.000000 0.000000 0.005688 0.009886 0.009487 0.005146 0.011771 0.002585 0.005495 0.031099 0.028426 0.000000 0.000000 0.032584 0.004096 0.003441 0.000000 0.007630 0.000000 0.000000 0.000000 0.007235 0.029932 0.000000 0.016493 0.012758 0.025219 0.010710 0.011808 0.034011 0.099431 0.011010 0.009642 0.085907 
0.000000 0.000000 0.153849 0.000000 0.000000 0.000017 0.000000 0.035718 0.000000 0.000000 0.669870 0.000000 0.067817 0.012785 0.000001 0.004469 0.055474 
0.000000 0.000000 0.138921 0.010969 0.035034 0.023478 0.000000 0.000144 0.019412 0.000000 0.136168 0.000000 0.359820 0.145370 0.093189 0.037480 0.000013 
0.000000 0.000000 0.004710 0.000000 0.000000 0.912931 0.000000 0.000188 0.000000 0.000000 0.004243 0.000000 0.034569 0.000001 0.000000 0.040216 0.003140 
0.000000 0.000000 0.183719 0.000000 0.000000 0.110579 0.000000 0.042279 0.000000 0.000000 0.256187 0.000000 0.033323 0.000001 0.277193 0.050873 0.045846 
0.000000 0.000000 0.032170 0.000000 0.000000 0.015015 0.000000 0.433335 0.000000 0.017081 0.080543 0.000000 0.004423 0.000001 0.000001 0.406354 0.011078 
0.000000 0.000000 0.073765 0.000000 0.000000 0.000035 0.000000 0.642762 0.000000 0.000000 0.174324 0.000000 0.002781 0.000001 0.048512 0.043959 0.013861 
0.000000 0.000000 0.164290 0.016273 0.000000 0.010588 0.015822 0.000151 0.062395 0.000000 0.145498 0.000000 0.152212 0.071627 0.038243 0.035698 0.287203 
0.000000 0.000000 0.177165 0.000000 0.000000 0.086805 0.000000 0.009618 0.000000 0.000000 0.575355 0.000000 0.034873 0.020625 0.000001 0.059206 0.036351 
0.000000 0.005282 0.000465 0.000000 0.000000 0.920275 0.000000 0.000048 0.000000 0.000000 0.000463 0.000000 0.000532 0.000001 0.000000 0.072933 0.000001 
0.037270 0.019064 0.087097 0.000000 0.000000 0.000039 0.000000 0.148024 0.029906 0.036660 0.084202 0.000000 0.480087 0.000001 0.000000 0.072468 0.005182 
0.000000 0.000000 0.199957 0.000000 0.000000 0.016747 0.000000 0.007259 0.000000 0.000000 0.704572 0.000000 0.044146 0.000001 0.023955 0.003353 0.000009 
0.000000 0.000000 0.152357 0.008170 0.000000 0.000041 0.000000 0.205846 0.000000 0.000000 0.186547 0.205493 0.227416 0.000001 0.000001 0.014118 0.000009 
0.023365 0.016208 0.266246 0.000000 0.000000 0.000035 0.000000 0.068527 0.000000 0.000000 0.116019 0.000000 0.037978 0.189959 0.026321 0.202581 0.052761 
0.064303 0.000000 0.268638 0.000000 0.000000 0.217025 0.000000 0.043347 0.036926 0.000000 0.168691 0.031278 0.030954 0.000001 0.035734 0.066061 0.037041 
0.000000 0.000000 0.170085 0.016149 0.000000 0.030392 0.000000 0.040509 0.000000 0.000000 0.237506 0.054263 0.091756 0.000001 0.341951 0.000968 0.016419 
0.014457 0.000000 0.043914 0.000000 0.000000 0.082786 0.000000 0.083805 0.000000 0.000000 0.138584 0.000000 0.009803 0.000001 0.000000 0.493428 0.133221 
0.000000 0.000000 0.049776 0.016346 0.000000 0.066283 0.000000 0.347353 0.025917 0.043433 0.098236 0.000000 0.175958 0.031153 0.034871 0.026147 0.084526 
0.016938 0.000000 0.265220 0.023833 0.000000 0.000027 0.000000 0.071858 0.094865 0.035074 0.150966 0.000000 0.186684 0.000001 0.077983 0.067295 0.009255 
0.000000 0.029224 0.245733 0.000000 0.000000 0.000038 0.000000 0.021746 0.089717 0.000000 0.180152 0.023072 0.044863 0.000001 0.101118 0.106597 0.157739 
0.000000 0.000000 0.046591 0.000000 0.000000 0.291929 0.000000 0.000129 0.000000 0.000000 0.033067 0.077844 0.019973 0.067345 0.000000 0.463112 0.000008 
0.000000 0.000000 0.138755 0.000000 0.000000 0.000029 0.000000 0.042774 0.000000 0.000000 0.413196 0.000000 0.050607 0.000001 0.028964 0.325664 0.000011 
0.027673 0.000000 0.170020 0.000000 0.000000 0.000032 0.000000 0.000157 0.045171 0.000000 0.049319 0.313927 0.316699 0.000001 0.000000 0.076988 0.000012 
0.000000 0.000000 0.054727 0.000000 0.000000 0.000033 0.000000 0.451088 0.000000 0.000000 0.142011 0.000000 0.018443 0.000001 0.039381 0.276104 0.018212 
0.000000 0.000000 0.371262 0.013950 0.000000 0.013666 0.000000 0.037217 0.152520 0.000000 0.231876 0.000000 0.048719 0.000001 0.028009 0.049059 0.053720 
0.000000 0.000000 0.052501 0.026979 0.000000 0.000025 0.000000 0.030061 0.022469 0.000000 0.015311 0.000000 0.003670 0.000001 0.018864 0.820161 0.009958 
0.000000 0.000000 0.040521 0.011702 0.036456 0.000034 0.000000 0.000122 0.000000 0.000000 0.288459 0.053049 0.433076 0.041818 0.016860 0.060833 0.017069 
0.000000 0.000000 0.042329 0.000000 0.000000 0.165994 0.000000 0.322913 0.000000 0.000000 0.068290 0.031217 0.000978 0.348433 0.000001 0.019839 0.000007 
0.000000 0.000000 0.179617 0.000000 0.000000 0.014848 0.000000 0.032403 0.045474 0.000000 0.075409 0.016633 0.024585 0.000001 0.044407 0.556910 0.009712 
0.000000 0.000000 0.226330 0.000000 0.000000 0.020519 0.000000 0.052479 0.000000 0.000000 0.431587 0.000000 0.037705 0.000001 0.018669 0.014159 0.198550 
0.000000 0.023096 0.122665 0.000000 0.000000 0.044286 0.000000 0.052670 0.000000 0.000000 0.355712 0.165477 0.201206 0.000001 0.000001 0.010931 0.023955 
0.024882 0.000000 0.279750 0.000000 0.000000 0.271830 0.000000 0.000105 0.000000 0.000000 0.118239 0.040904 0.034688 0.000001 0.000001 0.229590 0.000010 
0.032431 0.000000 0.285852 0.000000 0.000000 0.000034 0.000000 0.341167 0.000000 0.000000 0.151439 0.031629 0.024473 0.000001 0.046630 0.055114 0.031227 
0.000000 0.000000 0.241683 0.000000 0.000000 0.211308 0.000000 0.026129 0.057830 0.000000 0.168235 0.069707 0.079947 0.000001 0.040854 0.052606 0.051700 
0.000000 0.000000 0.109257 0.011295 0.014936 0.000030 0.000000 0.000132 0.000000 0.000000 0.072780 0.030276 0.316875 0.229954 0.000000 0.214451 0.000012 
0.000000 0.000000 0.052511 0.000000 0.000000 0.763399 0.000000 0.000128 0.000000 0.000000 0.054788 0.000000 0.005590 0.000001 0.048513 0.075057 0.000012 
0.000000 0.000000 0.151823 0.000000 0.000000 0.007861 0.000000 0.000140 0.000000 0.000000 0.499518 0.025808 0.036596 0.210023 0.022239 0.013360 0.032631 
0.000000 0.000000 0.020153 0.000000 0.000000 0.000023 0.000000 0.035123 0.000000 0.000000 0.042547 0.000000 0.014163 0.500932 0.000000 0.304849 0.082210 
0.000000 0.000000 0.051146 0.000000 0.000000 0.737424 0.000000 0.000188 0.000000 0.000000 0.019059 0.082112 0.039974 0.000001 0.000001 0.047515 0.022580 
0.000000 0.000000 0.175145 0.006242 0.000000 0.038033 0.009926 0.184421 0.000000 0.000000 0.078923 0.000000 0.031092 0.454553 0.000001 0.021657 0.000007 
0.000000 0.000000 0.081307 0.000000 0.000000 0.010251 0.000000 0.502320 0.000000 0.000000 0.283436 0.000000 0.035217 0.000001 0.044364 0.043093 0.000010 
0.000000 0.000000 0.046941 0.000000 0.000000 0.000024 0.000000 0.062025 0.000000 0.000000 0.013456 0.130103 0.069850 0.605366 0.000000 0.072228 0.000007 
0.000000 0.000000 0.237199 0.000000 0.000000 0.022543 0.000000 0.494580 0.025814 0.000000 0.095558 0.000000 0.042096 0.000001 0.018154 0.031560 0.032495 
0.000000 0.000000 0.093881 0.000000 0.000000 0.019876 0.000000 0.433252 0.031658 0.000000 0.141128 0.017660 0.023374 0.128081 0.000001 0.025112 0.085977 
0.025951 0.000000 0.290449 0.012985 0.000000 0.013667 0.000000 0.000174 0.068784 0.000000 0.129610 0.085116 0.256428 0.000001 0.024592 0.074755 0.017487 
0.000000 0.000000 0.014161 0.000000 0.000000 0.507869 0.000000 0.392992 0.000000 0.000000 0.021681 0.000000 0.017098 0.000001 0.028976 0.017216 0.000006 
0.000000 0.000000 0.158804 0.025584 0.000000 0.000029 0.000000 0.056064 0.000000 0.000000 0.105250 0.046215 0.007374 0.000001 0.054803 0.373776 0.172100 
0.000000 0.000000 0.164367 0.000000 0.000000 0.013098 0.000000 0.031131 0.000000 0.000000 0.589172 0.000000 0.106576 0.055731 0.000001 0.015467 0.024456 
0.000000 0.000000 0.225119 0.000000 0.000000 0.000038 0.000000 0.000124 0.016243 0.000000 0.114010 0.000000 0.044102 0.032096 0.000000 0.025107 0.543160 
0.000000 0.031092 0.038353 0.000000 0.000000 0.124606 0.000000 0.472036 0.000000 0.000000 0.014008 0.183024 0.097627 0.000001 0.000001 0.039245 0.000006 
0.000000 0.026124 0.048448 0.000000 0.000000 0.000030 0.000000 0.014918 0.000000 0.000000 0.008004 0.000000 0.010822 0.763121 0.000001 0.128523 0.000008 
0.000000 0.000000 0.081885 0.012250 0.015720 0.211071 0.000000 0.079036 0.000000 0.000000 0.246124 0.104328 0.219178 0.023573 0.000001 0.006823 0.000009 
0.000000 0.000000 0.140570 0.000000 0.000000 0.401479 0.000000 0.000154 0.034784 0.000000 0.187252 0.000000 0.012885 0.000001 0.000001 0.145185 0.077690 
0.000000 0.000000 0.085730 0.000000 0.000000 0.577972 0.000000 0.000148 0.000000 0.000000 0.121585 0.011484 0.000497 0.000001 0.163959 0.033418 0.005205 
0.000000 0.000000 0.024498 0.000000 0.000000 0.487882 0.000000 0.065094 0.000000 0.000000 0.011445 0.260568 0.083304 0.029324 0.000000 0.037875 0.000009 
0.000000 0.000000 0.216193 0.019000 0.000000 0.028295 0.000000 0.049608 0.000000 0.000000 0.137274 0.000000 0.220377 0.000001 0.151441 0.163723 0.014089 
0.000000 0.000000 0.081000 0.000000 0.000000 0.202505 0.000000 0.412547 0.000000 0.000000 0.054301 0.000000 0.010364 0.134467 0.000001 0.033565 0.071251 
0.000000 0.000000 0.002765 0.000000 0.000000 0.941345 0.000000 0.000057 0.000000 0.007975 0.006894 0.000000 0.009794 0.000001 0.000000 0.031161 0.000008 
0.000000 0.000000 0.014370 0.000000 0.000000 0.020932 0.000000 0.000098 0.000000 0.000000 0.038353 0.000000 0.000110 0.000002 0.000001 0.926123 0.000012 
0.000000 0.000000 0.145358 0.000000 0.000000 0.000035 0.000000 0.075753 0.000000 0.000000 0.194172 0.137702 0.085155 0.000001 0.228774 0.098217 0.034832 
0.000000 0.000000 0.165638 0.000000 0.000000 0.007801 0.000000 0.016796 0.000000 0.000000 0.128910 0.066660 0.101314 0.000001 0.000001 0.081960 0.430920 
0.039633 0.000000 0.314910 0.000000 0.000000 0.000031 0.000000 0.044672 0.078083 0.000000 0.106898 0.074794 0.177263 0.000001 0.036353 0.079673 0.047687 
0.000000 0.000000 0.014807 0.000000 0.000000 0.000034 0.017131 0.000091 0.000000 0.000000 0.008019 0.227248 0.140457 0.458639 0.000000 0.110908 0.022666 
0.000000 0.000000 0.023136 0.000000 0.000000 0.010194 0.000000 0.000143 0.000000 0.000000 0.052922 0.000000 0.000571 0.894196 0.000001 0.018829 0.000009 
0.000000 0.000000 0.124400 0.000000 0.000000 0.000033 0.000000 0.021674 0.000000 0.000000 0.053037 0.000000 0.016077 0.024229 0.000001 0.681552 0.078998 
0.000000 0.038637 0.077964 0.000000 0.000000 0.012936 0.022285 0.078952 0.000000 0.000000 0.304824 0.000000 0.013913 0.247106 0.000001 0.203372 0.000011 
0.000000 0.000000 0.008759 0.000000 0.000000 0.000033 0.011793 0.010493 0.000000 0.000000 0.040149 0.000000 0.001236 0.906096 0.000001 0.021432 0.000009 
0.000000 0.000000 0.084922 0.000000 0.000000 0.010788 0.000000 0.000113 0.000000 0.000000 0.007625 0.406797 0.298055 0.000001 0.000000 0.181122 0.010576 
0.010250 0.000000 0.005730 0.010288 0.000000 0.000027 0.000000 0.000133 0.000000 0.000000 0.037825 0.000000 0.000208 0.000001 0.000000 0.935526 0.000012 
0.000000 0.000000 0.179521 0.000000 0.000000 0.024338 0.000000 0.036327 0.000000 0.000000 0.073521 0.000000 0.053619 0.059547 0.000001 0.111333 0.461794 
0.000000 0.000000 0.145324 0.000000 0.000000 0.000042 0.000000 0.306914 0.000000 0.000000 0.113162 0.000000 0.053486 0.109748 0.039082 0.029261 0.202980 
0.000000 0.000000 0.042600 0.000000 0.000000 0.802017 0.000000 0.000151 0.000000 0.000000 0.038004 0.000000 0.013381 0.000001 0.024355 0.079483 0.000008 
0.012180 0.045446 0.119141 0.031009 0.000000 0.000037 0.000000 0.000134 0.000000 0.000000 0.055782 0.075499 0.535032 0.000001 0.032091 0.073389 0.020259 
0.000000 0.000000 0.154954 0.000000 0.000000 0.000030 0.000000 0.106760 0.000000 0.000000 0.569167 0.029826 0.061144 0.000001 0.032464 0.038967 0.006688 
0.000000 0.000000 0.024632 0.000000 0.000000 0.134720 0.000000 0.000101 0.000000 0.000000 0.015730 0.300731 0.171260 0.010574 0.000001 0.342242 0.000011 
0.000000 0.000000 0.002446 0.000000 0.000000 0.028441 0.000000 0.106906 0.000000 0.000000 0.020003 0.000000 0.000135 0.000001 0.000001 0.842062 0.000006 
0.000000 0.029169 0.040299 0.000000 0.000000 0.106761 0.000000 0.579223 0.000000 0.000000 0.020033 0.027894 0.011967 0.150284 0.000001 0.025739 0.008632 
0.013461 0.000000 0.170328 0.000000 0.000000 0.000036 0.000000 0.176230 0.000000 0.041159 0.074119 0.000000 0.359079 0.000001 0.074044 0.060509 0.031033 
0.000000 0.016597 0.072991 0.000000 0.000000 0.000031 0.000000 0.012161 0.000000 0.000000 0.023773 0.000000 0.001544 0.582075 0.009153 0.281666 0.000010 
0.000000 0.019316 0.060341 0.000000 0.034808 0.020958 0.000000 0.016305 0.000000 0.000000 0.060134 0.000000 0.328962 0.383252 0.000001 0.055984 0.019941 
0.000000 0.000000 0.165331 0.017397 0.000000 0.038512 0.014281 0.000157 0.000000 0.000000 0.086580 0.000000 0.219453 0.342472 0.022263 0.068092 0.025462 
0.000000 0.000000 0.300273 0.000000 0.000000 0.000028 0.000000 0.070328 0.059981 0.000000 0.076866 0.046283 0.015930 0.180647 0.047473 0.053312 0.148880 
0.000000 0.000000 0.026928 0.000000 0.000000 0.008033 0.015745 0.000168 0.000000 0.000000 0.013806 0.106238 0.015529 0.792710 0.000000 0.020835 0.000008 
0.000000 0.000000 0.208076 0.000000 0.000000 0.006281 0.000000 0.076212 0.000000 0.000000 0.255623 0.000000 0.010608 0.031126 0.328034 0.030000 0.054040 
0.000000 0.000000 0.185966 0.000000 0.000000 0.083318 0.000000 0.049129 0.000000 0.000000 0.100889 0.000000 0.009458 0.352958 0.000001 0.055700 0.162582 
0.000000 0.000000 0.017958 0.000000 0.000000 0.113980 0.000000 0.000129 0.000000 0.000000 0.014705 0.000000 0.003783 0.037867 0.010034 0.787871 0.013672 
0.000000 0.000000 0.036769 0.000000 0.000000 0.000020 0.000000 0.000184 0.000000 0.000000 0.000966 0.185615 0.165386 0.589501 0.000000 0.021552 0.000007 
0.000000 0.000000 0.068247 0.000000 0.000000 0.091699 0.000000 0.055180 0.000000 0.000000 0.102859 0.000000 0.116980 0.102753 0.015080 0.447194 0.000008 
0.000000 0.000000 0.134865 0.024326 0.000000 0.027087 0.000000 0.000141 0.000000 0.000000 0.070560 0.000000 0.586653 0.022236 0.000000 0.017394 0.116737 
0.000000 0.000000 0.030300 0.000000 0.000000 0.008559 0.000000 0.000124 0.000000 0.000000 0.049636 0.135515 0.183788 0.486903 0.000001 0.028702 0.076473 
0.000000 0.000000 0.069428 0.019517 0.000000 0.000027 0.000000 0.248037 0.000000 0.000000 0.108649 0.000000 0.014701 0.000001 0.000001 0.334177 0.205463 
0.000000 0.000000 0.016120 0.031345 0.000000 0.006509 0.000000 0.000156 0.000000 0.000000 0.018725 0.000000 0.000136 0.000001 0.000000 0.927003 0.000005 
0.000000 0.038088 0.130534 0.028753 0.027104 0.019086 0.000000 0.000142 0.000000 0.000000 0.059139 0.084094 0.538171 0.000001 0.000001 0.046624 0.028263 
0.000000 0.000000 0.116736 0.038534 0.000000 0.022329 0.000000 0.159463 0.034061 0.000000 0.085810 0.000000 0.422217 0.014384 0.023517 0.064318 0.018633 
0.000000 0.000000 0.380725 0.010430 0.000000 0.041802 0.000000 0.059041 0.000000 0.000000 0.172399 0.000000 0.036843 0.035491 0.208281 0.027846 0.027142 
0.000000 0.000000 0.070041 0.000000 0.000000 0.000009 0.000000 0.845886 0.000000 0.000000 0.058517 0.000000 0.018705 0.000001 0.000001 0.006832 0.000007 
0.000000 0.000000 0.236303 0.000000 0.000000 0.000019 0.000000 0.072497 0.000000 0.000000 0.184738 0.037377 0.000530 0.000001 0.311830 0.081891 0.074813 
0.000000 0.000000 0.001789 0.000000 0.000000 0.888966 0.000000 0.000056 0.000000 0.000000 0.011274 0.000000 0.002813 0.000001 0.000001 0.095077 0.000024 
0.000000 0.000000 0.211494 0.000000 0.000000 0.009983 0.000000 0.019273 0.000000 0.000000 0.547486 0.000000 0.076537 0.000001 0.056887 0.029953 0.048385 
0.000000 0.022010 0.050378 0.012742 0.000000 0.049117 0.000000 0.000092 0.000000 0.016601 0.002313 0.492078 0.263885 0.000001 0.000000 0.003799 0.086983 
0.000000 0.000000 0.150157 0.000000 0.000000 0.020777 0.000000 0.033254 0.000000 0.000000 0.566208 0.000000 0.059494 0.000001 0.000001 0.157851 0.012258 
0.000000 0.000000 0.047829 0.015720 0.000000 0.150556 0.000000 0.651655 0.000000 0.000000 0.063224 0.000000 0.010342 0.000001 0.000001 0.053806 0.006865 
0.000000 0.000000 0.308478 0.000000 0.000000 0.020833 0.000000 0.000134 0.031375 0.000000 0.141752 0.000000 0.051807 0.000001 0.000001 0.022693 0.422926 
0.000000 0.000000 0.045809 0.000000 0.000000 0.000042 0.000000 0.766051 0.000000 0.000000 0.090628 0.050076 0.018514 0.000001 0.013262 0.015608 0.000008 
0.015105 0.000000 0.009920 0.000000 0.000000 0.000031 0.000000 0.000071 0.000000 0.000000 0.029893 0.000000 0.037558 0.028612 0.000000 0.878795 0.000015 
0.019335 0.000000 0.494622 0.031713 0.000000 0.000034 0.000000 0.000125 0.076519 0.000000 0.216696 0.000000 0.064479 0.000001 0.000001 0.054412 0.042064 
0.000000 0.000000 0.095700 0.000000 0.000000 0.018736 0.000000 0.507729 0.000000 0.000000 0.279576 0.043022 0.036612 0.000001 0.000001 0.018616 0.000008 
0.000000 0.000000 0.131002 0.000000 0.000000 0.030717 0.000000 0.017656 0.000000 0.000000 0.078998 0.460692 0.232047 0.000001 0.000001 0.025727 0.023159 
0.000000 0.000000 0.279413 0.017942 0.000000 0.029118 0.000000 0.400389 0.060926 0.000000 0.096150 0.000000 0.033589 0.019015 0.010020 0.053431 0.000009 
0.000000 0.064617 0.190641 0.000000 0.000000 0.181359 0.014419 0.000137 0.000000 0.000000 0.287650 0.000000 0.040980 0.000001 0.000001 0.024410 0.195784 
0.014121 0.000000 0.135011 0.000000 0.000000 0.000031 0.000000 0.122428 0.000000 0.000000 0.203781 0.000000 0.173696 0.000001 0.216868 0.112679 0.021384 
0.000000 0.000000 0.029459 0.000000 0.000000 0.019202 0.000000 0.000086 0.000000 0.000000 0.000687 0.000000 0.020072 0.899144 0.000000 0.031343 0.000007 
0.000000 0.000000 0.111068 0.000000 0.000000 0.038688 0.000000 0.027561 0.015381 0.000000 0.103609 0.037309 0.351521 0.048965 0.027903 0.193927 0.044068 
0.000000 0.000000 0.042431 0.000000 0.000000 0.019120 0.000000 0.688264 0.000000 0.000000 0.120567 0.018239 0.005604 0.000001 0.000000 0.105763 0.000010 
0.000000 0.000000 0.170790 0.000000 0.000000 0.367552 0.018480 0.000141 0.000000 0.000000 0.097079 0.000000 0.036589 0.122604 0.061687 0.106717 0.018361 
0.000000 0.000000 0.226631 0.000000 0.000000 0.064156 0.000000 0.026127 0.033150 0.000000 0.394956 0.000000 0.054298 0.000001 0.123772 0.069763 0.007145 
0.000000 0.000000 0.005645 0.000000 0.009652 0.003659 0.000000 0.000170 0.000000 0.000000 0.016483 0.000000 0.001043 0.954873 0.000000 0.008464 0.000011 
0.000000 0.000000 0.182945 0.000000 0.000000 0.000040 0.000000 0.000120 0.000000 0.000000 0.159100 0.061844 0.041879 0.000001 0.000000 0.031302 0.522769 
0.000000 0.000000 0.048392 0.000000 0.000000 0.000036 0.000000 0.013641 0.024747 0.000000 0.003774 0.063536 0.198740 0.586477 0.000001 0.060645 0.000011 
0.000000 0.000000 0.257567 0.000000 0.000000 0.263656 0.000000 0.084588 0.076246 0.000000 0.079336 0.038192 0.018189 0.000001 0.092545 0.063080 0.026600 
0.000000 0.000000 0.067446 0.000000 0.000000 0.231165 0.000000 0.350969 0.000000 0.000000 0.260177 0.000000 0.044161 0.013414 0.000000 0.032660 0.000009 
0.000000 0.015399 0.022323 0.000000 0.000000 0.211811 0.012575 0.020281 0.000000 0.014389 0.017242 0.000000 0.125063 0.467479 0.000000 0.093426 0.000010 
0.000000 0.000000 0.277859 0.000000 0.000000 0.015323 0.000000 0.000136 0.000000 0.000000 0.266529 0.000000 0.015422 0.000001 0.354456 0.054513 0.015760 
0.000000 0.000000 0.027882 0.000000 0.000000 0.041464 0.000000 0.014783 0.000000 0.000000 0.003692 0.512287 0.348527 0.020965 0.000000 0.030394 0.000006 
0.000000 0.000000 0.115147 0.000000 0.000000 0.015849 0.019050 0.000149 0.027713 0.000000 0.245886 0.000000 0.262708 0.000001 0.200046 0.099911 0.013541 
0.000000 0.000000 0.074277 0.000000 0.000000 0.000039 0.000000 0.000135 0.000000 0.000000 0.009985 0.320794 0.362812 0.135009 0.030822 0.058819 0.007308 
0.000000 0.000000 0.021497 0.000000 0.000000 0.000024 0.000000 0.462999 0.000000 0.000000 0.034141 0.242064 0.171075 0.048189 0.000000 0.020005 0.000007 
0.000000 0.000000 0.094549 0.000000 0.000000 0.000033 0.000000 0.037790 0.000000 0.000000 0.428018 0.012962 0.043734 0.068768 0.025586 0.288549 0.000011 
0.000000 0.000000 0.337163 0.000000 0.000000 0.000027 0.000000 0.050473 0.097142 0.040965 0.196883 0.041489 0.050297 0.000001 0.031677 0.101840 0.052043 
0.000000 0.000000 0.034001 0.000000 0.000000 0.021344 0.000000 0.565071 0.000000 0.000000 0.113846 0.057321 0.023815 0.158480 0.000001 0.026114 0.000008 
0.000000 0.033777 0.113380 0.031321 0.000000 0.035654 0.000000 0.000128 0.000000 0.022502 0.055229 0.080117 0.535261 0.000001 0.018502 0.022510 0.051617 
0.000000 0.000000 0.479426 0.000000 0.000000 0.047977 0.000000 0.041231 0.043988 0.000000 0.179709 0.058893 0.032349 0.000001 0.000001 0.038162 0.078263 
0.000000 0.000000 0.232538 0.000000 0.000000 0.000037 0.000000 0.026848 0.075168 0.000000 0.105717 0.246124 0.140887 0.000001 0.000001 0.040936 0.131743 
0.000000 0.000000 0.077458 0.000000 0.000000 0.000041 0.000000 0.640261 0.000000 0.000000 0.186956 0.000000 0.018385 0.000001 0.000001 0.032219 0.044678 
0.000000 0.000000 0.058093 0.000000 0.000000 0.751116 0.000000 0.000140 0.000000 0.000000 0.105106 0.000000 0.012140 0.000001 0.013697 0.059698 0.000009 
0.000000 0.000000 0.100196 0.000000 0.000000 0.059649 0.000000 0.364426 0.000000 0.000000 0.236064 0.041117 0.045018 0.000001 0.018213 0.020596 0.114719 
0.000000 0.000000 0.004469 0.000000 0.012039 0.015198 0.000000 0.025295 0.000000 0.000000 0.017570 0.000000 0.019825 0.781930 0.000000 0.014484 0.109189 
0.000000 0.000000 0.033399 0.000000 0.000000 0.000021 0.000000 0.027290 0.000000 0.000000 0.001132 0.476726 0.397235 0.000001 0.000001 0.045061 0.019135 
0.000000 0.000000 0.263837 0.000000 0.000000 0.066342 0.000000 0.025987 0.000000 0.000000 0.289190 0.000000 0.003933 0.000001 0.313019 0.008527 0.029165 
0.000000 0.000000 0.220545 0.000000 0.000000 0.000032 0.000000 0.000143 0.000000 0.000000 0.330901 0.017329 0.006814 0.057281 0.258576 0.063611 0.044768 
0.000000 0.000000 0.206330 0.017983 0.000000 0.000028 0.000000 0.055475 0.055917 0.000000 0.056893 0.042330 0.029503 0.468497 0.026822 0.040211 0.000009 
0.028618 0.000000 0.314105 0.000000 0.000000 0.000034 0.000000 0.090478 0.107568 0.000000 0.079242 0.000000 0.059876 0.000001 0.080400 0.164633 0.075044 
0.000000 0.000000 0.163814 0.000000 0.000000 0.000034 0.000000 0.000152 0.000000 0.000000 0.331972 0.000000 0.068157 0.000001 0.181969 0.198852 0.055050 
0.000000 0.000000 0.153774 0.000000 0.000000 0.040070 0.020795 0.103865 0.000000 0.000000 0.293430 0.038075 0.000610 0.000001 0.248687 0.064823 0.035870 
0.000000 0.000000 0.037128 0.000000 0.000000 0.229001 0.000000 0.045044 0.000000 0.000000 0.009211 0.388705 0.215958 0.014931 0.000001 0.027966 0.032055 
0.000000 0.000000 0.109650 0.021735 0.000000 0.000033 0.000000 0.000153 0.030443 0.034779 0.150700 0.000000 0.414643 0.028601 0.054122 0.155135 0.000007 
0.000000 0.000000 0.150396 0.000000 0.000000 0.018040 0.000000 0.018393 0.000000 0.000000 0.685069 0.000000 0.058185 0.017883 0.017186 0.000675 0.034174 
0.000000 0.000000 0.186778 0.000000 0.000000 0.000028 0.000000 0.000123 0.000000 0.000000 0.590498 0.000000 0.038623 0.151912 0.000001 0.032027 0.000010 
0.000000 0.000000 0.116020 0.000000 0.000000 0.034611 0.000000 0.021306 0.018397 0.000000 0.046545 0.127887 0.599123 0.000001 0.000001 0.036099 0.000008 
0.000000 0.000000 0.070322 0.017651 0.000000 0.180639 0.000000 0.493771 0.000000 0.000000 0.124571 0.054934 0.034461 0.000001 0.000001 0.023641 0.000008 
0.000000 0.022662 0.039146 0.000000 0.000000 0.008403 0.000000 0.000078 0.000000 0.000000 0.001413 0.000000 0.013761 0.903728 0.000000 0.010799 0.000009 
0.000000 0.000000 0.185849 0.000000 0.000000 0.000027 0.000000 0.080251 0.000000 0.000000 0.290758 0.000000 0.012319 0.000001 0.286749 0.064095 0.079950 
0.004000 0.000000 0.014885 0.000000 0.000000 0.000024 0.000000 0.000054 0.000000 0.000000 0.003112 0.000000 0.003727 0.000001 0.000000 0.966042 0.008155 
0.000000 0.000000 0.050249 0.000000 0.000000 0.020771 0.000000 0.000146 0.000000 0.000000 0.017801 0.292931 0.208331 0.054067 0.028463 0.327234 0.000007 
0.000000 0.000000 0.189927 0.013771 0.000000 0.006140 0.000000 0.021593 0.000000 0.000000 0.146363 0.000000 0.042476 0.000001 0.000001 0.024112 0.555616 
0.000000 0.000000 0.100804 0.009194 0.038392 0.000028 0.000000 0.146497 0.016858 0.000000 0.134796 0.000000 0.001608 0.419197 0.000001 0.031537 0.101089 
0.000000 0.000000 0.123199 0.000000 0.000000 0.074514 0.000000 0.019170 0.000000 0.000000 0.343964 0.000000 0.047647 0.000001 0.000000 0.391495 0.000008 
0.000000 0.000000 0.039594 0.000000 0.000000 0.000034 0.000000 0.699052 0.000000 0.000000 0.052995 0.000000 0.000157 0.110976 0.063772 0.033410 0.000010 
0.000000 0.000000 0.083634 0.026362 0.000000 0.027551 0.000000 0.000148 0.000000 0.000000 0.091232 0.150745 0.343245 0.021490 0.000000 0.199035 0.056556 
0.000000 0.000000 0.183588 0.000000 0.000000 0.013442 0.000000 0.027174 0.000000 0.000000 0.711087 0.000000 0.056517 0.000001 0.000000 0.008183 0.000008 
0.014818 0.000000 0.293530 0.000000 0.000000 0.000030 0.000000 0.037076 0.000000 0.000000 0.218684 0.000000 0.080381 0.000001 0.252051 0.071394 0.032036 
0.000000 0.000000 0.013011 0.015625 0.000000 0.015415 0.000000 0.000066 0.000000 0.000000 0.001021 0.557574 0.332100 0.041614 0.000000 0.023566 0.000006 
0.019650 0.000000 0.157685 0.000000 0.000000 0.127162 0.000000 0.017504 0.000000 0.000000 0.072162 0.000000 0.018400 0.000001 0.000001 0.520176 0.067258 
0.000000 0.000000 0.189962 0.000000 0.000000 0.000028 0.015280 0.103361 0.000000 0.000000 0.232229 0.000000 0.000873 0.000001 0.297775 0.099990 0.060500 
0.000000 0.000000 0.094227 0.021558 0.000000 0.000043 0.000000 0.119223 0.000000 0.000000 0.117718 0.347792 0.186435 0.027852 0.067157 0.017987 0.000008 
