-956861.351630
0
0.000000 0.000000 0.000000 0.000000 0.000000 0.000000 0.000000 0.027344 0.054833 0.000000 0.000000 0.043185 0.044661 0.000000 0.000000 0.000000 0.000001 0.011134 0.048309 0.000000 0.000000 0.000000 0.014946 0.000000 0.000000 0.000000 0.027100 0.000000 0.000000 0.000000 0.000000 0.000000 0.051464 0.065570 0.000000 0.046791 0.000000 0.000000 0.000000 0.000000 0.000000 0.000000 0.088775 0.043979 0.000000 0.000000 0.000000 0.000000 0.000000 0.000000 0.000000 0.031702 0.000000 0.063360 0.000000 0.000000 0.000000 0.038234 0.000000 0.000003 0.000000 0.035994 0.000000 0.010655 0.007841 0.016049 0.000000 0.066257 0.000000 0.000000 0.000000 0.000000 0.045073 0.000000 0.000000 0.000000 0.000000 0.000000 0.000000 0.000000 0.000000 0.000000 0.000000 0.000000 0.000000 0.000000 0.000000 0.000000 0.000000 0.000000 0.063179 0.030821 0.000000 0.000000 0.000000 0.022738 
0.000000 0.000000 0.000000 0.000000 0.000000 0.000000 0.000000 0.000000 0.000000 0.000000 0.000000 0.000002 0.000000 0.000000 0.000000 0.000000 0.000001 0.000000 0.000006 0.040146 0.000000 0.000000 0.000000 0.000000 0.056480 0.000000 0.000000 0.000000 0.000000 0.000000 0.000000 0.000000 0.000003 0.000000 0.000000 0.000000 0.000000 0.000000 0.000000 0.000000 0.000000 0.032357 0.064818 0.000004 0.000000 0.042906 0.013760 0.299562 0.000000 0.045466 0.000000 0.000000 0.000000 0.030971 0.000000 0.000000 0.000000 0.000000 0.000000 0.000004 0.000000 0.000000 0.000000 0.000000 0.000001 0.000000 0.000000 0.079816 0.000000 0.011217 0.054955 0.000000 0.000000 0.000000 0.000000 0.000000 0.000000 0.000000 0.000000 0.000000 0.000000 0.000000 0.000000 0.000000 0.000000 0.000000 0.000000 0.019998 0.000000 0.000000 0.000001 0.000001 0.121726 0.043437 0.003278 0.039083 
0.004912 0.004517 0.000000 0.000000 0.000000 0.001388 0.000000 0.001986 0.032946 0.017352 0.245119 0.014037 0.002586 0.000814 0.001392 0.006485 0.013561 0.007374 0.008765 0.009022 0.000000 0.002095 0.000000 0.003640 0.000000 0.000000 0.000000 0.000000 0.000000 0.000000 0.000000 0.000000 0.020744 0.014800 0.137942 0.013359 0.000000 0.000000 0.000000 0.000000 0.004785 0.003714 0.000000 0.007281 0.000000 0.000000 0.000000 0.000000 0.004157 0.002379 0.000000 0.000000 0.000000 0.001840 0.000000 0.000000 0.032663 0.031503 0.148499 0.016268 0.000000 0.000000 0.000000 0.000000 0.010269 0.006793 0.000000 0.011919 0.000000 0.000000 0.000000 0.000000 0.009152 0.006760 0.000000 0.000000 0.002113 0.001795 0.000000 0.000000 0.000000 0.000000 0.092636 0.005800 0.004208 0.000000 0.000000 0.001585 0.008820 0.004608 0.010159 0.004421 0.000000 0.001036 0.000000 0.000000 
0.066116 0.000000 0.000000 0.000000 0.000000 0.023696 0.054511 0.000000 0.000000 0.000000 0.000000 0.000004 0.093207 0.000000 0.000000 0.000000 0.000002 0.000000 0.000012 0.000000 0.000000 0.000000 0.000000 0.000000 0.000000 0.000000 0.000000 0.000000 0.000000 0.000000 0.038367 0.000000 0.102426 0.000001 0.000000 0.180932 0.000000 0.000000 0.000000 0.000000 0.000000 0.000001 0.000000 0.000009 0.000000 0.000000 0.150636 0.000000 0.000000 0.000000 0.000000 0.038839 0.000000 0.000000 0.023825 0.000000 0.000000 0.000001 0.000000 0.000009 0.000000 0.000000 0.000000 0.000000 0.000001 0.000000 0.000000 0.000000 0.000000 0.000000 0.000000 0.000000 0.000000 0.000001 0.097166 0.000000 0.000000 0.000000 0.000000 0.000000 0.000000 0.000000 0.000000 0.000000 0.082432 0.047799 0.000000 0.000000 0.000000 0.000000 0.000003 0.000001 0.000000 0.000000 0.000001 0.000001 
0.000000 0.024636 0.000000 0.000000 0.000000 0.000000 0.000000 0.031161 0.000000 0.000000 0.000000 0.000001 0.000000 0.008399 0.000000 0.000000 0.019747 0.000000 0.000003 0.000000 0.000000 0.000000 0.014001 0.008308 0.000000 0.000000 0.000000 0.000000 0.042404 0.000000 0.000000 0.045709 0.000002 0.000000 0.000000 0.000000 0.026936 0.000000 0.000000 0.000000 0.000000 0.000000 0.000000 0.000002 0.000000 0.000000 0.000000 0.000000 0.000000 0.000000 0.000000 0.000000 0.042908 0.081233 0.000000 0.070762 0.000000 0.002468 0.000000 0.000002 0.000000 0.038262 0.000000 0.019290 0.000000 0.000000 0.000000 0.000000 0.000000 0.000000 0.000000 0.000000 0.000000 0.000000 0.000000 0.000000 0.159234 0.136179 0.000000 0.181437 0.000000 0.000000 0.000000 0.000000 0.000000 0.000000 0.000000 0.000000 0.000000 0.000000 0.046912 0.000000 0.000000 0.000000 0.000000 0.000000 
0.000000 0.000000 0.000000 0.000000 0.000000 0.000000 0.000000 0.000650 0.006405 0.000826 0.000000 0.002044 0.000000 0.000000 0.000000 0.000000 0.002252 0.000000 0.000423 0.001437 0.000000 0.000000 0.000000 0.000000 0.000000 0.000000 0.000000 0.000000 0.000000 0.000000 0.000000 0.000000 0.009978 0.000000 0.002973 0.006078 0.000000 0.000245 0.000000 0.000000 0.000933 0.000000 0.000000 0.000364 0.000000 0.000000 0.000000 0.000000 0.000000 0.000000 0.000000 0.000000 0.000000 0.000000 0.000000 0.000000 0.006074 0.000000 0.000000 0.002536 0.000000 0.000000 0.000000 0.000000 0.000000 0.000000 0.000000 0.000000 0.000000 0.000000 0.000000 0.000212 0.014932 0.007551 0.002730 0.012988 0.038849 0.000000 0.001309 0.073242 0.449860 0.068867 0.045274 0.240579 0.000000 0.000000 0.000000 0.000000 0.000000 0.000000 0.000387 0.000000 0.000000 0.000000 0.000000 0.000000 
0.000000 0.000000 0.000000 0.000000 0.008874 0.012822 0.000000 0.005742 0.027199 0.020752 0.000000 0.011777 0.000000 0.009758 0.017285 0.013736 0.077420 0.021222 0.050313 0.059759 0.000000 0.002893 0.005344 0.000000 0.000000 0.000000 0.000000 0.000000 0.008338 0.004656 0.000000 0.004133 0.023987 0.000000 0.000000 0.000000 0.000000 0.000000 0.013115 0.000000 0.026411 0.018176 0.024920 0.021309 0.000000 0.005317 0.000000 0.020423 0.011576 0.011742 0.000000 0.000000 0.009263 0.000000 0.000000 0.006750 0.032821 0.030429 0.000000 0.041948 0.011639 0.000000 0.006647 0.000000 0.033561 0.012972 0.028226 0.027882 0.000000 0.000000 0.000000 0.000000 0.010216 0.012125 0.000000 0.013673 0.000000 0.011735 0.000000 0.000000 0.000000 0.000000 0.000000 0.009746 0.009394 0.004445 0.007907 0.002731 0.031078 0.029579 0.023070 0.026168 0.000000 0.006924 0.007421 0.012648 
0.000000 0.000000 0.000000 0.000000 0.000000 0.000000 0.000000 0.000000 0.000000 0.000001 0.000000 0.000007 0.000000 0.072988 0.000000 0.225353 0.000003 0.000000 0.000024 0.000000 0.000000 0.000000 0.000000 0.000000 0.000000 0.000000 0.000000 0.000000 0.000000 0.000000 0.000000 0.000000 0.000014 0.302296 0.000000 0.000001 0.000000 0.000000 0.000000 0.000000 0.025944 0.054779 0.094779 0.000016 0.000000 0.063585 0.000001 0.000000 0.000000 0.000000 0.000000 0.000000 0.000000 0.000000 0.000000 0.000000 0.000000 0.000001 0.000000 0.000015 0.000000 0.000000 0.000000 0.000000 0.000002 0.000000 0.000000 0.000000 0.000000 0.000000 0.000000 0.025763 0.000000 0.072351 0.000000 0.000000 0.000000 0.000000 0.000000 0.000000 0.000000 0.000000 0.000000 0.000000 0.000000 0.000000 0.000000 0.000000 0.000001 0.000000 0.062069 0.000002 0.000000 0.000000 0.000001 0.000001 
0.041386 0.037589 0.000000 0.036423 0.010781 0.004706 0.000000 0.008566 0.020260 0.005940 0.019614 0.026722 0.017342 0.015161 0.015405 0.023409 0.017593 0.008285 0.009803 0.028668 0.000000 0.000000 0.007347 0.001840 0.034103 0.023000 0.000000 0.032588 0.005686 0.005638 0.000000 0.010377 0.002884 0.003168 0.008217 0.022120 0.011864 0.019938 0.015956 0.030233 0.003506 0.013004 0.006620 0.011214 0.000000 0.000000 0.006026 0.000000 0.023202 0.015002 0.000000 0.024381 0.000000 0.003417 0.000000 0.005322 0.000000 0.000000 0.011938 0.006413 0.008893 0.009226 0.010218 0.020902 0.006210 0.006865 0.005456 0.009848 0.000000 0.000844 0.007600 0.003030 0.024936 0.017830 0.000000 0.038167 0.002169 0.000000 0.000000 0.000000 0.000000 0.000000 0.000000 0.007979 0.014623 0.014461 0.009734 0.031674 0.005341 0.006774 0.000000 0.011681 0.000000 0.001652 0.006566 0.004663 
0.037634 0.030279 0.025817 0.023403 0.011979 0.005264 0.003832 0.003737 0.010631 0.008030 0.000000 0.001966 0.001553 0.001824 0.008181 0.000000 0.006786 0.000000 0.007109 0.000000 0.000000 0.000000 0.000000 0.000000 0.050933 0.075656 0.012027 0.051752 0.011940 0.010502 0.006429 0.008256 0.021441 0.014798 0.006751 0.018949 0.007476 0.008325 0.039610 0.008320 0.005174 0.000000 0.011257 0.003959 0.000000 0.001208 0.004832 0.000000 0.040883 0.043123 0.028384 0.028226 0.009106 0.009779 0.007144 0.004749 0.009309 0.009603 0.000000 0.008336 0.008703 0.003417 0.015151 0.000000 0.006717 0.001047 0.002800 0.000000 0.000000 0.000000 0.000000 0.000000 0.038668 0.064454 0.013132 0.035972 0.001738 0.011548 0.004081 0.000000 0.000000 0.002049 0.000000 0.003426 0.003048 0.002853 0.009026 0.000000 0.002088 0.000000 0.002384 0.000000 0.000000 0.000000 0.001433 0.000000 
0.000000 0.000000 0.000000 0.000000 0.000000 0.000944 0.000000 0.000926 0.035816 0.018399 0.097697 0.013657 0.000000 0.002661 0.000000 0.004304 0.005809 0.003794 0.024988 0.000000 0.000000 0.002964 0.000000 0.002650 0.010022 0.026398 0.011021 0.065443 0.000000 0.000000 0.000000 0.000000 0.004427 0.007821 0.099069 0.004319 0.000000 0.002896 0.000000 0.000000 0.006849 0.003062 0.031438 0.001492 0.000000 0.005296 0.005622 0.009456 0.001902 0.006707 0.002348 0.008303 0.000000 0.002292 0.000000 0.000000 0.073508 0.085394 0.140178 0.061810 0.000000 0.002416 0.000000 0.001896 0.013878 0.005164 0.012821 0.000000 0.000000 0.001629 0.000000 0.004488 0.000000 0.000000 0.000000 0.000000 0.000000 0.000000 0.000000 0.000000 0.000000 0.000000 0.034536 0.000000 0.000000 0.000000 0.000000 0.000000 0.008012 0.002877 0.008187 0.002742 0.000000 0.002145 0.001018 0.006511 
0.072077 0.000000 0.000000 0.073676 0.009873 0.000000 0.000000 0.000000 0.000000 0.000000 0.000000 0.000003 0.000000 0.000000 0.000000 0.000000 0.106660 0.000000 0.052543 0.000000 0.000000 0.000000 0.000000 0.000000 0.000000 0.000000 0.000000 0.000000 0.000000 0.000000 0.000000 0.000000 0.000004 0.000000 0.000000 0.000000 0.000000 0.000000 0.000000 0.033206 0.000000 0.000001 0.000000 0.044969 0.000000 0.000000 0.000000 0.000000 0.000000 0.000000 0.000000 0.000000 0.000000 0.000000 0.000000 0.000000 0.000000 0.000000 0.000000 0.092212 0.000000 0.000000 0.000000 0.000000 0.000001 0.000000 0.097508 0.000000 0.000000 0.000000 0.000000 0.000000 0.000000 0.106532 0.000000 0.293282 0.000000 0.000000 0.000000 0.000000 0.000000 0.000000 0.000000 0.000000 0.000000 0.000000 0.000000 0.000000 0.000000 0.000000 0.000002 0.000001 0.000000 0.000000 0.017448 0.000000 
0.000000 0.087438 0.000000 0.033763 0.000000 0.000000 0.000000 0.000000 0.000000 0.000000 0.000000 0.030334 0.000000 0.000000 0.000000 0.000000 0.024124 0.081281 0.094292 0.000000 0.000000 0.000000 0.000000 0.000000 0.000000 0.025195 0.000000 0.000000 0.000000 0.000000 0.000000 0.000000 0.000006 0.000000 0.000000 0.000001 0.000000 0.000000 0.000000 0.000000 0.000000 0.045592 0.000000 0.000006 0.000000 0.000000 0.000000 0.000000 0.030184 0.062498 0.000000 0.000000 0.000000 0.000000 0.000000 0.019595 0.087183 0.000000 0.069583 0.055413 0.000000 0.000000 0.000000 0.000000 0.056596 0.000000 0.036375 0.000000 0.000000 0.000000 0.000000 0.000000 0.000000 0.044971 0.000000 0.000000 0.000000 0.000000 0.000000 0.000000 0.000000 0.000000 0.000000 0.000000 0.000000 0.000000 0.000000 0.000000 0.000000 0.024307 0.060205 0.031054 0.000000 0.000000 0.000000 0.000000 
0.000000 0.000000 0.000000 0.000000 0.055400 0.030924 0.014532 0.055506 0.027732 0.012123 0.000000 0.013741 0.000000 0.000000 0.000000 0.000000 0.000000 0.011836 0.012423 0.000000 0.000000 0.004830 0.015752 0.017153 0.000000 0.000000 0.000000 0.000000 0.030639 0.038210 0.011233 0.048110 0.017325 0.000000 0.000000 0.000000 0.000000 0.006596 0.000000 0.015453 0.013546 0.023232 0.004904 0.009673 0.000000 0.014349 0.021985 0.000000 0.000000 0.000000 0.000000 0.000000 0.018492 0.000000 0.000000 0.023844 0.045338 0.013883 0.000000 0.016709 0.000000 0.000000 0.011093 0.000000 0.008541 0.012782 0.000000 0.000000 0.015266 0.011186 0.041445 0.011732 0.000000 0.000000 0.000000 0.000000 0.000000 0.023911 0.008324 0.065639 0.000000 0.000000 0.000000 0.000000 0.000000 0.011595 0.001057 0.005145 0.017735 0.021500 0.000000 0.017476 0.007403 0.016894 0.021975 0.023828 
0.000000 0.000000 0.000000 0.000000 0.000000 0.000000 0.000000 0.000000 0.000000 0.019654 0.000000 0.004005 0.000000 0.000000 0.000893 0.000000 0.000000 0.000000 0.000000 0.000000 0.000000 0.000000 0.000507 0.000000 0.000363 0.000000 0.000000 0.000000 0.000000 0.000254 0.000391 0.000000 0.079861 0.104311 0.020707 0.080763 0.000000 0.001256 0.000355 0.000788 0.000000 0.000000 0.000000 0.004242 0.000000 0.000000 0.000816 0.000000 0.000000 0.000000 0.000000 0.000000 0.000000 0.000000 0.000000 0.000000 0.000000 0.022103 0.000000 0.016440 0.000000 0.000000 0.000000 0.001009 0.000000 0.000000 0.000000 0.008485 0.000000 0.000000 0.001451 0.000000 0.000000 0.000000 0.000000 0.000000 0.000000 0.000000 0.000000 0.000000 0.123104 0.300006 0.101731 0.090921 0.000428 0.001210 0.000799 0.004807 0.001370 0.001502 0.000000 0.001953 0.000000 0.000892 0.000943 0.001682 
0.000000 0.000000 0.000000 0.000000 0.000000 0.000000 0.000000 0.000000 0.000000 0.000001 0.000000 0.000011 0.000000 0.000000 0.000000 0.000000 0.000005 0.000001 0.000035 0.000000 0.000000 0.000000 0.000000 0.000000 0.000000 0.000000 0.000000 0.000000 0.000000 0.000000 0.000000 0.000000 0.000017 0.216616 0.000000 0.000002 0.000000 0.000000 0.000000 0.000000 0.000001 0.000002 0.000001 0.000022 0.000000 0.292398 0.000001 0.000000 0.000000 0.000000 0.000000 0.000000 0.000000 0.000000 0.000000 0.000000 0.000000 0.000002 0.000000 0.000022 0.000000 0.000000 0.000000 0.000000 0.000004 0.000001 0.186656 0.000000 0.000000 0.000000 0.000000 0.000000 0.000001 0.000002 0.282466 0.000000 0.000000 0.000000 0.021715 0.000000 0.000000 0.000000 0.000000 0.000001 0.000000 0.000000 0.000000 0.000000 0.000001 0.000001 0.000007 0.000004 0.000000 0.000001 0.000001 0.000002 
0.000000 0.000000 0.000000 0.007836 0.000000 0.000000 0.000000 0.000000 0.000000 0.003117 0.013564 0.004253 0.000000 0.000000 0.000000 0.001137 0.000000 0.004798 0.001029 0.003748 0.000000 0.003925 0.001606 0.016408 0.001954 0.000000 0.000981 0.015380 0.000000 0.000000 0.000000 0.000000 0.000000 0.000000 0.012031 0.003171 0.000000 0.000000 0.000000 0.000000 0.000000 0.001287 0.000000 0.001124 0.002639 0.000000 0.003273 0.017985 0.000000 0.000000 0.000000 0.008500 0.000000 0.000000 0.000000 0.000000 0.000000 0.014225 0.029341 0.013638 0.000000 0.000000 0.000000 0.000000 0.007170 0.011073 0.004640 0.012640 0.000000 0.002230 0.000000 0.002529 0.038638 0.009893 0.004021 0.328196 0.000000 0.000000 0.000000 0.000000 0.000000 0.014577 0.225480 0.036978 0.000000 0.000000 0.000000 0.002826 0.002376 0.010105 0.006802 0.009922 0.004729 0.009518 0.001752 0.066954 
0.004548 0.000000 0.000000 0.000000 0.000000 0.000000 0.000000 0.000000 0.000000 0.000000 0.000000 0.000000 0.017725 0.000000 0.000000 0.027618 0.016204 0.010063 0.015227 0.018936 0.071667 0.008925 0.006066 0.036074 0.000000 0.000000 0.000000 0.000000 0.000000 0.000000 0.000000 0.000000 0.002971 0.002181 0.000000 0.000000 0.005590 0.000000 0.000000 0.000000 0.023825 0.006828 0.014681 0.041509 0.043457 0.008605 0.019677 0.068557 0.011398 0.000000 0.000000 0.007241 0.000000 0.000000 0.000000 0.004847 0.000000 0.000000 0.000000 0.000001 0.000000 0.000000 0.000000 0.000000 0.006268 0.012575 0.009862 0.000000 0.011575 0.000000 0.000000 0.033418 0.030195 0.000000 0.000000 0.037421 0.004283 0.000000 0.000000 0.011264 0.000000 0.000000 0.000000 0.006568 0.029539 0.000000 0.017514 0.011288 0.020120 0.014310 0.010422 0.040776 0.082989 0.009583 0.011062 0.094551 
0.000000 0.000000 0.037311 0.000000 0.019496 0.000016 0.000001 0.000000 0.796001 0.049167 0.000000 0.000000 0.000000 0.000001 0.004457 0.000000 0.020152 0.073398 
0.000000 0.018412 0.420300 0.000000 0.026806 0.024420 0.010280 0.000000 0.189841 0.042613 0.000000 0.000000 0.000000 0.075738 0.031074 0.012577 0.140048 0.007891 
0.000000 0.000000 0.037231 0.000000 0.000000 0.924138 0.000000 0.000000 0.005422 0.003516 0.000000 0.000000 0.000000 0.000000 0.026396 0.000000 0.000002 0.003295 
0.000000 0.000000 0.010744 0.000000 0.044155 0.113526 0.033431 0.000000 0.319629 0.094874 0.000000 0.000000 0.000000 0.274968 0.045848 0.000000 0.016039 0.046787 
0.000000 0.000000 0.000010 0.000000 0.018951 0.000024 0.000001 0.000000 0.109272 0.427728 0.000000 0.000000 0.000000 0.000000 0.426899 0.000000 0.000002 0.017115 
0.000000 0.000000 0.000006 0.037613 0.000000 0.006511 0.000001 0.000000 0.207208 0.637443 0.000000 0.000000 0.000000 0.061659 0.030025 0.000000 0.000001 0.019533 
0.000000 0.040271 0.171805 0.000000 0.013161 0.007917 0.127830 0.000000 0.192708 0.024634 0.000000 0.000000 0.000000 0.033737 0.042267 0.006104 0.068507 0.271059 
0.000000 0.000000 0.000008 0.000000 0.012246 0.089007 0.000001 0.000000 0.736014 0.026673 0.000000 0.000000 0.000000 0.000001 0.063520 0.000000 0.019456 0.053075 
0.000000 0.000000 0.002360 0.000000 0.000000 0.929255 0.000000 0.000000 0.005658 0.000187 0.000000 0.000000 0.000000 0.000000 0.062537 0.000000 0.000001 0.000001 
0.038537 0.000000 0.547731 0.000000 0.000000 0.004962 0.000001 0.000000 0.114017 0.153041 0.000000 0.000000 0.064084 0.000000 0.057709 0.000000 0.016139 0.003779 
0.000000 0.000000 0.000009 0.000000 0.000000 0.023378 0.000001 0.000000 0.889882 0.030591 0.000000 0.000000 0.000000 0.023961 0.006396 0.000000 0.000002 0.025779 
0.000000 0.013940 0.105087 0.000000 0.013018 0.000029 0.000001 0.000000 0.305128 0.197321 0.342231 0.000000 0.000000 0.000001 0.013766 0.009468 0.000002 0.000010 
0.000000 0.000000 0.023740 0.000000 0.000000 0.007823 0.228190 0.000000 0.175654 0.074027 0.000000 0.000000 0.000000 0.039816 0.189071 0.000000 0.211996 0.049684 
0.059422 0.000000 0.000009 0.022129 0.000000 0.230924 0.245027 0.000000 0.213249 0.042804 0.051595 0.000000 0.000000 0.049897 0.045987 0.000000 0.000002 0.038957 
0.000000 0.000000 0.055395 0.000000 0.097049 0.030517 0.000001 0.018124 0.304086 0.094754 0.088091 0.000000 0.000000 0.284797 0.000842 0.000000 0.000002 0.026341 
0.000000 0.000000 0.000009 0.000000 0.000000 0.092922 0.027624 0.036654 0.148750 0.098533 0.000000 0.000000 0.000000 0.000000 0.474135 0.000000 0.000002 0.121371 
0.000000 0.000000 0.231676 0.000000 0.000000 0.071721 0.000001 0.000000 0.135658 0.364305 0.000000 0.000000 0.000000 0.044018 0.027768 0.000000 0.035096 0.089757 
0.045966 0.000000 0.225441 0.000000 0.007380 0.000022 0.234676 0.000000 0.215354 0.090572 0.000000 0.000000 0.000000 0.091829 0.076785 0.000000 0.000002 0.011973 
0.000000 0.000000 0.000009 0.000000 0.024556 0.009050 0.193019 0.000000 0.258889 0.036264 0.064971 0.048813 0.000000 0.103215 0.099995 0.000000 0.000002 0.161217 
0.007425 0.000000 0.000007 0.000000 0.000000 0.295716 0.000001 0.009572 0.063082 0.000264 0.099261 0.000000 0.000000 0.000000 0.450957 0.000000 0.073705 0.000010 
0.000000 0.000000 0.026196 0.000000 0.011255 0.000023 0.000001 0.023204 0.496736 0.059792 0.000000 0.000000 0.000000 0.028676 0.323359 0.000000 0.000001 0.030757 
0.051799 0.000000 0.169378 0.022797 0.000000 0.000027 0.119309 0.000000 0.060856 0.025716 0.469340 0.000000 0.000000 0.000000 0.065598 0.000000 0.009456 0.005724 
0.000000 0.014256 0.000010 0.000000 0.036589 0.000024 0.000001 0.000000 0.209596 0.453431 0.000000 0.000000 0.000000 0.000000 0.278271 0.000000 0.000002 0.007819 
0.000000 0.000000 0.037051 0.035738 0.000000 0.013515 0.330907 0.000000 0.328648 0.037663 0.000000 0.000000 0.000000 0.080554 0.051978 0.014110 0.000001 0.069835 
0.007847 0.000000 0.000010 0.000000 0.000000 0.000019 0.045076 0.011750 0.040587 0.027251 0.000000 0.000000 0.000000 0.037854 0.829586 0.000000 0.000002 0.000018 
0.000000 0.000000 0.421021 0.000000 0.024412 0.000026 0.000000 0.000000 0.331938 0.000290 0.096397 0.000000 0.000000 0.000000 0.056669 0.005481 0.036285 0.027481 
0.000000 0.000000 0.000007 0.000000 0.000000 0.168944 0.000001 0.000000 0.097764 0.322756 0.000000 0.000000 0.039814 0.000000 0.019469 0.000000 0.351237 0.000008 
0.000000 0.000000 0.025594 0.000000 0.000000 0.026966 0.165606 0.000000 0.114054 0.035264 0.000000 0.000000 0.000000 0.066798 0.548820 0.000000 0.000002 0.016897 
0.000000 0.009751 0.000009 0.000000 0.013445 0.020853 0.071092 0.000000 0.584195 0.058960 0.000000 0.000000 0.000000 0.022588 0.016900 0.000000 0.000002 0.202205 
0.000000 0.009933 0.094426 0.000000 0.025283 0.042504 0.000001 0.000000 0.459120 0.071209 0.257085 0.000000 0.000000 0.000000 0.011493 0.000000 0.000002 0.028945 
0.060585 0.000000 0.038491 0.000000 0.000000 0.271134 0.205950 0.000000 0.144249 0.000241 0.000000 0.000000 0.000000 0.034183 0.216458 0.000000 0.018833 0.009878 
0.066929 0.000000 0.017264 0.027514 0.021539 0.000027 0.160097 0.000000 0.187996 0.324967 0.000000 0.020978 0.034462 0.047991 0.050555 0.000000 0.000002 0.039680 
0.000000 0.000000 0.028109 0.000000 0.019709 0.212393 0.189691 0.000000 0.252310 0.041357 0.107207 0.000000 0.000000 0.034957 0.054120 0.000000 0.000001 0.060147 
0.000000 0.000000 0.298548 0.000000 0.000000 0.000023 0.000001 0.014664 0.089090 0.000250 0.073672 0.000000 0.059546 0.000000 0.214528 0.000000 0.239271 0.010407 
0.000000 0.000000 0.000011 0.000000 0.031337 0.764837 0.023417 0.000000 0.080967 0.000274 0.000000 0.000000 0.000000 0.020434 0.071516 0.000000 0.000001 0.007206 
0.000000 0.000000 0.000010 0.000000 0.000000 0.012362 0.021485 0.000000 0.611911 0.036775 0.000000 0.000000 0.000000 0.047381 0.011774 0.000000 0.218116 0.040185 
0.000000 0.000000 0.000009 0.000000 0.000000 0.000018 0.000001 0.000000 0.051317 0.044924 0.000000 0.018196 0.000000 0.000000 0.305247 0.000000 0.496275 0.084011 
0.000000 0.000000 0.000008 0.000000 0.000000 0.740034 0.000001 0.000000 0.045172 0.000413 0.123839 0.000000 0.000000 0.011557 0.050052 0.000000 0.000002 0.028921 
0.014579 0.000000 0.017232 0.000000 0.000000 0.033044 0.080898 0.000000 0.127682 0.162379 0.000000 0.048430 0.000000 0.022692 0.030908 0.000000 0.462147 0.000009 
0.000000 0.000000 0.000008 0.000000 0.028080 0.014074 0.000001 0.000000 0.354823 0.508523 0.025613 0.000000 0.000000 0.000001 0.037389 0.012471 0.000001 0.019017 
0.000000 0.000000 0.000008 0.000000 0.000000 0.000019 0.000001 0.000000 0.053723 0.061173 0.201327 0.000000 0.000000 0.000000 0.073439 0.000000 0.610303 0.000008 
0.084916 0.017968 0.034972 0.000000 0.030363 0.020824 0.138025 0.000000 0.160755 0.464287 0.000000 0.000000 0.000000 0.000000 0.026355 0.000000 0.000001 0.021533 
0.000000 0.000000 0.000008 0.000000 0.014854 0.018063 0.069052 0.000000 0.194609 0.426809 0.033736 0.000000 0.000000 0.000000 0.024290 0.000000 0.130243 0.088336 
0.000000 0.000000 0.222596 0.035260 0.024322 0.008103 0.262752 0.000000 0.187733 0.000395 0.148508 0.000000 0.000000 0.000001 0.080106 0.000000 0.000002 0.030223 
0.000000 0.000000 0.016827 0.000000 0.000000 0.514921 0.000001 0.000000 0.042650 0.392173 0.000000 0.000000 0.000000 0.024827 0.008594 0.000000 0.000002 0.000005 
0.000000 0.082937 0.000008 0.029451 0.006825 0.000022 0.088936 0.000000 0.162555 0.039677 0.029607 0.020707 0.000000 0.056236 0.383577 0.000000 0.000002 0.099461 
0.000000 0.000000 0.079288 0.000000 0.007875 0.015822 0.000001 0.000000 0.731711 0.045426 0.000000 0.000000 0.000000 0.000000 0.014994 0.000000 0.052943 0.051939 
0.000000 0.000000 0.037583 0.009694 0.000000 0.000031 0.170542 0.000000 0.192940 0.000227 0.000000 0.000000 0.000000 0.000001 0.022061 0.000000 0.034466 0.532456 
0.000000 0.000000 0.000009 0.000000 0.027172 0.117108 0.000001 0.000000 0.068792 0.448634 0.267872 0.028935 0.000000 0.000000 0.041468 0.000000 0.000002 0.000007 
0.000000 0.017151 0.000009 0.000000 0.000000 0.000023 0.033603 0.000000 0.018964 0.018425 0.000000 0.012134 0.000000 0.006035 0.127508 0.000000 0.766140 0.000007 
0.000000 0.000000 0.180277 0.000000 0.000000 0.214188 0.000001 0.000000 0.290501 0.120435 0.154188 0.000000 0.000000 0.000000 0.008361 0.000000 0.020830 0.011218 
0.000000 0.000000 0.000009 0.010679 0.000000 0.410448 0.108186 0.000000 0.235013 0.013896 0.000000 0.000000 0.000000 0.000000 0.138646 0.000000 0.000001 0.083121 
0.022414 0.000000 0.000006 0.000000 0.000000 0.600111 0.000001 0.000000 0.143936 0.035675 0.000000 0.000000 0.000000 0.179265 0.018582 0.000000 0.000001 0.000008 
0.000000 0.000000 0.000007 0.000000 0.000000 0.491053 0.000001 0.000000 0.030194 0.075718 0.342478 0.000000 0.000000 0.000000 0.033481 0.000000 0.027058 0.000011 
0.039596 0.000000 0.232050 0.000000 0.035042 0.025186 0.076430 0.000000 0.209010 0.058127 0.000000 0.000000 0.000000 0.138386 0.169057 0.000000 0.000002 0.017115 
0.000000 0.000000 0.000009 0.000000 0.000000 0.205365 0.034861 0.000000 0.105106 0.409593 0.000000 0.000000 0.000000 0.000001 0.029341 0.000000 0.140407 0.075319 
0.000000 0.000000 0.016176 0.000000 0.000000 0.949869 0.000001 0.000000 0.011233 0.000101 0.000000 0.000000 0.000000 0.000000 0.022609 0.000000 0.000002 0.000009 
0.000000 0.000000 0.000004 0.000000 0.009351 0.000025 0.000000 0.000000 0.043661 0.000168 0.000000 0.000000 0.000000 0.000000 0.946776 0.000000 0.000002 0.000013 
0.000000 0.010224 0.000008 0.000000 0.068240 0.000026 0.000001 0.000000 0.270327 0.107272 0.212865 0.000000 0.000000 0.198363 0.099636 0.000000 0.000002 0.033038 
0.000000 0.055446 0.059239 0.000000 0.000000 0.007346 0.067301 0.000000 0.184629 0.020548 0.111657 0.000000 0.000000 0.034831 0.079971 0.000000 0.000002 0.379030 
0.062997 0.000000 0.153420 0.011467 0.000000 0.000027 0.258500 0.000000 0.155515 0.058593 0.108867 0.000000 0.000000 0.068860 0.069097 0.000000 0.000002 0.052655 
0.000000 0.027439 0.000009 0.000000 0.000000 0.000026 0.000001 0.000000 0.018579 0.000162 0.342045 0.000000 0.034008 0.000000 0.114072 0.000000 0.453438 0.010222 
0.000000 0.015352 0.000007 0.000000 0.000000 0.012710 0.000000 0.000000 0.069844 0.000322 0.000000 0.000000 0.000000 0.000000 0.016937 0.000000 0.884819 0.000009 
0.000000 0.000000 0.008422 0.000000 0.000000 0.000026 0.101209 0.000000 0.084203 0.018165 0.000000 0.000000 0.000000 0.000001 0.678648 0.000000 0.029231 0.080095 
0.000000 0.029756 0.000007 0.000000 0.014726 0.006857 0.000001 0.000000 0.396807 0.081346 0.000000 0.000000 0.000000 0.000000 0.208630 0.000000 0.261859 0.000011 
0.000000 0.000000 0.000007 0.000000 0.000000 0.000026 0.000000 0.000000 0.055483 0.010773 0.000000 0.000000 0.000000 0.000000 0.020851 0.000000 0.912849 0.000011 
0.000000 0.004294 0.101051 0.000000 0.000000 0.013569 0.057983 0.023466 0.025431 0.000243 0.604364 0.000000 0.000000 0.000000 0.169584 0.000000 0.000002 0.000013 
0.000000 0.000000 0.000005 0.000000 0.000000 0.000021 0.018580 0.000000 0.027789 0.010032 0.000000 0.000000 0.000000 0.000000 0.935633 0.004070 0.000002 0.003867 
0.000000 0.000000 0.055021 0.000000 0.000000 0.022510 0.121817 0.000000 0.121748 0.038938 0.000000 0.000000 0.000000 0.019167 0.110322 0.000000 0.062674 0.447805 
0.043315 0.000000 0.049890 0.000000 0.000000 0.007771 0.000001 0.000000 0.188322 0.299114 0.000000 0.000000 0.000000 0.072542 0.013725 0.000000 0.115983 0.209337 
0.000000 0.005508 0.012017 0.000000 0.000000 0.810679 0.000001 0.000000 0.068117 0.000303 0.000000 0.000000 0.000000 0.029748 0.073619 0.000000 0.000002 0.000008 
0.031609 0.011586 0.565567 0.000000 0.000000 0.000028 0.000001 0.000000 0.086731 0.000275 0.085755 0.046006 0.040018 0.044984 0.070806 0.005578 0.000002 0.011055 
0.000000 0.019296 0.000008 0.027331 0.035102 0.000025 0.000001 0.000000 0.720139 0.095652 0.062535 0.000000 0.000000 0.000000 0.039902 0.000000 0.000001 0.000008 
0.000000 0.000000 0.000009 0.000000 0.000000 0.136945 0.000001 0.019482 0.027234 0.000220 0.460838 0.000000 0.000000 0.010609 0.334103 0.000000 0.010551 0.000010 
0.000000 0.000000 0.000004 0.000000 0.014332 0.000024 0.000000 0.011361 0.012208 0.104923 0.000000 0.000000 0.000000 0.000000 0.857140 0.000000 0.000001 0.000007 
0.000000 0.000000 0.000008 0.000000 0.020804 0.099627 0.000001 0.000000 0.042780 0.562516 0.028725 0.059465 0.000000 0.000000 0.026078 0.000000 0.145594 0.014402 
0.000000 0.000000 0.402973 0.000000 0.000000 0.009711 0.030608 0.000000 0.101874 0.173400 0.000000 0.000000 0.099947 0.097801 0.049193 0.000000 0.000002 0.034492 
0.000000 0.000000 0.000008 0.000000 0.005057 0.000022 0.027044 0.000000 0.048423 0.017630 0.000000 0.035752 0.000000 0.000001 0.284860 0.000000 0.581192 0.000012 
0.000000 0.000000 0.334979 0.000000 0.000000 0.025567 0.000001 0.000000 0.098041 0.028004 0.052927 0.000000 0.000000 0.000001 0.037108 0.000000 0.404239 0.019134 
0.000000 0.025531 0.232970 0.000000 0.000000 0.032216 0.102062 0.000000 0.108215 0.022646 0.000000 0.000000 0.000000 0.039489 0.079630 0.000000 0.357227 0.000013 
0.000000 0.025368 0.000008 0.026201 0.000000 0.000024 0.238141 0.000000 0.141243 0.056921 0.029956 0.000000 0.033336 0.068251 0.050064 0.014353 0.192378 0.123757 
0.000000 0.000000 0.000007 0.000000 0.000000 0.007320 0.023606 0.000000 0.031304 0.000384 0.115620 0.000000 0.000000 0.000001 0.022590 0.000000 0.799158 0.000009 
0.000000 0.000000 0.000006 0.000000 0.054291 0.007201 0.056794 0.000000 0.343002 0.117098 0.000000 0.000000 0.000000 0.306030 0.029143 0.000000 0.031991 0.054445 
0.000000 0.031241 0.000008 0.000000 0.000000 0.084081 0.112442 0.000000 0.167712 0.045801 0.000000 0.000000 0.000000 0.000000 0.057642 0.000000 0.359124 0.141948 
0.000000 0.000000 0.000013 0.000000 0.007487 0.112560 0.015351 0.000000 0.022908 0.000217 0.000000 0.000000 0.000000 0.000000 0.786724 0.000000 0.040769 0.013970 
0.000000 0.000000 0.039109 0.000000 0.000000 0.000016 0.000001 0.000000 0.002079 0.014947 0.297018 0.000000 0.036221 0.000000 0.021630 0.000000 0.588971 0.000008 
0.000000 0.000000 0.091200 0.000000 0.000000 0.094646 0.000001 0.000000 0.164890 0.031739 0.040829 0.000000 0.000000 0.026127 0.438511 0.008072 0.103978 0.000009 
0.000000 0.000000 0.653775 0.000000 0.000000 0.020232 0.036071 0.000000 0.089241 0.040431 0.000000 0.000000 0.000000 0.000000 0.020067 0.000000 0.019060 0.121124 
0.000000 0.023657 0.112598 0.000000 0.005312 0.006727 0.000001 0.000000 0.061167 0.000245 0.208047 0.026468 0.000000 0.000000 0.029111 0.000000 0.471946 0.054720 
0.000000 0.000000 0.000010 0.018198 0.000000 0.000021 0.028302 0.000000 0.174956 0.233812 0.000000 0.000000 0.000000 0.000001 0.347213 0.000000 0.000002 0.197485 
0.000000 0.000000 0.000004 0.000000 0.007097 0.000023 0.000001 0.021143 0.028097 0.000278 0.000000 0.000000 0.000000 0.000000 0.943348 0.000000 0.000002 0.000006 
0.000000 0.000000 0.561541 0.000000 0.000000 0.019315 0.040702 0.017857 0.112518 0.042761 0.107585 0.000000 0.000000 0.000001 0.039511 0.000000 0.032194 0.026016 
0.030733 0.017656 0.495758 0.020011 0.014024 0.013044 0.000001 0.000000 0.149016 0.143622 0.000000 0.000000 0.000000 0.013804 0.072205 0.007908 0.022206 0.000012 
0.027310 0.011465 0.015206 0.000000 0.036977 0.039109 0.173508 0.000000 0.285302 0.078472 0.000000 0.000000 0.000000 0.227778 0.033813 0.000000 0.046739 0.024321 
0.000000 0.000000 0.005172 0.000000 0.000000 0.000008 0.000001 0.000000 0.168072 0.809021 0.000000 0.000000 0.000000 0.015958 0.001758 0.000000 0.000001 0.000010 
0.000000 0.000000 0.000008 0.000000 0.097351 0.000014 0.073177 0.000000 0.267385 0.104085 0.000000 0.022393 0.000000 0.264711 0.083545 0.000000 0.000001 0.087329 
0.000000 0.000000 0.005974 0.000000 0.000000 0.892868 0.000000 0.000000 0.012477 0.000107 0.000000 0.000000 0.000000 0.000001 0.085839 0.000000 0.000001 0.002733 
0.000000 0.000000 0.052963 0.000000 0.013785 0.012475 0.032518 0.000000 0.666079 0.053125 0.000000 0.000000 0.000000 0.067751 0.031140 0.000000 0.000002 0.070162 
0.000000 0.036943 0.038803 0.000000 0.000000 0.048173 0.000001 0.000000 0.037402 0.000208 0.732247 0.028577 0.000000 0.000000 0.009701 0.000000 0.000002 0.067943 
0.000000 0.000000 0.024588 0.000000 0.017267 0.025124 0.000001 0.000000 0.692704 0.040531 0.000000 0.000000 0.000000 0.000000 0.160747 0.000000 0.000002 0.039035 
0.043406 0.000000 0.000009 0.000000 0.000000 0.152407 0.000001 0.000000 0.107168 0.629805 0.000000 0.000000 0.000000 0.000000 0.050889 0.000000 0.011476 0.004838 
0.051255 0.035337 0.047070 0.013254 0.000000 0.024785 0.186746 0.000000 0.212486 0.000264 0.000000 0.000000 0.000000 0.023020 0.010786 0.000000 0.000002 0.394995 
0.054656 0.000000 0.000008 0.000000 0.016192 0.004122 0.000001 0.000000 0.097451 0.766723 0.045591 0.000000 0.000000 0.000000 0.003013 0.000000 0.012233 0.000011 
0.000000 0.000000 0.039470 0.000000 0.000000 0.000026 0.000001 0.000000 0.030441 0.000227 0.020315 0.000000 0.000000 0.000000 0.876216 0.000000 0.027916 0.005388 
0.034519 0.000000 0.045583 0.047007 0.000000 0.000023 0.341097 0.038238 0.294611 0.000230 0.000000 0.000000 0.038569 0.047712 0.054988 0.000000 0.000001 0.057421 
0.000000 0.000000 0.000008 0.000000 0.018302 0.018964 0.023768 0.000000 0.348799 0.513421 0.054436 0.000000 0.000000 0.000000 0.015598 0.000000 0.000001 0.006703 
0.017445 0.000000 0.000008 0.000000 0.000000 0.029585 0.068486 0.000000 0.130750 0.028085 0.664496 0.000000 0.000000 0.011818 0.026180 0.000000 0.000002 0.023144 
0.043167 0.000000 0.020743 0.000000 0.000000 0.029507 0.209307 0.000000 0.200020 0.381763 0.000000 0.000000 0.000000 0.015573 0.052772 0.016506 0.030633 0.000009 
0.000000 0.055046 0.013556 0.000000 0.008844 0.183531 0.076823 0.000000 0.426364 0.000264 0.000000 0.044611 0.000000 0.000000 0.023986 0.000000 0.000002 0.166972 
0.000000 0.022634 0.173921 0.000000 0.047427 0.000024 0.000001 0.000000 0.244283 0.140790 0.000000 0.022986 0.024741 0.212935 0.110246 0.000000 0.000002 0.000010 
0.000000 0.015397 0.023293 0.000000 0.000000 0.019279 0.000001 0.000000 0.003498 0.002398 0.000000 0.000000 0.000000 0.000000 0.031923 0.000000 0.904203 0.000008 
0.000000 0.000000 0.353244 0.000000 0.000000 0.040548 0.000001 0.000000 0.141716 0.037147 0.067185 0.000000 0.028986 0.052147 0.183430 0.000000 0.050585 0.045011 
0.026062 0.005938 0.000009 0.000000 0.000000 0.028510 0.000001 0.000000 0.155571 0.684315 0.000000 0.000000 0.000000 0.000000 0.093309 0.006274 0.000002 0.000010 
0.000000 0.009906 0.030965 0.011114 0.031959 0.364145 0.114770 0.000000 0.117424 0.000291 0.000000 0.034245 0.000000 0.041485 0.104763 0.000000 0.115682 0.023250 
0.000000 0.000000 0.030589 0.030314 0.046296 0.065812 0.093682 0.000000 0.516143 0.044688 0.000000 0.000000 0.000000 0.092724 0.066015 0.000000 0.000001 0.013736 
0.000000 0.000000 0.000008 0.000000 0.000000 0.004555 0.000001 0.000000 0.018832 0.006354 0.000000 0.000000 0.000000 0.000000 0.006382 0.000000 0.963856 0.000012 
0.000000 0.089861 0.000008 0.000000 0.000000 0.000030 0.127391 0.000000 0.229991 0.000235 0.089366 0.000000 0.000000 0.000000 0.032354 0.000000 0.000002 0.430762 
0.000000 0.019765 0.183970 0.009903 0.000000 0.000030 0.000001 0.000000 0.015103 0.015901 0.121394 0.000000 0.000000 0.000000 0.053988 0.000000 0.579934 0.000011 
0.000000 0.000000 0.000008 0.000000 0.000000 0.273009 0.228972 0.000000 0.144646 0.101974 0.040258 0.000000 0.000000 0.116217 0.060391 0.000000 0.000002 0.034523 
0.000000 0.000000 0.030229 0.000000 0.000000 0.240327 0.000001 0.000000 0.317054 0.366116 0.000000 0.000000 0.000000 0.000000 0.031161 0.000000 0.000002 0.015109 
0.000000 0.000000 0.145408 0.000000 0.000000 0.214972 0.000001 0.000000 0.013861 0.032464 0.000000 0.047278 0.000000 0.000000 0.084445 0.000000 0.461560 0.000012 
0.000000 0.000000 0.000007 0.000000 0.111938 0.013154 0.117049 0.000000 0.334721 0.037357 0.000000 0.029411 0.000000 0.300143 0.056208 0.000000 0.000001 0.000011 
0.000000 0.000000 0.072316 0.000000 0.009801 0.039015 0.000001 0.000000 0.016670 0.029962 0.769068 0.029016 0.000000 0.000000 0.034142 0.000000 0.000002 0.000006 
0.000000 0.026965 0.236265 0.018792 0.021613 0.024980 0.000001 0.000000 0.300131 0.022740 0.055312 0.000000 0.000000 0.207871 0.085321 0.000000 0.000001 0.000009 
0.030870 0.000000 0.226938 0.000000 0.000000 0.011278 0.000001 0.000000 0.048332 0.000317 0.475641 0.000000 0.000000 0.030827 0.040227 0.000000 0.127790 0.007779 
0.000000 0.000000 0.000009 0.000000 0.000000 0.000020 0.000001 0.000000 0.079606 0.452606 0.401543 0.000000 0.000000 0.000000 0.018211 0.000000 0.047997 0.000007 
0.000000 0.000000 0.000008 0.000000 0.015981 0.000027 0.000001 0.000000 0.502256 0.053034 0.042924 0.000000 0.000000 0.000001 0.296850 0.000000 0.049045 0.039873 
0.000000 0.017559 0.030857 0.026276 0.000000 0.000023 0.314880 0.000000 0.281937 0.052037 0.061967 0.000000 0.000000 0.063807 0.110095 0.000000 0.000001 0.040561 
0.000000 0.000000 0.000008 0.000000 0.000000 0.027898 0.000001 0.000000 0.156382 0.572888 0.062557 0.000000 0.000000 0.000000 0.018932 0.000000 0.161324 0.000010 
0.051591 0.000000 0.546815 0.000000 0.000000 0.033416 0.000001 0.000000 0.099460 0.003724 0.129274 0.037473 0.000000 0.031199 0.024645 0.000000 0.000002 0.042402 
0.111672 0.017644 0.033017 0.022357 0.000000 0.057594 0.352410 0.000000 0.279236 0.039625 0.000000 0.000000 0.000000 0.000001 0.017996 0.000000 0.000002 0.068448 
0.000000 0.020505 0.000008 0.000000 0.015486 0.000026 0.202020 0.000000 0.158021 0.038344 0.380672 0.020179 0.000000 0.000000 0.042336 0.000000 0.000002 0.122401 
0.000000 0.000000 0.000010 0.007405 0.018230 0.000029 0.000001 0.000000 0.254088 0.633775 0.000000 0.000000 0.000000 0.000000 0.032492 0.000000 0.000002 0.053968 
0.000000 0.003753 0.000011 0.000000 0.000000 0.757453 0.000001 0.000000 0.150560 0.000291 0.000000 0.000000 0.000000 0.029536 0.058384 0.000000 0.000002 0.000010 
0.000000 0.000000 0.000008 0.000000 0.015816 0.061320 0.000001 0.000000 0.311245 0.382198 0.078230 0.000000 0.000000 0.000001 0.020283 0.000000 0.000002 0.130897 
0.000000 0.000000 0.011907 0.000000 0.000000 0.016924 0.000001 0.000000 0.029718 0.033243 0.000000 0.000000 0.000000 0.000000 0.010668 0.000000 0.796614 0.100925 
0.000000 0.031085 0.143655 0.000000 0.000000 0.000016 0.000001 0.000000 0.012811 0.031491 0.733412 0.000000 0.000000 0.000001 0.042764 0.004757 0.000001 0.000007 
0.000000 0.000000 0.000005 0.000000 0.059760 0.070364 0.064474 0.000000 0.345991 0.110128 0.000000 0.000000 0.000000 0.298706 0.003815 0.000000 0.000001 0.046755 
0.057122 0.027049 0.000007 0.000000 0.082565 0.000028 0.000001 0.000000 0.411104 0.053178 0.000000 0.000000 0.000000 0.230488 0.055672 0.000000 0.063468 0.019319 
0.036462 0.000000 0.000009 0.000000 0.000000 0.000019 0.161650 0.000000 0.100216 0.055233 0.054164 0.000000 0.000000 0.057010 0.048440 0.011983 0.474805 0.000010 
0.050902 0.000000 0.059701 0.025018 0.010951 0.013869 0.319374 0.000000 0.132492 0.085837 0.000000 0.000000 0.000000 0.082747 0.136483 0.000000 0.012789 0.069837 
0.044093 0.000000 0.053363 0.000000 0.060969 0.000027 0.000001 0.000000 0.389273 0.047903 0.000000 0.000000 0.000000 0.139736 0.195120 0.000000 0.000002 0.069513 
0.000000 0.025466 0.000007 0.020898 0.080982 0.040947 0.033742 0.000000 0.349501 0.133201 0.000000 0.022600 0.000000 0.206706 0.061523 0.000000 0.000001 0.024425 
0.000000 0.000000 0.000008 0.000000 0.000000 0.227585 0.000001 0.000000 0.008805 0.044201 0.575595 0.031046 0.045522 0.000001 0.034337 0.000000 0.000002 0.032898 
0.000000 0.000000 0.460828 0.000000 0.006894 0.000026 0.035403 0.000000 0.169319 0.038945 0.037827 0.000000 0.000000 0.057984 0.163314 0.000000 0.029453 0.000007 
0.000000 0.000000 0.000010 0.000000 0.009060 0.020583 0.000001 0.000000 0.842289 0.043433 0.000000 0.000000 0.000000 0.000000 0.000611 0.000000 0.030351 0.053664 
0.000000 0.000000 0.000008 0.000000 0.025300 0.000020 0.000001 0.000000 0.734301 0.000279 0.000000 0.000000 0.000000 0.000000 0.037407 0.000000 0.151075 0.051609 
0.000000 0.000000 0.578290 0.000000 0.000000 0.035610 0.000001 0.000000 0.081226 0.024100 0.242276 0.000000 0.000000 0.000000 0.022326 0.000000 0.016161 0.000010 
0.057840 0.000000 0.000008 0.000000 0.013443 0.178805 0.000001 0.000000 0.184635 0.468589 0.072599 0.000000 0.000000 0.000000 0.024068 0.000000 0.000002 0.000009 
