-982059.641964
0
0.000321 0.000538 0.000053 0.000080 0.000000 0.000000 0.000000 0.000341 0.002941 0.011298 0.000611 0.003425 0.000160 0.000569 0.000722 0.001905 0.001239 0.000000 0.000416 0.001094 0.000000 0.000000 0.000414 0.000056 0.000428 0.000001 0.000000 0.000253 0.000000 0.000209 0.000235 0.000163 0.048465 0.057902 0.012432 0.047442 0.000000 0.001011 0.000000 0.000871 0.000426 0.000872 0.000277 0.002408 0.000174 0.000192 0.000385 0.000000 0.000000 0.000000 0.000000 0.000000 0.000000 0.000000 0.000000 0.000000 0.003014 0.012380 0.000001 0.010192 0.000000 0.000000 0.000000 0.000844 0.000000 0.000000 0.000000 0.004828 0.000000 0.000000 0.000812 0.000261 0.006665 0.003787 0.001176 0.005474 0.017029 0.000000 0.000644 0.030448 0.263677 0.196275 0.075545 0.156735 0.000247 0.000708 0.000505 0.003028 0.000891 0.000886 0.000976 0.001068 0.000000 0.000542 0.000607 0.000424 
0.001518 0.001432 0.000000 0.004855 0.000000 0.000453 0.000000 0.000541 0.018004 0.011293 0.098475 0.009920 0.000521 0.001024 0.000000 0.003983 0.006678 0.006033 0.011426 0.005024 0.000000 0.003005 0.000972 0.008636 0.004060 0.007168 0.003270 0.022649 0.000000 0.000000 0.000000 0.000000 0.008704 0.009968 0.068218 0.008569 0.000000 0.000531 0.000000 0.000452 0.003270 0.002886 0.010504 0.003543 0.001201 0.002348 0.003150 0.012369 0.002158 0.002882 0.000308 0.006219 0.000000 0.001180 0.000000 0.000000 0.028214 0.037093 0.089021 0.028247 0.000000 0.000555 0.000000 0.000862 0.010225 0.008138 0.007628 0.010592 0.000000 0.001336 0.000460 0.002704 0.018801 0.007120 0.002353 0.135152 0.000000 0.000000 0.000000 0.000000 0.003599 0.013794 0.123937 0.018409 0.000579 0.000325 0.000000 0.002159 0.005524 0.006621 0.008943 0.007113 0.003377 0.005047 0.001307 0.031371 
0.027622 0.023746 0.006578 0.020354 0.012507 0.007115 0.002389 0.010466 0.016729 0.007639 0.006834 0.013881 0.010841 0.007664 0.010259 0.013403 0.019474 0.007661 0.014266 0.019569 0.008020 0.001507 0.005685 0.005645 0.026815 0.028292 0.003465 0.025501 0.009439 0.008233 0.002714 0.011223 0.014046 0.009069 0.005149 0.016812 0.007904 0.010660 0.018006 0.015268 0.009096 0.009841 0.011222 0.014173 0.004646 0.003581 0.008294 0.011848 0.022166 0.019059 0.007422 0.018003 0.005648 0.007333 0.001974 0.008136 0.008992 0.006739 0.003724 0.010045 0.007017 0.006172 0.009488 0.008679 0.008874 0.006504 0.006930 0.007921 0.002422 0.001247 0.006622 0.005410 0.024015 0.025445 0.004041 0.024789 0.005900 0.009372 0.001676 0.011189 0.003898 0.005526 0.000008 0.007214 0.011828 0.007964 0.009079 0.014478 0.009354 0.008696 0.005887 0.013275 0.010506 0.003878 0.006600 0.013707 
0.000113 0.080314 0.919572 
0.042196 0.577996 0.379808 
0.958301 0.039167 0.002532 
0.159794 0.030626 0.809580 
0.411589 0.006508 0.581904 
0.017048 0.000651 0.982301 
0.019826 0.357582 0.622592 
0.138049 0.041073 0.820878 
0.997561 0.000535 0.001904 
0.026897 0.660969 0.312133 
0.006244 0.037768 0.955988 
0.000128 0.433929 0.565943 
0.177022 0.308549 0.514429 
0.284459 0.080220 0.635320 
0.031787 0.112722 0.855491 
0.555671 0.018965 0.425364 
0.083064 0.284733 0.632203 
0.038488 0.323106 0.638406 
0.071146 0.114020 0.814835 
0.748880 0.172192 0.078929 
0.293354 0.066969 0.639677 
0.021462 0.740172 0.238365 
0.251875 0.031065 0.717060 
0.043196 0.076008 0.880796 
0.835574 0.015411 0.149015 
0.020085 0.603422 0.376493 
0.198169 0.345937 0.455894 
0.547538 0.100221 0.352241 
0.015505 0.039738 0.944757 
0.034129 0.355807 0.610064 
0.489983 0.107219 0.402797 
0.026299 0.063017 0.910685 
0.258710 0.156251 0.585039 
0.168924 0.701701 0.129375 
0.850087 0.002291 0.147622 
0.006412 0.260826 0.732763 
0.273060 0.575308 0.151632 
0.803472 0.103648 0.092880 
0.054533 0.554439 0.391028 
0.032435 0.015542 0.952023 
0.040292 0.863689 0.096019 
0.032126 0.045806 0.922068 
0.031055 0.166559 0.802386 
0.054480 0.462842 0.482678 
0.522202 0.009145 0.468653 
0.348865 0.063009 0.588126 
0.010099 0.176279 0.813622 
0.000245 0.138768 0.860986 
0.139214 0.253764 0.607021 
0.105652 0.840528 0.053820 
0.215395 0.346344 0.438261 
0.549032 0.005914 0.445053 
0.627047 0.000497 0.372456 
0.531687 0.334827 0.133486 
0.168352 0.292790 0.538858 
0.249969 0.110306 0.639725 
0.976421 0.022420 0.001159 
0.960212 0.000444 0.039344 
0.064725 0.191179 0.744097 
0.043781 0.256603 0.699616 
0.032095 0.361194 0.606712 
0.069167 0.896781 0.034051 
0.022357 0.941810 0.035833 
0.667305 0.070693 0.262002 
0.196941 0.272861 0.530198 
0.000614 0.956436 0.042950 
0.117800 0.795297 0.086903 
0.952672 0.000641 0.046687 
0.090638 0.211254 0.698108 
0.003701 0.201994 0.794305 
0.890163 0.020186 0.089651 
0.038179 0.742224 0.219597 
0.013673 0.072500 0.913827 
0.432399 0.502699 0.064902 
0.855651 0.000413 0.143936 
0.128753 0.161493 0.709754 
0.022428 0.503866 0.473706 
0.261124 0.638299 0.100577 
0.047667 0.827900 0.124432 
0.094393 0.653533 0.252075 
0.024088 0.317792 0.658120 
0.016930 0.963119 0.019951 
0.023752 0.030977 0.945271 
0.133503 0.426692 0.439805 
0.910228 0.041268 0.048504 
0.000218 0.971792 0.027990 
0.516525 0.264834 0.218641 
0.019028 0.760606 0.220366 
0.014475 0.869178 0.116347 
0.303927 0.024483 0.671590 
0.970451 0.000511 0.029038 
0.034948 0.762987 0.202065 
0.066791 0.572221 0.360989 
0.064276 0.074556 0.861168 
0.000084 0.000553 0.999364 
0.064757 0.002719 0.932524 
0.988727 0.004033 0.007240 
0.017451 0.083574 0.898975 
0.030445 0.789086 0.180469 
0.151157 0.079156 0.769687 
0.202254 0.000999 0.796747 
0.017249 0.092321 0.890430 
0.000206 0.036708 0.963086 
0.878267 0.102903 0.018831 
0.033541 0.108988 0.857471 
0.016674 0.041940 0.941386 
0.021936 0.669049 0.309015 
0.069781 0.076583 0.853637 
0.196729 0.061893 0.741378 
0.078785 0.231094 0.690121 
0.047328 0.947406 0.005266 
0.186216 0.537430 0.276353 
0.104140 0.010158 0.885702 
0.491863 0.156097 0.352040 
0.119759 0.043400 0.836841 
0.000375 0.998364 0.001261 
0.000933 0.118539 0.880528 
0.033681 0.927495 0.038824 
0.331019 0.043791 0.625190 
0.271688 0.038679 0.689633 
0.316091 0.645101 0.038808 
0.051410 0.000568 0.948022 
0.039617 0.850075 0.110308 
0.086680 0.321320 0.592000 
0.020095 0.841063 0.138842 
0.000154 0.414230 0.585615 
0.263496 0.117569 0.618935 
0.069726 0.153200 0.777074 
0.033319 0.207695 0.758986 
0.038661 0.745868 0.215471 
0.064764 0.081278 0.853958 
0.005015 0.437894 0.557091 
0.012007 0.014751 0.973242 
0.826749 0.013533 0.159717 
0.064447 0.069949 0.865604 
0.025991 0.880527 0.093481 
0.000227 0.911371 0.088402 
0.070431 0.000396 0.929173 
0.040573 0.061377 0.898051 
0.023764 0.639861 0.336375 
0.123607 0.147248 0.729145 
0.169858 0.092130 0.738012 
0.089071 0.000831 0.910099 
0.248381 0.580594 0.171025 
0.127924 0.597242 0.274833 
0.007511 0.074997 0.917492 
0.009917 0.187917 0.802166 
0.032825 0.835620 0.131555 
0.203344 0.066778 0.729878 
0.020633 0.972213 0.007154 
0.046646 0.013424 0.939930 
0.973442 0.009861 0.016698 
0.291978 0.590992 0.117030 
0.003057 0.093127 0.903816 
0.010160 0.497304 0.492535 
0.437844 0.064866 0.497289 
0.020871 0.093223 0.885905 
0.177262 0.625234 0.197504 
0.006149 0.057043 0.936809 
0.041887 0.100204 0.857908 
0.009314 0.948406 0.042280 
0.626076 0.064443 0.309481 
0.074847 0.000726 0.924427 
0.000190 0.510853 0.488957 
0.004231 0.134447 0.861322 
0.144633 0.843956 0.011411 
0.845932 0.095983 0.058085 
0.017256 0.286977 0.695767 
0.106839 0.873499 0.019662 
0.012492 0.275966 0.711543 
0.593510 0.026391 0.380099 
0.080243 0.290712 0.629045 
0.041519 0.626573 0.331908 
0.332929 0.140255 0.526815 
0.000410 0.409327 0.590263 
0.000326 0.884765 0.114909 
0.006769 0.023557 0.969674 
0.020739 0.644594 0.334667 
0.010008 0.861816 0.128176 
0.237773 0.087945 0.674281 
0.503042 0.014821 0.482137 
0.031741 0.580002 0.388257 
0.444016 0.012084 0.543900 
0.028094 0.097531 0.874375 
0.175532 0.151995 0.672474 
0.067322 0.612366 0.320312 
0.000360 0.236836 0.762805 
0.035695 0.047375 0.916930 
0.687374 0.190760 0.121866 
0.036093 0.910080 0.053827 
0.334636 0.416757 0.248607 
0.744614 0.055821 0.199564 
0.008610 0.013159 0.978231 
0.011647 0.013198 0.975155 
0.761983 0.127228 0.110789 
0.036292 0.314317 0.649391 
0.026782 0.003000 0.970217 
0.000309 0.753282 0.246409 
0.439678 0.108045 0.452277 
0.010876 0.591300 0.397824 
0.001010 0.779865 0.219125 
0.090491 0.024587 0.884922 
0.063021 0.748644 0.188335 
0.024224 0.142895 0.832881 
0.607605 0.061502 0.330894 
0.064802 0.682979 0.252218 
0.219743 0.097408 0.682848 
0.047742 0.145198 0.807060 
0.277221 0.284500 0.438279 
0.010967 0.047570 0.941463 
0.971738 0.014819 0.013443 
0.000119 0.049462 0.950420 
0.027812 0.766018 0.206170 
0.492516 0.344044 0.163440 
0.000319 0.546767 0.452915 
0.001722 0.401353 0.596925 
0.003382 0.040457 0.956161 
0.062179 0.041239 0.896582 
0.136370 0.322414 0.541216 
0.374391 0.299233 0.326377 
0.556739 0.144474 0.298788 
0.429310 0.010342 0.560347 
0.000197 0.997594 0.002208 
0.043544 0.401731 0.554725 
0.036728 0.812714 0.150558 
0.136118 0.031381 0.832501 
0.665924 0.281371 0.052705 
0.244927 0.017076 0.737997 
0.008111 0.040862 0.951027 
0.028613 0.172518 0.798869 
0.699144 0.025317 0.275538 
0.949718 0.021424 0.028858 
0.056623 0.588208 0.355169 
0.278930 0.613354 0.107715 
0.000313 0.479613 0.520074 
0.216590 0.708694 0.074716 
0.703187 0.040143 0.256671 
0.061270 0.781499 0.157231 
0.907345 0.071789 0.020866 
0.006204 0.061400 0.932396 
0.105723 0.008915 0.885362 
0.043295 0.544240 0.412465 
0.008876 0.227013 0.764111 
0.860313 0.028337 0.111350 
0.649532 0.060989 0.289479 
0.145668 0.007182 0.847150 
0.035007 0.231840 0.733153 
0.041340 0.000871 0.957789 
0.135188 0.000928 0.863884 
0.425257 0.023914 0.550829 
0.001554 0.086068 0.912378 
0.000257 0.032296 0.967447 
0.016484 0.403252 0.580265 
0.267926 0.333208 0.398866 
0.511564 0.202240 0.286196 
0.674838 0.089439 0.235723 
0.017927 0.070943 0.911130 
0.366369 0.108448 0.525183 
0.020478 0.527350 0.452172 
0.659755 0.105792 0.234453 
0.142395 0.145442 0.712163 
0.047834 0.861339 0.090827 
0.047213 0.048184 0.904602 
0.000333 0.789395 0.210272 
0.653650 0.010698 0.335652 
0.437139 0.521939 0.040922 
0.449500 0.367463 0.183037 
0.161525 0.226927 0.611548 
0.031019 0.137577 0.831404 
0.427808 0.082483 0.489709 
0.020738 0.469129 0.510133 
0.030074 0.094111 0.875815 
0.038953 0.008193 0.952853 
0.139338 0.033612 0.827049 
0.079203 0.617730 0.303067 
0.029272 0.332963 0.637765 
0.606532 0.028271 0.365197 
0.664126 0.103469 0.232405 
0.934053 0.001498 0.064449 
0.059656 0.561887 0.378457 
0.222167 0.443949 0.333884 
0.048947 0.640179 0.310874 
0.346962 0.075083 0.577955 
0.377484 0.198886 0.423631 
0.015166 0.002594 0.982240 
0.057465 0.107417 0.835118 
0.041642 0.694604 0.263754 
0.000177 0.062558 0.937265 
0.740622 0.017034 0.242344 
0.000231 0.894132 0.105638 
0.032935 0.555581 0.411485 
0.239855 0.751726 0.008419 
0.000185 0.925472 0.074342 
0.029428 0.615070 0.355502 
0.157508 0.060149 0.782343 
0.003428 0.000642 0.995930 
0.760792 0.155250 0.083958 
0.003885 0.579829 0.416287 
0.673322 0.316835 0.009842 
0.360159 0.192600 0.447242 
0.135110 0.085537 0.779353 
0.591246 0.026485 0.382269 
0.099609 0.040354 0.860037 
0.752365 0.149249 0.098386 
0.745915 0.091737 0.162348 
0.986560 0.000568 0.012872 
0.000356 0.868176 0.131468 
0.015511 0.000890 0.983598 
0.796563 0.009296 0.194140 
0.134626 0.764793 0.100581 
0.019966 0.000706 0.979328 
0.011133 0.141886 0.846982 
0.114861 0.004110 0.881029 
0.593760 0.065649 0.340591 
0.547520 0.027062 0.425418 
0.847909 0.143189 0.008902 
0.708863 0.054804 0.236333 
0.004210 0.064814 0.930976 
0.083174 0.096007 0.820819 
0.268605 0.009314 0.722082 
0.014934 0.066099 0.918967 
0.135882 0.775410 0.088708 
0.000157 0.781228 0.218615 
0.044357 0.837948 0.117695 
0.957224 0.000499 0.042277 
0.069929 0.630869 0.299202 
0.017409 0.578413 0.404178 
0.002694 0.940278 0.057029 
0.033450 0.577974 0.388576 
0.746871 0.068142 0.184988 
0.013995 0.328160 0.657844 
0.068497 0.138680 0.792824 
0.000549 0.000742 0.998709 
0.009853 0.237078 0.753069 
0.021389 0.890740 0.087871 
0.041695 0.811102 0.147203 
0.010500 0.773373 0.216127 
0.042061 0.004308 0.953630 
0.024323 0.289674 0.686003 
0.020323 0.282204 0.697473 
0.003243 0.518215 0.478542 
0.757164 0.000624 0.242212 
0.144056 0.710863 0.145080 
0.727727 0.000661 0.271613 
0.126683 0.486399 0.386918 
0.650697 0.046643 0.302660 
0.073408 0.182883 0.743709 
0.017910 0.429936 0.552154 
0.175593 0.677624 0.146783 
0.426785 0.016049 0.557165 
0.982991 0.010092 0.006917 
0.615982 0.028145 0.355873 
0.043692 0.581822 0.374486 
0.022559 0.423320 0.554121 
0.000365 0.970824 0.028811 
0.001236 0.116650 0.882114 
0.914282 0.044517 0.041201 
0.026346 0.095117 0.878536 
0.983866 0.007113 0.009021 
0.037457 0.281407 0.681136 
0.015653 0.790309 0.194038 
0.000626 0.248143 0.751231 
0.034284 0.064541 0.901175 
0.051199 0.760279 0.188522 
0.030684 0.862720 0.106596 
0.000248 0.997139 0.002613 
0.145716 0.138786 0.715499 
0.573669 0.232909 0.193422 
0.010841 0.014399 0.974760 
0.221378 0.671891 0.106731 
0.000261 0.633571 0.366168 
0.013039 0.366723 0.620238 
0.066074 0.081905 0.852021 
0.000291 0.315650 0.684059 
0.055117 0.476087 0.468796 
0.923735 0.000412 0.075853 
0.030647 0.791962 0.177390 
0.807492 0.033484 0.159024 
0.081255 0.025442 0.893302 
0.000371 0.154793 0.844836 
0.055117 0.000633 0.944250 
0.107458 0.340048 0.552494 
0.035649 0.081254 0.883098 
0.171982 0.353984 0.474035 
0.448003 0.067678 0.484318 
0.565932 0.297694 0.136374 
0.695866 0.024781 0.279353 
0.634932 0.005695 0.359372 
0.066208 0.914810 0.018982 
0.005867 0.909671 0.084462 
0.232384 0.025067 0.742549 
0.000318 0.638864 0.360817 
0.022962 0.509371 0.467667 
0.138636 0.431471 0.429893 
0.000341 0.287811 0.711848 
0.451413 0.442176 0.106411 
0.432148 0.081298 0.486554 
0.678430 0.243152 0.078418 
0.032520 0.033693 0.933787 
0.194621 0.119546 0.685833 
0.000176 0.911284 0.088541 
0.013965 0.551400 0.434635 
0.982332 0.014576 0.003092 
0.018638 0.240568 0.740795 
0.520464 0.128814 0.350722 
0.009587 0.145178 0.845236 
0.031513 0.680640 0.287848 
0.056589 0.849593 0.093818 
0.192169 0.080947 0.726884 
0.119033 0.712686 0.168282 
0.012425 0.154984 0.832591 
0.451772 0.528824 0.019404 
0.020235 0.785165 0.194600 
0.020937 0.158253 0.820810 
0.052417 0.101597 0.845986 
0.034523 0.000572 0.964905 
0.316585 0.016028 0.667387 
0.000315 0.140509 0.859176 
0.136859 0.443987 0.419155 
0.982118 0.001023 0.016858 
0.022768 0.626136 0.351096 
0.142187 0.039766 0.818048 
0.133749 0.335380 0.530871 
0.000313 0.573880 0.425807 
0.321656 0.000677 0.677667 
0.077958 0.017324 0.904719 
0.028164 0.176589 0.795247 
0.357590 0.597487 0.044923 
0.109052 0.314872 0.576076 
0.055394 0.355212 0.589394 
0.005322 0.123821 0.870857 
0.112361 0.078394 0.809245 
0.019535 0.000408 0.980058 
0.305493 0.204686 0.489821 
0.635317 0.003268 0.361415 
0.062272 0.138337 0.799391 
0.017390 0.550694 0.431917 
0.003923 0.883566 0.112512 
0.037572 0.787281 0.175147 
0.017205 0.792226 0.190568 
0.668385 0.198915 0.132699 
0.049948 0.348279 0.601773 
0.048683 0.689773 0.261543 
0.646218 0.276606 0.077177 
0.061757 0.831871 0.106372 
0.973042 0.000707 0.026251 
0.047877 0.575436 0.376687 
0.017883 0.801149 0.180968 
0.027506 0.180094 0.792399 
0.031604 0.100434 0.867962 
0.011537 0.038537 0.949925 
0.063216 0.380980 0.555804 
0.143050 0.832813 0.024136 
0.813041 0.158036 0.028923 
0.000623 0.007065 0.992312 
0.525207 0.000557 0.474235 
0.070196 0.115766 0.814038 
0.000525 0.038088 0.961388 
0.011273 0.916777 0.071949 
0.599072 0.329251 0.071677 
0.758673 0.175327 0.065999 
0.038714 0.003881 0.957406 
0.032139 0.833654 0.134208 
0.405473 0.397014 0.197514 
0.059934 0.173271 0.766795 
0.485453 0.001422 0.513125 
0.070641 0.048062 0.881297 
0.183751 0.238540 0.577710 
0.000704 0.090689 0.908606 
0.019087 0.510375 0.470538 
0.191913 0.572378 0.235709 
0.260891 0.692726 0.046383 
0.373313 0.001238 0.625450 
0.000268 0.167955 0.831777 
0.091563 0.371736 0.536702 
0.013439 0.699278 0.287283 
0.000279 0.431402 0.568319 
0.000345 0.138060 0.861595 
0.000513 0.619658 0.379829 
0.322583 0.064367 0.613050 
0.038669 0.098731 0.862601 
0.492134 0.207787 0.300079 
0.087938 0.000754 0.911309 
0.005099 0.049489 0.945411 
0.043279 0.116594 0.840128 
0.026464 0.431247 0.542288 
0.043216 0.093345 0.863439 
0.194325 0.704461 0.101214 
0.012056 0.079304 0.908640 
0.033163 0.266067 0.700770 
0.007721 0.089898 0.902380 
0.031914 0.740467 0.227619 
0.027005 0.790796 0.182199 
0.678659 0.061707 0.259634 
0.939730 0.001743 0.058527 
0.487102 0.425861 0.087037 
0.000119 0.052539 0.947342 
0.512521 0.237337 0.250141 
0.543548 0.294891 0.161561 
0.674542 0.164904 0.160554 
0.372027 0.485323 0.774723 
