-954099.656860
0
0.000875 0.000178 0.000000 0.009047 0.000000 0.000000 0.000000 0.000001 0.000012 0.003521 0.013939 0.004784 0.000001 0.000000 0.000001 0.001379 0.002630 0.005174 0.002091 0.004583 0.000000 0.003707 0.001567 0.015212 0.002859 0.000857 0.001015 0.015020 0.000000 0.000000 0.000000 0.000000 0.000377 0.002236 0.011946 0.004782 0.000000 0.000001 0.000000 0.000779 0.000501 0.001946 0.001033 0.001753 0.002443 0.001043 0.003230 0.019490 0.001676 0.001387 0.000000 0.008550 0.000000 0.000001 0.000000 0.000000 0.000001 0.013988 0.028718 0.014785 0.000000 0.000000 0.000000 0.000001 0.007110 0.010607 0.005820 0.012796 0.000000 0.002192 0.001132 0.002455 0.036743 0.010916 0.003725 0.311109 0.000000 0.000000 0.000000 0.000000 0.003361 0.019525 0.214331 0.037059 0.000000 0.000001 0.000000 0.003459 0.002446 0.010019 0.006423 0.009871 0.005238 0.009345 0.001996 0.063202 
0.012452 0.004942 0.000000 0.006302 0.004083 0.003266 0.000000 0.002907 0.008888 0.004557 0.005470 0.006715 0.014499 0.005539 0.008058 0.023185 0.029093 0.011382 0.020740 0.030080 0.034155 0.004884 0.005775 0.019143 0.009400 0.004235 0.000000 0.006893 0.001667 0.002000 0.000000 0.003430 0.009429 0.005161 0.000728 0.007293 0.005655 0.004908 0.006409 0.007246 0.018386 0.010996 0.017429 0.030231 0.021217 0.006573 0.012977 0.054318 0.014030 0.008820 0.000000 0.009968 0.001084 0.002375 0.000000 0.004773 0.004761 0.005859 0.000000 0.009349 0.004041 0.003129 0.002909 0.002681 0.011507 0.010529 0.012426 0.013931 0.006096 0.001046 0.005033 0.018034 0.025742 0.004643 0.000569 0.033443 0.002272 0.002438 0.000000 0.004124 0.000000 0.005131 0.000001 0.008040 0.022074 0.002935 0.013238 0.014863 0.018191 0.014821 0.010205 0.030187 0.048511 0.008773 0.009006 0.055712 
0.000246 0.000447 0.000000 0.000011 0.000000 0.000000 0.000000 0.000001 0.000486 0.019170 0.000001 0.004436 0.000686 0.001340 0.001297 0.003518 0.001054 0.000002 0.000591 0.001148 0.000000 0.000000 0.000716 0.000001 0.000950 0.000001 0.000000 0.000679 0.000000 0.000348 0.000455 0.000405 0.078498 0.103424 0.019800 0.079015 0.000000 0.001571 0.000773 0.001364 0.000586 0.001060 0.000954 0.004501 0.000000 0.000764 0.000955 0.000000 0.000003 0.000003 0.000000 0.000001 0.000000 0.000422 0.000000 0.000000 0.000001 0.021278 0.000000 0.016528 0.000000 0.000000 0.000000 0.001384 0.000460 0.000001 0.000001 0.008875 0.000000 0.000000 0.001509 0.000324 0.000538 0.001171 0.000000 0.000484 0.000000 0.000299 0.000000 0.000000 0.117582 0.290134 0.099693 0.088028 0.000846 0.001598 0.001080 0.005287 0.001667 0.001751 0.001589 0.002370 0.000000 0.001080 0.001033 0.001726 
0.008804 0.008030 0.000000 0.004163 0.000000 0.001036 0.000000 0.001960 0.028252 0.015016 0.214501 0.014116 0.004714 0.000000 0.002771 0.007987 0.014503 0.007976 0.008336 0.010192 0.001485 0.001721 0.000697 0.003706 0.002814 0.000001 0.000000 0.000017 0.000921 0.000000 0.000000 0.000000 0.023202 0.020532 0.119067 0.018254 0.000000 0.000002 0.000000 0.000767 0.004116 0.004483 0.000004 0.008520 0.000000 0.002052 0.000002 0.000000 0.006295 0.003979 0.000000 0.000001 0.000000 0.002599 0.000000 0.000000 0.024172 0.022820 0.123929 0.012045 0.000000 0.000000 0.001454 0.000001 0.009323 0.006702 0.003700 0.011772 0.000000 0.000000 0.000000 0.000000 0.013303 0.009660 0.002878 0.016693 0.000000 0.001914 0.000000 0.000000 0.000000 0.012203 0.093306 0.009029 0.006338 0.000850 0.000000 0.004299 0.007648 0.004738 0.010450 0.005966 0.001813 0.001381 0.000866 0.003148 
0.018428 0.017141 0.003235 0.014699 0.021940 0.013931 0.004921 0.022622 0.022623 0.011133 0.000001 0.018192 0.008478 0.008778 0.008219 0.008040 0.025031 0.011717 0.018690 0.023861 0.000000 0.001635 0.009205 0.004646 0.014400 0.010113 0.002401 0.010573 0.016144 0.014273 0.004002 0.021055 0.019028 0.010042 0.001432 0.016786 0.006789 0.009385 0.011359 0.015438 0.009840 0.015330 0.010296 0.011597 0.000000 0.004807 0.009942 0.000000 0.010491 0.010375 0.000000 0.012264 0.010778 0.010304 0.001255 0.014871 0.016527 0.008510 0.000000 0.014382 0.007058 0.007482 0.009518 0.008888 0.011796 0.008803 0.008493 0.011337 0.003321 0.003303 0.014027 0.002774 0.010815 0.016092 0.003323 0.015270 0.013633 0.017878 0.002461 0.028359 0.010802 0.012936 0.000001 0.009722 0.006096 0.010767 0.005915 0.013224 0.012276 0.014682 0.009168 0.014064 0.000000 0.006547 0.009754 0.007464 
0.037343 0.030910 0.020886 0.024394 0.011296 0.005000 0.003294 0.004750 0.011643 0.007684 0.000001 0.004439 0.003852 0.003209 0.008691 0.000008 0.007653 0.001284 0.007996 0.001619 0.000000 0.000000 0.000933 0.000001 0.047362 0.069348 0.009792 0.047696 0.011026 0.009826 0.005647 0.008760 0.021062 0.015729 0.006244 0.020561 0.008117 0.009178 0.036907 0.010667 0.004637 0.001368 0.010865 0.005162 0.000000 0.001631 0.005153 0.001541 0.038096 0.039316 0.027154 0.027854 0.007873 0.009961 0.006114 0.005433 0.007403 0.008143 0.000000 0.008098 0.008672 0.004706 0.014357 0.002802 0.006348 0.001670 0.003411 0.001709 0.000000 0.000000 0.000000 0.000000 0.037207 0.058367 0.011483 0.035877 0.003872 0.010939 0.003685 0.003981 0.000000 0.006406 0.000001 0.004943 0.004382 0.003998 0.009004 0.002586 0.002147 0.000003 0.002950 0.001026 0.000000 0.000000 0.001982 0.000875 
0.043929 0.043804 0.000000 0.041804 0.008426 0.003147 0.000000 0.006443 0.018656 0.004542 0.026942 0.026666 0.017116 0.014420 0.016696 0.027652 0.012334 0.005948 0.006587 0.024279 0.000000 0.000000 0.006291 0.001522 0.038034 0.029570 0.000000 0.037600 0.005456 0.004287 0.000000 0.008569 0.000732 0.002835 0.010992 0.022047 0.013014 0.020880 0.017721 0.030988 0.001723 0.010426 0.004656 0.009804 0.000000 0.000001 0.004997 0.000000 0.027172 0.015386 0.000000 0.024848 0.000000 0.002869 0.000000 0.004001 0.000001 0.000036 0.016237 0.004541 0.008955 0.009117 0.010234 0.023985 0.003872 0.005985 0.002989 0.006025 0.000000 0.000000 0.005025 0.003980 0.028854 0.019383 0.000000 0.038842 0.000000 0.000000 0.000000 0.000000 0.000000 0.000181 0.000001 0.007868 0.015924 0.014769 0.010095 0.032179 0.003031 0.004285 0.000006 0.009889 0.000000 0.000000 0.005186 0.002714 
0.000924 0.000891 0.000000 0.000216 0.000000 0.000000 0.000000 0.000747 0.006080 0.001889 0.002883 0.002505 0.000001 0.000000 0.000294 0.000422 0.002123 0.000002 0.000599 0.001718 0.000000 0.000000 0.000246 0.000669 0.000469 0.000001 0.000000 0.000261 0.000000 0.000000 0.000000 0.000000 0.013160 0.004157 0.004424 0.009840 0.000000 0.000582 0.000000 0.000421 0.000586 0.000415 0.000002 0.000720 0.000274 0.000000 0.000001 0.000000 0.000004 0.000004 0.000000 0.000001 0.000000 0.000001 0.000000 0.000000 0.006069 0.001067 0.000000 0.003385 0.000000 0.000000 0.000000 0.000375 0.000005 0.000002 0.000002 0.000528 0.000000 0.000000 0.000000 0.000311 0.014482 0.007312 0.002310 0.013595 0.036651 0.000000 0.001150 0.066214 0.427010 0.080687 0.049292 0.230342 0.000000 0.000001 0.000000 0.000497 0.000351 0.000002 0.000537 0.000012 0.000000 0.000000 0.000002 0.000278 
0.001646 0.002681 0.000852 0.001827 0.001154 0.001145 0.000000 0.001434 0.033701 0.017870 0.095109 0.014152 0.000707 0.003402 0.000001 0.005451 0.007475 0.005009 0.025104 0.002190 0.000000 0.002547 0.000738 0.002224 0.009667 0.022918 0.008982 0.053350 0.000000 0.000000 0.000000 0.000000 0.007912 0.011270 0.089396 0.007812 0.000000 0.003062 0.000000 0.001183 0.006617 0.003973 0.029903 0.003104 0.000000 0.004186 0.005043 0.009482 0.003058 0.007139 0.002668 0.008734 0.000000 0.002959 0.000000 0.001210 0.064989 0.075542 0.125840 0.055973 0.000000 0.002608 0.000000 0.002962 0.014249 0.005254 0.012368 0.004663 0.000000 0.001270 0.000845 0.003528 0.000476 0.002989 0.000000 0.005356 0.000000 0.000000 0.000000 0.000000 0.006776 0.006934 0.038145 0.003888 0.000000 0.000751 0.000000 0.000481 0.007801 0.003627 0.009450 0.003817 0.000000 0.002091 0.001099 0.006184 
0.034576 0.108683 0.000000 0.000000 0.156372 0.000004 0.689823 0.000002 0.010540 
0.143734 0.020869 0.000000 0.472835 0.302284 0.035378 0.000000 0.024899 0.000002 
0.000000 0.000006 0.000000 0.030071 0.000009 0.003079 0.000000 0.966833 0.000001 
0.032143 0.074931 0.000000 0.000000 0.664959 0.000004 0.069448 0.120531 0.037985 
0.000000 0.024216 0.429795 0.000000 0.000011 0.495026 0.050947 0.000003 0.000002 
0.000000 0.030525 0.023423 0.000000 0.132493 0.718793 0.094761 0.000003 0.000001 
0.069849 0.518494 0.000001 0.172103 0.166792 0.000004 0.000000 0.017630 0.055126 
0.025042 0.089083 0.048092 0.000000 0.137920 0.000004 0.601487 0.098371 0.000001 
0.000000 0.000003 0.000001 0.000000 0.000006 0.000003 0.000000 0.999988 0.000001 
0.000000 0.000008 0.014631 0.592463 0.000011 0.164354 0.076683 0.020447 0.131402 
0.012028 0.047185 0.000000 0.000000 0.157289 0.000004 0.766526 0.016966 0.000001 
0.000000 0.000009 0.000000 0.076749 0.067771 0.219430 0.207318 0.000002 0.428720 
0.225529 0.180474 0.183465 0.000000 0.269591 0.058846 0.017102 0.000003 0.064992 
0.000000 0.147511 0.020127 0.000000 0.451120 0.000004 0.046302 0.233758 0.101178 
0.000000 0.040201 0.000000 0.054899 0.754368 0.034053 0.000000 0.012157 0.104321 
0.000000 0.222001 0.489549 0.000000 0.000011 0.104700 0.085223 0.098514 0.000002 
0.021062 0.143142 0.000000 0.269674 0.090676 0.398448 0.000000 0.076996 0.000001 
0.000000 0.064043 0.042375 0.225333 0.497264 0.042204 0.010779 0.000002 0.118000 
0.017544 0.330951 0.072289 0.000000 0.429367 0.000004 0.049551 0.000003 0.100290 
0.074169 0.000009 0.447561 0.000000 0.000012 0.000004 0.048944 0.315578 0.113723 
0.000000 0.049152 0.331995 0.016246 0.174873 0.000004 0.427725 0.000002 0.000002 
0.000000 0.043157 0.038433 0.178951 0.094292 0.027246 0.000000 0.000003 0.617918 
0.000000 0.033068 0.270687 0.000000 0.086385 0.512029 0.080055 0.000003 0.017773 
0.000000 0.246436 0.044152 0.000000 0.454901 0.033700 0.117545 0.000003 0.103263 
0.000000 0.023222 0.855067 0.000000 0.090716 0.016701 0.000000 0.000002 0.014292 
0.000000 0.037051 0.000001 0.513499 0.048207 0.000004 0.260357 0.025254 0.115628 
0.378681 0.000007 0.000000 0.000000 0.060886 0.390555 0.000000 0.169869 0.000002 
0.000000 0.072949 0.571606 0.000000 0.259088 0.027855 0.000000 0.000003 0.068499 
0.000000 0.363427 0.000001 0.000000 0.192804 0.022644 0.396907 0.024216 0.000002 
0.000000 0.060657 0.000000 0.056679 0.060202 0.063724 0.387167 0.046007 0.325563 
0.018906 0.079039 0.212783 0.000000 0.335018 0.000003 0.000000 0.262111 0.092140 
0.000000 0.130212 0.025954 0.000000 0.381383 0.381903 0.000000 0.000002 0.080546 
0.000000 0.142174 0.000001 0.000000 0.328194 0.000004 0.099153 0.238629 0.191846 
0.237282 0.000009 0.198494 0.347962 0.000010 0.000004 0.077473 0.000002 0.138764 
0.000000 0.010780 0.000001 0.000000 0.151252 0.000004 0.000000 0.837961 0.000002 
0.234063 0.070865 0.000001 0.000000 0.203680 0.000004 0.487794 0.003593 0.000002 
0.536155 0.119660 0.300683 0.000000 0.000010 0.043488 0.000000 0.000002 0.000001 
0.000000 0.050292 0.000000 0.000000 0.029837 0.000004 0.000000 0.786109 0.133758 
0.524556 0.000008 0.000001 0.000000 0.188377 0.170670 0.043346 0.030317 0.042725 
0.000000 0.023951 0.020346 0.000000 0.124363 0.563831 0.223102 0.016303 0.028105 
0.645640 0.000007 0.053745 0.000000 0.000011 0.077320 0.000000 0.000002 0.223275 
0.000000 0.099071 0.000001 0.000000 0.259497 0.527856 0.000000 0.021683 0.091892 
0.138012 0.179188 0.000001 0.000000 0.045456 0.494654 0.069552 0.024521 0.048617 
0.000000 0.106979 0.055776 0.270741 0.352387 0.000004 0.000000 0.000003 0.214110 
0.000000 0.000006 0.000000 0.000000 0.034407 0.417605 0.000000 0.526571 0.021410 
0.000000 0.307228 0.380939 0.000000 0.203413 0.061477 0.000000 0.000002 0.046939 
0.059969 0.087858 0.000001 0.078960 0.088860 0.029263 0.636736 0.018351 0.000002 
0.031350 0.908547 0.000000 0.051274 0.000011 0.000004 0.000000 0.008812 0.000002 
0.000000 0.000007 0.000001 0.000000 0.000011 0.557555 0.000000 0.138991 0.303435 
0.833983 0.000008 0.110421 0.000000 0.040211 0.015373 0.000000 0.000002 0.000001 
0.000000 0.022188 0.000000 0.193769 0.000011 0.120450 0.252934 0.221570 0.189077 
0.000000 0.181755 0.121736 0.000000 0.118495 0.000004 0.144017 0.433992 0.000001 
0.000000 0.007626 0.000000 0.000000 0.358332 0.000004 0.027350 0.606685 0.000002 
0.019720 0.000008 0.000000 0.000000 0.000010 0.089918 0.000000 0.518980 0.371363 
0.000000 0.033115 0.137171 0.238141 0.485382 0.020546 0.000000 0.023883 0.061762 
0.157151 0.134620 0.000000 0.000000 0.033022 0.455889 0.000000 0.219316 0.000002 
0.000000 0.000006 0.000000 0.000000 0.000007 0.000002 0.000000 0.999983 0.000001 
0.004513 0.000009 0.944343 0.000000 0.000012 0.000004 0.022821 0.028297 0.000001 
0.000000 0.064570 0.056329 0.000000 0.552559 0.085195 0.000000 0.000003 0.241343 
0.000000 0.672546 0.056379 0.049197 0.067106 0.000004 0.000000 0.011857 0.142912 
0.000000 0.188084 0.038386 0.141186 0.389830 0.007332 0.000000 0.000002 0.235178 
0.483266 0.032845 0.087687 0.000000 0.000009 0.000003 0.000000 0.000003 0.396188 
0.936006 0.000007 0.000000 0.000000 0.012197 0.000004 0.042494 0.009290 0.000001 
0.030564 0.171036 0.695054 0.017755 0.067323 0.018265 0.000000 0.000002 0.000002 
0.279251 0.055124 0.190756 0.000000 0.058050 0.094790 0.302710 0.019317 0.000001 
0.947157 0.000008 0.000000 0.000000 0.000011 0.009802 0.043018 0.000002 0.000001 
0.000000 0.021797 0.160372 0.063278 0.000012 0.012062 0.000000 0.008544 0.733933 
0.000000 0.006123 0.968445 0.000000 0.000010 0.025418 0.000000 0.000002 0.000001 
0.060093 0.728024 0.083464 0.062928 0.000011 0.030842 0.000000 0.034635 0.000002 
0.119333 0.345159 0.000000 0.063650 0.127761 0.337823 0.000000 0.006272 0.000002 
0.000000 0.000013 0.000001 0.000000 0.097850 0.000004 0.000000 0.881994 0.020139 
0.000000 0.025733 0.037204 0.614184 0.135061 0.000004 0.000000 0.000003 0.187811 
0.000000 0.028584 0.029207 0.000000 0.204032 0.104608 0.579157 0.000002 0.054411 
0.000000 0.000009 0.323661 0.000000 0.017686 0.000004 0.000000 0.145055 0.513586 
0.000000 0.000006 0.849515 0.000000 0.000010 0.118980 0.000000 0.031488 0.000001 
0.177627 0.012787 0.000000 0.000000 0.000011 0.662509 0.000000 0.112204 0.034862 
0.000000 0.044229 0.019449 0.395446 0.263182 0.148736 0.000000 0.000003 0.128955 
0.642180 0.000009 0.270584 0.000000 0.087218 0.000004 0.000000 0.000002 0.000001 
0.411701 0.023113 0.000001 0.359667 0.000012 0.023448 0.061538 0.034857 0.085665 
0.365030 0.081476 0.046561 0.263551 0.173060 0.000004 0.000000 0.036700 0.033616 
0.197076 0.344864 0.023887 0.000000 0.312636 0.039817 0.000000 0.000002 0.081717 
0.852416 0.000008 0.000001 0.000000 0.000012 0.019017 0.000000 0.000004 0.128542 
0.050130 0.095298 0.000000 0.000000 0.733371 0.063234 0.057963 0.000002 0.000002 
0.384354 0.322077 0.036550 0.000000 0.083206 0.046413 0.041078 0.086320 0.000001 
0.044369 0.016755 0.784493 0.000000 0.022321 0.000004 0.000000 0.132056 0.000002 
0.619324 0.000007 0.000000 0.000000 0.000009 0.000004 0.000000 0.000001 0.380654 
0.108397 0.000008 0.431344 0.102365 0.074348 0.037890 0.094470 0.102385 0.048793 
0.000000 0.185989 0.000000 0.687809 0.000011 0.033713 0.000000 0.025271 0.067206 
0.510123 0.096758 0.000000 0.118303 0.000011 0.000004 0.017942 0.012551 0.244307 
0.000000 0.339604 0.342191 0.013812 0.000011 0.304378 0.000000 0.000002 0.000002 
0.000000 0.000006 0.981882 0.000000 0.000011 0.008967 0.000000 0.009133 0.000001 
0.000000 0.029198 0.000001 0.637992 0.052957 0.000004 0.065349 0.023754 0.190746 
0.000000 0.043773 0.043058 0.520890 0.109790 0.185433 0.000000 0.021143 0.075912 
0.062227 0.081886 0.000000 0.000000 0.772713 0.000004 0.000000 0.028250 0.054920 
0.000000 0.000009 0.000000 0.000000 0.000011 0.868706 0.131271 0.000001 0.000002 
0.000000 0.137068 0.039714 0.000000 0.737814 0.057366 0.000000 0.000002 0.028037 
0.000000 0.000006 0.039051 0.000000 0.004587 0.000003 0.000000 0.956353 0.000001 
0.000000 0.121396 0.000001 0.071576 0.281758 0.000004 0.508058 0.017206 0.000001 
0.000000 0.131465 0.000000 0.000000 0.000009 0.000003 0.000000 0.041493 0.827029 
0.000000 0.058104 0.167475 0.000000 0.130394 0.000004 0.622085 0.021935 0.000002 
0.017748 0.009556 0.041387 0.000000 0.000011 0.712615 0.064810 0.153870 0.000002 
0.000000 0.764183 0.000000 0.066786 0.146275 0.000004 0.000000 0.022750 0.000002 
0.000000 0.000008 0.000000 0.000000 0.000012 0.878206 0.045008 0.002434 0.074332 
0.026090 0.006915 0.896892 0.047307 0.000009 0.000003 0.000000 0.000003 0.022782 
0.000000 0.257742 0.046499 0.000000 0.500918 0.000004 0.077226 0.000002 0.117610 
0.000000 0.012600 0.000000 0.000000 0.068931 0.566343 0.268449 0.021562 0.062114 
0.000000 0.054828 0.000001 0.000000 0.088668 0.000004 0.067849 0.022446 0.766206 
0.043720 0.000008 0.039738 0.000000 0.398618 0.393932 0.035196 0.019772 0.069015 
0.000000 0.400571 0.000000 0.000000 0.070492 0.000004 0.317122 0.199452 0.012360 
0.000000 0.048357 0.066161 0.219036 0.527569 0.138871 0.000000 0.000003 0.000002 
0.946128 0.000007 0.019807 0.000000 0.000011 0.005068 0.000000 0.017559 0.011421 
0.035116 0.072694 0.151863 0.376207 0.120024 0.022891 0.045332 0.048754 0.127120 
0.000000 0.000009 0.098169 0.000000 0.000011 0.781291 0.090282 0.019400 0.010839 
0.140556 0.090429 0.062938 0.000000 0.261307 0.000004 0.000000 0.394352 0.050414 
0.000000 0.034565 0.036981 0.043960 0.506123 0.000004 0.308679 0.069686 0.000001 
0.990985 0.000007 0.000000 0.000000 0.000007 0.000004 0.008993 0.000002 0.000001 
0.000000 0.847077 0.000001 0.000000 0.000010 0.000004 0.033789 0.011342 0.107778 
0.608822 0.000009 0.030246 0.196869 0.000011 0.020350 0.000000 0.000003 0.143690 
0.000000 0.114679 0.000001 0.000000 0.449902 0.051310 0.000000 0.298319 0.085789 
0.023344 0.017257 0.000001 0.025682 0.000011 0.401406 0.273806 0.258492 0.000001 
0.509464 0.000008 0.052897 0.165924 0.000010 0.028695 0.000000 0.234269 0.008733 
0.000000 0.039065 0.000000 0.000000 0.924951 0.000004 0.000000 0.010378 0.025602 
0.000000 0.000006 0.000001 0.000000 0.000010 0.024930 0.000000 0.042329 0.932725 
0.000000 0.050018 0.046650 0.247074 0.481323 0.000004 0.057379 0.024517 0.093035 
0.124203 0.000010 0.019587 0.194316 0.076395 0.000004 0.000000 0.000003 0.585482 
0.044516 0.000007 0.000000 0.000000 0.000009 0.510617 0.000000 0.000002 0.444848 
0.061462 0.050335 0.279981 0.000000 0.088505 0.044673 0.428373 0.018737 0.027934 
0.000000 0.211834 0.091289 0.000000 0.396928 0.036686 0.092507 0.000002 0.170753 
0.171322 0.000008 0.000001 0.000000 0.000011 0.656047 0.070934 0.025881 0.075796 
0.000000 0.060842 0.000000 0.598001 0.101036 0.000004 0.000000 0.033106 0.207010 
0.000000 0.307353 0.021092 0.000000 0.452787 0.020348 0.054985 0.033317 0.110117 
0.000000 0.314818 0.008211 0.000000 0.177754 0.000004 0.032768 0.000003 0.466441 
0.000000 0.091755 0.017665 0.000000 0.000011 0.725757 0.157028 0.007782 0.000002 
0.018985 0.000010 0.000001 0.000000 0.077444 0.000004 0.096400 0.807155 0.000002 
0.000000 0.206388 0.000000 0.000000 0.062324 0.410989 0.169148 0.069319 0.081833 
0.847184 0.122918 0.000000 0.000000 0.000009 0.016662 0.000000 0.013225 0.000002 
0.000000 0.015965 0.005288 0.089961 0.000009 0.016601 0.000000 0.000002 0.872174 
0.000000 0.081570 0.000000 0.000000 0.798106 0.000004 0.068019 0.052299 0.000001 
0.088322 0.078427 0.000001 0.000000 0.720120 0.000004 0.113123 0.000003 0.000002 
0.506893 0.039605 0.029170 0.000000 0.272074 0.044006 0.000000 0.000002 0.108250 
0.000000 0.247098 0.141713 0.033597 0.444560 0.046195 0.000000 0.000003 0.086835 
0.000000 0.101423 0.171269 0.064539 0.467678 0.000004 0.195082 0.000003 0.000002 
0.000000 0.088929 0.013723 0.000000 0.656029 0.110341 0.065868 0.047430 0.017680 
0.000000 0.047385 0.000000 0.000000 0.000010 0.057393 0.000000 0.241379 0.653832 
0.000000 0.000007 0.134010 0.488811 0.213445 0.000004 0.054132 0.000003 0.109588 
0.033066 0.086155 0.000000 0.000000 0.099293 0.000004 0.763396 0.018085 0.000001 
0.161794 0.081405 0.022206 0.000000 0.144148 0.000004 0.590440 0.000002 0.000001 
0.000000 0.000007 0.000000 0.585951 0.000011 0.000004 0.050730 0.037480 0.325816 
0.000000 0.000008 0.000001 0.000000 0.093198 0.546866 0.077594 0.188382 0.093951 
0.983456 0.016524 0.000000 0.000000 0.000010 0.000005 0.000000 0.000003 0.000002 
0.033890 0.120597 0.014754 0.000000 0.680542 0.087314 0.062900 0.000002 0.000002 
0.000000 0.008862 0.986968 0.004157 0.000007 0.000001 0.000000 0.000002 0.000001 
0.050021 0.000007 0.309701 0.000000 0.064601 0.000004 0.000000 0.027281 0.548385 
0.000000 0.890883 0.000001 0.054000 0.000011 0.039305 0.000000 0.015799 0.000002 
0.450083 0.238067 0.019399 0.000000 0.000011 0.193952 0.098484 0.000002 0.000002 
0.000000 0.021078 0.394402 0.000000 0.000012 0.018244 0.434525 0.096969 0.034769 
0.126636 0.000008 0.000001 0.000000 0.122772 0.750578 0.000000 0.000004 0.000001 
0.000000 0.093849 0.192075 0.281515 0.000010 0.000004 0.080786 0.028675 0.323085 
0.000000 0.039279 0.000001 0.021681 0.148288 0.000004 0.772280 0.018465 0.000002 
0.000000 0.099061 0.016221 0.111582 0.749383 0.023749 0.000000 0.000002 0.000002 
0.025502 0.000006 0.000001 0.000000 0.000008 0.000003 0.000000 0.011077 0.963404 
0.000000 0.167545 0.525245 0.000000 0.147709 0.000004 0.000000 0.121012 0.038486 
0.000000 0.140555 0.059480 0.000000 0.700118 0.099842 0.000000 0.000002 0.000002 
0.019958 0.000007 0.000000 0.000000 0.195879 0.138544 0.066507 0.000002 0.579102 
0.000000 0.916226 0.000001 0.069124 0.000011 0.000003 0.000000 0.014633 0.000002 
0.852789 0.000008 0.085136 0.000000 0.000010 0.000004 0.008950 0.053102 0.000001 
0.000000 0.000007 0.855278 0.054186 0.000010 0.000004 0.038286 0.019265 0.032966 
0.166951 0.524724 0.026944 0.069734 0.211640 0.000004 0.000000 0.000002 0.000002 
0.855730 0.000008 0.123648 0.000000 0.020606 0.000004 0.000000 0.000003 0.000002 
0.000000 0.154928 0.021504 0.000000 0.279239 0.240521 0.000000 0.000002 0.303805 
0.000000 0.059506 0.012022 0.029839 0.339655 0.000004 0.000000 0.558973 0.000002 
0.318646 0.000008 0.000001 0.000000 0.109301 0.282974 0.230851 0.058218 0.000002 
0.000000 0.030805 0.000001 0.676730 0.161619 0.106003 0.000000 0.024841 0.000002 
0.000000 0.141928 0.027210 0.000000 0.097315 0.000004 0.307210 0.317300 0.109032 
0.276114 0.059708 0.000000 0.000000 0.386514 0.000004 0.125318 0.000002 0.152340 
0.823543 0.062358 0.000001 0.032734 0.000010 0.019567 0.061785 0.000002 0.000002 
0.000000 0.090551 0.019170 0.000000 0.196890 0.247517 0.445868 0.000002 0.000001 
0.537691 0.144005 0.014392 0.000000 0.250564 0.000003 0.000000 0.000002 0.053342 
0.000000 0.033847 0.059619 0.000000 0.000010 0.000004 0.024676 0.000001 0.881843 
0.043640 0.046402 0.143118 0.000000 0.173790 0.000004 0.456485 0.113937 0.022623 
0.000000 0.017478 0.112832 0.000000 0.000010 0.440911 0.000000 0.390726 0.038043 
0.600863 0.000009 0.000001 0.000000 0.399120 0.000004 0.000000 0.000002 0.000001 
0.000000 0.000008 0.456968 0.000000 0.060962 0.462304 0.000000 0.000003 0.019755 
0.000000 0.255672 0.026092 0.092748 0.566387 0.051282 0.007815 0.000002 0.000002 
0.000000 0.000009 0.041678 0.126772 0.000011 0.534769 0.112169 0.133117 0.051476 
0.000000 0.000008 0.000000 0.526026 0.225394 0.042966 0.000000 0.049552 0.156052 
0.236502 0.000008 0.000001 0.000000 0.000011 0.628837 0.094112 0.000003 0.040526 
0.000000 0.118693 0.011987 0.000000 0.254673 0.000004 0.580534 0.034108 0.000002 
0.046642 0.027360 0.000000 0.156351 0.000011 0.038825 0.052374 0.678436 0.000002 
0.892516 0.059107 0.000000 0.000000 0.000011 0.029512 0.000000 0.018851 0.000002 
0.318853 0.299590 0.336291 0.000000 0.000011 0.009175 0.000000 0.036077 0.000002 
0.000000 0.014342 0.752766 0.000000 0.000010 0.055922 0.125375 0.024285 0.027301 
0.000000 0.000006 0.016202 0.000000 0.052438 0.893178 0.000000 0.000002 0.038173 
0.000000 0.063021 0.000001 0.000000 0.114887 0.497228 0.306184 0.018678 0.000002 
0.000000 0.000008 0.685264 0.000000 0.067503 0.014098 0.000000 0.098882 0.134245 
0.324285 0.014546 0.000000 0.000000 0.206446 0.079364 0.348366 0.026991 0.000001 
0.024413 0.000013 0.000000 0.000000 0.115753 0.837744 0.000000 0.016091 0.005985 
0.755056 0.035867 0.000000 0.000000 0.143891 0.026513 0.038671 0.000002 0.000001 
0.000000 0.130353 0.000001 0.000000 0.333770 0.000004 0.000000 0.414814 0.121058 
0.014059 0.000008 0.000000 0.434366 0.000011 0.247219 0.100133 0.016857 0.187346 
0.724224 0.000007 0.000000 0.045178 0.000010 0.230577 0.000000 0.000002 0.000002 
0.000000 0.024788 0.000001 0.048359 0.202724 0.649796 0.000000 0.074331 0.000002 
0.000000 0.000009 0.017964 0.703775 0.113989 0.000004 0.026571 0.035070 0.102618 
0.000000 0.064313 0.000000 0.161568 0.602509 0.164707 0.000000 0.006900 0.000001 
0.000000 0.061419 0.648121 0.000000 0.111141 0.000004 0.154345 0.000002 0.024969 
0.000000 0.000008 0.000000 0.623650 0.143744 0.048849 0.000000 0.053912 0.129836 
0.000000 0.307862 0.041686 0.000000 0.368333 0.000004 0.000000 0.160130 0.121984 
0.000000 0.284676 0.058551 0.000000 0.519562 0.000004 0.000000 0.000002 0.137204 
0.188509 0.111332 0.308281 0.000000 0.138402 0.172734 0.000000 0.000002 0.080739 
0.000000 0.105205 0.000001 0.017790 0.175042 0.000004 0.678847 0.023110 0.000001 
0.000000 0.000004 0.979619 0.000000 0.000007 0.008299 0.000000 0.000002 0.012068 
0.000000 0.059985 0.000000 0.019340 0.176582 0.072300 0.671787 0.000003 0.000001 
0.120230 0.029724 0.000000 0.574292 0.099677 0.034112 0.000000 0.022037 0.119927 
0.021660 0.000008 0.000000 0.372832 0.014367 0.096503 0.023774 0.463070 0.007787 
0.000000 0.041072 0.000001 0.059751 0.000012 0.125872 0.212766 0.000004 0.560523 
0.415107 0.000009 0.000000 0.000000 0.072955 0.484535 0.027389 0.000003 0.000002 
0.000000 0.516337 0.017076 0.000000 0.000010 0.428845 0.000000 0.000003 0.037728 
0.000000 0.038087 0.000000 0.000000 0.083287 0.741306 0.000000 0.056257 0.081063 
0.260221 0.098639 0.078867 0.000000 0.413435 0.020577 0.016086 0.039474 0.072701 
0.164194 0.370503 0.427893 0.037390 0.000011 0.000004 0.000000 0.000003 0.000002 
0.000000 0.159958 0.000000 0.125527 0.073644 0.066074 0.000000 0.547894 0.026903 
0.049839 0.000009 0.000001 0.000000 0.000011 0.473215 0.062424 0.400724 0.013777 
0.862740 0.000009 0.000000 0.000000 0.000013 0.000003 0.000000 0.000001 0.137234 
0.033706 0.103009 0.047351 0.229537 0.381078 0.044027 0.000000 0.000003 0.161289 
0.000000 0.000007 0.026511 0.358959 0.000012 0.075476 0.000000 0.017971 0.521063 
0.000000 0.043711 0.143145 0.000000 0.432394 0.031742 0.349004 0.000003 0.000002 
0.130701 0.000009 0.000001 0.195794 0.000010 0.000004 0.045816 0.627663 0.000002 
0.000000 0.010461 0.256113 0.000000 0.150760 0.265308 0.305199 0.012157 0.000001 
0.000000 0.068355 0.011755 0.000000 0.145888 0.091200 0.648511 0.010600 0.023691 
0.179169 0.066862 0.000001 0.000000 0.602496 0.000003 0.151465 0.000002 0.000002 
0.000000 0.022422 0.729780 0.000000 0.086789 0.000004 0.161001 0.000002 0.000001 
0.000000 0.000009 0.000000 0.000000 0.000012 0.021636 0.000000 0.956336 0.022007 
0.000000 0.000009 0.038588 0.547534 0.051498 0.195676 0.049651 0.022983 0.094061 
0.000000 0.000007 0.111534 0.000000 0.000011 0.000004 0.032379 0.183923 0.672142 
0.505189 0.000009 0.000000 0.000000 0.047564 0.338851 0.108383 0.000002 0.000001 
0.000000 0.000008 0.000000 0.000000 0.000012 0.015692 0.000000 0.215800 0.768486 
0.000000 0.020103 0.030435 0.000000 0.155554 0.030188 0.057409 0.666689 0.039622 
0.000000 0.032684 0.074061 0.703232 0.034116 0.020688 0.041956 0.000003 0.093259 
0.022228 0.000009 0.935873 0.034928 0.000010 0.000003 0.006945 0.000002 0.000002 
0.033524 0.084877 0.000000 0.000000 0.230850 0.000004 0.640250 0.010492 0.000001 
0.000000 0.000008 0.109008 0.022156 0.086616 0.782207 0.000000 0.000003 0.000001 
0.581660 0.020194 0.000001 0.000000 0.046672 0.330682 0.000000 0.020789 0.000001 
0.000000 0.717827 0.000000 0.102652 0.000009 0.023166 0.066098 0.023730 0.066516 
0.000000 0.000007 0.000000 0.033155 0.119934 0.000004 0.000000 0.846898 0.000001 
0.000000 0.210681 0.684377 0.000000 0.000011 0.000004 0.091411 0.013513 0.000002 
0.000000 0.049335 0.132062 0.000000 0.716522 0.011738 0.090340 0.000003 0.000002 
0.000000 0.152061 0.048606 0.150507 0.244511 0.000004 0.321595 0.000003 0.082714 
0.000000 0.138369 0.000000 0.000000 0.697319 0.000004 0.138956 0.025350 0.000002 
0.000000 0.000007 0.000001 0.000000 0.037663 0.813063 0.000000 0.127767 0.021499 
0.000000 0.050393 0.000000 0.000000 0.154538 0.000004 0.357436 0.437627 0.000001 
0.000000 0.885466 0.024940 0.000000 0.000011 0.043167 0.000000 0.000003 0.046412 
0.000000 0.121814 0.009363 0.000000 0.114523 0.137949 0.610792 0.005556 0.000002 
0.000000 0.025195 0.000000 0.408573 0.155193 0.247308 0.148413 0.015315 0.000002 
0.220404 0.000009 0.144665 0.137404 0.000010 0.273239 0.098546 0.125722 0.000002 
0.128247 0.218656 0.505723 0.017067 0.000010 0.090839 0.000000 0.039457 0.000002 
0.000000 0.023319 0.701427 0.066353 0.164060 0.000004 0.044832 0.000002 0.000002 
0.044779 0.000008 0.019694 0.030534 0.095670 0.759459 0.049852 0.000002 0.000002 
0.000000 0.091141 0.000001 0.000000 0.439760 0.000004 0.000000 0.326208 0.142886 
0.000000 0.489074 0.000000 0.269984 0.000011 0.023476 0.000000 0.031111 0.186344 
0.000000 0.000008 0.000000 0.056857 0.027359 0.185849 0.000000 0.661525 0.068402 
0.066919 0.577958 0.017852 0.000000 0.000011 0.111763 0.045470 0.129092 0.050935 
0.579830 0.037335 0.055582 0.220380 0.000009 0.053278 0.000000 0.000003 0.053584 
0.023490 0.074440 0.000000 0.000000 0.126132 0.000004 0.720279 0.055654 0.000001 
0.000000 0.008832 0.000000 0.000000 0.004498 0.112265 0.000000 0.000003 0.874402 
0.000000 0.021010 0.604829 0.000000 0.042903 0.000004 0.257235 0.074018 0.000001 
0.514646 0.000008 0.422997 0.000000 0.041039 0.000003 0.000000 0.021304 0.000002 
0.000000 0.032431 0.367123 0.300992 0.061811 0.063373 0.000000 0.101966 0.072303 
0.132720 0.265646 0.000000 0.097965 0.000011 0.353854 0.000000 0.149802 0.000002 
0.000000 0.835535 0.000000 0.000000 0.000010 0.000004 0.000000 0.043494 0.120956 
0.000000 0.113301 0.341490 0.000000 0.348091 0.028651 0.000000 0.095408 0.073060 
0.000000 0.475609 0.049333 0.379909 0.060121 0.035023 0.000000 0.000002 0.000002 
0.000000 0.291690 0.036580 0.000000 0.445892 0.100237 0.016036 0.000002 0.109564 
0.032902 0.066954 0.000001 0.000000 0.776286 0.022372 0.101481 0.000003 0.000002 
0.000000 0.264147 0.156867 0.000000 0.259303 0.286500 0.000000 0.000003 0.033180 
0.000000 0.213554 0.000001 0.574833 0.000010 0.069657 0.033579 0.074902 0.033465 
0.000000 0.247296 0.015950 0.301680 0.083673 0.330711 0.000000 0.020689 0.000002 
0.000000 0.033727 0.000000 0.000000 0.114991 0.043126 0.198867 0.609287 0.000002 
0.000000 0.015410 0.686843 0.045782 0.153024 0.040795 0.000000 0.000003 0.058143 
0.000000 0.000008 0.943620 0.000000 0.000013 0.000004 0.048110 0.008244 0.000001 
0.369539 0.120835 0.000001 0.083689 0.069152 0.000003 0.197202 0.050098 0.109480 
0.375343 0.346339 0.000001 0.000000 0.000010 0.049315 0.000000 0.198415 0.030578 
0.051312 0.108546 0.000001 0.593943 0.147696 0.068316 0.000000 0.030184 0.000002 
0.055498 0.117402 0.376761 0.000000 0.042720 0.387581 0.000000 0.000002 0.020035 
0.000000 0.385894 0.414196 0.000000 0.000010 0.051649 0.000000 0.024783 0.123467 
0.000000 0.226140 0.000000 0.000000 0.680550 0.000004 0.073624 0.000003 0.019679 
0.000000 0.882914 0.020339 0.000000 0.000010 0.000003 0.000000 0.049811 0.046922 
0.056735 0.000009 0.000000 0.567002 0.095867 0.020279 0.087523 0.033617 0.138967 
0.012449 0.342160 0.016705 0.000000 0.000011 0.060200 0.568471 0.000003 0.000002 
0.033913 0.086293 0.738386 0.000000 0.000011 0.124868 0.000000 0.016526 0.000001 
0.038320 0.084665 0.000000 0.000000 0.000011 0.000004 0.000000 0.000003 0.876996 
0.465741 0.099825 0.043423 0.074571 0.000011 0.255152 0.061272 0.000002 0.000002 
0.783728 0.000008 0.032172 0.000000 0.000012 0.000004 0.010894 0.173181 0.000001 
0.000000 0.007402 0.000000 0.000000 0.000009 0.000003 0.000000 0.000002 0.992583 
0.503540 0.146778 0.000000 0.000000 0.215499 0.035537 0.000000 0.014634 0.084011 
0.000000 0.164795 0.145574 0.000000 0.396588 0.000004 0.199439 0.019427 0.074174 
0.000000 0.000007 0.000000 0.000000 0.000011 0.991411 0.000000 0.008569 0.000001 
0.000000 0.007794 0.000000 0.037503 0.029677 0.027527 0.000000 0.751854 0.145644 
0.000000 0.444203 0.000000 0.450321 0.000011 0.028657 0.012786 0.021729 0.042293 
0.276080 0.000008 0.642137 0.017304 0.000009 0.008420 0.000000 0.056041 0.000002 
0.000000 0.019525 0.064435 0.165570 0.093801 0.134764 0.196747 0.296068 0.029091 
0.000000 0.794824 0.024778 0.034616 0.000011 0.013414 0.000000 0.132355 0.000002 
0.000000 0.041150 0.057169 0.034926 0.363342 0.000004 0.000000 0.503408 0.000002 
0.000000 0.008172 0.028488 0.000000 0.124251 0.406913 0.324999 0.080294 0.026883 
0.000000 0.000008 0.000000 0.084629 0.058124 0.000004 0.030471 0.725789 0.100974 
0.000000 0.000009 0.457688 0.000000 0.000011 0.058357 0.053582 0.311244 0.119108 
0.000000 0.000006 0.510974 0.000000 0.000011 0.006576 0.000000 0.482432 0.000001 
0.825566 0.000009 0.000000 0.030269 0.144149 0.000004 0.000000 0.000001 0.000002 
0.000000 0.032748 0.000001 0.000000 0.050717 0.900632 0.000000 0.015901 0.000001 
0.000000 0.021621 0.055216 0.000000 0.113112 0.052937 0.000000 0.729892 0.027221 
0.508724 0.000009 0.000001 0.224978 0.052889 0.033059 0.000000 0.098682 0.081657 
0.000000 0.031250 0.000000 0.000000 0.371546 0.497928 0.063473 0.012354 0.023449 
0.037008 0.842213 0.000000 0.000000 0.000011 0.000003 0.035201 0.021570 0.063993 
0.000000 0.083351 0.000000 0.000000 0.716109 0.076601 0.000000 0.082970 0.040967 
0.000000 0.121551 0.000000 0.000000 0.039775 0.169366 0.000000 0.587589 0.081719 
0.027943 0.064805 0.000001 0.000000 0.360851 0.000004 0.000000 0.504826 0.041570 
0.164245 0.000009 0.000000 0.000000 0.005476 0.000004 0.000000 0.830264 0.000001 
0.000000 0.195336 0.754572 0.012034 0.038050 0.000004 0.000000 0.000002 0.000002 
0.000000 0.936253 0.000001 0.048842 0.000011 0.000003 0.000000 0.014889 0.000002 
0.000000 0.295739 0.069600 0.000000 0.522493 0.000004 0.000000 0.013055 0.099109 
0.000000 0.237270 0.000000 0.016576 0.322219 0.077024 0.092647 0.254263 0.000002 
0.000000 0.176088 0.018036 0.000000 0.352867 0.124379 0.251929 0.000002 0.076699 
0.000000 0.009027 0.182609 0.000000 0.000011 0.023042 0.000000 0.000002 0.785308 
0.000000 0.000007 0.000001 0.000000 0.023955 0.043520 0.049989 0.000002 0.882527 
0.345612 0.000008 0.000000 0.454740 0.027942 0.056962 0.000000 0.030904 0.083831 
0.000000 0.000007 0.851088 0.000000 0.000009 0.025350 0.000000 0.123545 0.000001 
0.623222 0.039098 0.045738 0.000000 0.000011 0.269270 0.000000 0.022658 0.000001 
0.032462 0.008178 0.000000 0.000000 0.260676 0.000004 0.029192 0.009589 0.659898 
0.056088 0.000010 0.011447 0.000000 0.000009 0.007913 0.000000 0.000003 0.924530 
0.480528 0.000008 0.000000 0.000000 0.136882 0.222850 0.000000 0.022465 0.137266 
0.054807 0.000007 0.767418 0.000000 0.077893 0.019405 0.080466 0.000003 0.000002 
0.185784 0.539619 0.000000 0.086352 0.116342 0.057823 0.000000 0.014078 0.000002 
0.000000 0.171676 0.071155 0.000000 0.513376 0.017889 0.080144 0.000003 0.145757 
0.000000 0.130336 0.000000 0.000000 0.065942 0.786081 0.000000 0.006894 0.010746 
0.156825 0.250970 0.000001 0.000000 0.491445 0.033560 0.000000 0.000002 0.067197 
0.000000 0.000008 0.038085 0.000000 0.000010 0.026926 0.000000 0.000003 0.934968 
0.658938 0.056839 0.055444 0.000000 0.000013 0.000004 0.111815 0.000002 0.116944 
0.000000 0.143392 0.031384 0.375605 0.054233 0.000004 0.000000 0.000002 0.395379 
0.000000 0.029724 0.000000 0.000000 0.137666 0.575154 0.211935 0.045519 0.000002 
0.000000 0.000010 0.000001 0.273038 0.064421 0.591066 0.000000 0.020617 0.050847 
0.000000 0.175863 0.013282 0.195214 0.461737 0.037156 0.050474 0.000003 0.066272 
0.038035 0.041861 0.014409 0.478685 0.108758 0.000004 0.318244 0.000003 0.000002 
0.000000 0.050911 0.000000 0.000000 0.141185 0.054695 0.000000 0.753208 0.000001 
0.000000 0.000009 0.020432 0.590580 0.046372 0.000003 0.049461 0.103414 0.189728 
0.000000 0.000007 0.760156 0.000000 0.000010 0.213881 0.025943 0.000002 0.000001 
0.434471 0.025100 0.140836 0.000000 0.041930 0.075650 0.247319 0.000003 0.034691 
0.021526 0.031133 0.676588 0.000000 0.168287 0.000004 0.102459 0.000002 0.000002 
0.000000 0.079240 0.103752 0.000000 0.287144 0.000008 0.342986 0.000002 0.186868 
0.460672 0.000008 0.000001 0.000000 0.073748 0.465567 0.000000 0.000003 0.000002 
0.000000 0.000009 0.048988 0.624665 0.038057 0.000004 0.037158 0.113635 0.137484 
0.000000 0.000007 0.438119 0.000000 0.000011 0.462995 0.056174 0.014442 0.028252 
0.000000 0.004258 0.000001 0.000000 0.000008 0.000003 0.000000 0.995728 0.000002 
0.000000 0.000009 0.040153 0.000000 0.078618 0.265684 0.000000 0.565633 0.049902 
0.000000 0.022892 0.058982 0.492098 0.110189 0.000004 0.195280 0.000003 0.120552 
0.000000 0.584671 0.000000 0.000000 0.000010 0.000004 0.000000 0.033340 0.381974 
0.925597 0.000008 0.000000 0.040023 0.015625 0.000004 0.018740 0.000002 0.000002 
0.000000 0.800852 0.000000 0.000000 0.072712 0.000004 0.000000 0.016500 0.109932 
0.037483 0.000010 0.887051 0.000000 0.000013 0.000004 0.023553 0.041106 0.010780 
0.000000 0.273423 0.052374 0.000000 0.254220 0.052970 0.293111 0.000002 0.073900 
0.000000 0.000007 0.996166 0.000000 0.000007 0.003815 0.000000 0.000002 0.000001 
0.000000 0.610921 0.063607 0.186763 0.000011 0.138694 0.000000 0.000003 0.000002 
0.015183 0.000009 0.000001 0.326898 0.067901 0.000004 0.050830 0.016942 0.522232 
0.137432 0.612188 0.017431 0.000000 0.079006 0.000004 0.106576 0.000002 0.047361 
0.000000 0.096236 0.000001 0.000000 0.081209 0.128285 0.617155 0.044739 0.032375 
0.000000 0.000010 0.042014 0.712419 0.000011 0.084720 0.019593 0.018479 0.122754 
0.347159 0.000007 0.032212 0.426422 0.042596 0.030661 0.000000 0.000003 0.120939 
0.980804 0.000008 0.000000 0.000000 0.019180 0.000004 0.000000 0.000002 0.000001 
0.134064 0.083447 0.104748 0.000000 0.405963 0.016008 0.226136 0.029632 0.000002 
0.158860 0.028204 0.494887 0.061410 0.000011 0.149314 0.000000 0.107312 0.000002 
0.000000 0.234530 0.000000 0.000000 0.181399 0.302828 0.268643 0.012597 0.000002 
0.723771 0.000009 0.000001 0.000000 0.000012 0.105814 0.000000 0.170391 0.000001 
0.000000 0.000008 0.000000 0.077603 0.000010 0.276180 0.000000 0.000003 0.646195 
0.247647 0.081383 0.000001 0.000000 0.324195 0.037032 0.179002 0.000003 0.130738 
0.000000 0.104756 0.046512 0.000000 0.365431 0.335544 0.015519 0.019612 0.112626 
0.000000 0.000007 0.000000 0.000000 0.000011 0.571819 0.000000 0.000003 0.428158 
0.126652 0.024093 0.000001 0.360403 0.265526 0.054689 0.130959 0.037677 0.000002 
0.000000 0.008580 0.914918 0.000000 0.000012 0.050450 0.000000 0.026038 0.000001 
0.350993 0.000009 0.000001 0.486181 0.000012 0.122257 0.000000 0.020810 0.019736 
0.000000 0.014311 0.024182 0.000000 0.145015 0.000004 0.000000 0.773172 0.043315 
0.000000 0.020176 0.000001 0.000000 0.270241 0.581120 0.000000 0.063224 0.065239 
0.095154 0.369020 0.016328 0.000000 0.000011 0.336200 0.145111 0.000002 0.038174 
0.000000 0.006491 0.000001 0.000000 0.000011 0.818654 0.120041 0.054800 0.000002 
0.000000 0.044004 0.101092 0.345166 0.037541 0.363816 0.084122 0.024258 0.000002 
0.000000 0.177281 0.054175 0.000000 0.371530 0.229236 0.094027 0.000003 0.073749 
0.000000 0.161198 0.060334 0.198553 0.324457 0.000004 0.000000 0.104371 0.151083 
0.000000 0.069383 0.493203 0.000000 0.000012 0.035994 0.382127 0.019280 0.000002 
0.280528 0.000007 0.531398 0.000000 0.145174 0.000004 0.000000 0.042887 0.000002 
0.000000 0.016439 0.023611 0.024964 0.200240 0.037405 0.039328 0.658012 0.000001 
0.000000 0.000006 0.045230 0.000000 0.000012 0.315607 0.040178 0.598966 0.000002 
0.918868 0.000008 0.016571 0.000000 0.000011 0.000003 0.034251 0.030287 0.000002 
0.000000 0.000007 0.000000 0.000000 0.000011 0.011221 0.000000 0.011016 0.977744 
0.000000 0.039324 0.000000 0.000000 0.411048 0.169322 0.126659 0.209765 0.043881 
0.000000 0.000007 0.017607 0.000000 0.000011 0.267598 0.000000 0.000002 0.714774 
