-955810.185205
0
0.013923 0.008798 0.000000 0.010121 0.014921 0.013602 0.002378 0.015134 0.028866 0.015234 0.010066 0.023722 0.015985 0.010829 0.014198 0.017757 0.043384 0.020196 0.032659 0.044843 0.000000 0.002971 0.010351 0.003948 0.000000 0.000000 0.000000 0.000000 0.008283 0.007838 0.000000 0.010733 0.021692 0.004005 0.000000 0.017383 0.004105 0.006697 0.010176 0.013400 0.019644 0.020558 0.015992 0.024378 0.000000 0.005948 0.010107 0.012946 0.009824 0.009274 0.000000 0.011855 0.005097 0.007169 0.000000 0.007067 0.000000 0.000000 0.000000 0.016019 0.009250 0.003252 0.008472 0.009578 0.018209 0.013641 0.017697 0.020949 0.003685 0.000000 0.007340 0.000000 0.016592 0.010088 0.003093 0.020240 0.000000 0.008064 0.000000 0.011991 0.000000 0.000000 0.000000 0.009685 0.014507 0.010725 0.006911 0.014239 0.024284 0.022642 0.006146 0.023134 0.000000 0.006526 0.008488 0.016494 
0.047535 0.040105 0.012530 0.031327 0.013596 0.000000 0.000000 0.004305 0.001691 0.007525 0.000000 0.000000 0.003832 0.003318 0.009771 0.000000 0.004876 0.000000 0.006079 0.000000 0.000000 0.000000 0.000000 0.000000 0.060914 0.088235 0.006629 0.064667 0.013237 0.011691 0.000000 0.010263 0.000000 0.014837 0.000000 0.017364 0.010266 0.011444 0.044872 0.013393 0.000000 0.000000 0.011334 0.004400 0.000000 0.000000 0.005424 0.000000 0.047368 0.048373 0.001112 0.034217 0.005847 0.011375 0.002177 0.005812 0.000000 0.000000 0.000000 0.007426 0.009847 0.006155 0.017427 0.003291 0.005556 0.000971 0.002178 0.000000 0.000000 0.000000 0.000000 0.000000 0.045976 0.071392 0.006242 0.046091 0.006568 0.011691 0.000000 0.000000 0.000000 0.000000 0.000000 0.004226 0.004181 0.004220 0.010602 0.002564 0.000000 0.000000 0.000000 0.000000 0.000000 0.000000 0.001657 0.000000 
0.000000 0.000000 0.000000 0.000000 0.000000 0.000000 0.000000 0.000601 0.006129 0.000558 0.000000 0.002246 0.000000 0.000000 0.000000 0.000000 0.000000 0.000000 0.000000 0.001025 0.000000 0.000000 0.000000 0.000000 0.000000 0.000000 0.000000 0.000000 0.000000 0.000000 0.000000 0.000000 0.009843 0.000000 0.003043 0.006268 0.000000 0.000518 0.000000 0.000000 0.000000 0.000000 0.000000 0.000000 0.000265 0.000000 0.000000 0.000000 0.000000 0.000000 0.000000 0.000000 0.000000 0.000000 0.000000 0.000000 0.006727 0.000000 0.000000 0.002615 0.000000 0.000000 0.000000 0.000000 0.000000 0.000000 0.000000 0.000000 0.000000 0.000000 0.000000 0.000335 0.014773 0.007338 0.000000 0.014105 0.039816 0.000000 0.000000 0.064455 0.457384 0.071036 0.046379 0.244153 0.000000 0.000000 0.000000 0.000000 0.000000 0.000000 0.000387 0.000000 0.000000 0.000000 0.000000 0.000000 
0.000000 0.000000 0.000000 0.000000 0.000000 0.000000 0.000000 0.000000 0.000009 0.000001 0.000000 0.000008 0.000000 0.000000 0.000000 0.000000 0.000001 0.000000 0.159494 0.000000 0.000000 0.000000 0.000000 0.000001 0.000006 0.000000 0.000000 0.000000 0.000000 0.000000 0.095635 0.000000 0.000000 0.000000 0.000003 0.000031 0.016652 0.000001 0.000000 0.000000 0.000000 0.000001 0.000000 0.000000 0.000000 0.000000 0.000001 0.014724 0.000001 0.000000 0.000000 0.000000 0.000000 0.000000 0.000000 0.000000 0.000000 0.000001 0.000000 0.000013 0.000000 0.000000 0.000000 0.000000 0.000000 0.000001 0.088364 0.259665 0.000000 0.000000 0.000000 0.000000 0.050528 0.000000 0.027925 0.000017 0.000000 0.000000 0.000000 0.000000 0.000000 0.000000 0.000000 0.000004 0.000000 0.000000 0.000000 0.000001 0.000000 0.063176 0.000004 0.126168 0.000000 0.026708 0.070852 0.000000 
0.007650 0.009028 0.000000 0.004821 0.000000 0.000000 0.000000 0.000000 0.028807 0.015320 0.249553 0.013903 0.002148 0.000000 0.000000 0.007019 0.009333 0.005973 0.000000 0.004093 0.000000 0.001551 0.000000 0.003385 0.004594 0.002906 0.000000 0.000000 0.000000 0.000000 0.000000 0.000000 0.017046 0.016552 0.140990 0.014041 0.000000 0.000000 0.000000 0.000000 0.001757 0.002361 0.000000 0.006388 0.000000 0.001668 0.000000 0.000000 0.005356 0.002744 0.000000 0.000000 0.000000 0.002239 0.000000 0.000000 0.032240 0.031418 0.152178 0.014734 0.000000 0.000000 0.000000 0.000000 0.008067 0.005789 0.000000 0.007957 0.000000 0.000000 0.000000 0.000000 0.007733 0.008645 0.002078 0.015765 0.000000 0.000000 0.000000 0.000000 0.000000 0.000000 0.101346 0.004697 0.002192 0.000000 0.000000 0.002491 0.004674 0.000870 0.011985 0.001600 0.002316 0.000000 0.000000 0.000000 
0.000000 0.000000 0.000000 0.000000 0.000000 0.000000 0.000000 0.000000 0.000000 0.019011 0.000000 0.004237 0.000000 0.001107 0.000923 0.003435 0.000000 0.000000 0.000000 0.000000 0.000000 0.000000 0.000660 0.000000 0.000727 0.000000 0.000000 0.000788 0.000000 0.000000 0.000328 0.000000 0.078669 0.104483 0.020865 0.080102 0.000000 0.001551 0.000000 0.001262 0.000000 0.000807 0.000622 0.004146 0.000000 0.000627 0.000749 0.000000 0.000000 0.000000 0.000000 0.000000 0.000000 0.000000 0.000000 0.000000 0.000000 0.022564 0.000000 0.016260 0.000000 0.000000 0.000000 0.001298 0.000000 0.000000 0.000000 0.007884 0.000000 0.000000 0.001592 0.000419 0.000000 0.000522 0.000000 0.000000 0.000000 0.000000 0.000000 0.000000 0.123529 0.294732 0.099737 0.089619 0.000476 0.001380 0.000853 0.005367 0.001118 0.001157 0.001355 0.001649 0.000000 0.000908 0.000897 0.001588 
0.046202 0.050959 0.000000 0.053045 0.000000 0.000000 0.000000 0.005413 0.021645 0.000000 0.033259 0.036351 0.022357 0.019535 0.018659 0.041685 0.006387 0.003617 0.000000 0.028459 0.011213 0.000000 0.006946 0.003797 0.036699 0.000000 0.000000 0.032831 0.000000 0.000000 0.000000 0.007554 0.000000 0.000000 0.015680 0.022514 0.015774 0.028430 0.004790 0.041615 0.000000 0.011169 0.000000 0.008030 0.007515 0.000000 0.004154 0.000000 0.020124 0.000000 0.000000 0.022622 0.000000 0.000000 0.000000 0.003400 0.000000 0.000000 0.021779 0.000001 0.007055 0.011722 0.006055 0.034425 0.000000 0.005621 0.000000 0.003498 0.000000 0.000000 0.007125 0.010032 0.021736 0.000000 0.000000 0.042023 0.000000 0.000000 0.000000 0.000000 0.000000 0.000000 0.000000 0.008992 0.022000 0.018922 0.010996 0.051082 0.000000 0.000000 0.000000 0.012279 0.000000 0.000000 0.006364 0.005860 
0.000000 0.000000 0.000000 0.000000 0.000000 0.000000 0.000000 0.000000 0.024695 0.000000 0.039628 0.000001 0.000000 0.000000 0.000000 0.000000 0.065719 0.000000 0.056639 0.000000 0.000000 0.000000 0.000000 0.000000 0.025060 0.000000 0.017380 0.000000 0.000000 0.000000 0.000000 0.000000 0.023968 0.032664 0.036025 0.000004 0.000000 0.000000 0.000000 0.000000 0.000000 0.000000 0.062493 0.000000 0.000000 0.000000 0.000000 0.000000 0.014205 0.000000 0.000000 0.000000 0.000000 0.000000 0.000000 0.000000 0.159144 0.131370 0.049400 0.099630 0.000000 0.010049 0.000000 0.000000 0.049188 0.000000 0.000000 0.000000 0.000000 0.000000 0.000000 0.000000 0.000000 0.000000 0.000000 0.000002 0.000000 0.000000 0.000000 0.000000 0.000000 0.000000 0.000000 0.000001 0.000000 0.000000 0.000000 0.000000 0.000000 0.000000 0.091790 0.010944 0.000000 0.000000 0.000000 0.000000 
0.000000 0.000000 0.078707 0.000000 0.000000 0.030713 0.024505 0.000000 0.062170 0.000000 0.000000 0.026594 0.000000 0.000000 0.000000 0.000000 0.000000 0.000000 0.000000 0.000000 0.000000 0.000000 0.000000 0.000000 0.000001 0.000000 0.031644 0.000000 0.000000 0.000000 0.046629 0.000000 0.126506 0.000000 0.045603 0.030957 0.000000 0.000000 0.000000 0.000000 0.023316 0.000000 0.000000 0.000000 0.000000 0.007870 0.000000 0.000000 0.000000 0.000000 0.221837 0.000000 0.016687 0.000000 0.032843 0.000000 0.054768 0.053180 0.000000 0.000002 0.000000 0.000000 0.000000 0.000000 0.000000 0.000000 0.000000 0.000000 0.000000 0.000000 0.000000 0.000000 0.000000 0.000000 0.037246 0.000002 0.000000 0.000000 0.032728 0.000000 0.000000 0.000000 0.000000 0.000000 0.000000 0.000000 0.000000 0.000000 0.000000 0.000000 0.015488 0.000002 0.000000 0.000000 0.000000 0.000000 
0.019931 0.027134 0.001614 0.020650 0.037218 0.019532 0.009692 0.044176 0.019987 0.002931 0.000000 0.016343 0.000000 0.007232 0.000000 0.000000 0.000000 0.002816 0.000000 0.000000 0.000000 0.000000 0.013773 0.011596 0.022182 0.004658 0.001189 0.014632 0.031151 0.025046 0.010561 0.046030 0.005615 0.000000 0.000000 0.005668 0.011102 0.014785 0.000000 0.023265 0.000000 0.014362 0.000000 0.000000 0.000000 0.005675 0.014140 0.000000 0.000000 0.000000 0.000000 0.006994 0.019277 0.014508 0.002838 0.035368 0.038808 0.015722 0.000000 0.009087 0.000000 0.015673 0.006267 0.011259 0.000000 0.005761 0.000000 0.000000 0.000000 0.012667 0.032927 0.011852 0.000000 0.000000 0.000000 0.005399 0.040662 0.037465 0.007955 0.075436 0.000000 0.000000 0.000000 0.000000 0.000000 0.013115 0.003739 0.018877 0.000000 0.006863 0.007218 0.006419 0.000000 0.009923 0.015859 0.007375 
0.000000 0.000000 0.000000 0.000000 0.001299 0.000908 0.000000 0.001744 0.036948 0.019225 0.048130 0.014817 0.000000 0.004465 0.000000 0.004758 0.000000 0.003989 0.032865 0.000000 0.000000 0.003120 0.000000 0.002387 0.011856 0.034442 0.012393 0.090317 0.000000 0.000000 0.000000 0.000000 0.000000 0.004046 0.083030 0.001920 0.000000 0.004307 0.000000 0.001684 0.008463 0.004301 0.037709 0.000000 0.000000 0.005580 0.007317 0.012593 0.000497 0.009425 0.000000 0.012417 0.000000 0.003234 0.000000 0.001793 0.078920 0.095319 0.136434 0.070647 0.000000 0.003490 0.000000 0.003744 0.013364 0.005102 0.017918 0.002092 0.000000 0.002354 0.001033 0.006108 0.000000 0.000000 0.000000 0.000001 0.000000 0.000000 0.000000 0.000000 0.000000 0.000000 0.011960 0.000000 0.000000 0.000615 0.000000 0.000000 0.008905 0.003626 0.000000 0.003161 0.000000 0.003077 0.001419 0.008734 
0.000004 0.000000 0.000000 0.000000 0.000000 0.000000 0.000000 0.000000 0.000081 0.000009 0.000000 0.000082 0.000000 0.000001 0.000000 0.000000 0.000010 0.000002 0.000004 0.000000 0.000000 0.000000 0.000000 0.563614 0.000053 0.000000 0.000000 0.000000 0.000000 0.000000 0.000000 0.000000 0.000004 0.000000 0.000032 0.000263 0.000000 0.000009 0.000000 0.000002 0.000000 0.000006 0.000001 0.000000 0.000000 0.000007 0.000011 0.000000 0.000008 0.000000 0.000000 0.000003 0.000000 0.000000 0.000000 0.000000 0.000001 0.000007 0.000000 0.000137 0.000000 0.000001 0.000000 0.000000 0.000003 0.000009 0.000000 0.000008 0.000000 0.000000 0.000000 0.000000 0.000034 0.000000 0.435233 0.000149 0.000000 0.000000 0.000000 0.000000 0.000000 0.000000 0.000000 0.000039 0.000000 0.000000 0.000000 0.000019 0.000000 0.000011 0.000030 0.000089 0.000000 0.000001 0.000015 0.000006 
0.009145 0.000000 0.000000 0.000000 0.000000 0.000000 0.000000 0.000000 0.000000 0.000000 0.000000 0.000000 0.014977 0.002705 0.003609 0.027774 0.018727 0.007927 0.012421 0.023550 0.060207 0.006806 0.004708 0.031443 0.009452 0.000000 0.000000 0.000000 0.000000 0.000000 0.000000 0.000000 0.000000 0.000000 0.000000 0.000001 0.006484 0.003609 0.000000 0.004101 0.019667 0.008256 0.015492 0.036436 0.035618 0.007863 0.016092 0.078303 0.012410 0.005103 0.000000 0.006502 0.000000 0.000000 0.000000 0.004674 0.000000 0.000000 0.000000 0.000000 0.000000 0.002692 0.000000 0.000000 0.005804 0.010403 0.008608 0.008628 0.009911 0.002153 0.005575 0.032373 0.026570 0.000000 0.000000 0.039456 0.005264 0.000000 0.000000 0.002781 0.000000 0.000000 0.000000 0.006870 0.026876 0.000000 0.016930 0.016971 0.016049 0.011890 0.011642 0.036028 0.094434 0.011160 0.010632 0.086241 
0.029916 0.021034 0.000000 0.000000 0.000000 0.000000 0.000000 0.000000 0.000011 0.000001 0.000000 0.000008 0.000000 0.000000 0.000000 0.000000 0.113642 0.000000 0.000000 0.000000 0.000000 0.000000 0.000000 0.000001 0.000007 0.000000 0.000000 0.000000 0.000000 0.000000 0.000000 0.000000 0.000001 0.000000 0.000004 0.000036 0.000000 0.000001 0.000000 0.000000 0.000000 0.000001 0.000000 0.000000 0.000000 0.000000 0.000001 0.000000 0.000001 0.000000 0.000000 0.000000 0.000000 0.000000 0.000000 0.000000 0.000000 0.000001 0.000000 0.000015 0.000000 0.000000 0.000000 0.000000 0.000000 0.000001 0.000000 0.000002 0.000000 0.000000 0.000000 0.000000 0.000004 0.000000 0.094505 0.016796 0.000000 0.000000 0.089242 0.634739 0.000000 0.000000 0.000000 0.000005 0.000000 0.000000 0.000000 0.000002 0.000000 0.000001 0.000005 0.000011 0.000000 0.000000 0.000002 0.000000 
0.000000 0.000000 0.000000 0.009409 0.000000 0.000000 0.000000 0.000000 0.000000 0.002330 0.000000 0.004167 0.000000 0.000000 0.000000 0.000000 0.001387 0.004819 0.001601 0.003761 0.000000 0.003779 0.001582 0.016245 0.002632 0.000000 0.001013 0.016257 0.000000 0.000000 0.000000 0.000000 0.000000 0.000000 0.006061 0.002704 0.000000 0.000000 0.000000 0.000000 0.000000 0.001618 0.000795 0.000000 0.002657 0.000947 0.003228 0.020139 0.000939 0.000911 0.000000 0.008804 0.000000 0.000000 0.000000 0.000000 0.000000 0.014087 0.023745 0.014853 0.000000 0.000000 0.000000 0.000000 0.006981 0.010844 0.005624 0.012374 0.000000 0.002507 0.000876 0.002807 0.039029 0.010802 0.003663 0.337945 0.000000 0.000000 0.000000 0.000000 0.000000 0.015406 0.225556 0.037706 0.000000 0.000000 0.000000 0.003210 0.001870 0.009885 0.006557 0.009863 0.005958 0.009896 0.001771 0.068401 
0.211128 0.182695 0.000010 0.000000 0.043288 0.007024 0.473753 0.000000 0.000001 0.043225 0.000000 0.000000 0.038875 0.000000 0.000000 
0.228926 0.074015 0.025061 0.000000 0.416361 0.031179 0.000000 0.000000 0.000001 0.089586 0.000000 0.000000 0.010646 0.000000 0.124226 
0.014107 0.000378 0.922023 0.000000 0.034448 0.023173 0.000000 0.000000 0.005867 0.000000 0.000000 0.000000 0.000003 0.000000 0.000000 
0.261582 0.154411 0.112006 0.000000 0.037238 0.045798 0.000000 0.000000 0.000001 0.330635 0.000000 0.000000 0.058327 0.000000 0.000000 
0.050524 0.436896 0.000015 0.000000 0.012303 0.438013 0.000000 0.000000 0.022420 0.025814 0.000000 0.000000 0.014014 0.000000 0.000000 
0.140336 0.599038 0.000017 0.000000 0.000145 0.043343 0.043294 0.000000 0.108953 0.051688 0.000000 0.000000 0.013185 0.000000 0.000000 
0.284438 0.062218 0.000020 0.018393 0.147878 0.051925 0.000000 0.000000 0.000001 0.000000 0.066931 0.000000 0.300432 0.011203 0.056563 
0.231827 0.183907 0.091827 0.000000 0.000194 0.059998 0.360742 0.000000 0.000000 0.018187 0.000000 0.000000 0.031579 0.000000 0.021738 
0.003582 0.003850 0.930423 0.000000 0.004016 0.058125 0.000000 0.000000 0.000000 0.000000 0.000000 0.000000 0.000001 0.000000 0.000000 
0.148908 0.163611 0.008190 0.000000 0.528135 0.056653 0.000000 0.077336 0.017162 0.000000 0.000000 0.000000 0.000004 0.000000 0.000000 
0.236501 0.237585 0.019033 0.000000 0.000306 0.007371 0.456264 0.000000 0.000000 0.042934 0.000000 0.000000 0.000004 0.000000 0.000000 
0.180935 0.247880 0.000017 0.000000 0.192567 0.014370 0.066888 0.000000 0.030855 0.000000 0.266484 0.000000 0.000004 0.000000 0.000000 
0.332889 0.103014 0.009214 0.018410 0.029278 0.184982 0.000000 0.050713 0.013565 0.000000 0.000000 0.000000 0.053087 0.000000 0.204848 
0.324594 0.087692 0.224880 0.037667 0.000246 0.051431 0.073625 0.129640 0.000001 0.026361 0.000000 0.000000 0.043862 0.000000 0.000000 
0.250295 0.129567 0.028911 0.000000 0.095574 0.002596 0.000000 0.000000 0.007460 0.404403 0.052929 0.000000 0.028264 0.000000 0.000000 
0.117905 0.126784 0.086773 0.000000 0.007611 0.493947 0.027453 0.000000 0.012003 0.000000 0.000000 0.000000 0.127523 0.000000 0.000000 
0.166992 0.346651 0.063522 0.000000 0.237748 0.035683 0.000000 0.000000 0.047032 0.000000 0.000000 0.000000 0.090384 0.011987 0.000000 
0.417444 0.119788 0.000014 0.000000 0.203770 0.076054 0.000000 0.099934 0.005533 0.065176 0.000000 0.000000 0.012286 0.000000 0.000000 
0.394575 0.078955 0.012859 0.000000 0.027789 0.085850 0.059680 0.078082 0.005415 0.088326 0.000000 0.000000 0.155547 0.000000 0.012922 
0.054766 0.019436 0.285980 0.000000 0.000252 0.467771 0.000000 0.000000 0.000000 0.000000 0.101088 0.000000 0.000003 0.005328 0.065374 
0.171325 0.165592 0.000014 0.000000 0.026768 0.333481 0.256220 0.000000 0.000000 0.046594 0.000000 0.000000 0.000004 0.000000 0.000000 
0.138052 0.035773 0.000017 0.037969 0.283002 0.069676 0.000000 0.084239 0.000001 0.000000 0.343977 0.000000 0.007294 0.000000 0.000000 
0.100683 0.424592 0.000016 0.000000 0.008021 0.277353 0.041730 0.020376 0.070760 0.041182 0.000000 0.000000 0.015287 0.000000 0.000000 
0.584364 0.089923 0.011532 0.000000 0.014758 0.052920 0.087882 0.086430 0.013105 0.000000 0.000000 0.000000 0.059086 0.000000 0.000000 
0.064454 0.034986 0.000012 0.000000 0.000139 0.843846 0.000000 0.029353 0.000000 0.015852 0.000000 0.000000 0.011356 0.000000 0.000000 
0.089924 0.106950 0.000018 0.000000 0.471657 0.059674 0.175075 0.000000 0.000000 0.000000 0.075497 0.000000 0.011975 0.009230 0.000000 
0.035006 0.304341 0.154631 0.000000 0.000304 0.020908 0.031508 0.042958 0.045596 0.000000 0.000000 0.000000 0.000003 0.010864 0.353880 
0.259841 0.040970 0.013214 0.007564 0.000249 0.561136 0.000000 0.000000 0.009144 0.033127 0.060308 0.000000 0.014447 0.000000 0.000000 
0.343623 0.135733 0.022679 0.000000 0.000205 0.014773 0.287781 0.000000 0.000001 0.000000 0.017726 0.000000 0.177478 0.000000 0.000000 
0.106933 0.199235 0.045581 0.000000 0.168419 0.009255 0.221434 0.040087 0.000002 0.021947 0.163401 0.000000 0.023706 0.000000 0.000000 
0.366778 0.009926 0.270345 0.010136 0.000256 0.225218 0.026416 0.017235 0.000001 0.000000 0.073683 0.000000 0.000005 0.000000 0.000000 
0.354162 0.361439 0.000016 0.000000 0.000571 0.055984 0.000000 0.102255 0.040315 0.042478 0.000000 0.000000 0.042780 0.000000 0.000000 
0.375023 0.096646 0.214307 0.000000 0.048483 0.046502 0.000000 0.000000 0.000001 0.033848 0.131042 0.000000 0.054148 0.000000 0.000000 
0.094717 0.026158 0.000015 0.000000 0.333912 0.215840 0.031655 0.000000 0.000000 0.000000 0.078351 0.000000 0.000005 0.000000 0.219348 
0.079790 0.022823 0.754440 0.000000 0.007361 0.068123 0.000000 0.000000 0.000001 0.050650 0.000000 0.000000 0.005944 0.010867 0.000000 
0.202976 0.146002 0.008326 0.000000 0.004484 0.013582 0.310137 0.000000 0.000001 0.048707 0.029276 0.000000 0.028048 0.000000 0.208461 
0.025058 0.056904 0.000012 0.000000 0.038197 0.309474 0.000000 0.000000 0.002496 0.000000 0.000000 0.000000 0.086547 0.000000 0.481313 
0.059691 0.008894 0.741714 0.000000 0.023590 0.038930 0.000000 0.000000 0.004177 0.000000 0.099501 0.000000 0.023501 0.000000 0.000000 
0.216201 0.197677 0.031457 0.000000 0.046883 0.028211 0.000000 0.012310 0.010339 0.000000 0.000000 0.000000 0.000003 0.000000 0.456919 
0.145891 0.532397 0.000020 0.000000 0.000224 0.057260 0.144542 0.000000 0.066109 0.000000 0.037859 0.000000 0.000004 0.015694 0.000000 
0.029294 0.057010 0.000012 0.000000 0.074917 0.071159 0.000000 0.041233 0.014502 0.000000 0.110034 0.000000 0.000003 0.000000 0.601835 
0.327257 0.444689 0.019996 0.000000 0.000285 0.034335 0.000000 0.000000 0.063357 0.000000 0.077603 0.000000 0.032477 0.000000 0.000000 
0.181332 0.433341 0.019005 0.000000 0.000309 0.026660 0.000000 0.000000 0.060480 0.000000 0.064787 0.000000 0.091057 0.000000 0.123028 
0.427012 0.041193 0.019158 0.000000 0.257705 0.065113 0.000000 0.090548 0.004256 0.000000 0.071474 0.000000 0.023540 0.000000 0.000000 
0.047478 0.345156 0.484287 0.000000 0.019554 0.016468 0.000000 0.000000 0.053712 0.000000 0.000000 0.000000 0.000002 0.033343 0.000000 
0.206227 0.092222 0.000013 0.000000 0.000175 0.394232 0.000000 0.000000 0.004820 0.066426 0.054756 0.000000 0.181127 0.000000 0.000000 
0.226148 0.207888 0.016168 0.000000 0.078613 0.012971 0.393628 0.000000 0.000002 0.000000 0.000000 0.000000 0.012189 0.000000 0.052393 
0.293149 0.028150 0.000019 0.000000 0.030528 0.023298 0.000000 0.000000 0.000001 0.000000 0.048574 0.000000 0.545156 0.000000 0.031126 
0.046745 0.457699 0.112118 0.000000 0.073714 0.044200 0.000000 0.054724 0.025016 0.000000 0.173067 0.000000 0.000003 0.012714 0.000000 
0.063125 0.009473 0.000015 0.000000 0.043117 0.123701 0.000000 0.000000 0.004224 0.000000 0.000000 0.000000 0.000003 0.000000 0.756341 
0.119863 0.182070 0.203989 0.000000 0.228618 0.011790 0.124175 0.000000 0.002185 0.000000 0.117821 0.000000 0.000004 0.009484 0.000000 
0.219145 0.087625 0.399064 0.000000 0.007924 0.149374 0.054194 0.000000 0.000001 0.000000 0.000000 0.000000 0.082672 0.000000 0.000000 
0.126104 0.066382 0.582758 0.000000 0.000168 0.024610 0.000000 0.000000 0.000000 0.184441 0.008282 0.000000 0.007253 0.000000 0.000000 
0.019915 0.074583 0.477228 0.000000 0.000363 0.043993 0.000000 0.024801 0.003373 0.000000 0.315869 0.000000 0.000004 0.012942 0.026930 
0.260801 0.087942 0.020813 0.000000 0.231208 0.177692 0.000000 0.022643 0.003373 0.176131 0.000000 0.000000 0.019396 0.000000 0.000000 
0.108493 0.380172 0.201462 0.000000 0.016904 0.033405 0.000000 0.000000 0.053020 0.000000 0.000000 0.000000 0.075673 0.000000 0.130871 
0.010929 0.000463 0.927447 0.000000 0.017623 0.023208 0.000000 0.000000 0.000000 0.000000 0.000000 0.000000 0.000003 0.020326 0.000000 
0.016709 0.014753 0.024534 0.000000 0.000060 0.929414 0.013132 0.000000 0.000000 0.000000 0.000000 0.001394 0.000004 0.000000 0.000000 
0.186487 0.151721 0.000017 0.000000 0.064765 0.099482 0.000000 0.000000 0.004367 0.283881 0.161047 0.000000 0.048233 0.000000 0.000000 
0.233596 0.057097 0.000019 0.000000 0.076711 0.086397 0.000000 0.000000 0.000000 0.000000 0.118774 0.000000 0.427406 0.000000 0.000000 
0.440397 0.075016 0.000016 0.027661 0.156668 0.070459 0.000000 0.089003 0.006591 0.000000 0.091505 0.000000 0.042684 0.000000 0.000000 
0.020172 0.001313 0.000017 0.000000 0.117292 0.110427 0.000000 0.016239 0.000000 0.000000 0.261603 0.000000 0.023078 0.000000 0.449858 
0.024759 0.023977 0.011612 0.000000 0.017888 0.016072 0.026931 0.000000 0.000000 0.000000 0.000000 0.000000 0.000004 0.000000 0.878756 
0.146298 0.045410 0.000015 0.000000 0.019298 0.686159 0.000000 0.000000 0.000000 0.000000 0.000000 0.000000 0.077915 0.000000 0.024905 
0.145914 0.191603 0.018050 0.000000 0.000253 0.199034 0.177579 0.000000 0.000001 0.000000 0.000000 0.000000 0.000005 0.000000 0.267562 
0.012877 0.013185 0.000017 0.000000 0.032003 0.020641 0.038919 0.000000 0.000001 0.000000 0.000000 0.000000 0.000004 0.000000 0.882353 
0.068408 0.002992 0.000017 0.000000 0.233232 0.189481 0.000000 0.038623 0.003279 0.000000 0.463962 0.000000 0.000005 0.000000 0.000000 
0.025993 0.014464 0.000013 0.000000 0.000086 0.947769 0.011668 0.000000 0.000001 0.000000 0.000000 0.000000 0.000006 0.000000 0.000000 
0.209092 0.055359 0.023427 0.000000 0.046561 0.111260 0.000000 0.000000 0.000001 0.000000 0.037937 0.000000 0.460790 0.000000 0.055573 
0.199209 0.281084 0.000021 0.000000 0.060676 0.026825 0.000000 0.000000 0.074754 0.036004 0.000000 0.000000 0.213225 0.000000 0.108201 
0.077465 0.028281 0.796423 0.000000 0.014743 0.069035 0.000000 0.000000 0.000000 0.000000 0.000000 0.000000 0.000003 0.014049 0.000000 
0.142532 0.038440 0.000017 0.014545 0.584944 0.070596 0.000000 0.042467 0.000000 0.024840 0.063444 0.000000 0.018174 0.000000 0.000000 
0.204589 0.248888 0.000014 0.000000 0.000271 0.044840 0.361108 0.000000 0.008499 0.066210 0.059627 0.000000 0.005952 0.000000 0.000000 
0.029982 0.004426 0.138146 0.000000 0.118553 0.343216 0.000000 0.000000 0.000000 0.000000 0.365672 0.000000 0.000004 0.000000 0.000000 
0.005649 0.093565 0.028549 0.000000 0.000059 0.844872 0.000000 0.000000 0.027303 0.000000 0.000000 0.000000 0.000003 0.000000 0.000000 
0.035170 0.555502 0.104580 0.000000 0.014757 0.025620 0.000000 0.050024 0.048060 0.000000 0.000000 0.000000 0.008915 0.000000 0.157372 
0.161628 0.164013 0.000018 0.040737 0.388920 0.057641 0.000000 0.000000 0.012529 0.079873 0.063111 0.000000 0.031530 0.000000 0.000000 
0.080892 0.037879 0.000018 0.000000 0.023152 0.281959 0.000000 0.000000 0.000000 0.000000 0.000000 0.000000 0.000004 0.000000 0.576094 
0.089687 0.020227 0.026392 0.000000 0.348928 0.035546 0.041964 0.000000 0.003987 0.000000 0.045553 0.000000 0.000005 0.000000 0.387711 
0.214538 0.051694 0.034117 0.000000 0.256676 0.075452 0.000000 0.000000 0.000001 0.000000 0.000000 0.000000 0.030506 0.000000 0.337016 
0.405619 0.078534 0.000015 0.000000 0.000188 0.049535 0.000000 0.056837 0.023891 0.000000 0.048392 0.000000 0.151537 0.000000 0.185452 
0.031759 0.011701 0.007429 0.000000 0.038942 0.022256 0.000000 0.000000 0.000000 0.000000 0.106870 0.000000 0.000004 0.000000 0.781038 
0.318172 0.185097 0.006138 0.000000 0.010324 0.029495 0.000000 0.000000 0.000002 0.351437 0.000000 0.000000 0.067189 0.000000 0.032147 
0.224077 0.092081 0.081965 0.000000 0.024292 0.054933 0.000000 0.000000 0.000001 0.000000 0.000000 0.000000 0.172482 0.000000 0.350169 
0.042004 0.006789 0.120787 0.000000 0.004756 0.781590 0.000000 0.000000 0.000000 0.000000 0.000000 0.000000 0.007432 0.000000 0.036642 
0.006078 0.001690 0.000011 0.000000 0.144471 0.019903 0.000000 0.000000 0.008361 0.000000 0.241864 0.000000 0.000003 0.000000 0.577619 
0.100149 0.103796 0.086652 0.000000 0.134207 0.451799 0.000000 0.000000 0.000000 0.028845 0.000000 0.000000 0.000004 0.000000 0.094548 
0.147419 0.047342 0.021560 0.000000 0.647461 0.020219 0.000000 0.000000 0.000001 0.000000 0.000000 0.000000 0.115998 0.000000 0.000000 
0.029510 0.030063 0.010422 0.000000 0.202435 0.024841 0.000000 0.000000 0.000000 0.000000 0.158182 0.000000 0.080869 0.000000 0.463676 
0.099564 0.246916 0.000013 0.000000 0.011947 0.350047 0.029677 0.000000 0.050064 0.000000 0.000000 0.000000 0.211771 0.000000 0.000000 
0.023568 0.012358 0.000021 0.000000 0.000064 0.963987 0.000000 0.000000 0.000000 0.000000 0.000000 0.000000 0.000002 0.000000 0.000000 
0.173209 0.048525 0.010872 0.000000 0.588141 0.053876 0.000000 0.000000 0.000000 0.000000 0.106615 0.000000 0.018761 0.000000 0.000000 
0.200442 0.179011 0.012896 0.000000 0.483123 0.083122 0.000000 0.000000 0.014183 0.027217 0.000000 0.000000 0.000005 0.000000 0.000000 
0.475732 0.120451 0.036840 0.000000 0.020366 0.035367 0.000000 0.000000 0.000001 0.210449 0.028016 0.000000 0.031481 0.000000 0.041296 
0.100566 0.767595 0.000004 0.000000 0.019476 0.007090 0.000000 0.000000 0.105264 0.000000 0.000000 0.000000 0.000003 0.000000 0.000000 
0.292107 0.109734 0.000009 0.000000 0.000139 0.080800 0.000000 0.000000 0.022697 0.362783 0.031471 0.000000 0.100260 0.000000 0.000000 
0.010711 0.000439 0.872789 0.000000 0.006398 0.089704 0.000000 0.000000 0.000000 0.000000 0.000000 0.000000 0.000003 0.019956 0.000000 
0.337182 0.214288 0.013621 0.000000 0.060489 0.025854 0.267586 0.000000 0.000000 0.046031 0.000000 0.000000 0.034949 0.000000 0.000000 
0.027716 0.002600 0.047392 0.000000 0.219792 0.006808 0.000000 0.038996 0.007504 0.000000 0.546505 0.000000 0.093654 0.000000 0.009033 
0.191967 0.170202 0.028271 0.000000 0.024569 0.158502 0.417926 0.000000 0.000001 0.000000 0.000000 0.000000 0.008562 0.000000 0.000000 
0.085576 0.600379 0.131286 0.000000 0.011813 0.075119 0.000000 0.000000 0.079520 0.000000 0.000000 0.000000 0.006452 0.009855 0.000000 
0.389702 0.066500 0.022166 0.000000 0.048722 0.014303 0.000000 0.036179 0.000000 0.000000 0.000000 0.000000 0.422427 0.000000 0.000000 
0.090810 0.692547 0.000019 0.000000 0.016900 0.015376 0.000000 0.056423 0.112634 0.015287 0.000000 0.000000 0.000004 0.000000 0.000000 
0.007029 0.000989 0.022499 0.022326 0.055606 0.860592 0.030952 0.000000 0.000000 0.000000 0.000000 0.000000 0.000006 0.000000 0.000001 
0.605550 0.077880 0.000012 0.009447 0.031840 0.063841 0.050488 0.109056 0.000001 0.000000 0.000000 0.000000 0.051886 0.000000 0.000000 
0.140638 0.559267 0.000027 0.000000 0.000284 0.036936 0.136745 0.023626 0.045548 0.000000 0.052088 0.000000 0.000003 0.004838 0.000000 
0.153463 0.052907 0.019846 0.000000 0.149020 0.032730 0.000000 0.037669 0.000001 0.000000 0.526575 0.000000 0.020004 0.007785 0.000000 
0.372500 0.363591 0.022749 0.000000 0.000248 0.066043 0.000000 0.045204 0.063985 0.000000 0.037037 0.000000 0.000004 0.000000 0.028639 
0.248958 0.112552 0.184557 0.000000 0.000232 0.018803 0.190275 0.000000 0.000000 0.000000 0.030312 0.000000 0.214310 0.000000 0.000000 
0.206465 0.181839 0.000015 0.000000 0.191059 0.109260 0.000000 0.008712 0.009953 0.270874 0.000000 0.000000 0.021822 0.000000 0.000000 
0.005737 0.003784 0.019865 0.000000 0.058035 0.027938 0.000000 0.000000 0.000000 0.000000 0.000000 0.000000 0.000003 0.000000 0.884638 
0.175664 0.045544 0.039349 0.000000 0.356886 0.183934 0.000000 0.000000 0.007814 0.034249 0.081379 0.000000 0.040790 0.000000 0.034392 
0.085746 0.639426 0.017790 0.000000 0.000209 0.109987 0.022930 0.000000 0.103704 0.000000 0.020203 0.000000 0.000004 0.000000 0.000000 
0.229391 0.037688 0.364581 0.000000 0.032318 0.098983 0.000000 0.000000 0.000001 0.066558 0.017454 0.000000 0.026135 0.000000 0.126890 
0.370975 0.150195 0.066205 0.000000 0.038985 0.066297 0.173661 0.000000 0.000001 0.128228 0.000000 0.000000 0.005454 0.000000 0.000000 
0.002654 0.012082 0.005714 0.000000 0.039044 0.002887 0.000000 0.000000 0.000000 0.000000 0.000000 0.000000 0.000004 0.000000 0.937615 
0.196918 0.064275 0.000018 0.000000 0.013262 0.033768 0.035327 0.000000 0.000000 0.000000 0.111597 0.000000 0.544834 0.000000 0.000000 
0.043582 0.005072 0.000018 0.000000 0.229872 0.055644 0.000000 0.000000 0.004241 0.000000 0.099043 0.000000 0.000004 0.000000 0.562525 
0.352667 0.085785 0.267860 0.000000 0.000174 0.055286 0.000000 0.041440 0.022467 0.086704 0.051987 0.000000 0.035632 0.000000 0.000000 
0.102248 0.403593 0.236112 0.000000 0.034015 0.035682 0.147034 0.000000 0.041313 0.000000 0.000000 0.000000 0.000004 0.000000 0.000000 
0.026038 0.035701 0.214274 0.000000 0.173767 0.082036 0.000000 0.000000 0.000000 0.000000 0.000000 0.000000 0.000004 0.000000 0.468179 
0.399020 0.107531 0.000022 0.000000 0.014537 0.066780 0.000000 0.000000 0.000001 0.395116 0.000000 0.000000 0.016992 0.000000 0.000000 
0.004876 0.036509 0.041695 0.000000 0.275790 0.030004 0.000000 0.023825 0.004903 0.000000 0.582395 0.000000 0.000003 0.000000 0.000000 
0.240040 0.095196 0.000020 0.000000 0.257026 0.111772 0.000000 0.000000 0.000001 0.236382 0.041942 0.000000 0.017621 0.000000 0.000000 
0.041528 0.002776 0.000019 0.000000 0.339876 0.054242 0.000000 0.043453 0.006108 0.036136 0.349201 0.000000 0.009314 0.000000 0.117347 
0.031806 0.409283 0.000012 0.000000 0.136439 0.020357 0.000000 0.000000 0.074965 0.000000 0.288443 0.000000 0.000003 0.000000 0.038691 
0.133662 0.160754 0.000017 0.000000 0.000254 0.297816 0.274249 0.000000 0.005520 0.032674 0.037094 0.000000 0.000004 0.000000 0.057956 
0.505369 0.056890 0.000014 0.000000 0.024206 0.107846 0.091940 0.092512 0.025088 0.000000 0.045314 0.000000 0.050820 0.000000 0.000000 
0.069952 0.514431 0.021561 0.000000 0.010888 0.026316 0.033594 0.000000 0.098778 0.000000 0.071906 0.000000 0.000003 0.000000 0.152570 
0.144773 0.042733 0.032615 0.000000 0.580885 0.026011 0.000000 0.038191 0.000000 0.011804 0.079412 0.000000 0.043574 0.000000 0.000000 
0.558128 0.099096 0.043631 0.000000 0.000255 0.035121 0.030312 0.109555 0.010516 0.000000 0.023877 0.000000 0.089508 0.000000 0.000000 
0.320665 0.066070 0.000017 0.000000 0.091756 0.040990 0.000000 0.000000 0.005281 0.000000 0.331415 0.000000 0.143804 0.000000 0.000000 
0.137395 0.603576 0.000020 0.000000 0.010195 0.032605 0.066989 0.000000 0.107218 0.000000 0.000000 0.000000 0.042003 0.000000 0.000000 
0.095530 0.050497 0.755216 0.000000 0.009379 0.051652 0.037721 0.000000 0.000001 0.000000 0.000000 0.000000 0.000004 0.000000 0.000000 
0.161646 0.394217 0.064759 0.000000 0.039741 0.015997 0.119586 0.042950 0.053788 0.000000 0.000000 0.000000 0.107316 0.000000 0.000000 
0.007266 0.031323 0.016182 0.000000 0.054671 0.012462 0.000000 0.000000 0.002654 0.000000 0.000000 0.000000 0.111899 0.000000 0.763543 
0.006377 0.019012 0.000010 0.000000 0.321139 0.043359 0.000000 0.000000 0.005566 0.000000 0.595132 0.000000 0.009405 0.000000 0.000000 
0.339304 0.142709 0.066488 0.000000 0.000328 0.006221 0.000000 0.007903 0.000001 0.388123 0.000000 0.000000 0.048923 0.000000 0.000000 
0.328884 0.161158 0.000016 0.000000 0.013684 0.061125 0.000000 0.000000 0.000001 0.321843 0.000000 0.000000 0.051445 0.000000 0.061845 
0.292262 0.062935 0.000012 0.000000 0.037677 0.048435 0.000000 0.075156 0.017039 0.000000 0.000000 0.000000 0.000004 0.000000 0.466480 
0.476960 0.076068 0.009047 0.000000 0.035509 0.144714 0.000000 0.097006 0.030391 0.043228 0.000000 0.000000 0.073198 0.000000 0.013878 
0.223682 0.144436 0.000017 0.000000 0.063179 0.198899 0.090646 0.000000 0.000001 0.214935 0.000000 0.000000 0.064206 0.000000 0.000000 
0.299534 0.209476 0.038976 0.000000 0.000172 0.065084 0.000000 0.000000 0.000001 0.301891 0.034295 0.000000 0.050571 0.000000 0.000000 
0.011716 0.063611 0.229824 0.000000 0.166229 0.024504 0.000000 0.048720 0.008237 0.000000 0.413434 0.000000 0.033725 0.000000 0.000000 
0.208148 0.059637 0.000016 0.000000 0.448060 0.166606 0.000000 0.000000 0.000001 0.054494 0.063034 0.000000 0.000003 0.000000 0.000000 
0.197144 0.244861 0.021284 0.000000 0.033501 0.000798 0.444860 0.000000 0.000001 0.026791 0.000000 0.000000 0.030759 0.000000 0.000000 
0.230310 0.216458 0.000015 0.000000 0.000251 0.034163 0.364148 0.000000 0.000000 0.000000 0.000000 0.000000 0.000004 0.000000 0.154649 
0.112968 0.027612 0.033713 0.000000 0.610721 0.024427 0.000000 0.000000 0.000000 0.000000 0.190554 0.000000 0.000003 0.000000 0.000000 
0.049448 0.469447 0.163377 0.025594 0.013658 0.041780 0.047381 0.000000 0.070558 0.032367 0.077273 0.000000 0.000003 0.009113 0.000000 
0.038279 0.001159 0.009671 0.000000 0.053959 0.006651 0.000000 0.000000 0.000000 0.000000 0.000000 0.000000 0.000004 0.000000 0.890277 
0.252766 0.202305 0.000014 0.000000 0.014047 0.063829 0.000000 0.000000 0.007152 0.359761 0.000000 0.000000 0.100126 0.000000 0.000000 
0.026139 0.000284 0.000012 0.000000 0.002535 0.971025 0.000000 0.000000 0.000000 0.000000 0.000000 0.000000 0.000005 0.000000 0.000000 
0.029303 0.013649 0.017031 0.000000 0.170105 0.332806 0.000000 0.017990 0.006054 0.037644 0.328019 0.000000 0.000003 0.000000 0.047396 
0.222530 0.096788 0.000020 0.000000 0.040402 0.035618 0.000000 0.025319 0.000000 0.000000 0.000000 0.000000 0.579323 0.000000 0.000000 
0.129230 0.199264 0.000013 0.017210 0.006123 0.036791 0.059934 0.021379 0.008501 0.000000 0.000000 0.007590 0.099720 0.000000 0.414246 
0.149148 0.111657 0.080703 0.000000 0.004730 0.396148 0.232010 0.000000 0.000001 0.000000 0.025599 0.000000 0.000003 0.000000 0.000000 
0.067797 0.646468 0.000015 0.000000 0.000090 0.036609 0.000000 0.000000 0.067550 0.071070 0.000000 0.000000 0.000004 0.000000 0.110396 
0.073935 0.024096 0.022123 0.000000 0.346723 0.217459 0.053114 0.000000 0.005400 0.000000 0.195528 0.000000 0.061622 0.000000 0.000000 
0.232182 0.251038 0.018850 0.000000 0.018782 0.008698 0.470447 0.000000 0.000000 0.000000 0.000000 0.000000 0.000003 0.000000 0.000000 
0.426250 0.093470 0.000015 0.000000 0.087908 0.065818 0.000000 0.000000 0.005673 0.281124 0.000000 0.000000 0.039742 0.000000 0.000000 
0.002178 0.000563 0.013297 0.000000 0.254654 0.029390 0.000000 0.081498 0.006816 0.000000 0.583467 0.000000 0.000003 0.000000 0.028133 
0.137647 0.034803 0.103796 0.021781 0.000303 0.529486 0.036231 0.050421 0.000001 0.000000 0.000000 0.000000 0.072322 0.013207 0.000000 
0.303562 0.151880 0.000014 0.000000 0.000133 0.098236 0.000000 0.000000 0.020612 0.348901 0.000000 0.000000 0.076662 0.000000 0.000000 
0.093953 0.137086 0.000017 0.000000 0.130774 0.020900 0.050111 0.092158 0.030171 0.089651 0.329497 0.000000 0.000003 0.000000 0.025679 
0.387374 0.011570 0.000020 0.000000 0.031051 0.033700 0.000000 0.000000 0.000000 0.000000 0.059001 0.000000 0.477283 0.000000 0.000000 
0.002111 0.005427 0.033105 0.026709 0.045302 0.109744 0.000000 0.000000 0.000000 0.000000 0.000000 0.000000 0.000004 0.010160 0.767438 
0.037095 0.017747 0.012270 0.000000 0.068322 0.848084 0.016478 0.000000 0.000001 0.000000 0.000000 0.000000 0.000003 0.000000 0.000000 
0.309417 0.050036 0.000011 0.000000 0.055568 0.054084 0.000000 0.000000 0.000000 0.044542 0.026382 0.000000 0.309510 0.000000 0.150450 
0.016031 0.010107 0.010836 0.014757 0.056177 0.124731 0.000000 0.000000 0.000001 0.000000 0.000000 0.000000 0.000005 0.000000 0.767356 
0.217591 0.233956 0.000012 0.000000 0.104827 0.050577 0.000000 0.045247 0.034888 0.094161 0.133173 0.000000 0.085567 0.000000 0.000000 
0.245546 0.031779 0.503053 0.000000 0.016404 0.067409 0.000000 0.027654 0.000001 0.064847 0.000000 0.000000 0.021373 0.021933 0.000000 
0.126710 0.267903 0.050468 0.000000 0.028925 0.028149 0.144924 0.000000 0.053498 0.024237 0.000000 0.000000 0.000004 0.000000 0.275182 
0.226817 0.099712 0.019971 0.016551 0.546961 0.053484 0.000000 0.000000 0.016757 0.000000 0.000000 0.000000 0.019747 0.000000 0.000000 
0.147254 0.123296 0.286466 0.000000 0.054375 0.056189 0.168060 0.000000 0.000001 0.030339 0.059595 0.000000 0.074425 0.000000 0.000000 
0.196743 0.072171 0.006543 0.000000 0.016516 0.006713 0.101879 0.014020 0.000001 0.161550 0.135003 0.000000 0.021504 0.000000 0.267355 
0.038476 0.034082 0.000012 0.000000 0.061554 0.018403 0.046459 0.000000 0.000001 0.000000 0.000000 0.000000 0.030319 0.000000 0.770694 
0.241810 0.340622 0.000013 0.000000 0.000221 0.034343 0.302670 0.000000 0.020043 0.060272 0.000000 0.000000 0.000004 0.000000 0.000000 
0.330903 0.009321 0.000015 0.005994 0.002975 0.042318 0.000000 0.026898 0.000001 0.000000 0.050620 0.000000 0.038063 0.000000 0.492892 
0.008813 0.006151 0.000008 0.000000 0.237209 0.080483 0.032639 0.102198 0.007140 0.000000 0.505401 0.000000 0.019956 0.000000 0.000000 
0.213291 0.156758 0.108118 0.000000 0.016333 0.147871 0.266688 0.019548 0.000001 0.026102 0.000000 0.000000 0.000006 0.000000 0.045285 
0.040537 0.356152 0.343303 0.000000 0.000222 0.154045 0.000000 0.000000 0.033231 0.000000 0.047145 0.000000 0.009219 0.016145 0.000000 
0.199482 0.045287 0.000017 0.000000 0.031057 0.039875 0.000000 0.000000 0.000000 0.145365 0.000000 0.000000 0.000004 0.000000 0.538913 
0.096997 0.357975 0.020195 0.000000 0.008272 0.439069 0.000000 0.000000 0.077489 0.000000 0.000000 0.000000 0.000003 0.000000 0.000000 
0.644718 0.116094 0.000015 0.000000 0.045661 0.058037 0.000000 0.057116 0.019975 0.000000 0.000000 0.000000 0.058384 0.000000 0.000000 
0.059515 0.462631 0.111811 0.000000 0.144568 0.077344 0.050102 0.000000 0.052668 0.033306 0.008050 0.000000 0.000005 0.000000 0.000000 
0.192306 0.059397 0.047031 0.000000 0.508776 0.031287 0.000000 0.000000 0.009793 0.076193 0.075212 0.000000 0.000003 0.000000 0.000000 
0.114375 0.522931 0.000013 0.000000 0.040410 0.019313 0.000000 0.000000 0.096364 0.000000 0.000000 0.000000 0.000004 0.000000 0.206591 
0.272265 0.221899 0.030857 0.000000 0.000254 0.026971 0.317709 0.000000 0.000000 0.064175 0.017701 0.000000 0.048169 0.000000 0.000000 
0.030974 0.064605 0.635779 0.000000 0.143192 0.026883 0.025616 0.000000 0.000000 0.000000 0.000000 0.000000 0.020050 0.009757 0.043142 
0.017058 0.041897 0.019478 0.000000 0.032372 0.014805 0.000000 0.000000 0.000000 0.000000 0.000000 0.000000 0.043704 0.000000 0.830686 
0.076161 0.023224 0.029478 0.000000 0.000300 0.348714 0.000000 0.000000 0.000000 0.000000 0.038912 0.000000 0.196895 0.000000 0.286314 
0.051302 0.094667 0.016394 0.000000 0.023734 0.750768 0.063131 0.000000 0.000000 0.000000 0.000000 0.000000 0.000005 0.000000 0.000000 
0.070331 0.665929 0.000011 0.000000 0.018810 0.033804 0.000000 0.000000 0.181585 0.029527 0.000000 0.000000 0.000002 0.000000 0.000000 
0.229439 0.480046 0.015823 0.000000 0.000235 0.014321 0.175268 0.023529 0.061334 0.000000 0.000000 0.000000 0.000004 0.000000 0.000000 
0.079535 0.025967 0.093774 0.000000 0.027691 0.682635 0.000000 0.000000 0.003159 0.000000 0.087237 0.000000 0.000003 0.000000 0.000000 
0.157975 0.184718 0.030586 0.015648 0.000294 0.010034 0.227549 0.000000 0.008668 0.064458 0.000000 0.000000 0.000003 0.000000 0.300067 
0.051053 0.701872 0.008851 0.000000 0.011906 0.030076 0.000000 0.000000 0.097398 0.094996 0.000000 0.000000 0.003848 0.000000 0.000000 
0.085386 0.074656 0.000015 0.000000 0.042889 0.012982 0.000000 0.000000 0.000001 0.059230 0.000000 0.000000 0.030385 0.000000 0.694455 
