-954568.999565
0
0.006145 0.006770 0.005209 0.000000 0.050429 0.027394 0.011799 0.055654 0.020160 0.009217 0.000000 0.005224 0.000000 0.000000 0.000000 0.000000 0.000016 0.004981 0.000005 0.000000 0.000000 0.002342 0.015934 0.000000 0.006290 0.007925 0.000000 0.000000 0.040016 0.034066 0.010525 0.057429 0.014319 0.000007 0.000001 0.000003 0.007282 0.000000 0.000000 0.009219 0.004931 0.017853 0.000000 0.000001 0.000000 0.000001 0.019462 0.000000 0.000001 0.000000 0.000000 0.000000 0.026458 0.022463 0.005207 0.043675 0.034796 0.004964 0.000000 0.006260 0.000000 0.012528 0.006284 0.000000 0.000000 0.007408 0.000001 0.000000 0.012149 0.012691 0.039791 0.000000 0.000013 0.010395 0.000000 0.000023 0.052962 0.056621 0.008380 0.099930 0.021014 0.003113 0.000000 0.002356 0.000000 0.000000 0.000000 0.000000 0.010847 0.016012 0.000001 0.000000 0.000000 0.015224 0.017824 0.000000 
0.000000 0.000000 0.000000 0.008953 0.000000 0.000000 0.000000 0.000000 0.000000 0.003136 0.013293 0.004450 0.000000 0.000000 0.000000 0.001005 0.001893 0.005101 0.001752 0.004161 0.000000 0.003814 0.001528 0.015326 0.002612 0.000000 0.000962 0.015104 0.000000 0.000000 0.000000 0.000000 0.000001 0.001208 0.011740 0.003769 0.000000 0.000000 0.000000 0.000000 0.000001 0.001823 0.000000 0.001274 0.002568 0.000937 0.003280 0.019908 0.001211 0.001181 0.000000 0.008511 0.000000 0.000000 0.000000 0.000000 0.000000 0.013924 0.029163 0.014811 0.000000 0.000000 0.000000 0.000000 0.007183 0.010793 0.005519 0.013020 0.000000 0.002232 0.000816 0.002532 0.036582 0.010953 0.003184 0.323700 0.000000 0.000000 0.000000 0.000000 0.000000 0.017215 0.217810 0.035523 0.000000 0.000000 0.000000 0.003094 0.002075 0.009745 0.006482 0.009913 0.005742 0.009680 0.001995 0.065813 
0.096377 0.000000 0.000000 0.000000 0.000000 0.000000 0.000000 0.000000 0.000009 0.010084 0.000000 0.000013 0.000000 0.000000 0.000000 0.000001 0.106603 0.000003 0.018447 0.000001 0.000000 0.000000 0.000001 0.000001 0.000003 0.000000 0.000000 0.064794 0.000000 0.000000 0.000000 0.000000 0.000010 0.042609 0.000002 0.000010 0.026831 0.000000 0.008426 0.020259 0.000008 0.000003 0.000001 0.000004 0.000000 0.000001 0.000003 0.000000 0.037480 0.000001 0.000000 0.000001 0.007449 0.000002 0.000000 0.000000 0.000002 0.000011 0.000000 0.000273 0.000000 0.000000 0.000000 0.000000 0.000001 0.000003 0.041965 0.000000 0.000000 0.000000 0.000000 0.000000 0.082103 0.087810 0.032389 0.038053 0.000000 0.021253 0.000000 0.041788 0.111417 0.000002 0.000000 0.041381 0.017669 0.000000 0.000000 0.000000 0.000025 0.044407 0.000003 0.000001 0.000000 0.000002 0.000002 0.000001 
0.000000 0.000000 0.000000 0.000000 0.012695 0.012099 0.004269 0.013721 0.028782 0.016980 0.019386 0.017614 0.008709 0.006230 0.009789 0.008813 0.045890 0.018408 0.039993 0.038149 0.000000 0.002949 0.006386 0.003637 0.000000 0.000000 0.003065 0.000000 0.008805 0.008264 0.003906 0.008035 0.031661 0.016005 0.013540 0.015973 0.000000 0.001899 0.008395 0.002940 0.019221 0.015326 0.024345 0.020156 0.000000 0.006756 0.007975 0.011888 0.006289 0.008123 0.000000 0.005700 0.005649 0.007361 0.000000 0.006181 0.031477 0.029490 0.016705 0.034000 0.007632 0.002619 0.007230 0.000681 0.024901 0.011631 0.018719 0.022463 0.002293 0.000000 0.005409 0.000000 0.009642 0.009055 0.006456 0.007173 0.000000 0.007193 0.001958 0.005096 0.000000 0.011930 0.000000 0.006833 0.007497 0.006493 0.005127 0.003505 0.021672 0.020201 0.022610 0.023242 0.000000 0.006122 0.007560 0.013435 
0.000658 0.000612 0.000000 0.000000 0.000000 0.000000 0.000000 0.000000 0.006187 0.001119 0.002147 0.002333 0.000000 0.000000 0.000216 0.000000 0.001933 0.000000 0.000530 0.001422 0.000000 0.000000 0.000169 0.000000 0.000000 0.000000 0.000000 0.000000 0.000000 0.000000 0.000000 0.000000 0.011152 0.000002 0.003589 0.007585 0.000000 0.000484 0.000000 0.000000 0.000696 0.000000 0.000000 0.000000 0.000258 0.000000 0.000000 0.000000 0.000000 0.000000 0.000000 0.000000 0.000000 0.000000 0.000000 0.000000 0.005982 0.000001 0.000000 0.002875 0.000000 0.000000 0.000000 0.000000 0.000000 0.000000 0.000000 0.000000 0.000000 0.000000 0.000000 0.000283 0.013650 0.007305 0.001928 0.013897 0.037995 0.000000 0.001278 0.069379 0.445495 0.075514 0.044968 0.237860 0.000000 0.000000 0.000000 0.000000 0.000003 0.000001 0.000491 0.000000 0.000000 0.000000 0.000000 0.000000 
0.000003 0.000000 0.000000 0.000000 0.000000 0.000000 0.000000 0.000000 0.000030 0.008348 0.000000 0.000065 0.000000 0.000001 0.000000 0.000003 0.000146 0.000008 0.000063 0.000003 0.000000 0.000000 0.000004 0.063600 0.000008 0.000000 0.000000 0.000001 0.000000 0.000000 0.000000 0.000000 0.000028 0.000088 0.000008 0.000035 0.000000 0.000001 0.000000 0.000001 0.000028 0.000005 0.000006 0.022917 0.000000 0.000007 0.000011 0.000000 0.000010 0.000003 0.000000 0.000003 0.000000 0.000005 0.000000 0.000000 0.000005 0.000037 0.000000 0.001021 0.000000 0.000000 0.000000 0.000000 0.000005 0.000010 0.000013 0.000001 0.000000 0.000000 0.000001 0.000000 0.137845 0.000082 0.047331 0.029344 0.000000 0.000001 0.000000 0.000001 0.070514 0.000006 0.405195 0.189421 0.000002 0.000000 0.000000 0.000000 0.023652 0.000044 0.000009 0.000003 0.000000 0.000006 0.000005 0.000005 
0.004099 0.005682 0.000000 0.002565 0.000000 0.000000 0.000000 0.001870 0.031896 0.016165 0.230113 0.014422 0.002553 0.000711 0.000000 0.006477 0.011232 0.008079 0.010529 0.006427 0.000000 0.002275 0.000000 0.002625 0.001914 0.003298 0.000000 0.000000 0.000000 0.000000 0.000000 0.000000 0.018945 0.015540 0.132079 0.014108 0.000000 0.000000 0.000000 0.000000 0.004142 0.004115 0.006564 0.006910 0.000000 0.002257 0.000000 0.000000 0.004136 0.003697 0.000000 0.001268 0.000000 0.002834 0.000000 0.000000 0.032768 0.032438 0.148236 0.018471 0.000000 0.000000 0.000000 0.000000 0.010465 0.006741 0.004208 0.010731 0.000000 0.000323 0.000000 0.000000 0.005276 0.006624 0.001744 0.012353 0.000000 0.000000 0.000000 0.000000 0.000000 0.000000 0.090153 0.006279 0.002084 0.000000 0.000000 0.001229 0.007866 0.003597 0.011263 0.004268 0.000000 0.001448 0.000000 0.001907 
0.000000 0.000000 0.000000 0.000000 0.000000 0.000000 0.000000 0.000000 0.000001 0.019213 0.000000 0.003853 0.000000 0.001022 0.001064 0.003136 0.000338 0.000000 0.000001 0.000363 0.000000 0.000000 0.000561 0.000000 0.000661 0.000000 0.000000 0.000347 0.000000 0.000222 0.000525 0.000151 0.078737 0.104697 0.020392 0.079769 0.000000 0.001290 0.000488 0.000891 0.000440 0.000844 0.000838 0.004199 0.000000 0.000591 0.000871 0.000000 0.000000 0.000000 0.000000 0.000000 0.000000 0.000320 0.000000 0.000000 0.000000 0.021286 0.000000 0.016130 0.000000 0.000000 0.000000 0.000992 0.000000 0.000000 0.000000 0.008519 0.000000 0.000000 0.001547 0.000260 0.000004 0.000988 0.000000 0.000006 0.000000 0.000410 0.000000 0.000000 0.121835 0.296127 0.099857 0.089137 0.000538 0.001170 0.000869 0.004898 0.001351 0.001511 0.001380 0.001809 0.000000 0.001003 0.000974 0.001574 
0.035041 0.030174 0.023399 0.023261 0.011546 0.005050 0.003783 0.004163 0.010863 0.007932 0.000000 0.002061 0.002287 0.001574 0.008203 0.000000 0.004891 0.000658 0.007395 0.000000 0.000000 0.000000 0.000000 0.000000 0.049778 0.075475 0.011300 0.048683 0.011719 0.010594 0.006716 0.008482 0.023288 0.016203 0.007145 0.020403 0.006798 0.008042 0.039109 0.007266 0.005020 0.000000 0.011659 0.004544 0.000000 0.001530 0.005046 0.001683 0.039723 0.043178 0.033869 0.028125 0.007776 0.010956 0.007540 0.005158 0.008579 0.009348 0.000000 0.008338 0.008506 0.004157 0.014593 0.000000 0.006568 0.001157 0.002454 0.000000 0.000000 0.000000 0.000000 0.000000 0.037494 0.061749 0.012123 0.035139 0.003829 0.011502 0.004275 0.000000 0.000000 0.006341 0.000000 0.004097 0.002511 0.002105 0.008780 0.000000 0.001986 0.000001 0.003860 0.000000 0.000000 0.000000 0.001413 0.000000 
0.041338 0.039205 0.002583 0.037552 0.011510 0.005688 0.000592 0.010470 0.018752 0.005202 0.004705 0.025564 0.015980 0.014400 0.014921 0.020856 0.014425 0.007112 0.008877 0.023965 0.000000 0.000000 0.007612 0.003434 0.035641 0.026461 0.001549 0.035145 0.008005 0.006754 0.000000 0.011878 0.002837 0.002912 0.000000 0.021646 0.011895 0.020148 0.017702 0.030599 0.003310 0.012135 0.005827 0.010790 0.000000 0.002223 0.006575 0.000000 0.024016 0.016283 0.000000 0.024846 0.003611 0.004581 0.000000 0.006656 0.000000 0.000000 0.000000 0.005906 0.008832 0.009301 0.011542 0.021397 0.005612 0.006512 0.003977 0.007602 0.000000 0.000912 0.006783 0.004185 0.025744 0.020324 0.000000 0.038618 0.004655 0.004449 0.000000 0.009102 0.000000 0.000000 0.000000 0.009163 0.014264 0.016015 0.009871 0.030433 0.004613 0.005339 0.000000 0.011868 0.000000 0.001585 0.006654 0.005972 
0.004851 0.000000 0.000000 0.000000 0.002083 0.002487 0.000000 0.000000 0.004162 0.002573 0.000000 0.000002 0.013841 0.002568 0.004902 0.023505 0.026454 0.011246 0.020841 0.028556 0.052126 0.007028 0.005521 0.028104 0.003927 0.000000 0.000000 0.000000 0.000000 0.000000 0.000000 0.000903 0.006540 0.001591 0.000000 0.000001 0.004289 0.000873 0.002354 0.000000 0.022518 0.010550 0.019456 0.036073 0.031383 0.008417 0.016123 0.073037 0.010671 0.007245 0.000000 0.006010 0.000000 0.001785 0.000000 0.004723 0.004645 0.004713 0.000000 0.007275 0.001858 0.001364 0.000000 0.000000 0.010676 0.011693 0.012280 0.012975 0.009198 0.001405 0.005007 0.026820 0.024315 0.000003 0.000000 0.033129 0.002902 0.002307 0.000000 0.004080 0.000000 0.000000 0.000000 0.006872 0.024241 0.000000 0.014578 0.011546 0.020985 0.015755 0.012354 0.035749 0.073349 0.011216 0.010317 0.077071 
0.000000 0.000000 0.000000 0.000000 0.001888 0.001996 0.000000 0.001156 0.034839 0.018692 0.000000 0.013662 0.000000 0.004732 0.000000 0.004292 0.004183 0.002116 0.033892 0.000000 0.000000 0.002484 0.001179 0.002448 0.015076 0.037312 0.016769 0.099986 0.000000 0.000000 0.000000 0.000000 0.000002 0.007918 0.064063 0.001665 0.000000 0.004931 0.000000 0.002101 0.008098 0.003696 0.042920 0.000001 0.000000 0.005826 0.008645 0.015448 0.001222 0.008606 0.000000 0.012658 0.000000 0.002831 0.000000 0.002187 0.090738 0.107043 0.115360 0.083178 0.000000 0.004836 0.000000 0.004346 0.016104 0.003947 0.017027 0.000000 0.000000 0.002153 0.001439 0.006745 0.000006 0.000004 0.000000 0.000015 0.000000 0.000000 0.000000 0.000000 0.010477 0.010099 0.000000 0.001153 0.000000 0.001050 0.000000 0.000000 0.006976 0.003070 0.007402 0.003202 0.000000 0.002496 0.002012 0.009604 
0.000000 0.000000 0.000000 0.000001 0.000001 0.000000 0.084196 0.004913 0.000013 0.829890 0.080985 0.000000 
0.089114 0.107170 0.000000 0.067022 0.000002 0.060168 0.417215 0.035528 0.000015 0.198488 0.025278 0.000000 
0.000000 0.000000 0.000000 0.000001 0.916528 0.029842 0.031514 0.011513 0.001582 0.009003 0.000015 0.000000 
0.228341 0.016145 0.000000 0.109673 0.105818 0.000000 0.027490 0.038160 0.000015 0.392049 0.082309 0.000000 
0.000000 0.000000 0.054233 0.000001 0.000002 0.000000 0.009704 0.415110 0.404856 0.100978 0.015116 0.000000 
0.043957 0.000000 0.000000 0.000001 0.000002 0.000000 0.000160 0.033214 0.632101 0.266074 0.024491 0.000000 
0.035705 0.058932 0.050201 0.072203 0.000002 0.000000 0.189850 0.035886 0.000014 0.179213 0.377994 0.000000 
0.000000 0.000000 0.000000 0.000001 0.088574 0.000000 0.046205 0.063525 0.000013 0.734213 0.067469 0.000000 
0.000000 0.000000 0.000000 0.000001 0.943674 0.000000 0.000066 0.051215 0.000013 0.005027 0.000005 0.000000 
0.000000 0.000000 0.000000 0.057827 0.000002 0.028757 0.584807 0.053001 0.141089 0.128678 0.005838 0.000000 
0.000000 0.000000 0.000000 0.021001 0.018752 0.000000 0.050165 0.000299 0.000016 0.882880 0.026886 0.000000 
0.000000 0.000000 0.000000 0.000001 0.000002 0.000000 0.274361 0.000234 0.194517 0.296213 0.000024 0.234648 
0.000000 0.223722 0.000000 0.298088 0.014089 0.000000 0.005037 0.168635 0.063480 0.162885 0.064064 0.000000 
0.000000 0.000000 0.000000 0.436384 0.240327 0.000000 0.000169 0.025575 0.013134 0.237710 0.046700 0.000000 
0.318582 0.000000 0.000000 0.058185 0.000002 0.000000 0.104446 0.012126 0.027498 0.351590 0.055374 0.072196 
0.000000 0.000000 0.000000 0.000001 0.087985 0.000000 0.012343 0.492451 0.094080 0.147530 0.165610 0.000000 
0.030857 0.026851 0.000000 0.000001 0.069798 0.000000 0.245632 0.021842 0.349716 0.142468 0.112834 0.000000 
0.031796 0.000000 0.000000 0.385276 0.000002 0.012576 0.209146 0.056603 0.045186 0.241983 0.017432 0.000000 
0.051530 0.000000 0.078272 0.289409 0.000002 0.000000 0.040858 0.076058 0.013617 0.251824 0.198431 0.000000 
0.000000 0.074676 0.000000 0.000001 0.298639 0.000000 0.019990 0.457660 0.000014 0.055636 0.000021 0.093364 
0.000000 0.000000 0.000000 0.020961 0.000002 0.000000 0.061251 0.328483 0.000016 0.556017 0.033269 0.000000 
0.000000 0.000000 0.000000 0.170259 0.000002 0.000000 0.388514 0.048227 0.027407 0.043082 0.010171 0.312338 
0.026627 0.000000 0.000000 0.027603 0.000002 0.000000 0.018252 0.269481 0.450714 0.184472 0.022849 0.000000 
0.000000 0.000000 0.000000 0.489427 0.021562 0.000000 0.017012 0.028093 0.033795 0.321553 0.088558 0.000000 
0.000000 0.000000 0.000000 0.081996 0.000001 0.000000 0.000091 0.840726 0.021938 0.043293 0.011955 0.000000 
0.000000 0.000000 0.000000 0.000001 0.000002 0.000000 0.549234 0.055687 0.000014 0.361679 0.033383 0.000000 
0.000000 0.360239 0.000000 0.000001 0.173944 0.000000 0.000107 0.000254 0.320213 0.110984 0.000017 0.034240 
0.000000 0.000000 0.000000 0.257295 0.039454 0.000000 0.007946 0.530513 0.031689 0.112947 0.020156 0.000000 
0.000000 0.000000 0.000000 0.082959 0.022273 0.000000 0.035558 0.009384 0.000015 0.600601 0.249210 0.000000 
0.000000 0.000000 0.000000 0.000001 0.044070 0.000000 0.239652 0.000246 0.054911 0.453932 0.043744 0.163443 
0.000000 0.020272 0.000000 0.337156 0.276978 0.000000 0.017036 0.200347 0.000013 0.136648 0.011551 0.000000 
0.023376 0.000000 0.000000 0.327519 0.000002 0.000000 0.002993 0.042380 0.331224 0.223613 0.048892 0.000000 
0.000000 0.000000 0.036712 0.265874 0.220935 0.000000 0.071897 0.024043 0.000015 0.250985 0.068579 0.060960 
0.000000 0.229851 0.000000 0.000001 0.000002 0.000000 0.395655 0.212593 0.000014 0.108543 0.015719 0.037622 
0.048827 0.000000 0.000000 0.046681 0.779328 0.000000 0.000123 0.055074 0.000014 0.061715 0.008238 0.000000 
0.000000 0.207967 0.000000 0.049881 0.011000 0.000000 0.050282 0.006354 0.000014 0.625102 0.049401 0.000000 
0.000000 0.520152 0.000000 0.000001 0.000001 0.000000 0.005437 0.304779 0.033514 0.047499 0.088618 0.000000 
0.000000 0.000000 0.000000 0.028958 0.755229 0.000000 0.043561 0.025899 0.012872 0.023788 0.032160 0.077532 
0.000000 0.488170 0.062302 0.147014 0.022083 0.000000 0.012971 0.008493 0.131096 0.127852 0.000018 0.000000 
0.023438 0.000000 0.048780 0.000001 0.000002 0.000000 0.042431 0.033615 0.485295 0.348005 0.018433 0.000000 
0.000000 0.624510 0.000000 0.000001 0.000001 0.000000 0.077211 0.063849 0.059125 0.033441 0.000017 0.141843 
0.000000 0.000000 0.000000 0.244285 0.030237 0.000000 0.027181 0.006619 0.477476 0.169986 0.044217 0.000000 
0.000000 0.132054 0.074273 0.000001 0.000002 0.000000 0.018746 0.018062 0.389791 0.208420 0.114079 0.044571 
0.000000 0.000000 0.000000 0.379473 0.021602 0.000000 0.291931 0.047680 0.013068 0.169605 0.031498 0.045142 
0.027765 0.000000 0.000000 0.000001 0.518167 0.000000 0.020575 0.000216 0.387290 0.045972 0.000014 0.000000 
0.048194 0.000000 0.000000 0.099292 0.000002 0.000000 0.000129 0.387242 0.047092 0.162452 0.215359 0.040239 
0.000000 0.044175 0.000000 0.000001 0.013721 0.000000 0.129298 0.014619 0.016830 0.722079 0.059276 0.000000 
0.000000 0.031979 0.000000 0.075769 0.000002 0.000000 0.046611 0.020352 0.000014 0.174345 0.650928 0.000000 
0.000000 0.000000 0.072157 0.000001 0.109871 0.000000 0.121128 0.021694 0.437897 0.060342 0.000014 0.176894 
0.000000 0.799401 0.000000 0.043982 0.000002 0.000000 0.000123 0.120300 0.014294 0.021881 0.000018 0.000000 
0.000000 0.000000 0.028282 0.000001 0.207272 0.000000 0.281030 0.000234 0.069863 0.309144 0.012736 0.091438 
0.000000 0.000000 0.000000 0.108942 0.418275 0.000000 0.000162 0.129759 0.000015 0.238061 0.104786 0.000000 
0.156031 0.000000 0.000000 0.010808 0.584249 0.000000 0.000071 0.018212 0.000014 0.191292 0.016382 0.022940 
0.000000 0.024172 0.032222 0.000001 0.491951 0.000000 0.090723 0.014707 0.059077 0.007472 0.000019 0.279656 
0.121816 0.000000 0.000000 0.166377 0.018132 0.000000 0.243130 0.168852 0.026556 0.225068 0.030068 0.000000 
0.000000 0.144809 0.036353 0.000001 0.202595 0.000000 0.008348 0.016359 0.392905 0.106746 0.091884 0.000000 
0.000000 0.000000 0.000000 0.000001 0.935900 0.039716 0.008722 0.014421 0.000008 0.001218 0.000015 0.000000 
0.000000 0.000000 0.000000 0.000001 0.021288 0.000000 0.000039 0.934537 0.000011 0.044102 0.000023 0.000000 
0.215852 0.000000 0.000000 0.000001 0.000002 0.000000 0.103790 0.082405 0.063305 0.292121 0.077825 0.164699 
0.024859 0.000000 0.000000 0.000001 0.000002 0.000000 0.123030 0.081197 0.000015 0.189999 0.508448 0.072449 
0.000000 0.000000 0.040408 0.429596 0.000002 0.000000 0.185928 0.044525 0.035152 0.143747 0.061526 0.059116 
0.000000 0.467841 0.000000 0.000001 0.000002 0.000000 0.159433 0.097208 0.000012 0.007269 0.030548 0.237687 
0.000000 0.879497 0.000000 0.000001 0.000003 0.036519 0.000090 0.015529 0.000014 0.068328 0.000018 0.000000 
0.000000 0.026115 0.037561 0.080944 0.000002 0.000000 0.009060 0.680001 0.000014 0.070136 0.096167 0.000000 
0.000000 0.276800 0.000000 0.000001 0.000002 0.000000 0.008207 0.214215 0.054983 0.416202 0.029590 0.000000 
0.000000 0.927607 0.000000 0.000001 0.000002 0.000000 0.000099 0.016624 0.000017 0.055630 0.000020 0.000000 
0.000000 0.000000 0.000000 0.044926 0.000002 0.000000 0.359875 0.168162 0.011229 0.006402 0.008562 0.400841 
0.000000 0.000000 0.009552 0.000001 0.000002 0.000000 0.000073 0.952665 0.000015 0.032234 0.005457 0.000000 
0.000000 0.061750 0.000000 0.066753 0.027504 0.000000 0.059282 0.100443 0.037470 0.107579 0.539219 0.000000 
0.033473 0.114367 0.000000 0.047870 0.000002 0.000000 0.058650 0.019933 0.292013 0.184847 0.248845 0.000000 
0.024817 0.000000 0.000000 0.033765 0.824179 0.000000 0.009686 0.057496 0.000015 0.050018 0.000024 0.000000 
0.017840 0.000000 0.036762 0.042312 0.000002 0.000000 0.649668 0.057403 0.000014 0.106985 0.033994 0.055021 
0.000000 0.000000 0.000000 0.000001 0.000002 0.000000 0.065139 0.036976 0.095920 0.736697 0.018953 0.046311 
0.000000 0.000000 0.000000 0.000001 0.137640 0.000000 0.207746 0.328220 0.000013 0.019573 0.000020 0.306787 
0.000000 0.000000 0.000000 0.000001 0.029661 0.000000 0.000040 0.844721 0.103274 0.022290 0.000013 0.000000 
0.000000 0.176370 0.058113 0.000001 0.100714 0.000000 0.008458 0.000272 0.566873 0.050826 0.008077 0.030295 
0.068254 0.000000 0.000000 0.128590 0.000002 0.000000 0.439724 0.045241 0.168040 0.104723 0.045426 0.000000 
0.000000 0.608361 0.000000 0.044816 0.000002 0.000000 0.000102 0.277135 0.000018 0.069543 0.000024 0.000000 
0.000000 0.364621 0.000000 0.000001 0.017199 0.047370 0.394918 0.033656 0.019567 0.098102 0.024566 0.000000 
0.000000 0.356133 0.018926 0.143111 0.033265 0.000000 0.231162 0.065135 0.000016 0.116101 0.036152 0.000000 
0.000000 0.196835 0.000000 0.375068 0.000002 0.000000 0.000106 0.036682 0.060350 0.147795 0.183161 0.000000 
0.000000 0.763759 0.000000 0.000001 0.000002 0.071138 0.012076 0.006619 0.000016 0.026856 0.000019 0.119514 
0.295853 0.041954 0.000000 0.104757 0.000002 0.000000 0.000125 0.019485 0.045566 0.393756 0.098502 0.000000 
0.000000 0.370906 0.000000 0.079260 0.084924 0.000000 0.000123 0.049540 0.027074 0.175860 0.212312 0.000000 
0.009964 0.040683 0.000000 0.000001 0.119502 0.000000 0.002696 0.791478 0.000014 0.015752 0.019910 0.000000 
0.000000 0.606099 0.000000 0.000001 0.000001 0.000000 0.183701 0.000966 0.018653 0.000942 0.000017 0.189618 
0.000000 0.097282 0.048585 0.000001 0.080566 0.000000 0.126672 0.446153 0.000015 0.175290 0.000018 0.025418 
0.000000 0.000000 0.000000 0.000001 0.022077 0.000000 0.696235 0.018370 0.009148 0.111073 0.143096 0.000000 
0.000000 0.493332 0.000000 0.000001 0.010642 0.000000 0.218448 0.013636 0.000014 0.061280 0.073215 0.129431 
0.000000 0.000000 0.000000 0.000001 0.000002 0.000000 0.017120 0.345850 0.248509 0.145755 0.242763 0.000000 
0.000000 0.000000 0.000000 0.000001 0.000002 0.000000 0.000050 0.970663 0.000013 0.029254 0.000016 0.000000 
0.000000 0.000000 0.056143 0.000001 0.000002 0.000000 0.664452 0.048655 0.000014 0.133359 0.036576 0.060797 
0.033922 0.000000 0.042548 0.000001 0.000002 0.000000 0.526725 0.084311 0.134028 0.135454 0.043007 0.000000 
0.184287 0.061227 0.000000 0.342669 0.035537 0.000000 0.000139 0.013210 0.000015 0.318132 0.044784 0.000000 
0.000000 0.000000 0.000000 0.000001 0.000000 0.000000 0.019824 0.000093 0.800463 0.179599 0.000019 0.000000 
0.269397 0.000000 0.000000 0.142106 0.000001 0.000000 0.000083 0.070625 0.054880 0.307914 0.131438 0.023555 
0.007890 0.000000 0.000000 0.000001 0.904002 0.000000 0.000116 0.082829 0.000007 0.005141 0.000014 0.000000 
0.026672 0.000000 0.000000 0.037326 0.000002 0.016561 0.081645 0.029754 0.000014 0.722069 0.085958 0.000000 
0.000000 0.000000 0.000000 0.000001 0.041748 0.000000 0.343795 0.000160 0.018738 0.010842 0.107434 0.477282 
0.000000 0.000000 0.000000 0.000001 0.019488 0.000000 0.072011 0.161990 0.012491 0.694905 0.039113 0.000000 
0.000000 0.016008 0.000000 0.000001 0.147490 0.000000 0.009187 0.049085 0.641671 0.130094 0.006462 0.000000 
0.000000 0.000000 0.000000 0.212713 0.028471 0.000000 0.046179 0.000289 0.000014 0.200593 0.511741 0.000000 
0.000000 0.000000 0.013782 0.000001 0.000002 0.000000 0.029319 0.000244 0.755994 0.158443 0.000019 0.042196 
0.000000 0.000000 0.000000 0.000001 0.000002 0.016828 0.054286 0.879829 0.000010 0.021460 0.014673 0.012910 
0.000000 0.000000 0.000000 0.567243 0.000002 0.000000 0.020486 0.047976 0.000013 0.293509 0.070771 0.000000 
0.000000 0.000000 0.065829 0.000001 0.000002 0.000000 0.040851 0.011929 0.471943 0.353586 0.007632 0.048225 
0.000000 0.000000 0.000000 0.089469 0.025933 0.000000 0.271145 0.003282 0.000017 0.121365 0.024003 0.464786 
0.000000 0.038902 0.064056 0.320951 0.014234 0.000000 0.000149 0.042999 0.345812 0.172880 0.000017 0.000000 
0.000000 0.000000 0.055823 0.000001 0.176327 0.000000 0.050971 0.012761 0.000013 0.415216 0.288887 0.000000 
0.187301 0.000000 0.000000 0.064836 0.000002 0.000000 0.207528 0.096967 0.108377 0.284352 0.050637 0.000000 
0.000000 0.920436 0.000000 0.017447 0.021531 0.000000 0.015598 0.023903 0.000016 0.001051 0.000017 0.000000 
0.025350 0.031517 0.000000 0.000001 0.041016 0.000000 0.429192 0.180216 0.027405 0.160284 0.068605 0.036415 
0.000000 0.000000 0.000000 0.000001 0.020432 0.000000 0.006163 0.095768 0.691520 0.169773 0.000021 0.016323 
0.050667 0.133034 0.045249 0.153310 0.365025 0.000000 0.022320 0.083936 0.000014 0.099890 0.046554 0.000000 
0.092407 0.000000 0.000000 0.183035 0.067277 0.000000 0.048427 0.054778 0.000015 0.535205 0.018856 0.000000 
0.000000 0.933105 0.000000 0.000001 0.000002 0.044505 0.000106 0.000165 0.000015 0.013503 0.000019 0.008578 
0.000000 0.000000 0.000000 0.000001 0.000002 0.000000 0.049524 0.027665 0.000014 0.213526 0.640045 0.069224 
0.000000 0.591617 0.000000 0.036515 0.000002 0.000000 0.236795 0.047839 0.000017 0.016433 0.000024 0.070758 
0.062600 0.000000 0.000000 0.325621 0.272650 0.020325 0.000099 0.025627 0.071165 0.143958 0.046648 0.031307 
0.000000 0.000000 0.000000 0.000001 0.243041 0.000000 0.053292 0.018695 0.337789 0.334282 0.012899 0.000000 
0.000000 0.490514 0.025656 0.000001 0.215130 0.000000 0.160209 0.074878 0.000021 0.033568 0.000022 0.000000 
0.318698 0.000000 0.000000 0.236671 0.000002 0.000000 0.000097 0.043085 0.000014 0.365032 0.036401 0.000000 
0.000000 0.000000 0.000000 0.000001 0.039421 0.000000 0.402158 0.008211 0.038738 0.002592 0.000013 0.508866 
0.185588 0.000000 0.000000 0.000001 0.000002 0.000000 0.294995 0.102625 0.000015 0.316753 0.059180 0.040842 
0.031257 0.121399 0.000000 0.000001 0.000002 0.000000 0.456950 0.036290 0.020058 0.010051 0.015321 0.308672 
0.000000 0.042960 0.000000 0.000001 0.000001 0.000000 0.201621 0.000247 0.468212 0.051169 0.000015 0.235773 
0.000000 0.044102 0.028337 0.000001 0.000002 0.000000 0.051305 0.290657 0.031328 0.497483 0.038268 0.018517 
0.000000 0.000000 0.000000 0.458681 0.000002 0.000000 0.050652 0.094073 0.049388 0.273969 0.073235 0.000000 
0.000000 0.165727 0.000000 0.000001 0.025239 0.000000 0.026654 0.006402 0.558373 0.160409 0.000019 0.057176 
0.023069 0.000000 0.000000 0.000001 0.029570 0.000000 0.674575 0.024605 0.000015 0.121431 0.063004 0.063731 
0.000000 0.000000 0.000000 0.514910 0.053161 0.000000 0.009037 0.010234 0.027136 0.276526 0.108996 0.000000 
0.000000 0.000000 0.000000 0.198960 0.000002 0.000000 0.159228 0.021003 0.028738 0.160799 0.180491 0.250779 
0.000000 0.000000 0.000000 0.000001 0.000002 0.000000 0.021613 0.023882 0.629949 0.266130 0.058422 0.000000 
0.000000 0.000000 0.000000 0.035366 0.772719 0.000000 0.007130 0.037582 0.000014 0.147160 0.000028 0.000000 
0.000000 0.000000 0.000000 0.000001 0.068779 0.000000 0.058248 0.000291 0.380964 0.300933 0.152258 0.038525 
0.000000 0.816457 0.000000 0.000001 0.020278 0.000000 0.013562 0.000245 0.023928 0.020656 0.104873 0.000000 
0.000000 0.000000 0.000000 0.000001 0.000001 0.000000 0.446378 0.020529 0.026926 0.001156 0.017008 0.488001 
0.264950 0.000000 0.000000 0.154015 0.058632 0.000000 0.000078 0.000201 0.000015 0.445920 0.076190 0.000000 
0.213013 0.068075 0.000000 0.160470 0.000002 0.000000 0.000119 0.045299 0.000014 0.438262 0.074746 0.000000 
0.000000 0.491260 0.000000 0.311858 0.000002 0.000000 0.005408 0.036385 0.057291 0.097776 0.000021 0.000000 
0.044275 0.000000 0.000000 0.459152 0.000002 0.023445 0.025463 0.129395 0.076441 0.142249 0.099578 0.000000 
0.165735 0.000000 0.000000 0.000001 0.000002 0.000000 0.085846 0.194149 0.000015 0.443297 0.110955 0.000000 
0.249537 0.000000 0.094045 0.008576 0.000002 0.000000 0.000087 0.074808 0.000015 0.430732 0.083420 0.058778 
0.000000 0.000000 0.000000 0.000001 0.236016 0.000000 0.271508 0.000251 0.067046 0.006938 0.038821 0.379418 
0.044349 0.000000 0.000000 0.068205 0.000002 0.000000 0.518479 0.159359 0.000015 0.209573 0.000018 0.000000 
0.000000 0.000000 0.000000 0.000001 0.019221 0.000000 0.074692 0.000132 0.015793 0.824718 0.065442 0.000000 
0.000000 0.147402 0.000000 0.000001 0.000002 0.000000 0.045700 0.033664 0.000014 0.716935 0.056282 0.000000 
0.000000 0.000000 0.046872 0.000001 0.021518 0.000000 0.693550 0.020807 0.000014 0.067320 0.000020 0.149898 
0.000000 0.000000 0.059194 0.000001 0.162501 0.000000 0.041384 0.024711 0.443613 0.206254 0.000019 0.062322 
0.000000 0.914933 0.023366 0.030651 0.000002 0.029639 0.000146 0.000244 0.000010 0.000986 0.000022 0.000000 
0.255322 0.019079 0.000000 0.075814 0.000001 0.000000 0.000172 0.050298 0.061590 0.412266 0.125458 0.000000 
0.000000 0.000000 0.000000 0.020310 0.000001 0.000000 0.001879 0.977188 0.000005 0.000582 0.000035 0.000000 
0.033714 0.049053 0.000000 0.000001 0.000002 0.000000 0.244030 0.334161 0.017514 0.024099 0.000018 0.297408 
0.000000 0.000000 0.000000 0.000001 0.000002 0.000000 0.050666 0.036806 0.000016 0.241591 0.670917 0.000000 
0.000000 0.409083 0.000000 0.055288 0.000001 0.035760 0.000112 0.023151 0.145589 0.194926 0.136090 0.000000 
0.000000 0.000000 0.000000 0.038460 0.072563 0.000000 0.050262 0.393719 0.000014 0.444956 0.000026 0.000000 
0.048085 0.121983 0.037369 0.000001 0.000002 0.000000 0.000050 0.009894 0.668874 0.113722 0.000022 0.000000 
0.000000 0.000000 0.000000 0.000001 0.019295 0.000000 0.422123 0.211514 0.017312 0.112393 0.079804 0.137557 
0.000000 0.000000 0.000000 0.000001 0.012715 0.000000 0.069121 0.009297 0.000013 0.885227 0.023627 0.000000 
0.217391 0.000000 0.000000 0.247058 0.000002 0.000000 0.077548 0.051121 0.021542 0.313774 0.071564 0.000000 
0.000000 0.024459 0.000000 0.000001 0.010284 0.000000 0.402942 0.007907 0.009281 0.000928 0.000012 0.544185 
0.000000 0.000000 0.000000 0.162391 0.127852 0.000000 0.004245 0.510373 0.000016 0.110558 0.084565 0.000000 
0.256886 0.000000 0.000000 0.132756 0.000001 0.000000 0.000073 0.083997 0.088624 0.318178 0.119485 0.000000 
0.043290 0.019718 0.000000 0.057801 0.000001 0.000000 0.228639 0.000228 0.132429 0.173474 0.000018 0.344401 
0.000000 0.000000 0.000000 0.161144 0.007504 0.000000 0.050355 0.019480 0.000012 0.156436 0.605068 0.000000 
0.000000 0.827524 0.025827 0.000001 0.043006 0.000000 0.000132 0.097629 0.000013 0.005848 0.000020 0.000000 
0.000000 0.000000 0.000000 0.000001 0.000002 0.000000 0.080908 0.858630 0.000015 0.060428 0.000016 0.000000 
0.062129 0.164561 0.000000 0.133922 0.000001 0.000000 0.054275 0.045283 0.000014 0.162586 0.377229 0.000000 
0.010281 0.831194 0.000000 0.000001 0.000002 0.000000 0.011470 0.136409 0.000015 0.010602 0.000025 0.000000 
0.069627 0.000000 0.000000 0.111114 0.000001 0.000000 0.143282 0.035411 0.215964 0.184824 0.107340 0.132437 
0.060046 0.000000 0.039514 0.218657 0.522672 0.000000 0.000154 0.045298 0.000014 0.084757 0.028888 0.000000 
0.000000 0.291618 0.000000 0.014700 0.054635 0.000000 0.038070 0.018921 0.251296 0.330739 0.000021 0.000000 
0.023719 0.000000 0.000000 0.091078 0.000002 0.000000 0.577621 0.069365 0.084771 0.118950 0.034493 0.000000 
0.000000 0.000000 0.000000 0.000001 0.292487 0.000000 0.098985 0.048691 0.016254 0.402671 0.107136 0.033776 
0.112767 0.276844 0.000000 0.081401 0.000002 0.000000 0.044662 0.000205 0.000014 0.313512 0.048845 0.121749 
0.000000 0.806229 0.000000 0.000001 0.000001 0.000000 0.035452 0.018139 0.000017 0.103352 0.036808 0.000000 
0.015620 0.000000 0.000000 0.000001 0.000002 0.000000 0.037637 0.027334 0.208171 0.645975 0.065260 0.000000 
0.000000 0.515764 0.000000 0.292178 0.000002 0.000000 0.000104 0.030972 0.000013 0.111457 0.049510 0.000000 
0.000000 0.000000 0.000000 0.000001 0.000001 0.000000 0.376318 0.062393 0.023850 0.021931 0.025716 0.489790 
0.000000 0.031292 0.000000 0.070258 0.110259 0.000000 0.052716 0.144451 0.000014 0.562506 0.028503 0.000000 
0.000000 0.000000 0.000000 0.000001 0.367108 0.015651 0.003970 0.123503 0.394101 0.047641 0.009290 0.038734 
0.117620 0.579516 0.000000 0.091480 0.000002 0.000000 0.000124 0.029723 0.000013 0.181498 0.000024 0.000000 
0.000000 0.000000 0.000000 0.067517 0.026689 0.000000 0.000196 0.427052 0.412145 0.066382 0.000019 0.000000 
0.000000 0.000000 0.037176 0.504255 0.000002 0.000000 0.029191 0.039247 0.036584 0.271004 0.082541 0.000000 
0.000000 0.000000 0.000000 0.000001 0.123368 0.000000 0.157079 0.055645 0.472229 0.191649 0.000028 0.000000 
0.069032 0.000000 0.023756 0.104337 0.039269 0.000000 0.557062 0.024256 0.045485 0.105511 0.000022 0.031267 
0.000000 0.222891 0.000000 0.025617 0.000002 0.000000 0.030531 0.010987 0.560755 0.149198 0.000019 0.000000 
0.000000 0.000000 0.040902 0.004664 0.020355 0.000000 0.055171 0.027066 0.000014 0.769765 0.082063 0.000000 
0.000000 0.033705 0.000000 0.000001 0.646265 0.030708 0.145207 0.011752 0.020009 0.088562 0.023791 0.000000 
0.000000 0.870536 0.000000 0.000001 0.023003 0.000000 0.000110 0.004016 0.033180 0.017378 0.051776 0.000000 
0.000000 0.298704 0.000000 0.000001 0.030509 0.000000 0.000114 0.346602 0.000015 0.068619 0.230548 0.024889 
0.000000 0.000000 0.000000 0.000001 0.000002 0.000000 0.034340 0.761291 0.032631 0.160314 0.011422 0.000000 
0.023579 0.000000 0.000000 0.000001 0.000001 0.000000 0.027040 0.021535 0.809517 0.118310 0.000016 0.000000 
0.000000 0.000000 0.060332 0.058795 0.000002 0.000000 0.025146 0.005786 0.399836 0.421514 0.028589 0.000000 
0.000000 0.000000 0.000000 0.049563 0.096781 0.000000 0.050329 0.678493 0.019852 0.040670 0.000017 0.064296 
0.000000 0.314281 0.000000 0.063754 0.035798 0.000000 0.010337 0.000225 0.074896 0.491305 0.009404 0.000000 
0.093101 0.000000 0.032219 0.000001 0.000002 0.000000 0.013215 0.018705 0.782468 0.055310 0.004979 0.000000 
0.046096 0.748258 0.000000 0.000001 0.000002 0.000000 0.000146 0.008153 0.020579 0.133823 0.042942 0.000000 
0.000000 0.000000 0.000000 0.322288 0.399138 0.000000 0.047723 0.024097 0.019293 0.140448 0.047011 0.000000 
0.000000 0.022486 0.000000 0.000001 0.014164 0.000000 0.504444 0.013104 0.231916 0.155663 0.000019 0.058202 
0.004067 0.711894 0.000000 0.000001 0.000001 0.000000 0.044556 0.006321 0.212030 0.021114 0.000016 0.000000 
0.105835 0.000000 0.000000 0.000001 0.059914 0.000000 0.046168 0.025551 0.586015 0.145365 0.031150 0.000000 
0.000000 0.000000 0.000000 0.093222 0.031959 0.000000 0.689049 0.055491 0.003384 0.112661 0.014234 0.000000 
0.199899 0.000000 0.000000 0.138559 0.000002 0.000000 0.139029 0.030699 0.138462 0.302014 0.051336 0.000000 
0.000000 0.000000 0.000000 0.116766 0.000002 0.000000 0.015121 0.630784 0.000013 0.215741 0.021572 0.000000 
0.000000 0.000000 0.000000 0.175996 0.066042 0.000000 0.614072 0.000230 0.073645 0.069996 0.000019 0.000000 
0.000000 0.000000 0.000000 0.418376 0.168976 0.000000 0.034280 0.038884 0.011984 0.176481 0.151019 0.000000 
0.000000 0.031220 0.000000 0.572236 0.000002 0.000000 0.014747 0.059952 0.023196 0.204023 0.094625 0.000000 
0.000000 0.191087 0.000000 0.160513 0.000002 0.000000 0.000137 0.305245 0.139509 0.120404 0.042189 0.040913 
0.000000 0.000000 0.000000 0.000001 0.016439 0.000000 0.066822 0.011290 0.034166 0.789652 0.081630 0.000000 
0.000000 0.000000 0.000000 0.000001 0.000002 0.000000 0.007271 0.975795 0.014924 0.001999 0.000008 0.000000 
0.000000 0.000000 0.000000 0.000001 0.005253 0.000000 0.065971 0.000126 0.069341 0.818541 0.040767 0.000000 
0.025050 0.116850 0.048787 0.000001 0.000002 0.000000 0.615972 0.035871 0.035796 0.079570 0.042103 0.000000 
0.000000 0.000000 0.000000 0.028992 0.424887 0.060465 0.319633 0.018365 0.071681 0.075953 0.000023 0.000000 
0.000000 0.000000 0.000000 0.000001 0.000002 0.000000 0.305862 0.012982 0.094467 0.259192 0.021318 0.306175 
0.029265 0.411623 0.008058 0.000001 0.000002 0.000000 0.000116 0.000329 0.430183 0.120399 0.000024 0.000000 
0.000000 0.000000 0.040688 0.000001 0.000001 0.000000 0.018585 0.020544 0.344975 0.180435 0.369406 0.025365 
0.000000 0.000000 0.000000 0.020257 0.060345 0.000000 0.033983 0.000291 0.665015 0.150516 0.027150 0.042443 
0.000000 0.244670 0.000000 0.346613 0.061007 0.000000 0.013642 0.066963 0.028393 0.209228 0.029485 0.000000 
0.000000 0.157391 0.000000 0.000001 0.000002 0.000000 0.042098 0.431579 0.000013 0.100037 0.268879 0.000000 
0.039601 0.000000 0.032035 0.000001 0.525252 0.000000 0.146677 0.008598 0.039890 0.085491 0.122456 0.000000 
0.000000 0.039699 0.000000 0.028455 0.382125 0.000000 0.014333 0.016684 0.433525 0.085159 0.000020 0.000000 
0.000000 0.849599 0.000000 0.000001 0.000001 0.000000 0.062455 0.000201 0.000011 0.005964 0.000025 0.081743 
0.000000 0.049677 0.059856 0.496053 0.000002 0.000000 0.212811 0.038350 0.067169 0.076049 0.000033 0.000000 
0.000000 0.000000 0.000000 0.000001 0.011977 0.000000 0.567252 0.049599 0.051486 0.063948 0.000015 0.255723 
0.140304 0.000000 0.000000 0.000001 0.000002 0.000000 0.040887 0.156703 0.023387 0.593114 0.045603 0.000000 
0.000000 0.132123 0.000000 0.000001 0.580793 0.000000 0.174071 0.053478 0.000014 0.059495 0.000025 0.000000 
0.000000 0.000000 0.000000 0.026655 0.016442 0.000000 0.023983 0.252176 0.235090 0.439174 0.006479 0.000000 
0.000000 0.000000 0.000000 0.000001 0.011259 0.000000 0.065373 0.012879 0.095109 0.765347 0.050033 0.000000 
0.176498 0.156267 0.000000 0.151021 0.000001 0.000000 0.010473 0.033320 0.000013 0.416774 0.055632 0.000000 
0.000000 0.000000 0.000000 0.006147 0.000002 0.000000 0.012542 0.720464 0.000014 0.245110 0.015722 0.000000 
0.000000 0.000000 0.000000 0.000001 0.909511 0.000000 0.021218 0.036798 0.014778 0.017657 0.000037 0.000000 
0.000000 0.000000 0.041712 0.054320 0.000002 0.000000 0.531060 0.076372 0.145831 0.137911 0.012792 0.000000 
0.000000 0.000000 0.000000 0.000001 0.172957 0.000000 0.259718 0.122994 0.015548 0.029473 0.000016 0.399293 
0.000000 0.493964 0.000000 0.000001 0.000002 0.000000 0.000112 0.009788 0.290581 0.205529 0.000023 0.000000 
0.000000 0.000000 0.000000 0.000001 0.207212 0.000000 0.340872 0.000247 0.021083 0.008158 0.000018 0.422409 
0.000000 0.000000 0.000000 0.108724 0.636785 0.000000 0.019030 0.056091 0.032612 0.137291 0.009467 0.000000 
0.000000 0.000000 0.035714 0.000001 0.000001 0.000000 0.705141 0.096133 0.025258 0.097418 0.040333 0.000000 
0.000000 0.023305 0.000000 0.000001 0.000001 0.000000 0.035223 0.927388 0.000010 0.014050 0.000022 0.000000 
0.000000 0.015687 0.000000 0.096712 0.017236 0.000000 0.044719 0.000327 0.000015 0.776536 0.048769 0.000000 
0.000000 0.000000 0.000000 0.000001 0.000002 0.000000 0.017094 0.115890 0.660859 0.206132 0.000020 0.000000 
0.000000 0.552846 0.050538 0.000001 0.000002 0.000000 0.000126 0.033117 0.255923 0.094514 0.012933 0.000000 
0.000000 0.000000 0.050534 0.000001 0.000002 0.022789 0.128211 0.006801 0.000015 0.213378 0.534227 0.044042 
0.019734 0.000000 0.000000 0.051166 0.815743 0.000000 0.027394 0.027235 0.000013 0.058700 0.000015 0.000000 
0.000000 0.000000 0.000000 0.000001 0.000002 0.000000 0.018432 0.685474 0.000014 0.140021 0.156056 0.000000 
0.230652 0.000000 0.000000 0.182391 0.000002 0.000000 0.000111 0.150599 0.009768 0.390711 0.035765 0.000000 
0.000000 0.000000 0.028350 0.220448 0.000002 0.000000 0.181957 0.049604 0.018038 0.426510 0.075090 0.000000 
0.243888 0.000000 0.000000 0.090195 0.000002 0.000000 0.000110 0.036624 0.000015 0.472564 0.133244 0.023359 
0.000000 0.000000 0.000000 0.000001 0.125578 0.000000 0.001637 0.009155 0.702671 0.137089 0.000015 0.023853 
0.000000 0.000000 0.044421 0.000001 0.420603 0.000000 0.042836 0.000261 0.000015 0.454113 0.037752 0.000000 
0.000000 0.000000 0.000000 0.045486 0.000002 0.000000 0.037757 0.032385 0.019162 0.221394 0.643815 0.000000 
0.000000 0.000000 0.000000 0.000001 0.007401 0.000000 0.043739 0.006297 0.117286 0.745826 0.079451 0.000000 
0.000000 0.000000 0.000000 0.020652 0.011042 0.000000 0.385476 0.027847 0.223168 0.308026 0.023789 0.000000 
0.000000 0.213243 0.000000 0.000001 0.117110 0.000000 0.131082 0.157335 0.228334 0.152873 0.000022 0.000000 
0.000000 0.120046 0.000000 0.000001 0.031413 0.000000 0.022175 0.513151 0.070395 0.077471 0.165347 0.000000 
0.000000 0.000000 0.000000 0.101345 0.000002 0.000000 0.052134 0.693611 0.000013 0.144173 0.008723 0.000000 
0.000000 0.000000 0.000000 0.089901 0.000002 0.031604 0.021340 0.017260 0.662901 0.176976 0.000016 0.000000 
0.052365 0.000000 0.000000 0.298613 0.316867 0.000000 0.036814 0.022630 0.000014 0.198936 0.027447 0.046312 
0.000000 0.000000 0.032181 0.014134 0.024656 0.000000 0.349999 0.009291 0.000016 0.142585 0.346962 0.080175 
0.000000 0.000000 0.000000 0.022886 0.639996 0.015592 0.082394 0.000265 0.172265 0.039150 0.000018 0.027434 
0.000000 0.067274 0.000000 0.092246 0.117245 0.000000 0.032117 0.034922 0.083936 0.183689 0.388572 0.000000 
0.000000 0.564144 0.000000 0.000001 0.000002 0.000000 0.242540 0.073158 0.060221 0.021744 0.038191 0.000000 
0.000000 0.000000 0.000000 0.000001 0.054051 0.000000 0.062887 0.000244 0.000013 0.831121 0.051683 0.000000 
0.000000 0.000000 0.000000 0.000001 0.000003 0.000000 0.356799 0.000189 0.099388 0.028192 0.006513 0.508915 
0.000000 0.000000 0.000000 0.000001 0.058658 0.000000 0.014243 0.609475 0.000013 0.304277 0.013332 0.000000 
0.000000 0.493576 0.000000 0.034317 0.027291 0.000000 0.000125 0.417864 0.000012 0.026797 0.000019 0.000000 
0.000000 0.000000 0.000000 0.038929 0.097000 0.000000 0.313474 0.380977 0.054164 0.084649 0.030807 0.000000 
0.000000 0.135785 0.048883 0.077681 0.131467 0.000000 0.076800 0.011090 0.276634 0.088333 0.153327 0.000000 
0.000000 0.000000 0.000000 0.000001 0.038663 0.000000 0.071032 0.011100 0.017516 0.167693 0.647002 0.046992 
0.000000 0.000000 0.000000 0.367082 0.109509 0.000000 0.000116 0.320485 0.028929 0.157937 0.015942 0.000000 
0.000000 0.000000 0.000000 0.089463 0.000001 0.000000 0.333062 0.071703 0.027534 0.143017 0.335219 0.000000 
