-955895.639045
0
0.000000 0.000000 0.000000 0.008028 0.000000 0.000000 0.000000 0.000000 0.000000 0.002823 0.013304 0.004322 0.000000 0.000000 0.000000 0.000000 0.001192 0.005156 0.000000 0.003985 0.000000 0.003902 0.001581 0.016421 0.001414 0.000000 0.001048 0.015722 0.000000 0.000000 0.000000 0.000000 0.000000 0.000000 0.011925 0.002626 0.000000 0.000000 0.000000 0.000000 0.000000 0.001694 0.000000 0.000000 0.002548 0.000000 0.003468 0.019096 0.000000 0.001146 0.000000 0.008604 0.000000 0.000000 0.000000 0.000000 0.000000 0.013221 0.029741 0.014857 0.000000 0.000000 0.000000 0.000000 0.006704 0.010932 0.005717 0.012292 0.000000 0.002340 0.000902 0.002625 0.037789 0.011450 0.003959 0.332832 0.000000 0.000000 0.000000 0.000000 0.000000 0.014062 0.219182 0.035612 0.000000 0.000000 0.000000 0.002696 0.001197 0.010101 0.006827 0.009943 0.005766 0.010353 0.001928 0.066967 
0.000000 0.000000 0.000000 0.002296 0.001861 0.000000 0.000000 0.000776 0.035426 0.018942 0.028298 0.013612 0.000000 0.004395 0.000000 0.004524 0.004293 0.002639 0.031459 0.000000 0.000000 0.002751 0.000000 0.001979 0.015551 0.035608 0.015247 0.090318 0.000000 0.000000 0.000000 0.000000 0.000000 0.012256 0.073447 0.001251 0.000000 0.004302 0.000000 0.001652 0.009281 0.003613 0.042924 0.000000 0.000000 0.006331 0.007076 0.012976 0.001934 0.008694 0.002857 0.012523 0.000000 0.003371 0.000000 0.002025 0.084668 0.102312 0.124372 0.076308 0.000000 0.004273 0.000000 0.003600 0.015717 0.004210 0.015431 0.000000 0.000000 0.002175 0.001163 0.005967 0.000000 0.000000 0.000000 0.000000 0.000000 0.000000 0.000000 0.000000 0.000000 0.000000 0.008540 0.000000 0.000000 0.000000 0.000000 0.000000 0.007521 0.002394 0.008260 0.003007 0.000000 0.002807 0.001437 0.009349 
0.004663 0.008066 0.005860 0.000000 0.041625 0.023958 0.010660 0.044333 0.021859 0.010154 0.000000 0.007346 0.000000 0.001901 0.000000 0.000000 0.008122 0.009172 0.008413 0.000811 0.000000 0.003078 0.013163 0.012694 0.006181 0.008574 0.002815 0.000000 0.032720 0.027600 0.008651 0.045147 0.019113 0.000000 0.000000 0.002435 0.005438 0.003386 0.003488 0.008066 0.009075 0.017347 0.006292 0.005884 0.000000 0.008869 0.016080 0.010543 0.000000 0.006192 0.000000 0.002153 0.024663 0.018034 0.003625 0.033909 0.034491 0.010555 0.000000 0.014111 0.000000 0.010546 0.007371 0.000000 0.007070 0.008675 0.003892 0.000000 0.009486 0.009401 0.030939 0.007474 0.000000 0.010804 0.000000 0.000000 0.036891 0.041681 0.006441 0.072345 0.000000 0.000000 0.000000 0.000000 0.000000 0.006617 0.002438 0.000000 0.013290 0.016424 0.010908 0.010464 0.000000 0.016580 0.015900 0.013046 
0.042120 0.037551 0.000000 0.037519 0.010695 0.004845 0.000000 0.009592 0.019326 0.005322 0.007201 0.026931 0.017431 0.015133 0.015860 0.023250 0.016208 0.007992 0.010043 0.027567 0.002244 0.000000 0.007841 0.002645 0.034220 0.022878 0.000000 0.034403 0.006981 0.006013 0.000000 0.011803 0.000000 0.000000 0.002596 0.021717 0.012323 0.020447 0.016447 0.031256 0.004461 0.012444 0.006924 0.011862 0.000000 0.001647 0.006739 0.000000 0.023346 0.014443 0.000000 0.024388 0.000000 0.004248 0.000000 0.006183 0.000000 0.000000 0.000000 0.005715 0.008912 0.008928 0.010852 0.021963 0.005763 0.007096 0.004564 0.009057 0.000000 0.000846 0.006537 0.003633 0.025626 0.017811 0.000000 0.039957 0.003678 0.004292 0.000000 0.008492 0.000000 0.000000 0.000000 0.008795 0.015782 0.015583 0.009853 0.033646 0.004971 0.006342 0.000000 0.012725 0.000000 0.000000 0.006529 0.006967 
0.005583 0.006163 0.000000 0.000000 0.000000 0.001439 0.000000 0.002412 0.033754 0.014677 0.245351 0.014948 0.002709 0.000000 0.000000 0.006706 0.013198 0.008799 0.011008 0.006091 0.000000 0.002291 0.000000 0.003530 0.000000 0.002357 0.000000 0.000000 0.000000 0.000000 0.000000 0.000000 0.020122 0.000000 0.135493 0.013909 0.000000 0.000000 0.000000 0.000000 0.000000 0.004577 0.000000 0.006446 0.000000 0.000000 0.000000 0.000000 0.004248 0.003456 0.000000 0.000000 0.000000 0.002430 0.000000 0.000000 0.034059 0.029388 0.155969 0.018792 0.000000 0.000000 0.000000 0.000000 0.010884 0.007024 0.005269 0.009549 0.000000 0.000000 0.000000 0.000000 0.006675 0.008769 0.000000 0.012512 0.001430 0.001505 0.000000 0.000000 0.000000 0.000000 0.090375 0.004164 0.001884 0.000000 0.000000 0.000000 0.008079 0.004793 0.012476 0.004705 0.000000 0.000000 0.000000 0.000000 
0.000000 0.000000 0.000000 0.000000 0.014344 0.011816 0.004453 0.015233 0.031763 0.018494 0.013872 0.018006 0.009039 0.005779 0.011390 0.009119 0.060803 0.020510 0.048128 0.044356 0.000000 0.003224 0.005742 0.000000 0.000000 0.000000 0.004290 0.000000 0.010122 0.010073 0.000000 0.008123 0.033023 0.000000 0.000000 0.012453 0.000000 0.000000 0.009561 0.001606 0.019008 0.017491 0.027327 0.022445 0.000000 0.003667 0.000000 0.009596 0.009407 0.006541 0.000000 0.003931 0.010518 0.007495 0.000000 0.007052 0.029146 0.031030 0.014202 0.035081 0.008144 0.002709 0.007723 0.000000 0.028266 0.012012 0.024145 0.025312 0.002720 0.000000 0.005623 0.000000 0.014315 0.013894 0.000000 0.008266 0.000000 0.009115 0.000000 0.007230 0.000000 0.000000 0.000000 0.006242 0.004533 0.004041 0.005546 0.000000 0.025749 0.024350 0.025850 0.025759 0.000000 0.000000 0.006616 0.012582 
0.000000 0.000000 0.028889 0.000000 0.000000 0.028339 0.014848 0.000000 0.000001 0.000013 0.000000 0.000002 0.000000 0.000000 0.000000 0.000000 0.000010 0.000000 0.046806 0.000000 0.000000 0.000000 0.000000 0.000000 0.000000 0.000000 0.000000 0.000000 0.000000 0.000000 0.020415 0.000000 0.000001 0.000000 0.080739 0.000005 0.000000 0.000000 0.000000 0.000000 0.052617 0.000000 0.000000 0.000001 0.000000 0.042034 0.039946 0.043464 0.000000 0.068518 0.090547 0.000000 0.000000 0.000001 0.000000 0.000000 0.194492 0.000009 0.000000 0.086476 0.000000 0.000000 0.000000 0.000000 0.026062 0.037633 0.000000 0.000000 0.000000 0.000000 0.000000 0.000000 0.000002 0.000000 0.055639 0.000000 0.000000 0.000000 0.000000 0.000000 0.000000 0.000000 0.000000 0.000003 0.000000 0.000000 0.000000 0.000000 0.000008 0.000001 0.042476 0.000000 0.000000 0.000000 0.000001 0.000000 
0.000000 0.000000 0.000000 0.057942 0.000000 0.000000 0.000000 0.000000 0.000001 0.000019 0.000000 0.000002 0.000000 0.000000 0.000000 0.000000 0.041319 0.000000 0.043584 0.000000 0.000000 0.000000 0.000000 0.000000 0.064464 0.000000 0.000000 0.000000 0.000000 0.000000 0.000000 0.000000 0.000001 0.000000 0.000004 0.024196 0.000000 0.000000 0.000000 0.000000 0.000004 0.000000 0.000000 0.000002 0.000000 0.045446 0.000001 0.070986 0.050161 0.000002 0.000000 0.000000 0.000000 0.000001 0.000000 0.000000 0.000001 0.057890 0.000000 0.000044 0.000000 0.000000 0.000000 0.000000 0.029813 0.000000 0.000000 0.055043 0.000000 0.000000 0.000000 0.000000 0.035256 0.000001 0.000000 0.000000 0.000000 0.000000 0.000000 0.000000 0.000000 0.000000 0.279422 0.000004 0.000000 0.000000 0.000000 0.020415 0.046013 0.000001 0.000000 0.000001 0.000000 0.000000 0.000001 0.077959 
0.000000 0.000000 0.000000 0.000000 0.000000 0.000000 0.002711 0.000000 0.000001 0.000019 0.000000 0.000002 0.000000 0.000000 0.000000 0.000000 0.000015 0.000000 0.000006 0.000000 0.000000 0.000000 0.000000 0.000000 0.000000 0.000000 0.000000 0.000000 0.000000 0.000000 0.058211 0.000000 0.000001 0.388828 0.000004 0.000007 0.000000 0.000000 0.026154 0.000000 0.013485 0.000000 0.000000 0.000002 0.000000 0.000000 0.126719 0.000000 0.000000 0.000001 0.000000 0.053243 0.000000 0.026680 0.000000 0.000000 0.000001 0.000011 0.000000 0.000037 0.000000 0.000000 0.000000 0.000000 0.000006 0.000000 0.000000 0.000001 0.000000 0.000000 0.000000 0.000000 0.000003 0.000001 0.114798 0.000000 0.000000 0.019136 0.022183 0.000000 0.000000 0.000000 0.000000 0.000004 0.097030 0.000000 0.000000 0.000000 0.000011 0.019398 0.000000 0.000000 0.000000 0.000000 0.000001 0.031290 
0.000000 0.000000 0.000000 0.000000 0.000000 0.000000 0.000000 0.000000 0.000002 0.055855 0.000000 0.000004 0.000000 0.000000 0.000000 0.000000 0.000025 0.000000 0.000013 0.000001 0.000000 0.000000 0.000000 0.026584 0.000000 0.000000 0.000000 0.000000 0.000000 0.000000 0.000000 0.000000 0.000001 0.000000 0.000007 0.000013 0.000000 0.000000 0.000000 0.000000 0.000007 0.000000 0.000000 0.061420 0.000000 0.000000 0.000003 0.000001 0.000000 0.000003 0.000000 0.000001 0.000000 0.000001 0.000000 0.000000 0.000001 0.000022 0.000000 0.000076 0.000000 0.000000 0.000000 0.000000 0.000017 0.000001 0.000001 0.000001 0.000000 0.000000 0.000000 0.000000 0.079748 0.000001 0.055988 0.000001 0.000000 0.000000 0.000000 0.000000 0.000000 0.000000 0.434004 0.241920 0.000000 0.000000 0.000000 0.000000 0.044272 0.000003 0.000001 0.000001 0.000000 0.000000 0.000001 0.000001 
0.000000 0.000000 0.000000 0.000000 0.000000 0.000000 0.000000 0.000000 0.000001 0.056428 0.000000 0.000001 0.000000 0.014262 0.000000 0.000000 0.011667 0.000000 0.000004 0.030933 0.000000 0.000000 0.032557 0.000000 0.000000 0.000000 0.000000 0.000000 0.000000 0.000000 0.000000 0.000000 0.012568 0.263961 0.128434 0.000004 0.000000 0.000000 0.000000 0.000000 0.071385 0.000000 0.108408 0.038880 0.000000 0.057147 0.000001 0.000000 0.000000 0.000001 0.000000 0.000000 0.000000 0.013527 0.000000 0.000000 0.021782 0.080177 0.000000 0.000025 0.000000 0.000000 0.000000 0.000000 0.000004 0.000000 0.000000 0.057829 0.000000 0.000000 0.000000 0.000000 0.000002 0.000000 0.000000 0.000000 0.000000 0.000000 0.000000 0.000000 0.000000 0.000000 0.000000 0.000003 0.000000 0.000000 0.000000 0.000000 0.000006 0.000001 0.000000 0.000000 0.000000 0.000000 0.000000 0.000000 
0.000000 0.000000 0.000000 0.000000 0.000000 0.000000 0.000000 0.000000 0.000000 0.019511 0.000000 0.003830 0.000000 0.000784 0.000957 0.003098 0.000000 0.000000 0.000000 0.000000 0.000000 0.000000 0.000000 0.000000 0.000000 0.000000 0.000000 0.000000 0.000000 0.000000 0.000000 0.000000 0.080652 0.105802 0.020367 0.081306 0.000000 0.001135 0.000000 0.000738 0.000000 0.000801 0.000000 0.004146 0.000000 0.000000 0.000000 0.000000 0.000000 0.000000 0.000000 0.000000 0.000000 0.000000 0.000000 0.000000 0.000000 0.021124 0.000000 0.016960 0.000000 0.000000 0.000000 0.000729 0.000000 0.000000 0.000000 0.007976 0.000000 0.000000 0.001462 0.000214 0.000000 0.000953 0.000000 0.000000 0.000000 0.000000 0.000000 0.000000 0.124523 0.301124 0.098109 0.091284 0.000000 0.000000 0.000784 0.004641 0.001255 0.001438 0.001802 0.001844 0.000000 0.000000 0.000650 0.000000 
0.000000 0.000000 0.000000 0.000000 0.000000 0.069388 0.000000 0.000000 0.000002 0.000042 0.000000 0.000004 0.000000 0.000000 0.000000 0.000000 0.000032 0.000000 0.000015 0.000001 0.000000 0.000000 0.000000 0.000000 0.000000 0.000000 0.000000 0.000000 0.000000 0.000000 0.000000 0.000000 0.000002 0.000000 0.000008 0.000015 0.000000 0.000000 0.000000 0.000000 0.000009 0.000001 0.000000 0.000004 0.000000 0.000000 0.077871 0.100955 0.000000 0.000004 0.000000 0.000001 0.000000 0.000002 0.000000 0.000000 0.000002 0.000027 0.000000 0.000087 0.061813 0.000000 0.000000 0.000000 0.000013 0.000001 0.000001 0.000001 0.000000 0.000000 0.000000 0.000000 0.000008 0.000001 0.000000 0.000001 0.000000 0.000000 0.000000 0.000000 0.000000 0.000000 0.000001 0.000010 0.000000 0.175763 0.000000 0.000000 0.000026 0.000003 0.000001 0.000001 0.000000 0.383387 0.130498 0.000001 
0.039871 0.032421 0.024904 0.025039 0.011539 0.004096 0.003568 0.003946 0.010588 0.007411 0.000000 0.002442 0.002579 0.001921 0.008608 0.000000 0.006728 0.000000 0.005894 0.000000 0.000000 0.000000 0.000000 0.000000 0.052345 0.078335 0.012148 0.052631 0.011943 0.010655 0.006311 0.008295 0.022437 0.015707 0.003540 0.019841 0.008097 0.008704 0.040723 0.009105 0.002890 0.000000 0.011001 0.004386 0.000000 0.000000 0.003646 0.000000 0.042554 0.042720 0.027252 0.029408 0.010339 0.010750 0.007169 0.005087 0.000000 0.007347 0.000000 0.005240 0.008915 0.004621 0.015467 0.000657 0.005605 0.000000 0.003029 0.000000 0.000000 0.000000 0.000000 0.000000 0.041515 0.066174 0.012845 0.038899 0.003270 0.011561 0.004301 0.000000 0.000000 0.000000 0.000000 0.003038 0.003055 0.002887 0.009259 0.000000 0.001465 0.000000 0.000000 0.000000 0.000000 0.000000 0.001278 0.000000 
0.000439 0.000399 0.000000 0.000000 0.000000 0.000000 0.000000 0.000779 0.006287 0.000001 0.001752 0.002157 0.000000 0.000000 0.000000 0.000000 0.002333 0.000000 0.000600 0.001373 0.000000 0.000000 0.000257 0.000000 0.000000 0.000000 0.000000 0.000000 0.000000 0.000000 0.000000 0.000000 0.009189 0.000000 0.003268 0.005422 0.000000 0.000394 0.000000 0.000000 0.000865 0.000000 0.000000 0.000000 0.000289 0.000000 0.000000 0.000000 0.000000 0.000000 0.000000 0.000000 0.000000 0.000000 0.000000 0.000000 0.006613 0.000000 0.000000 0.002554 0.000000 0.000000 0.000000 0.000000 0.000000 0.000000 0.000000 0.000000 0.000000 0.000000 0.000000 0.000233 0.014389 0.007688 0.002562 0.013740 0.038889 0.000000 0.001378 0.072179 0.454175 0.067148 0.041491 0.241156 0.000000 0.000000 0.000000 0.000000 0.000000 0.000000 0.000000 0.000000 0.000000 0.000000 0.000000 0.000000 
0.004552 0.000000 0.000000 0.000000 0.001739 0.002359 0.000000 0.000000 0.003267 0.001826 0.000000 0.000000 0.013492 0.002177 0.004081 0.023520 0.025350 0.010866 0.020289 0.027248 0.049702 0.007222 0.005530 0.028736 0.003640 0.000000 0.000000 0.000000 0.000000 0.000000 0.000000 0.000000 0.006217 0.000000 0.000000 0.000000 0.004253 0.000194 0.001761 0.000000 0.022507 0.010451 0.019417 0.036138 0.033816 0.008432 0.016853 0.074177 0.010450 0.007317 0.000000 0.005732 0.000000 0.001399 0.000000 0.004626 0.005984 0.004415 0.003572 0.007298 0.001433 0.001394 0.000000 0.000000 0.010323 0.011639 0.012389 0.012225 0.009330 0.001467 0.005115 0.026441 0.024997 0.000000 0.000000 0.033360 0.002482 0.000000 0.000000 0.004167 0.000000 0.000000 0.000000 0.005957 0.024720 0.000000 0.014694 0.011030 0.020493 0.015925 0.011747 0.035036 0.079007 0.014810 0.010666 0.078550 
0.000000 0.000000 0.000000 0.777986 0.075766 0.000000 0.000000 0.000000 0.000000 0.000000 0.000000 0.008997 0.006057 0.057260 0.000010 0.073924 
0.119978 0.000000 0.118152 0.210279 0.401016 0.000001 0.000000 0.000000 0.000000 0.039959 0.034800 0.032490 0.000000 0.007526 0.018652 0.017146 
0.000000 0.000000 0.000000 0.004881 0.031228 0.000000 0.000000 0.000000 0.000000 0.034963 0.000000 0.028385 0.000000 0.003219 0.897310 0.000014 
0.000000 0.000000 0.342266 0.372721 0.034901 0.000001 0.000000 0.000000 0.000000 0.000000 0.000000 0.056654 0.000000 0.025657 0.107851 0.059948 
0.000000 0.000000 0.000000 0.084651 0.012769 0.020706 0.000000 0.000000 0.012600 0.000000 0.000000 0.407442 0.000000 0.427538 0.017114 0.017180 
0.000000 0.000000 0.055725 0.246694 0.000247 0.000000 0.023513 0.000000 0.031183 0.000000 0.000000 0.039098 0.000000 0.590597 0.000020 0.012923 
0.063172 0.000000 0.046788 0.201360 0.173747 0.073001 0.000000 0.000000 0.016959 0.000000 0.000000 0.040534 0.000000 0.007377 0.009179 0.367883 
0.000000 0.000000 0.000000 0.718846 0.039852 0.000001 0.000000 0.000000 0.000000 0.000000 0.000000 0.070516 0.000000 0.026807 0.084960 0.059018 
0.000000 0.000000 0.000000 0.005498 0.000114 0.000000 0.000000 0.000000 0.000000 0.000000 0.000000 0.072453 0.000000 0.000062 0.921869 0.000004 
0.000000 0.000000 0.000000 0.134019 0.571269 0.044494 0.034118 0.000000 0.000000 0.000000 0.000000 0.073504 0.000000 0.136358 0.000018 0.006220 
0.000000 0.000000 0.000000 0.864855 0.045002 0.000000 0.000000 0.000000 0.000000 0.000000 0.000000 0.012034 0.003065 0.043977 0.014278 0.016788 
0.000000 0.225070 0.000000 0.302127 0.225492 0.000001 0.046838 0.000000 0.000000 0.000000 0.020230 0.013836 0.000000 0.166366 0.000019 0.000022 
0.211423 0.000000 0.000000 0.166037 0.020731 0.262069 0.000000 0.000000 0.000000 0.000000 0.000000 0.196130 0.000000 0.072022 0.000019 0.071570 
0.000000 0.000000 0.000000 0.263857 0.019912 0.316098 0.043224 0.000000 0.015589 0.000000 0.000000 0.053715 0.009123 0.000072 0.224923 0.053486 
0.000000 0.048967 0.411603 0.321673 0.092678 0.000000 0.000000 0.000000 0.000000 0.000000 0.030491 0.000699 0.000000 0.039486 0.030340 0.024063 
0.000000 0.000000 0.000000 0.154804 0.009898 0.000001 0.000000 0.000000 0.000000 0.000000 0.000000 0.490332 0.000000 0.096768 0.085141 0.163057 
0.028047 0.000000 0.033368 0.151175 0.223561 0.000001 0.031229 0.000000 0.015122 0.000000 0.000000 0.032197 0.000000 0.319040 0.069130 0.097131 
0.000000 0.000000 0.061816 0.239041 0.189397 0.281769 0.000000 0.000000 0.000000 0.027107 0.069904 0.057352 0.000000 0.055195 0.000015 0.018404 
0.000000 0.000000 0.072600 0.288617 0.045762 0.269424 0.000000 0.000000 0.010726 0.000000 0.000000 0.088096 0.000000 0.025114 0.014211 0.185450 
0.073519 0.105824 0.000000 0.059261 0.000328 0.000001 0.000000 0.000000 0.000000 0.000000 0.000000 0.466165 0.005309 0.000059 0.289514 0.000020 
0.000000 0.000000 0.039296 0.498133 0.054467 0.000000 0.000000 0.000000 0.010771 0.000000 0.000000 0.325655 0.000000 0.044295 0.000015 0.027368 
0.000000 0.359361 0.000000 0.041660 0.330323 0.131235 0.000000 0.000000 0.028192 0.000000 0.000000 0.065618 0.008973 0.024791 0.000019 0.009827 
0.000000 0.000000 0.037747 0.205100 0.016469 0.000001 0.044010 0.000000 0.000000 0.000000 0.000000 0.275874 0.000000 0.405966 0.000017 0.014817 
0.000000 0.000000 0.000000 0.381400 0.027500 0.351848 0.056622 0.000000 0.029616 0.000000 0.000000 0.047891 0.000000 0.000059 0.015089 0.089975 
0.000000 0.000000 0.014431 0.044263 0.000229 0.062420 0.000000 0.000000 0.000000 0.000000 0.000000 0.830044 0.007832 0.021702 0.000013 0.019065 
0.013379 0.043486 0.000000 0.351268 0.479707 0.000000 0.000000 0.000000 0.000000 0.000000 0.025445 0.060256 0.000000 0.000067 0.000019 0.026373 
0.353234 0.034322 0.000000 0.099459 0.000180 0.000001 0.015062 0.000000 0.000000 0.000000 0.000000 0.020791 0.000000 0.310720 0.166215 0.000017 
0.000000 0.000000 0.041635 0.098624 0.019499 0.181576 0.000000 0.066460 0.000000 0.000000 0.000000 0.523968 0.000000 0.030342 0.020998 0.016897 
0.000000 0.000000 0.009289 0.554121 0.033134 0.051597 0.000000 0.000000 0.000000 0.000000 0.000000 0.017153 0.000000 0.063044 0.019595 0.252067 
0.000000 0.190362 0.000000 0.420056 0.199083 0.000000 0.000000 0.000000 0.000000 0.000000 0.000000 0.013105 0.000000 0.091384 0.042945 0.043064 
0.020918 0.000000 0.000000 0.152645 0.032687 0.290380 0.000000 0.000000 0.007778 0.000000 0.000000 0.224102 0.008515 0.000056 0.262889 0.000029 
0.000000 0.000000 0.045333 0.239202 0.014663 0.241882 0.050217 0.000000 0.000000 0.000000 0.000000 0.055132 0.000000 0.305128 0.000017 0.048425 
0.000000 0.070696 0.023940 0.236738 0.068868 0.224531 0.000000 0.000000 0.000000 0.000000 0.000000 0.052113 0.000000 0.037154 0.213978 0.071982 
0.236275 0.040378 0.000000 0.118435 0.354240 0.000000 0.000000 0.000000 0.000000 0.000000 0.035546 0.208732 0.000000 0.000065 0.000016 0.006313 
0.000000 0.000000 0.054120 0.075338 0.000313 0.029141 0.000000 0.000000 0.000000 0.000000 0.000000 0.074470 0.000000 0.000061 0.766522 0.000035 
0.203379 0.000000 0.000000 0.612568 0.041897 0.058035 0.000000 0.000000 0.000000 0.000000 0.000000 0.019599 0.000000 0.016458 0.006594 0.041471 
0.501554 0.000000 0.000000 0.049112 0.009865 0.000000 0.000000 0.000000 0.000000 0.000000 0.000000 0.306440 0.000000 0.041239 0.000012 0.091778 
0.000000 0.092276 0.000000 0.031798 0.029552 0.027623 0.000000 0.000000 0.000000 0.000000 0.000000 0.048555 0.000000 0.000085 0.739877 0.030235 
0.480400 0.000000 0.000000 0.133510 0.018240 0.143422 0.000000 0.000000 0.010863 0.000000 0.000000 0.023132 0.000000 0.156304 0.034111 0.000018 
0.000000 0.047492 0.061532 0.334193 0.017547 0.000001 0.000000 0.000000 0.000000 0.000000 0.000000 0.044820 0.000000 0.484754 0.009634 0.000026 
0.611136 0.138411 0.000000 0.049368 0.058660 0.000001 0.025804 0.000000 0.000000 0.000000 0.000000 0.076115 0.000000 0.040476 0.000013 0.000017 
0.000000 0.000000 0.000000 0.153944 0.031212 0.234669 0.000000 0.000000 0.000000 0.000000 0.000000 0.031625 0.005769 0.476323 0.022469 0.043989 
0.128255 0.060279 0.000000 0.183770 0.000297 0.055444 0.000000 0.000000 0.000000 0.000000 0.000000 0.025336 0.000000 0.416536 0.021405 0.108678 
0.000000 0.065797 0.000000 0.189617 0.285316 0.296091 0.013209 0.000000 0.029623 0.000000 0.000000 0.066394 0.005113 0.000059 0.016390 0.032392 
0.000000 0.000000 0.036901 0.033610 0.021490 0.000001 0.000000 0.000000 0.000000 0.000000 0.000000 0.014720 0.000000 0.380760 0.512503 0.000014 
0.000000 0.044868 0.067215 0.178546 0.000217 0.057433 0.000000 0.000000 0.017168 0.000000 0.000000 0.386043 0.000000 0.039981 0.000014 0.208516 
0.042835 0.000000 0.000000 0.698740 0.118161 0.000000 0.000000 0.000000 0.000000 0.000000 0.000000 0.029041 0.000000 0.046814 0.008651 0.055757 
0.033632 0.000000 0.000000 0.181931 0.043203 0.085879 0.000000 0.000000 0.002642 0.000000 0.000000 0.025502 0.000000 0.000068 0.000020 0.627124 
0.000000 0.207320 0.000000 0.036278 0.088825 0.034871 0.000000 0.000000 0.000000 0.000000 0.000000 0.037022 0.000000 0.470656 0.125013 0.000015 
0.756878 0.000000 0.000000 0.018532 0.000259 0.035756 0.000000 0.046863 0.000000 0.000000 0.000000 0.126127 0.000000 0.015551 0.000016 0.000018 
0.026827 0.111156 0.000000 0.283778 0.230366 0.000000 0.000000 0.000000 0.000000 0.000000 0.024353 0.005656 0.000000 0.106780 0.211058 0.000025 
0.000000 0.000000 0.000000 0.208677 0.005606 0.099341 0.000000 0.000000 0.000000 0.000000 0.000000 0.146223 0.000000 0.029901 0.404064 0.106188 
0.000000 0.010334 0.196491 0.173717 0.000149 0.000000 0.000000 0.000000 0.000000 0.000000 0.000000 0.034315 0.000000 0.000069 0.578211 0.006714 
0.027539 0.299735 0.000000 0.022344 0.057331 0.000000 0.000000 0.000000 0.000000 0.000000 0.000000 0.037627 0.000000 0.064325 0.491079 0.000020 
0.000000 0.000000 0.177299 0.213154 0.233694 0.082571 0.000000 0.000000 0.000000 0.000000 0.040627 0.163269 0.000000 0.041380 0.026350 0.021655 
0.136853 0.000000 0.000000 0.074239 0.007099 0.040260 0.000000 0.000000 0.000000 0.000000 0.000000 0.033847 0.000000 0.407100 0.204100 0.096501 
0.000000 0.000000 0.000000 0.005421 0.009125 0.000000 0.000000 0.000000 0.000000 0.033618 0.000000 0.023348 0.000000 0.000035 0.928440 0.000013 
0.000000 0.000000 0.000000 0.052009 0.000061 0.000000 0.000000 0.000000 0.000000 0.000000 0.000000 0.925579 0.002515 0.000051 0.019762 0.000023 
0.000000 0.158524 0.288199 0.266013 0.075047 0.000000 0.000000 0.000000 0.000000 0.000000 0.000000 0.099375 0.000000 0.070766 0.000018 0.042058 
0.000000 0.077254 0.037307 0.198369 0.102944 0.000000 0.000000 0.000000 0.013379 0.000000 0.000000 0.083607 0.000000 0.000063 0.000019 0.487056 
0.000000 0.081140 0.000000 0.170947 0.179324 0.363633 0.000000 0.000000 0.028847 0.000000 0.000000 0.067279 0.000000 0.040337 0.000019 0.068475 
0.457454 0.256704 0.000000 0.015872 0.125618 0.000001 0.000000 0.000000 0.000000 0.000000 0.000000 0.110688 0.000000 0.000047 0.000017 0.033600 
0.891039 0.000000 0.000000 0.077814 0.000164 0.000000 0.000000 0.000000 0.000000 0.000000 0.000000 0.021652 0.000000 0.000067 0.009243 0.000021 
0.031599 0.000000 0.000000 0.069213 0.008461 0.089087 0.000000 0.000000 0.000000 0.000000 0.000000 0.681147 0.000000 0.022477 0.000016 0.097999 
0.230356 0.000000 0.000000 0.366167 0.007969 0.000000 0.000000 0.073444 0.000000 0.000000 0.000000 0.194732 0.015540 0.095387 0.016382 0.000024 
0.891149 0.000000 0.000000 0.055541 0.000193 0.000000 0.000000 0.000000 0.000000 0.022314 0.000000 0.021515 0.000000 0.009250 0.000017 0.000022 
0.000000 0.439625 0.000000 0.019900 0.283743 0.033955 0.000000 0.000000 0.000000 0.000000 0.036414 0.170214 0.000000 0.000067 0.008222 0.007858 
0.000000 0.000000 0.000000 0.044188 0.000104 0.000001 0.000000 0.000000 0.011895 0.000000 0.000000 0.936951 0.000000 0.000061 0.000014 0.006786 
0.057718 0.000000 0.000000 0.111124 0.053376 0.076618 0.000000 0.000000 0.000000 0.000000 0.000000 0.112204 0.000000 0.038746 0.024374 0.525839 
0.111966 0.000000 0.052186 0.172540 0.059565 0.043053 0.000000 0.000000 0.011829 0.000000 0.000000 0.020216 0.000000 0.284980 0.004381 0.239285 
0.000000 0.000000 0.028911 0.058034 0.011316 0.016518 0.000000 0.000000 0.000000 0.000000 0.000000 0.080816 0.000000 0.000068 0.804313 0.000023 
0.000000 0.054231 0.031089 0.100841 0.612793 0.026920 0.000000 0.000000 0.000000 0.000000 0.043794 0.070139 0.000000 0.028465 0.000018 0.031708 
0.000000 0.043423 0.045863 0.664647 0.057529 0.000001 0.000000 0.000000 0.000000 0.000000 0.000000 0.041535 0.000000 0.130018 0.000015 0.016968 
0.000000 0.345641 0.000000 0.027128 0.151286 0.000000 0.000000 0.000000 0.000000 0.000000 0.000000 0.340170 0.000000 0.000054 0.135699 0.000021 
0.000000 0.000000 0.000000 0.034612 0.000057 0.000000 0.000000 0.000000 0.012923 0.000000 0.000000 0.826247 0.000000 0.096407 0.029736 0.000017 
0.162416 0.055774 0.000000 0.039155 0.000270 0.023999 0.000000 0.000000 0.000000 0.000000 0.000000 0.022721 0.000000 0.575177 0.108100 0.012388 
0.000000 0.000000 0.087719 0.097133 0.419964 0.111951 0.000000 0.000000 0.000000 0.000000 0.000000 0.062891 0.000000 0.176910 0.000018 0.043413 
0.592326 0.000000 0.000000 0.056365 0.000196 0.053615 0.000000 0.000000 0.000000 0.000000 0.000000 0.281086 0.000000 0.016368 0.000019 0.000024 
0.359770 0.044560 0.000000 0.112328 0.336601 0.000001 0.009825 0.000000 0.000000 0.045526 0.000000 0.053978 0.000000 0.000071 0.015645 0.021695 
0.349712 0.000000 0.000000 0.109961 0.223207 0.119684 0.000000 0.000000 0.000000 0.000000 0.018605 0.077348 0.007215 0.022095 0.033948 0.038226 
0.194669 0.000000 0.030951 0.201539 0.000240 0.219264 0.089309 0.000000 0.000000 0.000000 0.000000 0.055854 0.009003 0.019478 0.000014 0.179677 
0.738504 0.126578 0.000000 0.008566 0.000239 0.000001 0.000000 0.021647 0.000000 0.058204 0.000000 0.020163 0.008740 0.010888 0.006450 0.000020 
0.035305 0.000000 0.365882 0.362569 0.003373 0.048860 0.000000 0.000000 0.000000 0.000000 0.000000 0.031623 0.014120 0.064894 0.004811 0.068564 
0.361767 0.000000 0.000000 0.154642 0.000239 0.084663 0.000000 0.000000 0.000000 0.000000 0.000000 0.062360 0.000000 0.047902 0.080347 0.208078 
0.040710 0.000000 0.014553 0.020925 0.002866 0.000001 0.000000 0.000000 0.000000 0.000000 0.000000 0.784166 0.000000 0.000064 0.113699 0.023016 
0.592968 0.218571 0.000000 0.002267 0.149216 0.000000 0.014268 0.000000 0.000000 0.000000 0.000000 0.022605 0.000000 0.000075 0.000011 0.000018 
0.107806 0.000000 0.025914 0.144800 0.132530 0.000001 0.000000 0.000000 0.000000 0.000000 0.000000 0.448558 0.000000 0.052519 0.087852 0.000020 
0.000000 0.000000 0.000000 0.086477 0.659203 0.000001 0.000000 0.000000 0.014908 0.000000 0.023723 0.020798 0.000000 0.033125 0.022387 0.139379 
0.481865 0.144228 0.000000 0.067974 0.185574 0.000000 0.000000 0.000000 0.000000 0.000000 0.012659 0.025669 0.000000 0.000062 0.009459 0.072511 
0.000000 0.000000 0.000000 0.137120 0.017350 0.000001 0.000000 0.000000 0.000000 0.000000 0.000000 0.347718 0.000000 0.252285 0.000014 0.245511 
0.000000 0.000000 0.000000 0.033980 0.000068 0.000001 0.000000 0.000000 0.000000 0.000000 0.020410 0.945434 0.000000 0.000073 0.000023 0.000011 
0.010079 0.050214 0.000000 0.119450 0.604404 0.000001 0.000000 0.000000 0.000000 0.000000 0.073981 0.039187 0.000000 0.049666 0.017949 0.035070 
0.000000 0.000000 0.033887 0.132786 0.475003 0.000000 0.000000 0.047896 0.034111 0.000000 0.039156 0.062785 0.000000 0.138056 0.019098 0.017221 
0.051104 0.000000 0.247716 0.299428 0.019204 0.234051 0.000000 0.000000 0.026952 0.000000 0.000000 0.023543 0.000000 0.021755 0.041264 0.034983 
0.000000 0.000000 0.039365 0.126364 0.023136 0.000001 0.000000 0.000000 0.000000 0.000000 0.000000 0.006881 0.000000 0.804230 0.000005 0.000018 
0.000000 0.025691 0.374423 0.299641 0.000165 0.058103 0.000000 0.000000 0.000000 0.000000 0.000000 0.080976 0.000000 0.060707 0.000010 0.100285 
0.000000 0.000000 0.000000 0.009542 0.000276 0.000000 0.000000 0.000000 0.000000 0.000000 0.000000 0.096210 0.000000 0.000034 0.893924 0.000013 
0.000000 0.000000 0.060823 0.675398 0.066106 0.023410 0.000000 0.000000 0.000000 0.018159 0.017531 0.023293 0.000000 0.035317 0.009246 0.070716 
0.011280 0.548081 0.000000 0.021245 0.246376 0.000000 0.000000 0.000000 0.000000 0.000000 0.017614 0.003845 0.000000 0.000055 0.048579 0.102925 
0.000000 0.000000 0.000000 0.682109 0.062482 0.000000 0.000000 0.000000 0.000000 0.000000 0.000000 0.166542 0.008959 0.036074 0.017712 0.026122 
0.000000 0.000000 0.000000 0.100255 0.010663 0.029284 0.000000 0.000000 0.017376 0.000000 0.000000 0.057285 0.000000 0.626771 0.149815 0.008550 
0.000000 0.000000 0.000000 0.209785 0.045128 0.196729 0.000000 0.000000 0.009686 0.000000 0.000000 0.016536 0.000000 0.000065 0.022781 0.499291 
0.000000 0.062554 0.015931 0.128685 0.013178 0.000001 0.031704 0.000000 0.000000 0.000000 0.000000 0.015928 0.000000 0.731982 0.000021 0.000018 
0.023919 0.000000 0.000000 0.031780 0.047057 0.000000 0.011022 0.000000 0.000000 0.000000 0.000000 0.875796 0.000000 0.000045 0.000016 0.010363 
0.000000 0.000000 0.000000 0.304098 0.047686 0.460916 0.000000 0.000000 0.043426 0.000000 0.000000 0.055774 0.008724 0.000059 0.000015 0.079302 
0.000000 0.052669 0.000000 0.309532 0.029311 0.053002 0.000000 0.000000 0.000000 0.000000 0.000000 0.018641 0.000000 0.510987 0.019203 0.006654 
0.000000 0.497987 0.000000 0.099546 0.207080 0.088808 0.000000 0.000000 0.000000 0.000000 0.000000 0.027046 0.000000 0.026362 0.027051 0.026120 
0.032439 0.000000 0.000000 0.200882 0.013125 0.264324 0.047604 0.000000 0.025692 0.000000 0.000000 0.054940 0.000000 0.333757 0.027220 0.000017 
0.000000 0.000000 0.000000 0.424924 0.033990 0.070302 0.000000 0.000000 0.006753 0.000000 0.000000 0.020830 0.003945 0.000069 0.183361 0.255825 
0.000000 0.000000 0.269281 0.286422 0.191812 0.000000 0.023422 0.000000 0.000000 0.000000 0.000000 0.112216 0.000000 0.097287 0.000016 0.019543 
0.905042 0.000000 0.000000 0.008167 0.025865 0.000001 0.000000 0.000000 0.000000 0.000000 0.012833 0.027749 0.000000 0.000087 0.020237 0.000020 
0.036080 0.049332 0.042466 0.173862 0.386272 0.000001 0.021002 0.000000 0.000000 0.000000 0.000000 0.198481 0.000000 0.000074 0.035358 0.057072 
0.000000 0.025933 0.000000 0.154612 0.000272 0.000001 0.031678 0.000000 0.000000 0.000000 0.000000 0.107442 0.000000 0.661412 0.018630 0.000020 
0.135619 0.000000 0.077053 0.124893 0.028399 0.119976 0.000000 0.000000 0.000000 0.000000 0.000000 0.106465 0.000000 0.000067 0.363442 0.044086 
0.000000 0.000000 0.143312 0.530859 0.051616 0.106144 0.000000 0.000000 0.022456 0.000000 0.000000 0.060584 0.000000 0.000071 0.068322 0.016636 
0.940900 0.000000 0.000000 0.012413 0.000181 0.000000 0.000000 0.000000 0.000000 0.028107 0.004971 0.001429 0.000000 0.006123 0.005855 0.000019 
0.000000 0.073713 0.000000 0.233158 0.035155 0.000001 0.000000 0.000000 0.000000 0.000000 0.000000 0.033632 0.000000 0.000064 0.000019 0.624258 
0.581629 0.094545 0.000000 0.023116 0.227248 0.000001 0.000000 0.000000 0.017563 0.000000 0.000000 0.055768 0.000000 0.000086 0.000019 0.000025 
0.000000 0.039556 0.104126 0.138847 0.000251 0.257569 0.000000 0.000000 0.000000 0.000000 0.000000 0.063603 0.000000 0.079104 0.267676 0.049267 
0.000000 0.000000 0.000000 0.285622 0.051259 0.000000 0.000000 0.000000 0.000000 0.000000 0.000000 0.035555 0.000000 0.375644 0.233947 0.017971 
0.491114 0.000000 0.000000 0.029595 0.141576 0.000000 0.000000 0.000000 0.000000 0.000000 0.020358 0.078414 0.000000 0.022225 0.216695 0.000022 
0.000000 0.000000 0.423868 0.359315 0.005981 0.120208 0.000000 0.000000 0.000000 0.000000 0.000000 0.059175 0.000000 0.000064 0.012514 0.018876 
0.000000 0.563618 0.000000 0.005146 0.327487 0.000000 0.000000 0.000000 0.000000 0.000000 0.000000 0.030859 0.000000 0.032258 0.040618 0.000014 
0.000000 0.032960 0.246760 0.284135 0.271324 0.000000 0.000000 0.000000 0.000000 0.000000 0.000000 0.095945 0.000000 0.023209 0.017862 0.027804 
0.123819 0.346139 0.040179 0.026834 0.373653 0.000000 0.000000 0.000000 0.000000 0.000000 0.027161 0.052478 0.000000 0.000067 0.000020 0.009649 
0.040995 0.289939 0.000000 0.043605 0.155413 0.000000 0.000000 0.000000 0.000000 0.000000 0.000000 0.019857 0.000000 0.450162 0.000013 0.000016 
0.050712 0.028314 0.000000 0.510429 0.038721 0.000000 0.000000 0.000000 0.000000 0.000000 0.000000 0.293408 0.000000 0.045734 0.000018 0.032663 
0.000000 0.000000 0.000000 0.348320 0.049469 0.309692 0.073582 0.000000 0.000000 0.000000 0.026554 0.109051 0.010802 0.000058 0.000015 0.072456 
0.161996 0.098260 0.000000 0.141866 0.000364 0.000001 0.000000 0.000000 0.000000 0.000000 0.000000 0.025364 0.000000 0.549813 0.022316 0.000020 
0.000000 0.075137 0.023072 0.130855 0.601436 0.000000 0.000000 0.000000 0.000000 0.000000 0.056357 0.024368 0.000000 0.000068 0.033194 0.055513 
0.000000 0.000000 0.000000 0.274265 0.021073 0.440270 0.000000 0.000000 0.000000 0.000000 0.023570 0.031538 0.018884 0.042309 0.045761 0.102331 
0.000000 0.266774 0.000000 0.150221 0.120406 0.184706 0.000000 0.000000 0.000000 0.000000 0.023572 0.037649 0.000000 0.041826 0.000020 0.174825 
0.000000 0.000000 0.000000 0.260595 0.017171 0.000000 0.039553 0.000000 0.000000 0.000000 0.000000 0.033077 0.000000 0.598738 0.000020 0.050844 
0.000000 0.000000 0.000000 0.158884 0.011499 0.000001 0.000000 0.000000 0.000000 0.000000 0.000000 0.065545 0.012936 0.000067 0.751045 0.000023 
0.000000 0.061163 0.029141 0.279166 0.039610 0.000001 0.000000 0.000000 0.000000 0.000000 0.000000 0.021909 0.000000 0.367237 0.059477 0.142297 
0.785899 0.000000 0.000000 0.030376 0.016318 0.000000 0.000000 0.000000 0.000000 0.000000 0.000000 0.015431 0.000000 0.023109 0.015252 0.113613 
0.000000 0.553520 0.000000 0.002762 0.354867 0.000000 0.015795 0.000000 0.000000 0.000000 0.000000 0.043920 0.000000 0.012036 0.000010 0.017090 
0.000000 0.000000 0.382914 0.420155 0.000153 0.055171 0.000000 0.000000 0.000000 0.000000 0.000000 0.015852 0.000000 0.011187 0.062247 0.052321 
0.066385 0.000000 0.320096 0.441922 0.000264 0.035586 0.000000 0.000000 0.000000 0.000000 0.025847 0.055836 0.000000 0.000067 0.000018 0.053978 
0.489831 0.000000 0.000000 0.140409 0.006522 0.231143 0.037205 0.000000 0.000000 0.000000 0.034758 0.041956 0.000000 0.018140 0.000015 0.000020 
0.000000 0.000000 0.067240 0.151369 0.045208 0.381763 0.000000 0.000000 0.009826 0.000000 0.000000 0.160326 0.000000 0.078273 0.000018 0.105976 
0.000000 0.000000 0.219317 0.433322 0.071902 0.000000 0.000000 0.000000 0.000000 0.000000 0.000000 0.200878 0.000000 0.000073 0.000017 0.074491 
0.000000 0.036470 0.296156 0.403353 0.000164 0.000001 0.000000 0.000000 0.016714 0.000000 0.000000 0.057915 0.017826 0.074766 0.043047 0.053587 
0.000000 0.427507 0.000000 0.010977 0.205961 0.000000 0.000000 0.000000 0.000000 0.000000 0.000000 0.027723 0.000000 0.058457 0.229521 0.039854 
0.000000 0.022589 0.052117 0.196151 0.489029 0.032062 0.000000 0.000000 0.014229 0.000000 0.000000 0.170863 0.006288 0.016637 0.000016 0.000018 
0.000000 0.000000 0.000000 0.814229 0.066499 0.000000 0.000000 0.000000 0.010213 0.000000 0.000000 0.000669 0.000000 0.034125 0.019612 0.054653 
0.147250 0.000000 0.000000 0.741168 0.038242 0.000000 0.000000 0.000000 0.000000 0.000000 0.000000 0.040407 0.000000 0.000066 0.000013 0.032853 
0.000000 0.165006 0.000000 0.076828 0.657263 0.000001 0.000000 0.000000 0.000000 0.000000 0.021819 0.026423 0.000000 0.018642 0.033995 0.000023 
0.000000 0.083021 0.018761 0.188234 0.027200 0.000001 0.000000 0.000000 0.010549 0.000000 0.000000 0.034855 0.000000 0.464727 0.172631 0.000020 
0.923964 0.000000 0.000000 0.012906 0.000305 0.043229 0.000000 0.000000 0.000000 0.000000 0.000000 0.011070 0.000000 0.000046 0.008457 0.000022 
0.000000 0.000000 0.343156 0.411986 0.010928 0.000000 0.000000 0.000000 0.000000 0.000000 0.000000 0.066424 0.000000 0.067756 0.000014 0.099735 
0.000000 0.000000 0.000000 0.009998 0.002198 0.021632 0.000000 0.000000 0.000000 0.000000 0.000000 0.963347 0.002731 0.000023 0.000013 0.000057 
0.042330 0.318947 0.040063 0.029374 0.201487 0.000000 0.000000 0.025070 0.000000 0.000000 0.000000 0.330227 0.000000 0.000081 0.012406 0.000016 
0.000000 0.000000 0.014413 0.210141 0.036518 0.000000 0.000000 0.000000 0.000000 0.000000 0.020973 0.033840 0.000000 0.033324 0.000022 0.650768 
0.403268 0.000000 0.000000 0.188532 0.000212 0.044020 0.000000 0.053617 0.009774 0.000000 0.000000 0.032908 0.000000 0.143862 0.000015 0.123792 
0.000000 0.000000 0.000000 0.451884 0.051333 0.000001 0.000000 0.000000 0.000000 0.000000 0.000000 0.398092 0.006504 0.021177 0.070983 0.000025 
0.113631 0.000000 0.089160 0.080885 0.000092 0.000000 0.000000 0.000000 0.000000 0.000000 0.000000 0.033261 0.000000 0.682928 0.000018 0.000023 
0.000000 0.168928 0.000000 0.104602 0.348422 0.000000 0.000000 0.060912 0.000000 0.000000 0.000000 0.215656 0.000000 0.015943 0.020372 0.065164 
0.000000 0.000000 0.000000 0.842675 0.056539 0.000000 0.000000 0.000000 0.007917 0.000000 0.000000 0.014274 0.003836 0.050214 0.011862 0.012682 
0.000000 0.000000 0.315304 0.350160 0.079281 0.104271 0.031101 0.000000 0.000000 0.000000 0.000000 0.074312 0.000000 0.000064 0.000015 0.045491 
0.029596 0.627886 0.000000 0.003467 0.293168 0.000000 0.000000 0.000000 0.000000 0.000000 0.000000 0.033986 0.000000 0.000037 0.011846 0.000013 
0.000000 0.000000 0.000000 0.114374 0.012086 0.113290 0.000000 0.000000 0.015062 0.000000 0.012156 0.506522 0.000000 0.011975 0.123367 0.091168 
0.000000 0.000000 0.358454 0.322520 0.000138 0.038156 0.000000 0.000000 0.000000 0.000000 0.000000 0.100596 0.006242 0.091083 0.000015 0.082796 
0.021976 0.346955 0.073480 0.208018 0.169511 0.000000 0.060882 0.000000 0.000000 0.000000 0.022143 0.020248 0.000000 0.076752 0.000019 0.000017 
0.000000 0.000000 0.000000 0.171361 0.048457 0.166306 0.000000 0.000000 0.000000 0.000000 0.000000 0.035482 0.000000 0.000053 0.000021 0.578319 
0.778578 0.000000 0.000000 0.018798 0.000282 0.000000 0.000000 0.048499 0.000000 0.000000 0.000000 0.105288 0.000000 0.000058 0.048475 0.000022 
0.000000 0.000000 0.000000 0.059428 0.064388 0.000000 0.000000 0.000000 0.000000 0.000000 0.035904 0.805972 0.008706 0.000650 0.024930 0.000020 
0.158285 0.000000 0.079976 0.174161 0.054080 0.105873 0.000000 0.000000 0.011419 0.000000 0.000000 0.052914 0.000000 0.000067 0.000011 0.363213 
0.788245 0.000000 0.013615 0.013770 0.009836 0.000000 0.000000 0.032705 0.000000 0.000000 0.000000 0.141716 0.000000 0.000064 0.000019 0.000029 
0.000000 0.159280 0.111807 0.180961 0.120405 0.068207 0.000000 0.000000 0.000000 0.000000 0.000000 0.052151 0.000000 0.206431 0.000013 0.100744 
0.000000 0.000000 0.085354 0.113732 0.017820 0.151298 0.000000 0.000000 0.025135 0.000000 0.000000 0.048190 0.000000 0.000063 0.531779 0.026629 
0.282355 0.000000 0.000000 0.320905 0.034375 0.000001 0.027209 0.000000 0.000000 0.000000 0.000000 0.034850 0.000000 0.250344 0.049940 0.000022 
0.000000 0.000000 0.000000 0.111203 0.542593 0.116879 0.000000 0.000000 0.023842 0.000000 0.000000 0.059750 0.000000 0.093593 0.016862 0.035277 
0.000000 0.037346 0.000000 0.377347 0.087292 0.000000 0.000000 0.000000 0.000000 0.000000 0.000000 0.060956 0.007922 0.046543 0.284546 0.098048 
0.269115 0.134929 0.165268 0.314326 0.027333 0.035929 0.000000 0.000000 0.000000 0.000000 0.000000 0.019439 0.000000 0.000069 0.000023 0.033568 
0.785315 0.000000 0.000000 0.091307 0.037130 0.000000 0.000000 0.000000 0.000000 0.000000 0.000000 0.021345 0.000000 0.016269 0.000012 0.048622 
0.000000 0.000000 0.043900 0.600069 0.032468 0.000001 0.000000 0.000000 0.000000 0.000000 0.000000 0.034858 0.000000 0.239102 0.000014 0.049589 
0.512629 0.000000 0.000000 0.118466 0.000261 0.259872 0.000000 0.000000 0.016176 0.000000 0.000000 0.040476 0.000000 0.000057 0.000017 0.052046 
0.000000 0.566393 0.000000 0.043548 0.282724 0.000000 0.000000 0.000000 0.000000 0.000000 0.000000 0.083333 0.000000 0.000061 0.000008 0.023931 
0.032999 0.000000 0.000000 0.537039 0.046466 0.070346 0.000000 0.000000 0.000000 0.000000 0.000000 0.154794 0.000000 0.034849 0.105735 0.017772 
