-963935.646531
0
0.003317 0.004054 0.000580 0.001872 0.000616 0.001038 0.000000 0.001599 0.033013 0.017170 0.156806 0.014669 0.001795 0.002425 0.000000 0.006541 0.010943 0.006659 0.018979 0.005468 0.000390 0.002301 0.000678 0.002442 0.006545 0.013744 0.005227 0.030323 0.000000 0.000000 0.000000 0.000000 0.012994 0.013559 0.106128 0.010534 0.000000 0.001776 0.000000 0.000841 0.005770 0.004243 0.018004 0.005064 0.000000 0.003345 0.003271 0.005519 0.003439 0.005369 0.001107 0.005483 0.000000 0.002740 0.000000 0.000640 0.049419 0.053767 0.132143 0.038507 0.000000 0.001558 0.000000 0.002127 0.012732 0.005962 0.009281 0.007666 0.000000 0.000882 0.000539 0.002413 0.002923 0.004352 0.001150 0.004637 0.000534 0.000247 0.000000 0.000000 0.005585 0.006152 0.054754 0.005087 0.001592 0.000615 0.000000 0.001138 0.008522 0.003979 0.010512 0.004419 0.000674 0.001734 0.000996 0.004380 
0.000001 0.000443 0.000000 0.000001 0.000000 0.000000 0.000000 0.000000 0.000000 0.019111 0.000007 0.004588 0.000722 0.001210 0.001401 0.003696 0.000896 0.000001 0.000461 0.001203 0.000000 0.000000 0.000576 0.000001 0.000720 0.000000 0.000000 0.000469 0.000000 0.000248 0.000412 0.000186 0.079535 0.104172 0.019678 0.079942 0.000000 0.001552 0.000578 0.001385 0.000484 0.001031 0.000730 0.004464 0.000169 0.000586 0.000787 0.000168 0.000000 0.000000 0.000000 0.000000 0.000000 0.000187 0.000000 0.000000 0.000000 0.020784 0.000000 0.015907 0.000000 0.000000 0.000000 0.001405 0.000252 0.000000 0.000000 0.008953 0.000000 0.000000 0.001454 0.000347 0.000489 0.000971 0.000001 0.000233 0.000000 0.000000 0.000000 0.000000 0.118611 0.290809 0.099681 0.089193 0.001044 0.001532 0.001000 0.005628 0.001428 0.001546 0.001480 0.002150 0.000000 0.000992 0.001035 0.001274 
0.028013 0.023777 0.006607 0.021160 0.012677 0.007105 0.002475 0.010522 0.015689 0.007287 0.003135 0.013583 0.010735 0.007579 0.010553 0.013284 0.019242 0.007608 0.013849 0.019844 0.007886 0.001450 0.005832 0.005652 0.026962 0.028243 0.003342 0.025104 0.009781 0.008516 0.002817 0.011659 0.014127 0.009093 0.003078 0.017015 0.008191 0.010605 0.018435 0.015591 0.008960 0.009859 0.010749 0.014139 0.004517 0.003513 0.008348 0.011396 0.022506 0.019103 0.007442 0.018317 0.005853 0.007206 0.002046 0.008109 0.007537 0.005732 0.000000 0.009151 0.007271 0.006125 0.009833 0.008691 0.008628 0.006599 0.006735 0.008049 0.002510 0.001259 0.006779 0.005341 0.025454 0.026148 0.004230 0.028069 0.006128 0.009612 0.001746 0.011626 0.005712 0.006637 0.000103 0.008548 0.011835 0.008058 0.009388 0.014892 0.009130 0.008900 0.005669 0.013430 0.010364 0.003936 0.006765 0.013219 
0.000701 0.000696 0.000000 0.000123 0.000163 0.000495 0.000000 0.000875 0.006173 0.002037 0.002303 0.002410 0.000000 0.000000 0.000264 0.000002 0.001875 0.000184 0.000557 0.001222 0.000000 0.000000 0.000298 0.000303 0.000425 0.000000 0.000000 0.000153 0.000000 0.000239 0.000000 0.000000 0.013645 0.004315 0.004170 0.009805 0.000000 0.000483 0.000000 0.000320 0.000398 0.000589 0.000001 0.000517 0.000154 0.000000 0.000001 0.000001 0.000000 0.000000 0.000000 0.000000 0.000000 0.000000 0.000000 0.000298 0.006813 0.001486 0.000000 0.003765 0.000000 0.000000 0.000000 0.000154 0.000001 0.000000 0.000000 0.000444 0.000000 0.000000 0.000000 0.000256 0.014153 0.007770 0.002441 0.013735 0.036454 0.000000 0.001378 0.066986 0.426197 0.081329 0.049086 0.230546 0.000000 0.000000 0.000000 0.000247 0.000002 0.000002 0.000551 0.000002 0.000000 0.000001 0.000001 0.000004 
0.000907 0.000385 0.000000 0.008400 0.000000 0.000134 0.000000 0.000000 0.000000 0.003345 0.014432 0.004312 0.000000 0.000000 0.000000 0.001715 0.002826 0.005415 0.002182 0.005112 0.000965 0.004060 0.001429 0.017176 0.002632 0.000544 0.000896 0.013244 0.000000 0.000000 0.000000 0.000000 0.000477 0.002374 0.011973 0.004507 0.000000 0.000137 0.000276 0.000601 0.000856 0.001826 0.001196 0.002385 0.003895 0.001093 0.003385 0.023843 0.001687 0.001224 0.000000 0.007739 0.000000 0.000000 0.000000 0.000000 0.000000 0.013073 0.028791 0.013824 0.000000 0.000000 0.000000 0.000000 0.007098 0.010803 0.005867 0.013615 0.000000 0.001953 0.000607 0.003669 0.037543 0.010609 0.003773 0.298719 0.000000 0.000000 0.000000 0.000000 0.002916 0.019184 0.206542 0.036967 0.000000 0.000336 0.000000 0.003482 0.002662 0.010107 0.006936 0.011141 0.008787 0.009544 0.001929 0.069937 
0.075208 0.000001 0.902576 0.000000 0.022214 
0.447852 0.000002 0.357837 0.033274 0.161034 
0.027383 0.000002 0.005504 0.967110 0.000001 
0.051518 0.000002 0.799166 0.149312 0.000002 
0.000199 0.419579 0.580220 0.000000 0.000001 
0.000167 0.021356 0.978476 0.000000 0.000001 
0.210705 0.011792 0.598490 0.000000 0.179013 
0.035216 0.034598 0.809050 0.088443 0.032693 
0.000059 0.000002 0.000989 0.998949 0.000001 
0.649624 0.046803 0.273194 0.000000 0.030378 
0.054582 0.000002 0.945415 0.000000 0.000002 
0.472914 0.000001 0.527083 0.000000 0.000001 
0.070076 0.184991 0.501473 0.000000 0.243460 
0.111880 0.029001 0.625990 0.233128 0.000001 
0.152856 0.000001 0.814026 0.033116 0.000001 
0.009776 0.486121 0.407202 0.080734 0.016168 
0.252104 0.000002 0.621466 0.069614 0.056814 
0.343623 0.064416 0.591960 0.000000 0.000001 
0.098663 0.065412 0.802261 0.006716 0.026948 
0.098758 0.448603 0.071125 0.310022 0.071491 
0.064382 0.315418 0.620199 0.000000 0.000001 
0.782122 0.040421 0.177456 0.000000 0.000001 
0.022125 0.262877 0.714996 0.000000 0.000001 
0.116968 0.044275 0.838755 0.000000 0.000001 
0.011291 0.853553 0.135154 0.000000 0.000002 
0.560659 0.039608 0.348653 0.000000 0.051079 
0.008846 0.000002 0.470255 0.168643 0.352254 
0.073802 0.559572 0.348726 0.017898 0.000001 
0.044234 0.000002 0.928623 0.008861 0.018281 
0.374458 0.000002 0.591900 0.033639 0.000002 
0.105255 0.215876 0.396066 0.273767 0.009035 
0.071459 0.031578 0.896962 0.000000 0.000001 
0.195171 0.000002 0.566817 0.238008 0.000001 
0.434558 0.208387 0.098569 0.000000 0.258486 
0.000189 0.000002 0.154763 0.845044 0.000001 
0.043215 0.000002 0.731736 0.000000 0.225047 
0.000139 0.294877 0.128396 0.000000 0.576588 
0.126877 0.000002 0.095081 0.778038 0.000002 
0.048873 0.000002 0.416499 0.031628 0.502997 
0.046291 0.028397 0.925311 0.000000 0.000001 
0.217654 0.052167 0.096055 0.000000 0.634124 
0.074489 0.017902 0.900018 0.007589 0.000001 
0.045962 0.000002 0.793957 0.010763 0.149317 
0.486809 0.069807 0.443382 0.000000 0.000001 
0.019671 0.000002 0.451879 0.528448 0.000001 
0.040341 0.374685 0.561950 0.000000 0.023024 
0.129588 0.000002 0.802001 0.000000 0.068409 
0.039313 0.000001 0.806342 0.000000 0.154344 
0.280547 0.000002 0.590232 0.129217 0.000002 
0.000131 0.113068 0.061723 0.000000 0.825078 
0.358683 0.000002 0.415903 0.207308 0.018104 
0.013816 0.109416 0.448516 0.428250 0.000001 
0.005567 0.000002 0.373307 0.621123 0.000001 
0.366449 0.000002 0.101153 0.515657 0.016739 
0.309403 0.155192 0.503608 0.031796 0.000001 
0.000933 0.000002 0.627917 0.212154 0.158993 
0.000175 0.000002 0.001066 0.998755 0.000001 
0.000045 0.944169 0.032693 0.023091 0.000002 
0.223673 0.053839 0.708675 0.013812 0.000001 
0.168813 0.043621 0.673139 0.000000 0.114426 
0.380770 0.047737 0.571492 0.000000 0.000001 
0.403266 0.085635 0.015550 0.000000 0.495549 
0.000107 0.000002 0.054344 0.008492 0.937055 
0.016935 0.688643 0.233531 0.000000 0.060891 
0.000172 0.195809 0.517209 0.000000 0.286810 
0.000113 0.000002 0.046851 0.000000 0.953033 
0.799805 0.154960 0.045233 0.000000 0.000001 
0.000087 0.958242 0.041670 0.000000 0.000001 
0.055216 0.069026 0.640808 0.017862 0.217087 
0.065080 0.000002 0.775402 0.000000 0.159516 
0.015373 0.000002 0.099838 0.884786 0.000001 
0.727139 0.056515 0.186777 0.000000 0.029569 
0.096718 0.013021 0.890259 0.000000 0.000001 
0.516487 0.310221 0.028240 0.145051 0.000002 
0.000058 0.838791 0.137968 0.023182 0.000001 
0.029284 0.000002 0.707147 0.102403 0.161163 
0.512981 0.036450 0.450567 0.000000 0.000001 
0.000125 0.273910 0.097951 0.000000 0.628014 
0.408239 0.020829 0.110289 0.022001 0.438642 
0.280640 0.066521 0.235853 0.029892 0.387094 
0.077775 0.023997 0.654001 0.000000 0.244227 
0.114707 0.000002 0.027444 0.004592 0.853255 
0.011206 0.000002 0.945213 0.002967 0.040612 
0.000134 0.029632 0.432743 0.079997 0.457492 
0.000173 0.783036 0.035900 0.130644 0.050246 
0.380207 0.000002 0.006641 0.000000 0.613149 
0.155378 0.436855 0.207336 0.099794 0.100636 
0.719069 0.000002 0.185434 0.016104 0.079390 
0.348445 0.000002 0.102372 0.005523 0.543657 
0.009209 0.327686 0.631258 0.000000 0.031847 
0.000071 0.976277 0.023650 0.000000 0.000002 
0.721097 0.052760 0.179514 0.000000 0.046629 
0.555574 0.089501 0.336510 0.000000 0.018414 
0.057072 0.000002 0.851365 0.046904 0.044657 
0.021122 0.000001 0.978876 0.000000 0.000001 
0.025911 0.055205 0.918883 0.000000 0.000001 
0.000098 0.048710 0.002792 0.948399 0.000001 
0.088253 0.000002 0.885627 0.007974 0.018145 
0.818066 0.000001 0.125419 0.033794 0.022720 
0.069518 0.146615 0.767100 0.016765 0.000002 
0.011527 0.056727 0.794567 0.137178 0.000001 
0.062054 0.000002 0.863152 0.009975 0.064818 
0.055737 0.000002 0.944259 0.000000 0.000002 
0.065278 0.898442 0.004985 0.000000 0.031295 
0.138045 0.047388 0.814566 0.000000 0.000001 
0.072285 0.000002 0.922675 0.005037 0.000001 
0.751342 0.000002 0.227095 0.021559 0.000001 
0.063633 0.059968 0.842145 0.011476 0.022778 
0.036867 0.000002 0.719180 0.176235 0.067716 
0.234137 0.087194 0.678667 0.000000 0.000001 
0.019860 0.017606 0.002544 0.018403 0.941587 
0.476792 0.175398 0.245548 0.040185 0.062076 
0.016766 0.110690 0.872542 0.000000 0.000001 
0.051023 0.068199 0.337980 0.395755 0.147043 
0.074979 0.036661 0.813724 0.074635 0.000001 
0.000119 0.000001 0.003696 0.000000 0.996183 
0.076392 0.000002 0.843686 0.000000 0.079921 
0.316495 0.035258 0.036298 0.000000 0.611949 
0.080011 0.025002 0.604550 0.290435 0.000001 
0.051349 0.000002 0.696137 0.252510 0.000002 
0.159349 0.062757 0.034607 0.229512 0.513775 
0.020732 0.000002 0.939164 0.040101 0.000001 
0.921541 0.000002 0.037868 0.040587 0.000002 
0.341347 0.058103 0.564355 0.036193 0.000001 
0.758168 0.024626 0.090316 0.000000 0.126890 
0.419182 0.000002 0.547747 0.000000 0.033069 
0.063286 0.282215 0.605440 0.000000 0.049060 
0.178685 0.089607 0.731706 0.000000 0.000001 
0.074410 0.022322 0.754528 0.000000 0.148739 
0.757022 0.000002 0.178190 0.033465 0.031321 
0.116435 0.017032 0.830826 0.035705 0.000001 
0.457813 0.000002 0.521443 0.000000 0.020741 
0.023639 0.009062 0.967297 0.000000 0.000002 
0.011073 0.000002 0.175278 0.813646 0.000001 
0.086538 0.000002 0.859332 0.054127 0.000002 
0.006153 0.000002 0.095794 0.011635 0.886417 
0.963033 0.004232 0.032734 0.000000 0.000001 
0.000125 0.000001 0.927507 0.072365 0.000001 
0.012412 0.024811 0.897349 0.000000 0.065428 
0.112662 0.034978 0.349037 0.000000 0.503323 
0.135162 0.147056 0.717780 0.000000 0.000002 
0.093422 0.156185 0.726187 0.024204 0.000001 
0.020799 0.021833 0.900507 0.056860 0.000001 
0.642934 0.000002 0.116161 0.233021 0.007882 
0.555834 0.159477 0.258756 0.000000 0.025933 
0.064825 0.000001 0.906327 0.000000 0.028846 
0.038642 0.000002 0.787475 0.000000 0.173880 
0.875458 0.000002 0.088785 0.035754 0.000002 
0.088315 0.000002 0.729653 0.182029 0.000001 
0.000150 0.000002 0.002460 0.000000 0.997387 
0.017170 0.041058 0.941770 0.000000 0.000002 
0.008260 0.989362 0.002377 0.000000 0.000001 
0.543241 0.298639 0.082484 0.030848 0.044788 
0.028398 0.000002 0.853546 0.000000 0.118054 
0.000133 0.000002 0.506462 0.000000 0.493403 
0.056086 0.394289 0.482846 0.066777 0.000001 
0.000073 0.012350 0.878233 0.000000 0.109344 
0.567374 0.223924 0.165210 0.000000 0.043492 
0.073445 0.000002 0.926552 0.000000 0.000002 
0.121396 0.043087 0.835516 0.000000 0.000001 
0.963938 0.000002 0.001410 0.010729 0.023922 
0.039430 0.529338 0.301305 0.114276 0.015651 
0.000117 0.071593 0.928288 0.000000 0.000001 
0.556346 0.000002 0.443651 0.000000 0.000001 
0.063314 0.000002 0.819485 0.000000 0.117199 
0.000123 0.085887 0.011730 0.052022 0.850238 
0.088944 0.865122 0.045933 0.000000 0.000001 
0.064830 0.019804 0.665886 0.000000 0.249480 
0.000147 0.118164 0.023084 0.007715 0.850889 
0.290598 0.024128 0.685273 0.000000 0.000001 
0.039011 0.023508 0.375937 0.561544 0.000001 
0.042754 0.000002 0.623933 0.052654 0.280656 
0.602294 0.066739 0.299542 0.000000 0.031424 
0.128528 0.006978 0.523159 0.308234 0.033101 
0.150901 0.000001 0.581805 0.000000 0.267292 
0.022979 0.000002 0.124456 0.000000 0.852562 
0.039732 0.000002 0.960264 0.000000 0.000001 
0.058161 0.020101 0.358548 0.000000 0.563189 
0.888071 0.048723 0.063205 0.000000 0.000001 
0.061376 0.127062 0.664045 0.108413 0.039105 
0.029830 0.114362 0.472329 0.383478 0.000001 
0.000159 0.000002 0.407362 0.009949 0.582528 
0.011434 0.449012 0.539552 0.000000 0.000001 
0.119731 0.038401 0.841867 0.000000 0.000001 
0.171218 0.059737 0.655219 0.113825 0.000001 
0.656805 0.000002 0.279779 0.063413 0.000001 
0.046154 0.000002 0.751928 0.000000 0.201916 
0.059968 0.000002 0.911534 0.028495 0.000002 
0.150007 0.000002 0.114028 0.679967 0.055996 
0.000132 0.000002 0.068272 0.016672 0.914923 
0.000142 0.336851 0.235478 0.021147 0.406382 
0.037457 0.761406 0.187511 0.000000 0.013626 
0.038552 0.016659 0.944788 0.000000 0.000001 
0.035566 0.000002 0.964431 0.000000 0.000001 
0.122289 0.683718 0.097936 0.096055 0.000001 
0.000176 0.000002 0.646936 0.022194 0.330692 
0.011012 0.019538 0.969448 0.000000 0.000002 
0.000134 0.000002 0.243276 0.000000 0.756589 
0.132268 0.010572 0.449117 0.408042 0.000001 
0.593137 0.008408 0.362695 0.000000 0.035760 
0.048620 0.000002 0.227723 0.000000 0.723654 
0.052152 0.016570 0.869184 0.062093 0.000001 
0.742230 0.063127 0.148990 0.022759 0.022894 
0.171706 0.000002 0.807868 0.020422 0.000001 
0.042153 0.639938 0.317907 0.000000 0.000001 
0.696952 0.000002 0.224763 0.057312 0.020971 
0.128965 0.042441 0.668920 0.159674 0.000001 
0.146417 0.058918 0.787433 0.000000 0.007232 
0.069887 0.306204 0.426885 0.000000 0.197023 
0.064467 0.000002 0.930963 0.004566 0.000002 
0.012179 0.977145 0.010675 0.000000 0.000001 
0.064784 0.000001 0.935214 0.000000 0.000001 
0.648777 0.007116 0.168932 0.019104 0.156070 
0.341810 0.000002 0.147473 0.478943 0.031772 
0.590724 0.000002 0.409273 0.000000 0.000001 
0.000145 0.000002 0.605794 0.000000 0.394059 
0.020957 0.000002 0.926516 0.000000 0.052525 
0.065963 0.000002 0.887177 0.046857 0.000001 
0.083832 0.082369 0.535088 0.046736 0.251975 
0.035642 0.404217 0.289440 0.000000 0.270702 
0.160825 0.000002 0.291882 0.547290 0.000001 
0.026690 0.011630 0.559910 0.401769 0.000001 
0.131717 0.000002 0.005343 0.000000 0.862939 
0.391212 0.063202 0.508911 0.000000 0.036674 
0.829151 0.049605 0.108738 0.000000 0.012506 
0.040680 0.137055 0.822263 0.000000 0.000001 
0.175151 0.028122 0.053750 0.611833 0.131145 
0.025883 0.256510 0.717606 0.000000 0.000001 
0.066957 0.000002 0.933039 0.000000 0.000001 
0.034178 0.018806 0.798888 0.000000 0.148128 
0.015507 0.720976 0.263515 0.000000 0.000001 
0.022153 0.000002 0.029220 0.948623 0.000001 
0.547438 0.077722 0.329728 0.000000 0.045112 
0.679556 0.099902 0.038888 0.181653 0.000001 
0.000133 0.000002 0.517131 0.000000 0.482734 
0.767199 0.000002 0.026254 0.206544 0.000001 
0.042266 0.031341 0.259139 0.667252 0.000001 
0.740808 0.101482 0.132230 0.000000 0.025479 
0.038163 0.935411 0.003448 0.000000 0.022978 
0.049652 0.000002 0.919423 0.000000 0.030924 
0.012788 0.112416 0.874794 0.000000 0.000001 
0.000137 0.031081 0.420059 0.000000 0.548723 
0.147342 0.000002 0.736733 0.000000 0.115923 
0.032443 0.000002 0.115121 0.852433 0.000001 
0.010438 0.671686 0.258643 0.000000 0.059232 
0.015616 0.125335 0.839184 0.019864 0.000001 
0.254803 0.043429 0.701767 0.000000 0.000001 
0.000509 0.000002 0.961274 0.038214 0.000001 
0.019308 0.000002 0.863614 0.117074 0.000001 
0.036297 0.000002 0.540634 0.423066 0.000001 
0.025362 0.000002 0.858366 0.000000 0.116270 
0.045878 0.000001 0.954119 0.000000 0.000002 
0.416814 0.024663 0.558521 0.000000 0.000002 
0.137599 0.157135 0.387779 0.110218 0.207269 
0.017148 0.502163 0.256433 0.024560 0.199695 
0.075418 0.703785 0.220795 0.000000 0.000002 
0.035814 0.021336 0.904677 0.000000 0.038174 
0.151807 0.000002 0.511397 0.336794 0.000001 
0.431304 0.000002 0.433870 0.016946 0.117879 
0.116444 0.000002 0.221702 0.661851 0.000001 
0.041018 0.000002 0.682169 0.115581 0.161229 
0.260041 0.057279 0.076535 0.000000 0.606145 
0.057000 0.000002 0.889353 0.042580 0.011065 
0.856325 0.000001 0.143672 0.000000 0.000001 
0.014489 0.606362 0.320939 0.058208 0.000001 
0.000190 0.419636 0.044685 0.028621 0.506868 
0.347319 0.384838 0.167728 0.100114 0.000001 
0.093141 0.000002 0.600731 0.134018 0.172109 
0.078859 0.000001 0.792721 0.024340 0.104079 
0.076913 0.352048 0.476979 0.094059 0.000001 
0.359857 0.048252 0.487867 0.000000 0.104023 
0.116430 0.040716 0.842852 0.000000 0.000001 
0.014963 0.030244 0.954791 0.000000 0.000002 
0.032470 0.153567 0.813962 0.000000 0.000001 
0.571725 0.027586 0.277952 0.055979 0.066758 
0.280004 0.032320 0.624794 0.000000 0.062881 
0.029268 0.000002 0.369050 0.601679 0.000001 
0.109269 0.686587 0.204142 0.000000 0.000001 
0.000079 0.942098 0.057822 0.000000 0.000002 
0.198519 0.000002 0.362089 0.041147 0.398243 
0.021588 0.000002 0.314503 0.184855 0.479052 
0.547175 0.045584 0.295431 0.012079 0.099732 
0.011670 0.368089 0.560404 0.000000 0.059836 
0.114067 0.412525 0.399520 0.000000 0.073888 
0.020965 0.000002 0.971871 0.007161 0.000001 
0.039771 0.000002 0.773010 0.039330 0.147887 
0.647234 0.026210 0.222571 0.020542 0.083443 
0.047744 0.000001 0.911949 0.000000 0.040306 
0.000075 0.737520 0.218196 0.000000 0.044209 
0.884737 0.000001 0.060322 0.000000 0.054939 
0.080667 0.041430 0.398307 0.000000 0.479596 
0.000104 0.032055 0.006837 0.173332 0.787672 
0.995052 0.000001 0.004945 0.000000 0.000001 
0.089035 0.000002 0.372961 0.016661 0.521341 
0.086247 0.142529 0.749655 0.021568 0.000001 
0.000168 0.000002 0.999828 0.000000 0.000001 
0.175664 0.000002 0.071519 0.752814 0.000001 
0.459799 0.000002 0.391139 0.000000 0.149060 
0.025470 0.641439 0.009947 0.054258 0.268886 
0.207916 0.073075 0.429170 0.289838 0.000001 
0.013250 0.000002 0.711946 0.110264 0.164538 
0.048568 0.067477 0.378090 0.505864 0.000001 
0.055597 0.022210 0.852090 0.070101 0.000001 
0.178631 0.000002 0.092886 0.728480 0.000001 
0.097913 0.447698 0.145735 0.308652 0.000002 
0.000067 0.506458 0.012316 0.481158 0.000001 
0.038710 0.000002 0.152502 0.000000 0.808785 
0.000073 0.012600 0.987325 0.000000 0.000002 
0.022660 0.056693 0.186796 0.733850 0.000001 
0.278721 0.021703 0.091734 0.094139 0.513702 
0.028036 0.000002 0.962582 0.009380 0.000001 
0.040960 0.000002 0.791696 0.000000 0.167341 
0.032572 0.000002 0.864050 0.103374 0.000001 
0.078138 0.000002 0.341832 0.580027 0.000002 
0.033488 0.000002 0.425154 0.521581 0.019775 
0.000116 0.000002 0.002499 0.831047 0.166336 
0.009420 0.742165 0.201204 0.000000 0.047210 
0.037135 0.000002 0.897189 0.000000 0.065674 
0.104474 0.073824 0.806742 0.014959 0.000001 
0.029430 0.000002 0.715141 0.255426 0.000001 
0.093611 0.013490 0.892897 0.000000 0.000001 
0.788040 0.172753 0.039206 0.000000 0.000001 
0.866218 0.000002 0.133778 0.000000 0.000001 
0.489254 0.020028 0.103482 0.022711 0.364525 
0.000090 0.843433 0.033576 0.122900 0.000001 
0.000118 0.055943 0.320531 0.013290 0.610118 
0.633886 0.000002 0.341424 0.020059 0.004630 
0.924228 0.009702 0.015140 0.000000 0.050929 
0.130700 0.000002 0.391538 0.023121 0.454639 
0.013991 0.763619 0.172411 0.000000 0.049979 
0.087902 0.000002 0.623160 0.000000 0.288936 
0.158190 0.076206 0.765602 0.000000 0.000001 
0.015071 0.000002 0.984926 0.000000 0.000001 
0.070923 0.000002 0.755638 0.000000 0.173437 
0.942774 0.016322 0.032802 0.008100 0.000002 
0.124363 0.049751 0.154094 0.000000 0.671792 
0.726854 0.038608 0.193060 0.000000 0.041477 
0.023143 0.000002 0.945824 0.031030 0.000002 
0.298682 0.030669 0.670647 0.000000 0.000001 
0.283021 0.027954 0.689024 0.000000 0.000002 
0.461829 0.009156 0.454014 0.000000 0.075000 
0.000079 0.000002 0.243164 0.756754 0.000001 
0.704442 0.059841 0.113843 0.092259 0.029616 
0.000153 0.739871 0.259975 0.000000 0.000001 
0.052115 0.131835 0.386649 0.000000 0.429401 
0.021689 0.674170 0.288859 0.000000 0.015282 
0.193968 0.092864 0.713167 0.000000 0.000001 
0.000158 0.000002 0.566286 0.000000 0.433553 
0.697797 0.093740 0.105662 0.102799 0.000001 
0.026949 0.437655 0.535395 0.000000 0.000001 
0.000112 0.000002 0.008225 0.991660 0.000002 
0.038356 0.047913 0.351437 0.562293 0.000001 
0.581283 0.080164 0.338551 0.000000 0.000001 
0.342906 0.000002 0.528245 0.018189 0.110658 
0.042047 0.000002 0.033280 0.000000 0.924671 
0.081057 0.000001 0.845640 0.000000 0.073302 
0.009907 0.886154 0.032990 0.035822 0.035128 
0.082930 0.030091 0.861048 0.000000 0.025931 
0.000073 0.991167 0.008758 0.000000 0.000001 
0.194644 0.041157 0.658482 0.000000 0.105716 
0.802924 0.026322 0.140826 0.000000 0.029927 
0.031915 0.000002 0.712211 0.000000 0.255872 
0.077235 0.000002 0.893253 0.029509 0.000001 
0.717556 0.080273 0.147355 0.000000 0.054815 
0.510728 0.042862 0.086350 0.000000 0.360059 
0.000133 0.000002 0.019836 0.000000 0.980029 
0.039114 0.099387 0.700756 0.038541 0.122203 
0.059534 0.494410 0.187015 0.099970 0.159071 
0.029924 0.000002 0.970072 0.000000 0.000001 
0.000105 0.000002 0.119062 0.168697 0.712134 
0.680559 0.000002 0.319437 0.000000 0.000001 
0.140635 0.000003 0.615715 0.000000 0.243647 
0.106259 0.054186 0.824822 0.014732 0.000001 
0.383703 0.000002 0.616294 0.000000 0.000001 
0.358220 0.021662 0.447626 0.033446 0.139046 
0.000088 0.910295 0.075225 0.014391 0.000001 
0.431332 0.037411 0.156992 0.000000 0.374265 
0.039514 0.028697 0.158123 0.773665 0.000001 
0.050352 0.026411 0.877267 0.045970 0.000001 
0.040708 0.000002 0.830231 0.000000 0.129059 
0.012121 0.013399 0.943897 0.030582 0.000001 
0.308984 0.135733 0.531061 0.000000 0.024222 
0.071208 0.041563 0.867339 0.000000 0.019890 
0.357471 0.074033 0.464062 0.104433 0.000002 
0.045615 0.480638 0.473745 0.000000 0.000002 
0.001771 0.527701 0.138174 0.060321 0.272032 
0.025954 0.030300 0.284630 0.659115 0.000001 
0.009129 0.041944 0.351324 0.597601 0.000002 
0.000132 0.018325 0.042304 0.025103 0.914136 
0.977312 0.000002 0.014490 0.008195 0.000001 
0.052181 0.000002 0.733362 0.214454 0.000001 
0.692267 0.007575 0.300156 0.000000 0.000001 
0.550203 0.028967 0.420829 0.000000 0.000001 
0.441756 0.040626 0.412796 0.104821 0.000001 
0.115086 0.000002 0.672198 0.000000 0.212715 
0.214176 0.000002 0.101630 0.412117 0.272075 
0.038409 0.425396 0.469449 0.022540 0.044206 
0.098858 0.665880 0.067009 0.049926 0.118327 
0.048239 0.024832 0.926927 0.000000 0.000001 
0.130551 0.197023 0.654800 0.017625 0.000001 
0.983531 0.000002 0.011239 0.000000 0.005228 
0.059396 0.000002 0.411872 0.000000 0.528730 
0.000081 0.000002 0.001120 0.990309 0.008488 
0.003509 0.000002 0.753187 0.000000 0.243302 
0.047070 0.548595 0.344263 0.000000 0.060072 
0.096294 0.000002 0.822678 0.000000 0.081026 
0.008164 0.000002 0.311732 0.018345 0.661758 
0.000117 0.049141 0.112291 0.000000 0.838451 
0.056697 0.213286 0.730015 0.000000 0.000002 
0.687166 0.130440 0.133093 0.021718 0.027583 
0.110350 0.000002 0.804457 0.000000 0.085191 
0.047107 0.000002 0.022049 0.404475 0.526367 
0.785991 0.030201 0.160959 0.000000 0.022848 
0.006417 0.000002 0.831130 0.000000 0.162450 
0.131625 0.061146 0.807228 0.000000 0.000001 
0.000116 0.000002 0.970567 0.029313 0.000001 
0.000177 0.339801 0.660021 0.000000 0.000002 
0.135751 0.000002 0.848511 0.000000 0.015737 
0.036709 0.104926 0.413683 0.029444 0.415238 
0.000131 0.977451 0.008037 0.006573 0.007808 
0.607224 0.057671 0.309339 0.000000 0.025766 
0.041371 0.154002 0.804626 0.000000 0.000001 
0.052075 0.038216 0.526398 0.075804 0.307508 
0.000160 0.000002 0.444916 0.000000 0.554922 
0.015455 0.000002 0.677599 0.306943 0.000001 
0.040003 0.000002 0.896226 0.063768 0.000001 
0.103626 0.000002 0.782695 0.018240 0.095438 
0.000083 0.313350 0.045615 0.048940 0.592012 
0.344750 0.022321 0.554077 0.078850 0.000001 
0.198524 0.009626 0.578406 0.032339 0.181105 
0.060216 0.000002 0.863609 0.000000 0.076173 
0.083896 0.000002 0.803211 0.095849 0.017042 
0.011724 0.009728 0.978547 0.000000 0.000001 
0.224306 0.308958 0.444179 0.022555 0.000001 
0.013904 0.000002 0.353351 0.632742 0.000001 
0.016318 0.000002 0.765655 0.046941 0.171084 
0.310064 0.014576 0.416740 0.000000 0.258620 
0.920731 0.014892 0.064376 0.000000 0.000001 
0.794349 0.017745 0.143262 0.022412 0.022232 
0.573309 0.042279 0.161062 0.000000 0.223350 
0.000156 0.686522 0.131631 0.000000 0.181690 
0.352941 0.045369 0.585608 0.016080 0.000002 
0.478296 0.022488 0.237507 0.025065 0.236644 
0.286592 0.024229 0.070370 0.618808 0.000001 
0.433746 0.048979 0.081400 0.019547 0.416328 
0.000077 0.987081 0.012841 0.000000 0.000001 
0.315528 0.020339 0.361285 0.022215 0.280633 
0.695993 0.036829 0.150610 0.000000 0.116568 
0.141064 0.026909 0.776458 0.000000 0.055569 
0.053083 0.000002 0.817583 0.023669 0.105662 
0.000172 0.000002 0.959697 0.000000 0.040129 
0.278531 0.072759 0.536430 0.000000 0.112280 
0.000113 0.145764 0.031205 0.000000 0.822918 
0.166412 0.000002 0.012267 0.802490 0.018829 
0.015416 0.000002 0.984580 0.000000 0.000002 
0.006331 0.000002 0.485194 0.508472 0.000001 
0.077519 0.064778 0.804756 0.004656 0.048291 
0.022714 0.000002 0.950705 0.000000 0.026580 
0.968670 0.000002 0.019218 0.012108 0.000002 
0.390444 0.000002 0.034795 0.574759 0.000001 
0.136372 0.278741 0.059281 0.488634 0.036972 
0.037384 0.028844 0.933771 0.000000 0.000001 
0.640658 0.045552 0.106821 0.000000 0.206969 
0.000115 0.408720 0.203218 0.000000 0.387948 
0.088586 0.045720 0.764666 0.000000 0.101028 
0.018748 0.000002 0.500406 0.480843 0.000001 
0.065396 0.000002 0.872329 0.062271 0.000002 
0.246358 0.000002 0.561591 0.169239 0.022810 
0.065370 0.000002 0.883101 0.000000 0.051528 
0.033710 0.000001 0.456863 0.008877 0.500548 
0.066732 0.000002 0.235008 0.159528 0.538730 
0.020126 0.000002 0.046664 0.218522 0.714686 
0.017300 0.049449 0.620761 0.312488 0.000001 
0.121105 0.000002 0.817693 0.000000 0.061200 
0.390810 0.060069 0.511067 0.038052 0.000001 
0.622287 0.015035 0.260955 0.000000 0.101722 
0.499254 0.000002 0.500743 0.000000 0.000001 
0.166696 0.000002 0.833300 0.000000 0.000001 
0.675263 0.000002 0.324733 0.000000 0.000002 
0.030273 0.314959 0.597614 0.021197 0.035957 
0.122972 0.052849 0.824178 0.000000 0.000001 
0.053737 0.124410 0.294624 0.349987 0.177242 
0.026503 0.000002 0.900367 0.073128 0.000001 
0.067494 0.000002 0.932502 0.000000 0.000001 
0.122386 0.000002 0.826810 0.032859 0.017943 
0.451912 0.036147 0.511938 0.000000 0.000001 
0.120663 0.047968 0.831367 0.000000 0.000001 
0.715656 0.000002 0.031760 0.176215 0.076367 
0.074150 0.000002 0.901360 0.000000 0.024487 
0.217147 0.033943 0.683850 0.000000 0.065061 
0.067072 0.000001 0.889194 0.000000 0.043732 
0.046693 0.031502 0.241781 0.000000 0.680024 
0.523926 0.055459 0.153684 0.000000 0.266931 
0.004336 0.707084 0.224743 0.000000 0.063838 
0.000165 0.944393 0.048853 0.000000 0.006589 
0.349046 0.543464 0.080051 0.000000 0.027438 
0.051049 0.000001 0.931733 0.000000 0.017218 
0.117914 0.049985 0.237102 0.427885 0.167115 
0.003414 0.033672 0.153525 0.464966 0.344422 
0.077335 0.491927 0.152237 0.197625 0.080876 
0.318693 0.149626 0.648734 0.115395 0.143695 
