-955171.044211
0
0.006802 0.000000 0.000000 0.000000 0.002528 0.007137 0.006431 0.001780 0.026231 0.016739 0.000000 0.017398 0.011859 0.007924 0.016212 0.014550 0.068552 0.018263 0.047087 0.046745 0.000000 0.000000 0.003459 0.000000 0.000000 0.000000 0.004894 0.000000 0.002481 0.001183 0.004949 0.000000 0.027690 0.019405 0.000000 0.014191 0.002969 0.002270 0.012303 0.003718 0.021200 0.013752 0.027412 0.022873 0.000000 0.004899 0.005304 0.009432 0.014749 0.008569 0.000000 0.008635 0.002893 0.002673 0.000000 0.000000 0.034850 0.030405 0.000000 0.035194 0.010536 0.000576 0.007642 0.006219 0.027998 0.011340 0.022963 0.025944 0.003391 0.000000 0.000000 0.000000 0.020468 0.013836 0.009144 0.018931 0.000000 0.001946 0.002311 0.000000 0.000000 0.000000 0.000000 0.010954 0.013413 0.007756 0.006848 0.005128 0.023311 0.021084 0.023328 0.023959 0.000000 0.007009 0.004717 0.010658 
0.000000 0.000000 0.000705 0.001828 0.001892 0.000545 0.000000 0.000000 0.035511 0.019534 0.011135 0.013346 0.000000 0.004349 0.000000 0.004354 0.003926 0.002014 0.032559 0.000000 0.000000 0.002656 0.000942 0.001849 0.015544 0.038055 0.017045 0.097309 0.000000 0.000000 0.000000 0.000000 0.000000 0.015136 0.068758 0.000059 0.000000 0.005029 0.000000 0.001978 0.008014 0.003155 0.041589 0.000001 0.000000 0.006938 0.008221 0.013888 0.002049 0.009478 0.003805 0.012974 0.000000 0.002996 0.000000 0.002032 0.089460 0.104211 0.120664 0.080123 0.000000 0.004688 0.000000 0.004334 0.015596 0.003923 0.016066 0.000000 0.000000 0.002276 0.000896 0.006339 0.000001 0.000001 0.000000 0.000000 0.000000 0.000000 0.000000 0.000000 0.005439 0.000000 0.000000 0.000003 0.000000 0.001037 0.000000 0.000000 0.007096 0.002082 0.007834 0.002730 0.000000 0.003294 0.001735 0.008971 
0.000006 0.000000 0.000000 0.000001 0.000000 0.000000 0.000000 0.000000 0.000011 0.137075 0.000000 0.000071 0.000001 0.000003 0.000001 0.000006 0.000032 0.000001 0.000010 0.086745 0.000000 0.000000 0.000000 0.000000 0.000007 0.000000 0.000000 0.000002 0.000000 0.000000 0.000000 0.000000 0.000003 0.594934 0.000003 0.000082 0.000000 0.000002 0.000000 0.000003 0.000001 0.000004 0.015077 0.000019 0.000000 0.131090 0.000003 0.000000 0.000006 0.000006 0.000000 0.000007 0.000000 0.000000 0.000000 0.000000 0.000002 0.000014 0.000000 0.000159 0.000000 0.000000 0.000000 0.000001 0.000017 0.000003 0.000004 0.000007 0.000000 0.000000 0.000000 0.000000 0.000021 0.000033 0.000000 0.000006 0.000000 0.000000 0.000000 0.000000 0.000000 0.000000 0.000000 0.000056 0.000001 0.000000 0.000000 0.000001 0.000080 0.000004 0.034368 0.000006 0.000000 0.000001 0.000002 0.000000 
0.000099 0.000000 0.000000 0.000019 0.000000 0.000004 0.000000 0.000000 0.000212 0.002253 0.000000 0.001574 0.000012 0.000036 0.000016 0.000107 0.000503 0.000018 0.000150 0.000129 0.000000 0.985886 0.000006 0.000000 0.000107 0.000002 0.000000 0.000043 0.000000 0.000000 0.000000 0.000000 0.000047 0.000025 0.000060 0.001186 0.000002 0.000047 0.000002 0.000041 0.000010 0.000063 0.000266 0.000237 0.000000 0.000003 0.000052 0.000000 0.000145 0.000149 0.000000 0.000121 0.000000 0.000001 0.000000 0.000000 0.000045 0.000226 0.000000 0.002410 0.000000 0.000001 0.000001 0.000010 0.000226 0.000065 0.000069 0.000117 0.000000 0.000000 0.000000 0.000003 0.000304 0.000417 0.000000 0.000091 0.000000 0.000000 0.000000 0.000000 0.000000 0.000000 0.000001 0.000808 0.000012 0.000001 0.000002 0.000025 0.001195 0.000063 0.000077 0.000135 0.000000 0.000010 0.000049 0.000003 
0.006472 0.007211 0.001095 0.002327 0.000000 0.001276 0.000000 0.002440 0.033167 0.014177 0.239294 0.015229 0.002976 0.001034 0.000000 0.006927 0.013273 0.008519 0.011548 0.006008 0.000000 0.002078 0.000000 0.002893 0.002521 0.003809 0.000000 0.000000 0.000000 0.000000 0.000000 0.000000 0.018915 0.000000 0.135590 0.014535 0.000000 0.000000 0.000000 0.000000 0.004617 0.004513 0.006466 0.007426 0.000000 0.000000 0.000000 0.000000 0.005237 0.004306 0.000000 0.001312 0.000000 0.003098 0.000000 0.000000 0.034254 0.032927 0.149859 0.018378 0.000000 0.000000 0.000449 0.000000 0.010827 0.006794 0.004909 0.010881 0.000000 0.000000 0.000000 0.000000 0.006330 0.008886 0.002461 0.000000 0.000000 0.001078 0.000000 0.000000 0.000000 0.000000 0.085192 0.004314 0.002737 0.000000 0.000000 0.001510 0.007983 0.004431 0.010965 0.004543 0.000000 0.000000 0.000000 0.000000 
0.000766 0.000624 0.000000 0.000000 0.000000 0.000000 0.000000 0.000000 0.006047 0.000936 0.000000 0.002199 0.000000 0.000000 0.000262 0.000000 0.002545 0.000000 0.000000 0.001649 0.000000 0.000000 0.000000 0.000000 0.000000 0.000000 0.000000 0.000000 0.000000 0.000000 0.000000 0.000000 0.009597 0.000000 0.002557 0.006139 0.000000 0.000508 0.000000 0.000000 0.000000 0.000000 0.000000 0.000413 0.000263 0.000000 0.000000 0.000000 0.000000 0.000000 0.000000 0.000000 0.000000 0.000000 0.000000 0.000000 0.006412 0.000000 0.000000 0.002570 0.000000 0.000000 0.000000 0.000000 0.000000 0.000000 0.000000 0.000000 0.000000 0.000000 0.000000 0.000229 0.015283 0.007768 0.002415 0.014373 0.038606 0.000000 0.001370 0.070217 0.450955 0.069918 0.043981 0.241390 0.000000 0.000000 0.000000 0.000000 0.000003 0.000000 0.000000 0.000000 0.000000 0.000000 0.000000 0.000000 
0.047384 0.044767 0.000000 0.044435 0.000000 0.000000 0.000000 0.000000 0.017030 0.003736 0.031387 0.026894 0.018782 0.015527 0.019535 0.031131 0.021937 0.005154 0.007454 0.027947 0.000000 0.000000 0.004226 0.000000 0.037695 0.028678 0.000000 0.038802 0.000000 0.000000 0.000000 0.000000 0.000000 0.003491 0.012596 0.023001 0.014103 0.021267 0.018195 0.031700 0.000534 0.008357 0.004477 0.010340 0.000000 0.000000 0.002226 0.000000 0.030581 0.014896 0.000000 0.026020 0.000000 0.000000 0.000000 0.000000 0.000000 0.000000 0.017992 0.003318 0.009497 0.007655 0.009729 0.028538 0.004168 0.005266 0.003767 0.006738 0.000000 0.000000 0.000000 0.003119 0.033445 0.020007 0.000000 0.042694 0.000000 0.000000 0.000000 0.000000 0.000000 0.000000 0.000000 0.011808 0.019609 0.015565 0.010306 0.034948 0.002738 0.002258 0.000000 0.009434 0.000000 0.000000 0.003116 0.000000 
0.000008 0.000000 0.000000 0.000002 0.000000 0.042204 0.000000 0.000000 0.000020 0.000441 0.000000 0.000098 0.000001 0.000003 0.000001 0.096247 0.000053 0.000001 0.000015 0.000010 0.000000 0.000000 0.000000 0.000000 0.000011 0.000000 0.000000 0.000003 0.000000 0.000000 0.000000 0.000000 0.000004 0.000002 0.000004 0.000147 0.000000 0.000005 0.000000 0.032990 0.000001 0.000007 0.000032 0.000031 0.000000 0.000001 0.000004 0.000000 0.000009 0.000011 0.000000 0.000008 0.000000 0.000000 0.000000 0.000000 0.000005 0.000020 0.000000 0.000211 0.000000 0.000000 0.000000 0.000001 0.020437 0.000005 0.000007 0.000011 0.000000 0.000000 0.053258 0.000000 0.000031 0.000042 0.000000 0.000008 0.000000 0.000000 0.000000 0.000000 0.000000 0.000000 0.630754 0.000097 0.000001 0.000000 0.000000 0.000002 0.122712 0.000005 0.000006 0.000010 0.000000 0.000001 0.000003 0.000000 
0.023924 0.025667 0.002970 0.022271 0.032539 0.016576 0.000000 0.032342 0.024371 0.009067 0.000000 0.020768 0.009377 0.009575 0.006030 0.008858 0.000001 0.011132 0.011398 0.018653 0.000000 0.001906 0.013109 0.007877 0.022344 0.015885 0.000000 0.020019 0.021670 0.020326 0.000000 0.032333 0.011045 0.000000 0.000000 0.014125 0.005927 0.013230 0.010657 0.022463 0.008503 0.017983 0.007718 0.010326 0.000000 0.005451 0.014238 0.007008 0.009283 0.011979 0.000000 0.015318 0.012286 0.014328 0.000000 0.021954 0.000000 0.000000 0.000000 0.011580 0.005703 0.011587 0.010710 0.006654 0.007566 0.009403 0.005097 0.007362 0.000000 0.002479 0.020107 0.004840 0.009869 0.015608 0.000000 0.022420 0.013782 0.017645 0.000000 0.024721 0.000000 0.000000 0.000000 0.000001 0.005824 0.012690 0.006846 0.020002 0.008981 0.013769 0.005726 0.014256 0.000000 0.003861 0.013577 0.012525 
0.000000 0.000000 0.000000 0.009317 0.000000 0.000000 0.000000 0.000000 0.000000 0.003129 0.013156 0.004588 0.000000 0.000000 0.000000 0.000000 0.002490 0.005206 0.001960 0.004607 0.000000 0.003746 0.001523 0.015929 0.002707 0.000000 0.001029 0.015782 0.000000 0.000000 0.000000 0.000000 0.000000 0.000000 0.011352 0.003098 0.000000 0.000000 0.000000 0.000000 0.000000 0.001914 0.000859 0.001557 0.002522 0.001099 0.003303 0.019778 0.001504 0.001284 0.000000 0.008604 0.000000 0.000000 0.000000 0.000000 0.000000 0.013889 0.028812 0.014722 0.000000 0.000000 0.000000 0.000000 0.007122 0.010794 0.005816 0.012934 0.000000 0.002238 0.000000 0.002512 0.038313 0.011160 0.003772 0.325092 0.000000 0.000000 0.000000 0.000000 0.000000 0.013537 0.215908 0.036295 0.000000 0.000000 0.000000 0.003348 0.001872 0.009870 0.006663 0.009995 0.005660 0.009857 0.002023 0.065752 
0.039160 0.031769 0.021839 0.024905 0.008841 0.003553 0.004142 0.001413 0.010444 0.007281 0.000000 0.003252 0.003492 0.002619 0.009597 0.000000 0.009763 0.000000 0.007974 0.000000 0.000000 0.000000 0.000000 0.000000 0.050206 0.073685 0.012230 0.051217 0.009877 0.008283 0.006727 0.006019 0.020062 0.015418 0.006438 0.019785 0.008429 0.008876 0.039305 0.009581 0.004541 0.000000 0.011408 0.004725 0.000000 0.001029 0.004134 0.000000 0.041243 0.041717 0.029444 0.028736 0.006597 0.009297 0.007080 0.003240 0.009490 0.009299 0.000000 0.007668 0.008843 0.003888 0.014644 0.002721 0.006506 0.000962 0.003374 0.001163 0.000000 0.000000 0.000000 0.000000 0.040846 0.062108 0.012683 0.039114 0.002771 0.009896 0.004352 0.002139 0.000000 0.001562 0.000000 0.004961 0.004311 0.003036 0.009067 0.000000 0.001578 0.000000 0.003060 0.000000 0.000000 0.000000 0.000585 0.000000 
0.000000 0.000000 0.000000 0.000000 0.000000 0.000000 0.000000 0.000000 0.000000 0.018726 0.000000 0.004165 0.000335 0.001113 0.001185 0.003357 0.000001 0.000000 0.000000 0.000000 0.000000 0.000000 0.000629 0.000000 0.000981 0.000000 0.000000 0.000828 0.000000 0.000000 0.000453 0.000000 0.078639 0.104824 0.020466 0.080436 0.000000 0.001493 0.000577 0.001185 0.000000 0.000891 0.000000 0.004273 0.000000 0.000000 0.000804 0.000000 0.000000 0.000000 0.000000 0.000000 0.000000 0.000000 0.000000 0.000000 0.000000 0.021309 0.000000 0.016067 0.000000 0.000000 0.000000 0.001455 0.000000 0.000000 0.000000 0.008407 0.000000 0.000000 0.001319 0.000298 0.000000 0.000854 0.000000 0.000000 0.000000 0.000000 0.000000 0.000000 0.123734 0.296140 0.098122 0.090923 0.000560 0.001426 0.000922 0.005309 0.000820 0.001383 0.000000 0.001941 0.000000 0.001061 0.000972 0.001613 
0.008952 0.000000 0.000000 0.001400 0.000000 0.001576 0.000000 0.000000 0.004759 0.002615 0.000000 0.002547 0.014736 0.003748 0.006869 0.024761 0.029528 0.010876 0.021083 0.029628 0.049698 0.006276 0.004958 0.024543 0.006615 0.001706 0.000000 0.004208 0.000000 0.000000 0.000000 0.000000 0.006179 0.003344 0.000000 0.002773 0.005500 0.002847 0.004277 0.003144 0.021005 0.010041 0.018814 0.034639 0.029868 0.007017 0.014339 0.063923 0.013279 0.008041 0.000000 0.007958 0.000000 0.000542 0.000000 0.002877 0.006236 0.006281 0.000000 0.007778 0.002853 0.001490 0.000855 0.000000 0.010791 0.011110 0.012816 0.013648 0.008576 0.001193 0.003303 0.023840 0.027171 0.001583 0.000000 0.035812 0.000000 0.000000 0.000000 0.002042 0.000000 0.000000 0.000000 0.007993 0.024882 0.000000 0.014440 0.013117 0.019818 0.015080 0.010799 0.034006 0.069791 0.010829 0.009166 0.071216 
0.008336 0.000000 0.000000 0.000000 0.000000 0.000000 0.047323 0.000000 0.000004 0.000072 0.000000 0.000027 0.000000 0.000001 0.000000 0.000002 0.104449 0.000000 0.000003 0.000002 0.000000 0.000000 0.000000 0.000000 0.000002 0.000000 0.000000 0.000001 0.011910 0.000000 0.035323 0.000000 0.000001 0.000001 0.000001 0.000028 0.034379 0.000001 0.000000 0.000001 0.000000 0.000001 0.000006 0.000006 0.000000 0.000000 0.000001 0.000000 0.000002 0.000002 0.000000 0.000002 0.000000 0.000000 0.015846 0.000000 0.139700 0.048479 0.000000 0.000067 0.000000 0.000000 0.000000 0.046170 0.000006 0.000001 0.000002 0.000002 0.045928 0.024516 0.000000 0.000000 0.000006 0.000010 0.000000 0.000002 0.073760 0.074680 0.026084 0.181566 0.000000 0.000000 0.000000 0.021183 0.000000 0.000000 0.000000 0.000000 0.017929 0.000001 0.000002 0.000002 0.000000 0.042171 0.000001 0.000000 
0.000000 0.000000 0.000000 0.000000 0.025685 0.000005 0.602144 0.000000 0.219768 0.025493 0.033990 0.004882 0.088033 0.000000 
0.037828 0.000000 0.017630 0.000000 0.420739 0.030056 0.026560 0.000000 0.248492 0.153110 0.022036 0.026716 0.016833 0.000000 
0.000000 0.000000 0.000000 0.000000 0.040615 0.915537 0.000007 0.014012 0.004618 0.000002 0.000045 0.025141 0.000023 0.000000 
0.000000 0.000000 0.000000 0.000000 0.041663 0.112895 0.000009 0.000000 0.589369 0.000002 0.062242 0.050513 0.073500 0.069805 
0.000000 0.000000 0.000000 0.000000 0.011529 0.000008 0.000010 0.000000 0.078325 0.000002 0.464540 0.426991 0.018596 0.000000 
0.000000 0.000000 0.000000 0.000000 0.000147 0.000009 0.072002 0.000000 0.205022 0.000001 0.659818 0.041506 0.021494 0.000000 
0.054256 0.000000 0.000000 0.000000 0.177340 0.000010 0.066212 0.000000 0.145614 0.069135 0.000038 0.054884 0.402855 0.029657 
0.015180 0.000000 0.000000 0.000000 0.000141 0.087497 0.506536 0.016054 0.251164 0.000002 0.000036 0.060843 0.062546 0.000000 
0.000000 0.000000 0.000000 0.000000 0.002848 0.930302 0.004169 0.000000 0.000466 0.000001 0.000033 0.062173 0.000007 0.000000 
0.057674 0.000000 0.000000 0.000000 0.591719 0.000010 0.062694 0.000000 0.050346 0.000002 0.159227 0.071327 0.007000 0.000000 
0.000000 0.000000 0.000000 0.000000 0.000238 0.017411 0.637191 0.000000 0.274215 0.000002 0.026385 0.010223 0.034333 0.000000 
0.000000 0.238358 0.011035 0.000000 0.232846 0.000007 0.150851 0.000000 0.142864 0.021182 0.193398 0.009429 0.000030 0.000000 
0.214820 0.000000 0.000000 0.000000 0.040229 0.000009 0.000009 0.000000 0.186789 0.217845 0.071996 0.194147 0.074157 0.000000 
0.339670 0.000000 0.000000 0.006330 0.040921 0.226835 0.077958 0.000000 0.185781 0.000002 0.024959 0.046162 0.051382 0.000000 
0.000000 0.056630 0.018435 0.000000 0.104181 0.030202 0.000009 0.000000 0.622393 0.000002 0.039812 0.000476 0.031537 0.096323 
0.000000 0.000000 0.000000 0.000000 0.000261 0.086260 0.092651 0.000000 0.052483 0.000002 0.097465 0.493568 0.177309 0.000000 
0.000000 0.000000 0.010307 0.000000 0.232333 0.071350 0.000009 0.000000 0.131174 0.034329 0.372175 0.026435 0.121887 0.000000 
0.295341 0.000000 0.019432 0.000000 0.238922 0.000008 0.038482 0.000000 0.260236 0.000002 0.058723 0.068621 0.020233 0.000000 
0.227981 0.000000 0.000000 0.000000 0.055088 0.012814 0.084670 0.000000 0.265677 0.000002 0.023308 0.087053 0.214262 0.029144 
0.033354 0.085805 0.000000 0.000000 0.016075 0.291630 0.021057 0.000000 0.017117 0.071773 0.000035 0.463127 0.000027 0.000000 
0.000000 0.000000 0.000000 0.000000 0.032277 0.000007 0.315994 0.000000 0.224918 0.000002 0.051602 0.335043 0.040156 0.000000 
0.183056 0.336769 0.000000 0.000000 0.356320 0.000008 0.000009 0.000000 0.038516 0.012574 0.000039 0.064412 0.008296 0.000000 
0.000000 0.000000 0.000000 0.000000 0.018198 0.000009 0.047849 0.000000 0.153415 0.000002 0.479571 0.275696 0.025259 0.000000 
0.407366 0.000000 0.000000 0.000000 0.046147 0.015161 0.128736 0.000000 0.224423 0.000001 0.037042 0.045879 0.095244 0.000000 
0.059931 0.000000 0.000000 0.000000 0.004665 0.000007 0.000008 0.000000 0.061005 0.000002 0.020950 0.840448 0.012984 0.000000 
0.000000 0.040092 0.011424 0.000000 0.472925 0.000010 0.236862 0.000000 0.110459 0.040202 0.000035 0.058172 0.029820 0.000000 
0.000000 0.000000 0.000000 0.000000 0.000191 0.165766 0.040073 0.000000 0.049022 0.367642 0.359772 0.017511 0.000024 0.000000 
0.169062 0.000000 0.000000 0.000000 0.035668 0.027639 0.000009 0.036729 0.146590 0.000002 0.038958 0.519503 0.025840 0.000000 
0.000000 0.000000 0.000000 0.000000 0.011836 0.020431 0.338439 0.000000 0.287095 0.000002 0.036849 0.016758 0.288590 0.000000 
0.000000 0.171989 0.000000 0.000000 0.198126 0.042256 0.308190 0.000000 0.171035 0.000002 0.052208 0.011623 0.044569 0.000000 
0.256622 0.000000 0.000000 0.004702 0.050977 0.261422 0.008810 0.000000 0.167271 0.015121 0.000031 0.222837 0.012209 0.000000 
0.243443 0.000000 0.000000 0.000000 0.037978 0.000009 0.000009 0.000000 0.267296 0.000002 0.349773 0.050337 0.051153 0.000000 
0.182236 0.077592 0.000000 0.000000 0.082812 0.218739 0.091876 0.000000 0.224350 0.000002 0.000037 0.043988 0.078368 0.000000 
0.000000 0.039598 0.023798 0.000000 0.367755 0.000008 0.087015 0.000000 0.012161 0.247352 0.000033 0.206476 0.015804 0.000000 
0.027170 0.000000 0.000000 0.000000 0.011473 0.773537 0.000009 0.000000 0.114212 0.000002 0.000035 0.065748 0.007814 0.000000 
0.043950 0.028827 0.000000 0.000000 0.000180 0.008136 0.425893 0.038607 0.212822 0.176026 0.000036 0.014771 0.050751 0.000000 
0.000000 0.000000 0.000000 0.000000 0.001398 0.000006 0.027624 0.000000 0.015222 0.517842 0.036799 0.308056 0.093052 0.000000 
0.000000 0.088848 0.000000 0.000000 0.046580 0.741985 0.000009 0.000000 0.038788 0.000002 0.000039 0.043173 0.040576 0.000000 
0.129074 0.000000 0.000000 0.000000 0.023245 0.032123 0.030914 0.000000 0.099464 0.485758 0.173214 0.026183 0.000025 0.000000 
0.000000 0.000000 0.000000 0.000000 0.018796 0.009326 0.193656 0.000000 0.165568 0.000001 0.537055 0.042903 0.018493 0.014203 
0.000000 0.142357 0.000000 0.000000 0.070706 0.000006 0.013002 0.000000 0.006447 0.628408 0.065716 0.073335 0.000024 0.000000 
0.181643 0.000000 0.000000 0.000000 0.049737 0.020447 0.000009 0.000000 0.182855 0.000002 0.489031 0.027950 0.048326 0.000000 
0.000000 0.049279 0.000000 0.000000 0.000229 0.018320 0.099355 0.000000 0.120854 0.133967 0.426309 0.024173 0.127514 0.000000 
0.293010 0.081280 0.000000 0.000000 0.294832 0.009382 0.029954 0.000000 0.177244 0.000002 0.000040 0.077314 0.036942 0.000000 
0.000000 0.000000 0.000000 0.000000 0.020255 0.514017 0.000009 0.000000 0.052192 0.000002 0.398282 0.005075 0.000017 0.010151 
0.052935 0.050498 0.000000 0.000000 0.000319 0.000007 0.024782 0.000000 0.188269 0.000002 0.049408 0.391903 0.229981 0.011895 
0.000000 0.000000 0.000000 0.000000 0.072497 0.011350 0.513156 0.000000 0.231289 0.057877 0.034076 0.021441 0.058315 0.000000 
0.029635 0.000000 0.000000 0.000000 0.050443 0.000010 0.041020 0.000000 0.117562 0.030934 0.000034 0.022685 0.707678 0.000000 
0.000000 0.178207 0.000000 0.000000 0.111176 0.121428 0.000009 0.000000 0.063936 0.000002 0.490339 0.034882 0.000021 0.000000 
0.020641 0.000000 0.000000 0.000000 0.000216 0.000008 0.000009 0.021120 0.020500 0.790203 0.019647 0.127630 0.000025 0.000000 
0.000000 0.102843 0.010936 0.000000 0.233801 0.213607 0.227778 0.000000 0.074691 0.027536 0.092900 0.002669 0.013238 0.000000 
0.088275 0.000000 0.000000 0.000000 0.000235 0.407818 0.144643 0.000000 0.105142 0.000002 0.000037 0.141528 0.112322 0.000000 
0.000000 0.012732 0.000000 0.000000 0.000123 0.584417 0.000009 0.000000 0.325341 0.000002 0.000036 0.029603 0.006946 0.040792 
0.000000 0.279362 0.000000 0.000000 0.082066 0.492811 0.000009 0.000000 0.011602 0.029990 0.072984 0.031148 0.000027 0.000000 
0.072676 0.000000 0.032936 0.000000 0.260094 0.037642 0.000009 0.000000 0.395182 0.000002 0.030642 0.144368 0.026450 0.000000 
0.000000 0.000000 0.000000 0.000000 0.010148 0.202447 0.000009 0.000000 0.093427 0.140061 0.416438 0.031105 0.106364 0.000000 
0.000000 0.000000 0.000000 0.000000 0.016444 0.956245 0.000009 0.000000 0.003124 0.000002 0.000017 0.024132 0.000027 0.000000 
0.000000 0.000000 0.000000 0.000000 0.000052 0.021238 0.022788 0.000000 0.019009 0.000003 0.000028 0.936848 0.000034 0.000000 
0.000000 0.146139 0.000000 0.000000 0.093654 0.000009 0.000009 0.000000 0.476007 0.000002 0.074744 0.097928 0.048450 0.063059 
0.000000 0.068641 0.000000 0.000000 0.113204 0.000010 0.043063 0.000000 0.159013 0.000002 0.000036 0.086750 0.529281 0.000000 
0.331605 0.079903 0.000000 0.000000 0.207766 0.000009 0.000009 0.000000 0.202676 0.000002 0.037266 0.068856 0.071908 0.000000 
0.000000 0.239268 0.000000 0.000000 0.145666 0.000008 0.000010 0.000000 0.001228 0.469739 0.000028 0.108648 0.035404 0.000000 
0.000000 0.000000 0.000000 0.000000 0.000123 0.009873 0.034139 0.019409 0.023959 0.892085 0.000037 0.020351 0.000024 0.000000 
0.070025 0.000000 0.000000 0.000000 0.014439 0.000008 0.023077 0.000000 0.069664 0.031082 0.000038 0.685231 0.106435 0.000000 
0.000000 0.000000 0.000000 0.000000 0.000132 0.000009 0.267234 0.000000 0.140743 0.272428 0.075151 0.216352 0.027951 0.000000 
0.000000 0.000000 0.000000 0.000000 0.000139 0.000008 0.034272 0.012900 0.011007 0.912326 0.007041 0.022280 0.000027 0.000000 
0.037162 0.414124 0.008915 0.000000 0.333896 0.003811 0.000009 0.000000 0.014080 0.000002 0.000035 0.176558 0.011409 0.000000 
0.026486 0.000000 0.000000 0.000000 0.000077 0.000007 0.000010 0.000000 0.001766 0.000002 0.021810 0.944602 0.005241 0.000000 
0.000000 0.000000 0.000000 0.000000 0.065495 0.025581 0.000010 0.000000 0.112898 0.059782 0.033879 0.109705 0.592650 0.000000 
0.000000 0.000000 0.000000 0.000000 0.065841 0.000011 0.000009 0.000000 0.180069 0.110255 0.327959 0.028180 0.287676 0.000000 
0.026335 0.000000 0.000000 0.000000 0.018463 0.811809 0.000009 0.000000 0.075262 0.000002 0.000040 0.068048 0.000032 0.000000 
0.000000 0.067460 0.025362 0.000000 0.623774 0.000009 0.049414 0.000000 0.087003 0.035676 0.000034 0.067274 0.028876 0.015117 
0.000000 0.048137 0.000000 0.000000 0.013888 0.000008 0.503766 0.000000 0.267808 0.000002 0.112270 0.043424 0.010698 0.000000 
0.000000 0.314811 0.000000 0.000000 0.178615 0.130962 0.000008 0.000000 0.020716 0.012487 0.000029 0.342345 0.000027 0.000000 
0.000000 0.000000 0.000000 0.000000 0.000057 0.026400 0.000008 0.000000 0.012593 0.000001 0.114844 0.846076 0.000020 0.000000 
0.000000 0.021501 0.000000 0.000000 0.011781 0.103612 0.000009 0.000000 0.049682 0.169297 0.610276 0.020754 0.013088 0.000000 
0.068805 0.000000 0.000000 0.000000 0.444935 0.000009 0.000009 0.000000 0.195550 0.000002 0.165542 0.061238 0.047827 0.016083 
0.037286 0.000000 0.000000 0.000000 0.000170 0.000007 0.000010 0.000000 0.061341 0.611839 0.006085 0.283231 0.000032 0.000000 
0.034048 0.000000 0.000000 0.000000 0.363204 0.023380 0.070614 0.000000 0.007745 0.412774 0.021288 0.049507 0.017439 0.000000 
0.095897 0.000000 0.000000 0.000000 0.242166 0.029904 0.000010 0.000000 0.134109 0.364311 0.000039 0.087842 0.045723 0.000000 
0.276907 0.034882 0.000000 0.000000 0.017427 0.000008 0.000009 0.000000 0.182852 0.191239 0.052882 0.048749 0.195046 0.000000 
0.000000 0.117385 0.000000 0.000000 0.000206 0.004613 0.000010 0.025914 0.005867 0.812426 0.009659 0.023891 0.000028 0.000000 
0.000000 0.000000 0.000000 0.000000 0.019188 0.009431 0.000009 0.013964 0.707107 0.000002 0.070158 0.029387 0.093187 0.057568 
0.042007 0.000000 0.000000 0.000000 0.000202 0.080087 0.064660 0.000000 0.117380 0.371770 0.034403 0.059947 0.229545 0.000000 
0.000000 0.000000 0.000000 0.000000 0.005158 0.117911 0.000008 0.000000 0.027601 0.037977 0.000033 0.788032 0.023279 0.000000 
0.000000 0.202908 0.000000 0.000000 0.170915 0.000005 0.000007 0.000000 0.001412 0.605078 0.000038 0.019614 0.000024 0.000000 
0.000000 0.000000 0.000000 0.000000 0.134510 0.090070 0.069883 0.000000 0.097515 0.109501 0.046866 0.451627 0.000027 0.000000 
0.000000 0.000000 0.025049 0.000000 0.662561 0.023990 0.057343 0.000000 0.039671 0.028913 0.000036 0.015854 0.146582 0.000000 
0.000000 0.127976 0.000000 0.000000 0.212201 0.004101 0.000010 0.000000 0.049332 0.494724 0.000035 0.031593 0.080028 0.000000 
0.000000 0.000000 0.000000 0.000000 0.011627 0.000007 0.050044 0.000000 0.062748 0.000002 0.263016 0.348146 0.264410 0.000000 
0.000000 0.000000 0.030656 0.000000 0.000065 0.000009 0.000009 0.000000 0.029965 0.000003 0.000043 0.939228 0.000022 0.000000 
0.000000 0.073257 0.031585 0.000000 0.617055 0.014952 0.083696 0.000000 0.060201 0.040414 0.000037 0.041393 0.037410 0.000000 
0.000000 0.000000 0.028231 0.000000 0.493735 0.013278 0.066369 0.000000 0.092433 0.019387 0.155081 0.075137 0.039094 0.017256 
0.204287 0.000000 0.000000 0.000000 0.043024 0.042734 0.000008 0.000000 0.596373 0.039490 0.000037 0.030836 0.043210 0.000000 
0.000000 0.000000 0.000000 0.000000 0.021628 0.000003 0.000009 0.000000 0.153862 0.000001 0.821972 0.002504 0.000021 0.000000 
0.000000 0.038444 0.000000 0.000000 0.000131 0.000005 0.000008 0.000000 0.625520 0.000002 0.053269 0.083126 0.113759 0.085736 
0.000000 0.000000 0.000000 0.000000 0.008100 0.888326 0.000008 0.000000 0.012031 0.000001 0.000015 0.091497 0.000022 0.000000 
0.000000 0.000000 0.008914 0.000000 0.049872 0.014777 0.428082 0.014528 0.338764 0.000002 0.030090 0.021196 0.093774 0.000000 
0.000000 0.525626 0.000000 0.000000 0.286839 0.046364 0.000009 0.000000 0.002723 0.024690 0.000030 0.004254 0.109464 0.000000 
0.000000 0.000000 0.000000 0.000000 0.019686 0.018069 0.508342 0.000000 0.207701 0.000002 0.030974 0.170447 0.044779 0.000000 
0.000000 0.000000 0.000000 0.000000 0.012420 0.138297 0.000009 0.000000 0.123983 0.000002 0.648628 0.067503 0.009157 0.000000 
0.118516 0.000000 0.000000 0.000000 0.061543 0.022837 0.022230 0.000000 0.197146 0.000002 0.000033 0.014698 0.562996 0.000000 
0.000000 0.043036 0.000000 0.000000 0.024228 0.000009 0.000009 0.000000 0.099931 0.000002 0.820740 0.012015 0.000029 0.000000 
0.000000 0.000000 0.000000 0.000000 0.059107 0.000008 0.015729 0.000000 0.000528 0.025950 0.000029 0.886974 0.011675 0.000000 
0.469198 0.000000 0.000000 0.000000 0.059663 0.000007 0.126580 0.000000 0.205196 0.000002 0.000032 0.059232 0.080091 0.000000 
0.000000 0.049111 0.000000 0.000000 0.012190 0.016691 0.242440 0.000000 0.138800 0.000001 0.515361 0.017186 0.008219 0.000000 
0.079628 0.468356 0.000000 0.000000 0.251869 0.023377 0.050147 0.000000 0.069079 0.000002 0.000037 0.026892 0.030614 0.000000 
0.298099 0.000000 0.000000 0.000000 0.030870 0.025241 0.052020 0.000000 0.115203 0.027620 0.394771 0.056153 0.000024 0.000000 
0.000000 0.000000 0.000000 0.000000 0.017129 0.185043 0.289936 0.000000 0.170812 0.000002 0.000034 0.024025 0.313019 0.000000 
0.000000 0.000000 0.000000 0.000000 0.209655 0.000008 0.000009 0.000000 0.478998 0.000002 0.128941 0.111689 0.024759 0.045939 
0.000000 0.000000 0.000000 0.000000 0.025365 0.017934 0.000009 0.000000 0.001836 0.915732 0.003062 0.036035 0.000027 0.000000 
0.000000 0.043691 0.000000 0.000000 0.400696 0.039024 0.042032 0.000000 0.129889 0.050905 0.033095 0.193636 0.067033 0.000000 
0.000000 0.016044 0.000000 0.000000 0.000194 0.012218 0.063343 0.000000 0.090044 0.000002 0.707064 0.111059 0.000033 0.000000 
0.119089 0.000000 0.000000 0.000000 0.040138 0.374126 0.000009 0.000000 0.197756 0.133795 0.000035 0.095212 0.039841 0.000000 
0.143463 0.000000 0.000000 0.000000 0.036296 0.066884 0.276771 0.000000 0.363668 0.000001 0.000038 0.066901 0.016408 0.029570 
0.000000 0.000000 0.000000 0.000000 0.000143 0.003828 0.014504 0.000000 0.000563 0.972969 0.000041 0.007927 0.000025 0.000000 
0.000000 0.060966 0.000000 0.000000 0.040327 0.000010 0.088742 0.000000 0.101753 0.000002 0.000033 0.029995 0.678173 0.000000 
0.000000 0.068727 0.000000 0.000000 0.235999 0.000009 0.000009 0.016568 0.000711 0.579553 0.023194 0.059567 0.015662 0.000000 
0.237217 0.040072 0.000000 0.000000 0.022702 0.277633 0.000008 0.000000 0.260740 0.000002 0.064707 0.049587 0.047331 0.000000 
0.000000 0.000000 0.000000 0.000000 0.022927 0.233275 0.244659 0.000000 0.076997 0.017115 0.360290 0.033000 0.011736 0.000000 
0.000000 0.000000 0.000000 0.000000 0.150516 0.212191 0.013073 0.000000 0.002225 0.499078 0.029674 0.093210 0.000032 0.000000 
0.093751 0.000000 0.000000 0.000000 0.019467 0.014836 0.000009 0.000000 0.680467 0.000001 0.000034 0.053476 0.022265 0.115692 
0.000000 0.533481 0.000000 0.000000 0.361061 0.036401 0.000009 0.000000 0.003055 0.024130 0.012136 0.029710 0.000018 0.000000 
0.000000 0.000000 0.000000 0.000000 0.298002 0.014328 0.072436 0.000000 0.404974 0.000002 0.000036 0.100785 0.031990 0.077447 
0.000000 0.320542 0.000000 0.000000 0.408496 0.000010 0.000007 0.000000 0.067393 0.132911 0.006389 0.054418 0.009834 0.000000 
0.000000 0.243225 0.000000 0.000000 0.187613 0.000006 0.000010 0.000000 0.001851 0.048770 0.503358 0.015145 0.000023 0.000000 
0.000000 0.034407 0.000000 0.000000 0.000207 0.000009 0.367481 0.000000 0.160271 0.057222 0.041667 0.300145 0.038592 0.000000 
0.369457 0.000000 0.000000 0.000000 0.083716 0.000008 0.086796 0.000000 0.221108 0.000002 0.053517 0.102867 0.082529 0.000000 
0.000000 0.057318 0.000000 0.000000 0.018026 0.018294 0.059304 0.000000 0.073476 0.162907 0.585664 0.024982 0.000027 0.000000 
0.000000 0.070626 0.023545 0.000000 0.632680 0.033177 0.023297 0.000000 0.102665 0.028558 0.000035 0.023121 0.062296 0.000000 
0.438652 0.000000 0.000000 0.000000 0.043083 0.044821 0.102773 0.000000 0.198140 0.000002 0.030085 0.026856 0.115588 0.000000 
0.136884 0.274044 0.000000 0.000000 0.152051 0.000008 0.053664 0.000000 0.149554 0.000002 0.000037 0.036356 0.197401 0.000000 
0.000000 0.000000 0.000000 0.000000 0.009904 0.000010 0.116165 0.000000 0.122571 0.000002 0.656375 0.031148 0.063825 0.000000 
0.000000 0.000000 0.000000 0.000000 0.009780 0.756609 0.067813 0.000000 0.106249 0.000002 0.000035 0.059478 0.000033 0.000000 
0.000000 0.038749 0.000000 0.000000 0.039614 0.061176 0.139710 0.000000 0.156593 0.000002 0.384962 0.018495 0.160699 0.000000 
0.000000 0.000000 0.000000 0.000000 0.015384 0.015604 0.000009 0.000000 0.005723 0.805887 0.026226 0.014187 0.116979 0.000000 
0.000000 0.510770 0.000000 0.000000 0.405087 0.000005 0.000007 0.018773 0.001561 0.000001 0.007565 0.037912 0.018318 0.000000 
0.063019 0.000000 0.000000 0.000000 0.009243 0.070420 0.000009 0.000000 0.675875 0.000001 0.052629 0.004257 0.056056 0.068490 
0.027988 0.000000 0.000000 0.000000 0.006994 0.000008 0.076413 0.000000 0.629947 0.061192 0.000036 0.068487 0.065722 0.063212 
0.176222 0.047196 0.014733 0.000000 0.028432 0.000007 0.000009 0.000000 0.161172 0.490465 0.043349 0.038385 0.000029 0.000000 
0.362836 0.000000 0.000000 0.000000 0.073332 0.012813 0.000008 0.000000 0.232169 0.000002 0.074038 0.140720 0.104082 0.000000 
0.000000 0.000000 0.000000 0.000000 0.071343 0.000009 0.108528 0.000000 0.446160 0.000002 0.040939 0.202808 0.089999 0.040213 
0.000000 0.027667 0.000000 0.000000 0.000140 0.037608 0.057995 0.000000 0.518201 0.000002 0.119867 0.067949 0.067629 0.102941 
0.000000 0.401662 0.000000 0.000000 0.233601 0.228568 0.000008 0.000000 0.018572 0.017766 0.041341 0.022831 0.035649 0.000000 
0.050145 0.022727 0.000000 0.000000 0.471113 0.000008 0.082433 0.000000 0.140883 0.033537 0.000036 0.177660 0.000022 0.021436 
0.000000 0.000000 0.000000 0.000000 0.000202 0.018931 0.624419 0.000000 0.228129 0.031138 0.033670 0.000611 0.062900 0.000000 
0.000000 0.000000 0.000000 0.000000 0.000168 0.000007 0.497743 0.000000 0.252446 0.154925 0.000033 0.037416 0.057261 0.000000 
0.000000 0.144110 0.010724 0.000000 0.681442 0.033088 0.058980 0.000000 0.025702 0.020428 0.000036 0.025461 0.000028 0.000000 
0.000000 0.058635 0.000000 0.000000 0.033041 0.169596 0.063292 0.000000 0.139070 0.000002 0.500269 0.036068 0.000026 0.000000 
0.037121 0.000000 0.000000 0.000000 0.010343 0.008982 0.000011 0.006214 0.000695 0.927183 0.000032 0.009390 0.000029 0.000000 
0.000000 0.000000 0.000000 0.000000 0.011015 0.000007 0.036176 0.000000 0.609605 0.000002 0.083708 0.066019 0.111465 0.082003 
0.027742 0.000000 0.000000 0.000000 0.004221 0.000006 0.000006 0.000000 0.000264 0.000001 0.000009 0.967711 0.000040 0.000000 
0.000000 0.302522 0.000000 0.000000 0.229524 0.024546 0.000008 0.000000 0.065068 0.055553 0.000033 0.322722 0.000023 0.000000 
0.000000 0.000000 0.009041 0.000000 0.042345 0.007600 0.080449 0.000000 0.132950 0.000002 0.000040 0.024431 0.703141 0.000000 
0.040670 0.000000 0.000000 0.000000 0.000142 0.000007 0.088571 0.000000 0.084333 0.434907 0.165522 0.035158 0.150689 0.000000 
0.047385 0.000000 0.000000 0.000000 0.018830 0.071929 0.333563 0.000000 0.124586 0.000002 0.000037 0.403641 0.000028 0.000000 
0.000000 0.000000 0.000000 0.000000 0.000062 0.000009 0.000008 0.000000 0.160456 0.110033 0.698513 0.030889 0.000030 0.000000 
0.000000 0.159788 0.008264 0.000000 0.380433 0.018545 0.080030 0.000000 0.031688 0.024296 0.000037 0.217999 0.078920 0.000000 
0.000000 0.000000 0.000000 0.000000 0.000228 0.008780 0.664217 0.000000 0.248137 0.000002 0.026996 0.026457 0.025183 0.000000 
0.107598 0.000000 0.000000 0.000000 0.097472 0.000008 0.000009 0.000000 0.590609 0.000002 0.023122 0.069724 0.056030 0.055426 
0.000000 0.581158 0.000000 0.000000 0.337571 0.009188 0.000007 0.000000 0.000486 0.042156 0.000021 0.029396 0.000017 0.000000 
0.143051 0.000000 0.000000 0.000000 0.018945 0.120090 0.031041 0.000000 0.077330 0.000002 0.000042 0.517581 0.091917 0.000000 
0.044150 0.000000 0.000000 0.000000 0.004986 0.000008 0.000009 0.000000 0.612509 0.000002 0.087667 0.099400 0.088339 0.062931 
0.000000 0.368080 0.009412 0.000000 0.202990 0.000008 0.022564 0.000000 0.210094 0.030981 0.140886 0.014960 0.000025 0.000000 
0.112327 0.000000 0.000000 0.000000 0.061717 0.005775 0.026750 0.000000 0.110850 0.000002 0.000029 0.025534 0.657015 0.000000 
0.000000 0.000000 0.000000 0.000000 0.000196 0.049652 0.016756 0.000000 0.000811 0.828879 0.000032 0.103646 0.000029 0.000000 
0.000000 0.017635 0.009411 0.000000 0.067928 0.016742 0.047576 0.000000 0.002325 0.000002 0.000036 0.838321 0.000023 0.000000 
0.061948 0.000000 0.000000 0.000000 0.068049 0.000006 0.000009 0.000000 0.242555 0.158096 0.000034 0.055262 0.414041 0.000000 
0.000000 0.000000 0.000000 0.000000 0.015029 0.000010 0.000009 0.000000 0.022201 0.818786 0.000041 0.143890 0.000033 0.000000 
0.049082 0.146897 0.000000 0.000000 0.143031 0.000007 0.000009 0.000000 0.262912 0.000002 0.230965 0.050271 0.116824 0.000000 
0.166706 0.000000 0.000000 0.002179 0.027952 0.520429 0.000009 0.000000 0.167740 0.000002 0.000035 0.061407 0.028150 0.025390 
0.000000 0.000000 0.000000 0.000000 0.019949 0.049120 0.190329 0.000000 0.146285 0.292661 0.269379 0.032247 0.000030 0.000000 
0.087425 0.000000 0.011660 0.000000 0.558317 0.012792 0.000009 0.000000 0.111409 0.023297 0.099145 0.062982 0.032963 0.000000 
0.000000 0.036302 0.000000 0.000000 0.070582 0.286469 0.250181 0.000000 0.158358 0.000002 0.022743 0.061497 0.113867 0.000000 
0.024708 0.127325 0.000000 0.000000 0.034816 0.000011 0.107426 0.000000 0.325794 0.276558 0.000036 0.014624 0.047602 0.041100 
0.000000 0.000000 0.000000 0.000000 0.030230 0.000006 0.075367 0.000000 0.015029 0.802205 0.011811 0.022035 0.043318 0.000000 
0.000000 0.000000 0.000000 0.000000 0.000188 0.000007 0.371630 0.000000 0.280001 0.000002 0.246077 0.034124 0.067971 0.000000 
0.204478 0.000000 0.000000 0.000000 0.015906 0.000008 0.000009 0.000000 0.161350 0.521707 0.000031 0.041773 0.054739 0.000000 
0.000000 0.516678 0.000000 0.000000 0.346578 0.000004 0.015331 0.000000 0.010915 0.000001 0.000033 0.080655 0.029803 0.000000 
0.076066 0.000000 0.000000 0.000000 0.013212 0.103490 0.407571 0.000000 0.168847 0.039105 0.000038 0.155884 0.027094 0.008693 
0.000000 0.035809 0.000000 0.000000 0.006856 0.361945 0.000009 0.016644 0.019124 0.000002 0.416127 0.128955 0.014530 0.000000 
0.027234 0.000000 0.000000 0.000000 0.007903 0.000008 0.000009 0.000000 0.316608 0.568898 0.000032 0.046761 0.000033 0.032513 
0.000000 0.000000 0.000000 0.000000 0.011953 0.000009 0.000008 0.000000 0.101595 0.000002 0.428907 0.457498 0.000028 0.000000 
0.407115 0.000000 0.000000 0.007519 0.062011 0.000008 0.081305 0.000000 0.255752 0.000002 0.044390 0.056517 0.085382 0.000000 
0.000000 0.000000 0.000000 0.000000 0.142881 0.113985 0.081083 0.000000 0.114626 0.000002 0.473174 0.074214 0.000035 0.000000 
0.081179 0.022443 0.014131 0.000000 0.553752 0.044612 0.000009 0.000000 0.154337 0.000002 0.065421 0.032709 0.000029 0.031375 
0.000000 0.000000 0.000000 0.000000 0.030654 0.000007 0.038105 0.000000 0.109816 0.222634 0.580512 0.018244 0.000028 0.000000 
0.047313 0.000000 0.000000 0.000000 0.000219 0.030748 0.485088 0.000000 0.328946 0.000002 0.000037 0.029154 0.078492 0.000000 
0.000000 0.000000 0.000000 0.000000 0.140037 0.641503 0.053830 0.000000 0.027603 0.053924 0.025563 0.035169 0.022371 0.000000 
0.000000 0.000000 0.000000 0.000000 0.000154 0.019005 0.000009 0.000000 0.014579 0.865404 0.031486 0.018438 0.050926 0.000000 
0.000000 0.024807 0.014373 0.000000 0.000164 0.031787 0.000009 0.000000 0.063138 0.303845 0.000035 0.333280 0.228561 0.000000 
0.000000 0.000000 0.000000 0.000000 0.022164 0.000009 0.100372 0.000000 0.047722 0.012059 0.047772 0.758765 0.011137 0.000000 
0.000000 0.000000 0.000000 0.000000 0.026053 0.000006 0.000009 0.000000 0.092172 0.000001 0.850180 0.031560 0.000020 0.000000 
0.063330 0.000000 0.000000 0.000000 0.000249 0.014654 0.248579 0.000000 0.173816 0.000002 0.452155 0.013474 0.033741 0.000000 
0.025893 0.079273 0.000000 0.000000 0.048950 0.092550 0.000009 0.000000 0.059733 0.000002 0.009677 0.683887 0.000025 0.000000 
0.040888 0.000000 0.000000 0.000000 0.000160 0.032553 0.273226 0.000000 0.224522 0.311912 0.097791 0.008556 0.010392 0.000000 
0.000000 0.000000 0.000000 0.000000 0.011640 0.014640 0.000008 0.000000 0.175082 0.000002 0.772397 0.021938 0.004294 0.000000 
0.000000 0.000000 0.000000 0.000000 0.000231 0.000007 0.007329 0.000000 0.145272 0.741304 0.044180 0.015251 0.037714 0.008712 
0.238532 0.000000 0.000000 0.000000 0.081266 0.380704 0.000009 0.000000 0.176852 0.000002 0.021205 0.048301 0.053130 0.000000 
0.000000 0.059271 0.000000 0.000000 0.481683 0.010671 0.077378 0.000000 0.065068 0.042525 0.238310 0.025068 0.000025 0.000000 
0.000000 0.000000 0.000000 0.000000 0.043488 0.000006 0.000010 0.000000 0.015071 0.700865 0.217452 0.023085 0.000024 0.000000 
0.000000 0.000000 0.000000 0.000000 0.044856 0.060804 0.000009 0.000000 0.238371 0.000002 0.580121 0.036551 0.014936 0.024352 
0.069467 0.000000 0.011615 0.000000 0.657244 0.021492 0.071351 0.015898 0.025840 0.022545 0.000037 0.071022 0.014782 0.018707 
0.063369 0.000000 0.000000 0.000000 0.147426 0.013184 0.000009 0.000000 0.461978 0.000002 0.169400 0.035282 0.038232 0.071118 
0.124151 0.000000 0.000000 0.000000 0.010237 0.000007 0.134670 0.000000 0.076321 0.000002 0.000032 0.631159 0.023420 0.000000 
0.145825 0.000000 0.014148 0.000000 0.599255 0.060773 0.000009 0.000000 0.063303 0.027683 0.077999 0.010979 0.000025 0.000000 
0.302154 0.000000 0.000000 0.000000 0.074047 0.156651 0.000009 0.000000 0.230025 0.000001 0.013081 0.059645 0.164386 0.000000 
0.447530 0.000000 0.000000 0.000000 0.075291 0.000009 0.000009 0.000000 0.260700 0.009236 0.025947 0.073791 0.107487 0.000000 
0.110003 0.049945 0.000000 0.000000 0.013184 0.000007 0.022142 0.000000 0.107616 0.187795 0.145449 0.312621 0.051238 0.000000 
0.000000 0.000000 0.000000 0.000000 0.018982 0.016071 0.542716 0.000000 0.271771 0.000002 0.046697 0.017275 0.086486 0.000000 
0.000000 0.000000 0.000000 0.000000 0.008237 0.000007 0.000007 0.000000 0.002759 0.000001 0.017864 0.971108 0.000016 0.000000 
0.000000 0.000000 0.000000 0.000000 0.021577 0.005535 0.570800 0.000000 0.257156 0.000002 0.100928 0.000756 0.043246 0.000000 
0.046060 0.000000 0.006038 0.000000 0.580407 0.011912 0.005180 0.000000 0.056587 0.139535 0.055205 0.041820 0.035773 0.021484 
0.000000 0.000000 0.008619 0.000000 0.325978 0.434939 0.036493 0.000000 0.038206 0.041923 0.077085 0.036733 0.000026 0.000000 
0.000000 0.306627 0.000000 0.000000 0.279565 0.000009 0.165452 0.000000 0.097535 0.000002 0.096635 0.026716 0.027459 0.000000 
0.000000 0.000000 0.000000 0.000000 0.000170 0.000009 0.023985 0.000000 0.112881 0.398882 0.447249 0.016789 0.000035 0.000000 
0.000000 0.018423 0.000000 0.000000 0.010745 0.000008 0.076936 0.000000 0.066142 0.000002 0.389817 0.029783 0.408145 0.000000 
0.000000 0.040839 0.000000 0.000000 0.034420 0.050245 0.000009 0.000000 0.125942 0.000002 0.697973 0.021652 0.028917 0.000000 
0.268449 0.000000 0.000000 0.000000 0.045758 0.051379 0.034292 0.000000 0.202869 0.238595 0.036077 0.088850 0.033730 0.000000 
