-955747.006321
0
0.001079 0.000680 0.000000 0.009514 0.000282 0.000228 0.000000 0.000000 0.000001 0.003444 0.013616 0.004829 0.000000 0.000000 0.000000 0.000921 0.002049 0.005034 0.001281 0.004173 0.000000 0.003486 0.001422 0.015163 0.002894 0.000973 0.001095 0.014287 0.000000 0.000000 0.000000 0.000000 0.000489 0.002425 0.011988 0.005092 0.000000 0.000171 0.000335 0.000748 0.000002 0.001651 0.000001 0.000636 0.001742 0.000771 0.002742 0.016736 0.001535 0.001287 0.000000 0.008271 0.000000 0.000000 0.000000 0.000000 0.000001 0.013048 0.028536 0.013862 0.000000 0.000000 0.000000 0.000000 0.006827 0.010570 0.005303 0.012942 0.000000 0.002034 0.000631 0.001982 0.038420 0.012027 0.004181 0.319644 0.000000 0.000000 0.000000 0.000000 0.002437 0.019609 0.223616 0.037735 0.000000 0.000448 0.000000 0.003419 0.001906 0.009574 0.006277 0.009120 0.000000 0.009025 0.001689 0.062059 
0.000574 0.000650 0.000000 0.000002 0.000000 0.000000 0.000000 0.000763 0.006019 0.001967 0.002200 0.002317 0.000000 0.000000 0.000258 0.000004 0.002076 0.000001 0.000589 0.001411 0.000000 0.000000 0.000226 0.000000 0.000350 0.000001 0.000000 0.000318 0.000000 0.000000 0.000000 0.000000 0.013697 0.004285 0.004042 0.009587 0.000000 0.000490 0.000000 0.000347 0.000653 0.000381 0.000001 0.000703 0.000231 0.000001 0.000003 0.000004 0.000001 0.000001 0.000000 0.000001 0.000000 0.000000 0.000000 0.000000 0.006673 0.001549 0.000000 0.003732 0.000000 0.000000 0.000000 0.000000 0.000003 0.000001 0.000001 0.000448 0.000000 0.000000 0.000001 0.000290 0.013975 0.007282 0.002397 0.012756 0.036519 0.000000 0.001318 0.066671 0.429664 0.081259 0.047973 0.232032 0.000000 0.000000 0.000000 0.000287 0.000403 0.000001 0.000595 0.000005 0.000000 0.000000 0.000001 0.000012 
0.040101 0.033852 0.019726 0.027421 0.010416 0.004224 0.002734 0.003869 0.010940 0.007044 0.000001 0.004952 0.004111 0.003453 0.009187 0.000461 0.006464 0.000938 0.007141 0.001227 0.000000 0.000000 0.000830 0.000000 0.050727 0.071367 0.009967 0.053387 0.010003 0.009009 0.004986 0.007935 0.018486 0.014893 0.005934 0.020947 0.008813 0.010491 0.036740 0.012130 0.004017 0.001226 0.010223 0.004813 0.000000 0.001291 0.004662 0.000790 0.039965 0.038878 0.022565 0.029080 0.006578 0.009058 0.006425 0.004607 0.005442 0.007191 0.000000 0.007380 0.008954 0.005036 0.014148 0.003712 0.005606 0.001452 0.002943 0.001265 0.000000 0.000000 0.000891 0.000001 0.038436 0.056465 0.009791 0.038641 0.002915 0.009078 0.003356 0.002971 0.002965 0.007386 0.000543 0.006335 0.004577 0.004163 0.009351 0.003188 0.001536 0.000001 0.002310 0.000646 0.000000 0.000000 0.001715 0.000524 
0.000213 0.000453 0.000000 0.000001 0.000000 0.000000 0.000000 0.000000 0.000002 0.019177 0.000002 0.004339 0.000646 0.001272 0.001323 0.003512 0.000881 0.000001 0.000498 0.000984 0.000000 0.000000 0.000614 0.000000 0.000967 0.000001 0.000000 0.000530 0.000000 0.000183 0.000454 0.000154 0.079808 0.104652 0.019746 0.079450 0.000000 0.001518 0.000812 0.001298 0.000547 0.000978 0.000848 0.004453 0.000247 0.000638 0.000767 0.000192 0.000001 0.000001 0.000000 0.000001 0.000000 0.000212 0.000000 0.000000 0.000001 0.020983 0.000000 0.015976 0.000000 0.000000 0.000000 0.001308 0.000284 0.000000 0.000001 0.008846 0.000000 0.000000 0.001409 0.000359 0.000644 0.001085 0.000000 0.000304 0.000000 0.000000 0.000000 0.000000 0.118527 0.290174 0.099537 0.088979 0.000997 0.001515 0.001052 0.005399 0.001553 0.001578 0.001427 0.002246 0.000000 0.000867 0.000978 0.001596 
0.024693 0.022891 0.000000 0.021646 0.016579 0.010228 0.002853 0.016925 0.021487 0.008276 0.008243 0.021792 0.013580 0.010832 0.012011 0.018574 0.024056 0.011102 0.015579 0.028963 0.003839 0.001617 0.008881 0.005792 0.016692 0.007987 0.000000 0.012617 0.011724 0.010155 0.002163 0.016245 0.011292 0.005092 0.002669 0.016998 0.008395 0.012313 0.010718 0.020127 0.008493 0.014937 0.008423 0.014262 0.002279 0.003770 0.009062 0.007086 0.013301 0.009016 0.000000 0.013928 0.006681 0.007487 0.000000 0.011231 0.010228 0.004908 0.003363 0.010465 0.007135 0.007703 0.009323 0.013741 0.009759 0.009008 0.007514 0.011325 0.002586 0.002179 0.010782 0.004864 0.017137 0.012818 0.001772 0.023406 0.009712 0.012125 0.001231 0.019300 0.006162 0.004455 0.000407 0.009607 0.012665 0.012037 0.007599 0.022182 0.010919 0.012829 0.006404 0.016392 0.004591 0.005255 0.009053 0.011474 
0.003744 0.004402 0.001452 0.002005 0.000636 0.000846 0.000000 0.001136 0.032312 0.017089 0.156718 0.013738 0.001473 0.002248 0.000000 0.005617 0.009771 0.005913 0.018454 0.003680 0.000000 0.002170 0.000480 0.002399 0.007559 0.015495 0.005839 0.031613 0.000000 0.000000 0.000000 0.000000 0.013427 0.014196 0.107828 0.010649 0.000000 0.001750 0.000000 0.000786 0.005589 0.003673 0.018096 0.004659 0.000000 0.003324 0.003214 0.005549 0.004514 0.006536 0.001826 0.005941 0.000000 0.002768 0.000000 0.000635 0.049325 0.054195 0.130892 0.038400 0.000000 0.001545 0.000000 0.001789 0.012405 0.005523 0.008869 0.006918 0.000000 0.000820 0.000369 0.002175 0.003936 0.006165 0.001528 0.005276 0.000000 0.000000 0.000000 0.000000 0.005712 0.006389 0.056733 0.005152 0.001113 0.000488 0.000000 0.000715 0.007702 0.003484 0.010203 0.003815 0.000000 0.001622 0.000771 0.004222 
0.007457 0.000003 0.000000 0.001232 0.000000 0.001134 0.000000 0.000000 0.006349 0.004469 0.012123 0.002623 0.012165 0.002956 0.005511 0.021356 0.028122 0.010844 0.022477 0.026896 0.038198 0.005479 0.004363 0.021556 0.006822 0.003134 0.000000 0.006744 0.000000 0.000000 0.000000 0.000000 0.009985 0.006417 0.007359 0.004903 0.004109 0.002341 0.003959 0.002682 0.020131 0.009359 0.020745 0.032786 0.023849 0.007096 0.013026 0.059901 0.012588 0.008160 0.000000 0.007525 0.000000 0.000872 0.000000 0.002485 0.006294 0.010489 0.011047 0.012005 0.002523 0.001369 0.000514 0.000000 0.012117 0.010465 0.013605 0.013793 0.006548 0.000640 0.003232 0.020170 0.024939 0.002110 0.000000 0.032276 0.000000 0.000000 0.000000 0.000000 0.006965 0.008844 0.006282 0.010969 0.021570 0.000000 0.013153 0.010665 0.019278 0.014464 0.012326 0.031542 0.065139 0.009081 0.008392 0.064902 
0.030569 0.000000 0.150569 0.000002 0.765002 0.053857 0.000000 
0.166355 0.021637 0.000050 0.015998 0.361246 0.434713 0.000000 
0.000001 0.968418 0.000078 0.000004 0.000670 0.030829 0.000000 
0.019200 0.131870 0.068973 0.006885 0.740807 0.032266 0.000000 
0.000001 0.000000 0.491588 0.422149 0.064491 0.010702 0.011069 
0.000000 0.000000 0.744478 0.016821 0.238622 0.000079 0.000000 
0.078524 0.000000 0.000053 0.020742 0.309447 0.186834 0.404400 
0.040533 0.082774 0.142014 0.039328 0.676385 0.018965 0.000000 
0.000000 0.996609 0.000067 0.000004 0.003279 0.000041 0.000000 
0.030323 0.000000 0.125176 0.046459 0.144692 0.653349 0.000000 
0.000001 0.000001 0.238642 0.000003 0.721605 0.039748 0.000000 
0.000001 0.000000 0.288704 0.000003 0.234074 0.477219 0.000000 
0.210982 0.000000 0.074192 0.188188 0.349450 0.052440 0.124747 
0.000000 0.227738 0.050202 0.037432 0.513001 0.092250 0.079376 
0.000000 0.024416 0.081338 0.000003 0.748646 0.145596 0.000000 
0.000001 0.088941 0.130289 0.485592 0.117671 0.000077 0.177429 
0.047184 0.074567 0.362572 0.000004 0.168858 0.248679 0.098136 
0.000001 0.000000 0.024946 0.068749 0.574575 0.331729 0.000000 
0.000001 0.000000 0.026364 0.080830 0.587135 0.073269 0.232401 
0.074385 0.306897 0.017069 0.448115 0.051923 0.101611 0.000000 
0.000001 0.000000 0.144041 0.317871 0.483700 0.054387 0.000000 
0.000001 0.000000 0.026394 0.040053 0.128348 0.778427 0.026778 
0.000001 0.000000 0.509640 0.264669 0.202012 0.023678 0.000000 
0.000000 0.000000 0.053507 0.050557 0.679193 0.085191 0.131552 
0.000001 0.000000 0.024517 0.853662 0.102472 0.007409 0.011939 
0.055354 0.000000 0.052807 0.038787 0.299287 0.553763 0.000000 
0.370579 0.170783 0.387429 0.000004 0.059379 0.011826 0.000000 
0.000001 0.000000 0.026322 0.573659 0.314270 0.058104 0.027644 
0.000001 0.008822 0.104696 0.000004 0.637360 0.012915 0.236203 
0.000001 0.033498 0.201127 0.000003 0.381932 0.370327 0.013112 
0.018092 0.261978 0.000040 0.218781 0.411770 0.089339 0.000000 
0.000001 0.000000 0.382375 0.033770 0.453993 0.061198 0.068662 
0.000000 0.225314 0.043107 0.017505 0.457930 0.175391 0.080753 
0.252545 0.000000 0.000048 0.206037 0.093718 0.435038 0.012614 
0.000000 0.840041 0.000056 0.000004 0.159802 0.000095 0.000000 
0.227837 0.000000 0.129913 0.000004 0.609954 0.032292 0.000000 
0.515275 0.000000 0.048776 0.296595 0.017152 0.000078 0.122124 
0.000001 0.778766 0.018700 0.000004 0.035782 0.121276 0.045472 
0.504684 0.032177 0.189964 0.000004 0.224801 0.048369 0.000000 
0.000000 0.005842 0.641162 0.022590 0.286871 0.043535 0.000000 
0.638055 0.000000 0.076433 0.050382 0.008140 0.226990 0.000000 
0.000000 0.014980 0.527818 0.011864 0.320515 0.069410 0.055412 
0.130959 0.017015 0.506790 0.000004 0.168545 0.036893 0.139793 
0.000001 0.000000 0.000043 0.071793 0.425611 0.458888 0.043664 
0.000001 0.524952 0.425692 0.000003 0.027437 0.021915 0.000000 
0.000001 0.000000 0.062765 0.381132 0.309761 0.016627 0.229713 
0.076606 0.000001 0.186654 0.000004 0.621724 0.115011 0.000000 
0.034891 0.000000 0.000045 0.000003 0.223449 0.000086 0.741526 
0.000001 0.132693 0.563462 0.000004 0.015082 0.288758 0.000000 
0.808772 0.000000 0.013669 0.111972 0.043794 0.000079 0.021715 
0.024692 0.203935 0.167713 0.000003 0.248261 0.355396 0.000000 
0.000001 0.427547 0.060932 0.114190 0.271240 0.000084 0.126007 
0.000001 0.615382 0.022559 0.000004 0.361982 0.000073 0.000000 
0.027576 0.507830 0.101708 0.000004 0.001286 0.361597 0.000000 
0.000001 0.020352 0.000051 0.167114 0.515754 0.296728 0.000000 
0.143892 0.215010 0.441948 0.000004 0.092426 0.000086 0.106633 
0.000001 0.999332 0.000024 0.000003 0.000543 0.000097 0.000000 
0.004777 0.018777 0.000050 0.948003 0.028363 0.000029 0.000000 
0.000000 0.000000 0.107138 0.068392 0.607760 0.216708 0.000000 
0.000001 0.000000 0.000048 0.055495 0.257242 0.141623 0.545590 
0.000001 0.000000 0.024324 0.050516 0.451187 0.351719 0.122253 
0.455253 0.000000 0.000039 0.083913 0.000806 0.395200 0.064789 
0.917524 0.008450 0.000054 0.000004 0.045853 0.000066 0.028050 
0.033086 0.000000 0.012882 0.691077 0.130861 0.000106 0.131987 
0.290163 0.000000 0.177834 0.194983 0.336935 0.000084 0.000000 
0.930256 0.000000 0.019238 0.000004 0.012924 0.000069 0.037510 
0.000000 0.000000 0.000054 0.154868 0.038645 0.794454 0.011978 
0.000001 0.000000 0.026683 0.964982 0.008276 0.000058 0.000000 
0.060976 0.024489 0.032336 0.080525 0.150822 0.023763 0.627089 
0.117005 0.000000 0.328484 0.000004 0.236132 0.050666 0.267709 
0.000001 0.883443 0.000055 0.000004 0.101637 0.014859 0.000000 
0.030416 0.000000 0.000042 0.056037 0.193446 0.720058 0.000000 
0.000000 0.000000 0.296496 0.016798 0.603355 0.083350 0.000000 
0.000001 0.143455 0.000045 0.310921 0.028604 0.516974 0.000000 
0.000000 0.032454 0.120250 0.846291 0.000968 0.000035 0.000000 
0.162083 0.110181 0.663712 0.000004 0.002142 0.032068 0.029810 
0.000001 0.000000 0.128151 0.036974 0.310159 0.507485 0.017230 
0.601525 0.000000 0.016725 0.272517 0.067633 0.000073 0.041527 
0.429854 0.020986 0.000050 0.020319 0.103215 0.409488 0.016088 
0.358195 0.028636 0.000049 0.068167 0.214058 0.273378 0.057517 
0.181524 0.000000 0.067146 0.029905 0.373008 0.050485 0.297932 
0.828002 0.006104 0.013736 0.000004 0.007687 0.117086 0.027381 
0.036282 0.000000 0.099285 0.010476 0.853891 0.000065 0.000000 
0.366668 0.081975 0.059816 0.034142 0.197162 0.000069 0.260168 
0.047623 0.127091 0.000047 0.785035 0.040111 0.000092 0.000000 
0.607120 0.000000 0.000049 0.000004 0.000842 0.391986 0.000000 
0.106796 0.096468 0.067158 0.436937 0.139278 0.153362 0.000000 
0.038235 0.017935 0.000045 0.000004 0.100205 0.707115 0.136461 
0.501768 0.007332 0.000047 0.000004 0.053295 0.344397 0.093156 
0.000000 0.000000 0.295359 0.333679 0.094131 0.000078 0.276752 
0.000001 0.000001 0.008167 0.977907 0.013880 0.000044 0.000000 
0.044040 0.000000 0.000049 0.052100 0.160583 0.715250 0.027977 
0.020974 0.000000 0.127066 0.088293 0.206447 0.557218 0.000000 
0.046805 0.034095 0.050168 0.017548 0.814303 0.037081 0.000000 
0.000000 0.000000 0.897282 0.000002 0.077732 0.024983 0.000000 
0.000001 0.000000 0.087432 0.062509 0.797705 0.000095 0.052257 
0.000000 0.945382 0.000024 0.044506 0.010032 0.000056 0.000000 
0.022583 0.000000 0.136445 0.009577 0.760246 0.071148 0.000000 
0.000001 0.039981 0.000050 0.000003 0.009930 0.814057 0.135978 
0.022502 0.011555 0.169548 0.149401 0.593276 0.053719 0.000000 
0.000001 0.147535 0.709428 0.045633 0.085574 0.011829 0.000000 
0.000001 0.011187 0.000045 0.000004 0.345984 0.020590 0.622190 
0.000001 0.000000 0.893444 0.000003 0.045196 0.061356 0.000000 
0.030185 0.000000 0.000039 0.901030 0.002383 0.066362 0.000000 
0.000000 0.000000 0.000046 0.058283 0.704456 0.101914 0.135301 
0.000000 0.012669 0.660900 0.000004 0.256273 0.070153 0.000000 
0.000000 0.020693 0.045839 0.000004 0.144806 0.746634 0.042023 
0.027888 0.015256 0.422704 0.056566 0.417596 0.059991 0.000000 
0.022868 0.180738 0.056728 0.000003 0.449676 0.007195 0.282792 
0.000001 0.000000 0.118472 0.090011 0.566648 0.224869 0.000000 
0.934491 0.019232 0.000043 0.015511 0.000807 0.029916 0.000000 
0.055222 0.037540 0.000053 0.177533 0.219035 0.473318 0.037299 
0.000001 0.008768 0.801017 0.099952 0.071071 0.019191 0.000000 
0.134265 0.391957 0.000046 0.073787 0.308013 0.041791 0.050142 
0.000000 0.065221 0.092318 0.048376 0.738786 0.055297 0.000000 
0.974938 0.000000 0.000043 0.000003 0.000521 0.000074 0.024421 
0.000000 0.000000 0.030109 0.000004 0.188888 0.037155 0.743843 
0.587412 0.000000 0.016031 0.034111 0.006270 0.312378 0.043797 
0.000001 0.281767 0.082789 0.034692 0.479458 0.063790 0.057503 
0.016234 0.246832 0.475633 0.000004 0.214508 0.046788 0.000000 
0.489840 0.229049 0.025298 0.060897 0.002279 0.160530 0.032106 
0.000000 0.013717 0.022639 0.029966 0.933591 0.000085 0.000000 
0.000001 0.040169 0.039081 0.000004 0.001204 0.919541 0.000000 
0.000000 0.022467 0.026339 0.069397 0.555046 0.326752 0.000000 
0.124141 0.000000 0.000045 0.023796 0.093562 0.758456 0.000000 
0.037991 0.000000 0.534781 0.000003 0.000996 0.426228 0.000000 
0.061828 0.000000 0.169340 0.278499 0.439777 0.050556 0.000000 
0.000000 0.000000 0.051928 0.093116 0.589100 0.152714 0.113142 
0.165934 0.019949 0.678905 0.000004 0.061303 0.073905 0.000000 
0.025160 0.031807 0.000043 0.000004 0.157292 0.747395 0.038299 
0.000000 0.026951 0.045492 0.036787 0.607236 0.081238 0.202296 
0.000001 0.000000 0.048500 0.004382 0.264895 0.419287 0.262936 
0.000001 0.000000 0.729201 0.006133 0.189068 0.022402 0.053195 
0.000001 0.809934 0.030261 0.000004 0.152309 0.007491 0.000000 
0.000001 0.057291 0.450157 0.000004 0.268864 0.071701 0.151984 
0.816120 0.012084 0.026106 0.000004 0.002177 0.000086 0.143424 
0.000000 0.000000 0.026389 0.000005 0.001189 0.947575 0.024843 
0.000000 0.063693 0.096852 0.000003 0.839391 0.000061 0.000000 
0.066342 0.000000 0.068518 0.033655 0.831401 0.000084 0.000000 
0.482491 0.000000 0.051893 0.038170 0.280739 0.106241 0.040467 
0.000001 0.000000 0.080408 0.150189 0.489412 0.101697 0.178294 
0.000001 0.000000 0.076170 0.179364 0.643991 0.076998 0.023477 
0.000000 0.043925 0.150156 0.038007 0.767807 0.000105 0.000000 
0.000001 0.233418 0.078125 0.000003 0.001834 0.634379 0.052239 
0.030755 0.000000 0.000049 0.156642 0.265951 0.546602 0.000000 
0.035103 0.004245 0.219038 0.000003 0.693401 0.048210 0.000000 
0.180889 0.000000 0.171186 0.000005 0.622740 0.025180 0.000000 
0.000001 0.033804 0.000049 0.000004 0.093068 0.873074 0.000000 
0.000001 0.183521 0.587686 0.000004 0.139755 0.089034 0.000000 
0.953374 0.000001 0.000032 0.000004 0.000514 0.000086 0.045989 
0.013519 0.000000 0.113396 0.039108 0.801435 0.000069 0.032472 
0.000000 0.000000 0.000014 0.989931 0.003255 0.006799 0.000000 
0.045229 0.030308 0.000052 0.296688 0.076444 0.551280 0.000000 
0.000001 0.000000 0.040159 0.000004 0.210658 0.000082 0.749096 
0.444885 0.000000 0.215604 0.000004 0.156064 0.000071 0.183371 
0.000001 0.060569 0.115259 0.399498 0.377082 0.047591 0.000000 
0.116853 0.000001 0.779775 0.000004 0.103324 0.000042 0.000000 
0.021543 0.000000 0.000057 0.225141 0.116645 0.564751 0.071863 
0.000001 0.000000 0.221468 0.000004 0.718029 0.060498 0.000000 
0.000001 0.000000 0.032373 0.050246 0.815400 0.101980 0.000000 
0.022578 0.010515 0.000035 0.000004 0.000554 0.966314 0.000000 
0.000001 0.121835 0.019478 0.526287 0.183105 0.021552 0.127743 
0.000000 0.000000 0.108005 0.075853 0.789102 0.000059 0.026980 
0.000001 0.000000 0.183909 0.000003 0.253196 0.562890 0.000000 
0.000001 0.000000 0.000039 0.000004 0.225375 0.016463 0.758118 
0.820100 0.053171 0.000042 0.083615 0.000834 0.000073 0.042165 
0.000001 0.000000 0.000056 0.864052 0.047130 0.088761 0.000000 
0.161624 0.000000 0.000045 0.029348 0.349304 0.038172 0.421506 
0.831170 0.008028 0.000048 0.118126 0.013854 0.000085 0.028688 
0.000001 0.000000 0.249691 0.025425 0.348449 0.278433 0.098000 
0.000001 0.551959 0.000054 0.031812 0.368703 0.047470 0.000000 
0.291027 0.053139 0.345172 0.000004 0.272038 0.038620 0.000000 
0.034816 0.000000 0.050837 0.065757 0.256422 0.592167 0.000000 
0.016813 0.300679 0.100795 0.019787 0.366451 0.117715 0.077761 
0.267288 0.000000 0.056291 0.000003 0.532292 0.144125 0.000000 
0.813305 0.000000 0.031558 0.000004 0.049323 0.020175 0.085635 
0.000001 0.000000 0.372123 0.006255 0.595585 0.026037 0.000000 
0.512552 0.000000 0.000045 0.024294 0.288079 0.045346 0.129685 
0.000000 0.000000 0.000052 0.047822 0.025512 0.890402 0.036211 
0.048290 0.101616 0.156155 0.131082 0.515001 0.047856 0.000000 
0.000001 0.385955 0.442506 0.115641 0.001906 0.032035 0.021955 
0.563013 0.000000 0.000044 0.020201 0.416662 0.000079 0.000000 
0.000001 0.000000 0.458607 0.455331 0.071611 0.014449 0.000000 
0.000000 0.000000 0.062583 0.044228 0.657611 0.086977 0.148601 
0.000001 0.123748 0.548624 0.048784 0.099199 0.179645 0.000000 
0.000001 0.053187 0.017861 0.010677 0.273224 0.645049 0.000000 
0.218597 0.000000 0.639468 0.000004 0.096266 0.045665 0.000000 
0.000001 0.029173 0.180162 0.000004 0.717617 0.041227 0.031816 
0.059357 0.675450 0.031062 0.000004 0.073265 0.149086 0.011776 
0.867841 0.019802 0.028292 0.000004 0.003958 0.000076 0.080027 
0.300039 0.034319 0.014548 0.328481 0.056277 0.000075 0.266261 
0.015519 0.000000 0.098157 0.767427 0.082093 0.036803 0.000000 
0.000000 0.000000 0.912735 0.009203 0.039864 0.038197 0.000000 
0.000001 0.006647 0.567860 0.000004 0.396638 0.028850 0.000000 
0.000001 0.094863 0.024231 0.683934 0.074109 0.122862 0.000000 
0.328447 0.021346 0.183901 0.000003 0.466220 0.000082 0.000000 
0.000001 0.019049 0.851063 0.000004 0.117791 0.012092 0.000000 
0.726520 0.000000 0.047011 0.000003 0.172603 0.000076 0.053787 
0.000001 0.401008 0.006775 0.021512 0.395031 0.108976 0.066697 
0.036777 0.008778 0.252761 0.000004 0.105951 0.595729 0.000000 
0.715464 0.000000 0.223614 0.000004 0.001693 0.046786 0.012439 
0.000000 0.076460 0.638266 0.000004 0.231781 0.053488 0.000000 
0.023776 0.017524 0.000044 0.066094 0.166368 0.726193 0.000000 
0.000001 0.008308 0.156549 0.015102 0.663976 0.156065 0.000000 
0.000001 0.000000 0.024142 0.639287 0.303688 0.032882 0.000000 
0.023338 0.055070 0.033153 0.000004 0.197846 0.690589 0.000000 
0.000000 0.154078 0.000059 0.052418 0.473030 0.101130 0.219284 
0.000001 0.000000 0.023671 0.064106 0.623919 0.110606 0.177697 
0.179076 0.000000 0.170351 0.308847 0.194802 0.064041 0.082883 
0.000001 0.005727 0.200888 0.000004 0.744992 0.048387 0.000000 
0.000000 0.000000 0.010681 0.978549 0.000394 0.010375 0.000000 
0.000001 0.000000 0.252973 0.000002 0.697292 0.049732 0.000000 
0.148552 0.014312 0.000049 0.012559 0.166009 0.639598 0.018921 
0.040178 0.470051 0.063309 0.000004 0.084369 0.342089 0.000000 
0.000001 0.000000 0.171230 0.000004 0.230762 0.598002 0.000000 
0.389826 0.000000 0.487220 0.000004 0.098583 0.000080 0.024287 
0.000001 0.000000 0.451218 0.000004 0.096009 0.000084 0.452685 
0.000001 0.051986 0.753852 0.000004 0.095870 0.069912 0.028375 
0.243778 0.040107 0.039794 0.089804 0.474999 0.068993 0.042525 
0.163575 0.000000 0.000046 0.417354 0.098548 0.019899 0.300579 
0.000000 0.548977 0.048302 0.000004 0.141023 0.146146 0.115548 
0.040181 0.394724 0.477188 0.000004 0.066460 0.021443 0.000000 
0.815495 0.000000 0.000032 0.000003 0.007188 0.122385 0.054898 
0.038867 0.000000 0.036663 0.066765 0.455316 0.374516 0.027873 
0.008205 0.000000 0.055887 0.049337 0.052570 0.834001 0.000000 
0.000001 0.000000 0.139529 0.142043 0.695068 0.023359 0.000000 
0.131928 0.627612 0.000047 0.000004 0.060670 0.179739 0.000000 
0.000000 0.000000 0.367346 0.259251 0.354242 0.019160 0.000000 
0.000001 0.000000 0.291300 0.000004 0.653543 0.055151 0.000000 
0.153543 0.000000 0.020712 0.025109 0.789962 0.010673 0.000000 
0.000001 0.000000 0.050291 0.721730 0.218946 0.009032 0.000000 
0.000001 0.945772 0.016207 0.000004 0.014383 0.023633 0.000000 
0.046112 0.000000 0.155749 0.076849 0.167762 0.553527 0.000000 
0.000000 0.181135 0.000051 0.099178 0.031901 0.687735 0.000000 
0.491989 0.000000 0.358415 0.000003 0.149516 0.000076 0.000000 
0.000000 0.203922 0.000050 0.000003 0.022045 0.773979 0.000000 
0.000001 0.660182 0.056668 0.034917 0.210494 0.037738 0.000000 
0.024434 0.000000 0.000045 0.099710 0.139176 0.736635 0.000000 
0.022111 0.000000 0.000033 0.936088 0.004203 0.037564 0.000000 
0.037514 0.000000 0.199601 0.000003 0.731884 0.030997 0.000000 
0.000001 0.000000 0.766732 0.108051 0.102746 0.022469 0.000000 
0.548246 0.020880 0.328718 0.000004 0.048068 0.000079 0.054006 
0.000001 0.010478 0.077494 0.000003 0.133634 0.128330 0.650061 
0.000000 0.850324 0.000042 0.000004 0.121077 0.028552 0.000000 
0.012995 0.000000 0.024312 0.679489 0.125157 0.000089 0.157958 
0.000001 0.000000 0.034384 0.146560 0.818970 0.000085 0.000000 
0.000001 0.000000 0.073966 0.046609 0.581126 0.232625 0.065674 
0.000001 0.031744 0.095567 0.000004 0.820111 0.000079 0.052493 
0.000000 0.124429 0.813663 0.000004 0.041401 0.020502 0.000000 
0.000001 0.419869 0.151589 0.000003 0.400855 0.027683 0.000000 
0.000001 0.000000 0.052882 0.000004 0.211729 0.000076 0.735308 
0.000001 0.000000 0.314541 0.000003 0.616403 0.031133 0.037919 
0.006924 0.000000 0.260658 0.024375 0.291142 0.416901 0.000000 
0.219987 0.113776 0.277285 0.154173 0.092305 0.142474 0.000000 
0.124361 0.037091 0.099917 0.502622 0.030709 0.007125 0.198176 
0.000001 0.000000 0.000046 0.701894 0.229120 0.068939 0.000000 
0.041220 0.000000 0.762174 0.017532 0.136203 0.042871 0.000000 
0.000000 0.319483 0.019221 0.022388 0.479008 0.131802 0.028097 
0.028470 0.020092 0.000050 0.000003 0.149408 0.406225 0.395752 
0.013982 0.651794 0.178958 0.000004 0.034784 0.120478 0.000000 
0.067791 0.125853 0.120741 0.000004 0.203066 0.013664 0.468880 
0.575107 0.000000 0.048660 0.056852 0.001000 0.260405 0.057975 
0.020366 0.039722 0.196591 0.000003 0.705787 0.037531 0.000000 
0.000000 0.000000 0.095071 0.000003 0.044273 0.860652 0.000000 
0.000001 0.052777 0.092713 0.611453 0.235345 0.007711 0.000000 
0.506052 0.022972 0.000040 0.419338 0.051501 0.000097 0.000000 
0.000001 0.099312 0.036916 0.384481 0.111016 0.344388 0.023886 
0.135500 0.142780 0.323629 0.000004 0.109285 0.084896 0.203907 
0.000001 0.028417 0.021261 0.000003 0.172363 0.050634 0.727322 
0.000001 0.093729 0.033392 0.351514 0.400942 0.056580 0.063842 
0.000001 0.000000 0.000053 0.064405 0.214561 0.342663 0.378317 
0.000000 0.000000 0.111276 0.046862 0.565986 0.081909 0.193966 
0.000001 0.000000 0.057440 0.037241 0.905244 0.000074 0.000000 
0.000001 0.000000 0.286231 0.159348 0.359035 0.000104 0.195282 
0.027880 0.057506 0.022602 0.031839 0.130192 0.566045 0.163937 
0.037278 0.000000 0.275438 0.035484 0.210103 0.269397 0.172300 
0.000001 0.598374 0.115362 0.000004 0.262645 0.023614 0.000000 
0.000000 0.000000 0.039310 0.685999 0.168652 0.106037 0.000000 
0.000001 0.000000 0.018546 0.944394 0.037010 0.000048 0.000000 
0.367620 0.034283 0.000045 0.009018 0.326297 0.189315 0.073421 
0.361954 0.192814 0.065229 0.000004 0.049749 0.000094 0.330158 
0.089911 0.000000 0.036075 0.058257 0.230544 0.532675 0.052537 
0.055790 0.000000 0.383990 0.374258 0.087665 0.000110 0.098186 
0.000000 0.018304 0.064581 0.410258 0.081865 0.091533 0.333458 
0.000001 0.002605 0.054113 0.000004 0.821878 0.000084 0.121315 
0.000000 0.039823 0.000044 0.011530 0.186894 0.000075 0.761634 
0.087327 0.019920 0.000051 0.025527 0.231713 0.635463 0.000000 
0.022607 0.000000 0.208032 0.000003 0.521019 0.021468 0.226870 
0.036235 0.000000 0.105216 0.742510 0.066996 0.000047 0.048997 
0.024337 0.000000 0.000046 0.000003 0.019418 0.879484 0.076712 
0.451407 0.000000 0.259859 0.039240 0.075125 0.081455 0.092914 
0.782554 0.174356 0.000035 0.027670 0.002708 0.000065 0.012613 
0.000001 0.000000 0.000042 0.000003 0.001855 0.991231 0.006869 
0.480524 0.016866 0.054977 0.000004 0.227896 0.072620 0.147113 
0.000000 0.008668 0.041171 0.158454 0.665705 0.066479 0.059523 
0.000000 0.000000 0.981176 0.000004 0.018751 0.000067 0.000000 
0.000001 0.746332 0.028385 0.000004 0.047347 0.177931 0.000000 
0.060529 0.008460 0.000048 0.000004 0.166993 0.435863 0.328104 
0.263748 0.055127 0.000064 0.640762 0.000918 0.029191 0.010190 
0.000001 0.284894 0.177640 0.075950 0.257561 0.203955 0.000000 
0.000001 0.123704 0.019838 0.017879 0.168209 0.000069 0.670300 
0.000000 0.502729 0.018280 0.072528 0.367734 0.038729 0.000000 
0.000001 0.073635 0.518396 0.020758 0.336867 0.050343 0.000000 
0.000001 0.726140 0.000046 0.000004 0.098477 0.175333 0.000000 
0.000001 0.306223 0.075948 0.454420 0.063320 0.100088 0.000000 
0.000001 0.480238 0.004861 0.506686 0.008173 0.000042 0.000000 
0.789135 0.000000 0.000045 0.000004 0.143578 0.037125 0.030112 
0.000001 0.007592 0.901969 0.000004 0.067875 0.000049 0.022510 
0.000000 0.729438 0.057319 0.058171 0.133675 0.021397 0.000000 
0.491617 0.092221 0.013241 0.020936 0.068969 0.279242 0.033774 
0.000000 0.013429 0.532547 0.000004 0.435059 0.018960 0.000000 
0.035282 0.000000 0.000038 0.000004 0.257070 0.000091 0.707515 
0.000001 0.083053 0.111002 0.021081 0.770811 0.014052 0.000000 
0.000001 0.580700 0.166719 0.000004 0.089407 0.070743 0.092427 
0.020126 0.501710 0.042260 0.020650 0.359865 0.028681 0.026708 
0.152641 0.825790 0.000044 0.000004 0.007358 0.000066 0.014097 
0.000000 0.000000 0.000043 0.747626 0.097431 0.000089 0.154811 
0.000001 0.000000 0.000040 0.000004 0.221621 0.000081 0.778253 
0.000001 0.000000 0.019145 0.095352 0.615976 0.069572 0.199954 
0.000001 0.256182 0.109476 0.000004 0.469545 0.000096 0.164697 
0.000000 0.000000 0.203171 0.019028 0.611932 0.073024 0.092844 
0.000000 0.000000 0.000057 0.173247 0.030361 0.793263 0.003071 
0.000000 0.000000 0.066867 0.000004 0.065508 0.867620 0.000000 
0.353184 0.022906 0.032945 0.018176 0.059788 0.493743 0.019257 
0.000000 0.122780 0.026595 0.849503 0.001065 0.000056 0.000000 
0.603738 0.019774 0.246411 0.047176 0.041947 0.000071 0.040883 
0.013486 0.015489 0.025402 0.000004 0.306914 0.638704 0.000000 
0.042660 0.000000 0.009090 0.008599 0.000733 0.924328 0.014590 
0.452523 0.025156 0.219582 0.000003 0.154599 0.134333 0.013804 
0.053454 0.000000 0.052927 0.764036 0.120101 0.009482 0.000000 
0.182050 0.000001 0.051466 0.000004 0.269103 0.061622 0.435754 
0.000001 0.000000 0.047174 0.080374 0.671070 0.128331 0.073050 
0.000000 0.000000 0.778643 0.000004 0.117715 0.000086 0.103550 
0.137761 0.000000 0.076740 0.016361 0.530041 0.047767 0.191330 
0.000001 0.009261 0.022094 0.013418 0.004161 0.951065 0.000000 
0.643416 0.000000 0.000047 0.049327 0.131193 0.121024 0.054993 
0.016723 0.000000 0.000047 0.039945 0.124854 0.710828 0.107602 
0.000001 0.034928 0.627593 0.000004 0.318280 0.019194 0.000000 
0.000001 0.000000 0.545450 0.031730 0.116683 0.306136 0.000000 
0.000001 0.000000 0.044441 0.031749 0.590314 0.251729 0.081766 
0.079989 0.000000 0.073512 0.011892 0.383250 0.451356 0.000000 
0.000001 0.752724 0.058041 0.000004 0.162122 0.000048 0.027061 
0.028990 0.087727 0.000040 0.060541 0.130197 0.692504 0.000000 
0.000000 0.000000 0.223038 0.755210 0.018211 0.003541 0.000000 
0.430216 0.000000 0.130103 0.130945 0.258655 0.050080 0.000000 
0.021219 0.000000 0.040424 0.672408 0.252015 0.013934 0.000000 
0.000001 0.000000 0.110964 0.095962 0.608041 0.185032 0.000000 
0.445313 0.000000 0.452020 0.000004 0.102570 0.000091 0.000000 
0.000001 0.100400 0.000042 0.092495 0.115624 0.691439 0.000000 
0.000000 0.000000 0.469989 0.443483 0.058557 0.027971 0.000000 
0.000001 0.995393 0.000037 0.000004 0.000601 0.000066 0.003899 
0.000001 0.561613 0.263984 0.046420 0.084134 0.043848 0.000000 
0.000001 0.000000 0.038011 0.080318 0.306750 0.574920 0.000000 
0.000001 0.022387 0.000053 0.000004 0.128049 0.325995 0.523511 
0.914761 0.000000 0.000041 0.000004 0.031217 0.053977 0.000000 
0.000000 0.000000 0.020320 0.000003 0.276895 0.048823 0.653958 
0.035517 0.031931 0.000046 0.886953 0.038662 0.006891 0.000000 
0.000001 0.000000 0.129107 0.042207 0.599437 0.064510 0.164739 
0.000000 0.000000 0.003981 0.995501 0.000472 0.000046 0.000000 
0.000001 0.000000 0.118898 0.055034 0.164593 0.164681 0.496793 
0.029164 0.000000 0.000045 0.025485 0.149274 0.796031 0.000000 
0.137021 0.000000 0.039744 0.000004 0.309546 0.009470 0.504215 
0.000001 0.030914 0.315203 0.000004 0.588872 0.065007 0.000000 
0.052513 0.000000 0.035690 0.079375 0.101655 0.714846 0.015921 
0.355927 0.000000 0.000054 0.041549 0.087890 0.514580 0.000000 
0.970605 0.000000 0.000042 0.000004 0.015141 0.000077 0.014131 
0.125616 0.025140 0.056170 0.111709 0.658921 0.022444 0.000000 
0.151412 0.105606 0.141742 0.493933 0.007979 0.061653 0.037675 
0.000001 0.000001 0.386993 0.000004 0.449439 0.008604 0.154959 
0.715167 0.166794 0.086306 0.000004 0.031660 0.000068 0.000000 
0.000001 0.000000 0.284026 0.000004 0.006855 0.709114 0.000000 
0.236123 0.000000 0.070998 0.012486 0.533473 0.125870 0.021049 
0.000001 0.015387 0.335598 0.055405 0.453678 0.097696 0.042235 
0.000000 0.000000 0.590011 0.000003 0.004181 0.405804 0.000000 
0.141873 0.025519 0.065242 0.027482 0.393277 0.346608 0.000000 
0.000000 0.018701 0.040948 0.912791 0.027505 0.000055 0.000000 
0.371467 0.000000 0.074292 0.036693 0.081667 0.435881 0.000000 
0.000001 0.764724 0.000049 0.033276 0.164938 0.037012 0.000000 
0.000001 0.053502 0.578707 0.018031 0.299407 0.050352 0.000000 
0.094242 0.000000 0.370806 0.000004 0.225809 0.025396 0.283742 
0.000000 0.045363 0.836073 0.000004 0.107228 0.011331 0.000000 
0.026775 0.000000 0.330013 0.134886 0.193542 0.314783 0.000000 
0.016307 0.000000 0.249697 0.045696 0.541583 0.054599 0.092117 
0.000001 0.099069 0.000044 0.081900 0.393750 0.326006 0.099231 
0.013934 0.000000 0.109049 0.478937 0.363557 0.034522 0.000000 
0.267920 0.051313 0.009430 0.525922 0.145324 0.000092 0.000000 
0.000001 0.651197 0.048698 0.036114 0.244102 0.019888 0.000000 
0.000001 0.595948 0.332150 0.041711 0.020428 0.009763 0.000000 
0.906491 0.021540 0.000043 0.016909 0.045864 0.000075 0.009078 
0.000000 0.006945 0.000043 0.000003 0.013683 0.979325 0.000000 
0.000001 0.211933 0.221451 0.000004 0.523100 0.043511 0.000000 
0.000001 0.000000 0.275948 0.000005 0.020650 0.703396 0.000000 
0.000001 0.000000 0.150649 0.029743 0.273078 0.546529 0.000000 
0.000001 0.108961 0.363029 0.033471 0.042056 0.452483 0.000000 
0.100264 0.000000 0.023880 0.000004 0.202965 0.087157 0.585731 
0.268541 0.408657 0.021554 0.000004 0.070155 0.214746 0.016343 
0.052601 0.019422 0.179295 0.427607 0.290513 0.030562 0.000000 
0.115086 0.044626 0.000042 0.667494 0.077646 0.095106 0.000000 
0.000001 0.000000 0.077844 0.031637 0.793935 0.023479 0.073104 
0.000000 0.014188 0.067068 0.203938 0.452624 0.097815 0.164366 
0.000001 0.000000 0.000043 0.000003 0.001196 0.976743 0.022014 
0.446503 0.000000 0.000053 0.000004 0.284829 0.052297 0.216314 
0.016494 0.982824 0.000025 0.000004 0.000603 0.000051 0.000000 
0.240318 0.000000 0.094950 0.000004 0.664651 0.000076 0.000000 
0.065754 0.000000 0.065608 0.547981 0.280658 0.039998 0.000000 
0.000001 0.000000 0.111236 0.000004 0.287617 0.078997 0.522145 
0.664901 0.020357 0.248561 0.000003 0.058727 0.007450 0.000000 
0.814300 0.000000 0.013647 0.048817 0.077950 0.000069 0.045217 
0.015855 0.000000 0.657457 0.208440 0.058914 0.059334 0.000000 
0.024845 0.019525 0.000045 0.131403 0.129739 0.676579 0.017864 
0.000000 0.000001 0.000040 0.000004 0.233422 0.057108 0.709425 
0.515221 0.400821 0.012197 0.000004 0.001780 0.049300 0.020677 
0.022163 0.000000 0.000040 0.028665 0.180080 0.769052 0.000000 
0.159105 0.000000 0.074224 0.009061 0.757532 0.000076 0.000000 
0.000000 0.000000 0.128019 0.066313 0.617618 0.113537 0.074511 
0.000001 0.019262 0.131600 0.006707 0.842371 0.000060 0.000000 
0.000001 0.000000 0.169828 0.339031 0.314568 0.000067 0.176506 
0.000000 0.000000 0.219851 0.000004 0.258002 0.101619 0.420524 
0.413911 0.026432 0.064415 0.106269 0.355501 0.028409 0.005063 
0.007217 0.000000 0.000026 0.976836 0.015871 0.000050 0.000000 
0.023378 0.000000 0.031505 0.057781 0.264658 0.596176 0.026501 
0.000001 0.000000 0.243025 0.156914 0.572160 0.027900 0.000000 
0.295320 0.074069 0.154546 0.040228 0.341438 0.043138 0.051260 
0.518101 0.000000 0.000052 0.000004 0.382566 0.000079 0.099199 
0.000000 0.282152 0.071340 0.026174 0.620250 0.000083 0.000000 
0.000001 0.064635 0.187880 0.000004 0.664476 0.021518 0.061485 
0.103081 0.018666 0.225293 0.000004 0.563093 0.089863 0.000000 
0.588007 0.050415 0.021227 0.310297 0.012589 0.000051 0.017413 
0.000001 0.073367 0.064134 0.029497 0.415065 0.322795 0.095142 
0.177974 0.027492 0.113604 0.019555 0.446277 0.189651 0.025448 
0.082810 0.000000 0.746321 0.000004 0.112539 0.058326 0.000000 
0.022309 0.096847 0.501174 0.000004 0.300502 0.079164 0.000000 
0.000000 0.000000 0.120239 0.017667 0.862027 0.000067 0.000000 
0.000000 0.021479 0.014289 0.310415 0.363887 0.198208 0.091721 
0.033559 0.616316 0.311935 0.000004 0.028615 0.009571 0.000000 
0.102712 0.050668 0.085300 0.000004 0.438766 0.000079 0.322471 
0.242428 0.000000 0.015020 0.018123 0.373199 0.285780 0.065448 
0.000000 0.000000 0.030728 0.013848 0.012889 0.912473 0.030061 
0.021062 0.021021 0.000035 0.017320 0.166621 0.773941 0.000000 
0.216342 0.000000 0.034635 0.041706 0.118623 0.570068 0.018626 
0.183533 0.000000 0.030660 0.684117 0.101608 0.000081 0.000000 
0.000001 0.005178 0.061807 0.058525 0.473453 0.327897 0.073139 
0.227034 0.021982 0.024462 0.025926 0.194879 0.469732 0.035986 
0.000001 0.634368 0.000039 0.000004 0.079146 0.286441 0.000000 
0.384730 0.020630 0.000040 0.046936 0.043974 0.423273 0.080417 
0.000000 0.000000 0.007606 0.991068 0.001277 0.000047 0.000000 
0.275509 0.017276 0.045996 0.025945 0.322511 0.312763 0.000000 
0.114989 0.000000 0.000043 0.035549 0.159226 0.690193 0.000000 
0.057088 0.011786 0.658328 0.014570 0.091975 0.147679 0.018575 
0.000000 0.027878 0.000044 0.000003 0.299588 0.000304 0.672182 
0.045011 0.006007 0.861354 0.000003 0.076393 0.011232 0.000000 
0.000001 0.000000 0.000049 0.081408 0.169884 0.243897 0.504761 
0.800574 0.000000 0.000042 0.143027 0.024476 0.000070 0.031810 
0.012782 0.801622 0.000040 0.000003 0.015011 0.163267 0.007275 
0.000001 0.000000 0.883606 0.000004 0.103485 0.012904 0.000000 
0.000001 0.506022 0.046683 0.000004 0.447220 0.000070 0.000000 
0.051253 0.000000 0.039665 0.075952 0.768998 0.064131 0.000000 
0.038226 0.000000 0.805098 0.000003 0.134658 0.022014 0.000000 
0.000001 0.014351 0.014213 0.000004 0.002817 0.968614 0.000000 
0.000000 0.570910 0.000041 0.000004 0.042937 0.386107 0.000000 
0.041622 0.482332 0.017768 0.278976 0.041856 0.137445 0.000000 
0.000000 0.000000 0.081579 0.036459 0.848743 0.016618 0.016600 
0.205695 0.000000 0.000048 0.044308 0.109497 0.640451 0.000000 
0.370610 0.010919 0.151431 0.403471 0.014194 0.000069 0.049305 
0.102895 0.000000 0.031326 0.049364 0.743992 0.072422 0.000000 
0.000000 0.476287 0.390984 0.000004 0.111441 0.021284 0.000000 
0.000001 0.052898 0.170171 0.012515 0.668606 0.047998 0.047812 
0.029270 0.170867 0.429119 0.000004 0.123252 0.247488 0.000000 
0.000001 0.000000 0.032483 0.000004 0.551454 0.039912 0.376146 
0.500587 0.009005 0.101154 0.000003 0.360889 0.028362 0.000000 
0.535266 0.158416 0.182318 0.000004 0.037292 0.070370 0.016334 
0.693704 0.215613 0.000047 0.000004 0.039948 0.020935 0.029748 
0.000000 0.314039 0.386061 0.047978 0.206474 0.009876 0.035571 
0.068024 0.000000 0.717888 0.000004 0.085226 0.128857 0.000000 
0.000001 0.030522 0.000050 0.068999 0.491478 0.373867 0.035084 
0.101909 0.000000 0.000039 0.016483 0.274960 0.606609 0.000000 
0.000000 0.000000 0.438263 0.000003 0.023103 0.509468 0.029162 
0.000001 0.000000 0.167637 0.000004 0.676334 0.156024 0.000000 
0.000001 0.000000 0.071355 0.000003 0.255469 0.673172 0.000000 
0.043996 0.018878 0.213214 0.316756 0.386664 0.020491 0.000000 
0.000000 0.000000 0.086035 0.059499 0.710836 0.108107 0.035521 
0.185747 0.345278 0.110378 0.124079 0.182222 0.052296 0.000000 
0.000000 0.077509 0.779382 0.000003 0.111851 0.031254 0.000000 
0.000001 0.000000 0.231502 0.000005 0.714642 0.053850 0.000000 
0.021433 0.012885 0.063442 0.025442 0.773098 0.103699 0.000000 
0.000001 0.000000 0.051523 0.038693 0.419709 0.436535 0.053538 
0.000000 0.000000 0.092935 0.053074 0.686513 0.101667 0.065810 
0.069406 0.176329 0.000047 0.000004 0.011731 0.718473 0.024011 
0.000001 0.000001 0.150907 0.000004 0.585692 0.057272 0.206124 
0.055215 0.000000 0.052562 0.038083 0.571659 0.190206 0.092274 
0.055359 0.000000 0.087906 0.000003 0.808394 0.048337 0.000000 
0.627502 0.008392 0.142769 0.022802 0.028776 0.042893 0.126866 
0.267898 0.000000 0.010586 0.054114 0.140084 0.527318 0.000000 
0.000001 0.000000 0.015392 0.714646 0.067733 0.000080 0.202147 
0.008167 0.000000 0.008256 0.943188 0.040305 0.000083 0.000000 
0.025977 0.000000 0.004524 0.542701 0.077787 0.349011 0.000000 
0.024785 0.000000 0.272148 0.000002 0.669802 0.033263 0.000000 
0.118827 0.431415 0.014671 0.055148 0.104064 0.103522 0.172352 
0.261426 0.471494 0.000032 0.036014 0.035904 0.000081 0.195049 
0.081752 0.194018 0.000052 0.490792 0.158859 0.074528 0.000000 
0.127213 0.122174 0.257892 0.166455 0.481761 0.285592 0.117026 
