-1921547.726935
0
0.000000 0.000000 0.000000 0.000000 0.000000 0.000000 0.000000 0.000000 0.000000 0.000004 0.000000 0.000001 0.000000 0.000000 0.000000 0.000001 0.112459 0.098393 0.000006 0.000000 0.000000 0.000000 0.000000 0.193407 0.000001 0.000000 0.000000 0.000008 0.000000 0.000000 0.000000 0.000000 0.000001 0.000000 0.000000 0.000001 0.000000 0.000000 0.000000 0.000000 0.000002 0.131456 0.000000 0.000000 0.000000 0.000000 0.000000 0.000000 0.000000 0.000004 0.000000 0.000002 0.000000 0.000000 0.000000 0.000000 0.000000 0.000002 0.000000 0.000014 0.000000 0.000000 0.000000 0.000000 0.000001 0.000000 0.023213 0.000003 0.000000 0.000000 0.000000 0.000000 0.267522 0.000005 0.000000 0.000011 0.000000 0.000000 0.000000 0.084489 0.000000 0.000000 0.000000 0.088985 0.000000 0.000000 0.000000 0.000000 0.000000 0.000001 0.000003 0.000001 0.000000 0.000000 0.000000 0.000000 
0.007718 0.006328 0.001921 0.003467 0.000000 0.000000 0.000000 0.000000 0.034743 0.016302 0.224974 0.014953 0.001423 0.002168 0.000000 0.007168 0.012459 0.006070 0.010216 0.008551 0.000000 0.001730 0.000000 0.000000 0.004137 0.003982 0.000000 0.004474 0.000000 0.000000 0.000000 0.000000 0.019574 0.015925 0.119394 0.012841 0.000000 0.000000 0.000000 0.000000 0.003116 0.003817 0.006539 0.005537 0.000000 0.001262 0.000000 0.000000 0.007118 0.003625 0.000000 0.000000 0.000000 0.001491 0.000000 0.000000 0.030583 0.034019 0.137657 0.018399 0.000000 0.000000 0.000000 0.000000 0.013425 0.006548 0.004769 0.013049 0.000000 0.000000 0.000000 0.000000 0.007111 0.009408 0.001995 0.012130 0.000000 0.000000 0.000000 0.000000 0.008060 0.000000 0.088919 0.007955 0.004600 0.000000 0.000000 0.000000 0.009037 0.003977 0.010189 0.005146 0.000000 0.000000 0.000000 0.000000 
0.000000 0.003347 0.000000 0.000000 0.033013 0.015720 0.017988 0.026741 0.000000 0.029082 0.000000 0.000000 0.000000 0.006461 0.023300 0.000000 0.000002 0.000000 0.025850 0.000000 0.000000 0.000000 0.000000 0.000000 0.007530 0.055151 0.009962 0.023955 0.042215 0.033249 0.013874 0.028953 0.043171 0.024567 0.000000 0.000000 0.000000 0.000000 0.000000 0.000000 0.000000 0.001794 0.000000 0.000000 0.000000 0.000000 0.000000 0.000000 0.000000 0.016195 0.000000 0.018224 0.033782 0.019607 0.006849 0.018770 0.055342 0.028308 0.000000 0.000001 0.000000 0.007671 0.000000 0.000000 0.015887 0.000000 0.000000 0.000000 0.000000 0.009131 0.017725 0.000000 0.000004 0.019778 0.000000 0.000001 0.042785 0.052185 0.008658 0.073582 0.036885 0.034222 0.000000 0.000004 0.000000 0.004532 0.000000 0.000000 0.000000 0.000000 0.013944 0.000000 0.000000 0.000000 0.000000 0.000000 
0.000000 0.000000 0.000000 0.000000 0.000000 0.000000 0.000000 0.000000 0.000000 0.019045 0.000000 0.004664 0.000293 0.000670 0.000878 0.002937 0.001115 0.000000 0.000976 0.001419 0.000000 0.000000 0.000484 0.000000 0.001156 0.000000 0.000000 0.001666 0.000000 0.000000 0.000000 0.000000 0.073476 0.102107 0.022329 0.080861 0.000000 0.001538 0.000500 0.002300 0.000652 0.000683 0.001014 0.004460 0.000000 0.000697 0.000955 0.001416 0.000000 0.000000 0.000000 0.000000 0.000000 0.000000 0.000000 0.000000 0.000000 0.021248 0.000000 0.015870 0.000000 0.000000 0.000527 0.000511 0.000000 0.000000 0.000000 0.007291 0.000000 0.000000 0.001741 0.000876 0.001297 0.001968 0.000000 0.000850 0.000000 0.001046 0.000000 0.000000 0.121314 0.290754 0.101558 0.084969 0.000812 0.001591 0.001055 0.005684 0.002302 0.001535 0.001819 0.002454 0.000000 0.000769 0.000928 0.000942 
0.041937 0.039624 0.000000 0.040647 0.003959 0.000000 0.000000 0.000000 0.017539 0.011889 0.028362 0.029445 0.000000 0.023875 0.008300 0.024588 0.020863 0.006196 0.017769 0.028413 0.009625 0.000000 0.006305 0.001893 0.049810 0.044157 0.000000 0.054191 0.007933 0.006940 0.000000 0.000000 0.004672 0.000000 0.000000 0.019176 0.019159 0.025099 0.022368 0.039506 0.002835 0.008939 0.000000 0.012694 0.004923 0.000000 0.000000 0.000000 0.037183 0.026989 0.000000 0.026456 0.002786 0.000572 0.000000 0.000000 0.000000 0.000000 0.016021 0.000000 0.011707 0.010338 0.010820 0.000000 0.010104 0.000000 0.000000 0.000000 0.000000 0.000000 0.000945 0.008674 0.028115 0.015534 0.000000 0.000000 0.003272 0.000000 0.000000 0.000000 0.000000 0.000000 0.000000 0.006712 0.025237 0.019571 0.000000 0.051496 0.000000 0.000000 0.000000 0.000000 0.000000 0.000000 0.003836 0.000000 
0.047142 0.000000 0.000000 0.000000 0.000000 0.066169 0.000000 0.000000 0.184637 0.000003 0.000000 0.000001 0.057626 0.000000 0.000000 0.037305 0.045137 0.027400 0.050136 0.000000 0.000000 0.000000 0.000000 0.000000 0.000001 0.000000 0.000000 0.000004 0.000000 0.000000 0.000000 0.000000 0.000000 0.000000 0.000000 0.000000 0.000000 0.000000 0.000000 0.000000 0.060309 0.054956 0.000000 0.000000 0.000000 0.014933 0.000000 0.000000 0.000000 0.000002 0.000000 0.000001 0.000000 0.042171 0.000000 0.000000 0.000000 0.000001 0.000000 0.098239 0.000000 0.000000 0.000000 0.000000 0.000001 0.023713 0.000004 0.000002 0.000000 0.000000 0.000000 0.000000 0.040973 0.000003 0.000000 0.000006 0.000000 0.000000 0.000000 0.000000 0.094874 0.000000 0.000000 0.000028 0.000000 0.000000 0.000000 0.000000 0.000000 0.031101 0.023118 0.000000 0.000000 0.000000 0.000000 0.000000 
0.000000 0.000000 0.000000 0.000000 0.000000 0.080746 0.000000 0.000000 0.000001 0.000007 0.000000 0.000002 0.000000 0.000000 0.000000 0.000002 0.000036 0.000007 0.000007 0.000000 0.000000 0.000000 0.000000 0.000000 0.000002 0.000000 0.000000 0.000011 0.112098 0.000000 0.000000 0.000000 0.000001 0.000000 0.000000 0.000001 0.000000 0.000000 0.000000 0.000000 0.000003 0.000006 0.000000 0.000000 0.000000 0.039710 0.000000 0.082090 0.000000 0.116941 0.000000 0.000002 0.000000 0.000001 0.000000 0.000000 0.000000 0.000003 0.000000 0.005996 0.000000 0.000000 0.000000 0.000000 0.000002 0.000000 0.141934 0.000005 0.000000 0.000000 0.000000 0.000000 0.000081 0.084093 0.029061 0.000016 0.000000 0.000000 0.000000 0.000000 0.000000 0.000000 0.000000 0.090907 0.000000 0.000000 0.000000 0.170676 0.000000 0.000001 0.000004 0.000001 0.000000 0.000000 0.045545 0.000000 
0.000000 0.001185 0.000000 0.009344 0.000000 0.000000 0.000000 0.000000 0.000000 0.001262 0.009702 0.004818 0.000000 0.000000 0.000000 0.000000 0.002124 0.003504 0.000000 0.000000 0.000000 0.003588 0.000000 0.015079 0.002312 0.000000 0.000000 0.017048 0.000000 0.000000 0.000000 0.000000 0.000000 0.000000 0.000000 0.001310 0.000000 0.000000 0.000000 0.000000 0.000000 0.000000 0.000000 0.000000 0.002109 0.000000 0.000000 0.020779 0.000000 0.000000 0.000000 0.010345 0.000000 0.000000 0.000000 0.000000 0.000000 0.015046 0.024318 0.017035 0.000000 0.000000 0.000000 0.000000 0.008411 0.011054 0.004829 0.011388 0.000000 0.002243 0.000774 0.000000 0.039406 0.012013 0.003254 0.348965 0.000000 0.000000 0.000000 0.000000 0.000000 0.015315 0.241029 0.039008 0.000000 0.001091 0.000000 0.000000 0.003266 0.010245 0.004915 0.009993 0.003724 0.010088 0.000000 0.058083 
0.000000 0.000000 0.000000 0.000000 0.000000 0.000000 0.000000 0.000000 0.000000 0.000003 0.000000 0.000001 0.080832 0.000000 0.041963 0.000001 0.000020 0.000005 0.000004 0.000000 0.000000 0.000000 0.000000 0.000000 0.000001 0.000000 0.000000 0.000006 0.000000 0.000000 0.051784 0.000000 0.350747 0.000000 0.000000 0.000000 0.000000 0.000000 0.000000 0.000000 0.000002 0.000003 0.000000 0.000000 0.000000 0.000000 0.000000 0.000000 0.000000 0.064347 0.000000 0.088488 0.000000 0.057816 0.000000 0.000000 0.000000 0.036123 0.000000 0.097886 0.000000 0.000000 0.000000 0.000000 0.023610 0.000000 0.021681 0.045856 0.000000 0.000000 0.000000 0.000000 0.000043 0.000004 0.000000 0.000009 0.000000 0.000000 0.000000 0.000000 0.000000 0.000000 0.000000 0.000039 0.000000 0.000000 0.000000 0.000000 0.000000 0.025877 0.000003 0.012842 0.000000 0.000000 0.000000 0.000000 
0.033861 0.025483 0.002667 0.024298 0.021540 0.012099 0.000000 0.025228 0.026886 0.000000 0.000000 0.023538 0.011890 0.007336 0.000000 0.012497 0.017395 0.013009 0.004422 0.025879 0.000000 0.001068 0.014052 0.008487 0.023308 0.000000 0.000000 0.010917 0.008456 0.006979 0.000000 0.024432 0.000000 0.000000 0.002689 0.024245 0.010829 0.019645 0.016943 0.025868 0.010249 0.019847 0.012378 0.015624 0.000000 0.007930 0.015696 0.008324 0.012676 0.008140 0.000000 0.011532 0.005197 0.007455 0.000000 0.019585 0.000000 0.000000 0.000000 0.013851 0.006805 0.004555 0.011834 0.014110 0.002845 0.009970 0.008505 0.009388 0.003636 0.001730 0.017418 0.005716 0.016369 0.018092 0.000000 0.024698 0.008449 0.011052 0.000000 0.019756 0.000000 0.000000 0.000000 0.012214 0.009872 0.013201 0.009519 0.019667 0.013127 0.016056 0.003911 0.015029 0.000000 0.006784 0.015600 0.015661 
0.037963 0.041937 0.005620 0.043902 0.000000 0.000000 0.000000 0.000000 0.000000 0.000000 0.000000 0.000000 0.066968 0.000000 0.079671 0.061640 0.000002 0.000000 0.000000 0.000000 0.000000 0.000000 0.000000 0.000000 0.000000 0.019346 0.000000 0.007456 0.000000 0.000000 0.000000 0.000000 0.000000 0.009987 0.012562 0.000000 0.000000 0.000000 0.000000 0.000000 0.000000 0.000000 0.007839 0.000000 0.000000 0.000000 0.010212 0.008233 0.007207 0.000000 0.000000 0.048932 0.000000 0.000000 0.000000 0.000000 0.000000 0.000000 0.000000 0.000001 0.000000 0.010460 0.000000 0.091017 0.000000 0.013096 0.016706 0.029348 0.000000 0.000000 0.000000 0.000000 0.058672 0.029791 0.008531 0.189812 0.000000 0.000000 0.000000 0.000000 0.000000 0.000000 0.000000 0.019529 0.000000 0.000000 0.030009 0.000000 0.000000 0.004119 0.000000 0.026543 0.000000 0.000000 0.000000 0.002885 
0.000000 0.000000 0.000000 0.000000 0.007197 0.000000 0.000000 0.004725 0.000000 0.022780 0.000000 0.000000 0.000000 0.000000 0.000000 0.009226 0.006708 0.025325 0.032509 0.043406 0.000000 0.007918 0.021291 0.000000 0.000000 0.000000 0.000000 0.000002 0.000000 0.000000 0.000000 0.000000 0.000000 0.000000 0.110554 0.000000 0.000000 0.000000 0.000000 0.009807 0.000000 0.021257 0.015946 0.022476 0.000000 0.025788 0.047402 0.000000 0.011174 0.017659 0.000000 0.000000 0.000000 0.002504 0.000000 0.004151 0.000000 0.000000 0.054535 0.000003 0.000000 0.000000 0.000000 0.000000 0.000000 0.000000 0.026439 0.022429 0.000000 0.000000 0.000000 0.041429 0.016394 0.000001 0.000000 0.006453 0.000000 0.000000 0.000000 0.000000 0.000000 0.000000 0.000000 0.000011 0.000000 0.000000 0.000000 0.028225 0.000000 0.000000 0.038664 0.012104 0.037588 0.018289 0.023584 0.204043 
0.000000 0.001111 0.000000 0.000000 0.001721 0.000000 0.000000 0.001913 0.027732 0.017526 0.048283 0.015623 0.000000 0.003298 0.000000 0.004235 0.004668 0.006329 0.027155 0.000000 0.000000 0.002363 0.001331 0.003383 0.012448 0.031974 0.012963 0.080257 0.000000 0.000000 0.000000 0.000000 0.000000 0.004979 0.086070 0.002992 0.000000 0.002331 0.001092 0.000000 0.006838 0.002673 0.036054 0.002499 0.000000 0.004612 0.006190 0.012005 0.001287 0.006298 0.003103 0.011818 0.000000 0.002324 0.000000 0.001604 0.079103 0.095114 0.143474 0.066376 0.000000 0.003380 0.000000 0.001746 0.013068 0.005527 0.012894 0.000000 0.000000 0.001719 0.000953 0.004512 0.000001 0.000000 0.000000 0.006759 0.000000 0.000000 0.000000 0.000000 0.005103 0.000000 0.020172 0.002305 0.000000 0.000501 0.000000 0.000000 0.005030 0.002629 0.010718 0.001759 0.002131 0.002773 0.001086 0.012082 
0.038446 0.032405 0.021155 0.026601 0.007282 0.004567 0.003736 0.002497 0.008973 0.007882 0.000000 0.003381 0.002411 0.003774 0.010171 0.000000 0.007980 0.000914 0.008346 0.000000 0.000000 0.000000 0.000000 0.000000 0.051853 0.072389 0.011302 0.051869 0.010539 0.009647 0.007858 0.006719 0.021422 0.015445 0.007696 0.018743 0.008502 0.010614 0.040147 0.009758 0.003683 0.000000 0.010451 0.004000 0.000000 0.000000 0.002990 0.000000 0.045020 0.046216 0.029689 0.026258 0.005710 0.008624 0.007529 0.003826 0.008294 0.008108 0.000000 0.006268 0.006552 0.005097 0.014721 0.002263 0.005589 0.000000 0.003246 0.001001 0.000000 0.000000 0.000000 0.000000 0.037537 0.060578 0.012390 0.039114 0.000000 0.009416 0.003773 0.000000 0.002666 0.005333 0.000000 0.006264 0.004145 0.002474 0.009338 0.001435 0.001482 0.000000 0.002955 0.000000 0.000000 0.000000 0.000942 0.000000 
0.000000 0.000566 0.000000 0.000000 0.000323 0.000000 0.000361 0.000608 0.007906 0.002127 0.001838 0.002404 0.000000 0.000000 0.000000 0.000000 0.001193 0.000464 0.000000 0.000967 0.000000 0.000000 0.000000 0.000000 0.000597 0.000000 0.000000 0.000000 0.000000 0.000000 0.000000 0.000000 0.011774 0.000000 0.002838 0.005817 0.000000 0.000000 0.000000 0.000295 0.000621 0.000203 0.000000 0.000000 0.000000 0.000000 0.000000 0.000000 0.000000 0.000000 0.000264 0.000000 0.000000 0.000000 0.000000 0.000000 0.006077 0.000916 0.000000 0.002806 0.000000 0.000181 0.000000 0.000000 0.000000 0.000000 0.000000 0.000538 0.000000 0.000000 0.000000 0.000000 0.015897 0.005965 0.002143 0.012043 0.043179 0.000000 0.001725 0.072230 0.441978 0.073503 0.042444 0.237207 0.000000 0.000000 0.000000 0.000000 0.000000 0.000000 0.000000 0.000000 0.000000 0.000000 0.000000 0.000000 
0.005401 0.000000 0.000000 0.000000 0.000000 0.000000 0.000000 0.000000 0.000948 0.005744 0.002972 0.002074 0.014894 0.003659 0.010496 0.021616 0.027568 0.009214 0.024760 0.026530 0.047774 0.007705 0.002731 0.023617 0.007237 0.008031 0.000000 0.008825 0.000000 0.000000 0.000000 0.000000 0.008565 0.006003 0.000000 0.000000 0.004537 0.000000 0.001763 0.000000 0.018172 0.008790 0.016262 0.036677 0.031857 0.006320 0.014237 0.069177 0.012321 0.009838 0.000000 0.006815 0.000000 0.000000 0.000000 0.000000 0.007449 0.005286 0.000000 0.008407 0.001782 0.003310 0.000000 0.000000 0.012056 0.010240 0.011087 0.012493 0.009083 0.000000 0.001117 0.025185 0.022679 0.000000 0.000000 0.036684 0.000000 0.000000 0.000000 0.000000 0.000000 0.000000 0.000000 0.006500 0.027461 0.000000 0.016385 0.014513 0.017687 0.013984 0.012157 0.042031 0.078203 0.009445 0.007921 0.073722 
0.000000 0.000000 0.000000 0.000000 0.000000 0.000000 0.000000 0.000000 0.000001 0.000010 0.000000 0.000003 0.000000 0.000000 0.000000 0.000002 0.000051 0.000012 0.000009 0.000000 0.000000 0.000000 0.000000 0.000000 0.000003 0.000000 0.123742 0.000014 0.000000 0.000000 0.000000 0.000000 0.000001 0.000000 0.000000 0.000001 0.000000 0.000000 0.000000 0.000000 0.121781 0.000008 0.000001 0.000001 0.000000 0.000000 0.000000 0.000000 0.000001 0.000007 0.000000 0.000004 0.000000 0.000001 0.000000 0.000000 0.600692 0.000004 0.000000 0.000027 0.000000 0.000000 0.000000 0.000000 0.000003 0.000000 0.000013 0.000005 0.000000 0.000000 0.000000 0.000000 0.000108 0.000010 0.134401 0.000021 0.000000 0.018964 0.000000 0.000000 0.000000 0.000000 0.000000 0.000089 0.000000 0.000000 0.000000 0.000000 0.000000 0.000001 0.000006 0.000002 0.000000 0.000000 0.000000 0.000000 
0.000000 0.000000 0.000000 0.000000 0.008849 0.007664 0.005300 0.008893 0.018281 0.023381 0.000000 0.017894 0.006594 0.010353 0.024421 0.013047 0.066380 0.019241 0.053733 0.041893 0.000000 0.003026 0.002904 0.000000 0.000000 0.000000 0.004413 0.007025 0.007313 0.010837 0.005950 0.000000 0.037987 0.027045 0.000000 0.017921 0.000000 0.000000 0.004361 0.001654 0.027200 0.011805 0.027629 0.026887 0.000000 0.000000 0.002950 0.011200 0.013005 0.008815 0.000000 0.011476 0.007969 0.005065 0.000000 0.000000 0.032838 0.028309 0.000000 0.026490 0.010208 0.003599 0.003245 0.000000 0.032550 0.013451 0.023317 0.023178 0.001890 0.000000 0.000000 0.000000 0.007269 0.004892 0.006621 0.013181 0.000000 0.008457 0.002695 0.000000 0.000000 0.019214 0.000000 0.003574 0.008837 0.005076 0.005988 0.006105 0.025159 0.016205 0.020373 0.021999 0.000000 0.003883 0.001810 0.009224 
0.000000 0.558648 0.000000 0.172111 0.051767 0.000000 0.000000 0.000000 0.000000 0.022091 0.040266 0.000000 0.000000 0.000038 0.008423 0.113327 0.000000 0.033330 
0.011911 0.202945 0.000000 0.041637 0.065180 0.000000 0.000000 0.000000 0.000000 0.089362 0.024689 0.000000 0.000000 0.429659 0.104930 0.029687 0.000000 0.000000 
0.000000 0.063557 0.000000 0.284594 0.000000 0.000000 0.000000 0.000000 0.000000 0.193197 0.000000 0.000000 0.000000 0.064400 0.019256 0.223302 0.000000 0.151694 
0.000000 0.589722 0.000000 0.029413 0.000000 0.042149 0.000000 0.000000 0.000000 0.110014 0.000000 0.000000 0.000000 0.199799 0.000000 0.028902 0.000000 0.000000 
0.000000 0.397813 0.038760 0.038000 0.000000 0.000000 0.000000 0.000000 0.000000 0.184948 0.031011 0.019001 0.051758 0.198647 0.000000 0.012623 0.000000 0.027439 
0.000000 0.428323 0.000000 0.059818 0.000000 0.000000 0.000000 0.000000 0.000000 0.087418 0.000000 0.000000 0.378320 0.024236 0.000000 0.021884 0.000000 0.000000 
0.000000 0.065951 0.000000 0.039953 0.000000 0.000000 0.000000 0.491332 0.000000 0.075701 0.000000 0.039011 0.281703 0.000042 0.006302 0.000005 0.000000 0.000000 
0.000000 0.256505 0.000000 0.434500 0.000000 0.000000 0.000000 0.016581 0.000000 0.134701 0.000000 0.000000 0.000000 0.053416 0.010138 0.000004 0.000000 0.094155 
0.000000 0.244800 0.000000 0.011820 0.138019 0.000000 0.000000 0.000000 0.000000 0.148801 0.056835 0.011322 0.000000 0.020760 0.367637 0.000006 0.000000 0.000000 
0.000000 0.370509 0.016879 0.074632 0.000000 0.000000 0.000000 0.000000 0.000000 0.090152 0.000000 0.000000 0.000000 0.018004 0.419430 0.010393 0.000000 0.000000 
0.000000 0.016791 0.000000 0.815044 0.000000 0.000000 0.000000 0.000000 0.000000 0.072214 0.009520 0.000000 0.000000 0.060430 0.000000 0.026002 0.000000 0.000000 
0.000000 0.018012 0.000000 0.028966 0.000000 0.000000 0.000000 0.292699 0.000000 0.124905 0.030777 0.082665 0.000000 0.219034 0.000000 0.202940 0.000000 0.000000 
0.000000 0.223866 0.000000 0.035199 0.094263 0.000000 0.020980 0.000000 0.000000 0.101094 0.066634 0.000000 0.408473 0.000044 0.031070 0.000005 0.018370 0.000000 
0.000000 0.009272 0.073077 0.059523 0.030049 0.000000 0.000000 0.512983 0.000000 0.300386 0.000000 0.000000 0.000000 0.000041 0.000000 0.000007 0.000000 0.014661 
0.000000 0.117873 0.027045 0.012574 0.205011 0.000000 0.000000 0.000000 0.000000 0.208060 0.073007 0.017614 0.000000 0.328371 0.010439 0.000006 0.000000 0.000000 
0.005420 0.309971 0.007574 0.578446 0.018327 0.000000 0.000000 0.013480 0.000000 0.023843 0.014146 0.000000 0.000000 0.000040 0.021648 0.007105 0.000000 0.000000 
0.000000 0.000634 0.064554 0.011669 0.067020 0.000000 0.000000 0.652853 0.000000 0.056399 0.000000 0.049575 0.000000 0.000039 0.000000 0.097258 0.000000 0.000000 
0.000000 0.088928 0.042293 0.055991 0.050524 0.000000 0.000000 0.000000 0.000000 0.209571 0.012653 0.000000 0.076431 0.282162 0.000000 0.181447 0.000000 0.000000 
0.000000 0.007786 0.000000 0.807047 0.004288 0.000000 0.013880 0.018141 0.000000 0.067098 0.000000 0.000000 0.008637 0.000031 0.000000 0.000013 0.000000 0.073078 
0.000000 0.020021 0.000000 0.015785 0.000000 0.000000 0.000000 0.873155 0.000000 0.013618 0.000000 0.068703 0.000000 0.008712 0.000001 0.000005 0.000000 0.000000 
0.000000 0.029134 0.205636 0.027262 0.000000 0.000000 0.000000 0.059469 0.009909 0.494187 0.000000 0.000000 0.000000 0.027950 0.108324 0.038130 0.000000 0.000000 
0.000000 0.069084 0.055735 0.616416 0.000000 0.014220 0.000000 0.000000 0.000000 0.152924 0.000000 0.000000 0.000000 0.000043 0.000000 0.091577 0.000000 0.000000 
0.026169 0.032765 0.000000 0.070212 0.090474 0.000000 0.000000 0.427240 0.000000 0.135098 0.018884 0.038422 0.000000 0.038854 0.055491 0.066392 0.000000 0.000000 
0.014125 0.694489 0.000000 0.052689 0.000000 0.000000 0.000000 0.000000 0.012832 0.079040 0.016758 0.000000 0.000000 0.040012 0.068702 0.021353 0.000000 0.000000 
0.000000 0.006935 0.219989 0.018900 0.000000 0.000000 0.000000 0.000000 0.000000 0.476084 0.021308 0.032004 0.000000 0.051661 0.116923 0.056195 0.000000 0.000000 
0.000000 0.001380 0.000000 0.052758 0.000000 0.000000 0.000000 0.000000 0.000000 0.033021 0.000000 0.000000 0.000000 0.004531 0.905614 0.002696 0.000000 0.000000 
0.000000 0.449825 0.025766 0.207666 0.000000 0.000000 0.000000 0.000000 0.000000 0.043888 0.009837 0.011060 0.028024 0.131362 0.092567 0.000005 0.000000 0.000000 
0.000000 0.076791 0.000000 0.016704 0.000000 0.000000 0.000000 0.000000 0.000000 0.401082 0.000000 0.000000 0.000000 0.215362 0.016197 0.023641 0.000000 0.250224 
0.000000 0.015999 0.197676 0.001778 0.105442 0.000000 0.000000 0.000000 0.000000 0.594494 0.000000 0.000000 0.000000 0.031474 0.000000 0.053137 0.000000 0.000000 
0.010763 0.564502 0.023922 0.240879 0.059236 0.000000 0.000000 0.000000 0.000000 0.010947 0.018388 0.000000 0.000000 0.012074 0.000000 0.014501 0.000000 0.044787 
0.000000 0.080536 0.028377 0.007482 0.000000 0.000000 0.000000 0.000000 0.000000 0.108256 0.011976 0.000000 0.000000 0.763369 0.000000 0.000004 0.000000 0.000000 
0.000000 0.042619 0.000000 0.039521 0.180012 0.000000 0.000000 0.000000 0.000000 0.347933 0.100837 0.000000 0.000000 0.013821 0.000000 0.270383 0.004874 0.000000 
0.000000 0.082059 0.000000 0.032374 0.046581 0.000000 0.000000 0.223326 0.000000 0.095254 0.000000 0.000000 0.324378 0.000038 0.000000 0.195989 0.000000 0.000000 
0.000000 0.253602 0.030153 0.053297 0.000000 0.000000 0.000000 0.000000 0.000000 0.138386 0.000000 0.015295 0.110696 0.196482 0.000000 0.014525 0.000000 0.187565 
0.000000 0.052688 0.019427 0.049479 0.030390 0.000000 0.000000 0.022546 0.000000 0.263622 0.000000 0.000000 0.000000 0.128395 0.000000 0.069422 0.000000 0.364030 
0.024821 0.012913 0.073995 0.048577 0.000000 0.000000 0.000000 0.562685 0.000000 0.214403 0.000000 0.062551 0.000000 0.000048 0.000000 0.000005 0.000000 0.000000 
0.000000 0.038588 0.025680 0.159118 0.369796 0.000000 0.000000 0.000000 0.000000 0.202347 0.127040 0.000000 0.000000 0.000044 0.000000 0.015342 0.000000 0.062044 
0.000000 0.000178 0.010662 0.533318 0.038274 0.000000 0.000000 0.000000 0.000000 0.047525 0.031170 0.012917 0.000000 0.291781 0.034171 0.000005 0.000000 0.000000 
0.009239 0.057998 0.000000 0.034793 0.000000 0.000000 0.000000 0.000000 0.000000 0.265356 0.000000 0.000000 0.000000 0.218016 0.099200 0.039680 0.000000 0.275718 
0.005914 0.317986 0.000000 0.252721 0.000000 0.000000 0.000000 0.000000 0.000000 0.042606 0.015073 0.016690 0.000000 0.054648 0.277430 0.000005 0.000000 0.016927 
0.000000 0.032441 0.000000 0.025841 0.059883 0.000000 0.000000 0.183514 0.000000 0.205179 0.000000 0.039760 0.014936 0.000041 0.000001 0.438404 0.000000 0.000000 
0.000000 0.036248 0.000000 0.251460 0.000000 0.000000 0.000000 0.115775 0.000000 0.333212 0.000000 0.018627 0.000000 0.078452 0.020587 0.022921 0.000000 0.122717 
0.000000 0.046367 0.000000 0.020569 0.003799 0.000000 0.000000 0.000000 0.000000 0.202744 0.000000 0.000000 0.000000 0.631251 0.007069 0.038014 0.000000 0.050187 
0.000000 0.045587 0.000000 0.325557 0.039077 0.008410 0.000000 0.008972 0.000000 0.011939 0.009770 0.000000 0.032021 0.081649 0.437013 0.000004 0.000000 0.000000 
0.008151 0.130158 0.000000 0.014215 0.000000 0.000000 0.000000 0.000000 0.017144 0.149262 0.000000 0.000000 0.478640 0.186676 0.000000 0.015754 0.000000 0.000000 
0.000000 0.020273 0.000000 0.125506 0.156420 0.000000 0.000000 0.000000 0.000000 0.170419 0.073275 0.000000 0.000000 0.052716 0.351279 0.050112 0.000000 0.000000 
0.000000 0.094773 0.000000 0.032439 0.000000 0.000000 0.000000 0.051728 0.000000 0.227542 0.029960 0.000000 0.000000 0.000042 0.000000 0.563517 0.000000 0.000000 
0.000000 0.010092 0.087661 0.017958 0.012965 0.000000 0.000000 0.000000 0.000000 0.361626 0.000000 0.000000 0.000000 0.509690 0.000000 0.000008 0.000000 0.000000 
0.000000 0.001929 0.000000 0.746533 0.000000 0.000000 0.000000 0.000000 0.000000 0.003469 0.000000 0.000000 0.000000 0.002940 0.245124 0.000005 0.000000 0.000000 
0.000000 0.023642 0.000000 0.039622 0.022867 0.000000 0.000000 0.000000 0.000000 0.057705 0.009059 0.000000 0.000000 0.110832 0.707351 0.028921 0.000000 0.000000 
0.000000 0.044447 0.000000 0.022619 0.500016 0.016686 0.000000 0.025542 0.000000 0.255926 0.104549 0.016516 0.000000 0.000044 0.000000 0.013655 0.000000 0.000000 
0.000000 0.003126 0.262939 0.085142 0.042007 0.016282 0.000000 0.000000 0.000000 0.479172 0.000000 0.000000 0.000000 0.040774 0.000000 0.070557 0.000000 0.000000 
0.012003 0.101213 0.000000 0.025594 0.000000 0.000000 0.005483 0.781228 0.000000 0.003057 0.003400 0.061651 0.000000 0.006366 0.000000 0.000004 0.000000 0.000000 
0.000000 0.001029 0.014555 0.137494 0.000000 0.014242 0.000000 0.587771 0.000000 0.025361 0.023588 0.027685 0.000000 0.168269 0.000000 0.000005 0.000000 0.000000 
0.007399 0.412826 0.018950 0.080104 0.000000 0.000000 0.017923 0.368432 0.006116 0.028146 0.000000 0.021258 0.000000 0.038839 0.000000 0.000006 0.000000 0.000000 
0.000000 0.045032 0.000000 0.052974 0.317437 0.000000 0.000000 0.000000 0.000000 0.335303 0.099001 0.000000 0.000000 0.028569 0.009773 0.039381 0.005721 0.066809 
0.000000 0.192620 0.000000 0.150075 0.000000 0.000000 0.000000 0.000000 0.000000 0.025759 0.000000 0.009793 0.414647 0.015484 0.173829 0.007175 0.010618 0.000000 
0.003022 0.264153 0.000000 0.110758 0.000000 0.000000 0.000000 0.000000 0.000000 0.024328 0.007636 0.000000 0.000000 0.018085 0.567575 0.004442 0.000000 0.000000 
0.000000 0.039426 0.000000 0.552325 0.039104 0.000000 0.000000 0.000000 0.000000 0.125750 0.000000 0.000000 0.063308 0.000049 0.000000 0.026452 0.000000 0.153586 
0.000000 0.055309 0.000000 0.025952 0.104488 0.000000 0.000000 0.000000 0.000000 0.305555 0.000000 0.041798 0.000000 0.044096 0.022078 0.000006 0.000000 0.400717 
0.000000 0.185900 0.000000 0.010108 0.000000 0.000000 0.000000 0.000000 0.000000 0.151285 0.000000 0.000000 0.306733 0.178863 0.000001 0.167111 0.000000 0.000000 
0.000000 0.047602 0.000000 0.013228 0.336393 0.000000 0.000000 0.000000 0.000000 0.414629 0.085859 0.000000 0.000000 0.047192 0.009185 0.045912 0.000000 0.000000 
0.000000 0.037908 0.092642 0.391025 0.000000 0.000000 0.000000 0.124404 0.000000 0.251057 0.000000 0.029196 0.000000 0.035631 0.000000 0.000005 0.000000 0.038129 
0.000000 0.087021 0.000000 0.042430 0.000000 0.031474 0.000000 0.000000 0.000000 0.315475 0.000000 0.000000 0.000000 0.092547 0.009467 0.036402 0.000000 0.385183 
0.000000 0.053400 0.000000 0.023511 0.360518 0.000000 0.000000 0.043529 0.000000 0.344805 0.134460 0.000000 0.000000 0.019370 0.000001 0.020406 0.000000 0.000000 
0.000000 0.011863 0.009336 0.003103 0.000000 0.000000 0.000000 0.000000 0.013837 0.075810 0.022017 0.000000 0.000000 0.864030 0.000001 0.000004 0.000000 0.000000 
0.000000 0.156892 0.000000 0.202091 0.000000 0.000000 0.000000 0.000000 0.000000 0.025908 0.000000 0.000000 0.554227 0.060878 0.000000 0.000004 0.000000 0.000000 
0.000000 0.105963 0.000000 0.199632 0.000000 0.015878 0.014369 0.527426 0.000000 0.049823 0.000000 0.036138 0.000000 0.000046 0.000000 0.006696 0.004872 0.039158 
0.000000 0.105828 0.000000 0.195518 0.000000 0.000000 0.000000 0.000000 0.000000 0.196936 0.000000 0.000000 0.207951 0.048924 0.018028 0.010703 0.000000 0.216112 
0.000000 0.038050 0.039341 0.027803 0.061017 0.000000 0.000000 0.000000 0.000000 0.176602 0.043825 0.000000 0.041695 0.563982 0.000000 0.007684 0.000000 0.000000 
0.000000 0.034279 0.035774 0.043293 0.000000 0.000000 0.000000 0.000000 0.000000 0.226606 0.000000 0.000000 0.000000 0.108368 0.444846 0.017795 0.000000 0.089039 
0.000000 0.000500 0.015861 0.861227 0.017722 0.000000 0.000000 0.000000 0.000000 0.046548 0.000000 0.000000 0.000000 0.010979 0.022577 0.000007 0.000000 0.024580 
0.000000 0.660087 0.014124 0.066294 0.000000 0.000000 0.013872 0.049839 0.000000 0.068978 0.011723 0.000000 0.115031 0.000045 0.000000 0.000006 0.000000 0.000000 
0.000000 0.538452 0.000000 0.114715 0.000000 0.055750 0.000000 0.104652 0.000000 0.079567 0.024707 0.000000 0.047521 0.000050 0.034582 0.000004 0.000000 0.000000 
0.000000 0.081137 0.101376 0.016784 0.000000 0.000000 0.000000 0.000000 0.000000 0.391660 0.035006 0.000000 0.000000 0.279383 0.000000 0.053972 0.000000 0.040682 
0.000000 0.040331 0.000000 0.098671 0.027349 0.000000 0.000000 0.586153 0.000000 0.035129 0.016534 0.027189 0.118095 0.007689 0.000000 0.042861 0.000000 0.000000 
0.000000 0.320585 0.000000 0.024660 0.000000 0.009259 0.000000 0.017433 0.000000 0.082959 0.000000 0.000000 0.000000 0.177809 0.342189 0.025106 0.000000 0.000000 
0.000000 0.063045 0.225645 0.030799 0.000000 0.000000 0.020775 0.000000 0.000000 0.558194 0.000000 0.000000 0.000000 0.039082 0.000000 0.062460 0.000000 0.000000 
0.005550 0.024104 0.000000 0.608818 0.153458 0.000000 0.000000 0.000000 0.000000 0.130319 0.055143 0.000000 0.000000 0.017913 0.000000 0.000005 0.004689 0.000000 
0.000000 0.055737 0.000000 0.034516 0.180580 0.000000 0.000000 0.000000 0.000000 0.377485 0.102788 0.000000 0.000000 0.022247 0.000000 0.226646 0.000000 0.000000 
0.000000 0.127852 0.000000 0.033172 0.000000 0.000000 0.000000 0.200055 0.000000 0.084667 0.000000 0.025953 0.000000 0.098724 0.310297 0.016841 0.000000 0.102439 
0.000000 0.222178 0.152647 0.054559 0.049598 0.023154 0.000000 0.000000 0.000000 0.447417 0.000000 0.000000 0.000000 0.000039 0.000000 0.050407 0.000000 0.000000 
0.000000 0.084080 0.000000 0.033011 0.000000 0.000000 0.000000 0.000000 0.000000 0.201788 0.022664 0.000000 0.000000 0.000035 0.000000 0.658422 0.000000 0.000000 
0.000000 0.074169 0.000000 0.783583 0.018692 0.000000 0.004924 0.000000 0.010994 0.026436 0.013593 0.000000 0.014660 0.000037 0.019289 0.000007 0.000000 0.033617 
0.015018 0.057458 0.000000 0.032574 0.000000 0.000000 0.000000 0.000000 0.015875 0.168679 0.024062 0.000000 0.039258 0.000042 0.322092 0.324944 0.000000 0.000000 
0.000000 0.289764 0.021465 0.016842 0.000000 0.000000 0.000000 0.000000 0.000000 0.084149 0.000000 0.000000 0.000000 0.557240 0.017111 0.013429 0.000000 0.000000 
0.029090 0.095714 0.107044 0.030339 0.000000 0.000000 0.000000 0.000000 0.000000 0.377706 0.000000 0.059569 0.000000 0.055912 0.000000 0.040632 0.000000 0.203993 
0.000000 0.082832 0.031069 0.033486 0.020137 0.034790 0.000000 0.000000 0.000000 0.235577 0.000000 0.000000 0.000000 0.000047 0.000000 0.464806 0.000000 0.097256 
0.000000 0.230395 0.000000 0.026236 0.265541 0.000000 0.000000 0.000000 0.000000 0.306330 0.103499 0.000000 0.000000 0.026693 0.000000 0.036550 0.004756 0.000000 
0.000000 0.042741 0.000000 0.651445 0.000000 0.000000 0.000000 0.000000 0.000000 0.004364 0.000000 0.007451 0.121498 0.004298 0.168198 0.000004 0.000000 0.000000 
0.000000 0.068424 0.000000 0.055141 0.008232 0.000000 0.000000 0.022430 0.000000 0.262409 0.000000 0.000000 0.000000 0.000044 0.000000 0.438902 0.009949 0.134469 
0.000000 0.016229 0.046401 0.003250 0.000000 0.000000 0.000000 0.000000 0.000000 0.110171 0.000000 0.000000 0.000000 0.823944 0.000000 0.000004 0.000000 0.000000 
0.000000 0.034456 0.000000 0.038300 0.244401 0.032975 0.000000 0.023276 0.000000 0.330116 0.072972 0.000000 0.000000 0.037065 0.000000 0.034433 0.000000 0.152005 
0.000000 0.091582 0.000000 0.656770 0.000000 0.000000 0.000000 0.069918 0.018306 0.014893 0.012823 0.032696 0.000000 0.000051 0.000000 0.102962 0.000000 0.000000 
0.000000 0.054571 0.000000 0.541090 0.000000 0.000000 0.011153 0.044995 0.000000 0.115258 0.018651 0.000000 0.000000 0.086016 0.000000 0.021909 0.000000 0.106355 
0.000000 0.038976 0.000000 0.082500 0.000000 0.000000 0.000000 0.339910 0.000000 0.150022 0.000000 0.000000 0.000000 0.155315 0.000000 0.233276 0.000000 0.000000 
0.000000 0.032947 0.000000 0.014956 0.401163 0.000000 0.000000 0.000000 0.000000 0.351751 0.165713 0.000000 0.000000 0.022862 0.010602 0.000005 0.000000 0.000000 
0.000000 0.377375 0.101613 0.028837 0.122542 0.000000 0.000000 0.031619 0.016428 0.272416 0.015643 0.000000 0.000000 0.000044 0.000000 0.033483 0.000000 0.000000 
0.000000 0.034018 0.100330 0.014244 0.000000 0.000000 0.000000 0.245288 0.000000 0.419783 0.027469 0.000000 0.000000 0.020753 0.000000 0.138116 0.000000 0.000000 
0.012122 0.580140 0.000000 0.052507 0.069173 0.015586 0.000000 0.000000 0.000000 0.141386 0.000000 0.000000 0.000000 0.000042 0.000000 0.047674 0.006706 0.074663 
0.000000 0.054918 0.000000 0.088880 0.301843 0.000000 0.000000 0.000000 0.000000 0.359870 0.130237 0.000000 0.000000 0.030337 0.000000 0.033914 0.000000 0.000000 
0.000000 0.025440 0.025621 0.011731 0.000000 0.000000 0.000000 0.000000 0.000000 0.124758 0.000000 0.000000 0.000000 0.765475 0.046971 0.000004 0.000000 0.000000 
0.000000 0.020487 0.000000 0.022035 0.000000 0.000000 0.000000 0.595765 0.013335 0.039801 0.000000 0.022589 0.000000 0.285983 0.000000 0.000005 0.000000 0.000000 
0.000000 0.087247 0.000000 0.019317 0.026159 0.000000 0.000000 0.054583 0.000000 0.192517 0.000000 0.000000 0.067693 0.000035 0.005030 0.547419 0.000000 0.000000 
0.000000 0.157329 0.000000 0.213842 0.072887 0.000000 0.000000 0.226188 0.009322 0.016582 0.000000 0.048609 0.255195 0.000040 0.000000 0.000005 0.000000 0.000000 
0.000000 0.043455 0.000000 0.037587 0.385197 0.000000 0.000000 0.000000 0.000000 0.331982 0.099780 0.000000 0.000000 0.067078 0.016822 0.018099 0.000000 0.000000 
0.007476 0.667346 0.000000 0.097731 0.000000 0.000000 0.000000 0.000000 0.000000 0.086981 0.014908 0.000000 0.000000 0.026153 0.057242 0.042162 0.000000 0.000000 
0.000000 0.009713 0.074023 0.046364 0.000000 0.000000 0.000000 0.233270 0.000000 0.044110 0.026338 0.020263 0.000000 0.545914 0.000000 0.000004 0.000000 0.000000 
0.000000 0.472259 0.025206 0.029891 0.092921 0.000000 0.000000 0.000000 0.000000 0.095434 0.000000 0.000000 0.000000 0.019329 0.010832 0.254128 0.000000 0.000000 
0.000000 0.000704 0.062471 0.096304 0.039087 0.000000 0.000000 0.120421 0.000000 0.081406 0.019623 0.000000 0.026291 0.553687 0.000000 0.000005 0.000000 0.000000 
0.000000 0.028267 0.000000 0.675152 0.000000 0.000000 0.000000 0.000000 0.000000 0.101576 0.000000 0.000000 0.000000 0.039426 0.025158 0.018045 0.009163 0.103214 
0.000000 0.009069 0.000000 0.162298 0.000000 0.000000 0.000000 0.000000 0.000000 0.000428 0.000000 0.000000 0.000000 0.006981 0.821221 0.000003 0.000000 0.000000 
0.000000 0.029702 0.000000 0.699785 0.000000 0.000000 0.000000 0.017383 0.000000 0.060435 0.000000 0.000000 0.000000 0.021769 0.019850 0.024983 0.000000 0.126093 
0.000000 0.187055 0.000000 0.047117 0.015934 0.026321 0.000000 0.030678 0.000000 0.081517 0.019563 0.000000 0.439994 0.000046 0.000000 0.151775 0.000000 0.000000 
0.000000 0.022217 0.000000 0.089022 0.000000 0.032509 0.013739 0.232617 0.000000 0.201546 0.000000 0.025295 0.000000 0.044369 0.010509 0.065621 0.005499 0.257057 
0.000000 0.019204 0.000000 0.042017 0.017380 0.000000 0.000000 0.577531 0.000000 0.047610 0.000000 0.064495 0.000000 0.000038 0.000000 0.215214 0.000000 0.016511 
0.013467 0.014747 0.000000 0.026724 0.000000 0.000000 0.000000 0.647667 0.000000 0.005050 0.000000 0.083498 0.027345 0.006618 0.174879 0.000004 0.000000 0.000000 
0.000000 0.041927 0.000000 0.000179 0.425614 0.000000 0.000000 0.000000 0.000000 0.282968 0.144676 0.000000 0.000000 0.054805 0.011258 0.031285 0.007290 0.000000 
0.000000 0.071503 0.054613 0.008962 0.061154 0.000000 0.000000 0.000000 0.000000 0.207931 0.024260 0.000000 0.000000 0.100051 0.023874 0.065262 0.000000 0.382391 
0.006110 0.450422 0.020442 0.123632 0.033188 0.000000 0.000000 0.000000 0.000000 0.069057 0.000000 0.000000 0.238243 0.019664 0.000000 0.039241 0.000000 0.000000 
0.028888 0.048935 0.000000 0.249060 0.000000 0.000000 0.000000 0.000000 0.000000 0.142806 0.000000 0.000000 0.020866 0.008854 0.009669 0.469660 0.000000 0.021262 
0.000000 0.075034 0.037614 0.019237 0.085495 0.000000 0.000000 0.053490 0.000000 0.252344 0.000000 0.023751 0.000000 0.000042 0.098341 0.000006 0.000000 0.354645 
0.000000 0.093097 0.042160 0.020113 0.000000 0.000000 0.000000 0.000000 0.000000 0.338974 0.000000 0.000000 0.000000 0.071582 0.008145 0.067313 0.000000 0.358615 
0.000000 0.021640 0.000000 0.202486 0.037097 0.000000 0.000000 0.000000 0.000000 0.033360 0.000000 0.000000 0.000000 0.449843 0.255569 0.000005 0.000000 0.000000 
0.000000 0.051621 0.000000 0.102713 0.113064 0.000000 0.000000 0.188359 0.000000 0.189879 0.071480 0.000000 0.000000 0.047214 0.000000 0.235671 0.000000 0.000000 
0.017596 0.297709 0.141123 0.035619 0.000000 0.000000 0.000000 0.000000 0.000000 0.386732 0.028013 0.000000 0.000000 0.029111 0.000000 0.064096 0.000000 0.000000 
0.000000 0.022417 0.000000 0.019278 0.073191 0.000000 0.000000 0.653539 0.000000 0.076475 0.022484 0.054667 0.000000 0.045141 0.000000 0.032808 0.000000 0.000000 
0.000000 0.036381 0.000000 0.008792 0.506993 0.000000 0.000000 0.000000 0.000000 0.239652 0.148498 0.000000 0.000000 0.008543 0.015986 0.035155 0.000000 0.000000 
0.000000 0.038717 0.000000 0.043900 0.000000 0.000000 0.000000 0.000000 0.000000 0.148504 0.013946 0.000000 0.082370 0.667275 0.005283 0.000004 0.000000 0.000000 
0.000000 0.201833 0.000000 0.009192 0.088019 0.000000 0.000000 0.000000 0.000000 0.072407 0.029180 0.000000 0.569265 0.023512 0.006586 0.000005 0.000000 0.000000 
0.020052 0.070037 0.000000 0.329727 0.026681 0.000000 0.000000 0.519791 0.007579 0.006652 0.000000 0.000000 0.000000 0.000034 0.019440 0.000007 0.000000 0.000000 
0.000000 0.008792 0.000000 0.208538 0.000000 0.000000 0.000000 0.066186 0.000000 0.137666 0.000000 0.000000 0.038139 0.000056 0.000000 0.540623 0.000000 0.000000 
0.000000 0.037575 0.000000 0.010176 0.404720 0.000000 0.000000 0.000000 0.000000 0.295085 0.067798 0.000000 0.000000 0.131113 0.011131 0.017105 0.000000 0.025297 
0.000000 0.126145 0.101365 0.007982 0.000000 0.000000 0.000000 0.000000 0.000000 0.291816 0.000000 0.000000 0.317772 0.057322 0.000000 0.097597 0.000000 0.000000 
0.000000 0.064165 0.000000 0.039552 0.000000 0.000000 0.000000 0.000000 0.000000 0.305745 0.000000 0.000000 0.000000 0.030966 0.000001 0.469020 0.000000 0.090551 
0.000000 0.040697 0.000000 0.005050 0.042085 0.000000 0.000000 0.000000 0.000000 0.161326 0.032299 0.000000 0.000000 0.332547 0.005159 0.332130 0.000000 0.048705 
0.000000 0.139372 0.000000 0.022181 0.112331 0.000000 0.000000 0.000000 0.000000 0.154977 0.071314 0.000000 0.182402 0.020835 0.296583 0.000005 0.000000 0.000000 
0.000000 0.016195 0.000000 0.033089 0.000000 0.000000 0.000000 0.094496 0.000000 0.317113 0.000000 0.000000 0.000000 0.030930 0.000000 0.508175 0.000000 0.000000 
0.020224 0.423536 0.019992 0.065136 0.027854 0.000000 0.000000 0.000000 0.020558 0.085055 0.000000 0.019672 0.000000 0.317966 0.000000 0.000006 0.000000 0.000000 
0.000000 0.035155 0.000000 0.097753 0.310198 0.000000 0.000000 0.000000 0.000000 0.223653 0.114654 0.000000 0.000000 0.052268 0.112636 0.053683 0.000000 0.000000 
0.000000 0.066259 0.101579 0.019201 0.030176 0.033963 0.000000 0.000000 0.000000 0.262190 0.000000 0.000000 0.048228 0.382955 0.027601 0.027849 0.000000 0.000000 
0.000000 0.042014 0.000000 0.042193 0.014385 0.000000 0.000000 0.000000 0.000000 0.130908 0.000000 0.000000 0.000000 0.000050 0.593083 0.021954 0.000000 0.155413 
0.000000 0.075181 0.137004 0.460646 0.000000 0.000000 0.000000 0.000000 0.046055 0.258677 0.000000 0.000000 0.000000 0.000040 0.000000 0.022396 0.000000 0.000000 
0.000000 0.014558 0.077978 0.000505 0.133839 0.040266 0.000000 0.039014 0.000000 0.222122 0.007652 0.027186 0.000000 0.436875 0.000000 0.000005 0.000000 0.000000 
0.000000 0.027201 0.000000 0.142359 0.000000 0.000000 0.000000 0.000000 0.000000 0.127932 0.000000 0.000000 0.000000 0.393874 0.097365 0.211268 0.000000 0.000000 
0.000000 0.012490 0.029753 0.657654 0.067145 0.000000 0.000000 0.000000 0.026245 0.128543 0.000000 0.000000 0.000000 0.031555 0.025422 0.021192 0.000000 0.000000 
0.019991 0.234583 0.000000 0.035465 0.000000 0.000000 0.000000 0.000000 0.020049 0.103388 0.000000 0.000000 0.557863 0.000039 0.000000 0.028621 0.000000 0.000000 
0.000000 0.038738 0.000000 0.002180 0.040886 0.000000 0.028846 0.370259 0.000000 0.126361 0.052799 0.043329 0.000000 0.098323 0.011676 0.000006 0.000000 0.186597 
0.000000 0.044341 0.006344 0.030992 0.000000 0.000000 0.000000 0.115498 0.000000 0.276924 0.049054 0.000000 0.000000 0.278244 0.000000 0.102446 0.000000 0.096155 
