-1921221.228928
0
0.000000 0.000000 0.000000 0.000000 0.000000 0.026994 0.000000 0.000000 0.000000 0.041654 0.000000 0.000027 0.000000 0.000000 0.000000 0.100745 0.000011 0.039223 0.000001 0.000000 0.000000 0.069253 0.000000 0.057111 0.000000 0.000000 0.033869 0.000000 0.000000 0.000000 0.000000 0.000000 0.000057 0.000206 0.000000 0.000339 0.000000 0.000000 0.000000 0.000000 0.050558 0.060494 0.000000 0.047337 0.000000 0.026459 0.000001 0.000000 0.000000 0.000000 0.000000 0.033755 0.000000 0.061700 0.000000 0.000000 0.219131 0.035115 0.000000 0.000031 0.000000 0.000000 0.000000 0.000000 0.000000 0.000000 0.000000 0.000001 0.000000 0.000000 0.000000 0.000000 0.000000 0.000000 0.000000 0.000007 0.000000 0.014214 0.000000 0.000000 0.000001 0.002843 0.000002 0.004682 0.000000 0.000000 0.000000 0.000000 0.000008 0.000001 0.000001 0.074162 0.000000 0.000000 0.000001 0.000000 
0.004962 0.000000 0.000000 0.000000 0.002716 0.001317 0.000000 0.002653 0.004790 0.004545 0.000000 0.002538 0.014229 0.001709 0.005607 0.018793 0.026941 0.010797 0.021979 0.026648 0.045292 0.007899 0.004533 0.025141 0.004513 0.000000 0.000000 0.002493 0.000000 0.000000 0.000000 0.000000 0.009237 0.007866 0.000000 0.004233 0.003873 0.001019 0.001767 0.000000 0.019266 0.012209 0.016955 0.036522 0.029387 0.008276 0.016719 0.068445 0.009090 0.006829 0.000000 0.003561 0.000000 0.001537 0.000000 0.003880 0.007286 0.005234 0.000000 0.012031 0.001411 0.002363 0.000731 0.000000 0.010629 0.011109 0.011383 0.012930 0.009382 0.000000 0.004016 0.024471 0.020440 0.000000 0.000000 0.033591 0.000000 0.000000 0.000000 0.002848 0.000000 0.008748 0.000000 0.009017 0.024844 0.000000 0.016726 0.011497 0.019186 0.016508 0.012429 0.042497 0.073702 0.010195 0.010091 0.073938 
0.000000 0.000000 0.000000 0.000000 0.000000 0.000000 0.000000 0.000000 0.000000 0.022126 0.000000 0.000002 0.001096 0.000605 0.000000 0.000000 0.000962 0.000000 0.000878 0.000000 0.000000 0.000000 0.000617 0.000000 0.000000 0.000000 0.000000 0.001508 0.000000 0.000304 0.000000 0.000000 0.080998 0.093848 0.000000 0.079557 0.000000 0.000000 0.000554 0.002540 0.000985 0.000000 0.000000 0.000000 0.000140 0.000000 0.000865 0.000000 0.000000 0.000000 0.000000 0.000000 0.000000 0.000000 0.000000 0.000000 0.000000 0.016681 0.000000 0.014082 0.000000 0.000000 0.000000 0.000000 0.000000 0.000000 0.000000 0.010332 0.000000 0.000000 0.002781 0.001291 0.000000 0.000000 0.000000 0.001525 0.000000 0.000000 0.000000 0.000000 0.132985 0.335248 0.091495 0.098670 0.000000 0.000000 0.001698 0.000000 0.000000 0.002445 0.000000 0.002024 0.000000 0.001155 0.000000 0.000000 
0.006547 0.006351 0.001604 0.003112 0.000000 0.000000 0.000000 0.000000 0.036370 0.015416 0.217812 0.013003 0.002814 0.001497 0.000918 0.004462 0.012887 0.006243 0.010618 0.008558 0.000000 0.000000 0.000000 0.000000 0.003213 0.002131 0.000000 0.003023 0.000000 0.000000 0.000000 0.000000 0.024726 0.018966 0.114546 0.016231 0.000000 0.000000 0.000000 0.000000 0.003414 0.004254 0.005719 0.004258 0.000000 0.000000 0.000000 0.000000 0.006392 0.003852 0.000000 0.001449 0.000000 0.000000 0.000000 0.000000 0.026254 0.032161 0.133979 0.018276 0.000000 0.000000 0.000000 0.000000 0.012228 0.006976 0.005716 0.011708 0.000000 0.000000 0.000000 0.000000 0.008909 0.009529 0.002229 0.013217 0.000000 0.000000 0.000000 0.002758 0.016475 0.016864 0.083513 0.010718 0.004137 0.000000 0.000000 0.000000 0.008371 0.004964 0.010489 0.000000 0.000000 0.000000 0.000141 0.000000 
0.000000 0.000000 0.000754 0.000000 0.000000 0.000000 0.000000 0.011774 0.010296 0.010092 0.000000 0.022902 0.003378 0.009695 0.018552 0.011594 0.073672 0.025255 0.046382 0.048617 0.000000 0.005217 0.005774 0.000000 0.000000 0.000000 0.000000 0.000000 0.000000 0.000000 0.000000 0.014887 0.028811 0.024582 0.008820 0.035942 0.000000 0.000000 0.003958 0.006151 0.025740 0.009281 0.041412 0.039405 0.000000 0.000000 0.005469 0.018037 0.014896 0.010728 0.000000 0.004175 0.000000 0.000000 0.000000 0.000000 0.000000 0.017738 0.000000 0.021692 0.010100 0.000000 0.000000 0.000000 0.024108 0.016603 0.032301 0.030154 0.004425 0.000000 0.000000 0.000000 0.008938 0.000000 0.008114 0.011441 0.000000 0.010163 0.000000 0.000000 0.000000 0.031696 0.000000 0.015372 0.010482 0.006435 0.004974 0.004374 0.030721 0.012074 0.021936 0.033668 0.000000 0.008781 0.007170 0.020294 
0.036209 0.030403 0.020496 0.024281 0.009579 0.006150 0.003695 0.005550 0.010373 0.007555 0.000000 0.003349 0.003005 0.003015 0.008883 0.000000 0.007384 0.001621 0.007781 0.000000 0.000000 0.000000 0.000822 0.000000 0.048552 0.066729 0.010822 0.047271 0.011652 0.010334 0.007681 0.009657 0.022573 0.015161 0.007718 0.018837 0.007869 0.010395 0.037996 0.009237 0.004080 0.001183 0.010706 0.004144 0.000000 0.001137 0.003963 0.000644 0.041296 0.043929 0.028996 0.024560 0.007137 0.009820 0.007374 0.006192 0.009421 0.008294 0.000000 0.007346 0.005968 0.004618 0.014243 0.002489 0.005228 0.000694 0.003886 0.001359 0.000000 0.000000 0.001339 0.000000 0.034573 0.058611 0.011328 0.036141 0.003156 0.011903 0.003896 0.005597 0.003613 0.007106 0.000000 0.006403 0.003273 0.002424 0.009397 0.000000 0.002276 0.000892 0.003628 0.001024 0.000000 0.000000 0.002079 0.000000 
0.001924 0.004257 0.000000 0.000000 0.033207 0.013961 0.005883 0.046571 0.000000 0.000001 0.000000 0.011088 0.000000 0.001140 0.000000 0.000000 0.001530 0.011774 0.000000 0.012212 0.000000 0.004371 0.011113 0.016345 0.009304 0.009036 0.000000 0.000000 0.024918 0.017165 0.004383 0.060081 0.013208 0.001455 0.002901 0.020980 0.005047 0.012700 0.000000 0.012467 0.000000 0.011043 0.017087 0.018792 0.004435 0.012103 0.015928 0.020114 0.000000 0.008430 0.000000 0.000000 0.028098 0.014055 0.000000 0.032890 0.000000 0.000002 0.000000 0.000003 0.000000 0.000000 0.000000 0.000000 0.000000 0.008614 0.010332 0.007863 0.012013 0.010534 0.031257 0.010540 0.000000 0.007396 0.000000 0.000001 0.037726 0.052607 0.001651 0.077127 0.000000 0.017186 0.000000 0.007131 0.003846 0.009148 0.003707 0.000000 0.012007 0.006911 0.014024 0.021267 0.017861 0.015524 0.017466 0.034257 
0.041779 0.036620 0.002616 0.037064 0.007833 0.003822 0.000000 0.006268 0.018434 0.005830 0.003262 0.023297 0.016346 0.015249 0.017290 0.026592 0.018199 0.007469 0.011408 0.024227 0.004950 0.000000 0.008140 0.003728 0.034775 0.025167 0.000000 0.034199 0.005537 0.005207 0.000000 0.005068 0.002489 0.003375 0.000000 0.018784 0.013686 0.019505 0.018896 0.029187 0.005999 0.011884 0.005296 0.012095 0.002077 0.001343 0.006919 0.003991 0.024854 0.017115 0.000000 0.026103 0.000000 0.002814 0.000000 0.004526 0.000000 0.000000 0.000000 0.005250 0.008563 0.008830 0.010641 0.020577 0.005982 0.005168 0.005403 0.008536 0.000000 0.000000 0.005089 0.005998 0.030761 0.019894 0.001514 0.040687 0.002687 0.000000 0.000000 0.000000 0.007126 0.002051 0.000000 0.013817 0.016792 0.014217 0.008826 0.034710 0.004471 0.006781 0.000000 0.009740 0.000000 0.001192 0.006932 0.006450 
0.000000 0.000000 0.000000 0.000000 0.000000 0.008812 0.000000 0.000000 0.000000 0.064638 0.000000 0.033462 0.000000 0.000000 0.016004 0.023933 0.000005 0.000002 0.000000 0.000000 0.000000 0.000000 0.000000 0.000000 0.000000 0.000000 0.000000 0.009276 0.005646 0.000000 0.009515 0.002325 0.046472 0.104067 0.000000 0.059647 0.000000 0.000000 0.000000 0.000000 0.000000 0.009198 0.012856 0.019500 0.000000 0.000000 0.000000 0.019190 0.000000 0.000000 0.000000 0.000000 0.000000 0.000000 0.000000 0.000000 0.000000 0.016998 0.000000 0.000016 0.000000 0.000000 0.000000 0.000000 0.000000 0.000000 0.001804 0.000001 0.000000 0.000000 0.000000 0.000000 0.000000 0.000000 0.000000 0.004052 0.000000 0.012520 0.000000 0.000000 0.000001 0.188666 0.184537 0.093934 0.000000 0.000000 0.000000 0.000000 0.004263 0.000001 0.006203 0.018852 0.000000 0.000000 0.006926 0.016674 
0.000000 0.000000 0.000000 0.000000 0.002352 0.000000 0.000000 0.003006 0.027943 0.016801 0.046499 0.017047 0.000000 0.003709 0.000000 0.000000 0.003612 0.005059 0.027523 0.000000 0.000000 0.000000 0.001699 0.000000 0.013507 0.033041 0.012675 0.084604 0.000000 0.000000 0.000000 0.000000 0.000048 0.005461 0.088662 0.004070 0.000271 0.002972 0.001308 0.000699 0.005587 0.000000 0.037947 0.000001 0.000000 0.004258 0.006849 0.012339 0.001109 0.006358 0.003492 0.010261 0.000000 0.000000 0.000000 0.002402 0.077485 0.098492 0.147741 0.069955 0.000000 0.003423 0.000473 0.002015 0.013088 0.005615 0.013408 0.000000 0.000000 0.002052 0.001623 0.004657 0.000000 0.000000 0.000000 0.004460 0.000000 0.000000 0.000000 0.000000 0.004278 0.000790 0.019877 0.002259 0.000000 0.000849 0.000000 0.000000 0.005048 0.002601 0.010831 0.000000 0.000000 0.002910 0.001611 0.011289 
0.015891 0.000000 0.000000 0.000000 0.036101 0.029340 0.010903 0.020117 0.048192 0.029342 0.000000 0.007725 0.009741 0.000000 0.000000 0.000000 0.021683 0.007505 0.030410 0.017805 0.000000 0.000000 0.007105 0.000000 0.000000 0.000000 0.011272 0.000000 0.023253 0.023324 0.011645 0.000000 0.040668 0.029577 0.000000 0.003072 0.000000 0.003291 0.014178 0.000000 0.025499 0.025242 0.000000 0.000001 0.000000 0.008598 0.011006 0.000000 0.000000 0.000000 0.000000 0.008423 0.018841 0.019163 0.004749 0.017939 0.075595 0.036196 0.000000 0.038508 0.005905 0.006862 0.015248 0.000000 0.024283 0.007994 0.000000 0.000000 0.000000 0.000000 0.014394 0.000000 0.000000 0.024612 0.000000 0.000001 0.000000 0.007417 0.006250 0.012383 0.035390 0.024371 0.000000 0.000368 0.000000 0.003238 0.010444 0.000000 0.014035 0.029561 0.009896 0.000000 0.000000 0.000000 0.005448 0.000000 
0.000000 0.001046 0.000000 0.008414 0.000987 0.000000 0.000000 0.000436 0.000000 0.003143 0.010909 0.004186 0.000000 0.000000 0.000000 0.000000 0.002464 0.005330 0.002645 0.003336 0.000000 0.003945 0.001577 0.013871 0.002281 0.000557 0.000572 0.015593 0.000000 0.000000 0.000000 0.000000 0.001169 0.002061 0.010909 0.003071 0.000000 0.000000 0.000000 0.000730 0.000000 0.001990 0.000000 0.001375 0.001874 0.001977 0.003557 0.018740 0.001126 0.001929 0.000000 0.009233 0.000000 0.000346 0.000000 0.000416 0.000000 0.014783 0.027146 0.015630 0.000000 0.000000 0.000000 0.000000 0.007306 0.010311 0.006515 0.011330 0.000000 0.002117 0.000955 0.002933 0.038149 0.011241 0.002985 0.320518 0.000000 0.000000 0.000000 0.000000 0.000000 0.019355 0.219234 0.033066 0.000000 0.001008 0.000000 0.002697 0.002881 0.009794 0.007269 0.008571 0.005146 0.010436 0.001791 0.065039 
0.029754 0.000000 0.012437 0.000000 0.000000 0.008470 0.000000 0.000000 0.000000 0.000010 0.000000 0.016550 0.000000 0.000000 0.000000 0.018415 0.036278 0.000002 0.000000 0.000000 0.000000 0.000000 0.000000 0.055176 0.000000 0.000000 0.000000 0.000000 0.000000 0.000000 0.000000 0.000000 0.000042 0.033093 0.000000 0.000258 0.000000 0.000000 0.000000 0.000000 0.000001 0.003616 0.034794 0.015334 0.000000 0.020973 0.000001 0.032643 0.000000 0.000000 0.000000 0.000000 0.000000 0.000000 0.000000 0.000000 0.000000 0.000018 0.000000 0.061416 0.000000 0.000000 0.000000 0.000000 0.031287 0.000000 0.000000 0.062461 0.000000 0.000000 0.000000 0.000000 0.000000 0.000000 0.000000 0.015527 0.000000 0.000000 0.000000 0.000000 0.000001 0.001118 0.197238 0.079283 0.000000 0.000000 0.000000 0.000000 0.025489 0.000001 0.000001 0.095714 0.039137 0.008962 0.000001 0.064498 
0.000000 0.000000 0.000000 0.000000 0.000000 0.000000 0.000000 0.000000 0.000000 0.000003 0.000000 0.012159 0.000000 0.000000 0.000000 0.008009 0.000002 0.000001 0.000000 0.002570 0.000000 0.000000 0.000000 0.000000 0.004319 0.000000 0.000000 0.000000 0.000000 0.000000 0.000000 0.000000 0.072696 0.138860 0.100674 0.093620 0.000000 0.006072 0.000000 0.000000 0.000000 0.000001 0.000000 0.014509 0.000000 0.003772 0.000000 0.000000 0.000000 0.000000 0.000000 0.000000 0.000000 0.002772 0.000000 0.000000 0.000000 0.040290 0.003423 0.029561 0.000000 0.000000 0.001726 0.003285 0.000000 0.000000 0.000000 0.000000 0.000000 0.000000 0.000000 0.000000 0.000000 0.000000 0.000000 0.000001 0.000000 0.002223 0.000000 0.000000 0.088440 0.183123 0.123926 0.013374 0.002075 0.006793 0.000000 0.025647 0.009022 0.000000 0.007050 0.000000 0.000000 0.000000 0.000000 0.000000 
0.000000 0.000678 0.000000 0.000000 0.000389 0.000000 0.000312 0.000786 0.007740 0.002992 0.001929 0.002657 0.000000 0.000000 0.000000 0.000000 0.001113 0.000504 0.000000 0.001026 0.000000 0.000000 0.000000 0.000287 0.000734 0.000000 0.000000 0.000000 0.000000 0.000000 0.000000 0.000168 0.014643 0.004571 0.003861 0.009166 0.000000 0.000000 0.000000 0.000576 0.000695 0.000508 0.000000 0.000192 0.000000 0.000000 0.000000 0.000000 0.000000 0.000000 0.000290 0.000000 0.000000 0.000000 0.000000 0.000263 0.006037 0.001900 0.000000 0.003531 0.000000 0.000150 0.000000 0.000000 0.000000 0.000000 0.000000 0.000868 0.000000 0.000000 0.000000 0.000000 0.014934 0.005481 0.002201 0.011419 0.041593 0.000000 0.001679 0.069990 0.427448 0.083030 0.044857 0.228801 0.000000 0.000000 0.000000 0.000000 0.000000 0.000000 0.000000 0.000000 0.000000 0.000000 0.000000 0.000000 
0.000000 0.000000 0.000000 0.000000 0.000000 0.000000 0.000000 0.000000 0.000000 0.000011 0.000000 0.000022 0.000000 0.000000 0.000000 0.000000 0.000008 0.000002 0.000000 0.000000 0.000000 0.000000 0.000000 0.000000 0.000000 0.000000 0.000000 0.000000 0.000000 0.000000 0.000000 0.000000 0.000043 0.000202 0.000000 0.029196 0.000000 0.000000 0.000000 0.000000 0.000001 0.000004 0.000000 0.000005 0.000000 0.000000 0.013462 0.000000 0.000000 0.000000 0.000000 0.000000 0.000000 0.000000 0.000000 0.000000 0.000000 0.000016 0.000000 0.000024 0.000000 0.000000 0.000000 0.000000 0.000000 0.000000 0.000000 0.000001 0.000000 0.000000 0.000000 0.000000 0.038563 0.056295 0.005953 0.000005 0.000000 0.000000 0.000000 0.000000 0.265678 0.167361 0.097991 0.312030 0.000000 0.000000 0.000000 0.000000 0.000006 0.000001 0.000001 0.000001 0.000000 0.000000 0.013115 0.000000 
0.000000 0.111144 0.099047 0.600646 0.000000 0.000011 0.000003 0.124830 0.049178 0.000000 0.000000 0.000000 0.015141 0.000000 0.000000 0.000000 
0.000000 0.035242 0.000000 0.212306 0.000000 0.436544 0.000003 0.182638 0.000000 0.000000 0.000000 0.000000 0.000000 0.023022 0.110246 0.000000 
0.000000 0.221832 0.145735 0.058641 0.124262 0.062063 0.050946 0.129825 0.000000 0.000000 0.061259 0.000000 0.000000 0.121863 0.000000 0.023574 
0.000000 0.018706 0.000000 0.614662 0.000000 0.186103 0.014726 0.105093 0.000000 0.000000 0.024939 0.000000 0.035770 0.000000 0.000000 0.000000 
0.000000 0.000000 0.000000 0.414904 0.044241 0.191176 0.070085 0.163418 0.000000 0.056806 0.045415 0.013954 0.000000 0.000000 0.000000 0.000000 
0.004557 0.029496 0.024515 0.454970 0.028787 0.024688 0.010702 0.059131 0.000000 0.363152 0.000000 0.000000 0.000000 0.000000 0.000000 0.000000 
0.000000 0.000000 0.000000 0.070670 0.000000 0.000012 0.023431 0.057028 0.000000 0.262088 0.000000 0.551290 0.000000 0.025024 0.010457 0.000000 
0.000000 0.000000 0.229221 0.252933 0.049195 0.039534 0.000003 0.102822 0.067600 0.000000 0.088961 0.021175 0.000000 0.119470 0.029085 0.000000 
0.011714 0.000000 0.000000 0.251153 0.000000 0.000013 0.038330 0.306553 0.000000 0.000000 0.000000 0.031737 0.000000 0.000000 0.360500 0.000000 
0.000000 0.000000 0.000000 0.387343 0.000000 0.017679 0.043560 0.064516 0.030389 0.000000 0.000000 0.000000 0.012442 0.000000 0.444071 0.000000 
0.000000 0.028539 0.530048 0.013111 0.000000 0.042933 0.010403 0.091162 0.000000 0.000000 0.000000 0.000000 0.000000 0.247971 0.000000 0.035833 
0.000000 0.254044 0.000000 0.029300 0.018672 0.230530 0.012755 0.103276 0.000000 0.000000 0.000000 0.337500 0.000000 0.000000 0.000000 0.013922 
0.037644 0.000000 0.000000 0.251501 0.016514 0.018805 0.000003 0.239701 0.000000 0.383631 0.000000 0.010541 0.000000 0.000000 0.041660 0.000000 
0.000000 0.000000 0.025836 0.000355 0.000000 0.000012 0.121228 0.199502 0.000000 0.000000 0.077659 0.516449 0.040516 0.000000 0.000000 0.018442 
0.000000 0.000000 0.000000 0.145336 0.000000 0.344342 0.055540 0.447445 0.000000 0.000000 0.000000 0.007337 0.000000 0.000000 0.000000 0.000000 
0.000000 0.000000 0.336230 0.317061 0.000000 0.000013 0.000003 0.063931 0.087472 0.000000 0.000000 0.000000 0.020072 0.134935 0.040284 0.000000 
0.000000 0.073048 0.000000 0.000200 0.000000 0.000013 0.071647 0.121004 0.015349 0.031914 0.000000 0.686824 0.000000 0.000000 0.000000 0.000000 
0.000000 0.180442 0.000000 0.095644 0.000000 0.287746 0.053265 0.225923 0.000000 0.061634 0.042972 0.000000 0.000000 0.052374 0.000000 0.000000 
0.000000 0.000000 0.534255 0.009423 0.095369 0.000011 0.011321 0.037680 0.000000 0.000000 0.033693 0.020155 0.000000 0.216162 0.000000 0.041932 
0.000000 0.000000 0.000000 0.012649 0.000000 0.000012 0.009002 0.003293 0.000000 0.000000 0.000000 0.936048 0.035205 0.000000 0.003791 0.000000 
0.000000 0.000000 0.000000 0.028644 0.000000 0.047144 0.286336 0.288487 0.000000 0.000000 0.159043 0.067593 0.000000 0.000000 0.122754 0.000000 
0.000000 0.087128 0.418535 0.069080 0.000000 0.000012 0.074625 0.114635 0.000000 0.000000 0.048068 0.000000 0.000000 0.162646 0.000000 0.025271 
0.000000 0.060726 0.000000 0.039715 0.024333 0.030607 0.043080 0.212034 0.037155 0.000000 0.000000 0.477550 0.000000 0.000000 0.074802 0.000000 
0.030457 0.000000 0.000000 0.720316 0.000000 0.028920 0.018031 0.096438 0.000000 0.000000 0.000000 0.000000 0.034190 0.000000 0.071649 0.000000 
0.000000 0.000000 0.000000 0.012303 0.000000 0.052734 0.296413 0.344415 0.000000 0.000000 0.150019 0.021034 0.000000 0.000000 0.123081 0.000000 
0.003997 0.000000 0.000000 0.000429 0.000000 0.000011 0.012946 0.024504 0.000000 0.000000 0.000000 0.000000 0.000000 0.000000 0.958113 0.000000 
0.017493 0.000000 0.069733 0.441957 0.000000 0.141622 0.023792 0.029812 0.028857 0.033529 0.000000 0.017947 0.000000 0.071013 0.070750 0.053494 
0.000000 0.000000 0.000000 0.073935 0.202988 0.178916 0.095994 0.310136 0.000000 0.000000 0.109139 0.000000 0.028893 0.000000 0.000000 0.000000 
0.000000 0.000000 0.000000 0.024586 0.000000 0.024221 0.284447 0.509811 0.000000 0.000000 0.156936 0.000000 0.000000 0.000000 0.000000 0.000000 
0.014738 0.013149 0.000000 0.580853 0.000000 0.018602 0.000003 0.099880 0.141010 0.000000 0.000000 0.000000 0.000000 0.101611 0.030153 0.000000 
0.000000 0.000000 0.000000 0.078165 0.000000 0.814254 0.000003 0.097899 0.000000 0.000000 0.000000 0.000000 0.009680 0.000000 0.000000 0.000000 
0.000000 0.286327 0.011503 0.069203 0.000000 0.020072 0.069351 0.543544 0.000000 0.000000 0.000000 0.000000 0.000000 0.000000 0.000000 0.000000 
0.000000 0.199096 0.012307 0.093616 0.000000 0.000011 0.016736 0.122237 0.000000 0.312611 0.000000 0.243387 0.000000 0.000000 0.000000 0.000000 
0.000000 0.000000 0.000000 0.252224 0.144282 0.204212 0.027106 0.098346 0.029563 0.117684 0.096676 0.000000 0.029906 0.000000 0.000000 0.000000 
0.000000 0.049781 0.010936 0.053921 0.294947 0.107523 0.048271 0.238782 0.000000 0.000000 0.159550 0.036290 0.000000 0.000000 0.000000 0.000000 
0.000000 0.000000 0.000000 0.011594 0.000000 0.000013 0.117596 0.158092 0.041201 0.000000 0.032568 0.623294 0.000000 0.000000 0.000000 0.015642 
0.000000 0.000000 0.103292 0.082458 0.032857 0.031312 0.051862 0.658848 0.039371 0.000000 0.000000 0.000000 0.000000 0.000000 0.000000 0.000000 
0.000000 0.000000 0.348730 0.000346 0.000000 0.290577 0.000003 0.130657 0.088958 0.000000 0.000000 0.000000 0.000000 0.095695 0.045034 0.000000 
0.000000 0.028441 0.000000 0.057925 0.224758 0.213890 0.043217 0.171537 0.000000 0.000000 0.144350 0.000000 0.016778 0.000000 0.099103 0.000000 
0.000000 0.000000 0.123069 0.320417 0.028371 0.048499 0.014687 0.036816 0.038589 0.022140 0.000000 0.000000 0.011997 0.044895 0.273355 0.037165 
0.000000 0.463552 0.000000 0.051526 0.000000 0.000012 0.051151 0.219312 0.000000 0.008909 0.000000 0.202039 0.000000 0.000000 0.003499 0.000000 
0.000000 0.000000 0.227768 0.043040 0.160971 0.065659 0.136901 0.192283 0.000000 0.000000 0.034886 0.138492 0.000000 0.000000 0.000000 0.000000 
0.000000 0.035218 0.000000 0.050097 0.070794 0.650672 0.026345 0.154816 0.000000 0.000000 0.000000 0.000000 0.000000 0.000000 0.000000 0.012059 
0.004815 0.000000 0.232979 0.054545 0.000000 0.083353 0.000003 0.072130 0.000000 0.028408 0.000000 0.000000 0.000000 0.062211 0.461557 0.000000 
0.031552 0.000000 0.000000 0.135441 0.033463 0.194324 0.038524 0.095626 0.000000 0.441475 0.000000 0.000000 0.029594 0.000000 0.000000 0.000000 
0.000000 0.050993 0.096434 0.040807 0.000000 0.050072 0.024807 0.374170 0.000000 0.000000 0.000000 0.000000 0.000000 0.000000 0.362717 0.000000 
0.000000 0.566159 0.000000 0.103837 0.000000 0.000012 0.051271 0.209187 0.000000 0.000000 0.000000 0.069535 0.000000 0.000000 0.000000 0.000000 
0.000000 0.000000 0.000000 0.010721 0.000000 0.553649 0.133264 0.223018 0.000000 0.000000 0.079347 0.000000 0.000000 0.000000 0.000000 0.000000 
0.000000 0.000000 0.608468 0.000353 0.000000 0.000011 0.000002 0.010924 0.052306 0.000000 0.000000 0.000000 0.000000 0.075758 0.252179 0.000000 
0.000000 0.025856 0.000000 0.024689 0.015845 0.108425 0.000003 0.083572 0.000000 0.000000 0.000000 0.000000 0.000000 0.000000 0.741610 0.000000 
0.000000 0.000000 0.000000 0.096616 0.000000 0.000012 0.065049 0.824129 0.000000 0.000000 0.000000 0.014194 0.000000 0.000000 0.000000 0.000000 
0.000000 0.000000 0.073509 0.007696 0.000000 0.062103 0.314088 0.329853 0.000000 0.000000 0.212751 0.000000 0.000000 0.000000 0.000000 0.000000 
0.000000 0.000000 0.000000 0.100516 0.000000 0.006419 0.000004 0.011021 0.000000 0.000000 0.000000 0.848724 0.033316 0.000000 0.000000 0.000000 
0.000000 0.000000 0.114390 0.000270 0.000000 0.170854 0.000003 0.055009 0.000000 0.000000 0.012204 0.640310 0.000000 0.000000 0.006960 0.000000 
0.013454 0.000000 0.046926 0.417496 0.000000 0.043172 0.017610 0.043793 0.000000 0.000000 0.000000 0.396398 0.021152 0.000000 0.000000 0.000000 
0.013928 0.019690 0.000000 0.077327 0.066313 0.032544 0.075418 0.670848 0.033183 0.000000 0.000000 0.000000 0.000000 0.000000 0.010749 0.000000 
0.025903 0.016088 0.063442 0.211834 0.000000 0.024626 0.004817 0.003946 0.000000 0.394837 0.000000 0.000000 0.000000 0.064337 0.190171 0.000000 
0.010477 0.000000 0.052669 0.273100 0.000000 0.013928 0.000003 0.032896 0.000000 0.000000 0.000000 0.000000 0.012080 0.000000 0.561906 0.042943 
0.000000 0.027789 0.467813 0.050413 0.106090 0.000013 0.016289 0.133511 0.000000 0.065933 0.080697 0.000000 0.000000 0.051453 0.000000 0.000000 
0.000000 0.000000 0.000000 0.055465 0.366556 0.032500 0.070183 0.319894 0.000000 0.043117 0.098301 0.000000 0.000000 0.000000 0.013984 0.000000 
0.010518 0.172991 0.000000 0.191457 0.000000 0.165259 0.018539 0.143285 0.000000 0.297951 0.000000 0.000000 0.000000 0.000000 0.000000 0.000000 
0.000000 0.022763 0.000000 0.067085 0.000000 0.026359 0.114027 0.753016 0.000000 0.016750 0.000000 0.000000 0.000000 0.000000 0.000000 0.000000 
0.000000 0.000000 0.244532 0.034915 0.000000 0.045431 0.122049 0.144440 0.000000 0.000000 0.106896 0.129193 0.038563 0.133981 0.000000 0.000000 
0.000000 0.023477 0.000000 0.095451 0.306844 0.047696 0.051133 0.248138 0.000000 0.000000 0.227261 0.000000 0.000000 0.000000 0.000000 0.000000 
0.000000 0.000000 0.000000 0.084433 0.000000 0.000012 0.089002 0.772500 0.000000 0.000000 0.000000 0.054053 0.000000 0.000000 0.000000 0.000000 
0.000000 0.000000 0.000000 0.011852 0.016770 0.902777 0.000003 0.068598 0.000000 0.000000 0.000000 0.000000 0.000000 0.000000 0.000000 0.000000 
0.020241 0.000000 0.131229 0.160335 0.000000 0.072053 0.000003 0.005914 0.000000 0.536109 0.000000 0.000000 0.013405 0.060712 0.000000 0.000000 
0.000000 0.000000 0.000000 0.086935 0.040906 0.000013 0.000002 0.041045 0.000000 0.000000 0.049379 0.576832 0.000000 0.146394 0.000000 0.058495 
0.000000 0.000000 0.161545 0.120171 0.182759 0.016308 0.047482 0.175031 0.000000 0.205217 0.077108 0.000000 0.000000 0.000000 0.000000 0.014379 
0.000000 0.000000 0.015687 0.048278 0.028000 0.611838 0.041238 0.217649 0.000000 0.037311 0.000000 0.000000 0.000000 0.000000 0.000000 0.000000 
0.000000 0.000000 0.000000 0.034822 0.083946 0.103731 0.080039 0.148734 0.000000 0.000000 0.077481 0.000000 0.000000 0.000000 0.471245 0.000000 
0.000000 0.000000 0.601587 0.000162 0.014788 0.015515 0.025784 0.051578 0.088159 0.000000 0.000000 0.000000 0.000000 0.168652 0.033774 0.000000 
0.023631 0.000000 0.000000 0.666726 0.000000 0.000012 0.026609 0.065356 0.055056 0.113369 0.000000 0.049240 0.000000 0.000000 0.000000 0.000000 
0.034170 0.000000 0.000000 0.592460 0.000000 0.000015 0.020859 0.088148 0.000000 0.032142 0.000000 0.109766 0.000000 0.051613 0.000000 0.070827 
0.000000 0.013893 0.000000 0.076097 0.057894 0.283015 0.158422 0.294221 0.000000 0.000000 0.097635 0.018822 0.000000 0.000000 0.000000 0.000000 
0.000000 0.028855 0.048619 0.031886 0.000000 0.000013 0.006942 0.076033 0.000000 0.109995 0.000000 0.628226 0.032138 0.037291 0.000000 0.000000 
0.014167 0.020784 0.000000 0.332478 0.000000 0.175412 0.021615 0.065586 0.000000 0.000000 0.000000 0.021431 0.000000 0.000000 0.348527 0.000000 
0.000000 0.000000 0.000000 0.061740 0.000000 0.048807 0.328422 0.380050 0.034596 0.000000 0.146385 0.000000 0.000000 0.000000 0.000000 0.000000 
0.007076 0.000000 0.445687 0.044062 0.000000 0.014795 0.014810 0.330220 0.016773 0.000000 0.000000 0.000000 0.000000 0.093537 0.000000 0.033039 
0.000000 0.239922 0.000000 0.074177 0.000000 0.017343 0.060422 0.582648 0.000000 0.000000 0.000000 0.018200 0.000000 0.000000 0.000000 0.007288 
0.000000 0.000000 0.000000 0.127972 0.096575 0.087636 0.000003 0.082142 0.000000 0.000000 0.042894 0.229035 0.010748 0.000000 0.322995 0.000000 
0.000000 0.000000 0.000000 0.228513 0.000000 0.000012 0.236761 0.344470 0.000000 0.000000 0.146808 0.000000 0.000000 0.043437 0.000000 0.000000 
0.000000 0.656844 0.000000 0.094926 0.047841 0.000011 0.031789 0.168589 0.000000 0.000000 0.000000 0.000000 0.000000 0.000000 0.000000 0.000000 
0.000000 0.000000 0.539013 0.073326 0.040752 0.000013 0.020218 0.050391 0.000000 0.020443 0.000000 0.000000 0.000000 0.211588 0.000000 0.044255 
0.000000 0.333153 0.000000 0.067662 0.034356 0.000012 0.033815 0.156600 0.000000 0.031016 0.000000 0.000000 0.000000 0.000000 0.343387 0.000000 
0.000000 0.000000 0.000000 0.299760 0.000000 0.575573 0.022642 0.074761 0.000000 0.000000 0.000000 0.000000 0.015921 0.000000 0.011344 0.000000 
0.012739 0.022112 0.000000 0.089459 0.183610 0.042681 0.188560 0.256711 0.000000 0.029248 0.143900 0.030979 0.000000 0.000000 0.000000 0.000000 
0.000000 0.466738 0.000000 0.094899 0.082148 0.000012 0.045469 0.215470 0.000000 0.000000 0.091906 0.000000 0.000000 0.000000 0.003359 0.000000 
0.000000 0.023620 0.000000 0.269020 0.000000 0.029562 0.075805 0.588761 0.000000 0.000000 0.000000 0.013231 0.000000 0.000000 0.000000 0.000000 
0.007503 0.000000 0.490458 0.045685 0.015908 0.004081 0.000002 0.005807 0.000000 0.114294 0.000000 0.004759 0.000000 0.132895 0.178608 0.000000 
0.026790 0.420837 0.000000 0.073748 0.148036 0.000013 0.035277 0.208713 0.028929 0.000000 0.030021 0.020611 0.000000 0.000000 0.007025 0.000000 
0.000000 0.000000 0.000000 0.018227 0.000000 0.897762 0.025895 0.058116 0.000000 0.000000 0.000000 0.000000 0.000000 0.000000 0.000000 0.000000 
0.000000 0.032493 0.000000 0.058098 0.083029 0.015434 0.040052 0.602168 0.019246 0.000000 0.129241 0.020238 0.000000 0.000000 0.000000 0.000000 
0.000000 0.098216 0.447015 0.082588 0.041176 0.000013 0.000002 0.038550 0.014717 0.000000 0.000000 0.086369 0.000000 0.191353 0.000000 0.000000 
0.000000 0.012941 0.427914 0.056845 0.119472 0.084797 0.000003 0.112287 0.000000 0.000000 0.047702 0.061136 0.000000 0.076901 0.000000 0.000000 
0.000000 0.217057 0.058933 0.034522 0.019092 0.153332 0.019093 0.124072 0.000000 0.000000 0.000000 0.373899 0.000000 0.000000 0.000000 0.000000 
0.000000 0.000000 0.000000 0.067875 0.000000 0.016886 0.082505 0.832735 0.000000 0.000000 0.000000 0.000000 0.000000 0.000000 0.000000 0.000000 
0.000000 0.000000 0.000000 0.417283 0.000000 0.048239 0.171063 0.311179 0.000000 0.034017 0.000000 0.018219 0.000000 0.000000 0.000000 0.000000 
0.000000 0.099906 0.000000 0.025616 0.000000 0.009795 0.176829 0.324456 0.000000 0.000000 0.084557 0.278841 0.000000 0.000000 0.000000 0.000000 
0.035407 0.032309 0.000000 0.617495 0.080447 0.000013 0.044606 0.173913 0.015810 0.000000 0.000000 0.000000 0.000000 0.000000 0.000000 0.000000 
0.000000 0.021718 0.035220 0.080587 0.000000 0.017142 0.084899 0.727661 0.000000 0.000000 0.000000 0.000000 0.000000 0.032773 0.000000 0.000000 
0.000000 0.000000 0.000000 0.027184 0.000000 0.807311 0.000003 0.115135 0.000000 0.000000 0.000000 0.000000 0.000000 0.000000 0.050367 0.000000 
0.000000 0.000000 0.000000 0.007038 0.000000 0.311570 0.000002 0.012909 0.000000 0.000000 0.000000 0.650643 0.006016 0.011821 0.000000 0.000000 
0.000000 0.561464 0.000000 0.093236 0.000000 0.000010 0.035495 0.179096 0.000000 0.069733 0.000000 0.057338 0.000000 0.000000 0.003626 0.000000 
0.000000 0.000000 0.142556 0.158081 0.038865 0.000011 0.000002 0.096457 0.000000 0.256051 0.000000 0.255570 0.000000 0.052407 0.000000 0.000000 
0.000000 0.000000 0.000000 0.082297 0.000000 0.053749 0.080967 0.753710 0.000000 0.000000 0.000000 0.000000 0.000000 0.000000 0.000000 0.029277 
0.016201 0.037351 0.000000 0.691228 0.000000 0.015491 0.024795 0.082399 0.052295 0.000000 0.000000 0.000000 0.000000 0.000000 0.023654 0.056586 
0.000000 0.000000 0.000000 0.008085 0.000000 0.623504 0.000003 0.048232 0.055621 0.000000 0.000000 0.245904 0.000000 0.000000 0.018650 0.000000 
0.018958 0.239130 0.000000 0.495861 0.000000 0.037007 0.035534 0.166429 0.000000 0.000000 0.000000 0.000000 0.000000 0.000000 0.007081 0.000000 
0.000000 0.000000 0.000000 0.000379 0.000000 0.633295 0.000003 0.100385 0.059549 0.024587 0.000000 0.119898 0.000000 0.030863 0.031042 0.000000 
0.000000 0.021875 0.553414 0.032210 0.088072 0.038709 0.000003 0.063959 0.000000 0.000000 0.087011 0.000000 0.000000 0.083327 0.031420 0.000000 
0.000000 0.000000 0.000000 0.006148 0.000000 0.006806 0.000002 0.000513 0.000000 0.000000 0.000000 0.000000 0.000000 0.084218 0.902314 0.000000 
0.000000 0.028708 0.442692 0.031620 0.106156 0.033687 0.000003 0.028530 0.116327 0.000000 0.041005 0.000000 0.000000 0.135718 0.035555 0.000000 
0.017474 0.162534 0.025944 0.211888 0.000000 0.000013 0.007904 0.116707 0.000000 0.419165 0.000000 0.038371 0.000000 0.000000 0.000000 0.000000 
0.000000 0.075344 0.000000 0.015733 0.219767 0.035216 0.018670 0.134970 0.000000 0.000000 0.168168 0.262072 0.000000 0.038436 0.000000 0.031624 
0.000000 0.231949 0.000000 0.022929 0.009457 0.000011 0.008902 0.060244 0.023612 0.000000 0.000000 0.625469 0.000000 0.000000 0.000000 0.017427 
0.000000 0.000000 0.000000 0.015100 0.000000 0.000013 0.000003 0.011759 0.000000 0.027766 0.000000 0.739659 0.015444 0.000000 0.190255 0.000000 
0.015968 0.010684 0.000000 0.069635 0.000000 0.047675 0.055178 0.800860 0.000000 0.000000 0.000000 0.000000 0.000000 0.000000 0.000000 0.000000 
0.008846 0.041525 0.000000 0.077459 0.315556 0.112264 0.063905 0.239440 0.000000 0.000000 0.126767 0.000000 0.000000 0.000000 0.014237 0.000000 
0.048384 0.033790 0.088622 0.486936 0.000000 0.027826 0.029419 0.077981 0.000000 0.207042 0.000000 0.000000 0.000000 0.000000 0.000000 0.000000 
0.000000 0.523633 0.147609 0.066588 0.006889 0.011949 0.000003 0.141984 0.000000 0.000000 0.000000 0.000000 0.000000 0.068557 0.032786 0.000000 
0.000000 0.000000 0.000000 0.087889 0.273822 0.000012 0.069259 0.248290 0.000000 0.000000 0.171736 0.058266 0.000000 0.000000 0.090727 0.000000 
0.000000 0.033795 0.000000 0.092748 0.297628 0.037468 0.110714 0.256772 0.000000 0.000000 0.154198 0.016677 0.000000 0.000000 0.000000 0.000000 
0.002328 0.000000 0.140758 0.025666 0.000000 0.468695 0.000003 0.056637 0.000000 0.000000 0.000000 0.000000 0.000000 0.027342 0.227640 0.050932 
0.000000 0.235622 0.075826 0.061224 0.000000 0.044533 0.019045 0.348376 0.000000 0.000000 0.000000 0.215375 0.000000 0.000000 0.000000 0.000000 
0.000000 0.000000 0.000000 0.307015 0.000000 0.000013 0.201893 0.326700 0.000000 0.000000 0.119760 0.000000 0.044619 0.000000 0.000000 0.000000 
0.000000 0.037995 0.000000 0.022028 0.000000 0.038668 0.012315 0.163200 0.000000 0.000000 0.000000 0.725793 0.000000 0.000000 0.000000 0.000000 
0.000000 0.023519 0.000000 0.077699 0.000000 0.000012 0.032480 0.866290 0.000000 0.000000 0.000000 0.000000 0.000000 0.000000 0.000000 0.000000 
0.000000 0.000000 0.000000 0.033066 0.000000 0.691699 0.000003 0.141216 0.034773 0.086042 0.000000 0.000000 0.000000 0.000000 0.013200 0.000000 
0.022509 0.000000 0.000000 0.227595 0.000000 0.000013 0.020421 0.190328 0.000000 0.539134 0.000000 0.000000 0.000000 0.000000 0.000000 0.000000 
0.000000 0.000000 0.231740 0.068749 0.000000 0.000012 0.000002 0.027515 0.022327 0.000000 0.000000 0.563286 0.000000 0.048665 0.037703 0.000000 
0.000000 0.556714 0.134715 0.016009 0.000000 0.005349 0.006290 0.115476 0.052491 0.034336 0.000000 0.064702 0.000000 0.013917 0.000000 0.000000 
0.000000 0.000000 0.000000 0.073898 0.000000 0.120646 0.072343 0.733113 0.000000 0.000000 0.000000 0.000000 0.000000 0.000000 0.000000 0.000000 
0.000000 0.083613 0.000000 0.132105 0.000000 0.066241 0.147768 0.172464 0.000000 0.306981 0.090828 0.000000 0.000000 0.000000 0.000000 0.000000 
0.000000 0.459942 0.000000 0.073762 0.108991 0.000012 0.034555 0.264887 0.000000 0.000000 0.053041 0.000000 0.000000 0.000000 0.004810 0.000000 
0.000000 0.358400 0.000000 0.048382 0.000000 0.332779 0.000003 0.238794 0.000000 0.000000 0.021643 0.000000 0.000000 0.000000 0.000000 0.000000 
0.000000 0.000000 0.000000 0.149985 0.000000 0.000013 0.043854 0.302747 0.000000 0.172260 0.000000 0.031048 0.000000 0.000000 0.300093 0.000000 
0.000000 0.503234 0.000000 0.018727 0.030957 0.017327 0.079023 0.236558 0.000000 0.000000 0.000000 0.104900 0.000000 0.000000 0.000000 0.009273 
0.019897 0.000000 0.000000 0.433562 0.000000 0.340095 0.025436 0.101447 0.000000 0.000000 0.000000 0.000000 0.027328 0.052235 0.000000 0.000000 
0.000000 0.049770 0.072537 0.066408 0.000000 0.051364 0.025806 0.620375 0.000000 0.000000 0.000000 0.000000 0.000000 0.000000 0.113740 0.000000 
0.000000 0.000000 0.000000 0.075406 0.000000 0.377568 0.102259 0.244435 0.000000 0.044705 0.120604 0.000000 0.000000 0.000000 0.035023 0.000000 
0.000000 0.014268 0.000000 0.038964 0.136743 0.000011 0.021638 0.075603 0.000000 0.000000 0.084721 0.012659 0.000000 0.000000 0.585722 0.029671 
0.000000 0.000000 0.348079 0.062542 0.000000 0.000013 0.142440 0.183089 0.000000 0.019039 0.124913 0.000000 0.000000 0.119886 0.000000 0.000000 
0.000000 0.000000 0.000000 0.034950 0.000000 0.445248 0.073218 0.337980 0.000000 0.000000 0.073274 0.035330 0.000000 0.000000 0.000000 0.000000 
0.000000 0.210705 0.116886 0.030960 0.031798 0.412964 0.000003 0.096652 0.000000 0.000000 0.000000 0.000000 0.000000 0.000000 0.100032 0.000000 
0.000000 0.009675 0.468356 0.016861 0.000000 0.032562 0.050616 0.169599 0.022150 0.000000 0.040021 0.000000 0.000000 0.159012 0.000000 0.031150 
0.016561 0.027617 0.000000 0.274102 0.000000 0.000012 0.000003 0.085948 0.000000 0.495393 0.059741 0.000000 0.040624 0.000000 0.000000 0.000000 
0.000000 0.000000 0.000000 0.036531 0.122075 0.082808 0.019696 0.211734 0.000000 0.000000 0.085071 0.410514 0.031570 0.000000 0.000000 0.000000 
0.000000 0.091750 0.000000 0.038077 0.074913 0.247145 0.045083 0.269378 0.000000 0.000000 0.080075 0.153580 0.000000 0.000000 0.000000 0.000000 
0.000000 0.000000 0.573661 0.000222 0.000000 0.013536 0.000002 0.022771 0.046150 0.000000 0.000000 0.178038 0.000000 0.165621 0.000000 0.000000 
0.000000 0.000000 0.000000 0.555538 0.000000 0.224559 0.000003 0.151406 0.000000 0.000000 0.000000 0.000000 0.051372 0.000000 0.000000 0.017122 
0.024694 0.000000 0.000000 0.553706 0.000000 0.000012 0.043026 0.196726 0.000000 0.044372 0.000000 0.058309 0.043468 0.000000 0.000000 0.035687 
0.000000 0.002362 0.000000 0.066476 0.000000 0.798707 0.000003 0.132453 0.000000 0.000000 0.000000 0.000000 0.000000 0.000000 0.000000 0.000000 
0.000000 0.010354 0.000000 0.007093 0.050144 0.104106 0.000003 0.086196 0.000000 0.014691 0.000000 0.717259 0.000000 0.000000 0.000000 0.010155 
0.000000 0.000000 0.000000 0.307324 0.046251 0.000012 0.010784 0.060628 0.000000 0.000000 0.055869 0.475299 0.035177 0.000000 0.000000 0.008657 
0.000000 0.000000 0.000000 0.000431 0.000000 0.646598 0.013416 0.181732 0.000000 0.039925 0.000000 0.117898 0.000000 0.000000 0.000000 0.000000 
0.008084 0.004890 0.525165 0.021223 0.000000 0.073772 0.000003 0.090054 0.081273 0.064760 0.000000 0.000000 0.000000 0.130777 0.000000 0.000000 
0.000000 0.000000 0.000000 0.011298 0.000000 0.011530 0.026728 0.026498 0.000000 0.000000 0.000000 0.000000 0.000000 0.000000 0.872962 0.050985 
0.000000 0.000000 0.000000 0.313597 0.000000 0.000013 0.195751 0.250318 0.000000 0.000000 0.119587 0.092905 0.000000 0.000000 0.027829 0.000000 
0.016677 0.000000 0.000000 0.413658 0.080302 0.083832 0.000003 0.016437 0.000000 0.054461 0.000000 0.322862 0.000000 0.000000 0.011767 0.000000 
0.023199 0.000000 0.000000 0.015093 0.000000 0.000012 0.000003 0.134631 0.000000 0.000000 0.019796 0.602824 0.000000 0.000000 0.204443 0.000000 
0.000000 0.000000 0.314425 0.009449 0.000000 0.018015 0.000003 0.042284 0.079966 0.000000 0.000000 0.474837 0.000000 0.034282 0.026740 0.000000 
0.005438 0.000000 0.026134 0.224477 0.000000 0.000012 0.000003 0.045268 0.000000 0.531003 0.000000 0.000000 0.031207 0.000000 0.136458 0.000000 
0.000000 0.000000 0.000000 0.428457 0.040283 0.000013 0.018323 0.058402 0.024067 0.229120 0.019403 0.000000 0.000000 0.000000 0.181932 0.000000 
0.006183 0.000000 0.266438 0.263380 0.000000 0.000014 0.000003 0.027356 0.087796 0.184471 0.000000 0.000000 0.035122 0.072482 0.056754 0.000000 
0.000000 0.070971 0.000000 0.282124 0.000000 0.191092 0.000003 0.046043 0.057318 0.040768 0.000000 0.000000 0.000000 0.000000 0.311680 0.000000 
0.000000 0.000000 0.000000 0.058423 0.000000 0.000013 0.094164 0.796262 0.000000 0.029517 0.000000 0.021621 0.000000 0.000000 0.000000 0.000000 
0.000000 0.000000 0.000000 0.010159 0.044719 0.000012 0.279637 0.324884 0.000000 0.000000 0.170325 0.170264 0.000000 0.000000 0.000000 0.000000 
0.000000 0.054682 0.000000 0.079721 0.282974 0.147119 0.052640 0.246770 0.000000 0.000000 0.116761 0.019333 0.000000 0.000000 0.000000 0.000000 
0.041797 0.000000 0.062020 0.285799 0.000000 0.007941 0.000002 0.016451 0.000000 0.585990 0.000000 0.000000 0.000000 0.000000 0.000000 0.000000 
0.000000 0.020861 0.000000 0.536612 0.080599 0.000012 0.052775 0.153761 0.000000 0.000000 0.089062 0.000000 0.029117 0.000000 0.037201 0.000000 
0.000000 0.000000 0.000000 0.049926 0.000000 0.054355 0.327425 0.372868 0.000000 0.000000 0.195426 0.000000 0.000000 0.000000 0.000000 0.000000 
0.000000 0.040089 0.000000 0.032832 0.144528 0.461386 0.000003 0.181096 0.000000 0.000000 0.140067 0.000000 0.000000 0.000000 0.000000 0.000000 
0.000000 0.044904 0.000000 0.078077 0.360801 0.036168 0.055914 0.244095 0.000000 0.000000 0.161113 0.000000 0.000000 0.000000 0.000000 0.018928 
0.000000 0.000000 0.000000 0.055979 0.000000 0.760113 0.000003 0.127518 0.000000 0.028171 0.000000 0.000000 0.028216 0.000000 0.000000 0.000000 
0.000000 0.000000 0.000000 0.135709 0.035225 0.000013 0.065895 0.060071 0.000000 0.300292 0.039858 0.000000 0.000000 0.000000 0.362938 0.000000 
0.000000 0.166665 0.000000 0.268840 0.000000 0.319959 0.000003 0.168246 0.000000 0.000000 0.061150 0.000000 0.000000 0.015137 0.000000 0.000000 
0.000000 0.087033 0.000000 0.061002 0.000000 0.295768 0.053641 0.416647 0.028657 0.000000 0.000000 0.057251 0.000000 0.000000 0.000000 0.000000 
0.000000 0.000000 0.350958 0.083817 0.000000 0.059492 0.018951 0.098259 0.000000 0.032793 0.000000 0.137659 0.034382 0.183689 0.000000 0.000000 
0.020837 0.000000 0.000000 0.468454 0.000000 0.000012 0.059920 0.076602 0.000000 0.196742 0.000000 0.038008 0.000000 0.007509 0.097498 0.034419 
