-1921394.987165
0
0.040569 0.035890 0.002465 0.035069 0.009200 0.004317 0.000000 0.008851 0.019087 0.005854 0.020744 0.022049 0.015359 0.013355 0.015730 0.026131 0.015525 0.007251 0.008743 0.022364 0.003540 0.000000 0.007887 0.003591 0.032412 0.024170 0.000000 0.028355 0.007244 0.005599 0.000000 0.008727 0.004001 0.003425 0.006852 0.019324 0.013102 0.018763 0.016899 0.027797 0.004423 0.011582 0.004478 0.011357 0.001746 0.001653 0.006700 0.002814 0.024200 0.016097 0.000000 0.022930 0.003218 0.003303 0.000000 0.006508 0.000000 0.000010 0.009367 0.003841 0.007481 0.007837 0.009536 0.018900 0.005286 0.005112 0.004770 0.008383 0.000704 0.000699 0.006747 0.005690 0.029677 0.019976 0.001437 0.032181 0.005061 0.003881 0.000000 0.007124 0.006477 0.002624 0.000000 0.013166 0.016214 0.013541 0.007963 0.031338 0.004363 0.006080 0.000951 0.008839 0.000000 0.001579 0.007190 0.004729 
0.000649 0.001196 0.000366 0.008350 0.000886 0.000316 0.000000 0.000490 0.000002 0.003460 0.011644 0.004592 0.000000 0.000000 0.000150 0.000856 0.003341 0.005261 0.002417 0.003409 0.000000 0.003772 0.001512 0.014057 0.002285 0.000544 0.000525 0.014584 0.000000 0.000000 0.000000 0.000000 0.001450 0.003287 0.010348 0.003643 0.000000 0.000001 0.000000 0.000787 0.000411 0.002100 0.001143 0.001898 0.001714 0.002104 0.003416 0.018345 0.001400 0.001953 0.000000 0.008877 0.000000 0.000278 0.000000 0.000384 0.000000 0.014049 0.026218 0.015417 0.000000 0.000000 0.000000 0.000000 0.007651 0.010038 0.006344 0.012253 0.000000 0.002028 0.000876 0.002866 0.037575 0.011538 0.003055 0.308327 0.000000 0.000000 0.000000 0.000375 0.002877 0.021226 0.217856 0.037160 0.000000 0.001031 0.000000 0.002629 0.003308 0.009390 0.007085 0.009901 0.005839 0.010064 0.001791 0.063027 
0.000002 0.000000 0.000000 0.000000 0.000001 0.000146 0.000000 0.000001 0.000001 0.018802 0.000000 0.004512 0.001018 0.000667 0.000909 0.003171 0.001301 0.000235 0.000876 0.001379 0.000000 0.000000 0.000455 0.000000 0.000922 0.000000 0.000000 0.001321 0.000267 0.000000 0.000574 0.000000 0.076078 0.101520 0.021943 0.080138 0.000000 0.001380 0.000513 0.001953 0.000805 0.000764 0.000994 0.004416 0.000000 0.000726 0.000765 0.001362 0.000001 0.000385 0.000000 0.000001 0.000000 0.000472 0.000000 0.000001 0.000000 0.020285 0.000429 0.015437 0.000000 0.000000 0.000516 0.000738 0.000001 0.000000 0.000755 0.007912 0.000000 0.000000 0.001720 0.000859 0.001973 0.002376 0.000330 0.002150 0.000000 0.001140 0.000000 0.000001 0.118523 0.284820 0.104047 0.084079 0.000997 0.001475 0.001242 0.005708 0.002484 0.001833 0.001851 0.002758 0.000000 0.000720 0.000857 0.001207 
0.036339 0.030511 0.019658 0.024566 0.009238 0.005820 0.003718 0.005086 0.010737 0.007745 0.000000 0.003918 0.003406 0.003406 0.009181 0.000000 0.007983 0.001784 0.008257 0.000974 0.000000 0.000000 0.000993 0.000000 0.048192 0.066271 0.010353 0.047809 0.011151 0.010061 0.007681 0.008997 0.021830 0.014988 0.008017 0.018739 0.008002 0.010427 0.037830 0.009552 0.004255 0.001383 0.010791 0.004382 0.000000 0.001017 0.003996 0.001000 0.040815 0.043139 0.026691 0.024812 0.006406 0.009341 0.008091 0.005756 0.009309 0.008703 0.001035 0.007803 0.006208 0.004781 0.014103 0.002943 0.005484 0.000907 0.004101 0.001610 0.000000 0.000000 0.001134 0.000000 0.034177 0.057104 0.011196 0.036455 0.002927 0.011046 0.003681 0.004867 0.004007 0.006605 0.000000 0.006781 0.003582 0.002769 0.009387 0.001028 0.002420 0.001178 0.003552 0.001289 0.000000 0.000000 0.002133 0.000598 
0.004771 0.000001 0.000000 0.000000 0.003068 0.001326 0.000000 0.003567 0.004727 0.004441 0.000000 0.003540 0.013774 0.002214 0.006409 0.018018 0.029180 0.011446 0.023116 0.027457 0.040484 0.007711 0.004738 0.023040 0.004881 0.000000 0.000000 0.002460 0.000000 0.000656 0.000000 0.002669 0.009821 0.008104 0.000642 0.005624 0.003882 0.001355 0.002229 0.000092 0.019485 0.011720 0.017905 0.036263 0.027269 0.007606 0.016315 0.065483 0.009451 0.007348 0.000000 0.004053 0.000000 0.001512 0.000000 0.004069 0.005768 0.004175 0.000000 0.011380 0.001917 0.002342 0.000861 0.000000 0.011002 0.011372 0.012270 0.013379 0.009089 0.000000 0.004067 0.022931 0.020073 0.000240 0.000001 0.034242 0.000872 0.001686 0.000000 0.003617 0.002486 0.008793 0.000000 0.009659 0.023943 0.000000 0.016108 0.011107 0.019791 0.016301 0.012659 0.041698 0.070869 0.010239 0.009928 0.071213 
0.000198 0.000949 0.000000 0.000298 0.000359 0.000258 0.000376 0.000695 0.007898 0.002590 0.002812 0.002691 0.000000 0.000000 0.000115 0.000000 0.001286 0.000530 0.000187 0.001252 0.000000 0.000000 0.000001 0.000318 0.000927 0.000421 0.000000 0.000022 0.000000 0.000214 0.000000 0.000384 0.013815 0.003459 0.003951 0.008615 0.000000 0.000222 0.000399 0.000694 0.000663 0.000605 0.000004 0.000297 0.000195 0.000001 0.000265 0.000004 0.000001 0.000003 0.000330 0.000001 0.000000 0.000001 0.000000 0.000351 0.005895 0.001535 0.000000 0.003141 0.000000 0.000207 0.000000 0.000000 0.000001 0.000001 0.000004 0.000889 0.000000 0.000000 0.000001 0.000000 0.015749 0.006213 0.002197 0.012184 0.041056 0.000000 0.001721 0.069639 0.424996 0.079731 0.045683 0.229697 0.000000 0.000000 0.000000 0.000001 0.000010 0.000227 0.000008 0.000328 0.000000 0.000000 0.000221 0.000004 
0.011813 0.006116 0.000000 0.005924 0.023976 0.014909 0.005887 0.025788 0.022340 0.012728 0.000000 0.018019 0.006648 0.006912 0.008585 0.005281 0.032821 0.014776 0.024804 0.028995 0.000000 0.001830 0.008966 0.005062 0.006121 0.000000 0.002732 0.002164 0.016114 0.014301 0.005239 0.023477 0.024173 0.014406 0.001770 0.018993 0.003282 0.007984 0.007864 0.011360 0.016240 0.016816 0.016088 0.017827 0.000000 0.006502 0.010602 0.007445 0.005414 0.006232 0.000000 0.007800 0.013369 0.010572 0.000000 0.016776 0.024032 0.014760 0.000000 0.018154 0.006844 0.003698 0.006950 0.004006 0.015758 0.010846 0.012816 0.012969 0.004407 0.003269 0.015577 0.003206 0.003913 0.011515 0.002019 0.006138 0.011828 0.021683 0.002724 0.027101 0.007676 0.015844 0.000000 0.005782 0.006061 0.009071 0.006301 0.007470 0.017583 0.016623 0.013358 0.015820 0.000000 0.006945 0.010180 0.013233 
0.003117 0.002949 0.001281 0.000932 0.000932 0.001118 0.000000 0.001375 0.033243 0.016902 0.153997 0.014944 0.001039 0.002337 0.000411 0.005627 0.010544 0.006963 0.017664 0.004843 0.000000 0.002072 0.000768 0.002545 0.006830 0.013578 0.005345 0.033377 0.000000 0.000000 0.000000 0.000000 0.012991 0.012406 0.104164 0.009425 0.000000 0.001078 0.000000 0.000000 0.005850 0.004183 0.018724 0.004498 0.000000 0.002891 0.002624 0.005316 0.003909 0.004614 0.001281 0.005705 0.000000 0.002190 0.000000 0.000748 0.050181 0.057285 0.134251 0.038828 0.000000 0.001275 0.000000 0.000722 0.013583 0.006509 0.008806 0.007851 0.000000 0.000687 0.000657 0.001471 0.003460 0.004811 0.001480 0.007138 0.000000 0.000000 0.000000 0.000000 0.007681 0.004860 0.058830 0.006234 0.001573 0.000274 0.000000 0.000000 0.007885 0.003886 0.010829 0.003971 0.000000 0.001441 0.000814 0.005395 
0.136002 0.027692 0.188771 0.000020 0.097879 0.000000 0.000003 0.549634 
0.201944 0.000001 0.037304 0.417462 0.024934 0.106432 0.000003 0.211920 
0.109956 0.000001 0.300942 0.065346 0.271616 0.000000 0.181346 0.070791 
0.145126 0.029511 0.020152 0.160970 0.015051 0.009910 0.000003 0.619277 
0.162702 0.023476 0.030695 0.190587 0.016465 0.000000 0.124755 0.451321 
0.063470 0.000001 0.043703 0.031323 0.032281 0.000000 0.019451 0.809771 
0.050634 0.570518 0.000009 0.000022 0.000006 0.011365 0.034364 0.333082 
0.097014 0.023835 0.451114 0.034831 0.000005 0.000000 0.118908 0.274292 
0.343019 0.044869 0.000009 0.000020 0.000006 0.374379 0.000003 0.237695 
0.079043 0.000001 0.067626 0.000022 0.000006 0.448124 0.051979 0.353197 
0.097033 0.000001 0.823812 0.039295 0.029087 0.000000 0.000003 0.010769 
0.112303 0.355342 0.000010 0.235094 0.273951 0.000000 0.000003 0.023298 
0.260519 0.014408 0.010644 0.035520 0.000006 0.034372 0.000003 0.644527 
0.141972 0.557927 0.025299 0.029942 0.000006 0.010738 0.234038 0.000078 
0.477437 0.037679 0.000009 0.339140 0.000007 0.006358 0.038367 0.101003 
0.061691 0.023479 0.578540 0.000018 0.000008 0.032682 0.000003 0.303578 
0.094143 0.714351 0.000007 0.022791 0.078543 0.000000 0.090057 0.000106 
0.199389 0.000001 0.042526 0.317128 0.188262 0.000000 0.098589 0.154105 
0.023777 0.020719 0.820460 0.000020 0.003238 0.000000 0.113809 0.017977 
0.006159 0.980341 0.000007 0.000021 0.000006 0.000000 0.003989 0.009477 
0.178750 0.075291 0.000009 0.085996 0.020734 0.133976 0.497584 0.007660 
0.096223 0.000001 0.595534 0.000022 0.081698 0.023748 0.130837 0.071937 
0.242038 0.502002 0.044494 0.026778 0.078828 0.062123 0.028911 0.014825 
0.123556 0.022318 0.062392 0.000022 0.014181 0.074647 0.020582 0.682302 
0.226927 0.020538 0.000008 0.102457 0.050445 0.137232 0.462303 0.000090 
0.017868 0.000001 0.014111 0.000023 0.003044 0.948185 0.016638 0.000131 
0.056945 0.022102 0.210370 0.134439 0.000005 0.101661 0.000003 0.474476 
0.266345 0.021112 0.017760 0.190904 0.037198 0.000000 0.399651 0.067030 
0.410887 0.000001 0.000007 0.072362 0.038380 0.000000 0.478269 0.000094 
0.127302 0.000001 0.258154 0.000023 0.010041 0.008408 0.013516 0.582555 
0.092522 0.018257 0.000009 0.814984 0.000004 0.000000 0.000003 0.074222 
0.570350 0.019818 0.014261 0.012776 0.307088 0.000000 0.047004 0.028703 
0.140550 0.242841 0.003673 0.000022 0.210012 0.000000 0.000003 0.402898 
0.055974 0.013574 0.047256 0.221734 0.031656 0.000000 0.230670 0.399136 
0.179448 0.030706 0.044781 0.134825 0.108734 0.000000 0.435417 0.066089 
0.117512 0.657840 0.023631 0.018016 0.000005 0.000000 0.182905 0.000092 
0.695357 0.023063 0.145935 0.020424 0.018981 0.000000 0.060450 0.035790 
0.114720 0.012729 0.537231 0.305771 0.000006 0.029471 0.000003 0.000069 
0.114206 0.010639 0.033298 0.231673 0.067249 0.089959 0.390429 0.062548 
0.047488 0.000001 0.250624 0.037622 0.006076 0.295765 0.027711 0.334713 
0.227825 0.211155 0.000008 0.000020 0.482304 0.000000 0.033726 0.044961 
0.147697 0.148482 0.253464 0.073639 0.037626 0.000000 0.315465 0.023627 
0.166750 0.000001 0.019824 0.645837 0.049643 0.000000 0.076337 0.041607 
0.065659 0.000001 0.309423 0.085040 0.000004 0.459592 0.000003 0.080278 
0.058868 0.000001 0.000007 0.238505 0.034944 0.000000 0.085529 0.582146 
0.397892 0.000001 0.109657 0.051779 0.067867 0.366517 0.000003 0.006285 
0.229717 0.077402 0.006087 0.000021 0.595716 0.000000 0.000003 0.091053 
0.175653 0.000001 0.004421 0.578082 0.000006 0.000000 0.241751 0.000086 
0.004937 0.000001 0.741808 0.000018 0.000004 0.253137 0.000002 0.000092 
0.090810 0.000001 0.007116 0.106371 0.032057 0.744081 0.000003 0.019561 
0.887515 0.037779 0.000010 0.000022 0.032160 0.000000 0.000003 0.042511 
0.185265 0.000001 0.079126 0.127680 0.051979 0.000000 0.555874 0.000076 
0.015126 0.895659 0.000009 0.000027 0.000005 0.000000 0.000003 0.089170 
0.038755 0.650160 0.122492 0.188482 0.000006 0.000000 0.000003 0.000103 
0.056035 0.419751 0.074963 0.019883 0.000005 0.000000 0.034229 0.395133 
0.701972 0.016591 0.042796 0.029701 0.058211 0.000000 0.118136 0.032592 
0.005090 0.000001 0.119848 0.040069 0.020805 0.182734 0.000003 0.631450 
0.038680 0.000001 0.093373 0.008139 0.003713 0.602321 0.000003 0.253771 
0.115576 0.000001 0.556610 0.000026 0.043822 0.000000 0.175188 0.108778 
0.285496 0.000001 0.040054 0.041861 0.082083 0.000000 0.460712 0.089793 
0.138302 0.000001 0.000007 0.196579 0.190395 0.000000 0.000003 0.474713 
0.788689 0.023073 0.000008 0.031304 0.053274 0.000000 0.081149 0.022504 
0.075960 0.150732 0.382145 0.069234 0.000007 0.000000 0.287085 0.034838 
0.188232 0.000001 0.047112 0.069466 0.064283 0.000000 0.521559 0.109346 
0.818733 0.077186 0.000009 0.000021 0.022053 0.000000 0.055265 0.026732 
0.065380 0.010611 0.000008 0.923826 0.000005 0.000000 0.000003 0.000166 
0.001983 0.000001 0.173307 0.100442 0.000005 0.000000 0.000003 0.724258 
0.045165 0.601732 0.187841 0.000021 0.006312 0.000000 0.045783 0.113145 
0.137725 0.000001 0.206736 0.051066 0.033751 0.000000 0.242807 0.327914 
0.212912 0.000001 0.019673 0.623193 0.009614 0.000000 0.069687 0.064921 
0.104799 0.000001 0.020076 0.118334 0.020302 0.467112 0.237645 0.031732 
0.039214 0.000001 0.866846 0.013363 0.000008 0.025623 0.054874 0.000071 
0.075984 0.070298 0.064333 0.000020 0.000006 0.000000 0.034271 0.755088 
0.108882 0.130294 0.109208 0.000018 0.000005 0.045320 0.017494 0.588778 
0.239332 0.028116 0.000009 0.307531 0.043293 0.006734 0.314684 0.060302 
0.065369 0.661998 0.074144 0.018107 0.040467 0.000000 0.000003 0.139911 
0.097529 0.029031 0.011398 0.150486 0.017109 0.361463 0.000003 0.332981 
0.260313 0.027235 0.011583 0.097909 0.042388 0.007309 0.516640 0.036625 
0.334755 0.000001 0.605241 0.020084 0.011081 0.000000 0.000003 0.028835 
0.638877 0.035058 0.010594 0.011893 0.272059 0.000000 0.000003 0.031515 
0.066735 0.231372 0.022009 0.082780 0.031340 0.316948 0.094795 0.154021 
0.285777 0.000001 0.035572 0.018413 0.037365 0.017898 0.384138 0.220837 
0.186515 0.016908 0.007069 0.000019 0.711794 0.000000 0.000003 0.077691 
0.055948 0.000001 0.804839 0.000019 0.000007 0.011285 0.028750 0.099150 
0.171931 0.000001 0.005303 0.000021 0.378022 0.346901 0.005953 0.091869 
0.078829 0.000001 0.017082 0.569013 0.009722 0.016687 0.000003 0.308664 
0.181897 0.035384 0.016733 0.060519 0.072632 0.000000 0.518296 0.114539 
0.181191 0.000001 0.023682 0.023282 0.519991 0.000000 0.154080 0.097772 
0.653452 0.039262 0.009577 0.008093 0.034901 0.000000 0.035423 0.219293 
0.002774 0.000001 0.647723 0.006033 0.000006 0.173080 0.000003 0.170381 
0.199242 0.026970 0.039957 0.000023 0.514562 0.000000 0.133519 0.085727 
0.019829 0.006717 0.000009 0.915275 0.000005 0.000000 0.048895 0.009270 
0.592341 0.036919 0.025630 0.027256 0.051922 0.000000 0.235036 0.030895 
0.033458 0.085995 0.664594 0.000019 0.114203 0.000000 0.000003 0.101727 
0.099836 0.061501 0.545344 0.082085 0.029064 0.000000 0.124126 0.058044 
0.138743 0.386478 0.063420 0.153980 0.237370 0.000000 0.000003 0.020005 
0.900412 0.026335 0.000009 0.015446 0.000006 0.000000 0.057662 0.000129 
0.333931 0.040299 0.027621 0.000022 0.018649 0.000000 0.199034 0.380444 
0.295811 0.290783 0.000008 0.014908 0.113246 0.000000 0.285118 0.000124 
0.192144 0.000001 0.053568 0.000020 0.049605 0.000000 0.084614 0.620047 
0.777738 0.020810 0.068693 0.000022 0.043998 0.000000 0.053499 0.035241 
0.102833 0.000001 0.005967 0.824307 0.000005 0.048963 0.000003 0.017921 
0.001681 0.668160 0.000010 0.321724 0.000005 0.000000 0.000003 0.008417 
0.196509 0.061349 0.000009 0.000018 0.591176 0.000000 0.000003 0.150936 
0.109721 0.259869 0.197771 0.000021 0.000006 0.000000 0.000003 0.432608 
0.823834 0.015698 0.032875 0.051868 0.026331 0.000000 0.024516 0.024877 
0.128119 0.028100 0.102093 0.000020 0.030046 0.063434 0.000003 0.648184 
0.035972 0.266275 0.034866 0.639569 0.000005 0.008401 0.014785 0.000127 
0.227760 0.000001 0.018572 0.000023 0.242064 0.016355 0.000003 0.495222 
0.108547 0.136212 0.081770 0.652192 0.000005 0.015449 0.000003 0.005822 
0.020622 0.000001 0.703219 0.051965 0.025447 0.000000 0.162337 0.036409 
0.000399 0.000001 0.134264 0.000022 0.000003 0.857423 0.000002 0.007886 
0.001469 0.019885 0.722217 0.027254 0.037632 0.000000 0.150181 0.041361 
0.108105 0.031547 0.025346 0.022764 0.177706 0.000000 0.000003 0.634529 
0.077037 0.265233 0.091940 0.055345 0.126624 0.000000 0.349276 0.034544 
0.058103 0.658813 0.018407 0.000022 0.243141 0.000000 0.008536 0.012979 
0.007438 0.768582 0.000009 0.000024 0.000006 0.183726 0.000003 0.040213 
0.845620 0.008261 0.000006 0.069030 0.042576 0.000000 0.000003 0.034504 
0.200058 0.000001 0.019291 0.119908 0.104261 0.010668 0.451000 0.094814 
0.097967 0.000001 0.110728 0.027537 0.042217 0.007815 0.024194 0.689542 
0.139753 0.000001 0.228370 0.005156 0.534935 0.020941 0.000003 0.070841 
0.191018 0.061179 0.023895 0.025200 0.039083 0.087869 0.464952 0.106805 
0.180253 0.022248 0.017812 0.064970 0.094141 0.000000 0.518392 0.102184 
0.033167 0.000001 0.189935 0.486566 0.000007 0.265646 0.000003 0.024676 
0.363564 0.228861 0.081986 0.041421 0.248313 0.000000 0.000003 0.035853 
0.254146 0.014409 0.018146 0.023811 0.046003 0.015026 0.341741 0.286717 
0.170689 0.749008 0.000009 0.041682 0.038480 0.000000 0.000003 0.000129 
0.918967 0.000001 0.004282 0.008256 0.040443 0.000000 0.000003 0.028049 
0.126283 0.000001 0.039080 0.727465 0.000005 0.000000 0.000003 0.107163 
0.176522 0.000001 0.000007 0.046971 0.013292 0.000000 0.000003 0.763205 
0.021160 0.572909 0.310975 0.000021 0.003713 0.032424 0.000003 0.058794 
0.104948 0.075492 0.188794 0.010382 0.582812 0.000000 0.000003 0.037569 
0.779299 0.000001 0.004865 0.122962 0.025004 0.000000 0.042876 0.024993 
0.069912 0.000001 0.000007 0.140237 0.097168 0.000000 0.297864 0.394811 
0.248536 0.000001 0.022379 0.020850 0.538109 0.000000 0.101938 0.068186 
0.225805 0.000001 0.000009 0.351851 0.378126 0.000000 0.000003 0.044206 
0.312287 0.039039 0.000009 0.021319 0.000005 0.301897 0.024748 0.300697 
0.235507 0.118589 0.000010 0.017861 0.535661 0.000000 0.092266 0.000107 
0.126163 0.032110 0.067971 0.305314 0.003511 0.000000 0.028462 0.436469 
0.649601 0.016613 0.082915 0.052815 0.061029 0.111105 0.000003 0.025918 
0.170892 0.000001 0.000009 0.433499 0.023345 0.044019 0.221923 0.106312 
0.039438 0.015830 0.019695 0.000021 0.028064 0.608615 0.239499 0.048838 
0.095380 0.000001 0.460213 0.046097 0.014330 0.018131 0.290292 0.075556 
0.292620 0.044535 0.000007 0.483111 0.007547 0.000000 0.160016 0.012162 
0.098552 0.000001 0.131776 0.415297 0.231683 0.099863 0.000003 0.022827 
0.142271 0.000001 0.664839 0.056547 0.020137 0.029050 0.078202 0.008953 
0.071888 0.000001 0.010973 0.018299 0.049873 0.000000 0.050896 0.798070 
0.184053 0.444234 0.000009 0.096974 0.029475 0.000000 0.201457 0.043798 
0.242174 0.157295 0.011850 0.270312 0.118619 0.000000 0.172408 0.027342 
0.007502 0.178123 0.794466 0.019815 0.000006 0.000000 0.000003 0.000086 
0.183469 0.048480 0.046852 0.182018 0.000007 0.012735 0.000003 0.526435 
0.225203 0.100582 0.041909 0.000020 0.000006 0.026771 0.027237 0.578271 
0.122979 0.000001 0.010901 0.805536 0.002422 0.000000 0.000003 0.058159 
0.087197 0.739735 0.000009 0.107604 0.028585 0.000000 0.019746 0.017123 
0.070522 0.511103 0.032776 0.000021 0.000006 0.000000 0.072421 0.313149 
0.156305 0.123797 0.000007 0.677330 0.000005 0.000000 0.026760 0.015796 
0.089319 0.000001 0.740165 0.075372 0.011312 0.000000 0.000003 0.083828 
0.015231 0.000001 0.000009 0.007473 0.000004 0.925003 0.046154 0.006125 
0.214603 0.109166 0.011295 0.018731 0.026207 0.042729 0.293190 0.284080 
0.044410 0.339490 0.021860 0.053433 0.000006 0.007797 0.048043 0.484961 
0.122253 0.600494 0.000008 0.000022 0.016431 0.199090 0.031384 0.030318 
0.046321 0.491363 0.428364 0.015485 0.000005 0.018348 0.000003 0.000109 
0.049899 0.000001 0.020275 0.000035 0.008774 0.139148 0.000003 0.781865 
0.062691 0.000001 0.033292 0.012710 0.000005 0.186733 0.050586 0.653982 
0.022364 0.000001 0.440517 0.000024 0.013869 0.046379 0.025759 0.451088 
0.050633 0.000001 0.072802 0.179436 0.066347 0.306857 0.000003 0.323920 
0.832266 0.040576 0.000007 0.000023 0.022702 0.000000 0.071664 0.032762 
0.198413 0.169082 0.015811 0.073413 0.040079 0.000000 0.503106 0.000096 
0.194946 0.023631 0.016059 0.159753 0.111602 0.000000 0.403522 0.090487 
0.013779 0.000001 0.059845 0.024289 0.000005 0.000000 0.000003 0.902078 
0.137544 0.024437 0.045008 0.000020 0.031236 0.040588 0.184452 0.536716 
0.240397 0.012566 0.000009 0.103598 0.051283 0.009683 0.556703 0.025760 
0.130616 0.000001 0.017100 0.500221 0.056102 0.000000 0.261616 0.034344 
0.190241 0.000001 0.054679 0.045545 0.122259 0.000000 0.501672 0.085603 
0.106660 0.021132 0.000009 0.784293 0.011570 0.000000 0.000003 0.076333 
0.021973 0.000001 0.000009 0.030445 0.009491 0.361222 0.157337 0.419524 
0.172014 0.017172 0.033391 0.307607 0.152946 0.000000 0.048305 0.268566 
0.427609 0.078680 0.019732 0.301776 0.101447 0.000000 0.042634 0.028123 
0.092215 0.146552 0.545350 0.057649 0.019768 0.000000 0.016403 0.122063 
0.080150 0.051193 0.040029 0.000021 0.000007 0.124393 0.077613 0.626595 
0.022105 0.000001 0.430918 0.546887 0.000005 0.000000 0.000003 0.000081 
0.013453 0.109718 0.000007 0.009506 0.018125 0.000000 0.021516 0.827674 
0.241741 0.000001 0.099721 0.030817 0.544239 0.000000 0.073397 0.010084 
0.042311 0.000001 0.492248 0.000023 0.003604 0.000000 0.000003 0.461809 
0.194348 0.000001 0.006609 0.000022 0.662328 0.000000 0.097494 0.039198 
0.006429 0.000001 0.022748 0.000020 0.000004 0.970643 0.000002 0.000152 
0.027720 0.614390 0.035692 0.307780 0.000005 0.014305 0.000003 0.000105 
0.090861 0.000001 0.257760 0.110063 0.010450 0.022062 0.331187 0.177615 
0.050075 0.000001 0.681489 0.038458 0.114116 0.022260 0.057529 0.036073 
0.098433 0.165392 0.493571 0.000020 0.018447 0.029476 0.022451 0.172210 
0.093259 0.000001 0.230861 0.186677 0.030250 0.043761 0.372470 0.042721 
0.153381 0.000001 0.000008 0.554903 0.065941 0.000000 0.121798 0.103969 
0.033883 0.000001 0.000008 0.050117 0.015823 0.000000 0.084046 0.816122 
0.776244 0.000001 0.000009 0.070076 0.084000 0.005222 0.018266 0.046182 
0.106144 0.207816 0.011191 0.103180 0.000006 0.511411 0.046249 0.014003 
0.017219 0.286145 0.676800 0.000021 0.000005 0.000000 0.000003 0.019808 
0.902085 0.000001 0.014917 0.000022 0.010752 0.000000 0.072098 0.000124 
0.076251 0.025310 0.000009 0.637482 0.000005 0.235405 0.000003 0.025535 
0.311525 0.028975 0.034485 0.051424 0.015493 0.011231 0.019225 0.527641 
0.013523 0.913891 0.052814 0.000019 0.000005 0.000000 0.000003 0.019744 
0.127988 0.088162 0.000009 0.335178 0.057924 0.097021 0.206053 0.087664 
0.180369 0.000001 0.015298 0.000021 0.663307 0.057408 0.014741 0.068856 
0.000829 0.000001 0.976620 0.012890 0.003790 0.005775 0.000003 0.000092 
0.836835 0.046286 0.000008 0.046537 0.030779 0.008408 0.000003 0.031144 
0.117359 0.000001 0.000009 0.752283 0.000004 0.094885 0.026102 0.009356 
0.098708 0.000001 0.000010 0.529884 0.084227 0.000000 0.214028 0.073143 
0.154870 0.018213 0.000008 0.623092 0.008843 0.000000 0.194837 0.000137 
0.043782 0.104087 0.000006 0.000022 0.018888 0.000000 0.000003 0.833213 
0.084725 0.000001 0.019673 0.147183 0.021626 0.000000 0.087492 0.639300 
0.095062 0.109756 0.114880 0.256139 0.000004 0.000000 0.035181 0.388978 
0.044735 0.229115 0.010703 0.053518 0.048519 0.000000 0.153647 0.459763 
0.045068 0.233935 0.516920 0.000021 0.000007 0.020312 0.000003 0.183735 
0.119057 0.037141 0.037231 0.000022 0.005644 0.079105 0.000003 0.721797 
0.105322 0.017424 0.194585 0.019224 0.012670 0.184252 0.000003 0.466519 
0.134352 0.007862 0.249588 0.045211 0.077366 0.000000 0.430391 0.055230 
0.010162 0.000001 0.973369 0.000016 0.000013 0.016254 0.000002 0.000184 
0.057034 0.266708 0.048712 0.047342 0.076749 0.186492 0.263024 0.053939 
0.044850 0.000001 0.000009 0.039502 0.022870 0.390310 0.115586 0.386872 
0.027891 0.000001 0.016041 0.000020 0.002668 0.929727 0.021216 0.002437 
0.184858 0.000001 0.029071 0.000020 0.693258 0.000000 0.019786 0.073006 
0.076100 0.000001 0.750076 0.000018 0.024018 0.031712 0.000003 0.118072 
0.011059 0.500157 0.048739 0.036550 0.044844 0.000000 0.000003 0.358647 
0.162423 0.000001 0.000008 0.178206 0.092630 0.093211 0.392002 0.081519 
0.152927 0.307818 0.016747 0.021973 0.121132 0.000000 0.287723 0.091680 
0.139874 0.014912 0.000009 0.835578 0.009519 0.000000 0.000003 0.000104 
0.117052 0.461376 0.000009 0.000020 0.092199 0.009459 0.102127 0.217758 
0.140058 0.000001 0.029827 0.182568 0.438850 0.000000 0.156899 0.051796 
0.498730 0.034158 0.000010 0.118284 0.067168 0.000000 0.000005 0.281644 
0.075265 0.021777 0.007122 0.895671 0.000005 0.000000 0.000003 0.000157 
0.184166 0.370553 0.000009 0.000022 0.044307 0.175323 0.192117 0.033502 
0.081592 0.192233 0.658767 0.011418 0.000005 0.000000 0.029319 0.026666 
0.585762 0.030888 0.000008 0.093157 0.015301 0.000000 0.274750 0.000134 
0.061817 0.000001 0.000011 0.899809 0.000005 0.000000 0.027187 0.011170 
0.008945 0.000000 0.014491 0.000024 0.000004 0.874683 0.018483 0.083370 
0.014363 0.000001 0.943869 0.007804 0.008325 0.025590 0.000003 0.000046 
0.003436 0.263079 0.000009 0.071953 0.000005 0.661411 0.000003 0.000104 
0.177262 0.009244 0.038568 0.215826 0.131098 0.000000 0.358236 0.069765 
0.272537 0.000001 0.445007 0.076105 0.024788 0.000000 0.000003 0.181559 
0.103018 0.000001 0.056657 0.804588 0.004040 0.000000 0.000003 0.031693 
0.204455 0.000001 0.475191 0.306197 0.014036 0.000000 0.000003 0.000116 
0.015600 0.101253 0.000009 0.076356 0.000005 0.783659 0.022980 0.000139 
0.194865 0.000001 0.000009 0.410267 0.029879 0.000000 0.148890 0.216089 
0.258144 0.000001 0.000010 0.083301 0.039435 0.090691 0.506392 0.022028 
0.026095 0.101790 0.463675 0.015012 0.006834 0.011224 0.014392 0.360977 
0.823014 0.016547 0.003297 0.000020 0.035108 0.075364 0.000003 0.046647 
0.328373 0.000001 0.048094 0.105099 0.098376 0.000000 0.336839 0.083219 
0.068613 0.000001 0.159896 0.000022 0.131744 0.000000 0.000003 0.639721 
0.276844 0.021523 0.000008 0.052927 0.085244 0.015893 0.480517 0.067043 
0.007747 0.945648 0.000009 0.029381 0.000006 0.000000 0.000003 0.017206 
0.227058 0.000001 0.041423 0.059398 0.132444 0.000000 0.432610 0.107066 
0.000753 0.209048 0.013645 0.051484 0.030609 0.600853 0.033449 0.060160 
0.785468 0.124528 0.000010 0.052986 0.010467 0.000000 0.000003 0.026537 
0.198944 0.000001 0.014853 0.068657 0.640944 0.000000 0.019612 0.056990 
0.009163 0.122189 0.287194 0.082280 0.000006 0.499017 0.000003 0.000148 
0.011918 0.000001 0.019795 0.000018 0.004516 0.000000 0.000004 0.963748 
0.483090 0.000001 0.028642 0.020433 0.058131 0.000000 0.000003 0.409700 
0.731436 0.000001 0.000009 0.050696 0.037510 0.000000 0.000003 0.180345 
0.145754 0.000001 0.245761 0.176314 0.032458 0.000000 0.235194 0.164518 
0.147680 0.041975 0.028443 0.020824 0.000007 0.000000 0.099764 0.661307 
0.048031 0.770333 0.000009 0.015903 0.024900 0.000000 0.089183 0.051641 
0.088453 0.000001 0.137006 0.416758 0.009938 0.234744 0.092975 0.020124 
0.057465 0.008967 0.000008 0.000024 0.000004 0.840890 0.025530 0.067112 
0.143358 0.000001 0.035981 0.049749 0.146525 0.000000 0.525663 0.098724 
0.127554 0.000001 0.024168 0.420856 0.010363 0.000000 0.148068 0.268990 
0.000309 0.000001 0.015948 0.000018 0.000003 0.983642 0.000003 0.000078 
0.436234 0.000001 0.009103 0.096188 0.414129 0.000000 0.000003 0.044343 
0.499492 0.092151 0.000007 0.119950 0.037624 0.000000 0.043829 0.206947 
0.204505 0.020892 0.038411 0.014054 0.027330 0.019879 0.168397 0.506531 
0.010241 0.034839 0.039468 0.026274 0.000006 0.000000 0.047502 0.841670 
0.137483 0.000001 0.064019 0.000021 0.510723 0.249188 0.000003 0.038563 
0.147295 0.000001 0.000009 0.774402 0.000006 0.000000 0.000003 0.078284 
0.166784 0.000001 0.013578 0.015870 0.534709 0.000000 0.073608 0.195450 
0.199141 0.000001 0.000007 0.260060 0.268052 0.012147 0.249783 0.010809 
0.240695 0.000001 0.003095 0.000021 0.588191 0.000000 0.020235 0.147763 
0.137348 0.000001 0.000010 0.791872 0.031313 0.025531 0.000003 0.013923 
0.877942 0.016202 0.000008 0.048199 0.010928 0.000000 0.019679 0.027042 
0.559289 0.000001 0.023511 0.045453 0.035578 0.019322 0.000003 0.316843 
0.019584 0.926862 0.000009 0.000022 0.000005 0.010259 0.000003 0.043256 
0.857895 0.041955 0.004687 0.030846 0.020744 0.035775 0.000003 0.008095 
0.133446 0.544984 0.000009 0.036750 0.032674 0.008243 0.243790 0.000105 
0.107343 0.090814 0.049499 0.172119 0.000006 0.000000 0.063138 0.517081 
0.136508 0.000001 0.290213 0.087165 0.033415 0.057010 0.395614 0.000074 
0.375132 0.028278 0.000009 0.161338 0.025475 0.018974 0.376258 0.014537 
0.010415 0.000001 0.308547 0.000014 0.003167 0.675507 0.000003 0.002348 
0.057366 0.446150 0.056427 0.036906 0.015969 0.209959 0.027478 0.149744 
0.126503 0.000001 0.000008 0.867602 0.000004 0.000000 0.000003 0.005880 
0.061919 0.015644 0.069155 0.789078 0.000006 0.000000 0.052178 0.012020 
0.408256 0.103560 0.277880 0.030506 0.012993 0.000000 0.166679 0.000125 
0.061284 0.553083 0.193169 0.034905 0.114275 0.016801 0.000003 0.026479 
0.403585 0.000001 0.009485 0.065909 0.061848 0.226064 0.232972 0.000136 
0.084679 0.000001 0.480104 0.067382 0.026744 0.000000 0.321935 0.019156 
0.114255 0.031506 0.000008 0.605639 0.059886 0.055954 0.114546 0.018207 
0.663491 0.084559 0.147985 0.010576 0.039271 0.000000 0.053978 0.000141 
0.066314 0.008054 0.036245 0.092947 0.046443 0.562811 0.000003 0.187183 
0.136006 0.000001 0.000009 0.450073 0.009523 0.218199 0.096026 0.090163 
0.215173 0.000001 0.020275 0.599515 0.000005 0.164907 0.000003 0.000121 
0.034549 0.000001 0.590779 0.188976 0.015910 0.018894 0.038214 0.112677 
0.250790 0.030666 0.405347 0.029912 0.027283 0.185153 0.049902 0.020948 
0.457831 0.016181 0.092094 0.057268 0.042713 0.000000 0.291197 0.042714 
0.024627 0.000001 0.674681 0.101552 0.005988 0.123034 0.052649 0.017467 
0.148870 0.031015 0.000009 0.388104 0.043138 0.007588 0.381195 0.000081 
0.143477 0.000001 0.050385 0.044339 0.049494 0.094296 0.526641 0.091367 
0.378143 0.177656 0.000010 0.000022 0.000006 0.037378 0.406697 0.000089 
0.472979 0.000001 0.010563 0.000020 0.483891 0.000000 0.000003 0.032543 
0.143962 0.000001 0.000010 0.655741 0.142351 0.000000 0.023962 0.033974 
0.054791 0.502319 0.019798 0.099400 0.232300 0.008482 0.000003 0.082906 
0.200060 0.000001 0.000009 0.040912 0.489433 0.010017 0.195968 0.063600 
0.815662 0.019429 0.002146 0.051380 0.030633 0.013911 0.000003 0.066835 
0.020379 0.000001 0.000010 0.018428 0.000006 0.058136 0.000003 0.903038 
0.136240 0.000001 0.100784 0.085084 0.088020 0.000000 0.503749 0.086122 
0.907243 0.032590 0.000009 0.037153 0.000006 0.000000 0.000003 0.022996 
0.402302 0.000001 0.020750 0.528883 0.017034 0.000000 0.000003 0.031027 
0.058897 0.000001 0.573191 0.000022 0.009791 0.019581 0.012190 0.326328 
0.002345 0.000001 0.682397 0.036417 0.010218 0.000000 0.029712 0.238910 
0.000569 0.000001 0.933831 0.000019 0.009457 0.000000 0.044873 0.011250 
0.368593 0.000001 0.012803 0.024062 0.011878 0.233998 0.000003 0.348662 
0.306669 0.014854 0.043360 0.109080 0.087425 0.052315 0.272035 0.114262 
0.134548 0.000001 0.013257 0.047706 0.045812 0.000000 0.374093 0.384584 
0.214163 0.062628 0.012699 0.010526 0.645012 0.000000 0.000003 0.054969 
0.009296 0.966824 0.023747 0.000021 0.000004 0.000000 0.000003 0.000105 
0.272309 0.000001 0.019366 0.080795 0.034437 0.016333 0.576652 0.000107 
0.000393 0.688215 0.002748 0.000015 0.000006 0.290576 0.000003 0.018043 
0.022626 0.000001 0.000009 0.127023 0.132876 0.438755 0.018673 0.260037 
0.797946 0.040206 0.020576 0.031615 0.005213 0.000000 0.000003 0.104441 
0.540245 0.000001 0.009532 0.052544 0.081318 0.280536 0.021067 0.014758 
0.236249 0.000001 0.183484 0.053175 0.000006 0.140212 0.386726 0.000146 
0.155408 0.011913 0.013451 0.085817 0.127716 0.021974 0.467417 0.116304 
0.000301 0.980428 0.000010 0.000015 0.000005 0.019146 0.000002 0.000093 
0.024147 0.059949 0.908074 0.000023 0.000005 0.000000 0.000004 0.007798 
0.105783 0.000001 0.042058 0.069755 0.116366 0.000000 0.581471 0.084567 
0.136695 0.000001 0.033822 0.047472 0.071039 0.393348 0.295294 0.022329 
0.056353 0.000001 0.440594 0.000018 0.000006 0.025990 0.000003 0.477034 
0.124368 0.000001 0.560868 0.031339 0.000006 0.000000 0.053686 0.229734 
0.036424 0.000001 0.307843 0.000022 0.099137 0.518775 0.000003 0.037794 
0.056375 0.664154 0.000008 0.048323 0.000005 0.054390 0.019539 0.157205 
0.021687 0.000001 0.211832 0.050150 0.000006 0.703274 0.012789 0.000262 
0.086470 0.000001 0.120349 0.407635 0.198508 0.158793 0.000003 0.028241 
0.110910 0.249851 0.015993 0.122554 0.054890 0.000000 0.365668 0.080134 
0.070808 0.000001 0.013379 0.367928 0.069882 0.136186 0.000003 0.341814 
0.803220 0.000001 0.042686 0.048448 0.042513 0.000000 0.036977 0.026155 
0.549417 0.176064 0.000009 0.083532 0.040672 0.000000 0.063509 0.086796 
0.501584 0.000001 0.000009 0.139080 0.010036 0.000000 0.349170 0.000120 
0.352484 0.000001 0.000010 0.509444 0.000006 0.124309 0.000003 0.013743 
0.018092 0.263677 0.509237 0.007041 0.000005 0.183670 0.000003 0.018276 
0.469509 0.083300 0.000010 0.069381 0.021824 0.000000 0.089895 0.266080 
0.004253 0.000001 0.008374 0.025999 0.010213 0.012660 0.000003 0.938497 
0.023330 0.000001 0.000010 0.537645 0.013482 0.000000 0.029227 0.396305 
0.028351 0.130661 0.000009 0.029649 0.000007 0.015259 0.000003 0.796061 
0.005919 0.000001 0.000008 0.000024 0.013038 0.798404 0.000003 0.182604 
0.028351 0.845225 0.000008 0.014850 0.060385 0.006614 0.044458 0.000110 
0.115177 0.018292 0.000008 0.866376 0.000006 0.000000 0.000003 0.000139 
0.030729 0.618318 0.184325 0.023960 0.000005 0.000000 0.142541 0.000122 
0.126251 0.187809 0.000009 0.071094 0.067091 0.054361 0.055216 0.438169 
0.078175 0.196131 0.034570 0.150419 0.022661 0.000000 0.000003 0.518042 
0.171487 0.729513 0.049682 0.049201 0.000005 0.000000 0.000003 0.000110 
0.127235 0.000001 0.320148 0.140680 0.000005 0.000000 0.025701 0.386230 
0.100992 0.010872 0.033631 0.038004 0.322894 0.000000 0.038543 0.455064 
0.099124 0.016114 0.302545 0.058921 0.000010 0.000000 0.047804 0.475482 
0.108361 0.000001 0.000008 0.079239 0.748595 0.012941 0.000003 0.050852 
0.230652 0.009642 0.000008 0.097407 0.030712 0.148253 0.483191 0.000135 
0.106779 0.225179 0.042500 0.000021 0.026095 0.000000 0.056938 0.542488 
0.060341 0.397650 0.086738 0.000022 0.181518 0.000000 0.000003 0.273728 
0.166323 0.336553 0.000008 0.000024 0.000006 0.278157 0.000003 0.218926 
0.140030 0.000001 0.044885 0.073235 0.131643 0.000000 0.516853 0.093353 
0.738402 0.000001 0.006756 0.173631 0.051248 0.000000 0.000003 0.029959 
0.009515 0.000001 0.013760 0.017419 0.008116 0.000000 0.000003 0.951186 
0.218622 0.000001 0.000009 0.195784 0.120972 0.009452 0.449051 0.006110 
0.108263 0.015787 0.038393 0.097520 0.014432 0.408149 0.250321 0.067135 
0.000586 0.000001 0.000008 0.000020 0.012626 0.948713 0.000003 0.038042 
0.005408 0.000001 0.503513 0.081865 0.006565 0.033964 0.000003 0.368682 
0.084091 0.000001 0.705679 0.061728 0.000004 0.027090 0.000003 0.121404 
0.233378 0.000001 0.000010 0.000022 0.693505 0.000000 0.026392 0.046692 
0.057666 0.019684 0.022475 0.000020 0.166286 0.706749 0.000003 0.027119 
0.045641 0.000001 0.814458 0.132169 0.000007 0.000000 0.007564 0.000161 
0.184261 0.000001 0.000009 0.203575 0.457605 0.000000 0.118369 0.036179 
0.021164 0.083753 0.633077 0.000021 0.043928 0.000000 0.000003 0.218055 
0.089382 0.346446 0.028594 0.087699 0.026261 0.011267 0.124604 0.285749 
0.135129 0.058311 0.077025 0.000021 0.000007 0.000000 0.155179 0.574327 
0.085378 0.629924 0.005253 0.000022 0.174092 0.000000 0.000003 0.105328 
0.174460 0.000001 0.046065 0.015557 0.105240 0.000000 0.447544 0.211133 
0.088231 0.254483 0.000007 0.595339 0.000005 0.000000 0.000003 0.061931 
0.059067 0.000001 0.477733 0.213660 0.000005 0.000000 0.000003 0.249530 
0.252872 0.008952 0.057420 0.000023 0.037258 0.033359 0.201271 0.408847 
0.248314 0.009817 0.000009 0.078806 0.052828 0.000000 0.536067 0.074159 
0.297538 0.000001 0.019222 0.167637 0.017639 0.382622 0.093267 0.022074 
0.210344 0.000001 0.015834 0.000018 0.702772 0.020658 0.000003 0.050371 
0.002550 0.000001 0.012448 0.128056 0.047041 0.000000 0.182445 0.627460 
0.495915 0.000001 0.015175 0.038260 0.252814 0.000000 0.176305 0.021530 
0.222299 0.034192 0.029195 0.073456 0.020380 0.028452 0.332628 0.259399 
0.149463 0.060859 0.053630 0.554798 0.008252 0.025362 0.147514 0.000123 
0.107216 0.000001 0.237515 0.122920 0.008274 0.007337 0.199340 0.317397 
0.246902 0.007069 0.000008 0.074615 0.033481 0.000000 0.637851 0.000073 
0.213289 0.043560 0.073586 0.000022 0.003592 0.255507 0.011219 0.399225 
0.016950 0.000001 0.499994 0.239037 0.000005 0.189934 0.034159 0.019921 
0.120443 0.000001 0.299254 0.026900 0.068597 0.000000 0.384264 0.100542 
0.152702 0.000001 0.000008 0.033317 0.027267 0.474635 0.312006 0.000064 
0.172022 0.000001 0.000009 0.000021 0.000006 0.590417 0.049391 0.188134 
0.110861 0.154827 0.000007 0.727271 0.006905 0.000000 0.000003 0.000126 
0.040030 0.005113 0.053292 0.000019 0.004366 0.654645 0.022432 0.220102 
0.089480 0.000001 0.008106 0.000016 0.360054 0.477781 0.027927 0.036636 
0.133932 0.016225 0.060005 0.015592 0.039247 0.072863 0.221184 0.440951 
0.125822 0.021273 0.139529 0.013465 0.223092 0.025436 0.108184 0.343199 
0.112662 0.044938 0.257740 0.000024 0.000007 0.419371 0.120408 0.044849 
0.082253 0.882299 0.000007 0.007662 0.000007 0.023384 0.000003 0.004384 
0.090961 0.090529 0.525617 0.000021 0.266104 0.013247 0.005754 0.007768 
0.036171 0.031288 0.291596 0.000022 0.000005 0.451276 0.000003 0.189639 
0.338240 0.023865 0.065347 0.023570 0.014488 0.023500 0.000003 0.510986 
0.090493 0.640665 0.056907 0.000018 0.211798 0.000000 0.000003 0.000116 
0.062229 0.000001 0.334414 0.109975 0.000006 0.000000 0.026803 0.466571 
0.049878 0.536902 0.000010 0.016781 0.000006 0.000000 0.078056 0.318366 
0.231637 0.000001 0.011784 0.094797 0.200633 0.000000 0.452773 0.008376 
0.241440 0.000001 0.007625 0.063014 0.036688 0.011767 0.000003 0.639461 
0.007785 0.959263 0.019638 0.000017 0.000005 0.000000 0.000003 0.013290 
0.650427 0.019859 0.015949 0.050272 0.000005 0.211479 0.018800 0.033209 
0.085406 0.000001 0.045021 0.000020 0.004978 0.505156 0.088131 0.271288 
0.605177 0.023504 0.129018 0.000021 0.109587 0.100166 0.000003 0.032523 
0.054034 0.553331 0.208291 0.166071 0.008404 0.000000 0.000003 0.009866 
0.078286 0.504592 0.012533 0.000020 0.000007 0.008758 0.000003 0.395802 
0.156140 0.015857 0.077933 0.027068 0.003858 0.010208 0.000003 0.708933 
0.216900 0.000001 0.009343 0.050189 0.547720 0.032948 0.105470 0.037430 
0.000312 0.810808 0.000009 0.000014 0.000005 0.170310 0.000003 0.018540 
0.048461 0.622457 0.009334 0.190243 0.000005 0.000000 0.029676 0.099825 
0.659251 0.011999 0.000008 0.044073 0.019525 0.254019 0.000003 0.011122 
0.061540 0.016377 0.058891 0.052366 0.045994 0.420564 0.221433 0.122836 
0.548279 0.000001 0.037379 0.061664 0.084370 0.000000 0.199205 0.069102 
0.337094 0.013286 0.011359 0.000023 0.012192 0.000000 0.014891 0.611156 
0.043941 0.000001 0.014112 0.903219 0.000005 0.000000 0.000003 0.038720 
0.275128 0.000001 0.057700 0.072519 0.247176 0.015878 0.241482 0.090117 
0.105578 0.000000 0.000008 0.862395 0.000005 0.000000 0.031870 0.000144 
0.000844 0.000001 0.715553 0.140740 0.010757 0.000000 0.053284 0.078820 
0.033281 0.377003 0.505226 0.000019 0.019313 0.000000 0.010076 0.055083 
0.167099 0.000001 0.000009 0.021282 0.593256 0.013456 0.072156 0.132743 
0.606354 0.018071 0.000009 0.038879 0.000006 0.020185 0.316389 0.000107 
0.000562 0.159412 0.000008 0.000015 0.000005 0.839890 0.000003 0.000105 
0.092239 0.042853 0.000009 0.840175 0.000005 0.000000 0.020291 0.004428 
0.160619 0.000001 0.018427 0.063791 0.048494 0.043385 0.485990 0.179292 
0.004284 0.091760 0.863016 0.010486 0.000006 0.018665 0.011656 0.000127 
0.156110 0.292021 0.377514 0.028644 0.027788 0.000000 0.097415 0.020508 
0.164867 0.000001 0.070196 0.083055 0.424578 0.009603 0.000003 0.247698 
0.116684 0.069165 0.072493 0.000023 0.020638 0.000000 0.015053 0.705943 
0.291943 0.049155 0.075026 0.019662 0.037554 0.000000 0.464985 0.061674 
0.140329 0.000001 0.061709 0.042134 0.052586 0.239787 0.401748 0.061706 
0.008715 0.000001 0.000009 0.000021 0.000006 0.693696 0.027426 0.270126 
0.806873 0.026451 0.000009 0.014440 0.013409 0.005095 0.042209 0.091515 
0.161528 0.000001 0.186107 0.063735 0.431551 0.000000 0.106340 0.050738 
0.015162 0.000001 0.421622 0.472122 0.000005 0.000000 0.048711 0.042377 
0.544452 0.000001 0.020608 0.308573 0.021954 0.000000 0.077501 0.026911 
0.176412 0.000001 0.075229 0.204024 0.000005 0.113486 0.043143 0.387702 
0.029777 0.567343 0.152802 0.000022 0.000006 0.161924 0.067715 0.020411 
0.415167 0.045635 0.421889 0.040875 0.018659 0.000000 0.031567 0.026207 
0.132882 0.000001 0.188247 0.070858 0.060354 0.000000 0.498679 0.048979 
0.000648 0.000001 0.015573 0.012265 0.006757 0.949373 0.015311 0.000072 
