-1918666.952728
0
0.010233 0.008311 0.002321 0.005094 0.000000 0.000000 0.000000 0.000000 0.034279 0.015004 0.211507 0.013082 0.003495 0.001703 0.000000 0.007919 0.009556 0.005519 0.007227 0.006000 0.000000 0.001470 0.000000 0.003066 0.005517 0.005507 0.000000 0.005614 0.000000 0.000000 0.000000 0.000000 0.021363 0.019384 0.112120 0.016353 0.000000 0.001572 0.000000 0.001181 0.001995 0.004497 0.004648 0.003778 0.000000 0.001623 0.000000 0.000001 0.006668 0.004438 0.000000 0.003443 0.000000 0.001753 0.000000 0.000000 0.027492 0.030796 0.125740 0.017294 0.000000 0.000000 0.000000 0.000000 0.010549 0.005485 0.003821 0.011347 0.000000 0.000000 0.000000 0.000000 0.011447 0.011297 0.002347 0.012002 0.000000 0.000000 0.000000 0.000000 0.013019 0.016858 0.092131 0.010712 0.005178 0.000000 0.000000 0.002192 0.006774 0.003285 0.008644 0.003653 0.000000 0.000155 0.000539 0.000001 
0.000616 0.001349 0.000480 0.008409 0.000995 0.000000 0.000000 0.000590 0.000002 0.003483 0.011813 0.004569 0.000000 0.000247 0.000000 0.000976 0.003393 0.005447 0.002897 0.003665 0.000000 0.003748 0.001573 0.014161 0.002420 0.000799 0.000656 0.015721 0.000000 0.000000 0.000000 0.000000 0.000977 0.002920 0.010727 0.003264 0.000000 0.000000 0.000000 0.000911 0.000455 0.002138 0.001460 0.001911 0.001849 0.002164 0.003635 0.018841 0.001383 0.002116 0.000000 0.009318 0.000000 0.000307 0.000000 0.000462 0.000000 0.014256 0.027421 0.015977 0.000000 0.000000 0.000000 0.000000 0.007661 0.009916 0.006619 0.012062 0.000000 0.002058 0.000866 0.002891 0.037677 0.011584 0.003151 0.309754 0.000000 0.000000 0.000000 0.000000 0.000000 0.019970 0.215606 0.034533 0.000000 0.001108 0.000000 0.002825 0.003257 0.009540 0.007263 0.009741 0.005325 0.010231 0.001883 0.063975 
0.039548 0.036050 0.000000 0.035934 0.008982 0.003584 0.000000 0.008604 0.018630 0.005370 0.020236 0.022850 0.015684 0.014257 0.015984 0.027421 0.013841 0.007015 0.008456 0.022036 0.004878 0.000000 0.008055 0.004326 0.033372 0.025601 0.000000 0.032513 0.006165 0.005148 0.000000 0.008269 0.001392 0.001571 0.006640 0.018090 0.014072 0.019675 0.017032 0.028975 0.003878 0.011387 0.004511 0.011214 0.002462 0.001803 0.007313 0.004182 0.023784 0.015622 0.000000 0.024430 0.002364 0.002853 0.000000 0.006382 0.000000 0.000025 0.011535 0.004151 0.008157 0.008489 0.009548 0.020229 0.004654 0.005054 0.004579 0.007733 0.000778 0.001079 0.006895 0.007252 0.029599 0.018122 0.000000 0.037304 0.004339 0.002960 0.000000 0.005573 0.000000 0.000567 0.000000 0.010410 0.016331 0.014192 0.008083 0.033436 0.003719 0.005862 0.000000 0.008927 0.001533 0.001859 0.007363 0.007220 
0.037126 0.031577 0.019335 0.025893 0.009130 0.005589 0.003330 0.005252 0.011347 0.007488 0.001917 0.005001 0.004231 0.004085 0.009460 0.002371 0.007794 0.002025 0.007827 0.002045 0.000000 0.000000 0.001388 0.000000 0.047556 0.064164 0.009789 0.046743 0.010874 0.009758 0.006924 0.008892 0.020398 0.014123 0.008397 0.018891 0.008524 0.011204 0.036622 0.011099 0.003959 0.001918 0.010049 0.004488 0.000000 0.001001 0.004087 0.000725 0.040064 0.041617 0.024722 0.024868 0.006187 0.008900 0.006781 0.005868 0.008360 0.007700 0.002277 0.007245 0.006228 0.005061 0.013908 0.004032 0.005113 0.000965 0.003934 0.001889 0.000000 0.000000 0.001469 0.000000 0.034462 0.055342 0.010920 0.036911 0.002974 0.010547 0.003406 0.004972 0.004742 0.006213 0.000000 0.006794 0.004397 0.003560 0.009275 0.003323 0.002195 0.001344 0.003233 0.001379 0.000000 0.000000 0.002428 0.000001 
0.023176 0.020300 0.000000 0.016376 0.035202 0.017725 0.007820 0.036425 0.017647 0.006479 0.000001 0.013422 0.006406 0.004438 0.000000 0.000001 0.000013 0.005762 0.000005 0.008760 0.000000 0.000000 0.011310 0.010513 0.019763 0.018786 0.000000 0.011389 0.027412 0.019677 0.004648 0.040634 0.010876 0.002028 0.000422 0.014197 0.009175 0.017826 0.008790 0.020556 0.000002 0.015403 0.001474 0.004227 0.000000 0.009828 0.014124 0.003137 0.000001 0.007208 0.000000 0.010825 0.020170 0.014905 0.000000 0.029446 0.020813 0.007102 0.000000 0.006184 0.000000 0.005275 0.007808 0.009360 0.000001 0.004901 0.000001 0.000024 0.005992 0.008677 0.028026 0.007584 0.003261 0.017487 0.000000 0.005486 0.029012 0.034196 0.003373 0.056546 0.021792 0.011554 0.000000 0.010422 0.004309 0.012672 0.005544 0.012802 0.004236 0.010305 0.004390 0.005581 0.000000 0.007591 0.014594 0.014386 
0.005780 0.000003 0.000847 0.000000 0.000000 0.000000 0.000000 0.000000 0.001701 0.002575 0.000001 0.000974 0.014827 0.001071 0.004782 0.019136 0.021640 0.009141 0.018249 0.023848 0.048562 0.007876 0.004312 0.027056 0.006600 0.003006 0.000000 0.003928 0.000000 0.000000 0.000000 0.000000 0.006490 0.005494 0.000809 0.003421 0.004671 0.001402 0.001551 0.000002 0.016885 0.010642 0.015476 0.036744 0.032401 0.008327 0.017152 0.073035 0.009570 0.007843 0.000000 0.003504 0.000000 0.000000 0.000000 0.003824 0.003124 0.002858 0.000000 0.009082 0.000000 0.002249 0.000000 0.000000 0.007814 0.010559 0.009880 0.011400 0.010223 0.000000 0.004055 0.026719 0.022094 0.000003 0.000000 0.036093 0.001521 0.000000 0.000000 0.004454 0.007579 0.009048 0.000000 0.012384 0.026485 0.000000 0.017375 0.012271 0.017475 0.015017 0.011015 0.043593 0.080067 0.010675 0.010477 0.079250 
0.000001 0.000774 0.000000 0.000000 0.000000 0.000000 0.000000 0.000000 0.007804 0.002772 0.002868 0.002614 0.000000 0.000001 0.000000 0.000000 0.001155 0.000547 0.000204 0.001145 0.000000 0.000000 0.000000 0.000000 0.000775 0.000434 0.000000 0.000010 0.000000 0.000000 0.000000 0.000000 0.014429 0.004507 0.004254 0.009401 0.000000 0.000000 0.000291 0.000605 0.000683 0.000502 0.000001 0.000275 0.000000 0.000001 0.000000 0.000000 0.000000 0.000003 0.000259 0.000001 0.000000 0.000000 0.000000 0.000000 0.005953 0.001863 0.000000 0.003453 0.000000 0.000141 0.000000 0.000000 0.000000 0.000001 0.000000 0.000909 0.000000 0.000000 0.000000 0.000000 0.015397 0.006022 0.002264 0.011876 0.040766 0.000000 0.001623 0.068819 0.424643 0.083449 0.047030 0.229215 0.000000 0.000000 0.000000 0.000001 0.000007 0.000002 0.000000 0.000244 0.000000 0.000000 0.000001 0.000001 
0.000001 0.000001 0.000000 0.000000 0.000000 0.000000 0.000000 0.000000 0.000001 0.018692 0.000000 0.004229 0.000974 0.000634 0.000514 0.003260 0.000903 0.000196 0.000646 0.001043 0.000000 0.000000 0.000468 0.000000 0.001039 0.000000 0.000000 0.001636 0.000000 0.000151 0.000430 0.000000 0.075016 0.101086 0.022042 0.079967 0.000000 0.001594 0.000585 0.002263 0.000647 0.000647 0.000836 0.004064 0.000000 0.000769 0.000877 0.001589 0.000000 0.000328 0.000000 0.000001 0.000000 0.000500 0.000000 0.000000 0.000000 0.020717 0.000000 0.016077 0.000000 0.000240 0.000602 0.000623 0.000000 0.000001 0.000541 0.007464 0.000000 0.000000 0.001977 0.001005 0.001589 0.002241 0.000000 0.001684 0.000000 0.001123 0.000000 0.000000 0.120738 0.289364 0.102498 0.083003 0.000862 0.001663 0.001242 0.006083 0.002119 0.001718 0.001733 0.002334 0.000000 0.000815 0.000945 0.001372 
0.024560 0.008163 0.003774 0.021416 0.000000 0.019674 0.000000 0.000000 0.000023 0.015644 0.000005 0.030511 0.000001 0.000008 0.033494 0.000008 0.006500 0.000061 0.000030 0.000202 0.000000 0.000000 0.002161 0.000001 0.017837 0.000007 0.000000 0.000232 0.017797 0.000000 0.000000 0.000000 0.029110 0.021608 0.001610 0.024299 0.000000 0.000004 0.000001 0.000015 0.000013 0.005390 0.000028 0.015623 0.000000 0.000011 0.000006 0.000008 0.018590 0.004733 0.012028 0.000011 0.000000 0.000003 0.000000 0.000001 0.000003 0.037588 0.000001 0.018187 0.000000 0.000001 0.000000 0.032479 0.011917 0.016826 0.000007 0.011175 0.000000 0.000000 0.000003 0.000001 0.000727 0.000024 0.000000 0.116269 0.000000 0.000000 0.000000 0.000000 0.000006 0.035325 0.177675 0.149558 0.000001 0.000001 0.000000 0.000010 0.010297 0.000031 0.000007 0.024257 0.000000 0.000002 0.000010 0.022410 
0.000001 0.001637 0.000000 0.000000 0.001529 0.000749 0.000000 0.001967 0.029369 0.017551 0.086134 0.015563 0.000000 0.002920 0.000000 0.004595 0.006509 0.006408 0.022926 0.002315 0.000000 0.002095 0.001224 0.002596 0.009597 0.023752 0.009832 0.061142 0.000000 0.000000 0.000000 0.000000 0.007156 0.009726 0.092278 0.007533 0.000000 0.001756 0.000000 0.000325 0.006626 0.003258 0.029279 0.003348 0.000000 0.003860 0.004851 0.008868 0.001816 0.004930 0.001950 0.008490 0.000000 0.002223 0.000000 0.001579 0.069500 0.080778 0.139042 0.056467 0.000000 0.002502 0.000000 0.001485 0.013114 0.005868 0.011102 0.003524 0.000000 0.001625 0.001136 0.003335 0.000018 0.000002 0.000000 0.005388 0.000000 0.000000 0.000000 0.000000 0.009225 0.007481 0.037032 0.006023 0.000000 0.000609 0.000000 0.000001 0.006187 0.003223 0.010565 0.002605 0.000000 0.002122 0.001053 0.008726 
0.013885 0.008088 0.001445 0.008679 0.013214 0.009406 0.002420 0.014816 0.021578 0.012804 0.008467 0.018536 0.009158 0.008553 0.012958 0.013214 0.041103 0.015756 0.030426 0.033404 0.003761 0.002956 0.007211 0.004160 0.008254 0.000000 0.002638 0.007217 0.007090 0.007569 0.002789 0.011022 0.022844 0.017505 0.006381 0.020014 0.003967 0.006338 0.009438 0.010389 0.019878 0.014851 0.019761 0.022554 0.002611 0.003778 0.008548 0.013829 0.012480 0.008911 0.000000 0.010253 0.005914 0.006106 0.000701 0.007350 0.017613 0.014104 0.005024 0.019192 0.008008 0.003839 0.006505 0.005047 0.018731 0.011335 0.016071 0.016794 0.002759 0.000000 0.006701 0.003591 0.012795 0.010438 0.003134 0.018401 0.002346 0.009312 0.001050 0.007530 0.000000 0.014641 0.000000 0.005469 0.010502 0.007297 0.007846 0.011329 0.019446 0.015858 0.013955 0.020014 0.006971 0.005450 0.007344 0.016584 
0.600954 0.000000 0.055902 0.000012 0.000000 0.101007 0.000001 0.136780 0.022751 0.000000 0.082593 
0.210601 0.000000 0.117898 0.482554 0.000000 0.031123 0.111157 0.016054 0.000000 0.000000 0.030613 
0.052868 0.000000 0.000003 0.090525 0.000000 0.181596 0.022682 0.267085 0.000000 0.000000 0.385240 
0.615227 0.014677 0.016977 0.199572 0.000000 0.010337 0.007710 0.000000 0.000000 0.000000 0.135500 
0.394732 0.000000 0.020287 0.228815 0.063841 0.000000 0.000001 0.000000 0.024840 0.067779 0.199705 
0.339205 0.000000 0.000003 0.035502 0.000000 0.016816 0.000001 0.021202 0.000000 0.479080 0.108191 
0.000002 0.565156 0.046465 0.000014 0.025048 0.000000 0.010008 0.012604 0.000000 0.340647 0.000056 
0.273813 0.000000 0.000003 0.053934 0.034608 0.000000 0.000001 0.417092 0.037174 0.000000 0.183375 
0.232157 0.032838 0.269811 0.017699 0.000000 0.000000 0.369532 0.000000 0.000000 0.000000 0.077964 
0.383054 0.000000 0.000003 0.016921 0.037424 0.000000 0.449954 0.019813 0.000000 0.000000 0.092830 
0.008900 0.000000 0.072081 0.051427 0.000000 0.021753 0.000001 0.818798 0.000000 0.000000 0.027040 
0.015036 0.357236 0.038994 0.250991 0.000000 0.220281 0.000001 0.000000 0.000000 0.000000 0.117461 
0.103589 0.012291 0.212065 0.047088 0.000000 0.000000 0.040587 0.000000 0.000000 0.538413 0.045968 
0.000002 0.555064 0.085687 0.018138 0.155747 0.000000 0.006695 0.037475 0.000000 0.000000 0.141193 
0.104049 0.016953 0.380930 0.393441 0.000000 0.000000 0.014008 0.000000 0.000000 0.000000 0.090619 
0.332797 0.016158 0.032208 0.000013 0.000000 0.000000 0.033582 0.551993 0.000000 0.000000 0.033249 
0.000002 0.720155 0.093048 0.000014 0.083294 0.089363 0.000000 0.000000 0.000000 0.014065 0.000059 
0.058273 0.000000 0.132826 0.332342 0.045044 0.156145 0.000000 0.039278 0.000000 0.098005 0.138086 
0.000002 0.000000 0.000003 0.000013 0.000000 0.000000 0.000001 0.817144 0.000000 0.013845 0.168991 
0.000002 0.986645 0.000004 0.000013 0.008521 0.000000 0.004759 0.000000 0.000000 0.000000 0.000056 
0.000002 0.080583 0.043104 0.073360 0.364978 0.000000 0.123304 0.000000 0.000000 0.000000 0.314670 
0.069109 0.000000 0.040377 0.000015 0.093340 0.073281 0.000001 0.612720 0.000000 0.000000 0.111157 
0.009708 0.498901 0.211287 0.034978 0.000000 0.056180 0.071429 0.042884 0.000000 0.000000 0.074633 
0.727575 0.000000 0.000003 0.022058 0.000000 0.000000 0.077531 0.000000 0.023037 0.000000 0.149795 
0.000002 0.022876 0.101968 0.091280 0.367394 0.033783 0.124187 0.000000 0.000000 0.000000 0.258512 
0.000002 0.000000 0.016250 0.000014 0.018882 0.002642 0.956240 0.000000 0.000000 0.005907 0.000064 
0.461336 0.025020 0.000003 0.142772 0.038676 0.000000 0.095499 0.177590 0.000000 0.059046 0.000057 
0.050040 0.000000 0.113849 0.215244 0.061410 0.000000 0.015906 0.000000 0.021692 0.000000 0.521859 
0.000002 0.000000 0.272148 0.064733 0.352212 0.007919 0.000000 0.000000 0.000000 0.000000 0.302985 
0.581361 0.000000 0.038356 0.011775 0.000000 0.000000 0.015873 0.198029 0.000000 0.033547 0.121060 
0.066014 0.000000 0.028207 0.881604 0.000000 0.000000 0.000000 0.000000 0.024121 0.000000 0.000054 
0.018151 0.018297 0.498761 0.027698 0.000000 0.236533 0.008463 0.009845 0.000000 0.000000 0.182252 
0.000002 0.252889 0.145017 0.000014 0.000000 0.187871 0.000001 0.000000 0.000000 0.414149 0.000057 
0.187638 0.000000 0.000003 0.215128 0.000000 0.000000 0.010317 0.015125 0.038710 0.185306 0.347773 
0.000002 0.000000 0.067628 0.130282 0.000000 0.000000 0.000001 0.039324 0.041569 0.041053 0.680142 
0.000002 0.662757 0.077745 0.000014 0.155957 0.000000 0.000001 0.036417 0.000000 0.000000 0.067109 
0.025263 0.000000 0.610824 0.065325 0.000000 0.000000 0.000001 0.159809 0.000000 0.000000 0.138779 
0.000001 0.000000 0.089287 0.326184 0.000000 0.000000 0.030808 0.529049 0.024613 0.000000 0.000057 
0.043191 0.000000 0.000003 0.245935 0.021714 0.000000 0.118105 0.000000 0.000000 0.000000 0.571052 
0.310757 0.000000 0.000003 0.043464 0.000000 0.000000 0.296573 0.211160 0.014258 0.029294 0.094490 
0.035898 0.211613 0.176509 0.000013 0.024550 0.417312 0.000001 0.000000 0.000000 0.000000 0.134104 
0.015367 0.146471 0.042068 0.079138 0.108072 0.000000 0.013157 0.239209 0.000000 0.000000 0.356516 
0.035983 0.000000 0.039947 0.711335 0.000000 0.029433 0.011212 0.000000 0.000000 0.000000 0.172089 
0.030230 0.000000 0.048418 0.092345 0.000000 0.000000 0.460704 0.293809 0.021777 0.052659 0.000058 
0.000002 0.000000 0.041817 0.226957 0.020384 0.015258 0.000001 0.000000 0.000000 0.597624 0.097957 
0.000002 0.000000 0.347908 0.060880 0.000000 0.034837 0.375420 0.100408 0.000000 0.000000 0.080545 
0.086722 0.073146 0.167824 0.000013 0.019828 0.523902 0.000000 0.000000 0.000000 0.000000 0.128564 
0.000002 0.000000 0.048502 0.617357 0.192687 0.000000 0.000001 0.000000 0.000000 0.000000 0.141452 
0.000004 0.000000 0.007462 0.000011 0.000000 0.000000 0.258296 0.734189 0.000000 0.000000 0.000039 
0.014916 0.000000 0.059118 0.116505 0.000000 0.019318 0.744325 0.000000 0.000000 0.000000 0.045818 
0.035270 0.031151 0.776786 0.057805 0.000000 0.000000 0.009452 0.000000 0.000000 0.000000 0.089536 
0.000002 0.000000 0.041756 0.106268 0.467581 0.044001 0.000000 0.083211 0.000000 0.000000 0.257181 
0.087702 0.876771 0.000003 0.003339 0.000000 0.000000 0.005689 0.000000 0.026440 0.000000 0.000055 
0.000002 0.637388 0.000003 0.210073 0.000000 0.000000 0.012371 0.110069 0.030035 0.000000 0.000059 
0.430663 0.412497 0.000003 0.040510 0.015201 0.000000 0.010050 0.042392 0.000000 0.000000 0.048685 
0.024885 0.000000 0.626795 0.040464 0.000000 0.000000 0.017897 0.039248 0.000000 0.000000 0.250710 
0.081656 0.000000 0.000003 0.039845 0.000000 0.015512 0.185578 0.118682 0.000000 0.551565 0.007160 
0.283619 0.000000 0.000004 0.011944 0.000000 0.000000 0.601945 0.060362 0.000000 0.000000 0.042127 
0.000002 0.000000 0.064356 0.000015 0.000000 0.000000 0.000001 0.550586 0.000000 0.097772 0.287269 
0.000002 0.000000 0.153055 0.043731 0.000000 0.000000 0.026420 0.017658 0.000000 0.065862 0.693272 
0.071809 0.000000 0.107471 0.188038 0.000000 0.147829 0.000000 0.000000 0.000000 0.411042 0.073811 
0.010030 0.021025 0.702614 0.056781 0.050274 0.020089 0.010816 0.000000 0.000000 0.000000 0.128370 
0.031952 0.143777 0.000003 0.067055 0.167832 0.000000 0.000001 0.385783 0.000000 0.000000 0.203597 
0.030516 0.000000 0.042705 0.083644 0.000000 0.000000 0.022235 0.026082 0.000000 0.049888 0.744930 
0.019518 0.068491 0.743130 0.034932 0.000000 0.000000 0.011881 0.000000 0.000000 0.000000 0.122048 
0.000002 0.000000 0.000003 0.971848 0.000000 0.000000 0.000000 0.000000 0.004765 0.000000 0.023381 
0.000002 0.000000 0.000003 0.089138 0.000000 0.000000 0.000000 0.182161 0.000000 0.728645 0.000050 
0.100474 0.588664 0.000003 0.000013 0.000000 0.000000 0.000001 0.184666 0.008912 0.000000 0.117267 
0.021595 0.000000 0.043531 0.055066 0.000000 0.000000 0.024016 0.181038 0.000000 0.281513 0.393241 
0.000002 0.000000 0.140742 0.668321 0.000000 0.000000 0.000001 0.021673 0.000000 0.060966 0.108295 
0.000002 0.000000 0.028352 0.124993 0.084229 0.000000 0.480802 0.000000 0.000000 0.025926 0.255695 
0.000001 0.000000 0.014016 0.024597 0.000000 0.000000 0.037213 0.852245 0.000000 0.000000 0.071928 
0.666066 0.041195 0.000003 0.000013 0.031074 0.000000 0.000001 0.012924 0.037064 0.147439 0.064221 
0.589681 0.092993 0.012806 0.000013 0.000000 0.000000 0.050530 0.051719 0.046535 0.040241 0.115481 
0.057581 0.023298 0.102463 0.334127 0.184806 0.021142 0.000001 0.000000 0.000000 0.000000 0.276582 
0.000002 0.658399 0.074232 0.009920 0.000000 0.034419 0.000001 0.083317 0.000000 0.139656 0.000054 
0.348984 0.019154 0.023350 0.186802 0.043994 0.028636 0.349021 0.000000 0.000000 0.000000 0.000060 
0.040473 0.021481 0.115815 0.083521 0.398304 0.026410 0.000001 0.017966 0.000000 0.000000 0.296029 
0.019646 0.000000 0.296665 0.034054 0.000000 0.000000 0.000001 0.606294 0.000000 0.000000 0.043340 
0.027369 0.000000 0.560873 0.012612 0.000000 0.211542 0.007087 0.000000 0.038482 0.000000 0.142035 
0.102229 0.230675 0.000003 0.099848 0.000000 0.000000 0.329969 0.000000 0.000000 0.031376 0.205899 
0.234461 0.000000 0.161242 0.000014 0.327481 0.026466 0.000001 0.036906 0.000000 0.000000 0.213430 
0.081832 0.000000 0.121715 0.000012 0.000000 0.621929 0.000001 0.000000 0.000000 0.000000 0.174511 
0.064138 0.000000 0.031176 0.000013 0.000000 0.000000 0.019684 0.788661 0.000000 0.030206 0.066121 
0.040622 0.000000 0.122751 0.000013 0.000000 0.295498 0.345139 0.000000 0.000000 0.042899 0.153078 
0.300006 0.000000 0.000003 0.625251 0.000000 0.009219 0.016469 0.000000 0.000000 0.000000 0.049052 
0.047869 0.037243 0.030604 0.056975 0.198464 0.000000 0.000001 0.012606 0.000000 0.053482 0.562756 
0.077142 0.000000 0.120610 0.000015 0.000000 0.393009 0.011817 0.000000 0.000000 0.000000 0.397407 
0.216769 0.026652 0.553929 0.036316 0.011834 0.000000 0.000001 0.000000 0.000000 0.000000 0.154500 
0.000002 0.000000 0.000003 0.003531 0.000000 0.000000 0.178614 0.639113 0.000000 0.168718 0.010019 
0.038902 0.000000 0.077772 0.000014 0.000000 0.385533 0.000001 0.000000 0.063998 0.029122 0.404658 
0.011303 0.000000 0.000003 0.936215 0.038144 0.000000 0.000001 0.000000 0.000000 0.000000 0.014334 
0.000002 0.000000 0.479208 0.039073 0.000000 0.000000 0.012409 0.000000 0.067362 0.000000 0.401945 
0.095483 0.087510 0.016507 0.000014 0.000000 0.097326 0.000000 0.656739 0.000000 0.000000 0.046421 
0.044056 0.047457 0.000004 0.104899 0.000000 0.000000 0.000000 0.523451 0.032842 0.000000 0.247292 
0.016738 0.386418 0.081049 0.164693 0.000000 0.193818 0.000001 0.062428 0.000000 0.000000 0.094856 
0.000002 0.000000 0.803776 0.063659 0.000000 0.000000 0.016191 0.000000 0.018797 0.000000 0.097576 
0.405208 0.025701 0.180789 0.058378 0.160191 0.013453 0.000001 0.000000 0.000000 0.000000 0.156278 
0.000002 0.273472 0.215525 0.000014 0.225497 0.111431 0.000000 0.000000 0.032968 0.000000 0.141091 
0.622003 0.000000 0.078065 0.000014 0.000000 0.018237 0.009149 0.000000 0.000000 0.000000 0.272533 
0.027494 0.000000 0.683844 0.045862 0.000000 0.000000 0.000001 0.083040 0.000000 0.000000 0.159760 
0.015326 0.000000 0.000003 0.894625 0.000000 0.000000 0.051473 0.000000 0.000000 0.000000 0.038572 
0.000002 0.671270 0.000003 0.328672 0.000000 0.000000 0.000000 0.000000 0.000000 0.000000 0.000052 
0.047256 0.062509 0.145578 0.000011 0.000000 0.503602 0.000001 0.000000 0.000000 0.100724 0.140318 
0.082567 0.260428 0.092519 0.000014 0.000000 0.000000 0.000000 0.197698 0.000000 0.346713 0.020061 
0.016964 0.000000 0.740864 0.078287 0.000000 0.000000 0.021735 0.023122 0.014216 0.000000 0.104813 
0.685531 0.000000 0.000004 0.000015 0.000000 0.023185 0.064046 0.030369 0.057197 0.000000 0.139654 
0.000002 0.245724 0.000003 0.674820 0.000000 0.000000 0.020132 0.000000 0.059261 0.000000 0.000056 
0.452162 0.000000 0.116923 0.031355 0.000000 0.214783 0.014849 0.000000 0.000000 0.044038 0.125889 
0.000002 0.140265 0.042464 0.693895 0.026031 0.000000 0.009868 0.087420 0.000000 0.000000 0.000054 
0.021208 0.000000 0.000003 0.046296 0.000000 0.000000 0.032087 0.666325 0.000000 0.000000 0.234082 
0.006272 0.000000 0.000003 0.007907 0.000000 0.000000 0.861519 0.124257 0.000000 0.000000 0.000043 
0.000002 0.000000 0.000003 0.000015 0.000000 0.000000 0.021046 0.679513 0.049335 0.033872 0.216214 
0.086898 0.041437 0.091764 0.020433 0.000000 0.152625 0.010354 0.000000 0.000000 0.564484 0.032004 
0.000002 0.269746 0.000003 0.050101 0.000000 0.017626 0.026180 0.061521 0.000000 0.000000 0.574821 
0.005343 0.658852 0.041872 0.000012 0.000000 0.211162 0.000001 0.024285 0.000000 0.000000 0.058473 
0.000002 0.765088 0.000004 0.000016 0.000000 0.000000 0.189865 0.000000 0.000000 0.033325 0.011701 
0.028848 0.000000 0.788475 0.100116 0.000000 0.017656 0.011163 0.000000 0.000000 0.000000 0.053741 
0.029283 0.000000 0.057786 0.132215 0.000000 0.000000 0.033978 0.000000 0.000000 0.036838 0.709900 
0.427142 0.000000 0.035504 0.033328 0.050234 0.047607 0.000001 0.090909 0.000000 0.315219 0.000056 
0.030885 0.000000 0.086825 0.004653 0.000000 0.448609 0.016247 0.224299 0.000000 0.035690 0.152792 
0.027151 0.053527 0.079031 0.000014 0.034041 0.000000 0.112265 0.000000 0.000000 0.056616 0.637354 
0.066608 0.017387 0.000005 0.088017 0.061773 0.000000 0.015123 0.000000 0.000000 0.000000 0.751087 
0.017510 0.000000 0.000003 0.512555 0.000000 0.000000 0.266492 0.185254 0.000000 0.000000 0.018186 
0.036638 0.222153 0.328323 0.060319 0.000000 0.228731 0.000001 0.087387 0.000000 0.000000 0.036449 
0.302986 0.000000 0.108802 0.044561 0.229856 0.034934 0.012514 0.000000 0.000000 0.000000 0.266347 
0.000002 0.738353 0.160784 0.047089 0.000000 0.033051 0.000000 0.000000 0.020664 0.000000 0.000056 
0.024282 0.000000 0.889290 0.000015 0.000000 0.011818 0.020140 0.000000 0.000000 0.000000 0.054455 
0.000002 0.000000 0.049736 0.765617 0.000000 0.000000 0.000001 0.042368 0.000000 0.111144 0.031133 
0.000002 0.000000 0.174619 0.051272 0.000000 0.000000 0.000001 0.000000 0.000000 0.763751 0.010355 
0.064514 0.570749 0.019205 0.000014 0.000000 0.000000 0.036392 0.309068 0.000000 0.000000 0.000058 
0.000002 0.077490 0.074926 0.000019 0.000000 0.503302 0.000000 0.184780 0.000000 0.040301 0.119181 
0.021371 0.000000 0.690884 0.148642 0.000000 0.000000 0.014594 0.000000 0.000000 0.000000 0.124509 
0.000002 0.000000 0.033878 0.100575 0.177564 0.074351 0.000000 0.000000 0.000000 0.429178 0.184452 
0.050277 0.000000 0.176796 0.000014 0.000000 0.408458 0.000001 0.016038 0.000000 0.000000 0.348417 
0.033601 0.000000 0.142697 0.373087 0.000000 0.308107 0.000001 0.000000 0.000000 0.000000 0.142508 
0.071574 0.032327 0.276635 0.038203 0.000000 0.000000 0.306968 0.000000 0.000000 0.226286 0.048007 
0.000002 0.096339 0.184579 0.000014 0.052971 0.463918 0.000000 0.000000 0.030212 0.000000 0.171964 
0.449568 0.020295 0.000003 0.362487 0.022337 0.000000 0.000001 0.035662 0.000000 0.000000 0.109646 
0.019809 0.000000 0.631676 0.070588 0.000000 0.047344 0.120300 0.089481 0.000000 0.000000 0.020803 
0.038019 0.000000 0.082200 0.445614 0.141157 0.000000 0.040552 0.000000 0.000000 0.073739 0.178718 
0.000002 0.000000 0.000004 0.000015 0.000000 0.000000 0.635523 0.000000 0.000000 0.039232 0.325225 
0.045498 0.000000 0.022960 0.035164 0.210598 0.000000 0.000001 0.478009 0.000000 0.035764 0.172006 
0.000002 0.044996 0.206334 0.518647 0.081962 0.000000 0.000001 0.000000 0.000000 0.000000 0.148059 
0.018440 0.000000 0.015030 0.452054 0.000000 0.193401 0.100372 0.124894 0.000000 0.000000 0.095810 
0.000002 0.000000 0.125037 0.048998 0.045899 0.000000 0.025100 0.671066 0.000000 0.000000 0.083897 
0.085788 0.010743 0.051837 0.000014 0.000000 0.019542 0.008799 0.000000 0.000000 0.700022 0.123255 
0.000002 0.398308 0.107438 0.101137 0.000000 0.000000 0.009664 0.000000 0.057769 0.025791 0.299891 
0.000002 0.158789 0.161883 0.288254 0.028633 0.066189 0.000001 0.016726 0.000000 0.008546 0.270977 
0.000002 0.173331 0.000003 0.017674 0.000000 0.000000 0.000000 0.784646 0.024286 0.000000 0.000058 
0.557399 0.032438 0.066203 0.227597 0.000000 0.000000 0.022592 0.000000 0.000000 0.000000 0.093770 
0.551510 0.056383 0.152743 0.000014 0.051222 0.019446 0.020117 0.000000 0.057435 0.091073 0.000058 
0.056102 0.000000 0.033697 0.884027 0.000000 0.000000 0.003958 0.000000 0.000000 0.000000 0.022216 
0.000002 0.745940 0.044785 0.113486 0.000000 0.000000 0.007024 0.000000 0.000000 0.000000 0.088764 
0.311235 0.495527 0.000003 0.000014 0.000000 0.000000 0.014697 0.000000 0.000000 0.000000 0.178524 
0.000002 0.123914 0.087960 0.726866 0.000000 0.000000 0.000000 0.000000 0.000000 0.013205 0.048053 
0.000002 0.000000 0.083754 0.081235 0.000000 0.005660 0.000001 0.739719 0.000000 0.089576 0.000054 
0.006477 0.000000 0.000003 0.008289 0.048316 0.000000 0.915827 0.000000 0.000000 0.000000 0.021087 
0.333912 0.091552 0.068744 0.033601 0.300494 0.028515 0.026714 0.000000 0.000000 0.000000 0.116467 
0.392155 0.323646 0.000003 0.059566 0.000000 0.000000 0.015320 0.000000 0.000000 0.096740 0.112570 
0.000002 0.598466 0.113038 0.000014 0.000000 0.000000 0.206712 0.000000 0.000000 0.027195 0.054574 
0.000002 0.489892 0.040789 0.019484 0.000000 0.000000 0.021563 0.428217 0.000000 0.000000 0.000054 
0.058631 0.000000 0.030873 0.000014 0.000000 0.000000 0.151262 0.000000 0.000000 0.716924 0.042296 
0.360766 0.000000 0.000003 0.021235 0.000000 0.000000 0.194151 0.000000 0.000000 0.304968 0.118877 
0.190158 0.000000 0.000003 0.000013 0.000000 0.000000 0.047094 0.409919 0.037140 0.252532 0.063142 
0.275204 0.000000 0.000003 0.201541 0.000000 0.059480 0.308441 0.043427 0.000000 0.056561 0.055343 
0.019529 0.037706 0.743717 0.053703 0.000000 0.000000 0.000001 0.000000 0.000000 0.000000 0.145345 
0.000002 0.170871 0.064747 0.050358 0.352297 0.017865 0.000001 0.016653 0.000000 0.000000 0.327207 
0.051443 0.018948 0.064032 0.177621 0.000000 0.010642 0.000001 0.021592 0.000000 0.000000 0.655721 
0.110952 0.000000 0.007954 0.028006 0.000000 0.000000 0.000000 0.056545 0.000000 0.796487 0.000055 
0.542097 0.000000 0.017480 0.000014 0.047853 0.000000 0.050135 0.000000 0.000000 0.000000 0.342422 
0.033846 0.000000 0.088917 0.098942 0.417069 0.037083 0.000001 0.005318 0.000000 0.000000 0.318825 
0.000002 0.000000 0.000003 0.535405 0.000000 0.000000 0.000001 0.020860 0.000000 0.021864 0.421865 
0.050021 0.000000 0.018200 0.054369 0.000000 0.000000 0.031595 0.012248 0.000000 0.000000 0.833568 
0.049944 0.023377 0.000003 0.843431 0.000000 0.000000 0.000001 0.000000 0.000000 0.016067 0.067177 
0.009489 0.000000 0.000003 0.015575 0.070281 0.000000 0.366333 0.000000 0.000000 0.419153 0.119166 
0.265229 0.000000 0.035298 0.368686 0.000000 0.124103 0.008188 0.000000 0.000000 0.000000 0.198496 
0.019981 0.074567 0.355372 0.333568 0.000000 0.070345 0.000001 0.025108 0.000000 0.000000 0.121058 
0.072139 0.146834 0.067017 0.064882 0.000000 0.009324 0.000001 0.540422 0.000000 0.046520 0.052862 
0.401725 0.043233 0.000004 0.000014 0.058748 0.000000 0.129755 0.000000 0.000000 0.266140 0.100382 
0.000001 0.000000 0.000003 0.562973 0.000000 0.000000 0.000001 0.427881 0.000000 0.000000 0.009140 
0.093222 0.124172 0.000004 0.000015 0.000000 0.000000 0.000000 0.000000 0.000000 0.715666 0.066922 
0.000002 0.000000 0.186252 0.026210 0.078648 0.496872 0.000001 0.100621 0.000000 0.008673 0.102722 
0.022595 0.000000 0.044947 0.000013 0.000000 0.000000 0.000001 0.497145 0.000000 0.435243 0.000056 
0.029821 0.000000 0.125699 0.000014 0.000000 0.545756 0.000000 0.000000 0.000000 0.000000 0.298710 
0.000002 0.000000 0.006333 0.000014 0.008181 0.000000 0.985418 0.000000 0.000000 0.000000 0.000053 
0.000002 0.592710 0.000003 0.324733 0.000000 0.000000 0.028068 0.000000 0.054429 0.000000 0.000054 
0.000002 0.000000 0.000003 0.081205 0.248616 0.000000 0.000001 0.257579 0.052936 0.206028 0.153630 
0.028299 0.000000 0.000004 0.052026 0.000000 0.082510 0.030999 0.666994 0.000000 0.000000 0.139169 
0.119995 0.165387 0.058523 0.000013 0.000000 0.000000 0.035316 0.479331 0.000000 0.037041 0.104394 
0.000002 0.000000 0.000003 0.174460 0.218464 0.000000 0.032986 0.241480 0.000000 0.045308 0.287297 
0.000002 0.000000 0.119218 0.566587 0.106745 0.066124 0.000000 0.000000 0.007293 0.133972 0.000057 
0.056141 0.000000 0.000003 0.059765 0.000000 0.000000 0.000000 0.000000 0.000000 0.737600 0.146491 
0.026242 0.000000 0.687253 0.081142 0.000000 0.028929 0.018350 0.000000 0.000000 0.000000 0.158083 
0.000002 0.206528 0.069150 0.119183 0.000000 0.000000 0.523033 0.000000 0.000000 0.000000 0.082105 
0.019551 0.287411 0.000004 0.000015 0.000000 0.000000 0.000000 0.674536 0.000000 0.000000 0.018482 
0.000002 0.000000 0.792039 0.073645 0.000000 0.000000 0.018243 0.008970 0.000000 0.000000 0.107101 
0.000002 0.000000 0.000003 0.683002 0.000000 0.000000 0.227339 0.000000 0.043915 0.028299 0.017439 
0.289284 0.000000 0.236349 0.058637 0.020540 0.006952 0.017569 0.000000 0.041925 0.259199 0.069545 
0.014915 0.901232 0.000004 0.000014 0.000000 0.000000 0.000001 0.058272 0.017915 0.000000 0.007647 
0.000002 0.074522 0.000003 0.355184 0.000000 0.000000 0.099731 0.000000 0.029971 0.067648 0.372938 
0.058593 0.000000 0.117528 0.000013 0.000000 0.566632 0.058738 0.000000 0.000000 0.000000 0.198496 
0.000002 0.000000 0.000003 0.013929 0.000000 0.003836 0.006340 0.973948 0.000000 0.001891 0.000052 
0.033806 0.036757 0.776965 0.052745 0.000000 0.000000 0.022133 0.000000 0.000000 0.000000 0.077593 
0.000002 0.000000 0.035577 0.815669 0.000000 0.000000 0.097026 0.000000 0.000000 0.000000 0.051725 
0.061071 0.000000 0.000003 0.555077 0.129468 0.065113 0.000000 0.000000 0.000000 0.000000 0.189267 
0.000002 0.000000 0.048013 0.650905 0.146443 0.000000 0.000001 0.000000 0.017685 0.000000 0.136952 
0.054490 0.121772 0.047783 0.000014 0.000000 0.009247 0.000000 0.000000 0.000000 0.766640 0.000054 
0.387617 0.000000 0.000003 0.162614 0.000000 0.000000 0.000001 0.000000 0.000000 0.236125 0.213641 
0.412543 0.097591 0.000003 0.302742 0.025340 0.000000 0.000001 0.086406 0.000000 0.000000 0.075375 
0.025297 0.238211 0.000003 0.031289 0.000000 0.000000 0.000001 0.000000 0.000000 0.404656 0.300544 
0.199889 0.212488 0.000003 0.000012 0.000000 0.000000 0.021953 0.482631 0.056983 0.000000 0.026041 
0.777480 0.000000 0.000003 0.000014 0.000000 0.005287 0.068383 0.000000 0.049513 0.000000 0.099320 
0.491418 0.000000 0.000003 0.038154 0.000000 0.011035 0.182982 0.143011 0.038601 0.000000 0.094795 
0.038133 0.000000 0.000003 0.049161 0.054694 0.000000 0.030882 0.212310 0.000000 0.000000 0.614816 
0.000002 0.000000 0.012488 0.000012 0.000000 0.000000 0.015154 0.972298 0.000000 0.000000 0.000046 
0.026705 0.272948 0.000003 0.041347 0.000000 0.000000 0.221215 0.000000 0.000000 0.000000 0.437781 
0.032844 0.000000 0.000004 0.042664 0.000000 0.000000 0.396792 0.000000 0.000000 0.335904 0.191792 
0.000002 0.000000 0.018661 0.000013 0.015089 0.000000 0.939399 0.000000 0.000000 0.000000 0.026836 
0.033441 0.000000 0.132648 0.000012 0.000000 0.592216 0.000000 0.022464 0.000000 0.035668 0.183551 
0.122501 0.000000 0.040313 0.000012 0.000000 0.012887 0.032170 0.735463 0.000000 0.000000 0.056655 
0.025410 0.514582 0.000003 0.011632 0.000000 0.000000 0.000001 0.048466 0.000000 0.311496 0.088410 
0.000002 0.000000 0.074856 0.162906 0.291116 0.083347 0.082976 0.000000 0.000000 0.103137 0.201658 
0.000002 0.308368 0.062009 0.024767 0.000000 0.031777 0.017895 0.000000 0.000000 0.064034 0.491148 
0.000002 0.000000 0.066991 0.897237 0.000000 0.019510 0.000001 0.000000 0.016208 0.000000 0.000052 
0.193571 0.454456 0.065284 0.000013 0.064935 0.084315 0.008110 0.000000 0.000000 0.032922 0.096394 
0.034641 0.000000 0.040994 0.199979 0.000000 0.333916 0.000001 0.023838 0.000000 0.000000 0.366632 
0.283467 0.000000 0.404892 0.148767 0.000000 0.054934 0.000001 0.000000 0.000000 0.000000 0.107939 
0.000002 0.000000 0.000003 0.930114 0.000000 0.000000 0.000001 0.000000 0.029635 0.000000 0.040246 
0.000002 0.361151 0.132575 0.000014 0.000000 0.000000 0.188009 0.000000 0.000000 0.025539 0.292709 
0.033374 0.192953 0.046109 0.014426 0.053041 0.000000 0.000000 0.660049 0.000000 0.000000 0.000048 
0.000002 0.029245 0.481292 0.104607 0.193565 0.000000 0.000001 0.000000 0.000000 0.000000 0.191289 
0.006316 0.000000 0.000003 0.945193 0.000000 0.000000 0.000001 0.000000 0.000000 0.000000 0.048487 
0.083684 0.000000 0.000003 0.000015 0.000000 0.000000 0.876437 0.000000 0.000000 0.000000 0.039861 
0.000001 0.000000 0.000004 0.019169 0.000000 0.008940 0.025840 0.945988 0.000000 0.000000 0.000059 
0.000002 0.260415 0.000003 0.078426 0.000000 0.000000 0.661102 0.000000 0.000000 0.000000 0.000051 
0.000002 0.000000 0.035562 0.223449 0.000000 0.021341 0.000001 0.025025 0.035267 0.041695 0.617659 
0.039625 0.000000 0.228322 0.078539 0.000000 0.000000 0.014022 0.430264 0.000000 0.138113 0.071114 
0.026509 0.000000 0.000003 0.867009 0.000000 0.000000 0.000000 0.052631 0.000000 0.000000 0.053848 
0.000002 0.000000 0.166367 0.325652 0.000000 0.000000 0.000000 0.475637 0.000000 0.000000 0.032342 
0.000002 0.103696 0.000003 0.080632 0.036753 0.000000 0.778857 0.000000 0.000000 0.000000 0.000058 
0.000002 0.016779 0.140736 0.410508 0.036574 0.000000 0.000001 0.000000 0.000000 0.219183 0.176216 
0.000002 0.000000 0.141716 0.065773 0.310642 0.000000 0.078544 0.015888 0.000000 0.016632 0.370802 
0.243474 0.100085 0.000003 0.016268 0.000000 0.000000 0.015659 0.442977 0.000000 0.131502 0.050030 
0.038611 0.000000 0.777900 0.000013 0.000000 0.000000 0.091035 0.000000 0.000000 0.000000 0.092441 
0.023129 0.000000 0.230327 0.101782 0.000000 0.000000 0.000001 0.052390 0.000000 0.029556 0.562815 
0.051675 0.000000 0.075869 0.000015 0.000000 0.116492 0.000001 0.164703 0.000000 0.591188 0.000058 
0.000002 0.023367 0.146450 0.039630 0.366126 0.078565 0.000001 0.006664 0.000000 0.085968 0.253228 
0.019392 0.926510 0.000003 0.026761 0.000000 0.000000 0.002590 0.000000 0.024691 0.000000 0.000053 
0.000002 0.000000 0.105577 0.052234 0.000000 0.000000 0.022501 0.021603 0.000000 0.082353 0.715731 
0.047198 0.211204 0.000003 0.050508 0.000000 0.017433 0.608631 0.000000 0.000000 0.000000 0.065024 
0.035206 0.111577 0.730647 0.072790 0.000000 0.000000 0.010301 0.000000 0.000000 0.000000 0.039479 
0.051282 0.000000 0.117497 0.069412 0.000000 0.528291 0.000001 0.000000 0.000000 0.000000 0.233518 
0.000002 0.112487 0.000003 0.084880 0.000000 0.000000 0.502831 0.267473 0.032269 0.000000 0.000054 
0.107932 0.009445 0.000003 0.000014 0.000000 0.000000 0.004925 0.000000 0.000000 0.877616 0.000064 
0.411138 0.000000 0.400577 0.049052 0.000000 0.045786 0.007237 0.000000 0.000000 0.000000 0.086209 
0.052275 0.000000 0.685905 0.050365 0.000000 0.000000 0.011689 0.000000 0.000000 0.119665 0.080101 
0.118808 0.000000 0.029185 0.209787 0.000000 0.000000 0.000001 0.231426 0.000000 0.025149 0.385643 
0.682489 0.000000 0.000004 0.043325 0.024292 0.000000 0.000001 0.000000 0.017720 0.000000 0.232170 
0.026903 0.734517 0.000003 0.000014 0.000000 0.000000 0.007255 0.000000 0.049959 0.000000 0.181348 
0.012743 0.000000 0.000003 0.460482 0.000000 0.000000 0.245359 0.122484 0.000000 0.000000 0.158929 
0.069796 0.008786 0.022814 0.018190 0.030509 0.000000 0.827775 0.000000 0.000000 0.000000 0.022129 
0.023815 0.000000 0.000003 0.052281 0.000000 0.000000 0.000001 0.037112 0.000000 0.039752 0.847036 
0.013625 0.000000 0.036220 0.446271 0.000000 0.000000 0.019669 0.000000 0.000000 0.258649 0.225565 
0.000002 0.000000 0.000003 0.000011 0.015379 0.000000 0.984566 0.000000 0.000000 0.000000 0.000039 
0.040287 0.000000 0.357820 0.110458 0.000000 0.347757 0.004974 0.000000 0.000000 0.000000 0.138703 
0.037395 0.093068 0.466436 0.126549 0.033380 0.016487 0.000001 0.000000 0.000000 0.174119 0.052567 
0.542361 0.000000 0.072618 0.028727 0.110442 0.019547 0.021273 0.000000 0.000000 0.000000 0.205032 
0.145165 0.035609 0.000003 0.024883 0.000000 0.000000 0.000001 0.031974 0.000000 0.698427 0.063938 
0.000002 0.000000 0.107542 0.000013 0.000000 0.444274 0.248163 0.061055 0.000000 0.038843 0.100108 
0.039656 0.000000 0.063628 0.824538 0.000000 0.000000 0.000001 0.000000 0.000000 0.034002 0.038176 
0.127613 0.000000 0.089933 0.018394 0.000000 0.424772 0.000001 0.000000 0.000000 0.055341 0.283947 
0.000002 0.000000 0.103645 0.264204 0.203569 0.255726 0.000001 0.000000 0.000000 0.020283 0.152569 
0.139272 0.000000 0.188516 0.000013 0.000000 0.514664 0.000000 0.000000 0.000000 0.000000 0.157535 
0.011448 0.000000 0.039160 0.852100 0.000000 0.024561 0.025201 0.000000 0.000000 0.000000 0.047530 
0.032552 0.000000 0.801373 0.084245 0.000000 0.000000 0.018984 0.000000 0.000000 0.000000 0.062846 
0.322901 0.000000 0.459857 0.066473 0.000000 0.014292 0.029584 0.000000 0.000000 0.000000 0.106894 
0.049777 0.913395 0.000003 0.000013 0.000000 0.000000 0.016229 0.000000 0.020526 0.000000 0.000056 
0.000002 0.035058 0.785545 0.049745 0.000000 0.000000 0.052758 0.000000 0.000000 0.000000 0.076892 
0.000002 0.542609 0.061718 0.034299 0.109588 0.000000 0.013466 0.000000 0.000000 0.000000 0.238319 
0.549277 0.066804 0.000003 0.216620 0.000000 0.000000 0.015925 0.000000 0.000000 0.000000 0.151370 
0.000002 0.000000 0.047380 0.067817 0.303555 0.019627 0.028178 0.316896 0.000000 0.000000 0.216546 
0.022039 0.024760 0.244568 0.162632 0.297779 0.000000 0.014954 0.000000 0.000000 0.000000 0.233268 
0.004939 0.000000 0.000004 0.000010 0.006623 0.002592 0.676008 0.293621 0.016159 0.000000 0.000046 
0.167363 0.438957 0.000004 0.048330 0.028371 0.016661 0.213091 0.041036 0.000000 0.000000 0.046187 
0.000002 0.000000 0.060065 0.939875 0.000000 0.000000 0.000001 0.000000 0.000000 0.000000 0.000057 
0.000002 0.000000 0.000003 0.824012 0.000000 0.000000 0.000000 0.076624 0.000000 0.000000 0.099358 
0.000002 0.097791 0.332739 0.048073 0.096368 0.000000 0.000001 0.285338 0.000000 0.000000 0.139689 
0.021926 0.554437 0.024181 0.039433 0.000000 0.085342 0.020644 0.189925 0.000000 0.000000 0.064110 
0.000002 0.000000 0.326831 0.065350 0.211393 0.052335 0.213742 0.022408 0.000000 0.000000 0.107939 
0.000002 0.000000 0.000003 0.059131 0.201924 0.000000 0.000001 0.481566 0.000000 0.021412 0.235961 
0.000002 0.035881 0.037332 0.641525 0.000000 0.032527 0.059656 0.000000 0.000000 0.000000 0.193077 
0.000002 0.078362 0.599665 0.023991 0.037739 0.012301 0.000001 0.158038 0.000000 0.000000 0.089900 
0.118714 0.000000 0.042646 0.102132 0.000000 0.046692 0.567798 0.000000 0.042659 0.079301 0.000058 
0.078463 0.000000 0.034526 0.497896 0.017475 0.000000 0.215792 0.000000 0.000000 0.000000 0.155848 
0.000002 0.000000 0.142836 0.648995 0.000000 0.000000 0.170483 0.014684 0.000000 0.000000 0.023000 
0.110066 0.000000 0.000003 0.209927 0.000000 0.008480 0.025785 0.573997 0.000000 0.000000 0.071742 
0.000002 0.000000 0.215974 0.040155 0.000000 0.009374 0.195749 0.393705 0.023930 0.018156 0.102956 
0.022029 0.000000 0.359751 0.076982 0.000000 0.000000 0.000001 0.104812 0.000000 0.000000 0.436426 
0.011793 0.000000 0.000003 0.105381 0.000000 0.000000 0.127961 0.651993 0.021226 0.000000 0.081643 
0.000002 0.000000 0.000003 0.403013 0.285472 0.036244 0.000000 0.000000 0.046653 0.000000 0.228613 
0.055496 0.000000 0.000003 0.072116 0.000000 0.000000 0.121346 0.019486 0.000000 0.000000 0.731552 
0.000002 0.169128 0.258531 0.000013 0.319726 0.000000 0.023492 0.022161 0.000000 0.000000 0.206948 
0.018469 0.009692 0.397587 0.000013 0.000000 0.382930 0.005260 0.000000 0.000000 0.000000 0.186049 
