-1919428.301510
0
0.000000 0.000000 0.000000 0.089095 0.057333 0.000001 0.000000 0.000002 0.000009 0.000105 0.000000 0.000067 0.000000 0.000001 0.000000 0.000000 0.000252 0.000021 0.000058 0.027090 0.000000 0.000000 0.023169 0.000000 0.000012 0.000001 0.000000 0.000001 0.024161 0.000000 0.000000 0.000000 0.052081 0.000961 0.001350 0.001264 0.000000 0.000000 0.000000 0.000001 0.000008 0.050015 0.057826 0.000119 0.000000 0.000005 0.000007 0.000010 0.048148 0.058775 0.000000 0.000013 0.000000 0.000005 0.000000 0.000000 0.000001 0.000164 0.000000 0.000278 0.000000 0.000000 0.000000 0.000000 0.000015 0.000003 0.113548 0.048733 0.000000 0.000000 0.000000 0.000000 0.116365 0.000022 0.000000 0.108612 0.000000 0.000001 0.000000 0.000000 0.000480 0.009598 0.000000 0.000950 0.032139 0.000001 0.000000 0.000000 0.000040 0.000012 0.011524 0.000063 0.000000 0.021003 0.000012 0.044467 
0.000000 0.000973 0.000494 0.007695 0.000705 0.000000 0.000000 0.000425 0.000000 0.003443 0.011554 0.004467 0.000000 0.000000 0.000000 0.000000 0.002958 0.005256 0.002541 0.003076 0.000000 0.003783 0.001406 0.014277 0.002245 0.000517 0.000660 0.015536 0.000000 0.000000 0.000000 0.000000 0.000910 0.002906 0.010598 0.003137 0.000000 0.000000 0.000000 0.000612 0.000000 0.001866 0.001075 0.001795 0.001945 0.002193 0.003567 0.019063 0.001021 0.001749 0.000000 0.008966 0.000000 0.000316 0.000000 0.000416 0.000000 0.014608 0.027265 0.015976 0.000000 0.000000 0.000000 0.000000 0.007599 0.010077 0.005946 0.011781 0.000000 0.002086 0.000866 0.002868 0.037070 0.011393 0.003191 0.311618 0.000000 0.000000 0.000000 0.000000 0.002484 0.020303 0.218674 0.037065 0.000000 0.000927 0.000000 0.002430 0.003200 0.009410 0.007188 0.009838 0.005545 0.010254 0.001795 0.064396 
0.008437 0.005530 0.002775 0.002051 0.000000 0.001840 0.000000 0.000000 0.034415 0.015934 0.209824 0.013238 0.002947 0.001179 0.000000 0.006704 0.012785 0.006513 0.009534 0.007441 0.000000 0.001843 0.000000 0.002776 0.003043 0.001175 0.000000 0.000000 0.000000 0.000000 0.000000 0.000000 0.023293 0.020599 0.110147 0.016655 0.000000 0.000000 0.000000 0.000000 0.003830 0.004697 0.004945 0.005382 0.000000 0.001735 0.000000 0.000000 0.005959 0.003633 0.000000 0.001640 0.000000 0.002087 0.000000 0.000000 0.028429 0.031250 0.123587 0.018223 0.000000 0.000000 0.000000 0.000000 0.012237 0.006366 0.004517 0.012264 0.000000 0.000000 0.000000 0.000000 0.009689 0.010474 0.003045 0.012414 0.000000 0.000000 0.000000 0.000000 0.014641 0.017886 0.093048 0.013568 0.004464 0.000000 0.000000 0.000000 0.008694 0.004446 0.010331 0.005371 0.000000 0.000000 0.000470 0.000000 
0.003293 0.000000 0.003370 0.000000 0.009464 0.009775 0.003615 0.012114 0.023102 0.017860 0.000000 0.017070 0.004986 0.006072 0.013763 0.006084 0.060842 0.019751 0.043368 0.037598 0.000000 0.003237 0.004872 0.000000 0.000001 0.000000 0.005279 0.000000 0.004939 0.008197 0.004205 0.006850 0.034670 0.028368 0.006824 0.025190 0.000000 0.000000 0.009201 0.001082 0.027731 0.012735 0.028810 0.026525 0.000000 0.002411 0.006502 0.011747 0.011508 0.008197 0.004883 0.005182 0.005958 0.005863 0.000000 0.000000 0.026674 0.025286 0.000000 0.029207 0.009413 0.001370 0.005599 0.000000 0.026857 0.014107 0.020257 0.021008 0.002636 0.000000 0.000000 0.000000 0.004860 0.010675 0.007923 0.008796 0.000000 0.008096 0.002704 0.000000 0.009602 0.031061 0.004771 0.011367 0.005877 0.003962 0.007092 0.000000 0.026024 0.018289 0.018898 0.022648 0.000000 0.004917 0.004968 0.011962 
0.000000 0.000000 0.000000 0.000000 0.000000 0.000000 0.000000 0.000000 0.000000 0.019046 0.000000 0.004468 0.000811 0.000000 0.000822 0.003062 0.000828 0.000124 0.000898 0.001198 0.000000 0.000000 0.000411 0.000000 0.000849 0.000000 0.000000 0.001643 0.000000 0.000000 0.000000 0.000000 0.073850 0.099917 0.022262 0.080658 0.000000 0.001361 0.000432 0.001854 0.000864 0.000477 0.001062 0.004147 0.000000 0.000771 0.000833 0.001277 0.000000 0.000001 0.000000 0.000000 0.000000 0.000000 0.000000 0.000000 0.000000 0.021556 0.000638 0.016579 0.000000 0.000000 0.000000 0.000000 0.000000 0.000000 0.000725 0.007492 0.000000 0.000000 0.001832 0.000832 0.001376 0.002049 0.000000 0.001520 0.000000 0.001220 0.000000 0.000000 0.120311 0.291596 0.103297 0.084646 0.000673 0.001284 0.001224 0.005648 0.002241 0.001832 0.001754 0.002659 0.000000 0.000827 0.000906 0.001353 
0.036959 0.031114 0.021872 0.024422 0.009333 0.006127 0.003651 0.005040 0.010566 0.007936 0.000000 0.003030 0.003002 0.002534 0.009051 0.000000 0.007501 0.001515 0.008218 0.000001 0.000000 0.000000 0.000618 0.000000 0.049510 0.067430 0.010310 0.048235 0.011682 0.010302 0.007682 0.009293 0.022295 0.014919 0.008213 0.019177 0.007850 0.010263 0.039161 0.008762 0.004425 0.000749 0.009558 0.004101 0.000000 0.001042 0.003897 0.000424 0.042500 0.045000 0.028059 0.024705 0.006694 0.009772 0.007244 0.005850 0.009721 0.008609 0.000000 0.007747 0.006124 0.004675 0.014482 0.002043 0.005510 0.000000 0.003840 0.001273 0.000000 0.000000 0.000833 0.000000 0.035449 0.060334 0.012843 0.037430 0.000000 0.011413 0.003306 0.000000 0.003753 0.006826 0.000000 0.006574 0.003206 0.002056 0.009635 0.000000 0.002354 0.000971 0.003925 0.001085 0.000000 0.000000 0.001930 0.000460 
0.000000 0.001625 0.000000 0.000394 0.001636 0.000610 0.000000 0.001901 0.029295 0.017247 0.086426 0.015318 0.000000 0.002830 0.000000 0.004603 0.006026 0.006369 0.022831 0.001878 0.000000 0.002173 0.001174 0.002712 0.010002 0.024384 0.010400 0.062545 0.000000 0.000000 0.000000 0.000000 0.006077 0.008597 0.093226 0.006532 0.000000 0.001796 0.000640 0.000000 0.006507 0.003282 0.029848 0.003207 0.000000 0.003922 0.004955 0.009646 0.002067 0.005413 0.002072 0.008546 0.000000 0.002316 0.000000 0.001654 0.069976 0.080930 0.140613 0.056521 0.000000 0.002445 0.000000 0.001217 0.013007 0.005936 0.011277 0.003448 0.000000 0.001370 0.001111 0.003368 0.000001 0.001023 0.000000 0.006146 0.000000 0.000174 0.000000 0.000000 0.006808 0.004481 0.035966 0.004217 0.000000 0.000409 0.000000 0.000000 0.006056 0.003170 0.010539 0.002527 0.001691 0.002263 0.001053 0.009576 
0.000000 0.000704 0.000000 0.000172 0.000359 0.000188 0.000313 0.000690 0.007730 0.002781 0.002677 0.002671 0.000000 0.000000 0.000000 0.000000 0.001105 0.000539 0.000158 0.001019 0.000000 0.000000 0.000000 0.000228 0.000781 0.000000 0.000000 0.000000 0.000000 0.000000 0.000000 0.000000 0.014393 0.004517 0.004151 0.009303 0.000000 0.000000 0.000000 0.000578 0.000692 0.000543 0.000001 0.000230 0.000374 0.000000 0.000162 0.000000 0.000000 0.000001 0.000223 0.000000 0.000000 0.000000 0.000000 0.000326 0.006065 0.001891 0.000000 0.003459 0.000000 0.000140 0.000000 0.000000 0.000000 0.000000 0.000002 0.000889 0.000000 0.000000 0.000000 0.000000 0.015239 0.006019 0.002401 0.011625 0.040859 0.000000 0.001576 0.069196 0.424315 0.082840 0.046085 0.229461 0.000000 0.000000 0.000000 0.000000 0.000001 0.000000 0.000001 0.000210 0.000000 0.000000 0.000113 0.000000 
0.000000 0.000000 0.000000 0.000001 0.000005 0.000001 0.000000 0.000001 0.000007 0.000082 0.000000 0.000065 0.000000 0.055682 0.000000 0.000000 0.045974 0.000019 0.000049 0.000034 0.000000 0.000000 0.000002 0.000000 0.000011 0.038299 0.000000 0.000001 0.000000 0.028010 0.061725 0.000000 0.212332 0.185005 0.002132 0.000701 0.000000 0.000000 0.000000 0.006350 0.000007 0.030393 0.000048 0.027259 0.000000 0.000004 0.000006 0.044811 0.000003 0.021199 0.000000 0.053718 0.000000 0.018643 0.000000 0.000000 0.000001 0.000138 0.000000 0.000379 0.000000 0.000000 0.029742 0.017356 0.012200 0.000002 0.000094 0.020161 0.000000 0.000000 0.000000 0.000000 0.000030 0.000020 0.000000 0.001320 0.000000 0.000001 0.000000 0.000000 0.000335 0.022575 0.000000 0.001409 0.000001 0.023777 0.000000 0.000000 0.018923 0.000011 0.018878 0.000042 0.000000 0.000001 0.000011 0.000013 
0.039564 0.034459 0.000000 0.034436 0.009404 0.004509 0.000000 0.009712 0.019098 0.006015 0.013335 0.023794 0.015291 0.014688 0.016682 0.025227 0.016446 0.007836 0.010162 0.023494 0.002592 0.000000 0.008372 0.003337 0.032781 0.023349 0.000000 0.033040 0.007067 0.005632 0.000000 0.009035 0.002213 0.002673 0.004006 0.019503 0.013057 0.019485 0.016652 0.029095 0.004909 0.011681 0.005571 0.011544 0.000000 0.001719 0.007111 0.002574 0.022568 0.014776 0.000000 0.024101 0.003241 0.003142 0.000000 0.007289 0.000000 0.000002 0.007850 0.004970 0.008003 0.008372 0.009597 0.019987 0.005611 0.005894 0.004957 0.008249 0.000515 0.000693 0.007651 0.005417 0.027295 0.017763 0.000000 0.034463 0.005514 0.003872 0.000000 0.008408 0.006729 0.003036 0.000000 0.013986 0.015361 0.014315 0.007794 0.033241 0.004498 0.006558 0.000000 0.008775 0.000000 0.001772 0.007471 0.005114 
0.012506 0.007514 0.000000 0.002907 0.038411 0.021405 0.007565 0.040428 0.020626 0.011193 0.000000 0.011739 0.002991 0.000771 0.000000 0.000000 0.006683 0.010266 0.010661 0.014020 0.000000 0.001177 0.010544 0.009307 0.010184 0.000000 0.000000 0.000000 0.029051 0.021568 0.006915 0.041698 0.023691 0.011019 0.002976 0.016954 0.004176 0.011363 0.008666 0.011355 0.008634 0.017072 0.000004 0.008864 0.000000 0.010906 0.014884 0.005724 0.000000 0.007774 0.000000 0.004873 0.022822 0.017619 0.000000 0.031981 0.032118 0.014775 0.000000 0.014756 0.002354 0.003458 0.007747 0.000000 0.007685 0.006145 0.005369 0.003923 0.006752 0.007259 0.029019 0.005100 0.000002 0.019345 0.000000 0.000077 0.018144 0.038082 0.000000 0.041513 0.015187 0.020000 0.000000 0.003426 0.000748 0.008892 0.005952 0.000000 0.012085 0.015564 0.012475 0.010079 0.000000 0.009401 0.014464 0.016617 
0.000000 0.000000 0.047110 0.000001 0.000004 0.000001 0.033092 0.000001 0.000005 0.000062 0.000000 0.000047 0.000000 0.000001 0.000000 0.000000 0.000168 0.000015 0.000034 0.000024 0.000000 0.000000 0.000002 0.000000 0.000007 0.136342 0.058866 0.003715 0.000000 0.000000 0.000000 0.000000 0.001456 0.008780 0.007257 0.000791 0.000000 0.000000 0.000000 0.000001 0.000006 0.000090 0.118157 0.000075 0.000000 0.000003 0.000004 0.000006 0.000002 0.000025 0.000000 0.000008 0.000000 0.000003 0.048709 0.000000 0.000001 0.019203 0.000000 0.000191 0.000000 0.000000 0.000000 0.000000 0.000008 0.021336 0.004130 0.000280 0.000000 0.000000 0.000000 0.000000 0.000020 0.000014 0.000000 0.000610 0.135862 0.016797 0.060041 0.270681 0.000260 0.002534 0.000000 0.002708 0.000001 0.000001 0.000000 0.000000 0.000026 0.000007 0.000019 0.000385 0.000000 0.000001 0.000006 0.000009 
0.004639 0.000000 0.000000 0.000000 0.003102 0.001223 0.000000 0.003457 0.004385 0.004344 0.000000 0.002884 0.013918 0.001577 0.005538 0.017570 0.026961 0.010894 0.021685 0.026478 0.042409 0.007714 0.004719 0.024112 0.004523 0.000000 0.000000 0.001934 0.000000 0.000406 0.000000 0.002851 0.009959 0.008032 0.001224 0.005408 0.003814 0.001085 0.001797 0.000000 0.018547 0.011865 0.017612 0.035941 0.031286 0.008030 0.016344 0.066854 0.009072 0.007397 0.000000 0.003292 0.000000 0.001547 0.000000 0.004186 0.006280 0.005299 0.000000 0.011467 0.001379 0.002135 0.000540 0.000000 0.010366 0.011071 0.012109 0.012963 0.009639 0.000000 0.004330 0.023691 0.020243 0.000001 0.000000 0.032916 0.000991 0.001764 0.000000 0.004107 0.003241 0.010094 0.000000 0.009681 0.024363 0.000000 0.016196 0.010564 0.019192 0.016067 0.013107 0.041781 0.070578 0.010401 0.010120 0.072710 
0.000000 0.000000 0.612439 0.000000 0.134765 0.000005 0.000000 0.000000 0.006303 0.127617 0.000000 0.000000 0.118871 
0.000000 0.000000 0.220703 0.000000 0.000000 0.419050 0.000000 0.109682 0.011567 0.183748 0.000000 0.019316 0.035933 
0.000000 0.000000 0.060276 0.155949 0.269431 0.050578 0.000000 0.010966 0.000000 0.152303 0.057253 0.000000 0.243244 
0.000000 0.000000 0.630372 0.000000 0.000000 0.182983 0.021580 0.000000 0.000000 0.124668 0.000000 0.006846 0.033550 
0.023875 0.000000 0.393965 0.036246 0.000000 0.189893 0.088471 0.000000 0.000000 0.163297 0.080302 0.000000 0.023949 
0.000000 0.000000 0.339769 0.000000 0.027464 0.025010 0.497092 0.000000 0.000000 0.069429 0.014314 0.000000 0.026921 
0.000000 0.555480 0.000013 0.000000 0.023659 0.000005 0.335581 0.000000 0.000000 0.064217 0.017888 0.003151 0.000006 
0.000000 0.017779 0.274110 0.090019 0.418544 0.037215 0.000000 0.000000 0.000000 0.110495 0.051832 0.000000 0.000005 
0.022568 0.023941 0.249932 0.000000 0.000000 0.000006 0.000000 0.360787 0.000000 0.313276 0.000000 0.006883 0.022607 
0.000000 0.000000 0.396714 0.000000 0.023734 0.020399 0.000000 0.442996 0.000000 0.060265 0.046587 0.000000 0.009305 
0.000000 0.000000 0.010882 0.000000 0.813865 0.052702 0.000000 0.000000 0.000000 0.091039 0.000000 0.000000 0.031512 
0.000000 0.349669 0.023778 0.000000 0.000000 0.235360 0.000000 0.000000 0.000000 0.116932 0.000000 0.000000 0.274262 
0.000000 0.013691 0.121112 0.020997 0.000000 0.035061 0.523431 0.038777 0.000000 0.241829 0.000000 0.000000 0.005100 
0.000000 0.557833 0.000011 0.021535 0.038304 0.000005 0.000000 0.000000 0.000000 0.205400 0.162487 0.014419 0.000007 
0.000000 0.015479 0.122491 0.000000 0.000000 0.347029 0.000000 0.000000 0.000000 0.465180 0.031454 0.000000 0.018366 
0.000000 0.015078 0.329561 0.000000 0.535125 0.000005 0.000000 0.032875 0.027866 0.055976 0.000000 0.000000 0.003514 
0.000000 0.714433 0.000012 0.000000 0.000000 0.000005 0.000000 0.000000 0.000000 0.128586 0.048717 0.015894 0.092353 
0.000000 0.000000 0.054264 0.000000 0.029043 0.267445 0.116085 0.000000 0.050179 0.233027 0.063845 0.000000 0.186112 
0.032691 0.000000 0.000014 0.074577 0.811128 0.000004 0.015756 0.000000 0.000000 0.045307 0.020514 0.000000 0.000008 
0.000000 0.979036 0.000015 0.000000 0.000000 0.000005 0.000000 0.000000 0.000000 0.016180 0.000000 0.004758 0.000006 
0.000000 0.077123 0.009611 0.026833 0.000000 0.039944 0.000000 0.122315 0.021237 0.267691 0.383027 0.018040 0.034179 
0.000000 0.000000 0.070006 0.000000 0.611775 0.000005 0.000000 0.000000 0.000000 0.115833 0.091748 0.011217 0.099414 
0.000000 0.489491 0.025186 0.000000 0.046261 0.030723 0.000000 0.061518 0.000000 0.256538 0.000000 0.002630 0.087653 
0.034269 0.000000 0.745961 0.000000 0.000000 0.025388 0.000000 0.071240 0.000000 0.093367 0.000000 0.008394 0.021381 
0.000000 0.021190 0.000012 0.000000 0.000000 0.077481 0.000000 0.127550 0.000000 0.311002 0.384691 0.006571 0.071502 
0.000000 0.000000 0.000011 0.000000 0.000000 0.000005 0.004941 0.957734 0.000000 0.023882 0.009999 0.000000 0.003428 
0.000000 0.020581 0.436728 0.000000 0.171392 0.137128 0.067190 0.100182 0.000000 0.044661 0.022133 0.000000 0.000005 
0.000000 0.013909 0.060180 0.279269 0.000000 0.143069 0.000000 0.000000 0.000000 0.352618 0.107601 0.012979 0.030374 
0.000000 0.000000 0.000013 0.000000 0.000000 0.041089 0.000000 0.000000 0.000000 0.502661 0.376296 0.018893 0.061048 
0.000000 0.000000 0.575242 0.000000 0.200218 0.000006 0.063939 0.000000 0.023683 0.114059 0.000000 0.007200 0.015652 
0.000000 0.000000 0.081828 0.000000 0.000000 0.778200 0.000000 0.000000 0.000000 0.119076 0.000000 0.020892 0.000004 
0.000000 0.000000 0.047368 0.000000 0.011945 0.042669 0.000000 0.000000 0.000000 0.551640 0.021176 0.000000 0.325201 
0.000000 0.251499 0.000013 0.000000 0.008889 0.000006 0.402456 0.000000 0.000000 0.140939 0.000000 0.000000 0.196198 
0.000000 0.000000 0.223056 0.212335 0.020312 0.184457 0.164018 0.000000 0.000000 0.119773 0.046393 0.007882 0.021774 
0.000000 0.036728 0.000014 0.388789 0.017273 0.080350 0.048638 0.000000 0.000000 0.284138 0.075629 0.000000 0.068440 
0.029695 0.646672 0.000013 0.000000 0.028116 0.000006 0.000000 0.000000 0.000000 0.147660 0.143813 0.004020 0.000006 
0.000000 0.015237 0.044426 0.059259 0.135937 0.059175 0.000000 0.000000 0.000000 0.665386 0.000000 0.000000 0.020581 
0.000000 0.000000 0.000009 0.000000 0.526971 0.297256 0.000000 0.039379 0.000000 0.127323 0.000000 0.000000 0.009061 
0.000000 0.000000 0.053059 0.319355 0.000000 0.197519 0.000000 0.102954 0.000000 0.188032 0.090084 0.000000 0.048997 
0.000000 0.000000 0.307553 0.042888 0.214357 0.044931 0.039213 0.295014 0.000000 0.047537 0.000000 0.000000 0.008508 
0.000000 0.206951 0.027938 0.000000 0.000000 0.000005 0.020365 0.000000 0.000000 0.239644 0.021803 0.000000 0.483293 
0.000000 0.143597 0.023286 0.164214 0.227177 0.049715 0.000000 0.012397 0.000000 0.206969 0.138396 0.000000 0.034250 
0.000000 0.000000 0.041044 0.059513 0.009323 0.620585 0.000000 0.000000 0.000000 0.187706 0.034138 0.000000 0.047691 
0.000000 0.000000 0.038301 0.000000 0.298595 0.079976 0.043647 0.462914 0.000000 0.076562 0.000000 0.000000 0.000004 
0.000000 0.000000 0.000013 0.031001 0.000000 0.190736 0.601235 0.000000 0.000000 0.113042 0.040568 0.000000 0.023405 
0.027891 0.000000 0.017825 0.000000 0.100905 0.056674 0.000000 0.367183 0.000000 0.367656 0.000000 0.000000 0.061867 
0.000000 0.071312 0.094278 0.000000 0.000000 0.000006 0.000000 0.000000 0.000000 0.237679 0.000000 0.000000 0.596725 
0.000000 0.000000 0.000012 0.000000 0.000000 0.532330 0.000000 0.000000 0.015924 0.229678 0.211564 0.000000 0.010492 
0.000000 0.000000 0.000009 0.000000 0.728605 0.000005 0.000000 0.257172 0.004998 0.009207 0.000000 0.000000 0.000005 
0.000000 0.000000 0.020070 0.011110 0.000000 0.105922 0.000000 0.744549 0.000000 0.088961 0.000000 0.000000 0.029388 
0.000000 0.023395 0.061392 0.000000 0.000000 0.066641 0.000000 0.000000 0.000000 0.797760 0.000000 0.000000 0.050812 
0.000000 0.000000 0.000010 0.000000 0.081155 0.077524 0.000000 0.000000 0.000000 0.292849 0.460169 0.015333 0.072961 
0.000000 0.883966 0.093239 0.000000 0.000000 0.004722 0.000000 0.000000 0.000000 0.015812 0.000000 0.002256 0.000005 
0.000000 0.643110 0.000012 0.000000 0.112534 0.178277 0.000000 0.013138 0.000000 0.052923 0.000000 0.000000 0.000006 
0.000000 0.412359 0.431106 0.000000 0.047290 0.038995 0.000000 0.000000 0.000000 0.051483 0.014373 0.004389 0.000006 
0.000000 0.000000 0.048262 0.099747 0.035193 0.031558 0.000000 0.000000 0.000000 0.723223 0.000000 0.000000 0.062016 
0.000000 0.000000 0.084076 0.000000 0.127949 0.020930 0.544953 0.180524 0.000000 0.020249 0.000000 0.007167 0.014152 
0.000000 0.000000 0.283843 0.000000 0.066644 0.000005 0.000000 0.592177 0.000000 0.042589 0.000000 0.010079 0.004663 
0.000000 0.000000 0.013045 0.158538 0.539732 0.000005 0.084345 0.000000 0.000000 0.146374 0.026962 0.000000 0.030999 
0.000000 0.000000 0.028647 0.444950 0.000000 0.000005 0.042494 0.012144 0.000000 0.387532 0.039624 0.000000 0.044603 
0.000000 0.000000 0.077853 0.000000 0.000000 0.170318 0.414165 0.000000 0.000000 0.160845 0.000000 0.000000 0.176819 
0.039846 0.000000 0.047864 0.000000 0.000000 0.052214 0.000000 0.000000 0.000000 0.748594 0.044462 0.000000 0.067019 
0.000000 0.146391 0.031745 0.061950 0.378718 0.039151 0.000000 0.000000 0.000000 0.140176 0.183298 0.009468 0.009104 
0.056553 0.000000 0.059484 0.420743 0.000000 0.023187 0.032209 0.010769 0.000000 0.256737 0.107400 0.000000 0.032917 
0.000000 0.063822 0.049144 0.000000 0.000000 0.042407 0.000000 0.000000 0.000000 0.784066 0.016219 0.000000 0.044342 
0.000000 0.000000 0.010570 0.000000 0.000000 0.888292 0.000000 0.000000 0.000000 0.092731 0.000000 0.008400 0.000008 
0.000000 0.000000 0.000013 0.000000 0.191927 0.076627 0.718413 0.000000 0.000000 0.013015 0.000000 0.000000 0.000005 
0.000000 0.589291 0.103940 0.078389 0.173946 0.000005 0.000000 0.000000 0.000000 0.054422 0.000000 0.000000 0.000008 
0.019147 0.000000 0.031030 0.238306 0.176720 0.000006 0.277376 0.014482 0.000000 0.195211 0.037318 0.000000 0.010404 
0.000000 0.000000 0.020825 0.036461 0.018115 0.581480 0.050558 0.000000 0.000000 0.254824 0.000000 0.021946 0.015791 
0.000000 0.000000 0.000014 0.115407 0.000000 0.093268 0.031584 0.478315 0.000000 0.158034 0.104752 0.000000 0.018625 
0.000000 0.000000 0.000009 0.009860 0.848504 0.010418 0.000000 0.030851 0.020437 0.046781 0.028329 0.000000 0.004810 
0.000000 0.054751 0.647481 0.000000 0.020648 0.000005 0.171506 0.000000 0.000000 0.073360 0.032241 0.000000 0.000006 
0.000000 0.111692 0.589725 0.023476 0.060904 0.000005 0.057821 0.045936 0.000000 0.099379 0.011056 0.000000 0.000005 
0.000000 0.019843 0.063831 0.077723 0.000000 0.271075 0.000000 0.000000 0.000000 0.299389 0.188187 0.023942 0.056010 
0.000000 0.653195 0.000013 0.000000 0.079761 0.000006 0.142642 0.000000 0.000000 0.086461 0.000000 0.000000 0.037922 
0.000000 0.018346 0.321487 0.000000 0.000000 0.165752 0.021443 0.350862 0.000000 0.072567 0.025182 0.000000 0.024361 
0.000000 0.020265 0.042350 0.026232 0.016766 0.031694 0.000000 0.000000 0.000000 0.375942 0.379950 0.040965 0.065836 
0.000000 0.000000 0.031590 0.000000 0.596929 0.037030 0.000000 0.000000 0.000000 0.318603 0.000000 0.000000 0.015849 
0.000000 0.029245 0.049289 0.000000 0.000000 0.036447 0.000000 0.000000 0.000000 0.609417 0.000000 0.000000 0.275601 
0.032468 0.215031 0.100632 0.104055 0.000000 0.071699 0.042372 0.327954 0.000000 0.085221 0.000000 0.000000 0.020568 
0.000000 0.000000 0.235356 0.000000 0.032490 0.000005 0.000000 0.000000 0.000000 0.339909 0.316311 0.019314 0.056614 
0.000000 0.000000 0.092479 0.000000 0.000000 0.000005 0.000000 0.000000 0.000000 0.188804 0.000000 0.000000 0.718712 
0.000000 0.000000 0.071053 0.028619 0.771431 0.000005 0.023260 0.021454 0.023034 0.056215 0.000000 0.000000 0.004928 
0.000000 0.000000 0.047702 0.000000 0.000000 0.000005 0.048164 0.346768 0.000000 0.181294 0.000000 0.000000 0.376066 
0.000000 0.000000 0.307159 0.000000 0.000000 0.563388 0.000000 0.012144 0.000000 0.081868 0.000000 0.017995 0.017446 
0.026685 0.026059 0.058065 0.231850 0.000000 0.015509 0.056872 0.000000 0.000000 0.265057 0.253695 0.000000 0.066208 
0.000000 0.000000 0.089103 0.117112 0.000000 0.020980 0.000000 0.000000 0.000000 0.210677 0.061666 0.000000 0.500463 
0.029136 0.000000 0.247692 0.000000 0.000000 0.039050 0.000000 0.000000 0.000000 0.607213 0.024639 0.000000 0.052270 
0.000000 0.000000 0.000013 0.000000 0.647571 0.000004 0.163411 0.166937 0.000000 0.015262 0.000000 0.006796 0.000006 
0.000000 0.030439 0.065077 0.205192 0.013519 0.000005 0.000000 0.000000 0.000000 0.218544 0.000000 0.011863 0.455361 
0.000000 0.000000 0.015196 0.000000 0.000000 0.857171 0.000000 0.000000 0.000000 0.071019 0.030570 0.026038 0.000005 
0.000000 0.035019 0.028795 0.227825 0.000000 0.016669 0.000000 0.000000 0.000000 0.631116 0.019025 0.000000 0.041552 
0.015032 0.079985 0.096147 0.000000 0.645453 0.000005 0.000000 0.000000 0.022444 0.027498 0.000000 0.000000 0.113436 
0.025248 0.050245 0.047547 0.131668 0.527793 0.070693 0.000000 0.000000 0.000000 0.128916 0.000000 0.000000 0.017891 
0.000000 0.380109 0.025384 0.000000 0.062125 0.145666 0.000000 0.000000 0.000000 0.141442 0.000000 0.008299 0.236976 
0.000000 0.000000 0.038450 0.000000 0.000000 0.068151 0.000000 0.000000 0.000000 0.856996 0.000000 0.000000 0.036402 
0.000000 0.026795 0.364735 0.000000 0.000000 0.000005 0.044947 0.000000 0.031175 0.351799 0.131158 0.019592 0.029795 
0.000000 0.284328 0.000013 0.000000 0.000000 0.012748 0.010962 0.000000 0.000000 0.329537 0.222954 0.000000 0.139459 
0.000000 0.000000 0.611143 0.090436 0.000000 0.000005 0.028944 0.000000 0.000000 0.181388 0.035676 0.000000 0.052407 
0.000000 0.000000 0.057754 0.000000 0.066684 0.064815 0.000000 0.000000 0.000000 0.728532 0.017798 0.000000 0.064418 
0.000000 0.000000 0.019985 0.000000 0.000000 0.775001 0.000000 0.053004 0.011589 0.131995 0.000000 0.008421 0.000005 
0.000000 0.665533 0.000014 0.000000 0.000000 0.300907 0.000000 0.000000 0.008801 0.021636 0.000000 0.003102 0.000005 
0.000000 0.060706 0.061365 0.000000 0.000000 0.000005 0.094797 0.000000 0.000000 0.202218 0.000000 0.000000 0.580910 
0.000000 0.257576 0.088536 0.000000 0.198534 0.000005 0.343865 0.000000 0.000000 0.111478 0.000000 0.000000 0.000006 
0.000000 0.000000 0.046392 0.000000 0.030910 0.084925 0.000000 0.000000 0.000000 0.789752 0.000000 0.000000 0.048020 
0.011408 0.000000 0.694390 0.000000 0.046055 0.015147 0.017738 0.063703 0.000000 0.104305 0.000000 0.000000 0.047254 
0.000000 0.264614 0.000013 0.000000 0.045673 0.584315 0.000000 0.000000 0.000000 0.080677 0.000000 0.024702 0.000005 
0.000000 0.000000 0.462175 0.000000 0.000000 0.028264 0.052165 0.000000 0.000000 0.197617 0.000000 0.007049 0.252730 
0.000000 0.133453 0.000012 0.000000 0.095904 0.589234 0.013256 0.000000 0.000000 0.136248 0.000000 0.031887 0.000005 
0.000000 0.000000 0.026434 0.129423 0.661358 0.033048 0.000000 0.024713 0.000000 0.064259 0.042353 0.000000 0.018411 
0.000000 0.000000 0.006441 0.000000 0.126146 0.007024 0.000000 0.859349 0.000000 0.001038 0.000000 0.000000 0.000003 
0.000000 0.020335 0.024818 0.150336 0.686936 0.000006 0.000000 0.018638 0.000000 0.057882 0.015800 0.000000 0.025250 
0.000000 0.038547 0.084304 0.000000 0.025215 0.015872 0.553817 0.000000 0.000000 0.115594 0.000000 0.000000 0.166650 
0.000000 0.269550 0.000014 0.343289 0.050253 0.000006 0.011109 0.014266 0.000000 0.179123 0.057947 0.000000 0.074442 
0.000000 0.657712 0.014882 0.000000 0.000000 0.000005 0.000000 0.006390 0.010534 0.068698 0.000000 0.000000 0.241778 
0.000000 0.760930 0.000013 0.000000 0.000000 0.000005 0.039717 0.186055 0.000000 0.013273 0.000000 0.000000 0.000006 
0.000000 0.000000 0.045231 0.000000 0.000000 0.101880 0.000000 0.000000 0.000000 0.796966 0.000000 0.000000 0.055923 
0.000000 0.000000 0.061358 0.406542 0.000000 0.078028 0.000000 0.013817 0.000000 0.293438 0.079418 0.000000 0.067400 
0.000000 0.000000 0.405027 0.000000 0.090858 0.022066 0.317462 0.000000 0.000000 0.087460 0.036310 0.000000 0.040818 
0.000000 0.000000 0.037889 0.014322 0.207367 0.000006 0.036562 0.024162 0.027348 0.132519 0.000000 0.000000 0.519823 
0.054744 0.043450 0.055113 0.340748 0.000000 0.000005 0.039121 0.094079 0.000000 0.236275 0.113893 0.003204 0.019368 
0.061528 0.000000 0.068975 0.353807 0.000000 0.000005 0.021021 0.000000 0.000000 0.283775 0.146592 0.000000 0.064296 
0.000000 0.000000 0.024002 0.000000 0.183061 0.471601 0.000000 0.270271 0.000000 0.051058 0.000000 0.000000 0.000008 
0.000000 0.222327 0.044401 0.000000 0.077968 0.058151 0.000000 0.000000 0.000000 0.345356 0.000000 0.000000 0.251797 
0.000000 0.000000 0.310863 0.035189 0.000000 0.030824 0.000000 0.004038 0.000000 0.289529 0.249246 0.009392 0.070918 
0.000000 0.735710 0.008052 0.000000 0.000000 0.045864 0.000000 0.000000 0.000000 0.168928 0.000000 0.000000 0.041446 
0.000000 0.000000 0.044395 0.000000 0.000000 0.022579 0.000000 0.000000 0.000000 0.882531 0.000000 0.000000 0.050495 
0.000000 0.000000 0.000013 0.000000 0.043563 0.672608 0.116709 0.000000 0.000000 0.160180 0.000000 0.006922 0.000006 
0.000000 0.000000 0.034275 0.000000 0.000000 0.037558 0.737272 0.000000 0.000000 0.190887 0.000000 0.000000 0.000007 
0.000000 0.567884 0.064538 0.000000 0.294078 0.000005 0.000000 0.035940 0.013500 0.019504 0.000000 0.000000 0.004550 
0.000000 0.077602 0.000013 0.000000 0.186047 0.011803 0.039002 0.000000 0.000000 0.113054 0.000000 0.000000 0.572479 
0.000000 0.000000 0.042817 0.000000 0.000000 0.137185 0.000000 0.000000 0.013856 0.772236 0.000000 0.000000 0.033907 
0.000000 0.000000 0.001236 0.000000 0.000000 0.075619 0.439101 0.000000 0.000000 0.164111 0.214703 0.000000 0.105229 
0.000000 0.000000 0.062932 0.135498 0.000000 0.015519 0.000000 0.000000 0.000000 0.284292 0.000000 0.000000 0.501759 
0.000000 0.000000 0.041266 0.000000 0.000000 0.347858 0.000000 0.000000 0.000000 0.234517 0.000000 0.000000 0.376359 
0.000000 0.036204 0.080255 0.000000 0.000000 0.029164 0.229683 0.302031 0.000000 0.322656 0.000000 0.000000 0.000006 
0.000000 0.117323 0.000015 0.000000 0.000000 0.015602 0.000000 0.000000 0.000000 0.258937 0.060023 0.000000 0.548101 
0.000000 0.017284 0.457479 0.000000 0.028135 0.314157 0.000000 0.000000 0.014398 0.112789 0.043537 0.000000 0.012221 
0.000000 0.000000 0.035919 0.000000 0.082657 0.065092 0.000000 0.110221 0.000000 0.636892 0.000000 0.000000 0.069219 
0.000000 0.000000 0.039831 0.000000 0.000000 0.395723 0.083259 0.040878 0.000000 0.232769 0.178926 0.000000 0.028614 
0.000000 0.011846 0.034121 0.185312 0.000000 0.000005 0.000000 0.615345 0.000000 0.085421 0.047270 0.000000 0.020680 
0.000000 0.000000 0.039746 0.000000 0.479459 0.000005 0.044174 0.000000 0.000000 0.178009 0.219887 0.016539 0.022180 
0.000000 0.040611 0.015739 0.037566 0.000000 0.441214 0.000000 0.000000 0.000000 0.355078 0.085333 0.014714 0.009745 
0.000000 0.000000 0.022959 0.000000 0.126529 0.404897 0.000000 0.102531 0.000000 0.112007 0.000000 0.000000 0.231077 
0.000000 0.000000 0.000014 0.000000 0.638325 0.037012 0.016065 0.033824 0.041261 0.161615 0.053430 0.000000 0.018454 
0.000000 0.010144 0.089805 0.000000 0.000000 0.000005 0.706242 0.010953 0.037150 0.101009 0.008660 0.000000 0.036032 
0.000000 0.435956 0.022232 0.198097 0.000000 0.072613 0.000000 0.000000 0.000000 0.240888 0.024132 0.000000 0.006081 
0.000000 0.158089 0.000014 0.112991 0.000000 0.246342 0.026709 0.000000 0.000000 0.286479 0.064539 0.000000 0.104837 
0.000000 0.174677 0.000011 0.000000 0.774427 0.015600 0.000000 0.000000 0.023160 0.012118 0.000000 0.000000 0.000007 
0.022902 0.015361 0.571277 0.000000 0.000000 0.215085 0.000000 0.018956 0.000000 0.136194 0.000000 0.000000 0.020225 
0.000000 0.081886 0.541843 0.000000 0.000000 0.000005 0.092174 0.026783 0.000000 0.210604 0.030940 0.000000 0.015764 
0.000000 0.000000 0.059452 0.000000 0.000000 0.779238 0.000000 0.005165 0.000000 0.146848 0.000000 0.006825 0.002471 
0.000000 0.737139 0.000014 0.052963 0.000000 0.094835 0.000000 0.000000 0.000000 0.100493 0.000000 0.000000 0.014556 
0.000000 0.499327 0.321341 0.086225 0.000000 0.000005 0.000000 0.000000 0.000000 0.066462 0.026633 0.000000 0.000007 
0.000000 0.121503 0.000012 0.000000 0.000000 0.636740 0.026142 0.000000 0.000000 0.204034 0.000000 0.011563 0.000006 
0.000000 0.000000 0.000013 0.000000 0.734917 0.070561 0.088036 0.000000 0.000000 0.099565 0.000000 0.000000 0.006908 
0.000000 0.000000 0.006067 0.000000 0.000000 0.000005 0.000000 0.918078 0.000000 0.028767 0.040728 0.006350 0.000005 
0.000000 0.091879 0.316755 0.000000 0.000000 0.000006 0.000000 0.027086 0.000000 0.250326 0.255711 0.021875 0.036363 
0.000000 0.327159 0.400262 0.072093 0.000000 0.050231 0.091968 0.000000 0.000000 0.046368 0.000000 0.011912 0.000006 
0.000000 0.585931 0.000012 0.000000 0.000000 0.012503 0.037717 0.203370 0.000000 0.130935 0.000000 0.000000 0.029531 
0.030513 0.469563 0.000013 0.000000 0.428537 0.010308 0.000000 0.020537 0.000000 0.040524 0.000000 0.000000 0.000006 
0.000000 0.000000 0.050648 0.012142 0.029246 0.000005 0.716448 0.140767 0.000000 0.050738 0.000000 0.000000 0.000005 
0.000000 0.000000 0.348593 0.075705 0.000000 0.000006 0.311567 0.192031 0.000000 0.072093 0.000000 0.000000 0.000005 
0.000000 0.000000 0.208526 0.040204 0.421374 0.000005 0.246152 0.048910 0.000000 0.028776 0.000000 0.000000 0.006053 
0.000000 0.000000 0.269276 0.000000 0.045613 0.183795 0.068759 0.308459 0.000000 0.052878 0.000000 0.000000 0.071220 
0.000000 0.032613 0.020416 0.000000 0.000000 0.059527 0.029926 0.000000 0.000000 0.813438 0.000000 0.000000 0.044080 
0.000000 0.168401 0.000012 0.050046 0.015538 0.000005 0.000000 0.000000 0.000000 0.324849 0.341731 0.039981 0.059436 
0.000000 0.018100 0.065358 0.363447 0.000000 0.118780 0.000000 0.000000 0.000000 0.286605 0.070898 0.000000 0.076813 
0.000000 0.000000 0.121680 0.000000 0.060909 0.000006 0.775536 0.000000 0.011217 0.030648 0.000000 0.000000 0.000005 
0.000000 0.000000 0.536937 0.128499 0.000000 0.000005 0.017593 0.041223 0.000000 0.161060 0.074979 0.000000 0.039704 
0.000000 0.007684 0.030467 0.021903 0.000000 0.060004 0.000000 0.000000 0.000000 0.348676 0.432075 0.022983 0.076207 
0.000000 0.000000 0.000014 0.226831 0.000000 0.445256 0.035769 0.000000 0.000000 0.202561 0.054211 0.000000 0.035358 
0.000000 0.000000 0.064294 0.469196 0.000000 0.000005 0.000000 0.014263 0.010258 0.297403 0.073725 0.000000 0.070856 
0.000000 0.017173 0.045040 0.000000 0.000000 0.734712 0.034678 0.000000 0.016585 0.132799 0.000000 0.006907 0.012107 
0.000000 0.000000 0.020627 0.046632 0.000000 0.000005 0.411251 0.368999 0.000000 0.069420 0.083059 0.000000 0.000006 
0.000000 0.000000 0.275147 0.069708 0.000000 0.318220 0.000000 0.000000 0.000000 0.172128 0.000000 0.007813 0.156984 
0.000000 0.070112 0.040463 0.000000 0.018800 0.302459 0.000000 0.000000 0.000000 0.445184 0.000000 0.009063 0.113920 
0.000000 0.145038 0.068430 0.000000 0.528625 0.047670 0.059051 0.000000 0.020899 0.110732 0.000000 0.000000 0.019556 
0.000000 0.040559 0.390091 0.000000 0.015520 0.000005 0.282178 0.122967 0.000000 0.082182 0.061773 0.000000 0.004725 
0.000000 0.000000 0.000010 0.000000 0.427656 0.501785 0.000000 0.000000 0.000000 0.057480 0.000000 0.013064 0.000005 
0.000000 0.118134 0.102391 0.000000 0.000000 0.000005 0.727024 0.000000 0.000000 0.031684 0.011171 0.000000 0.009591 
0.000000 0.000000 0.000015 0.000000 0.097250 0.043858 0.013545 0.000000 0.000000 0.238085 0.057543 0.000000 0.549705 
0.000000 0.000000 0.014460 0.000000 0.501400 0.000005 0.436602 0.000000 0.000000 0.047527 0.000000 0.000000 0.000005 
0.000000 0.000000 0.042665 0.000000 0.000000 0.000006 0.000000 0.000000 0.020216 0.211025 0.047737 0.000000 0.678352 
0.000000 0.000000 0.000014 0.000000 0.000000 0.000006 0.000000 0.988747 0.000000 0.011229 0.000000 0.000000 0.000004 
0.000000 0.606739 0.000012 0.000000 0.034251 0.293191 0.000000 0.018124 0.000000 0.047678 0.000000 0.000000 0.000006 
0.000000 0.000000 0.000012 0.000000 0.286052 0.044449 0.210450 0.000000 0.000000 0.196897 0.239872 0.010433 0.011836 
0.000000 0.000000 0.028298 0.066801 0.688405 0.016374 0.000000 0.000000 0.000000 0.083776 0.000000 0.013694 0.102652 
0.000000 0.162242 0.131099 0.056840 0.473698 0.000005 0.027534 0.033178 0.000000 0.101766 0.000000 0.000000 0.013639 
0.000000 0.000000 0.000013 0.052420 0.217306 0.130308 0.051323 0.041185 0.039583 0.175316 0.242914 0.012156 0.037476 
0.000000 0.000000 0.000013 0.000000 0.000000 0.489309 0.131721 0.000000 0.000000 0.216172 0.083584 0.014326 0.064875 
0.000000 0.000000 0.074970 0.094853 0.000000 0.036814 0.719530 0.000000 0.000000 0.061264 0.012563 0.000000 0.000006 
0.000000 0.000000 0.049405 0.038601 0.000000 0.084830 0.000000 0.000000 0.000000 0.743785 0.000000 0.000000 0.083379 
0.000000 0.204692 0.009208 0.051407 0.000000 0.099633 0.000000 0.517129 0.000000 0.117925 0.000000 0.000000 0.000006 
0.000000 0.283001 0.021884 0.000000 0.671887 0.000006 0.000000 0.000000 0.000000 0.023217 0.000000 0.000000 0.000005 
0.000000 0.000000 0.021701 0.000000 0.007344 0.087133 0.000000 0.000000 0.000000 0.847098 0.000000 0.000000 0.036724 
0.000000 0.024972 0.000013 0.000000 0.000000 0.590593 0.029844 0.235807 0.000000 0.107909 0.000000 0.010858 0.000005 
0.000000 0.000000 0.307524 0.000000 0.017276 0.057814 0.256985 0.011639 0.000000 0.303886 0.016274 0.000000 0.028602 
0.000000 0.908578 0.013661 0.000000 0.055923 0.000005 0.000000 0.000000 0.000000 0.021827 0.000000 0.000000 0.000005 
0.000000 0.083801 0.020773 0.223455 0.000000 0.291004 0.052189 0.098638 0.000000 0.196099 0.000000 0.000000 0.034040 
0.000000 0.000000 0.051015 0.026041 0.000000 0.000005 0.019532 0.060262 0.000000 0.190952 0.000000 0.000000 0.652192 
0.000000 0.000000 0.000009 0.000000 0.973441 0.013608 0.000000 0.006755 0.000000 0.001787 0.000000 0.000000 0.004399 
0.000000 0.030760 0.059745 0.000000 0.000000 0.066642 0.000000 0.005680 0.000000 0.795423 0.000000 0.000000 0.041750 
0.000000 0.000000 0.000014 0.000000 0.000000 0.719155 0.014520 0.100397 0.000000 0.165910 0.000000 0.000000 0.000005 
0.000000 0.000000 0.067450 0.000000 0.000000 0.496688 0.000000 0.000000 0.000000 0.158250 0.179336 0.000000 0.098275 
0.000000 0.018001 0.000015 0.000000 0.000000 0.567585 0.000000 0.000000 0.000000 0.223440 0.162071 0.013834 0.015053 
0.000000 0.119588 0.067015 0.000000 0.000000 0.000005 0.762193 0.000000 0.000000 0.051193 0.000000 0.000000 0.000006 
0.000000 0.000000 0.382985 0.111382 0.000000 0.133509 0.242791 0.000000 0.000000 0.102491 0.000000 0.013945 0.012896 
0.000000 0.099854 0.417903 0.000000 0.076781 0.252162 0.000000 0.000000 0.024465 0.113267 0.000000 0.015563 0.000005 
0.000000 0.233944 0.030880 0.192917 0.000000 0.000005 0.393551 0.000000 0.000000 0.110106 0.017438 0.000000 0.021159 
0.000000 0.229160 0.202702 0.000000 0.499869 0.007496 0.000000 0.019828 0.000000 0.038334 0.000000 0.000000 0.002611 
0.020890 0.000000 0.794895 0.000000 0.000000 0.000005 0.000000 0.060082 0.000000 0.094568 0.000000 0.011979 0.017580 
0.011237 0.000000 0.503062 0.000000 0.163386 0.024472 0.000000 0.166116 0.000000 0.089274 0.000000 0.016248 0.026204 
0.000000 0.000000 0.050818 0.302228 0.201564 0.025561 0.000000 0.020506 0.000000 0.208867 0.130792 0.000000 0.059665 
0.000000 0.000000 0.000020 0.000000 0.966787 0.000005 0.000000 0.015470 0.000000 0.016009 0.000000 0.000000 0.001708 
0.000000 0.265351 0.036703 0.255931 0.014361 0.017054 0.000000 0.199365 0.000000 0.119197 0.041521 0.000000 0.050517 
0.000000 0.000000 0.030463 0.103527 0.000000 0.000006 0.346896 0.396124 0.000000 0.094520 0.023615 0.000000 0.004849 
0.000000 0.000000 0.002625 0.000000 0.000000 0.000005 0.000000 0.941705 0.000000 0.040122 0.012492 0.000000 0.003051 
0.000000 0.000000 0.037589 0.000000 0.024076 0.000005 0.039477 0.000000 0.000000 0.197574 0.011997 0.000000 0.689282 
0.000000 0.000000 0.129680 0.000000 0.735255 0.000005 0.000000 0.028989 0.000000 0.078735 0.000000 0.000000 0.027336 
0.000000 0.511517 0.039827 0.085567 0.042381 0.000006 0.291370 0.000000 0.000000 0.029327 0.000000 0.000000 0.000006 
0.000000 0.000000 0.000013 0.000000 0.000000 0.125092 0.104711 0.084820 0.000000 0.256708 0.293296 0.021034 0.114325 
0.000000 0.304169 0.024304 0.275600 0.000000 0.000005 0.045797 0.000000 0.000000 0.211861 0.054193 0.000000 0.084071 
0.000000 0.000000 0.012104 0.000000 0.000000 0.807172 0.000000 0.000000 0.000000 0.157831 0.000000 0.006980 0.015912 
0.000000 0.450228 0.196377 0.000000 0.000000 0.000005 0.039344 0.000000 0.000000 0.134351 0.065105 0.005513 0.109077 
0.000000 0.000000 0.043111 0.147307 0.012688 0.161247 0.000000 0.000000 0.000000 0.186302 0.043537 0.000000 0.405809 
0.000000 0.000000 0.295104 0.000000 0.000000 0.144801 0.000000 0.000000 0.000000 0.470851 0.000000 0.000000 0.089244 
0.000000 0.021674 0.002545 0.038660 0.000000 0.841353 0.000000 0.000000 0.000000 0.081641 0.000000 0.014123 0.000005 
0.000000 0.359804 0.000012 0.158806 0.000000 0.000005 0.028392 0.176365 0.000000 0.214286 0.030557 0.000000 0.031773 
0.000000 0.190630 0.030211 0.000000 0.652231 0.013121 0.000000 0.000000 0.000000 0.075216 0.038584 0.000000 0.000005 
0.000000 0.022560 0.020777 0.000000 0.000000 0.074544 0.000000 0.000000 0.000000 0.642869 0.192911 0.017705 0.028634 
0.000000 0.000000 0.010626 0.000000 0.000000 0.827397 0.000000 0.000000 0.045614 0.099705 0.000000 0.016653 0.000005 
0.000000 0.000000 0.085791 0.017117 0.000000 0.000006 0.000000 0.876386 0.004717 0.015980 0.000000 0.000000 0.000004 
0.000000 0.000000 0.000008 0.000000 0.934756 0.009134 0.000000 0.027296 0.000000 0.020480 0.000000 0.000000 0.008327 
0.000000 0.260507 0.000013 0.000000 0.000000 0.069414 0.000000 0.660076 0.000000 0.009985 0.000000 0.000000 0.000005 
0.000000 0.000000 0.055491 0.406623 0.000000 0.166261 0.000000 0.000000 0.000000 0.274994 0.000000 0.011567 0.085064 
0.000000 0.000000 0.047910 0.000000 0.440719 0.072211 0.141579 0.000000 0.000000 0.277509 0.000000 0.000000 0.020072 
0.000000 0.000000 0.033502 0.000000 0.045151 0.748552 0.000000 0.000000 0.035143 0.124532 0.000000 0.007856 0.005264 
0.000000 0.000000 0.000013 0.000000 0.471631 0.295503 0.000000 0.000000 0.000000 0.218405 0.000000 0.000000 0.014447 
0.000000 0.100720 0.000013 0.000000 0.000000 0.071276 0.000000 0.780754 0.000000 0.025881 0.021352 0.000000 0.000005 
0.000000 0.015305 0.000013 0.067474 0.000000 0.347993 0.225004 0.000000 0.000000 0.266795 0.061864 0.000000 0.015551 
0.000000 0.000000 0.021549 0.081068 0.000000 0.044700 0.000000 0.080548 0.013762 0.348363 0.346989 0.011846 0.051175 
