-1918244.411090
0
0.008100 0.005351 0.000000 0.002448 0.000001 0.001741 0.000000 0.000655 0.034715 0.015758 0.209367 0.013731 0.003223 0.001449 0.001521 0.007115 0.013283 0.006690 0.009785 0.008213 0.000000 0.002201 0.000000 0.002815 0.002356 0.000000 0.000000 0.000000 0.000485 0.000000 0.000000 0.000000 0.023255 0.020383 0.110409 0.016280 0.000000 0.000000 0.000000 0.000000 0.003952 0.005350 0.005996 0.005585 0.000000 0.001783 0.000002 0.000000 0.005421 0.002940 0.000000 0.001556 0.000000 0.001840 0.000000 0.000000 0.028131 0.030934 0.127390 0.018525 0.000000 0.000000 0.000000 0.000000 0.012449 0.006636 0.005271 0.012704 0.000000 0.000000 0.000000 0.000000 0.009570 0.009017 0.001909 0.010460 0.000000 0.000000 0.000000 0.002561 0.014365 0.017164 0.089502 0.013203 0.004958 0.000000 0.000000 0.000000 0.008793 0.004534 0.010032 0.005514 0.000000 0.000000 0.000619 0.000000 
0.004996 0.000000 0.000000 0.000000 0.001912 0.000811 0.000000 0.002487 0.006503 0.005133 0.014803 0.003867 0.013623 0.001876 0.005853 0.018303 0.027878 0.010970 0.022096 0.026383 0.041380 0.008197 0.004308 0.022844 0.004361 0.000000 0.000000 0.002006 0.000000 0.000000 0.000000 0.000000 0.010746 0.009208 0.008807 0.006183 0.003538 0.000755 0.001489 0.000000 0.018390 0.011533 0.017391 0.035442 0.026937 0.007670 0.015551 0.065681 0.009288 0.006833 0.000000 0.003205 0.000000 0.001119 0.000000 0.003297 0.007454 0.006835 0.009745 0.012144 0.001377 0.002068 0.000520 0.000000 0.010844 0.010920 0.011637 0.013304 0.009296 0.000000 0.003527 0.022477 0.019416 0.000100 0.000000 0.026496 0.000000 0.000000 0.000000 0.000000 0.003091 0.010086 0.000000 0.009149 0.024023 0.000000 0.015468 0.010481 0.019239 0.015521 0.012625 0.040558 0.068276 0.010106 0.009490 0.070074 
0.000000 0.001903 0.000394 0.000459 0.001545 0.000687 0.000000 0.001841 0.029787 0.017310 0.093186 0.015322 0.000000 0.002805 0.000000 0.004809 0.006429 0.006419 0.022309 0.002215 0.000000 0.002181 0.001140 0.002550 0.009702 0.023210 0.009625 0.059662 0.000000 0.000000 0.000000 0.000000 0.006974 0.009130 0.094345 0.006901 0.000000 0.001690 0.000598 0.000000 0.006367 0.003282 0.028449 0.003213 0.000000 0.003804 0.004683 0.009145 0.002189 0.005213 0.002089 0.008465 0.000000 0.002298 0.000000 0.001553 0.068459 0.078917 0.140556 0.054743 0.000000 0.002331 0.000099 0.001143 0.012991 0.005942 0.010787 0.003812 0.000000 0.001290 0.001160 0.003065 0.000010 0.001674 0.000752 0.006368 0.000000 0.000220 0.000000 0.000000 0.007096 0.003992 0.038970 0.004671 0.000000 0.000504 0.000000 0.000000 0.006223 0.003182 0.010491 0.002539 0.000000 0.002246 0.000992 0.008894 
0.036279 0.030469 0.020905 0.024068 0.009224 0.005888 0.003962 0.005025 0.010951 0.007806 0.002245 0.003488 0.003061 0.002953 0.008815 0.000000 0.007543 0.001561 0.007987 0.000042 0.000000 0.000000 0.000747 0.000000 0.048316 0.067435 0.010254 0.047209 0.011260 0.009994 0.007600 0.009037 0.022652 0.015434 0.009558 0.018789 0.007666 0.010183 0.037741 0.008923 0.004160 0.001138 0.010761 0.004157 0.000000 0.001053 0.003831 0.000675 0.041268 0.043620 0.028157 0.024396 0.006558 0.009499 0.007251 0.005877 0.009778 0.008940 0.003067 0.007771 0.005883 0.004586 0.014220 0.002418 0.005417 0.000000 0.003965 0.001490 0.000000 0.000000 0.001009 0.000000 0.034420 0.058426 0.011329 0.035438 0.002908 0.011217 0.003840 0.004842 0.003745 0.006506 0.000000 0.006407 0.003273 0.002342 0.009232 0.000000 0.002419 0.000965 0.003688 0.001027 0.000000 0.000000 0.001959 0.000000 
0.000545 0.001136 0.000463 0.008212 0.000883 0.000293 0.000000 0.000426 0.000065 0.003481 0.012019 0.004616 0.000000 0.000000 0.000000 0.000857 0.003050 0.005242 0.002569 0.003253 0.000000 0.003877 0.001535 0.014076 0.002369 0.000706 0.000572 0.015471 0.000000 0.000000 0.000000 0.000000 0.001137 0.002891 0.010825 0.003346 0.000000 0.000000 0.000000 0.000772 0.000368 0.002063 0.001285 0.001834 0.001785 0.002249 0.003540 0.018970 0.001290 0.002014 0.000000 0.009026 0.000000 0.000277 0.000000 0.000394 0.000001 0.014483 0.027452 0.015836 0.000000 0.000000 0.000000 0.000000 0.007573 0.010048 0.006367 0.011914 0.000000 0.002017 0.000901 0.002823 0.037196 0.011306 0.003028 0.308045 0.000000 0.000000 0.000000 0.000000 0.002707 0.020447 0.216431 0.036864 0.000000 0.001028 0.000000 0.002696 0.003165 0.009285 0.007067 0.009771 0.005595 0.010302 0.001810 0.064058 
0.000000 0.000829 0.000000 0.000234 0.000439 0.000282 0.000345 0.000760 0.007866 0.002823 0.002866 0.002761 0.000000 0.000000 0.000000 0.000000 0.001250 0.000581 0.000281 0.001174 0.000000 0.000000 0.000000 0.000250 0.000884 0.000430 0.000000 0.000000 0.000000 0.000210 0.000000 0.000412 0.014417 0.004478 0.004270 0.009340 0.000000 0.000165 0.000000 0.000700 0.000692 0.000615 0.000011 0.000304 0.000000 0.000001 0.000211 0.000000 0.000000 0.000003 0.000315 0.000001 0.000000 0.000001 0.000000 0.000408 0.006150 0.001984 0.000000 0.003530 0.000000 0.000173 0.000000 0.000000 0.000002 0.000000 0.000007 0.000939 0.000000 0.000000 0.000000 0.000000 0.015296 0.005957 0.002241 0.011874 0.040579 0.000000 0.001668 0.068500 0.422519 0.082360 0.046015 0.228446 0.000000 0.000000 0.000000 0.000000 0.000109 0.000250 0.000223 0.000320 0.000000 0.000000 0.000245 0.000000 
0.009155 0.004522 0.001609 0.000000 0.033215 0.018416 0.008349 0.034935 0.017917 0.010008 0.000001 0.010010 0.003683 0.000960 0.000000 0.000000 0.010219 0.010315 0.011960 0.015396 0.000828 0.002812 0.009661 0.010112 0.007462 0.006703 0.003582 0.000000 0.024269 0.018452 0.006094 0.036392 0.022817 0.011852 0.003332 0.014949 0.003147 0.008821 0.006513 0.008181 0.009930 0.015945 0.010888 0.011905 0.002647 0.010876 0.014175 0.013636 0.000000 0.006498 0.000000 0.003987 0.019265 0.015354 0.003171 0.026376 0.027229 0.013714 0.000000 0.013517 0.001760 0.002586 0.006401 0.000000 0.008343 0.008182 0.006552 0.005450 0.007544 0.006067 0.024535 0.006307 0.000014 0.015435 0.000000 0.000601 0.022271 0.034312 0.003861 0.049018 0.013154 0.018814 0.000000 0.004492 0.002883 0.007289 0.006681 0.000000 0.013169 0.014973 0.011892 0.013535 0.011187 0.010436 0.013066 0.023424 
0.000000 0.000000 0.000000 0.000000 0.000000 0.000103 0.000000 0.000001 0.000007 0.018802 0.000001 0.004451 0.000849 0.000563 0.000764 0.003002 0.001103 0.000160 0.000837 0.001150 0.000000 0.000000 0.000469 0.000000 0.001010 0.000000 0.000000 0.001761 0.000239 0.000000 0.000509 0.000000 0.074997 0.100763 0.022028 0.079706 0.000000 0.001432 0.000470 0.001960 0.000772 0.000668 0.001041 0.004303 0.000000 0.000772 0.000847 0.001844 0.000000 0.000314 0.000000 0.000001 0.000000 0.000514 0.000000 0.000000 0.000001 0.021268 0.000759 0.016310 0.000000 0.000000 0.000494 0.000769 0.000002 0.000000 0.000692 0.007586 0.000000 0.000000 0.001877 0.000878 0.001547 0.002091 0.000000 0.001679 0.000000 0.001199 0.000000 0.000000 0.119142 0.288222 0.102321 0.083869 0.000778 0.001491 0.001233 0.005734 0.002329 0.001762 0.001795 0.002604 0.000000 0.000904 0.000898 0.001551 
0.003930 0.000000 0.003001 0.000000 0.010730 0.010505 0.003824 0.012083 0.024673 0.019118 0.000002 0.017962 0.004318 0.006563 0.014822 0.000000 0.063493 0.019909 0.045115 0.038980 0.000000 0.000000 0.004811 0.000000 0.000016 0.000000 0.004521 0.000000 0.006054 0.008992 0.005139 0.006131 0.040118 0.031581 0.005877 0.026827 0.000000 0.000000 0.010469 0.001567 0.028470 0.013612 0.028485 0.026406 0.000000 0.000001 0.005444 0.000001 0.014117 0.010520 0.007340 0.006011 0.006477 0.006213 0.001209 0.003016 0.027317 0.024248 0.000000 0.029688 0.010178 0.001528 0.006244 0.000000 0.028559 0.013994 0.022768 0.022470 0.000000 0.000000 0.000000 0.000000 0.006121 0.012629 0.007810 0.005390 0.000000 0.007555 0.002471 0.000000 0.011987 0.032561 0.000000 0.011495 0.005137 0.004271 0.006592 0.000000 0.026615 0.018827 0.019390 0.021179 0.000000 0.000000 0.004524 0.000000 
0.039350 0.034375 0.002744 0.034874 0.009751 0.004376 0.000000 0.009269 0.017403 0.005688 0.006266 0.022078 0.015000 0.014167 0.015865 0.025178 0.016165 0.007534 0.010087 0.022660 0.003649 0.000000 0.008231 0.003461 0.033496 0.025321 0.000842 0.032849 0.006912 0.006024 0.000562 0.009495 0.003267 0.003058 0.000437 0.018983 0.013048 0.019090 0.017764 0.028117 0.005054 0.011526 0.005753 0.011780 0.001720 0.001903 0.007361 0.004712 0.023775 0.016873 0.000000 0.024367 0.003171 0.003444 0.000000 0.006754 0.000000 0.000028 0.000000 0.004776 0.008109 0.008300 0.009752 0.018870 0.005408 0.005702 0.005524 0.008009 0.000898 0.000626 0.007273 0.005605 0.028981 0.019606 0.001685 0.037812 0.004820 0.004403 0.000000 0.007277 0.006199 0.003152 0.000000 0.013559 0.015387 0.013758 0.008308 0.031961 0.004518 0.006468 0.000980 0.009222 0.000000 0.002417 0.007377 0.007603 
0.600824 0.113449 0.000000 0.000001 0.014098 0.000000 0.000000 0.140867 0.000000 0.130761 
0.214973 0.034167 0.000000 0.446286 0.000000 0.108348 0.000000 0.015532 0.000000 0.180695 
0.047839 0.250365 0.000000 0.036769 0.000000 0.000000 0.074074 0.285001 0.138005 0.167948 
0.643725 0.031212 0.000000 0.208123 0.000000 0.000000 0.016471 0.000000 0.000000 0.100468 
0.389041 0.000000 0.089459 0.188737 0.018635 0.000000 0.098436 0.000000 0.035137 0.180555 
0.303522 0.033233 0.524301 0.032357 0.000000 0.000000 0.000000 0.032083 0.000000 0.074504 
0.000001 0.000000 0.336159 0.000000 0.560637 0.007786 0.024149 0.013345 0.000000 0.057921 
0.249024 0.000000 0.030968 0.000001 0.021519 0.000000 0.042677 0.421281 0.101391 0.133140 
0.255567 0.000000 0.000000 0.000000 0.035234 0.363305 0.000000 0.000000 0.000000 0.345893 
0.392926 0.000000 0.000000 0.023799 0.000000 0.444019 0.049567 0.026845 0.000000 0.062843 
0.011639 0.029400 0.000000 0.042134 0.000000 0.000000 0.000000 0.820090 0.000000 0.096736 
0.000001 0.277336 0.000000 0.229155 0.361991 0.000000 0.015254 0.000000 0.000000 0.116263 
0.082266 0.000000 0.581231 0.000001 0.004374 0.034745 0.000000 0.013074 0.000000 0.284309 
0.000001 0.000000 0.000000 0.000000 0.556540 0.000000 0.195947 0.039467 0.000000 0.208044 
0.134416 0.000000 0.000000 0.332988 0.014110 0.000000 0.032243 0.000000 0.000000 0.486243 
0.327802 0.000000 0.000000 0.000000 0.021628 0.026553 0.000000 0.556289 0.000000 0.067728 
0.000001 0.073035 0.000000 0.000000 0.717852 0.000000 0.078558 0.000000 0.000000 0.130553 
0.049820 0.189771 0.107895 0.291951 0.000000 0.000000 0.074015 0.040992 0.000000 0.245555 
0.000001 0.000000 0.014655 0.000000 0.021408 0.000000 0.021028 0.809635 0.090068 0.043204 
0.000002 0.000000 0.000000 0.000000 0.985895 0.000000 0.009667 0.000000 0.000000 0.004436 
0.000002 0.000000 0.024593 0.015369 0.070787 0.119716 0.438065 0.011360 0.000000 0.320109 
0.067109 0.082338 0.000000 0.000000 0.000000 0.000000 0.116988 0.615045 0.000000 0.118519 
0.025495 0.078790 0.000000 0.021967 0.496040 0.062653 0.022439 0.043588 0.000000 0.249028 
0.756730 0.026975 0.000000 0.051483 0.000000 0.074459 0.000000 0.000000 0.000000 0.090351 
0.000001 0.000000 0.008012 0.038258 0.023829 0.124721 0.438951 0.000000 0.000000 0.366228 
0.000001 0.000000 0.000000 0.000000 0.000000 0.960962 0.015764 0.000000 0.000000 0.023271 
0.433403 0.000000 0.064824 0.148481 0.022530 0.097099 0.017753 0.177711 0.000000 0.038199 
0.069558 0.020577 0.000000 0.125105 0.019967 0.000000 0.148070 0.000000 0.247052 0.369670 
0.000001 0.000000 0.026480 0.009991 0.000000 0.000000 0.417717 0.000000 0.000000 0.545810 
0.586059 0.014660 0.047108 0.033718 0.000000 0.000000 0.000000 0.212404 0.000000 0.106052 
0.068661 0.000000 0.000000 0.813705 0.010784 0.000000 0.000000 0.000000 0.000000 0.106850 
0.039643 0.307685 0.000000 0.009367 0.013358 0.000000 0.034298 0.009534 0.000000 0.586115 
0.000001 0.203815 0.394104 0.000000 0.250982 0.000000 0.000000 0.007205 0.000000 0.143892 
0.199651 0.018730 0.181637 0.181035 0.021110 0.000000 0.062254 0.018501 0.202233 0.114849 
0.000001 0.068286 0.062945 0.000001 0.046240 0.000000 0.104545 0.014900 0.357643 0.345439 
0.000001 0.000000 0.000000 0.000000 0.657530 0.000000 0.155135 0.029303 0.000000 0.158029 
0.073079 0.017409 0.000000 0.000000 0.000000 0.000000 0.000000 0.138514 0.049051 0.721946 
0.000001 0.000000 0.000000 0.283413 0.000000 0.029279 0.000000 0.539770 0.000000 0.147536 
0.049012 0.054468 0.000000 0.172991 0.020770 0.097459 0.108411 0.000000 0.287152 0.209736 
0.315484 0.000000 0.046525 0.045577 0.000000 0.290650 0.031366 0.224060 0.000000 0.046338 
0.000001 0.486698 0.014725 0.000000 0.220424 0.000000 0.047862 0.000000 0.000000 0.230290 
0.029041 0.000000 0.000000 0.000001 0.155058 0.000000 0.172020 0.237335 0.152818 0.253727 
0.036567 0.050232 0.000000 0.629994 0.000000 0.000000 0.023909 0.012784 0.053279 0.193234 
0.039604 0.000000 0.042940 0.081658 0.000000 0.464432 0.000000 0.301212 0.000000 0.070153 
0.000001 0.025092 0.606824 0.190049 0.000000 0.000000 0.045938 0.000000 0.009489 0.122606 
0.027575 0.059494 0.000000 0.044093 0.000000 0.370863 0.000000 0.099503 0.000000 0.398472 
0.054640 0.593454 0.000000 0.000000 0.085808 0.000000 0.039171 0.000000 0.000000 0.226926 
0.000001 0.000000 0.000000 0.550999 0.000000 0.000000 0.207030 0.000000 0.000000 0.241969 
0.000001 0.000000 0.000000 0.000000 0.000000 0.257153 0.000000 0.737437 0.000000 0.005408 
0.020134 0.032565 0.000000 0.106099 0.000000 0.748582 0.000000 0.000000 0.000000 0.092620 
0.092291 0.027264 0.000000 0.000000 0.010895 0.000000 0.000000 0.000000 0.000000 0.869549 
0.000001 0.000000 0.006607 0.058036 0.000000 0.000000 0.514014 0.081813 0.000000 0.339528 
0.091521 0.000000 0.000000 0.000001 0.886012 0.000000 0.000000 0.000000 0.010528 0.011937 
0.000001 0.000000 0.000000 0.177990 0.647824 0.000000 0.000000 0.124140 0.000000 0.050044 
0.427728 0.000000 0.000000 0.047013 0.417111 0.000000 0.018725 0.048445 0.000000 0.040979 
0.072641 0.048337 0.000000 0.000000 0.000000 0.000000 0.000000 0.031712 0.093012 0.754298 
0.040807 0.016961 0.582260 0.028371 0.000000 0.187192 0.000000 0.128454 0.000000 0.015954 
0.280325 0.004434 0.000000 0.021746 0.000000 0.600792 0.000000 0.066042 0.000000 0.026661 
0.000001 0.035368 0.102691 0.000000 0.000000 0.000000 0.031782 0.545156 0.143317 0.141685 
0.034506 0.074761 0.056405 0.000000 0.000000 0.010807 0.072599 0.000000 0.372539 0.378383 
0.050698 0.182236 0.431141 0.169644 0.000000 0.000000 0.000000 0.000000 0.000000 0.166280 
0.070001 0.047640 0.000000 0.025514 0.000000 0.000000 0.048747 0.000000 0.000000 0.808098 
0.017877 0.000000 0.025608 0.031318 0.141239 0.000000 0.209217 0.385384 0.036400 0.152956 
0.066567 0.048027 0.035261 0.000000 0.000000 0.000000 0.129033 0.014651 0.397143 0.309316 
0.079899 0.023419 0.000000 0.000000 0.054442 0.000000 0.000000 0.000000 0.000000 0.842240 
0.000001 0.000000 0.000000 0.906149 0.009986 0.000000 0.000000 0.000000 0.000000 0.083863 
0.000001 0.000000 0.723098 0.076483 0.000000 0.000000 0.000000 0.189916 0.000000 0.010501 
0.101058 0.006515 0.000000 0.000000 0.599344 0.000000 0.000000 0.175711 0.069023 0.048348 
0.000001 0.018626 0.313618 0.000000 0.000000 0.009768 0.047950 0.185273 0.217917 0.206846 
0.025092 0.000000 0.047968 0.592714 0.000000 0.000000 0.045046 0.016236 0.027243 0.245701 
0.000001 0.000000 0.039433 0.073339 0.000000 0.477506 0.132838 0.000000 0.097120 0.179762 
0.000001 0.000000 0.000000 0.000001 0.000000 0.025874 0.029742 0.863867 0.020749 0.059766 
0.644737 0.000000 0.175338 0.000000 0.057318 0.000000 0.025858 0.024121 0.000000 0.072627 
0.589049 0.000000 0.069094 0.000001 0.115095 0.043069 0.012442 0.068289 0.000000 0.102960 
0.069304 0.022938 0.000000 0.266167 0.021160 0.000000 0.234406 0.000000 0.059782 0.326243 
0.000001 0.036772 0.141235 0.000001 0.660323 0.000000 0.000000 0.078524 0.000000 0.083144 
0.334302 0.021852 0.000000 0.176160 0.021815 0.350064 0.024771 0.000000 0.000000 0.071037 
0.057365 0.000000 0.000000 0.029351 0.016960 0.000000 0.476308 0.015056 0.000000 0.404961 
0.027751 0.000000 0.017202 0.010685 0.000000 0.000000 0.000000 0.601120 0.000000 0.343241 
0.051416 0.266475 0.000000 0.008646 0.028437 0.000000 0.000000 0.000000 0.000000 0.645026 
0.099259 0.025242 0.039509 0.072423 0.233923 0.327152 0.000000 0.000000 0.107286 0.095206 
0.246526 0.000000 0.000000 0.000000 0.000000 0.000000 0.366637 0.031473 0.000000 0.355363 
0.037832 0.716951 0.000000 0.000000 0.028664 0.000000 0.026587 0.000000 0.000000 0.189966 
0.069928 0.000000 0.025081 0.000000 0.000000 0.018560 0.000000 0.790397 0.032600 0.063432 
0.026077 0.375147 0.048187 0.000000 0.000000 0.351691 0.021544 0.000000 0.000000 0.177354 
0.300112 0.015933 0.000000 0.593522 0.000000 0.014584 0.000000 0.000000 0.000000 0.075848 
0.059169 0.046625 0.060057 0.000000 0.036762 0.000000 0.279993 0.000000 0.210841 0.306552 
0.059527 0.500008 0.000000 0.000000 0.015756 0.000000 0.091071 0.000000 0.104648 0.228989 
0.262107 0.038361 0.000000 0.022796 0.012754 0.000000 0.023939 0.000000 0.000000 0.640044 
0.000001 0.000000 0.167983 0.003999 0.000000 0.178489 0.000000 0.644889 0.000000 0.004639 
0.000001 0.480491 0.043859 0.000000 0.046455 0.000000 0.050415 0.021179 0.142402 0.215197 
0.000001 0.000000 0.000000 0.895185 0.009295 0.000000 0.032906 0.000000 0.000000 0.062613 
0.052816 0.039211 0.000000 0.000000 0.033736 0.000000 0.026987 0.000000 0.202139 0.645110 
0.072177 0.121311 0.020311 0.000000 0.087147 0.000000 0.000000 0.660205 0.000000 0.038849 
0.047155 0.016755 0.000000 0.062529 0.064348 0.000000 0.000000 0.525313 0.147796 0.136103 
0.000002 0.239630 0.000000 0.148293 0.393148 0.000000 0.013971 0.062494 0.000000 0.142463 
0.065670 0.000000 0.000000 0.000001 0.000000 0.000000 0.000000 0.000000 0.014136 0.920192 
0.390687 0.000000 0.034395 0.009751 0.024600 0.000000 0.182108 0.000000 0.000000 0.358460 
0.000001 0.108048 0.014657 0.006169 0.287145 0.000000 0.242064 0.000000 0.000000 0.341916 
0.617853 0.055295 0.031510 0.000000 0.000000 0.000000 0.039360 0.000000 0.066756 0.189225 
0.080756 0.044367 0.000000 0.000000 0.000000 0.000000 0.013087 0.065429 0.000000 0.796360 
0.014274 0.000000 0.000000 0.804419 0.000000 0.052195 0.000000 0.000000 0.000000 0.129111 
0.000001 0.000000 0.000000 0.321697 0.672449 0.000000 0.000000 0.000000 0.000000 0.005852 
0.010105 0.583555 0.105914 0.000000 0.075931 0.000000 0.028164 0.000000 0.000000 0.196330 
0.066072 0.000000 0.363379 0.000000 0.259625 0.000000 0.000000 0.200768 0.000000 0.110155 
0.075291 0.023959 0.000000 0.049674 0.000000 0.007049 0.000000 0.021974 0.000000 0.822052 
0.712209 0.048380 0.000000 0.031035 0.000000 0.061127 0.000000 0.049097 0.000000 0.098151 
0.000001 0.000000 0.000000 0.626463 0.265070 0.010224 0.000000 0.034511 0.000000 0.063730 
0.443186 0.255361 0.053722 0.038917 0.000000 0.010291 0.017561 0.000000 0.000000 0.180961 
0.000001 0.000000 0.000000 0.636575 0.138447 0.015732 0.000000 0.081864 0.000000 0.127381 
0.026881 0.014452 0.000000 0.000001 0.000000 0.023721 0.040409 0.665999 0.136336 0.092202 
0.005201 0.000000 0.000000 0.000001 0.000000 0.868191 0.000000 0.125814 0.000000 0.000792 
0.024774 0.024604 0.000000 0.000000 0.026563 0.000000 0.041950 0.708784 0.128132 0.045192 
0.024366 0.169143 0.599172 0.000000 0.043134 0.000000 0.000000 0.029255 0.000000 0.134930 
0.000001 0.089316 0.013813 0.000000 0.280725 0.014094 0.058586 0.047663 0.321598 0.174202 
0.000001 0.245986 0.000000 0.000000 0.658571 0.000000 0.006639 0.017911 0.000000 0.070890 
0.000001 0.000000 0.036610 0.000000 0.767723 0.186430 0.000000 0.000000 0.000000 0.009234 
0.068498 0.033967 0.000000 0.040712 0.000000 0.000000 0.000000 0.000000 0.000000 0.856823 
0.042841 0.070689 0.046879 0.000001 0.000000 0.011407 0.103487 0.000000 0.367762 0.356934 
0.389125 0.040565 0.325400 0.037331 0.000000 0.000000 0.032535 0.094056 0.000000 0.080987 
0.000001 0.543914 0.043385 0.000001 0.000000 0.032762 0.000000 0.219937 0.000000 0.160001 
0.055401 0.029178 0.043217 0.000000 0.064433 0.090925 0.134132 0.000000 0.315531 0.267183 
0.069407 0.074272 0.021479 0.000000 0.023347 0.000000 0.166131 0.000000 0.340109 0.305254 
0.018742 0.000000 0.000000 0.475073 0.000000 0.267293 0.000000 0.186527 0.000000 0.052364 
0.036001 0.251701 0.000000 0.041361 0.226706 0.000000 0.000000 0.078880 0.000000 0.365352 
0.328632 0.027344 0.000000 0.000000 0.000000 0.000000 0.302276 0.000000 0.000000 0.341748 
0.002751 0.038676 0.000000 0.040972 0.748251 0.000000 0.000000 0.000000 0.000000 0.169351 
0.071377 0.035285 0.000000 0.000000 0.000000 0.000000 0.000000 0.000000 0.000000 0.893338 
0.000001 0.000000 0.112277 0.689574 0.000000 0.000000 0.000000 0.043409 0.000000 0.154738 
0.000001 0.005933 0.776406 0.000000 0.000000 0.000000 0.000000 0.000000 0.000000 0.217658 
0.063558 0.000000 0.000000 0.000000 0.571865 0.032664 0.000000 0.307742 0.000000 0.024170 
0.000001 0.588330 0.000000 0.011287 0.087429 0.000000 0.008850 0.185136 0.000000 0.118967 
0.067059 0.021867 0.000000 0.117812 0.000000 0.000000 0.000000 0.000000 0.000000 0.793262 
0.000001 0.082446 0.435339 0.069641 0.000000 0.000000 0.228868 0.000000 0.000000 0.183704 
0.035693 0.509470 0.000000 0.000000 0.016684 0.000000 0.046089 0.000000 0.104730 0.287333 
0.000002 0.379950 0.000000 0.343835 0.016490 0.000000 0.000000 0.000000 0.020687 0.239037 
0.071952 0.000000 0.249432 0.000000 0.030217 0.305350 0.000000 0.000000 0.000000 0.343048 
0.000001 0.525695 0.000000 0.010485 0.117932 0.000000 0.083620 0.000000 0.000000 0.262267 
0.456771 0.000000 0.000000 0.331590 0.024309 0.000000 0.038361 0.034370 0.000000 0.114599 
0.053613 0.055841 0.000000 0.046537 0.000000 0.113058 0.000000 0.078804 0.000000 0.652146 
0.037831 0.000000 0.088298 0.387614 0.000000 0.039414 0.186251 0.000000 0.000000 0.260591 
0.035591 0.022500 0.000000 0.000000 0.018138 0.615238 0.060431 0.000000 0.167487 0.080615 
0.043599 0.000000 0.045488 0.000000 0.000000 0.000000 0.247304 0.480661 0.000000 0.182946 
0.000001 0.000000 0.029914 0.442801 0.039994 0.000000 0.100561 0.000000 0.027527 0.359201 
0.000002 0.240291 0.000000 0.413553 0.000000 0.102071 0.000000 0.131739 0.000000 0.112344 
0.000001 0.000000 0.022035 0.019402 0.000000 0.016033 0.077146 0.676889 0.000000 0.188494 
0.073826 0.038085 0.715162 0.000000 0.009739 0.000000 0.019117 0.013771 0.035162 0.095139 
0.029502 0.000000 0.000000 0.051479 0.447724 0.000000 0.035627 0.000000 0.181826 0.253842 
0.000001 0.105451 0.028532 0.232427 0.162228 0.000000 0.073820 0.000000 0.096199 0.301342 
0.000001 0.000000 0.000000 0.016689 0.176857 0.000000 0.000000 0.793527 0.000000 0.012926 
0.567529 0.015186 0.000000 0.227834 0.032254 0.016731 0.000000 0.000000 0.000000 0.140466 
0.546416 0.000000 0.088606 0.000000 0.088837 0.026068 0.032181 0.000000 0.000000 0.217891 
0.055638 0.002494 0.000000 0.801776 0.000000 0.004054 0.000000 0.000000 0.000000 0.136038 
0.000001 0.012478 0.000000 0.092848 0.747882 0.000000 0.000000 0.000000 0.049294 0.097496 
0.319680 0.000000 0.000000 0.000000 0.510938 0.000000 0.025468 0.000000 0.077765 0.066149 
0.000001 0.000000 0.022935 0.656220 0.121999 0.000000 0.000000 0.000000 0.000000 0.198844 
0.000001 0.006460 0.089669 0.064057 0.000000 0.000000 0.000000 0.739704 0.000000 0.100109 
0.006249 0.000000 0.000000 0.000001 0.000000 0.925190 0.038490 0.000000 0.000000 0.030070 
0.319510 0.000000 0.000000 0.000000 0.091087 0.028561 0.297000 0.000000 0.000000 0.263842 
0.392245 0.000000 0.102838 0.068563 0.334180 0.005808 0.012533 0.000000 0.047742 0.036090 
0.000001 0.018408 0.037137 0.000000 0.595199 0.201972 0.014477 0.000000 0.000000 0.132805 
0.000001 0.000000 0.000000 0.000001 0.490497 0.021313 0.000000 0.423662 0.008995 0.055530 
0.000001 0.005044 0.766278 0.000000 0.000000 0.140353 0.000000 0.035312 0.000000 0.053011 
0.342772 0.000000 0.330611 0.000000 0.000000 0.192225 0.015453 0.000000 0.048128 0.070809 
0.203157 0.012898 0.250993 0.000001 0.000000 0.048177 0.000000 0.425660 0.034244 0.024871 
0.262505 0.073067 0.066023 0.193485 0.000000 0.308292 0.000000 0.048151 0.000000 0.048477 
0.046852 0.020300 0.036520 0.000000 0.021405 0.000000 0.000000 0.000000 0.000000 0.874923 
0.000002 0.000000 0.000000 0.000000 0.175078 0.000000 0.456033 0.017658 0.000000 0.351229 
0.068858 0.090057 0.000000 0.096025 0.026609 0.000000 0.080425 0.000000 0.332332 0.305693 
0.059830 0.000000 0.832132 0.000001 0.000000 0.000000 0.000000 0.070569 0.000000 0.037468 
0.556966 0.037414 0.000000 0.000000 0.000000 0.039371 0.087023 0.000000 0.108884 0.170341 
0.048073 0.000000 0.000000 0.046105 0.000000 0.000000 0.513020 0.000000 0.000000 0.392801 
0.000001 0.049401 0.038531 0.435853 0.000000 0.000000 0.051726 0.008162 0.189281 0.227043 
0.075234 0.110450 0.000000 0.000000 0.000000 0.012947 0.097091 0.000000 0.404185 0.300091 
0.043370 0.011990 0.027970 0.767813 0.020057 0.000000 0.000000 0.000000 0.000000 0.128799 
0.000001 0.000000 0.427562 0.000000 0.000000 0.369634 0.090330 0.000000 0.041616 0.070855 
0.265707 0.160286 0.000000 0.328159 0.000000 0.000000 0.011523 0.005462 0.059906 0.168957 
0.042693 0.098413 0.000000 0.291214 0.072681 0.000000 0.000000 0.013764 0.031496 0.449738 
0.072543 0.018700 0.054245 0.054213 0.145330 0.000000 0.011406 0.542140 0.000000 0.101424 
0.378966 0.000000 0.288933 0.000000 0.041924 0.120723 0.062810 0.019731 0.000000 0.086911 
0.000001 0.000000 0.000000 0.513799 0.000000 0.000000 0.000000 0.428022 0.000000 0.058178 
0.066735 0.014865 0.757479 0.000000 0.120058 0.000000 0.009480 0.000000 0.000000 0.031382 
0.000001 0.524135 0.000000 0.000000 0.018562 0.000000 0.095492 0.089763 0.000000 0.272047 
0.000001 0.002968 0.449819 0.000000 0.000000 0.000000 0.000000 0.503724 0.000000 0.043487 
0.000001 0.681840 0.000000 0.000000 0.014622 0.000000 0.091749 0.000000 0.000000 0.211787 
0.000001 0.000000 0.000000 0.000000 0.000000 0.991235 0.000000 0.000000 0.000000 0.008762 
0.000001 0.000000 0.000000 0.298244 0.612355 0.014951 0.000000 0.036319 0.000000 0.038129 
0.000001 0.000000 0.210340 0.042994 0.000000 0.000000 0.255413 0.287063 0.000000 0.204187 
0.023218 0.109834 0.000000 0.032246 0.000000 0.035662 0.007691 0.664182 0.060788 0.066378 
0.129911 0.013193 0.032511 0.000000 0.166467 0.033546 0.000000 0.478046 0.047280 0.099046 
0.000001 0.000000 0.055051 0.124346 0.000000 0.030951 0.286352 0.242759 0.055108 0.205431 
0.000001 0.048374 0.126965 0.498823 0.000000 0.000000 0.103147 0.000000 0.000000 0.222689 
0.000001 0.010408 0.790216 0.025242 0.000000 0.000000 0.009511 0.000000 0.093451 0.071171 
0.073594 0.066337 0.000000 0.044209 0.000000 0.000000 0.000000 0.000000 0.027126 0.788734 
0.011183 0.000000 0.000000 0.094210 0.207646 0.518718 0.000000 0.000000 0.050396 0.117847 
0.021002 0.000000 0.000000 0.000000 0.285970 0.000000 0.000000 0.675283 0.000000 0.017744 
0.051269 0.000000 0.000000 0.000000 0.000000 0.000000 0.042655 0.000000 0.000000 0.906075 
0.000001 0.000000 0.021188 0.610232 0.026818 0.236181 0.000000 0.000000 0.012572 0.093007 
0.288652 0.012847 0.271498 0.046210 0.018300 0.009998 0.023405 0.019347 0.000000 0.309743 
0.011312 0.000000 0.000000 0.000000 0.917387 0.000000 0.000000 0.055301 0.000000 0.016000 
0.000001 0.041727 0.076518 0.275947 0.093019 0.096952 0.000000 0.000000 0.211411 0.204424 
0.000001 0.676415 0.026461 0.000000 0.015078 0.064501 0.032133 0.000000 0.000000 0.185409 
0.000001 0.003555 0.000000 0.012920 0.000000 0.006233 0.000000 0.976421 0.000000 0.000870 
0.087227 0.028362 0.000000 0.030383 0.020969 0.006025 0.000000 0.000000 0.000000 0.827034 
0.000002 0.000000 0.000000 0.730350 0.000000 0.096463 0.000000 0.000000 0.027540 0.145644 
0.061259 0.077258 0.000000 0.503833 0.000000 0.000000 0.181513 0.000000 0.010987 0.165149 
0.000002 0.000000 0.000000 0.589918 0.017331 0.000000 0.168387 0.000000 0.000000 0.224362 
0.026628 0.012988 0.793087 0.000000 0.120237 0.000000 0.000000 0.000000 0.000000 0.047059 
0.379680 0.016833 0.259610 0.144925 0.000000 0.000000 0.032688 0.000000 0.074431 0.091832 
0.419856 0.000000 0.000000 0.288479 0.099238 0.000000 0.000000 0.086108 0.003781 0.102537 
0.000001 0.024149 0.423202 0.000000 0.242718 0.000000 0.015511 0.000000 0.184708 0.109710 
0.202134 0.000000 0.000000 0.006388 0.233589 0.016321 0.000000 0.506190 0.000000 0.035377 
0.789429 0.015641 0.000000 0.037638 0.018966 0.065467 0.000000 0.000000 0.000000 0.072858 
0.503082 0.021620 0.000000 0.050064 0.010689 0.177838 0.012005 0.157445 0.000000 0.067255 
0.056682 0.059670 0.000000 0.000000 0.000000 0.014747 0.152912 0.209244 0.276497 0.230248 
0.000377 0.000001 0.000000 0.000000 0.000000 0.016327 0.000000 0.972957 0.000000 0.010338 
0.036066 0.057062 0.000000 0.000000 0.277546 0.200002 0.043384 0.011848 0.241889 0.132203 
0.000001 0.011790 0.377571 0.000000 0.000000 0.399158 0.033661 0.000000 0.083988 0.093830 
0.005380 0.000000 0.000000 0.000000 0.000000 0.943547 0.018083 0.000000 0.000000 0.032989 
0.000001 0.703271 0.032303 0.000000 0.010611 0.000000 0.031461 0.026370 0.000000 0.195981 
0.127741 0.025179 0.000000 0.000000 0.000000 0.029697 0.000000 0.740646 0.000000 0.076736 
0.023764 0.000000 0.305630 0.000000 0.521842 0.000000 0.000000 0.041967 0.079458 0.027338 
0.000001 0.069988 0.105347 0.121136 0.000000 0.085304 0.342101 0.000000 0.000000 0.276122 
0.000001 0.095763 0.073043 0.000000 0.313961 0.000000 0.056354 0.000000 0.246663 0.214214 
0.000001 0.008129 0.000000 0.815345 0.014822 0.000000 0.000000 0.000000 0.000000 0.161702 
0.192945 0.097911 0.037153 0.000000 0.457235 0.000000 0.081735 0.000000 0.000000 0.133020 
0.000002 0.426964 0.024376 0.150296 0.000000 0.000000 0.066704 0.029818 0.101573 0.200267 
0.305011 0.079867 0.000000 0.133367 0.000000 0.000000 0.000000 0.000000 0.000000 0.481755 
0.000001 0.000000 0.000000 0.861565 0.024223 0.000000 0.000000 0.000000 0.037834 0.076375 
0.000001 0.026467 0.034472 0.000000 0.367384 0.176230 0.033984 0.000000 0.142864 0.218596 
0.031896 0.000000 0.000000 0.000001 0.189422 0.000000 0.039419 0.656384 0.000000 0.082878 
0.047591 0.000000 0.000000 0.033716 0.011042 0.000000 0.225440 0.000000 0.000000 0.682210 
0.000002 0.000000 0.000000 0.879066 0.000000 0.000000 0.000000 0.007022 0.005093 0.108817 
0.081052 0.000000 0.000000 0.000001 0.000000 0.880138 0.000000 0.000000 0.026414 0.012395 
0.000001 0.006173 0.000000 0.000001 0.000000 0.032078 0.000000 0.935772 0.000000 0.025974 
0.000001 0.000000 0.000000 0.070013 0.260665 0.663114 0.000000 0.000000 0.000000 0.006206 
0.000002 0.095246 0.057502 0.137245 0.030854 0.000000 0.053161 0.000000 0.346815 0.279176 
0.042914 0.018692 0.153156 0.055482 0.000000 0.000000 0.000000 0.442978 0.000000 0.286778 
0.024971 0.003658 0.000000 0.783528 0.000000 0.000000 0.000000 0.052582 0.022311 0.112949 
0.000002 0.011646 0.000000 0.290592 0.000000 0.000000 0.000000 0.475898 0.000000 0.221861 
0.000001 0.000000 0.000000 0.071756 0.099975 0.784936 0.019510 0.000000 0.000000 0.023821 
0.000001 0.000000 0.229215 0.336493 0.017246 0.000000 0.067422 0.000000 0.066955 0.282668 
0.000001 0.000000 0.044602 0.000000 0.000000 0.076057 0.390614 0.011849 0.062813 0.414063 
0.236311 0.006556 0.138011 0.023747 0.100176 0.000000 0.020071 0.460653 0.000000 0.014475 
0.089675 0.028801 0.000000 0.000000 0.000000 0.074257 0.000000 0.000000 0.000000 0.807265 
0.048571 0.076831 0.040246 0.000001 0.000000 0.000000 0.079165 0.023485 0.278876 0.452825 
0.000001 0.126194 0.619203 0.000000 0.000000 0.006163 0.000000 0.169683 0.000000 0.078754 
0.000001 0.060011 0.100507 0.000001 0.021255 0.006558 0.414723 0.000000 0.000000 0.396944 
0.016783 0.000000 0.000000 0.029106 0.945136 0.000000 0.000000 0.000000 0.000000 0.008975 
0.035836 0.112773 0.063923 0.000000 0.000000 0.000000 0.066358 0.013385 0.367880 0.339844 
0.046193 0.027617 0.000000 0.059615 0.215581 0.607011 0.000000 0.000000 0.040885 0.003096 
0.081266 0.000000 0.000000 0.031313 0.103700 0.000000 0.000000 0.000000 0.000000 0.783720 
0.000002 0.629487 0.000000 0.055855 0.025840 0.000000 0.030016 0.000000 0.046785 0.212016 
0.000001 0.000000 0.000000 0.081023 0.122319 0.504543 0.000000 0.280621 0.000000 0.011491 
0.023940 0.000001 0.930444 0.000000 0.007506 0.000000 0.000000 0.028277 0.000000 0.009831 
0.430115 0.064269 0.000000 0.039684 0.000000 0.000000 0.000000 0.000000 0.000000 0.465932 
0.082791 0.028312 0.128260 0.033815 0.000000 0.000000 0.000000 0.000000 0.000000 0.726822 
0.150395 0.031556 0.000000 0.156019 0.000000 0.000000 0.033793 0.211797 0.228153 0.188287 
0.652993 0.000000 0.051586 0.029786 0.025134 0.000000 0.054693 0.000000 0.041174 0.144633 
0.029405 0.000000 0.000000 0.000000 0.771517 0.000000 0.011547 0.000000 0.111638 0.075893 
0.015904 0.010096 0.000000 0.401263 0.000000 0.244761 0.000000 0.121207 0.088343 0.118425 
0.071644 0.000000 0.000000 0.014561 0.008056 0.835598 0.018429 0.000000 0.000000 0.051712 
0.075492 0.122137 0.000000 0.000000 0.000000 0.000000 0.081819 0.000000 0.463860 0.256692 
0.000001 0.000000 0.281184 0.358694 0.000000 0.007707 0.030734 0.014072 0.104683 0.202924 
0.000001 0.000000 0.000000 0.000000 0.000000 0.999708 0.000000 0.000000 0.000000 0.000290 
0.041587 0.408438 0.000000 0.084926 0.000000 0.000000 0.025186 0.000000 0.000000 0.439864 
0.048209 0.025732 0.188518 0.087583 0.085541 0.000000 0.027432 0.000000 0.000000 0.536984 
0.564117 0.026901 0.000000 0.024441 0.000000 0.014560 0.148572 0.000000 0.000000 0.221408 
0.104870 0.000000 0.736182 0.000001 0.038023 0.000000 0.012951 0.040571 0.035103 0.032299 
0.000001 0.512368 0.011473 0.000000 0.017397 0.254875 0.000000 0.054024 0.000000 0.149860 
0.037862 0.000000 0.039065 0.752767 0.000000 0.000000 0.000000 0.000000 0.000000 0.170305 
0.097550 0.517563 0.063237 0.000000 0.015574 0.000000 0.045470 0.000000 0.064871 0.195733 
0.000002 0.266467 0.000000 0.218608 0.000000 0.009767 0.233012 0.000000 0.000000 0.272144 
0.120264 0.600288 0.000000 0.000000 0.000000 0.000000 0.031841 0.000000 0.000000 0.247607 
0.011066 0.029573 0.000000 0.768422 0.000000 0.025484 0.000000 0.000000 0.000000 0.165456 
0.076059 0.008179 0.000000 0.037189 0.000000 0.000000 0.000000 0.000000 0.000000 0.878572 
0.355851 0.038217 0.000000 0.056696 0.000000 0.017918 0.000000 0.000000 0.000000 0.531318 
0.047005 0.000000 0.000000 0.000000 0.924253 0.010326 0.000000 0.000000 0.000000 0.018415 
0.054501 0.009824 0.000000 0.000000 0.023531 0.036987 0.000000 0.000000 0.000000 0.875156 
0.000001 0.015558 0.000000 0.000000 0.548597 0.000000 0.149595 0.000000 0.085737 0.200511 
0.570191 0.000000 0.000000 0.209155 0.072892 0.000000 0.036161 0.000000 0.034201 0.077399 
0.000001 0.000000 0.000000 0.021399 0.000000 0.030521 0.359611 0.317032 0.000000 0.271435 
0.047905 0.000000 0.000000 0.119715 0.014295 0.011919 0.337873 0.000000 0.000000 0.468293 
0.003045 0.003089 0.000000 0.000000 0.000000 0.683716 0.000000 0.298918 0.000000 0.011232 
0.167269 0.016528 0.000000 0.040639 0.441557 0.210165 0.029868 0.042386 0.000000 0.051589 
0.000002 0.000000 0.000000 0.856382 0.000000 0.000000 0.000000 0.000000 0.000000 0.143616 
0.000002 0.000000 0.000000 0.765893 0.027948 0.000000 0.000000 0.062897 0.049963 0.093298 
0.028631 0.000000 0.000000 0.000000 0.095056 0.000000 0.130111 0.279113 0.000000 0.467088 
0.017947 0.118152 0.000000 0.036934 0.554126 0.018247 0.000000 0.191864 0.000000 0.062729 
0.028695 0.034547 0.000000 0.027551 0.000000 0.222876 0.226415 0.000000 0.000000 0.459915 
0.000001 0.000000 0.031336 0.031201 0.000000 0.000000 0.269150 0.487066 0.000000 0.181247 
0.000002 0.054831 0.007451 0.571584 0.035174 0.055486 0.015163 0.000000 0.095113 0.165197 
0.054704 0.034825 0.000000 0.008453 0.066741 0.000000 0.032372 0.142758 0.000000 0.660148 
0.121276 0.050653 0.072684 0.099012 0.000000 0.573395 0.000000 0.017235 0.000000 0.065746 
0.085244 0.000000 0.000000 0.429056 0.000000 0.211409 0.048840 0.000000 0.063361 0.162089 
0.007304 0.000000 0.000000 0.584577 0.000000 0.168921 0.000000 0.013737 0.000000 0.225461 
0.113439 0.011852 0.000000 0.191494 0.000000 0.000000 0.040028 0.598174 0.000000 0.045013 
0.000001 0.019485 0.034920 0.000000 0.028026 0.192520 0.000000 0.397045 0.038316 0.289687 
0.058757 0.030759 0.000000 0.000000 0.014108 0.000000 0.057490 0.068727 0.227602 0.542556 
0.012232 0.000000 0.000000 0.087607 0.000000 0.131312 0.000000 0.659621 0.058032 0.051196 
0.000001 0.000000 0.000000 0.310200 0.034046 0.000000 0.334516 0.000000 0.033127 0.288109 
0.079283 0.047317 0.000000 0.000000 0.000000 0.107199 0.115799 0.000000 0.399674 0.250728 
0.000001 0.000000 0.011793 0.000000 0.166269 0.023725 0.336668 0.017660 0.000000 0.443882 
0.000002 0.485208 0.015786 0.000000 0.016559 0.000000 0.000000 0.000000 0.000000 0.482444 
0.021643 0.138124 0.000000 0.635570 0.000000 0.000000 0.000000 0.000000 0.030325 0.174338 
0.000001 0.233396 0.068351 0.093540 0.507205 0.012249 0.000000 0.017847 0.000000 0.067411 
0.000001 0.459561 0.034348 0.000000 0.006503 0.005621 0.053300 0.000000 0.165741 0.274922 
0.107308 0.021522 0.000000 0.043869 0.000000 0.011652 0.000000 0.000000 0.000000 0.815648 
0.000001 0.000000 0.888516 0.000000 0.000000 0.056820 0.000000 0.016606 0.000000 0.038055 
0.062350 0.060574 0.015022 0.000000 0.000000 0.000000 0.201049 0.073417 0.306255 0.281332 
0.076839 0.000000 0.000000 0.027606 0.000000 0.000000 0.000000 0.000000 0.000000 0.895554 
0.000001 0.010149 0.050728 0.493063 0.000000 0.000000 0.000000 0.020058 0.000000 0.426000 
0.352266 0.015197 0.000000 0.015080 0.000000 0.000000 0.015405 0.563997 0.000000 0.038055 
0.000001 0.000000 0.238220 0.014073 0.000000 0.000000 0.020965 0.691702 0.000000 0.035039 
0.008024 0.008201 0.000000 0.000000 0.000000 0.000000 0.021039 0.930764 0.030914 0.001058 
0.373716 0.016207 0.000000 0.054875 0.000000 0.222480 0.000000 0.000000 0.000000 0.332722 
0.049796 0.062540 0.065540 0.046274 0.020059 0.061511 0.055984 0.011815 0.239090 0.387390 
0.048053 0.030961 0.329539 0.000000 0.000000 0.000000 0.088934 0.000000 0.275779 0.226733 
0.016669 0.649996 0.000000 0.000000 0.076970 0.000000 0.033512 0.000000 0.000000 0.222853 
0.000001 0.000000 0.000000 0.000000 0.961976 0.000000 0.000000 0.026501 0.000000 0.011521 
0.000001 0.000000 0.019969 0.000000 0.000000 0.000000 0.455802 0.027310 0.058146 0.438772 
0.014427 0.000000 0.000000 0.000000 0.689439 0.295763 0.000000 0.000000 0.000000 0.000369 
0.023363 0.129876 0.229429 0.111441 0.000000 0.443988 0.023314 0.000000 0.000000 0.038587 
0.119595 0.003617 0.031862 0.000000 0.018784 0.000000 0.000000 0.013845 0.000000 0.812296 
0.042893 0.073762 0.000000 0.044000 0.000000 0.282760 0.016405 0.000000 0.000000 0.540179 
0.022132 0.000000 0.000000 0.000000 0.000000 0.125826 0.333065 0.194025 0.000000 0.324951 
0.093887 0.100059 0.000000 0.000000 0.015008 0.017503 0.090982 0.000000 0.397264 0.285296 
0.000001 0.000000 0.000000 0.000000 0.979199 0.020530 0.000000 0.000000 0.000000 0.000269 
0.007961 0.000000 0.000000 0.000001 0.060562 0.000000 0.000000 0.905808 0.000000 0.025668 
0.070650 0.094048 0.000000 0.000000 0.000000 0.000000 0.125485 0.000000 0.472173 0.237644 
0.000001 0.055980 0.024353 0.000000 0.000000 0.413128 0.084617 0.000000 0.204340 0.217580 
0.293812 0.000000 0.209257 0.000000 0.000000 0.020267 0.000000 0.423524 0.000000 0.053139 
0.248117 0.000000 0.000000 0.048693 0.000000 0.000000 0.032071 0.539324 0.021311 0.110484 
0.000001 0.099434 0.031212 0.000000 0.000000 0.526832 0.000000 0.302037 0.000000 0.040482 
0.000001 0.000000 0.167608 0.024976 0.660303 0.056222 0.012604 0.000000 0.000000 0.078286 
0.000002 0.000000 0.000000 0.050404 0.000000 0.710259 0.000000 0.206444 0.000000 0.032891 
0.010129 0.206437 0.000000 0.407110 0.000000 0.162197 0.000000 0.117138 0.000000 0.096989 
0.000001 0.018438 0.073243 0.000001 0.258975 0.000000 0.064479 0.000000 0.321136 0.263726 
0.073020 0.058017 0.264885 0.335362 0.000000 0.142737 0.000000 0.000000 0.038487 0.087492 
0.075262 0.030834 0.000000 0.044996 0.000000 0.000000 0.024031 0.030954 0.000000 0.793923 
0.023920 0.032039 0.097602 0.048945 0.166520 0.000000 0.036979 0.000000 0.000000 0.593996 
0.034272 0.000000 0.000000 0.107957 0.000000 0.000000 0.283271 0.000000 0.000000 0.574500 
0.000001 0.000000 0.030828 0.474641 0.000000 0.124232 0.000000 0.000000 0.000000 0.370297 
0.021512 0.000000 0.000000 0.008911 0.262099 0.185576 0.000000 0.505853 0.000000 0.016050 
