-1923936.948972
0
0.000000 0.000822 0.000000 0.000243 0.000379 0.000270 0.000332 0.000693 0.007784 0.002785 0.002587 0.002651 0.000000 0.000001 0.000001 0.000001 0.001287 0.000517 0.000121 0.001201 0.000000 0.000000 0.000001 0.000287 0.000850 0.000402 0.000000 0.000017 0.000000 0.000204 0.000000 0.000359 0.014611 0.004644 0.003979 0.009255 0.000000 0.000164 0.000397 0.000602 0.000712 0.000572 0.000003 0.000322 0.000000 0.000001 0.000277 0.000000 0.000000 0.000002 0.000315 0.000000 0.000000 0.000000 0.000000 0.000347 0.006117 0.001856 0.000000 0.003299 0.000000 0.000184 0.000000 0.000000 0.000000 0.000000 0.000002 0.000948 0.000000 0.000000 0.000001 0.000000 0.015421 0.006172 0.002428 0.011800 0.040578 0.000000 0.001663 0.068878 0.423277 0.081791 0.045665 0.228766 0.000000 0.000000 0.000000 0.000002 0.000131 0.000238 0.000227 0.000332 0.000000 0.000000 0.000224 0.000001 
0.038571 0.032673 0.019301 0.027041 0.008220 0.005078 0.002988 0.004123 0.010552 0.007270 0.000321 0.004515 0.004059 0.003966 0.009967 0.001976 0.007370 0.001526 0.007542 0.001054 0.000000 0.000000 0.001076 0.000000 0.050439 0.067827 0.010154 0.050093 0.010241 0.009291 0.006539 0.007814 0.020087 0.014425 0.007880 0.019144 0.008873 0.011206 0.038188 0.010883 0.003749 0.001275 0.009923 0.004225 0.000000 0.000748 0.003815 0.000000 0.042466 0.043281 0.023739 0.026196 0.005541 0.008410 0.006348 0.005098 0.007298 0.007365 0.001375 0.006831 0.006401 0.005176 0.014278 0.004076 0.004908 0.000695 0.003718 0.001594 0.000000 0.000000 0.000793 0.000000 0.036326 0.056180 0.011780 0.038820 0.002426 0.009378 0.003194 0.003677 0.004079 0.006822 0.000000 0.007424 0.004270 0.003250 0.009481 0.002683 0.001834 0.000781 0.002846 0.001113 0.000000 0.000000 0.002043 0.000000 
0.000861 0.001457 0.000403 0.008593 0.000817 0.000271 0.000000 0.000411 0.000001 0.003428 0.012326 0.004698 0.000000 0.000175 0.000232 0.000972 0.003235 0.005185 0.002347 0.003380 0.000000 0.003639 0.001513 0.013929 0.002459 0.000764 0.000596 0.014839 0.000000 0.000000 0.000000 0.000000 0.001449 0.003211 0.010607 0.003658 0.000000 0.000000 0.000000 0.000981 0.000355 0.002080 0.001066 0.001858 0.001743 0.002087 0.003372 0.018143 0.001583 0.001979 0.000000 0.009048 0.000000 0.000242 0.000000 0.000372 0.000000 0.013993 0.026729 0.015273 0.000000 0.000092 0.000000 0.000000 0.007577 0.009930 0.006247 0.012177 0.000000 0.001942 0.000837 0.002845 0.037864 0.011578 0.003175 0.308876 0.000000 0.000000 0.000000 0.000284 0.002905 0.020830 0.216967 0.037267 0.000000 0.001080 0.000000 0.002888 0.003201 0.009304 0.006882 0.009756 0.005160 0.009867 0.001772 0.062334 
0.000000 0.000000 0.000000 0.000255 0.000000 0.000117 0.000000 0.000000 0.000000 0.019134 0.000002 0.004432 0.000994 0.000597 0.000944 0.003108 0.001437 0.000239 0.001104 0.001427 0.000000 0.000000 0.000454 0.000000 0.000980 0.000001 0.000000 0.001227 0.000236 0.000136 0.000552 0.000000 0.078013 0.102836 0.021765 0.080184 0.000000 0.001363 0.000644 0.001905 0.000930 0.000782 0.001278 0.004498 0.000000 0.000739 0.000773 0.001450 0.000000 0.000424 0.000000 0.000000 0.000000 0.000513 0.000000 0.000000 0.000000 0.021316 0.000430 0.016013 0.000000 0.000000 0.000593 0.000739 0.000000 0.000000 0.000942 0.007969 0.000000 0.000000 0.001744 0.000844 0.001641 0.002476 0.000000 0.001205 0.000000 0.001064 0.000000 0.000000 0.117102 0.284643 0.101816 0.082608 0.000968 0.001440 0.001287 0.005458 0.002717 0.001912 0.002020 0.002822 0.000000 0.000717 0.000862 0.001175 
0.004197 0.003949 0.001733 0.001590 0.000693 0.000902 0.000000 0.001057 0.033219 0.016807 0.153600 0.014993 0.001291 0.002423 0.000675 0.005919 0.010409 0.006872 0.017688 0.004709 0.000000 0.001951 0.000724 0.002390 0.007653 0.014369 0.005755 0.033727 0.000000 0.000000 0.000000 0.000000 0.012785 0.012234 0.103189 0.009484 0.000000 0.001344 0.000000 0.000249 0.005750 0.004033 0.018693 0.004416 0.000000 0.002745 0.002550 0.005151 0.004853 0.005186 0.001253 0.006056 0.000000 0.002056 0.000000 0.000617 0.049979 0.056815 0.133862 0.038645 0.000000 0.001368 0.000000 0.000968 0.013601 0.006326 0.008726 0.007727 0.000000 0.000583 0.000498 0.001494 0.004283 0.005496 0.002122 0.006644 0.000000 0.000000 0.000000 0.000000 0.007716 0.004495 0.055403 0.006262 0.001873 0.000254 0.000000 0.000195 0.007597 0.003662 0.010592 0.003799 0.000000 0.001307 0.000764 0.005006 
0.006008 0.000000 0.001132 0.000001 0.000958 0.000000 0.000000 0.000948 0.004461 0.004721 0.004578 0.003056 0.013238 0.002138 0.006591 0.017530 0.030567 0.011242 0.024667 0.026370 0.039102 0.007615 0.003984 0.021931 0.007165 0.003538 0.000000 0.005649 0.000000 0.000000 0.000000 0.000000 0.011026 0.010074 0.003486 0.006456 0.004172 0.000000 0.003546 0.000001 0.020127 0.010701 0.019342 0.036460 0.025764 0.007166 0.015584 0.064489 0.011660 0.009000 0.000000 0.004869 0.000000 0.000685 0.000000 0.002349 0.005275 0.005743 0.002195 0.012623 0.001906 0.002319 0.001012 0.000000 0.011350 0.011256 0.012835 0.013550 0.008869 0.000000 0.002450 0.021762 0.020801 0.001412 0.000970 0.032582 0.000000 0.000000 0.000000 0.000000 0.003185 0.011491 0.000000 0.010028 0.023087 0.000000 0.015970 0.010658 0.020192 0.015656 0.013061 0.041373 0.064188 0.009827 0.009077 0.069148 
0.028407 0.023544 0.000000 0.023248 0.016733 0.009509 0.002531 0.017633 0.020463 0.007932 0.006618 0.021502 0.013009 0.011426 0.013252 0.019275 0.023500 0.011027 0.015008 0.027747 0.003629 0.000938 0.009259 0.005288 0.019343 0.009693 0.000000 0.013820 0.011293 0.009528 0.002256 0.016323 0.009702 0.004973 0.000363 0.018285 0.009477 0.015406 0.011991 0.022441 0.009500 0.015183 0.008382 0.015264 0.002206 0.004057 0.009194 0.006818 0.014262 0.010012 0.000000 0.016082 0.007642 0.006699 0.000500 0.011836 0.008254 0.002854 0.000000 0.007877 0.007493 0.006334 0.008385 0.013801 0.009463 0.008058 0.008065 0.010774 0.002468 0.001857 0.011619 0.005941 0.018452 0.014405 0.000000 0.021975 0.008704 0.012094 0.001145 0.017376 0.006698 0.004500 0.000000 0.010544 0.013572 0.012623 0.007747 0.024089 0.010194 0.011428 0.005863 0.013290 0.003454 0.004246 0.009406 0.010943 
0.000000 0.000046 0.036201 0.185676 0.558778 0.099642 0.119658 
0.108171 0.473746 0.000001 0.032915 0.223704 0.032200 0.129263 
0.000000 0.052732 0.000001 0.305661 0.076138 0.275325 0.290142 
0.007478 0.174044 0.035535 0.021402 0.624217 0.008767 0.128556 
0.000000 0.191365 0.025531 0.034696 0.468842 0.000000 0.279565 
0.000000 0.027637 0.000001 0.045278 0.816252 0.029119 0.081712 
0.011587 0.000047 0.572984 0.000007 0.338848 0.000000 0.076527 
0.000000 0.032662 0.023718 0.455870 0.286768 0.000000 0.200981 
0.371257 0.054231 0.047053 0.000006 0.244910 0.000000 0.282542 
0.452237 0.000052 0.000001 0.065598 0.360817 0.000000 0.121296 
0.000000 0.061441 0.000001 0.821063 0.014891 0.024411 0.078193 
0.000000 0.232674 0.356828 0.000006 0.020792 0.264835 0.124864 
0.033210 0.078329 0.019249 0.009039 0.635935 0.000000 0.224238 
0.000000 0.017766 0.554918 0.046474 0.000235 0.000000 0.380607 
0.006275 0.426729 0.030925 0.000006 0.125376 0.000000 0.410688 
0.030535 0.000042 0.025785 0.580407 0.308952 0.000000 0.054279 
0.000000 0.027426 0.718007 0.000005 0.000378 0.077098 0.177085 
0.000000 0.332064 0.000001 0.043482 0.163394 0.185051 0.276008 
0.000000 0.000043 0.021115 0.828064 0.028303 0.000000 0.122475 
0.000000 0.000041 0.981066 0.000005 0.007827 0.000000 0.011060 
0.128856 0.064912 0.060878 0.033837 0.031884 0.000000 0.679631 
0.028792 0.000051 0.000001 0.596474 0.079282 0.077799 0.217601 
0.059763 0.067438 0.507413 0.041518 0.022492 0.073274 0.228102 
0.072213 0.000047 0.032305 0.063217 0.689974 0.000000 0.142242 
0.139420 0.092190 0.009119 0.014372 0.015247 0.028669 0.700982 
0.958758 0.000057 0.000001 0.000006 0.006269 0.000000 0.034909 
0.102338 0.131031 0.025201 0.209426 0.476971 0.000000 0.055032 
0.000000 0.201040 0.000001 0.035270 0.101444 0.044861 0.617384 
0.000000 0.082465 0.000001 0.006281 0.025909 0.000000 0.885344 
0.000000 0.000050 0.012842 0.262548 0.589098 0.000000 0.135462 
0.000000 0.841908 0.016601 0.000006 0.083328 0.000000 0.058156 
0.000000 0.074391 0.029699 0.003907 0.047803 0.267331 0.576869 
0.000000 0.011054 0.250773 0.000007 0.399138 0.211182 0.127847 
0.000000 0.195399 0.000001 0.057512 0.433835 0.034361 0.278890 
0.000000 0.128123 0.010502 0.065502 0.101917 0.141768 0.552188 
0.000000 0.019667 0.654560 0.035286 0.000278 0.000000 0.290209 
0.000000 0.153173 0.030803 0.134500 0.067339 0.000000 0.614185 
0.029932 0.330246 0.012478 0.536651 0.000177 0.000000 0.090516 
0.084656 0.209313 0.000001 0.057215 0.086192 0.093861 0.468762 
0.299336 0.033703 0.000001 0.248038 0.339618 0.000000 0.079303 
0.000000 0.000048 0.218480 0.000005 0.045374 0.460414 0.275678 
0.000000 0.066340 0.140048 0.270501 0.037174 0.046657 0.439280 
0.000000 0.667883 0.000001 0.019897 0.052888 0.047276 0.212054 
0.462435 0.101234 0.007897 0.302534 0.079640 0.000000 0.046261 
0.000000 0.228967 0.000001 0.000005 0.600063 0.034523 0.136441 
0.369321 0.125529 0.014648 0.087973 0.026768 0.039641 0.336119 
0.000000 0.000047 0.086439 0.000006 0.085244 0.574584 0.253680 
0.000000 0.581979 0.000001 0.016134 0.005462 0.000000 0.396424 
0.262004 0.000050 0.000001 0.733352 0.000273 0.000000 0.004319 
0.747603 0.119348 0.000001 0.000006 0.023591 0.026977 0.082473 
0.000000 0.201747 0.038311 0.000005 0.070419 0.000000 0.689518 
0.000000 0.089445 0.000001 0.105020 0.008302 0.017888 0.779345 
0.000000 0.000064 0.898495 0.000007 0.086688 0.000000 0.014746 
0.000000 0.190196 0.650305 0.122737 0.000280 0.000000 0.036481 
0.000000 0.017819 0.421935 0.076381 0.399955 0.000000 0.083909 
0.000000 0.123967 0.024254 0.035696 0.064748 0.018224 0.733110 
0.185109 0.029152 0.000001 0.118235 0.634426 0.019946 0.013132 
0.609148 0.007730 0.000001 0.085799 0.257764 0.000000 0.039557 
0.000000 0.002736 0.000001 0.565097 0.122701 0.045165 0.264300 
0.000000 0.050240 0.000001 0.055382 0.125031 0.114209 0.655137 
0.000000 0.197707 0.000001 0.000005 0.474340 0.182079 0.145868 
0.000000 0.157216 0.025373 0.000005 0.058318 0.000000 0.759088 
0.000000 0.050115 0.138054 0.399071 0.050529 0.000000 0.362231 
0.000000 0.059528 0.000001 0.066853 0.152560 0.081502 0.639556 
0.000000 0.157677 0.080564 0.000005 0.061794 0.000000 0.699960 
0.000000 0.957654 0.006710 0.000006 0.007898 0.000000 0.027732 
0.000000 0.087266 0.000001 0.174299 0.727465 0.000000 0.010968 
0.000000 0.000047 0.605824 0.189451 0.117566 0.000000 0.087113 
0.000000 0.050763 0.000001 0.216034 0.356935 0.034765 0.341501 
0.000000 0.652927 0.000001 0.020609 0.079679 0.000000 0.246783 
0.465833 0.108939 0.000001 0.032886 0.045546 0.016404 0.330391 
0.030840 0.016229 0.000001 0.866844 0.000267 0.000000 0.085818 
0.000000 0.000044 0.072356 0.066328 0.762309 0.000000 0.098963 
0.044492 0.000041 0.136105 0.109528 0.593347 0.000000 0.116488 
0.000000 0.314407 0.019524 0.014150 0.083685 0.028190 0.540043 
0.000000 0.033066 0.665617 0.073634 0.138711 0.045362 0.043610 
0.367765 0.156676 0.032875 0.000006 0.335941 0.013589 0.093149 
0.000000 0.076212 0.008304 0.040745 0.066604 0.015636 0.792499 
0.000000 0.089191 0.010346 0.597393 0.037370 0.000000 0.265699 
0.000000 0.079069 0.047800 0.000006 0.051538 0.222970 0.598616 
0.319207 0.080225 0.229483 0.025386 0.164305 0.033215 0.148179 
0.011558 0.000048 0.000001 0.054922 0.247749 0.000000 0.685722 
0.000000 0.000039 0.026430 0.000006 0.068347 0.690265 0.214914 
0.010391 0.000044 0.004506 0.805274 0.101705 0.000000 0.078081 
0.344509 0.000050 0.010350 0.000006 0.088355 0.356582 0.200150 
0.017088 0.579826 0.000001 0.016777 0.317725 0.006073 0.062510 
0.000000 0.056491 0.013014 0.038741 0.155004 0.083207 0.653543 
0.000000 0.000051 0.000001 0.023889 0.100713 0.515557 0.359789 
0.000000 0.091758 0.055084 0.000007 0.237740 0.000000 0.615410 
0.175615 0.004845 0.005255 0.643833 0.165223 0.000000 0.005230 
0.000000 0.000051 0.029104 0.038339 0.089534 0.519557 0.323416 
0.000000 0.909324 0.006562 0.000006 0.010321 0.000000 0.073787 
0.000000 0.111145 0.037226 0.027679 0.063262 0.020774 0.739913 
0.000000 0.000048 0.091224 0.664029 0.099612 0.121800 0.023287 
0.000000 0.085942 0.060999 0.550696 0.069054 0.028571 0.204739 
0.000000 0.161400 0.391083 0.059351 0.019641 0.229151 0.139374 
0.000000 0.178629 0.023096 0.000005 0.045826 0.000000 0.752444 
0.000000 0.049134 0.041021 0.033185 0.404846 0.000000 0.471815 
0.000000 0.023944 0.290729 0.000006 0.024503 0.093747 0.567070 
0.000000 0.000046 0.005452 0.055451 0.635352 0.040654 0.263045 
0.000000 0.150224 0.029830 0.056753 0.066849 0.000000 0.696344 
0.051653 0.837321 0.000001 0.000007 0.026617 0.000000 0.084401 
0.000000 0.319766 0.667020 0.000007 0.011310 0.000000 0.001898 
0.000000 0.000038 0.069584 0.000005 0.140963 0.562459 0.226950 
0.000000 0.014214 0.264776 0.198551 0.434683 0.000000 0.087776 
0.014323 0.210797 0.022395 0.011633 0.061895 0.000000 0.678957 
0.061690 0.000050 0.037667 0.101418 0.654400 0.023649 0.121126 
0.010609 0.640511 0.266687 0.034100 0.000610 0.000000 0.047483 
0.015103 0.029161 0.000001 0.015737 0.498749 0.241512 0.199737 
0.016260 0.669582 0.133204 0.080858 0.015055 0.000000 0.085041 
0.021042 0.041142 0.000001 0.692258 0.045324 0.025082 0.175151 
0.867661 0.000051 0.000001 0.123488 0.008279 0.000000 0.000520 
0.000000 0.018117 0.015279 0.731509 0.045195 0.043809 0.146090 
0.000000 0.032048 0.038174 0.023542 0.632423 0.178222 0.095592 
0.000000 0.042790 0.242820 0.109233 0.064999 0.168383 0.371775 
0.000000 0.000041 0.668566 0.015036 0.000819 0.245218 0.070320 
0.184230 0.000053 0.768687 0.000006 0.038052 0.000000 0.008972 
0.000000 0.222228 0.009956 0.000003 0.058951 0.000000 0.708862 
0.000000 0.110937 0.000001 0.044370 0.125241 0.125030 0.594421 
0.000000 0.028887 0.000001 0.118893 0.696418 0.037461 0.118339 
0.022948 0.006078 0.000001 0.220572 0.064223 0.523599 0.162580 
0.082622 0.014144 0.043461 0.052681 0.151026 0.060514 0.595552 
0.000000 0.045835 0.000001 0.041887 0.135020 0.136336 0.640920 
0.268120 0.490879 0.000001 0.187614 0.026291 0.000000 0.027094 
0.000000 0.097610 0.239785 0.074379 0.042840 0.233446 0.311940 
0.009079 0.031752 0.000001 0.037598 0.316681 0.029651 0.575238 
0.000000 0.082678 0.748115 0.000006 0.007946 0.043037 0.118218 
0.000000 0.171673 0.000001 0.000005 0.067140 0.000000 0.761180 
0.000000 0.736202 0.000001 0.038403 0.114092 0.000000 0.111301 
0.000000 0.075364 0.000001 0.000005 0.767430 0.007559 0.149642 
0.033002 0.000048 0.577130 0.309561 0.058890 0.004666 0.016704 
0.000000 0.007657 0.085060 0.180336 0.028350 0.569862 0.128735 
0.000000 0.254420 0.000001 0.000006 0.060402 0.000000 0.685171 
0.000000 0.092813 0.000001 0.000006 0.428714 0.088572 0.389893 
0.000000 0.020237 0.000001 0.019378 0.072986 0.526346 0.361052 
0.000000 0.375832 0.003173 0.000005 0.043030 0.368597 0.209363 
0.300234 0.085881 0.040540 0.000006 0.305131 0.000000 0.268207 
0.000000 0.021701 0.121167 0.000006 0.000293 0.518479 0.338352 
0.000000 0.316269 0.033009 0.069264 0.444906 0.000000 0.136552 
0.108352 0.162846 0.032060 0.068479 0.045481 0.022805 0.559976 
0.041314 0.431233 0.000001 0.010401 0.126016 0.006270 0.384765 
0.611176 0.000037 0.000001 0.035238 0.061526 0.040741 0.251281 
0.023242 0.017984 0.000001 0.473599 0.091120 0.000000 0.394054 
0.000000 0.519344 0.038906 0.000006 0.034391 0.000000 0.407352 
0.102254 0.419362 0.000001 0.127008 0.023788 0.228350 0.099238 
0.029796 0.068214 0.000001 0.665343 0.019144 0.008156 0.209346 
0.000000 0.016311 0.000001 0.013303 0.805056 0.048276 0.117053 
0.000000 0.112731 0.436584 0.006448 0.064381 0.037651 0.342204 
0.000000 0.292988 0.152898 0.016887 0.043148 0.116473 0.377607 
0.000000 0.021371 0.180761 0.794597 0.000197 0.000000 0.003075 
0.013093 0.218135 0.049627 0.045534 0.536128 0.000000 0.137482 
0.024986 0.012289 0.103698 0.042534 0.591797 0.000000 0.224696 
0.005595 0.839594 0.000001 0.000007 0.070343 0.000000 0.084460 
0.000000 0.116915 0.741602 0.000006 0.018795 0.027456 0.095226 
0.000000 0.000047 0.511026 0.036279 0.321491 0.000000 0.131158 
0.000000 0.703352 0.120262 0.000005 0.026674 0.000000 0.149707 
0.000000 0.102099 0.000001 0.742216 0.085401 0.009096 0.061186 
0.928554 0.009521 0.000001 0.000006 0.008692 0.000000 0.053226 
0.039717 0.020106 0.105150 0.027295 0.309387 0.000000 0.498346 
0.008100 0.049850 0.340038 0.024657 0.492944 0.000000 0.084411 
0.196738 0.011698 0.609396 0.000005 0.032013 0.000000 0.150150 
0.016546 0.019835 0.497068 0.429538 0.000336 0.000000 0.036676 
0.139281 0.004720 0.000001 0.020425 0.780900 0.004520 0.050154 
0.186607 0.009604 0.006135 0.034939 0.662320 0.000000 0.100393 
0.047874 0.000047 0.006720 0.440806 0.449433 0.010081 0.045038 
0.308868 0.175770 0.007364 0.068129 0.323872 0.062728 0.053269 
0.000000 0.184677 0.040411 0.000004 0.061978 0.000000 0.712929 
0.000000 0.041996 0.162812 0.037799 0.018696 0.000000 0.738697 
0.000000 0.165902 0.000001 0.035581 0.123107 0.145849 0.529559 
0.000000 0.018092 0.000001 0.061391 0.907093 0.000000 0.013422 
0.038660 0.000042 0.022680 0.055459 0.557305 0.022211 0.303643 
0.000000 0.079439 0.000001 0.029053 0.051894 0.022775 0.816839 
0.000000 0.502679 0.000001 0.023982 0.051816 0.071728 0.349794 
0.000000 0.052798 0.000001 0.074070 0.111801 0.168477 0.592853 
0.000000 0.807286 0.019531 0.000006 0.085110 0.014826 0.073241 
0.367438 0.000052 0.000001 0.000006 0.449946 0.000000 0.182557 
0.000000 0.319118 0.020687 0.032690 0.274063 0.146079 0.207363 
0.000000 0.365293 0.081350 0.014956 0.048913 0.081905 0.407582 
0.000000 0.065315 0.151881 0.544696 0.123905 0.012929 0.101273 
0.124545 0.000044 0.049456 0.043731 0.636800 0.000000 0.145424 
0.000000 0.536298 0.000001 0.431444 0.000196 0.000000 0.032061 
0.000000 0.000049 0.112716 0.000005 0.829564 0.015450 0.042216 
0.000000 0.027512 0.019198 0.088957 0.011352 0.517762 0.335218 
0.000000 0.006160 0.000001 0.496405 0.465292 0.000000 0.032142 
0.000000 0.000046 0.003345 0.000007 0.036196 0.657180 0.303226 
0.987663 0.000051 0.000001 0.000006 0.004331 0.000000 0.007947 
0.014692 0.310996 0.615265 0.035621 0.000307 0.000000 0.023118 
0.023981 0.066943 0.000001 0.272374 0.212443 0.000000 0.424258 
0.029022 0.033838 0.000001 0.677993 0.037277 0.115781 0.106087 
0.025634 0.000049 0.170929 0.495623 0.174099 0.010546 0.123120 
0.042824 0.147694 0.000001 0.254487 0.061142 0.018472 0.475380 
0.000000 0.561322 0.000001 0.000006 0.118189 0.061277 0.259205 
0.000000 0.038412 0.000001 0.000006 0.835953 0.013662 0.111966 
0.000000 0.195799 0.000001 0.000006 0.073789 0.039830 0.690575 
0.520156 0.119872 0.207003 0.000006 0.021811 0.000000 0.131151 
0.000000 0.000049 0.291279 0.675566 0.020093 0.000000 0.013012 
0.000000 0.188763 0.000001 0.000007 0.044889 0.000000 0.766341 
0.236020 0.653207 0.025049 0.000006 0.031880 0.000000 0.053837 
0.009564 0.092665 0.037939 0.033664 0.532298 0.000000 0.293870 
0.000000 0.000043 0.915840 0.053004 0.019258 0.000000 0.011856 
0.092184 0.338457 0.077817 0.018557 0.108725 0.071931 0.292329 
0.062828 0.000044 0.000001 0.000007 0.064922 0.654187 0.218010 
0.008237 0.011025 0.000001 0.976016 0.000215 0.003597 0.000910 
0.007527 0.195110 0.047727 0.000005 0.064549 0.000000 0.685082 
0.094603 0.773667 0.000001 0.000006 0.018351 0.000000 0.113372 
0.000000 0.511813 0.000001 0.008352 0.082981 0.084297 0.312556 
0.000000 0.622996 0.013511 0.000006 0.016336 0.000000 0.347151 
0.000000 0.017362 0.107094 0.000004 0.833874 0.024508 0.017158 
0.000000 0.142161 0.000001 0.023467 0.656047 0.015251 0.163073 
0.000000 0.264999 0.111294 0.116612 0.397179 0.000000 0.109915 
0.000000 0.042325 0.224363 0.019196 0.483398 0.051823 0.178895 
0.019745 0.000048 0.239408 0.516030 0.185789 0.000000 0.038980 
0.074502 0.000048 0.045675 0.038148 0.731880 0.000000 0.109747 
0.181918 0.019459 0.027160 0.191992 0.471002 0.000000 0.108468 
0.000000 0.025273 0.000001 0.270099 0.073264 0.086901 0.544463 
0.018456 0.000044 0.000001 0.976456 0.001870 0.001878 0.001294 
0.187947 0.035746 0.253648 0.062023 0.077857 0.100172 0.282607 
0.395308 0.031753 0.000001 0.000006 0.407117 0.023058 0.142757 
0.943485 0.000045 0.000001 0.000006 0.005518 0.000000 0.050944 
0.000000 0.000042 0.000001 0.022485 0.068618 0.685154 0.223699 
0.027418 0.000045 0.008545 0.750057 0.119472 0.015245 0.079219 
0.000000 0.026800 0.502484 0.048723 0.356439 0.045071 0.020484 
0.098757 0.148128 0.000001 0.000006 0.109623 0.076702 0.566783 
0.000000 0.024222 0.296260 0.029364 0.117513 0.140006 0.392636 
0.000000 0.875603 0.012209 0.000006 0.009279 0.013217 0.089686 
0.009782 0.000044 0.463932 0.000006 0.225416 0.085342 0.215478 
0.000000 0.168801 0.000001 0.031351 0.052741 0.444620 0.302486 
0.000000 0.181014 0.041868 0.000006 0.295023 0.044454 0.437635 
0.000000 0.905779 0.023915 0.000007 0.010171 0.000000 0.060128 
0.172014 0.019137 0.362733 0.015242 0.052310 0.051783 0.326781 
0.000000 0.018403 0.194851 0.656994 0.031313 0.000000 0.098437 
0.000000 0.177391 0.023038 0.000007 0.044156 0.000000 0.755409 
0.000000 0.889644 0.000001 0.000007 0.014922 0.000000 0.095426 
0.887597 0.000054 0.000001 0.000006 0.086284 0.000000 0.026057 
0.028365 0.012690 0.000001 0.940033 0.000094 0.008076 0.010741 
0.661382 0.070293 0.262566 0.000006 0.000276 0.000000 0.005477 
0.000000 0.211161 0.000001 0.052222 0.094181 0.158949 0.483486 
0.000000 0.131882 0.019707 0.438015 0.183611 0.000000 0.226785 
0.000000 0.815595 0.000001 0.056126 0.039644 0.000000 0.088633 
0.000000 0.342980 0.000001 0.472630 0.010022 0.000000 0.174367 
0.785780 0.075292 0.099735 0.000006 0.002588 0.000000 0.036600 
0.000000 0.424044 0.000001 0.000007 0.237379 0.022275 0.316294 
0.078744 0.077269 0.000001 0.036144 0.046790 0.017846 0.743206 
0.009208 0.004897 0.107415 0.465837 0.363487 0.000000 0.049155 
0.073502 0.134506 0.025732 0.000006 0.076061 0.000000 0.690194 
0.000000 0.120266 0.000001 0.058478 0.111592 0.091898 0.617765 
0.000000 0.000047 0.000001 0.160199 0.641966 0.131899 0.065887 
0.013296 0.042843 0.000001 0.018941 0.106529 0.074627 0.743762 
0.000000 0.030833 0.950168 0.000006 0.015520 0.000000 0.003472 
0.000000 0.061351 0.000001 0.054379 0.142342 0.162376 0.579551 
0.614014 0.052247 0.209686 0.000006 0.062240 0.036119 0.025688 
0.000000 0.173798 0.122922 0.000006 0.066928 0.000000 0.636346 
0.000000 0.065153 0.013733 0.000007 0.050008 0.616409 0.254690 
0.504403 0.084361 0.123118 0.279849 0.003178 0.000000 0.005090 
0.000000 0.000033 0.000001 0.021072 0.965500 0.003215 0.010179 
0.000000 0.095040 0.000001 0.021913 0.430169 0.043399 0.409477 
0.000000 0.186594 0.000001 0.000005 0.193182 0.000000 0.620217 
0.000000 0.173730 0.000001 0.255948 0.185196 0.027070 0.358055 
0.000000 0.017106 0.039742 0.032837 0.678510 0.000000 0.231805 
0.000000 0.012976 0.766092 0.000007 0.059689 0.042876 0.118360 
0.236258 0.416331 0.000001 0.139557 0.028245 0.000000 0.179608 
0.840293 0.014732 0.009918 0.000005 0.069050 0.000000 0.066002 
0.000000 0.042236 0.000001 0.056777 0.134808 0.186500 0.579677 
0.000000 0.418681 0.000001 0.028231 0.292097 0.000000 0.260989 
0.998603 0.000037 0.000001 0.000006 0.000192 0.000000 0.001161 
0.000000 0.146008 0.003892 0.000006 0.055059 0.387878 0.407157 
0.000000 0.194733 0.098947 0.000004 0.218644 0.012783 0.474888 
0.016201 0.000049 0.025496 0.047005 0.527840 0.000000 0.383409 
0.000000 0.020138 0.035780 0.041404 0.850403 0.000000 0.052274 
0.252742 0.000047 0.016488 0.048899 0.031135 0.503633 0.147056 
0.000000 0.794265 0.000001 0.000006 0.085670 0.000000 0.120057 
0.000000 0.011815 0.013191 0.006967 0.189173 0.519754 0.259101 
0.012430 0.251565 0.000001 0.000005 0.021241 0.260663 0.454094 
0.000000 0.000045 0.012882 0.000006 0.140037 0.574220 0.272810 
0.024735 0.823268 0.000001 0.000006 0.022278 0.033750 0.095962 
0.000000 0.181425 0.013537 0.000005 0.064725 0.000000 0.740308 
0.021005 0.136500 0.023197 0.011705 0.331845 0.000000 0.475749 
0.010122 0.000047 0.931130 0.000006 0.042321 0.000000 0.016375 
0.035309 0.196209 0.045776 0.000005 0.038091 0.000000 0.684610 
0.000000 0.035200 0.546172 0.023405 0.000479 0.021475 0.373268 
0.000000 0.178186 0.091969 0.052509 0.528340 0.000000 0.148996 
0.056355 0.048587 0.000001 0.315673 0.000216 0.000000 0.579168 
0.014853 0.175280 0.017065 0.014519 0.045003 0.000000 0.733280 
0.681091 0.000030 0.005944 0.297479 0.002132 0.000000 0.013323 
0.210948 0.036870 0.449518 0.055293 0.152224 0.011307 0.083841 
0.000000 0.891545 0.000001 0.000005 0.017812 0.000000 0.090636 
0.000000 0.792300 0.016025 0.071589 0.018188 0.000000 0.101897 
0.000000 0.096579 0.103244 0.278288 0.025935 0.000000 0.495953 
0.016229 0.034946 0.557453 0.190955 0.023877 0.109396 0.067145 
0.224034 0.106875 0.000001 0.012049 0.028855 0.037948 0.590238 
0.000000 0.051400 0.000001 0.495844 0.030543 0.007972 0.414239 
0.057391 0.613294 0.027654 0.000006 0.029227 0.062593 0.209836 
0.000000 0.096377 0.093057 0.131164 0.041782 0.000000 0.637619 
0.567650 0.115458 0.011942 0.028532 0.188734 0.051095 0.036589 
0.219345 0.455158 0.000001 0.000006 0.102934 0.000000 0.222555 
0.168054 0.638823 0.000001 0.012328 0.015074 0.000000 0.165719 
0.022976 0.182931 0.000001 0.589562 0.115692 0.011618 0.077221 
0.184918 0.077574 0.036223 0.399226 0.032320 0.015675 0.254065 
0.000000 0.101143 0.011757 0.098793 0.075292 0.010036 0.702979 
0.127042 0.093835 0.006975 0.670836 0.019636 0.000000 0.081678 
0.000000 0.354331 0.020501 0.029714 0.000396 0.023668 0.571391 
0.087827 0.040092 0.000001 0.079158 0.129697 0.081751 0.581475 
0.029215 0.032968 0.165861 0.027769 0.015366 0.000000 0.728821 
0.000000 0.043491 0.017814 0.000006 0.037239 0.453356 0.448094 
0.000000 0.667169 0.000001 0.000006 0.039307 0.138402 0.155115 
0.010019 0.098157 0.506198 0.015281 0.078085 0.232145 0.060115 
0.009762 0.042833 0.000001 0.000007 0.069067 0.500749 0.377582 
0.014286 0.203857 0.022321 0.000006 0.088644 0.000000 0.670887 
0.057569 0.022543 0.000001 0.002286 0.904016 0.000000 0.013585 
0.000000 0.040744 0.000001 0.126449 0.116496 0.089986 0.626324 
0.000000 0.235375 0.030238 0.000005 0.055927 0.000000 0.678455 
0.000000 0.601438 0.000001 0.015528 0.048732 0.000000 0.334300 
0.017959 0.000048 0.008501 0.573120 0.329890 0.005571 0.064911 
0.008609 0.023994 0.012364 0.675822 0.241956 0.000000 0.037255 
0.015299 0.000037 0.000001 0.924056 0.011489 0.016167 0.032952 
0.236795 0.082945 0.018598 0.000006 0.356883 0.000000 0.304772 
0.050707 0.129446 0.000001 0.054760 0.143025 0.090509 0.531552 
0.000000 0.026807 0.000001 0.031800 0.431629 0.046052 0.463711 
0.000000 0.000051 0.073498 0.000007 0.049830 0.632690 0.243924 
0.000000 0.000046 0.974178 0.023924 0.000262 0.000000 0.001590 
0.007693 0.075878 0.000001 0.043168 0.024114 0.000000 0.849145 
0.293297 0.000030 0.688961 0.000006 0.016478 0.000000 0.001228 
0.440365 0.114191 0.000001 0.000006 0.260124 0.130910 0.054402 
0.000000 0.183437 0.044365 0.008092 0.125650 0.000000 0.638456 
0.277746 0.134603 0.000001 0.000006 0.041809 0.049723 0.496111 
0.139454 0.049623 0.000001 0.201849 0.024098 0.000000 0.584976 
0.013503 0.068136 0.000001 0.043292 0.146145 0.163698 0.565225 
0.019339 0.000029 0.980003 0.000007 0.000223 0.000000 0.000399 
0.000000 0.006147 0.064035 0.905402 0.009015 0.000000 0.015401 
0.000000 0.059218 0.000001 0.065495 0.119056 0.184999 0.571231 
0.391854 0.044431 0.000001 0.048501 0.037862 0.081460 0.395892 
0.023034 0.000040 0.012029 0.441694 0.478197 0.000000 0.045006 
0.000000 0.045821 0.000001 0.563480 0.237876 0.000000 0.152822 
0.526812 0.000050 0.000001 0.296722 0.037279 0.096173 0.042964 
0.054439 0.054087 0.666909 0.000006 0.159132 0.000000 0.065428 
0.710571 0.049906 0.000001 0.201619 0.003235 0.000000 0.034668 
0.161883 0.412823 0.000001 0.115116 0.029459 0.198641 0.082077 
0.000000 0.117825 0.235465 0.035561 0.114520 0.076088 0.420541 
0.138632 0.378471 0.000001 0.010031 0.344677 0.075950 0.052238 
0.000000 0.190771 0.012492 0.027909 0.064020 0.000000 0.704807 
0.000000 0.188409 0.182312 0.000006 0.103485 0.017348 0.508440 
0.000000 0.203724 0.000001 0.006861 0.035256 0.000000 0.754158 
0.121188 0.571826 0.000001 0.000006 0.032607 0.000000 0.274371 
0.186981 0.007012 0.265857 0.503313 0.017822 0.000000 0.019015 
0.000000 0.144019 0.088774 0.000007 0.282038 0.000000 0.485162 
0.011176 0.015216 0.000001 0.010730 0.937564 0.009077 0.016235 
0.000000 0.525148 0.000001 0.000009 0.411079 0.014540 0.049222 
0.014687 0.025262 0.134704 0.000006 0.800158 0.000000 0.025183 
0.798860 0.000053 0.000001 0.000005 0.180773 0.013001 0.007307 
0.007165 0.009692 0.847619 0.000006 0.000311 0.058055 0.077152 
0.000000 0.889895 0.014366 0.000005 0.010384 0.000000 0.085350 
0.013661 0.017994 0.610161 0.181072 0.013187 0.000000 0.163926 
0.054746 0.079123 0.189946 0.000007 0.445858 0.069329 0.160992 
0.000000 0.165082 0.199569 0.034563 0.521466 0.024999 0.054321 
0.000000 0.094274 0.741847 0.047548 0.000416 0.000000 0.115914 
0.000000 0.154539 0.010465 0.319049 0.392127 0.000000 0.123820 
0.000000 0.029073 0.019029 0.031646 0.451314 0.316993 0.151945 
0.000000 0.063026 0.009957 0.306853 0.484806 0.000000 0.135358 
0.012653 0.057611 0.000001 0.000005 0.040182 0.733338 0.156210 
0.157494 0.083790 0.000001 0.000007 0.028363 0.000000 0.730346 
0.000000 0.000048 0.229138 0.045105 0.552472 0.021196 0.152042 
0.000000 0.000047 0.401759 0.084901 0.267101 0.183542 0.062649 
0.275595 0.040395 0.339079 0.000005 0.213975 0.000000 0.130951 
0.000000 0.064070 0.000001 0.067020 0.129496 0.175683 0.563730 
0.000000 0.313013 0.000001 0.000006 0.059911 0.000000 0.627069 
0.000000 0.010317 0.000001 0.015261 0.955604 0.007969 0.010847 
0.000000 0.170787 0.000001 0.010015 0.017345 0.101944 0.699908 
0.412206 0.093236 0.000001 0.051478 0.086381 0.027924 0.328775 
0.948888 0.000041 0.000001 0.000005 0.035668 0.013638 0.001758 
0.036609 0.078651 0.000001 0.503113 0.370930 0.007127 0.003569 
0.028285 0.088363 0.000001 0.706151 0.125818 0.000000 0.051382 
0.000000 0.000049 0.003285 0.000006 0.040602 0.676036 0.280022 
0.722967 0.000050 0.022287 0.000006 0.027773 0.169293 0.057625 
0.000000 0.137960 0.000001 0.814235 0.004735 0.000000 0.043069 
0.000000 0.201145 0.000001 0.000006 0.039373 0.447496 0.311978 
0.000000 0.000048 0.087393 0.634757 0.216166 0.047627 0.014009 
0.009674 0.087148 0.345768 0.035413 0.297825 0.022127 0.202046 
0.000000 0.000047 0.052098 0.084762 0.595852 0.000000 0.267241 
0.000000 0.021160 0.632590 0.000007 0.102726 0.188906 0.054611 
0.000000 0.010990 0.000001 0.061859 0.245180 0.131345 0.550625 
0.000000 0.612845 0.253752 0.000005 0.068560 0.000000 0.064837 
0.000000 0.226299 0.000001 0.479122 0.253555 0.000000 0.041021 
0.031834 0.025499 0.007726 0.065901 0.432138 0.031362 0.405541 
0.000000 0.071527 0.000001 0.020126 0.107110 0.055813 0.745423 
0.385850 0.213812 0.000001 0.011424 0.039407 0.000000 0.349506 
0.023644 0.000042 0.015402 0.000006 0.040879 0.701450 0.218576 
0.000000 0.098013 0.000001 0.020548 0.654420 0.057964 0.169054 
0.000000 0.080578 0.000001 0.011915 0.043842 0.227641 0.636023 
0.022249 0.069276 0.026103 0.050373 0.290470 0.000000 0.541529 
0.023532 0.565709 0.057032 0.061490 0.012816 0.000000 0.279421 
0.013066 0.111099 0.000001 0.240211 0.334083 0.000000 0.301540 
0.000000 0.022547 0.000001 0.016456 0.011416 0.000000 0.949579 
0.257696 0.015224 0.048502 0.065674 0.408428 0.000000 0.204476 
0.195271 0.233443 0.000001 0.497126 0.022116 0.000000 0.052043 
0.000000 0.012733 0.000001 0.313429 0.138532 0.088506 0.446800 
0.486463 0.020509 0.000001 0.000006 0.003931 0.000000 0.489090 
0.590832 0.013673 0.000001 0.000006 0.193741 0.000000 0.201747 
0.000000 0.738399 0.154365 0.000005 0.008221 0.000000 0.099009 
0.657727 0.000040 0.011294 0.046119 0.222279 0.000000 0.062541 
0.483056 0.000033 0.000001 0.000006 0.032208 0.354785 0.129911 
0.071251 0.000049 0.012192 0.073301 0.465810 0.033632 0.343766 
0.026218 0.007760 0.024003 0.140991 0.347333 0.218662 0.235034 
0.423817 0.007474 0.039937 0.258608 0.056740 0.000000 0.213424 
0.021449 0.014585 0.888927 0.000005 0.000376 0.000000 0.074658 
0.012822 0.000046 0.100714 0.519558 0.002176 0.256294 0.108390 
0.455828 0.000050 0.032492 0.285949 0.186907 0.000000 0.038774 
0.018711 0.060559 0.034446 0.064135 0.520210 0.000000 0.301939 
0.000000 0.000042 0.643948 0.053439 0.000326 0.216705 0.085539 
0.000000 0.112650 0.000001 0.337006 0.473080 0.000000 0.077263 
0.000000 0.009725 0.535141 0.006549 0.323703 0.000000 0.124882 
0.000000 0.083793 0.000001 0.024868 0.023521 0.183710 0.684108 
0.011635 0.106820 0.013271 0.004758 0.638161 0.026907 0.198447 
0.000000 0.000034 0.965437 0.019782 0.013675 0.000000 0.001071 
0.215671 0.154718 0.020818 0.000006 0.059802 0.000000 0.548985 
0.508810 0.000044 0.000001 0.044385 0.281766 0.000000 0.164993 
0.104217 0.108425 0.035947 0.108000 0.056829 0.073149 0.513433 
0.000000 0.171189 0.556857 0.207453 0.011971 0.003274 0.049255 
0.006639 0.000047 0.510354 0.014224 0.404315 0.000000 0.064421 
0.000000 0.032018 0.023494 0.084979 0.714713 0.000000 0.144796 
0.035323 0.051666 0.007809 0.000006 0.037458 0.537672 0.330065 
0.170908 0.000027 0.812411 0.000006 0.016088 0.000000 0.000561 
0.000000 0.191276 0.622038 0.011315 0.103306 0.000000 0.072064 
0.246968 0.172543 0.012818 0.000005 0.045078 0.000000 0.522587 
0.424647 0.034092 0.000001 0.071422 0.141695 0.055923 0.272219 
0.000000 0.130421 0.000001 0.038359 0.097398 0.060359 0.673462 
0.000000 0.066076 0.023182 0.008604 0.608970 0.000000 0.293168 
0.000000 0.916462 0.000001 0.013253 0.043400 0.000000 0.026884 
0.014629 0.081857 0.000001 0.063151 0.107179 0.233435 0.499749 
0.000000 0.876203 0.000001 0.000005 0.010973 0.000000 0.112818 
0.000000 0.130236 0.000001 0.720336 0.084147 0.012412 0.052869 
0.000000 0.000040 0.382304 0.503527 0.054129 0.015180 0.044820 
0.012553 0.015238 0.000001 0.000006 0.128674 0.583798 0.259731 
0.017335 0.107512 0.000001 0.013291 0.037877 0.000000 0.823983 
0.837952 0.000034 0.157815 0.000006 0.000259 0.000000 0.003935 
0.000000 0.850600 0.041428 0.000006 0.012723 0.000000 0.095243 
0.038004 0.028633 0.000001 0.042625 0.216262 0.023738 0.650739 
0.024085 0.010388 0.094815 0.855598 0.000601 0.000000 0.014512 
0.000000 0.043579 0.293804 0.379924 0.030472 0.023275 0.228946 
0.011419 0.094365 0.000001 0.063882 0.244670 0.429475 0.156187 
0.000000 0.000047 0.076081 0.071993 0.717085 0.018255 0.116539 
0.000000 0.019317 0.041171 0.092193 0.091600 0.000000 0.755718 
0.239058 0.045906 0.000001 0.082686 0.089981 0.081957 0.460410 
0.695068 0.000043 0.000001 0.000006 0.271730 0.000000 0.033152 
0.000000 0.156647 0.027223 0.000006 0.126428 0.000000 0.689696 
0.000000 0.060573 0.000001 0.185548 0.050804 0.429277 0.273797 
0.000000 0.461208 0.000001 0.426407 0.046806 0.000000 0.065577 
0.000000 0.404512 0.000001 0.014608 0.052457 0.000000 0.528422 
0.114382 0.227211 0.000001 0.074912 0.397750 0.000000 0.185744 
0.164499 0.000047 0.564298 0.155220 0.028390 0.000000 0.087546 
0.000000 0.111691 0.054038 0.414268 0.042044 0.000000 0.377958 
0.000000 0.055556 0.000001 0.211847 0.072351 0.065276 0.594968 
0.964959 0.010647 0.000001 0.000006 0.000178 0.008923 0.015286 
0.000000 0.894199 0.000001 0.000006 0.025134 0.000000 0.080660 
0.034606 0.000046 0.025212 0.000006 0.856926 0.007429 0.075774 
0.352807 0.015026 0.359974 0.000006 0.256781 0.000000 0.015406 
0.621699 0.006024 0.004237 0.000006 0.359929 0.006301 0.001804 
0.025082 0.076756 0.403379 0.372630 0.017887 0.000000 0.104265 
0.023609 0.070578 0.394118 0.118913 0.076731 0.048740 0.267311 
0.000000 0.217468 0.000001 0.000007 0.745527 0.006024 0.030973 
0.000000 0.801325 0.000587 0.000007 0.004800 0.034644 0.158637 
0.000000 0.098595 0.032414 0.094953 0.501326 0.000000 0.272712 
0.000000 0.246085 0.018599 0.000006 0.063995 0.316784 0.354530 
0.000000 0.000048 0.000001 0.025087 0.330914 0.376998 0.266952 
0.087651 0.314982 0.025586 0.407269 0.010484 0.009177 0.144852 
0.000000 0.000048 0.031304 0.095711 0.054770 0.625470 0.192697 
0.000000 0.034956 0.030722 0.083721 0.150988 0.136044 0.563568 
0.000000 0.719103 0.020237 0.000006 0.067985 0.000000 0.192668 
0.052080 0.013230 0.000001 0.459235 0.402292 0.010936 0.062226 
0.231013 0.010199 0.571412 0.045214 0.126336 0.000000 0.015827 
0.000000 0.000047 0.645280 0.341254 0.000144 0.000000 0.013275 
0.000000 0.000052 0.000001 0.830432 0.119900 0.000000 0.049614 
0.025818 0.234998 0.000001 0.129466 0.068406 0.000000 0.541311 
0.016098 0.000040 0.039052 0.048779 0.768321 0.000000 0.127710 
0.018949 0.133821 0.000001 0.000007 0.031605 0.032634 0.782984 
0.165895 0.129055 0.000001 0.000005 0.622908 0.014016 0.068121 
0.000000 0.443117 0.000001 0.307984 0.040665 0.041230 0.167004 
0.000000 0.000045 0.131175 0.010050 0.784191 0.032870 0.041669 
0.259587 0.593265 0.029905 0.000005 0.000569 0.000000 0.116669 
0.000000 0.739640 0.000001 0.009217 0.019109 0.000000 0.232032 
0.000000 0.701773 0.114846 0.000007 0.109669 0.000000 0.073706 
0.368532 0.000044 0.007899 0.000006 0.082012 0.413755 0.127751 
0.000000 0.184242 0.029970 0.000005 0.177696 0.000000 0.608086 
0.007811 0.045892 0.000001 0.023190 0.138174 0.088010 0.696922 
0.642658 0.023694 0.000001 0.045893 0.112067 0.017346 0.158342 
0.039782 0.051391 0.404042 0.013182 0.025664 0.000000 0.465938 
0.000000 0.037851 0.034254 0.670050 0.108293 0.000000 0.149551 
0.007393 0.110104 0.024030 0.074113 0.405888 0.255157 0.123315 
0.000000 0.512183 0.438736 0.000006 0.031072 0.000000 0.018002 
0.027528 0.178894 0.288950 0.445071 0.057064 0.000000 0.002493 
0.000000 0.072898 0.065980 0.077913 0.108918 0.145483 0.528808 
0.000000 0.452222 0.066383 0.126592 0.243703 0.000000 0.111100 
0.537110 0.000052 0.000001 0.000005 0.017467 0.300170 0.145195 
0.000000 0.112973 0.874549 0.000006 0.009240 0.000000 0.003231 
0.000000 0.073975 0.000001 0.006384 0.801760 0.023711 0.094169 
0.000000 0.711336 0.000001 0.009058 0.220241 0.013233 0.046132 
0.000000 0.066539 0.142359 0.302386 0.306410 0.000000 0.182306 
0.011739 0.080794 0.000001 0.038665 0.034322 0.039333 0.795146 
0.075422 0.626377 0.016433 0.023450 0.175786 0.000000 0.082532 
0.000000 0.029121 0.036115 0.545069 0.033845 0.063353 0.292497 
0.177609 0.044874 0.346499 0.010672 0.142626 0.000000 0.277720 
0.106831 0.29385 0.152908 0.200901 0.42187 0.122495 0.575275 
