-1941404.078005
0
0.000001 0.000380 0.000000 0.000095 0.000209 0.000297 0.000224 0.000403 0.003758 0.011527 0.001145 0.003557 0.000307 0.000248 0.000338 0.000978 0.001079 0.000360 0.000312 0.001225 0.000000 0.000000 0.000246 0.000000 0.000771 0.000001 0.000000 0.000340 0.000148 0.000161 0.000296 0.000242 0.049045 0.058722 0.012465 0.049152 0.000000 0.000667 0.000346 0.001267 0.000641 0.000629 0.000190 0.001917 0.000000 0.000337 0.000397 0.000112 0.000001 0.000001 0.000097 0.000002 0.000000 0.000000 0.000000 0.000170 0.003016 0.011461 0.000003 0.009443 0.000000 0.000140 0.000132 0.000364 0.000001 0.000001 0.000147 0.004387 0.000000 0.000000 0.000885 0.000158 0.008148 0.004145 0.001223 0.005827 0.019002 0.000436 0.000889 0.032198 0.258194 0.198955 0.076217 0.151398 0.000152 0.000669 0.000325 0.002550 0.001172 0.000854 0.000930 0.001115 0.000000 0.000216 0.000442 0.000001 
0.040930 0.035732 0.012443 0.032311 0.011596 0.006799 0.003202 0.007635 0.014357 0.007419 0.002712 0.010175 0.006024 0.007031 0.011873 0.005960 0.009080 0.002844 0.007707 0.004863 0.000000 0.000000 0.002959 0.000000 0.044242 0.049963 0.006667 0.041503 0.012782 0.010753 0.005689 0.011337 0.016469 0.010743 0.006240 0.019873 0.010281 0.014888 0.031628 0.018068 0.003824 0.003742 0.008212 0.004814 0.000000 0.001030 0.004285 0.000391 0.034976 0.033369 0.014531 0.025940 0.007280 0.008609 0.004249 0.007346 0.007095 0.005852 0.001796 0.006254 0.007425 0.006195 0.014100 0.009143 0.005225 0.001622 0.003915 0.002733 0.000000 0.000302 0.003102 0.000153 0.032456 0.046234 0.007792 0.037212 0.004482 0.011322 0.002899 0.007131 0.003403 0.003990 0.000000 0.007841 0.005614 0.007369 0.008303 0.009126 0.002356 0.001950 0.002660 0.001799 0.000000 0.000062 0.003307 0.000402 
0.013786 0.008352 0.000000 0.008042 0.011403 0.006197 0.001177 0.013922 0.015405 0.007516 0.009446 0.016544 0.014532 0.008170 0.010249 0.021752 0.030647 0.013610 0.021551 0.033850 0.016266 0.003419 0.008920 0.012453 0.008747 0.002513 0.000000 0.005570 0.005228 0.004883 0.000533 0.010836 0.011098 0.008263 0.002873 0.013382 0.006370 0.008131 0.004675 0.012071 0.015394 0.016737 0.013842 0.026316 0.010433 0.006174 0.012957 0.027719 0.009500 0.006356 0.000000 0.008195 0.004155 0.003899 0.000000 0.009071 0.009168 0.005519 0.003298 0.011748 0.004980 0.004299 0.003653 0.007808 0.011805 0.011091 0.011484 0.014295 0.005542 0.001736 0.010788 0.013276 0.014960 0.003253 0.000000 0.016770 0.004955 0.007232 0.000000 0.011770 0.004418 0.009680 0.000000 0.009246 0.018964 0.008094 0.011086 0.021786 0.016636 0.015991 0.009931 0.026685 0.023554 0.007651 0.010994 0.032724 
0.004140 0.003870 0.000686 0.001786 0.000997 0.001179 0.000000 0.001547 0.033014 0.017228 0.150826 0.015944 0.001910 0.002776 0.001079 0.007086 0.011015 0.007150 0.017526 0.006117 0.000000 0.001830 0.001036 0.002596 0.006851 0.012684 0.004880 0.032161 0.000000 0.000000 0.000000 0.000000 0.014299 0.014190 0.102201 0.011722 0.000000 0.001647 0.000000 0.000802 0.005753 0.004706 0.018195 0.004942 0.000000 0.002841 0.002697 0.004849 0.003807 0.004192 0.000530 0.005799 0.000000 0.002172 0.000000 0.000846 0.048242 0.056386 0.130448 0.038480 0.000000 0.001402 0.000000 0.001398 0.013465 0.006515 0.008785 0.008630 0.000000 0.000620 0.000942 0.001766 0.003304 0.003954 0.001154 0.006426 0.000000 0.000178 0.000000 0.000000 0.004374 0.007407 0.058403 0.004448 0.002486 0.000616 0.000000 0.001443 0.007841 0.004211 0.010496 0.004210 0.000293 0.001510 0.001053 0.005011 
0.000771 0.001334 0.000372 0.008429 0.000757 0.000223 0.000000 0.000380 0.000010 0.003580 0.011729 0.004294 0.000000 0.000170 0.000166 0.001006 0.003145 0.005077 0.002355 0.003263 0.000000 0.003819 0.001395 0.014337 0.002412 0.000709 0.000502 0.015149 0.000000 0.000000 0.000000 0.000000 0.001663 0.003770 0.010981 0.003739 0.000000 0.000001 0.000000 0.000879 0.000383 0.001956 0.001119 0.001999 0.001873 0.002074 0.003442 0.019026 0.001552 0.002018 0.000000 0.008954 0.000000 0.000260 0.000000 0.000331 0.000002 0.014409 0.026484 0.015651 0.000000 0.000081 0.000000 0.000000 0.007452 0.009861 0.006304 0.012179 0.000000 0.001902 0.000683 0.003079 0.037918 0.011499 0.003033 0.308961 0.000000 0.000000 0.000000 0.000000 0.000614 0.022231 0.216320 0.035273 0.000000 0.000990 0.000000 0.002746 0.003217 0.009261 0.007041 0.010111 0.005287 0.010051 0.001796 0.064158 
0.148625 0.038979 0.177590 0.590337 0.044470 
0.152098 0.552987 0.078980 0.215933 0.000003 
0.270559 0.101707 0.526712 0.083740 0.017283 
0.031927 0.250215 0.052664 0.633762 0.031431 
0.034882 0.345884 0.123095 0.480235 0.015904 
0.034801 0.067131 0.066899 0.827121 0.004048 
0.025429 0.045508 0.041751 0.329932 0.557380 
0.417522 0.121012 0.110413 0.331537 0.019516 
0.395446 0.196081 0.144488 0.227135 0.036849 
0.543278 0.067670 0.053961 0.335088 0.000003 
0.789328 0.087396 0.098785 0.024488 0.000002 
0.006016 0.252372 0.336527 0.011020 0.394065 
0.051407 0.197826 0.107919 0.631948 0.010899 
0.050763 0.160766 0.258130 0.000211 0.530130 
0.015989 0.673608 0.160224 0.127059 0.023121 
0.562750 0.020807 0.035449 0.360564 0.020430 
0.000407 0.083811 0.198586 0.000285 0.716910 
0.035493 0.434836 0.365318 0.164351 0.000003 
0.788599 0.012994 0.143083 0.045516 0.009808 
0.005291 0.002938 0.013098 0.005699 0.972974 
0.180464 0.339305 0.426750 0.014893 0.038588 
0.590341 0.053714 0.251867 0.097965 0.006112 
0.107650 0.145256 0.227665 0.016626 0.502802 
0.140441 0.068466 0.072689 0.692832 0.025572 
0.169207 0.360870 0.469707 0.000214 0.000003 
0.967493 0.014067 0.014023 0.000201 0.004216 
0.295811 0.178183 0.000562 0.498012 0.027432 
0.032434 0.421992 0.453710 0.091861 0.000003 
0.008592 0.426177 0.560442 0.004788 0.000002 
0.228231 0.072102 0.060659 0.639005 0.000003 
0.005224 0.898346 0.000318 0.081123 0.014989 
0.008064 0.249197 0.675169 0.029355 0.038215 
0.004200 0.032111 0.300053 0.392258 0.271378 
0.049246 0.314215 0.194526 0.442011 0.000003 
0.040991 0.287890 0.556740 0.090710 0.023670 
0.034452 0.145249 0.183740 0.000262 0.636297 
0.118963 0.457223 0.330923 0.068663 0.024228 
0.536923 0.397677 0.044046 0.000275 0.021079 
0.147102 0.361257 0.421884 0.069755 0.000003 
0.545054 0.077428 0.036612 0.340902 0.000003 
0.000437 0.035664 0.678843 0.027882 0.257174 
0.252200 0.193700 0.377963 0.037950 0.138186 
0.023031 0.791153 0.136258 0.049555 0.000003 
0.761164 0.142140 0.000774 0.081087 0.014834 
0.004426 0.298005 0.094565 0.603003 0.000003 
0.468510 0.277591 0.227107 0.019242 0.007550 
0.000305 0.023416 0.784920 0.065497 0.125863 
0.020113 0.829547 0.149991 0.000346 0.000002 
0.978098 0.004663 0.014633 0.002603 0.000003 
0.759488 0.159963 0.060938 0.019609 0.000002 
0.000636 0.558017 0.347176 0.065623 0.028547 
0.102376 0.389108 0.508274 0.000240 0.000002 
0.009513 0.010511 0.001035 0.086996 0.891946 
0.108540 0.225513 0.000786 0.000304 0.664857 
0.066006 0.071242 0.021905 0.418673 0.422173 
0.036911 0.427347 0.463334 0.055358 0.017049 
0.304047 0.033985 0.020965 0.629220 0.011783 
0.713776 0.036363 0.010507 0.239351 0.000003 
0.516326 0.070633 0.270037 0.143002 0.000003 
0.045511 0.217832 0.628562 0.108092 0.000002 
0.000799 0.239889 0.285743 0.473566 0.000003 
0.003165 0.521220 0.411247 0.048957 0.015411 
0.371175 0.197157 0.231398 0.065587 0.134683 
0.052169 0.223614 0.588568 0.135648 0.000002 
0.001569 0.510732 0.366559 0.052258 0.068881 
0.001551 0.986551 0.000382 0.000605 0.010911 
0.138406 0.096619 0.000536 0.764436 0.000003 
0.163273 0.026541 0.077421 0.126123 0.606641 
0.188195 0.164049 0.277123 0.370631 0.000002 
0.022617 0.821004 0.075578 0.080800 0.000002 
0.519955 0.235845 0.216645 0.027552 0.000002 
0.868014 0.043683 0.086427 0.001874 0.000002 
0.055339 0.056681 0.022560 0.795310 0.070110 
0.144744 0.055548 0.046522 0.620626 0.132559 
0.021687 0.548122 0.341332 0.075771 0.013088 
0.056765 0.049198 0.068802 0.145170 0.680065 
0.401066 0.214859 0.044354 0.309886 0.029835 
0.049701 0.380456 0.514835 0.055006 0.000003 
0.571087 0.213934 0.168080 0.046895 0.000003 
0.005442 0.275416 0.631785 0.034626 0.052732 
0.371322 0.137236 0.127610 0.145532 0.218300 
0.065803 0.278439 0.416676 0.239080 0.000002 
0.000348 0.004419 0.884734 0.046316 0.064183 
0.767351 0.016341 0.083235 0.133070 0.000003 
0.347542 0.033914 0.524162 0.058989 0.035392 
0.037739 0.627301 0.017841 0.317116 0.000003 
0.034501 0.246643 0.575294 0.137445 0.006118 
0.015369 0.055539 0.822294 0.073998 0.032801 
0.000689 0.370386 0.349526 0.238464 0.040935 
0.781984 0.007422 0.015527 0.195064 0.000003 
0.023122 0.045155 0.805390 0.065666 0.060668 
0.006443 0.970812 0.010238 0.005117 0.007390 
0.022895 0.417466 0.476128 0.054033 0.029478 
0.591711 0.001019 0.163961 0.130036 0.113274 
0.508624 0.157738 0.183984 0.087034 0.062620 
0.042631 0.190913 0.320576 0.012056 0.433824 
0.005670 0.583308 0.360141 0.039874 0.011006 
0.035023 0.284040 0.245677 0.406803 0.028456 
0.009008 0.210144 0.494861 0.009013 0.276974 
0.044686 0.104955 0.205446 0.644909 0.000003 
0.051726 0.488747 0.376770 0.060698 0.022059 
0.066073 0.912996 0.000870 0.020058 0.000003 
0.000490 0.322186 0.000338 0.011300 0.665685 
0.000317 0.001413 0.765364 0.120969 0.111937 
0.161990 0.057417 0.057807 0.459956 0.262830 
0.034556 0.564258 0.335439 0.055814 0.009933 
0.156935 0.061623 0.080305 0.665298 0.035839 
0.044638 0.685165 0.000362 0.001482 0.268354 
0.030000 0.074730 0.397151 0.488314 0.009805 
0.092018 0.749048 0.000535 0.016887 0.141512 
0.687762 0.081629 0.176671 0.053936 0.000003 
0.986994 0.005590 0.000145 0.007268 0.000003 
0.690150 0.038478 0.180171 0.071181 0.020020 
0.022269 0.046458 0.242463 0.632701 0.056108 
0.091467 0.125513 0.474070 0.054789 0.254161 
0.014896 0.000885 0.283558 0.001192 0.699468 
0.210047 0.005778 0.003867 0.030400 0.749908 
0.000775 0.575088 0.368191 0.055943 0.000003 
0.041537 0.284926 0.563601 0.109934 0.000002 
0.099928 0.085268 0.091828 0.722973 0.000003 
0.210293 0.007529 0.685836 0.056969 0.039374 
0.143323 0.178033 0.518470 0.125789 0.034385 
0.031023 0.243451 0.606282 0.119241 0.000003 
0.458368 0.514028 0.005735 0.021866 0.000003 
0.061959 0.185547 0.457637 0.031912 0.262945 
0.048096 0.258784 0.387785 0.305333 0.000003 
0.000160 0.137576 0.105166 0.006482 0.750616 
0.007082 0.557171 0.377552 0.058193 0.000003 
0.035622 0.831179 0.004458 0.122474 0.006266 
0.007315 0.162628 0.063924 0.766131 0.000002 
0.315772 0.013915 0.015978 0.067091 0.587244 
0.144101 0.009023 0.687621 0.016024 0.143231 
0.006862 0.593627 0.348043 0.051467 0.000003 
0.001990 0.237190 0.345299 0.415519 0.000002 
0.011123 0.071120 0.839548 0.046561 0.031648 
0.000284 0.418113 0.538452 0.024860 0.018291 
0.327437 0.235082 0.121432 0.283672 0.032376 
0.000403 0.059576 0.794056 0.000162 0.145803 
0.054998 0.410339 0.031173 0.469462 0.034028 
0.184984 0.440203 0.317568 0.039189 0.018056 
0.063311 0.636307 0.182363 0.118017 0.000002 
0.664294 0.048841 0.240935 0.035572 0.010358 
0.469066 0.174683 0.246379 0.109871 0.000002 
0.002180 0.766347 0.164670 0.031275 0.035528 
0.221292 0.433049 0.312950 0.013892 0.018816 
0.664241 0.154731 0.152429 0.028597 0.000002 
0.018713 0.061892 0.109976 0.801303 0.008116 
0.011917 0.236117 0.272807 0.055558 0.423601 
0.013363 0.442564 0.350727 0.034934 0.158412 
0.751485 0.024229 0.031736 0.000434 0.192116 
0.056483 0.310996 0.034307 0.551619 0.046595 
0.070111 0.142220 0.095582 0.598156 0.093931 
0.015660 0.914988 0.004163 0.065187 0.000003 
0.007701 0.157826 0.080792 0.016501 0.737180 
0.033250 0.055928 0.082353 0.327668 0.500801 
0.000234 0.840469 0.001836 0.025998 0.131463 
0.702030 0.134659 0.054200 0.109107 0.000003 
0.936435 0.036203 0.021208 0.006151 0.000003 
0.079704 0.254526 0.279326 0.303248 0.083197 
0.035160 0.095400 0.036607 0.498974 0.333859 
0.219174 0.073005 0.104822 0.021596 0.581404 
0.411402 0.036581 0.033686 0.005997 0.512334 
0.178570 0.039515 0.017521 0.764391 0.000003 
0.241540 0.075540 0.034712 0.643013 0.005196 
0.444623 0.019235 0.037886 0.498253 0.000003 
0.389245 0.197547 0.093152 0.301685 0.018371 
0.000144 0.524375 0.391441 0.050955 0.033084 
0.040315 0.311333 0.503541 0.000480 0.144331 
0.019951 0.327836 0.528917 0.109024 0.014272 
0.044941 0.028630 0.000520 0.925906 0.000002 
0.095634 0.103903 0.226639 0.557438 0.016386 
0.033166 0.367137 0.565634 0.034061 0.000003 
0.021025 0.658996 0.271155 0.048822 0.000003 
0.058686 0.197479 0.647192 0.096641 0.000003 
0.006347 0.868839 0.018787 0.081422 0.024605 
0.404515 0.093662 0.099964 0.401856 0.000003 
0.026337 0.395775 0.273213 0.271495 0.033180 
0.015754 0.563741 0.294965 0.042538 0.083002 
0.485693 0.114356 0.077509 0.159180 0.163262 
0.183440 0.067061 0.076197 0.629188 0.044114 
0.405380 0.572751 0.000406 0.000304 0.021158 
0.000188 0.023568 0.028845 0.835027 0.112373 
0.071874 0.072670 0.797678 0.000289 0.057489 
0.439471 0.028926 0.011559 0.520043 0.000002 
0.000237 0.023244 0.925494 0.013565 0.037459 
0.987552 0.005392 0.001994 0.005058 0.000003 
0.051456 0.334431 0.000463 0.000295 0.613356 
0.276840 0.272196 0.220851 0.230110 0.000003 
0.672041 0.048687 0.222703 0.056566 0.000003 
0.479507 0.048638 0.094998 0.201848 0.175010 
0.283054 0.344766 0.311420 0.060758 0.000002 
0.001607 0.705428 0.175625 0.117337 0.000003 
0.004155 0.097991 0.063991 0.833860 0.000003 
0.008895 0.500248 0.429574 0.061281 0.000003 
0.559625 0.186693 0.057142 0.013009 0.183531 
0.638532 0.013534 0.010886 0.027980 0.309068 
0.011353 0.576054 0.378312 0.034278 0.000003 
0.256896 0.702895 0.000432 0.021559 0.018218 
0.045010 0.248595 0.141126 0.537551 0.027718 
0.043337 0.008940 0.004017 0.021656 0.922051 
0.127170 0.460514 0.239902 0.096811 0.075603 
0.063627 0.005052 0.855473 0.038956 0.036892 
0.952324 0.007107 0.033454 0.007113 0.000002 
0.013937 0.567080 0.320660 0.060938 0.037385 
0.108788 0.877913 0.001188 0.012108 0.000003 
0.009395 0.663781 0.249075 0.077747 0.000002 
0.010651 0.837814 0.130750 0.012372 0.008413 
0.002690 0.028693 0.010303 0.842649 0.115665 
0.021413 0.227339 0.085324 0.665921 0.000003 
0.095893 0.355234 0.000689 0.430797 0.117388 
0.008287 0.103300 0.175650 0.486493 0.226270 
0.491005 0.014281 0.035139 0.213162 0.246414 
0.124456 0.077727 0.025319 0.734292 0.038206 
0.371217 0.080281 0.046012 0.480159 0.022332 
0.248854 0.166507 0.513483 0.071154 0.000003 
0.972842 0.006710 0.019917 0.000529 0.000003 
0.261065 0.113320 0.317017 0.060710 0.247888 
0.429070 0.095103 0.108362 0.367463 0.000002 
0.952131 0.024603 0.018361 0.004902 0.000002 
0.008927 0.001713 0.894601 0.050794 0.043964 
0.741749 0.015119 0.093854 0.149275 0.000003 
0.035215 0.034521 0.045176 0.367117 0.517971 
0.113216 0.361759 0.440357 0.084666 0.000002 
0.022501 0.128309 0.446636 0.103443 0.299112 
0.005070 0.949271 0.026193 0.000354 0.019112 
0.020107 0.065455 0.234837 0.218665 0.460935 
0.019799 0.214663 0.715534 0.040621 0.009383 
0.003724 0.376944 0.291213 0.293367 0.034752 
0.013314 0.961074 0.000493 0.002697 0.022422 
0.208441 0.118308 0.296645 0.032012 0.344593 
0.615372 0.067211 0.064154 0.044320 0.208943 
0.004415 0.546164 0.396730 0.037273 0.015418 
0.008996 0.973171 0.010593 0.007237 0.000003 
0.904372 0.018187 0.000984 0.076454 0.000002 
0.947631 0.008316 0.043837 0.000213 0.000002 
0.688151 0.076035 0.000349 0.000209 0.235256 
0.036955 0.369135 0.503673 0.090235 0.000003 
0.402502 0.241548 0.126303 0.214775 0.014872 
0.051916 0.896760 0.011105 0.040217 0.000003 
0.430889 0.466529 0.067696 0.022177 0.012709 
0.802026 0.102772 0.000765 0.000272 0.094165 
0.008275 0.592559 0.164917 0.234246 0.000003 
0.124760 0.336159 0.513382 0.025697 0.000002 
0.421679 0.033730 0.029727 0.404845 0.110018 
0.087163 0.481699 0.361897 0.069238 0.000003 
0.040326 0.341984 0.511454 0.106234 0.000002 
0.129929 0.006019 0.174683 0.674423 0.014946 
0.037343 0.300707 0.577557 0.084390 0.000003 
0.003966 0.034094 0.001356 0.016428 0.944156 
0.042648 0.208939 0.620148 0.128262 0.000003 
0.641290 0.058009 0.047920 0.048111 0.204671 
0.002393 0.505095 0.322183 0.060813 0.109516 
0.002908 0.078435 0.848024 0.027973 0.042661 
0.784550 0.093345 0.000634 0.003952 0.117519 
0.018959 0.000664 0.000564 0.979810 0.000003 
0.021086 0.285351 0.262671 0.430889 0.000003 
0.005590 0.488087 0.321832 0.184488 0.000002 
0.220522 0.322870 0.250684 0.205921 0.000003 
0.031635 0.127724 0.114772 0.694215 0.031654 
0.008785 0.037670 0.145057 0.052224 0.756264 
0.381078 0.524465 0.070658 0.023796 0.000003 
0.848583 0.063713 0.008187 0.059843 0.019674 
0.034647 0.162998 0.683173 0.119179 0.000003 
0.030705 0.555375 0.119389 0.294529 0.000003 
0.986476 0.006717 0.000186 0.000328 0.006293 
0.002160 0.246783 0.696329 0.034146 0.020581 
0.000295 0.435016 0.260614 0.214858 0.089217 
0.065359 0.163320 0.225488 0.533648 0.012186 
0.034251 0.054420 0.007188 0.868225 0.035917 
0.298797 0.005955 0.636927 0.010207 0.048114 
0.004643 0.888765 0.021021 0.085568 0.000003 
0.001753 0.031424 0.753910 0.167546 0.045367 
0.014236 0.390417 0.588347 0.006997 0.000003 
0.000278 0.024138 0.817344 0.116090 0.042149 
0.034386 0.893967 0.057708 0.013936 0.000003 
0.009049 0.578803 0.349872 0.062273 0.000003 
0.042819 0.369644 0.252444 0.335090 0.000003 
0.020637 0.012032 0.005284 0.041592 0.920455 
0.044436 0.565564 0.329221 0.030103 0.030677 
0.025261 0.166071 0.286715 0.000326 0.521627 
0.047558 0.270604 0.039237 0.552517 0.090083 
0.371090 0.270000 0.358674 0.000233 0.000002 
0.041888 0.518278 0.400319 0.039513 0.000003 
0.976066 0.003508 0.008326 0.002235 0.009865 
0.283482 0.074960 0.059934 0.145371 0.436252 
0.006898 0.981987 0.000695 0.010417 0.000002 
0.062159 0.884465 0.009135 0.016698 0.027543 
0.258395 0.311877 0.303755 0.027837 0.098136 
0.184747 0.044064 0.165590 0.025831 0.579767 
0.252410 0.355528 0.381123 0.010935 0.000003 
0.472435 0.167484 0.320325 0.039754 0.000002 
0.071405 0.723573 0.159816 0.022225 0.022981 
0.115975 0.397879 0.362003 0.040608 0.083535 
0.620526 0.133495 0.067275 0.158709 0.019996 
0.240371 0.590465 0.077739 0.091423 0.000002 
0.194754 0.766482 0.029977 0.008784 0.000003 
0.573818 0.224403 0.050504 0.151273 0.000003 
0.571651 0.194718 0.168560 0.034280 0.030791 
0.078932 0.393056 0.444156 0.071776 0.012079 
0.774953 0.132667 0.058657 0.033720 0.000003 
0.031724 0.623477 0.326371 0.000265 0.018162 
0.168717 0.190313 0.536756 0.104213 0.000002 
0.065354 0.324939 0.465165 0.001495 0.143048 
0.000652 0.146965 0.795509 0.017105 0.039769 
0.000700 0.738255 0.222797 0.028181 0.010067 
0.024185 0.095230 0.264526 0.073162 0.542897 
0.013940 0.092105 0.831552 0.046675 0.015728 
0.022417 0.528395 0.355099 0.082562 0.011528 
0.074404 0.034075 0.000928 0.890590 0.000003 
0.101464 0.229647 0.559065 0.109822 0.000002 
0.003516 0.618326 0.305769 0.050411 0.021978 
0.013176 0.823475 0.114975 0.048371 0.000003 
0.544420 0.033200 0.042150 0.380226 0.000003 
0.625832 0.038756 0.036664 0.291504 0.007244 
0.906758 0.000853 0.076392 0.015995 0.000002 
0.264735 0.243006 0.141878 0.344151 0.006231 
0.107239 0.316010 0.448409 0.128339 0.000003 
0.012816 0.180531 0.381076 0.425576 0.000002 
0.000355 0.023870 0.835710 0.026354 0.113710 
0.018844 0.002689 0.000402 0.000281 0.977784 
0.053308 0.380758 0.563552 0.002380 0.000002 
0.320239 0.000536 0.002357 0.017595 0.659273 
0.460094 0.119513 0.178030 0.230279 0.012084 
0.009239 0.532250 0.298934 0.125758 0.033820 
0.291870 0.357876 0.322398 0.027853 0.000002 
0.338919 0.268511 0.378493 0.014074 0.000002 
0.053027 0.215401 0.602181 0.129388 0.000003 
0.034328 0.000387 0.000346 0.000218 0.964722 
0.875861 0.008644 0.032038 0.019933 0.063523 
0.042424 0.179238 0.673825 0.104511 0.000002 
0.455774 0.140189 0.388494 0.015541 0.000003 
0.415872 0.015524 0.028782 0.532906 0.006915 
0.515994 0.116359 0.085708 0.281937 0.000002 
0.809520 0.007819 0.137317 0.031324 0.014020 
0.071380 0.105398 0.005211 0.158756 0.659255 
0.914219 0.072845 0.010361 0.002572 0.000003 
0.273494 0.421935 0.264713 0.018139 0.021719 
0.019664 0.243396 0.397714 0.104995 0.234231 
0.166646 0.395703 0.095977 0.329472 0.012203 
0.033232 0.551947 0.354131 0.060687 0.000003 
0.003913 0.441640 0.289616 0.094982 0.169849 
0.015710 0.569258 0.392883 0.022147 0.000002 
0.136202 0.750521 0.088783 0.024491 0.000003 
0.670578 0.023802 0.003648 0.024936 0.277037 
0.011912 0.389441 0.251642 0.274691 0.072313 
0.024482 0.026241 0.011500 0.937775 0.000003 
0.004926 0.558679 0.017492 0.418900 0.000002 
0.024953 0.043818 0.001320 0.800126 0.129783 
0.815223 0.013061 0.007767 0.149820 0.014130 
0.015454 0.031687 0.108192 0.000270 0.844397 
0.000264 0.967916 0.007631 0.007088 0.017100 
0.178927 0.086389 0.109181 0.013208 0.612296 
0.072500 0.140548 0.166768 0.434826 0.185359 
0.029782 0.200241 0.032087 0.534128 0.203762 
0.035802 0.177783 0.036015 0.003828 0.746572 
0.286489 0.235787 0.028811 0.438994 0.009919 
0.012999 0.041698 0.446358 0.450957 0.047988 
0.267791 0.138672 0.045506 0.540998 0.007033 
0.005352 0.051629 0.887597 0.018502 0.036919 
0.176981 0.349479 0.471390 0.002147 0.000002 
0.025803 0.071588 0.107292 0.567326 0.227992 
0.054203 0.002661 0.222435 0.279534 0.441167 
0.303312 0.106564 0.069008 0.199895 0.321221 
0.049917 0.190924 0.645097 0.114060 0.000002 
0.001259 0.627277 0.318740 0.052722 0.000003 
0.016376 0.014285 0.007645 0.961692 0.000003 
0.018246 0.435724 0.544570 0.001458 0.000003 
0.482111 0.212234 0.244825 0.060828 0.000003 
0.951446 0.002040 0.010799 0.025221 0.010494 
0.487036 0.081495 0.012002 0.419465 0.000002 
0.692619 0.124647 0.021003 0.161728 0.000003 
0.000224 0.033169 0.918168 0.018260 0.030179 
0.727025 0.008793 0.207853 0.012833 0.043496 
0.782077 0.164393 0.043959 0.009569 0.000002 
0.000409 0.250726 0.697154 0.021141 0.030570 
0.570066 0.003479 0.075232 0.254615 0.096607 
0.044800 0.173906 0.143698 0.298426 0.339170 
0.073326 0.121016 0.142694 0.617879 0.045084 
0.004320 0.021889 0.214750 0.095749 0.663291 
0.044553 0.127181 0.594629 0.233634 0.000003 
0.000367 0.675127 0.000466 0.068289 0.255752 
0.443581 0.253967 0.007049 0.286205 0.009199 
0.095397 0.178450 0.296577 0.429573 0.000003 
0.015264 0.311608 0.585218 0.087906 0.000003 
0.420444 0.381961 0.174792 0.022800 0.000003 
0.023324 0.001839 0.915984 0.018454 0.040399 
0.008185 0.159587 0.170367 0.661858 0.000003 
0.010126 0.268821 0.686781 0.024418 0.009853 
0.073650 0.283759 0.344008 0.287489 0.011093 
0.085339 0.729838 0.117989 0.011460 0.055375 
0.231771 0.267319 0.137763 0.363143 0.000002 
0.019958 0.366653 0.613192 0.000194 0.000002 
0.345212 0.140107 0.070471 0.403067 0.041143 
0.677206 0.274622 0.017235 0.030935 0.000003 
0.276902 0.119023 0.454102 0.149971 0.000003 
0.496191 0.212164 0.291489 0.000153 0.000002 
0.623834 0.120709 0.096795 0.158660 0.000003 
0.000254 0.827292 0.006130 0.003954 0.162369 
0.727688 0.025916 0.030954 0.198419 0.017022 
0.485054 0.000607 0.480806 0.010071 0.023461 
0.147004 0.116346 0.274168 0.456671 0.005811 
0.145313 0.052095 0.413848 0.347149 0.041595 
0.687882 0.094092 0.138339 0.047784 0.031903 
0.031617 0.041629 0.053202 0.000338 0.873213 
0.492653 0.003256 0.362125 0.000313 0.141652 
0.741255 0.027435 0.011358 0.184179 0.035773 
0.079235 0.221008 0.136651 0.537659 0.025447 
0.040632 0.002195 0.272642 0.000284 0.684247 
0.292057 0.156893 0.029179 0.521868 0.000003 
0.014844 0.063960 0.074612 0.324783 0.521801 
0.021498 0.297564 0.674149 0.006787 0.000002 
0.024503 0.215949 0.110767 0.638588 0.010194 
0.018501 0.000769 0.000819 0.013519 0.966392 
0.245782 0.448057 0.257541 0.048617 0.000003 
0.577298 0.090837 0.072854 0.259007 0.000003 
0.214875 0.328860 0.377291 0.048514 0.030460 
0.185099 0.211825 0.019324 0.016883 0.566869 
0.026882 0.028377 0.041321 0.403984 0.499437 
0.073341 0.123497 0.039336 0.744647 0.019180 
0.037658 0.093022 0.824482 0.013914 0.030923 
0.192698 0.000355 0.000422 0.016043 0.790482 
0.016779 0.249494 0.001683 0.109911 0.622133 
0.266360 0.445587 0.255502 0.032549 0.000003 
0.511590 0.122990 0.250586 0.114830 0.000003 
0.036950 0.382491 0.495655 0.084901 0.000003 
0.012434 0.228943 0.136366 0.609377 0.012879 
0.019318 0.940774 0.000348 0.039557 0.000003 
0.073520 0.224925 0.606081 0.095472 0.000003 
0.004698 0.973575 0.012792 0.008932 0.000002 
0.674224 0.150944 0.057916 0.116914 0.000003 
0.458269 0.005275 0.070666 0.069230 0.396560 
0.010566 0.031462 0.821546 0.102873 0.033552 
0.038221 0.475409 0.463310 0.023057 0.000003 
0.849779 0.001033 0.000317 0.000220 0.148651 
0.004642 0.938465 0.000628 0.008567 0.047698 
0.084904 0.276861 0.446446 0.191787 0.000002 
0.840825 0.010365 0.045401 0.007512 0.095897 
0.349625 0.123633 0.194894 0.036270 0.295578 
0.061287 0.097062 0.577477 0.240717 0.023457 
0.058119 0.055745 0.070909 0.739464 0.075763 
0.092929 0.244063 0.553618 0.079344 0.030046 
0.334196 0.175358 0.427792 0.062651 0.000002 
0.724781 0.022101 0.012332 0.240783 0.000003 
0.012407 0.507408 0.343452 0.123410 0.013323 
0.161351 0.091796 0.672728 0.046274 0.027851 
0.393211 0.517968 0.019934 0.068884 0.000003 
0.021197 0.691905 0.240434 0.046461 0.000003 
0.196998 0.349531 0.048569 0.404899 0.000003 
0.321642 0.033023 0.068735 0.024158 0.552442 
0.383024 0.296801 0.214997 0.053414 0.051764 
0.191401 0.215481 0.526815 0.066301 0.000002 
0.967848 0.020680 0.011332 0.000138 0.000003 
0.005354 0.969295 0.000435 0.024914 0.000003 
0.044665 0.041734 0.035749 0.854382 0.023470 
0.385679 0.028117 0.000702 0.236869 0.348633 
0.650777 0.008644 0.002150 0.319692 0.018737 
0.370792 0.131960 0.063560 0.023397 0.410290 
0.130870 0.171758 0.229466 0.076213 0.391693 
0.008529 0.234947 0.009218 0.747305 0.000002 
0.004975 0.908609 0.085390 0.001023 0.000004 
0.081661 0.245852 0.130538 0.516932 0.025017 
0.000247 0.349221 0.570819 0.047893 0.031820 
0.016680 0.041327 0.596854 0.316258 0.028881 
0.473512 0.407750 0.069725 0.019008 0.030005 
0.069698 0.012981 0.797566 0.038855 0.080901 
0.063690 0.166743 0.595162 0.136770 0.037635 
0.009791 0.865121 0.036031 0.067763 0.021294 
0.473745 0.046013 0.041284 0.438956 0.000003 
0.297343 0.021652 0.001019 0.123119 0.556866 
0.310651 0.009900 0.015715 0.000186 0.663547 
0.782649 0.028403 0.035484 0.153462 0.000002 
0.151021 0.524589 0.255665 0.068723 0.000003 
0.061509 0.043490 0.077158 0.783157 0.034686 
0.028759 0.446895 0.512259 0.012085 0.000003 
0.180489 0.175169 0.038944 0.605395 0.000002 
0.287597 0.538876 0.120515 0.053010 0.000002 
0.016939 0.012859 0.045688 0.789747 0.134767 
0.276128 0.672504 0.029234 0.000231 0.021903 
0.017064 0.901711 0.065525 0.015698 0.000003 
0.008673 0.762775 0.000575 0.112262 0.115715 
0.372804 0.006611 0.523319 0.054262 0.043005 
0.002949 0.499156 0.301111 0.176786 0.019998 
0.034973 0.277460 0.570134 0.117431 0.000003 
0.708184 0.086329 0.119076 0.086407 0.000003 
0.066333 0.253347 0.283040 0.018821 0.378459 
0.618388 0.096506 0.106452 0.147544 0.031110 
0.065748 0.119425 0.362373 0.404302 0.048151 
0.004155 0.530204 0.000377 0.030110 0.435155 
0.439683 0.185242 0.000531 0.069090 0.305454 
0.046890 0.206345 0.572197 0.099050 0.075518 
0.107311 0.538042 0.017297 0.265582 0.071768 
0.536451 0.015298 0.433187 0.000930 0.014134 
0.010607 0.118267 0.000386 0.007709 0.863030 
0.007971 0.119277 0.065334 0.807415 0.000002 
0.014390 0.749752 0.016548 0.219306 0.000003 
0.265267 0.164397 0.085171 0.342201 0.142965 
0.054026 0.371798 0.560618 0.013555 0.000003 
0.109389 0.691971 0.013453 0.170792 0.014395 
0.507911 0.131042 0.277445 0.045319 0.038283 
0.213847 0.176139 0.154600 0.132949 0.322464 
0.435531 0.577468 0.490229 0.419173 0.175965 
