-1919293.061358
0
0.000000 0.000000 0.000000 0.000000 0.000000 0.000000 0.000000 0.000000 0.000000 0.019501 0.000000 0.004261 0.000000 0.000000 0.000000 0.002884 0.000884 0.000001 0.000706 0.000000 0.000000 0.000000 0.000000 0.000000 0.000833 0.000000 0.000000 0.001475 0.000000 0.000105 0.000000 0.000000 0.074801 0.104539 0.020789 0.082341 0.000000 0.001370 0.000406 0.001847 0.000808 0.000000 0.000000 0.003686 0.000000 0.000000 0.000783 0.001631 0.000000 0.000001 0.000000 0.000000 0.000000 0.000000 0.000000 0.000000 0.000000 0.020580 0.000000 0.014412 0.000000 0.000000 0.000456 0.000000 0.000000 0.000000 0.000001 0.006926 0.000000 0.000000 0.001852 0.000853 0.001358 0.002105 0.000000 0.001241 0.000000 0.001196 0.000130 0.000000 0.122578 0.299997 0.101027 0.087225 0.000640 0.001462 0.001200 0.004455 0.000001 0.000000 0.001885 0.001983 0.000000 0.000804 0.000880 0.001097 
0.041468 0.036555 0.002980 0.036981 0.010055 0.004560 0.000000 0.010204 0.018208 0.005795 0.006426 0.023312 0.015076 0.014778 0.016631 0.023344 0.015582 0.007339 0.009400 0.021578 0.000000 0.000000 0.008272 0.002131 0.035816 0.026867 0.000994 0.034895 0.007883 0.006298 0.000635 0.009180 0.002994 0.002939 0.000607 0.019793 0.013628 0.020239 0.019396 0.029763 0.004338 0.011310 0.005971 0.010228 0.000000 0.001805 0.006758 0.000000 0.025048 0.017974 0.001970 0.025772 0.003539 0.003580 0.000000 0.006755 0.000000 0.000014 0.000000 0.004591 0.008472 0.008585 0.010513 0.021130 0.005165 0.004978 0.005286 0.007644 0.000000 0.000575 0.006760 0.005284 0.029263 0.021527 0.001928 0.036213 0.004981 0.004429 0.000000 0.007504 0.006159 0.002319 0.000000 0.013592 0.014900 0.015083 0.007817 0.031347 0.004030 0.006252 0.000000 0.007255 0.000000 0.001288 0.007470 0.000000 
0.000000 0.000755 0.000000 0.000185 0.000309 0.000141 0.000337 0.000722 0.007855 0.002789 0.003180 0.002671 0.000000 0.000000 0.000000 0.000000 0.001183 0.000549 0.000225 0.001147 0.000000 0.000000 0.000000 0.000266 0.000826 0.000241 0.000000 0.000000 0.000000 0.000000 0.000000 0.000193 0.014510 0.004376 0.004275 0.009312 0.000000 0.000000 0.000000 0.000584 0.000763 0.000591 0.000000 0.000266 0.000274 0.000000 0.000192 0.000000 0.000000 0.000000 0.000437 0.000000 0.000000 0.000000 0.000000 0.000279 0.005988 0.001882 0.000000 0.003279 0.000000 0.000141 0.000000 0.000000 0.000000 0.000000 0.000001 0.000911 0.000000 0.000000 0.000000 0.000000 0.015327 0.006029 0.002197 0.011676 0.040621 0.000000 0.001654 0.068865 0.424190 0.083007 0.045182 0.229392 0.000000 0.000000 0.000000 0.000000 0.000001 0.000000 0.000000 0.000222 0.000000 0.000000 0.000000 0.000000 
0.004644 0.000000 0.000000 0.000000 0.012597 0.010926 0.003797 0.014322 0.023654 0.017390 0.002985 0.017794 0.005699 0.006470 0.012753 0.007027 0.056812 0.019025 0.040126 0.038190 0.000000 0.002975 0.006088 0.000000 0.000001 0.000000 0.003249 0.000000 0.006735 0.008947 0.004432 0.009560 0.034277 0.027809 0.005565 0.024526 0.000000 0.000715 0.007689 0.003863 0.025460 0.014891 0.026869 0.025269 0.000000 0.003245 0.007302 0.011734 0.010121 0.007459 0.000000 0.005584 0.007159 0.006363 0.000000 0.005735 0.024891 0.021686 0.000000 0.026631 0.008618 0.001731 0.005509 0.000000 0.025127 0.013451 0.020662 0.020630 0.002973 0.000000 0.004751 0.000000 0.006105 0.009239 0.005739 0.008090 0.000000 0.009728 0.002134 0.000000 0.008916 0.029868 0.004354 0.010837 0.006591 0.005072 0.006698 0.002093 0.025456 0.019092 0.018036 0.022112 0.000000 0.005846 0.005984 0.013512 
0.005228 0.000000 0.000000 0.000000 0.003229 0.001384 0.000000 0.003455 0.004979 0.004370 0.003873 0.003292 0.014025 0.001908 0.005724 0.017970 0.027179 0.011030 0.021517 0.027015 0.044219 0.007514 0.004808 0.024321 0.004483 0.000000 0.000000 0.000780 0.000000 0.000643 0.000000 0.003097 0.010243 0.008174 0.002154 0.005752 0.003911 0.001305 0.001711 0.000000 0.018538 0.011975 0.016759 0.035834 0.028271 0.007816 0.016140 0.067327 0.009049 0.006985 0.000000 0.003350 0.000000 0.001642 0.000000 0.004312 0.005602 0.004450 0.000000 0.011083 0.001469 0.002175 0.000749 0.000000 0.010420 0.011144 0.011514 0.013209 0.009784 0.000318 0.004637 0.024066 0.019790 0.000002 0.000000 0.032075 0.001149 0.001888 0.000000 0.004444 0.003239 0.009872 0.000000 0.009524 0.024196 0.000000 0.016056 0.011503 0.019226 0.016175 0.012733 0.041393 0.063691 0.010463 0.009970 0.074700 
0.000001 0.000001 0.000000 0.000000 0.000002 0.000003 0.000000 0.000000 0.000012 0.000175 0.000008 0.009776 0.000001 0.000002 0.007304 0.000001 0.000129 0.000013 0.000096 0.000006 0.000000 0.000000 0.000000 0.000000 0.000017 0.021926 0.000000 0.000000 0.000000 0.000000 0.020871 0.000000 0.003076 0.042049 0.028096 0.002923 0.000000 0.000001 0.000000 0.000000 0.000012 0.015959 0.084441 0.000260 0.000000 0.037194 0.000007 0.000000 0.000001 0.000011 0.000000 0.000005 0.000000 0.000006 0.000000 0.000001 0.000002 0.006480 0.025755 0.078515 0.000000 0.000001 0.000000 0.000000 0.000007 0.000001 0.015642 0.000325 0.000000 0.000000 0.000000 0.000000 0.000012 0.000032 0.008870 0.000190 0.000000 0.000000 0.000000 0.000000 0.003449 0.005630 0.336922 0.008484 0.000000 0.000000 0.000000 0.000000 0.094642 0.095571 0.000005 0.031003 0.000000 0.000000 0.000002 0.014074 
0.011069 0.007639 0.002105 0.002689 0.037514 0.020557 0.010111 0.041997 0.019267 0.010570 0.000001 0.010684 0.001657 0.000805 0.000000 0.000000 0.005948 0.009256 0.009437 0.011833 0.000000 0.000000 0.009245 0.007996 0.009300 0.010328 0.004025 0.000000 0.028302 0.021457 0.006897 0.040904 0.023155 0.012496 0.002185 0.016701 0.003975 0.010976 0.007766 0.010807 0.007847 0.015894 0.007632 0.007716 0.000000 0.010730 0.013336 0.000000 0.000000 0.007203 0.000000 0.004501 0.022452 0.016701 0.004301 0.029851 0.028726 0.012700 0.000000 0.011185 0.001958 0.002669 0.007411 0.000000 0.006993 0.007439 0.004750 0.002746 0.005650 0.006575 0.025654 0.000000 0.000001 0.018719 0.000000 0.000016 0.027782 0.038367 0.004525 0.058034 0.015893 0.021925 0.000001 0.004920 0.000000 0.009134 0.005489 0.000000 0.010513 0.013201 0.011457 0.008546 0.000000 0.007815 0.014502 0.016882 
0.000557 0.001093 0.000390 0.008099 0.000829 0.000291 0.000000 0.000456 0.000001 0.003592 0.012561 0.004608 0.000000 0.000000 0.000000 0.000828 0.003163 0.005253 0.002631 0.003430 0.000000 0.003704 0.001487 0.014051 0.002290 0.000609 0.000565 0.015303 0.000000 0.000000 0.000000 0.000000 0.001526 0.003175 0.011249 0.003664 0.000000 0.000000 0.000000 0.000764 0.000001 0.002057 0.001374 0.001924 0.001805 0.002219 0.003509 0.018772 0.001272 0.001995 0.000000 0.008957 0.000000 0.000281 0.000000 0.000401 0.000000 0.014593 0.027879 0.015803 0.000000 0.000000 0.000000 0.000000 0.007564 0.009981 0.006442 0.012027 0.000000 0.001991 0.000836 0.002910 0.037095 0.011295 0.002970 0.307745 0.000000 0.000000 0.000000 0.000000 0.003151 0.021282 0.215145 0.037014 0.000000 0.001033 0.000000 0.002480 0.003184 0.009135 0.007129 0.009759 0.005160 0.010144 0.001828 0.063693 
0.000000 0.001437 0.000000 0.000000 0.001484 0.000675 0.000000 0.002007 0.030142 0.017424 0.098496 0.015459 0.000000 0.002665 0.000000 0.004893 0.006785 0.006544 0.021967 0.002694 0.000000 0.002127 0.001013 0.002749 0.008624 0.021152 0.009090 0.056637 0.000000 0.000000 0.000000 0.000000 0.007267 0.010030 0.095583 0.007392 0.000000 0.001541 0.000000 0.000000 0.006398 0.003554 0.028360 0.003330 0.000000 0.004096 0.004659 0.009117 0.001503 0.004389 0.000000 0.007853 0.000000 0.002073 0.000000 0.001513 0.067423 0.076963 0.141851 0.053637 0.000000 0.002145 0.000000 0.000913 0.013047 0.006059 0.010740 0.004090 0.000000 0.001236 0.001124 0.003088 0.000001 0.000805 0.000575 0.005921 0.000000 0.000000 0.000000 0.000000 0.007258 0.006236 0.041272 0.004900 0.000000 0.000529 0.000000 0.000000 0.006650 0.003433 0.010613 0.002912 0.001357 0.002111 0.001118 0.009266 
0.000001 0.000001 0.000000 0.000000 0.000003 0.000005 0.000000 0.000000 0.000015 0.000203 0.000010 0.000292 0.028263 0.030280 0.000000 0.000001 0.000155 0.000018 0.000080 0.000007 0.000000 0.000000 0.021864 0.000001 0.000019 0.000001 0.000000 0.000000 0.007569 0.000000 0.000000 0.000000 0.192981 0.002811 0.097265 0.040970 0.000000 0.000001 0.000000 0.000000 0.000018 0.000012 0.000007 0.039670 0.000000 0.000001 0.000009 0.000000 0.000001 0.004073 0.000000 0.000006 0.000000 0.031187 0.000000 0.000002 0.000002 0.080444 0.000000 0.078200 0.000000 0.010531 0.000000 0.029452 0.000008 0.000001 0.000019 0.053065 0.000000 0.000000 0.000000 0.000000 0.000013 0.000034 0.000001 0.000252 0.000000 0.000000 0.000000 0.000000 0.112661 0.052104 0.000008 0.001390 0.000000 0.000000 0.000000 0.083848 0.000030 0.000006 0.000006 0.000115 0.000000 0.000001 0.000002 0.000001 
0.037276 0.031132 0.022564 0.024487 0.007075 0.004980 0.003659 0.000000 0.009888 0.007751 0.002148 0.001741 0.002554 0.002361 0.009023 0.000000 0.007683 0.000839 0.008191 0.000000 0.000000 0.000176 0.000000 0.000000 0.050946 0.072091 0.011020 0.050506 0.010183 0.009353 0.007936 0.006714 0.023659 0.016361 0.010321 0.018701 0.007539 0.009341 0.040592 0.007410 0.004260 0.000000 0.011294 0.003923 0.000000 0.000000 0.003066 0.001543 0.044794 0.047270 0.031992 0.025452 0.005409 0.009243 0.008188 0.004030 0.008966 0.009198 0.003358 0.007748 0.006004 0.004415 0.014671 0.000000 0.005567 0.000000 0.004030 0.001265 0.000000 0.000000 0.000000 0.000000 0.036894 0.062707 0.012577 0.038862 0.000000 0.009673 0.003966 0.000000 0.002668 0.005858 0.000000 0.006103 0.002969 0.000000 0.009715 0.000000 0.002034 0.000000 0.003590 0.000493 0.000000 0.000000 0.000000 0.000000 
0.008927 0.006384 0.002271 0.003204 0.000000 0.001751 0.000000 0.000000 0.034567 0.015897 0.212864 0.013281 0.003320 0.001215 0.001652 0.007298 0.012648 0.006454 0.008836 0.008053 0.000000 0.001562 0.000000 0.003035 0.003157 0.000000 0.000000 0.000000 0.000000 0.000000 0.000000 0.000000 0.023865 0.021437 0.109699 0.017847 0.000000 0.000323 0.000000 0.000000 0.003574 0.004859 0.000000 0.005253 0.000000 0.000000 0.000000 0.000000 0.006433 0.003722 0.000000 0.001736 0.000000 0.001811 0.000000 0.000000 0.026166 0.028670 0.127116 0.014744 0.000000 0.000000 0.000000 0.000000 0.012125 0.006395 0.004519 0.012629 0.000000 0.000000 0.000000 0.000000 0.010886 0.010500 0.001809 0.013376 0.001323 0.000000 0.000000 0.003123 0.016235 0.021871 0.087232 0.015515 0.005302 0.000000 0.000000 0.000000 0.006423 0.001830 0.010048 0.004642 0.000000 0.000000 0.000584 0.000000 
0.124779 0.113869 0.000000 0.000000 0.127776 0.020066 0.000000 0.000000 0.000001 0.000000 0.000001 0.613508 
0.000000 0.196494 0.118010 0.000000 0.049675 0.000000 0.000001 0.000000 0.000001 0.000000 0.412912 0.222908 
0.274504 0.146138 0.000000 0.171174 0.253353 0.000000 0.045426 0.000000 0.000001 0.000000 0.045541 0.063864 
0.000000 0.108237 0.000000 0.000000 0.033052 0.039273 0.023447 0.000000 0.046330 0.000000 0.170497 0.579165 
0.000000 0.171439 0.000000 0.067086 0.025570 0.000000 0.079197 0.010443 0.119311 0.000000 0.167358 0.359596 
0.021497 0.063774 0.000000 0.034757 0.027065 0.000000 0.000001 0.000000 0.548443 0.000000 0.031675 0.272788 
0.000000 0.062066 0.011587 0.000000 0.000015 0.000000 0.017485 0.567631 0.341214 0.000000 0.000001 0.000001 
0.404865 0.107428 0.000000 0.103270 0.000011 0.011948 0.040500 0.018696 0.030529 0.000000 0.029135 0.253617 
0.000000 0.308251 0.361062 0.000000 0.037515 0.000000 0.000001 0.031396 0.025413 0.000000 0.000001 0.236360 
0.000000 0.057984 0.448815 0.000000 0.012302 0.041194 0.049445 0.000000 0.000001 0.000000 0.010974 0.379285 
0.785936 0.115902 0.000000 0.000000 0.032719 0.029237 0.000001 0.000000 0.015035 0.000000 0.021169 0.000001 
0.000000 0.121664 0.000000 0.000000 0.274614 0.000000 0.024005 0.360245 0.017947 0.000000 0.201524 0.000001 
0.000000 0.253405 0.039726 0.000000 0.010078 0.000000 0.000001 0.014839 0.598416 0.000000 0.028089 0.055447 
0.032638 0.183452 0.000000 0.024964 0.023397 0.000000 0.170000 0.565546 0.000001 0.000000 0.000001 0.000001 
0.000000 0.481743 0.000000 0.000000 0.028454 0.000000 0.051567 0.018574 0.000001 0.000000 0.286067 0.133594 
0.537058 0.063950 0.020676 0.000000 0.009586 0.028699 0.000001 0.012018 0.000001 0.000000 0.000001 0.328013 
0.000000 0.119208 0.000000 0.000000 0.094969 0.000000 0.066363 0.719459 0.000001 0.000000 0.000001 0.000001 
0.038605 0.251549 0.000000 0.000000 0.205426 0.000000 0.077579 0.000000 0.124135 0.000000 0.254776 0.047931 
0.761319 0.033054 0.000000 0.111626 0.004666 0.012615 0.012742 0.022064 0.013358 0.028556 0.000001 0.000001 
0.000000 0.004913 0.000000 0.000000 0.000014 0.000000 0.008547 0.986523 0.000001 0.000000 0.000001 0.000001 
0.000000 0.288999 0.119369 0.054851 0.048804 0.000000 0.385524 0.077993 0.024459 0.000000 0.000001 0.000001 
0.598404 0.104690 0.000000 0.000000 0.113899 0.000000 0.100349 0.000000 0.025522 0.000000 0.000001 0.057135 
0.042902 0.252918 0.060087 0.000000 0.093680 0.000000 0.021471 0.498970 0.000001 0.000000 0.000001 0.029970 
0.000000 0.080605 0.065240 0.000000 0.026766 0.026858 0.017232 0.000000 0.054463 0.013569 0.022773 0.692493 
0.000000 0.346393 0.118993 0.000000 0.086566 0.000000 0.388912 0.025151 0.007958 0.010923 0.015105 0.000001 
0.000000 0.023108 0.959283 0.000000 0.004101 0.000000 0.013506 0.000000 0.000001 0.000000 0.000001 0.000001 
0.165035 0.050422 0.093606 0.000000 0.000012 0.021736 0.033960 0.017653 0.086280 0.000000 0.116294 0.415003 
0.000000 0.335305 0.000000 0.296150 0.043684 0.000000 0.107899 0.012538 0.000001 0.000000 0.134581 0.069843 
0.000000 0.501791 0.000000 0.000000 0.091298 0.000000 0.378352 0.000000 0.028558 0.000000 0.000001 0.000001 
0.195500 0.116827 0.000000 0.000000 0.019886 0.026442 0.000001 0.000000 0.081791 0.000000 0.000001 0.559552 
0.000000 0.164389 0.000000 0.000000 0.000009 0.011160 0.052861 0.000000 0.000001 0.000000 0.707370 0.064211 
0.009979 0.556595 0.000000 0.000000 0.353165 0.000000 0.016919 0.000000 0.000001 0.000000 0.000001 0.063340 
0.000000 0.136798 0.000000 0.000000 0.204797 0.000000 0.000001 0.251601 0.406802 0.000000 0.000001 0.000001 
0.000000 0.107399 0.010067 0.233235 0.024941 0.000000 0.044944 0.000000 0.180829 0.000000 0.184146 0.214440 
0.000000 0.256912 0.000000 0.441308 0.072241 0.000000 0.049819 0.041705 0.058210 0.000000 0.079803 0.000001 
0.024975 0.153739 0.000000 0.000000 0.000014 0.000000 0.144008 0.677261 0.000001 0.000000 0.000001 0.000001 
0.130369 0.670626 0.000000 0.069374 0.043896 0.000000 0.000001 0.016031 0.000001 0.000000 0.000001 0.069701 
0.515966 0.149900 0.038836 0.000000 0.018958 0.008371 0.000001 0.000000 0.000001 0.000000 0.267968 0.000000 
0.000000 0.177689 0.103175 0.350298 0.057351 0.000000 0.069167 0.000000 0.000001 0.000000 0.187737 0.054582 
0.205401 0.047645 0.291396 0.022299 0.009349 0.017549 0.017327 0.000000 0.056053 0.000000 0.034784 0.298197 
0.000000 0.217705 0.000000 0.000000 0.501963 0.000000 0.017629 0.210329 0.031974 0.000000 0.000001 0.020399 
0.231165 0.205564 0.000000 0.180418 0.045380 0.000000 0.128000 0.148298 0.000001 0.000000 0.033018 0.028156 
0.010417 0.205477 0.000000 0.069479 0.048487 0.000000 0.061346 0.000000 0.000001 0.000000 0.566214 0.038580 
0.282601 0.076217 0.462208 0.000000 0.000010 0.000000 0.000001 0.008506 0.052257 0.017891 0.071119 0.029190 
0.000000 0.120405 0.000000 0.024698 0.029799 0.000000 0.043273 0.000000 0.597959 0.000000 0.183865 0.000001 
0.097934 0.386021 0.368225 0.000000 0.082749 0.000000 0.000001 0.000000 0.000001 0.000000 0.033963 0.031107 
0.000000 0.215653 0.000000 0.000000 0.618196 0.000000 0.000001 0.072703 0.000001 0.000000 0.000001 0.093447 
0.000000 0.257817 0.000000 0.000000 0.029176 0.000000 0.228725 0.000000 0.000001 0.000000 0.484281 0.000001 
0.733202 0.013757 0.250898 0.000000 0.000011 0.002126 0.000000 0.000000 0.000003 0.000000 0.000001 0.000002 
0.000000 0.095785 0.745154 0.017847 0.029910 0.000000 0.000001 0.000000 0.000001 0.000000 0.090775 0.020527 
0.000000 0.807444 0.000000 0.000000 0.084283 0.000000 0.000001 0.018526 0.000001 0.000000 0.000001 0.089745 
0.078501 0.317501 0.000000 0.000000 0.095129 0.000000 0.464478 0.000000 0.009015 0.000000 0.035377 0.000001 
0.000000 0.015271 0.000000 0.000000 0.000012 0.000000 0.000001 0.893710 0.000001 0.000000 0.002814 0.088193 
0.118264 0.066126 0.000000 0.000000 0.000014 0.000000 0.015367 0.650441 0.000001 0.000000 0.149787 0.000001 
0.028086 0.023883 0.000000 0.000000 0.000014 0.000000 0.024023 0.427359 0.021222 0.023778 0.042870 0.408764 
0.031431 0.701577 0.000000 0.086483 0.096561 0.000000 0.007564 0.000000 0.000001 0.000000 0.000001 0.076382 
0.123496 0.017903 0.187561 0.000000 0.016838 0.000000 0.000001 0.000000 0.616588 0.000000 0.037612 0.000001 
0.060129 0.032593 0.597727 0.000000 0.004479 0.008571 0.000001 0.000000 0.024574 0.000000 0.010631 0.261295 
0.526325 0.139237 0.000000 0.187771 0.035288 0.000000 0.006293 0.000000 0.105083 0.000000 0.000001 0.000001 
0.000000 0.357057 0.017251 0.466286 0.059033 0.000000 0.009962 0.000000 0.090408 0.000000 0.000001 0.000001 
0.000000 0.167821 0.000000 0.000000 0.182387 0.000000 0.007047 0.000000 0.471568 0.000000 0.154412 0.016764 
0.000000 0.781419 0.000000 0.000000 0.099358 0.000000 0.041825 0.000000 0.026607 0.000000 0.000001 0.050789 
0.357288 0.147310 0.000000 0.054462 0.013341 0.019064 0.181829 0.146418 0.041263 0.016368 0.022656 0.000001 
0.000000 0.246245 0.000000 0.467094 0.048560 0.000000 0.067667 0.000000 0.017895 0.048534 0.037462 0.066541 
0.000000 0.787634 0.000000 0.000000 0.073411 0.000000 0.000001 0.060580 0.000001 0.000000 0.000001 0.078373 
0.000000 0.137154 0.000000 0.000000 0.000011 0.000000 0.027061 0.005188 0.000001 0.000000 0.830585 0.000001 
0.179520 0.015406 0.000000 0.000000 0.000011 0.000000 0.000001 0.000000 0.721173 0.000000 0.083888 0.000001 
0.152540 0.029087 0.000000 0.083710 0.006959 0.000000 0.000001 0.604327 0.000001 0.026319 0.000001 0.097055 
0.151097 0.175501 0.023974 0.269628 0.016820 0.000000 0.000001 0.000000 0.303422 0.035620 0.023937 0.000001 
0.020007 0.284703 0.000000 0.000000 0.017141 0.000000 0.079875 0.000000 0.077674 0.000000 0.520598 0.000001 
0.000000 0.159857 0.476698 0.125901 0.025282 0.000000 0.098127 0.000000 0.037023 0.000000 0.077111 0.000001 
0.832870 0.069811 0.021137 0.000000 0.007147 0.037974 0.031060 0.000000 0.000000 0.000000 0.000001 0.000000 
0.000000 0.070564 0.000000 0.000000 0.000014 0.010258 0.022772 0.058290 0.206337 0.000000 0.000001 0.631763 
0.000000 0.084161 0.064193 0.060121 0.000012 0.018489 0.000001 0.114895 0.063068 0.000000 0.000001 0.595059 
0.000000 0.303731 0.000000 0.084826 0.069802 0.000000 0.213731 0.019655 0.000001 0.000000 0.239357 0.068897 
0.072607 0.073743 0.000000 0.000000 0.043886 0.000000 0.000001 0.662820 0.139476 0.000000 0.007468 0.000001 
0.000000 0.078060 0.347408 0.000000 0.026232 0.000000 0.040939 0.021658 0.056926 0.000000 0.139730 0.289048 
0.000000 0.388912 0.000000 0.032072 0.096231 0.016016 0.407638 0.000000 0.000001 0.000000 0.000001 0.059129 
0.585604 0.332984 0.000000 0.000000 0.034175 0.000000 0.000001 0.000000 0.021753 0.000000 0.000001 0.025482 
0.000000 0.603030 0.000000 0.000000 0.303966 0.000000 0.000001 0.025405 0.000001 0.000000 0.000001 0.067598 
0.000000 0.084199 0.326035 0.122553 0.023572 0.000000 0.000001 0.230793 0.046882 0.000000 0.073638 0.092328 
0.000000 0.308818 0.000000 0.000000 0.081894 0.000000 0.326764 0.000000 0.000001 0.031452 0.000001 0.251071 
0.000000 0.171533 0.000000 0.000000 0.734997 0.000000 0.000001 0.002523 0.000001 0.000000 0.000001 0.090945 
0.745972 0.054846 0.019194 0.044217 0.005518 0.015086 0.000001 0.000000 0.028844 0.021382 0.000001 0.064939 
0.000000 0.167415 0.347804 0.000000 0.385215 0.000000 0.000001 0.000000 0.067026 0.000000 0.000001 0.032538 
0.000000 0.098131 0.013157 0.000000 0.012319 0.000000 0.044809 0.000000 0.032224 0.000000 0.522832 0.276528 
0.000000 0.263919 0.000000 0.259575 0.088251 0.000000 0.218669 0.030662 0.068361 0.000000 0.017117 0.053447 
0.000000 0.205239 0.000000 0.138777 0.507800 0.000000 0.049409 0.000000 0.028314 0.000000 0.000001 0.070460 
0.000000 0.616299 0.000000 0.000000 0.075139 0.000000 0.020116 0.019888 0.037685 0.000000 0.000001 0.230872 
0.617371 0.013855 0.177008 0.000000 0.000015 0.000000 0.000001 0.000000 0.175500 0.012743 0.003506 0.000001 
0.018711 0.209380 0.000000 0.183808 0.477119 0.000000 0.000001 0.031353 0.041007 0.000000 0.000001 0.038620 
0.000000 0.095612 0.000000 0.000000 0.000011 0.000000 0.094007 0.008543 0.000001 0.000000 0.801826 0.000001 
0.000000 0.612491 0.000000 0.242350 0.058966 0.000000 0.000001 0.031777 0.000001 0.000000 0.000001 0.054414 
0.598796 0.032998 0.000000 0.000000 0.114430 0.038090 0.000000 0.086141 0.000001 0.044881 0.000001 0.084663 
0.511978 0.124531 0.000000 0.163254 0.024088 0.000000 0.000001 0.060793 0.000001 0.000000 0.065071 0.050285 
0.058507 0.143516 0.000000 0.000000 0.245753 0.000000 0.012846 0.386633 0.000001 0.000000 0.130195 0.022548 
0.000000 0.868700 0.000000 0.000000 0.064559 0.000000 0.000001 0.000000 0.000001 0.000000 0.000001 0.066739 
0.000000 0.330756 0.000000 0.000000 0.051409 0.000000 0.156528 0.024349 0.079571 0.000000 0.000001 0.357385 
0.000000 0.319378 0.000000 0.000000 0.162777 0.000000 0.207128 0.286611 0.024105 0.000000 0.000001 0.000001 
0.000000 0.157408 0.000000 0.132579 0.057126 0.000000 0.011457 0.000000 0.073104 0.000000 0.000001 0.568326 
0.057276 0.755999 0.000000 0.000000 0.092381 0.000000 0.000001 0.000000 0.000001 0.015426 0.000001 0.078916 
0.000000 0.155304 0.051556 0.000000 0.000011 0.000000 0.066855 0.000000 0.000001 0.000000 0.712376 0.013896 
0.000000 0.021686 0.000000 0.000000 0.000012 0.000000 0.016746 0.669330 0.000001 0.000000 0.292224 0.000001 
0.000000 0.182126 0.000000 0.000000 0.595323 0.000000 0.000001 0.063705 0.128949 0.000000 0.000001 0.029895 
0.192145 0.114090 0.000000 0.000000 0.000015 0.000000 0.000000 0.264858 0.387005 0.000000 0.000001 0.041886 
0.025429 0.801167 0.000000 0.000000 0.067616 0.000000 0.028391 0.000000 0.000001 0.000000 0.000001 0.077395 
0.000000 0.107653 0.073949 0.000000 0.054138 0.012520 0.000001 0.000000 0.039680 0.000000 0.000001 0.712060 
0.035698 0.101204 0.004670 0.000000 0.000011 0.000000 0.067148 0.262812 0.000001 0.000000 0.528457 0.000001 
0.000000 0.178007 0.000000 0.000000 0.265255 0.000000 0.013279 0.000000 0.088981 0.000000 0.017493 0.436985 
0.079599 0.147992 0.012700 0.000000 0.000012 0.000000 0.064131 0.138746 0.000001 0.000000 0.556818 0.000001 
0.646377 0.063527 0.028735 0.156387 0.021358 0.000000 0.021115 0.000000 0.034254 0.000000 0.028246 0.000001 
0.129518 0.004625 0.860123 0.000000 0.000007 0.000000 0.000001 0.000000 0.005726 0.000000 0.000001 0.000001 
0.669521 0.039973 0.027809 0.165233 0.027014 0.000000 0.000001 0.020581 0.033763 0.000000 0.016105 0.000001 
0.026072 0.111499 0.000000 0.000000 0.172331 0.000000 0.000001 0.041836 0.623296 0.000000 0.024964 0.000001 
0.040685 0.148515 0.022274 0.375148 0.083064 0.000000 0.015452 0.269882 0.019485 0.000000 0.025496 0.000001 
0.000000 0.062145 0.005820 0.000000 0.249485 0.019007 0.000001 0.663540 0.000001 0.000000 0.000001 0.000001 
0.000000 0.010767 0.184215 0.000000 0.000014 0.000000 0.000001 0.769307 0.035695 0.000000 0.000001 0.000001 
0.000000 0.845678 0.000000 0.000000 0.080459 0.000000 0.000001 0.000000 0.022709 0.000000 0.000001 0.051153 
0.000000 0.268449 0.015753 0.422040 0.077669 0.000000 0.060980 0.000000 0.040195 0.000000 0.073673 0.041242 
0.076133 0.071074 0.000000 0.000000 0.045698 0.000000 0.028427 0.000000 0.351524 0.022881 0.033270 0.370993 
0.222623 0.142085 0.018331 0.000000 0.540770 0.000000 0.000001 0.000000 0.076189 0.000000 0.000001 0.000001 
0.000000 0.233085 0.093608 0.403575 0.034146 0.000000 0.080526 0.058239 0.051527 0.000000 0.000001 0.045294 
0.000000 0.280013 0.000000 0.420088 0.079936 0.000000 0.106425 0.017435 0.038007 0.000000 0.000001 0.058095 
0.183074 0.089146 0.270640 0.000000 0.000019 0.000000 0.011278 0.000000 0.020130 0.000000 0.425713 0.000001 
0.074669 0.351792 0.000000 0.000000 0.267354 0.000000 0.000001 0.226301 0.000001 0.000000 0.028529 0.051353 
0.000000 0.291731 0.000000 0.054501 0.087786 0.000000 0.245311 0.000000 0.000001 0.000000 0.000001 0.320669 
0.000000 0.162546 0.000000 0.000000 0.049432 0.000000 0.000001 0.751480 0.000001 0.000000 0.036540 0.000001 
0.000000 0.856533 0.000000 0.000000 0.070631 0.000000 0.000000 0.000000 0.000001 0.000000 0.000001 0.072834 
0.035177 0.188940 0.000000 0.000000 0.000012 0.010955 0.052626 0.000000 0.103587 0.000000 0.608703 0.000001 
0.000000 0.191395 0.000000 0.000000 0.012390 0.000000 0.000001 0.000000 0.767726 0.000000 0.028487 0.000001 
0.295318 0.019591 0.032361 0.000000 0.007217 0.008104 0.000001 0.573008 0.000001 0.000000 0.000001 0.064401 
0.181134 0.113632 0.000000 0.000000 0.582206 0.000000 0.000001 0.080194 0.042831 0.000000 0.000001 0.000001 
0.000000 0.757609 0.000000 0.000000 0.063013 0.000000 0.028173 0.000000 0.000001 0.000000 0.083464 0.067741 
0.000000 0.169232 0.000000 0.000000 0.120135 0.000000 0.201467 0.000000 0.440377 0.000000 0.068789 0.000001 
0.000000 0.264828 0.000000 0.125758 0.515187 0.012339 0.016143 0.000000 0.018710 0.000000 0.000001 0.047034 
0.000000 0.250979 0.000000 0.026148 0.375860 0.000000 0.000001 0.000000 0.000001 0.000000 0.307195 0.039816 
0.000000 0.323550 0.301363 0.000000 0.010542 0.000000 0.006703 0.038676 0.258357 0.000000 0.000001 0.060808 
0.000000 0.252620 0.000000 0.000000 0.572081 0.000000 0.054137 0.121159 0.000001 0.000000 0.000001 0.000001 
0.000000 0.090628 0.000000 0.000000 0.019638 0.029503 0.057369 0.000000 0.000001 0.031328 0.315556 0.455978 
0.077994 0.631710 0.112330 0.000000 0.094030 0.000000 0.000001 0.000000 0.017947 0.000000 0.023834 0.042153 
0.000000 0.242006 0.033157 0.000000 0.041468 0.000000 0.186621 0.000000 0.090746 0.025484 0.350165 0.030353 
0.000000 0.068445 0.621224 0.213939 0.022698 0.000000 0.021463 0.013932 0.038297 0.000000 0.000001 0.000001 
0.420388 0.159870 0.000000 0.000000 0.028718 0.013175 0.226584 0.000000 0.041863 0.068016 0.000001 0.041384 
0.000000 0.371425 0.000000 0.032031 0.014474 0.000000 0.122576 0.042636 0.030581 0.000000 0.386276 0.000001 
0.126736 0.136848 0.102105 0.000000 0.234748 0.000000 0.013952 0.000000 0.022220 0.000000 0.363390 0.000001 
0.630754 0.177356 0.021789 0.000000 0.029461 0.020058 0.058285 0.000000 0.021180 0.022392 0.018723 0.000001 
0.000000 0.101011 0.012051 0.068362 0.030761 0.000000 0.000001 0.012532 0.775280 0.000000 0.000001 0.000001 
0.000000 0.230964 0.000000 0.197728 0.020153 0.000000 0.016847 0.439248 0.035792 0.000000 0.059266 0.000001 
0.000000 0.282594 0.000000 0.127135 0.115928 0.000000 0.063496 0.159580 0.034370 0.000000 0.216897 0.000001 
0.754804 0.014357 0.000000 0.000000 0.000018 0.000000 0.000000 0.185652 0.000001 0.026064 0.019105 0.000001 
0.000000 0.149843 0.013501 0.000000 0.026857 0.043579 0.000001 0.017282 0.000001 0.000000 0.201182 0.547755 
0.000000 0.190985 0.020875 0.000000 0.027196 0.000000 0.029759 0.084243 0.116458 0.000000 0.000001 0.530483 
0.000000 0.189552 0.004657 0.000000 0.002642 0.000000 0.045635 0.000000 0.000001 0.000000 0.702380 0.055133 
0.000000 0.094700 0.000000 0.053187 0.020156 0.000000 0.000001 0.743544 0.000001 0.000000 0.088412 0.000001 
0.000000 0.053166 0.000000 0.110051 0.006881 0.000000 0.011687 0.507839 0.000001 0.000000 0.000001 0.310375 
0.000000 0.214290 0.000000 0.000000 0.000013 0.000000 0.057746 0.123001 0.021063 0.000000 0.583887 0.000001 
0.723492 0.116092 0.000000 0.000000 0.011392 0.000000 0.000001 0.000000 0.096092 0.000000 0.052930 0.000001 
0.000000 0.022283 0.915973 0.000000 0.000011 0.000000 0.046586 0.000000 0.005167 0.009978 0.000001 0.000001 
0.000000 0.239186 0.025456 0.000000 0.045404 0.023520 0.260803 0.084365 0.039672 0.000000 0.000001 0.281593 
0.000000 0.031970 0.007640 0.077104 0.000014 0.000000 0.000001 0.329679 0.128345 0.000000 0.063027 0.362220 
0.000000 0.124277 0.200121 0.000000 0.031513 0.000000 0.011391 0.595216 0.037480 0.000000 0.000001 0.000001 
0.415809 0.057722 0.017322 0.000000 0.000014 0.000000 0.000001 0.499371 0.000001 0.000000 0.009759 0.000001 
0.026415 0.048228 0.141508 0.000000 0.000013 0.000000 0.000001 0.000000 0.766992 0.000000 0.016843 0.000001 
0.000000 0.056865 0.188563 0.071112 0.000012 0.009749 0.000001 0.000000 0.348887 0.000000 0.016339 0.308472 
0.414906 0.021725 0.044649 0.035306 0.008837 0.000000 0.000001 0.000000 0.273422 0.000000 0.011255 0.189901 
0.045742 0.053097 0.303366 0.000000 0.072034 0.000000 0.025233 0.000000 0.092031 0.000000 0.162163 0.246333 
0.000000 0.817249 0.000000 0.000000 0.075984 0.000000 0.000001 0.026923 0.045637 0.000000 0.000001 0.034204 
0.000000 0.311339 0.000000 0.058481 0.074987 0.033548 0.363888 0.157755 0.000001 0.000000 0.000001 0.000001 
0.000000 0.260504 0.000000 0.374904 0.092928 0.000000 0.046811 0.018852 0.000001 0.019553 0.118165 0.068282 
0.066353 0.032836 0.000000 0.000000 0.000012 0.000000 0.000001 0.000000 0.877536 0.000000 0.023261 0.000001 
0.000000 0.137185 0.036517 0.151705 0.048034 0.000000 0.061367 0.000000 0.047286 0.000000 0.000001 0.517904 
0.000000 0.367127 0.000000 0.027630 0.096273 0.000000 0.431860 0.010299 0.052888 0.000000 0.013922 0.000001 
0.000000 0.202481 0.000000 0.253625 0.041880 0.000000 0.045927 0.000000 0.034897 0.000000 0.421190 0.000001 
0.000000 0.262433 0.016800 0.524965 0.082012 0.000000 0.026614 0.000000 0.000001 0.000000 0.014172 0.073003 
0.000000 0.162013 0.000000 0.000000 0.017739 0.013642 0.037610 0.000000 0.034918 0.000000 0.696689 0.037389 
0.000000 0.066840 0.365350 0.046443 0.000015 0.000000 0.076329 0.000000 0.430499 0.000000 0.014524 0.000001 
0.000000 0.161848 0.000000 0.050814 0.166301 0.000000 0.036478 0.000000 0.000001 0.024401 0.291509 0.268648 
0.014927 0.445331 0.000000 0.000000 0.123655 0.000000 0.043004 0.072488 0.000001 0.000000 0.249959 0.050635 
0.488026 0.101189 0.000000 0.000000 0.022090 0.043030 0.010598 0.141047 0.039543 0.038856 0.043860 0.071762 
0.000000 0.077916 0.124577 0.000000 0.013129 0.000000 0.057973 0.041055 0.313428 0.000000 0.000001 0.371921 
0.416279 0.072341 0.000000 0.000000 0.000011 0.000000 0.045971 0.000000 0.000001 0.000000 0.465397 0.000000 
0.000000 0.047404 0.000000 0.000000 0.012140 0.000000 0.003751 0.122253 0.814450 0.000000 0.000001 0.000001 
0.090217 0.248268 0.000000 0.000000 0.557970 0.000000 0.067266 0.013109 0.023168 0.000000 0.000001 0.000001 
0.488682 0.054518 0.000000 0.000000 0.000012 0.000000 0.000001 0.000000 0.456785 0.000000 0.000001 0.000001 
0.000000 0.196245 0.000000 0.048919 0.677050 0.000000 0.036334 0.000000 0.000001 0.000000 0.000001 0.041449 
0.000000 0.006920 0.987979 0.000000 0.000009 0.000000 0.000000 0.000000 0.000001 0.005089 0.000001 0.000001 
0.032289 0.061861 0.015474 0.000000 0.000012 0.000000 0.018130 0.612512 0.000001 0.000000 0.259720 0.000001 
0.265393 0.211219 0.000000 0.000000 0.016466 0.028768 0.242727 0.000000 0.210339 0.000000 0.025087 0.000001 
0.630794 0.056231 0.035846 0.076210 0.111129 0.000000 0.000001 0.000000 0.000001 0.024398 0.034824 0.030566 
0.456638 0.097608 0.032037 0.043542 0.019066 0.033898 0.000001 0.156945 0.031939 0.000000 0.000001 0.128326 
0.220461 0.167826 0.030498 0.081156 0.052386 0.000000 0.247450 0.000000 0.052770 0.025915 0.121537 0.000001 
0.000000 0.241138 0.000000 0.000000 0.071358 0.000000 0.114817 0.000000 0.129025 0.000000 0.443662 0.000001 
0.000000 0.070012 0.000000 0.091737 0.000014 0.000000 0.000001 0.000000 0.790222 0.000000 0.048013 0.000001 
0.000000 0.740267 0.000000 0.028145 0.117651 0.000000 0.000001 0.000000 0.000001 0.000000 0.037274 0.076661 
0.000000 0.122235 0.518272 0.051530 0.000013 0.011927 0.000001 0.208228 0.000001 0.000000 0.087793 0.000001 
0.660062 0.026533 0.000000 0.000000 0.000012 0.000000 0.000001 0.290508 0.000001 0.000000 0.000001 0.022883 
0.000000 0.853367 0.000000 0.000000 0.058327 0.000000 0.036614 0.000000 0.000001 0.000000 0.000001 0.051691 
0.000000 0.148934 0.239125 0.000000 0.000011 0.000000 0.021586 0.025852 0.025032 0.000000 0.539459 0.000001 
0.000000 0.292444 0.015520 0.000000 0.042425 0.000000 0.020698 0.000000 0.284382 0.000000 0.044973 0.299558 
0.050562 0.016805 0.000000 0.000000 0.000012 0.000000 0.000001 0.920582 0.012036 0.000000 0.000001 0.000001 
0.000000 0.192684 0.100577 0.237180 0.037128 0.000000 0.000001 0.085955 0.076374 0.000000 0.270100 0.000001 
0.000000 0.174182 0.062474 0.000000 0.677879 0.000000 0.000001 0.000000 0.071822 0.013641 0.000001 0.000001 
0.955310 0.017069 0.000000 0.000000 0.005496 0.022123 0.000001 0.000000 0.000001 0.000000 0.000001 0.000000 
0.000000 0.790627 0.005781 0.000000 0.066086 0.000000 0.000001 0.024913 0.000001 0.000000 0.025959 0.086633 
0.000000 0.178475 0.095636 0.000000 0.000010 0.000000 0.070953 0.000000 0.005221 0.000000 0.649703 0.000001 
0.000000 0.179464 0.000000 0.031014 0.099783 0.000000 0.178183 0.000000 0.018472 0.000000 0.442264 0.050819 
0.000000 0.231634 0.000000 0.000000 0.022651 0.000000 0.200752 0.016787 0.004792 0.000000 0.523384 0.000001 
0.000000 0.054911 0.000000 0.000000 0.000014 0.000000 0.000000 0.123178 0.821895 0.000000 0.000001 0.000001 
0.000000 0.092588 0.000000 0.103079 0.013348 0.000000 0.026464 0.000000 0.290839 0.000000 0.126944 0.346739 
0.066741 0.103060 0.000000 0.000000 0.000011 0.030576 0.042729 0.093655 0.000001 0.016649 0.240653 0.405924 
0.000000 0.091242 0.000000 0.198088 0.029949 0.000000 0.000001 0.234124 0.422106 0.000000 0.024489 0.000001 
0.477896 0.038337 0.016415 0.000000 0.007461 0.018642 0.000001 0.230274 0.000001 0.009877 0.000001 0.201095 
0.000000 0.087203 0.060375 0.000000 0.019795 0.044457 0.007942 0.000000 0.038275 0.000000 0.000001 0.741952 
0.150898 0.073998 0.173255 0.000000 0.031039 0.000000 0.021930 0.000000 0.049144 0.000000 0.023659 0.476078 
0.196093 0.199654 0.019741 0.343794 0.067466 0.000000 0.102346 0.000000 0.000001 0.000000 0.012121 0.058783 
0.948109 0.016780 0.015890 0.000000 0.002479 0.012279 0.000000 0.000000 0.000001 0.004459 0.000001 0.000001 
0.013029 0.107572 0.204644 0.282989 0.055401 0.000000 0.000001 0.270369 0.039018 0.000000 0.026976 0.000001 
0.000000 0.082227 0.397909 0.119272 0.007613 0.000000 0.000001 0.000000 0.370464 0.000000 0.022514 0.000001 
0.000000 0.033052 0.940572 0.000000 0.003627 0.000000 0.017507 0.000000 0.000001 0.000000 0.000001 0.005240 
0.027538 0.175276 0.000000 0.000000 0.705599 0.000000 0.009294 0.000000 0.082292 0.000000 0.000001 0.000001 
0.705680 0.066927 0.027779 0.011810 0.029045 0.019938 0.000001 0.000000 0.000001 0.011519 0.000001 0.127300 
0.042363 0.016611 0.000000 0.062131 0.013799 0.000000 0.000001 0.514163 0.327591 0.000000 0.023341 0.000001 
0.000000 0.264314 0.082451 0.000000 0.136903 0.000000 0.303829 0.000000 0.113625 0.000000 0.098877 0.000001 
0.000000 0.196866 0.000000 0.300481 0.092829 0.000000 0.024331 0.308970 0.076520 0.000000 0.000001 0.000001 
0.000000 0.206115 0.000000 0.000000 0.008873 0.000000 0.039660 0.014154 0.000001 0.000000 0.731196 0.000001 
0.000000 0.117754 0.000000 0.000000 0.119852 0.000000 0.068291 0.455772 0.064514 0.000000 0.000001 0.173816 
0.017467 0.191210 0.000000 0.142553 0.418038 0.005644 0.037774 0.000000 0.048279 0.000000 0.139034 0.000001 
0.000000 0.472521 0.000000 0.000000 0.104499 0.000000 0.000001 0.005529 0.052892 0.000000 0.102765 0.261793 
0.000000 0.115873 0.005278 0.031225 0.000010 0.000000 0.043187 0.020224 0.000001 0.000000 0.784200 0.000001 
0.000000 0.205999 0.178531 0.175762 0.037517 0.000000 0.004291 0.363519 0.034379 0.000000 0.000001 0.000001 
0.638251 0.083570 0.000000 0.000000 0.000013 0.000000 0.042299 0.202162 0.000001 0.000000 0.000001 0.033703 
0.000000 0.668949 0.000000 0.000000 0.050568 0.000000 0.207613 0.019096 0.034171 0.000000 0.000001 0.019601 
0.006283 0.135374 0.000000 0.000000 0.000014 0.000000 0.077157 0.000000 0.000001 0.000000 0.781171 0.000001 
0.000000 0.013763 0.876827 0.025011 0.000008 0.000000 0.000001 0.000000 0.000001 0.000000 0.000001 0.084388 
0.902331 0.024679 0.025250 0.000000 0.012588 0.005626 0.000001 0.000000 0.000000 0.029523 0.000001 0.000000 
0.000000 0.014680 0.659933 0.000000 0.000011 0.000000 0.000001 0.262954 0.000001 0.000000 0.062421 0.000001 
0.000000 0.244293 0.000000 0.398488 0.085829 0.000000 0.028162 0.021862 0.061152 0.000000 0.160213 0.000001 
0.429028 0.288759 0.000000 0.014979 0.025836 0.000000 0.000001 0.000000 0.170564 0.000000 0.041898 0.028935 
0.053697 0.177969 0.000000 0.000000 0.006071 0.000000 0.039849 0.000000 0.000001 0.000000 0.696222 0.026191 
0.455018 0.239166 0.000000 0.000000 0.018894 0.000000 0.012801 0.000000 0.008808 0.013911 0.251400 0.000001 
0.000000 0.030467 0.779262 0.000000 0.000012 0.000000 0.027501 0.102987 0.000001 0.000000 0.059770 0.000001 
0.000000 0.282206 0.000000 0.065924 0.029973 0.016951 0.061607 0.000000 0.222227 0.000000 0.321111 0.000001 
0.000000 0.363852 0.079545 0.102803 0.077158 0.000000 0.331568 0.000000 0.045072 0.000000 0.000001 0.000001 
0.426443 0.012705 0.000000 0.000000 0.009701 0.029906 0.017642 0.096283 0.140274 0.018976 0.021532 0.226538 
0.000000 0.748582 0.073656 0.000000 0.086571 0.000000 0.000001 0.000000 0.000001 0.000000 0.000001 0.091189 
0.021909 0.383295 0.000000 0.325242 0.086840 0.000000 0.036830 0.000000 0.041361 0.000000 0.059664 0.044859 
0.164669 0.080961 0.000000 0.000000 0.123827 0.000000 0.000001 0.000000 0.630541 0.000000 0.000001 0.000001 
0.000000 0.356465 0.000000 0.000000 0.150429 0.000000 0.365977 0.020176 0.106952 0.000000 0.000001 0.000001 
0.000000 0.010375 0.000000 0.000000 0.000015 0.000000 0.000001 0.960242 0.000001 0.000000 0.029366 0.000001 
0.000000 0.290669 0.015615 0.458213 0.097519 0.000000 0.010875 0.000000 0.101481 0.000000 0.025628 0.000001 
0.000000 0.010104 0.604472 0.049116 0.024791 0.000000 0.000001 0.214916 0.000001 0.000000 0.050343 0.046257 
0.000000 0.756543 0.000000 0.000000 0.055067 0.000000 0.000001 0.107899 0.000001 0.000000 0.000001 0.080489 
0.000000 0.196208 0.000000 0.056914 0.632761 0.000000 0.000001 0.000000 0.000001 0.000000 0.054790 0.059326 
0.254709 0.019026 0.508445 0.000000 0.000013 0.019860 0.000001 0.116327 0.000001 0.011162 0.070455 0.000001 
0.022866 0.017144 0.000000 0.000000 0.000011 0.000000 0.000001 0.000000 0.955137 0.000000 0.004841 0.000001 
0.000000 0.459788 0.000000 0.000000 0.089888 0.000000 0.000001 0.000000 0.049509 0.012462 0.000001 0.388352 
0.000000 0.700743 0.000000 0.000000 0.066888 0.000000 0.000001 0.000000 0.142302 0.000000 0.019726 0.070341 
0.203004 0.168541 0.000000 0.269754 0.027716 0.000000 0.020143 0.000000 0.000001 0.000000 0.158416 0.152424 
0.000000 0.124280 0.000000 0.091728 0.014535 0.000000 0.029641 0.016587 0.085073 0.000000 0.023245 0.614912 
0.000000 0.070311 0.000000 0.110930 0.000014 0.037936 0.000001 0.745844 0.000001 0.000000 0.010578 0.024385 
0.116316 0.124823 0.245174 0.093291 0.010390 0.000000 0.029208 0.000000 0.000001 0.000000 0.364160 0.016638 
0.000000 0.058961 0.825957 0.000000 0.000014 0.000000 0.025534 0.016555 0.000001 0.000000 0.000001 0.072978 
0.000000 0.220428 0.000000 0.558589 0.101025 0.000000 0.029943 0.000000 0.000001 0.000000 0.015137 0.074878 
0.000000 0.175711 0.016323 0.138006 0.012339 0.000000 0.033865 0.000000 0.270385 0.000000 0.353370 0.000001 
0.000000 0.000427 0.987727 0.000000 0.000007 0.000000 0.011836 0.000000 0.000000 0.000000 0.000001 0.000001 
0.000000 0.415078 0.000000 0.000000 0.434893 0.000000 0.014153 0.000000 0.000001 0.000000 0.073453 0.062422 
0.000000 0.506114 0.000000 0.000000 0.063535 0.000000 0.029437 0.088530 0.201049 0.000000 0.077278 0.034058 
0.000000 0.205465 0.008676 0.000000 0.060988 0.000000 0.139426 0.000000 0.052914 0.000000 0.000001 0.532530 
0.029433 0.004399 0.000000 0.011274 0.000012 0.027097 0.013130 0.034519 0.762812 0.018396 0.043197 0.055730 
0.057681 0.131718 0.250797 0.000000 0.513237 0.000000 0.000001 0.000000 0.046565 0.000000 0.000001 0.000001 
0.000000 0.176358 0.000000 0.000000 0.005601 0.007815 0.057938 0.000000 0.044383 0.000000 0.683913 0.023992 
