-1921943.564886
0
0.036713 0.032070 0.021608 0.025256 0.009266 0.006489 0.003877 0.004775 0.010832 0.007617 0.000000 0.002698 0.002958 0.002630 0.009062 0.000000 0.007169 0.001532 0.008171 0.000000 0.000000 0.000000 0.000502 0.000000 0.050109 0.070216 0.010632 0.048573 0.011838 0.010417 0.007688 0.009279 0.020768 0.013345 0.007656 0.017409 0.007998 0.010293 0.039354 0.009127 0.004208 0.000000 0.011308 0.003851 0.000000 0.000734 0.003701 0.000000 0.043106 0.045462 0.029248 0.025444 0.006847 0.009878 0.007766 0.005898 0.010302 0.009017 0.000000 0.007483 0.005945 0.004676 0.014585 0.002478 0.005503 0.000000 0.004226 0.000878 0.000000 0.000000 0.000000 0.000000 0.035896 0.060829 0.012012 0.039242 0.002988 0.011837 0.003959 0.005238 0.000000 0.000000 0.000000 0.004947 0.003037 0.002244 0.009700 0.000000 0.002188 0.000000 0.003684 0.000000 0.000000 0.000000 0.001726 0.000000 
0.029893 0.000000 0.063842 0.000000 0.035970 0.173751 0.000000 0.000000 0.000000 0.000000 0.000000 0.000009 0.000000 0.000000 0.000000 0.000000 0.000002 0.000000 0.000001 0.000000 0.000000 0.000000 0.000000 0.000000 0.000000 0.000000 0.000000 0.000000 0.129363 0.000000 0.000000 0.000000 0.000001 0.000000 0.000008 0.000001 0.000000 0.000000 0.000000 0.000000 0.104990 0.022907 0.000000 0.000001 0.000000 0.000000 0.000000 0.000000 0.000000 0.000001 0.000000 0.000000 0.115651 0.000000 0.000000 0.000000 0.000000 0.000000 0.000000 0.000010 0.000000 0.000000 0.000000 0.000000 0.000000 0.000000 0.000000 0.000004 0.000000 0.000000 0.035485 0.000000 0.000000 0.000001 0.042381 0.000001 0.088318 0.000000 0.000000 0.000000 0.141618 0.000000 0.000000 0.000038 0.000000 0.000000 0.000000 0.000000 0.000002 0.015750 0.000001 0.000001 0.000000 0.000000 0.000000 0.000000 
0.000000 0.000717 0.000000 0.008289 0.000815 0.000000 0.000000 0.000000 0.000000 0.003324 0.011184 0.004379 0.000000 0.000000 0.000000 0.000000 0.002632 0.005458 0.002604 0.003227 0.000000 0.003838 0.001409 0.014506 0.001545 0.000000 0.000000 0.015024 0.000000 0.000000 0.000000 0.000000 0.000000 0.001141 0.009396 0.001954 0.000000 0.000000 0.000000 0.000644 0.000000 0.002020 0.000000 0.001598 0.001863 0.001739 0.003312 0.019349 0.001144 0.001586 0.000000 0.009277 0.000000 0.000000 0.000000 0.000000 0.000000 0.015083 0.027837 0.015708 0.000000 0.000000 0.000000 0.000000 0.007844 0.010250 0.006669 0.011918 0.000000 0.002101 0.000859 0.002714 0.038656 0.011202 0.002757 0.322151 0.000000 0.000000 0.000000 0.000000 0.000000 0.016118 0.221634 0.036594 0.000000 0.000998 0.000000 0.002422 0.002987 0.009265 0.007047 0.009541 0.005319 0.010453 0.001928 0.065968 
0.099824 0.000000 0.000000 0.000000 0.000000 0.000000 0.000000 0.000000 0.000001 0.000000 0.000000 0.002444 0.000000 0.000000 0.000000 0.000000 0.000004 0.000000 0.047442 0.000000 0.000000 0.000000 0.000000 0.000000 0.000000 0.000000 0.000000 0.000000 0.000000 0.000000 0.000000 0.000000 0.000001 0.041543 0.000013 0.000001 0.000000 0.000000 0.000000 0.000000 0.000000 0.000002 0.000000 0.000001 0.000000 0.057910 0.000000 0.000000 0.000000 0.000001 0.000000 0.000000 0.000000 0.000000 0.000000 0.000000 0.000000 0.000000 0.010266 0.092763 0.000000 0.000000 0.000000 0.000000 0.000000 0.000000 0.000000 0.000006 0.000000 0.000000 0.000000 0.000000 0.000000 0.000002 0.000000 0.000001 0.000000 0.000000 0.000000 0.000000 0.000000 0.000000 0.425629 0.022578 0.000000 0.000000 0.000000 0.000000 0.055260 0.083243 0.000001 0.027949 0.033114 0.000000 0.000000 0.000000 
0.000000 0.000000 0.000000 0.000000 0.000000 0.000000 0.000000 0.000000 0.000000 0.019185 0.000000 0.004517 0.000807 0.000477 0.000000 0.002966 0.001165 0.000000 0.000717 0.001048 0.000000 0.000000 0.000000 0.000000 0.001056 0.000000 0.000000 0.001476 0.000000 0.000137 0.000000 0.000000 0.074709 0.103486 0.022482 0.081731 0.000000 0.001426 0.000365 0.001846 0.000997 0.000632 0.000000 0.004203 0.000000 0.000715 0.000958 0.000000 0.000000 0.000000 0.000000 0.000000 0.000000 0.000000 0.000000 0.000000 0.000000 0.021719 0.000000 0.016562 0.000000 0.000000 0.000431 0.000590 0.000000 0.000000 0.000000 0.007440 0.000000 0.000000 0.001912 0.000871 0.001402 0.002146 0.000000 0.001440 0.000000 0.001202 0.000000 0.000000 0.123060 0.293150 0.102339 0.081667 0.000617 0.001485 0.001145 0.005599 0.002181 0.001941 0.002035 0.000000 0.000000 0.000820 0.000000 0.001143 
0.000000 0.000000 0.000000 0.000000 0.049730 0.017263 0.012157 0.033997 0.008356 0.000000 0.000000 0.027314 0.000000 0.016815 0.000000 0.000000 0.056312 0.000000 0.019863 0.047230 0.000000 0.000000 0.020221 0.000000 0.000000 0.000000 0.000000 0.000000 0.028138 0.037096 0.017778 0.013620 0.000000 0.074195 0.000002 0.000000 0.000000 0.000000 0.028040 0.011998 0.000000 0.053600 0.042422 0.000000 0.000000 0.010964 0.000000 0.029187 0.000000 0.000000 0.000000 0.026018 0.019955 0.000000 0.000000 0.022430 0.000000 0.000000 0.000000 0.000002 0.023337 0.006640 0.021757 0.000000 0.000000 0.000000 0.000000 0.003194 0.000000 0.000000 0.017851 0.000000 0.000000 0.019265 0.000000 0.000000 0.000000 0.000000 0.000000 0.032295 0.000000 0.000000 0.000000 0.000950 0.000000 0.014886 0.000000 0.000000 0.013194 0.000000 0.020203 0.021934 0.000000 0.000000 0.022616 0.057174 
0.000000 0.000627 0.000000 0.000000 0.000000 0.000000 0.000397 0.000000 0.007916 0.002155 0.003165 0.002239 0.000000 0.000000 0.000000 0.000000 0.001069 0.000651 0.000000 0.001136 0.000000 0.000000 0.000000 0.000000 0.000734 0.000000 0.000000 0.000000 0.000000 0.000000 0.000000 0.000267 0.012239 0.000000 0.003689 0.006222 0.000000 0.000000 0.000000 0.000446 0.000000 0.000460 0.000000 0.000000 0.000000 0.000000 0.000000 0.000000 0.000000 0.000000 0.000000 0.000000 0.000000 0.000000 0.000000 0.000361 0.005824 0.001010 0.000000 0.002206 0.000000 0.000143 0.000000 0.000000 0.000000 0.000000 0.000000 0.000728 0.000000 0.000000 0.000000 0.000000 0.016075 0.005278 0.001755 0.012127 0.043190 0.000000 0.001750 0.071567 0.439080 0.074200 0.042786 0.238504 0.000000 0.000000 0.000000 0.000000 0.000000 0.000000 0.000000 0.000000 0.000000 0.000000 0.000000 0.000000 
0.007770 0.008043 0.002829 0.003977 0.000000 0.000000 0.000000 0.000000 0.036753 0.013937 0.252166 0.012828 0.003710 0.001694 0.000000 0.008304 0.012867 0.005429 0.004536 0.008066 0.000000 0.001551 0.000000 0.003478 0.005013 0.000000 0.000000 0.000000 0.000000 0.000000 0.000000 0.000000 0.018831 0.016792 0.127209 0.012257 0.000000 0.000000 0.000000 0.000000 0.000000 0.006067 0.000000 0.003576 0.000000 0.000000 0.000000 0.000000 0.006772 0.004016 0.000000 0.000000 0.000000 0.001409 0.000000 0.000000 0.022134 0.023562 0.135021 0.008692 0.000000 0.000000 0.000000 0.000000 0.011034 0.007019 0.000000 0.012584 0.000000 0.000000 0.000000 0.000000 0.013118 0.012573 0.001403 0.015807 0.002039 0.000000 0.000000 0.004550 0.011016 0.000000 0.093782 0.010239 0.005987 0.000000 0.000000 0.000000 0.006479 0.000000 0.009617 0.003466 0.000000 0.000000 0.000000 0.000000 
0.000000 0.000000 0.000000 0.000000 0.000000 0.000000 0.000000 0.000000 0.000001 0.000001 0.000000 0.000016 0.000000 0.000000 0.048316 0.000000 0.000004 0.000000 0.000002 0.000000 0.000000 0.000000 0.009565 0.000000 0.000000 0.000000 0.000000 0.000000 0.024388 0.000000 0.000000 0.000000 0.000001 0.000000 0.000015 0.000002 0.000000 0.000000 0.000000 0.000000 0.000000 0.000002 0.046186 0.000001 0.000000 0.000000 0.000000 0.110879 0.000000 0.000001 0.000000 0.000000 0.000000 0.025543 0.000000 0.000000 0.000000 0.000000 0.000000 0.000018 0.000000 0.000000 0.000000 0.000000 0.000000 0.000000 0.060176 0.000007 0.000000 0.000000 0.000000 0.000000 0.000000 0.000002 0.035056 0.000001 0.000000 0.000000 0.000000 0.000000 0.000000 0.000000 0.000000 0.430700 0.000000 0.000000 0.000000 0.000000 0.000003 0.000000 0.000001 0.156757 0.000000 0.000000 0.052354 0.000000 
0.000000 0.000000 0.000000 0.000000 0.000000 0.011047 0.001397 0.008769 0.031890 0.023304 0.026337 0.012588 0.006233 0.001455 0.016619 0.008476 0.059435 0.026978 0.049826 0.033230 0.000000 0.004325 0.000000 0.000000 0.000000 0.000000 0.006688 0.000000 0.000000 0.000000 0.000000 0.008712 0.036231 0.000000 0.021591 0.020819 0.000000 0.000000 0.000000 0.000000 0.036120 0.000000 0.027676 0.033198 0.000000 0.000000 0.009986 0.007582 0.014512 0.010070 0.006110 0.000000 0.003397 0.009344 0.000000 0.000000 0.043360 0.035715 0.021169 0.038176 0.002914 0.000000 0.000000 0.000000 0.034919 0.019195 0.030736 0.024633 0.003833 0.000000 0.000000 0.000000 0.007521 0.006803 0.007704 0.011793 0.000000 0.013822 0.003058 0.000000 0.000000 0.000000 0.000000 0.003106 0.007647 0.000000 0.008122 0.000000 0.030254 0.025808 0.018802 0.019726 0.000000 0.007241 0.000000 0.000000 
0.000000 0.000000 0.000000 0.000000 0.000000 0.001595 0.000000 0.002151 0.036426 0.020833 0.094074 0.018320 0.000000 0.000000 0.000000 0.001357 0.000000 0.007998 0.027024 0.000000 0.000000 0.002572 0.001233 0.003138 0.000000 0.025916 0.000000 0.047694 0.000000 0.000000 0.000000 0.000000 0.006826 0.006836 0.083679 0.006822 0.000000 0.001639 0.000000 0.000000 0.008127 0.004000 0.029406 0.003986 0.000000 0.000000 0.000000 0.003241 0.002368 0.002885 0.002326 0.008755 0.000000 0.002796 0.000000 0.001763 0.082493 0.094357 0.151709 0.062925 0.000000 0.000000 0.000000 0.000868 0.015965 0.003097 0.013808 0.004728 0.000000 0.001687 0.001193 0.000000 0.000000 0.000000 0.000000 0.007194 0.000000 0.000000 0.000000 0.000000 0.000000 0.000000 0.046249 0.003979 0.000000 0.000000 0.000000 0.000000 0.007823 0.004644 0.010895 0.003718 0.001727 0.002432 0.001261 0.011464 
0.042114 0.031110 0.000000 0.032547 0.008758 0.000000 0.000000 0.009075 0.021174 0.006811 0.020407 0.024497 0.016515 0.015425 0.016499 0.025213 0.017789 0.008759 0.011627 0.024647 0.004501 0.000708 0.006802 0.004554 0.034063 0.024109 0.000000 0.032390 0.000000 0.005289 0.000000 0.008551 0.003125 0.000000 0.005968 0.020117 0.013734 0.020084 0.018414 0.027259 0.004069 0.010500 0.000000 0.013449 0.002641 0.001603 0.007539 0.004765 0.025328 0.017039 0.000000 0.021801 0.000000 0.003458 0.000000 0.006763 0.000000 0.000000 0.012284 0.005713 0.008837 0.008415 0.009888 0.016004 0.006804 0.006448 0.006510 0.009461 0.000883 0.000000 0.006752 0.006464 0.031096 0.019600 0.000000 0.037728 0.000000 0.003970 0.000000 0.000000 0.000000 0.000000 0.000000 0.010973 0.017822 0.013733 0.008822 0.033620 0.005623 0.007690 0.000000 0.010266 0.002968 0.002127 0.007910 0.000000 
0.000000 0.015839 0.000000 0.000000 0.000000 0.000000 0.000000 0.033933 0.033474 0.000001 0.000000 0.040825 0.000000 0.000000 0.000000 0.000000 0.014392 0.000000 0.000002 0.000000 0.000000 0.000000 0.000000 0.028165 0.000000 0.000000 0.000000 0.000000 0.000000 0.000000 0.000000 0.000000 0.000001 0.000000 0.000014 0.012590 0.000000 0.000000 0.016630 0.000000 0.043581 0.000002 0.000000 0.000001 0.000000 0.000000 0.000000 0.000000 0.000000 0.000001 0.000000 0.000000 0.000000 0.000000 0.000000 0.000000 0.071871 0.000000 0.000000 0.065415 0.000000 0.000000 0.000000 0.000000 0.000000 0.000000 0.000000 0.000006 0.000000 0.000000 0.000000 0.000000 0.000000 0.077447 0.061709 0.000001 0.000000 0.000000 0.000000 0.068239 0.349965 0.000000 0.000000 0.045937 0.000000 0.000000 0.000000 0.000000 0.019953 0.000000 0.000001 0.000001 0.000000 0.000000 0.000000 0.000000 
0.009646 0.011153 0.003879 0.005477 0.034575 0.022920 0.007901 0.036560 0.018966 0.009598 0.000000 0.008861 0.002866 0.000000 0.000000 0.000000 0.006505 0.010797 0.010766 0.012362 0.000000 0.001104 0.010612 0.009258 0.010126 0.011792 0.004799 0.002203 0.032274 0.018743 0.005526 0.040060 0.017466 0.000000 0.001771 0.010356 0.003518 0.010777 0.006216 0.010723 0.010234 0.014788 0.014606 0.009824 0.000000 0.009910 0.014850 0.006192 0.000000 0.007416 0.000000 0.006001 0.023419 0.016643 0.003899 0.028086 0.032228 0.016417 0.000000 0.013855 0.000000 0.002887 0.006327 0.003746 0.008492 0.008311 0.006848 0.003862 0.006921 0.008360 0.025430 0.005201 0.000000 0.016792 0.000000 0.000000 0.030051 0.037945 0.004218 0.057291 0.009610 0.000000 0.000000 0.001940 0.000000 0.008380 0.006276 0.000000 0.011875 0.014897 0.012445 0.009978 0.000000 0.009233 0.012902 0.021258 
0.000000 0.000000 0.000000 0.000000 0.000000 0.000000 0.000000 0.000000 0.000001 0.000001 0.000000 0.000018 0.000000 0.000000 0.063285 0.000000 0.000005 0.000000 0.000002 0.000001 0.000000 0.000000 0.000000 0.000000 0.000000 0.000000 0.000000 0.000000 0.000000 0.000000 0.092233 0.000000 0.489311 0.000001 0.000017 0.000002 0.000000 0.000000 0.000000 0.000000 0.000000 0.000003 0.000001 0.074133 0.000000 0.000000 0.000000 0.000000 0.000000 0.046920 0.000000 0.057572 0.000000 0.047238 0.000000 0.000000 0.000000 0.000000 0.000000 0.000022 0.000000 0.000000 0.000000 0.000000 0.066919 0.000000 0.000000 0.062233 0.000000 0.000000 0.000000 0.000000 0.000000 0.000002 0.000000 0.000001 0.000000 0.000000 0.000000 0.000000 0.000000 0.000000 0.000000 0.000073 0.000000 0.000000 0.000000 0.000000 0.000004 0.000000 0.000002 0.000002 0.000000 0.000000 0.000000 0.000000 
0.000000 0.007097 0.000000 0.000000 0.008637 0.000000 0.000000 0.000000 0.000000 0.000000 0.116562 0.000002 0.000000 0.016618 0.000000 0.020619 0.042734 0.000000 0.000000 0.014112 0.000000 0.000000 0.000000 0.000000 0.057298 0.006363 0.058224 0.110635 0.000000 0.000000 0.000000 0.000000 0.000000 0.013356 0.157181 0.000000 0.000000 0.000000 0.000000 0.000000 0.000000 0.000000 0.032403 0.000000 0.000000 0.024822 0.029484 0.039148 0.000000 0.015321 0.000000 0.004866 0.000000 0.000000 0.000000 0.000000 0.000000 0.000000 0.097984 0.011884 0.000000 0.011713 0.000000 0.000000 0.000000 0.022691 0.000000 0.000001 0.000000 0.000000 0.000000 0.018214 0.000000 0.007377 0.005285 0.000000 0.000000 0.000000 0.000000 0.000000 0.037130 0.000000 0.000000 0.000010 0.000000 0.000000 0.000000 0.000000 0.000000 0.000000 0.012228 0.000000 0.000000 0.000000 0.000000 0.000000 
0.000000 0.091016 0.000000 0.070841 0.000000 0.000000 0.000000 0.000000 0.000000 0.000000 0.013392 0.000005 0.000000 0.000000 0.010752 0.027807 0.000001 0.000000 0.000000 0.000000 0.000000 0.000000 0.033930 0.000000 0.000000 0.000000 0.000000 0.000000 0.061716 0.004640 0.000000 0.000000 0.000000 0.027708 0.022153 0.000001 0.000000 0.000000 0.000000 0.030609 0.000000 0.029913 0.090080 0.000000 0.000000 0.000000 0.000000 0.000000 0.000000 0.000000 0.000000 0.061411 0.000000 0.000000 0.000000 0.000000 0.000000 0.000000 0.000000 0.000005 0.000000 0.005387 0.000000 0.086133 0.000000 0.000000 0.000000 0.000002 0.000000 0.010243 0.000000 0.000000 0.000000 0.000001 0.000000 0.021104 0.049694 0.000000 0.000000 0.093037 0.000000 0.000000 0.000000 0.027577 0.000000 0.010851 0.000000 0.000000 0.000001 0.000000 0.000001 0.000000 0.000000 0.000000 0.000000 0.119988 
0.002480 0.000000 0.000000 0.000000 0.002427 0.001952 0.000000 0.002805 0.004094 0.003697 0.004355 0.001552 0.013948 0.000000 0.005106 0.017914 0.027664 0.011014 0.022364 0.026811 0.045871 0.007977 0.004798 0.025806 0.002913 0.000000 0.000000 0.000000 0.000000 0.000000 0.000000 0.002066 0.008228 0.005874 0.002613 0.001642 0.003313 0.000000 0.000000 0.000000 0.020016 0.012114 0.019925 0.037488 0.030569 0.008359 0.016900 0.070663 0.008234 0.006674 0.000000 0.003110 0.000000 0.001281 0.000000 0.003829 0.007483 0.005699 0.000000 0.011877 0.000000 0.001899 0.000000 0.000000 0.010780 0.011428 0.011809 0.013011 0.010035 0.000000 0.003926 0.025180 0.019597 0.000000 0.000000 0.033421 0.002113 0.000000 0.000000 0.005709 0.000000 0.000000 0.000000 0.006602 0.024876 0.000000 0.016798 0.009394 0.020071 0.016581 0.013447 0.043378 0.076398 0.010690 0.010220 0.079133 
0.068365 0.000000 0.089295 0.000000 0.000000 0.000000 0.000000 0.019049 0.000000 0.000000 0.000000 0.044692 0.000000 0.000000 0.000000 0.000000 0.000003 0.000000 0.000001 0.000000 0.000000 0.000000 0.038309 0.000000 0.000000 0.000000 0.000000 0.000000 0.056061 0.000000 0.000000 0.000000 0.000001 0.000000 0.003338 0.000001 0.000000 0.000000 0.000000 0.000000 0.000000 0.049019 0.044896 0.038087 0.000000 0.037239 0.000000 0.000000 0.000000 0.036517 0.000000 0.000000 0.000000 0.000000 0.000000 0.000000 0.000000 0.000000 0.000000 0.000013 0.000000 0.000000 0.000000 0.000000 0.000000 0.000000 0.000000 0.075357 0.000000 0.000000 0.000000 0.000000 0.000000 0.000001 0.045924 0.000001 0.000000 0.000000 0.000000 0.000000 0.000000 0.000000 0.000000 0.000047 0.000000 0.000000 0.000000 0.000000 0.000002 0.000000 0.089758 0.163228 0.000000 0.015882 0.000000 0.084911 
0.000005 0.000000 0.000000 0.010557 0.177388 0.000000 0.000000 0.476236 0.000000 0.059013 0.047960 0.098141 0.000000 0.000000 0.006121 0.000000 0.022368 0.102212 0.000000 
0.425285 0.000000 0.000000 0.000000 0.052205 0.000000 0.102973 0.155631 0.000000 0.000000 0.023634 0.186517 0.000000 0.000000 0.000000 0.021150 0.000000 0.032606 0.000000 
0.052082 0.000000 0.000000 0.000000 0.315314 0.040285 0.000000 0.028008 0.000000 0.126594 0.000000 0.160097 0.000000 0.055209 0.000000 0.000000 0.000000 0.222410 0.000000 
0.182064 0.000000 0.000000 0.038978 0.033681 0.019877 0.000000 0.476625 0.000000 0.059495 0.076241 0.096286 0.000000 0.000000 0.000000 0.000000 0.000000 0.016752 0.000000 
0.195473 0.000000 0.000000 0.000000 0.047134 0.041730 0.000000 0.314851 0.000000 0.064773 0.104825 0.150951 0.000000 0.053356 0.000000 0.000000 0.014310 0.012597 0.000000 
0.023502 0.000000 0.000000 0.000000 0.061648 0.011051 0.000000 0.226340 0.000000 0.000000 0.509198 0.090826 0.000000 0.000000 0.000000 0.055560 0.000000 0.021874 0.000000 
0.000006 0.000000 0.536425 0.000000 0.036993 0.000000 0.000000 0.000000 0.000000 0.000000 0.242288 0.046222 0.000000 0.025206 0.000000 0.096864 0.015996 0.000000 0.000000 
0.033759 0.013247 0.015416 0.000000 0.449771 0.048516 0.000000 0.192085 0.000000 0.088225 0.050407 0.108573 0.000000 0.000000 0.000000 0.000000 0.000000 0.000000 0.000000 
0.000005 0.008522 0.033889 0.000000 0.005003 0.035807 0.368377 0.178624 0.000000 0.000000 0.046792 0.304450 0.000000 0.000000 0.000000 0.007591 0.000000 0.000000 0.010939 
0.012530 0.000000 0.000000 0.027276 0.071762 0.000000 0.415424 0.297296 0.000000 0.040804 0.027210 0.057488 0.000000 0.050210 0.000000 0.000000 0.000000 0.000000 0.000000 
0.038761 0.000000 0.000000 0.019065 0.792724 0.000000 0.000000 0.000000 0.000000 0.000000 0.000000 0.107831 0.018860 0.000000 0.000000 0.000000 0.000000 0.022760 0.000000 
0.209728 0.000000 0.340739 0.000000 0.033023 0.000000 0.000000 0.000000 0.000000 0.000000 0.000000 0.147692 0.000000 0.000000 0.000000 0.000000 0.000000 0.233469 0.035348 
0.025749 0.000000 0.000000 0.000000 0.041445 0.000000 0.000000 0.040108 0.018323 0.000000 0.490954 0.226228 0.035779 0.000000 0.000000 0.081674 0.039740 0.000000 0.000000 
0.000005 0.000000 0.535601 0.000000 0.064548 0.030440 0.000000 0.000000 0.000000 0.000000 0.000000 0.192950 0.000000 0.176455 0.000000 0.000000 0.000000 0.000000 0.000000 
0.327231 0.010615 0.026360 0.000000 0.018640 0.000000 0.007242 0.089591 0.000000 0.000000 0.000000 0.452268 0.000000 0.057914 0.010139 0.000000 0.000000 0.000000 0.000000 
0.000005 0.000000 0.000000 0.013974 0.579803 0.000000 0.000000 0.274692 0.022947 0.000000 0.039061 0.056485 0.000000 0.000000 0.000000 0.000000 0.013033 0.000000 0.000000 
0.000006 0.000000 0.695612 0.000000 0.016397 0.000000 0.000000 0.000000 0.000000 0.000000 0.000000 0.128786 0.000000 0.081448 0.000000 0.000000 0.000000 0.077750 0.000000 
0.268402 0.000000 0.000000 0.000000 0.065615 0.078520 0.000000 0.000000 0.000000 0.000000 0.106710 0.228099 0.000000 0.036417 0.000000 0.056520 0.000000 0.159718 0.000000 
0.000005 0.000000 0.019119 0.000000 0.799570 0.038266 0.000000 0.000000 0.020673 0.075018 0.000000 0.047349 0.000000 0.000000 0.000000 0.000000 0.000000 0.000000 0.000000 
0.000006 0.000000 0.944726 0.000000 0.007371 0.000000 0.000000 0.000000 0.000000 0.000000 0.000000 0.006293 0.000000 0.013437 0.000000 0.028166 0.000000 0.000000 0.000000 
0.000005 0.000000 0.068639 0.000000 0.053419 0.026797 0.109812 0.000000 0.000000 0.000000 0.000000 0.304974 0.000000 0.391843 0.014741 0.000000 0.000000 0.008722 0.021047 
0.000005 0.000000 0.000000 0.000000 0.622931 0.000000 0.000000 0.045460 0.000000 0.000000 0.000000 0.103068 0.000000 0.113753 0.000000 0.021027 0.000000 0.093755 0.000000 
0.032351 0.000000 0.477684 0.000000 0.065541 0.000000 0.058627 0.013414 0.000000 0.000000 0.000000 0.232144 0.000000 0.034426 0.000000 0.000000 0.012521 0.073292 0.000000 
0.020522 0.000000 0.000000 0.000000 0.055281 0.017164 0.067770 0.560543 0.000000 0.000000 0.134899 0.087373 0.000000 0.000000 0.015427 0.000000 0.000000 0.015634 0.025386 
0.058306 0.000000 0.013918 0.000000 0.036316 0.051828 0.120912 0.000000 0.000000 0.000000 0.000000 0.304826 0.000000 0.368128 0.000000 0.000000 0.000000 0.045764 0.000000 
0.000005 0.000000 0.000000 0.000000 0.049392 0.000000 0.908356 0.000000 0.000000 0.000000 0.000000 0.017058 0.000000 0.019462 0.000000 0.000000 0.004137 0.001589 0.000000 
0.127114 0.000000 0.000000 0.000000 0.216756 0.000000 0.088630 0.349836 0.000000 0.000000 0.136983 0.047885 0.000000 0.032796 0.000000 0.000000 0.000000 0.000000 0.000000 
0.135540 0.000000 0.018929 0.000000 0.042775 0.069796 0.007782 0.010969 0.000000 0.219940 0.000000 0.366474 0.000000 0.112722 0.000000 0.000000 0.000000 0.000000 0.015073 
0.019481 0.011407 0.000000 0.000000 0.026334 0.023934 0.000000 0.000000 0.000000 0.000000 0.000000 0.492534 0.000000 0.396155 0.000000 0.000000 0.000000 0.030153 0.000000 
0.000006 0.000000 0.000000 0.000000 0.246735 0.025796 0.000000 0.443972 0.000000 0.048586 0.128231 0.098113 0.000000 0.000000 0.000000 0.000000 0.008562 0.000000 0.000000 
0.759380 0.000000 0.000000 0.009484 0.025368 0.000000 0.000000 0.000000 0.000000 0.000000 0.065236 0.140532 0.000000 0.000000 0.000000 0.000000 0.000000 0.000000 0.000000 
0.000006 0.024939 0.016218 0.000000 0.034224 0.000000 0.000000 0.000000 0.000000 0.054715 0.000000 0.566817 0.000000 0.000000 0.000000 0.000000 0.048491 0.254589 0.000000 
0.004340 0.000000 0.240257 0.000000 0.028699 0.000000 0.000000 0.000000 0.000000 0.000000 0.307526 0.141441 0.000000 0.014592 0.000000 0.087201 0.000000 0.175944 0.000000 
0.206302 0.000000 0.000000 0.000000 0.068510 0.088622 0.000000 0.153053 0.008132 0.173399 0.177708 0.108181 0.000000 0.000000 0.000000 0.000000 0.000000 0.016094 0.000000 
0.088374 0.008463 0.029599 0.000000 0.074011 0.087368 0.000000 0.000000 0.000000 0.313551 0.000000 0.283843 0.000000 0.058418 0.000000 0.000000 0.000000 0.056373 0.000000 
0.000005 0.000000 0.636629 0.000000 0.046956 0.022962 0.000000 0.000000 0.000000 0.000000 0.000000 0.149595 0.000000 0.135682 0.008170 0.000000 0.000000 0.000000 0.000000 
0.046313 0.010162 0.000000 0.000000 0.162973 0.036476 0.000000 0.016037 0.000000 0.041940 0.000000 0.645711 0.000000 0.000000 0.000000 0.000000 0.040388 0.000000 0.000000 
0.286917 0.000000 0.000000 0.000000 0.542881 0.000000 0.024932 0.000000 0.000000 0.000000 0.000000 0.112748 0.000000 0.000000 0.000000 0.000000 0.022026 0.000000 0.010495 
0.184383 0.000000 0.000000 0.006046 0.058501 0.099744 0.096723 0.000000 0.000000 0.242188 0.000000 0.212805 0.000000 0.050219 0.000000 0.000000 0.000000 0.030465 0.018925 
0.047962 0.000000 0.000000 0.000000 0.253632 0.019182 0.275000 0.253791 0.000000 0.050035 0.060409 0.020826 0.000000 0.000000 0.000000 0.000000 0.019162 0.000000 0.000000 
0.000005 0.004305 0.208935 0.000000 0.019163 0.021651 0.000000 0.000000 0.000000 0.000000 0.000000 0.237151 0.000000 0.027134 0.000000 0.035273 0.000000 0.446382 0.000000 
0.026394 0.000000 0.138320 0.000000 0.274739 0.000000 0.000000 0.000000 0.000000 0.130850 0.000000 0.229143 0.000000 0.164734 0.000000 0.000000 0.000000 0.017234 0.018585 
0.587690 0.000000 0.000000 0.000000 0.044544 0.000000 0.000000 0.000000 0.000000 0.067555 0.000000 0.216985 0.000000 0.031045 0.000000 0.017606 0.000000 0.034574 0.000000 
0.088945 0.000000 0.000000 0.000000 0.323303 0.000000 0.442853 0.019154 0.000000 0.000000 0.055588 0.070157 0.000000 0.000000 0.000000 0.000000 0.000000 0.000000 0.000000 
0.190142 0.000000 0.000000 0.000000 0.020345 0.000000 0.000000 0.000000 0.000000 0.000000 0.527361 0.134977 0.000000 0.048216 0.000000 0.058235 0.000000 0.020723 0.000000 
0.057961 0.010792 0.000000 0.000000 0.128355 0.000000 0.351324 0.000000 0.000000 0.000000 0.000000 0.370063 0.000000 0.000000 0.000000 0.000000 0.027330 0.054174 0.000000 
0.000005 0.000000 0.068933 0.000000 0.031722 0.000000 0.000000 0.064262 0.000000 0.000000 0.000000 0.246560 0.000000 0.037069 0.000000 0.000000 0.000000 0.551448 0.000000 
0.523779 0.000000 0.000000 0.000000 0.036683 0.058628 0.000000 0.000000 0.000000 0.000000 0.000000 0.210431 0.000000 0.170479 0.000000 0.000000 0.000000 0.000000 0.000000 
0.000005 0.000000 0.000000 0.000000 0.737029 0.000000 0.243483 0.000000 0.008180 0.000000 0.000001 0.011303 0.000000 0.000000 0.000000 0.000000 0.000000 0.000000 0.000000 
0.098466 0.000000 0.000000 0.000000 0.041552 0.010970 0.690110 0.014192 0.017618 0.000000 0.000000 0.090640 0.018923 0.000000 0.000000 0.000000 0.000000 0.017529 0.000000 
0.000005 0.024662 0.029891 0.000000 0.021733 0.000000 0.000000 0.000000 0.000000 0.000000 0.028150 0.834443 0.000000 0.000000 0.000000 0.000000 0.048509 0.000000 0.012607 
0.057592 0.000000 0.000000 0.000000 0.114636 0.000000 0.000000 0.000000 0.000000 0.000000 0.000000 0.297579 0.000000 0.469792 0.011447 0.000000 0.000000 0.048955 0.000000 
0.005740 0.000000 0.864340 0.000000 0.017346 0.018658 0.000000 0.085264 0.000000 0.000000 0.000000 0.008652 0.000000 0.000000 0.000000 0.000000 0.000000 0.000000 0.000000 
0.179794 0.004907 0.628777 0.000000 0.138316 0.000000 0.000000 0.000000 0.000000 0.000000 0.000000 0.034684 0.000000 0.000000 0.000000 0.000000 0.013522 0.000000 0.000000 
0.034856 0.000000 0.403934 0.000000 0.084175 0.000000 0.000000 0.332592 0.000000 0.000000 0.068719 0.049686 0.000000 0.026039 0.000000 0.000000 0.000000 0.000000 0.000000 
0.018018 0.009430 0.013073 0.000000 0.063456 0.000000 0.000000 0.000000 0.000000 0.086002 0.000000 0.695555 0.000000 0.052796 0.000000 0.000000 0.036952 0.024717 0.000000 
0.023198 0.000000 0.000000 0.000000 0.153004 0.000000 0.163025 0.000000 0.000000 0.000000 0.512671 0.028727 0.023011 0.000000 0.000000 0.085890 0.000000 0.010474 0.000000 
0.010216 0.000000 0.000000 0.009197 0.109125 0.000000 0.550338 0.207784 0.009006 0.000000 0.049285 0.031811 0.023239 0.000000 0.000000 0.000000 0.000000 0.000000 0.000000 
0.000005 0.017094 0.000000 0.000000 0.560329 0.041942 0.000000 0.000000 0.000000 0.128551 0.056163 0.137358 0.000000 0.000000 0.000000 0.019248 0.016229 0.023081 0.000000 
0.000005 0.000000 0.000000 0.000000 0.061470 0.083778 0.011901 0.000000 0.000000 0.366478 0.000000 0.391271 0.000000 0.027952 0.000000 0.000000 0.029062 0.000000 0.028083 
0.169662 0.000000 0.000000 0.000000 0.013791 0.016403 0.000000 0.035612 0.000000 0.000000 0.369653 0.165313 0.000000 0.000000 0.000000 0.070430 0.000000 0.159136 0.000000 
0.033883 0.017819 0.015934 0.000000 0.015786 0.022367 0.000000 0.000000 0.000000 0.000000 0.019110 0.744555 0.000000 0.059509 0.000000 0.000000 0.045457 0.025580 0.000000 
0.024312 0.000000 0.128537 0.026957 0.398435 0.021055 0.000000 0.000000 0.000000 0.000000 0.034029 0.155725 0.000000 0.190553 0.000000 0.000000 0.000000 0.000000 0.020397 
0.000006 0.018000 0.000000 0.000000 0.080861 0.092544 0.000000 0.000000 0.000000 0.378835 0.000000 0.330802 0.000000 0.078979 0.000000 0.000000 0.000000 0.019973 0.000000 
0.000005 0.022198 0.072382 0.000000 0.019450 0.000000 0.000000 0.000000 0.000000 0.000000 0.000000 0.778156 0.000000 0.059778 0.000000 0.016648 0.031382 0.000000 0.000000 
0.853686 0.000000 0.000000 0.000000 0.020710 0.000000 0.000000 0.000000 0.000000 0.000000 0.000000 0.103547 0.000000 0.000000 0.017246 0.000000 0.004810 0.000000 0.000000 
0.078679 0.000000 0.000000 0.000000 0.198473 0.000000 0.000000 0.000000 0.000000 0.000000 0.588595 0.013365 0.000000 0.000000 0.000000 0.120888 0.000000 0.000000 0.000000 
0.000005 0.000000 0.567816 0.000000 0.201810 0.000000 0.000000 0.072204 0.000000 0.080256 0.000000 0.054248 0.000000 0.000000 0.000000 0.000000 0.000000 0.000000 0.023660 
0.000005 0.014539 0.000000 0.000000 0.220554 0.036940 0.000000 0.000000 0.011617 0.189490 0.214867 0.224826 0.000000 0.032521 0.000000 0.054640 0.000000 0.000000 0.000000 
0.565792 0.000000 0.000000 0.000000 0.043126 0.000000 0.000000 0.000000 0.000000 0.031186 0.000000 0.240128 0.000000 0.053391 0.000000 0.066376 0.000000 0.000000 0.000000 
0.088945 0.000000 0.000000 0.000000 0.049877 0.080652 0.451514 0.000000 0.000000 0.077145 0.011529 0.165813 0.000000 0.074525 0.000000 0.000000 0.000000 0.000000 0.000000 
0.012580 0.000000 0.000000 0.000000 0.853381 0.045115 0.029715 0.000000 0.013256 0.000000 0.000000 0.045953 0.000000 0.000000 0.000000 0.000000 0.000000 0.000000 0.000000 
0.000005 0.000000 0.047853 0.015015 0.068948 0.000000 0.000000 0.506321 0.000000 0.000000 0.250351 0.079069 0.000000 0.032438 0.000000 0.000000 0.000000 0.000000 0.000000 
0.000005 0.000000 0.098991 0.031648 0.105231 0.000000 0.042519 0.450245 0.000000 0.081707 0.097021 0.092633 0.000000 0.000000 0.000000 0.000000 0.000000 0.000000 0.000000 
0.266329 0.000000 0.016044 0.000000 0.035022 0.044423 0.000000 0.039980 0.000000 0.058264 0.000000 0.300174 0.000000 0.204558 0.000000 0.000000 0.000000 0.035204 0.000000 
0.010951 0.000000 0.626875 0.011512 0.093648 0.000000 0.000000 0.000000 0.000000 0.000000 0.126582 0.085886 0.000000 0.000000 0.000000 0.009562 0.000000 0.034983 0.000000 
0.148618 0.000000 0.022905 0.000000 0.037576 0.000000 0.318485 0.259281 0.000000 0.000000 0.026945 0.061210 0.025605 0.044181 0.000000 0.036938 0.000000 0.018255 0.000000 
0.027380 0.000000 0.018087 0.000000 0.061824 0.000000 0.000000 0.000000 0.000000 0.000000 0.000000 0.385794 0.000000 0.443035 0.000000 0.022665 0.000000 0.041214 0.000000 
0.025268 0.003534 0.000000 0.000000 0.597348 0.000000 0.000000 0.000000 0.014146 0.000000 0.020473 0.325407 0.000000 0.000000 0.000000 0.000000 0.013823 0.000000 0.000000 
0.016431 0.009218 0.026422 0.000000 0.028764 0.000000 0.000000 0.018012 0.014390 0.000000 0.000000 0.612691 0.000000 0.035473 0.000000 0.000000 0.010868 0.227731 0.000000 
0.076982 0.000000 0.220673 0.000000 0.047821 0.000000 0.301887 0.070581 0.000000 0.102348 0.037534 0.086935 0.000000 0.021178 0.000000 0.000000 0.015559 0.018503 0.000000 
0.000005 0.000000 0.000000 0.000000 0.078236 0.000000 0.000000 0.185742 0.000000 0.000000 0.011409 0.332715 0.000000 0.354319 0.000000 0.000000 0.000000 0.037574 0.000000 
0.000005 0.000000 0.000000 0.000000 0.032032 0.000000 0.000000 0.060762 0.013265 0.000000 0.000000 0.223854 0.000000 0.000000 0.000000 0.000000 0.000000 0.660993 0.009089 
0.000005 0.000000 0.000000 0.000000 0.777405 0.000000 0.021720 0.052487 0.010444 0.050334 0.000000 0.061377 0.000000 0.000000 0.005585 0.020641 0.000000 0.000000 0.000000 
0.000005 0.000000 0.000000 0.000000 0.039907 0.000000 0.318262 0.018665 0.016957 0.000000 0.055605 0.195698 0.000000 0.020174 0.000000 0.000000 0.000000 0.334727 0.000000 
0.557773 0.000000 0.000000 0.000000 0.038573 0.000000 0.000000 0.228823 0.000000 0.026006 0.043967 0.079599 0.014855 0.000000 0.000000 0.000000 0.000000 0.010404 0.000000 
0.000006 0.000000 0.035211 0.000000 0.051765 0.128879 0.000000 0.000000 0.000000 0.175784 0.042499 0.281623 0.000000 0.199497 0.000000 0.032718 0.000000 0.039323 0.012694 
0.000005 0.010038 0.000000 0.000000 0.048434 0.026279 0.000000 0.027626 0.000000 0.090985 0.030372 0.251428 0.000000 0.055923 0.000000 0.000000 0.000000 0.458909 0.000000 
0.027571 0.000000 0.023326 0.000000 0.025240 0.000000 0.000000 0.151549 0.000000 0.000000 0.054868 0.614082 0.000000 0.062246 0.000000 0.000000 0.021559 0.019558 0.000000 
0.003398 0.000000 0.000000 0.000000 0.643477 0.000000 0.169146 0.000000 0.000000 0.000000 0.139940 0.019340 0.000000 0.000000 0.000000 0.024699 0.000000 0.000000 0.000000 
0.000005 0.010404 0.029759 0.000000 0.063364 0.024510 0.000000 0.000000 0.000000 0.159921 0.026426 0.234890 0.000000 0.000000 0.000000 0.000000 0.019944 0.418672 0.012104 
0.849542 0.000000 0.000000 0.000000 0.023643 0.000000 0.000000 0.000000 0.000000 0.000000 0.005354 0.071117 0.000000 0.039145 0.000000 0.000000 0.000000 0.000000 0.011199 
0.000005 0.032364 0.032534 0.000000 0.042923 0.055818 0.000000 0.000000 0.000000 0.154132 0.000000 0.623986 0.000000 0.000000 0.006950 0.000000 0.039502 0.011785 0.000000 
0.000005 0.000000 0.082702 0.000000 0.649229 0.000000 0.000000 0.049300 0.000000 0.000000 0.042408 0.044787 0.000000 0.000000 0.015997 0.000000 0.000000 0.115572 0.000000 
0.077269 0.000000 0.057432 0.000000 0.539879 0.030958 0.000000 0.020129 0.009603 0.123027 0.000000 0.115340 0.000000 0.000000 0.000000 0.000000 0.015452 0.010911 0.000000 
0.131516 0.000000 0.373878 0.000000 0.085609 0.000000 0.000000 0.000000 0.000000 0.000000 0.000000 0.153598 0.000000 0.013918 0.000000 0.000000 0.000000 0.204526 0.036956 
0.018446 0.026724 0.000000 0.000000 0.024306 0.000000 0.000000 0.000000 0.000000 0.000000 0.000000 0.827452 0.000000 0.020521 0.000000 0.000000 0.054036 0.000000 0.028515 
0.000005 0.000000 0.025725 0.000000 0.041966 0.000000 0.000000 0.280651 0.000000 0.000000 0.070667 0.336593 0.000000 0.173291 0.019475 0.028316 0.008819 0.014492 0.000000 
0.008505 0.000000 0.273847 0.000000 0.027135 0.000000 0.000000 0.000000 0.000000 0.000000 0.000000 0.338153 0.000000 0.235290 0.000000 0.000000 0.000000 0.117069 0.000000 
0.000005 0.000000 0.000000 0.000000 0.057787 0.046217 0.000000 0.452449 0.000000 0.124125 0.106964 0.176542 0.000000 0.000000 0.000000 0.000000 0.000000 0.035911 0.000000 
0.000005 0.012815 0.000000 0.015478 0.083670 0.000000 0.000000 0.000000 0.000000 0.026255 0.000000 0.746220 0.000000 0.033091 0.000000 0.018921 0.043397 0.000000 0.020146 
0.770262 0.000000 0.000000 0.000000 0.026834 0.029031 0.048196 0.013328 0.000000 0.000000 0.000000 0.112348 0.000000 0.000000 0.000000 0.000000 0.000000 0.000000 0.000000 
0.300818 0.000000 0.637708 0.000000 0.027933 0.000000 0.000000 0.000000 0.000000 0.000000 0.012733 0.020808 0.000000 0.000000 0.000000 0.000000 0.000000 0.000000 0.000000 
0.000005 0.000000 0.060991 0.000000 0.019002 0.000000 0.007235 0.000000 0.000000 0.000000 0.130336 0.223721 0.000000 0.015715 0.000000 0.000000 0.000000 0.535149 0.007846 
0.000005 0.000000 0.248960 0.000000 0.215859 0.000000 0.000000 0.000000 0.000000 0.000000 0.311820 0.113106 0.000000 0.000000 0.000000 0.096287 0.000000 0.000000 0.013963 
0.056090 0.022099 0.000000 0.000000 0.039474 0.042405 0.015809 0.000000 0.000000 0.000000 0.023604 0.785188 0.000000 0.000000 0.000000 0.000000 0.015330 0.000000 0.000000 
0.000006 0.000000 0.000000 0.012161 0.098758 0.000000 0.042502 0.575829 0.024766 0.062256 0.049846 0.103304 0.000000 0.000000 0.000000 0.000000 0.000000 0.030572 0.000000 
0.599206 0.000000 0.235385 0.021407 0.064891 0.000000 0.000000 0.000000 0.000000 0.000000 0.000000 0.047229 0.000000 0.000000 0.000000 0.000000 0.031881 0.000000 0.000000 
0.024005 0.017089 0.000000 0.000000 0.037027 0.000000 0.000000 0.350630 0.010067 0.000000 0.123818 0.196341 0.000000 0.000000 0.000000 0.000000 0.000000 0.241024 0.000000 
0.608017 0.000000 0.127619 0.000000 0.114506 0.000000 0.000000 0.000000 0.000000 0.000000 0.000000 0.109854 0.000000 0.000000 0.000000 0.000000 0.040004 0.000000 0.000000 
0.021067 0.019326 0.000000 0.000000 0.682893 0.060141 0.018167 0.000000 0.000000 0.083946 0.019445 0.079256 0.000000 0.000000 0.000000 0.000000 0.000000 0.015759 0.000000 
0.008759 0.000000 0.000000 0.000000 0.164740 0.000000 0.820290 0.005294 0.000000 0.000000 0.000000 0.000917 0.000000 0.000000 0.000000 0.000000 0.000000 0.000000 0.000000 
0.012759 0.000000 0.020943 0.000000 0.698861 0.048840 0.026182 0.000000 0.000000 0.118319 0.000000 0.041101 0.000000 0.000000 0.000000 0.008796 0.000000 0.024199 0.000000 
0.000006 0.011047 0.040955 0.000000 0.047262 0.000000 0.000000 0.000000 0.000000 0.000000 0.517676 0.143885 0.000000 0.000000 0.000000 0.091731 0.000000 0.147439 0.000000 
0.000006 0.015954 0.247625 0.000000 0.107718 0.069005 0.000000 0.000000 0.015200 0.254399 0.000000 0.193273 0.000000 0.030463 0.000000 0.000000 0.000000 0.066357 0.000000 
0.000005 0.000000 0.628366 0.000000 0.036966 0.015660 0.000000 0.000000 0.000000 0.000000 0.000000 0.072318 0.000000 0.000000 0.000000 0.027709 0.000000 0.218976 0.000000 
0.000004 0.000000 0.726644 0.000000 0.023804 0.000000 0.156890 0.000000 0.000000 0.000000 0.000000 0.003932 0.029418 0.000000 0.000000 0.049918 0.000000 0.000000 0.009390 
0.067092 0.021412 0.012656 0.000000 0.000207 0.000000 0.003754 0.000000 0.000000 0.000000 0.019965 0.816770 0.000000 0.000000 0.000000 0.016131 0.042013 0.000000 0.000000 
0.083038 0.000000 0.000000 0.000000 0.049320 0.062637 0.017631 0.000000 0.000000 0.360821 0.000000 0.294720 0.000000 0.064758 0.000000 0.000000 0.018598 0.048477 0.000000 
0.025156 0.007384 0.000000 0.000000 0.127223 0.000000 0.000000 0.303594 0.000000 0.000000 0.351228 0.095583 0.000000 0.027059 0.000000 0.023664 0.000000 0.039108 0.000000 
0.000008 0.000000 0.000000 0.000000 0.237907 0.032433 0.024829 0.000000 0.000000 0.000000 0.061629 0.158495 0.000000 0.000000 0.000000 0.000000 0.000000 0.484699 0.000000 
0.000005 0.000000 0.058501 0.000000 0.051057 0.104538 0.093626 0.000000 0.000000 0.288037 0.033924 0.271951 0.000000 0.087582 0.000000 0.000000 0.000000 0.000000 0.010778 
0.000005 0.000000 0.024883 0.000000 0.049686 0.128403 0.000000 0.000000 0.000000 0.294447 0.000000 0.301446 0.000000 0.109016 0.016883 0.036590 0.000000 0.038641 0.000000 
0.443219 0.000000 0.000000 0.000000 0.213757 0.000000 0.253087 0.000000 0.000000 0.000000 0.000000 0.069747 0.000000 0.000000 0.000000 0.020189 0.000000 0.000000 0.000000 
0.037077 0.005862 0.215574 0.000000 0.101076 0.000000 0.000000 0.000000 0.000000 0.000000 0.024793 0.369783 0.000000 0.000000 0.000000 0.000000 0.012882 0.217133 0.015820 
0.000006 0.000000 0.000000 0.000000 0.049498 0.051250 0.000000 0.251902 0.017511 0.000000 0.025888 0.300515 0.000000 0.260000 0.000000 0.000000 0.000000 0.043429 0.000000 
0.055792 0.000000 0.718147 0.000000 0.014924 0.000000 0.000000 0.000000 0.000000 0.000000 0.000000 0.155261 0.000000 0.000000 0.000000 0.000000 0.016821 0.039056 0.000000 
0.000005 0.011383 0.000000 0.000000 0.014085 0.005666 0.000000 0.014146 0.000000 0.000000 0.000000 0.898049 0.019089 0.000000 0.000000 0.000000 0.037576 0.000000 0.000000 
0.667438 0.000000 0.000000 0.000000 0.053917 0.013005 0.007248 0.000000 0.000000 0.000000 0.101235 0.157156 0.000000 0.000000 0.000000 0.000000 0.000000 0.000000 0.000000 
0.041347 0.000000 0.000000 0.000000 0.008358 0.000000 0.007526 0.000000 0.000000 0.000000 0.633585 0.178387 0.000000 0.000000 0.000000 0.111585 0.019213 0.000000 0.000000 
0.000005 0.000000 0.559551 0.000000 0.312253 0.000000 0.032566 0.058573 0.000000 0.000000 0.000000 0.031887 0.000000 0.000000 0.005165 0.000000 0.000000 0.000000 0.000000 
0.013062 0.000000 0.072210 0.000000 0.199378 0.012164 0.000000 0.000000 0.014822 0.000000 0.031500 0.131034 0.000000 0.000000 0.000000 0.000000 0.000000 0.525830 0.000000 
0.130478 0.010618 0.000000 0.000000 0.012482 0.061503 0.009857 0.021355 0.000000 0.000000 0.000000 0.736630 0.000000 0.000000 0.000000 0.000000 0.017077 0.000000 0.000000 
0.067604 0.000000 0.000000 0.000000 0.021372 0.037604 0.000000 0.000000 0.000000 0.000000 0.366677 0.185475 0.000000 0.185174 0.000000 0.050268 0.000000 0.085827 0.000000 
0.009540 0.000000 0.000000 0.008912 0.043777 0.058592 0.000000 0.000000 0.000000 0.103886 0.000000 0.289427 0.000000 0.000000 0.000000 0.035220 0.000000 0.450646 0.000000 
0.337183 0.000000 0.000000 0.000000 0.022343 0.000000 0.000000 0.016000 0.000000 0.032932 0.000000 0.252769 0.000000 0.000000 0.000000 0.000000 0.000000 0.338772 0.000000 
