-1955914.222135
0
0.028636 0.023236 0.006717 0.021204 0.011716 0.006646 0.002284 0.010835 0.015376 0.007644 0.006792 0.013421 0.010264 0.007726 0.011305 0.013551 0.019270 0.007856 0.014203 0.018668 0.007222 0.001302 0.005828 0.004882 0.028019 0.028068 0.003633 0.025469 0.009378 0.008088 0.003326 0.011263 0.014381 0.009862 0.005620 0.017279 0.008555 0.011915 0.019176 0.015497 0.009290 0.009933 0.010959 0.014857 0.004234 0.003368 0.008242 0.010579 0.023370 0.021000 0.007679 0.017896 0.005886 0.006509 0.002268 0.008319 0.008511 0.005981 0.003315 0.008679 0.006361 0.005402 0.009311 0.008683 0.008201 0.005774 0.007262 0.007788 0.002631 0.001001 0.006837 0.005944 0.024171 0.026487 0.004212 0.026552 0.004859 0.009595 0.001551 0.009592 0.004458 0.006300 0.000152 0.008235 0.012107 0.007830 0.009750 0.015248 0.008900 0.008242 0.005814 0.012739 0.009144 0.003197 0.006930 0.011752 
0.000000 0.000426 0.000000 0.000104 0.000207 0.000294 0.000208 0.000370 0.003870 0.011495 0.001495 0.003599 0.000389 0.000269 0.000345 0.001107 0.001228 0.000356 0.000364 0.001284 0.000000 0.000000 0.000256 0.000057 0.000734 0.000000 0.000000 0.000234 0.000063 0.000169 0.000225 0.000257 0.048691 0.058342 0.012624 0.048818 0.000000 0.000661 0.000252 0.001258 0.000706 0.000736 0.000274 0.002038 0.000000 0.000411 0.000410 0.000264 0.000000 0.000000 0.000169 0.000000 0.000000 0.000000 0.000000 0.000176 0.003142 0.011471 0.000258 0.009529 0.000000 0.000147 0.000076 0.000373 0.000001 0.000000 0.000241 0.004437 0.000000 0.000000 0.000982 0.000178 0.008145 0.004210 0.001254 0.006269 0.018968 0.000435 0.000888 0.032181 0.256847 0.198198 0.076333 0.150827 0.000234 0.000709 0.000372 0.002687 0.001331 0.000994 0.001014 0.001156 0.000000 0.000314 0.000561 0.000003 
0.000631 0.000987 0.000272 0.007320 0.000722 0.000187 0.000000 0.000410 0.000003 0.003590 0.012794 0.004399 0.000000 0.000198 0.000214 0.001852 0.004308 0.005681 0.003307 0.004478 0.002335 0.004689 0.001565 0.017359 0.001950 0.000381 0.000396 0.013212 0.000000 0.000000 0.000000 0.000000 0.001814 0.003996 0.010874 0.003666 0.000000 0.000000 0.000000 0.000838 0.001016 0.002457 0.001597 0.003714 0.004697 0.002541 0.004414 0.028220 0.001294 0.001603 0.000000 0.008111 0.000000 0.000228 0.000000 0.000327 0.000001 0.014039 0.026044 0.015928 0.000000 0.000076 0.000000 0.000000 0.007862 0.010624 0.007010 0.013021 0.000143 0.001785 0.000829 0.005190 0.035580 0.009306 0.002473 0.281066 0.000000 0.000000 0.000000 0.000000 0.001476 0.022856 0.194747 0.034236 0.000560 0.000947 0.000000 0.003289 0.004363 0.010322 0.007823 0.013552 0.013558 0.010904 0.002160 0.073580 
0.003872 0.003675 0.000541 0.001745 0.000897 0.001134 0.000000 0.001425 0.032914 0.017340 0.150250 0.015849 0.001722 0.002682 0.000962 0.006715 0.010957 0.007106 0.017823 0.005709 0.000000 0.001908 0.000950 0.002396 0.006693 0.012658 0.004831 0.031581 0.000000 0.000000 0.000000 0.000000 0.014625 0.014692 0.101374 0.012019 0.000000 0.001555 0.000000 0.000698 0.005787 0.004529 0.018354 0.004607 0.000000 0.002755 0.002572 0.004922 0.003622 0.004090 0.000670 0.005585 0.000000 0.002128 0.000000 0.000756 0.048443 0.056481 0.129517 0.038884 0.000000 0.001358 0.000000 0.001307 0.013682 0.006563 0.008883 0.008816 0.000000 0.000565 0.000736 0.001494 0.003250 0.004052 0.001184 0.006499 0.000000 0.000000 0.000000 0.000000 0.006467 0.009593 0.059065 0.005848 0.002107 0.000545 0.000000 0.001051 0.007793 0.004060 0.010629 0.003979 0.000000 0.001484 0.000898 0.005094 
0.193345 0.141408 0.063751 0.601496 
0.653855 0.149048 0.000002 0.197095 
0.591932 0.258588 0.065223 0.084258 
0.327948 0.025338 0.028177 0.618537 
0.488366 0.029140 0.015209 0.467285 
0.139421 0.026265 0.006958 0.827357 
0.083994 0.021640 0.566452 0.327914 
0.234382 0.416322 0.018296 0.331000 
0.344743 0.394698 0.038966 0.221593 
0.125168 0.542795 0.000002 0.332036 
0.186000 0.792937 0.000002 0.021061 
0.547622 0.002024 0.450316 0.000038 
0.317930 0.044922 0.011728 0.625420 
0.392904 0.050722 0.556344 0.000029 
0.854165 0.012310 0.023137 0.110388 
0.054903 0.562554 0.021015 0.361528 
0.245000 0.000071 0.754896 0.000033 
0.788100 0.030962 0.027752 0.153185 
0.138886 0.790118 0.015911 0.055085 
0.015001 0.003750 0.981210 0.000040 
0.763934 0.179345 0.049232 0.007488 
0.280247 0.581687 0.038849 0.099216 
0.344455 0.108151 0.537711 0.009683 
0.147019 0.135005 0.024294 0.693682 
0.831711 0.168259 0.000002 0.000028 
0.030713 0.969259 0.000002 0.000027 
0.198502 0.295037 0.018725 0.487736 
0.878956 0.031115 0.000002 0.089927 
0.991282 0.008681 0.000001 0.000036 
0.140169 0.222483 0.000002 0.637346 
0.914860 0.000075 0.021132 0.063932 
0.898596 0.006659 0.070860 0.023885 
0.269679 0.000078 0.340734 0.389509 
0.521094 0.044201 0.000002 0.434703 
0.830213 0.039810 0.036216 0.093761 
0.310062 0.033784 0.656123 0.000031 
0.794790 0.118333 0.026264 0.060613 
0.457077 0.542891 0.000002 0.000030 
0.784261 0.146251 0.000002 0.069486 
0.120265 0.544184 0.000002 0.335550 
0.595693 0.000075 0.390813 0.013419 
0.550708 0.251325 0.160851 0.037116 
0.946858 0.020362 0.000002 0.032778 
0.161841 0.767168 0.000002 0.070989 
0.410622 0.000070 0.000002 0.589307 
0.506287 0.469347 0.011296 0.013070 
0.680226 0.000059 0.256508 0.063207 
0.985092 0.014880 0.000001 0.000027 
0.015298 0.980379 0.004287 0.000036 
0.225716 0.760180 0.000001 0.014103 
0.911713 0.000069 0.033063 0.055156 
0.897685 0.102284 0.000001 0.000030 
0.014385 0.006916 0.897235 0.081464 
0.241217 0.108786 0.649966 0.000031 
0.101051 0.062059 0.425253 0.411638 
0.893455 0.036197 0.021004 0.049344 
0.056336 0.299556 0.014208 0.629899 
0.051262 0.714693 0.000002 0.234044 
0.329055 0.517194 0.000002 0.153749 
0.833777 0.045008 0.000002 0.121214 
0.506518 0.000057 0.025130 0.468294 
0.939042 0.000085 0.020554 0.040320 
0.418354 0.371855 0.146954 0.062837 
0.799215 0.051327 0.000001 0.149457 
0.881030 0.000077 0.075731 0.043162 
0.997003 0.002962 0.000002 0.000033 
0.105186 0.130686 0.000002 0.764127 
0.088345 0.163274 0.622863 0.125518 
0.437202 0.184668 0.000001 0.378128 
0.921797 0.016679 0.000001 0.061523 
0.455559 0.521203 0.000001 0.023237 
0.126285 0.873677 0.000002 0.000037 
0.090063 0.048147 0.067958 0.793833 
0.108006 0.140723 0.130327 0.620944 
0.898101 0.018808 0.017503 0.065588 
0.100056 0.054772 0.700201 0.144970 
0.272792 0.400433 0.027058 0.299717 
0.896161 0.045889 0.010238 0.047713 
0.384957 0.572923 0.000002 0.042118 
0.880930 0.001416 0.087915 0.029740 
0.256798 0.372805 0.228001 0.142396 
0.695438 0.063173 0.000001 0.241388 
0.743242 0.000062 0.215248 0.041448 
0.093240 0.770637 0.000002 0.136121 
0.488736 0.343331 0.111857 0.056076 
0.668840 0.032989 0.000002 0.298169 
0.799761 0.031166 0.030404 0.138669 
0.800567 0.012312 0.112801 0.074320 
0.722127 0.000070 0.044772 0.233031 
0.020191 0.783178 0.000002 0.196630 
0.778229 0.019935 0.132305 0.069530 
0.990114 0.009847 0.000002 0.000037 
0.892815 0.021997 0.035881 0.049307 
0.106893 0.591074 0.163279 0.138755 
0.336399 0.509714 0.067673 0.086214 
0.461626 0.040939 0.497397 0.000039 
0.953514 0.000889 0.016457 0.029140 
0.535387 0.030231 0.031825 0.402556 
0.666848 0.007217 0.325897 0.000038 
0.297170 0.037468 0.012220 0.653142 
0.871025 0.050489 0.026115 0.052371 
0.935752 0.064208 0.000002 0.000038 
0.342497 0.000069 0.657395 0.000038 
0.619734 0.000061 0.261819 0.118387 
0.111760 0.158137 0.271263 0.458840 
0.908180 0.032574 0.013458 0.045788 
0.141045 0.151076 0.040990 0.666890 
0.710151 0.042912 0.246903 0.000034 
0.430230 0.022796 0.054274 0.492700 
0.780952 0.093379 0.125630 0.000040 
0.253976 0.689492 0.000002 0.056531 
0.002852 0.990718 0.000001 0.006429 
0.194945 0.683187 0.042787 0.079081 
0.256563 0.015088 0.095491 0.632857 
0.545112 0.088370 0.302256 0.064263 
0.191558 0.013675 0.794730 0.000036 
0.010502 0.211982 0.753494 0.024023 
0.950430 0.000069 0.006660 0.042841 
0.842589 0.040833 0.000001 0.116577 
0.183745 0.093080 0.000002 0.723174 
0.580784 0.197403 0.167312 0.054501 
0.674261 0.140688 0.045693 0.139359 
0.831346 0.030156 0.009453 0.129045 
0.531002 0.460715 0.000001 0.008281 
0.591415 0.060176 0.320089 0.028319 
0.644389 0.045568 0.000002 0.310041 
0.230310 0.000046 0.769607 0.000036 
0.946026 0.004178 0.000002 0.049794 
0.865433 0.033307 0.000002 0.101258 
0.240678 0.000077 0.000001 0.759243 
0.024798 0.318419 0.593586 0.063197 
0.555899 0.133653 0.310411 0.000037 
0.953929 0.003944 0.000002 0.042126 
0.580429 0.000070 0.000002 0.419499 
0.835800 0.008858 0.113908 0.041434 
0.941731 0.000055 0.044636 0.013577 
0.366756 0.325327 0.032405 0.275513 
0.747779 0.000067 0.252127 0.000026 
0.474338 0.050383 0.023147 0.452132 
0.761671 0.183735 0.024077 0.030516 
0.837607 0.060254 0.000001 0.102138 
0.281827 0.667728 0.008849 0.041595 
0.420867 0.468977 0.000002 0.110154 
0.947725 0.000075 0.035551 0.016650 
0.740717 0.218551 0.040692 0.000039 
0.308940 0.666765 0.000002 0.024294 
0.168366 0.010309 0.016595 0.804731 
0.490610 0.009142 0.448132 0.052116 
0.785304 0.010721 0.178261 0.025715 
0.048743 0.757664 0.193558 0.000035 
0.374848 0.051292 0.038899 0.534960 
0.243314 0.064557 0.097580 0.594549 
0.937265 0.011946 0.000002 0.050787 
0.237286 0.004241 0.752511 0.005962 
0.128624 0.029870 0.513694 0.327812 
0.882501 0.000054 0.106521 0.010924 
0.193355 0.703312 0.000002 0.103331 
0.058254 0.940493 0.000002 0.001251 
0.530720 0.076559 0.092381 0.300340 
0.140708 0.029742 0.337255 0.492295 
0.161581 0.221694 0.598771 0.017955 
0.064771 0.416390 0.518802 0.000037 
0.063140 0.172410 0.000002 0.764448 
0.121418 0.237731 0.000002 0.640849 
0.054890 0.439083 0.009226 0.496802 
0.294869 0.387798 0.020883 0.296450 
0.920822 0.000042 0.037543 0.041593 
0.795340 0.039605 0.165020 0.000034 
0.846496 0.018143 0.023634 0.111727 
0.033272 0.035396 0.000001 0.931331 
0.320902 0.090458 0.019240 0.569401 
0.935512 0.033278 0.000002 0.031208 
0.944478 0.019013 0.000002 0.036507 
0.832963 0.056963 0.000002 0.110072 
0.915898 0.001676 0.013671 0.068755 
0.195039 0.402632 0.000002 0.402328 
0.670505 0.021806 0.044639 0.263050 
0.864156 0.012975 0.091528 0.031340 
0.189652 0.488137 0.166573 0.155638 
0.145404 0.178904 0.045677 0.630014 
0.587035 0.412933 0.000002 0.000031 
0.051807 0.000041 0.117476 0.830676 
0.760139 0.064729 0.175103 0.000029 
0.045475 0.435675 0.000001 0.518849 
0.821900 0.000054 0.178008 0.000038 
0.007765 0.992190 0.000001 0.000044 
0.354508 0.051010 0.594451 0.000031 
0.498885 0.274816 0.000002 0.226297 
0.231765 0.660652 0.050180 0.057403 
0.129716 0.481245 0.184648 0.204391 
0.660970 0.282418 0.000002 0.056611 
0.896229 0.000072 0.000002 0.103697 
0.170506 0.000064 0.000002 0.829428 
0.938622 0.006592 0.000002 0.054785 
0.255287 0.563137 0.181535 0.000041 
0.023671 0.645233 0.307473 0.023622 
0.964766 0.009609 0.000002 0.025623 
0.733595 0.260414 0.000002 0.005989 
0.400750 0.039340 0.028858 0.531051 
0.014916 0.042147 0.925691 0.017246 
0.708394 0.125772 0.080514 0.085320 
0.759097 0.059588 0.152630 0.028685 
0.036686 0.960172 0.000002 0.003140 
0.897122 0.011156 0.041745 0.049976 
0.894538 0.105428 0.000001 0.000032 
0.929879 0.005303 0.000001 0.064817 
0.985560 0.014397 0.000002 0.000041 
0.041563 0.000058 0.119744 0.838635 
0.331383 0.013491 0.000002 0.655124 
0.386435 0.091963 0.108266 0.413336 
0.263162 0.000089 0.244110 0.492638 
0.042168 0.495249 0.250613 0.211970 
0.115892 0.118883 0.035666 0.729559 
0.133227 0.368239 0.022902 0.475633 
0.670331 0.247388 0.000002 0.082279 
0.025937 0.974026 0.000002 0.000035 
0.390016 0.260593 0.282321 0.067070 
0.203287 0.427470 0.000001 0.369242 
0.045485 0.954462 0.000001 0.000051 
0.765104 0.006872 0.190598 0.037425 
0.094566 0.742460 0.008925 0.154050 
0.072301 0.030977 0.529716 0.367006 
0.805942 0.112062 0.000001 0.081994 
0.527680 0.019941 0.341081 0.111298 
0.989339 0.010627 0.000002 0.000032 
0.257044 0.016922 0.503091 0.222943 
0.904030 0.015897 0.046987 0.033085 
0.673770 0.000077 0.040354 0.285798 
0.974549 0.010380 0.015040 0.000031 
0.381109 0.210041 0.374878 0.033971 
0.127430 0.621485 0.210146 0.040939 
0.951789 0.000095 0.020050 0.028066 
0.994524 0.005443 0.000002 0.000031 
0.022814 0.905685 0.000001 0.071500 
0.042361 0.949892 0.007718 0.000029 
0.083166 0.693696 0.223111 0.000028 
0.866706 0.034573 0.012931 0.085791 
0.376958 0.402080 0.012988 0.207974 
0.926442 0.050348 0.000002 0.023208 
0.550569 0.438179 0.000002 0.011251 
0.112163 0.804948 0.082859 0.000030 
0.780150 0.001123 0.000002 0.218725 
0.852403 0.124367 0.000001 0.023228 
0.062692 0.421611 0.111407 0.404291 
0.845738 0.084606 0.009813 0.059842 
0.852358 0.039744 0.000002 0.107896 
0.152591 0.120754 0.055110 0.671545 
0.871183 0.035109 0.013962 0.079747 
0.041787 0.000091 0.957462 0.000659 
0.811076 0.041359 0.000002 0.147564 
0.099371 0.645557 0.210175 0.044897 
0.831124 0.000080 0.117682 0.051115 
0.827535 0.000091 0.150407 0.021967 
0.105355 0.790780 0.103828 0.000037 
0.003904 0.010740 0.005358 0.979997 
0.556278 0.016181 0.000002 0.427539 
0.823225 0.000093 0.000001 0.176680 
0.580291 0.218859 0.000002 0.200848 
0.249501 0.024787 0.031613 0.694100 
0.146621 0.006088 0.792098 0.055192 
0.610877 0.379941 0.000002 0.009180 
0.079553 0.851404 0.014755 0.054289 
0.824568 0.034350 0.000002 0.141080 
0.701153 0.025519 0.000002 0.273326 
0.003765 0.996204 0.000002 0.000029 
0.905928 0.000083 0.067505 0.026483 
0.701036 0.000054 0.094275 0.204635 
0.387978 0.060409 0.015432 0.536181 
0.074030 0.025589 0.035950 0.864431 
0.550318 0.292644 0.157003 0.000035 
0.932194 0.000084 0.000002 0.067721 
0.696270 0.000074 0.131262 0.172394 
0.972801 0.010999 0.016164 0.000036 
0.726603 0.000056 0.159597 0.113744 
0.967652 0.032311 0.000002 0.000035 
0.939709 0.006772 0.000002 0.053517 
0.629557 0.038092 0.007867 0.324483 
0.017068 0.018086 0.927814 0.037032 
0.902592 0.042439 0.035610 0.019359 
0.421795 0.023867 0.554304 0.000034 
0.337896 0.041334 0.088136 0.532634 
0.629765 0.370203 0.000001 0.000030 
0.924772 0.037222 0.010644 0.027361 
0.009896 0.980247 0.009818 0.000038 
0.128838 0.285283 0.445105 0.140773 
0.999882 0.000087 0.000001 0.000029 
0.927486 0.072475 0.000002 0.000037 
0.612844 0.259384 0.106261 0.021511 
0.162016 0.185816 0.629170 0.022998 
0.746546 0.253408 0.000002 0.000044 
0.487233 0.474073 0.000002 0.038693 
0.903685 0.070158 0.026115 0.000041 
0.759371 0.115352 0.091703 0.033574 
0.203810 0.620682 0.021809 0.153700 
0.690931 0.239372 0.000001 0.069696 
0.807299 0.192671 0.000001 0.000029 
0.283194 0.574964 0.000001 0.141841 
0.362636 0.573054 0.034845 0.029465 
0.837241 0.076951 0.018601 0.067207 
0.195773 0.777441 0.000002 0.026785 
0.951895 0.029406 0.018669 0.000030 
0.713118 0.166188 0.000001 0.120693 
0.773054 0.065086 0.161825 0.000035 
0.888472 0.000077 0.103784 0.007667 
0.972913 0.000068 0.013275 0.013744 
0.301086 0.022375 0.604260 0.072280 
0.865259 0.012379 0.077824 0.044538 
0.891994 0.020380 0.014267 0.073359 
0.041266 0.066575 0.000002 0.892158 
0.779545 0.100336 0.000001 0.120117 
0.934892 0.000084 0.026253 0.038770 
0.956459 0.008511 0.000002 0.035029 
0.076533 0.542312 0.000002 0.381153 
0.073615 0.623902 0.012610 0.289873 
0.052421 0.913286 0.014745 0.019548 
0.399386 0.263370 0.000002 0.337242 
0.756530 0.104306 0.011974 0.127190 
0.551451 0.008464 0.000001 0.440083 
0.720727 0.000064 0.255844 0.023366 
0.005191 0.016630 0.978146 0.000033 
0.946874 0.053089 0.000001 0.000035 
0.001744 0.324313 0.661086 0.012857 
0.281851 0.456536 0.033794 0.227819 
0.842088 0.005361 0.037524 0.115027 
0.685760 0.292073 0.000002 0.022166 
0.649967 0.340101 0.000001 0.009930 
0.800523 0.051144 0.000002 0.148331 
0.000814 0.032170 0.966988 0.000028 
0.032162 0.882534 0.067606 0.017697 
0.832739 0.042322 0.000001 0.124938 
0.524510 0.459539 0.000002 0.015949 
0.049017 0.414292 0.000002 0.536689 
0.207840 0.514783 0.000001 0.277376 
0.112077 0.810201 0.050939 0.026783 
0.124194 0.068679 0.654171 0.152956 
0.085313 0.914652 0.000001 0.000034 
0.683217 0.271979 0.037916 0.006887 
0.613566 0.016918 0.260774 0.108742 
0.517513 0.164828 0.000002 0.317657 
0.915957 0.031899 0.000002 0.052143 
0.732834 0.000084 0.180217 0.086866 
0.974472 0.013624 0.000001 0.011903 
0.858088 0.133441 0.000002 0.008470 
0.033007 0.675872 0.271193 0.019929 
0.647565 0.007048 0.077708 0.267680 
0.044379 0.016303 0.000002 0.939316 
0.607601 0.000070 0.000001 0.392328 
0.054919 0.017602 0.128717 0.798762 
0.019997 0.817073 0.013922 0.149009 
0.106681 0.014408 0.878879 0.000032 
0.987659 0.000058 0.012248 0.000035 
0.184724 0.181038 0.627818 0.006420 
0.294940 0.068245 0.201421 0.435395 
0.248113 0.024100 0.200539 0.527247 
0.220555 0.034043 0.745366 0.000035 
0.293314 0.285893 0.000002 0.420791 
0.419652 0.005055 0.116114 0.459178 
0.202976 0.265586 0.000002 0.531436 
0.789576 0.002975 0.207411 0.000038 
0.823053 0.176910 0.000001 0.000036 
0.169237 0.019638 0.241158 0.569968 
0.153078 0.049194 0.511299 0.286430 
0.174432 0.304142 0.325319 0.196107 
0.821253 0.048763 0.000001 0.129982 
0.958459 0.000075 0.000002 0.041465 
0.028339 0.007494 0.000002 0.964165 
0.982231 0.017732 0.000002 0.000035 
0.457307 0.483513 0.000002 0.059178 
0.010270 0.954584 0.012263 0.022884 
0.104006 0.484442 0.000001 0.411550 
0.158415 0.691356 0.000001 0.150228 
0.841652 0.000052 0.158258 0.000039 
0.167477 0.728848 0.099438 0.004237 
0.216297 0.783661 0.000001 0.000041 
0.896133 0.000070 0.103757 0.000041 
0.056670 0.571548 0.116889 0.254893 
0.312298 0.041241 0.351867 0.294593 
0.264291 0.067647 0.046071 0.621991 
0.169756 0.000094 0.729688 0.100463 
0.698455 0.043348 0.000002 0.258195 
0.710447 0.000060 0.237719 0.051774 
0.281048 0.447804 0.000002 0.271147 
0.470019 0.090833 0.000002 0.439146 
0.894078 0.014754 0.000002 0.091166 
0.566441 0.419667 0.000001 0.013891 
0.790692 0.018923 0.190344 0.000041 
0.331351 0.000083 0.000002 0.668564 
0.943157 0.008451 0.029152 0.019240 
0.626403 0.069574 0.016503 0.287520 
0.867009 0.085154 0.047801 0.000035 
0.418023 0.228649 0.000001 0.353326 
0.979772 0.020199 0.000001 0.000028 
0.221272 0.343755 0.039599 0.395375 
0.301448 0.678745 0.000002 0.019805 
0.550075 0.271750 0.000002 0.178173 
0.502001 0.497974 0.000001 0.000024 
0.220879 0.624492 0.000001 0.154627 
0.863784 0.000054 0.136129 0.000033 
0.057365 0.730684 0.015461 0.196489 
0.393045 0.484616 0.110133 0.012207 
0.375492 0.142661 0.008765 0.473081 
0.408268 0.136310 0.089192 0.366230 
0.228526 0.691295 0.034240 0.045939 
0.086960 0.030203 0.882803 0.000034 
0.286848 0.485832 0.227288 0.000032 
0.042161 0.743428 0.034074 0.180337 
0.369748 0.074151 0.024571 0.531530 
0.187442 0.039136 0.773389 0.000033 
0.200990 0.288243 0.000002 0.510766 
0.131327 0.010744 0.536451 0.321478 
0.975516 0.024442 0.000002 0.000041 
0.336828 0.017468 0.012924 0.632780 
0.001947 0.015931 0.971192 0.010930 
0.715439 0.245089 0.000002 0.039471 
0.167093 0.576971 0.000002 0.255934 
0.699788 0.212717 0.045122 0.042373 
0.242283 0.187712 0.561478 0.008527 
0.064318 0.022653 0.511133 0.401897 
0.181165 0.066121 0.017151 0.735564 
0.846637 0.035242 0.118080 0.000042 
0.000912 0.194212 0.792409 0.012466 
0.278816 0.012966 0.612209 0.096009 
0.710372 0.265647 0.000002 0.023980 
0.356052 0.509038 0.017869 0.117042 
0.880472 0.036345 0.000002 0.083182 
0.376421 0.004076 0.015199 0.604304 
0.961750 0.015316 0.000002 0.022932 
0.810220 0.070512 0.027775 0.091493 
0.999890 0.000075 0.000001 0.000034 
0.215037 0.674944 0.000002 0.110018 
0.055491 0.464106 0.411612 0.068790 
0.752255 0.007859 0.139860 0.100025 
0.945356 0.038228 0.000002 0.016414 
0.001584 0.856180 0.142209 0.000028 
0.969173 0.000082 0.030711 0.000034 
0.722458 0.083773 0.000001 0.193767 
0.043972 0.848987 0.107001 0.000040 
0.298608 0.351944 0.315422 0.034027 
0.610496 0.056198 0.098389 0.234917 
0.128647 0.051035 0.079791 0.740527 
0.789158 0.091916 0.043023 0.075902 
0.596350 0.333358 0.000001 0.070291 
0.036450 0.725142 0.000002 0.238406 
0.860233 0.009163 0.016489 0.114115 
0.689048 0.153404 0.116436 0.041111 
0.554802 0.394279 0.000001 0.050918 
0.946150 0.019391 0.000002 0.034457 
0.423458 0.193832 0.000002 0.382708 
0.087801 0.325314 0.565083 0.021802 
0.514164 0.384984 0.053501 0.047351 
0.735483 0.189771 0.000002 0.074744 
0.029191 0.970786 0.000002 0.000022 
0.985392 0.000089 0.000002 0.014518 
0.081535 0.037288 0.028381 0.852796 
0.032014 0.387873 0.346556 0.233557 
0.009362 0.651033 0.018689 0.320916 
0.196465 0.374953 0.412539 0.016044 
0.381956 0.130536 0.413967 0.073541 
0.256840 0.000079 0.000001 0.743080 
0.998086 0.001877 0.000002 0.000034 
0.386715 0.076044 0.026630 0.510610 
0.899315 0.000055 0.060782 0.039848 
0.560464 0.012152 0.103635 0.323750 
0.493933 0.478768 0.018754 0.008545 
0.672047 0.063154 0.233996 0.030803 
0.736541 0.062648 0.050906 0.149905 
0.928026 0.005132 0.014099 0.052743 
0.091006 0.470985 0.000002 0.438008 
0.026800 0.299445 0.556307 0.117448 
0.019614 0.313494 0.666865 0.000027 
0.064636 0.783863 0.000001 0.151500 
0.791548 0.150380 0.000002 0.058070 
0.123046 0.054819 0.034155 0.787980 
0.970325 0.029631 0.000002 0.000042 
0.231772 0.174421 0.000001 0.593806 
0.668807 0.289071 0.000001 0.042121 
0.052296 0.009197 0.146566 0.791940 
0.721290 0.278685 0.000002 0.000024 
0.986405 0.013557 0.000002 0.000037 
0.792717 0.000432 0.106235 0.100616 
0.425666 0.367237 0.162005 0.045093 
0.811810 0.000078 0.021910 0.166202 
0.846381 0.034872 0.000002 0.118745 
0.202641 0.710858 0.000002 0.086499 
0.522885 0.065837 0.399986 0.011292 
0.201028 0.620182 0.033063 0.145727 
0.440195 0.058994 0.094994 0.405817 
0.561009 0.000085 0.416832 0.022074 
0.201590 0.445481 0.289654 0.063275 
0.746667 0.043165 0.098701 0.111467 
0.589997 0.107560 0.053395 0.249048 
0.375344 0.533577 0.091044 0.000035 
0.128555 0.007461 0.863946 0.000038 
0.195986 0.000078 0.000002 0.803935 
0.798658 0.007766 0.000002 0.193574 
0.256161 0.264251 0.143505 0.336083 
0.943611 0.056345 0.000002 0.000043 
0.736325 0.108960 0.000002 0.154713 
0.394982 0.506519 0.055989 0.042510 
0.323962 0.214498 0.332787 0.128752 
0.715301 0.322328 0.162406 0.278852 
