-1921453.202680
0
0.000000 0.000000 0.011974 0.000000 0.000000 0.012534 0.000000 0.021905 0.000000 0.030090 0.000000 0.000002 0.000000 0.000000 0.028587 0.000000 0.079336 0.000000 0.094855 0.033174 0.000000 0.010539 0.000000 0.000000 0.000000 0.000000 0.000000 0.000000 0.000000 0.000000 0.000000 0.000000 0.015394 0.004747 0.000001 0.039894 0.000000 0.000000 0.000000 0.000000 0.048795 0.003034 0.048337 0.029877 0.000000 0.000000 0.018356 0.034000 0.000000 0.030823 0.000000 0.000000 0.000000 0.000000 0.000000 0.000000 0.000000 0.000002 0.006363 0.004747 0.002860 0.006472 0.000000 0.000000 0.043833 0.009870 0.049616 0.046633 0.000000 0.000000 0.000000 0.005034 0.000000 0.000000 0.000000 0.000000 0.000000 0.000000 0.000000 0.000000 0.000003 0.022744 0.000000 0.003458 0.018551 0.000000 0.007909 0.000000 0.000001 0.000000 0.044786 0.063982 0.024722 0.018307 0.000000 0.023849 
0.000000 0.000000 0.000000 0.000000 0.000001 0.000000 0.000000 0.000001 0.000003 0.000048 0.000000 0.000016 0.000000 0.000000 0.000000 0.000000 0.000052 0.000005 0.000035 0.000016 0.000000 0.000000 0.054768 0.000000 0.000000 0.000000 0.000000 0.000000 0.000000 0.000000 0.000000 0.000000 0.376127 0.002491 0.000010 0.066934 0.000000 0.000000 0.000000 0.000000 0.000004 0.000017 0.000007 0.065580 0.000000 0.000002 0.000006 0.000002 0.000000 0.000000 0.000000 0.000000 0.000000 0.058665 0.000000 0.000000 0.000001 0.000025 0.000000 0.125988 0.000000 0.000000 0.000000 0.000000 0.000001 0.000001 0.045180 0.088265 0.000000 0.000000 0.000000 0.000000 0.000001 0.000001 0.000000 0.000002 0.000000 0.000000 0.000000 0.000000 0.000040 0.005246 0.000000 0.000041 0.000000 0.017872 0.000000 0.000000 0.000006 0.000001 0.000005 0.000025 0.000000 0.092503 0.000000 0.000003 
0.000000 0.000684 0.000000 0.000000 0.000000 0.000000 0.000298 0.000709 0.007411 0.002827 0.002226 0.002555 0.000000 0.000000 0.000000 0.000000 0.001146 0.000464 0.000338 0.000906 0.000000 0.000000 0.000000 0.000171 0.000678 0.000000 0.000000 0.000000 0.000000 0.000000 0.000000 0.000224 0.014674 0.004345 0.003991 0.009063 0.000000 0.000000 0.000000 0.000557 0.000695 0.000494 0.000000 0.000192 0.000000 0.000000 0.000202 0.000000 0.000000 0.000000 0.000244 0.000000 0.000000 0.000000 0.000000 0.000191 0.005945 0.001863 0.000000 0.003533 0.000000 0.000133 0.000000 0.000000 0.000000 0.000000 0.000000 0.000954 0.000000 0.000000 0.000000 0.000000 0.015171 0.005821 0.002198 0.011501 0.040873 0.000000 0.001716 0.068362 0.426846 0.083290 0.045772 0.230420 0.000000 0.000000 0.000000 0.000000 0.000000 0.000000 0.000000 0.000316 0.000000 0.000000 0.000000 0.000000 
0.039746 0.033713 0.000000 0.034006 0.009531 0.004609 0.000000 0.009118 0.018112 0.005617 0.008596 0.023385 0.016049 0.014687 0.016622 0.024805 0.015872 0.007942 0.009973 0.023513 0.004064 0.000000 0.008590 0.003829 0.032892 0.022376 0.000000 0.031885 0.007185 0.005378 0.000000 0.008342 0.002839 0.002367 0.001509 0.018958 0.013173 0.020008 0.016647 0.028965 0.004854 0.011815 0.005063 0.012299 0.001898 0.001849 0.007326 0.004661 0.023226 0.015589 0.000000 0.024029 0.003384 0.003121 0.000000 0.006734 0.000000 0.000000 0.005278 0.005203 0.008284 0.008324 0.009827 0.019172 0.005567 0.005931 0.005162 0.008368 0.000000 0.000722 0.007886 0.006524 0.028504 0.017962 0.000000 0.037125 0.005639 0.003656 0.000000 0.006207 0.006854 0.002829 0.000000 0.014045 0.016506 0.014209 0.008495 0.033144 0.004450 0.007434 0.000000 0.008881 0.000000 0.001835 0.008050 0.007175 
0.005381 0.000000 0.000000 0.000000 0.001927 0.000000 0.000000 0.000000 0.005386 0.005592 0.000000 0.000001 0.018410 0.000000 0.000000 0.015663 0.013808 0.008480 0.019788 0.023517 0.052597 0.007383 0.000000 0.023770 0.005310 0.000000 0.000000 0.000000 0.000000 0.000000 0.000000 0.000000 0.014018 0.008981 0.000000 0.006158 0.004090 0.000839 0.002204 0.000000 0.015720 0.005485 0.016567 0.040350 0.030107 0.008395 0.013670 0.080085 0.011522 0.005857 0.000000 0.000000 0.000000 0.000000 0.000000 0.005848 0.007690 0.006415 0.000000 0.013503 0.000000 0.002474 0.000000 0.000000 0.013360 0.012178 0.008503 0.012820 0.000000 0.000000 0.000000 0.031805 0.018344 0.000000 0.000000 0.038857 0.000000 0.000000 0.000000 0.000000 0.003715 0.012607 0.000000 0.011820 0.027978 0.000000 0.021578 0.013785 0.014275 0.021394 0.011927 0.033402 0.086323 0.009639 0.013238 0.075459 
0.000000 0.000000 0.000000 0.000000 0.000000 0.000000 0.000000 0.000000 0.000001 0.016851 0.000000 0.000004 0.004400 0.014013 0.000000 0.024481 0.016603 0.000001 0.003746 0.011963 0.000000 0.000000 0.000000 0.000000 0.000000 0.008453 0.000000 0.011658 0.000000 0.005803 0.010971 0.007192 0.060791 0.193873 0.000003 0.077073 0.000000 0.020003 0.009668 0.031082 0.000001 0.013619 0.000002 0.000042 0.000000 0.000000 0.011635 0.025249 0.000000 0.000000 0.000000 0.000000 0.000000 0.000000 0.000000 0.000000 0.000000 0.000006 0.000000 0.000256 0.000000 0.000000 0.005494 0.012936 0.000000 0.000000 0.000001 0.000003 0.000000 0.000000 0.000000 0.000000 0.025942 0.000000 0.005238 0.000000 0.000000 0.018625 0.000000 0.000000 0.000010 0.279404 0.000000 0.000013 0.000000 0.022920 0.017837 0.000000 0.000002 0.000000 0.017741 0.000007 0.000000 0.000000 0.014381 0.000001 
0.007622 0.006395 0.002320 0.002990 0.000000 0.001602 0.000000 0.000000 0.034843 0.016204 0.209183 0.013414 0.002547 0.001311 0.000000 0.006879 0.011785 0.006471 0.008952 0.007215 0.000000 0.001776 0.000000 0.002946 0.003267 0.002733 0.000962 0.003325 0.000000 0.000000 0.000000 0.000000 0.022991 0.020040 0.110697 0.015295 0.000000 0.000000 0.000000 0.000000 0.003402 0.005088 0.006327 0.004664 0.000000 0.001588 0.000000 0.000000 0.006091 0.003418 0.000000 0.002320 0.000000 0.001867 0.000000 0.000000 0.029163 0.032025 0.125294 0.018678 0.000000 0.000000 0.000000 0.000000 0.011632 0.006404 0.004690 0.012178 0.000000 0.000000 0.000000 0.000000 0.008931 0.009132 0.002707 0.012130 0.000000 0.000000 0.000000 0.002345 0.014044 0.017596 0.090290 0.013238 0.003857 0.000000 0.000000 0.000000 0.008625 0.003775 0.009729 0.005008 0.000000 0.000000 0.000000 0.000000 
0.000000 0.000000 0.000000 0.000000 0.000000 0.000000 0.000000 0.000000 0.000001 0.000009 0.000000 0.008868 0.000000 0.000000 0.000000 0.000000 0.000010 0.000001 0.000007 0.000003 0.000000 0.000000 0.000000 0.000000 0.011057 0.000000 0.000000 0.000000 0.000000 0.000000 0.000000 0.000000 0.043166 0.087440 0.061571 0.097537 0.000000 0.000000 0.000000 0.000000 0.000001 0.000003 0.000001 0.011986 0.000000 0.009769 0.000001 0.000000 0.000000 0.000000 0.000000 0.000000 0.000000 0.000000 0.000000 0.000000 0.000000 0.030757 0.000000 0.013682 0.000000 0.000000 0.000000 0.000000 0.000000 0.000000 0.000001 0.000002 0.000000 0.000000 0.000000 0.000000 0.000000 0.028437 0.000000 0.000000 0.000000 0.000000 0.000000 0.000000 0.140937 0.183075 0.139214 0.094711 0.000000 0.000000 0.000000 0.024612 0.000001 0.004292 0.008840 0.000004 0.000000 0.000000 0.000000 0.000000 
0.000000 0.000842 0.000000 0.007945 0.000777 0.000239 0.000000 0.000359 0.000000 0.003360 0.011285 0.004497 0.000000 0.000000 0.000000 0.000742 0.002976 0.005348 0.002583 0.003234 0.000000 0.003740 0.001617 0.014323 0.001973 0.000000 0.000000 0.015021 0.000000 0.000000 0.000000 0.000000 0.001094 0.002877 0.010377 0.003046 0.000000 0.000000 0.000000 0.000750 0.000000 0.002111 0.001116 0.001772 0.001818 0.002205 0.003595 0.018958 0.000907 0.001671 0.000000 0.008862 0.000000 0.000317 0.000000 0.000373 0.000000 0.014332 0.026910 0.016043 0.000000 0.000000 0.000000 0.000000 0.007625 0.010136 0.006376 0.011977 0.000000 0.001999 0.000926 0.002794 0.037427 0.011326 0.003034 0.311569 0.000000 0.000000 0.000000 0.000000 0.002667 0.020297 0.218545 0.037041 0.000000 0.001073 0.000000 0.002508 0.003184 0.009568 0.007276 0.009847 0.005672 0.010337 0.001972 0.064832 
0.022536 0.009683 0.000000 0.008270 0.033536 0.011745 0.000000 0.038571 0.014823 0.022371 0.000000 0.000002 0.000000 0.001726 0.000000 0.000000 0.000006 0.015445 0.014582 0.014130 0.000000 0.000000 0.000000 0.000000 0.000000 0.000000 0.008505 0.004495 0.036075 0.018356 0.012282 0.026914 0.033451 0.011009 0.000001 0.025320 0.000000 0.020179 0.000000 0.011332 0.019084 0.000002 0.000001 0.000016 0.000000 0.000000 0.016754 0.000000 0.000000 0.016537 0.000000 0.000000 0.041409 0.021924 0.008471 0.041120 0.033203 0.025857 0.000000 0.017859 0.000000 0.006988 0.000000 0.000000 0.011198 0.013376 0.000000 0.000001 0.000000 0.000000 0.053772 0.000000 0.000000 0.025115 0.000000 0.000000 0.026342 0.038386 0.008400 0.030096 0.023600 0.027575 0.000000 0.000004 0.000000 0.000000 0.009998 0.000000 0.021751 0.026904 0.000000 0.008761 0.000000 0.000000 0.007356 0.002794 
0.000000 0.000000 0.000000 0.000000 0.002055 0.000000 0.000000 0.002239 0.027669 0.017392 0.053677 0.016129 0.000000 0.003471 0.000000 0.004348 0.003962 0.006197 0.025939 0.000001 0.000000 0.002181 0.001234 0.002556 0.012727 0.030796 0.012521 0.078510 0.000000 0.000000 0.000000 0.000000 0.000504 0.005928 0.087094 0.004350 0.000000 0.002793 0.001141 0.000762 0.007026 0.002668 0.035068 0.002321 0.000000 0.004654 0.006214 0.011609 0.001438 0.006072 0.002799 0.010708 0.000000 0.002194 0.000000 0.002009 0.080323 0.093804 0.144129 0.065358 0.000000 0.003133 0.000459 0.001813 0.012709 0.005422 0.012445 0.000000 0.000000 0.001882 0.001269 0.004285 0.000000 0.000000 0.000000 0.005388 0.000000 0.000000 0.000000 0.000000 0.005356 0.001665 0.021321 0.002554 0.000000 0.000888 0.000000 0.000000 0.005063 0.002809 0.010451 0.001509 0.000000 0.002436 0.001460 0.011112 
0.000000 0.000000 0.000000 0.000000 0.005542 0.000000 0.000000 0.013239 0.000000 0.000005 0.000000 0.008279 0.000000 0.004121 0.018804 0.024329 0.067810 0.019951 0.026219 0.034667 0.019729 0.009268 0.018680 0.028169 0.000000 0.000000 0.000000 0.008172 0.000000 0.003594 0.000000 0.011311 0.000492 0.003882 0.006518 0.000847 0.002075 0.000000 0.000000 0.000000 0.027676 0.030174 0.018570 0.023491 0.028129 0.006664 0.025628 0.029022 0.000000 0.010644 0.000000 0.013083 0.000000 0.007806 0.000000 0.000000 0.000000 0.000605 0.000000 0.006184 0.005145 0.000000 0.000000 0.000000 0.000000 0.008158 0.019506 0.011823 0.043760 0.000000 0.016815 0.000000 0.025056 0.000000 0.000000 0.011544 0.000000 0.008195 0.000000 0.015336 0.002269 0.001341 0.000000 0.000004 0.013054 0.000000 0.000000 0.000000 0.038273 0.000000 0.013821 0.072014 0.043569 0.013003 0.000000 0.073931 
0.005855 0.000000 0.000000 0.000000 0.013153 0.017423 0.008886 0.017185 0.022840 0.010671 0.000000 0.017088 0.013419 0.004625 0.006627 0.000000 0.039655 0.023020 0.025721 0.016901 0.000000 0.000000 0.008644 0.000000 0.000000 0.000000 0.010212 0.000000 0.013791 0.020130 0.012674 0.018731 0.050546 0.038903 0.013656 0.002964 0.000000 0.000000 0.019439 0.002091 0.000000 0.017195 0.000000 0.015264 0.000000 0.002929 0.003032 0.000000 0.000000 0.000000 0.010235 0.009440 0.017393 0.014673 0.000000 0.014113 0.040252 0.036447 0.000000 0.046377 0.014731 0.000000 0.011586 0.000000 0.028090 0.014344 0.000000 0.013124 0.000000 0.000000 0.009480 0.000000 0.000000 0.025114 0.010284 0.000000 0.000000 0.022431 0.004948 0.010466 0.021608 0.022957 0.000000 0.000003 0.000000 0.006938 0.011719 0.000000 0.023712 0.025125 0.012896 0.000845 0.000000 0.000000 0.013428 0.013968 
0.000000 0.006309 0.010583 0.000000 0.044120 0.026933 0.017389 0.040451 0.021496 0.000005 0.000000 0.019429 0.000000 0.000000 0.000000 0.000000 0.008536 0.000000 0.003936 0.009814 0.000000 0.002946 0.017641 0.018938 0.021932 0.027803 0.000000 0.000000 0.020478 0.022291 0.000000 0.057103 0.003071 0.009732 0.006912 0.008059 0.008114 0.000000 0.014617 0.007242 0.000000 0.030665 0.022657 0.015660 0.000000 0.021359 0.012208 0.014897 0.000000 0.000000 0.000000 0.008420 0.000000 0.008781 0.000000 0.018470 0.023887 0.000002 0.000000 0.000147 0.000000 0.000000 0.014056 0.000000 0.000000 0.000000 0.012167 0.004150 0.017433 0.015617 0.000000 0.009295 0.000000 0.009666 0.000000 0.000000 0.027312 0.038545 0.000000 0.083440 0.000003 0.010867 0.000000 0.008056 0.000000 0.015677 0.000000 0.000000 0.000001 0.000000 0.025079 0.012702 0.000000 0.017182 0.018683 0.027035 
0.000000 0.000000 0.000000 0.000000 0.000000 0.000000 0.000000 0.000000 0.000000 0.020388 0.000000 0.004282 0.000000 0.000000 0.000000 0.001821 0.000001 0.000000 0.000001 0.000000 0.000000 0.000000 0.000000 0.000000 0.000000 0.000000 0.000000 0.000930 0.000000 0.000000 0.000000 0.000000 0.077439 0.100043 0.020802 0.080105 0.000000 0.000000 0.000000 0.000000 0.000648 0.000000 0.001037 0.003492 0.000165 0.000000 0.000000 0.000000 0.000000 0.000000 0.000000 0.000000 0.000000 0.000000 0.000000 0.000000 0.000000 0.022273 0.000000 0.016879 0.000000 0.000000 0.000000 0.000000 0.000000 0.000000 0.000000 0.007732 0.000000 0.000000 0.002057 0.000952 0.000000 0.000000 0.000000 0.000000 0.000000 0.000000 0.000000 0.000000 0.124830 0.305628 0.106934 0.088882 0.000590 0.000000 0.000000 0.004230 0.002629 0.001577 0.000000 0.002542 0.000000 0.000000 0.000000 0.001109 
0.036872 0.031196 0.021861 0.024800 0.009254 0.005928 0.003916 0.004946 0.010346 0.007870 0.000000 0.003015 0.002808 0.002723 0.009031 0.000000 0.006973 0.001219 0.007819 0.000000 0.000000 0.000000 0.000441 0.000000 0.049447 0.069191 0.010885 0.048336 0.011594 0.010192 0.007764 0.009108 0.022272 0.014389 0.008123 0.018559 0.007939 0.010151 0.038696 0.008832 0.004176 0.000680 0.010973 0.003878 0.000000 0.000951 0.003772 0.000328 0.042529 0.044919 0.027837 0.024942 0.006338 0.009568 0.007683 0.005865 0.009247 0.008527 0.000000 0.007338 0.005909 0.004669 0.014311 0.002354 0.005290 0.000000 0.003880 0.001267 0.000000 0.000000 0.000000 0.000000 0.035059 0.059547 0.012416 0.036911 0.002805 0.011355 0.003803 0.004886 0.003740 0.006054 0.000000 0.006707 0.003169 0.002134 0.009371 0.000000 0.002041 0.000000 0.003582 0.000925 0.000000 0.000000 0.001769 0.000000 
0.000000 0.000000 0.000000 0.000000 0.028416 0.000000 0.000000 0.000000 0.052638 0.015378 0.000000 0.029343 0.000000 0.010522 0.000000 0.015522 0.044500 0.029149 0.000005 0.072356 0.000000 0.000000 0.000000 0.000000 0.000000 0.000000 0.000000 0.000000 0.003624 0.000000 0.000000 0.000000 0.023308 0.034213 0.000001 0.046422 0.000000 0.000000 0.000000 0.000000 0.045760 0.015363 0.052424 0.038502 0.000000 0.008916 0.000001 0.019462 0.043624 0.000000 0.000000 0.000000 0.000000 0.000000 0.000000 0.000000 0.041302 0.035017 0.000000 0.021213 0.000000 0.000000 0.000000 0.000000 0.000000 0.014643 0.025259 0.000002 0.000000 0.000000 0.000000 0.000000 0.015479 0.000000 0.008067 0.029727 0.000000 0.000000 0.000000 0.000000 0.000005 0.057138 0.000000 0.038075 0.000000 0.000000 0.000000 0.000000 0.051606 0.033015 0.000001 0.000003 0.000000 0.000000 0.000000 0.000000 
0.047612 0.000000 0.000000 0.115682 0.085233 0.021130 0.601109 0.000000 0.013293 0.000000 0.000000 0.000000 0.000000 0.000000 0.115938 0.000004 0.000000 
0.000000 0.000000 0.112362 0.176012 0.024519 0.000000 0.219809 0.000000 0.000000 0.000000 0.000000 0.000000 0.000000 0.000000 0.000000 0.435678 0.031620 
0.062987 0.000000 0.000000 0.166940 0.155248 0.000000 0.054414 0.137615 0.000000 0.043655 0.000000 0.080102 0.069980 0.000000 0.149682 0.042798 0.036578 
0.000000 0.000000 0.000000 0.120909 0.027315 0.000000 0.638567 0.000000 0.000000 0.000000 0.000000 0.000000 0.028011 0.000000 0.000000 0.178210 0.006987 
0.000000 0.000000 0.000000 0.181991 0.000000 0.000000 0.423777 0.000000 0.000000 0.018764 0.052338 0.044956 0.088924 0.000000 0.000000 0.189248 0.000000 
0.000000 0.000000 0.000000 0.071541 0.014288 0.000000 0.444036 0.000000 0.000000 0.000000 0.386909 0.017293 0.041955 0.000000 0.023974 0.000004 0.000000 
0.000000 0.000000 0.000000 0.056518 0.000000 0.000000 0.060157 0.000000 0.554005 0.000000 0.278768 0.000000 0.000000 0.024693 0.025855 0.000004 0.000000 
0.000000 0.000000 0.009891 0.141740 0.000000 0.000000 0.272952 0.000000 0.019633 0.000000 0.000000 0.005097 0.106995 0.000000 0.391642 0.022453 0.029598 
0.000000 0.000000 0.356412 0.313983 0.000000 0.000000 0.257986 0.000000 0.033220 0.000000 0.000000 0.000000 0.000000 0.038394 0.000000 0.000004 0.000000 
0.000000 0.000000 0.437760 0.062739 0.000000 0.000000 0.382836 0.029251 0.000000 0.023262 0.000000 0.000000 0.000000 0.026883 0.000000 0.010795 0.026474 
0.000000 0.000000 0.000000 0.085070 0.000000 0.086139 0.015204 0.162420 0.000000 0.000000 0.000000 0.033077 0.000000 0.000000 0.581160 0.036929 0.000000 
0.000000 0.000000 0.000000 0.113624 0.166384 0.000000 0.026856 0.000000 0.354741 0.012016 0.000000 0.097875 0.000000 0.000000 0.000000 0.228505 0.000000 
0.016711 0.000000 0.038005 0.246058 0.000000 0.000000 0.244596 0.000000 0.008204 0.000000 0.416480 0.000000 0.000000 0.000000 0.000000 0.029945 0.000000 
0.000000 0.000000 0.000000 0.199187 0.000000 0.000000 0.000108 0.000000 0.556846 0.078656 0.000000 0.000000 0.000000 0.095695 0.036499 0.000004 0.033005 
0.025353 0.000000 0.000000 0.477447 0.000000 0.000000 0.131234 0.000000 0.013004 0.000000 0.000000 0.000000 0.000000 0.000000 0.000000 0.352961 0.000000 
0.000000 0.007113 0.038706 0.037704 0.000000 0.095177 0.341451 0.053681 0.023416 0.000000 0.000000 0.000000 0.000000 0.000000 0.402748 0.000004 0.000000 
0.000000 0.000000 0.000000 0.127100 0.057085 0.000000 0.000098 0.000000 0.706964 0.020324 0.019944 0.019912 0.000000 0.048568 0.000000 0.000004 0.000000 
0.000000 0.000000 0.000000 0.234674 0.123001 0.042784 0.099646 0.000000 0.000000 0.000000 0.067106 0.056860 0.104622 0.000000 0.000000 0.271306 0.000000 
0.030945 0.019514 0.000000 0.041554 0.000000 0.071591 0.009528 0.118902 0.021141 0.015952 0.000000 0.000000 0.000000 0.004464 0.607558 0.000004 0.058847 
0.000000 0.000000 0.000000 0.001863 0.000000 0.000000 0.008798 0.000000 0.972907 0.000000 0.000000 0.000000 0.000000 0.006732 0.000000 0.009700 0.000000 
0.000000 0.008360 0.122077 0.309529 0.000000 0.000000 0.014015 0.000000 0.076904 0.164992 0.000000 0.026881 0.090832 0.186406 0.000000 0.000004 0.000000 
0.018795 0.000000 0.019676 0.102531 0.071813 0.078564 0.075400 0.056352 0.009306 0.036777 0.000000 0.000000 0.000000 0.061854 0.468928 0.000004 0.000000 
0.026400 0.000000 0.073697 0.237924 0.051057 0.032909 0.032396 0.000000 0.498322 0.000000 0.000000 0.000000 0.000000 0.017724 0.000000 0.029570 0.000000 
0.024155 0.000000 0.072012 0.092772 0.011558 0.000000 0.756195 0.000000 0.000000 0.000000 0.000000 0.000000 0.000000 0.020672 0.000000 0.022635 0.000000 
0.000000 0.000000 0.126860 0.339366 0.000000 0.000000 0.000124 0.000000 0.023711 0.143646 0.000000 0.070399 0.070259 0.188345 0.000000 0.037291 0.000000 
0.000000 0.000000 0.956577 0.026678 0.000000 0.000000 0.000119 0.000000 0.000000 0.000000 0.000000 0.005063 0.006914 0.004645 0.000000 0.000004 0.000000 
0.000000 0.000000 0.116595 0.012235 0.000000 0.085627 0.463634 0.094800 0.032255 0.018499 0.048417 0.000000 0.000000 0.000000 0.000000 0.127938 0.000000 
0.110171 0.000000 0.000000 0.389422 0.000000 0.000000 0.064146 0.000000 0.020396 0.000000 0.000000 0.000000 0.234966 0.052378 0.000000 0.128520 0.000000 
0.000000 0.000000 0.000000 0.531999 0.035997 0.000000 0.007021 0.000000 0.000000 0.139671 0.000000 0.000000 0.066621 0.218687 0.000000 0.000004 0.000000 
0.015416 0.000000 0.026155 0.072800 0.000000 0.105193 0.615753 0.106006 0.000000 0.000000 0.029152 0.018744 0.000000 0.000000 0.000000 0.010780 0.000000 
0.000000 0.000000 0.000000 0.118047 0.000000 0.000000 0.085488 0.000000 0.000000 0.000000 0.000000 0.000000 0.000000 0.000000 0.000000 0.796465 0.000000 
0.034074 0.000000 0.000000 0.564425 0.179426 0.010247 0.054069 0.000000 0.012963 0.014589 0.000000 0.100281 0.000000 0.000000 0.000000 0.029927 0.000000 
0.000000 0.000000 0.000000 0.145483 0.175010 0.000000 0.088764 0.000000 0.248959 0.000000 0.325702 0.016077 0.000000 0.000000 0.000000 0.000004 0.000000 
0.127270 0.000000 0.000000 0.131593 0.000000 0.000000 0.261632 0.031123 0.007991 0.000000 0.123736 0.000000 0.118836 0.016492 0.000000 0.181328 0.000000 
0.128004 0.000000 0.000000 0.305690 0.000000 0.000000 0.043952 0.000000 0.038305 0.018022 0.000000 0.058418 0.215474 0.000000 0.014440 0.077029 0.100666 
0.000000 0.008313 0.000000 0.162321 0.000000 0.000000 0.000149 0.000000 0.658455 0.058840 0.000000 0.000000 0.000000 0.084372 0.027546 0.000004 0.000000 
0.048626 0.000000 0.000000 0.671048 0.000000 0.014887 0.065751 0.000000 0.000000 0.000000 0.000000 0.005165 0.000000 0.000000 0.127615 0.066907 0.000000 
0.000000 0.000000 0.025464 0.150481 0.000000 0.000000 0.000073 0.000000 0.013327 0.000000 0.000000 0.000000 0.000000 0.000000 0.521045 0.289610 0.000000 
0.099228 0.000000 0.099093 0.204595 0.000000 0.000000 0.052892 0.000000 0.013569 0.000000 0.000000 0.031367 0.144777 0.060933 0.000000 0.188429 0.105118 
0.000000 0.000000 0.300134 0.033442 0.000000 0.029739 0.354540 0.000000 0.000000 0.000000 0.000000 0.021409 0.040624 0.000000 0.177262 0.042849 0.000000 
0.000000 0.000000 0.000000 0.250308 0.259375 0.000000 0.038647 0.000000 0.208129 0.000000 0.019296 0.224241 0.000000 0.000000 0.000000 0.000004 0.000000 
0.065889 0.016128 0.000000 0.224860 0.000000 0.000000 0.030022 0.000000 0.142796 0.073348 0.000000 0.027494 0.000000 0.072955 0.233892 0.051567 0.061051 
0.033821 0.000000 0.007490 0.183254 0.000000 0.000000 0.047087 0.000000 0.000000 0.000000 0.000000 0.043988 0.000000 0.000000 0.000000 0.642627 0.041731 
0.000000 0.000000 0.456229 0.080901 0.000000 0.000000 0.052585 0.000000 0.005826 0.000000 0.032657 0.000000 0.000000 0.000000 0.291071 0.080731 0.000000 
0.000000 0.011363 0.000000 0.113397 0.000000 0.000000 0.122845 0.000000 0.000000 0.000000 0.478888 0.033683 0.060536 0.000000 0.000000 0.179288 0.000000 
0.023397 0.000000 0.365365 0.384530 0.039070 0.000000 0.025461 0.000000 0.000000 0.000000 0.000000 0.000000 0.000000 0.015355 0.095633 0.051189 0.000000 
0.028093 0.000000 0.000000 0.238441 0.463876 0.000000 0.095682 0.000000 0.070337 0.000000 0.000000 0.079388 0.000000 0.024179 0.000000 0.000004 0.000000 
0.000000 0.000000 0.000000 0.256344 0.000000 0.021403 0.000183 0.000000 0.000000 0.064530 0.000000 0.000000 0.045647 0.102799 0.000000 0.509092 0.000000 
0.000000 0.006652 0.263331 0.010534 0.000000 0.047130 0.000250 0.000000 0.004809 0.000000 0.000000 0.000000 0.000000 0.000000 0.667291 0.000004 0.000000 
0.000000 0.000000 0.743275 0.089498 0.000000 0.000000 0.024149 0.000000 0.000000 0.000000 0.000000 0.033763 0.000000 0.000000 0.000000 0.109316 0.000000 
0.000000 0.000000 0.000000 0.813313 0.023305 0.000000 0.078781 0.000000 0.016740 0.000000 0.000000 0.007620 0.000000 0.000000 0.000000 0.060241 0.000000 
0.000000 0.026681 0.000000 0.335053 0.053316 0.000000 0.000095 0.000000 0.000000 0.223237 0.000000 0.000000 0.063928 0.190163 0.070261 0.037266 0.000000 
0.000000 0.000000 0.000000 0.014906 0.000000 0.000000 0.097450 0.000000 0.881888 0.000000 0.000000 0.000000 0.000000 0.000000 0.000000 0.005756 0.000000 
0.000000 0.000000 0.000000 0.053662 0.000000 0.000000 0.000117 0.000000 0.642672 0.000000 0.000000 0.000000 0.000000 0.000000 0.121015 0.182535 0.000000 
0.000000 0.000000 0.000000 0.055185 0.000000 0.000000 0.424677 0.000000 0.411854 0.000000 0.000000 0.000000 0.033620 0.000000 0.043659 0.031005 0.000000 
0.016753 0.000000 0.009940 0.693551 0.021673 0.026145 0.067332 0.000000 0.011089 0.046015 0.000000 0.022311 0.000000 0.000000 0.000000 0.039096 0.046096 
0.000000 0.000000 0.182160 0.013937 0.000000 0.000000 0.196123 0.000000 0.000000 0.000000 0.435596 0.024747 0.000000 0.000000 0.123024 0.024412 0.000000 
0.000000 0.000000 0.595656 0.037589 0.004648 0.000000 0.285636 0.000000 0.000000 0.000000 0.000000 0.000000 0.000000 0.000000 0.062905 0.013566 0.000000 
0.060541 0.000000 0.000000 0.163240 0.000000 0.000000 0.038806 0.000000 0.000000 0.030672 0.067358 0.032378 0.072856 0.000000 0.534146 0.000004 0.000000 
0.117789 0.017610 0.013860 0.398870 0.000000 0.000000 0.053379 0.000000 0.000000 0.000000 0.026808 0.061402 0.190772 0.000000 0.000000 0.000004 0.119507 
0.000000 0.000000 0.000000 0.152474 0.099805 0.000000 0.173462 0.000000 0.000000 0.000000 0.324355 0.080740 0.000000 0.000000 0.000000 0.169164 0.000000 
0.000000 0.000000 0.000000 0.784620 0.044118 0.000000 0.061187 0.000000 0.000000 0.000000 0.000000 0.000000 0.000000 0.062619 0.000000 0.047456 0.000000 
0.040293 0.000000 0.000000 0.163125 0.000000 0.000000 0.029505 0.104015 0.143929 0.098948 0.000000 0.000000 0.059220 0.071774 0.274348 0.014842 0.000000 
0.161005 0.012143 0.010907 0.317766 0.000000 0.000000 0.086433 0.000000 0.000000 0.000000 0.000000 0.013857 0.261559 0.025678 0.000000 0.020551 0.090101 
0.012797 0.000000 0.000000 0.799928 0.000000 0.000000 0.066458 0.000000 0.058812 0.000000 0.000000 0.021342 0.000000 0.000000 0.000000 0.040663 0.000000 
0.005064 0.018067 0.000000 0.082826 0.000000 0.000000 0.010039 0.000000 0.000000 0.000000 0.000000 0.000000 0.000000 0.000000 0.000000 0.884003 0.000000 
0.000000 0.000000 0.000000 0.012311 0.000000 0.000000 0.150574 0.043384 0.000000 0.010713 0.572470 0.000000 0.000000 0.000000 0.147102 0.063446 0.000000 
0.020240 0.000000 0.000000 0.048297 0.000000 0.000000 0.106321 0.103004 0.578773 0.000000 0.000000 0.011948 0.045315 0.000000 0.086097 0.000004 0.000000 
0.050634 0.025608 0.020697 0.210128 0.000000 0.000000 0.101805 0.000000 0.000000 0.000000 0.209381 0.021473 0.129668 0.000000 0.154882 0.000004 0.075720 
0.000000 0.000000 0.000000 0.228619 0.000000 0.032715 0.041990 0.000000 0.000000 0.000000 0.037727 0.024677 0.042240 0.000000 0.000000 0.592031 0.000000 
0.057517 0.000000 0.475969 0.184896 0.000000 0.000000 0.028656 0.000000 0.000000 0.022652 0.000000 0.000000 0.100945 0.051406 0.000000 0.077958 0.000000 
0.017463 0.000000 0.039948 0.069558 0.000000 0.054733 0.000091 0.043889 0.000000 0.000000 0.000000 0.000000 0.030969 0.000000 0.743345 0.000004 0.000000 
0.000000 0.000000 0.000000 0.070288 0.000000 0.000000 0.681965 0.036402 0.057194 0.000000 0.122593 0.000000 0.016782 0.014773 0.000000 0.000004 0.000000 
0.000000 0.011132 0.041567 0.099502 0.000000 0.000000 0.617913 0.067991 0.108625 0.000000 0.036749 0.000000 0.000000 0.016516 0.000000 0.000005 0.000000 
0.000000 0.000000 0.000000 0.307441 0.000000 0.000000 0.067459 0.000000 0.021906 0.059167 0.000000 0.067496 0.118214 0.092878 0.000000 0.265437 0.000000 
0.000000 0.000000 0.000000 0.090716 0.031501 0.000000 0.026620 0.000000 0.654935 0.000000 0.120068 0.000000 0.000000 0.000000 0.076156 0.000005 0.000000 
0.000000 0.000000 0.346356 0.075234 0.023868 0.000000 0.342903 0.000000 0.019408 0.029893 0.000000 0.000000 0.000000 0.000000 0.000000 0.162338 0.000000 
0.029375 0.000000 0.000000 0.381031 0.039447 0.000000 0.050212 0.025849 0.011717 0.168867 0.000000 0.000000 0.023322 0.241344 0.000000 0.028836 0.000000 
0.000000 0.000000 0.000000 0.328392 0.000000 0.039123 0.040842 0.000000 0.000000 0.000000 0.000000 0.010781 0.000000 0.000000 0.549204 0.031657 0.000000 
0.000000 0.000000 0.000000 0.622826 0.223437 0.000000 0.056777 0.000000 0.021999 0.000000 0.000000 0.000000 0.000000 0.000000 0.000000 0.027954 0.047007 
0.051596 0.012214 0.320533 0.095286 0.000000 0.000000 0.119297 0.000000 0.230003 0.000000 0.030552 0.000000 0.000000 0.031715 0.000000 0.076834 0.031970 
0.000000 0.008594 0.000000 0.343470 0.023375 0.000000 0.234382 0.040475 0.000000 0.197588 0.000000 0.034936 0.000000 0.117175 0.000000 0.000004 0.000000 
0.040806 0.000000 0.000000 0.202179 0.501003 0.000000 0.088160 0.000000 0.009624 0.000000 0.000000 0.158223 0.000000 0.000000 0.000000 0.000004 0.000000 
0.023131 0.011207 0.027049 0.047108 0.000000 0.100594 0.080685 0.121684 0.006159 0.000000 0.017600 0.000000 0.000000 0.000000 0.564777 0.000004 0.000000 
0.000000 0.000000 0.348056 0.180032 0.219334 0.000000 0.062922 0.000000 0.000000 0.000000 0.038272 0.151380 0.000000 0.000000 0.000000 0.000004 0.000000 
0.027470 0.000000 0.013860 0.080046 0.000000 0.000000 0.304978 0.000000 0.000000 0.000000 0.000000 0.000000 0.000000 0.008843 0.000000 0.564804 0.000000 
0.060395 0.000000 0.000000 0.310342 0.000000 0.000000 0.081521 0.000000 0.035398 0.056463 0.022951 0.057463 0.205073 0.114139 0.000000 0.000004 0.056251 
0.031220 0.000000 0.000000 0.238472 0.359234 0.000000 0.092809 0.000000 0.000000 0.044374 0.000000 0.123290 0.070427 0.000000 0.000000 0.000004 0.040169 
0.000000 0.000000 0.000000 0.613564 0.031376 0.000000 0.249220 0.000000 0.011619 0.000000 0.000000 0.000000 0.000000 0.031632 0.000000 0.034752 0.027836 
0.000000 0.010948 0.187005 0.001596 0.000000 0.062878 0.042575 0.000000 0.007951 0.000000 0.128833 0.000000 0.000000 0.000000 0.554665 0.003548 0.000000 
0.075436 0.000000 0.000000 0.212914 0.312956 0.000000 0.059539 0.000000 0.033686 0.000000 0.020931 0.071973 0.000000 0.049639 0.000000 0.000004 0.162922 
0.000000 0.000000 0.000000 0.077895 0.000000 0.000000 0.016989 0.000000 0.000000 0.000000 0.000000 0.000000 0.000000 0.033213 0.000000 0.871903 0.000000 
0.083872 0.006492 0.000000 0.655340 0.000000 0.000000 0.039735 0.000000 0.034700 0.000000 0.000000 0.000000 0.091682 0.000000 0.000000 0.000004 0.088176 
0.021498 0.028203 0.000000 0.050788 0.096437 0.016676 0.096948 0.000000 0.087049 0.000000 0.000000 0.000000 0.000000 0.000000 0.602398 0.000004 0.000000 
0.065129 0.000000 0.000000 0.157240 0.000000 0.000000 0.048907 0.000000 0.062370 0.000000 0.000000 0.000000 0.068894 0.000000 0.507481 0.063798 0.026181 
0.028420 0.000000 0.000000 0.144239 0.153341 0.000000 0.028971 0.000000 0.380327 0.000000 0.000000 0.053645 0.000000 0.000000 0.058923 0.152135 0.000000 
0.000000 0.000000 0.000000 0.860616 0.000000 0.000000 0.050432 0.000000 0.000000 0.000000 0.000000 0.000000 0.000000 0.036595 0.000000 0.052356 0.000000 
0.000000 0.016671 0.000000 0.334726 0.029365 0.000000 0.413821 0.000000 0.019326 0.092418 0.000000 0.000000 0.000000 0.066191 0.000000 0.027482 0.000000 
0.000000 0.000000 0.000000 0.353372 0.119874 0.000000 0.011597 0.000000 0.283556 0.131696 0.000000 0.000000 0.034092 0.065808 0.000000 0.000004 0.000000 
0.040116 0.000000 0.000000 0.181498 0.036322 0.000000 0.637518 0.000000 0.000000 0.000000 0.000000 0.000000 0.048077 0.023994 0.000000 0.000004 0.032472 
0.000000 0.000000 0.000000 0.738460 0.000000 0.011745 0.062976 0.069580 0.000000 0.000000 0.000000 0.055598 0.000000 0.000000 0.000000 0.061641 0.000000 
0.000000 0.000000 0.047366 0.119519 0.000000 0.019432 0.023064 0.000000 0.000000 0.000000 0.000000 0.000000 0.017438 0.000000 0.000000 0.773181 0.000000 
0.000000 0.000000 0.000000 0.012741 0.000000 0.000000 0.007940 0.000000 0.664324 0.000000 0.000000 0.000000 0.000000 0.000000 0.000000 0.314996 0.000000 
0.000000 0.000000 0.000000 0.208127 0.381788 0.000000 0.087120 0.000000 0.062451 0.000000 0.075457 0.185053 0.000000 0.000000 0.000000 0.000004 0.000000 
0.030665 0.000000 0.000000 0.103315 0.000000 0.000000 0.156353 0.000000 0.251226 0.000000 0.268356 0.000000 0.000000 0.000000 0.190080 0.000004 0.000000 
0.000000 0.000000 0.016965 0.777875 0.000000 0.014555 0.068027 0.000000 0.000000 0.000000 0.000000 0.037268 0.000000 0.000000 0.000000 0.085309 0.000000 
0.022269 0.000000 0.061689 0.113064 0.033558 0.000000 0.710586 0.047599 0.000000 0.000000 0.000000 0.000000 0.000000 0.000000 0.000000 0.011235 0.000000 
0.000000 0.000000 0.000000 0.065265 0.000000 0.000000 0.000156 0.043581 0.263101 0.000000 0.000000 0.000000 0.025287 0.000000 0.000000 0.602609 0.000000 
0.020483 0.000000 0.009577 0.196010 0.176056 0.000000 0.501522 0.000000 0.000000 0.000000 0.000000 0.058705 0.000000 0.000000 0.000000 0.037647 0.000000 
0.000000 0.000000 0.038371 0.103713 0.000000 0.070111 0.000124 0.000000 0.147128 0.000000 0.028984 0.000000 0.000000 0.000000 0.000000 0.611568 0.000000 
0.037053 0.000000 0.029150 0.105409 0.009626 0.000000 0.026409 0.000000 0.000000 0.000000 0.000000 0.000000 0.097064 0.000000 0.634053 0.016294 0.044942 
0.000000 0.000000 0.857072 0.005533 0.000000 0.000000 0.008166 0.014458 0.000000 0.000000 0.000000 0.000000 0.000000 0.000000 0.109070 0.005700 0.000000 
0.074420 0.000000 0.028736 0.049894 0.000000 0.071199 0.026804 0.051308 0.031650 0.000000 0.000000 0.000000 0.069701 0.000000 0.561487 0.000004 0.034796 
0.041785 0.000000 0.000000 0.123862 0.120779 0.000000 0.194132 0.000000 0.040934 0.000000 0.443557 0.013275 0.000000 0.000000 0.021671 0.000004 0.000000 
0.122713 0.000000 0.019323 0.195034 0.045365 0.000000 0.012221 0.000000 0.273150 0.000000 0.000000 0.000000 0.207799 0.000000 0.039536 0.000004 0.084855 
0.000000 0.000000 0.000000 0.067027 0.139366 0.000000 0.015156 0.023421 0.650083 0.000000 0.000000 0.099588 0.000000 0.000000 0.000000 0.005359 0.000000 
0.013886 0.000000 0.185129 0.008799 0.000000 0.000000 0.005721 0.000000 0.751606 0.000000 0.034854 0.000000 0.000000 0.000000 0.000000 0.000005 0.000000 
0.000000 0.000000 0.000000 0.800613 0.000000 0.000000 0.058447 0.000000 0.000000 0.000000 0.000000 0.043226 0.000000 0.000000 0.000000 0.097713 0.000000 
0.150005 0.000000 0.019280 0.319316 0.000000 0.000000 0.070368 0.000000 0.000000 0.000000 0.000000 0.079521 0.251959 0.000000 0.000000 0.072648 0.036903 
0.000000 0.025456 0.000000 0.083773 0.038568 0.000000 0.484191 0.000000 0.000000 0.030389 0.235167 0.000000 0.000000 0.000000 0.079961 0.022495 0.000000 
0.000000 0.000000 0.036458 0.134319 0.364662 0.070537 0.048017 0.000000 0.000000 0.000000 0.039903 0.151509 0.000000 0.000000 0.154589 0.000005 0.000000 
0.094116 0.000000 0.089959 0.265469 0.000000 0.000000 0.084581 0.000000 0.053983 0.051603 0.000000 0.032539 0.119039 0.043078 0.000000 0.000004 0.165630 
0.121427 0.022284 0.000000 0.326495 0.000000 0.000000 0.084600 0.000000 0.015514 0.059118 0.000000 0.062971 0.126397 0.048949 0.000000 0.000004 0.132242 
0.000000 0.000000 0.260766 0.069765 0.000000 0.000000 0.025307 0.000000 0.000000 0.000000 0.000000 0.000000 0.000000 0.000000 0.184949 0.459213 0.000000 
0.000000 0.000000 0.000000 0.360433 0.211012 0.000000 0.052722 0.000000 0.219179 0.000000 0.000000 0.025383 0.000000 0.000000 0.074010 0.057260 0.000000 
0.000000 0.000000 0.000000 0.315543 0.000000 0.000000 0.305954 0.017652 0.000000 0.040927 0.000000 0.076596 0.099547 0.143776 0.000000 0.000004 0.000000 
0.000000 0.000000 0.000000 0.167275 0.036882 0.000000 0.016692 0.000000 0.731019 0.000000 0.000000 0.000000 0.000000 0.000000 0.000000 0.048131 0.000000 
0.000000 0.000000 0.000000 0.890670 0.030219 0.000000 0.059564 0.000000 0.000000 0.000000 0.000000 0.000000 0.000000 0.000000 0.000000 0.019547 0.000000 
0.000000 0.000000 0.000000 0.160229 0.000000 0.000000 0.021798 0.051539 0.000000 0.000000 0.092517 0.000000 0.000000 0.000000 0.000000 0.673916 0.000000 
0.000000 0.000000 0.000000 0.195767 0.004900 0.000000 0.192409 0.000000 0.000000 0.000000 0.584458 0.000000 0.022462 0.000000 0.000000 0.000004 0.000000 
0.000000 0.000000 0.037462 0.025987 0.000000 0.030546 0.067636 0.000000 0.571890 0.000000 0.000000 0.000000 0.000000 0.000000 0.266475 0.000004 0.000000 
0.045096 0.000000 0.000000 0.136791 0.401539 0.000000 0.000156 0.000000 0.081700 0.000000 0.042489 0.114291 0.000000 0.000000 0.177934 0.000005 0.000000 
0.031639 0.000000 0.000000 0.767570 0.000000 0.000000 0.056710 0.000000 0.000000 0.000000 0.000000 0.000000 0.000000 0.000000 0.000000 0.144081 0.000000 
0.000000 0.000000 0.000000 0.180792 0.052124 0.000000 0.112064 0.000000 0.000000 0.000000 0.320684 0.047793 0.106784 0.125930 0.000000 0.053828 0.000000 
0.039493 0.000000 0.000000 0.287858 0.335938 0.000000 0.069305 0.000000 0.000000 0.000000 0.000000 0.145823 0.055654 0.000000 0.000000 0.014737 0.051191 
0.000000 0.000000 0.000000 0.241667 0.272895 0.000000 0.045672 0.000000 0.000000 0.000000 0.000000 0.093436 0.000000 0.000000 0.000000 0.346330 0.000000 
0.000000 0.000000 0.298429 0.302257 0.000000 0.000000 0.139863 0.000000 0.034487 0.026848 0.178149 0.000000 0.000000 0.000000 0.000000 0.019966 0.000000 
0.000000 0.000000 0.000000 0.271882 0.406994 0.000000 0.009332 0.000000 0.112672 0.000000 0.000000 0.104716 0.000000 0.053546 0.000000 0.013119 0.027740 
0.000000 0.000000 0.000000 0.104887 0.000000 0.000000 0.443126 0.044362 0.014763 0.000000 0.000000 0.020177 0.056038 0.000000 0.000000 0.316648 0.000000 
0.000000 0.000000 0.109526 0.641950 0.038023 0.000000 0.049635 0.000000 0.000000 0.000000 0.000000 0.017752 0.000000 0.000000 0.078937 0.064177 0.000000 
0.000000 0.000000 0.037012 0.248119 0.020266 0.000000 0.065872 0.000000 0.000000 0.075989 0.050512 0.000000 0.076230 0.056863 0.000000 0.369137 0.000000 
0.042383 0.000000 0.609501 0.090509 0.009986 0.000000 0.036125 0.000000 0.010631 0.000000 0.000000 0.000000 0.080279 0.033504 0.000000 0.000004 0.087078 
0.000000 0.029076 0.000000 0.186510 0.016973 0.000000 0.057770 0.000000 0.000000 0.122210 0.024307 0.000000 0.049166 0.075188 0.438796 0.000004 0.000000 
0.013793 0.000000 0.000000 0.357326 0.000000 0.000000 0.021454 0.000000 0.038975 0.000000 0.000000 0.000000 0.089283 0.044465 0.000000 0.434704 0.000000 
0.019371 0.000000 0.098989 0.129260 0.166523 0.000000 0.025070 0.000000 0.000000 0.000000 0.000000 0.042749 0.000000 0.000000 0.123757 0.394280 0.000000 
0.000000 0.000000 0.031315 0.189099 0.016506 0.046468 0.014858 0.050527 0.000000 0.053718 0.000000 0.009124 0.000000 0.000000 0.558982 0.029401 0.000000 
0.000000 0.000000 0.007203 0.083713 0.040318 0.000000 0.267947 0.000000 0.000000 0.000000 0.540790 0.000000 0.060025 0.000000 0.000000 0.000004 0.000000 
0.088142 0.000000 0.000000 0.249417 0.000000 0.000000 0.032745 0.000000 0.431888 0.000000 0.000000 0.008278 0.118181 0.000000 0.000000 0.071349 0.000000 
0.071523 0.000000 0.000000 0.312316 0.072226 0.012349 0.030754 0.000000 0.158387 0.046943 0.000000 0.000000 0.066555 0.000000 0.000000 0.228948 0.000000 
0.011793 0.000000 0.000000 0.014032 0.000000 0.046307 0.000103 0.022522 0.178539 0.000000 0.000000 0.000000 0.000000 0.000000 0.707462 0.019242 0.000000 
0.000000 0.000000 0.016210 0.150108 0.000000 0.000000 0.572902 0.000000 0.030975 0.000000 0.000000 0.014981 0.000000 0.000000 0.000000 0.209853 0.004970 
0.000000 0.000000 0.000000 0.207165 0.000000 0.000000 0.572180 0.042545 0.075190 0.000000 0.051374 0.022874 0.000000 0.028667 0.000000 0.000004 0.000000 
0.000000 0.000000 0.000000 0.145363 0.002095 0.000000 0.060768 0.008480 0.000000 0.000000 0.000000 0.000000 0.000000 0.000000 0.000000 0.783294 0.000000 
0.000000 0.000000 0.000000 0.103233 0.000000 0.000000 0.000165 0.000000 0.747398 0.000000 0.000000 0.000000 0.000000 0.000000 0.000000 0.107217 0.041987 
0.037558 0.000000 0.000000 0.074062 0.000000 0.000000 0.327769 0.000000 0.497009 0.000000 0.000000 0.000000 0.063599 0.000000 0.000000 0.000004 0.000000 
0.031276 0.000000 0.000000 0.181002 0.000000 0.000000 0.000135 0.000000 0.114085 0.000000 0.030631 0.000000 0.000000 0.000000 0.000000 0.642870 0.000000 
0.000000 0.000000 0.000000 0.103352 0.006031 0.060470 0.011278 0.000000 0.000000 0.000000 0.083251 0.000000 0.000000 0.000000 0.672158 0.063459 0.000000 
0.000000 0.000000 0.916301 0.026858 0.000000 0.000000 0.007806 0.000000 0.000000 0.012667 0.000000 0.000000 0.017888 0.018476 0.000000 0.000004 0.000000 
0.000000 0.000000 0.027067 0.242481 0.036214 0.000000 0.321991 0.000000 0.091370 0.191803 0.000000 0.000000 0.000000 0.089068 0.000000 0.000004 0.000000 
0.044526 0.000000 0.000000 0.031416 0.000000 0.000000 0.451313 0.000000 0.321414 0.000000 0.059301 0.000000 0.000000 0.028477 0.000000 0.063553 0.000000 
0.000000 0.000000 0.202407 0.142641 0.000000 0.000000 0.000131 0.000000 0.598443 0.000000 0.044310 0.000000 0.000000 0.000000 0.000000 0.012068 0.000000 
0.000000 0.000000 0.016238 0.063795 0.000000 0.000000 0.000144 0.000000 0.491291 0.000000 0.000000 0.000000 0.000000 0.000000 0.414790 0.013743 0.000000 
0.032059 0.000000 0.140599 0.037706 0.000000 0.000000 0.207619 0.027080 0.000000 0.000000 0.554934 0.000000 0.000000 0.000000 0.000000 0.000004 0.000000 
0.000000 0.000000 0.187044 0.062377 0.000000 0.000000 0.422555 0.000000 0.000000 0.000000 0.238233 0.003473 0.046319 0.000000 0.000000 0.000004 0.039994 
