-1977045.740041
0
0.001581 0.001835 0.000338 0.004552 0.000647 0.000511 0.000000 0.000643 0.017565 0.011125 0.094391 0.010419 0.000566 0.001220 0.000378 0.004064 0.007167 0.006256 0.010836 0.004563 0.000000 0.002901 0.001152 0.008167 0.003770 0.006016 0.002756 0.023475 0.000000 0.000000 0.000000 0.000000 0.008392 0.009911 0.064309 0.008013 0.000000 0.000228 0.000000 0.000633 0.003293 0.003306 0.010702 0.003543 0.000984 0.002508 0.003082 0.012425 0.002011 0.002485 0.000000 0.006691 0.000000 0.000961 0.000000 0.000372 0.027414 0.039116 0.088968 0.029071 0.000000 0.000471 0.000000 0.000449 0.010927 0.008266 0.007858 0.010660 0.000000 0.001140 0.000652 0.002502 0.018705 0.006908 0.001884 0.132398 0.000000 0.000000 0.000000 0.000000 0.004846 0.016552 0.125740 0.019761 0.000965 0.000697 0.000000 0.002005 0.005863 0.006645 0.009236 0.007383 0.003314 0.005503 0.001321 0.032035 
0.000000 0.000438 0.000000 0.000068 0.000214 0.000311 0.000210 0.000405 0.004303 0.011720 0.001536 0.003678 0.000424 0.000329 0.000352 0.001166 0.001296 0.000352 0.000482 0.001314 0.000000 0.000000 0.000243 0.000000 0.000782 0.000183 0.000000 0.000173 0.000088 0.000165 0.000214 0.000237 0.049272 0.058898 0.013683 0.049177 0.000000 0.000771 0.000192 0.001220 0.000739 0.000753 0.000317 0.002076 0.000000 0.000418 0.000413 0.000214 0.000000 0.000000 0.000201 0.000000 0.000000 0.000000 0.000000 0.000178 0.003718 0.011795 0.000003 0.009813 0.000000 0.000189 0.000000 0.000405 0.000000 0.000000 0.000253 0.004354 0.000000 0.000000 0.000989 0.000176 0.007579 0.004018 0.001219 0.004443 0.019052 0.000398 0.000884 0.032328 0.258586 0.198491 0.072577 0.150437 0.000246 0.000690 0.000315 0.002608 0.001389 0.000921 0.001009 0.001051 0.000000 0.000300 0.000561 0.000000 
0.028199 0.022869 0.006535 0.020293 0.011410 0.006550 0.002200 0.010661 0.016168 0.007966 0.008545 0.013631 0.010155 0.007712 0.011065 0.013535 0.019375 0.007919 0.014529 0.018500 0.007544 0.001445 0.005690 0.005266 0.027660 0.028062 0.003720 0.025552 0.009024 0.007794 0.003209 0.010860 0.014682 0.010098 0.006607 0.017334 0.008241 0.011851 0.018498 0.015045 0.009344 0.009884 0.011269 0.014834 0.004698 0.003417 0.008192 0.011938 0.022960 0.020647 0.007620 0.017415 0.005670 0.006525 0.002185 0.008148 0.009313 0.006692 0.004467 0.009337 0.006128 0.005413 0.009001 0.008555 0.008435 0.005814 0.007383 0.007839 0.002571 0.000960 0.006683 0.006128 0.022966 0.025433 0.004040 0.023683 0.004753 0.009260 0.001501 0.009361 0.004904 0.006732 0.000003 0.008326 0.011987 0.007586 0.009418 0.014787 0.009039 0.008199 0.006028 0.012907 0.010325 0.003206 0.006781 0.013309 
0.638065 0.133713 0.228223 
0.188691 0.141117 0.670192 
0.124171 0.259348 0.616482 
0.613394 0.017964 0.368642 
0.463488 0.021224 0.515288 
0.801775 0.017295 0.180930 
0.888028 0.018523 0.093449 
0.342047 0.404808 0.253146 
0.260732 0.386024 0.353244 
0.341081 0.521861 0.137058 
0.019890 0.791720 0.188390 
0.418506 0.003990 0.577504 
0.604486 0.035882 0.359632 
0.541219 0.064104 0.394677 
0.125349 0.007914 0.866737 
0.384723 0.547104 0.068172 
0.755432 0.000070 0.244498 
0.168984 0.027787 0.803229 
0.069317 0.787820 0.142863 
0.984395 0.005597 0.010008 
0.046617 0.181490 0.771892 
0.128008 0.580632 0.291360 
0.529731 0.114569 0.355700 
0.703918 0.120854 0.175229 
0.000408 0.167081 0.832510 
0.002332 0.967950 0.029718 
0.503117 0.276572 0.220311 
0.080056 0.024759 0.895186 
0.000310 0.006768 0.992921 
0.629747 0.205971 0.164282 
0.076812 0.000055 0.923133 
0.069657 0.006653 0.923690 
0.682012 0.000058 0.317930 
0.402870 0.032621 0.564509 
0.113253 0.036576 0.850171 
0.642667 0.044588 0.312744 
0.083628 0.114162 0.802210 
0.000804 0.540183 0.459013 
0.062597 0.141629 0.795774 
0.345597 0.527187 0.127216 
0.326578 0.000052 0.673369 
0.185720 0.253785 0.560495 
0.023935 0.017096 0.958969 
0.079304 0.759371 0.161325 
0.533924 0.000055 0.466022 
0.024442 0.467105 0.508452 
0.235395 0.000054 0.764551 
0.000285 0.012830 0.986885 
0.006159 0.976960 0.016881 
0.013574 0.758070 0.228356 
0.080290 0.000052 0.919657 
0.000293 0.101079 0.898628 
0.979823 0.006398 0.013779 
0.664518 0.108434 0.227048 
0.824262 0.059008 0.116730 
0.064880 0.032989 0.902131 
0.619822 0.290769 0.089408 
0.242518 0.700543 0.056939 
0.146284 0.513063 0.340653 
0.095100 0.041663 0.863237 
0.462469 0.000046 0.537485 
0.054403 0.000062 0.945535 
0.203323 0.370073 0.426604 
0.109907 0.049432 0.840660 
0.110099 0.000062 0.889839 
0.004823 0.000061 0.995117 
0.715888 0.119121 0.164991 
0.752045 0.161746 0.086209 
0.343010 0.178709 0.478281 
0.042279 0.014276 0.943445 
0.012736 0.521520 0.465744 
0.001099 0.872454 0.126447 
0.843598 0.034102 0.122300 
0.727608 0.129405 0.142988 
0.074666 0.015577 0.909757 
0.837696 0.057316 0.104988 
0.330513 0.387674 0.281813 
0.050411 0.041832 0.907757 
0.049742 0.566381 0.383877 
0.089092 0.003606 0.907302 
0.359779 0.372317 0.267904 
0.216580 0.057486 0.725934 
0.153213 0.000057 0.846729 
0.128919 0.768991 0.102090 
0.120382 0.346078 0.533540 
0.273487 0.025551 0.700962 
0.152448 0.027063 0.820489 
0.137586 0.011914 0.850500 
0.262301 0.000048 0.737651 
0.183973 0.787157 0.028870 
0.154235 0.022369 0.823396 
0.010292 0.000071 0.989637 
0.077188 0.020057 0.902755 
0.280916 0.588946 0.130138 
0.149495 0.506494 0.344011 
0.466163 0.046194 0.487643 
0.041553 0.000070 0.958377 
0.414675 0.023217 0.562108 
0.305171 0.009053 0.685776 
0.643220 0.026017 0.330764 
0.073380 0.047305 0.879316 
0.000852 0.062382 0.936766 
0.690378 0.000060 0.309562 
0.294851 0.000050 0.705100 
0.705942 0.153546 0.140512 
0.056579 0.028705 0.914716 
0.701292 0.132457 0.166251 
0.250751 0.048497 0.700752 
0.524516 0.013410 0.462075 
0.132789 0.095351 0.771861 
0.055159 0.687360 0.257481 
0.009771 0.988586 0.001644 
0.114002 0.681439 0.204559 
0.682486 0.009647 0.307867 
0.362889 0.089701 0.547410 
0.768345 0.010794 0.220862 
0.769975 0.220575 0.009451 
0.043131 0.000050 0.956819 
0.081192 0.038137 0.880670 
0.703481 0.081433 0.215086 
0.144779 0.201965 0.653256 
0.168199 0.137743 0.694059 
0.126104 0.026313 0.847583 
0.002479 0.460149 0.537372 
0.311117 0.066717 0.622166 
0.303860 0.034504 0.661636 
0.770458 0.000052 0.229490 
0.043581 0.000084 0.956336 
0.089848 0.026773 0.883379 
0.704729 0.000072 0.295199 
0.656534 0.315338 0.028128 
0.217746 0.142293 0.639961 
0.032175 0.000076 0.967749 
0.390438 0.000054 0.609508 
0.101253 0.009487 0.889260 
0.041248 0.000047 0.958705 
0.299297 0.317817 0.382886 
0.166670 0.000076 0.833254 
0.455717 0.039083 0.505201 
0.049414 0.182175 0.768411 
0.079222 0.057720 0.863058 
0.053270 0.664395 0.282335 
0.103373 0.466886 0.429741 
0.053505 0.000059 0.946436 
0.022802 0.220409 0.756789 
0.018982 0.666954 0.314064 
0.775892 0.003296 0.220812 
0.510985 0.011896 0.477119 
0.191569 0.011006 0.797425 
0.211809 0.745141 0.043050 
0.555929 0.039773 0.404298 
0.677061 0.050093 0.272846 
0.036569 0.008204 0.955227 
0.781421 0.000072 0.218507 
0.831143 0.027998 0.140859 
0.115853 0.000050 0.884097 
0.101022 0.700492 0.198486 
0.008163 0.935815 0.056023 
0.377201 0.070152 0.552647 
0.812118 0.026127 0.161755 
0.616521 0.226142 0.157336 
0.522971 0.417574 0.059455 
0.724227 0.165135 0.110638 
0.626294 0.219950 0.153757 
0.488957 0.430009 0.081034 
0.316197 0.376268 0.307535 
0.073005 0.000035 0.926961 
0.158550 0.045184 0.796266 
0.117871 0.014874 0.867255 
0.882329 0.025418 0.092253 
0.562135 0.079471 0.358394 
0.022044 0.030264 0.947692 
0.025240 0.015945 0.958815 
0.095458 0.052986 0.851557 
0.071602 0.000068 0.928330 
0.382502 0.397757 0.219741 
0.285436 0.017526 0.697038 
0.116267 0.013231 0.870502 
0.315358 0.484048 0.200594 
0.662486 0.167766 0.169748 
0.001410 0.409754 0.588836 
0.910044 0.000032 0.089924 
0.069192 0.074182 0.856626 
0.482622 0.435897 0.081481 
0.079543 0.000049 0.920408 
0.004285 0.989657 0.006058 
0.607128 0.054555 0.338317 
0.206033 0.268805 0.525162 
0.092389 0.661815 0.245796 
0.380685 0.476988 0.142327 
0.047349 0.280553 0.672098 
0.089731 0.000051 0.910218 
0.772914 0.000058 0.227028 
0.051692 0.002648 0.945660 
0.173648 0.569713 0.256639 
0.342297 0.638073 0.019630 
0.021007 0.006303 0.972690 
0.017113 0.255658 0.727229 
0.528741 0.029597 0.441663 
0.947716 0.046364 0.005921 
0.157890 0.123902 0.718208 
0.099139 0.060781 0.840080 
0.007037 0.957523 0.035440 
0.086743 0.009174 0.904083 
0.000433 0.103702 0.895865 
0.044989 0.001379 0.953632 
0.011974 0.005959 0.982068 
0.911992 0.000049 0.087960 
0.611549 0.003559 0.384892 
0.506407 0.085039 0.408554 
0.698317 0.000066 0.301617 
0.455583 0.491008 0.053409 
0.751619 0.102083 0.146298 
0.499160 0.351239 0.149601 
0.081793 0.240541 0.677667 
0.004814 0.971258 0.023928 
0.334922 0.263665 0.401413 
0.342466 0.423200 0.234334 
0.003465 0.953663 0.042873 
0.135050 0.007149 0.857801 
0.160310 0.737867 0.101823 
0.887168 0.029941 0.082890 
0.062039 0.110477 0.827484 
0.445020 0.018544 0.536437 
0.010289 0.000617 0.989093 
0.702970 0.016494 0.280536 
0.056763 0.016271 0.926966 
0.305570 0.000056 0.694375 
0.017969 0.010257 0.971774 
0.408517 0.213880 0.377603 
0.249272 0.619030 0.131697 
0.043681 0.000068 0.956251 
0.001507 0.003987 0.994507 
0.070792 0.903333 0.025875 
0.002376 0.949895 0.047729 
0.206950 0.709321 0.083729 
0.086605 0.029584 0.883811 
0.216695 0.392631 0.390674 
0.021552 0.045296 0.933151 
0.020753 0.430949 0.548298 
0.069153 0.811803 0.119044 
0.191709 0.000064 0.808227 
0.006481 0.124323 0.869196 
0.503119 0.413978 0.082903 
0.071063 0.080806 0.848131 
0.081569 0.035530 0.882901 
0.689146 0.114850 0.196004 
0.082074 0.031621 0.886305 
0.963881 0.000063 0.036056 
0.125853 0.036812 0.837334 
0.245710 0.648822 0.105468 
0.159631 0.000065 0.840304 
0.098038 0.000073 0.901888 
0.105991 0.791834 0.102175 
0.949403 0.006215 0.044382 
0.402688 0.010872 0.586440 
0.153849 0.000062 0.846090 
0.191637 0.208968 0.599395 
0.697063 0.013968 0.288970 
0.868123 0.003057 0.128820 
0.010025 0.377323 0.612651 
0.075153 0.845602 0.079245 
0.119814 0.029845 0.850342 
0.251896 0.018662 0.729441 
0.005790 0.990478 0.003733 
0.061430 0.000068 0.938502 
0.284263 0.000041 0.715696 
0.527626 0.050192 0.422181 
0.860349 0.021588 0.118063 
0.078377 0.298302 0.623320 
0.050138 0.000059 0.949804 
0.253724 0.000058 0.746218 
0.005037 0.011345 0.983618 
0.206069 0.000046 0.793885 
0.000930 0.030775 0.968295 
0.052452 0.000116 0.947432 
0.330039 0.028258 0.641703 
0.974555 0.015182 0.010263 
0.048271 0.042096 0.909633 
0.551829 0.024486 0.423684 
0.588730 0.035956 0.375314 
0.000401 0.368923 0.630676 
0.034199 0.034522 0.931278 
0.010550 0.978185 0.011266 
0.573125 0.287730 0.139145 
0.000270 0.000064 0.999666 
0.010931 0.065953 0.923116 
0.118038 0.261849 0.620113 
0.634660 0.193704 0.171636 
0.001443 0.251621 0.746936 
0.033148 0.473105 0.493747 
0.029091 0.069582 0.901327 
0.114061 0.117363 0.768576 
0.174081 0.614511 0.211408 
0.061436 0.236451 0.702113 
0.000363 0.191213 0.808424 
0.133746 0.571573 0.294681 
0.061668 0.570946 0.367386 
0.077271 0.072218 0.850511 
0.035538 0.770210 0.194253 
0.014395 0.032677 0.952928 
0.089213 0.165097 0.745690 
0.146838 0.072444 0.780718 
0.062584 0.000069 0.937348 
0.024312 0.000053 0.975635 
0.655166 0.021751 0.323084 
0.080117 0.012155 0.907729 
0.082170 0.015415 0.902415 
0.851760 0.057806 0.090434 
0.089378 0.097996 0.812627 
0.060043 0.000062 0.939895 
0.028350 0.003179 0.968470 
0.388396 0.527254 0.084349 
0.283265 0.622694 0.094041 
0.032334 0.912380 0.055286 
0.344675 0.247956 0.407369 
0.131002 0.099603 0.769395 
0.370101 0.002167 0.627732 
0.183655 0.000063 0.816281 
0.979920 0.019330 0.000750 
0.000476 0.051909 0.947615 
0.663372 0.335139 0.001490 
0.255722 0.451982 0.292295 
0.144205 0.000569 0.855226 
0.019204 0.289975 0.690821 
0.001383 0.340695 0.657922 
0.139286 0.046715 0.813999 
0.958873 0.040159 0.000968 
0.088511 0.879378 0.032111 
0.084047 0.039470 0.876483 
0.014377 0.457823 0.527800 
0.520548 0.402234 0.077218 
0.259623 0.508919 0.231458 
0.060851 0.810406 0.128743 
0.813520 0.071166 0.115314 
0.001185 0.913384 0.085432 
0.027419 0.272723 0.699858 
0.367593 0.016282 0.616125 
0.309593 0.157191 0.533217 
0.052261 0.025952 0.921787 
0.256978 0.000068 0.742954 
0.000429 0.012133 0.987439 
0.006109 0.131518 0.862374 
0.293325 0.671449 0.035226 
0.331110 0.000205 0.668685 
0.910220 0.007795 0.081985 
0.339534 0.000049 0.660417 
0.893283 0.010333 0.096384 
0.161544 0.811116 0.027339 
0.876071 0.009263 0.114665 
0.016582 0.000048 0.983370 
0.638815 0.180142 0.181043 
0.610977 0.063822 0.325202 
0.698567 0.019737 0.281696 
0.759414 0.034501 0.206084 
0.420917 0.269689 0.309394 
0.534916 0.000071 0.465013 
0.529992 0.245329 0.224678 
0.087946 0.002123 0.909931 
0.000463 0.176111 0.823426 
0.779750 0.016245 0.204005 
0.767710 0.049553 0.182736 
0.513307 0.304129 0.182564 
0.091266 0.047703 0.861031 
0.030200 0.000055 0.969745 
0.906454 0.010602 0.082943 
0.000748 0.016708 0.982544 
0.064432 0.478306 0.457262 
0.038203 0.950130 0.011667 
0.375588 0.481963 0.142449 
0.143044 0.687528 0.169428 
0.067114 0.000051 0.932835 
0.067991 0.730812 0.201197 
0.000731 0.782215 0.217054 
0.054656 0.000059 0.945285 
0.352027 0.570649 0.077324 
0.632718 0.039112 0.328170 
0.628445 0.063579 0.307977 
0.807840 0.000067 0.192092 
0.234725 0.035310 0.729964 
0.294596 0.000050 0.705353 
0.272839 0.432247 0.294913 
0.414751 0.081319 0.503930 
0.073965 0.010749 0.915286 
0.009053 0.418718 0.572229 
0.092583 0.022230 0.885187 
0.614670 0.000047 0.385283 
0.035810 0.008314 0.955876 
0.286010 0.060818 0.653172 
0.046622 0.085969 0.867409 
0.337024 0.219993 0.442984 
0.000362 0.019441 0.980197 
0.424052 0.332361 0.243587 
0.021054 0.675551 0.303396 
0.148972 0.266773 0.584255 
0.000270 0.497505 0.502225 
0.147031 0.618773 0.234196 
0.136242 0.000048 0.863709 
0.216257 0.719662 0.064081 
0.061794 0.487219 0.450987 
0.460726 0.133920 0.405354 
0.435520 0.128688 0.435792 
0.080716 0.688228 0.231057 
0.892955 0.031166 0.075879 
0.164435 0.495878 0.339686 
0.201857 0.743661 0.054482 
0.532598 0.063210 0.404192 
0.741982 0.044295 0.213723 
0.498707 0.271533 0.229761 
0.849623 0.007121 0.143257 
0.000854 0.022994 0.976152 
0.606630 0.011908 0.381462 
0.987445 0.011636 0.000919 
0.044882 0.239385 0.715732 
0.256020 0.569933 0.174047 
0.075975 0.212476 0.711549 
0.573888 0.189277 0.236835 
0.899561 0.019685 0.080754 
0.730137 0.054080 0.215783 
0.057606 0.037481 0.904914 
0.794421 0.204845 0.000734 
0.716660 0.009421 0.273919 
0.024521 0.262475 0.713004 
0.133724 0.503859 0.362417 
0.068423 0.032449 0.899128 
0.573600 0.000068 0.426332 
0.017873 0.011847 0.970280 
0.102447 0.067982 0.829571 
0.000292 0.000056 0.999652 
0.106205 0.672765 0.221030 
0.480126 0.462041 0.057832 
0.177310 0.006666 0.816024 
0.015026 0.034534 0.950441 
0.134367 0.864138 0.001495 
0.031568 0.000066 0.968366 
0.167782 0.080193 0.752025 
0.111751 0.845629 0.042620 
0.348272 0.350445 0.301283 
0.295901 0.053745 0.650354 
0.790473 0.041222 0.168306 
0.108404 0.089360 0.802235 
0.048839 0.334696 0.616465 
0.237185 0.720476 0.042339 
0.122365 0.004794 0.872842 
0.102402 0.156409 0.741189 
0.031303 0.396817 0.571880 
0.026352 0.015557 0.958091 
0.372483 0.183017 0.444501 
0.588261 0.330327 0.081412 
0.096583 0.382988 0.520429 
0.059314 0.186881 0.753805 
0.000426 0.969980 0.029594 
0.007895 0.000067 0.992038 
0.830513 0.030897 0.138590 
0.569267 0.387327 0.043406 
0.340591 0.642476 0.016933 
0.425794 0.376571 0.197635 
0.481742 0.132754 0.385503 
0.674445 0.000055 0.325500 
0.003340 0.000061 0.996599 
0.509192 0.066674 0.424134 
0.079674 0.000046 0.920280 
0.389893 0.008010 0.602098 
0.030445 0.474672 0.494883 
0.170811 0.065258 0.763931 
0.180116 0.058829 0.761054 
0.061930 0.000175 0.937895 
0.441835 0.453958 0.104207 
0.669029 0.305310 0.025661 
0.664677 0.315478 0.019845 
0.129860 0.789085 0.081056 
0.060017 0.142058 0.797924 
0.786979 0.051537 0.161484 
0.003442 0.027455 0.969103 
0.546660 0.166301 0.287039 
0.029369 0.289166 0.681465 
0.896840 0.005179 0.097981 
0.000350 0.277065 0.722585 
0.001206 0.011921 0.986872 
0.203304 0.000070 0.796627 
0.135774 0.370524 0.493702 
0.172849 0.000056 0.827095 
0.104940 0.029374 0.865686 
0.091605 0.706323 0.202072 
0.402642 0.072782 0.524577 
0.174600 0.614818 0.210582 
0.467942 0.054259 0.477799 
0.453532 0.000060 0.546408 
0.357337 0.441815 0.200849 
0.192648 0.041781 0.765571 
0.288398 0.097739 0.613863 
0.030601 0.539013 0.430385 
0.876492 0.005609 0.117899 
0.739432 0.000060 0.260507 
0.174737 0.004180 0.821083 
0.467699 0.258309 0.273992 
0.009354 0.051485 0.939161 
0.159487 0.100319 0.740195 
0.088604 0.505673 0.405723 
0.443319 0.219169 0.337512 
0.483083 0.310482 0.771122 
