-1919912.928314
0
0.000348 0.001110 0.000563 0.008417 0.000881 0.000274 0.000000 0.000525 0.000001 0.003351 0.011209 0.004324 0.000000 0.000000 0.000000 0.000000 0.002821 0.005295 0.002463 0.003059 0.000000 0.003747 0.001509 0.014292 0.002337 0.000759 0.000669 0.015888 0.000000 0.000000 0.000000 0.000000 0.000388 0.001725 0.010177 0.002754 0.000000 0.000000 0.000000 0.000705 0.000001 0.001985 0.000894 0.001381 0.000000 0.001935 0.003458 0.018139 0.001170 0.002034 0.000000 0.009360 0.000000 0.000000 0.000000 0.000342 0.000000 0.014754 0.027379 0.015118 0.000000 0.000000 0.000000 0.000000 0.007754 0.010191 0.006478 0.012099 0.000000 0.002114 0.000735 0.002656 0.038264 0.011605 0.003381 0.319363 0.000000 0.000000 0.000000 0.000343 0.000000 0.018547 0.219197 0.036444 0.000000 0.000988 0.000000 0.002362 0.002461 0.009028 0.007175 0.009085 0.004728 0.010456 0.001731 0.065275 
0.003803 0.000000 0.000915 0.000000 0.002580 0.000941 0.000000 0.003009 0.005205 0.004344 0.011444 0.002958 0.012652 0.000000 0.005112 0.017548 0.026726 0.010862 0.021322 0.025784 0.043029 0.007528 0.004314 0.024309 0.004223 0.000000 0.000000 0.002091 0.000000 0.000000 0.000000 0.002482 0.009426 0.007254 0.007196 0.004209 0.003586 0.000000 0.001365 0.000000 0.018241 0.011639 0.017396 0.035724 0.029896 0.008097 0.016071 0.066765 0.009053 0.007184 0.000000 0.002818 0.000000 0.001459 0.000000 0.004039 0.008105 0.007079 0.007271 0.012059 0.001078 0.001973 0.000000 0.000000 0.010461 0.011353 0.011582 0.013038 0.009527 0.000000 0.004016 0.023423 0.019173 0.000000 0.000000 0.032392 0.000000 0.001481 0.000000 0.003570 0.000001 0.004094 0.004689 0.007751 0.023533 0.000000 0.015810 0.009454 0.019364 0.015515 0.012929 0.041800 0.070940 0.010097 0.009713 0.072128 
0.000001 0.000000 0.000000 0.000000 0.000000 0.000001 0.000000 0.000001 0.000022 0.000056 0.000002 0.026861 0.000000 0.000000 0.000000 0.000000 0.000038 0.000007 0.005158 0.000003 0.000000 0.000000 0.000001 0.000000 0.000003 0.000000 0.000000 0.000001 0.000000 0.000000 0.000000 0.000000 0.000084 0.045162 0.013642 0.000036 0.000000 0.000000 0.000000 0.000000 0.000015 0.000015 0.042872 0.000004 0.000000 0.026294 0.000001 0.060027 0.000001 0.000002 0.000000 0.000001 0.000000 0.005911 0.000000 0.000000 0.000005 0.000026 0.009183 0.105754 0.000000 0.000000 0.000000 0.000000 0.000004 0.000001 0.000003 0.000003 0.000000 0.000000 0.010685 0.000000 0.000022 0.000005 0.000000 0.000013 0.000000 0.000000 0.000000 0.000000 0.048685 0.000045 0.346875 0.067349 0.000001 0.000000 0.000000 0.000000 0.080897 0.051133 0.000009 0.053077 0.000000 0.000000 0.000003 0.000000 
0.000000 0.000723 0.000000 0.000000 0.000000 0.000291 0.000350 0.000000 0.007992 0.002753 0.002953 0.002601 0.000000 0.000000 0.000000 0.000000 0.001002 0.000550 0.000004 0.001063 0.000000 0.000000 0.000000 0.000000 0.000767 0.000000 0.000000 0.000000 0.000000 0.000000 0.000000 0.000200 0.014352 0.004010 0.004336 0.009100 0.000000 0.000000 0.000000 0.000557 0.000493 0.000001 0.000000 0.000000 0.000000 0.000000 0.000161 0.000000 0.000000 0.000000 0.000240 0.000000 0.000000 0.000000 0.000000 0.000315 0.006371 0.001909 0.000000 0.003301 0.000000 0.000148 0.000000 0.000000 0.000000 0.000000 0.000000 0.000842 0.000000 0.000000 0.000000 0.000000 0.015436 0.006120 0.002509 0.011764 0.039200 0.000000 0.001665 0.069273 0.429250 0.083228 0.045292 0.228701 0.000000 0.000000 0.000000 0.000000 0.000000 0.000001 0.000000 0.000001 0.000000 0.000000 0.000172 0.000000 
0.000000 0.000000 0.000000 0.000000 0.000000 0.000000 0.000000 0.000000 0.000001 0.019171 0.000000 0.004009 0.000857 0.000542 0.000704 0.003082 0.001024 0.000000 0.000631 0.001014 0.000000 0.000000 0.000442 0.000000 0.000985 0.000000 0.000000 0.001593 0.000152 0.000000 0.000492 0.000000 0.076563 0.102197 0.022341 0.081411 0.000000 0.001454 0.000428 0.002007 0.000727 0.000667 0.000000 0.004330 0.000333 0.000000 0.000826 0.000000 0.000000 0.000097 0.000000 0.000000 0.000000 0.000000 0.000000 0.000000 0.000000 0.021632 0.000000 0.014594 0.000000 0.000000 0.000469 0.000694 0.000000 0.000000 0.000617 0.007685 0.000000 0.000000 0.001719 0.000874 0.001345 0.002085 0.000000 0.001409 0.000000 0.001208 0.000000 0.000000 0.123361 0.294283 0.098575 0.085052 0.000668 0.001491 0.001198 0.005707 0.000000 0.000880 0.001796 0.001589 0.000000 0.000816 0.000905 0.001266 
0.063734 0.000000 0.017684 0.000000 0.000000 0.029959 0.000000 0.010534 0.104750 0.045314 0.066353 0.000034 0.057484 0.000000 0.000000 0.000000 0.000032 0.000007 0.050246 0.000003 0.000000 0.000000 0.000001 0.000000 0.000002 0.000000 0.000000 0.000001 0.000000 0.000000 0.000000 0.000000 0.000079 0.019740 0.004827 0.000031 0.000000 0.000000 0.000000 0.000000 0.066600 0.000015 0.000003 0.000003 0.000000 0.000001 0.000001 0.000001 0.000001 0.000002 0.000000 0.016773 0.000000 0.029889 0.000000 0.000000 0.045047 0.013076 0.000001 0.059930 0.000000 0.000000 0.000000 0.000000 0.036124 0.000001 0.000002 0.000003 0.000000 0.000000 0.000000 0.000000 0.065183 0.000005 0.000000 0.000011 0.000000 0.000000 0.000000 0.000000 0.057966 0.043772 0.005936 0.001571 0.027867 0.000000 0.000000 0.000000 0.000003 0.059378 0.000008 0.000008 0.000000 0.000000 0.000002 0.000000 
0.038358 0.033362 0.000000 0.033493 0.009241 0.004365 0.000000 0.008961 0.019033 0.005967 0.016361 0.022968 0.015872 0.014825 0.016052 0.025734 0.017357 0.007963 0.010896 0.023951 0.004880 0.000618 0.008261 0.004430 0.031668 0.022049 0.000000 0.030580 0.006504 0.005421 0.000000 0.008364 0.002337 0.001958 0.005466 0.017947 0.012703 0.018885 0.016138 0.027508 0.005523 0.011817 0.005995 0.012871 0.003247 0.002081 0.007606 0.005783 0.022193 0.014847 0.000000 0.023773 0.002732 0.003177 0.000000 0.006566 0.000000 0.000001 0.009453 0.005300 0.007777 0.008118 0.009301 0.018999 0.006135 0.005834 0.005894 0.008954 0.001149 0.000648 0.007256 0.006538 0.028001 0.017051 0.000000 0.036014 0.002864 0.003618 0.000000 0.006000 0.000000 0.000001 0.000000 0.009878 0.016098 0.013508 0.008242 0.032326 0.005410 0.007247 0.001492 0.010439 0.002893 0.002372 0.007638 0.008860 
0.000001 0.000000 0.000000 0.000000 0.014049 0.000002 0.000000 0.015157 0.000044 0.000124 0.000004 0.000072 0.000000 0.000000 0.000000 0.000000 0.000074 0.000015 0.004548 0.000006 0.000000 0.000000 0.004246 0.004452 0.000005 0.009643 0.000000 0.000002 0.015992 0.000000 0.000000 0.000000 0.000160 0.000390 0.000634 0.000072 0.000000 0.000000 0.000000 0.000000 0.023929 0.038966 0.000006 0.000007 0.000000 0.000002 0.000003 0.000001 0.000001 0.000003 0.000000 0.000001 0.000000 0.000002 0.000000 0.000000 0.000009 0.000044 0.000003 0.001402 0.000000 0.000000 0.000000 0.000000 0.000009 0.000001 0.000006 0.000006 0.000000 0.000000 0.000000 0.000000 0.000042 0.000010 0.000000 0.000021 0.252333 0.000000 0.000000 0.101427 0.175432 0.000080 0.000026 0.336458 0.000002 0.000000 0.000000 0.000000 0.000005 0.000032 0.000014 0.000016 0.000000 0.000000 0.000005 0.000000 
0.036248 0.000000 0.000000 0.000000 0.000000 0.031055 0.000000 0.000001 0.014311 0.000057 0.000001 0.000033 0.000000 0.000000 0.029408 0.000000 0.009162 0.041441 0.000046 0.000002 0.000000 0.000000 0.000000 0.000000 0.000002 0.000000 0.000000 0.000001 0.037859 0.000000 0.013919 0.000000 0.023147 0.000232 0.015837 0.000026 0.000000 0.000000 0.000000 0.000000 0.040641 0.011542 0.000003 0.000002 0.000000 0.000001 0.000001 0.000001 0.019322 0.000002 0.041660 0.000001 0.014500 0.037246 0.000000 0.000000 0.016680 0.000018 0.024016 0.051051 0.000000 0.000000 0.000000 0.000000 0.000003 0.000000 0.000002 0.000003 0.000000 0.000000 0.000000 0.000000 0.044859 0.097466 0.070850 0.000009 0.000000 0.000000 0.017067 0.000000 0.165877 0.000034 0.000010 0.003935 0.014056 0.000000 0.000000 0.023451 0.000002 0.038772 0.014118 0.000007 0.000000 0.000000 0.000002 0.000000 
0.005229 0.006437 0.001963 0.002923 0.000000 0.000000 0.000000 0.000000 0.031959 0.014862 0.217337 0.014052 0.000000 0.001314 0.000000 0.007320 0.013285 0.006034 0.007927 0.008411 0.000000 0.001727 0.000000 0.002874 0.003362 0.002385 0.000000 0.002270 0.000000 0.000000 0.000000 0.000000 0.024956 0.021170 0.116164 0.017794 0.000000 0.000000 0.000000 0.000000 0.000001 0.005006 0.006145 0.005678 0.000000 0.001610 0.000000 0.000000 0.006148 0.004098 0.000000 0.000000 0.000000 0.000000 0.000000 0.000000 0.028484 0.033143 0.129745 0.015407 0.000000 0.000000 0.000000 0.000000 0.011425 0.006780 0.005461 0.014218 0.000000 0.000000 0.000000 0.000000 0.006744 0.009288 0.000000 0.012471 0.000000 0.000000 0.000000 0.000000 0.012694 0.017713 0.094439 0.013663 0.003178 0.000000 0.000000 0.000000 0.008664 0.000001 0.010201 0.005385 0.000000 0.000000 0.000456 0.000000 
0.036665 0.031355 0.021778 0.025189 0.009506 0.005665 0.003826 0.005295 0.010426 0.007610 0.000000 0.003980 0.003185 0.003324 0.009092 0.000499 0.008016 0.001341 0.008085 0.000970 0.000000 0.000000 0.000954 0.000000 0.049143 0.067665 0.010527 0.047842 0.011205 0.010373 0.007519 0.009343 0.022038 0.014928 0.007916 0.018902 0.008160 0.010646 0.038522 0.009760 0.003657 0.001236 0.010784 0.004468 0.000000 0.001006 0.003988 0.000587 0.041678 0.044222 0.026438 0.025104 0.006466 0.009123 0.007170 0.006036 0.009220 0.008453 0.000000 0.006685 0.006255 0.004877 0.014427 0.002969 0.005384 0.000890 0.004058 0.001685 0.000000 0.000000 0.001182 0.000000 0.034360 0.057693 0.011824 0.037254 0.002461 0.011395 0.003572 0.004863 0.000000 0.005318 0.000000 0.005966 0.003380 0.002788 0.009474 0.000617 0.002536 0.000419 0.003488 0.001175 0.000000 0.000000 0.002122 0.000000 
0.000000 0.000000 0.000000 0.000000 0.001639 0.000000 0.000000 0.002022 0.029076 0.017798 0.072242 0.015210 0.000000 0.002974 0.000000 0.003970 0.004747 0.006386 0.024490 0.000000 0.000000 0.002219 0.001204 0.002619 0.010850 0.027165 0.011580 0.070324 0.000000 0.000000 0.000000 0.000000 0.004035 0.007412 0.091164 0.005097 0.000000 0.001959 0.000487 0.000000 0.007479 0.002835 0.032120 0.002511 0.000000 0.004206 0.005423 0.010153 0.001232 0.005307 0.002454 0.010005 0.000000 0.002778 0.000000 0.001712 0.075461 0.087695 0.143800 0.061938 0.000000 0.002688 0.000000 0.001239 0.013106 0.005626 0.011554 0.000000 0.000000 0.001519 0.001182 0.003617 0.000001 0.000000 0.000984 0.005079 0.000000 0.000000 0.000000 0.000000 0.008819 0.003541 0.028205 0.003699 0.000000 0.000437 0.000000 0.000000 0.005541 0.003737 0.010629 0.001571 0.000000 0.002430 0.000978 0.010045 
0.009999 0.005271 0.000000 0.002010 0.033113 0.018562 0.008273 0.035303 0.017820 0.009856 0.000000 0.010834 0.003257 0.001076 0.000000 0.000000 0.009194 0.010500 0.011023 0.014922 0.000000 0.001516 0.009849 0.010049 0.007242 0.005857 0.003906 0.000000 0.025496 0.018579 0.006151 0.036123 0.022551 0.011851 0.002246 0.015758 0.003453 0.009704 0.005839 0.009629 0.009384 0.016332 0.010157 0.011011 0.000000 0.010106 0.013808 0.009773 0.000000 0.005721 0.000000 0.004081 0.019694 0.015049 0.002861 0.026799 0.028446 0.014963 0.000000 0.014023 0.002021 0.002980 0.006478 0.000000 0.007657 0.008114 0.006144 0.005019 0.007643 0.006193 0.024862 0.006000 0.000002 0.015066 0.000000 0.000001 0.023630 0.033710 0.003924 0.049955 0.023002 0.021365 0.000001 0.008306 0.002836 0.007852 0.006260 0.001197 0.012362 0.014834 0.011423 0.012087 0.008295 0.008892 0.013165 0.019699 
0.000000 0.000000 0.003090 0.000000 0.009513 0.006631 0.002759 0.010912 0.023374 0.018330 0.022818 0.017671 0.004737 0.006193 0.011851 0.006739 0.058046 0.017000 0.042203 0.036792 0.000000 0.003132 0.004794 0.000000 0.000000 0.000000 0.004324 0.003228 0.000000 0.007656 0.003530 0.005626 0.034810 0.028289 0.018918 0.024566 0.000000 0.000000 0.008471 0.001483 0.022991 0.012790 0.027966 0.025914 0.000000 0.002291 0.006168 0.012504 0.011310 0.009350 0.000000 0.005988 0.004239 0.003355 0.000000 0.002083 0.028121 0.028487 0.018250 0.026665 0.008651 0.001463 0.005251 0.000000 0.026388 0.013617 0.021855 0.022117 0.000000 0.000000 0.000000 0.000000 0.004766 0.004893 0.004387 0.012359 0.000000 0.006218 0.000000 0.000000 0.000001 0.027937 0.012839 0.012070 0.005501 0.004157 0.006190 0.000000 0.025466 0.014960 0.018297 0.021978 0.000000 0.004917 0.004678 0.013088 
0.000000 0.113879 0.000000 0.000000 0.140681 0.011361 0.134121 0.000000 0.000000 0.576975 0.000009 0.000000 0.000000 0.022974 
0.000000 0.031377 0.000000 0.113893 0.018313 0.000000 0.172844 0.000000 0.000000 0.206640 0.456933 0.000000 0.000000 0.000000 
0.000000 0.232796 0.000000 0.014056 0.275482 0.000000 0.154178 0.000000 0.000000 0.023355 0.060666 0.000000 0.071562 0.167906 
0.000000 0.022461 0.028548 0.000000 0.000003 0.057614 0.092647 0.000000 0.000000 0.573167 0.204066 0.000000 0.021495 0.000000 
0.000000 0.000000 0.000000 0.000000 0.000004 0.000000 0.180431 0.000000 0.000000 0.392730 0.201963 0.068318 0.103191 0.053363 
0.000000 0.029177 0.000000 0.000000 0.027381 0.008639 0.074242 0.000000 0.000000 0.377578 0.029027 0.439596 0.014360 0.000000 
0.548545 0.006723 0.000000 0.005904 0.026732 0.000000 0.064654 0.000000 0.000000 0.000001 0.000009 0.324819 0.022612 0.000000 
0.018816 0.000000 0.000000 0.000000 0.414382 0.019781 0.109429 0.000000 0.025556 0.247818 0.026623 0.000000 0.055549 0.082045 
0.032522 0.000000 0.000000 0.369805 0.000003 0.000000 0.331125 0.000000 0.000000 0.236048 0.030497 0.000000 0.000000 0.000000 
0.000000 0.000000 0.030866 0.439576 0.017373 0.014463 0.066312 0.000000 0.000000 0.361727 0.019284 0.000000 0.050399 0.000000 
0.000000 0.020610 0.023468 0.000000 0.793771 0.000000 0.114530 0.000000 0.024274 0.000001 0.023345 0.000000 0.000000 0.000000 
0.345441 0.270317 0.000000 0.000000 0.014769 0.000000 0.133590 0.000000 0.021927 0.000001 0.213955 0.000000 0.000000 0.000000 
0.011742 0.000000 0.000000 0.029958 0.015470 0.000000 0.275348 0.000000 0.031410 0.150270 0.000010 0.485792 0.000000 0.000000 
0.530516 0.000000 0.021547 0.000000 0.041386 0.000000 0.208934 0.000000 0.000000 0.000001 0.000010 0.000000 0.197607 0.000000 
0.014566 0.000000 0.000000 0.000000 0.006096 0.000000 0.470437 0.012744 0.020074 0.112093 0.363988 0.000000 0.000000 0.000000 
0.014795 0.000000 0.041427 0.000000 0.540497 0.000000 0.066239 0.017582 0.000000 0.312529 0.006931 0.000000 0.000000 0.000000 
0.701589 0.086036 0.000000 0.000000 0.000004 0.000000 0.132973 0.000000 0.000000 0.000001 0.000010 0.000000 0.079387 0.000000 
0.000000 0.178770 0.000000 0.000000 0.049698 0.000000 0.242903 0.000000 0.000000 0.059841 0.302086 0.090720 0.075982 0.000000 
0.018918 0.000000 0.000000 0.000000 0.794616 0.000000 0.042901 0.000000 0.000000 0.000001 0.000008 0.000000 0.024152 0.119404 
0.937767 0.024543 0.023550 0.000000 0.000004 0.000000 0.003490 0.000000 0.000000 0.006259 0.000009 0.000000 0.004380 0.000000 
0.074230 0.000000 0.000000 0.119696 0.000004 0.000000 0.271687 0.000000 0.000000 0.000001 0.066091 0.000000 0.429111 0.039179 
0.000000 0.088166 0.000000 0.000000 0.606158 0.010510 0.117770 0.000000 0.000000 0.060104 0.000010 0.000000 0.117283 0.000000 
0.483510 0.077917 0.000000 0.065220 0.053087 0.000000 0.249165 0.000000 0.000000 0.016019 0.033237 0.000000 0.021846 0.000000 
0.000000 0.021651 0.000000 0.075762 0.000004 0.036996 0.091167 0.000000 0.000000 0.716635 0.040671 0.000000 0.017114 0.000000 
0.022456 0.015532 0.000000 0.121346 0.000004 0.000000 0.330422 0.000000 0.000000 0.000001 0.079189 0.000000 0.431051 0.000000 
0.000000 0.000000 0.000000 0.955925 0.000004 0.000000 0.024762 0.000000 0.000000 0.000001 0.000009 0.000000 0.019299 0.000000 
0.022028 0.000000 0.000000 0.098148 0.171682 0.000000 0.042544 0.000000 0.000000 0.437976 0.140026 0.055919 0.031678 0.000000 
0.000000 0.000000 0.009057 0.013041 0.000003 0.000000 0.346867 0.000000 0.000000 0.020189 0.177811 0.000000 0.141665 0.291366 
0.000000 0.000000 0.000000 0.000000 0.000003 0.000000 0.517825 0.000000 0.000000 0.000001 0.057777 0.000000 0.424394 0.000000 
0.000000 0.007540 0.000000 0.000000 0.199624 0.014549 0.113896 0.009080 0.000000 0.566498 0.018195 0.029108 0.000000 0.041510 
0.000000 0.000000 0.013525 0.000000 0.000004 0.000000 0.078311 0.000000 0.006351 0.069781 0.832027 0.000000 0.000000 0.000000 
0.017103 0.275620 0.000000 0.000000 0.023986 0.043457 0.583935 0.000000 0.000000 0.000001 0.027027 0.000000 0.028871 0.000000 
0.245180 0.198549 0.000000 0.000000 0.021074 0.000000 0.153528 0.000000 0.000000 0.005531 0.000009 0.376129 0.000000 0.000000 
0.000000 0.011244 0.000000 0.000000 0.022361 0.000000 0.103576 0.000000 0.020230 0.215337 0.199451 0.128679 0.067076 0.232046 
0.026166 0.047614 0.000000 0.000000 0.026022 0.000000 0.284438 0.000000 0.019352 0.000001 0.095728 0.000000 0.103615 0.397063 
0.645342 0.000000 0.000000 0.000000 0.036060 0.000000 0.158685 0.000000 0.000000 0.000001 0.000010 0.000000 0.159901 0.000000 
0.000000 0.000000 0.000000 0.000000 0.157524 0.000000 0.684573 0.000000 0.000000 0.027640 0.069629 0.000000 0.000000 0.060634 
0.011370 0.000000 0.000000 0.033282 0.530732 0.000000 0.120449 0.000000 0.000000 0.000001 0.304167 0.000000 0.000000 0.000000 
0.000000 0.031130 0.000000 0.109587 0.000004 0.015002 0.183013 0.000000 0.000000 0.000001 0.214654 0.000000 0.101347 0.345263 
0.000000 0.000000 0.000000 0.294890 0.211899 0.009606 0.044464 0.000000 0.000000 0.299101 0.043930 0.028928 0.019795 0.047387 
0.203936 0.472910 0.000000 0.000000 0.014157 0.000000 0.252857 0.000000 0.000000 0.011364 0.000009 0.000000 0.044766 0.000000 
0.145471 0.000000 0.000000 0.000000 0.240507 0.000000 0.213721 0.000000 0.000000 0.000001 0.055012 0.000000 0.173050 0.172238 
0.000000 0.039115 0.000000 0.000000 0.018788 0.000000 0.179117 0.000000 0.026265 0.027767 0.627860 0.000000 0.031559 0.049528 
0.000000 0.000000 0.000000 0.461929 0.300144 0.000000 0.069606 0.000000 0.000000 0.040175 0.087214 0.040932 0.000000 0.000000 
0.000000 0.016574 0.016622 0.000000 0.000003 0.000000 0.115584 0.000000 0.000000 0.049091 0.196487 0.523035 0.040765 0.041838 
0.000000 0.042114 0.000000 0.373623 0.106008 0.000000 0.403445 0.000000 0.000000 0.000001 0.059743 0.000000 0.000000 0.015067 
0.067241 0.592501 0.000000 0.000000 0.018217 0.000000 0.260695 0.007549 0.000000 0.053788 0.000009 0.000000 0.000000 0.000000 
0.000000 0.000000 0.000000 0.000000 0.010901 0.000000 0.209291 0.000000 0.000000 0.000001 0.567537 0.000000 0.212270 0.000000 
0.006592 0.000000 0.000000 0.249599 0.735763 0.000000 0.008036 0.000000 0.000000 0.000001 0.000008 0.000000 0.000000 0.000000 
0.000000 0.025295 0.000000 0.744304 0.000004 0.000000 0.090737 0.000000 0.000000 0.013635 0.108585 0.000000 0.000000 0.017441 
0.023698 0.000000 0.000000 0.000000 0.013049 0.000000 0.854809 0.000000 0.017435 0.043655 0.047355 0.000000 0.000000 0.000000 
0.000000 0.017726 0.000000 0.000000 0.077851 0.000000 0.310497 0.000000 0.000000 0.000001 0.081765 0.000000 0.512161 0.000000 
0.866116 0.000000 0.010042 0.000000 0.000004 0.000000 0.019096 0.000000 0.000000 0.100244 0.004499 0.000000 0.000000 0.000000 
0.624606 0.015978 0.000000 0.000000 0.130644 0.010536 0.038846 0.003436 0.000000 0.000001 0.175952 0.000000 0.000000 0.000000 
0.404676 0.000000 0.000000 0.000000 0.047041 0.000000 0.065581 0.000000 0.024826 0.412970 0.017674 0.000000 0.027232 0.000000 
0.000000 0.011980 0.000000 0.000000 0.045852 0.000000 0.753621 0.015647 0.017453 0.018134 0.024664 0.000000 0.000000 0.112649 
0.000000 0.018926 0.000000 0.183498 0.125504 0.000000 0.018206 0.000000 0.000000 0.133266 0.028614 0.491985 0.000000 0.000000 
0.000000 0.000000 0.011572 0.594721 0.059248 0.029418 0.034569 0.000000 0.000000 0.256599 0.013873 0.000000 0.000000 0.000000 
0.000000 0.017755 0.000000 0.000000 0.538903 0.000000 0.149163 0.000000 0.000000 0.000001 0.000010 0.074220 0.045109 0.174839 
0.000000 0.000000 0.000000 0.000000 0.013720 0.000000 0.399501 0.000000 0.049012 0.000001 0.000009 0.000000 0.088346 0.449412 
0.000000 0.176412 0.000000 0.000000 0.000003 0.000000 0.167804 0.000000 0.000000 0.119027 0.176030 0.360723 0.000000 0.000000 
0.015938 0.009948 0.000000 0.010684 0.000004 0.000000 0.805362 0.000000 0.000000 0.024705 0.061032 0.000000 0.072327 0.000000 
0.132005 0.000000 0.028978 0.000000 0.366866 0.000000 0.134027 0.000000 0.000000 0.024662 0.056701 0.000000 0.209058 0.047703 
0.000000 0.000000 0.000000 0.000000 0.014523 0.028819 0.307864 0.000000 0.062302 0.000001 0.000009 0.000000 0.129079 0.457401 
0.061138 0.000000 0.000000 0.000000 0.016069 0.000000 0.814238 0.000000 0.000000 0.033248 0.041880 0.000000 0.033427 0.000000 
0.000000 0.000000 0.000000 0.000000 0.014463 0.000000 0.066056 0.000000 0.000000 0.000001 0.910117 0.009363 0.000000 0.000000 
0.000000 0.000000 0.024789 0.000000 0.176531 0.000000 0.013196 0.000000 0.000000 0.087392 0.080502 0.617588 0.000000 0.000000 
0.570560 0.000000 0.023741 0.000000 0.170495 0.000000 0.053587 0.000000 0.031193 0.091175 0.000008 0.000000 0.000000 0.059240 
0.000000 0.000000 0.000000 0.000000 0.188526 0.000000 0.208490 0.005791 0.032660 0.032632 0.000009 0.237336 0.053568 0.240987 
0.000000 0.000000 0.000000 0.000000 0.030053 0.000000 0.247008 0.000000 0.000000 0.013340 0.606982 0.059183 0.043433 0.000000 
0.000000 0.000000 0.000000 0.476121 0.000004 0.000000 0.162026 0.000000 0.000000 0.000001 0.102636 0.000000 0.119860 0.139351 
0.000000 0.000000 0.035672 0.020486 0.838251 0.000000 0.051825 0.000000 0.000000 0.000001 0.016432 0.000000 0.037334 0.000000 
0.055473 0.000000 0.000000 0.000000 0.019721 0.010377 0.074788 0.000000 0.013347 0.648999 0.000009 0.142056 0.035231 0.000000 
0.116198 0.000000 0.000000 0.045162 0.061320 0.059217 0.096450 0.000000 0.000000 0.555329 0.000010 0.050723 0.015591 0.000000 
0.020714 0.021938 0.000000 0.004317 0.000003 0.000000 0.298779 0.000000 0.000000 0.047100 0.296170 0.000000 0.233937 0.077041 
0.630873 0.036845 0.025223 0.000000 0.084064 0.000000 0.089718 0.000000 0.000000 0.000001 0.000010 0.133266 0.000000 0.000000 
0.020470 0.019963 0.000000 0.344742 0.000003 0.000000 0.079058 0.000000 0.037929 0.306907 0.152132 0.018584 0.020213 0.000000 
0.000000 0.000000 0.020278 0.000000 0.012063 0.000000 0.397995 0.000000 0.000000 0.035034 0.062939 0.000000 0.471691 0.000000 
0.000000 0.000000 0.012432 0.000000 0.591824 0.000000 0.329313 0.000000 0.000000 0.026655 0.039775 0.000000 0.000000 0.000000 
0.025493 0.242434 0.000000 0.000000 0.025349 0.000000 0.644215 0.006759 0.000000 0.018866 0.036884 0.000000 0.000000 0.000000 
0.222681 0.020487 0.000000 0.328108 0.000004 0.000000 0.082033 0.000000 0.000000 0.107386 0.091880 0.000000 0.013082 0.134338 
0.000000 0.000000 0.000000 0.000000 0.030214 0.010224 0.365591 0.000000 0.000000 0.220884 0.000009 0.000000 0.373078 0.000000 
0.000000 0.699958 0.000000 0.000000 0.016967 0.000000 0.207480 0.009123 0.000000 0.037378 0.000009 0.000000 0.000000 0.029083 
0.000000 0.000000 0.011851 0.021900 0.767099 0.000000 0.061338 0.000000 0.000000 0.063858 0.000009 0.018778 0.000000 0.055166 
0.000000 0.348386 0.000000 0.330709 0.004363 0.000000 0.188553 0.022088 0.000000 0.022838 0.000009 0.037128 0.000000 0.045925 
0.000000 0.015889 0.000000 0.020866 0.000004 0.013449 0.062895 0.000000 0.000000 0.291139 0.595758 0.000000 0.000000 0.000000 
0.033393 0.028539 0.000000 0.000000 0.000004 0.000000 0.307182 0.000000 0.032572 0.030684 0.000010 0.034024 0.272682 0.260910 
0.000000 0.477541 0.000000 0.000000 0.016625 0.036511 0.241572 0.000000 0.015745 0.030978 0.000009 0.000000 0.072255 0.108763 
0.025195 0.000000 0.000000 0.000000 0.000004 0.007988 0.649413 0.000000 0.000000 0.227285 0.038732 0.000000 0.051383 0.000000 
0.000000 0.000000 0.000000 0.173795 0.638875 0.000000 0.011502 0.000000 0.000000 0.025960 0.004031 0.145837 0.000000 0.000000 
0.030176 0.435850 0.000000 0.000000 0.022403 0.030512 0.230541 0.018269 0.000000 0.000001 0.000009 0.000000 0.000000 0.232239 
0.000000 0.000000 0.000000 0.000000 0.000004 0.000000 0.023478 0.000000 0.013413 0.015082 0.899609 0.000000 0.048414 0.000000 
0.031554 0.000000 0.000000 0.000000 0.015085 0.045000 0.630372 0.014014 0.000000 0.000001 0.036107 0.000000 0.029854 0.198013 
0.083046 0.100103 0.025778 0.000000 0.634262 0.000000 0.042859 0.000000 0.000000 0.077717 0.000010 0.000000 0.000000 0.036224 
0.058509 0.009354 0.000000 0.000000 0.525236 0.000000 0.129368 0.000000 0.000000 0.021280 0.084836 0.000000 0.000000 0.171417 
0.376558 0.240721 0.000000 0.000000 0.076385 0.000000 0.149364 0.000000 0.000000 0.000001 0.156970 0.000000 0.000000 0.000000 
0.000000 0.000000 0.000000 0.000000 0.014199 0.000000 0.871747 0.018487 0.004186 0.021041 0.070340 0.000000 0.000000 0.000000 
0.025061 0.000000 0.000000 0.000000 0.000004 0.000000 0.329324 0.000000 0.000000 0.393851 0.055060 0.000000 0.196700 0.000000 
0.281517 0.107446 0.000000 0.000000 0.000004 0.000000 0.346640 0.000000 0.000000 0.000001 0.011730 0.000000 0.252664 0.000000 
0.000000 0.036547 0.000000 0.000000 0.000004 0.054215 0.179851 0.000000 0.009421 0.564131 0.000009 0.000000 0.038344 0.117479 
0.000000 0.000000 0.011788 0.000000 0.075155 0.000000 0.788574 0.000000 0.022393 0.033917 0.040871 0.000000 0.027302 0.000000 
0.000000 0.000000 0.000000 0.055930 0.009108 0.000000 0.105080 0.000000 0.000000 0.000001 0.809785 0.020095 0.000000 0.000000 
0.654442 0.000000 0.000000 0.000000 0.018191 0.000000 0.021585 0.000000 0.000000 0.000001 0.305780 0.000000 0.000000 0.000000 
0.061554 0.576739 0.000000 0.000000 0.010263 0.000000 0.224016 0.008275 0.000000 0.028131 0.000008 0.091014 0.000000 0.000000 
0.252365 0.000000 0.000000 0.000000 0.196992 0.000000 0.111179 0.000000 0.000000 0.116619 0.000009 0.299366 0.000000 0.023470 
0.000000 0.000000 0.000000 0.000000 0.043954 0.000000 0.815725 0.015998 0.000000 0.032853 0.091470 0.000000 0.000000 0.000000 
0.000000 0.043075 0.000000 0.068534 0.040829 0.015377 0.105315 0.000000 0.000000 0.677905 0.020693 0.000000 0.000000 0.028272 
0.263508 0.000000 0.000000 0.000000 0.049740 0.000000 0.046722 0.011576 0.000000 0.000001 0.628453 0.000000 0.000000 0.000000 
0.000000 0.252603 0.000000 0.000000 0.000004 0.008899 0.190322 0.021104 0.000000 0.445827 0.044074 0.037168 0.000000 0.000000 
0.129591 0.000000 0.000000 0.000000 0.092286 0.000000 0.099548 0.021673 0.000000 0.000001 0.637331 0.019570 0.000000 0.000000 
0.000000 0.012242 0.000000 0.014315 0.666549 0.018735 0.060779 0.000000 0.013160 0.000001 0.028308 0.000000 0.047966 0.137945 
0.000000 0.000000 0.000000 0.856518 0.129630 0.000000 0.000734 0.000000 0.000000 0.006145 0.006973 0.000000 0.000000 0.000000 
0.000000 0.025537 0.037588 0.000000 0.678294 0.000000 0.040972 0.014607 0.000000 0.000001 0.028207 0.000000 0.000000 0.174795 
0.043134 0.157448 0.000000 0.000000 0.023198 0.042654 0.124304 0.004114 0.000000 0.115784 0.000010 0.489354 0.000000 0.000000 
0.250183 0.068938 0.000000 0.000000 0.066704 0.000000 0.175556 0.000000 0.044741 0.000001 0.000010 0.000000 0.076571 0.317297 
0.618333 0.232008 0.026624 0.000000 0.028784 0.000000 0.081230 0.000000 0.000000 0.000001 0.000009 0.000000 0.000000 0.013011 
0.753193 0.000000 0.000000 0.188153 0.000004 0.000000 0.008456 0.000000 0.000000 0.000001 0.000009 0.031124 0.000000 0.019058 
0.000000 0.000000 0.000000 0.000000 0.000003 0.000000 0.837935 0.015942 0.000000 0.039413 0.106707 0.000000 0.000000 0.000000 
0.000000 0.043298 0.000000 0.026060 0.000003 0.000000 0.282852 0.000000 0.000000 0.000001 0.103876 0.000000 0.094027 0.449882 
0.000000 0.036593 0.000000 0.000000 0.087148 0.047389 0.083130 0.000000 0.000000 0.414919 0.023638 0.266672 0.040511 0.000000 
0.000000 0.502705 0.000000 0.027811 0.224398 0.000000 0.158902 0.000000 0.000000 0.000001 0.005597 0.028813 0.000000 0.051773 
0.054547 0.000000 0.000000 0.100191 0.000003 0.000000 0.274177 0.000000 0.000000 0.020150 0.000009 0.000000 0.140885 0.410036 
0.015677 0.028950 0.000000 0.000000 0.000004 0.000000 0.303235 0.000000 0.000000 0.021789 0.020674 0.000000 0.187891 0.421780 
0.000000 0.000000 0.000000 0.267195 0.188276 0.000000 0.044143 0.000000 0.000000 0.021544 0.478842 0.000000 0.000000 0.000000 
0.218777 0.241445 0.000000 0.011216 0.083226 0.000000 0.363897 0.000000 0.000000 0.022738 0.058701 0.000000 0.000000 0.000000 
0.000000 0.032079 0.000000 0.000000 0.003475 0.000000 0.293932 0.000000 0.000000 0.288996 0.048992 0.000000 0.288631 0.043895 
0.733747 0.044083 0.000000 0.000000 0.000004 0.000000 0.170676 0.000000 0.000000 0.000001 0.051489 0.000000 0.000000 0.000000 
0.000000 0.000000 0.000000 0.021810 0.000004 0.000000 0.916770 0.000000 0.000000 0.031885 0.029530 0.000000 0.000000 0.000000 
0.000000 0.000000 0.015361 0.009694 0.033775 0.000000 0.127362 0.000000 0.000000 0.000001 0.706160 0.107646 0.000000 0.000000 
0.000000 0.000000 0.000000 0.000000 0.000003 0.000000 0.204207 0.000000 0.000000 0.112137 0.029174 0.654478 0.000000 0.000000 
0.558706 0.011912 0.000000 0.032477 0.310486 0.000000 0.021333 0.000000 0.000000 0.065076 0.000010 0.000000 0.000000 0.000000 
0.073857 0.577760 0.000000 0.000000 0.198359 0.000000 0.139086 0.000000 0.000000 0.000001 0.010937 0.000000 0.000000 0.000000 
0.000000 0.000000 0.000000 0.013856 0.004068 0.000000 0.777628 0.000000 0.000000 0.031689 0.156723 0.000000 0.016037 0.000000 
0.000000 0.083353 0.000000 0.000000 0.000003 0.000000 0.180640 0.000000 0.000000 0.059495 0.080221 0.358967 0.215312 0.022010 
0.000000 0.482715 0.000000 0.000000 0.023913 0.000000 0.307234 0.000000 0.019519 0.000001 0.000010 0.000000 0.032277 0.134331 
0.000000 0.351535 0.000000 0.009247 0.000004 0.000000 0.236452 0.000000 0.000000 0.007841 0.349010 0.000000 0.000000 0.045912 
0.031487 0.000000 0.000000 0.308580 0.000004 0.000000 0.322451 0.000000 0.000000 0.097212 0.036633 0.203635 0.000000 0.000000 
0.100414 0.523325 0.000000 0.000000 0.018914 0.000000 0.271229 0.000000 0.000000 0.000001 0.017321 0.000000 0.068796 0.000000 
0.021227 0.000000 0.000000 0.000000 0.035695 0.023361 0.112228 0.000000 0.000000 0.433695 0.328935 0.000000 0.044860 0.000000 
0.016020 0.029576 0.000000 0.119228 0.088796 0.021643 0.660108 0.000000 0.000000 0.000001 0.064629 0.000000 0.000000 0.000000 
0.000000 0.000000 0.000000 0.021300 0.013966 0.000000 0.241304 0.000000 0.051706 0.042380 0.375674 0.069972 0.183699 0.000000 
0.010134 0.011794 0.000000 0.619808 0.000004 0.000000 0.088363 0.000000 0.000000 0.000001 0.000009 0.000000 0.057846 0.212043 
0.000000 0.000000 0.000000 0.000000 0.472765 0.000000 0.171850 0.000000 0.000000 0.043404 0.019008 0.037375 0.255598 0.000000 
0.042186 0.000000 0.000000 0.000000 0.000003 0.000000 0.331977 0.000000 0.012202 0.000001 0.468049 0.000000 0.107137 0.038445 
0.000000 0.221228 0.000000 0.104755 0.132751 0.000000 0.114800 0.000000 0.000000 0.000001 0.405910 0.000000 0.000000 0.020555 
0.000000 0.000000 0.029438 0.017339 0.652144 0.000000 0.186877 0.000000 0.000000 0.000001 0.038713 0.000000 0.075488 0.000000 
0.000000 0.029813 0.012063 0.000000 0.000004 0.000000 0.101081 0.000000 0.000000 0.178005 0.000009 0.589430 0.020489 0.069107 
0.423531 0.000000 0.000000 0.000000 0.000003 0.000000 0.238283 0.008499 0.014125 0.000001 0.077926 0.000000 0.033822 0.203808 
0.151225 0.088049 0.000000 0.000000 0.013770 0.000000 0.290480 0.000000 0.014453 0.000001 0.250249 0.000000 0.074735 0.117039 
0.178785 0.000000 0.000000 0.000000 0.783713 0.000000 0.017387 0.000000 0.000000 0.000001 0.020113 0.000000 0.000000 0.000000 
0.031136 0.004976 0.014898 0.018047 0.000004 0.043388 0.140252 0.000000 0.000000 0.522935 0.224364 0.000000 0.000000 0.000000 
0.082497 0.000000 0.000000 0.000000 0.019814 0.000000 0.223530 0.018351 0.012960 0.529464 0.000009 0.080034 0.033341 0.000000 
0.000000 0.000000 0.000000 0.000000 0.000004 0.000000 0.103503 0.000000 0.049712 0.056301 0.790480 0.000000 0.000000 0.000000 
0.709991 0.031182 0.000000 0.000000 0.019782 0.000000 0.094482 0.000000 0.000000 0.000001 0.101379 0.000000 0.000000 0.043182 
0.491996 0.000000 0.013006 0.000000 0.000004 0.056642 0.060169 0.000000 0.000000 0.278164 0.000009 0.000000 0.030544 0.069466 
0.119114 0.000000 0.000000 0.000000 0.000003 0.000000 0.173864 0.006601 0.000000 0.000001 0.672397 0.028020 0.000000 0.000000 
0.000000 0.000000 0.017319 0.000000 0.722306 0.000000 0.103129 0.000000 0.000000 0.000001 0.069168 0.088078 0.000000 0.000000 
0.000000 0.000000 0.000000 0.916397 0.000004 0.000000 0.024295 0.000000 0.000000 0.004205 0.008140 0.000000 0.046958 0.000000 
0.094757 0.000000 0.000000 0.025400 0.000004 0.023401 0.223430 0.000000 0.000000 0.289204 0.040253 0.000000 0.303552 0.000000 
0.316313 0.008755 0.000000 0.017582 0.000003 0.000000 0.041055 0.000000 0.000000 0.377415 0.072294 0.081406 0.000000 0.085178 
0.574295 0.031831 0.000000 0.207443 0.000003 0.000000 0.139481 0.000000 0.009678 0.000001 0.000010 0.037257 0.000000 0.000000 
0.483421 0.000000 0.000000 0.019573 0.427101 0.000000 0.055144 0.000000 0.000000 0.000001 0.014760 0.000000 0.000000 0.000000 
0.000000 0.000000 0.000000 0.139355 0.024596 0.000000 0.052575 0.000000 0.000000 0.132973 0.000009 0.613305 0.000000 0.037187 
0.000000 0.000000 0.000000 0.160654 0.013839 0.000000 0.072702 0.018102 0.026283 0.366385 0.000009 0.277480 0.014023 0.050522 
0.000000 0.009635 0.000000 0.043620 0.417056 0.000000 0.025664 0.000000 0.000000 0.247883 0.000010 0.202101 0.020846 0.033185 
0.000000 0.070060 0.000000 0.259903 0.062989 0.000000 0.045150 0.034069 0.031412 0.256682 0.174366 0.065368 0.000000 0.000000 
0.032661 0.000000 0.000000 0.000000 0.000004 0.000000 0.817325 0.000000 0.000000 0.027172 0.058429 0.000000 0.022849 0.041560 
0.149961 0.000000 0.025681 0.000000 0.013426 0.000000 0.362560 0.000000 0.000000 0.000001 0.000009 0.000000 0.448361 0.000000 
0.022566 0.051933 0.000000 0.000000 0.000004 0.000000 0.292504 0.000000 0.033410 0.000001 0.118921 0.000000 0.078753 0.401910 
0.000000 0.000000 0.000000 0.000000 0.064018 0.018004 0.024242 0.000000 0.000000 0.167436 0.010887 0.715414 0.000000 0.000000 
0.000000 0.022260 0.000000 0.043216 0.000003 0.019849 0.167711 0.000000 0.000000 0.505226 0.000009 0.000000 0.093245 0.148480 
0.000000 0.017756 0.000000 0.000000 0.005998 0.000000 0.369083 0.000000 0.000000 0.028580 0.077272 0.000000 0.501312 0.000000 
0.000000 0.024837 0.000000 0.000000 0.007125 0.000000 0.186494 0.000000 0.024214 0.000001 0.466331 0.000000 0.059878 0.231119 
0.000000 0.044955 0.000000 0.000000 0.020737 0.000000 0.302221 0.000000 0.052995 0.000001 0.000009 0.000000 0.093829 0.485252 
0.000000 0.006179 0.021821 0.007053 0.000004 0.000000 0.118991 0.000000 0.000000 0.039831 0.772281 0.033842 0.000000 0.000000 
0.000000 0.000000 0.000000 0.363742 0.000004 0.000000 0.072531 0.000000 0.000000 0.067610 0.000010 0.355192 0.099141 0.041769 
0.000000 0.147544 0.000000 0.000000 0.015165 0.000000 0.164620 0.000000 0.027089 0.241686 0.320481 0.000000 0.022900 0.060515 
0.066572 0.094429 0.000000 0.000000 0.031198 0.000000 0.444337 0.010895 0.000000 0.027898 0.324671 0.000000 0.000000 0.000000 
0.132308 0.011291 0.050220 0.000000 0.514463 0.000000 0.102033 0.000000 0.000000 0.081173 0.062735 0.031611 0.014165 0.000000 
0.041072 0.000000 0.000000 0.120594 0.016575 0.000000 0.089480 0.000000 0.000000 0.413891 0.000009 0.243365 0.075015 0.000000 
0.000000 0.000000 0.000000 0.000000 0.424761 0.000000 0.019370 0.000000 0.000000 0.000001 0.535324 0.000000 0.000000 0.020543 
0.117728 0.014894 0.000000 0.000000 0.000003 0.000000 0.034236 0.000000 0.000000 0.186080 0.000009 0.633098 0.013952 0.000000 
0.000000 0.524401 0.000000 0.000000 0.100158 0.000000 0.281342 0.007622 0.016313 0.000001 0.000010 0.000000 0.070153 0.000000 
0.000000 0.000000 0.000000 0.000000 0.495709 0.000000 0.049774 0.000000 0.000000 0.073448 0.000009 0.381061 0.000000 0.000000 
0.000000 0.662783 0.000000 0.000000 0.018188 0.016528 0.232066 0.000000 0.000000 0.000001 0.000010 0.000000 0.070424 0.000000 
0.000000 0.000000 0.000000 0.925730 0.025627 0.000000 0.008523 0.040109 0.000000 0.000001 0.000009 0.000000 0.000000 0.000000 
0.602366 0.000000 0.000000 0.019185 0.042691 0.000000 0.035824 0.000000 0.000000 0.000001 0.299933 0.000000 0.000000 0.000000 
0.000000 0.000000 0.025943 0.000000 0.270625 0.000000 0.190082 0.000000 0.000000 0.000001 0.061082 0.193721 0.258545 0.000000 
0.000000 0.104237 0.000000 0.029301 0.665889 0.024026 0.063209 0.000000 0.000000 0.000001 0.036663 0.000000 0.012713 0.063960 
0.156212 0.000000 0.039849 0.034692 0.456018 0.035916 0.106744 0.000000 0.000000 0.123286 0.000009 0.000000 0.000000 0.047273 
0.000000 0.006057 0.000000 0.010464 0.251181 0.000000 0.200915 0.000000 0.039836 0.000001 0.118811 0.034244 0.285507 0.052983 
0.000000 0.046381 0.007890 0.000000 0.000004 0.000000 0.204729 0.008453 0.000000 0.000001 0.516167 0.120807 0.095568 0.000000 
0.000000 0.002808 0.000000 0.000000 0.000003 0.000000 0.065747 0.000000 0.011465 0.136126 0.031817 0.633930 0.017896 0.100207 
0.000000 0.030137 0.000000 0.014668 0.000004 0.000000 0.783419 0.000000 0.019247 0.026550 0.073383 0.000000 0.000000 0.052593 
0.188603 0.000000 0.022305 0.517467 0.000004 0.000000 0.115165 0.000000 0.000000 0.000001 0.108382 0.000000 0.000000 0.048074 
0.286104 0.000000 0.000000 0.000000 0.669509 0.000000 0.019749 0.000000 0.005384 0.019244 0.000009 0.000000 0.000000 0.000000 
0.000000 0.000000 0.000000 0.016283 0.016434 0.000000 0.875441 0.000000 0.000000 0.000001 0.091841 0.000000 0.000000 0.000000 
0.024996 0.000000 0.000000 0.241751 0.000004 0.000000 0.079014 0.000000 0.000000 0.000001 0.623191 0.031043 0.000000 0.000000 
0.000000 0.000000 0.028677 0.000000 0.022519 0.000000 0.333826 0.014809 0.026268 0.296605 0.045625 0.231670 0.000000 0.000000 
0.881956 0.000000 0.022556 0.000000 0.062447 0.000000 0.021654 0.000000 0.000000 0.011378 0.000008 0.000000 0.000000 0.000000 
0.080700 0.026400 0.000000 0.106599 0.000003 0.000000 0.178780 0.000000 0.000000 0.000001 0.318555 0.033617 0.000000 0.255345 
0.000000 0.624482 0.000000 0.067343 0.014036 0.000000 0.213573 0.000000 0.000000 0.007171 0.000009 0.000000 0.000000 0.073387 
0.000000 0.003814 0.029797 0.005536 0.945674 0.000000 0.001906 0.000000 0.000000 0.000001 0.013271 0.000000 0.000000 0.000000 
0.030155 0.000000 0.000000 0.023098 0.000004 0.000000 0.828120 0.000000 0.000000 0.047612 0.071012 0.000000 0.000000 0.000000 
0.000000 0.000000 0.000000 0.099133 0.000004 0.041223 0.122894 0.000000 0.000000 0.000001 0.736744 0.000000 0.000000 0.000000 
0.000000 0.076451 0.000000 0.000000 0.000004 0.000000 0.152867 0.000000 0.000000 0.061174 0.513207 0.000000 0.196297 0.000000 
0.016796 0.000000 0.000000 0.000000 0.000003 0.000000 0.200888 0.007715 0.000000 0.000001 0.601402 0.000000 0.173195 0.000000 
0.116708 0.012888 0.000000 0.000000 0.000003 0.000000 0.056239 0.000000 0.000000 0.150350 0.000009 0.663804 0.000000 0.000000 
0.000000 0.007402 0.000000 0.000000 0.000003 0.000000 0.087878 0.000000 0.000000 0.394940 0.150276 0.205164 0.041673 0.112664 
0.097438 0.000000 0.000000 0.000000 0.081714 0.000000 0.088478 0.000000 0.041826 0.397915 0.263653 0.000000 0.028976 0.000000 
0.230393 0.016230 0.000000 0.000000 0.000004 0.000000 0.112065 0.000000 0.017676 0.044156 0.000009 0.348999 0.020821 0.209647 
0.217071 0.000000 0.036393 0.016710 0.480357 0.000000 0.036312 0.000000 0.028593 0.184556 0.000008 0.000000 0.000000 0.000000 
0.016766 0.012404 0.000000 0.065398 0.000003 0.018576 0.095863 0.000000 0.034898 0.756082 0.000009 0.000000 0.000000 0.000000 
0.000000 0.026356 0.000000 0.159014 0.159483 0.000000 0.084304 0.021030 0.000000 0.491632 0.045284 0.000000 0.000000 0.012897 
0.000000 0.032385 0.000000 0.000000 0.225567 0.000000 0.236794 0.000000 0.033547 0.000001 0.000009 0.000000 0.161496 0.310201 
0.000000 0.000000 0.016991 0.014306 0.958625 0.000000 0.010067 0.000000 0.000000 0.000002 0.000008 0.000000 0.000000 0.000000 
0.255751 0.044634 0.000000 0.186736 0.032466 0.000000 0.134466 0.000000 0.051164 0.000001 0.000010 0.000000 0.043168 0.251604 
0.000000 0.000000 0.000000 0.393738 0.000004 0.000000 0.090145 0.000000 0.000000 0.066799 0.012076 0.289092 0.045141 0.103005 
0.000000 0.000000 0.000000 0.826181 0.030679 0.000000 0.040186 0.102945 0.000000 0.000001 0.000008 0.000000 0.000000 0.000000 
