-1928451.339113
0
0.013812 0.008411 0.000000 0.008006 0.011391 0.006192 0.001202 0.013983 0.015990 0.007390 0.010863 0.016592 0.014416 0.008112 0.010164 0.021488 0.030668 0.013700 0.021639 0.033792 0.016229 0.003448 0.008858 0.012417 0.008759 0.002637 0.000000 0.005779 0.005119 0.004802 0.000507 0.010836 0.010283 0.007285 0.003852 0.012531 0.006386 0.007991 0.004631 0.011903 0.015393 0.016700 0.013874 0.026041 0.010400 0.006163 0.012881 0.027604 0.009504 0.006324 0.000000 0.008245 0.004103 0.003780 0.000000 0.009072 0.009694 0.005866 0.004408 0.011903 0.004987 0.004319 0.003529 0.007742 0.011999 0.011202 0.011470 0.014227 0.005530 0.001740 0.010628 0.013131 0.015184 0.003297 0.000000 0.017191 0.005277 0.007045 0.000000 0.012170 0.004862 0.008258 0.000002 0.009496 0.018827 0.007890 0.010828 0.021363 0.016547 0.015870 0.009977 0.026489 0.023673 0.007618 0.010891 0.032721 
0.004126 0.003918 0.000666 0.001704 0.000948 0.001139 0.000000 0.001483 0.034071 0.016848 0.155441 0.016057 0.001721 0.002744 0.000885 0.006718 0.010927 0.007209 0.017650 0.005914 0.000000 0.001859 0.000967 0.002473 0.006934 0.013056 0.005041 0.032889 0.000000 0.000000 0.000000 0.000000 0.012110 0.011594 0.103054 0.009581 0.000000 0.001493 0.000000 0.000567 0.005722 0.004629 0.018374 0.004540 0.000000 0.002825 0.002638 0.004635 0.003827 0.004158 0.000531 0.005866 0.000000 0.002043 0.000000 0.000799 0.049868 0.056438 0.134328 0.038426 0.000000 0.001415 0.000000 0.001337 0.013665 0.006607 0.008746 0.008120 0.000000 0.000623 0.000761 0.001624 0.003542 0.004066 0.001216 0.005979 0.000000 0.000000 0.000000 0.000000 0.007562 0.003923 0.056358 0.006181 0.002211 0.000433 0.000000 0.000944 0.007711 0.004028 0.010496 0.003881 0.000000 0.001407 0.000966 0.004761 
0.000000 0.000001 0.000000 0.000278 0.000000 0.000255 0.000000 0.000000 0.000000 0.019245 0.000005 0.004563 0.000999 0.000664 0.000982 0.003175 0.001363 0.000234 0.001015 0.001526 0.000000 0.000000 0.000468 0.000000 0.000966 0.000000 0.000000 0.001184 0.000317 0.000218 0.000532 0.000000 0.077600 0.102541 0.021716 0.080580 0.000000 0.001412 0.000504 0.002107 0.000833 0.000860 0.001106 0.004352 0.000000 0.000728 0.000742 0.001030 0.000000 0.000275 0.000000 0.000000 0.000000 0.000537 0.000000 0.000000 0.000000 0.021171 0.000407 0.015917 0.000000 0.000000 0.000557 0.000830 0.000000 0.000000 0.000879 0.007985 0.000000 0.000000 0.001873 0.000847 0.001670 0.002477 0.000347 0.001538 0.000000 0.001208 0.000000 0.000000 0.116551 0.284553 0.102655 0.082601 0.000950 0.001557 0.001186 0.005667 0.002593 0.001926 0.001958 0.002650 0.000000 0.000715 0.000892 0.000929 
0.000000 0.000803 0.000000 0.000228 0.000487 0.000397 0.000366 0.000998 0.007978 0.002826 0.002861 0.002865 0.000084 0.000000 0.000086 0.000001 0.001401 0.000615 0.000245 0.001491 0.000000 0.000000 0.000194 0.000341 0.000733 0.000000 0.000000 0.000006 0.000000 0.000206 0.000000 0.000466 0.014514 0.004477 0.004112 0.009306 0.000000 0.000186 0.000000 0.000744 0.000754 0.000737 0.000002 0.000445 0.000000 0.000001 0.000332 0.000001 0.000000 0.000001 0.000226 0.000000 0.000000 0.000000 0.000000 0.000418 0.006288 0.001909 0.000003 0.003339 0.000000 0.000187 0.000000 0.000000 0.000000 0.000000 0.000001 0.001072 0.000000 0.000000 0.000170 0.000000 0.015097 0.005848 0.002093 0.011099 0.041826 0.000000 0.001645 0.070990 0.420183 0.081625 0.045562 0.227549 0.000000 0.000000 0.000000 0.000141 0.000246 0.000273 0.000247 0.000389 0.000000 0.000000 0.000279 0.000000 
0.000788 0.001342 0.000371 0.008401 0.000765 0.000227 0.000000 0.000333 0.000000 0.003341 0.012097 0.004287 0.000000 0.000150 0.000155 0.000879 0.003186 0.005108 0.002352 0.003325 0.000000 0.003804 0.001413 0.014351 0.002393 0.000704 0.000504 0.015080 0.000000 0.000000 0.000000 0.000000 0.001461 0.003351 0.010736 0.003513 0.000000 0.000000 0.000000 0.000820 0.000399 0.001977 0.001109 0.001919 0.001882 0.002104 0.003454 0.018980 0.001588 0.001985 0.000000 0.008994 0.000000 0.000213 0.000000 0.000327 0.000000 0.014062 0.026819 0.015341 0.000000 0.000078 0.000000 0.000000 0.007531 0.009892 0.006267 0.012062 0.000000 0.001906 0.000707 0.003073 0.038244 0.011552 0.003086 0.309220 0.000000 0.000000 0.000000 0.000000 0.002750 0.020997 0.214582 0.037076 0.000000 0.001002 0.000000 0.002619 0.003193 0.009258 0.007003 0.010077 0.005369 0.010044 0.001764 0.064257 
0.040855 0.035632 0.012431 0.032170 0.011595 0.006804 0.003218 0.007603 0.014237 0.007524 0.002537 0.010140 0.005999 0.007037 0.011823 0.005911 0.009050 0.002833 0.007668 0.004843 0.000000 0.000000 0.002957 0.000000 0.044108 0.049797 0.006678 0.041324 0.012793 0.010729 0.005677 0.011305 0.016736 0.011098 0.006168 0.020588 0.010217 0.014894 0.031585 0.018090 0.003816 0.003741 0.008170 0.004749 0.000000 0.001025 0.004265 0.000289 0.034908 0.033288 0.014491 0.025874 0.007291 0.008588 0.004233 0.007346 0.007138 0.005786 0.001675 0.006223 0.007382 0.006228 0.013992 0.009135 0.005223 0.001587 0.003873 0.002740 0.000000 0.000304 0.003111 0.000118 0.032248 0.046113 0.007809 0.036311 0.004671 0.011335 0.003026 0.007533 0.004240 0.005104 0.000002 0.008058 0.005600 0.007439 0.008176 0.009163 0.002339 0.001919 0.002629 0.001744 0.000000 0.000000 0.003296 0.000000 
0.181932 0.549234 0.184952 0.000000 0.044323 0.039559 
0.080462 0.220210 0.038025 0.104665 0.000003 0.556635 
0.523176 0.056756 0.303933 0.000000 0.009352 0.106783 
0.058756 0.623498 0.022293 0.008871 0.034978 0.251602 
0.129356 0.467584 0.036939 0.000000 0.018649 0.347472 
0.074202 0.805659 0.046112 0.000000 0.007676 0.066351 
0.044734 0.329043 0.000005 0.014378 0.566170 0.045670 
0.107564 0.286867 0.448025 0.013564 0.018497 0.125482 
0.150683 0.240127 0.000004 0.377078 0.040278 0.191828 
0.058128 0.356721 0.066335 0.454497 0.000003 0.064316 
0.073247 0.012107 0.822481 0.000000 0.000003 0.092162 
0.340879 0.006092 0.000005 0.000000 0.399479 0.253544 
0.115931 0.628348 0.007913 0.036812 0.014355 0.196641 
0.258198 0.000091 0.029724 0.019656 0.530329 0.162003 
0.162924 0.123900 0.000005 0.009864 0.028137 0.675169 
0.022925 0.311600 0.580526 0.034779 0.024183 0.025987 
0.199541 0.000111 0.000004 0.000000 0.716241 0.084102 
0.367239 0.152306 0.045783 0.000000 0.000003 0.434669 
0.117329 0.020747 0.827008 0.000000 0.015747 0.019169 
0.019719 0.002453 0.000004 0.000000 0.976181 0.001642 
0.423825 0.014376 0.019330 0.148924 0.048149 0.345395 
0.238424 0.066849 0.591143 0.033717 0.006512 0.063355 
0.228861 0.013798 0.039394 0.062780 0.508047 0.147120 
0.079382 0.686309 0.062539 0.076151 0.027861 0.067758 
0.470563 0.000112 0.000005 0.161438 0.000003 0.367879 
0.020122 0.000119 0.000005 0.964868 0.000003 0.014883 
0.000312 0.479038 0.210338 0.102120 0.028628 0.179564 
0.458731 0.081572 0.036372 0.000000 0.000003 0.423322 
0.564434 0.000136 0.000005 0.007517 0.000002 0.427907 
0.065374 0.585681 0.256752 0.011066 0.007749 0.073378 
0.000207 0.079216 0.000006 0.000000 0.018736 0.901835 
0.685531 0.022964 0.000006 0.000000 0.041757 0.249742 
0.307254 0.385311 0.000005 0.000000 0.276028 0.031402 
0.202813 0.422571 0.058780 0.000000 0.000003 0.315833 
0.555792 0.075093 0.063522 0.000000 0.016240 0.289352 
0.185521 0.000104 0.026889 0.006678 0.634927 0.145881 
0.326275 0.059114 0.138981 0.000000 0.018690 0.456940 
0.026227 0.000079 0.539900 0.026455 0.015179 0.392160 
0.424282 0.068525 0.054065 0.089861 0.000003 0.363265 
0.035168 0.337722 0.249242 0.300778 0.000003 0.077087 
0.684806 0.021016 0.000004 0.000000 0.258710 0.035463 
0.378644 0.023214 0.254311 0.020581 0.128770 0.194480 
0.138156 0.046420 0.023140 0.000000 0.000003 0.792281 
0.000318 0.081848 0.304361 0.460674 0.012678 0.140120 
0.102609 0.598637 0.000005 0.000000 0.000003 0.298746 
0.230007 0.019039 0.085372 0.375354 0.012526 0.277702 
0.793080 0.057276 0.000005 0.000000 0.126788 0.022850 
0.151497 0.000120 0.018077 0.000000 0.000002 0.830304 
0.000257 0.000118 0.735599 0.259368 0.000003 0.004654 
0.069762 0.020468 0.000005 0.748690 0.000003 0.161073 
0.350022 0.061587 0.000004 0.000000 0.030514 0.557872 
0.503675 0.000088 0.084643 0.020515 0.000002 0.391077 
0.000567 0.086852 0.000005 0.003472 0.897298 0.011806 
0.000376 0.000113 0.124469 0.000000 0.652967 0.222075 
0.027538 0.401964 0.070286 0.008574 0.419964 0.071674 
0.466353 0.049392 0.027444 0.009931 0.017831 0.429049 
0.023452 0.628716 0.117686 0.183967 0.012660 0.033519 
0.013748 0.257834 0.087079 0.611266 0.000003 0.030071 
0.250361 0.106331 0.564888 0.000000 0.000003 0.078418 
0.631302 0.095037 0.054277 0.000000 0.000002 0.219381 
0.291413 0.466616 0.000004 0.000000 0.004394 0.237572 
0.416027 0.045026 0.000004 0.000000 0.018199 0.520744 
0.227798 0.043226 0.384522 0.022321 0.122489 0.199644 
0.589393 0.119086 0.066286 0.000000 0.000002 0.225232 
0.370318 0.048476 0.000004 0.000000 0.070944 0.510257 
0.000234 0.000142 0.000005 0.000000 0.014038 0.985580 
0.000310 0.728879 0.173075 0.000000 0.000003 0.097733 
0.069141 0.112949 0.190884 0.000000 0.596648 0.030378 
0.278291 0.336985 0.216777 0.000000 0.000002 0.167945 
0.076521 0.077360 0.024136 0.000000 0.000002 0.821981 
0.222340 0.034315 0.028841 0.474271 0.000002 0.240231 
0.050916 0.000080 0.863016 0.035598 0.000002 0.050389 
0.036093 0.767658 0.063822 0.006175 0.070236 0.056016 
0.050554 0.602406 0.109571 0.047645 0.133773 0.056051 
0.344713 0.071897 0.000005 0.013954 0.019203 0.550228 
0.069499 0.135829 0.073806 0.000000 0.672222 0.048644 
0.046163 0.334885 0.000005 0.368785 0.035139 0.215023 
0.517627 0.048681 0.030558 0.019961 0.000003 0.383170 
0.143800 0.034121 0.602971 0.000000 0.000003 0.219105 
0.639486 0.028551 0.000005 0.000000 0.055789 0.276169 
0.129065 0.157527 0.024906 0.321765 0.228875 0.137862 
0.420610 0.229904 0.041527 0.026625 0.000002 0.281331 
0.893134 0.037653 0.000005 0.000000 0.064910 0.004297 
0.056264 0.100027 0.800313 0.018843 0.000003 0.024549 
0.529252 0.067354 0.000005 0.334139 0.040107 0.029143 
0.019194 0.310598 0.024827 0.011691 0.003158 0.630531 
0.582815 0.127775 0.040073 0.000000 0.000003 0.249333 
0.828562 0.064295 0.018708 0.000000 0.032522 0.055912 
0.355038 0.230266 0.000005 0.000000 0.043441 0.371249 
0.000440 0.166492 0.642758 0.175436 0.006439 0.008435 
0.806583 0.054279 0.034882 0.000000 0.058222 0.046033 
0.011118 0.003341 0.000005 0.000000 0.011602 0.973933 
0.479507 0.047156 0.025941 0.000000 0.029333 0.418062 
0.142379 0.093588 0.657898 0.000000 0.105167 0.000968 
0.169305 0.061029 0.551560 0.000000 0.057821 0.160284 
0.322239 0.000713 0.059640 0.000000 0.427026 0.190381 
0.363474 0.036338 0.000004 0.005576 0.013493 0.581114 
0.252259 0.395208 0.024529 0.011112 0.030665 0.286227 
0.501447 0.000147 0.000005 0.003217 0.282797 0.212387 
0.214170 0.620856 0.056304 0.000000 0.004917 0.103753 
0.377706 0.053484 0.060295 0.000000 0.018138 0.490377 
0.000448 0.021214 0.014957 0.042171 0.005060 0.916149 
0.000212 0.007928 0.008897 0.000000 0.661998 0.320965 
0.773049 0.113187 0.000004 0.000000 0.112827 0.000932 
0.055670 0.427956 0.200156 0.000000 0.258475 0.057742 
0.340079 0.052069 0.000005 0.025309 0.017965 0.564572 
0.086400 0.649584 0.100628 0.064330 0.037612 0.061446 
0.000226 0.000138 0.048394 0.000000 0.265951 0.685290 
0.405468 0.478004 0.017652 0.011639 0.012979 0.074258 
0.000308 0.011511 0.098622 0.000000 0.139250 0.750309 
0.155652 0.037554 0.689300 0.025271 0.000003 0.092220 
0.000117 0.006936 0.123033 0.865961 0.000002 0.003951 
0.172471 0.036702 0.731434 0.000000 0.015115 0.044278 
0.251309 0.621592 0.023517 0.000000 0.057613 0.045969 
0.475071 0.041614 0.108591 0.000000 0.249226 0.125497 
0.285400 0.000131 0.014371 0.000000 0.699461 0.000637 
0.000654 0.037931 0.000005 0.185418 0.768113 0.007879 
0.372905 0.054101 0.000004 0.000000 0.000003 0.572987 
0.567651 0.100404 0.034058 0.011014 0.000002 0.286871 
0.102125 0.688590 0.114805 0.006394 0.000003 0.088082 
0.684392 0.038898 0.233175 0.000000 0.033665 0.009870 
0.522455 0.123425 0.046453 0.090967 0.037107 0.179593 
0.609352 0.107010 0.039476 0.000000 0.000003 0.244159 
0.005537 0.022577 0.192389 0.264440 0.000003 0.515054 
0.458665 0.025032 0.073359 0.000000 0.257321 0.185623 
0.393301 0.297686 0.025958 0.022513 0.000003 0.260538 
0.107770 0.000147 0.000004 0.000000 0.753498 0.138579 
0.381076 0.055742 0.000004 0.006986 0.000003 0.556190 
0.008181 0.116915 0.040759 0.000000 0.003546 0.830598 
0.072583 0.764918 0.000004 0.000000 0.000002 0.162492 
0.013362 0.058567 0.308559 0.034972 0.574850 0.009690 
0.681341 0.000142 0.171701 0.000000 0.136899 0.009916 
0.351426 0.049521 0.000004 0.004868 0.000003 0.594178 
0.353608 0.408732 0.000005 0.000000 0.000003 0.237653 
0.845620 0.037905 0.012823 0.000000 0.031875 0.071776 
0.542657 0.019277 0.000004 0.000000 0.020055 0.418006 
0.126878 0.300507 0.000005 0.304745 0.035515 0.232351 
0.795433 0.000072 0.000005 0.000000 0.145281 0.059209 
0.034865 0.447647 0.071525 0.000000 0.034206 0.411757 
0.319029 0.036919 0.064078 0.117946 0.022618 0.439409 
0.185131 0.119955 0.008750 0.045318 0.000003 0.640843 
0.248884 0.049279 0.032556 0.620995 0.000003 0.048283 
0.237299 0.081065 0.458531 0.043721 0.000002 0.179382 
0.166439 0.028928 0.000005 0.000000 0.037599 0.767029 
0.312585 0.009016 0.129499 0.095810 0.019612 0.433477 
0.129941 0.014789 0.658951 0.038167 0.000003 0.158149 
0.120674 0.794118 0.014012 0.000000 0.011141 0.060055 
0.276007 0.052013 0.005367 0.000000 0.428191 0.238421 
0.352089 0.029579 0.017548 0.000000 0.158198 0.442586 
0.000477 0.000091 0.794222 0.000000 0.180820 0.024390 
0.038105 0.538883 0.047120 0.013880 0.049323 0.312689 
0.101942 0.587943 0.040208 0.030691 0.096509 0.142706 
0.005471 0.064443 0.013462 0.000000 0.000003 0.916620 
0.082449 0.014814 0.000005 0.000000 0.742851 0.159881 
0.089252 0.316692 0.037191 0.000000 0.501473 0.055392 
0.000578 0.025526 0.000004 0.000000 0.134009 0.839882 
0.033791 0.084468 0.741992 0.000000 0.000003 0.139746 
0.025548 0.005692 0.000005 0.934050 0.000003 0.034703 
0.280456 0.299900 0.018153 0.055330 0.089519 0.256641 
0.042197 0.489498 0.023086 0.011947 0.336663 0.096609 
0.105285 0.024931 0.000004 0.200599 0.595178 0.074002 
0.013266 0.000128 0.431120 0.018632 0.494087 0.042767 
0.024668 0.776487 0.021177 0.140624 0.000003 0.037042 
0.038399 0.657745 0.035445 0.188804 0.006789 0.072816 
0.034959 0.446954 0.440303 0.049074 0.008016 0.020693 
0.093769 0.314155 0.068767 0.304442 0.022429 0.196439 
0.396174 0.046721 0.000003 0.000000 0.034546 0.522555 
0.503802 0.000117 0.026161 0.013747 0.142962 0.313209 
0.529579 0.097174 0.033213 0.000000 0.010977 0.329056 
0.000335 0.906060 0.062651 0.000000 0.000003 0.030952 
0.233208 0.546715 0.051577 0.045498 0.018631 0.104371 
0.567761 0.030027 0.013823 0.018519 0.000003 0.369867 
0.272257 0.042012 0.026471 0.000000 0.000003 0.659257 
0.647232 0.081314 0.073413 0.000000 0.000003 0.198038 
0.019039 0.079748 0.000005 0.000000 0.028969 0.872239 
0.105968 0.432490 0.000005 0.370694 0.000003 0.090840 
0.277205 0.259622 0.033564 0.000000 0.033068 0.396541 
0.296914 0.038247 0.016097 0.000000 0.083757 0.564984 
0.066199 0.122042 0.546434 0.000000 0.149236 0.116090 
0.080027 0.634506 0.043408 0.128957 0.046134 0.066967 
0.000222 0.000081 0.428560 0.000000 0.009747 0.561390 
0.035410 0.825648 0.000004 0.000000 0.116037 0.022900 
0.792662 0.000090 0.082396 0.000000 0.051069 0.073783 
0.011227 0.462253 0.496590 0.000000 0.000003 0.029928 
0.936278 0.001525 0.000005 0.000000 0.038422 0.023770 
0.000254 0.000158 0.000005 0.992239 0.000002 0.007342 
0.000268 0.000115 0.039768 0.012767 0.613625 0.333458 
0.224532 0.197738 0.260306 0.042419 0.000003 0.275002 
0.210928 0.028533 0.682289 0.022042 0.000003 0.056204 
0.087937 0.169923 0.492953 0.032015 0.165337 0.051836 
0.307120 0.047140 0.244687 0.055198 0.000002 0.345852 
0.178615 0.114971 0.000005 0.000000 0.000003 0.706406 
0.074400 0.827703 0.000005 0.000000 0.000003 0.097888 
0.433820 0.058475 0.000004 0.008935 0.000003 0.498764 
0.065523 0.018990 0.000005 0.523117 0.204739 0.187624 
0.000365 0.020806 0.678598 0.000000 0.287804 0.012426 
0.381191 0.032923 0.000004 0.009287 0.000003 0.576591 
0.000249 0.027999 0.009111 0.228185 0.028465 0.705992 
0.147579 0.525968 0.030543 0.015519 0.030521 0.249872 
0.001203 0.020272 0.054238 0.000000 0.914578 0.009708 
0.241940 0.099406 0.019222 0.093144 0.080938 0.465351 
0.867763 0.034395 0.000005 0.053554 0.040852 0.003431 
0.004922 0.000102 0.977461 0.006161 0.000003 0.011351 
0.323814 0.057901 0.000004 0.012528 0.040394 0.565360 
0.000349 0.014356 0.000005 0.092438 0.009293 0.883558 
0.251265 0.073339 0.011120 0.000000 0.000002 0.664273 
0.132379 0.010386 0.000005 0.004912 0.012968 0.839350 
0.020241 0.836546 0.000004 0.000000 0.117101 0.026109 
0.094852 0.650946 0.025014 0.000000 0.000003 0.229185 
0.000393 0.404016 0.119193 0.000000 0.115207 0.361191 
0.181113 0.470564 0.019697 0.000000 0.224923 0.103702 
0.021758 0.184379 0.516772 0.022294 0.236327 0.018470 
0.031022 0.733593 0.038546 0.077618 0.042200 0.077022 
0.047255 0.470581 0.192809 0.185188 0.023624 0.080542 
0.508871 0.052525 0.255925 0.014325 0.000003 0.168351 
0.003425 0.001528 0.976810 0.017253 0.000003 0.000980 
0.319411 0.061468 0.060253 0.190453 0.254572 0.113843 
0.113066 0.397324 0.000005 0.398196 0.000002 0.091407 
0.022608 0.004090 0.000005 0.948232 0.000002 0.025063 
0.898804 0.040245 0.017381 0.000000 0.042399 0.001171 
0.074087 0.116725 0.746956 0.031392 0.007553 0.023287 
0.049406 0.354964 0.049046 0.000000 0.512786 0.033798 
0.439632 0.088933 0.000005 0.106103 0.000002 0.365325 
0.450145 0.094793 0.028534 0.000000 0.298214 0.128313 
0.026501 0.000130 0.000005 0.000000 0.021957 0.951407 
0.240147 0.215687 0.000005 0.011744 0.466203 0.066214 
0.716816 0.031937 0.035340 0.000000 0.000003 0.215903 
0.297562 0.286574 0.000005 0.000000 0.038215 0.377644 
0.000303 0.000157 0.011260 0.000000 0.025290 0.962990 
0.298765 0.037469 0.007018 0.180331 0.355561 0.120855 
0.045702 0.030886 0.662162 0.000000 0.190180 0.071070 
0.400178 0.032889 0.000005 0.000000 0.018613 0.548314 
0.015403 0.006213 0.009246 0.000000 0.000003 0.969135 
0.000625 0.087804 0.000005 0.893023 0.000002 0.018540 
0.016088 0.000049 0.941817 0.026015 0.000003 0.016028 
0.000230 0.000109 0.000005 0.661700 0.260950 0.077008 
0.503467 0.075011 0.052474 0.000000 0.000003 0.369044 
0.117843 0.180381 0.442148 0.000000 0.012623 0.247005 
0.011311 0.034501 0.061389 0.000000 0.000003 0.892796 
0.057667 0.006250 0.475136 0.000000 0.000003 0.460943 
0.000698 0.000159 0.000005 0.787628 0.106122 0.105387 
0.171022 0.233125 0.000007 0.000000 0.000003 0.595842 
0.514874 0.024529 0.021889 0.095269 0.000002 0.343437 
0.023179 0.359186 0.463624 0.014269 0.104313 0.035431 
0.365028 0.067017 0.000004 0.079846 0.009117 0.478989 
0.510722 0.090969 0.056517 0.000000 0.000002 0.341789 
0.183556 0.633881 0.159250 0.000000 0.016005 0.007308 
0.580420 0.084768 0.000005 0.033334 0.000003 0.301469 
0.000535 0.015656 0.000005 0.000000 0.948630 0.035173 
0.623295 0.112453 0.054632 0.000000 0.000003 0.209617 
0.050227 0.058515 0.007276 0.608108 0.217294 0.058581 
0.325512 0.057067 0.000005 0.000000 0.111965 0.505452 
0.857542 0.019651 0.000005 0.000000 0.044210 0.078591 
0.000303 0.000158 0.279804 0.504206 0.123165 0.092365 
0.011320 0.965459 0.022544 0.000000 0.000003 0.000673 
0.269352 0.421156 0.022403 0.000000 0.000003 0.287086 
0.328170 0.182702 0.000004 0.000000 0.000003 0.489120 
0.246658 0.174730 0.256374 0.000000 0.000003 0.322234 
0.125429 0.677159 0.034496 0.000000 0.034067 0.128848 
0.148270 0.050535 0.000005 0.000000 0.762590 0.038599 
0.069509 0.024609 0.142435 0.236276 0.000003 0.527168 
0.015228 0.068575 0.000004 0.843905 0.012198 0.060090 
0.680525 0.101225 0.055491 0.000000 0.000003 0.162756 
0.124294 0.287119 0.030333 0.000000 0.000003 0.558251 
0.000132 0.000080 0.000005 0.998996 0.000003 0.000784 
0.703062 0.027462 0.000005 0.000000 0.022817 0.246654 
0.265175 0.210071 0.000004 0.000000 0.091236 0.433514 
0.232248 0.521235 0.040002 0.027712 0.014909 0.163895 
0.017903 0.849224 0.042737 0.000000 0.037199 0.052937 
0.646197 0.010064 0.046354 0.240591 0.053028 0.003765 
0.019692 0.080878 0.000005 0.000000 0.008043 0.891382 
0.762866 0.158440 0.000006 0.000000 0.046758 0.031930 
0.591965 0.002891 0.000004 0.014568 0.000003 0.390568 
0.825635 0.107070 0.000005 0.000000 0.043405 0.023884 
0.056895 0.013328 0.000005 0.023431 0.008033 0.898308 
0.352526 0.060483 0.000004 0.010295 0.000003 0.576690 
0.257715 0.328274 0.003618 0.029584 0.013065 0.367743 
0.005004 0.042689 0.000005 0.011376 0.927479 0.013447 
0.332752 0.027637 0.000004 0.040887 0.035429 0.563292 
0.288400 0.000117 0.004242 0.012565 0.526205 0.168471 
0.046696 0.532728 0.054634 0.000000 0.090779 0.275163 
0.351437 0.000082 0.295009 0.081553 0.000002 0.271917 
0.401500 0.032349 0.000005 0.029986 0.015512 0.520647 
0.010472 0.002792 0.298751 0.686095 0.000003 0.001887 
0.060147 0.149385 0.055153 0.212967 0.446629 0.075719 
0.005288 0.011702 0.000005 0.000000 0.000003 0.983002 
0.012653 0.012267 0.075576 0.000000 0.024336 0.875168 
0.300365 0.016201 0.275239 0.006901 0.088226 0.313068 
0.160639 0.016483 0.192928 0.012408 0.573071 0.044472 
0.387441 0.013091 0.000005 0.238561 0.000003 0.360899 
0.314536 0.015689 0.476301 0.023450 0.000002 0.170022 
0.160418 0.022130 0.000005 0.057365 0.032539 0.727543 
0.362263 0.031712 0.131510 0.000000 0.078361 0.396154 
0.071228 0.183853 0.028163 0.564089 0.022481 0.130186 
0.080123 0.100821 0.000005 0.221339 0.000003 0.597709 
0.023371 0.010326 0.017600 0.163175 0.008707 0.776821 
0.042133 0.114427 0.591925 0.021187 0.000003 0.230325 
0.156811 0.026599 0.398861 0.190696 0.030410 0.196622 
0.444091 0.059626 0.102057 0.000000 0.000003 0.394223 
0.039542 0.019229 0.673004 0.128889 0.000003 0.139333 
0.327972 0.000100 0.026222 0.002931 0.017277 0.625499 
0.539316 0.099818 0.072918 0.095088 0.000002 0.192858 
0.465148 0.000126 0.013066 0.047504 0.147441 0.326715 
0.803983 0.008938 0.000005 0.000000 0.040890 0.146183 
0.223962 0.025085 0.000005 0.000000 0.012121 0.738827 
0.267926 0.067857 0.026445 0.000000 0.542386 0.095385 
0.841231 0.039532 0.000005 0.008950 0.017965 0.092316 
0.358659 0.078804 0.000004 0.019530 0.016543 0.526460 
0.000493 0.897059 0.005961 0.056129 0.006355 0.034003 
0.558589 0.089865 0.123011 0.000000 0.000002 0.228533 
0.309974 0.047537 0.000004 0.000000 0.024818 0.617666 
0.115724 0.043865 0.018087 0.000000 0.000003 0.822320 
0.031447 0.328178 0.572951 0.021147 0.007358 0.038919 
0.022769 0.240598 0.672661 0.011965 0.010247 0.041759 
0.053243 0.009115 0.920933 0.015475 0.000003 0.001233 
0.147981 0.356246 0.000005 0.241072 0.012769 0.241928 
0.451848 0.122174 0.049069 0.056838 0.004763 0.315307 
0.383914 0.404549 0.029327 0.000000 0.000002 0.182208 
0.843933 0.017667 0.000005 0.000000 0.114769 0.023626 
0.000328 0.000109 0.023112 0.001936 0.970558 0.003957 
0.562834 0.000125 0.027816 0.025231 0.000002 0.383991 
0.000577 0.016016 0.000005 0.294908 0.688081 0.000412 
0.181607 0.253846 0.000005 0.436200 0.012885 0.115457 
0.302059 0.120367 0.007753 0.000000 0.035925 0.533896 
0.328110 0.029642 0.000005 0.282780 0.000003 0.359461 
0.376839 0.008203 0.188405 0.156169 0.000002 0.270381 
0.606277 0.120145 0.037820 0.018856 0.000003 0.216899 
0.000220 0.000098 0.000005 0.020125 0.979242 0.000309 
0.008400 0.008634 0.906597 0.000000 0.062365 0.014003 
0.669861 0.085635 0.064630 0.000000 0.000002 0.179872 
0.394560 0.020449 0.044267 0.400326 0.000003 0.140395 
0.022569 0.481689 0.439733 0.027127 0.012719 0.016162 
0.072570 0.237447 0.566523 0.000000 0.000002 0.123459 
0.135737 0.030781 0.293279 0.520759 0.011957 0.007487 
0.003091 0.162351 0.000005 0.056269 0.670751 0.107534 
0.011940 0.001847 0.203141 0.710692 0.000003 0.072377 
0.264287 0.015511 0.118613 0.153240 0.024398 0.423951 
0.397909 0.093932 0.034783 0.000000 0.230556 0.242819 
0.096252 0.338960 0.014999 0.132689 0.018124 0.398975 
0.356702 0.056503 0.022339 0.010593 0.000003 0.553860 
0.293400 0.091168 0.000005 0.000000 0.172847 0.442579 
0.395676 0.018906 0.000005 0.013084 0.000002 0.572328 
0.090901 0.028327 0.000005 0.123251 0.000003 0.757513 
0.000352 0.018307 0.507570 0.186800 0.266112 0.020858 
0.257044 0.269668 0.000005 0.006157 0.076290 0.390836 
0.016993 0.933016 0.012829 0.010778 0.000003 0.026381 
0.020970 0.410628 0.008563 0.000000 0.000003 0.559836 
0.000912 0.799897 0.000005 0.016004 0.136990 0.046193 
0.011428 0.176630 0.000004 0.795576 0.009705 0.006656 
0.109663 0.000111 0.000005 0.007616 0.849812 0.032794 
0.007843 0.005713 0.000005 0.000000 0.019389 0.967050 
0.111490 0.004304 0.175429 0.023750 0.598222 0.086805 
0.173227 0.435500 0.000005 0.055687 0.194112 0.141469 
0.036957 0.521035 0.036230 0.000000 0.205321 0.200457 
0.033866 0.000139 0.048928 0.000000 0.740674 0.176393 
0.027828 0.397757 0.321828 0.000000 0.010932 0.241655 
0.449960 0.430873 0.030799 0.000000 0.045645 0.042722 
0.050025 0.490484 0.309458 0.000000 0.006938 0.143094 
0.896472 0.009851 0.000004 0.003989 0.038086 0.051598 
0.467444 0.003458 0.000005 0.172759 0.000003 0.356332 
0.113551 0.543890 0.045742 0.000000 0.225507 0.071310 
0.222191 0.260391 0.083074 0.000000 0.432496 0.001848 
0.073633 0.210600 0.000004 0.278887 0.333393 0.103484 
0.644137 0.098871 0.065746 0.000000 0.000002 0.191244 
0.321436 0.049855 0.000005 0.000000 0.000003 0.628702 
0.013697 0.952692 0.017172 0.000000 0.000003 0.016437 
0.546040 0.000158 0.000006 0.016980 0.000003 0.436813 
0.246871 0.072757 0.048945 0.419479 0.000003 0.211946 
0.015648 0.034342 0.000004 0.949384 0.000003 0.000618 
0.010110 0.369452 0.501993 0.034664 0.000002 0.083778 
0.000524 0.130969 0.709549 0.028955 0.000003 0.130000 
0.927509 0.008558 0.000004 0.000000 0.031179 0.032750 
0.218232 0.018811 0.000005 0.712589 0.043422 0.006941 
0.020375 0.002309 0.812662 0.000000 0.000002 0.164651 
0.702977 0.013934 0.000005 0.000000 0.031465 0.251619 
0.056543 0.212021 0.630761 0.000000 0.095428 0.005246 
0.147261 0.290312 0.033188 0.013063 0.341172 0.175003 
0.152000 0.594355 0.071914 0.014753 0.046075 0.120904 
0.218481 0.092351 0.000005 0.000000 0.667216 0.021946 
0.596548 0.214243 0.060939 0.000000 0.000003 0.128268 
0.000275 0.067265 0.000004 0.000000 0.257804 0.674652 
0.006119 0.248980 0.478468 0.000000 0.007700 0.258732 
0.302252 0.416825 0.061727 0.039029 0.000003 0.180164 
0.588822 0.079555 0.017653 0.000000 0.000003 0.313968 
0.180652 0.031635 0.003528 0.397202 0.000003 0.386980 
0.925944 0.009792 0.000005 0.018692 0.044405 0.001162 
0.176715 0.641670 0.021684 0.000000 0.000003 0.159928 
0.691528 0.023072 0.014163 0.000000 0.000003 0.271232 
0.348093 0.277046 0.044608 0.030822 0.014108 0.285323 
0.119000 0.007060 0.064894 0.023803 0.055494 0.729750 
0.140685 0.330721 0.231941 0.025481 0.000003 0.271169 
0.610363 0.000095 0.000005 0.019786 0.000003 0.369747 
0.073224 0.416161 0.064704 0.262071 0.043835 0.140005 
0.000543 0.022380 0.503402 0.192508 0.000003 0.281164 
0.453132 0.111700 0.314291 0.000000 0.000002 0.120874 
0.295479 0.000076 0.000005 0.491853 0.000002 0.212584 
0.106243 0.185208 0.000005 0.594521 0.000003 0.114020 
0.004879 0.000724 0.000004 0.000000 0.165955 0.828437 
0.042382 0.219115 0.046752 0.661863 0.010955 0.018933 
0.488734 0.014357 0.000005 0.473476 0.022995 0.000433 
0.278883 0.449115 0.068317 0.078644 0.008844 0.116196 
0.418228 0.323986 0.139740 0.024595 0.039602 0.053849 
0.135050 0.048807 0.259796 0.430369 0.032881 0.093096 
0.053196 0.000125 0.000004 0.023551 0.881199 0.041925 
0.348867 0.000099 0.521821 0.000000 0.125689 0.003524 
0.005573 0.187106 0.289021 0.454742 0.035261 0.028297 
0.142928 0.521879 0.061228 0.024833 0.027218 0.221913 
0.270203 0.000106 0.051953 0.000000 0.676280 0.001458 
0.028736 0.470814 0.338069 0.000000 0.000003 0.162377 
0.082279 0.318714 0.007723 0.000000 0.526417 0.064867 
0.675942 0.000129 0.023638 0.000000 0.000002 0.300287 
0.118276 0.633207 0.003796 0.014149 0.014045 0.216527 
0.000423 0.013987 0.020728 0.000000 0.964267 0.000594 
0.261148 0.052474 0.000005 0.223369 0.013420 0.449584 
0.078428 0.279630 0.043778 0.512501 0.000003 0.085660 
0.377892 0.044177 0.103863 0.111777 0.032455 0.329837 
0.017524 0.010262 0.208808 0.000000 0.556188 0.207218 
0.046543 0.398629 0.012199 0.009638 0.504826 0.028165 
0.049710 0.714836 0.079133 0.010286 0.020320 0.125716 
0.835103 0.005680 0.000005 0.031100 0.035048 0.093064 
0.000278 0.016204 0.000005 0.171981 0.811241 0.000291 
0.000576 0.107229 0.013247 0.000000 0.625641 0.253306 
0.260012 0.037212 0.000004 0.256753 0.000003 0.446016 
0.252282 0.127820 0.068615 0.430002 0.001717 0.119565 
0.499668 0.078417 0.026459 0.011583 0.000003 0.383870 
0.145557 0.599306 0.009663 0.000000 0.015971 0.229502 
0.000217 0.036595 0.017176 0.000000 0.005817 0.940194 
0.609928 0.084807 0.060709 0.018261 0.000003 0.226293 
0.015975 0.009289 0.000005 0.000000 0.000002 0.974728 
0.039911 0.082574 0.719936 0.000000 0.000003 0.157575 
0.057891 0.052837 0.504910 0.000000 0.378383 0.005979 
0.830212 0.095417 0.000005 0.008202 0.035036 0.031129 
0.463471 0.024630 0.000005 0.034204 0.000003 0.477687 
0.000303 0.000109 0.000004 0.840278 0.158184 0.001122 
0.000340 0.008050 0.000005 0.000000 0.051877 0.939728 
0.449336 0.187703 0.031212 0.052547 0.000002 0.279200 
0.014931 0.000147 0.858453 0.022383 0.090299 0.013788 
0.187803 0.023536 0.381332 0.000000 0.283223 0.124105 
0.581021 0.225448 0.072602 0.000000 0.022808 0.098121 
0.080018 0.712329 0.073334 0.000000 0.075592 0.058727 
0.559237 0.068253 0.078405 0.020643 0.027242 0.246219 
0.431917 0.067659 0.079242 0.244175 0.000002 0.177004 
0.012924 0.270625 0.000005 0.697348 0.000003 0.019095 
0.347298 0.118956 0.000004 0.010564 0.017194 0.505985 
0.671703 0.028338 0.181967 0.000000 0.024661 0.093330 
0.009393 0.046370 0.428991 0.000000 0.000003 0.515244 
0.242596 0.048120 0.000005 0.013692 0.000003 0.695584 
0.051580 0.404279 0.076791 0.115139 0.000003 0.352208 
0.065862 0.022177 0.155032 0.167295 0.555701 0.033933 
0.204218 0.034692 0.419787 0.000000 0.042088 0.299214 
0.528201 0.046373 0.210679 0.000000 0.000002 0.214744 
0.018107 0.000078 0.000005 0.964468 0.000003 0.017339 
0.001104 0.028777 0.000005 0.000000 0.000004 0.970110 
0.045292 0.853418 0.000005 0.036260 0.026199 0.038826 
0.000375 0.255076 0.000005 0.353921 0.360287 0.030335 
0.004116 0.354025 0.000005 0.618226 0.014636 0.008992 
0.053244 0.017210 0.372190 0.028801 0.397124 0.131431 
0.229161 0.066426 0.115221 0.028302 0.389408 0.171482 
0.013186 0.745554 0.003006 0.000000 0.000002 0.238251 
0.087198 0.000129 0.005839 0.000000 0.000003 0.906831 
0.134710 0.495768 0.097200 0.000000 0.025793 0.246529 
0.575842 0.041738 0.000005 0.000000 0.033461 0.348953 
0.603502 0.303429 0.023496 0.000000 0.028351 0.041222 
0.062004 0.007026 0.410222 0.086725 0.027022 0.407000 
0.795997 0.026049 0.088792 0.000000 0.075620 0.013542 
0.596202 0.118612 0.081973 0.000000 0.034889 0.168324 
0.036559 0.066374 0.000006 0.000000 0.026378 0.870683 
0.037714 0.398710 0.460578 0.053168 0.000003 0.049827 
0.000469 0.127790 0.045587 0.231912 0.570790 0.023451 
0.002574 0.000072 0.343008 0.000000 0.644339 0.010007 
0.018714 0.117683 0.832122 0.000000 0.000002 0.031479 
0.254770 0.061196 0.124349 0.034099 0.000003 0.525583 
0.087425 0.765886 0.047562 0.020075 0.036487 0.042565 
0.512660 0.010774 0.000005 0.028263 0.000003 0.448295 
0.041590 0.622315 0.000004 0.166800 0.000003 0.169289 
0.116025 0.036162 0.310337 0.000000 0.000002 0.537473 
0.054752 0.782737 0.011423 0.000000 0.138143 0.012944 
0.026434 0.000113 0.000005 0.258444 0.033653 0.681351 
0.068083 0.014736 0.013711 0.000000 0.000003 0.903467 
0.000321 0.109970 0.005297 0.000000 0.118568 0.765844 
0.530489 0.063263 0.000005 0.354132 0.047279 0.004832 
0.305299 0.172049 0.000004 0.000000 0.022989 0.499658 
0.573825 0.112780 0.012459 0.021093 0.000003 0.279841 
0.123156 0.103298 0.044159 0.647690 0.000003 0.081694 
0.284051 0.016769 0.000005 0.053725 0.388276 0.257174 
0.087710 0.105341 0.673993 0.000000 0.028983 0.103973 
0.367123 0.385456 0.079846 0.000000 0.048071 0.119503 
0.000231 0.029041 0.000005 0.000000 0.438341 0.532382 
0.000253 0.055689 0.449093 0.023310 0.288701 0.182954 
0.570108 0.081457 0.075414 0.000000 0.069107 0.203914 
0.020059 0.244843 0.129211 0.000000 0.068943 0.536944 
0.440205 0.000159 0.000004 0.529590 0.016502 0.013540 
0.000240 0.007512 0.000005 0.000000 0.872095 0.120148 
0.075515 0.796892 0.008558 0.000000 0.000003 0.119032 
0.016152 0.213372 0.012829 0.000000 0.009081 0.748565 
0.087009 0.307051 0.304674 0.000000 0.135289 0.165977 
0.563206 0.007740 0.027946 0.026698 0.000003 0.374408 
0.013376 0.171218 0.030583 0.070219 0.021098 0.693505 
0.260015 0.024773 0.546021 0.000000 0.033852 0.135339 
0.158013 0.137820 0.004880 0.185128 0.334440 0.179719 
0.438206 0.355251 0.193676 0.128878 0.177042 0.531581 
