-1920517.922806
0
0.000000 0.000733 0.000000 0.000000 0.000000 0.000000 0.000000 0.000000 0.000000 0.002315 0.000000 0.002715 0.000000 0.000000 0.000000 0.000000 0.001044 0.000000 0.000000 0.000000 0.000000 0.000000 0.000000 0.000000 0.000000 0.000000 0.000000 0.000000 0.000000 0.000000 0.000000 0.000000 0.012935 0.000808 0.003485 0.006868 0.000000 0.000000 0.000000 0.000509 0.000000 0.000000 0.000000 0.000000 0.000267 0.000000 0.000000 0.000000 0.000000 0.000000 0.000314 0.000000 0.000000 0.000000 0.000000 0.000273 0.000000 0.001180 0.000000 0.003102 0.000000 0.000000 0.000000 0.000000 0.000000 0.000000 0.000000 0.000471 0.000000 0.000000 0.000000 0.000000 0.016619 0.006426 0.000000 0.012419 0.036543 0.000000 0.001988 0.063555 0.457290 0.077777 0.045087 0.245274 0.000000 0.000000 0.000000 0.000000 0.000000 0.000000 0.000000 0.000000 0.000000 0.000000 0.000000 0.000000 
0.037741 0.031502 0.021590 0.024958 0.009387 0.006060 0.004247 0.005035 0.010658 0.007476 0.000000 0.002878 0.002907 0.002799 0.008922 0.000000 0.006537 0.001062 0.007384 0.000000 0.000000 0.000000 0.000000 0.000000 0.050519 0.069319 0.010768 0.048844 0.011891 0.010502 0.007947 0.009432 0.022608 0.014097 0.007986 0.017945 0.008083 0.010421 0.039660 0.009120 0.003730 0.000547 0.010434 0.003612 0.000000 0.000918 0.003774 0.000362 0.042904 0.045632 0.030897 0.025216 0.006798 0.009935 0.007788 0.006030 0.009148 0.007988 0.000000 0.007213 0.005995 0.004772 0.014809 0.002187 0.005332 0.000309 0.003548 0.000807 0.000000 0.000000 0.000000 0.000000 0.035934 0.061232 0.012012 0.037912 0.002128 0.011776 0.004294 0.004704 0.000000 0.001772 0.000000 0.004431 0.003094 0.002214 0.009751 0.000000 0.001738 0.000599 0.003151 0.000416 0.000000 0.000000 0.001871 0.000000 
0.000001 0.000001 0.070660 0.000000 0.000001 0.000000 0.000000 0.000001 0.000043 0.000723 0.000003 0.000337 0.000000 0.000000 0.000000 0.000000 0.000017 0.000003 0.000022 0.000001 0.000000 0.000000 0.000001 0.000003 0.000020 0.000000 0.000000 0.000008 0.000000 0.000000 0.000000 0.000000 0.000152 0.000221 0.000018 0.000463 0.000000 0.000000 0.000001 0.000000 0.000039 0.000028 0.000001 0.000004 0.000000 0.000010 0.000003 0.000001 0.000000 0.000005 0.000000 0.000001 0.000000 0.000002 0.000000 0.000000 0.000011 0.000187 0.000000 0.000560 0.000000 0.000000 0.000000 0.000000 0.000089 0.000010 0.000001 0.000016 0.000000 0.000000 0.000000 0.000000 0.000003 0.000109 0.926042 0.000021 0.000001 0.000000 0.000000 0.000000 0.000000 0.000000 0.000001 0.000018 0.000000 0.000000 0.000000 0.000000 0.000049 0.000066 0.000004 0.000016 0.000000 0.000000 0.000002 0.000001 
0.000000 0.000000 0.000000 0.000000 0.008947 0.004189 0.000000 0.009342 0.017891 0.008586 0.033832 0.012698 0.000000 0.007505 0.009399 0.011355 0.066759 0.025215 0.043794 0.050135 0.007583 0.004235 0.008245 0.005316 0.000000 0.000000 0.000000 0.002199 0.000000 0.001005 0.000000 0.007819 0.000000 0.012320 0.022028 0.009966 0.000000 0.000000 0.000000 0.002942 0.025129 0.021012 0.037587 0.037529 0.005668 0.004672 0.010262 0.024016 0.013486 0.009340 0.000000 0.008197 0.000000 0.000000 0.000000 0.005206 0.017568 0.014914 0.027748 0.017929 0.002480 0.000000 0.001931 0.000000 0.012160 0.018632 0.028157 0.029755 0.003671 0.000000 0.004881 0.002785 0.012160 0.003074 0.000000 0.017423 0.000000 0.004928 0.000000 0.000000 0.000000 0.000000 0.000000 0.006233 0.011517 0.000000 0.000000 0.004062 0.034317 0.015974 0.023961 0.034268 0.011240 0.007991 0.008307 0.026523 
0.000000 0.000000 0.000000 0.000000 0.085798 0.067839 0.000000 0.000000 0.000027 0.000497 0.000002 0.000150 0.000000 0.000000 0.000000 0.000000 0.000007 0.000002 0.000012 0.000000 0.000000 0.000000 0.088315 0.000001 0.000010 0.000000 0.000000 0.000003 0.043576 0.000000 0.000000 0.000000 0.000095 0.000123 0.000008 0.000262 0.000000 0.000000 0.000000 0.000000 0.000024 0.000017 0.000000 0.000002 0.000000 0.000004 0.000002 0.000000 0.000000 0.000002 0.000000 0.000000 0.000000 0.000001 0.000000 0.000000 0.000006 0.000099 0.000000 0.000305 0.000000 0.000000 0.000000 0.000000 0.000059 0.000005 0.000000 0.000008 0.000000 0.000000 0.000000 0.000000 0.000001 0.000056 0.000001 0.000011 0.712606 0.000000 0.000000 0.000000 0.000000 0.000000 0.000000 0.000009 0.000000 0.000000 0.000000 0.000000 0.000017 0.000023 0.000002 0.000007 0.000000 0.000000 0.000001 0.000001 
0.000000 0.000000 0.000000 0.000000 0.000000 0.000000 0.000000 0.000000 0.000000 0.019017 0.000000 0.004285 0.000752 0.000388 0.000518 0.002690 0.000000 0.000000 0.000000 0.000000 0.000000 0.000000 0.000237 0.000000 0.000998 0.000000 0.000000 0.001603 0.000277 0.000210 0.000552 0.000000 0.077127 0.102889 0.022571 0.081472 0.000000 0.001406 0.000520 0.001911 0.000325 0.000184 0.000000 0.003783 0.000000 0.000709 0.000651 0.001142 0.000000 0.000000 0.000000 0.000000 0.000000 0.000629 0.000000 0.000000 0.000000 0.021722 0.000000 0.016536 0.000000 0.000000 0.000422 0.000741 0.000000 0.000000 0.000000 0.007173 0.000000 0.000000 0.001845 0.000813 0.000000 0.002184 0.000000 0.000000 0.000000 0.001138 0.000000 0.000000 0.121990 0.292263 0.103653 0.085166 0.000361 0.001519 0.001288 0.005601 0.001717 0.001498 0.001413 0.001978 0.000000 0.000630 0.000747 0.000752 
0.018645 0.000000 0.000000 0.000000 0.011637 0.022998 0.011861 0.020326 0.048200 0.037156 0.000000 0.029589 0.026949 0.000000 0.021594 0.000000 0.020200 0.000000 0.035010 0.000000 0.000000 0.001292 0.000000 0.000000 0.000000 0.000000 0.011702 0.000000 0.018462 0.025315 0.013290 0.000000 0.098478 0.031128 0.000000 0.026311 0.000000 0.000000 0.023129 0.000000 0.026727 0.000000 0.000000 0.000000 0.000000 0.000000 0.000000 0.000000 0.000000 0.000000 0.000000 0.000000 0.021642 0.019925 0.000000 0.000000 0.057874 0.044976 0.000000 0.059170 0.022436 0.008259 0.010035 0.000000 0.066850 0.000000 0.000000 0.000000 0.000000 0.000000 0.000000 0.000000 0.000000 0.013541 0.017498 0.000000 0.000000 0.008311 0.000000 0.000000 0.000000 0.000000 0.000000 0.000000 0.000000 0.014958 0.027192 0.000000 0.000001 0.027331 0.000000 0.000000 0.000000 0.000000 0.000000 0.000000 
0.009865 0.000000 0.000000 0.004374 0.000000 0.005679 0.000000 0.000000 0.006104 0.028295 0.203153 0.025361 0.000000 0.000000 0.000000 0.021721 0.013743 0.014521 0.000000 0.011218 0.000000 0.000000 0.000000 0.000000 0.000000 0.000000 0.000000 0.000000 0.000000 0.000000 0.000000 0.000000 0.007695 0.008950 0.058113 0.011131 0.000000 0.002206 0.000000 0.000000 0.004571 0.011142 0.000000 0.006123 0.000000 0.004432 0.000000 0.000000 0.015967 0.000000 0.000000 0.000000 0.000000 0.000000 0.000000 0.000000 0.049972 0.042228 0.138766 0.000006 0.000000 0.000000 0.000000 0.000000 0.010960 0.008230 0.007705 0.005155 0.000000 0.000000 0.000000 0.000000 0.000000 0.022933 0.000000 0.034479 0.000000 0.000000 0.000000 0.000000 0.000000 0.000000 0.133047 0.021650 0.000000 0.000000 0.000000 0.000000 0.008924 0.009585 0.024011 0.007986 0.000000 0.000000 0.000000 0.000000 
0.000000 0.000000 0.000000 0.000000 0.000000 0.000000 0.007458 0.012145 0.189047 0.000053 0.055489 0.000020 0.000000 0.000000 0.000000 0.000000 0.000001 0.011398 0.000002 0.021757 0.000000 0.000000 0.000000 0.002970 0.015270 0.000000 0.000000 0.000000 0.000000 0.000000 0.000000 0.000000 0.000010 0.000015 0.000001 0.000029 0.000000 0.000000 0.000000 0.000000 0.014671 0.011786 0.000000 0.000000 0.000000 0.000000 0.000000 0.000000 0.000000 0.000000 0.000000 0.000000 0.000000 0.000000 0.000000 0.000000 0.143230 0.000012 0.000000 0.000038 0.000000 0.003614 0.000000 0.000000 0.000006 0.000001 0.000000 0.000001 0.000000 0.000000 0.000000 0.000000 0.000000 0.000007 0.051271 0.000001 0.160719 0.000000 0.000000 0.298967 0.000000 0.000000 0.000000 0.000001 0.000000 0.000000 0.000000 0.000000 0.000003 0.000003 0.000000 0.000001 0.000000 0.000000 0.000000 0.000000 
0.043993 0.038739 0.002881 0.039226 0.009840 0.004616 0.000000 0.009475 0.017924 0.005894 0.006401 0.023915 0.016374 0.014978 0.016673 0.025564 0.011911 0.006428 0.007171 0.020138 0.000000 0.000000 0.008414 0.002791 0.037028 0.027604 0.001041 0.036366 0.008309 0.006631 0.000665 0.008867 0.002604 0.001175 0.000000 0.019467 0.014685 0.021486 0.019836 0.030921 0.003341 0.011212 0.002918 0.009197 0.000000 0.001531 0.006833 0.000000 0.025354 0.017771 0.000000 0.026422 0.003900 0.003932 0.000000 0.007063 0.000000 0.000000 0.000000 0.003314 0.008912 0.009246 0.010719 0.021960 0.005023 0.004260 0.003713 0.006215 0.000000 0.000711 0.007849 0.005763 0.030127 0.021924 0.001598 0.040235 0.004196 0.004116 0.000000 0.007594 0.000000 0.000000 0.000000 0.012047 0.015569 0.015905 0.008918 0.034729 0.001904 0.005707 0.000000 0.006507 0.000000 0.001128 0.007207 0.003396 
0.000000 0.000968 0.000000 0.008531 0.000000 0.000000 0.000000 0.000000 0.000000 0.003120 0.012002 0.004367 0.000000 0.000000 0.000000 0.000000 0.000851 0.004731 0.001167 0.001749 0.000000 0.003714 0.001247 0.014517 0.002216 0.000000 0.000641 0.016082 0.000000 0.000000 0.000000 0.000000 0.000000 0.001079 0.010443 0.001777 0.000000 0.000000 0.000000 0.000533 0.000000 0.001458 0.000000 0.000000 0.000000 0.002095 0.003204 0.018411 0.000000 0.001611 0.000000 0.009124 0.000000 0.000000 0.000000 0.000000 0.000000 0.014752 0.028613 0.015841 0.000000 0.000000 0.000000 0.000000 0.007415 0.009885 0.005884 0.011443 0.000000 0.002142 0.000671 0.002701 0.038848 0.011755 0.003151 0.326817 0.000000 0.000000 0.000000 0.000000 0.000000 0.016393 0.227871 0.037080 0.000000 0.000942 0.000000 0.002290 0.002275 0.009279 0.006870 0.008932 0.004517 0.010417 0.001550 0.066027 
0.012890 0.008085 0.002206 0.003513 0.040611 0.022089 0.010629 0.041643 0.020136 0.009588 0.000000 0.011184 0.004094 0.000000 0.000000 0.000000 0.000000 0.007608 0.005408 0.008554 0.000000 0.000620 0.009631 0.010289 0.010767 0.010226 0.004791 0.000000 0.030769 0.023023 0.007627 0.044292 0.022005 0.004647 0.000000 0.012350 0.004666 0.012150 0.009145 0.011916 0.005931 0.015122 0.005578 0.004820 0.000000 0.011403 0.014562 0.005988 0.000000 0.006682 0.000000 0.004086 0.024080 0.018847 0.004217 0.032008 0.030841 0.013236 0.000000 0.012463 0.002313 0.003526 0.008493 0.000000 0.007056 0.006332 0.002184 0.000000 0.007476 0.008075 0.028776 0.006095 0.000000 0.020231 0.000000 0.000000 0.029119 0.041485 0.006211 0.062634 0.014593 0.002926 0.000000 0.000000 0.000000 0.009379 0.007202 0.000000 0.008605 0.014621 0.008870 0.006778 0.000000 0.008966 0.014597 0.016439 
0.010575 0.011292 0.003715 0.003829 0.000000 0.000000 0.000000 0.000000 0.053143 0.009699 0.255240 0.008710 0.006456 0.001366 0.000000 0.000000 0.003891 0.000000 0.009133 0.000000 0.000000 0.002179 0.000000 0.004876 0.006235 0.004559 0.000000 0.003912 0.000000 0.000000 0.000000 0.000000 0.027864 0.017578 0.154453 0.012644 0.000000 0.000000 0.000000 0.000000 0.000000 0.000000 0.003967 0.000000 0.000000 0.000000 0.000000 0.000000 0.000000 0.004806 0.000000 0.002513 0.000000 0.003550 0.000000 0.000000 0.020519 0.027629 0.143902 0.027193 0.000000 0.000000 0.000000 0.000000 0.013560 0.003989 0.000000 0.013344 0.000000 0.000000 0.000000 0.000000 0.016613 0.004507 0.002717 0.000000 0.000000 0.000000 0.000000 0.000000 0.010483 0.000000 0.077421 0.000000 0.007457 0.000000 0.000000 0.000000 0.004478 0.000000 0.000000 0.000000 0.000000 0.000000 0.000000 0.000000 
0.009636 0.000000 0.000000 0.000000 0.000000 0.000000 0.000000 0.000000 0.000000 0.001693 0.000000 0.000002 0.023211 0.000000 0.002598 0.022438 0.000000 0.000000 0.006036 0.009119 0.068847 0.009124 0.001797 0.035831 0.008632 0.001646 0.000000 0.003544 0.000000 0.000000 0.000000 0.000000 0.013771 0.000001 0.000000 0.000003 0.006553 0.002259 0.003108 0.000000 0.012580 0.004329 0.001963 0.032921 0.046397 0.009779 0.019553 0.092027 0.006174 0.005563 0.000000 0.000000 0.000000 0.002954 0.000000 0.003526 0.000000 0.000001 0.000000 0.008223 0.000000 0.003790 0.000000 0.000000 0.010239 0.005683 0.000000 0.000000 0.013097 0.000573 0.003348 0.037055 0.025496 0.000001 0.000000 0.041940 0.002162 0.000000 0.000000 0.006554 0.000000 0.000000 0.000000 0.007197 0.031662 0.000000 0.026267 0.015308 0.007441 0.015425 0.003398 0.043480 0.103662 0.011127 0.010897 0.098357 
0.000000 0.002177 0.000000 0.000000 0.001361 0.000000 0.000000 0.001558 0.032386 0.017001 0.095228 0.014868 0.000000 0.002752 0.000000 0.003460 0.003347 0.005085 0.022770 0.000000 0.000000 0.002146 0.000776 0.002877 0.010915 0.025817 0.010643 0.065894 0.000000 0.000000 0.000000 0.000000 0.005981 0.007574 0.102142 0.005332 0.000000 0.001706 0.000578 0.000000 0.005602 0.002140 0.029910 0.001501 0.000000 0.003827 0.004765 0.008822 0.001038 0.005515 0.002576 0.008943 0.000000 0.002520 0.000000 0.001566 0.072165 0.084368 0.150029 0.059733 0.000000 0.002511 0.000000 0.001301 0.013284 0.005289 0.010319 0.002587 0.000000 0.001474 0.001007 0.003433 0.000000 0.000000 0.000700 0.004734 0.000000 0.000000 0.000000 0.000000 0.000000 0.000000 0.034897 0.000000 0.000000 0.000488 0.000000 0.000000 0.004789 0.002256 0.009388 0.000893 0.000000 0.001947 0.000780 0.008530 
0.000004 0.000012 0.000000 0.128741 0.000000 0.183851 0.000000 0.214370 0.000000 0.103352 0.000000 0.000000 0.309679 0.059991 0.000000 
0.094973 0.421364 0.000000 0.060709 0.000000 0.049695 0.000000 0.061344 0.014828 0.155231 0.000000 0.000000 0.120955 0.020902 0.000000 
0.011201 0.060649 0.000000 0.274698 0.000000 0.305270 0.033720 0.000000 0.000000 0.125588 0.000000 0.046189 0.012238 0.130447 0.000000 
0.012439 0.191027 0.000000 0.124673 0.000000 0.027398 0.000000 0.175982 0.000000 0.076286 0.000000 0.011263 0.380932 0.000000 0.000000 
0.006153 0.189012 0.000000 0.140952 0.000000 0.043148 0.000000 0.042995 0.000000 0.147062 0.016023 0.064771 0.276030 0.000000 0.073855 
0.000004 0.028949 0.000000 0.119208 0.000000 0.067084 0.000000 0.127320 0.000000 0.054400 0.000000 0.000000 0.154899 0.000000 0.448136 
0.012025 0.000013 0.000000 0.033700 0.000000 0.031524 0.000000 0.000000 0.000000 0.059437 0.525660 0.015521 0.000000 0.009401 0.312719 
0.005979 0.040161 0.000000 0.087605 0.000000 0.437795 0.044309 0.128714 0.000000 0.096119 0.011408 0.031799 0.116111 0.000000 0.000000 
0.349927 0.000013 0.000000 0.097129 0.000000 0.008632 0.000000 0.058979 0.021695 0.282743 0.030679 0.000000 0.150202 0.000000 0.000000 
0.405124 0.022219 0.000000 0.062925 0.000000 0.074170 0.000000 0.170726 0.015362 0.041268 0.000000 0.035968 0.172237 0.000000 0.000000 
0.000004 0.020825 0.003413 0.033268 0.000000 0.810431 0.000000 0.000000 0.000000 0.103415 0.000000 0.000000 0.000000 0.018882 0.009763 
0.000004 0.216322 0.000000 0.161368 0.000000 0.030417 0.000000 0.000000 0.000000 0.105202 0.330256 0.000000 0.000000 0.156430 0.000000 
0.039821 0.000013 0.004272 0.060675 0.000000 0.031371 0.000000 0.107671 0.000000 0.248184 0.000000 0.000000 0.000000 0.000000 0.507993 
0.000004 0.000012 0.000000 0.077598 0.000000 0.062164 0.000000 0.000000 0.000000 0.177207 0.524133 0.158883 0.000000 0.000000 0.000000 
0.012529 0.329472 0.000000 0.071444 0.003542 0.017495 0.000000 0.052588 0.000000 0.438532 0.000000 0.000000 0.065178 0.009220 0.000000 
0.021573 0.000012 0.000000 0.039349 0.000000 0.572084 0.000000 0.118889 0.004346 0.052336 0.015110 0.000000 0.176301 0.000000 0.000000 
0.000003 0.000013 0.000000 0.058028 0.000000 0.014141 0.000000 0.000000 0.000000 0.118252 0.678943 0.061851 0.000000 0.068769 0.000000 
0.000003 0.273197 0.000000 0.135729 0.000000 0.066760 0.000000 0.000000 0.000000 0.220274 0.000000 0.053070 0.040780 0.115328 0.094858 
0.000003 0.000012 0.000613 0.112102 0.000000 0.809055 0.000000 0.000000 0.000000 0.041121 0.017338 0.019756 0.000000 0.000000 0.000000 
0.005266 0.005836 0.000000 0.046272 0.000000 0.003811 0.000000 0.000000 0.000000 0.005924 0.923330 0.000000 0.000000 0.009560 0.000000 
0.103685 0.000013 0.003473 0.120641 0.000000 0.053127 0.000000 0.000000 0.000000 0.273354 0.064222 0.371209 0.000000 0.010277 0.000000 
0.010480 0.000012 0.000000 0.103242 0.000000 0.607984 0.000000 0.000000 0.000000 0.097772 0.000000 0.085202 0.045668 0.049640 0.000000 
0.053851 0.027952 0.000000 0.112193 0.000000 0.066327 0.000000 0.000000 0.013314 0.214792 0.472260 0.000000 0.000000 0.039310 0.000000 
0.075975 0.041048 0.000000 0.121664 0.000000 0.052515 0.000000 0.202617 0.000000 0.062480 0.000000 0.000000 0.443702 0.000000 0.000000 
0.114127 0.040297 0.000000 0.099308 0.000000 0.036120 0.000000 0.000000 0.000000 0.310051 0.011169 0.352464 0.000000 0.036465 0.000000 
0.863008 0.000011 0.000000 0.001402 0.003825 0.048627 0.000000 0.000000 0.046944 0.022368 0.000000 0.010991 0.000000 0.002825 0.000000 
0.093483 0.125926 0.000000 0.021955 0.000000 0.206194 0.000000 0.189413 0.000000 0.039094 0.016068 0.025035 0.218121 0.000000 0.064712 
0.008158 0.153740 0.000000 0.264133 0.000000 0.038592 0.093291 0.000000 0.000000 0.304192 0.012747 0.100704 0.024443 0.000000 0.000000 
0.000003 0.015909 0.000000 0.142013 0.000000 0.022067 0.000000 0.000000 0.000000 0.456376 0.000000 0.338413 0.000000 0.025218 0.000000 
0.000003 0.019157 0.000000 0.091599 0.000000 0.249429 0.000000 0.240265 0.007798 0.083103 0.000000 0.000000 0.276121 0.000000 0.032523 
0.000004 0.772803 0.000000 0.003453 0.003340 0.021238 0.000000 0.075709 0.000000 0.123454 0.000000 0.000000 0.000000 0.000000 0.000000 
0.004969 0.010798 0.000000 0.229601 0.000000 0.034144 0.000000 0.000000 0.000000 0.519622 0.008063 0.000000 0.015101 0.177702 0.000000 
0.000004 0.000012 0.000000 0.105704 0.000000 0.035383 0.000000 0.000000 0.000000 0.125379 0.233668 0.000000 0.000000 0.132922 0.366928 
0.000004 0.205808 0.000000 0.206215 0.000000 0.071606 0.056747 0.168512 0.008139 0.091860 0.000000 0.025250 0.000000 0.000000 0.165859 
0.000003 0.103035 0.000000 0.383975 0.000000 0.073265 0.112072 0.000000 0.000000 0.240165 0.026774 0.060711 0.000000 0.000000 0.000000 
0.000003 0.000012 0.000000 0.050887 0.000000 0.051022 0.000000 0.000000 0.000000 0.144103 0.624434 0.129538 0.000000 0.000000 0.000000 
0.000004 0.000013 0.000000 0.111721 0.000000 0.159597 0.017332 0.050675 0.000000 0.648239 0.000000 0.000000 0.000000 0.012419 0.000000 
0.036011 0.273374 0.000000 0.017223 0.000000 0.527305 0.000000 0.000000 0.000000 0.130495 0.011430 0.000000 0.000000 0.004163 0.000000 
0.091439 0.215455 0.000000 0.331953 0.000000 0.062799 0.066336 0.000000 0.000000 0.155289 0.000000 0.076728 0.000000 0.000000 0.000000 
0.276099 0.052290 0.000000 0.076738 0.000000 0.250950 0.000000 0.060204 0.007643 0.035843 0.000000 0.000000 0.215258 0.000000 0.024976 
0.004663 0.000012 0.000000 0.285315 0.000000 0.018135 0.000000 0.000000 0.000000 0.200825 0.201682 0.013995 0.000000 0.275374 0.000000 
0.000004 0.049410 0.003270 0.213867 0.000000 0.279176 0.000000 0.000000 0.000000 0.188370 0.129242 0.136660 0.000000 0.000000 0.000000 
0.006269 0.608750 0.005241 0.124291 0.000000 0.034695 0.000000 0.000000 0.000000 0.162805 0.000000 0.018692 0.021868 0.017390 0.000000 
0.415922 0.071108 0.000000 0.013127 0.000000 0.322297 0.000000 0.000000 0.026397 0.072273 0.008721 0.000000 0.025629 0.000000 0.044528 
0.011921 0.187595 0.000000 0.103899 0.000000 0.013173 0.000000 0.000000 0.000000 0.104070 0.000000 0.029996 0.000000 0.000000 0.549345 
0.355988 0.042279 0.000000 0.086120 0.000000 0.113766 0.000000 0.000000 0.000000 0.350609 0.000000 0.000000 0.017152 0.034085 0.000000 
0.000003 0.000012 0.000000 0.293122 0.000000 0.032460 0.000000 0.000000 0.000000 0.198722 0.073026 0.000000 0.039124 0.363530 0.000000 
0.000003 0.504232 0.000000 0.067316 0.000000 0.033256 0.000000 0.000000 0.000000 0.221006 0.000000 0.174186 0.000000 0.000000 0.000000 
0.249935 0.000011 0.000000 0.005595 0.000000 0.729820 0.000000 0.000000 0.005456 0.009183 0.000000 0.000000 0.000000 0.000000 0.000000 
0.690712 0.101994 0.000000 0.043230 0.000000 0.032450 0.000000 0.018312 0.021822 0.079985 0.000000 0.000000 0.000000 0.011495 0.000000 
0.000004 0.000012 0.000000 0.054183 0.000000 0.024012 0.000000 0.032943 0.000000 0.795140 0.000000 0.000000 0.045999 0.047708 0.000000 
0.000003 0.049730 0.000000 0.063004 0.000000 0.104771 0.049601 0.000000 0.000000 0.286350 0.000000 0.397790 0.000000 0.048751 0.000000 
0.003280 0.006314 0.000000 0.050602 0.000000 0.017258 0.000000 0.000000 0.000000 0.010506 0.847049 0.000000 0.064990 0.000000 0.000000 
0.011592 0.155550 0.000000 0.006780 0.000000 0.121891 0.026367 0.000000 0.000000 0.049846 0.612116 0.000000 0.000000 0.015858 0.000000 
0.007592 0.040586 0.000000 0.068028 0.000000 0.077682 0.000000 0.110316 0.000000 0.031524 0.391443 0.014273 0.258556 0.000000 0.000000 
0.004809 0.024307 0.000000 0.152260 0.000000 0.059464 0.014989 0.044034 0.012872 0.649174 0.000000 0.000000 0.000000 0.038090 0.000000 
0.164970 0.025073 0.000000 0.056677 0.000000 0.151729 0.000000 0.047033 0.021454 0.013999 0.000000 0.000000 0.000000 0.000000 0.519064 
0.548368 0.013794 0.000000 0.034037 0.000000 0.106437 0.000000 0.073238 0.028450 0.022742 0.000000 0.000000 0.172934 0.000000 0.000000 
0.000003 0.000014 0.000000 0.176890 0.000000 0.557984 0.043436 0.000000 0.000000 0.127889 0.000000 0.024925 0.000000 0.000000 0.068858 
0.011093 0.044243 0.000000 0.430821 0.000000 0.061649 0.096234 0.000000 0.000000 0.297859 0.000000 0.058101 0.000000 0.000000 0.000000 
0.010978 0.163631 0.000000 0.144549 0.000000 0.008118 0.000000 0.000000 0.000000 0.136500 0.000000 0.000000 0.057999 0.100543 0.377681 
0.008732 0.024898 0.000000 0.114608 0.000000 0.012076 0.000000 0.000000 0.000000 0.717704 0.000000 0.036105 0.044547 0.041330 0.000000 
0.000003 0.037657 0.000000 0.103658 0.000000 0.401522 0.000000 0.000000 0.000000 0.127957 0.137029 0.174532 0.017642 0.000000 0.000000 
0.005381 0.053772 0.000000 0.400140 0.000000 0.073784 0.138374 0.000000 0.000000 0.228270 0.000000 0.082721 0.017558 0.000000 0.000000 
0.005214 0.000012 0.000000 0.107978 0.000000 0.016444 0.000000 0.000000 0.000000 0.745626 0.054710 0.000000 0.046560 0.023458 0.000000 
0.002730 0.857255 0.000000 0.016758 0.000000 0.015045 0.000000 0.000000 0.000000 0.099547 0.000000 0.000000 0.000000 0.000000 0.008665 
0.000003 0.069193 0.000000 0.025324 0.000000 0.209795 0.000000 0.000000 0.000000 0.017968 0.000000 0.000000 0.000000 0.000000 0.677716 
0.014086 0.000016 0.000000 0.083506 0.000000 0.183048 0.027648 0.026183 0.000000 0.044224 0.566907 0.000000 0.054383 0.000000 0.000000 
0.019525 0.021707 0.002163 0.221884 0.000000 0.210026 0.072048 0.000000 0.000000 0.168901 0.000000 0.027956 0.000000 0.000000 0.255789 
0.000004 0.570693 0.000000 0.079231 0.000000 0.040806 0.000000 0.000000 0.000000 0.218606 0.000000 0.028769 0.016946 0.000000 0.044945 
0.435722 0.095876 0.000000 0.137775 0.000000 0.050481 0.025197 0.000000 0.006021 0.137631 0.000000 0.099812 0.000000 0.000000 0.011485 
0.026689 0.012201 0.000000 0.035113 0.000000 0.851303 0.000000 0.000000 0.000000 0.048371 0.000000 0.026323 0.000000 0.000000 0.000000 
0.000003 0.000013 0.000000 0.039342 0.000000 0.072040 0.000000 0.310457 0.000000 0.061375 0.041023 0.025119 0.295859 0.000000 0.154770 
0.048229 0.000014 0.000000 0.070538 0.000000 0.106171 0.000000 0.231998 0.000000 0.085606 0.097148 0.000000 0.303807 0.000000 0.056488 
0.004397 0.283526 0.000000 0.163065 0.000000 0.029033 0.000000 0.054809 0.000000 0.258489 0.000000 0.186401 0.000000 0.020278 0.000000 
0.000004 0.000014 0.000000 0.031879 0.000000 0.095558 0.000000 0.000000 0.000000 0.077893 0.626933 0.000000 0.000000 0.033715 0.134006 
0.331754 0.161130 0.000000 0.038493 0.000000 0.025303 0.000000 0.104036 0.009382 0.064193 0.017865 0.028848 0.204180 0.014814 0.000000 
0.000003 0.032871 0.000000 0.130763 0.000000 0.053593 0.000000 0.040710 0.000000 0.337818 0.000000 0.372353 0.000000 0.031889 0.000000 
0.000003 0.014732 0.000000 0.042788 0.000000 0.597060 0.000000 0.032353 0.000000 0.302145 0.000000 0.000000 0.000000 0.010917 0.000000 
0.003173 0.008427 0.000000 0.172620 0.000000 0.029012 0.000000 0.000000 0.000000 0.563639 0.022106 0.000000 0.030996 0.170027 0.000000 
0.288062 0.089625 0.000000 0.144710 0.000000 0.047194 0.018153 0.000000 0.028088 0.071908 0.220739 0.000000 0.068156 0.000000 0.023365 
0.003616 0.000012 0.000000 0.118353 0.000000 0.069956 0.000000 0.000000 0.000000 0.293995 0.000000 0.296620 0.190835 0.026613 0.000000 
0.000004 0.000012 0.000000 0.326745 0.000000 0.035749 0.000000 0.037389 0.000000 0.159099 0.000000 0.000000 0.000000 0.441003 0.000000 
0.024310 0.000012 0.000000 0.065814 0.000000 0.781261 0.000000 0.000000 0.000000 0.057281 0.000000 0.000000 0.047799 0.000000 0.023523 
0.312470 0.000012 0.000000 0.213461 0.000000 0.040721 0.000000 0.000000 0.021744 0.150531 0.000000 0.000000 0.000000 0.210879 0.050182 
0.019975 0.563925 0.000000 0.061440 0.000000 0.025509 0.000000 0.079801 0.000000 0.064957 0.000000 0.000000 0.184392 0.000000 0.000000 
0.000004 0.033652 0.003258 0.325469 0.000000 0.054129 0.027925 0.000000 0.000000 0.239753 0.028645 0.226289 0.000000 0.000000 0.060877 
0.004366 0.000013 0.000000 0.334122 0.000000 0.043745 0.054049 0.030815 0.000000 0.196748 0.000000 0.043971 0.000000 0.292171 0.000000 
0.000003 0.020577 0.000000 0.111436 0.000000 0.025887 0.000000 0.098979 0.000000 0.572071 0.000000 0.017147 0.124370 0.029529 0.000000 
0.156670 0.004334 0.000000 0.034304 0.000000 0.644070 0.000000 0.000000 0.015618 0.004772 0.000000 0.000000 0.000000 0.000000 0.140232 
0.000003 0.000014 0.000000 0.391380 0.000000 0.064987 0.044366 0.000000 0.017812 0.198106 0.032183 0.000000 0.000000 0.251149 0.000000 
0.003900 0.863740 0.000000 0.049527 0.000000 0.017777 0.000000 0.000000 0.013401 0.051656 0.000000 0.000000 0.000000 0.000000 0.000000 
0.000004 0.011257 0.000000 0.194505 0.000000 0.044827 0.100401 0.018981 0.000000 0.590580 0.021321 0.000000 0.000000 0.018123 0.000000 
0.000003 0.000013 0.000000 0.111614 0.000000 0.656858 0.000000 0.000000 0.000000 0.031987 0.088103 0.000000 0.060125 0.051298 0.000000 
0.000003 0.087159 0.000000 0.164296 0.000000 0.546247 0.023274 0.000000 0.000000 0.106213 0.055176 0.000000 0.017630 0.000000 0.000000 
0.000003 0.144719 0.000000 0.155082 0.000000 0.082597 0.000000 0.000000 0.002306 0.120103 0.363836 0.000000 0.000000 0.131354 0.000000 
0.010146 0.011935 0.000000 0.077477 0.004459 0.013175 0.000000 0.000000 0.000000 0.820188 0.000000 0.000000 0.041608 0.021012 0.000000 
0.000003 0.000013 0.000000 0.109740 0.000000 0.044257 0.000000 0.000000 0.000000 0.310642 0.037482 0.147346 0.308068 0.009721 0.032729 
0.000003 0.008080 0.000000 0.105505 0.000000 0.022921 0.000000 0.000000 0.000000 0.296220 0.270474 0.201368 0.000000 0.095429 0.000000 
0.000003 0.000013 0.003153 0.220789 0.000000 0.062048 0.000000 0.114121 0.000000 0.152057 0.000000 0.032332 0.415484 0.000000 0.000000 
0.000004 0.000012 0.002272 0.106479 0.000000 0.088333 0.000000 0.000000 0.000000 0.718262 0.000000 0.000000 0.050810 0.033828 0.000000 
0.048918 0.766176 0.000000 0.035032 0.000000 0.022313 0.000000 0.000000 0.000000 0.113570 0.000000 0.000000 0.013989 0.000000 0.000000 
0.000002 0.275279 0.003008 0.013678 0.000000 0.021598 0.031104 0.000000 0.000000 0.018473 0.636858 0.000000 0.000000 0.000000 0.000000 
0.005426 0.000011 0.000000 0.277820 0.000000 0.020534 0.000000 0.038899 0.006118 0.164061 0.054560 0.000000 0.000000 0.361873 0.070698 
0.000003 0.000012 0.000000 0.078272 0.000000 0.216012 0.000000 0.000000 0.000000 0.087966 0.244539 0.000000 0.056847 0.000000 0.316350 
0.018452 0.048504 0.000000 0.113483 0.000000 0.034469 0.000000 0.000000 0.000000 0.717350 0.000000 0.000000 0.044681 0.023060 0.000000 
0.064302 0.022063 0.000000 0.109815 0.000000 0.092998 0.000000 0.276225 0.000000 0.070570 0.000000 0.000000 0.350296 0.013731 0.000000 
0.008502 0.587186 0.000000 0.023482 0.000000 0.053989 0.000000 0.000000 0.006195 0.069275 0.251370 0.000000 0.000000 0.000000 0.000000 
0.011133 0.033424 0.000000 0.199842 0.005876 0.034610 0.000000 0.123337 0.000000 0.150217 0.000000 0.000000 0.262947 0.139353 0.039261 
0.000004 0.580516 0.000000 0.007662 0.000000 0.111702 0.000000 0.000000 0.017293 0.136586 0.128876 0.000000 0.000000 0.000000 0.017359 
0.035966 0.034996 0.000000 0.132368 0.000000 0.657639 0.073259 0.000000 0.000000 0.057984 0.000000 0.007789 0.000000 0.000000 0.000000 
0.782025 0.004789 0.000000 0.000451 0.000000 0.160907 0.000000 0.000000 0.044979 0.001609 0.000000 0.000000 0.005240 0.000000 0.000000 
0.000003 0.025302 0.000000 0.146179 0.000000 0.717131 0.048581 0.000000 0.009940 0.029431 0.023433 0.000000 0.000000 0.000000 0.000000 
0.012176 0.000014 0.000000 0.115994 0.000000 0.042241 0.000000 0.000000 0.000000 0.113470 0.042686 0.000000 0.048302 0.100513 0.524604 
0.016897 0.037001 0.000000 0.292256 0.000000 0.091544 0.120858 0.000000 0.000000 0.135138 0.244444 0.034382 0.000000 0.027480 0.000000 
0.000004 0.000012 0.000000 0.137839 0.000000 0.041235 0.000000 0.000000 0.000000 0.058079 0.616249 0.000000 0.000000 0.146581 0.000000 
0.179975 0.000014 0.002419 0.046937 0.000000 0.015265 0.000000 0.000000 0.000000 0.010988 0.716580 0.000000 0.000000 0.000000 0.027822 
0.010594 0.037449 0.000000 0.078848 0.000000 0.000189 0.000000 0.018351 0.000000 0.778532 0.000000 0.000000 0.035776 0.040261 0.000000 
0.017528 0.098294 0.000000 0.393067 0.000000 0.047322 0.148957 0.000000 0.009702 0.240057 0.000000 0.045073 0.000000 0.000000 0.000000 
0.000004 0.016636 0.000000 0.048904 0.000000 0.130960 0.000000 0.084310 0.000000 0.082598 0.000000 0.031878 0.274457 0.030450 0.299802 
0.010214 0.007051 0.000000 0.280053 0.000000 0.253631 0.000000 0.000000 0.007201 0.117944 0.000000 0.000000 0.000000 0.305859 0.018047 
0.088826 0.000013 0.000000 0.349465 0.000000 0.050657 0.101942 0.036081 0.000000 0.228505 0.043867 0.100645 0.000000 0.000000 0.000000 
0.000004 0.049115 0.000000 0.438973 0.000000 0.054378 0.082196 0.000000 0.000000 0.225168 0.013636 0.124756 0.011774 0.000000 0.000000 
0.257007 0.452341 0.000000 0.017475 0.000000 0.197363 0.000000 0.000000 0.000000 0.055987 0.000000 0.000000 0.019826 0.000000 0.000000 
0.005836 0.039577 0.000000 0.129123 0.000000 0.094905 0.000000 0.037490 0.000000 0.324728 0.203740 0.000000 0.000000 0.164601 0.000000 
0.006244 0.000013 0.000000 0.151770 0.000000 0.049890 0.000000 0.031070 0.000000 0.279910 0.000000 0.232704 0.220549 0.027848 0.000000 
0.000002 0.041276 0.000000 0.046490 0.000000 0.015609 0.000000 0.000000 0.000000 0.155111 0.706142 0.000000 0.000000 0.035370 0.000000 
0.014420 0.000011 0.000000 0.057526 0.000000 0.007874 0.000000 0.000000 0.000000 0.821827 0.000000 0.000000 0.056643 0.041699 0.000000 
0.008862 0.657495 0.000000 0.036154 0.000000 0.051278 0.000000 0.000000 0.000000 0.139868 0.000000 0.000000 0.000000 0.000000 0.106343 
0.018553 0.022136 0.000000 0.063473 0.000000 0.006155 0.000000 0.000000 0.000000 0.173998 0.000000 0.000000 0.000000 0.000000 0.715685 
0.034630 0.000013 0.000000 0.032571 0.000000 0.313565 0.000000 0.000000 0.000000 0.020657 0.543997 0.000000 0.048292 0.006274 0.000000 
0.000003 0.010897 0.000000 0.254830 0.000000 0.205987 0.000000 0.000000 0.000000 0.094869 0.073068 0.000000 0.000000 0.360345 0.000000 
0.010728 0.110713 0.000000 0.108320 0.000000 0.011972 0.000000 0.000000 0.000000 0.699992 0.000000 0.000000 0.043127 0.015148 0.000000 
0.000003 0.068598 0.000000 0.132567 0.000000 0.022073 0.000000 0.000000 0.000000 0.147119 0.000000 0.182090 0.000000 0.054775 0.392774 
0.000004 0.009697 0.002224 0.382935 0.000000 0.052831 0.000000 0.000000 0.000000 0.244259 0.000000 0.026822 0.000000 0.281228 0.000000 
0.004560 0.329616 0.000000 0.204144 0.000000 0.015051 0.000000 0.016691 0.000000 0.209202 0.000000 0.000000 0.000000 0.220735 0.000000 
0.296009 0.000013 0.000000 0.060419 0.000000 0.014926 0.000000 0.000000 0.000000 0.306557 0.033596 0.000000 0.068896 0.000000 0.219584 
0.000003 0.012803 0.000000 0.258022 0.000000 0.031959 0.000000 0.000000 0.000000 0.221928 0.098367 0.044278 0.000000 0.332640 0.000000 
0.000003 0.316603 0.000000 0.072952 0.000000 0.075540 0.000000 0.157594 0.000000 0.098070 0.007845 0.025206 0.246187 0.000000 0.000000 
0.102287 0.040245 0.000000 0.055397 0.000000 0.098360 0.000000 0.000000 0.014919 0.596643 0.000000 0.000000 0.037934 0.054216 0.000000 
0.036450 0.363742 0.000000 0.078064 0.000000 0.032880 0.000000 0.000000 0.000000 0.220921 0.000000 0.148333 0.000000 0.010544 0.109068 
0.574396 0.000012 0.000000 0.200338 0.005977 0.050928 0.041381 0.000000 0.009951 0.071395 0.006165 0.039456 0.000000 0.000000 0.000000 
0.000004 0.000012 0.000000 0.066425 0.000000 0.486238 0.027991 0.000000 0.000000 0.154720 0.000000 0.192703 0.028491 0.005664 0.037753 
0.000004 0.432742 0.000000 0.099548 0.000000 0.016297 0.000000 0.000000 0.000000 0.310175 0.033906 0.094273 0.013054 0.000000 0.000000 
0.099071 0.387043 0.000000 0.141179 0.000000 0.144152 0.000000 0.000000 0.000000 0.096759 0.000000 0.000000 0.000000 0.131796 0.000000 
0.023438 0.030105 0.000000 0.051243 0.000000 0.665562 0.000000 0.000000 0.000000 0.159371 0.000000 0.053738 0.005973 0.010570 0.000000 
0.018225 0.000012 0.000000 0.105665 0.000000 0.027420 0.034948 0.000000 0.000000 0.080479 0.016238 0.000000 0.047687 0.012951 0.656375 
0.012441 0.078081 0.000000 0.186855 0.000000 0.008662 0.091001 0.000000 0.000000 0.206535 0.416424 0.000000 0.000000 0.000000 0.000000 
0.000003 0.247736 0.000000 0.197620 0.000000 0.039445 0.016323 0.000000 0.000000 0.248371 0.142945 0.055736 0.000000 0.051821 0.000000 
0.000003 0.015480 0.000000 0.024871 0.000000 0.779272 0.000000 0.000000 0.000000 0.012792 0.167582 0.000000 0.000000 0.000000 0.000000 
0.019613 0.207393 0.000000 0.099735 0.000000 0.046817 0.000000 0.124252 0.000000 0.115907 0.026769 0.000000 0.359514 0.000000 0.000000 
0.027736 0.000012 0.000000 0.062210 0.000000 0.048412 0.000000 0.132297 0.000000 0.186300 0.079590 0.026222 0.353704 0.008960 0.074558 
0.009220 0.748892 0.000000 0.023379 0.000000 0.018957 0.000000 0.000000 0.000000 0.150868 0.000000 0.000000 0.048683 0.000000 0.000000 
0.000004 0.104907 0.000000 0.089846 0.000000 0.027182 0.000000 0.000000 0.000000 0.075760 0.688790 0.000000 0.000000 0.013512 0.000000 
0.008667 0.000012 0.000000 0.106553 0.000000 0.035381 0.048057 0.049130 0.000000 0.053302 0.481779 0.011112 0.206007 0.000000 0.000000 
0.000004 0.624438 0.000000 0.041710 0.000000 0.009638 0.000000 0.000000 0.000000 0.183200 0.115228 0.000000 0.000000 0.000000 0.025782 
0.000003 0.046792 0.001907 0.007965 0.000000 0.732801 0.000000 0.000000 0.000000 0.112420 0.000000 0.000000 0.000000 0.009144 0.088967 
0.846116 0.000013 0.000000 0.004225 0.000000 0.035548 0.000000 0.000000 0.036354 0.025484 0.000000 0.044161 0.008098 0.000000 0.000000 
0.021900 0.000012 0.000000 0.049911 0.000000 0.046943 0.000000 0.057734 0.014282 0.230492 0.088468 0.245461 0.218273 0.026524 0.000000 
0.006330 0.077269 0.000000 0.125195 0.000000 0.040083 0.000000 0.102419 0.010161 0.018946 0.305263 0.000000 0.234400 0.000000 0.079934 
0.194807 0.000012 0.000000 0.044812 0.000000 0.001612 0.016302 0.000000 0.010320 0.122479 0.566636 0.000000 0.000000 0.019747 0.023274 
0.023205 0.013038 0.000000 0.029983 0.000000 0.423211 0.000000 0.000000 0.000000 0.046527 0.464036 0.000000 0.000000 0.000000 0.000000 
0.139384 0.000012 0.000000 0.056756 0.000000 0.050428 0.000000 0.031850 0.000000 0.044598 0.000000 0.000000 0.000000 0.000000 0.676971 
0.164309 0.000013 0.000000 0.064678 0.000000 0.052586 0.031341 0.158032 0.025986 0.057901 0.000000 0.000000 0.145417 0.000000 0.299737 
0.050637 0.012921 0.000000 0.060903 0.000000 0.436834 0.000000 0.175407 0.000000 0.014942 0.000000 0.000000 0.000000 0.000000 0.248355 
0.265269 0.180754 0.000000 0.041092 0.000000 0.090316 0.000000 0.141315 0.033246 0.039239 0.000000 0.000000 0.096340 0.047372 0.065056 
0.000003 0.000013 0.000000 0.140614 0.000000 0.011017 0.000000 0.000000 0.000000 0.767948 0.026500 0.000000 0.040846 0.013059 0.000000 
0.000003 0.000012 0.000000 0.143911 0.000000 0.050921 0.000000 0.000000 0.000000 0.289289 0.148429 0.342550 0.000000 0.024886 0.000000 
0.000003 0.139889 0.000000 0.394696 0.000000 0.049458 0.096085 0.000000 0.000000 0.238787 0.022872 0.058209 0.000000 0.000000 0.000000 
0.000003 0.000014 0.000000 0.036521 0.000000 0.095149 0.000000 0.021927 0.000000 0.035694 0.000000 0.000000 0.051368 0.000000 0.759323 
0.042682 0.000013 0.000000 0.195733 0.000000 0.048391 0.051516 0.186752 0.000000 0.130478 0.000000 0.063132 0.281302 0.000000 0.000000 
0.000003 0.039783 0.000000 0.134838 0.000000 0.043023 0.000000 0.000000 0.000000 0.325616 0.000000 0.397377 0.000000 0.036326 0.023034 
0.000004 0.442910 0.000000 0.223494 0.000000 0.042370 0.081003 0.000000 0.000000 0.178973 0.000000 0.031245 0.000000 0.000000 0.000000 
0.009389 0.049533 0.000000 0.482297 0.000000 0.076699 0.085978 0.000000 0.000000 0.223069 0.000000 0.073035 0.000000 0.000000 0.000000 
0.007181 0.739044 0.000000 0.029050 0.000000 0.015382 0.000000 0.041877 0.000000 0.114432 0.000000 0.000000 0.000000 0.011903 0.041130 
0.342872 0.000013 0.000000 0.059739 0.000000 0.034907 0.020431 0.035369 0.000000 0.059865 0.000000 0.076357 0.000000 0.000000 0.370447 
0.005500 0.296758 0.000000 0.121143 0.000000 0.042238 0.058479 0.109595 0.001907 0.151792 0.000000 0.000000 0.114198 0.098390 0.000000 
0.000004 0.280541 0.000000 0.125303 0.005254 0.042704 0.000000 0.000000 0.000000 0.397897 0.065004 0.000000 0.024498 0.058795 0.000000 
0.000004 0.052474 0.000000 0.049845 0.000000 0.544305 0.000000 0.000000 0.000000 0.095802 0.141292 0.000000 0.061232 0.010566 0.044481 
0.116967 0.000012 0.000000 0.071171 0.000000 0.058104 0.000000 0.179965 0.000000 0.065632 0.030991 0.047916 0.170468 0.000000 0.258774 
0.000004 0.504184 0.000000 0.027978 0.000000 0.428830 0.000000 0.000000 0.000000 0.039004 0.000000 0.000000 0.000000 0.000000 0.000000 
0.000003 0.000012 0.000000 0.044876 0.000000 0.021522 0.000000 0.100156 0.000000 0.029753 0.107404 0.005427 0.000000 0.007745 0.683100 
0.000003 0.000013 0.001401 0.175988 0.000000 0.120645 0.000000 0.000000 0.000000 0.239953 0.000000 0.071179 0.000000 0.390818 0.000000 
0.000004 0.000011 0.000000 0.015048 0.000000 0.508663 0.000000 0.000000 0.000000 0.049384 0.000000 0.000000 0.000000 0.000000 0.426889 
0.000003 0.000013 0.000000 0.330000 0.000000 0.036235 0.000000 0.000000 0.000000 0.181213 0.000000 0.044245 0.000000 0.408291 0.000000 
0.883572 0.000014 0.000000 0.001845 0.000000 0.052259 0.000000 0.000000 0.053195 0.009115 0.000000 0.000000 0.000000 0.000000 0.000000 
0.016465 0.281352 0.000000 0.018120 0.000000 0.051864 0.000000 0.000000 0.000000 0.048940 0.583259 0.000000 0.000000 0.000000 0.000000 
0.000004 0.031539 0.000000 0.076512 0.000000 0.303570 0.000000 0.000000 0.000000 0.181574 0.000000 0.218926 0.000000 0.000000 0.187875 
0.016730 0.038688 0.000000 0.099874 0.000000 0.679494 0.029368 0.000000 0.008197 0.052430 0.000000 0.000000 0.010426 0.064794 0.000000 
0.036877 0.000012 0.000000 0.100400 0.000000 0.485084 0.015350 0.000000 0.000000 0.086860 0.161723 0.000000 0.113693 0.000000 0.000000 
0.030499 0.130578 0.000000 0.133232 0.000000 0.262008 0.027535 0.000000 0.000000 0.156483 0.000000 0.224351 0.000000 0.008454 0.026861 
0.000004 0.468928 0.000000 0.043270 0.006776 0.019437 0.000000 0.000000 0.000000 0.212403 0.000000 0.077625 0.000000 0.045771 0.125785 
0.009716 0.039926 0.000000 0.102928 0.000000 0.019095 0.043996 0.047556 0.000000 0.053050 0.000000 0.000000 0.000000 0.000000 0.683732 
0.016357 0.054279 0.000000 0.158191 0.000000 0.008353 0.000000 0.000000 0.000000 0.679500 0.000000 0.000000 0.041609 0.041711 0.000000 
0.478445 0.096809 0.003795 0.063419 0.000000 0.038487 0.000000 0.000000 0.013393 0.112841 0.192811 0.000000 0.000000 0.000000 0.000000 
0.000003 0.000012 0.000000 0.019628 0.000000 0.668794 0.000000 0.014905 0.000000 0.019017 0.277642 0.000000 0.000000 0.000000 0.000000 
0.012230 0.000013 0.000000 0.091296 0.000000 0.016783 0.000000 0.000000 0.000000 0.806694 0.000000 0.026942 0.027325 0.018718 0.000000 
0.213822 0.571806 0.000000 0.018975 0.000000 0.028901 0.000000 0.000000 0.011026 0.105187 0.020579 0.000000 0.000000 0.000000 0.029704 
