-1919034.929234
0
0.008009 0.002083 0.001219 0.001382 0.023507 0.015047 0.005896 0.025574 0.020893 0.013240 0.000003 0.015143 0.005259 0.005066 0.007214 0.002288 0.033928 0.014816 0.026073 0.028119 0.000000 0.002473 0.008327 0.006116 0.003945 0.000000 0.003363 0.000000 0.016138 0.014112 0.005615 0.023338 0.027260 0.017370 0.002158 0.019091 0.001723 0.005545 0.007714 0.007098 0.017465 0.016210 0.017557 0.019317 0.000000 0.006875 0.010907 0.011664 0.004997 0.007204 0.000000 0.005651 0.013831 0.011084 0.001827 0.016592 0.025204 0.016221 0.000008 0.019082 0.006084 0.002651 0.006393 0.000557 0.016546 0.011098 0.013499 0.013297 0.005699 0.003273 0.014797 0.003613 0.002863 0.012574 0.002631 0.004609 0.011511 0.022381 0.002831 0.026917 0.008876 0.019991 0.000588 0.005868 0.005396 0.006957 0.006922 0.002321 0.018834 0.017166 0.015312 0.017680 0.007265 0.007579 0.009826 0.017754 
0.000541 0.001137 0.000384 0.008307 0.000926 0.000361 0.000000 0.000476 0.000006 0.003458 0.010859 0.004624 0.000000 0.000092 0.000000 0.000856 0.003272 0.005277 0.002596 0.003360 0.000000 0.003710 0.001557 0.014055 0.002366 0.000698 0.000594 0.015528 0.000000 0.000000 0.000000 0.000000 0.001098 0.002954 0.010201 0.003388 0.000000 0.000001 0.000000 0.000803 0.000432 0.002086 0.001301 0.001850 0.001736 0.002132 0.003533 0.018675 0.001320 0.001990 0.000000 0.009093 0.000000 0.000289 0.000000 0.000392 0.000000 0.014378 0.026309 0.015938 0.000000 0.000000 0.000000 0.000000 0.007662 0.010065 0.006455 0.012010 0.000000 0.002064 0.000890 0.002841 0.037310 0.011320 0.003043 0.309995 0.000000 0.000000 0.000000 0.000000 0.002563 0.020696 0.216630 0.036981 0.000000 0.001055 0.000000 0.002719 0.003283 0.009373 0.007138 0.009801 0.005192 0.010254 0.001819 0.063908 
0.000000 0.000893 0.000000 0.000273 0.000362 0.000256 0.000319 0.000758 0.007891 0.002817 0.002949 0.002755 0.000000 0.000001 0.000000 0.000001 0.001305 0.000540 0.000259 0.001175 0.000000 0.000000 0.000000 0.000280 0.000906 0.000477 0.000000 0.000000 0.000000 0.000210 0.000000 0.000384 0.014407 0.004487 0.004333 0.009312 0.000000 0.000197 0.000221 0.000692 0.000686 0.000611 0.000007 0.000310 0.000202 0.000002 0.000223 0.000001 0.000001 0.000003 0.000336 0.000001 0.000000 0.000001 0.000000 0.000365 0.006140 0.001985 0.000297 0.003575 0.000000 0.000178 0.000000 0.000000 0.000001 0.000001 0.000005 0.000934 0.000000 0.000000 0.000000 0.000000 0.015327 0.006018 0.002146 0.011796 0.040513 0.000000 0.001659 0.068506 0.422636 0.082160 0.045764 0.228243 0.000000 0.000000 0.000000 0.000000 0.000079 0.000242 0.000002 0.000344 0.000000 0.000000 0.000237 0.000001 
0.035917 0.030060 0.019936 0.023970 0.009285 0.005941 0.003639 0.005207 0.010956 0.007898 0.000715 0.003887 0.003254 0.003208 0.009106 0.000001 0.008303 0.001887 0.008438 0.001074 0.000000 0.000200 0.000943 0.000000 0.047572 0.065472 0.010062 0.046749 0.011142 0.010073 0.007398 0.009062 0.022377 0.015329 0.008661 0.018837 0.007773 0.010127 0.037353 0.009151 0.004450 0.001438 0.010865 0.004491 0.000000 0.001065 0.003920 0.000860 0.040813 0.042943 0.028638 0.024243 0.006521 0.009376 0.007083 0.005742 0.009833 0.009157 0.001773 0.008030 0.006117 0.004658 0.014087 0.002614 0.005678 0.001003 0.004225 0.001764 0.000000 0.000000 0.001138 0.000000 0.034053 0.057104 0.011185 0.035944 0.002886 0.011097 0.003728 0.004957 0.004108 0.006938 0.000555 0.006812 0.003447 0.002559 0.009268 0.000000 0.002615 0.001301 0.003866 0.001391 0.000000 0.000000 0.002099 0.000603 
0.039825 0.035889 0.002380 0.035463 0.008572 0.003561 0.000000 0.007895 0.018254 0.005606 0.018703 0.021660 0.014868 0.013466 0.015315 0.025747 0.013672 0.006726 0.008392 0.020494 0.004330 0.000000 0.007751 0.003629 0.034072 0.027043 0.000660 0.033204 0.006269 0.005381 0.000000 0.007781 0.002858 0.002811 0.007218 0.018543 0.013533 0.019208 0.017485 0.028187 0.003915 0.010765 0.004751 0.010534 0.002660 0.001576 0.006887 0.003568 0.024052 0.016604 0.000000 0.024187 0.002371 0.002963 0.000000 0.006019 0.000000 0.000188 0.010198 0.004447 0.007518 0.008137 0.009515 0.019584 0.004829 0.004792 0.004608 0.007495 0.000000 0.000590 0.006472 0.005970 0.029521 0.019693 0.001468 0.036862 0.004638 0.003397 0.000000 0.005594 0.006520 0.002514 0.003438 0.013532 0.015348 0.013554 0.007999 0.032365 0.003653 0.005464 0.000001 0.008230 0.000000 0.001664 0.007020 0.005882 
0.000000 0.000000 0.000000 0.000000 0.000000 0.000001 0.000000 0.000001 0.000003 0.018811 0.000003 0.004637 0.000935 0.000707 0.000859 0.003238 0.001249 0.000259 0.001033 0.001346 0.000000 0.000000 0.000494 0.000000 0.001036 0.000000 0.000000 0.001817 0.000199 0.000000 0.000420 0.000000 0.074715 0.100633 0.021890 0.079566 0.000000 0.001461 0.000507 0.002142 0.000835 0.000711 0.001155 0.004353 0.000000 0.000762 0.000839 0.001698 0.000001 0.000352 0.000000 0.000001 0.000000 0.000465 0.000000 0.000000 0.000000 0.021185 0.000564 0.016355 0.000000 0.000175 0.000537 0.000904 0.000002 0.000001 0.000814 0.007580 0.000000 0.000000 0.001791 0.000902 0.001718 0.002027 0.000274 0.001817 0.000000 0.001056 0.000000 0.000000 0.119318 0.286914 0.101142 0.084216 0.000887 0.001577 0.001263 0.005956 0.002401 0.001774 0.001873 0.002680 0.000000 0.000835 0.000890 0.001435 
0.009141 0.006365 0.002266 0.003417 0.000000 0.001660 0.000000 0.000333 0.033880 0.015488 0.204639 0.013608 0.003444 0.001607 0.002005 0.007315 0.013416 0.006631 0.009547 0.008163 0.000000 0.001682 0.000000 0.002729 0.003524 0.001943 0.000000 0.000000 0.000661 0.000000 0.000522 0.000000 0.023415 0.020759 0.107600 0.016734 0.000000 0.000543 0.000000 0.000000 0.003955 0.005148 0.005747 0.005662 0.000000 0.001624 0.000002 0.000002 0.006647 0.003955 0.000000 0.002273 0.000000 0.001852 0.000000 0.000000 0.026928 0.030066 0.119447 0.017501 0.000000 0.000000 0.000000 0.000000 0.012162 0.006422 0.005058 0.012774 0.000000 0.000000 0.000000 0.000000 0.010783 0.010144 0.002224 0.012499 0.000988 0.000000 0.000000 0.002445 0.015710 0.017777 0.088103 0.014346 0.005092 0.000000 0.000000 0.000825 0.008492 0.004385 0.009818 0.005499 0.000000 0.000000 0.000598 0.000003 
0.000000 0.001605 0.000000 0.000292 0.001524 0.000746 0.000000 0.001835 0.029777 0.017539 0.090420 0.015307 0.000000 0.002841 0.000000 0.004744 0.007443 0.006727 0.023185 0.002717 0.000000 0.002134 0.001116 0.002489 0.009297 0.022260 0.009559 0.058676 0.000000 0.000000 0.000000 0.000000 0.007978 0.010018 0.092295 0.007529 0.000000 0.001515 0.000684 0.000000 0.006941 0.003359 0.028989 0.003704 0.000000 0.003712 0.004665 0.009204 0.002362 0.005190 0.002691 0.008327 0.000000 0.002272 0.000000 0.001391 0.067748 0.078446 0.136312 0.054849 0.000000 0.002250 0.000169 0.001062 0.013572 0.006125 0.011309 0.004128 0.000000 0.001207 0.001005 0.003020 0.000124 0.001689 0.000923 0.006518 0.000000 0.000255 0.000000 0.000000 0.007647 0.005867 0.037628 0.005307 0.000000 0.000470 0.000000 0.000000 0.006720 0.003430 0.010795 0.002940 0.001349 0.002140 0.000989 0.008949 
0.005034 0.000001 0.000217 0.000000 0.002435 0.001122 0.000000 0.002929 0.006251 0.005046 0.011388 0.004060 0.013403 0.002040 0.006122 0.017793 0.028416 0.011129 0.022198 0.026589 0.040613 0.007361 0.004370 0.022198 0.004415 0.000000 0.000000 0.002337 0.000000 0.000000 0.000000 0.002094 0.010456 0.008966 0.007104 0.006299 0.003562 0.000950 0.001671 0.000000 0.018654 0.011340 0.017327 0.034923 0.026479 0.007302 0.015192 0.062440 0.009251 0.006892 0.000000 0.003495 0.000000 0.001298 0.000000 0.003503 0.007488 0.007001 0.006888 0.012144 0.001655 0.002088 0.000641 0.000000 0.010983 0.011124 0.011821 0.013474 0.009058 0.000000 0.003622 0.021737 0.019803 0.000304 0.000001 0.032420 0.000000 0.000000 0.000000 0.003128 0.003596 0.010419 0.005345 0.010261 0.023451 0.000000 0.015325 0.010383 0.019233 0.015652 0.012795 0.040176 0.064654 0.009622 0.009352 0.067688 
0.000007 0.000000 0.000000 0.000002 0.113987 0.137042 0.622530 0.000000 0.126431 
0.000007 0.000000 0.107314 0.449770 0.178465 0.014755 0.214801 0.000000 0.034887 
0.195245 0.000000 0.000000 0.062860 0.130106 0.292939 0.048103 0.000000 0.270746 
0.035209 0.000000 0.000000 0.196191 0.084839 0.000000 0.630976 0.024240 0.028545 
0.155039 0.015063 0.000000 0.193371 0.157243 0.000000 0.383363 0.095921 0.000000 
0.027573 0.000000 0.000000 0.014684 0.068824 0.024929 0.308978 0.531700 0.023311 
0.030041 0.560947 0.013242 0.000002 0.055973 0.000000 0.000000 0.339793 0.000000 
0.124079 0.016929 0.000000 0.042783 0.090462 0.428674 0.268028 0.029045 0.000000 
0.044699 0.036728 0.361154 0.000003 0.315344 0.000000 0.242072 0.000000 0.000000 
0.067423 0.000000 0.446475 0.015634 0.056957 0.021475 0.392036 0.000000 0.000000 
0.012607 0.000000 0.000000 0.036860 0.097446 0.824776 0.000000 0.000000 0.028310 
0.024517 0.354977 0.000000 0.233373 0.106053 0.000000 0.000000 0.000000 0.281080 
0.000008 0.009301 0.035854 0.000003 0.285044 0.007821 0.071625 0.590344 0.000000 
0.232619 0.547337 0.011335 0.000003 0.185050 0.023656 0.000000 0.000000 0.000000 
0.069698 0.016245 0.000000 0.337719 0.467483 0.000000 0.108854 0.000000 0.000000 
0.000008 0.014345 0.023937 0.000002 0.059702 0.559859 0.336509 0.000000 0.005636 
0.095818 0.710318 0.000000 0.000003 0.124755 0.000000 0.000000 0.000000 0.069107 
0.108654 0.000000 0.000000 0.298365 0.226361 0.037005 0.039475 0.107130 0.183010 
0.102642 0.020143 0.000000 0.000002 0.036705 0.821309 0.000000 0.019199 0.000000 
0.011214 0.983409 0.000000 0.000002 0.005375 0.000000 0.000000 0.000000 0.000000 
0.482954 0.069045 0.132960 0.039074 0.275965 0.000000 0.000000 0.000000 0.000000 
0.140494 0.000000 0.019328 0.000003 0.109512 0.594751 0.060216 0.000000 0.075696 
0.045738 0.496980 0.063191 0.022620 0.240105 0.042583 0.009917 0.000000 0.078867 
0.031580 0.000000 0.070040 0.026791 0.075674 0.000000 0.744590 0.030741 0.020584 
0.461400 0.014946 0.134828 0.055861 0.324063 0.000000 0.000000 0.000000 0.008902 
0.019028 0.000000 0.960097 0.000002 0.020872 0.000000 0.000000 0.000000 0.000000 
0.014151 0.022048 0.096216 0.146529 0.034352 0.175601 0.437251 0.073852 0.000000 
0.429473 0.017067 0.000000 0.165641 0.324583 0.000000 0.063236 0.000000 0.000000 
0.484783 0.000000 0.000000 0.023409 0.491808 0.000000 0.000000 0.000000 0.000000 
0.021778 0.000000 0.000000 0.000003 0.102474 0.208473 0.582325 0.075121 0.009826 
0.000007 0.000000 0.000000 0.827221 0.097797 0.000000 0.074975 0.000000 0.000000 
0.078200 0.011326 0.000000 0.009991 0.571860 0.010095 0.000000 0.000000 0.318527 
0.000008 0.249017 0.000000 0.000002 0.143233 0.000000 0.000000 0.397839 0.209901 
0.233899 0.000000 0.000000 0.206764 0.095253 0.030235 0.222180 0.198210 0.013458 
0.430794 0.030596 0.000000 0.095655 0.262246 0.039281 0.000000 0.061929 0.079499 
0.180573 0.648512 0.000000 0.000003 0.147770 0.023143 0.000000 0.000000 0.000000 
0.109317 0.015018 0.000000 0.000003 0.705350 0.142577 0.027734 0.000000 0.000000 
0.000008 0.007548 0.029725 0.302236 0.122557 0.537927 0.000000 0.000000 0.000000 
0.394257 0.000000 0.091512 0.218029 0.168879 0.023649 0.053838 0.000000 0.049837 
0.051147 0.000000 0.291021 0.041753 0.031671 0.221029 0.311264 0.052115 0.000000 
0.055468 0.211446 0.000000 0.000002 0.231976 0.000000 0.000000 0.000000 0.501107 
0.333470 0.149979 0.000000 0.050385 0.199691 0.247237 0.019236 0.000000 0.000000 
0.092673 0.000000 0.000000 0.646146 0.172945 0.012735 0.031943 0.000000 0.043557 
0.000008 0.000000 0.463801 0.084676 0.066892 0.303344 0.034848 0.046431 0.000000 
0.076748 0.000000 0.000000 0.193599 0.112040 0.000000 0.000000 0.603825 0.013788 
0.030714 0.000000 0.369934 0.041716 0.392708 0.102561 0.000000 0.000000 0.062367 
0.038184 0.070926 0.000000 0.000002 0.222153 0.000000 0.051706 0.000000 0.617027 
0.220731 0.000000 0.000000 0.571821 0.207447 0.000000 0.000000 0.000000 0.000000 
0.000005 0.000000 0.256106 0.000002 0.004666 0.739220 0.000000 0.000000 0.000000 
0.000008 0.000000 0.749774 0.110514 0.088865 0.000000 0.014846 0.000000 0.035992 
0.042997 0.019768 0.000000 0.000003 0.865022 0.000000 0.041007 0.000000 0.031204 
0.542905 0.000000 0.000000 0.085447 0.287109 0.071466 0.000000 0.000000 0.013073 
0.000008 0.885412 0.000000 0.005330 0.009423 0.000000 0.099826 0.000000 0.000000 
0.000008 0.647423 0.000000 0.185462 0.043231 0.123875 0.000000 0.000000 0.000000 
0.026501 0.415015 0.000000 0.044565 0.031074 0.044511 0.438334 0.000000 0.000000 
0.145413 0.000000 0.000000 0.023054 0.710816 0.039325 0.029671 0.000000 0.051721 
0.000008 0.000000 0.186828 0.028131 0.015262 0.125245 0.036330 0.594107 0.014089 
0.000008 0.000000 0.599304 0.015961 0.025083 0.065524 0.289334 0.000000 0.004785 
0.166927 0.000000 0.000000 0.000002 0.134008 0.556911 0.000000 0.109818 0.032333 
0.449735 0.000000 0.000000 0.024947 0.346463 0.034802 0.000000 0.089273 0.054780 
0.000008 0.000000 0.000000 0.171625 0.161978 0.000000 0.033431 0.448153 0.184806 
0.119905 0.010824 0.000000 0.025298 0.792424 0.000000 0.007900 0.000000 0.043648 
0.278558 0.139554 0.000000 0.053225 0.118866 0.380805 0.028991 0.000000 0.000000 
0.526528 0.000000 0.000000 0.039044 0.267214 0.037240 0.039632 0.067123 0.023219 
0.097238 0.065822 0.000000 0.000002 0.809907 0.000000 0.022036 0.000000 0.004994 
0.000007 0.000000 0.000000 0.924063 0.075929 0.000000 0.000000 0.000000 0.000000 
0.000008 0.000000 0.000000 0.080246 0.007312 0.185636 0.000000 0.726799 0.000000 
0.056674 0.600805 0.000000 0.000002 0.043906 0.180868 0.117743 0.000000 0.000000 
0.249371 0.000000 0.000000 0.000003 0.210826 0.209195 0.000000 0.330605 0.000000 
0.076180 0.000000 0.000000 0.605975 0.237268 0.017749 0.000000 0.062828 0.000000 
0.238846 0.000000 0.481243 0.095606 0.155385 0.000000 0.000000 0.028920 0.000000 
0.051275 0.000000 0.026750 0.011911 0.043905 0.866159 0.000000 0.000000 0.000000 
0.035532 0.054770 0.000000 0.000002 0.058112 0.018551 0.647895 0.185137 0.000000 
0.035464 0.113861 0.041374 0.000003 0.079847 0.064869 0.592062 0.072520 0.000000 
0.323268 0.019943 0.000000 0.285319 0.297552 0.000000 0.052432 0.000000 0.021486 
0.000008 0.657890 0.000000 0.000003 0.084176 0.077561 0.000000 0.142624 0.037738 
0.019315 0.019362 0.350877 0.168801 0.074668 0.000000 0.316293 0.028583 0.022101 
0.531370 0.023662 0.008046 0.049585 0.358804 0.000000 0.028533 0.000000 0.000000 
0.000008 0.000000 0.000000 0.011145 0.342397 0.606650 0.000000 0.025314 0.014486 
0.051795 0.028232 0.000000 0.009031 0.621669 0.000000 0.011868 0.000000 0.277405 
0.104852 0.230362 0.324749 0.081387 0.075262 0.000000 0.104226 0.054708 0.024453 
0.418702 0.000000 0.021440 0.000002 0.338367 0.000000 0.221488 0.000000 0.000000 
0.017499 0.000000 0.000000 0.000002 0.186589 0.000000 0.042997 0.000000 0.752913 
0.035605 0.000000 0.000000 0.000002 0.055984 0.809601 0.070603 0.028204 0.000000 
0.031274 0.000000 0.349784 0.000002 0.167523 0.000000 0.000000 0.065267 0.386149 
0.000008 0.000000 0.012320 0.601511 0.059949 0.000000 0.307399 0.000000 0.018813 
0.517515 0.033908 0.000000 0.036941 0.258520 0.000000 0.050246 0.062123 0.040747 
0.184343 0.000000 0.000000 0.000003 0.216785 0.009977 0.043521 0.018912 0.526459 
0.084164 0.018404 0.000000 0.020884 0.615896 0.000000 0.225567 0.000000 0.035085 
0.000008 0.000000 0.178219 0.004514 0.000890 0.646325 0.000000 0.170045 0.000000 
0.151434 0.026580 0.000000 0.000003 0.207618 0.033312 0.000000 0.051841 0.529213 
0.035287 0.005798 0.000000 0.912660 0.046254 0.000000 0.000000 0.000000 0.000000 
0.259006 0.030289 0.000000 0.012034 0.623949 0.021730 0.000000 0.025355 0.027637 
0.000007 0.084972 0.000000 0.000002 0.034671 0.661192 0.075675 0.019933 0.123548 
0.134227 0.060763 0.000000 0.078875 0.111354 0.540937 0.051171 0.000000 0.022673 
0.021934 0.386031 0.000000 0.153011 0.132361 0.061071 0.000000 0.000000 0.245592 
0.088619 0.000000 0.000000 0.012094 0.899287 0.000000 0.000000 0.000000 0.000000 
0.229906 0.025504 0.000000 0.000003 0.345851 0.000000 0.362839 0.035898 0.000000 
0.285433 0.280050 0.000000 0.009104 0.327817 0.000000 0.000000 0.000000 0.097596 
0.113670 0.000000 0.000000 0.000002 0.161835 0.000000 0.625575 0.045615 0.053302 
0.095008 0.000000 0.000000 0.000002 0.766944 0.066801 0.031008 0.000000 0.040238 
0.000008 0.000000 0.050803 0.828094 0.109222 0.000000 0.011873 0.000000 0.000000 
0.000008 0.672757 0.000000 0.326053 0.001182 0.000000 0.000000 0.000000 0.000000 
0.021925 0.061496 0.000000 0.000002 0.194453 0.000000 0.000000 0.114769 0.607355 
0.000007 0.257871 0.000000 0.000002 0.110037 0.198932 0.062117 0.371033 0.000000 
0.076381 0.000000 0.000000 0.031518 0.824477 0.030530 0.020974 0.000000 0.016120 
0.018633 0.000000 0.057818 0.014196 0.084348 0.047910 0.705655 0.024384 0.047055 
0.000008 0.263939 0.010358 0.645031 0.047700 0.032964 0.000000 0.000000 0.000000 
0.035304 0.000000 0.000000 0.024980 0.177206 0.000000 0.447412 0.059605 0.255493 
0.000008 0.134749 0.015952 0.649937 0.118500 0.080855 0.000000 0.000000 0.000000 
0.163568 0.000000 0.000000 0.047312 0.043568 0.701094 0.028690 0.000000 0.015768 
0.000005 0.000000 0.867432 0.000003 0.000489 0.128646 0.003424 0.000000 0.000000 
0.154887 0.022492 0.000000 0.023783 0.015233 0.721534 0.014981 0.022506 0.024584 
0.000008 0.039102 0.000000 0.000003 0.135340 0.023643 0.040019 0.591497 0.170388 
0.344171 0.263304 0.000000 0.035644 0.133836 0.087361 0.000000 0.028601 0.107083 
0.013877 0.655372 0.000000 0.000002 0.060104 0.016795 0.000000 0.000000 0.253849 
0.000008 0.766071 0.186522 0.000003 0.007227 0.000000 0.000000 0.040169 0.000000 
0.034376 0.000000 0.000000 0.048876 0.857775 0.000000 0.019589 0.000000 0.039384 
0.451697 0.000000 0.013785 0.086959 0.274229 0.003725 0.024172 0.067379 0.078054 
0.035492 0.000000 0.000000 0.022619 0.086750 0.089025 0.392104 0.336265 0.037746 
0.000008 0.000000 0.024327 0.000003 0.151653 0.221817 0.000000 0.042493 0.559698 
0.474567 0.060650 0.091891 0.000002 0.259997 0.006910 0.040282 0.065701 0.000000 
0.536853 0.020954 0.000000 0.009933 0.280832 0.000000 0.056068 0.038570 0.056790 
0.000007 0.000000 0.267508 0.489413 0.039760 0.186713 0.016599 0.000000 0.000000 
0.000008 0.220820 0.000000 0.043230 0.364671 0.080477 0.019388 0.000000 0.271406 
0.365329 0.000000 0.009685 0.008337 0.300438 0.000000 0.291185 0.000000 0.025026 
0.000008 0.743375 0.000000 0.039623 0.175095 0.000000 0.000000 0.000000 0.041899 
0.009827 0.000000 0.000000 0.000003 0.926213 0.000000 0.022313 0.000000 0.041645 
0.000008 0.000000 0.000000 0.710748 0.140104 0.040559 0.000000 0.108580 0.000000 
0.000008 0.000000 0.000000 0.000003 0.224134 0.000000 0.000000 0.775855 0.000000 
0.000007 0.570316 0.032984 0.000002 0.022381 0.306818 0.067491 0.000000 0.000000 
0.000008 0.074107 0.000000 0.013772 0.114763 0.184931 0.000000 0.000000 0.612418 
0.105776 0.000000 0.000000 0.091873 0.784329 0.000000 0.018021 0.000000 0.000000 
0.273360 0.000000 0.000000 0.079920 0.160519 0.000000 0.000000 0.414231 0.071969 
0.140620 0.000000 0.000000 0.000003 0.274313 0.010143 0.027585 0.000000 0.547337 
0.000008 0.000000 0.000000 0.357119 0.236561 0.000000 0.000000 0.000000 0.406312 
0.030837 0.033014 0.303752 0.000003 0.328318 0.000000 0.056398 0.247678 0.000000 
0.107912 0.103531 0.000000 0.015102 0.237551 0.000000 0.000000 0.000000 0.535905 
0.057891 0.023388 0.000000 0.331064 0.097982 0.029849 0.459826 0.000000 0.000000 
0.000008 0.000000 0.113835 0.044676 0.665252 0.084355 0.000000 0.022184 0.069690 
0.217694 0.000000 0.042277 0.399036 0.234488 0.000000 0.021167 0.085337 0.000000 
0.233752 0.014710 0.621471 0.000002 0.068024 0.000000 0.023927 0.019546 0.018567 
0.284608 0.000000 0.016592 0.000003 0.168069 0.457809 0.033460 0.039459 0.000000 
0.162229 0.039559 0.000000 0.465089 0.333123 0.000000 0.000000 0.000000 0.000000 
0.000008 0.000000 0.100626 0.419077 0.106391 0.129385 0.000000 0.000000 0.244513 
0.101042 0.000000 0.025776 0.032680 0.172452 0.668050 0.000000 0.000000 0.000000 
0.053592 0.009338 0.000000 0.000002 0.091984 0.009478 0.072584 0.732457 0.030566 
0.212621 0.443691 0.000000 0.069991 0.230368 0.000000 0.000000 0.043328 0.000000 
0.189314 0.158668 0.000000 0.252874 0.277220 0.000000 0.000000 0.015345 0.106580 
0.000007 0.178326 0.000000 0.021476 0.005569 0.794621 0.000000 0.000000 0.000000 
0.000008 0.030493 0.012751 0.222862 0.134359 0.000000 0.582358 0.000000 0.017169 
0.048931 0.088668 0.023941 0.000002 0.202788 0.000000 0.540157 0.095512 0.000000 
0.000008 0.000000 0.000000 0.817460 0.126044 0.000000 0.054083 0.000000 0.002405 
0.026001 0.739755 0.000000 0.102220 0.094102 0.000000 0.000000 0.013188 0.024734 
0.095110 0.505437 0.000000 0.000003 0.053416 0.000000 0.346034 0.000000 0.000000 
0.016150 0.120128 0.000000 0.671488 0.178363 0.000000 0.000000 0.013871 0.000000 
0.000008 0.000000 0.000000 0.065850 0.098851 0.742263 0.000000 0.088301 0.004728 
0.043063 0.000000 0.928453 0.000003 0.028481 0.000000 0.000000 0.000000 0.000000 
0.320930 0.091488 0.035225 0.000003 0.260487 0.000000 0.291867 0.000000 0.000000 
0.051680 0.329978 0.000000 0.065560 0.025123 0.000000 0.413801 0.113857 0.000000 
0.031288 0.597874 0.201040 0.000002 0.128534 0.000000 0.000000 0.031931 0.009330 
0.000008 0.489735 0.019212 0.015632 0.046353 0.429060 0.000000 0.000000 0.000000 
0.000008 0.000000 0.140958 0.000002 0.053936 0.029258 0.000000 0.775838 0.000000 
0.054990 0.000000 0.188374 0.000003 0.060803 0.000000 0.359734 0.336097 0.000000 
0.037397 0.000000 0.040609 0.000003 0.016831 0.430432 0.212355 0.262373 0.000000 
0.000008 0.000000 0.306307 0.192375 0.041569 0.046981 0.264584 0.073242 0.074933 
0.110610 0.032098 0.000000 0.000002 0.833475 0.000000 0.000000 0.023814 0.000000 
0.513851 0.166805 0.004084 0.000003 0.315257 0.000000 0.000000 0.000000 0.000000 
0.411653 0.021679 0.000000 0.135550 0.258546 0.000000 0.047575 0.034559 0.090438 
0.000008 0.000000 0.000000 0.000003 0.034208 0.063186 0.070553 0.832043 0.000000 
0.201101 0.000000 0.038356 0.000002 0.141373 0.000000 0.555218 0.030831 0.033117 
0.561166 0.010035 0.005411 0.055840 0.351996 0.000000 0.000000 0.015552 0.000000 
0.254782 0.000000 0.000000 0.475963 0.186071 0.012075 0.000000 0.032930 0.038180 
0.496959 0.000000 0.000000 0.027260 0.257853 0.043575 0.045110 0.029064 0.100180 
0.000008 0.017196 0.000000 0.780222 0.119608 0.000000 0.040121 0.031230 0.011616 
0.133933 0.000000 0.370592 0.000003 0.066205 0.000000 0.000000 0.429267 0.000000 
0.070340 0.000000 0.000000 0.337581 0.146184 0.005678 0.273073 0.000000 0.167144 
0.072772 0.072703 0.000000 0.290972 0.431766 0.015127 0.018730 0.000000 0.097931 
0.026753 0.146447 0.000000 0.055164 0.090774 0.540823 0.069383 0.054680 0.015976 
0.082425 0.040692 0.125383 0.000002 0.074144 0.008577 0.374908 0.293868 0.000000 
0.000008 0.000000 0.000000 0.546379 0.023985 0.429628 0.000000 0.000000 0.000000 
0.013116 0.119987 0.000000 0.000002 0.034597 0.000000 0.047701 0.778556 0.006041 
0.108788 0.000000 0.000000 0.000003 0.265217 0.087647 0.000000 0.000000 0.538345 
0.000008 0.000000 0.000000 0.000002 0.044887 0.501868 0.000000 0.453235 0.000000 
0.119525 0.000000 0.000000 0.000003 0.200990 0.000000 0.000000 0.000000 0.679482 
0.000006 0.000000 0.991135 0.000002 0.008856 0.000000 0.000000 0.000000 0.000000 
0.000008 0.611934 0.015000 0.306511 0.030821 0.035725 0.000000 0.000000 0.000000 
0.296094 0.000000 0.023868 0.063248 0.168443 0.257460 0.000000 0.190886 0.000000 
0.065106 0.000000 0.019793 0.036547 0.056612 0.682135 0.025066 0.000000 0.114740 
0.036172 0.163583 0.024946 0.000002 0.092834 0.489481 0.128441 0.048497 0.016045 
0.361092 0.000000 0.043578 0.144264 0.183425 0.228193 0.000000 0.039447 0.000000 
0.113597 0.000000 0.000000 0.519143 0.202108 0.000000 0.000000 0.112485 0.052666 
0.074218 0.000000 0.000000 0.042992 0.060558 0.000000 0.035095 0.787136 0.000000 
0.079112 0.000000 0.000000 0.045535 0.776748 0.000000 0.027478 0.000000 0.071127 
0.050666 0.209761 0.520957 0.100858 0.113790 0.000000 0.003967 0.000000 0.000000 
0.000009 0.285648 0.000000 0.000003 0.016512 0.675932 0.021897 0.000000 0.000000 
0.105378 0.000000 0.000000 0.000003 0.894619 0.000000 0.000000 0.000000 0.000000 
0.000008 0.023686 0.236310 0.629986 0.088123 0.000000 0.000000 0.021888 0.000000 
0.050884 0.023829 0.008062 0.036584 0.308705 0.017140 0.270580 0.284215 0.000000 
0.000007 0.915169 0.000000 0.000002 0.015366 0.054893 0.014563 0.000000 0.000000 
0.204909 0.088017 0.096432 0.304164 0.179756 0.000000 0.000000 0.087098 0.039623 
0.051505 0.000000 0.061571 0.000002 0.178889 0.000000 0.000000 0.024735 0.683297 
0.000007 0.000000 0.005749 0.013032 0.000488 0.977432 0.000000 0.000000 0.003292 
0.029374 0.026926 0.006492 0.023977 0.844075 0.000000 0.040054 0.000000 0.029102 
0.000008 0.000000 0.095322 0.759864 0.144805 0.000000 0.000000 0.000000 0.000000 
0.223718 0.000000 0.000000 0.520179 0.133320 0.000000 0.054158 0.000000 0.068626 
0.187390 0.011321 0.000000 0.610857 0.190431 0.000000 0.000000 0.000000 0.000000 
0.000007 0.122516 0.000000 0.000002 0.052421 0.000000 0.000000 0.825054 0.000000 
0.110383 0.000000 0.000000 0.140886 0.080402 0.000000 0.386918 0.281411 0.000000 
0.032424 0.097040 0.000000 0.281599 0.080443 0.081817 0.426676 0.000000 0.000000 
0.146747 0.233748 0.000000 0.000003 0.113335 0.014224 0.000000 0.460931 0.031013 
0.000008 0.233425 0.016107 0.006293 0.030153 0.505843 0.208171 0.000000 0.000000 
0.016520 0.016892 0.062072 0.000003 0.078806 0.000000 0.800879 0.012465 0.012363 
0.026431 0.000000 0.176641 0.039471 0.059812 0.155689 0.516996 0.000000 0.024960 
0.435676 0.000000 0.000000 0.025621 0.194485 0.240986 0.050243 0.000000 0.052989 
0.000005 0.000000 0.016721 0.000002 0.010178 0.973094 0.000000 0.000000 0.000000 
0.266843 0.265662 0.188539 0.034601 0.094281 0.040798 0.033528 0.012099 0.063650 
0.117489 0.000000 0.398801 0.000003 0.091249 0.000000 0.000000 0.392458 0.000000 
0.026324 0.000000 0.944816 0.000002 0.028858 0.000000 0.000000 0.000000 0.000000 
0.032685 0.000000 0.000000 0.000002 0.190164 0.022033 0.000000 0.030726 0.724389 
0.016100 0.000000 0.025701 0.000002 0.061147 0.743814 0.129249 0.000000 0.023986 
0.008527 0.502886 0.000000 0.019583 0.023524 0.049382 0.032957 0.325039 0.038101 
0.378893 0.000000 0.091871 0.136079 0.247172 0.000000 0.000000 0.081191 0.064794 
0.282345 0.305503 0.000000 0.000003 0.202611 0.012338 0.000000 0.089307 0.107894 
0.000007 0.009828 0.000000 0.830539 0.149956 0.000000 0.000000 0.000000 0.009670 
0.106822 0.454595 0.000000 0.000002 0.124251 0.000000 0.184146 0.038114 0.092070 
0.166907 0.000000 0.000000 0.173157 0.169440 0.023250 0.000000 0.017878 0.449368 
0.033520 0.000000 0.000000 0.122574 0.473869 0.000000 0.267971 0.021034 0.081033 
0.000008 0.021210 0.000000 0.902197 0.076585 0.000000 0.000000 0.000000 0.000000 
0.184826 0.362232 0.176311 0.000002 0.202909 0.000000 0.000000 0.039510 0.034209 
0.038344 0.189449 0.000000 0.000003 0.087868 0.656050 0.028287 0.000000 0.000000 
0.290775 0.018207 0.000000 0.043097 0.647921 0.000000 0.000000 0.000000 0.000000 
0.015705 0.000000 0.000000 0.895986 0.088309 0.000000 0.000000 0.000000 0.000000 
0.016697 0.000000 0.880594 0.000003 0.011464 0.000000 0.091243 0.000000 0.000000 
0.000008 0.000000 0.025243 0.013536 0.006333 0.947021 0.000000 0.000000 0.007858 
0.000008 0.261276 0.662908 0.072851 0.002956 0.000000 0.000000 0.000000 0.000000 
0.362949 0.010280 0.000000 0.180593 0.246568 0.033154 0.000000 0.061777 0.104678 
0.016902 0.000000 0.000000 0.051240 0.285570 0.445103 0.022139 0.161902 0.017144 
0.000008 0.000000 0.000000 0.807777 0.111335 0.052487 0.024784 0.000000 0.003609 
0.000008 0.000000 0.000000 0.300084 0.215089 0.474539 0.000000 0.000000 0.010280 
0.018063 0.098444 0.786018 0.073558 0.023917 0.000000 0.000000 0.000000 0.000000 
0.147627 0.012498 0.000000 0.360107 0.255851 0.000000 0.000000 0.223917 0.000000 
0.502420 0.000000 0.087690 0.031450 0.368322 0.000000 0.000000 0.010117 0.000000 
0.025630 0.099023 0.000000 0.017105 0.011351 0.457609 0.242217 0.141361 0.005703 
0.000008 0.000000 0.077433 0.000002 0.825831 0.000000 0.048250 0.000000 0.048475 
0.348421 0.000000 0.000000 0.062427 0.399054 0.043959 0.000000 0.077028 0.069110 
0.000008 0.000000 0.000000 0.000003 0.081220 0.169687 0.000000 0.624364 0.124719 
0.471893 0.017986 0.013584 0.005561 0.374096 0.000000 0.000000 0.066640 0.050240 
0.000007 0.939794 0.000000 0.030172 0.006269 0.000000 0.023757 0.000000 0.000000 
0.425379 0.000000 0.000000 0.022656 0.304996 0.036525 0.000000 0.105815 0.104629 
0.039405 0.212357 0.607575 0.057259 0.000695 0.000000 0.053506 0.000000 0.029203 
0.054052 0.108719 0.000000 0.032079 0.771465 0.000000 0.033684 0.000000 0.000000 
0.053790 0.000000 0.000000 0.069688 0.194190 0.000000 0.015673 0.000000 0.666658 
0.000007 0.121657 0.504707 0.082494 0.009608 0.281527 0.000000 0.000000 0.000000 
0.000007 0.000000 0.000000 0.000003 0.009404 0.019503 0.057951 0.913133 0.000000 
0.033072 0.000000 0.000000 0.029880 0.457160 0.000000 0.414969 0.000000 0.064918 
0.022482 0.000000 0.000000 0.023690 0.742811 0.000000 0.035855 0.140779 0.034383 
0.250080 0.000000 0.000000 0.174097 0.167954 0.227933 0.149508 0.015294 0.015134 
0.115759 0.019568 0.000000 0.024640 0.119311 0.000000 0.656060 0.064662 0.000000 
0.104880 0.774744 0.000000 0.008916 0.061918 0.000000 0.044558 0.000000 0.004984 
0.098300 0.000000 0.236814 0.410258 0.109527 0.131184 0.013916 0.000000 0.000000 
0.026459 0.008799 0.835414 0.012815 0.048164 0.000000 0.068349 0.000000 0.000000 
0.527118 0.000000 0.000000 0.028871 0.212869 0.023633 0.048852 0.038945 0.119712 
0.125132 0.000000 0.000000 0.380611 0.185596 0.025233 0.000000 0.283427 0.000000 
0.000008 0.000000 0.999781 0.000002 0.000209 0.000000 0.000000 0.000000 0.000000 
0.048544 0.000000 0.000000 0.086587 0.430738 0.000000 0.012566 0.000000 0.421565 
0.066126 0.090902 0.000000 0.082253 0.535074 0.000000 0.000000 0.203960 0.021684 
0.195726 0.000000 0.015266 0.018904 0.197853 0.000000 0.546338 0.000000 0.025912 
0.040998 0.036289 0.000000 0.000003 0.028518 0.036531 0.114271 0.743390 0.000000 
0.000008 0.000000 0.252870 0.000002 0.144147 0.055218 0.000000 0.012824 0.534931 
0.000008 0.000000 0.000000 0.770207 0.158081 0.000000 0.030872 0.040831 0.000000 
0.091648 0.000000 0.000000 0.015903 0.171535 0.000000 0.094755 0.072852 0.553307 
0.263555 0.000000 0.008499 0.232386 0.244918 0.000000 0.000000 0.000000 0.250642 
0.040762 0.000000 0.000000 0.000002 0.237812 0.000000 0.108188 0.000000 0.613235 
0.000008 0.000000 0.024650 0.784027 0.160842 0.000000 0.000000 0.000000 0.030473 
0.062592 0.000000 0.000000 0.031547 0.878615 0.000000 0.027246 0.000000 0.000000 
0.036113 0.000000 0.015728 0.041840 0.528699 0.000000 0.338490 0.000000 0.039130 
0.000008 0.921783 0.010318 0.000003 0.015310 0.000000 0.052577 0.000000 0.000000 
0.059368 0.031805 0.037363 0.000002 0.863728 0.000000 0.000000 0.000000 0.007733 
0.242742 0.538014 0.007520 0.020778 0.173566 0.000000 0.000000 0.000000 0.017380 
0.067176 0.069146 0.000000 0.204993 0.069318 0.000000 0.589366 0.000000 0.000000 
0.395661 0.000000 0.056919 0.043141 0.219773 0.284507 0.000000 0.000000 0.000000 
0.384464 0.018959 0.016784 0.130159 0.438141 0.000000 0.011493 0.000000 0.000000 
0.000007 0.000000 0.684037 0.000002 0.011811 0.300687 0.000000 0.000000 0.003455 
0.038648 0.440299 0.211507 0.038132 0.048366 0.039501 0.169405 0.000000 0.014142 
0.000007 0.000000 0.000000 0.863899 0.136093 0.000000 0.000000 0.000000 0.000000 
0.036956 0.013260 0.000000 0.791294 0.089074 0.069415 0.000000 0.000000 0.000000 
0.182963 0.096369 0.000000 0.000003 0.444515 0.276149 0.000000 0.000000 0.000000 
0.015330 0.552374 0.016358 0.035932 0.052860 0.191787 0.019886 0.000000 0.115473 
0.256901 0.000000 0.228126 0.035915 0.442621 0.000000 0.000000 0.000000 0.036437 
0.316923 0.000000 0.000000 0.041834 0.149313 0.478384 0.000000 0.013544 0.000000 
0.110818 0.031979 0.055191 0.596437 0.149619 0.000000 0.000000 0.000000 0.055955 
0.086088 0.074609 0.000000 0.008513 0.652735 0.145498 0.000000 0.000000 0.032557 
0.000007 0.000000 0.572928 0.097279 0.063544 0.015638 0.122713 0.075523 0.052369 
0.113081 0.000000 0.212062 0.450857 0.140621 0.000000 0.083379 0.000000 0.000000 
0.000008 0.000000 0.168775 0.601479 0.216840 0.012897 0.000000 0.000000 0.000000 
0.056894 0.000000 0.000000 0.201945 0.019926 0.596059 0.113530 0.000000 0.011646 
0.066783 0.029763 0.186117 0.000003 0.280044 0.404210 0.000000 0.018528 0.014552 
0.325611 0.015220 0.000000 0.036819 0.499148 0.086548 0.000000 0.036653 0.000000 
0.049278 0.000000 0.123793 0.096418 0.043747 0.674141 0.012624 0.000000 0.000000 
0.379127 0.027618 0.000000 0.346544 0.235850 0.000000 0.000000 0.000000 0.010861 
0.529426 0.000000 0.094653 0.023398 0.215839 0.035487 0.078896 0.000000 0.022301 
0.387842 0.161894 0.037225 0.000002 0.413035 0.000000 0.000000 0.000000 0.000000 
0.032968 0.000000 0.000000 0.000002 0.461523 0.000000 0.000000 0.000000 0.505506 
0.029453 0.000000 0.000000 0.653456 0.159343 0.000000 0.013631 0.000000 0.144118 
0.000008 0.501856 0.010366 0.094143 0.064388 0.018269 0.000000 0.072376 0.238593 
0.204230 0.000000 0.006817 0.030339 0.231481 0.000000 0.000000 0.030625 0.496507 
0.000008 0.000000 0.015281 0.045982 0.822150 0.000000 0.040510 0.029676 0.046393 
0.000007 0.000000 0.059246 0.000002 0.037565 0.005712 0.000000 0.897468 0.000000 
0.512712 0.000000 0.000000 0.039806 0.229145 0.091258 0.038399 0.038957 0.049723 
0.031602 0.016725 0.000000 0.024177 0.909145 0.000000 0.018351 0.000000 0.000000 
0.045023 0.000000 0.000000 0.502483 0.409367 0.016609 0.000000 0.026517 0.000000 
0.025613 0.000000 0.000000 0.000003 0.035405 0.561832 0.345627 0.018022 0.013498 
0.027110 0.000000 0.000000 0.016586 0.031527 0.688635 0.000000 0.236142 0.000000 
0.055312 0.000000 0.000000 0.000002 0.000457 0.934876 0.009353 0.000000 0.000000 
0.020548 0.000000 0.220674 0.051071 0.323763 0.000000 0.366261 0.000000 0.017683 
0.277692 0.013649 0.052334 0.068642 0.372277 0.041036 0.000000 0.111762 0.062609 
0.374149 0.000000 0.000000 0.000003 0.217067 0.005955 0.043269 0.359558 0.000000 
0.036969 0.061698 0.000000 0.000003 0.219312 0.000000 0.011763 0.000000 0.670256 
0.000010 0.962817 0.000000 0.000002 0.010617 0.026554 0.000000 0.000000 0.000000 
0.569771 0.000000 0.020708 0.000003 0.409518 0.000000 0.000000 0.000000 0.000000 
0.000008 0.688453 0.295309 0.000002 0.000259 0.000000 0.015968 0.000000 0.000000 
0.015991 0.000000 0.445087 0.115493 0.039979 0.000000 0.000000 0.252372 0.131077 
0.056459 0.025327 0.000000 0.000003 0.797763 0.014394 0.072343 0.033711 0.000000 
0.055322 0.000000 0.285688 0.040757 0.543858 0.000000 0.000000 0.000000 0.074374 
0.373715 0.000000 0.142560 0.000003 0.307092 0.176629 0.000000 0.000000 0.000000 
0.472190 0.000000 0.021761 0.078793 0.209569 0.000000 0.105842 0.000000 0.111845 
0.000006 0.979094 0.020691 0.000002 0.000207 0.000000 0.000000 0.000000 0.000000 
0.005163 0.060076 0.000000 0.000003 0.020218 0.907771 0.006769 0.000000 0.000000 
0.587553 0.000000 0.000000 0.043499 0.186424 0.028683 0.055770 0.015616 0.082453 
0.296347 0.000000 0.399478 0.026109 0.187245 0.023549 0.000000 0.014238 0.053034 
0.000007 0.000000 0.018906 0.000002 0.044394 0.423389 0.299871 0.213430 0.000000 
0.064987 0.000000 0.000000 0.048320 0.097715 0.539473 0.249506 0.000000 0.000000 
0.000009 0.000000 0.524823 0.000003 0.037588 0.303795 0.000000 0.030818 0.102964 
0.016505 0.658079 0.056290 0.030007 0.073012 0.000000 0.000000 0.166106 0.000000 
0.012009 0.000000 0.711556 0.051314 0.021711 0.203409 0.000000 0.000000 0.000000 
0.000008 0.000000 0.160423 0.412667 0.090030 0.115959 0.010660 0.000000 0.210252 
0.349109 0.247214 0.000000 0.097371 0.177190 0.011070 0.000000 0.083542 0.034504 
0.000008 0.000000 0.141728 0.350268 0.087842 0.000000 0.079110 0.275178 0.065866 
0.079563 0.000000 0.000000 0.038362 0.795284 0.034066 0.023542 0.000000 0.029182 
0.093105 0.168805 0.000000 0.048557 0.575215 0.000000 0.000000 0.086194 0.028124 
0.345283 0.000000 0.000000 0.113034 0.541683 0.000000 0.000000 0.000000 0.000000 
0.000008 0.000000 0.123872 0.500778 0.375342 0.000000 0.000000 0.000000 0.000000 
0.000009 0.261993 0.185035 0.010745 0.012601 0.506631 0.022986 0.000000 0.000000 
0.119453 0.080678 0.000000 0.022311 0.508686 0.000000 0.026513 0.242358 0.000000 
0.000008 0.000000 0.008419 0.007085 0.017360 0.000000 0.225067 0.740725 0.001336 
0.000008 0.000000 0.000000 0.502954 0.071334 0.000000 0.000000 0.425703 0.000000 
0.000008 0.131861 0.012587 0.008076 0.043160 0.000000 0.119180 0.685128 0.000000 
0.000008 0.000000 0.803147 0.000003 0.009548 0.000000 0.021156 0.154827 0.011311 
0.049847 0.841317 0.006961 0.000003 0.045185 0.000000 0.000000 0.000000 0.056687 
0.000008 0.011658 0.000000 0.865222 0.123112 0.000000 0.000000 0.000000 0.000000 
0.140832 0.611837 0.000000 0.000003 0.062975 0.184353 0.000000 0.000000 0.000000 
0.059826 0.167928 0.042343 0.076755 0.114483 0.000000 0.391426 0.073345 0.073893 
0.000008 0.189069 0.000000 0.159237 0.066492 0.000000 0.367768 0.193319 0.024107 
0.000007 0.725266 0.000000 0.045461 0.177004 0.052262 0.000000 0.000000 0.000000 
0.042810 0.000000 0.000000 0.160541 0.088163 0.283540 0.424946 0.000000 0.000000 
0.051977 0.015848 0.000000 0.020323 0.116808 0.025447 0.102535 0.347415 0.319649 
0.067332 0.000000 0.000000 0.081795 0.057589 0.254835 0.538449 0.000000 0.000000 
0.025097 0.000000 0.009877 0.082450 0.110451 0.000000 0.000000 0.000000 0.772125 
0.480047 0.000000 0.147724 0.037413 0.334815 0.000000 0.000000 0.000000 0.000000 
0.068668 0.208458 0.000000 0.000003 0.089561 0.000000 0.545001 0.058122 0.030186 
0.009206 0.398863 0.000000 0.000002 0.055251 0.088263 0.000000 0.268097 0.180318 
0.000007 0.334803 0.281788 0.000002 0.170196 0.000000 0.000000 0.213202 0.000000 
0.511855 0.000000 0.000000 0.054822 0.209727 0.035313 0.028987 0.056389 0.102906 
0.074325 0.000000 0.000000 0.149376 0.733114 0.000000 0.012567 0.000000 0.030618 
0.000007 0.000000 0.000000 0.000002 0.025632 0.014716 0.071835 0.887807 0.000000 
0.458958 0.000000 0.000000 0.152931 0.303398 0.000000 0.000000 0.000000 0.084713 
0.260843 0.012113 0.412864 0.087011 0.142872 0.024492 0.059805 0.000000 0.000000 
0.000008 0.000000 0.946050 0.000002 0.000304 0.000000 0.039587 0.000000 0.014049 
0.000007 0.000000 0.034724 0.064859 0.020644 0.509354 0.000000 0.370412 0.000000 
0.000008 0.000000 0.024202 0.075788 0.071052 0.701276 0.127674 0.000000 0.000000 
0.054067 0.000000 0.000000 0.000003 0.233267 0.000000 0.000000 0.000000 0.712662 
0.000007 0.020392 0.726184 0.000002 0.060370 0.000000 0.000000 0.014240 0.178804 
0.010707 0.000000 0.000000 0.132727 0.041867 0.814698 0.000000 0.000000 0.000000 
0.127903 0.000000 0.000000 0.193526 0.213393 0.000000 0.000000 0.000000 0.465178 
0.000007 0.084821 0.000000 0.000003 0.026618 0.635043 0.000000 0.212576 0.040933 
0.128414 0.342470 0.011818 0.084841 0.102329 0.012000 0.188210 0.109700 0.020219 
0.178415 0.036834 0.000000 0.000003 0.120836 0.028094 0.580674 0.055144 0.000000 
0.000008 0.620417 0.000000 0.009605 0.074243 0.000000 0.104456 0.000000 0.191271 
0.445009 0.000000 0.000000 0.000003 0.227130 0.032267 0.099217 0.114464 0.081911 
0.000008 0.252704 0.000000 0.596228 0.092827 0.000000 0.026645 0.031588 0.000000 
0.000008 0.000000 0.000000 0.230398 0.044291 0.454567 0.270736 0.000000 0.000000 
0.215472 0.000000 0.033424 0.000003 0.258163 0.022573 0.350207 0.087220 0.032939 
0.553319 0.000000 0.000000 0.000003 0.380459 0.000000 0.039873 0.026347 0.000000 
0.112937 0.000000 0.395194 0.145627 0.325878 0.000000 0.000000 0.020363 0.000000 
0.000008 0.000000 0.025358 0.000002 0.222455 0.000000 0.000000 0.000000 0.752176 
0.182288 0.000000 0.000000 0.100282 0.040963 0.000000 0.134628 0.511489 0.030348 
0.204861 0.000000 0.000000 0.031566 0.514155 0.000000 0.000000 0.000000 0.249417 
0.360883 0.016897 0.029197 0.078982 0.239088 0.000000 0.274952 0.000000 0.000000 
0.148285 0.055628 0.025935 0.544374 0.175389 0.050390 0.000000 0.000000 0.000000 
0.214933 0.000000 0.000000 0.128952 0.114427 0.216947 0.300056 0.024685 0.000000 
0.613857 0.000000 0.000000 0.018714 0.367429 0.000000 0.000000 0.000000 0.000000 
