-1997062.371210
0
0.000000 0.000000 0.000000 0.000000 0.000000 0.000000 0.000000 0.000000 0.000000 0.000000 0.000000 0.004401 0.000000 0.000000 0.000000 0.000000 0.000000 0.000000 0.000000 0.000000 0.000000 0.000000 0.000000 0.011117 0.000000 0.000000 0.000000 0.000000 0.000000 0.000000 0.000000 0.000000 0.000000 0.000000 0.000000 0.000000 0.000000 0.000000 0.000000 0.000000 0.000000 0.000000 0.000000 0.000000 0.000000 0.000000 0.000000 0.000000 0.000000 0.000000 0.000000 0.000000 0.000000 0.000000 0.000000 0.000000 0.000000 0.000000 0.000000 0.005825 0.000000 0.000000 0.000000 0.000000 0.000000 0.000000 0.000000 0.000000 0.000000 0.000000 0.000000 0.000000 0.052725 0.009584 0.004162 0.500486 0.000000 0.000000 0.000000 0.000000 0.000000 0.014668 0.327167 0.051892 0.000000 0.000000 0.000000 0.003589 0.000000 0.010276 0.004108 0.000000 0.000000 0.000000 0.000000 0.000000 
0.038305 0.038729 0.000000 0.030843 0.036956 0.018302 0.005220 0.035947 0.023593 0.000000 0.000000 0.022403 0.016586 0.022596 0.016650 0.027666 0.000000 0.006309 0.000000 0.029373 0.000000 0.000000 0.020123 0.007070 0.014630 0.014179 0.000000 0.000000 0.021757 0.020228 0.004583 0.035258 0.012889 0.000000 0.000000 0.016510 0.016692 0.021000 0.018347 0.034910 0.002105 0.009461 0.000000 0.000000 0.000000 0.007736 0.014086 0.000000 0.000000 0.007371 0.000000 0.000000 0.019303 0.013190 0.000000 0.027222 0.013477 0.000000 0.000000 0.000000 0.000000 0.011964 0.015363 0.023788 0.000000 0.000000 0.000000 0.000000 0.009032 0.005835 0.023929 0.012135 0.000000 0.006745 0.000000 0.000000 0.000000 0.017816 0.001072 0.012933 0.000000 0.000000 0.000000 0.000000 0.015288 0.014117 0.012208 0.039458 0.000000 0.007188 0.000000 0.004367 0.000000 0.006835 0.018324 0.000000 
0.073499 0.010979 0.002018 0.014461 0.000000 0.000898 0.002207 0.002719 0.000000 0.000000 0.000000 0.000000 0.002444 0.000000 0.003766 0.002722 0.000000 0.000000 0.000000 0.002793 0.000000 0.001783 0.002404 0.000000 0.130843 0.019332 0.025170 0.000000 0.000000 0.002882 0.006802 0.003047 0.003409 0.000000 0.011705 0.000000 0.000000 0.000000 0.004113 0.000000 0.000000 0.000000 0.000000 0.000000 0.000000 0.000000 0.005130 0.000000 0.186892 0.017213 0.011346 0.075469 0.000000 0.000000 0.000379 0.000000 0.000000 0.000000 0.002876 0.000000 0.003848 0.000000 0.000000 0.005495 0.000000 0.000000 0.000000 0.000000 0.000000 0.000000 0.009421 0.000000 0.103529 0.052710 0.021620 0.153269 0.000000 0.007503 0.003924 0.000000 0.000000 0.000000 0.000000 0.000000 0.005621 0.000000 0.001319 0.000000 0.000000 0.000000 0.000000 0.000000 0.000000 0.002437 0.000000 0.000000 
0.000000 0.000000 0.000000 0.000000 0.004608 0.000000 0.000000 0.002716 0.000000 0.000000 0.000000 0.000000 0.000000 0.000000 0.000000 0.000000 0.000000 0.000000 0.000000 0.000000 0.000000 0.001467 0.000000 0.000000 0.000000 0.000000 0.000000 0.000000 0.006548 0.000000 0.000000 0.005103 0.000000 0.000000 0.000000 0.000000 0.000000 0.000000 0.000000 0.000000 0.000000 0.000000 0.000000 0.000000 0.000000 0.000000 0.000000 0.000000 0.000000 0.000000 0.000000 0.000000 0.000000 0.000000 0.000000 0.003401 0.000000 0.000000 0.000000 0.000000 0.000000 0.000000 0.000835 0.000000 0.000000 0.000000 0.000000 0.000000 0.000000 0.000000 0.000000 0.000000 0.054733 0.018792 0.001429 0.020738 0.330394 0.070048 0.011956 0.401301 0.065930 0.000000 0.000000 0.000000 0.000000 0.000000 0.000000 0.000000 0.000000 0.000000 0.000000 0.000000 0.000000 0.000000 0.000000 0.000000 
0.006476 0.009545 0.001196 0.000000 0.000000 0.002800 0.000000 0.002849 0.044397 0.000000 0.316300 0.004943 0.002526 0.000000 0.000000 0.010440 0.005678 0.000000 0.003970 0.000000 0.000000 0.004497 0.000000 0.000000 0.000000 0.005412 0.000000 0.000000 0.000000 0.000000 0.000000 0.000000 0.018393 0.000000 0.193323 0.000000 0.000000 0.000000 0.000000 0.000000 0.000000 0.000000 0.000000 0.000000 0.000000 0.000000 0.000000 0.000000 0.000000 0.004705 0.000000 0.000000 0.000000 0.002615 0.000000 0.000000 0.033751 0.005141 0.156643 0.004488 0.000000 0.000000 0.000000 0.004158 0.007342 0.000000 0.000000 0.011978 0.000000 0.000000 0.000000 0.000000 0.009544 0.006517 0.000000 0.000000 0.000000 0.000000 0.000000 0.000000 0.000000 0.000000 0.106616 0.000000 0.002759 0.000000 0.000000 0.000000 0.003989 0.000000 0.005338 0.000000 0.000000 0.000000 0.001669 0.000000 
0.000000 0.000000 0.000000 0.000000 0.000000 0.000000 0.000000 0.000000 0.000000 0.023292 0.000000 0.002389 0.001304 0.000000 0.000000 0.002875 0.000000 0.000000 0.000000 0.000000 0.000000 0.000000 0.001051 0.000000 0.000000 0.000000 0.000000 0.000000 0.000000 0.000596 0.000498 0.000000 0.091332 0.126768 0.031992 0.089463 0.000000 0.000000 0.000000 0.001197 0.000000 0.000000 0.000000 0.000000 0.000000 0.001350 0.000000 0.000000 0.000000 0.000000 0.000000 0.000000 0.000000 0.000000 0.000000 0.000000 0.000000 0.020591 0.000000 0.016312 0.000000 0.000000 0.000000 0.000000 0.000000 0.000000 0.000000 0.011136 0.000000 0.000000 0.002249 0.000000 0.000000 0.001597 0.000000 0.000000 0.000000 0.000613 0.000000 0.000000 0.020765 0.408452 0.091067 0.041573 0.000000 0.000000 0.000000 0.005772 0.001224 0.000000 0.001477 0.000000 0.000000 0.002221 0.000843 0.000000 
0.000000 0.000000 0.000000 0.000000 0.002656 0.000000 0.000000 0.003287 0.032184 0.131593 0.011457 0.089781 0.000000 0.000000 0.002610 0.000000 0.000000 0.002709 0.002467 0.005624 0.000000 0.000000 0.000000 0.000000 0.000000 0.005714 0.000590 0.000000 0.000000 0.000000 0.000000 0.000000 0.021909 0.159380 0.000000 0.133939 0.000000 0.003147 0.000000 0.000000 0.000000 0.000000 0.000000 0.000000 0.000000 0.000000 0.000000 0.000000 0.000000 0.000000 0.000000 0.000000 0.000000 0.000000 0.000000 0.000000 0.051755 0.128121 0.000000 0.112340 0.000000 0.000000 0.000000 0.000000 0.000000 0.000000 0.000000 0.000000 0.000000 0.000000 0.000000 0.000000 0.000000 0.002548 0.000000 0.000000 0.000000 0.000000 0.000000 0.000000 0.000000 0.000000 0.000000 0.095077 0.000000 0.000000 0.000000 0.000000 0.000000 0.000000 0.001112 0.000000 0.000000 0.000000 0.000000 0.000000 
0.000000 0.000000 0.000000 0.000000 0.000000 0.000000 0.000000 0.000000 0.002403 0.024732 0.017880 0.000000 0.000000 0.000000 0.000000 0.000000 0.000000 0.006221 0.000000 0.000000 0.000000 0.000000 0.000000 0.008860 0.000000 0.008813 0.000000 0.000000 0.000000 0.000000 0.000000 0.000000 0.000000 0.000000 0.004835 0.000000 0.000000 0.000000 0.000000 0.000000 0.000000 0.000000 0.000000 0.000000 0.000000 0.000000 0.000000 0.000000 0.000000 0.012576 0.000000 0.026021 0.000000 0.000000 0.000000 0.000000 0.087632 0.202320 0.335019 0.133886 0.000000 0.000000 0.000000 0.000000 0.030101 0.066215 0.012953 0.000000 0.000000 0.001908 0.000000 0.000000 0.000000 0.000000 0.000000 0.000000 0.000000 0.000000 0.000000 0.000000 0.000000 0.017625 0.000000 0.000000 0.000000 0.000000 0.000000 0.000000 0.000000 0.000000 0.000000 0.000000 0.000000 0.000000 0.000000 0.000000 
0.000000 0.000000 0.000000 0.000000 0.000000 0.002140 0.000000 0.000000 0.035861 0.009993 0.024589 0.009714 0.000000 0.005255 0.000000 0.007155 0.010321 0.018066 0.067091 0.002857 0.000000 0.000000 0.000000 0.000000 0.027655 0.049836 0.020061 0.125177 0.000000 0.000000 0.000000 0.000000 0.007413 0.000000 0.052875 0.000000 0.000000 0.005432 0.000000 0.002479 0.018242 0.015796 0.099334 0.007857 0.000000 0.012668 0.022084 0.000000 0.000000 0.003096 0.003606 0.000000 0.000614 0.002731 0.000000 0.001061 0.084125 0.062244 0.000000 0.054959 0.000000 0.004749 0.001834 0.001812 0.000000 0.000000 0.034131 0.000000 0.000000 0.004527 0.003152 0.004537 0.000000 0.000000 0.002232 0.000000 0.000000 0.000000 0.000000 0.000000 0.011117 0.000000 0.013628 0.000000 0.000000 0.000000 0.000000 0.000000 0.003260 0.010948 0.028330 0.003356 0.000000 0.000000 0.000000 0.000000 
0.000000 0.010075 0.000000 0.084705 0.000000 0.000000 0.000000 0.000000 0.035775 0.000000 0.000000 0.038827 0.000000 0.000000 0.000000 0.000000 0.000000 0.000000 0.000000 0.003876 0.000000 0.000000 0.000000 0.000000 0.011230 0.014705 0.000000 0.317392 0.000000 0.000000 0.000000 0.000000 0.000000 0.000000 0.000000 0.000000 0.000000 0.005877 0.000000 0.000000 0.000000 0.008624 0.000000 0.000000 0.000000 0.000000 0.000000 0.000000 0.000000 0.017614 0.000000 0.174594 0.000000 0.000000 0.000000 0.000000 0.000000 0.000000 0.000000 0.000000 0.000000 0.006740 0.000000 0.000000 0.000000 0.000000 0.011982 0.017721 0.000000 0.000000 0.003586 0.010985 0.000000 0.041833 0.000000 0.156650 0.000000 0.000000 0.000000 0.000000 0.000000 0.000000 0.000000 0.000000 0.000000 0.003349 0.000000 0.006150 0.000000 0.014328 0.000000 0.000000 0.000000 0.003380 0.000000 0.000000 
0.000000 0.000000 0.000000 0.000000 0.000000 0.000000 0.000000 0.000000 0.010551 0.000000 0.000000 0.000000 0.005727 0.009546 0.005623 0.005810 0.107458 0.041590 0.073612 0.058492 0.000000 0.000000 0.000000 0.000000 0.003422 0.000000 0.000000 0.000000 0.000000 0.000000 0.000000 0.000000 0.020708 0.000000 0.000000 0.020252 0.002262 0.011637 0.000000 0.000000 0.037095 0.043331 0.043070 0.045277 0.000000 0.006463 0.002730 0.000000 0.000000 0.000000 0.000000 0.000000 0.000000 0.000000 0.000000 0.000000 0.003318 0.000000 0.000000 0.008826 0.000000 0.002751 0.000000 0.000000 0.057146 0.033792 0.048777 0.049429 0.000000 0.000000 0.000000 0.000000 0.000000 0.005050 0.000000 0.000000 0.000000 0.000000 0.000000 0.000000 0.000000 0.000000 0.000000 0.000000 0.006839 0.016216 0.003847 0.009072 0.062963 0.045078 0.038288 0.046745 0.000000 0.004343 0.000000 0.002864 
0.006810 0.000000 0.000000 0.000000 0.000000 0.000000 0.000000 0.000000 0.000000 0.000000 0.000000 0.000000 0.020609 0.000000 0.007198 0.028778 0.010869 0.003723 0.000000 0.030669 0.083659 0.018299 0.005311 0.040742 0.000000 0.000000 0.000000 0.000000 0.000000 0.000000 0.000000 0.000000 0.000000 0.000000 0.000000 0.000000 0.007248 0.000000 0.005885 0.000000 0.012829 0.000000 0.000000 0.000000 0.052456 0.002714 0.017590 0.000000 0.000000 0.020270 0.000000 0.000000 0.000000 0.000000 0.000000 0.000000 0.000000 0.000000 0.000000 0.000000 0.015572 0.000000 0.000000 0.000000 0.000000 0.000000 0.000000 0.011512 0.000000 0.000000 0.000000 0.000000 0.044986 0.000000 0.000000 0.000000 0.000000 0.000000 0.000000 0.000000 0.000000 0.000000 0.000000 0.000000 0.041938 0.000000 0.022181 0.000000 0.009517 0.000000 0.005737 0.067356 0.132433 0.026001 0.015017 0.232091 
0.039994 0.052518 0.030693 0.030232 0.012960 0.006943 0.003015 0.007345 0.013024 0.000000 0.000000 0.000000 0.006973 0.003485 0.016733 0.003670 0.011186 0.000000 0.004951 0.000000 0.000000 0.000000 0.001877 0.000000 0.029200 0.101090 0.000000 0.026575 0.014724 0.015679 0.006937 0.013842 0.026387 0.000000 0.000000 0.019989 0.013282 0.021274 0.069345 0.022609 0.004120 0.000000 0.000000 0.002613 0.000000 0.000000 0.003375 0.000000 0.000000 0.066588 0.029772 0.000000 0.009428 0.014162 0.010157 0.006185 0.000000 0.000000 0.000000 0.000000 0.022566 0.007156 0.024614 0.005826 0.005134 0.000000 0.000000 0.000000 0.000000 0.000000 0.000000 0.000000 0.023145 0.074181 0.011501 0.000000 0.000000 0.012291 0.000000 0.000000 0.000000 0.000000 0.000000 0.000000 0.005408 0.008648 0.014370 0.008431 0.000000 0.000000 0.000000 0.000000 0.000000 0.000000 0.003797 0.000000 
0.000000 0.000000 0.000000 0.000000 0.000000 0.000000 0.000381 0.000000 0.006203 0.000000 0.000000 0.000000 0.000000 0.000000 0.000000 0.000000 0.000000 0.000000 0.000000 0.000000 0.000000 0.000000 0.000000 0.000000 0.000958 0.000000 0.000000 0.000000 0.000000 0.000000 0.000000 0.000000 0.017124 0.000000 0.002429 0.003902 0.000000 0.000000 0.000000 0.000000 0.000000 0.000000 0.000000 0.000000 0.000000 0.000000 0.000000 0.000000 0.000000 0.000000 0.000000 0.000000 0.000000 0.000000 0.000000 0.000000 0.001893 0.000000 0.000000 0.000000 0.000000 0.000000 0.000000 0.000000 0.000000 0.000000 0.000000 0.000000 0.000000 0.000000 0.000000 0.000000 0.010148 0.006928 0.002159 0.000000 0.000000 0.000000 0.000000 0.026410 0.520860 0.086610 0.044204 0.269791 0.000000 0.000000 0.000000 0.000000 0.000000 0.000000 0.000000 0.000000 0.000000 0.000000 0.000000 0.000000 
0.000000 0.000000 0.000000 0.001343 0.000000 0.000000 0.000000 0.000000 0.007504 0.002938 0.000000 0.005145 0.000000 0.001520 0.000000 0.001025 0.000000 0.007135 0.000000 0.000000 0.000000 0.011080 0.004818 0.041559 0.000000 0.000000 0.000000 0.000000 0.000000 0.000000 0.000000 0.000000 0.014662 0.000000 0.003606 0.005842 0.000000 0.008553 0.003701 0.036755 0.006315 0.043486 0.030432 0.123691 0.000000 0.024797 0.016084 0.327275 0.000000 0.000000 0.000000 0.000000 0.000000 0.000000 0.000000 0.000000 0.000000 0.000000 0.000000 0.000000 0.000000 0.003478 0.003440 0.005195 0.000000 0.009852 0.000000 0.006668 0.000000 0.010868 0.004888 0.081732 0.000000 0.000000 0.001795 0.000000 0.000000 0.000000 0.000000 0.000000 0.000000 0.000000 0.000000 0.012264 0.000000 0.000000 0.000000 0.001666 0.000000 0.008358 0.004789 0.009726 0.000000 0.012179 0.004962 0.088871 
0.011922 0.032981 0.035021 0.002725 0.258903 0.262961 0.064873 0.073780 0.015114 0.027689 0.093601 0.010080 0.033140 0.063934 0.013275 
0.000034 0.097191 0.329853 0.010378 0.032762 0.205804 0.024367 0.016990 0.024803 0.093690 0.026226 0.006226 0.022260 0.091935 0.017480 
0.000035 0.049399 0.205087 0.015992 0.236841 0.027689 0.054431 0.087233 0.054480 0.060249 0.147859 0.006698 0.012321 0.033146 0.008540 
0.031495 0.050636 0.080057 0.006234 0.042108 0.061113 0.149092 0.002678 0.048753 0.035635 0.034155 0.006750 0.147476 0.024140 0.279676 
0.027160 0.133175 0.024675 0.015614 0.221972 0.115165 0.072351 0.022117 0.099581 0.022700 0.112064 0.029939 0.021569 0.061334 0.020583 
0.000037 0.019487 0.003927 0.000048 0.088509 0.042644 0.084088 0.205203 0.265439 0.147175 0.074305 0.004401 0.003127 0.010992 0.050620 
0.000025 0.094521 0.157319 0.010964 0.014411 0.084731 0.144735 0.024632 0.101651 0.061315 0.207972 0.020005 0.009451 0.051242 0.017026 
0.010938 0.018079 0.019741 0.081221 0.003241 0.007330 0.016832 0.001928 0.012103 0.008240 0.055022 0.004726 0.001468 0.757844 0.001287 
0.000023 0.016111 0.043327 0.135811 0.010893 0.454842 0.048040 0.016552 0.042135 0.004297 0.029837 0.004901 0.059602 0.127266 0.006362 
0.202052 0.037916 0.042732 0.135823 0.050943 0.011909 0.025633 0.061412 0.017376 0.022442 0.115576 0.076582 0.009223 0.023150 0.167230 
0.000021 0.007870 0.007524 0.133308 0.180122 0.063095 0.147329 0.160706 0.211590 0.021722 0.012360 0.004507 0.009339 0.017881 0.022625 
0.091712 0.116827 0.017593 0.022648 0.006508 0.143779 0.034547 0.008439 0.027381 0.008609 0.243783 0.068205 0.050647 0.113416 0.045906 
0.007762 0.058613 0.028372 0.041687 0.015197 0.038313 0.064164 0.069671 0.066843 0.017141 0.236024 0.011792 0.035021 0.291694 0.017707 
0.149022 0.058580 0.035489 0.001847 0.140870 0.109790 0.141105 0.061569 0.039020 0.021789 0.093316 0.034067 0.034298 0.018686 0.060552 
0.000042 0.010463 0.017257 0.064488 0.121256 0.053607 0.065059 0.014289 0.017256 0.003864 0.036041 0.007828 0.011839 0.568119 0.008591 
0.000032 0.066620 0.063261 0.018104 0.011147 0.050497 0.051059 0.018537 0.030383 0.004198 0.432676 0.067938 0.044102 0.096849 0.044597 
0.005863 0.128169 0.054452 0.029125 0.070115 0.023050 0.041328 0.020381 0.030603 0.023068 0.341763 0.064887 0.083415 0.038556 0.045225 
0.019185 0.116983 0.040365 0.036736 0.048778 0.065169 0.240888 0.043782 0.028930 0.016288 0.088573 0.009533 0.033456 0.117732 0.093604 
0.018131 0.022767 0.059686 0.080593 0.008381 0.306388 0.024928 0.003471 0.019091 0.004657 0.031716 0.000104 0.187404 0.215463 0.017220 
0.012602 0.224179 0.122934 0.007205 0.190582 0.017221 0.053073 0.033067 0.007047 0.084054 0.100124 0.024152 0.087719 0.017687 0.018352 
0.049277 0.035930 0.016883 0.001430 0.118565 0.054926 0.028067 0.391159 0.122197 0.048988 0.046968 0.002261 0.011306 0.028838 0.043207 
0.008794 0.027077 0.022189 0.036039 0.225573 0.077603 0.057698 0.079748 0.097235 0.018623 0.060926 0.004730 0.020261 0.252889 0.010615 
0.012047 0.060875 0.429459 0.114705 0.018918 0.019627 0.006150 0.005743 0.008751 0.047389 0.067352 0.047482 0.048220 0.034260 0.079022 
0.000024 0.014736 0.017413 0.006205 0.095041 0.076296 0.187926 0.163732 0.011769 0.300302 0.081138 0.016441 0.005317 0.010172 0.013489 
0.052773 0.044692 0.019849 0.004136 0.052025 0.020993 0.073682 0.011130 0.410963 0.067195 0.177583 0.017368 0.037296 0.003001 0.007314 
0.000035 0.041600 0.049418 0.059882 0.300587 0.019159 0.097428 0.114838 0.033987 0.079265 0.101287 0.028745 0.022095 0.035458 0.016216 
0.000026 0.029310 0.227754 0.003261 0.191531 0.033099 0.055478 0.153411 0.154326 0.087657 0.015721 0.000311 0.011881 0.014594 0.021641 
0.063222 0.108503 0.051366 0.024568 0.091297 0.057927 0.045901 0.022738 0.010430 0.014554 0.142676 0.191107 0.002735 0.067420 0.105556 
0.547385 0.002038 0.009358 0.016253 0.031185 0.035154 0.010042 0.055921 0.039452 0.054326 0.034023 0.118629 0.003316 0.016210 0.026707 
0.009343 0.242671 0.070308 0.028297 0.052079 0.032893 0.129890 0.066361 0.059995 0.049738 0.106925 0.022935 0.095517 0.015057 0.017989 
0.000027 0.422473 0.048560 0.078187 0.012171 0.041889 0.074895 0.003696 0.049796 0.029073 0.105336 0.025783 0.023700 0.073441 0.010974 
0.017258 0.186816 0.037067 0.018536 0.032342 0.059224 0.101076 0.076290 0.051652 0.027975 0.201165 0.065877 0.054213 0.027125 0.043385 
0.011315 0.018453 0.013903 0.004442 0.193380 0.020144 0.070130 0.213914 0.325115 0.025716 0.049924 0.001543 0.026940 0.011854 0.013229 
0.010021 0.039651 0.056186 0.101466 0.229817 0.045884 0.121751 0.013195 0.069428 0.042921 0.095298 0.013626 0.014119 0.141811 0.004827 
0.030403 0.094856 0.024570 0.052099 0.038236 0.030072 0.054505 0.011047 0.024582 0.010377 0.089038 0.145881 0.002428 0.341673 0.050233 
0.154525 0.015467 0.022162 0.096713 0.017120 0.021262 0.030050 0.019731 0.044032 0.011440 0.245152 0.029605 0.010850 0.243557 0.038335 
0.081311 0.087826 0.062781 0.016859 0.022739 0.052054 0.102732 0.026008 0.032807 0.024953 0.294459 0.076493 0.043710 0.026161 0.049109 
0.015002 0.190168 0.029471 0.033194 0.092302 0.031983 0.031197 0.071185 0.112032 0.008823 0.057171 0.004552 0.003549 0.053593 0.265777 
0.123932 0.022125 0.067592 0.002693 0.024391 0.067806 0.082958 0.023021 0.061839 0.030565 0.387861 0.026946 0.016523 0.019668 0.042081 
0.064790 0.140914 0.069726 0.009077 0.025455 0.171075 0.269527 0.014364 0.005261 0.045624 0.057200 0.031530 0.035463 0.029332 0.030660 
0.009969 0.042686 0.097655 0.002020 0.118456 0.038508 0.100167 0.168971 0.040015 0.228407 0.060958 0.007278 0.051958 0.007206 0.025747 
0.000027 0.100693 0.070838 0.016212 0.020049 0.121387 0.081385 0.023713 0.023818 0.031371 0.299349 0.045745 0.048179 0.063312 0.053922 
0.000027 0.040686 0.061422 0.024651 0.029509 0.182780 0.412799 0.033322 0.012434 0.030857 0.091339 0.008632 0.027982 0.038650 0.004911 
0.000030 0.204594 0.066537 0.036435 0.062503 0.079835 0.166066 0.011853 0.021534 0.022364 0.185398 0.025386 0.070456 0.023167 0.023843 
0.000020 0.007533 0.003762 0.256792 0.008129 0.172913 0.405184 0.026939 0.019223 0.036839 0.002473 0.002558 0.001081 0.052095 0.004459 
0.005471 0.215030 0.123832 0.014199 0.038870 0.024555 0.035619 0.019101 0.113672 0.064317 0.098425 0.026481 0.052055 0.013294 0.155080 
0.006067 0.075531 0.008023 0.027031 0.018264 0.508700 0.033996 0.005184 0.004865 0.015564 0.079099 0.006514 0.019404 0.182089 0.009667 
0.000036 0.036539 0.018032 0.001701 0.057426 0.236207 0.052469 0.081273 0.350432 0.021494 0.046099 0.000360 0.018289 0.068191 0.011451 
0.008625 0.098142 0.043800 0.288687 0.039050 0.014153 0.032826 0.002677 0.209835 0.022121 0.092022 0.037085 0.029681 0.049857 0.031438 
0.034318 0.125665 0.021275 0.007134 0.029432 0.035245 0.110851 0.088500 0.024276 0.049639 0.146309 0.219143 0.000967 0.017052 0.090193 
0.095758 0.175924 0.037928 0.048326 0.036507 0.151816 0.033260 0.017998 0.013100 0.028293 0.111520 0.051836 0.019677 0.150357 0.027699 
0.088047 0.052771 0.064954 0.028883 0.014219 0.011005 0.079657 0.032256 0.032194 0.016907 0.268968 0.052500 0.051256 0.165415 0.040970 
0.209474 0.034495 0.014851 0.011627 0.091074 0.046334 0.047539 0.078644 0.267645 0.057335 0.039127 0.044661 0.008914 0.017751 0.030529 
0.000033 0.037123 0.097223 0.010130 0.283347 0.025912 0.082942 0.100932 0.081482 0.060923 0.114600 0.009074 0.032336 0.007555 0.056389 
0.000031 0.139902 0.050364 0.038226 0.003122 0.074626 0.225942 0.027543 0.010262 0.027444 0.259222 0.022541 0.043346 0.034968 0.042462 
0.005406 0.037311 0.025859 0.277598 0.015264 0.023500 0.040765 0.009605 0.023562 0.007522 0.039999 0.002684 0.105145 0.378949 0.006830 
0.000021 0.011717 0.011069 0.006110 0.094905 0.077429 0.188597 0.177182 0.036103 0.244724 0.037719 0.000217 0.001215 0.047112 0.065880 
0.109909 0.028127 0.014465 0.021282 0.026229 0.039323 0.006400 0.032424 0.030358 0.025439 0.044397 0.003663 0.012260 0.028041 0.577682 
0.022419 0.111513 0.067639 0.049670 0.092588 0.060531 0.056512 0.015102 0.025039 0.040305 0.068052 0.011246 0.037997 0.325962 0.015424 
0.132611 0.038323 0.129895 0.053378 0.043145 0.032148 0.031657 0.031224 0.040824 0.033054 0.047674 0.013713 0.009463 0.018549 0.344342 
0.000036 0.006185 0.005109 0.000053 0.066533 0.182532 0.369728 0.106483 0.006140 0.173948 0.036845 0.002440 0.001458 0.017114 0.025396 
0.010159 0.054816 0.054577 0.011460 0.331079 0.048636 0.080784 0.026686 0.009781 0.059352 0.117158 0.024557 0.125546 0.025392 0.020016 
0.000035 0.093311 0.032990 0.004263 0.038885 0.038905 0.054018 0.106264 0.068775 0.028567 0.219987 0.014642 0.021127 0.040362 0.237868 
0.025077 0.030771 0.029942 0.166592 0.165727 0.071021 0.050761 0.049399 0.045712 0.003175 0.243824 0.006843 0.058848 0.041336 0.010970 
0.000036 0.088476 0.018581 0.320167 0.255670 0.035707 0.057376 0.039927 0.020996 0.013841 0.069487 0.013789 0.004197 0.055108 0.006643 
0.305025 0.036129 0.017105 0.004466 0.122509 0.072483 0.062100 0.069443 0.051141 0.029527 0.082243 0.081816 0.020352 0.015973 0.029687 
0.000035 0.042489 0.471753 0.148841 0.031916 0.024338 0.006239 0.014282 0.033165 0.065557 0.068603 0.000370 0.034285 0.050388 0.007739 
0.022264 0.054461 0.037193 0.003399 0.035895 0.266393 0.183821 0.035428 0.031647 0.014358 0.084426 0.035257 0.032979 0.076267 0.086213 
0.015883 0.052719 0.032827 0.005704 0.490338 0.078915 0.082763 0.006809 0.006535 0.016672 0.104178 0.035993 0.020217 0.037544 0.012903 
0.010337 0.035321 0.145110 0.006979 0.138606 0.017505 0.064839 0.006114 0.059715 0.042481 0.083794 0.049259 0.298938 0.014615 0.026385 
0.075440 0.174347 0.091876 0.078128 0.044059 0.101302 0.054055 0.010468 0.003878 0.036659 0.128144 0.042161 0.042826 0.090755 0.025903 
0.000028 0.052233 0.016979 0.089808 0.052547 0.039180 0.113335 0.144028 0.037848 0.232414 0.127256 0.015316 0.033132 0.015483 0.030410 
0.018463 0.065955 0.033238 0.037886 0.039766 0.057312 0.125597 0.019509 0.115027 0.028543 0.147006 0.002600 0.034606 0.227835 0.046657 
0.015477 0.011109 0.004503 0.077058 0.013446 0.126535 0.025507 0.000350 0.014834 0.005123 0.020927 0.020346 0.002603 0.649398 0.012786 
0.028543 0.107932 0.034583 0.026134 0.083442 0.014110 0.022515 0.057989 0.072488 0.026417 0.152738 0.235384 0.009740 0.013240 0.114745 
0.000024 0.081336 0.024570 0.009143 0.100276 0.039328 0.116846 0.009353 0.204012 0.035688 0.291028 0.010489 0.019436 0.017783 0.040688 
0.030733 0.021374 0.430840 0.016574 0.022523 0.018351 0.042764 0.005253 0.055395 0.060199 0.077800 0.009274 0.013627 0.119293 0.076001 
0.000031 0.046589 0.139074 0.015514 0.047460 0.059674 0.025564 0.331257 0.103623 0.032105 0.113681 0.000233 0.019785 0.040176 0.025233 
0.000029 0.117253 0.031461 0.004922 0.077867 0.061276 0.062296 0.090185 0.047250 0.183630 0.084678 0.114958 0.029330 0.023691 0.071174 
0.060793 0.049440 0.109578 0.017746 0.401868 0.037838 0.068519 0.059920 0.024552 0.029110 0.081145 0.014197 0.006497 0.019080 0.019717 
0.000033 0.144325 0.180127 0.012938 0.047893 0.025326 0.047375 0.003361 0.014030 0.083870 0.063414 0.012286 0.315110 0.043827 0.006085 
0.258353 0.011351 0.033178 0.000049 0.045382 0.110316 0.129510 0.026686 0.005350 0.037959 0.065364 0.040860 0.006856 0.015709 0.213079 
0.043193 0.007509 0.019127 0.001938 0.006503 0.222722 0.470097 0.037955 0.029706 0.032970 0.041803 0.022899 0.002471 0.050204 0.010903 
0.000024 0.045077 0.019697 0.000427 0.124595 0.018716 0.031207 0.321917 0.173227 0.040497 0.161826 0.008144 0.011606 0.012386 0.030653 
0.000030 0.140526 0.356210 0.016635 0.015449 0.049429 0.095805 0.025203 0.019922 0.085092 0.103045 0.016984 0.029987 0.037580 0.008103 
0.062170 0.054130 0.033851 0.008371 0.268401 0.043314 0.093794 0.090218 0.030388 0.110241 0.084186 0.052969 0.012855 0.026493 0.028619 
0.005226 0.059234 0.048939 0.004280 0.149071 0.026860 0.116416 0.037791 0.018990 0.017126 0.369830 0.036549 0.067832 0.027237 0.014618 
0.132930 0.035761 0.016794 0.123053 0.075199 0.019643 0.100792 0.090758 0.009407 0.192107 0.055870 0.034705 0.034964 0.031970 0.046047 
0.000025 0.005569 0.001945 0.004735 0.076825 0.262438 0.345651 0.073117 0.089340 0.025872 0.022217 0.000413 0.016524 0.056545 0.018783 
0.010605 0.013514 0.004876 0.411067 0.115936 0.027337 0.049750 0.110527 0.147951 0.007390 0.021150 0.006810 0.001447 0.063255 0.008385 
0.000027 0.037363 0.042727 0.549257 0.045672 0.008192 0.023620 0.020071 0.006623 0.019946 0.038093 0.003196 0.095205 0.084041 0.025968 
0.036170 0.094743 0.038445 0.003803 0.118902 0.218993 0.038572 0.013921 0.006279 0.018336 0.088983 0.101447 0.013952 0.070772 0.136682 
0.009125 0.118768 0.033720 0.024142 0.079047 0.027399 0.070743 0.021772 0.178536 0.035420 0.286194 0.020342 0.048045 0.014034 0.032712 
0.000027 0.131346 0.051595 0.034906 0.046531 0.067877 0.128580 0.019485 0.033525 0.015181 0.214994 0.021435 0.058874 0.021648 0.153996 
0.004475 0.041706 0.025783 0.143201 0.133897 0.167873 0.067362 0.120957 0.135002 0.020227 0.012951 0.009414 0.004420 0.098417 0.014315 
0.025081 0.050184 0.005845 0.101595 0.018778 0.018210 0.023002 0.057655 0.022638 0.007586 0.023210 0.009102 0.000900 0.625757 0.010457 
0.000030 0.033057 0.068773 0.006845 0.008440 0.017996 0.031036 0.014933 0.069708 0.019419 0.573836 0.031122 0.075551 0.028021 0.021234 
0.041624 0.156772 0.065627 0.017793 0.025599 0.019759 0.039073 0.016857 0.109959 0.040600 0.135826 0.204073 0.010028 0.018651 0.097761 
0.000027 0.370819 0.053369 0.041456 0.051006 0.029595 0.055848 0.039347 0.088572 0.036609 0.099413 0.022235 0.062788 0.027144 0.021773 
0.089811 0.131676 0.054299 0.006765 0.053814 0.051643 0.049605 0.094026 0.015859 0.015641 0.304534 0.038864 0.040576 0.015569 0.037318 
0.005352 0.069724 0.006964 0.010090 0.031437 0.161695 0.095297 0.004949 0.372465 0.067877 0.077183 0.000241 0.031210 0.048407 0.017108 
0.135836 0.339764 0.053074 0.033676 0.012291 0.053557 0.044889 0.012379 0.019635 0.021838 0.122533 0.031892 0.030667 0.013872 0.074098 
0.000032 0.112948 0.012811 0.046934 0.037512 0.055543 0.104924 0.020468 0.098821 0.025763 0.311980 0.018640 0.016379 0.021831 0.115415 
0.004184 0.179751 0.256023 0.063598 0.034796 0.033206 0.083967 0.010595 0.022150 0.066775 0.078691 0.020625 0.036859 0.067024 0.041756 
0.000038 0.036501 0.023875 0.016304 0.072310 0.041369 0.056237 0.034272 0.023143 0.072206 0.063497 0.004754 0.001376 0.027914 0.526205 
0.014843 0.040465 0.017852 0.059769 0.029729 0.038608 0.082324 0.004557 0.152855 0.031892 0.065430 0.067197 0.024908 0.332300 0.037270 
0.007545 0.109894 0.055307 0.011769 0.054709 0.016498 0.026439 0.045119 0.005123 0.051635 0.251419 0.193383 0.008846 0.041412 0.120903 
0.322307 0.060910 0.040867 0.011844 0.018435 0.023276 0.063472 0.099585 0.008663 0.032331 0.136243 0.076910 0.025871 0.029680 0.049606 
0.000032 0.068260 0.047404 0.261426 0.023689 0.037475 0.053947 0.016785 0.052364 0.006461 0.316229 0.011341 0.046018 0.024633 0.033935 
0.023446 0.050515 0.024089 0.012899 0.093855 0.056671 0.101025 0.362747 0.093804 0.064640 0.068307 0.005278 0.004678 0.021271 0.016774 
0.010793 0.126497 0.064668 0.012724 0.194254 0.050893 0.050511 0.030984 0.037060 0.004294 0.214868 0.030250 0.048375 0.039833 0.083997 
0.000021 0.061421 0.015426 0.007524 0.146139 0.033150 0.131012 0.201703 0.065611 0.261198 0.017149 0.016004 0.001401 0.019598 0.022644 
0.000033 0.078077 0.215466 0.010638 0.024685 0.064092 0.184138 0.050480 0.044585 0.011486 0.049682 0.009173 0.219122 0.029519 0.008823 
0.010739 0.059790 0.058663 0.020465 0.033410 0.042229 0.053654 0.045230 0.049909 0.025634 0.431486 0.010489 0.015652 0.099508 0.043141 
0.000036 0.187909 0.237599 0.028759 0.027091 0.048071 0.098090 0.031820 0.092816 0.101249 0.069209 0.015710 0.023489 0.020809 0.017343 
0.000023 0.186208 0.092068 0.011228 0.044724 0.009790 0.028923 0.246050 0.011664 0.081169 0.096266 0.010587 0.072337 0.032433 0.076530 
0.000030 0.085003 0.033259 0.003044 0.100405 0.067300 0.104146 0.087191 0.102760 0.154871 0.069772 0.015550 0.122583 0.028136 0.025949 
0.000032 0.012887 0.025719 0.005512 0.091534 0.086743 0.180250 0.185996 0.025203 0.286614 0.026914 0.005562 0.003699 0.039571 0.023764 
0.000032 0.071529 0.033620 0.001524 0.065152 0.037833 0.058309 0.019093 0.204388 0.037550 0.313521 0.041531 0.044283 0.023838 0.047799 
0.000039 0.019333 0.390483 0.007313 0.032343 0.024855 0.047165 0.007560 0.044850 0.076645 0.039803 0.003615 0.282224 0.012706 0.011066 
0.015408 0.063643 0.025655 0.017179 0.040556 0.027686 0.078438 0.091049 0.187377 0.028236 0.253570 0.025927 0.086136 0.024854 0.034287 
0.000027 0.121918 0.057906 0.005998 0.090511 0.023902 0.035573 0.052431 0.041749 0.144058 0.094252 0.016672 0.010976 0.027004 0.277022 
0.015934 0.074622 0.005656 0.029615 0.028059 0.023083 0.106246 0.011053 0.552428 0.050258 0.068154 0.000303 0.010062 0.009252 0.015276 
0.031488 0.073172 0.054115 0.006078 0.022825 0.189924 0.266926 0.126391 0.005290 0.016123 0.070060 0.026848 0.062802 0.029408 0.018551 
0.000031 0.185814 0.094451 0.006066 0.030586 0.030966 0.035401 0.057774 0.011956 0.058348 0.350986 0.016605 0.076023 0.026219 0.018775 
0.024147 0.112245 0.070257 0.068568 0.054129 0.039801 0.069273 0.003932 0.052108 0.022403 0.169757 0.024800 0.162937 0.109087 0.016555 
0.000032 0.081341 0.040595 0.004056 0.183156 0.079051 0.047568 0.205213 0.036865 0.075097 0.144337 0.026047 0.024631 0.036791 0.015220 
0.020124 0.160254 0.054474 0.013030 0.045431 0.024751 0.033074 0.009606 0.023950 0.007675 0.270910 0.138446 0.055969 0.041620 0.100685 
0.024470 0.020001 0.015496 0.070797 0.361549 0.053122 0.052208 0.039780 0.013429 0.015878 0.065491 0.012943 0.003121 0.242811 0.008904 
0.000026 0.066764 0.102036 0.011346 0.007278 0.044831 0.095351 0.002553 0.051392 0.050605 0.171525 0.008153 0.340967 0.019391 0.027783 
0.008660 0.019503 0.125456 0.008050 0.001191 0.038518 0.036341 0.010559 0.085789 0.044800 0.235966 0.005794 0.359268 0.019136 0.000969 
0.062002 0.052043 0.052681 0.281220 0.034100 0.037652 0.018761 0.014995 0.081397 0.008365 0.252113 0.017015 0.019810 0.050586 0.017260 
0.000023 0.058287 0.163648 0.011814 0.002904 0.080754 0.123481 0.015210 0.052559 0.033509 0.033908 0.003070 0.388023 0.023882 0.008929 
0.058447 0.251784 0.023603 0.057270 0.008265 0.072636 0.028986 0.011261 0.012722 0.027223 0.070504 0.020891 0.041970 0.285986 0.028453 
0.000033 0.199792 0.056590 0.020081 0.027784 0.051735 0.015491 0.008321 0.047549 0.026596 0.059764 0.013017 0.023410 0.067801 0.382039 
0.000021 0.067436 0.099811 0.013967 0.010749 0.122064 0.230723 0.024837 0.043514 0.038157 0.022808 0.008474 0.289472 0.024023 0.003945 
0.004597 0.255544 0.031287 0.047222 0.025582 0.027946 0.076814 0.001643 0.222337 0.064623 0.135544 0.013706 0.068720 0.008318 0.016118 
0.000028 0.273626 0.055015 0.027217 0.048212 0.031010 0.150737 0.014002 0.014141 0.063216 0.150084 0.040226 0.073270 0.036128 0.023086 
0.000032 0.035247 0.075148 0.003218 0.016409 0.173642 0.059625 0.003784 0.016361 0.030996 0.024639 0.000251 0.187109 0.050504 0.323034 
0.006369 0.014446 0.005749 0.080954 0.013118 0.566305 0.011195 0.020682 0.007425 0.017148 0.046658 0.002035 0.003770 0.192837 0.011310 
0.000046 0.034937 0.002554 0.006199 0.018352 0.109072 0.048612 0.027193 0.013886 0.018182 0.315768 0.011664 0.030557 0.058406 0.304571 
0.058871 0.042975 0.196974 0.036946 0.090440 0.012905 0.031565 0.043915 0.033653 0.068803 0.023638 0.010951 0.099233 0.214200 0.034929 
0.006134 0.033355 0.091011 0.138964 0.018864 0.078685 0.048394 0.023546 0.039878 0.048983 0.019487 0.001795 0.203808 0.246665 0.000430 
0.000030 0.113047 0.038948 0.007938 0.084881 0.073552 0.395595 0.055599 0.018186 0.018944 0.093267 0.008201 0.049158 0.039952 0.002702 
0.015613 0.129626 0.099502 0.016830 0.017333 0.079687 0.072811 0.007373 0.013213 0.041199 0.115039 0.156268 0.152297 0.020190 0.063019 
0.000032 0.031858 0.271639 0.194166 0.009264 0.154048 0.153757 0.023489 0.002767 0.040914 0.012727 0.003942 0.003867 0.092205 0.005325 
0.000033 0.021503 0.003559 0.005323 0.042486 0.477099 0.113028 0.085690 0.011715 0.036061 0.059862 0.001220 0.005392 0.113675 0.023353 
0.000034 0.075922 0.036369 0.010601 0.089300 0.029216 0.036424 0.154827 0.072183 0.073361 0.132792 0.180960 0.001718 0.011787 0.094506 
0.000027 0.060098 0.033175 0.020081 0.072521 0.033851 0.086054 0.164685 0.048986 0.196206 0.092629 0.019371 0.042890 0.034937 0.094492 
0.277786 0.027714 0.050023 0.002289 0.060328 0.032104 0.023765 0.052056 0.021217 0.097066 0.053825 0.015399 0.002505 0.009076 0.274848 
0.008215 0.085704 0.027792 0.059197 0.060371 0.067619 0.245628 0.018036 0.015019 0.025292 0.089157 0.012561 0.051038 0.220523 0.013848 
0.000026 0.053096 0.036876 0.010178 0.076044 0.133050 0.432012 0.025358 0.023723 0.008390 0.082261 0.011243 0.042587 0.064098 0.001058 
0.013038 0.006468 0.196220 0.016480 0.007356 0.019792 0.060110 0.009897 0.065375 0.030780 0.041052 0.002775 0.525634 0.001697 0.003326 
0.006306 0.020459 0.018873 0.007823 0.177000 0.068988 0.089293 0.058639 0.017532 0.032103 0.052875 0.007773 0.003007 0.024388 0.414943 
0.008078 0.177259 0.080798 0.070510 0.033919 0.034519 0.110930 0.017098 0.034081 0.019150 0.232344 0.041228 0.080641 0.018430 0.041015 
0.007291 0.056634 0.044453 0.011721 0.186227 0.011931 0.071274 0.020160 0.080564 0.032574 0.159729 0.042503 0.013533 0.029680 0.231725 
0.028258 0.185573 0.058975 0.006259 0.065522 0.015856 0.032608 0.115614 0.017716 0.057985 0.151378 0.110903 0.109933 0.004530 0.038890 
0.000021 0.015811 0.101553 0.448291 0.005209 0.009814 0.039925 0.008228 0.031409 0.034944 0.033649 0.003501 0.215208 0.045165 0.007272 
0.000034 0.091116 0.051700 0.012413 0.179232 0.047185 0.205516 0.041762 0.017556 0.025424 0.140086 0.111248 0.004690 0.017372 0.054668 
0.000036 0.013097 0.075138 0.001976 0.052263 0.188928 0.250793 0.096470 0.114394 0.096945 0.028797 0.000787 0.017922 0.041344 0.021110 
0.000029 0.141288 0.150834 0.058568 0.037313 0.014916 0.045378 0.008995 0.052444 0.043757 0.292612 0.023974 0.079330 0.032728 0.017834 
0.000023 0.061404 0.024353 0.003201 0.071182 0.038244 0.186240 0.009685 0.403855 0.045602 0.110979 0.004971 0.013048 0.022702 0.004509 
0.188047 0.061968 0.130767 0.005291 0.034734 0.032162 0.032057 0.027379 0.006107 0.052615 0.053903 0.047031 0.296317 0.007009 0.024613 
0.010953 0.010474 0.247135 0.180759 0.113490 0.046292 0.056192 0.064557 0.087305 0.022625 0.021903 0.002573 0.056275 0.043928 0.035539 
0.026102 0.018900 0.002010 0.169457 0.027925 0.017055 0.017812 0.016690 0.014568 0.001622 0.011541 0.005686 0.001079 0.643238 0.026315 
0.205653 0.084906 0.020541 0.016460 0.026262 0.258870 0.061217 0.027002 0.002943 0.029270 0.030480 0.045639 0.001934 0.170481 0.018341 
0.017348 0.202791 0.040130 0.119010 0.066803 0.030339 0.021725 0.022751 0.016029 0.044790 0.133257 0.164566 0.022550 0.019185 0.078725 
0.000027 0.019828 0.016449 0.027300 0.125945 0.038832 0.077955 0.141431 0.072033 0.104156 0.068103 0.000290 0.012055 0.017191 0.278404 
0.021512 0.065197 0.116666 0.012893 0.013250 0.047509 0.045328 0.010926 0.014967 0.024222 0.084830 0.006463 0.388415 0.005555 0.142266 
0.000027 0.294700 0.054100 0.028660 0.035739 0.094573 0.164324 0.035003 0.009015 0.018932 0.141119 0.018254 0.057183 0.017330 0.031041 
0.000030 0.377433 0.045794 0.074861 0.048906 0.015551 0.047954 0.038079 0.109655 0.029228 0.073683 0.040045 0.044751 0.017695 0.036336 
0.000023 0.283551 0.035200 0.033401 0.083551 0.065075 0.057543 0.087027 0.084364 0.034453 0.108152 0.035963 0.047557 0.015963 0.028176 
0.131344 0.134808 0.224384 0.009609 0.061552 0.033896 0.035421 0.018883 0.005632 0.065073 0.123073 0.032047 0.082316 0.007660 0.034301 
0.000040 0.041562 0.013727 0.454169 0.026900 0.039494 0.026463 0.084479 0.140359 0.021668 0.087405 0.000538 0.002102 0.049380 0.011712 
0.015647 0.194434 0.076540 0.001906 0.100166 0.014000 0.040697 0.090804 0.012628 0.042746 0.157575 0.172767 0.008708 0.009302 0.062080 
0.000033 0.070535 0.040207 0.030666 0.086441 0.056140 0.284514 0.038582 0.009824 0.012836 0.070908 0.008063 0.021308 0.256928 0.013014 
0.505013 0.008729 0.026916 0.000045 0.050030 0.021510 0.013726 0.069068 0.003178 0.061983 0.069298 0.088458 0.001782 0.014839 0.065422 
0.034798 0.047802 0.028653 0.036389 0.009520 0.025062 0.030888 0.049765 0.152416 0.011566 0.482471 0.006670 0.039651 0.018811 0.025538 
0.000034 0.380577 0.067637 0.123291 0.039830 0.040930 0.052135 0.011540 0.013843 0.028371 0.100660 0.032773 0.073818 0.008597 0.025963 
0.019138 0.115594 0.042427 0.011214 0.078935 0.025289 0.050777 0.066817 0.033335 0.126224 0.095550 0.017659 0.060520 0.018054 0.238466 
0.000026 0.031753 0.109251 0.300727 0.011985 0.060461 0.084335 0.018395 0.032336 0.053181 0.186906 0.005963 0.027478 0.069179 0.008023 
0.000036 0.255687 0.227560 0.043296 0.008529 0.040779 0.022730 0.013877 0.046166 0.066747 0.104189 0.023080 0.065546 0.061120 0.020656 
0.010988 0.209184 0.063941 0.044370 0.010424 0.057115 0.027051 0.008806 0.104530 0.025795 0.065548 0.007850 0.009590 0.051547 0.303261 
0.104452 0.020897 0.093578 0.002272 0.041130 0.036846 0.150308 0.013404 0.196712 0.013715 0.091841 0.040881 0.148553 0.016241 0.029169 
0.000033 0.208582 0.065279 0.034210 0.074566 0.053432 0.046730 0.178184 0.030437 0.118141 0.093448 0.015968 0.015049 0.038011 0.027930 
0.004674 0.055669 0.045073 0.035667 0.352631 0.042656 0.055224 0.043986 0.013962 0.010593 0.057228 0.000722 0.025228 0.203316 0.053371 
0.000028 0.061083 0.325684 0.006851 0.055229 0.019846 0.085175 0.055919 0.036542 0.108087 0.118285 0.019414 0.074616 0.026780 0.006462 
0.063203 0.233674 0.106203 0.012954 0.050902 0.027008 0.033775 0.012385 0.003070 0.038069 0.102541 0.040321 0.095973 0.051702 0.128218 
0.043783 0.008562 0.019098 0.233553 0.003717 0.247694 0.187236 0.017553 0.013832 0.004898 0.109008 0.005940 0.005532 0.083307 0.016286 
0.007144 0.062125 0.016659 0.003286 0.013909 0.412652 0.144465 0.016377 0.089948 0.018819 0.074912 0.005964 0.012246 0.099550 0.021945 
0.251848 0.013693 0.006745 0.270214 0.013408 0.132517 0.006890 0.032636 0.002925 0.027317 0.084560 0.040405 0.004430 0.084599 0.027813 
0.000032 0.021250 0.005689 0.025813 0.071689 0.172040 0.392982 0.098505 0.073673 0.014285 0.030501 0.036674 0.002970 0.027053 0.026844 
0.172987 0.054160 0.072889 0.002396 0.059521 0.029137 0.069281 0.034280 0.002933 0.034000 0.200699 0.014954 0.043261 0.023094 0.186406 
0.106709 0.113567 0.045377 0.011460 0.043348 0.035446 0.080582 0.026938 0.012794 0.045936 0.341772 0.026722 0.044794 0.045788 0.018767 
0.000032 0.069760 0.266978 0.004999 0.062827 0.082991 0.108620 0.011011 0.096836 0.095754 0.062831 0.004526 0.062202 0.023713 0.046918 
0.057811 0.243373 0.076667 0.003089 0.026214 0.036278 0.075525 0.012154 0.016279 0.030342 0.216942 0.039707 0.061191 0.015513 0.088915 
0.012629 0.056992 0.032101 0.037942 0.047930 0.093091 0.067555 0.010106 0.007199 0.055907 0.083103 0.007084 0.083597 0.251494 0.153269 
0.000034 0.061660 0.034558 0.057974 0.073088 0.017703 0.072466 0.084112 0.132551 0.135552 0.043881 0.003648 0.028507 0.252519 0.001748 
