-2000927.473811
0
0.000000 0.000000 0.000000 0.000000 0.000000 0.000000 0.000000 0.000000 0.000000 0.000000 0.000000 0.000000 0.001825 0.000000 0.000000 0.003772 0.000000 0.000000 0.000000 0.000000 0.000000 0.000000 0.001143 0.000000 0.000000 0.000000 0.000000 0.000000 0.000000 0.000623 0.000000 0.000000 0.082968 0.087128 0.027369 0.066315 0.000000 0.000000 0.000000 0.001560 0.000000 0.000000 0.000000 0.001590 0.000000 0.001384 0.000000 0.000000 0.000000 0.000000 0.000000 0.000000 0.000000 0.000000 0.000000 0.000000 0.000000 0.000000 0.000000 0.000000 0.000000 0.000000 0.000000 0.000000 0.000000 0.000000 0.000000 0.008627 0.000000 0.000000 0.002142 0.000000 0.000000 0.001987 0.000000 0.000000 0.000000 0.000000 0.000000 0.000000 0.127195 0.370718 0.125572 0.076986 0.000000 0.000000 0.000000 0.006171 0.001362 0.000000 0.001120 0.000000 0.000000 0.001422 0.001022 0.000000 
0.030204 0.025934 0.000000 0.021725 0.052243 0.026337 0.008242 0.052285 0.023430 0.000000 0.000000 0.020381 0.008685 0.012181 0.006939 0.000000 0.000000 0.008719 0.000000 0.018085 0.000000 0.000000 0.020550 0.008483 0.012890 0.000000 0.000000 0.000000 0.033307 0.029503 0.008745 0.054628 0.020948 0.000000 0.000000 0.000000 0.009883 0.013644 0.013260 0.027046 0.000000 0.009099 0.000000 0.000000 0.000000 0.007805 0.013585 0.000000 0.000000 0.003792 0.000000 0.007494 0.028527 0.018705 0.000000 0.040648 0.016789 0.000000 0.000000 0.000000 0.000000 0.009040 0.014055 0.012384 0.000000 0.004915 0.000000 0.000000 0.014294 0.008112 0.036234 0.011446 0.000000 0.013528 0.000000 0.000000 0.000000 0.030762 0.002223 0.030538 0.000000 0.000000 0.000000 0.000000 0.000000 0.012652 0.002861 0.019015 0.000000 0.011314 0.000000 0.000000 0.000000 0.012986 0.022099 0.016820 
0.000000 0.000000 0.000000 0.000000 0.000000 0.000000 0.000403 0.000000 0.006855 0.000000 0.000000 0.000000 0.000000 0.000000 0.000000 0.000000 0.000000 0.000000 0.000000 0.001336 0.000000 0.000000 0.000000 0.000000 0.000786 0.000000 0.000000 0.000000 0.000000 0.000000 0.000000 0.000000 0.013832 0.000000 0.002294 0.000000 0.000000 0.000000 0.000000 0.000000 0.000000 0.000000 0.000000 0.000000 0.000000 0.000000 0.000000 0.000000 0.000000 0.000000 0.000000 0.000000 0.000000 0.000000 0.000000 0.000000 0.002995 0.000000 0.000000 0.000000 0.000000 0.000000 0.000000 0.000000 0.000000 0.000000 0.000000 0.000000 0.000000 0.000000 0.000000 0.000000 0.014971 0.008094 0.002149 0.005365 0.031462 0.000000 0.001434 0.066633 0.483078 0.074353 0.034589 0.249370 0.000000 0.000000 0.000000 0.000000 0.000000 0.000000 0.000000 0.000000 0.000000 0.000000 0.000000 0.000000 
0.000000 0.000000 0.000000 0.000000 0.000000 0.000000 0.000000 0.000000 0.020185 0.111468 0.000000 0.066786 0.000000 0.000000 0.002326 0.000000 0.000000 0.000878 0.000000 0.000000 0.000000 0.000000 0.000000 0.000000 0.000000 0.000000 0.000000 0.000000 0.000000 0.000000 0.000000 0.000000 0.041649 0.169333 0.003546 0.135205 0.000000 0.002145 0.000000 0.000000 0.000000 0.000000 0.000000 0.000000 0.000000 0.000000 0.000000 0.000000 0.000000 0.000000 0.000000 0.000000 0.000000 0.000000 0.000000 0.000000 0.028884 0.113790 0.000000 0.095569 0.000000 0.000000 0.000000 0.000000 0.000000 0.000000 0.000000 0.003833 0.000000 0.000000 0.000000 0.000000 0.000000 0.002853 0.000000 0.000000 0.000000 0.000000 0.000000 0.000000 0.000000 0.115995 0.000000 0.085555 0.000000 0.000000 0.000000 0.000000 0.000000 0.000000 0.000000 0.000000 0.000000 0.000000 0.000000 0.000000 
0.038527 0.052310 0.034346 0.027774 0.015974 0.007723 0.003311 0.009161 0.015216 0.000000 0.000000 0.000000 0.004719 0.000000 0.014592 0.000000 0.008992 0.000000 0.005211 0.000000 0.000000 0.000000 0.000000 0.000000 0.031544 0.106106 0.003631 0.023865 0.017820 0.017652 0.007994 0.017225 0.028679 0.005754 0.000000 0.021283 0.012319 0.020019 0.069789 0.021128 0.003418 0.000000 0.000000 0.000000 0.000000 0.000000 0.001841 0.000000 0.000000 0.065478 0.033905 0.000000 0.012087 0.015805 0.011305 0.008443 0.000000 0.000000 0.000000 0.000000 0.011024 0.007311 0.025881 0.000000 0.007283 0.003109 0.000000 0.000000 0.000000 0.000000 0.000000 0.000000 0.018729 0.077407 0.012187 0.000000 0.000000 0.013815 0.004052 0.000000 0.000000 0.000000 0.000000 0.000000 0.000000 0.008684 0.012012 0.000000 0.000000 0.000000 0.000000 0.000000 0.000000 0.000000 0.003559 0.000000 
0.000000 0.000000 0.000000 0.002622 0.000000 0.000000 0.000000 0.000000 0.000000 0.014162 0.013442 0.000000 0.000000 0.015651 0.000000 0.010517 0.000000 0.005878 0.000000 0.000000 0.000000 0.000000 0.001627 0.000000 0.005352 0.003381 0.000000 0.000000 0.000000 0.000000 0.000000 0.000000 0.000000 0.000000 0.000000 0.000000 0.001886 0.001845 0.000000 0.000000 0.000000 0.000000 0.000000 0.000000 0.000000 0.000000 0.000000 0.000000 0.000000 0.013422 0.000000 0.039540 0.002732 0.000000 0.000975 0.000000 0.051493 0.197306 0.281804 0.119943 0.000000 0.005805 0.003541 0.005185 0.027823 0.091614 0.016232 0.010387 0.000000 0.001739 0.004693 0.030239 0.004065 0.000000 0.001112 0.000000 0.000000 0.001829 0.000000 0.000000 0.000000 0.000000 0.000000 0.000000 0.000000 0.000000 0.000000 0.000000 0.000000 0.012159 0.000000 0.000000 0.000000 0.000000 0.000000 0.000000 
0.000000 0.000000 0.000000 0.000000 0.000000 0.001637 0.000000 0.000000 0.034891 0.010325 0.000000 0.011691 0.000000 0.005052 0.000000 0.009325 0.012106 0.019170 0.071664 0.005639 0.000000 0.000000 0.000000 0.000000 0.029642 0.052839 0.020806 0.126673 0.000000 0.000000 0.000000 0.000000 0.005123 0.002021 0.039125 0.000000 0.000000 0.006921 0.000000 0.003320 0.019371 0.018128 0.105856 0.010258 0.000000 0.011937 0.024285 0.000000 0.000000 0.003347 0.003607 0.000000 0.000000 0.002547 0.000000 0.001286 0.080987 0.067763 0.000000 0.062908 0.000000 0.005271 0.000000 0.002367 0.000000 0.000000 0.037218 0.000000 0.000000 0.004431 0.003578 0.003992 0.000000 0.000000 0.001378 0.000000 0.000000 0.000000 0.000000 0.000000 0.014707 0.000000 0.000000 0.000000 0.000000 0.000000 0.000000 0.003613 0.002096 0.010674 0.028173 0.002249 0.000000 0.000000 0.000000 0.000000 
0.000000 0.000000 0.000000 0.000000 0.002538 0.000955 0.000000 0.002827 0.009457 0.000000 0.000000 0.000000 0.005021 0.005924 0.003827 0.000000 0.098975 0.040870 0.068767 0.054499 0.000000 0.000000 0.000000 0.003417 0.003203 0.000000 0.000000 0.000000 0.000000 0.001330 0.000000 0.000000 0.023962 0.000000 0.000000 0.018709 0.001414 0.009882 0.004540 0.000000 0.036651 0.042268 0.038822 0.039364 0.007334 0.005923 0.001471 0.000000 0.000000 0.000000 0.000000 0.000000 0.000000 0.000000 0.000000 0.000000 0.002059 0.000000 0.000000 0.000000 0.001030 0.002160 0.001859 0.000000 0.058210 0.034910 0.046519 0.049355 0.000000 0.000000 0.000000 0.001824 0.000000 0.009706 0.002609 0.000000 0.000000 0.001595 0.000000 0.000000 0.008981 0.008150 0.000000 0.000000 0.004009 0.015897 0.002858 0.003974 0.067108 0.042902 0.038855 0.048894 0.000000 0.006329 0.000000 0.008259 
0.012627 0.016670 0.000000 0.004727 0.000000 0.006559 0.000000 0.006833 0.041175 0.000000 0.372273 0.002042 0.000000 0.000000 0.000000 0.014512 0.004170 0.000000 0.010509 0.000000 0.000000 0.000000 0.000000 0.000000 0.000000 0.000000 0.000000 0.000000 0.000000 0.000000 0.000000 0.000000 0.037793 0.000000 0.168966 0.006995 0.000000 0.000000 0.000000 0.000000 0.000000 0.000000 0.000000 0.000000 0.000000 0.000000 0.000000 0.000000 0.000000 0.005430 0.000000 0.000000 0.000000 0.000000 0.000000 0.000000 0.000000 0.000000 0.033643 0.000000 0.000000 0.000000 0.000000 0.005573 0.000000 0.000000 0.000000 0.014565 0.000000 0.000000 0.000000 0.000000 0.012487 0.011238 0.002297 0.000000 0.000000 0.000000 0.000000 0.000000 0.000000 0.000000 0.202472 0.000000 0.003276 0.000000 0.000000 0.000000 0.000000 0.000000 0.000000 0.000000 0.000000 0.000000 0.003168 0.000000 
0.064867 0.010704 0.002130 0.020689 0.000000 0.001330 0.002543 0.003596 0.000000 0.000000 0.000000 0.002840 0.002000 0.000000 0.003283 0.000000 0.000000 0.000000 0.000000 0.002565 0.000000 0.001696 0.002892 0.000000 0.116852 0.018561 0.023138 0.027342 0.000000 0.003174 0.006788 0.004049 0.003757 0.000000 0.012756 0.001279 0.000000 0.002584 0.003315 0.000000 0.000000 0.000000 0.000000 0.000000 0.000000 0.000000 0.004579 0.000000 0.171973 0.016269 0.011167 0.082957 0.000000 0.000000 0.000000 0.000000 0.000000 0.000000 0.009699 0.000000 0.001616 0.001145 0.000000 0.006299 0.000000 0.000000 0.003890 0.000986 0.000000 0.000000 0.010083 0.001640 0.087239 0.051486 0.019406 0.147683 0.000000 0.007737 0.001925 0.000000 0.000000 0.000000 0.000000 0.000000 0.004338 0.001391 0.000845 0.004019 0.000000 0.003142 0.001106 0.000000 0.000000 0.002646 0.000000 0.000000 
0.000000 0.000000 0.000000 0.000000 0.000000 0.000000 0.000000 0.000000 0.007460 0.000000 0.004188 0.003717 0.000000 0.000000 0.000000 0.002581 0.000000 0.006159 0.000000 0.000000 0.000000 0.013106 0.004333 0.042018 0.000000 0.000000 0.000000 0.000000 0.000929 0.000000 0.000000 0.000000 0.017010 0.000000 0.006681 0.005195 0.000000 0.008039 0.003237 0.035439 0.007009 0.043642 0.031342 0.122640 0.000000 0.024495 0.016980 0.324585 0.002916 0.001317 0.000000 0.004370 0.000000 0.000000 0.000000 0.000908 0.000000 0.000000 0.000000 0.000000 0.000000 0.003418 0.003223 0.004724 0.000000 0.011225 0.000000 0.005719 0.000000 0.009996 0.005510 0.080340 0.000000 0.000000 0.001745 0.000000 0.000000 0.000000 0.000000 0.000000 0.000000 0.000000 0.000000 0.008938 0.000000 0.000000 0.000000 0.000642 0.000000 0.008125 0.004716 0.009678 0.000000 0.012152 0.005367 0.084183 
0.000000 0.000000 0.000000 0.003959 0.000964 0.000000 0.000000 0.000000 0.000000 0.000000 0.000000 0.002845 0.000000 0.000000 0.000000 0.000000 0.000000 0.004149 0.000000 0.001183 0.000000 0.005881 0.001891 0.017150 0.000000 0.000000 0.000000 0.000000 0.000000 0.000000 0.000000 0.000000 0.000000 0.000000 0.002109 0.000000 0.000000 0.000000 0.000000 0.000000 0.000000 0.000000 0.000000 0.000000 0.011287 0.000000 0.001871 0.010897 0.000000 0.001663 0.000992 0.000000 0.000000 0.000000 0.000000 0.000417 0.000000 0.010651 0.021013 0.012171 0.000000 0.000000 0.000000 0.000000 0.003222 0.011014 0.003608 0.011887 0.000000 0.001259 0.000828 0.000000 0.045119 0.007386 0.002528 0.346887 0.000000 0.000000 0.000000 0.000000 0.000000 0.017337 0.213314 0.039254 0.000000 0.000000 0.000000 0.002830 0.001677 0.009135 0.004664 0.010998 0.058213 0.009761 0.002480 0.085509 
0.000000 0.000000 0.000000 0.000000 0.003577 0.000000 0.000000 0.002090 0.000000 0.000000 0.000000 0.000000 0.000000 0.001156 0.000000 0.001890 0.000000 0.000000 0.000000 0.000000 0.000000 0.001094 0.000000 0.000000 0.000000 0.000000 0.000000 0.000000 0.006445 0.000000 0.000000 0.004737 0.000000 0.000000 0.000000 0.000000 0.000000 0.000000 0.000000 0.000000 0.000000 0.000000 0.000000 0.000000 0.000000 0.000000 0.000000 0.000000 0.000000 0.000000 0.000000 0.000000 0.000000 0.000000 0.000000 0.002564 0.000000 0.000000 0.000000 0.000000 0.000000 0.000000 0.001228 0.000000 0.000000 0.000000 0.000000 0.000000 0.000000 0.000000 0.000000 0.000000 0.053917 0.017020 0.001236 0.007305 0.339330 0.075871 0.010652 0.399289 0.070599 0.000000 0.000000 0.000000 0.000000 0.000000 0.000000 0.000000 0.000000 0.000000 0.000000 0.000000 0.000000 0.000000 0.000000 0.000000 
0.050378 0.036360 0.000000 0.031010 0.000000 0.000000 0.000000 0.000000 0.014121 0.000000 0.000000 0.012792 0.028874 0.022504 0.026440 0.060276 0.026847 0.000653 0.006873 0.048961 0.039962 0.000000 0.011380 0.000000 0.036927 0.025245 0.000000 0.000000 0.000000 0.000000 0.000000 0.000000 0.000000 0.000000 0.000000 0.028817 0.019776 0.019955 0.015337 0.025347 0.009946 0.006109 0.000000 0.014663 0.000000 0.003658 0.015256 0.000000 0.034693 0.025401 0.000000 0.019081 0.000000 0.001054 0.000000 0.000000 0.000000 0.000000 0.000000 0.000000 0.018012 0.008048 0.006934 0.024392 0.000000 0.000000 0.000000 0.000000 0.000000 0.000000 0.000000 0.000000 0.041452 0.006367 0.000000 0.000000 0.000000 0.000000 0.000000 0.000000 0.000000 0.000000 0.000000 0.000000 0.052869 0.009249 0.029736 0.047873 0.000000 0.000000 0.000000 0.025653 0.000000 0.000000 0.010718 0.000000 
0.000000 0.000000 0.001468 0.000000 0.003517 0.000000 0.000000 0.002054 0.036786 0.010048 0.157600 0.010356 0.002987 0.000000 0.000000 0.000000 0.000000 0.000000 0.000000 0.000000 0.000000 0.006435 0.000000 0.006323 0.000000 0.019086 0.002113 0.016508 0.000000 0.000000 0.000000 0.000000 0.000000 0.000000 0.139463 0.000000 0.000000 0.000000 0.000000 0.000000 0.000000 0.000000 0.000000 0.000000 0.000000 0.002627 0.000000 0.000000 0.000000 0.005345 0.000000 0.000000 0.000000 0.003829 0.000000 0.000362 0.094166 0.087145 0.308252 0.051043 0.000000 0.000000 0.000000 0.000000 0.019416 0.000000 0.000000 0.000000 0.000000 0.000000 0.000000 0.000000 0.000000 0.000000 0.000000 0.000000 0.000000 0.000000 0.000000 0.000000 0.000000 0.000000 0.000000 0.000000 0.000000 0.000000 0.000000 0.000000 0.004087 0.000000 0.007616 0.000000 0.000000 0.000000 0.000000 0.001367 
0.000000 0.010890 0.000000 0.067981 0.000000 0.000000 0.000000 0.000000 0.036786 0.030680 0.031163 0.040151 0.000000 0.000000 0.000000 0.000000 0.002280 0.007279 0.000000 0.005979 0.000000 0.000000 0.000000 0.008546 0.008749 0.013419 0.000000 0.273411 0.000000 0.000000 0.000000 0.000000 0.000000 0.000000 0.000000 0.000000 0.000000 0.004525 0.000000 0.003619 0.000000 0.009914 0.000000 0.000000 0.000000 0.002508 0.000000 0.000000 0.000000 0.017097 0.000000 0.153984 0.000000 0.000000 0.000000 0.000000 0.038470 0.000000 0.000000 0.036323 0.000000 0.003691 0.000000 0.000000 0.000000 0.000000 0.010853 0.011245 0.000000 0.002257 0.002036 0.000000 0.000000 0.036725 0.000000 0.095290 0.000000 0.000000 0.000000 0.000000 0.000000 0.006374 0.000000 0.012636 0.000000 0.002726 0.000000 0.004417 0.000000 0.006228 0.000000 0.000000 0.000000 0.001770 0.000000 0.000000 
0.252240 0.015940 0.014290 0.114417 0.029447 0.029242 0.009829 0.101283 0.156307 0.034421 0.011668 0.019644 0.002119 0.028714 0.157911 0.022529 
0.212472 0.070401 0.051486 0.055989 0.027323 0.000000 0.018871 0.025993 0.008587 0.360029 0.016678 0.016635 0.005246 0.029537 0.029195 0.071558 
0.005853 0.030249 0.033416 0.063764 0.012666 0.083260 0.054890 0.149563 0.180541 0.226848 0.007167 0.003573 0.011800 0.016741 0.084529 0.035140 
0.008777 0.040951 0.026191 0.181043 0.146931 0.000000 0.051426 0.031891 0.045928 0.078581 0.276178 0.048642 0.002152 0.022159 0.007790 0.031358 
0.089924 0.105824 0.045610 0.098112 0.016403 0.000000 0.097502 0.118577 0.170178 0.015069 0.019906 0.048526 0.009780 0.049089 0.093214 0.022287 
0.024357 0.012858 0.002996 0.091605 0.002673 0.165146 0.253782 0.076012 0.057949 0.001764 0.040797 0.021473 0.000019 0.002375 0.079374 0.166822 
0.029564 0.068366 0.048004 0.187599 0.003787 0.000000 0.112910 0.205145 0.007198 0.157938 0.016882 0.017381 0.004737 0.057994 0.029200 0.053295 
0.006799 0.010823 0.836113 0.022091 0.000726 0.000000 0.013710 0.054143 0.002011 0.017817 0.001363 0.010404 0.000581 0.015104 0.002385 0.005930 
0.468219 0.007044 0.032158 0.130282 0.061251 0.000000 0.038791 0.029904 0.002237 0.045014 0.005912 0.006537 0.136062 0.009971 0.024236 0.002380 
0.001044 0.021714 0.022000 0.033818 0.007539 0.000000 0.020067 0.110094 0.011767 0.029141 0.154846 0.296316 0.131953 0.066348 0.071188 0.022164 
0.027251 0.003375 0.013960 0.177333 0.014746 0.033664 0.177968 0.019591 0.060762 0.006815 0.022435 0.008464 0.130632 0.004754 0.269592 0.028658 
0.141233 0.086840 0.088049 0.059960 0.035782 0.000000 0.037447 0.246833 0.003479 0.004051 0.043071 0.138288 0.012912 0.089373 0.006824 0.005859 
0.020763 0.038389 0.310426 0.083131 0.030198 0.060371 0.080347 0.231661 0.007497 0.020464 0.014421 0.016962 0.011140 0.037246 0.026292 0.010692 
0.064516 0.040462 0.007652 0.181573 0.023910 0.000000 0.039926 0.095207 0.083877 0.029482 0.047094 0.202885 0.000940 0.048958 0.112818 0.020699 
0.041764 0.003626 0.609148 0.079639 0.011510 0.000000 0.014040 0.039295 0.084139 0.009585 0.008319 0.008186 0.008347 0.018311 0.061885 0.002207 
0.014783 0.034893 0.095374 0.077519 0.024680 0.000000 0.041294 0.433859 0.000757 0.024815 0.049831 0.047757 0.008684 0.116989 0.027397 0.001367 
0.001539 0.091493 0.035446 0.051642 0.070135 0.000000 0.039649 0.353509 0.029020 0.030101 0.051612 0.049012 0.022914 0.101258 0.059046 0.013622 
0.001460 0.086785 0.130176 0.280303 0.028126 0.035968 0.047217 0.076386 0.044364 0.028451 0.090568 0.032492 0.020416 0.060784 0.025556 0.010950 
0.323794 0.017400 0.162666 0.079850 0.181402 0.000000 0.019565 0.030704 0.006939 0.076388 0.017790 0.004592 0.065792 0.006488 0.004796 0.001834 
0.002347 0.065875 0.017663 0.046462 0.055055 0.000000 0.008656 0.082448 0.115569 0.080498 0.016189 0.036823 0.005729 0.266983 0.104027 0.095676 
0.058427 0.013602 0.016191 0.045149 0.015097 0.387713 0.121030 0.034140 0.067841 0.015424 0.013060 0.070941 0.000218 0.001882 0.102234 0.037052 
0.069186 0.018636 0.265688 0.075985 0.021187 0.000000 0.083299 0.073087 0.105879 0.023086 0.010076 0.017949 0.007726 0.008280 0.204001 0.015935 
0.009103 0.045708 0.032186 0.013837 0.052523 0.000000 0.008541 0.070516 0.011891 0.456874 0.083958 0.057622 0.109535 0.037967 0.004447 0.005293 
0.023402 0.005628 0.006705 0.206060 0.002233 0.080056 0.008373 0.079721 0.007615 0.013165 0.012005 0.023698 0.005529 0.032547 0.143210 0.350055 
0.000633 0.032810 0.001360 0.073745 0.034984 0.000000 0.403883 0.173229 0.069732 0.017990 0.004175 0.076640 0.003141 0.015073 0.017998 0.074607 
0.001006 0.023772 0.035598 0.094545 0.015333 0.034843 0.026032 0.106161 0.150710 0.040901 0.014965 0.032442 0.056136 0.052631 0.234117 0.080808 
0.025721 0.014590 0.010107 0.063620 0.013878 0.018309 0.126972 0.022927 0.063705 0.259466 0.020382 0.002765 0.002112 0.005113 0.271680 0.078652 
0.030014 0.046951 0.063228 0.063343 0.001310 0.000000 0.015770 0.142460 0.042717 0.008057 0.114871 0.186566 0.018626 0.201947 0.059339 0.004800 
0.023548 0.000897 0.012297 0.019758 0.002537 0.000000 0.046498 0.024821 0.020869 0.009334 0.004091 0.747011 0.014681 0.003231 0.018622 0.051805 
0.001267 0.132024 0.014777 0.146920 0.089369 0.000000 0.071321 0.095007 0.007299 0.036988 0.015867 0.041609 0.024732 0.174732 0.100921 0.047166 
0.008461 0.365313 0.077397 0.098879 0.025789 0.000000 0.060130 0.092461 0.013197 0.022816 0.009549 0.022470 0.059283 0.113193 0.004229 0.026835 
0.018616 0.115477 0.022454 0.131570 0.039846 0.038648 0.065199 0.195014 0.003887 0.004809 0.044638 0.064166 0.014783 0.159129 0.062298 0.019466 
0.007652 0.006938 0.010031 0.077279 0.028805 0.106619 0.293435 0.052865 0.093290 0.013911 0.007033 0.021957 0.003296 0.003265 0.245499 0.028126 
0.008955 0.021777 0.152699 0.129994 0.008293 0.000000 0.065127 0.097154 0.158802 0.055194 0.004541 0.020243 0.086141 0.040092 0.109412 0.041577 
0.005889 0.058526 0.365172 0.066097 0.001081 0.000000 0.030404 0.090663 0.019864 0.001681 0.058016 0.116737 0.016121 0.139945 0.025433 0.004370 
0.004772 0.010995 0.261952 0.043687 0.008845 0.000000 0.051835 0.247101 0.014638 0.021328 0.025140 0.210634 0.069890 0.008982 0.010466 0.009733 
0.010826 0.057695 0.022216 0.127568 0.027912 0.000000 0.043232 0.290945 0.006168 0.040858 0.048176 0.141444 0.013724 0.111901 0.035317 0.022016 
0.022214 0.167580 0.052394 0.049272 0.004997 0.025132 0.108781 0.063554 0.049383 0.022234 0.259360 0.028726 0.024717 0.024087 0.091220 0.006349 
0.033993 0.012129 0.009172 0.111277 0.011047 0.000000 0.072796 0.397143 0.015237 0.070435 0.029411 0.167617 0.001655 0.016588 0.024703 0.026798 
0.078992 0.053911 0.018731 0.346569 0.021001 0.000000 0.011829 0.043913 0.017736 0.040954 0.026400 0.097914 0.007595 0.165623 0.022415 0.046418 
0.016115 0.028174 0.004156 0.098190 0.056364 0.082143 0.019398 0.072226 0.030126 0.105242 0.018223 0.043551 0.001348 0.004232 0.155147 0.265365 
0.087641 0.055631 0.046188 0.121144 0.027305 0.000000 0.028541 0.293645 0.001191 0.048028 0.062681 0.017961 0.011897 0.128349 0.040825 0.028974 
0.032138 0.038208 0.039777 0.535941 0.025260 0.000000 0.020828 0.096342 0.018954 0.061622 0.004136 0.015310 0.019578 0.018987 0.048219 0.024699 
0.017616 0.158838 0.020601 0.207363 0.067004 0.000000 0.029937 0.182089 0.034869 0.046529 0.025732 0.020562 0.030819 0.093077 0.048048 0.016916 
0.025998 0.010490 0.055296 0.527009 0.001398 0.000000 0.025081 0.003261 0.001754 0.002921 0.003375 0.008008 0.251796 0.002241 0.038237 0.043134 
0.008973 0.098493 0.010171 0.042800 0.039374 0.000000 0.124038 0.075417 0.016873 0.090129 0.160276 0.041762 0.013019 0.189813 0.035623 0.053239 
0.522398 0.061760 0.082278 0.123263 0.022123 0.000000 0.006224 0.080526 0.009433 0.006020 0.008958 0.011771 0.020276 0.017234 0.013380 0.014357 
0.236009 0.017648 0.018633 0.098570 0.028027 0.064049 0.333360 0.041393 0.048356 0.014152 0.009721 0.004162 0.000248 0.011320 0.053452 0.020899 
0.001405 0.056193 0.048798 0.036016 0.024689 0.000000 0.207191 0.088533 0.044008 0.025006 0.033667 0.044112 0.280594 0.081989 0.009826 0.017972 
0.000799 0.066215 0.014159 0.122734 0.000385 0.055534 0.036722 0.145131 0.001444 0.000812 0.107750 0.158819 0.005612 0.194725 0.054735 0.034425 
0.153273 0.132707 0.127222 0.063560 0.017865 0.000000 0.020164 0.107704 0.021641 0.026615 0.025525 0.135430 0.033669 0.088066 0.024677 0.021881 
0.000686 0.022566 0.171097 0.086468 0.040341 0.000000 0.044963 0.264431 0.002450 0.049825 0.036191 0.140796 0.013055 0.082483 0.031815 0.012832 
0.033192 0.021730 0.011091 0.056772 0.012792 0.045727 0.260552 0.033570 0.076178 0.013785 0.016434 0.277588 0.010127 0.013380 0.057867 0.059215 
0.001954 0.026077 0.006709 0.090622 0.027095 0.031422 0.063770 0.126244 0.160273 0.103185 0.055838 0.008560 0.008731 0.023635 0.204177 0.061708 
0.001236 0.089794 0.036022 0.280126 0.037647 0.000000 0.028639 0.250155 0.000581 0.026250 0.043317 0.025879 0.031801 0.101198 0.024177 0.023178 
0.020441 0.035048 0.404432 0.049702 0.106069 0.000000 0.023602 0.040539 0.008826 0.023546 0.005107 0.015904 0.233132 0.011472 0.016588 0.005593 
0.039893 0.010192 0.045034 0.199301 0.000644 0.069169 0.017774 0.043580 0.016040 0.011825 0.062008 0.003162 0.001391 0.001005 0.158358 0.320623 
0.038770 0.018646 0.022437 0.017745 0.014216 0.000000 0.029833 0.044418 0.002123 0.009678 0.564145 0.150109 0.018086 0.005175 0.038179 0.026442 
0.046044 0.052846 0.340503 0.072652 0.028782 0.000000 0.030004 0.057672 0.074774 0.056984 0.014679 0.032812 0.019892 0.095260 0.037684 0.039412 
0.019051 0.014799 0.015547 0.044737 0.007467 0.017305 0.048306 0.038901 0.033605 0.140746 0.329879 0.173876 0.051950 0.029741 0.016435 0.017653 
0.079340 0.004670 0.003435 0.443752 0.000658 0.041098 0.005310 0.042073 0.021793 0.003522 0.019903 0.021781 0.000021 0.001274 0.094479 0.216890 
0.023206 0.021576 0.021338 0.084295 0.110203 0.000000 0.007131 0.121434 0.213974 0.042050 0.020497 0.027770 0.009413 0.077813 0.156323 0.062977 
0.014326 0.064624 0.036250 0.075650 0.017903 0.112253 0.091288 0.212013 0.028380 0.018083 0.235627 0.021275 0.000293 0.039186 0.019004 0.013847 
0.051799 0.008483 0.030088 0.073292 0.049347 0.012053 0.047767 0.249031 0.115224 0.026184 0.007842 0.032529 0.163010 0.033956 0.097397 0.001996 
0.017125 0.065249 0.053833 0.065689 0.003337 0.000000 0.016060 0.076732 0.148640 0.011509 0.005923 0.023813 0.309782 0.038757 0.155732 0.007819 
0.045714 0.027878 0.007404 0.088645 0.016159 0.000000 0.054843 0.080531 0.079984 0.011876 0.013766 0.416753 0.003182 0.036692 0.088117 0.028456 
0.023331 0.022181 0.048108 0.010384 0.034905 0.000000 0.035922 0.064142 0.017176 0.533089 0.006993 0.003306 0.142218 0.017734 0.020219 0.020293 
0.212280 0.021557 0.039079 0.259437 0.020886 0.000000 0.040681 0.076608 0.009416 0.019036 0.088062 0.054882 0.000650 0.089375 0.059277 0.008773 
0.052976 0.016404 0.030654 0.086460 0.015339 0.000000 0.004180 0.104203 0.341470 0.014476 0.012718 0.037132 0.002866 0.091369 0.182026 0.007725 
0.000792 0.010347 0.014194 0.058319 0.286705 0.000000 0.054724 0.085526 0.090951 0.125619 0.026700 0.059527 0.005326 0.088216 0.059735 0.033319 
0.080593 0.095874 0.080680 0.081366 0.018172 0.000000 0.007236 0.114246 0.033382 0.071487 0.023150 0.118273 0.069271 0.155426 0.016437 0.034406 
0.010064 0.033869 0.011748 0.114198 0.024731 0.081692 0.030140 0.128777 0.002246 0.010413 0.027180 0.026848 0.086548 0.040812 0.089747 0.280988 
0.017993 0.040033 0.246635 0.154942 0.026675 0.000000 0.119724 0.143832 0.037326 0.029187 0.045166 0.025445 0.012249 0.040223 0.029693 0.030876 
0.140705 0.005538 0.672377 0.047671 0.001418 0.000000 0.016058 0.018392 0.016275 0.001136 0.012238 0.022869 0.015287 0.025633 0.000674 0.003731 
0.000962 0.059836 0.009131 0.025837 0.003003 0.000000 0.066326 0.178104 0.010971 0.001672 0.139692 0.162993 0.024878 0.186862 0.118043 0.011690 
0.001158 0.043018 0.013930 0.134250 0.015209 0.000000 0.215844 0.277309 0.084129 0.009387 0.042249 0.010419 0.007095 0.067546 0.042380 0.036077 
0.003921 0.010705 0.129050 0.051542 0.017850 0.000000 0.060683 0.072555 0.023120 0.478565 0.074973 0.041171 0.003846 0.008287 0.003546 0.020186 
0.062037 0.016439 0.027535 0.044665 0.027772 0.336762 0.110810 0.099725 0.019765 0.146707 0.011089 0.003668 0.012728 0.005745 0.066821 0.007732 
0.035488 0.049856 0.013958 0.072700 0.020199 0.000000 0.025755 0.099425 0.000869 0.002950 0.079664 0.096274 0.003714 0.163390 0.137482 0.198275 
0.015223 0.028216 0.018342 0.078206 0.001795 0.000000 0.013863 0.089936 0.272329 0.121106 0.016886 0.063292 0.015542 0.034738 0.210636 0.019890 
0.009406 0.037303 0.045578 0.046646 0.297053 0.000000 0.020151 0.044355 0.031374 0.165784 0.005671 0.011427 0.008855 0.178269 0.017233 0.080895 
0.066012 0.003724 0.003160 0.171543 0.005781 0.000000 0.009925 0.056928 0.022538 0.029955 0.181899 0.353555 0.000022 0.027949 0.031846 0.035164 
0.068007 0.009426 0.039833 0.602520 0.003506 0.000000 0.039754 0.048199 0.002152 0.018665 0.007386 0.085629 0.000141 0.003750 0.039575 0.031457 
0.022450 0.023067 0.005273 0.035862 0.008952 0.213993 0.148514 0.172764 0.011866 0.018384 0.020877 0.015621 0.000138 0.008779 0.257316 0.036144 
0.012992 0.096494 0.036747 0.123423 0.014873 0.000000 0.026953 0.094000 0.003124 0.376653 0.007755 0.022668 0.011839 0.091416 0.024272 0.056790 
0.012595 0.035996 0.024952 0.104594 0.010375 0.011833 0.025974 0.090321 0.145356 0.024849 0.026580 0.120901 0.005430 0.053036 0.191207 0.116001 
0.000790 0.030838 0.023122 0.125875 0.039385 0.000000 0.030358 0.370442 0.075714 0.029837 0.015345 0.034388 0.001747 0.096429 0.116463 0.009267 
0.000861 0.031363 0.031524 0.095388 0.031985 0.000000 0.007175 0.059537 0.003655 0.016017 0.036385 0.207071 0.116683 0.018269 0.121742 0.222343 
0.161685 0.008264 0.029662 0.455034 0.016462 0.000000 0.081916 0.032396 0.027857 0.001616 0.016727 0.002470 0.002670 0.001514 0.128823 0.032905 
0.022061 0.013747 0.062903 0.056425 0.000802 0.014838 0.121870 0.026055 0.009281 0.004842 0.005469 0.038032 0.398709 0.002585 0.212697 0.009686 
0.001103 0.038857 0.088442 0.028283 0.093378 0.000000 0.005788 0.039954 0.019184 0.048841 0.024597 0.012740 0.532285 0.005190 0.041364 0.019993 
0.217397 0.047984 0.027371 0.073060 0.008964 0.000000 0.006264 0.090172 0.060224 0.010515 0.147839 0.091945 0.001204 0.135363 0.067827 0.013871 
0.001387 0.086851 0.009286 0.081320 0.036942 0.000000 0.180358 0.290617 0.069858 0.021069 0.031193 0.028570 0.021418 0.059444 0.040263 0.041421 
0.016263 0.101153 0.019156 0.167512 0.041549 0.000000 0.035374 0.222087 0.019144 0.037293 0.157043 0.008780 0.029928 0.081367 0.050088 0.013263 
0.177669 0.027120 0.065580 0.098908 0.003462 0.029334 0.117258 0.014036 0.031251 0.024763 0.013093 0.020440 0.136679 0.024429 0.198660 0.017319 
0.018930 0.041342 0.684481 0.033963 0.000609 0.053655 0.025432 0.019066 0.018697 0.003042 0.006913 0.035271 0.031917 0.013403 0.006984 0.006297 
0.000835 0.015234 0.020666 0.040679 0.049878 0.000000 0.089863 0.577220 0.002677 0.054941 0.020099 0.022650 0.004791 0.073318 0.016830 0.010319 
0.001170 0.111010 0.013996 0.040068 0.008314 0.000000 0.109660 0.146213 0.008161 0.023001 0.114387 0.171700 0.014664 0.177905 0.029765 0.029985 
0.009234 0.322720 0.026693 0.071987 0.055440 0.000000 0.082491 0.098328 0.018633 0.034298 0.020769 0.013885 0.029576 0.104394 0.071556 0.039995 
0.027540 0.095440 0.007190 0.076600 0.025587 0.031628 0.020665 0.312121 0.008556 0.041617 0.029459 0.137184 0.004699 0.077503 0.093050 0.011163 
0.140191 0.058138 0.020851 0.128697 0.034409 0.000000 0.358107 0.075909 0.045896 0.006077 0.015145 0.008425 0.007122 0.007128 0.013196 0.080709 
0.037919 0.296228 0.006347 0.065045 0.033462 0.000000 0.030623 0.115954 0.008027 0.040899 0.060691 0.182737 0.025355 0.073340 0.007197 0.016176 
0.011629 0.093644 0.017618 0.136005 0.010007 0.000000 0.107771 0.320147 0.024068 0.003227 0.115881 0.013450 0.040581 0.043871 0.037357 0.024745 
0.001980 0.148703 0.070128 0.102028 0.044212 0.000000 0.029466 0.074619 0.021503 0.271567 0.040713 0.036602 0.052740 0.047274 0.018160 0.040306 
0.022696 0.017420 0.025073 0.070931 0.000527 0.000000 0.027621 0.058938 0.027612 0.013274 0.531514 0.019071 0.013634 0.030008 0.062849 0.078833 
0.003914 0.023768 0.363426 0.102685 0.019254 0.000000 0.152527 0.070629 0.030791 0.002714 0.041115 0.069604 0.022530 0.063652 0.010898 0.022493 
0.000965 0.050304 0.037392 0.031347 0.006825 0.000000 0.008956 0.265775 0.002826 0.007078 0.141540 0.113379 0.008282 0.208768 0.078381 0.038182 
0.001173 0.042182 0.030050 0.080840 0.020540 0.049865 0.017978 0.129394 0.004452 0.033557 0.030289 0.434252 0.007652 0.053509 0.033997 0.030271 
0.008119 0.034662 0.018768 0.078815 0.039658 0.000000 0.060919 0.320034 0.017247 0.039290 0.032683 0.016340 0.255971 0.052125 0.022551 0.002820 
0.029665 0.013985 0.015677 0.132753 0.009843 0.355355 0.093487 0.055505 0.058538 0.019621 0.010507 0.038136 0.011345 0.011616 0.082668 0.061299 
0.032556 0.092278 0.034136 0.063360 0.033480 0.000000 0.027389 0.229028 0.108592 0.047185 0.085758 0.031111 0.007899 0.080754 0.124165 0.002308 
0.006515 0.052873 0.019199 0.130134 0.000859 0.068441 0.040755 0.027402 0.021674 0.013950 0.020723 0.024562 0.004684 0.014315 0.233189 0.320726 
0.003790 0.049432 0.032908 0.228352 0.215732 0.000000 0.044668 0.047907 0.002298 0.204995 0.007554 0.026417 0.006180 0.055998 0.068606 0.005162 
0.019623 0.035863 0.097760 0.074069 0.004603 0.029410 0.065661 0.434899 0.022445 0.054096 0.039894 0.021946 0.010153 0.039830 0.029109 0.020639 
0.010686 0.143538 0.019320 0.119180 0.026279 0.015886 0.097268 0.061862 0.016992 0.248360 0.016209 0.030820 0.022710 0.066501 0.021489 0.082901 
0.005353 0.062364 0.032902 0.034454 0.069987 0.230695 0.017461 0.076410 0.002466 0.070861 0.075643 0.011713 0.008300 0.142605 0.077214 0.081572 
0.042817 0.059889 0.020279 0.113650 0.117237 0.000000 0.083605 0.082135 0.007670 0.025697 0.025894 0.032298 0.000629 0.047940 0.163565 0.176693 
0.049996 0.010758 0.031060 0.193146 0.002367 0.058557 0.016932 0.033168 0.002009 0.028241 0.020272 0.031989 0.002236 0.001456 0.179329 0.338483 
0.011001 0.025544 0.017661 0.071033 0.031188 0.000000 0.213069 0.304993 0.038333 0.009714 0.050577 0.036377 0.000418 0.109629 0.050761 0.029700 
0.006089 0.009910 0.012505 0.053879 0.270146 0.000000 0.049468 0.035852 0.020157 0.440003 0.011500 0.009664 0.005572 0.027621 0.015288 0.032346 
0.001751 0.028697 0.021894 0.094006 0.075595 0.067146 0.193683 0.246320 0.026241 0.010185 0.031192 0.040745 0.014751 0.072990 0.052919 0.021883 
0.015568 0.045122 0.024779 0.036890 0.006943 0.000000 0.033039 0.084388 0.023783 0.036982 0.282959 0.011153 0.003690 0.130159 0.102086 0.162459 
0.000910 0.059532 0.006876 0.108870 0.012414 0.000000 0.536039 0.066829 0.067220 0.004937 0.012618 0.017863 0.026617 0.005589 0.011947 0.061739 
0.089274 0.023527 0.015942 0.370089 0.055190 0.072654 0.009246 0.063769 0.001489 0.033750 0.016089 0.066839 0.004921 0.094952 0.071769 0.010500 
0.011959 0.079866 0.020831 0.048397 0.055629 0.043611 0.029297 0.330065 0.006154 0.065515 0.017576 0.022117 0.003960 0.176023 0.038258 0.050740 
0.011230 0.061095 0.115900 0.083803 0.144136 0.000000 0.061354 0.153125 0.040101 0.048492 0.015870 0.050223 0.056064 0.114182 0.023085 0.021340 
0.069768 0.037071 0.022067 0.067056 0.020330 0.130274 0.036107 0.143421 0.069281 0.026289 0.012864 0.029951 0.001926 0.072772 0.192551 0.068273 
0.003140 0.103060 0.038997 0.042729 0.042702 0.000000 0.031748 0.276128 0.023044 0.010518 0.118295 0.092387 0.007253 0.177865 0.028243 0.003890 
0.044809 0.006232 0.253244 0.055572 0.000929 0.000000 0.009324 0.066976 0.220320 0.010166 0.007561 0.035211 0.048527 0.035739 0.194514 0.010876 
0.006811 0.038228 0.019169 0.113995 0.327659 0.000000 0.059039 0.164683 0.003643 0.091972 0.025890 0.011460 0.007965 0.069826 0.006702 0.052958 
0.027902 0.006377 0.011037 0.042061 0.340468 0.000000 0.112660 0.226857 0.000373 0.137626 0.000549 0.017679 0.006709 0.043333 0.003727 0.022642 
0.029596 0.042403 0.044968 0.028769 0.017724 0.000000 0.087891 0.253791 0.024512 0.054977 0.009915 0.089226 0.270856 0.017728 0.023285 0.004358 
0.035608 0.017576 0.019370 0.161788 0.384958 0.000000 0.061814 0.026615 0.000569 0.163838 0.008691 0.006660 0.009816 0.066487 0.015242 0.020968 
0.074795 0.214873 0.292576 0.046238 0.056464 0.000000 0.015151 0.069591 0.002396 0.014934 0.022730 0.080723 0.023453 0.050448 0.010292 0.025335 
0.042651 0.154584 0.063950 0.030952 0.017096 0.000000 0.053121 0.053652 0.015756 0.038210 0.383160 0.017581 0.009254 0.084189 0.015769 0.020075 
0.034804 0.037764 0.022246 0.301548 0.280086 0.000000 0.044810 0.019181 0.002411 0.091314 0.003895 0.007253 0.010708 0.072219 0.032223 0.039539 
0.001761 0.220882 0.006131 0.086186 0.067664 0.000000 0.211742 0.141360 0.039299 0.021947 0.014233 0.016472 0.039265 0.054051 0.004226 0.074780 
0.000666 0.201030 0.036668 0.157453 0.045189 0.000000 0.028637 0.135099 0.018997 0.023755 0.028815 0.024308 0.019412 0.169806 0.043634 0.066531 
0.158227 0.028692 0.021381 0.101108 0.181387 0.000000 0.017311 0.022560 0.009407 0.078942 0.327351 0.002525 0.001210 0.015984 0.007316 0.026600 
0.603884 0.004555 0.073108 0.099834 0.002875 0.010499 0.006656 0.043410 0.003162 0.005472 0.008808 0.009527 0.078148 0.014203 0.015789 0.020070 
0.088842 0.018360 0.039578 0.087709 0.023810 0.000000 0.024096 0.321378 0.002382 0.000771 0.306939 0.010609 0.001852 0.029182 0.032934 0.011558 
0.007565 0.026151 0.233438 0.032725 0.098418 0.000000 0.032109 0.022990 0.042066 0.218920 0.027738 0.078314 0.013440 0.025050 0.084731 0.056346 
0.074128 0.017044 0.254271 0.063670 0.195718 0.000000 0.034365 0.021088 0.001480 0.103868 0.000429 0.006000 0.112840 0.029145 0.035571 0.050383 
0.000614 0.080402 0.043987 0.433937 0.042397 0.000000 0.035146 0.086788 0.027659 0.025031 0.002088 0.017180 0.000660 0.070244 0.122797 0.011070 
0.040989 0.084484 0.010131 0.095445 0.138817 0.000000 0.016768 0.121897 0.003940 0.055746 0.079473 0.115552 0.015256 0.174761 0.016637 0.030105 
0.102994 0.020706 0.079150 0.213624 0.002724 0.000000 0.002684 0.013420 0.001072 0.296210 0.004682 0.010360 0.184997 0.023722 0.026555 0.017100 
0.463358 0.015442 0.023684 0.213611 0.006160 0.061663 0.013456 0.061642 0.012558 0.003228 0.018493 0.005473 0.004110 0.004632 0.055420 0.037069 
0.009677 0.034411 0.007113 0.046718 0.000643 0.082673 0.060692 0.148160 0.003732 0.002257 0.106867 0.117282 0.009943 0.166410 0.146369 0.057053 
0.014448 0.030977 0.033057 0.087080 0.041418 0.078629 0.034172 0.090841 0.001813 0.020522 0.093487 0.027371 0.016064 0.054228 0.135845 0.240048 
0.021902 0.021359 0.005436 0.030618 0.002869 0.000000 0.020022 0.050026 0.025499 0.055348 0.238838 0.361776 0.001469 0.004682 0.054433 0.105722 
0.001551 0.051292 0.241304 0.285414 0.034154 0.000000 0.027926 0.077096 0.036806 0.011349 0.013757 0.027315 0.034723 0.084722 0.050120 0.022469 
0.001554 0.023720 0.074664 0.510477 0.031097 0.029396 0.046018 0.067755 0.075312 0.014023 0.000591 0.014741 0.001983 0.075076 0.028935 0.004659 
0.001868 0.003212 0.001374 0.063072 0.518720 0.000000 0.069711 0.037105 0.007446 0.205709 0.003030 0.021299 0.015139 0.017461 0.007700 0.027153 
0.036021 0.012907 0.020612 0.120186 0.000960 0.000000 0.013771 0.056707 0.087292 0.011891 0.420887 0.020077 0.005513 0.020842 0.140751 0.031584 
0.000830 0.141205 0.016375 0.128398 0.066224 0.000000 0.037602 0.237969 0.010637 0.057084 0.042397 0.038213 0.064055 0.099561 0.042590 0.016860 
0.000564 0.038735 0.027615 0.064888 0.010736 0.000000 0.082847 0.161282 0.112715 0.030715 0.237720 0.052539 0.008570 0.048378 0.097184 0.025513 
0.001806 0.087692 0.002259 0.036987 0.084087 0.064934 0.030898 0.135184 0.010593 0.011918 0.042266 0.109218 0.005864 0.236492 0.091880 0.047921 
0.000874 0.004456 0.047359 0.042617 0.200977 0.000000 0.028695 0.031863 0.000875 0.112933 0.007398 0.001998 0.440656 0.033619 0.011214 0.034466 
0.000816 0.056831 0.017120 0.210963 0.000981 0.000000 0.015763 0.153374 0.059254 0.014174 0.061419 0.075622 0.009866 0.138136 0.171782 0.013898 
0.118600 0.007958 0.019995 0.327064 0.018991 0.027399 0.114149 0.030804 0.005210 0.084162 0.015122 0.018865 0.000395 0.006150 0.113940 0.091197 
0.000992 0.062473 0.029703 0.047269 0.053192 0.000000 0.064137 0.281971 0.025695 0.136234 0.020480 0.010257 0.056232 0.150793 0.019924 0.040649 
0.000690 0.035724 0.020956 0.193935 0.005886 0.000000 0.409939 0.100032 0.081416 0.013025 0.003830 0.005931 0.000905 0.041905 0.032778 0.053047 
0.013316 0.032390 0.004959 0.043740 0.282469 0.000000 0.011287 0.045044 0.027540 0.135606 0.017811 0.253390 0.004251 0.074518 0.015324 0.038354 
0.030990 0.004199 0.040299 0.074143 0.057923 0.015212 0.077688 0.022209 0.064302 0.273686 0.034247 0.017280 0.174751 0.003889 0.102594 0.006589 
0.017223 0.006467 0.703662 0.027843 0.000926 0.000000 0.013144 0.011827 0.012949 0.001139 0.025725 0.033101 0.102239 0.014169 0.028353 0.001230 
0.243260 0.085271 0.131758 0.129014 0.006112 0.000000 0.003874 0.030552 0.025464 0.024693 0.008379 0.268508 0.002261 0.003547 0.008691 0.028617 
0.016891 0.121468 0.010813 0.025055 0.009930 0.000000 0.017992 0.135813 0.008407 0.003135 0.093539 0.121829 0.115876 0.217523 0.068379 0.033351 
0.023467 0.009417 0.012358 0.087967 0.012468 0.097323 0.063898 0.070203 0.059559 0.015326 0.276981 0.005197 0.025713 0.005625 0.118948 0.115550 
0.026372 0.019625 0.002061 0.061691 0.361391 0.000000 0.024054 0.069049 0.007231 0.112378 0.143298 0.033711 0.012613 0.097142 0.011259 0.018125 
0.037462 0.242056 0.011379 0.215944 0.057912 0.000000 0.014497 0.139816 0.010240 0.039299 0.029849 0.010711 0.021652 0.096672 0.060025 0.012488 
0.000929 0.325927 0.016817 0.058032 0.058029 0.000000 0.105502 0.081921 0.009828 0.022022 0.036689 0.029402 0.062715 0.092012 0.077714 0.022462 
0.044444 0.221185 0.006425 0.085543 0.045985 0.000000 0.080666 0.122984 0.004378 0.016862 0.028613 0.027956 0.028869 0.104041 0.155030 0.027020 
0.018299 0.013004 0.004078 0.043163 0.063961 0.000000 0.010005 0.096344 0.047201 0.210658 0.029519 0.171101 0.010448 0.204570 0.021446 0.056203 
0.030732 0.014598 0.041977 0.038326 0.001753 0.091139 0.147975 0.071015 0.029244 0.010718 0.008415 0.014873 0.447477 0.027640 0.007140 0.016977 
0.000742 0.086301 0.006359 0.042816 0.001383 0.028953 0.014587 0.162438 0.009699 0.012624 0.070087 0.119763 0.001224 0.279452 0.132839 0.030734 
0.000799 0.046284 0.274908 0.316661 0.012360 0.042063 0.020494 0.062517 0.066497 0.026981 0.009389 0.011285 0.004654 0.055306 0.043614 0.006188 
0.010444 0.001285 0.010389 0.022746 0.000593 0.000000 0.007101 0.063995 0.024247 0.027200 0.032522 0.689677 0.000019 0.009174 0.044262 0.056346 
0.008316 0.029028 0.011010 0.042284 0.028501 0.043664 0.171440 0.484446 0.015215 0.024642 0.017174 0.047866 0.033096 0.025315 0.010431 0.007574 
0.014027 0.346518 0.004294 0.071116 0.086315 0.000000 0.016659 0.101418 0.019542 0.047907 0.025750 0.031684 0.107207 0.078563 0.027616 0.021384 
0.012083 0.053700 0.015579 0.048720 0.051643 0.020068 0.023938 0.086379 0.018499 0.018989 0.240145 0.050724 0.009460 0.111470 0.090286 0.148319 
