-1996554.696581
0
0.000000 0.000000 0.000000 0.000000 0.000000 0.000000 0.000000 0.000000 0.020436 0.104762 0.000000 0.065785 0.000000 0.000000 0.001917 0.000000 0.000000 0.000788 0.000000 0.000000 0.000000 0.000000 0.000000 0.000000 0.000000 0.003939 0.000000 0.000000 0.000000 0.000000 0.000000 0.000000 0.043161 0.166182 0.007814 0.129107 0.000000 0.001971 0.000000 0.000000 0.000000 0.000000 0.000000 0.000000 0.000000 0.000000 0.000000 0.000000 0.000000 0.000000 0.000000 0.000000 0.000000 0.000000 0.000000 0.000000 0.031823 0.105878 0.000000 0.088410 0.000000 0.000000 0.000000 0.000000 0.000000 0.000000 0.000000 0.000000 0.000000 0.000000 0.000000 0.000000 0.000000 0.003064 0.000000 0.000000 0.000000 0.000000 0.000000 0.000000 0.000000 0.143642 0.000000 0.080450 0.000000 0.000000 0.000000 0.000000 0.000000 0.000000 0.000870 0.000000 0.000000 0.000000 0.000000 0.000000 
0.044313 0.042753 0.027410 0.027221 0.006534 0.005064 0.004391 0.000000 0.009681 0.000000 0.000000 0.000000 0.003049 0.000000 0.011833 0.000000 0.009949 0.000000 0.005829 0.000000 0.000000 0.000000 0.000000 0.000000 0.054382 0.093649 0.008820 0.036966 0.008799 0.012684 0.007956 0.009786 0.023849 0.005615 0.002638 0.016700 0.007293 0.016279 0.052270 0.013455 0.002228 0.000000 0.000000 0.000000 0.000000 0.000000 0.001873 0.000000 0.044388 0.064130 0.037104 0.020225 0.005866 0.009051 0.008770 0.000000 0.000000 0.000000 0.000000 0.000000 0.009056 0.005662 0.016090 0.002852 0.004296 0.000000 0.000000 0.000000 0.000000 0.000000 0.000000 0.000000 0.038550 0.078015 0.016293 0.033841 0.000000 0.012051 0.005466 0.000000 0.000000 0.000000 0.000000 0.000000 0.000000 0.006515 0.008508 0.000000 0.000000 0.000000 0.000000 0.000000 0.000000 0.000000 0.000000 0.000000 
0.000000 0.000000 0.000000 0.000000 0.000000 0.000000 0.000000 0.000000 0.009218 0.000000 0.000000 0.000000 0.006915 0.006903 0.005403 0.005607 0.112118 0.040852 0.074116 0.061962 0.003745 0.000000 0.000000 0.000000 0.005225 0.000000 0.000000 0.000000 0.000000 0.000000 0.000000 0.000000 0.021147 0.000000 0.000000 0.020206 0.002207 0.010924 0.000000 0.000000 0.038083 0.043078 0.039999 0.039885 0.000000 0.006315 0.002765 0.000000 0.000000 0.000000 0.000000 0.000000 0.000000 0.000000 0.000000 0.000000 0.002838 0.000000 0.000000 0.000000 0.000000 0.002117 0.000318 0.000000 0.057420 0.032770 0.046744 0.050297 0.000000 0.000000 0.000000 0.000000 0.002762 0.006948 0.000000 0.000000 0.000000 0.000741 0.000000 0.000000 0.000000 0.000000 0.000000 0.000000 0.009014 0.015812 0.005284 0.007361 0.066980 0.043799 0.038852 0.053268 0.000000 0.000000 0.000000 0.000000 
0.008462 0.008576 0.001383 0.000000 0.000000 0.003780 0.000000 0.004421 0.040164 0.000000 0.294787 0.003755 0.002815 0.000000 0.000000 0.008833 0.003806 0.000000 0.000000 0.000000 0.000000 0.004033 0.000000 0.000000 0.000000 0.005453 0.000000 0.000000 0.000000 0.000000 0.000000 0.000000 0.019397 0.000000 0.177985 0.000000 0.000000 0.000000 0.000000 0.000000 0.000000 0.000000 0.000000 0.000000 0.000000 0.000000 0.000000 0.000000 0.007836 0.005870 0.000000 0.000000 0.000000 0.002355 0.000000 0.000000 0.034043 0.018112 0.172286 0.011694 0.000000 0.000000 0.000000 0.002973 0.009674 0.000000 0.000000 0.009912 0.000000 0.000000 0.000000 0.000000 0.010204 0.007450 0.001828 0.000000 0.000000 0.000000 0.000000 0.000000 0.000000 0.000000 0.104120 0.000000 0.002953 0.000000 0.000000 0.000000 0.004917 0.000000 0.004370 0.000000 0.000000 0.000000 0.001751 0.000000 
0.000000 0.000000 0.000000 0.000000 0.000000 0.000000 0.000000 0.000000 0.006751 0.000000 0.000000 0.002933 0.000000 0.000000 0.000000 0.002034 0.000000 0.005861 0.000000 0.000000 0.003826 0.013379 0.004147 0.042415 0.000000 0.000000 0.000000 0.000000 0.000000 0.000000 0.000000 0.000000 0.016790 0.000000 0.005518 0.004448 0.000000 0.008061 0.003229 0.035943 0.007014 0.043403 0.030930 0.123723 0.000000 0.025657 0.017259 0.317083 0.008739 0.002059 0.000000 0.004959 0.000000 0.000000 0.000000 0.000000 0.000000 0.000000 0.000000 0.000000 0.000000 0.003240 0.002693 0.004687 0.000000 0.009161 0.000000 0.005317 0.000000 0.010157 0.004902 0.077355 0.000000 0.000000 0.002270 0.000000 0.000000 0.000000 0.000000 0.000000 0.000000 0.000000 0.000000 0.005851 0.000000 0.000000 0.000000 0.000661 0.000000 0.008066 0.004724 0.010315 0.000000 0.013128 0.004920 0.096391 
0.000000 0.000000 0.000000 0.006382 0.000857 0.000000 0.000000 0.000000 0.000000 0.000000 0.000000 0.003971 0.000000 0.000000 0.000000 0.000000 0.000000 0.003738 0.000000 0.001275 0.002462 0.005916 0.001831 0.018463 0.000000 0.000000 0.000000 0.009444 0.000000 0.000000 0.000000 0.000000 0.000000 0.000000 0.002315 0.000000 0.000000 0.000000 0.000000 0.000000 0.000000 0.000000 0.000000 0.000000 0.022146 0.000000 0.002166 0.011817 0.000000 0.001899 0.000956 0.000000 0.000000 0.000000 0.000000 0.000000 0.000000 0.000000 0.000000 0.006331 0.000000 0.000000 0.000000 0.000000 0.000000 0.005116 0.002612 0.011766 0.000000 0.001298 0.000000 0.000000 0.048419 0.007893 0.002659 0.343910 0.000000 0.000000 0.000000 0.000000 0.000000 0.023662 0.215913 0.039273 0.000000 0.000000 0.000000 0.003470 0.000954 0.008358 0.004602 0.011722 0.055909 0.010996 0.002456 0.097042 
0.000000 0.000000 0.000000 0.000000 0.005990 0.001015 0.000000 0.004080 0.000000 0.000000 0.000000 0.000000 0.000000 0.000000 0.000000 0.000000 0.000000 0.000000 0.000000 0.000000 0.000000 0.001300 0.000000 0.000000 0.000000 0.000000 0.000000 0.000000 0.007841 0.000000 0.000000 0.006365 0.000728 0.000000 0.000000 0.000000 0.000000 0.000000 0.000000 0.000000 0.000000 0.000000 0.000000 0.000000 0.000000 0.000000 0.000000 0.000000 0.000000 0.000000 0.000000 0.000000 0.001083 0.000729 0.000000 0.004533 0.000000 0.000000 0.000000 0.000000 0.000000 0.000000 0.000990 0.000000 0.000000 0.000000 0.000000 0.000000 0.000000 0.000000 0.000000 0.000000 0.050966 0.017809 0.001154 0.007250 0.322099 0.078530 0.011765 0.406878 0.068894 0.000000 0.000000 0.000000 0.000000 0.000000 0.000000 0.000000 0.000000 0.000000 0.000000 0.000000 0.000000 0.000000 0.000000 0.000000 
0.000000 0.008484 0.000000 0.061510 0.000000 0.000000 0.000000 0.000000 0.041750 0.027111 0.065103 0.037292 0.000000 0.000000 0.000000 0.000000 0.000000 0.004732 0.000000 0.004761 0.000000 0.001675 0.000000 0.011318 0.006116 0.014786 0.000000 0.246537 0.000000 0.000000 0.000000 0.000000 0.000000 0.000000 0.039745 0.002541 0.000000 0.004054 0.000000 0.000000 0.000000 0.007420 0.000000 0.000000 0.000000 0.000000 0.000000 0.000000 0.000000 0.014296 0.000000 0.129057 0.000000 0.000000 0.000000 0.000000 0.056277 0.000000 0.039426 0.028088 0.000000 0.002108 0.000000 0.000000 0.000000 0.000000 0.005637 0.008961 0.000000 0.000000 0.000000 0.000000 0.000000 0.031390 0.000000 0.079660 0.000000 0.000000 0.000000 0.000000 0.000000 0.000000 0.000000 0.010639 0.000000 0.001974 0.000000 0.004161 0.000000 0.003391 0.000000 0.000000 0.000000 0.000000 0.000000 0.000000 
0.000000 0.000000 0.000000 0.000000 0.000000 0.000000 0.000507 0.000000 0.006562 0.000000 0.000000 0.000000 0.000000 0.000000 0.000000 0.000000 0.000000 0.000000 0.000000 0.000000 0.000000 0.000000 0.000000 0.000000 0.001172 0.000000 0.000000 0.000000 0.000000 0.000000 0.000000 0.000000 0.016480 0.000000 0.002905 0.004275 0.000000 0.000000 0.000000 0.000000 0.000000 0.000000 0.000000 0.000000 0.000000 0.000000 0.000000 0.000000 0.000000 0.000000 0.000000 0.000000 0.000000 0.000000 0.000000 0.000000 0.002344 0.000000 0.000000 0.000000 0.000000 0.000000 0.000000 0.000000 0.000000 0.000000 0.000000 0.000000 0.000000 0.000000 0.000000 0.000000 0.013849 0.008152 0.002271 0.002555 0.025056 0.000000 0.001494 0.061993 0.478759 0.086906 0.038127 0.246594 0.000000 0.000000 0.000000 0.000000 0.000000 0.000000 0.000000 0.000000 0.000000 0.000000 0.000000 0.000000 
0.069073 0.005216 0.000000 0.020322 0.000000 0.000000 0.000000 0.004828 0.000000 0.000000 0.000000 0.004284 0.002299 0.000000 0.001825 0.003001 0.000000 0.000000 0.000000 0.004959 0.000000 0.002160 0.002938 0.000000 0.128749 0.000000 0.024983 0.027736 0.000000 0.001118 0.006096 0.002396 0.000000 0.000000 0.011222 0.000000 0.000000 0.000000 0.000000 0.000000 0.000000 0.002028 0.000000 0.000000 0.000000 0.000000 0.005355 0.000000 0.201703 0.000000 0.000000 0.097384 0.000000 0.000000 0.000000 0.000000 0.000000 0.000000 0.000000 0.000000 0.000000 0.000000 0.000000 0.006159 0.000000 0.000000 0.005238 0.002139 0.000000 0.000000 0.013504 0.002476 0.096281 0.044195 0.018985 0.154572 0.000000 0.006589 0.000000 0.000000 0.000000 0.000000 0.000000 0.000000 0.005771 0.000000 0.000000 0.004760 0.000000 0.004810 0.001147 0.000000 0.000000 0.003699 0.000000 0.000000 
0.000000 0.000000 0.000000 0.000000 0.000000 0.000000 0.000000 0.000000 0.000000 0.010794 0.000000 0.000000 0.001597 0.000000 0.000000 0.003262 0.000000 0.000000 0.000000 0.000000 0.000000 0.000000 0.000883 0.000465 0.000000 0.000000 0.000000 0.000000 0.000000 0.000868 0.000590 0.000000 0.086895 0.098687 0.025939 0.076513 0.000000 0.000000 0.000000 0.001666 0.000000 0.000000 0.000000 0.001893 0.000000 0.001657 0.000000 0.000000 0.000000 0.000000 0.000000 0.000000 0.000000 0.000000 0.000000 0.000000 0.000000 0.009199 0.000000 0.009823 0.000000 0.000000 0.000000 0.000000 0.000000 0.000000 0.000000 0.009814 0.000000 0.000000 0.002154 0.000000 0.000000 0.001947 0.000000 0.000000 0.000000 0.001528 0.000000 0.000000 0.101689 0.348945 0.123547 0.068220 0.000000 0.000000 0.000000 0.006038 0.001695 0.000000 0.001026 0.000000 0.000000 0.001699 0.000966 0.000000 
0.000000 0.000000 0.000000 0.000000 0.000000 0.000000 0.000000 0.000000 0.003221 0.015347 0.016454 0.000000 0.000000 0.012345 0.000000 0.006993 0.000000 0.004463 0.000000 0.000000 0.000000 0.000000 0.001360 0.000000 0.005778 0.006718 0.000000 0.000000 0.000000 0.000000 0.000000 0.000000 0.000000 0.000000 0.001790 0.000000 0.000000 0.000000 0.000000 0.000000 0.000000 0.000000 0.000000 0.000000 0.000000 0.000000 0.000000 0.000000 0.000000 0.012469 0.000000 0.033989 0.001334 0.000000 0.000000 0.000000 0.061198 0.196479 0.319115 0.120225 0.000000 0.004687 0.002016 0.003264 0.029833 0.067850 0.014333 0.008962 0.000000 0.002214 0.004610 0.022782 0.000000 0.000000 0.000994 0.000000 0.000000 0.000000 0.000000 0.000000 0.000000 0.009103 0.000000 0.000000 0.000000 0.000000 0.000000 0.000000 0.000000 0.010071 0.000000 0.000000 0.000000 0.000000 0.000000 0.000000 
0.000000 0.000000 0.000000 0.000000 0.000000 0.000000 0.000000 0.000000 0.037517 0.013881 0.029123 0.013662 0.000000 0.002249 0.000000 0.005725 0.009062 0.017278 0.067287 0.002647 0.000000 0.000000 0.000000 0.000000 0.026958 0.048554 0.020369 0.126153 0.000000 0.000000 0.000000 0.000000 0.007990 0.005826 0.052749 0.000000 0.000000 0.005624 0.000000 0.002478 0.017059 0.015633 0.096835 0.008177 0.000000 0.012453 0.021106 0.000000 0.000000 0.002487 0.003184 0.001888 0.000000 0.002549 0.000000 0.000000 0.081686 0.065996 0.000000 0.061718 0.000000 0.004264 0.001190 0.001464 0.000000 0.000000 0.033163 0.000000 0.000000 0.004322 0.003202 0.002575 0.000000 0.000000 0.001919 0.000000 0.000000 0.000000 0.000000 0.000000 0.014340 0.000000 0.011243 0.000000 0.000000 0.000000 0.000000 0.000000 0.000000 0.009357 0.027057 0.000000 0.000000 0.000000 0.000000 0.000000 
0.041369 0.036116 0.000000 0.030095 0.031532 0.015252 0.004287 0.031550 0.022611 0.000000 0.000000 0.018698 0.019337 0.017686 0.017625 0.029871 0.000000 0.005048 0.000000 0.030401 0.015382 0.000000 0.016815 0.007747 0.020095 0.017828 0.000000 0.000000 0.018085 0.016987 0.004168 0.028351 0.013749 0.000000 0.000000 0.019208 0.016679 0.018619 0.020907 0.030112 0.004434 0.007029 0.000000 0.006393 0.000000 0.006384 0.014607 0.000000 0.000000 0.016498 0.000000 0.009859 0.014972 0.011355 0.000000 0.023798 0.008267 0.000000 0.000000 0.000000 0.011734 0.009826 0.013248 0.019678 0.000000 0.000000 0.000000 0.000000 0.006888 0.003893 0.018373 0.005442 0.011568 0.010993 0.000000 0.000000 0.000000 0.013227 0.000000 0.000000 0.000000 0.003312 0.000000 0.000000 0.024390 0.012186 0.016508 0.035797 0.000000 0.003518 0.000000 0.009540 0.000000 0.011632 0.018440 0.000000 
0.111352 0.041545 0.096201 0.269081 0.012336 0.023490 0.001316 0.031266 0.028641 0.015429 0.252810 0.055445 0.017845 0.043242 
0.039427 0.082186 0.022655 0.018585 0.016729 0.018421 0.008116 0.076982 0.064927 0.304962 0.212983 0.015939 0.021541 0.096547 
0.067783 0.066406 0.140898 0.242508 0.007151 0.021034 0.014774 0.036560 0.036947 0.171801 0.000000 0.084718 0.063919 0.045503 
0.185258 0.185473 0.033694 0.041213 0.273185 0.060107 0.004407 0.028988 0.029611 0.020253 0.000000 0.001436 0.053106 0.083268 
0.096200 0.014049 0.110661 0.226921 0.022089 0.060437 0.013538 0.021024 0.052373 0.007904 0.089789 0.010860 0.111444 0.162712 
0.092854 0.003935 0.077353 0.057696 0.043086 0.028064 0.000023 0.173774 0.006820 0.000741 0.014778 0.197648 0.278978 0.024251 
0.204585 0.032558 0.202844 0.010015 0.020042 0.028133 0.008069 0.049271 0.059790 0.136652 0.000000 0.021671 0.113779 0.112590 
0.019345 0.002055 0.053653 0.002037 0.001449 0.014664 0.011060 0.005236 0.831830 0.018731 0.000000 0.002599 0.014913 0.022428 
0.095353 0.074832 0.029275 0.010889 0.005027 0.006613 0.134465 0.001934 0.058858 0.023537 0.476877 0.018834 0.039640 0.023866 
0.031679 0.011571 0.118982 0.052548 0.155786 0.283415 0.133394 0.017900 0.024534 0.033072 0.000000 0.057710 0.020389 0.059020 
0.196525 0.006411 0.017709 0.203623 0.023738 0.006855 0.132767 0.037069 0.019637 0.000672 0.000000 0.123739 0.219147 0.012108 
0.058448 0.041839 0.243947 0.006959 0.046367 0.143866 0.017472 0.003597 0.101838 0.003109 0.133423 0.006895 0.030893 0.161347 
0.087202 0.039513 0.225409 0.013940 0.017390 0.026343 0.016666 0.008096 0.321313 0.009806 0.000000 0.075522 0.080649 0.078151 
0.194282 0.025432 0.090987 0.156590 0.045823 0.201768 0.000853 0.018439 0.016898 0.022056 0.041951 0.045960 0.048630 0.090330 
0.095193 0.012692 0.038550 0.131758 0.008441 0.013512 0.013222 0.002557 0.631839 0.004853 0.000000 0.005320 0.019791 0.022273 
0.088633 0.042557 0.434357 0.013068 0.058988 0.051309 0.010210 0.001366 0.107680 0.027651 0.000000 0.017053 0.031511 0.115618 
0.052644 0.086886 0.338016 0.066812 0.059212 0.056089 0.028663 0.010424 0.040091 0.015630 0.000000 0.019878 0.045420 0.180236 
0.277235 0.027224 0.081352 0.056228 0.091544 0.034038 0.027875 0.009724 0.131829 0.023390 0.000000 0.044851 0.048428 0.146281 
0.055002 0.215994 0.031384 0.009031 0.016850 0.005901 0.068521 0.001350 0.181788 0.015756 0.328544 0.003541 0.016360 0.049976 
0.050366 0.066739 0.093852 0.177966 0.016135 0.042929 0.006524 0.096190 0.019265 0.090119 0.000000 0.024994 0.011693 0.303227 
0.045068 0.023636 0.034152 0.116216 0.014094 0.073756 0.000264 0.043222 0.022623 0.004729 0.045017 0.423502 0.130934 0.022788 
0.088995 0.028711 0.062576 0.242789 0.008973 0.021085 0.011587 0.020235 0.279057 0.003553 0.037651 0.059878 0.102604 0.032305 
0.015792 0.138186 0.064803 0.019156 0.084455 0.066545 0.113360 0.002392 0.036934 0.375134 0.000000 0.006124 0.006548 0.070572 
0.225254 0.006708 0.089381 0.033687 0.013150 0.026762 0.005018 0.390948 0.013911 0.016623 0.000000 0.140785 0.009347 0.028425 
0.066245 0.044074 0.179526 0.037795 0.004322 0.085527 0.004732 0.068812 0.002440 0.006054 0.000000 0.009747 0.426827 0.063901 
0.096976 0.032814 0.103693 0.295996 0.015831 0.038244 0.057410 0.099616 0.036588 0.022187 0.000000 0.102581 0.038313 0.059752 
0.081046 0.045946 0.018286 0.199864 0.020911 0.002282 0.002322 0.107695 0.016619 0.206816 0.000000 0.119994 0.147772 0.030448 
0.083754 0.003809 0.158322 0.094069 0.114985 0.196211 0.019653 0.003285 0.074576 0.026648 0.000000 0.016369 0.010929 0.197391 
0.028734 0.005420 0.030911 0.028742 0.002435 0.732726 0.014292 0.035286 0.019811 0.007116 0.000000 0.047022 0.042740 0.004764 
0.138675 0.099224 0.098762 0.045976 0.019047 0.038438 0.031727 0.045721 0.016049 0.030834 0.000000 0.067509 0.077317 0.290722 
0.099386 0.019712 0.099872 0.008938 0.012744 0.028073 0.080161 0.019610 0.079507 0.027482 0.000000 0.002225 0.065161 0.457130 
0.140191 0.045057 0.200349 0.030343 0.047099 0.069728 0.018820 0.017185 0.030304 0.011310 0.000000 0.077175 0.066743 0.245696 
0.077361 0.031642 0.050822 0.202905 0.008342 0.022181 0.004114 0.033661 0.011706 0.001182 0.000000 0.203741 0.329025 0.023317 
0.141789 0.024735 0.094824 0.234299 0.004323 0.032294 0.089236 0.047885 0.155758 0.035030 0.000000 0.003494 0.078748 0.057585 
0.068400 0.003067 0.104125 0.038506 0.058833 0.121334 0.022808 0.004395 0.365093 0.009272 0.000000 0.008756 0.027251 0.168159 
0.041201 0.016968 0.239691 0.016529 0.025577 0.207775 0.075667 0.005034 0.267400 0.013429 0.000000 0.020782 0.050400 0.019550 
0.134223 0.047239 0.299383 0.023326 0.051721 0.143299 0.015683 0.022234 0.029616 0.038035 0.000000 0.022750 0.036581 0.135910 
0.057402 0.003562 0.054936 0.100042 0.261199 0.031790 0.030600 0.004646 0.062027 0.009938 0.000000 0.062016 0.119869 0.201971 
0.116793 0.029198 0.382992 0.023994 0.031690 0.172820 0.001106 0.023086 0.019508 0.057232 0.022451 0.021189 0.070122 0.027820 
0.371418 0.022465 0.060163 0.029810 0.025301 0.100390 0.008287 0.042553 0.032891 0.055856 0.039686 0.007539 0.008180 0.195461 
0.109234 0.084780 0.064586 0.074226 0.019679 0.047216 0.001577 0.296992 0.008927 0.068477 0.000000 0.144088 0.032377 0.047842 
0.127911 0.046064 0.296430 0.018912 0.072527 0.018099 0.013092 0.030721 0.059273 0.047011 0.074354 0.018802 0.025757 0.151049 
0.554230 0.033676 0.095232 0.044397 0.004057 0.017981 0.020811 0.027140 0.050410 0.044851 0.000000 0.022430 0.019705 0.065078 
0.221803 0.075601 0.181926 0.068268 0.030443 0.027882 0.037404 0.015471 0.027268 0.029180 0.000000 0.006031 0.033983 0.244741 
0.546993 0.001192 0.003255 0.013146 0.003614 0.009448 0.252891 0.047865 0.063345 0.001746 0.000000 0.022128 0.024187 0.010190 
0.047149 0.052092 0.095537 0.027052 0.157063 0.038487 0.014243 0.051614 0.014780 0.093001 0.000000 0.018527 0.121761 0.268694 
0.082974 0.020496 0.074663 0.015598 0.010848 0.012952 0.020961 0.014686 0.109646 0.001603 0.538943 0.006138 0.006367 0.084124 
0.075121 0.033003 0.047265 0.049462 0.010508 0.005622 0.000202 0.020141 0.030129 0.004272 0.244013 0.084238 0.357520 0.038503 
0.032119 0.028742 0.093545 0.032729 0.034815 0.049763 0.284379 0.012561 0.050921 0.026662 0.000000 0.001720 0.220576 0.131466 
0.118774 0.000783 0.164185 0.021381 0.110969 0.166775 0.006361 0.039934 0.017097 0.009386 0.000000 0.095665 0.031281 0.217409 
0.053877 0.018391 0.111209 0.034550 0.026765 0.136577 0.040840 0.018504 0.139553 0.029495 0.148349 0.017835 0.018558 0.205496 
0.081576 0.060914 0.265509 0.012898 0.037475 0.140669 0.015499 0.010950 0.175163 0.038003 0.000000 0.035040 0.040462 0.085840 
0.058502 0.015120 0.039253 0.087219 0.015676 0.278895 0.010811 0.055356 0.016513 0.007307 0.020225 0.076263 0.275387 0.043473 
0.093149 0.046863 0.115699 0.291595 0.058122 0.013552 0.010217 0.072778 0.008347 0.072509 0.000000 0.078971 0.088855 0.049342 
0.277111 0.049956 0.254447 0.003601 0.049217 0.024490 0.038037 0.022920 0.039957 0.025587 0.000000 0.027349 0.022926 0.164401 
0.052451 0.114388 0.039535 0.017466 0.005252 0.018656 0.243897 0.003963 0.414058 0.001516 0.000000 0.007190 0.024220 0.057408 
0.227538 0.002270 0.043924 0.059111 0.064682 0.004724 0.001339 0.359749 0.057250 0.007670 0.000000 0.134913 0.024481 0.012348 
0.018109 0.016330 0.042666 0.023551 0.556599 0.145042 0.019331 0.026166 0.028918 0.001014 0.032133 0.027608 0.029965 0.032567 
0.076160 0.040811 0.066089 0.092458 0.013973 0.037590 0.024229 0.038396 0.354456 0.051492 0.027530 0.008901 0.030240 0.137675 
0.055118 0.031358 0.042611 0.045258 0.326329 0.178299 0.051991 0.012423 0.022647 0.115168 0.000000 0.029142 0.045203 0.044453 
0.459266 0.001132 0.042676 0.043023 0.021826 0.025252 0.000025 0.239342 0.011907 0.001482 0.055084 0.083513 0.006134 0.009338 
0.108465 0.132285 0.122700 0.340253 0.020166 0.040461 0.009180 0.072856 0.029306 0.005894 0.000000 0.005187 0.009079 0.104168 
0.082796 0.030213 0.209401 0.035933 0.240433 0.025382 0.002951 0.013237 0.045664 0.006175 0.000000 0.113731 0.090288 0.103796 
0.073067 0.062765 0.239325 0.180116 0.008974 0.039636 0.163219 0.001985 0.037004 0.007230 0.051362 0.036907 0.051500 0.046910 
0.080305 0.006843 0.072260 0.268091 0.006098 0.027731 0.315820 0.010830 0.059206 0.004623 0.000000 0.024363 0.030561 0.093267 
0.095514 0.022132 0.082987 0.134990 0.012585 0.411100 0.003866 0.018909 0.014586 0.006867 0.028653 0.053228 0.059410 0.055173 
0.008994 0.135180 0.060145 0.031028 0.007277 0.005543 0.144770 0.019737 0.053319 0.438298 0.017835 0.014783 0.033850 0.029241 
0.260891 0.030877 0.084152 0.042374 0.088111 0.053370 0.000570 0.007731 0.055345 0.019711 0.195805 0.029789 0.041957 0.089318 
0.103854 0.021280 0.112477 0.505912 0.012857 0.043014 0.003095 0.016738 0.036930 0.006541 0.042716 0.001421 0.007083 0.086082 
0.061638 0.344690 0.085503 0.133658 0.026516 0.067503 0.006011 0.024856 0.015296 0.043415 0.000000 0.003308 0.065751 0.121855 
0.083768 0.036623 0.124143 0.043328 0.022991 0.119867 0.073208 0.028051 0.090334 0.072982 0.069443 0.006869 0.005697 0.222696 
0.121694 0.031888 0.134186 0.006418 0.029313 0.028871 0.089005 0.306847 0.016651 0.007733 0.000000 0.126938 0.027965 0.072492 
0.158822 0.029201 0.143076 0.042237 0.044910 0.028689 0.016924 0.028790 0.256877 0.021028 0.000000 0.012027 0.129154 0.088265 
0.041881 0.002882 0.025389 0.012555 0.012664 0.028831 0.020769 0.004039 0.693543 0.001419 0.117856 0.000210 0.014770 0.023193 
0.023944 0.007248 0.178593 0.080020 0.143831 0.172008 0.026283 0.008375 0.011702 0.011213 0.000000 0.055448 0.082370 0.198965 
0.131692 0.018829 0.284479 0.094404 0.045580 0.012161 0.009450 0.034591 0.019018 0.010164 0.000000 0.009650 0.227237 0.102745 
0.049065 0.096577 0.068007 0.022572 0.073149 0.048129 0.006640 0.015773 0.131686 0.402757 0.000000 0.004557 0.063215 0.017872 
0.041946 0.047370 0.098458 0.045880 0.012589 0.004928 0.013841 0.007817 0.034848 0.122181 0.050945 0.365176 0.117048 0.036975 
0.080373 0.024189 0.105127 0.035893 0.081315 0.096933 0.003892 0.226421 0.021412 0.014250 0.020671 0.077373 0.027301 0.184849 
0.095935 0.022128 0.084818 0.435998 0.016083 0.074320 0.017021 0.026880 0.022769 0.090321 0.000000 0.030647 0.027714 0.055365 
0.053142 0.344262 0.060978 0.035699 0.005222 0.014046 0.009843 0.073187 0.049750 0.094239 0.000000 0.001698 0.014350 0.243583 
0.186848 0.014064 0.064394 0.047418 0.181235 0.349593 0.000025 0.031175 0.011079 0.023010 0.042863 0.020817 0.007383 0.020096 
0.644386 0.003642 0.045112 0.015431 0.006842 0.092077 0.000154 0.028087 0.059479 0.015056 0.000000 0.033403 0.038306 0.018024 
0.047687 0.010422 0.150702 0.124476 0.027566 0.013378 0.000348 0.041483 0.012294 0.009213 0.000000 0.328227 0.186148 0.048054 
0.124018 0.079761 0.095495 0.008409 0.008567 0.028827 0.015368 0.056989 0.042225 0.325810 0.000000 0.024248 0.024787 0.165495 
0.116103 0.018968 0.090209 0.262092 0.026094 0.124396 0.006718 0.131250 0.029530 0.015551 0.000000 0.065437 0.036993 0.076659 
0.127624 0.061984 0.355639 0.152296 0.025552 0.042594 0.002772 0.009099 0.029048 0.017518 0.000000 0.033111 0.040044 0.102716 
0.090519 0.040129 0.060771 0.033464 0.034387 0.197857 0.120349 0.250804 0.032959 0.005647 0.000000 0.077187 0.007403 0.048522 
0.477296 0.014331 0.026178 0.094285 0.016826 0.003006 0.001775 0.032902 0.046058 0.000390 0.123103 0.054968 0.095169 0.013714 
0.068839 0.001707 0.022971 0.124633 0.004807 0.034625 0.401667 0.007218 0.068442 0.000880 0.000000 0.105293 0.150675 0.008244 
0.026048 0.114799 0.036507 0.043280 0.025462 0.013659 0.542046 0.019959 0.088779 0.015575 0.000000 0.020528 0.007087 0.046273 
0.072061 0.012883 0.099142 0.120470 0.149123 0.094643 0.000631 0.014280 0.042357 0.018977 0.208130 0.006129 0.006674 0.154500 
0.077942 0.046044 0.280853 0.075775 0.035307 0.035160 0.024793 0.033697 0.014210 0.013736 0.000000 0.013658 0.200928 0.147897 
0.180143 0.051220 0.207804 0.052120 0.163379 0.018836 0.035194 0.010465 0.026028 0.022269 0.000000 0.012991 0.044654 0.174896 
0.101396 0.005930 0.015208 0.141553 0.013027 0.020766 0.138564 0.017467 0.081857 0.017570 0.148723 0.110462 0.143922 0.043556 
0.030966 0.001203 0.020830 0.018291 0.007192 0.040104 0.044553 0.005848 0.691974 0.002841 0.000000 0.059298 0.027303 0.049596 
0.040779 0.087922 0.566167 0.004875 0.027947 0.032115 0.004536 0.009109 0.029633 0.034800 0.000000 0.017948 0.079897 0.064272 
0.038451 0.014993 0.153427 0.018304 0.120469 0.178466 0.020274 0.025149 0.015979 0.040299 0.000000 0.016736 0.114822 0.242631 
0.070986 0.052690 0.094893 0.046599 0.032344 0.020376 0.047974 0.035823 0.029064 0.027155 0.000000 0.037516 0.099001 0.405579 
0.085827 0.035910 0.295516 0.059460 0.031063 0.137056 0.007381 0.007965 0.017362 0.032490 0.009375 0.088763 0.026060 0.165773 
0.113719 0.031299 0.079493 0.014245 0.016029 0.012182 0.009908 0.078058 0.029588 0.001244 0.144949 0.003617 0.380617 0.085053 
0.065930 0.032824 0.114811 0.011614 0.062951 0.186210 0.040476 0.012330 0.011631 0.032800 0.024150 0.010197 0.028779 0.365295 
0.144799 0.009858 0.312159 0.037043 0.122449 0.017014 0.045851 0.026459 0.025262 0.001080 0.000000 0.015591 0.108107 0.134328 
0.097050 0.093488 0.071661 0.026823 0.042343 0.045631 0.061307 0.039753 0.071146 0.215612 0.000000 0.010976 0.031683 0.192527 
0.087001 0.000909 0.062378 0.061363 0.524728 0.021420 0.013773 0.085961 0.034170 0.009968 0.000000 0.021158 0.029677 0.047494 
0.100668 0.027900 0.074752 0.024272 0.041377 0.076784 0.028404 0.020696 0.361850 0.001657 0.000000 0.003553 0.161544 0.076543 
0.030397 0.013729 0.272339 0.044009 0.143808 0.126655 0.009625 0.040735 0.041671 0.024335 0.000000 0.047518 0.007652 0.197525 
0.076554 0.037500 0.136131 0.017850 0.030759 0.422601 0.010524 0.020256 0.032384 0.026495 0.000000 0.099512 0.013266 0.076169 
0.082146 0.049162 0.310236 0.025760 0.036038 0.022029 0.258959 0.002098 0.026615 0.026794 0.000000 0.013798 0.060200 0.086164 
0.147193 0.013764 0.058612 0.094507 0.010629 0.044467 0.013237 0.065018 0.024079 0.013460 0.000000 0.381104 0.100304 0.033625 
0.090357 0.044198 0.215889 0.211619 0.087640 0.042843 0.010911 0.002037 0.046221 0.028861 0.000000 0.013116 0.038519 0.167786 
0.131065 0.001855 0.025726 0.092530 0.023500 0.020686 0.006924 0.376422 0.020715 0.010250 0.000000 0.166552 0.057205 0.066569 
0.225383 0.264463 0.043367 0.033311 0.008231 0.022764 0.008824 0.004008 0.034342 0.125996 0.000000 0.044343 0.051179 0.133789 
0.082826 0.011061 0.416234 0.033179 0.044448 0.030283 0.011690 0.018115 0.112782 0.048627 0.000000 0.042686 0.067067 0.081001 
0.119464 0.056337 0.066297 0.012315 0.017187 0.037031 0.031699 0.079130 0.022805 0.218967 0.000000 0.033061 0.102881 0.202825 
0.033458 0.083379 0.083237 0.028458 0.075769 0.012459 0.009797 0.087845 0.035392 0.062999 0.000000 0.265019 0.017385 0.204803 
0.145352 0.123835 0.074519 0.073178 0.025616 0.034364 0.001164 0.194104 0.033817 0.002312 0.000000 0.070124 0.093846 0.127768 
0.207665 0.008988 0.033871 0.038239 0.019300 0.029623 0.002932 0.392435 0.039522 0.021233 0.024948 0.144459 0.020378 0.016407 
0.076942 0.047671 0.313350 0.055415 0.055096 0.040781 0.000955 0.027117 0.026332 0.012065 0.000000 0.020472 0.216695 0.107106 
0.054737 0.382446 0.035807 0.030101 0.010889 0.014789 0.006273 0.027699 0.014943 0.299691 0.000000 0.007462 0.046443 0.068720 
0.090624 0.087213 0.251273 0.037487 0.035683 0.039356 0.015951 0.017762 0.026538 0.001936 0.000000 0.095568 0.202128 0.098480 
0.048119 0.017584 0.101675 0.061863 0.280075 0.014531 0.004276 0.181430 0.032027 0.041722 0.000000 0.043875 0.028107 0.144716 
0.097139 0.011866 0.074912 0.020130 0.013089 0.027517 0.030471 0.052181 0.009038 0.001641 0.000000 0.008800 0.567940 0.085277 
0.397317 0.059250 0.070607 0.035342 0.016297 0.065957 0.004098 0.010180 0.031436 0.028053 0.045127 0.115778 0.007912 0.112646 
0.056821 0.075269 0.335455 0.019887 0.020236 0.030664 0.005421 0.049259 0.028763 0.061491 0.000000 0.063762 0.023558 0.229413 
0.092052 0.165862 0.166416 0.054034 0.015778 0.051216 0.060249 0.017478 0.121384 0.020607 0.000000 0.001892 0.056220 0.176810 
0.073841 0.027738 0.138692 0.178522 0.014898 0.032718 0.002240 0.076829 0.031345 0.020888 0.053899 0.199431 0.048592 0.100368 
0.046730 0.051880 0.277011 0.044207 0.125559 0.102061 0.013146 0.002464 0.043238 0.017612 0.000000 0.007626 0.029620 0.238844 
0.088324 0.001857 0.070662 0.387115 0.007580 0.039730 0.049261 0.019902 0.272929 0.003760 0.000000 0.011635 0.015049 0.032197 
0.121894 0.394577 0.170928 0.002895 0.028058 0.014905 0.010290 0.046847 0.023192 0.004752 0.000000 0.001090 0.046064 0.134508 
0.046610 0.424531 0.230099 0.000850 0.000637 0.025248 0.006349 0.008792 0.018929 0.028297 0.016464 0.011562 0.094160 0.087471 
0.028977 0.033362 0.246530 0.035188 0.012551 0.094347 0.276588 0.002831 0.051637 0.039508 0.024031 0.014629 0.087766 0.052057 
0.183193 0.454094 0.036789 0.005474 0.008440 0.009868 0.009494 0.012449 0.030739 0.053793 0.000000 0.012988 0.048387 0.134293 
0.044238 0.039402 0.067988 0.005535 0.024135 0.084606 0.037389 0.023889 0.303597 0.009161 0.056901 0.008900 0.016084 0.278175 
0.030949 0.018885 0.057218 0.023578 0.384498 0.020187 0.020213 0.018301 0.070969 0.031362 0.034514 0.006325 0.055322 0.227680 
0.326766 0.323184 0.024613 0.014408 0.004018 0.009663 0.011824 0.033462 0.032238 0.020382 0.000000 0.019485 0.040290 0.139666 
0.078233 0.067447 0.134355 0.010526 0.016960 0.029451 0.051930 0.068964 0.007673 0.008122 0.000000 0.000943 0.233399 0.291996 
0.155728 0.048582 0.139164 0.034428 0.036890 0.031801 0.029846 0.069541 0.037681 0.027991 0.000000 0.015426 0.031159 0.341762 
0.095578 0.219756 0.023947 0.013191 0.324137 0.003657 0.001498 0.025866 0.032806 0.015996 0.154491 0.002299 0.013876 0.072901 
0.049642 0.004542 0.044219 0.008426 0.008878 0.009624 0.074511 0.023060 0.106154 0.003753 0.625218 0.020600 0.006751 0.014621 
0.081010 0.019424 0.305348 0.016374 0.307772 0.013809 0.001905 0.008841 0.051317 0.000290 0.085955 0.026097 0.028218 0.053640 
0.033481 0.140488 0.022575 0.092401 0.027221 0.076639 0.018590 0.058758 0.235329 0.164477 0.000000 0.033280 0.035632 0.061128 
0.067420 0.240065 0.021760 0.012654 0.000310 0.010629 0.118002 0.057900 0.265590 0.035205 0.053165 0.017956 0.032713 0.066630 
0.427915 0.043922 0.086566 0.092362 0.001944 0.018438 0.007618 0.009934 0.044206 0.014367 0.000000 0.063566 0.044731 0.144431 
0.126045 0.172659 0.131643 0.016712 0.080639 0.127658 0.016177 0.024019 0.022817 0.031435 0.000000 0.003824 0.009068 0.237304 
0.220357 0.053949 0.011176 0.012417 0.004372 0.014110 0.186364 0.019851 0.091264 0.247475 0.081472 0.021064 0.002731 0.033399 
0.186198 0.004919 0.056889 0.037784 0.020813 0.005992 0.002444 0.044183 0.047906 0.000965 0.470270 0.083898 0.014666 0.023072 
0.050185 0.001270 0.154324 0.070389 0.111345 0.125735 0.010702 0.061644 0.011591 0.017673 0.000000 0.156761 0.076798 0.151583 
0.096212 0.054564 0.098439 0.028836 0.095861 0.025286 0.017602 0.273790 0.039000 0.010754 0.000000 0.146740 0.034250 0.078665 
0.041881 0.015202 0.050322 0.049137 0.237646 0.360599 0.001638 0.103637 0.012295 0.039607 0.000000 0.038678 0.020543 0.028816 
0.284151 0.037984 0.087893 0.061918 0.012990 0.026283 0.040419 0.025495 0.241330 0.011005 0.000000 0.020539 0.026754 0.123238 
0.516319 0.038708 0.085664 0.091069 0.000646 0.016397 0.004334 0.005555 0.076711 0.012526 0.000000 0.029046 0.037186 0.085840 
0.063394 0.633127 0.043326 0.007951 0.002798 0.022418 0.015819 0.018388 0.002111 0.042869 0.000000 0.008077 0.060964 0.078760 
0.148318 0.001917 0.053714 0.188917 0.416752 0.022338 0.005093 0.035530 0.032029 0.004363 0.000000 0.037363 0.024454 0.029213 
0.128872 0.074019 0.224916 0.034104 0.047998 0.046489 0.072174 0.014126 0.018728 0.042349 0.000000 0.013385 0.048936 0.233903 
0.066508 0.024246 0.160990 0.177375 0.240414 0.056487 0.010022 0.029543 0.030478 0.017783 0.000000 0.019543 0.092630 0.073980 
0.035451 0.103997 0.155108 0.054171 0.045519 0.104694 0.009064 0.048020 0.004360 0.017867 0.000000 0.116077 0.027987 0.277684 
0.042214 0.257876 0.034919 0.002935 0.007647 0.002149 0.442862 0.028839 0.047833 0.046366 0.000000 0.007628 0.026572 0.052162 
0.219864 0.002990 0.150249 0.181412 0.062936 0.084311 0.012415 0.015403 0.018763 0.023512 0.000000 0.038482 0.034241 0.155420 
0.337333 0.037617 0.031367 0.045357 0.014028 0.021947 0.000281 0.103783 0.032730 0.059038 0.086733 0.091675 0.120834 0.017276 
0.045915 0.084911 0.282726 0.027451 0.021387 0.022162 0.058397 0.037859 0.034031 0.117967 0.000000 0.011890 0.061483 0.193822 
0.185759 0.012336 0.112999 0.063324 0.005053 0.008960 0.002156 0.053203 0.023836 0.011891 0.000000 0.007120 0.430896 0.082469 
0.048178 0.341646 0.051238 0.035284 0.014929 0.252699 0.005566 0.022909 0.009183 0.050197 0.000000 0.024593 0.008085 0.135492 
0.080538 0.116442 0.016306 0.128536 0.034460 0.018842 0.176851 0.005316 0.047217 0.209672 0.015100 0.053901 0.089088 0.007730 
0.026493 0.000986 0.011376 0.029453 0.023937 0.035503 0.109693 0.001258 0.709880 0.000565 0.000000 0.014715 0.015453 0.020688 
0.098553 0.003673 0.026815 0.026291 0.007827 0.263528 0.008130 0.021376 0.143143 0.019639 0.259899 0.023937 0.004562 0.092626 
0.037284 0.013828 0.143979 0.057273 0.096036 0.131292 0.120913 0.038146 0.016963 0.015471 0.000000 0.018274 0.016848 0.293693 
0.102863 0.018360 0.068855 0.116225 0.276648 0.008125 0.026885 0.134448 0.020136 0.001987 0.000000 0.133744 0.070373 0.021352 
0.065770 0.425698 0.081187 0.014387 0.139650 0.033719 0.012912 0.007944 0.004938 0.017401 0.020084 0.010396 0.015215 0.150698 
0.238004 0.059758 0.137991 0.046050 0.037530 0.020165 0.033039 0.011579 0.021836 0.025109 0.000000 0.027741 0.015893 0.325304 
0.049905 0.045245 0.073421 0.044616 0.043944 0.035134 0.082457 0.018656 0.016075 0.013079 0.000000 0.036549 0.124949 0.415970 
0.093279 0.042227 0.105913 0.086013 0.030916 0.033373 0.036971 0.023761 0.013925 0.011599 0.020680 0.081483 0.098124 0.321734 
0.056264 0.120787 0.116504 0.059075 0.026276 0.172775 0.009973 0.042465 0.010283 0.189375 0.000000 0.014312 0.006746 0.175164 
0.034603 0.003340 0.081416 0.019670 0.008884 0.017328 0.447969 0.014889 0.047809 0.012102 0.027698 0.092705 0.151634 0.039954 
0.041335 0.002683 0.165593 0.088528 0.069638 0.120960 0.002687 0.028534 0.009054 0.043796 0.000000 0.095168 0.021131 0.310895 
0.316474 0.012674 0.066860 0.094515 0.011164 0.013993 0.010573 0.007748 0.274715 0.024853 0.000000 0.049086 0.020058 0.097286 
0.025174 0.002539 0.068298 0.046592 0.030550 0.667569 0.000024 0.046145 0.014916 0.023737 0.000000 0.059547 0.005512 0.009397 
0.046812 0.047427 0.474006 0.008645 0.023597 0.052231 0.034763 0.004935 0.021373 0.011125 0.000000 0.052686 0.161419 0.060982 
0.078613 0.077190 0.098971 0.036994 0.031642 0.039808 0.133663 0.020775 0.006472 0.030309 0.000000 0.009574 0.018225 0.417763 
0.058603 0.064517 0.099322 0.050469 0.237147 0.049027 0.011014 0.170793 0.021146 0.012869 0.000000 0.057950 0.019356 0.147787 
0.129008 0.047850 0.183149 0.007745 0.008648 0.018246 0.291981 0.047858 0.079715 0.097174 0.000000 0.014907 0.033095 0.040625 
0.047305 0.107141 0.100374 0.003168 0.022311 0.040863 0.043369 0.042080 0.067674 0.183662 0.000000 0.012077 0.044553 0.285423 
0.045090 0.013148 0.063333 0.007268 0.302465 0.026676 0.045710 0.015420 0.051935 0.045049 0.037693 0.007858 0.110921 0.227435 
0.157848 0.171231 0.093795 0.045183 0.023330 0.149934 0.000967 0.003855 0.017492 0.045276 0.000000 0.012992 0.208575 0.069521 
0.060153 0.011057 0.090421 0.047152 0.026161 0.029635 0.036693 0.156129 0.034058 0.048896 0.032599 0.165189 0.033447 0.228410 
0.085073 0.033754 0.057394 0.378206 0.051119 0.014856 0.019670 0.006314 0.224883 0.024184 0.000000 0.020957 0.019431 0.064159 
0.083865 0.133273 0.113463 0.037416 0.006784 0.024588 0.005437 0.104545 0.028650 0.278971 0.000000 0.055793 0.039272 0.087942 
0.049504 0.096564 0.100041 0.050260 0.126167 0.099854 0.011320 0.027176 0.059613 0.066634 0.000000 0.008814 0.003612 0.300443 
0.267481 0.009464 0.109553 0.006513 0.011138 0.058444 0.228778 0.002002 0.064991 0.016338 0.181099 0.017305 0.018093 0.008798 
0.222123 0.010715 0.074329 0.012499 0.021323 0.017592 0.001221 0.017983 0.051427 0.010448 0.375850 0.015016 0.096574 0.072903 
0.015355 0.006014 0.079381 0.009792 0.012075 0.318700 0.262532 0.023577 0.069230 0.005054 0.145887 0.031838 0.004094 0.016470 
0.530675 0.000953 0.038612 0.092853 0.032046 0.028669 0.022479 0.006648 0.035851 0.000634 0.000000 0.081731 0.081371 0.047479 
0.089119 0.057406 0.194325 0.063533 0.167939 0.217551 0.000769 0.023233 0.026379 0.054281 0.000000 0.033372 0.003614 0.068479 
0.100573 0.038969 0.329123 0.038355 0.013170 0.144929 0.008826 0.038902 0.051932 0.031920 0.000000 0.029820 0.024509 0.148973 
0.142220 0.105715 0.059834 0.055630 0.047601 0.009687 0.004424 0.067283 0.023159 0.247099 0.033274 0.008498 0.106223 0.089355 
0.096406 0.060915 0.207897 0.024499 0.089479 0.103177 0.005162 0.025514 0.017697 0.046573 0.000000 0.008765 0.027181 0.286736 
0.092566 0.097951 0.081692 0.039485 0.153443 0.030491 0.017573 0.054756 0.266745 0.004250 0.062832 0.008359 0.009534 0.080323 
0.067380 0.021255 0.044382 0.042451 0.001017 0.013051 0.036864 0.167494 0.274788 0.029486 0.000000 0.085114 0.134011 0.082707 
0.083517 0.016975 0.139148 0.020256 0.062666 0.028163 0.199967 0.004261 0.104925 0.024689 0.000000 0.003231 0.173459 0.138742 
0.251077 0.028560 0.104050 0.046035 0.006820 0.027715 0.000213 0.025529 0.070555 0.021218 0.221945 0.001669 0.032306 0.162306 
0.070838 0.076911 0.345304 0.005030 0.074930 0.028068 0.036069 0.026040 0.035926 0.059527 0.000000 0.004742 0.021600 0.215015 
0.132520 0.106844 0.043094 0.052890 0.018629 0.032359 0.004714 0.085388 0.018731 0.122315 0.000000 0.145376 0.136643 0.100499 
0.068144 0.059693 0.090072 0.074918 0.010062 0.046420 0.005645 0.072764 0.026109 0.161695 0.000000 0.002287 0.019782 0.362408 
0.050778 0.002781 0.027164 0.056986 0.012297 0.717864 0.008123 0.027911 0.018133 0.014472 0.000000 0.056334 0.001942 0.005217 
0.123697 0.017678 0.055940 0.117346 0.035426 0.376216 0.000232 0.029521 0.030832 0.006619 0.000000 0.083273 0.077027 0.046193 
0.372942 0.026677 0.112102 0.022278 0.007628 0.016128 0.023466 0.040787 0.027206 0.009404 0.000000 0.130343 0.017810 0.193228 
0.045713 0.009032 0.043641 0.017455 0.008964 0.013842 0.248752 0.036136 0.087883 0.003591 0.000000 0.112450 0.353395 0.019146 
0.042903 0.032146 0.150163 0.099503 0.370518 0.092748 0.004403 0.005091 0.019898 0.022386 0.000000 0.001938 0.010550 0.147753 
0.080434 0.051982 0.044972 0.193367 0.020444 0.032479 0.003703 0.143769 0.025201 0.002126 0.000000 0.167787 0.146576 0.087161 
0.429635 0.009861 0.088347 0.111368 0.012398 0.023134 0.005199 0.005222 0.066841 0.017762 0.031404 0.018689 0.052425 0.127712 
0.042105 0.035294 0.483107 0.009645 0.038240 0.038946 0.006439 0.005281 0.026220 0.022599 0.000000 0.141632 0.085589 0.064903 
0.052697 0.101884 0.175681 0.018594 0.050300 0.044938 0.028265 0.033488 0.020908 0.029269 0.000000 0.019268 0.018194 0.406513 
0.031831 0.002850 0.176112 0.046922 0.226462 0.170259 0.004348 0.003863 0.009864 0.022925 0.000000 0.037923 0.011057 0.255583 
0.072062 0.059986 0.195217 0.001506 0.005512 0.016398 0.239692 0.019888 0.152989 0.022881 0.000000 0.066415 0.025386 0.122069 
0.104601 0.009467 0.096924 0.415550 0.008669 0.023163 0.024946 0.036979 0.029416 0.016890 0.000000 0.102950 0.012607 0.117838 
0.045215 0.168646 0.047267 0.031748 0.003876 0.039430 0.087733 0.094727 0.060959 0.007116 0.017356 0.260459 0.066071 0.069395 
0.052724 0.043821 0.083183 0.031372 0.017898 0.048201 0.049922 0.095844 0.022731 0.014220 0.000000 0.130677 0.056303 0.353104 
0.081247 0.046402 0.173390 0.015809 0.031607 0.023088 0.046152 0.085613 0.016995 0.030723 0.000000 0.067249 0.044359 0.337367 
0.107212 0.041578 0.150991 0.280490 0.021924 0.044602 0.015904 0.030999 0.031592 0.028354 0.000000 0.001914 0.019570 0.224870 
