-1996160.781493
0
0.000000 0.000000 0.000000 0.000000 0.000000 0.000000 0.000476 0.000000 0.006946 0.000000 0.000000 0.000000 0.000000 0.000000 0.000000 0.000000 0.000000 0.000000 0.000000 0.001829 0.000000 0.000000 0.000000 0.000000 0.001111 0.000000 0.000000 0.000000 0.000000 0.000000 0.000000 0.000000 0.013534 0.000000 0.001813 0.000000 0.000000 0.000000 0.000000 0.000000 0.000000 0.000000 0.000000 0.000000 0.000000 0.000000 0.000000 0.000000 0.000000 0.000000 0.000000 0.000000 0.000000 0.000000 0.000000 0.000000 0.002873 0.000000 0.000000 0.000000 0.000000 0.000000 0.000000 0.000000 0.000000 0.000000 0.000000 0.000000 0.000000 0.000000 0.000000 0.000000 0.015168 0.007944 0.002263 0.002753 0.029332 0.000000 0.001391 0.068942 0.488672 0.071697 0.032720 0.250535 0.000000 0.000000 0.000000 0.000000 0.000000 0.000000 0.000000 0.000000 0.000000 0.000000 0.000000 0.000000 
0.064727 0.014576 0.013218 0.020701 0.000000 0.000000 0.002182 0.000000 0.000000 0.000000 0.000000 0.000000 0.000512 0.000000 0.003170 0.000000 0.000000 0.000000 0.000000 0.000000 0.000000 0.000000 0.000000 0.000000 0.116748 0.038327 0.023603 0.033441 0.000000 0.002900 0.007448 0.000000 0.006350 0.001779 0.009695 0.000000 0.000000 0.000000 0.011353 0.000000 0.000000 0.000000 0.000000 0.000000 0.000000 0.000000 0.003049 0.000000 0.164225 0.029934 0.024863 0.076190 0.000000 0.000000 0.004048 0.000000 0.000000 0.000000 0.000000 0.000000 0.001798 0.000000 0.000000 0.000000 0.000000 0.000000 0.002662 0.000000 0.000000 0.000000 0.000000 0.000000 0.088609 0.069922 0.023174 0.128003 0.000000 0.007745 0.002913 0.000000 0.000000 0.000000 0.000000 0.000000 0.002138 0.000000 0.000000 0.000000 0.000000 0.000000 0.000000 0.000000 0.000000 0.000000 0.000000 0.000000 
0.047172 0.046701 0.005277 0.031622 0.030798 0.016266 0.004756 0.030479 0.022421 0.000000 0.000000 0.000000 0.017640 0.022067 0.020799 0.033456 0.007022 0.000000 0.002122 0.000000 0.001148 0.000000 0.015812 0.000000 0.028839 0.042040 0.000000 0.000000 0.020865 0.020353 0.005398 0.031675 0.019630 0.000000 0.000000 0.023546 0.020840 0.024405 0.039134 0.032479 0.002381 0.000000 0.000000 0.000000 0.000000 0.000000 0.015601 0.000000 0.000000 0.029087 0.002146 0.000000 0.016856 0.015074 0.001771 0.021604 0.000000 0.000000 0.000000 0.000000 0.012992 0.013654 0.020698 0.021295 0.000000 0.000000 0.000000 0.000000 0.005695 0.000000 0.000000 0.000000 0.016218 0.024141 0.000000 0.000000 0.000000 0.016264 0.001238 0.000000 0.000000 0.000000 0.000000 0.000000 0.018658 0.013664 0.018417 0.031910 0.000000 0.000000 0.000000 0.000000 0.000000 0.000000 0.015877 0.000000 
0.000000 0.000000 0.000000 0.000000 0.000000 0.000000 0.000000 0.000000 0.009443 0.000000 0.000000 0.000000 0.008167 0.000000 0.004641 0.000000 0.101330 0.045580 0.070555 0.081434 0.013018 0.000000 0.000000 0.000000 0.000000 0.000000 0.000000 0.000000 0.000000 0.000000 0.000000 0.000000 0.020390 0.000000 0.000000 0.016940 0.000000 0.011316 0.000000 0.000000 0.038352 0.048409 0.039136 0.041031 0.000000 0.008891 0.000000 0.000000 0.000000 0.000000 0.000000 0.000000 0.000000 0.000000 0.000000 0.000000 0.007014 0.000000 0.000000 0.000000 0.000995 0.000000 0.000000 0.000000 0.052467 0.027522 0.043832 0.044901 0.000000 0.000000 0.000000 0.000000 0.000000 0.003986 0.002320 0.000000 0.000000 0.000000 0.000000 0.000000 0.000000 0.000000 0.000000 0.000000 0.012397 0.014459 0.005534 0.008428 0.060341 0.045864 0.037035 0.055378 0.000000 0.009326 0.000000 0.009573 
0.000000 0.008265 0.000000 0.056868 0.000000 0.000000 0.000000 0.000000 0.043713 0.028542 0.066173 0.052406 0.000000 0.000000 0.000000 0.000000 0.005035 0.009534 0.000000 0.011475 0.000000 0.002641 0.000000 0.012088 0.005267 0.015185 0.000000 0.239000 0.000000 0.000000 0.000000 0.000000 0.000000 0.000000 0.039836 0.000000 0.000000 0.007001 0.000000 0.003529 0.000000 0.015133 0.000000 0.000000 0.000000 0.005142 0.000000 0.000000 0.000000 0.012881 0.000000 0.118249 0.000000 0.000000 0.000000 0.000000 0.056893 0.000000 0.000000 0.022316 0.000000 0.004538 0.000000 0.000000 0.000000 0.000000 0.005292 0.006625 0.000000 0.006581 0.000000 0.000000 0.000000 0.030325 0.000000 0.076276 0.000000 0.000000 0.000000 0.000000 0.000000 0.000000 0.000000 0.011764 0.000000 0.002397 0.000000 0.004112 0.000000 0.007067 0.003233 0.000000 0.000000 0.004619 0.000000 0.000000 
0.008182 0.008258 0.001313 0.002599 0.000000 0.003232 0.000000 0.004626 0.042148 0.000000 0.306852 0.006096 0.002924 0.000000 0.000000 0.013317 0.004530 0.001171 0.003567 0.000000 0.000000 0.004061 0.000000 0.004166 0.000000 0.000000 0.000000 0.000000 0.000000 0.000000 0.000000 0.000000 0.020285 0.000000 0.183875 0.000000 0.000000 0.000000 0.000000 0.000000 0.000000 0.000000 0.000000 0.000000 0.000000 0.000000 0.000000 0.000000 0.005614 0.004627 0.000000 0.000000 0.000000 0.002589 0.000000 0.000000 0.033681 0.012457 0.160514 0.008354 0.000000 0.000000 0.000000 0.003681 0.008053 0.000000 0.000000 0.008383 0.000000 0.000000 0.000000 0.000000 0.010493 0.006834 0.001446 0.000000 0.000000 0.000000 0.000000 0.000000 0.000000 0.000000 0.102580 0.000000 0.003474 0.000000 0.000000 0.000000 0.000000 0.000000 0.004148 0.000000 0.000000 0.000000 0.001872 0.000000 
0.000000 0.000000 0.000000 0.000000 0.000000 0.001986 0.000000 0.001087 0.038849 0.010080 0.021620 0.008917 0.000000 0.000000 0.000000 0.000000 0.000000 0.000000 0.075195 0.000000 0.000000 0.000000 0.000000 0.000000 0.032950 0.065916 0.025236 0.140792 0.000000 0.000000 0.000000 0.000000 0.000000 0.000000 0.057258 0.000000 0.000000 0.000000 0.000000 0.000000 0.017979 0.000000 0.114184 0.000000 0.000000 0.011987 0.025430 0.000000 0.000000 0.003619 0.006524 0.000000 0.000000 0.003117 0.000000 0.000745 0.090643 0.073888 0.000000 0.067034 0.000000 0.000000 0.001513 0.000633 0.000000 0.000000 0.035711 0.000000 0.000000 0.000000 0.000000 0.000000 0.000000 0.000000 0.002414 0.000000 0.000000 0.000000 0.000000 0.000000 0.018369 0.000000 0.016834 0.000000 0.000000 0.000000 0.000000 0.000000 0.000000 0.000000 0.029490 0.000000 0.000000 0.000000 0.000000 0.000000 
0.000000 0.000000 0.000000 0.006185 0.000755 0.000000 0.000000 0.000000 0.000000 0.000000 0.000000 0.006339 0.000000 0.000000 0.000000 0.000000 0.000000 0.003266 0.000000 0.001252 0.005150 0.005394 0.001939 0.018695 0.000000 0.000000 0.000000 0.008535 0.000000 0.000000 0.000000 0.000000 0.000000 0.000000 0.001599 0.000000 0.000000 0.000000 0.000000 0.000000 0.000000 0.000000 0.000000 0.000000 0.023671 0.000000 0.002454 0.000000 0.000000 0.000880 0.000000 0.000000 0.000000 0.000000 0.000000 0.000000 0.000000 0.000000 0.000000 0.006382 0.000000 0.000000 0.000000 0.000000 0.001106 0.004989 0.002940 0.011879 0.001085 0.001593 0.000000 0.000000 0.050961 0.007033 0.002284 0.355766 0.000000 0.000000 0.000000 0.000000 0.000000 0.017995 0.218733 0.039873 0.000000 0.000000 0.000000 0.004014 0.001564 0.008563 0.004798 0.012349 0.059761 0.009930 0.002668 0.087618 
0.000000 0.000000 0.000000 0.000000 0.000000 0.000000 0.000000 0.000000 0.007149 0.000000 0.000000 0.009967 0.000000 0.000000 0.000000 0.000000 0.000000 0.006045 0.000000 0.000000 0.006225 0.013268 0.004765 0.045558 0.000000 0.000000 0.000000 0.000000 0.000000 0.000000 0.000000 0.000000 0.013975 0.000000 0.006041 0.004606 0.000000 0.007381 0.000000 0.034364 0.006934 0.042734 0.030326 0.120095 0.000000 0.026047 0.019369 0.297381 0.010289 0.000000 0.000000 0.007243 0.000000 0.000000 0.000000 0.000000 0.000000 0.000000 0.000000 0.000000 0.000000 0.003495 0.001478 0.004696 0.000000 0.008124 0.000000 0.004792 0.000000 0.013921 0.029070 0.078982 0.000000 0.000000 0.001800 0.000000 0.000000 0.000000 0.000000 0.000000 0.000000 0.000000 0.000000 0.006101 0.000000 0.000000 0.000000 0.000000 0.000000 0.008261 0.004173 0.011261 0.000000 0.013334 0.005920 0.084827 
0.000000 0.000000 0.000000 0.000000 0.005318 0.000000 0.000000 0.003582 0.000000 0.000000 0.000000 0.000000 0.000000 0.000000 0.000000 0.000000 0.000000 0.000000 0.000000 0.000000 0.000000 0.001358 0.000000 0.000000 0.000000 0.000000 0.000000 0.000000 0.007746 0.000000 0.000000 0.006245 0.000000 0.000000 0.000000 0.000000 0.000000 0.000000 0.000000 0.000000 0.000000 0.000000 0.000000 0.000000 0.000000 0.000000 0.000000 0.000000 0.000000 0.000000 0.000000 0.000000 0.000000 0.000000 0.000000 0.003997 0.000000 0.000000 0.000000 0.000000 0.000000 0.000000 0.001243 0.000000 0.000000 0.000000 0.000000 0.000000 0.000000 0.000000 0.000000 0.000000 0.050763 0.018171 0.001366 0.005670 0.322501 0.079264 0.011212 0.409910 0.071654 0.000000 0.000000 0.000000 0.000000 0.000000 0.000000 0.000000 0.000000 0.000000 0.000000 0.000000 0.000000 0.000000 0.000000 0.000000 
0.000000 0.000000 0.000000 0.000000 0.000000 0.000000 0.000000 0.000000 0.004318 0.014857 0.024354 0.000000 0.000000 0.013617 0.000000 0.009300 0.000000 0.006567 0.000000 0.000000 0.000000 0.000000 0.001270 0.000000 0.005422 0.005032 0.000000 0.000000 0.000000 0.000000 0.000000 0.000000 0.000000 0.000000 0.006740 0.000000 0.000000 0.000000 0.000000 0.000000 0.000000 0.000000 0.000000 0.000000 0.000000 0.000000 0.000000 0.000000 0.000000 0.011257 0.000000 0.034364 0.001225 0.000000 0.000000 0.000000 0.059787 0.184498 0.318268 0.117236 0.000000 0.005449 0.001624 0.003707 0.028210 0.060761 0.014348 0.010138 0.000000 0.001942 0.017895 0.022949 0.000000 0.000000 0.000000 0.000000 0.000000 0.000000 0.000000 0.000000 0.000000 0.000000 0.000000 0.000000 0.000000 0.000000 0.000000 0.000000 0.003733 0.011131 0.000000 0.000000 0.000000 0.000000 0.000000 0.000000 
0.000000 0.000000 0.000000 0.000000 0.000000 0.000000 0.000000 0.000000 0.000000 0.012773 0.000000 0.000000 0.001331 0.000000 0.000000 0.003601 0.000000 0.000000 0.000000 0.000000 0.000000 0.000323 0.000710 0.000000 0.000000 0.000000 0.000000 0.000000 0.000000 0.000537 0.000574 0.000000 0.081521 0.094818 0.025165 0.074459 0.000000 0.000000 0.000000 0.001346 0.000000 0.000000 0.000000 0.002207 0.000000 0.001304 0.000000 0.000000 0.000000 0.000000 0.000000 0.000000 0.000000 0.000000 0.000000 0.000000 0.000000 0.010017 0.000000 0.009893 0.000000 0.000000 0.000000 0.000000 0.000000 0.000000 0.000000 0.009710 0.000000 0.000000 0.006507 0.000000 0.000000 0.002692 0.000000 0.000000 0.000000 0.001394 0.000000 0.000000 0.109921 0.350735 0.111870 0.075874 0.000000 0.000000 0.000000 0.005155 0.001725 0.000000 0.001316 0.000000 0.000000 0.001643 0.000881 0.000000 
0.000000 0.000000 0.000000 0.000000 0.001776 0.000000 0.000000 0.000000 0.022526 0.108950 0.000000 0.077165 0.000000 0.000000 0.002131 0.000000 0.000000 0.001758 0.000000 0.000000 0.000000 0.000000 0.000000 0.000000 0.000000 0.000000 0.000000 0.000000 0.000000 0.000000 0.000000 0.000000 0.041321 0.167909 0.006551 0.133085 0.000000 0.002625 0.000000 0.000000 0.000000 0.000000 0.000000 0.000000 0.000000 0.000000 0.000000 0.000000 0.000000 0.000000 0.000000 0.000000 0.000000 0.000000 0.000000 0.000000 0.034896 0.108688 0.000000 0.092147 0.000000 0.000000 0.000000 0.000000 0.000000 0.000000 0.000000 0.000000 0.000000 0.000000 0.000000 0.000000 0.000000 0.002591 0.000000 0.000000 0.000000 0.000000 0.000000 0.000000 0.000000 0.113864 0.000000 0.082017 0.000000 0.000000 0.000000 0.000000 0.000000 0.000000 0.000000 0.000000 0.000000 0.000000 0.000000 0.000000 
0.017876 0.041762 0.055320 0.098599 0.029793 0.261543 0.018902 0.018539 0.012218 0.002208 0.067201 0.277639 0.098398 
0.051605 0.335254 0.103677 0.034010 0.101752 0.012746 0.007946 0.021239 0.024985 0.008670 0.029523 0.241727 0.026867 
0.031578 0.213019 0.060789 0.148383 0.036675 0.226426 0.057871 0.018125 0.008209 0.014457 0.108231 0.018675 0.057563 
0.024570 0.116184 0.160933 0.044807 0.040336 0.040274 0.043890 0.046297 0.276237 0.004665 0.002942 0.021050 0.177814 
0.044689 0.012735 0.144801 0.136714 0.040760 0.224905 0.070033 0.053092 0.032205 0.013706 0.024940 0.109034 0.092386 
0.002578 0.002875 0.020695 0.090055 0.200548 0.055265 0.219276 0.020561 0.048634 0.000026 0.219269 0.036701 0.083516 
0.049382 0.151380 0.108667 0.224221 0.072361 0.007281 0.076446 0.020927 0.026181 0.008386 0.034182 0.038995 0.181591 
0.823438 0.017820 0.018924 0.054496 0.008716 0.002034 0.007352 0.016951 0.004615 0.001818 0.004761 0.019575 0.019499 
0.040989 0.063066 0.053545 0.033434 0.004003 0.010301 0.036864 0.006182 0.006686 0.134934 0.020027 0.503114 0.086854 
0.023691 0.038866 0.053121 0.126864 0.020763 0.049795 0.013803 0.278254 0.163771 0.132682 0.062880 0.003602 0.031907 
0.014319 0.003346 0.015965 0.026423 0.033464 0.189602 0.212134 0.006185 0.024236 0.131952 0.135196 0.016576 0.190603 
0.093146 0.019925 0.152207 0.270219 0.014493 0.005952 0.019734 0.136759 0.053824 0.017563 0.008250 0.148448 0.059479 
0.308348 0.029011 0.085706 0.237047 0.016816 0.012517 0.064809 0.020541 0.018804 0.014185 0.080579 0.026983 0.084652 
0.009701 0.031370 0.094747 0.096312 0.023690 0.148510 0.041395 0.192945 0.053249 0.001383 0.055869 0.071757 0.179071 
0.604958 0.012784 0.022241 0.040561 0.003604 0.125919 0.020042 0.011535 0.008486 0.008838 0.010372 0.052334 0.078326 
0.098452 0.048398 0.129496 0.447959 0.002781 0.010950 0.029573 0.044359 0.055398 0.010046 0.020249 0.026311 0.076028 
0.038007 0.052124 0.197759 0.357857 0.022546 0.062710 0.035648 0.050128 0.067744 0.028477 0.026269 0.006442 0.054287 
0.130233 0.033069 0.135363 0.097100 0.020695 0.054104 0.030553 0.032953 0.104431 0.025801 0.048123 0.005717 0.281857 
0.165596 0.130321 0.141923 0.036238 0.003242 0.007748 0.020311 0.001691 0.017128 0.065832 0.004849 0.356509 0.048613 
0.017659 0.110992 0.293067 0.115540 0.120649 0.169994 0.002612 0.042514 0.024441 0.006424 0.042018 0.006640 0.047449 
0.015958 0.016183 0.032818 0.036526 0.047620 0.100524 0.113823 0.068836 0.017988 0.000361 0.443376 0.067593 0.038394 
0.265205 0.019467 0.042262 0.068167 0.019665 0.232391 0.096659 0.018153 0.009970 0.009191 0.071148 0.069411 0.078311 
0.031225 0.441270 0.096579 0.083996 0.006407 0.016389 0.002915 0.064882 0.108898 0.113314 0.011534 0.014103 0.008489 
0.006102 0.024100 0.020267 0.080015 0.389363 0.027225 0.006283 0.021094 0.012202 0.005778 0.179235 0.037150 0.191186 
0.001808 0.022854 0.082793 0.216665 0.107079 0.041752 0.332103 0.072141 0.012040 0.004743 0.026085 0.003286 0.076651 
0.035767 0.047844 0.052168 0.110186 0.097690 0.285938 0.029882 0.035814 0.017510 0.056899 0.128860 0.003008 0.098433 
0.009902 0.239786 0.033891 0.024436 0.099576 0.188005 0.141167 0.002152 0.024435 0.002925 0.143950 0.024200 0.065573 
0.065613 0.030346 0.151116 0.186689 0.007228 0.092660 0.004033 0.193582 0.127249 0.019299 0.024803 0.030115 0.067267 
0.012355 0.014938 0.003927 0.029467 0.036714 0.025734 0.037147 0.705996 0.019543 0.014952 0.054297 0.029967 0.014963 
0.015454 0.066590 0.294542 0.133054 0.073751 0.037828 0.044193 0.032475 0.032867 0.031445 0.090669 0.004321 0.142811 
0.073240 0.028087 0.397134 0.137463 0.062590 0.004826 0.022207 0.022212 0.046158 0.078570 0.010261 0.018331 0.098919 
0.025199 0.025812 0.241395 0.224570 0.029810 0.026185 0.049846 0.065058 0.054792 0.018651 0.084459 0.019585 0.134638 
0.008631 0.012908 0.037487 0.069497 0.040282 0.194901 0.293034 0.017047 0.010225 0.004364 0.221284 0.008086 0.082254 
0.146928 0.051328 0.050060 0.108163 0.053286 0.223663 0.062754 0.028751 0.007576 0.088262 0.024807 0.026559 0.127862 
0.362026 0.012809 0.123758 0.131408 0.010144 0.038963 0.015255 0.121959 0.073172 0.018489 0.011815 0.008255 0.071947 
0.259808 0.024434 0.030389 0.238832 0.009140 0.014969 0.039985 0.197559 0.031585 0.072103 0.025949 0.018396 0.036852 
0.025020 0.062054 0.138420 0.313655 0.028191 0.021186 0.030125 0.134759 0.057660 0.015917 0.027667 0.017678 0.127668 
0.053004 0.006651 0.179191 0.073328 0.017501 0.092965 0.089756 0.029080 0.282781 0.030550 0.073093 0.023683 0.048418 
0.012496 0.070094 0.046058 0.381319 0.032044 0.020323 0.054002 0.160783 0.037231 0.001473 0.032572 0.050554 0.101052 
0.021011 0.061526 0.182680 0.071610 0.051823 0.025222 0.002804 0.096454 0.032775 0.009394 0.015874 0.087939 0.340888 
0.003732 0.121876 0.067572 0.061294 0.305036 0.063992 0.025715 0.038544 0.019100 0.002068 0.174533 0.025814 0.090724 
0.050771 0.069644 0.142226 0.325786 0.042980 0.016053 0.014554 0.014367 0.070614 0.013642 0.024834 0.098456 0.116074 
0.037251 0.062792 0.063342 0.099217 0.033944 0.036249 0.015376 0.014918 0.006377 0.021637 0.037558 0.054642 0.516697 
0.021816 0.056728 0.257253 0.204679 0.033731 0.061788 0.017148 0.021565 0.036951 0.037268 0.015641 0.023642 0.211790 
0.053915 0.003599 0.011338 0.002378 0.045586 0.010646 0.023887 0.008328 0.004441 0.250888 0.029096 0.035725 0.520174 
0.011229 0.103354 0.257618 0.117838 0.082219 0.024472 0.082647 0.036847 0.184079 0.014474 0.029406 0.011783 0.044036 
0.089181 0.010838 0.079429 0.081874 0.019711 0.013288 0.004116 0.011258 0.014396 0.021919 0.010169 0.571710 0.072111 
0.020602 0.016219 0.047543 0.087020 0.037159 0.054183 0.284897 0.002456 0.014650 0.000337 0.094843 0.260461 0.079629 
0.048461 0.033024 0.134380 0.128623 0.046513 0.037107 0.153627 0.045334 0.043333 0.282277 0.003538 0.003269 0.040512 
0.016708 0.007778 0.159002 0.197065 0.049247 0.019278 0.014896 0.165982 0.130188 0.006372 0.106189 0.002156 0.125140 
0.129648 0.032360 0.182721 0.127835 0.031063 0.031630 0.008091 0.135789 0.040284 0.039980 0.023673 0.163610 0.053316 
0.174678 0.069271 0.109700 0.270004 0.015398 0.011637 0.034595 0.133844 0.041973 0.012991 0.037566 0.002125 0.086218 
0.011008 0.013724 0.042176 0.066130 0.086836 0.085703 0.204483 0.263390 0.029970 0.011219 0.091591 0.040957 0.052814 
0.006753 0.103591 0.060115 0.125963 0.071485 0.283027 0.075711 0.010968 0.057215 0.010144 0.094893 0.005630 0.094505 
0.039365 0.044395 0.170101 0.269312 0.036979 0.002558 0.008156 0.021320 0.054145 0.037303 0.031163 0.004752 0.280450 
0.398527 0.056892 0.103609 0.043434 0.009230 0.014211 0.028487 0.011320 0.007735 0.238284 0.010083 0.031874 0.046315 
0.044205 0.010380 0.011688 0.032735 0.362249 0.043433 0.022436 0.002398 0.060310 0.002139 0.172158 0.051427 0.184443 
0.024287 0.006990 0.047501 0.042374 0.022238 0.021231 0.032418 0.140230 0.554906 0.018965 0.032262 0.044220 0.012377 
0.335575 0.065614 0.141104 0.075451 0.052600 0.085115 0.017547 0.035941 0.019093 0.021465 0.021821 0.067893 0.060780 
0.015906 0.120926 0.051371 0.050296 0.022184 0.041176 0.029307 0.174829 0.338909 0.052271 0.038238 0.024980 0.039608 
0.003448 0.003010 0.007092 0.034426 0.244723 0.034464 0.005332 0.021636 0.019227 0.000030 0.107830 0.098202 0.420580 
0.021755 0.084214 0.148110 0.126035 0.074593 0.331734 0.011230 0.031399 0.020865 0.009544 0.018604 0.029411 0.092507 
0.039576 0.019741 0.114824 0.214676 0.024178 0.031506 0.067008 0.021863 0.243507 0.003083 0.125309 0.021489 0.073239 
0.031091 0.033502 0.084696 0.236395 0.004226 0.172493 0.050850 0.033122 0.009715 0.163000 0.046842 0.066664 0.067404 
0.051835 0.010412 0.080143 0.081454 0.017387 0.253323 0.019181 0.024683 0.008667 0.314950 0.047794 0.024644 0.065528 
0.008364 0.020146 0.055831 0.088195 0.024924 0.130077 0.048634 0.395006 0.025359 0.004522 0.061189 0.053590 0.084164 
0.046747 0.494823 0.072478 0.075224 0.035679 0.023154 0.019563 0.005543 0.014724 0.144747 0.030782 0.029963 0.006573 
0.044266 0.033111 0.083719 0.100932 0.014197 0.039124 0.032228 0.050580 0.093807 0.001052 0.034794 0.228173 0.244018 
0.030571 0.021080 0.078890 0.124178 0.017792 0.497272 0.007832 0.040080 0.015664 0.003146 0.005394 0.061735 0.096366 
0.014056 0.213702 0.264974 0.107762 0.032261 0.128871 0.070525 0.058271 0.028333 0.006010 0.004387 0.002237 0.068609 
0.080436 0.084902 0.207641 0.139475 0.041111 0.037945 0.001542 0.116706 0.035012 0.072727 0.015830 0.095537 0.071136 
0.011410 0.023891 0.070232 0.130605 0.321033 0.004043 0.018544 0.023197 0.028186 0.089539 0.153895 0.022491 0.102935 
0.242668 0.031077 0.091664 0.158934 0.044129 0.038613 0.099595 0.024124 0.051653 0.014986 0.020321 0.035475 0.146761 
0.668215 0.003669 0.016081 0.029516 0.005547 0.012808 0.013435 0.028615 0.014081 0.015472 0.000359 0.157980 0.034222 
0.011223 0.014931 0.147227 0.223736 0.018592 0.078811 0.058418 0.170753 0.157782 0.026413 0.061908 0.002351 0.027855 
0.016909 0.015922 0.114452 0.297598 0.045708 0.093988 0.182950 0.009988 0.048346 0.009357 0.022275 0.006974 0.135532 
0.126874 0.449456 0.042017 0.085264 0.028503 0.022199 0.039965 0.052572 0.082167 0.004899 0.008777 0.007644 0.049664 
0.028124 0.144937 0.055764 0.099433 0.011912 0.032839 0.102976 0.004045 0.013618 0.013836 0.385079 0.069983 0.037452 
0.014800 0.024653 0.165535 0.120509 0.240035 0.031789 0.010578 0.093222 0.084442 0.004355 0.103228 0.047734 0.059120 
0.017342 0.105533 0.051973 0.088331 0.031411 0.416398 0.016655 0.072272 0.020971 0.016990 0.059514 0.022536 0.080075 
0.044847 0.249420 0.387764 0.082794 0.096098 0.034295 0.008823 0.009280 0.006583 0.009609 0.005093 0.014081 0.051311 
0.003900 0.033756 0.027411 0.060762 0.031743 0.042773 0.006064 0.337274 0.186296 0.000026 0.029433 0.076767 0.163794 
0.040266 0.018075 0.014782 0.044919 0.034362 0.010186 0.033536 0.080079 0.009900 0.000208 0.041861 0.082278 0.589545 
0.007688 0.014991 0.048675 0.166639 0.050492 0.111615 0.159559 0.009303 0.024965 0.000629 0.345018 0.019587 0.040839 
0.034452 0.354618 0.168500 0.114729 0.077642 0.003875 0.005887 0.024345 0.019978 0.015741 0.047192 0.030207 0.102835 
0.024675 0.030319 0.066550 0.095023 0.130825 0.254015 0.028363 0.119889 0.030728 0.006770 0.089046 0.019530 0.104266 
0.028412 0.044629 0.130805 0.369282 0.012811 0.146179 0.036273 0.033482 0.020601 0.002499 0.042614 0.002472 0.129940 
0.032603 0.025417 0.062142 0.053894 0.252083 0.030488 0.004516 0.193432 0.037316 0.118529 0.098234 0.003808 0.087539 
0.033044 0.003813 0.017999 0.033873 0.038561 0.088204 0.085037 0.001929 0.016733 0.002708 0.064082 0.169389 0.444627 
0.062776 0.002513 0.005834 0.032718 0.016709 0.115702 0.129018 0.030820 0.007390 0.401122 0.116242 0.014050 0.065106 
0.087786 0.076679 0.097514 0.039915 0.021307 0.040760 0.008844 0.010385 0.026513 0.536838 0.023184 0.003697 0.026579 
0.033183 0.024940 0.130115 0.120294 0.019243 0.117118 0.002543 0.094212 0.154771 0.000881 0.011967 0.225442 0.065290 
0.011309 0.029477 0.144336 0.304972 0.060081 0.072653 0.149159 0.029532 0.052185 0.025177 0.031162 0.011495 0.078462 
0.022121 0.040360 0.178423 0.232983 0.024946 0.048692 0.024117 0.016282 0.166860 0.035001 0.019141 0.017188 0.173884 
0.071261 0.020015 0.040726 0.024228 0.021183 0.132444 0.128973 0.020062 0.015633 0.137990 0.121777 0.169859 0.095850 
0.676751 0.003208 0.043180 0.025098 0.015469 0.017733 0.012084 0.038568 0.010712 0.036289 0.062112 0.026833 0.031963 
0.027841 0.075266 0.121790 0.564070 0.015292 0.004402 0.068627 0.024507 0.024007 0.004304 0.022128 0.005561 0.042207 
0.015162 0.044773 0.180185 0.207570 0.045063 0.018362 0.074717 0.174588 0.149047 0.019498 0.024773 0.002815 0.043447 
0.024897 0.038311 0.370098 0.127282 0.083717 0.038166 0.054729 0.013571 0.061641 0.047439 0.057252 0.014614 0.068282 
0.010779 0.047719 0.159527 0.313149 0.018107 0.052821 0.016101 0.127288 0.037403 0.008080 0.099190 0.035591 0.074245 
0.020270 0.006863 0.096911 0.117221 0.121766 0.018773 0.288504 0.005075 0.023692 0.010669 0.011908 0.166157 0.112191 
0.007048 0.038049 0.323748 0.136856 0.037665 0.007508 0.011194 0.179740 0.096255 0.040017 0.016579 0.040896 0.064446 
0.019709 0.003240 0.131639 0.326132 0.038506 0.034419 0.079539 0.013964 0.126020 0.046036 0.024612 0.020656 0.135529 
0.068283 0.247516 0.206472 0.091579 0.056743 0.021920 0.013986 0.044873 0.061286 0.059989 0.024139 0.009805 0.093408 
0.026058 0.006557 0.046234 0.066586 0.088848 0.055259 0.023464 0.019896 0.521294 0.014320 0.037603 0.029464 0.064416 
0.359712 0.010427 0.080541 0.093227 0.032142 0.027681 0.129921 0.073804 0.049123 0.023717 0.005828 0.009937 0.103942 
0.040860 0.031884 0.154312 0.301064 0.046301 0.040948 0.003309 0.124035 0.156985 0.008844 0.056452 0.004228 0.030779 
0.031574 0.049349 0.077491 0.142459 0.025175 0.014312 0.009993 0.411538 0.042626 0.010238 0.102154 0.004188 0.078903 
0.020128 0.046238 0.113622 0.308247 0.004280 0.022745 0.057539 0.019283 0.038910 0.258612 0.019092 0.018000 0.073304 
0.014275 0.019326 0.037998 0.055721 0.073266 0.076865 0.083727 0.039920 0.013612 0.013833 0.406059 0.041226 0.124172 
0.036316 0.049712 0.168776 0.227787 0.005618 0.198567 0.033944 0.038566 0.094315 0.011525 0.029002 0.033247 0.072626 
0.017776 0.012336 0.052067 0.025948 0.370652 0.086039 0.045348 0.021096 0.024104 0.007035 0.201939 0.012572 0.123087 
0.032325 0.260380 0.225448 0.067262 0.015456 0.029958 0.042155 0.018688 0.013398 0.008621 0.048370 0.007211 0.230728 
0.100360 0.051127 0.084135 0.414345 0.026618 0.027039 0.052751 0.024929 0.047499 0.011832 0.059464 0.033793 0.066107 
0.017517 0.228845 0.202382 0.090202 0.117464 0.006753 0.060203 0.035160 0.027844 0.031979 0.052701 0.021618 0.107333 
0.033471 0.095261 0.217350 0.100739 0.108232 0.018384 0.005603 0.011695 0.079504 0.009479 0.277946 0.008229 0.034108 
0.021031 0.060483 0.163478 0.081708 0.212253 0.060848 0.085844 0.025794 0.029600 0.002312 0.099940 0.050904 0.105808 
0.029714 0.029619 0.016741 0.023639 0.372936 0.027395 0.025626 0.027517 0.019942 0.003399 0.184211 0.063545 0.175717 
0.020840 0.029434 0.126783 0.326590 0.038021 0.053823 0.185905 0.035007 0.059892 0.001476 0.031881 0.017135 0.073213 
0.010621 0.508025 0.205366 0.053379 0.039865 0.025029 0.044218 0.008679 0.017264 0.006623 0.014088 0.015687 0.051156 
0.024165 0.029144 0.137074 0.274792 0.035136 0.037250 0.169429 0.033398 0.039863 0.016073 0.100704 0.006441 0.096531 
0.026406 0.047113 0.144846 0.105636 0.186154 0.057759 0.012949 0.013762 0.281894 0.004453 0.066467 0.020606 0.031957 
0.006048 0.003600 0.082691 0.121209 0.085219 0.024860 0.466898 0.017733 0.028260 0.030467 0.019175 0.005078 0.108762 
0.018514 0.051245 0.136149 0.072964 0.016531 0.027391 0.006735 0.061178 0.019953 0.005131 0.123755 0.098205 0.362249 
0.023701 0.088723 0.245649 0.346658 0.070692 0.013337 0.007716 0.025234 0.025253 0.005660 0.080414 0.019428 0.047536 
0.114024 0.094670 0.238444 0.180451 0.038139 0.050568 0.043530 0.041126 0.026114 0.058899 0.006561 0.022245 0.085228 
0.024495 0.033443 0.098733 0.148936 0.083044 0.165420 0.037175 0.029574 0.015588 0.002534 0.222237 0.076551 0.062271 
0.041410 0.038335 0.229581 0.308756 0.009570 0.042795 0.020241 0.097216 0.132742 0.012692 0.010935 0.005976 0.049750 
0.251455 0.008546 0.027691 0.068597 0.018379 0.373707 0.014799 0.037498 0.008701 0.048238 0.028195 0.048011 0.066182 
0.019657 0.190380 0.303784 0.184795 0.066970 0.001985 0.051267 0.005539 0.030636 0.010556 0.004381 0.013742 0.116309 
0.012891 0.259234 0.251921 0.242648 0.018778 0.000687 0.100443 0.009515 0.001934 0.006673 0.012979 0.034932 0.047364 
0.046201 0.053961 0.071222 0.252961 0.009737 0.033184 0.071699 0.087195 0.017137 0.274528 0.019364 0.035410 0.027401 
0.019580 0.269342 0.331708 0.046907 0.028368 0.001849 0.058871 0.003971 0.009965 0.010351 0.016265 0.040330 0.162493 
0.290065 0.018130 0.260929 0.083887 0.043910 0.002803 0.005509 0.080301 0.041349 0.034015 0.015231 0.083298 0.040573 
0.064755 0.031629 0.208011 0.075834 0.035286 0.021646 0.030954 0.019703 0.406186 0.019950 0.011517 0.047520 0.027007 
0.021225 0.165952 0.278393 0.040906 0.053842 0.007901 0.036829 0.004573 0.005476 0.012843 0.026948 0.045399 0.299713 
0.004978 0.028162 0.274992 0.180340 0.114771 0.013079 0.178346 0.020762 0.035505 0.052258 0.004022 0.009383 0.083402 
0.037940 0.041004 0.318292 0.166559 0.097137 0.030345 0.005301 0.025690 0.056674 0.028513 0.030272 0.001831 0.160442 
0.023771 0.130275 0.162085 0.028896 0.029614 0.011751 0.023085 0.001303 0.321382 0.002086 0.005150 0.176541 0.084060 
0.081786 0.005882 0.018166 0.040839 0.025497 0.007184 0.003950 0.009350 0.009222 0.075554 0.025046 0.660957 0.036566 
0.043761 0.001518 0.072571 0.310346 0.012019 0.013976 0.024131 0.013496 0.299631 0.002094 0.031276 0.106295 0.068886 
0.229328 0.238159 0.111501 0.027409 0.062914 0.083886 0.032295 0.074342 0.033420 0.015229 0.046682 0.013882 0.030953 
0.250716 0.154316 0.174481 0.023864 0.058531 0.008745 0.041181 0.006550 0.000627 0.114159 0.025420 0.086617 0.054795 
0.044173 0.030719 0.150868 0.102508 0.013891 0.084156 0.038993 0.015931 0.003092 0.006808 0.079270 0.001644 0.427948 
0.012205 0.121581 0.265188 0.160561 0.037619 0.011742 0.007942 0.117262 0.094820 0.017122 0.010056 0.043858 0.100044 
0.076236 0.272855 0.034006 0.021715 0.027626 0.008706 0.001086 0.015457 0.006974 0.188500 0.028607 0.124605 0.193627 
0.030237 0.003075 0.021341 0.054749 0.042318 0.034215 0.018809 0.005612 0.020757 0.003811 0.092495 0.508125 0.164456 
0.008795 0.018819 0.104385 0.189665 0.071890 0.067962 0.054876 0.123141 0.121004 0.011023 0.169238 0.012179 0.047023 
0.032698 0.040824 0.091434 0.095700 0.277000 0.021408 0.030695 0.021509 0.093504 0.017775 0.174235 0.023959 0.079259 
0.005444 0.045024 0.029714 0.048468 0.106957 0.043988 0.018212 0.346640 0.247273 0.002094 0.052649 0.030588 0.022948 
0.239993 0.023013 0.127106 0.095711 0.032314 0.057495 0.019435 0.025042 0.019397 0.036896 0.035298 0.011426 0.276873 
0.073723 0.029572 0.088254 0.096297 0.009154 0.085731 0.036001 0.014297 0.001620 0.003661 0.043086 0.014873 0.503731 
0.001106 0.376660 0.347728 0.055236 0.018613 0.004863 0.078114 0.012184 0.004090 0.015445 0.010999 0.007488 0.067473 
0.022016 0.004429 0.032711 0.052582 0.035845 0.178046 0.020361 0.020935 0.413846 0.005988 0.054396 0.041030 0.117816 
0.018227 0.071262 0.238664 0.253624 0.032014 0.031966 0.027716 0.041934 0.056523 0.071211 0.018652 0.002029 0.136178 
0.030055 0.028312 0.079431 0.172025 0.038104 0.173402 0.067487 0.054435 0.244700 0.009599 0.032198 0.001490 0.068761 
0.003587 0.057554 0.292436 0.181681 0.068164 0.045778 0.017238 0.099399 0.054400 0.009082 0.126336 0.004241 0.040104 
0.046412 0.191902 0.151083 0.040493 0.033465 0.001682 0.028044 0.000985 0.009633 0.438011 0.011450 0.003180 0.043659 
0.018475 0.027208 0.110992 0.175154 0.019750 0.173040 0.019567 0.081537 0.078297 0.012443 0.060091 0.001744 0.221703 
0.022043 0.082113 0.027967 0.037927 0.115401 0.039701 0.094381 0.016909 0.016912 0.000500 0.107581 0.128620 0.309945 
0.032379 0.148615 0.211649 0.296209 0.061506 0.023038 0.036527 0.020250 0.033043 0.058015 0.026313 0.005036 0.047421 
0.022025 0.015394 0.080250 0.149401 0.073061 0.069563 0.342459 0.005521 0.014068 0.001849 0.023158 0.002709 0.200542 
0.004381 0.225979 0.280056 0.061474 0.040474 0.028310 0.008989 0.230243 0.022243 0.006067 0.028930 0.022154 0.040700 
0.039392 0.272498 0.045208 0.032100 0.012422 0.119998 0.075172 0.017701 0.038091 0.176258 0.063296 0.035097 0.072768 
0.696555 0.001367 0.018425 0.012415 0.002654 0.029517 0.009744 0.034762 0.026420 0.101801 0.016556 0.025127 0.024658 
0.128684 0.019878 0.077263 0.030677 0.028438 0.023144 0.001636 0.261059 0.017870 0.008042 0.027844 0.285919 0.089546 
0.012297 0.019699 0.246312 0.168545 0.052413 0.052601 0.007030 0.126919 0.117501 0.121236 0.029224 0.015482 0.030742 
0.011932 0.015349 0.027068 0.066289 0.129282 0.102975 0.069843 0.005172 0.273735 0.027167 0.156351 0.032083 0.082754 
0.002002 0.218711 0.345783 0.093226 0.024058 0.010152 0.026523 0.017883 0.139805 0.012766 0.012407 0.039970 0.056713 
0.012523 0.043698 0.320083 0.162034 0.027153 0.035535 0.006269 0.012887 0.049021 0.033208 0.041596 0.041139 0.214855 
0.014943 0.020601 0.389135 0.102328 0.049497 0.036938 0.093038 0.031078 0.070851 0.080658 0.051216 0.002388 0.057328 
0.008731 0.023914 0.300634 0.133012 0.050233 0.075166 0.062983 0.031167 0.048482 0.037140 0.099796 0.040796 0.087948 
0.004805 0.231931 0.212106 0.122771 0.066817 0.051299 0.002699 0.169922 0.036778 0.010420 0.025402 0.024123 0.040927 
0.041243 0.012403 0.043459 0.092886 0.023464 0.019889 0.121632 0.015650 0.010142 0.446816 0.099414 0.038148 0.034854 
0.009003 0.042966 0.244472 0.207562 0.040395 0.084602 0.005054 0.122006 0.087288 0.002571 0.107590 0.001687 0.044805 
0.275140 0.030419 0.089684 0.075211 0.011051 0.089838 0.013062 0.012980 0.014802 0.006915 0.059617 0.002798 0.318484 
0.010642 0.031051 0.008697 0.061320 0.042037 0.044220 0.005281 0.644344 0.049605 0.000027 0.067052 0.017300 0.018425 
0.014758 0.033696 0.084966 0.477314 0.012653 0.007935 0.141033 0.042417 0.027855 0.035609 0.060668 0.020502 0.040595 
0.002993 0.050492 0.399235 0.119975 0.052965 0.027259 0.005524 0.034640 0.061215 0.132064 0.023021 0.017898 0.072719 
0.016493 0.037311 0.167096 0.102606 0.183183 0.044453 0.014342 0.044824 0.239312 0.011214 0.076143 0.019307 0.043715 
0.065854 0.119839 0.052106 0.186229 0.052654 0.004244 0.030795 0.015753 0.010819 0.292498 0.026599 0.038367 0.104243 
0.055251 0.222682 0.289305 0.119765 0.075212 0.001383 0.025433 0.036158 0.045003 0.043627 0.022620 0.033132 0.030429 
0.045947 0.040234 0.201776 0.086659 0.033516 0.006678 0.079577 0.027015 0.328868 0.045061 0.011471 0.049471 0.043726 
0.015956 0.140005 0.133201 0.114691 0.008050 0.046420 0.181520 0.136293 0.035278 0.000944 0.015593 0.003383 0.168665 
0.027349 0.050043 0.207844 0.095900 0.171360 0.040311 0.022485 0.029496 0.032712 0.035659 0.184743 0.052993 0.049105 
0.211802 0.042475 0.069952 0.063472 0.009784 0.363067 0.013702 0.011734 0.053202 0.018070 0.040224 0.033811 0.068706 
0.027816 0.345332 0.123083 0.128417 0.117081 0.032706 0.022563 0.024579 0.010398 0.005163 0.074947 0.003164 0.084752 
0.054985 0.097200 0.313032 0.112746 0.044323 0.044632 0.001506 0.098312 0.147031 0.010826 0.015955 0.013081 0.046370 
0.051955 0.022196 0.012685 0.109037 0.003948 0.004962 0.016035 0.055217 0.013388 0.227793 0.019931 0.216041 0.246812 
0.035190 0.013009 0.072886 0.084726 0.029569 0.013179 0.070898 0.015038 0.025350 0.002633 0.018224 0.411909 0.207389 
0.060357 0.008476 0.018738 0.075524 0.023524 0.008666 0.002489 0.309751 0.021672 0.261894 0.037143 0.160750 0.011017 
0.027804 0.001492 0.032533 0.052920 0.011569 0.088123 0.066224 0.025610 0.035939 0.023032 0.087812 0.033457 0.513484 
0.023735 0.084360 0.093722 0.192195 0.025032 0.058904 0.002602 0.210663 0.172661 0.000742 0.040945 0.010678 0.083761 
0.046426 0.045222 0.157132 0.323143 0.046824 0.031676 0.017299 0.138819 0.025596 0.008826 0.048499 0.020935 0.089605 
0.016237 0.292458 0.112401 0.082015 0.095736 0.049915 0.068267 0.007582 0.059457 0.005150 0.024166 0.059458 0.127158 
0.015137 0.065597 0.268244 0.231550 0.048055 0.019610 0.007145 0.096565 0.117423 0.005211 0.018929 0.011371 0.095162 
0.251750 0.058757 0.112934 0.084324 0.056397 0.037159 0.009722 0.023051 0.157216 0.015538 0.016512 0.098103 0.078538 
0.269014 0.034476 0.085146 0.052413 0.189128 0.039771 0.101110 0.012026 0.002210 0.033441 0.101643 0.014721 0.064900 
0.089411 0.029634 0.123878 0.169917 0.022732 0.020320 0.133427 0.023431 0.073586 0.200411 0.006158 0.031915 0.075180 
0.058502 0.029221 0.165689 0.113656 0.035499 0.045963 0.022099 0.026371 0.009910 0.000280 0.004017 0.251021 0.237771 
0.033142 0.092271 0.217159 0.370635 0.046547 0.003151 0.006180 0.023559 0.083332 0.035892 0.009255 0.009372 0.069505 
0.009719 0.169679 0.125230 0.060257 0.121863 0.040194 0.106882 0.026902 0.024108 0.005447 0.163800 0.038385 0.107532 
0.021655 0.173024 0.340489 0.112166 0.103588 0.066452 0.003108 0.046990 0.031583 0.005857 0.018376 0.016587 0.060124 
0.011290 0.019327 0.004134 0.022629 0.027521 0.050598 0.001239 0.697286 0.028677 0.008706 0.064590 0.029249 0.034755 
0.028999 0.013278 0.048412 0.059400 0.030901 0.112079 0.068306 0.367898 0.048080 0.000249 0.091751 0.005034 0.125612 
0.009839 0.019119 0.173350 0.121885 0.060437 0.011245 0.008781 0.010566 0.016423 0.025134 0.147588 0.076979 0.318654 
0.083008 0.005297 0.026129 0.065279 0.057690 0.020933 0.279710 0.010070 0.013814 0.247475 0.129947 0.009973 0.050675 
0.018545 0.040450 0.124535 0.177869 0.008826 0.097878 0.006647 0.090427 0.379285 0.004346 0.004167 0.005052 0.041972 
0.018524 0.023174 0.092906 0.063815 0.163053 0.179253 0.122531 0.026198 0.022065 0.004222 0.192523 0.026090 0.065647 
0.054691 0.022021 0.112296 0.102482 0.009794 0.102406 0.042652 0.021067 0.016201 0.006204 0.030537 0.074740 0.404910 
0.022591 0.039340 0.081809 0.486261 0.009382 0.006671 0.077043 0.033871 0.036714 0.006615 0.148109 0.012394 0.039199 
0.020385 0.061734 0.398849 0.204577 0.068065 0.012327 0.003196 0.040368 0.074395 0.027836 0.027443 0.002082 0.058745 
0.008613 0.023247 0.188701 0.222060 0.009950 0.043959 0.002880 0.169790 0.246502 0.004485 0.042719 0.005865 0.031230 
0.143026 0.049125 0.137603 0.201437 0.030530 0.000972 0.016011 0.013428 0.009383 0.237849 0.073695 0.021831 0.065110 
0.022655 0.026327 0.102044 0.106812 0.041980 0.400298 0.006900 0.017319 0.009660 0.025267 0.124290 0.026703 0.089745 
0.052845 0.085744 0.145671 0.051012 0.100067 0.020871 0.071050 0.030751 0.005500 0.086734 0.270716 0.042435 0.036605 
0.019066 0.027160 0.329090 0.104043 0.123030 0.022371 0.032857 0.041650 0.034093 0.049207 0.156246 0.014991 0.046197 
0.009623 0.042717 0.311112 0.191002 0.112900 0.007646 0.028687 0.019903 0.047029 0.045923 0.090408 0.028372 0.064678 
0.024830 0.042359 0.215779 0.165463 0.045265 0.274947 0.008406 0.042112 0.031206 0.016260 0.010867 0.024910 0.097595 
0.013163 0.035248 0.063835 0.085804 0.003779 0.168326 0.083043 0.016793 0.420743 0.003297 0.013930 0.027371 0.064668 
0.032333 0.034394 0.209442 0.191120 0.042167 0.006792 0.066152 0.040079 0.049028 0.272490 0.009703 0.005669 0.040631 
0.015196 0.026979 0.065569 0.046621 0.055384 0.020618 0.040990 0.207235 0.093089 0.000712 0.380391 0.010832 0.036383 
0.027684 0.003811 0.070808 0.108513 0.149746 0.015855 0.201477 0.014565 0.202743 0.010871 0.072558 0.038860 0.082511 
0.015729 0.050253 0.041651 0.132043 0.018008 0.446767 0.009633 0.120758 0.032220 0.007021 0.020007 0.025730 0.080181 
0.022359 0.023479 0.195224 0.166326 0.033770 0.047450 0.079164 0.097478 0.095883 0.020696 0.017834 0.149289 0.051049 
0.010223 0.028882 0.018728 0.060002 0.030264 0.225002 0.106317 0.267314 0.075832 0.000437 0.086180 0.016838 0.073980 
0.033953 0.014405 0.091496 0.040426 0.023734 0.026848 0.007767 0.540905 0.049075 0.075778 0.039694 0.049339 0.006580 
0.029925 0.066867 0.107262 0.355878 0.090896 0.021030 0.072178 0.014145 0.014990 0.040548 0.068506 0.001948 0.115826 
0.009405 0.019982 0.051579 0.064219 0.026918 0.178237 0.201889 0.035642 0.012410 0.043681 0.126865 0.051481 0.177693 
0.034863 0.012936 0.105404 0.127890 0.026701 0.023020 0.039681 0.091304 0.075346 0.225683 0.125120 0.006409 0.105642 
0.558451 0.019643 0.104295 0.040437 0.040918 0.027861 0.007162 0.025634 0.010690 0.011414 0.068978 0.037242 0.047277 
0.007720 0.089670 0.184589 0.269721 0.057867 0.116671 0.033812 0.015953 0.113314 0.009582 0.022303 0.013429 0.065368 
0.019692 0.168667 0.232589 0.074973 0.073369 0.082638 0.089191 0.020375 0.132078 0.010900 0.047908 0.001181 0.046439 
0.157094 0.072680 0.103202 0.044677 0.044039 0.078827 0.106968 0.025220 0.019814 0.047044 0.214408 0.035317 0.050710 
0.100520 0.018273 0.014208 0.007659 0.055231 0.034008 0.012613 0.006003 0.006987 0.001758 0.040889 0.129039 0.572812 
0.076861 0.030492 0.075248 0.147112 0.201160 0.052764 0.024098 0.102776 0.057776 0.002302 0.083697 0.026362 0.119353 
0.368283 0.014630 0.059537 0.116324 0.033167 0.012550 0.024398 0.136931 0.077268 0.015352 0.094275 0.023445 0.023841 
0.031896 0.098067 0.227125 0.321244 0.026143 0.011616 0.020992 0.041188 0.085194 0.048025 0.017215 0.021325 0.049969 
0.005584 0.042636 0.046014 0.115983 0.064201 0.040644 0.032730 0.010342 0.021842 0.012031 0.551659 0.009721 0.046612 
0.016290 0.015637 0.284051 0.114768 0.037630 0.007314 0.026522 0.016767 0.300282 0.108587 0.012455 0.036102 0.023596 
0.098752 0.462658 0.072542 0.053183 0.061564 0.039257 0.004673 0.023645 0.055032 0.021980 0.021374 0.057716 0.027623 
0.006588 0.426001 0.201231 0.061032 0.072290 0.043223 0.030484 0.033939 0.031472 0.003080 0.043874 0.022471 0.024315 
0.215125 0.034242 0.055215 0.039323 0.015865 0.024559 0.008870 0.334833 0.175698 0.014134 0.035691 0.020723 0.025723 
