-977893.518626
0
0.000000 0.000000 0.000000 0.000000 0.000000 0.000000 0.000000 0.000000 0.000000 0.000000 0.000000 0.000000 0.018075 0.000000 0.000000 0.029813 0.008806 0.005919 0.005932 0.020531 0.069205 0.012838 0.005287 0.038679 0.000000 0.000000 0.000000 0.000000 0.000000 0.000000 0.000000 0.000000 0.000000 0.000000 0.000000 0.000000 0.000000 0.000000 0.000000 0.000000 0.021550 0.007584 0.013739 0.039011 0.041908 0.009061 0.019495 0.112017 0.000000 0.000000 0.000000 0.006093 0.000000 0.000000 0.000000 0.000000 0.000000 0.000000 0.000000 0.000001 0.000000 0.000000 0.000000 0.000000 0.000000 0.010094 0.000000 0.005275 0.012881 0.002143 0.007061 0.035801 0.024830 0.000000 0.000000 0.034121 0.003880 0.000000 0.000000 0.018381 0.000000 0.000000 0.000000 0.004922 0.029653 0.000000 0.019057 0.011464 0.017879 0.011035 0.004688 0.037706 0.096988 0.013383 0.011447 0.101766 
0.000000 0.000000 0.000000 0.000000 0.007753 0.011299 0.002799 0.011230 0.024785 0.020115 0.000000 0.007070 0.024121 0.004556 0.007122 0.000000 0.077601 0.023858 0.058329 0.043002 0.000000 0.000000 0.005722 0.000000 0.000000 0.000000 0.000000 0.000000 0.003125 0.003080 0.004159 0.000000 0.032932 0.024681 0.000000 0.005478 0.000000 0.000000 0.001799 0.000000 0.024654 0.016908 0.032064 0.025743 0.000000 0.008039 0.006543 0.000000 0.021513 0.000000 0.000000 0.000000 0.002233 0.009187 0.000000 0.000000 0.023841 0.024598 0.000000 0.039769 0.001817 0.000000 0.003966 0.000000 0.035565 0.013942 0.032556 0.032719 0.000885 0.000000 0.000000 0.000000 0.024751 0.016181 0.005828 0.022322 0.000000 0.008587 0.000000 0.000000 0.000000 0.000000 0.000000 0.011232 0.008880 0.000000 0.000000 0.000000 0.030173 0.028671 0.025835 0.027719 0.000000 0.007140 0.006852 0.014671 
0.000000 0.000000 0.000000 0.000000 0.000000 0.000000 0.000000 0.000000 0.037131 0.019084 0.000000 0.012334 0.000000 0.004621 0.000000 0.002119 0.000000 0.001880 0.036740 0.000000 0.000000 0.002376 0.000000 0.000000 0.016120 0.041559 0.018672 0.105506 0.000000 0.000000 0.000000 0.000000 0.000000 0.013151 0.068283 0.000000 0.000000 0.004438 0.000000 0.000000 0.008649 0.003025 0.046845 0.000000 0.000000 0.005923 0.008048 0.018058 0.000000 0.008455 0.000000 0.013219 0.000000 0.000000 0.000000 0.000000 0.101353 0.115060 0.119999 0.088688 0.000000 0.004633 0.000000 0.003729 0.017212 0.003599 0.016911 0.000000 0.000000 0.002440 0.000000 0.006950 0.000000 0.000000 0.000000 0.000000 0.000000 0.000000 0.000000 0.000000 0.000000 0.000000 0.000000 0.000000 0.000000 0.000000 0.000000 0.000000 0.000000 0.001493 0.008334 0.002142 0.000000 0.002603 0.000000 0.008619 
0.064427 0.054308 0.012719 0.044132 0.000000 0.000000 0.000000 0.000000 0.000000 0.009965 0.000000 0.000000 0.011706 0.000000 0.000000 0.000000 0.008994 0.000000 0.008669 0.000000 0.000000 0.000000 0.000000 0.000000 0.084066 0.115034 0.007513 0.079760 0.000000 0.000000 0.000000 0.000000 0.000000 0.000000 0.000000 0.000000 0.013310 0.014843 0.026182 0.016684 0.005136 0.000000 0.014839 0.000000 0.000000 0.000000 0.000000 0.000000 0.067867 0.023985 0.000000 0.032247 0.000000 0.014132 0.000000 0.000000 0.000000 0.000000 0.000000 0.008717 0.000000 0.000000 0.016389 0.003909 0.006518 0.000000 0.000000 0.000000 0.000000 0.000000 0.000000 0.000000 0.067490 0.076379 0.000000 0.065431 0.000000 0.012114 0.000000 0.000000 0.000000 0.000000 0.000000 0.006446 0.006089 0.000000 0.000000 0.000000 0.000000 0.000000 0.000000 0.000000 0.000000 0.000000 0.000000 0.000000 
0.003890 0.004382 0.000000 0.000000 0.000000 0.000000 0.000000 0.000000 0.033431 0.015375 0.292346 0.017206 0.000000 0.000000 0.000000 0.009741 0.001029 0.004676 0.000000 0.000000 0.000000 0.003504 0.000000 0.005198 0.000000 0.000000 0.000000 0.000000 0.000000 0.000000 0.000000 0.000000 0.012676 0.000000 0.164181 0.014150 0.000000 0.000000 0.000000 0.000000 0.000000 0.001657 0.000000 0.002832 0.000000 0.001676 0.000000 0.000000 0.000000 0.004839 0.000000 0.000000 0.000000 0.002334 0.000000 0.000000 0.033326 0.034021 0.186009 0.013559 0.000000 0.000000 0.000000 0.000000 0.005051 0.005573 0.000000 0.005506 0.000000 0.000000 0.000000 0.000000 0.000000 0.002967 0.001253 0.000000 0.000000 0.000000 0.000000 0.000000 0.000000 0.000000 0.102535 0.000000 0.000000 0.000000 0.000000 0.000000 0.007477 0.000000 0.007601 0.000000 0.000000 0.000000 0.000000 0.000000 
0.044012 0.038576 0.000000 0.038616 0.017088 0.006150 0.000000 0.013020 0.024114 0.000000 0.000000 0.040600 0.000000 0.022534 0.022934 0.035262 0.000000 0.007680 0.000000 0.030186 0.000000 0.000000 0.009876 0.003331 0.026088 0.000000 0.000000 0.025649 0.012258 0.010597 0.000000 0.021127 0.000000 0.000000 0.000000 0.033067 0.016708 0.025460 0.020868 0.041574 0.000000 0.016002 0.000000 0.011368 0.000000 0.000000 0.010091 0.000000 0.006025 0.023084 0.000000 0.028324 0.005997 0.000000 0.000000 0.016986 0.000000 0.000000 0.000000 0.000000 0.015754 0.017817 0.010474 0.028585 0.000000 0.007741 0.000000 0.003824 0.000000 0.001497 0.011737 0.006433 0.006513 0.000000 0.000000 0.029615 0.005882 0.000000 0.000000 0.000000 0.000000 0.000000 0.000000 0.006554 0.017883 0.027147 0.016523 0.048437 0.000000 0.003866 0.000000 0.013237 0.000000 0.001121 0.009138 0.004969 
0.000000 0.000000 0.000000 0.009000 0.000000 0.000000 0.000000 0.000000 0.000000 0.002055 0.000000 0.003781 0.000000 0.000000 0.000000 0.000000 0.000000 0.004583 0.000751 0.003382 0.000000 0.003920 0.001475 0.016844 0.002112 0.000000 0.001078 0.015594 0.000000 0.000000 0.000000 0.000000 0.000000 0.000000 0.005077 0.002641 0.000000 0.000000 0.000000 0.000000 0.000000 0.001430 0.000000 0.001103 0.002812 0.000000 0.003439 0.022653 0.000000 0.000978 0.000000 0.008885 0.000000 0.000000 0.000000 0.000000 0.000000 0.012591 0.022370 0.013992 0.000000 0.000000 0.000000 0.000000 0.006448 0.010944 0.005292 0.012676 0.000000 0.002361 0.000868 0.002816 0.039236 0.010739 0.004056 0.342957 0.000000 0.000000 0.000000 0.000000 0.000000 0.014377 0.228463 0.037861 0.000000 0.000000 0.000000 0.003457 0.001500 0.009704 0.006125 0.009843 0.006263 0.010005 0.001937 0.069528 
0.000000 0.000000 0.000000 0.000000 0.000000 0.000000 0.000000 0.000733 0.005934 0.000517 0.000000 0.001870 0.000000 0.000000 0.000000 0.000000 0.001701 0.000000 0.000000 0.000861 0.000000 0.000000 0.000000 0.000000 0.000000 0.000000 0.000000 0.000000 0.000000 0.000000 0.000000 0.000000 0.009563 0.000000 0.002227 0.005803 0.000000 0.000000 0.000000 0.000000 0.000000 0.000000 0.000000 0.000000 0.000000 0.000000 0.000000 0.000000 0.000000 0.000000 0.000000 0.000000 0.000000 0.000000 0.000000 0.000000 0.006104 0.000000 0.000000 0.002579 0.000000 0.000000 0.000000 0.000000 0.000000 0.000000 0.000000 0.000000 0.000000 0.000000 0.000000 0.000000 0.014346 0.007521 0.002420 0.013001 0.039287 0.000000 0.001700 0.074536 0.453033 0.069610 0.043826 0.242826 0.000000 0.000000 0.000000 0.000000 0.000000 0.000000 0.000000 0.000000 0.000000 0.000000 0.000000 0.000000 
0.000000 0.000000 0.042149 0.000000 0.024337 0.008500 0.008169 0.000000 0.027433 0.000000 0.000000 0.010617 0.000000 0.007065 0.025328 0.000000 0.000000 0.000000 0.000000 0.000000 0.000000 0.000000 0.000000 0.000000 0.000000 0.008510 0.020264 0.008283 0.027801 0.022388 0.000000 0.015378 0.054152 0.038070 0.016981 0.058217 0.000000 0.000000 0.069229 0.000000 0.000000 0.000000 0.000000 0.011686 0.000000 0.002297 0.011294 0.000000 0.000000 0.083523 0.097831 0.030134 0.018794 0.000000 0.025364 0.008787 0.011871 0.019987 0.000000 0.000001 0.026564 0.013471 0.012151 0.000000 0.002421 0.000000 0.005535 0.000000 0.000000 0.000000 0.000000 0.000000 0.000000 0.045458 0.036456 0.000000 0.000000 0.000000 0.000000 0.000000 0.000000 0.000000 0.000000 0.000000 0.000000 0.010046 0.028248 0.000000 0.000000 0.000000 0.005210 0.000000 0.000000 0.000000 0.000000 0.000000 
0.000000 0.000000 0.004326 0.000000 0.053858 0.029128 0.014693 0.060156 0.020697 0.010377 0.000000 0.000000 0.000000 0.000000 0.000000 0.000000 0.000000 0.000000 0.000000 0.000000 0.000000 0.000000 0.016419 0.010405 0.003646 0.015071 0.003387 0.000000 0.043036 0.040041 0.024946 0.059430 0.012364 0.000000 0.000000 0.000000 0.000000 0.000000 0.000000 0.000000 0.004841 0.014663 0.000000 0.000000 0.000000 0.009781 0.017812 0.000000 0.000000 0.000000 0.000000 0.000000 0.027437 0.025204 0.000000 0.038118 0.038196 0.004411 0.000000 0.006600 0.000000 0.000000 0.009114 0.000000 0.000000 0.007386 0.000000 0.000000 0.010072 0.009724 0.036383 0.000000 0.000000 0.012702 0.000000 0.000000 0.052710 0.061220 0.023581 0.115211 0.000000 0.000000 0.000000 0.000000 0.000000 0.000000 0.000000 0.000000 0.011327 0.010381 0.000000 0.000000 0.000000 0.012291 0.018855 0.000000 
0.000000 0.000000 0.000000 0.000000 0.000000 0.000000 0.000000 0.000000 0.000000 0.019403 0.000000 0.003734 0.000000 0.000000 0.000798 0.002853 0.000000 0.000000 0.000000 0.000000 0.000000 0.000000 0.000338 0.000000 0.000000 0.000000 0.000000 0.000000 0.000000 0.000000 0.000000 0.000000 0.079761 0.108056 0.020474 0.081303 0.000000 0.001043 0.000000 0.000633 0.000000 0.000597 0.000465 0.003933 0.000000 0.000653 0.000000 0.000000 0.000000 0.000000 0.000000 0.000000 0.000000 0.000000 0.000000 0.000000 0.000000 0.021351 0.000000 0.015983 0.000000 0.000000 0.000000 0.000782 0.000000 0.000000 0.000000 0.008126 0.000000 0.000000 0.001487 0.000000 0.000000 0.000748 0.000000 0.000000 0.000000 0.000000 0.000000 0.000000 0.122535 0.300851 0.100256 0.090706 0.000000 0.000000 0.000743 0.004775 0.001087 0.001095 0.000961 0.001441 0.000000 0.000856 0.000827 0.001347 
0.086498 0.108068 0.000000 0.196549 0.071857 0.530347 0.000002 0.000082 0.000008 0.000004 0.006585 
0.019440 0.148717 0.000000 0.066167 0.355734 0.123488 0.139467 0.020948 0.000011 0.081607 0.044421 
0.003020 0.009795 0.000000 0.004711 0.031549 0.005150 0.000002 0.913765 0.000021 0.000002 0.031985 
0.061952 0.142266 0.000000 0.104073 0.035624 0.278599 0.000002 0.111829 0.000011 0.219301 0.046342 
0.014144 0.034354 0.000000 0.319327 0.010658 0.049413 0.000002 0.000070 0.100832 0.039666 0.431534 
0.020328 0.064577 0.000000 0.419832 0.005981 0.136853 0.000001 0.000085 0.240924 0.069349 0.042069 
0.269684 0.233667 0.000000 0.056188 0.156199 0.151567 0.060840 0.010075 0.000011 0.022533 0.039235 
0.046806 0.133658 0.000000 0.169870 0.038329 0.456812 0.000002 0.093963 0.000008 0.000003 0.060550 
0.000009 0.000903 0.000000 0.004147 0.003361 0.001072 0.000001 0.926184 0.000003 0.000001 0.064319 
0.004224 0.173707 0.000000 0.120038 0.488015 0.090640 0.000002 0.011520 0.052919 0.000003 0.058933 
0.028202 0.133676 0.000000 0.245875 0.045704 0.520005 0.000002 0.023862 0.000007 0.000003 0.002664 
0.000147 0.107106 0.219384 0.170261 0.217165 0.170995 0.000002 0.000092 0.082421 0.017640 0.014789 
0.053922 0.255521 0.000000 0.035347 0.043575 0.180765 0.202359 0.018364 0.040239 0.000003 0.169904 
0.056571 0.328150 0.048269 0.055485 0.033768 0.203721 0.000002 0.230706 0.000014 0.000004 0.043311 
0.040236 0.149626 0.056331 0.073002 0.088981 0.256185 0.000002 0.029136 0.021451 0.281902 0.003149 
0.112178 0.083265 0.000000 0.096803 0.012114 0.107369 0.000002 0.088073 0.020477 0.000003 0.479716 
0.073896 0.114221 0.000000 0.230089 0.190012 0.081409 0.032236 0.064528 0.132286 0.045331 0.035991 
0.023745 0.326524 0.045685 0.070573 0.183093 0.197065 0.000002 0.000062 0.014876 0.060357 0.078019 
0.148583 0.320023 0.000000 0.052907 0.054792 0.246822 0.000002 0.017352 0.011698 0.069600 0.078222 
0.000083 0.042386 0.073559 0.015065 0.024364 0.031062 0.066057 0.291815 0.000009 0.000003 0.455598 
0.033132 0.099261 0.000000 0.144484 0.053312 0.344704 0.000002 0.000102 0.000011 0.000004 0.324989 
0.007319 0.206305 0.296239 0.025631 0.318239 0.077043 0.000002 0.000081 0.000015 0.000003 0.069125 
0.021215 0.068849 0.000000 0.302827 0.019722 0.104192 0.000002 0.000074 0.135460 0.073565 0.274092 
0.080591 0.405442 0.000000 0.045327 0.052683 0.283368 0.000001 0.018379 0.041834 0.032480 0.039896 
0.010040 0.076501 0.000000 0.030079 0.004414 0.048176 0.000002 0.000054 0.000011 0.000004 0.830718 
0.034259 0.103566 0.000000 0.127086 0.453395 0.186742 0.017491 0.019880 0.000010 0.000004 0.057568 
0.000064 0.042316 0.032096 0.224941 0.012995 0.060286 0.334164 0.170333 0.103070 0.000003 0.019731 
0.028516 0.184562 0.000000 0.027823 0.031934 0.106717 0.000002 0.019444 0.018051 0.038741 0.544210 
0.197529 0.183155 0.000000 0.117728 0.039633 0.425090 0.000002 0.024577 0.000012 0.000003 0.012271 
0.035370 0.095630 0.136144 0.185628 0.201020 0.279597 0.000002 0.047702 0.007230 0.000003 0.011673 
0.028112 0.225077 0.043703 0.003869 0.036068 0.174180 0.000002 0.275793 0.000013 0.000003 0.213179 
0.045899 0.292511 0.000000 0.232526 0.031671 0.159513 0.000002 0.000079 0.125254 0.062079 0.050466 
0.053569 0.255321 0.057025 0.060700 0.083009 0.205817 0.000002 0.217256 0.000012 0.025072 0.042217 
0.007734 0.126511 0.000000 0.060906 0.320574 0.047332 0.215100 0.000065 0.000008 0.000001 0.221768 
0.005857 0.051745 0.000000 0.019488 0.009522 0.041485 0.000002 0.761484 0.000007 0.046026 0.064385 
0.048015 0.122908 0.000000 0.145369 0.055724 0.407922 0.192774 0.018227 0.000010 0.000004 0.009047 
0.068537 0.028976 0.000000 0.043955 0.034371 0.034561 0.475899 0.000051 0.009331 0.000002 0.304316 
0.026991 0.042965 0.071936 0.007615 0.042221 0.021555 0.000002 0.738064 0.009001 0.000003 0.039645 
0.000071 0.160957 0.000000 0.135045 0.044742 0.108789 0.446144 0.038208 0.041959 0.000004 0.024082 
0.016175 0.075184 0.000000 0.382494 0.036092 0.197030 0.000001 0.011397 0.181332 0.058526 0.041770 
0.000058 0.060703 0.115734 0.055829 0.089789 0.016886 0.575888 0.000053 0.011219 0.000002 0.073838 
0.037995 0.228306 0.000000 0.309704 0.041066 0.110606 0.000002 0.019589 0.171238 0.051447 0.030047 
0.078456 0.118422 0.021077 0.279893 0.028330 0.123271 0.120750 0.019895 0.157581 0.028840 0.023485 
0.028272 0.341525 0.080931 0.013522 0.253539 0.183211 0.000002 0.022746 0.014552 0.000004 0.061696 
0.000032 0.024376 0.000000 0.236136 0.017861 0.013436 0.000002 0.502014 0.130468 0.059294 0.016382 
0.158838 0.148830 0.037472 0.063144 0.010173 0.134690 0.000002 0.000061 0.015426 0.048321 0.383043 
0.052259 0.106561 0.000000 0.202786 0.110440 0.445835 0.041733 0.016986 0.006068 0.000003 0.017330 
0.466281 0.255518 0.000000 0.033368 0.044026 0.150357 0.031332 0.000121 0.000009 0.000002 0.018985 
0.000048 0.060399 0.169826 0.336516 0.094866 0.015294 0.000002 0.113093 0.117955 0.045971 0.046031 
0.000070 0.053772 0.000000 0.007430 0.040933 0.022419 0.743527 0.000073 0.009102 0.000003 0.122672 
0.011912 0.111283 0.068801 0.160463 0.228013 0.170839 0.000002 0.208846 0.019036 0.000003 0.020802 
0.079797 0.137807 0.000000 0.062582 0.018119 0.161109 0.000002 0.406713 0.000012 0.000003 0.133857 
0.010497 0.060660 0.000000 0.047638 0.005006 0.128023 0.000002 0.573744 0.000009 0.141411 0.033009 
0.000098 0.027948 0.244583 0.061280 0.086819 0.013952 0.027260 0.486276 0.015666 0.000003 0.036114 
0.021995 0.192093 0.000000 0.048706 0.207988 0.201709 0.000002 0.023462 0.016657 0.112617 0.174771 
0.063209 0.075878 0.000000 0.268814 0.016462 0.055019 0.127373 0.196006 0.119809 0.040893 0.036537 
0.000235 0.004768 0.000000 0.000587 0.015371 0.013719 0.000002 0.940285 0.000006 0.000001 0.025026 
0.000255 0.011289 0.000000 0.009898 0.000239 0.032911 0.000003 0.023342 0.000008 0.000003 0.922054 
0.048131 0.104285 0.136520 0.101247 0.084423 0.219966 0.000002 0.000085 0.014448 0.194654 0.096239 
0.384243 0.168685 0.058377 0.053068 0.101688 0.150493 0.000002 0.008056 0.000010 0.000003 0.075376 
0.056679 0.365170 0.082529 0.037948 0.174298 0.166244 0.000002 0.000086 0.018773 0.030658 0.067614 
0.018715 0.033934 0.222392 0.002121 0.149835 0.017204 0.447664 0.000083 0.000007 0.000002 0.108044 
0.000090 0.006879 0.000000 0.019086 0.022948 0.045853 0.873858 0.012151 0.000009 0.000003 0.019122 
0.071535 0.109767 0.000000 0.023544 0.016227 0.079399 0.022718 0.000076 0.000013 0.000003 0.676718 
0.000201 0.087851 0.000000 0.172569 0.027184 0.225336 0.266514 0.024828 0.006815 0.000003 0.188698 
0.000094 0.002392 0.000000 0.014132 0.035113 0.043899 0.881770 0.000074 0.000015 0.000002 0.022511 
0.007406 0.095499 0.388998 0.003762 0.292275 0.018813 0.000002 0.011308 0.007212 0.000002 0.174723 
0.003281 0.026825 0.000000 0.012148 0.000351 0.022588 0.000002 0.000061 0.000014 0.000003 0.934728 
0.390402 0.221177 0.000000 0.049152 0.053377 0.090674 0.057369 0.028588 0.015132 0.000003 0.094127 
0.176716 0.137141 0.000000 0.187409 0.056299 0.141866 0.110882 0.004980 0.114405 0.051629 0.018673 
0.004128 0.034727 0.000000 0.024773 0.015202 0.023172 0.000002 0.799084 0.000008 0.027240 0.071664 
0.027341 0.185010 0.040926 0.076393 0.513598 0.046811 0.000002 0.000073 0.000009 0.025433 0.084404 
0.021761 0.117865 0.000000 0.230771 0.073371 0.444532 0.000001 0.000083 0.034715 0.037089 0.039812 
0.000102 0.037274 0.279289 0.003259 0.172961 0.028414 0.006282 0.137666 0.000008 0.000003 0.334743 
0.000059 0.002930 0.000000 0.065180 0.000255 0.031561 0.000001 0.000083 0.026359 0.023500 0.850070 
0.000303 0.066209 0.000000 0.453772 0.024959 0.011357 0.150482 0.091149 0.109516 0.050532 0.041721 
0.029463 0.212102 0.000000 0.152855 0.359168 0.078898 0.000002 0.000088 0.029536 0.076532 0.061356 
0.000111 0.058339 0.000000 0.019213 0.024430 0.051184 0.568679 0.000086 0.000014 0.000004 0.277939 
0.012830 0.101797 0.000000 0.046700 0.327180 0.051589 0.382892 0.024552 0.006124 0.000002 0.046334 
0.029764 0.171090 0.000000 0.035827 0.216014 0.100323 0.332985 0.034676 0.000013 0.000004 0.079305 
0.142503 0.278215 0.053689 0.028606 0.022998 0.170519 0.179124 0.000067 0.038958 0.037756 0.047564 
0.000082 0.033806 0.085526 0.016627 0.051300 0.015355 0.769218 0.008601 0.000009 0.000002 0.019474 
0.074170 0.161313 0.000000 0.134476 0.014563 0.277040 0.026657 0.006294 0.014443 0.261577 0.029468 
0.159493 0.139561 0.000000 0.066205 0.024389 0.132635 0.340605 0.081925 0.000013 0.000003 0.055171 
0.013735 0.019802 0.000000 0.005915 0.006074 0.012889 0.035826 0.114072 0.000007 0.008127 0.783553 
0.000066 0.044523 0.177001 0.006403 0.170823 0.004212 0.564469 0.000045 0.011720 0.000003 0.020735 
0.000086 0.067140 0.000000 0.071044 0.115048 0.108262 0.099719 0.099504 0.000011 0.000004 0.439182 
0.101393 0.165877 0.000000 0.055864 0.555533 0.062091 0.000002 0.017899 0.000012 0.000002 0.041328 
0.057539 0.046796 0.114434 0.036436 0.204379 0.040388 0.462495 0.009307 0.000008 0.000003 0.028215 
0.178689 0.088924 0.000000 0.172094 0.015583 0.108984 0.000002 0.000058 0.095662 0.000003 0.340000 
0.000039 0.017057 0.000000 0.012049 0.000225 0.017015 0.000001 0.009247 0.000005 0.000003 0.944358 
0.030624 0.172602 0.048932 0.070469 0.507002 0.069439 0.016715 0.000203 0.000011 0.000005 0.083999 
0.024259 0.160217 0.000000 0.155453 0.402738 0.079156 0.000002 0.000086 0.021629 0.038599 0.117860 
0.045798 0.285874 0.000000 0.081889 0.036528 0.241993 0.039288 0.038151 0.000012 0.201156 0.029311 
0.000089 0.040304 0.000000 0.536299 0.019617 0.069516 0.000001 0.000017 0.257782 0.069057 0.007319 
0.101145 0.160057 0.039110 0.075202 0.001017 0.258611 0.000002 0.000039 0.023578 0.261595 0.079644 
0.002536 0.004291 0.000000 0.000460 0.006709 0.009755 0.000001 0.887875 0.000007 0.000003 0.088363 
0.071292 0.163067 0.000000 0.187940 0.076701 0.422014 0.000002 0.015387 0.000009 0.038416 0.025173 
0.080525 0.073684 0.465377 0.008710 0.263469 0.029003 0.017426 0.045809 0.009196 0.000002 0.006799 
0.032070 0.098401 0.000000 0.179221 0.061126 0.439929 0.000002 0.036428 0.004964 0.000003 0.147856 
0.006789 0.046305 0.000000 0.375136 0.010555 0.061321 0.000002 0.141859 0.257132 0.037355 0.063547 
0.373276 0.303998 0.000000 0.036201 0.052174 0.200026 0.000002 0.023411 0.000011 0.000003 0.010897 
0.000110 0.059538 0.058080 0.516351 0.018698 0.048269 0.000002 0.000084 0.251512 0.031972 0.015383 
0.005638 0.035728 0.000000 0.003986 0.042885 0.022763 0.020853 0.000076 0.000008 0.000002 0.868063 
0.076736 0.483143 0.000000 0.044912 0.062729 0.276292 0.000001 0.000089 0.000012 0.000004 0.056080 
0.007362 0.096320 0.029251 0.427089 0.041988 0.197423 0.000001 0.017324 0.132393 0.030040 0.020809 
0.024034 0.141152 0.412941 0.054589 0.232583 0.067038 0.000002 0.025526 0.000010 0.014781 0.027345 
0.000068 0.307537 0.000000 0.225260 0.033104 0.156996 0.020400 0.031717 0.175448 0.000003 0.049466 
0.199666 0.178367 0.000000 0.117104 0.038747 0.267195 0.000002 0.186232 0.000009 0.000002 0.012676 
0.038608 0.127631 0.000000 0.150596 0.172558 0.190994 0.000002 0.000071 0.021361 0.186848 0.111332 
0.000067 0.025569 0.000000 0.002445 0.053475 0.002218 0.866977 0.019340 0.000015 0.000001 0.029895 
0.041107 0.112085 0.045233 0.024957 0.335416 0.133901 0.047409 0.046075 0.021604 0.012119 0.180093 
0.009356 0.046113 0.000000 0.412344 0.012485 0.081176 0.000002 0.021369 0.297386 0.022176 0.097594 
0.038486 0.156069 0.000000 0.030125 0.039232 0.099513 0.123754 0.366263 0.000010 0.051797 0.094751 
0.019128 0.202717 0.000000 0.091382 0.057916 0.391885 0.000001 0.070991 0.021131 0.087804 0.057045 
0.000090 0.010568 0.000000 0.017376 0.033373 0.001197 0.925981 0.004354 0.000004 0.000001 0.007055 
0.439397 0.198469 0.049638 0.060773 0.044018 0.179421 0.000002 0.000113 0.000010 0.000002 0.028157 
0.000154 0.067124 0.056531 0.023201 0.223873 0.005794 0.559452 0.000090 0.000007 0.003980 0.059794 
0.042444 0.255343 0.048085 0.035061 0.019597 0.155365 0.000002 0.270663 0.045648 0.078310 0.049482 
0.011839 0.051865 0.000000 0.302740 0.047092 0.199661 0.000002 0.233146 0.107839 0.008110 0.037707 
0.000101 0.045477 0.000000 0.043442 0.138868 0.007296 0.461178 0.210339 0.000009 0.000002 0.093288 
0.034609 0.233485 0.000000 0.069412 0.016673 0.282945 0.000001 0.016846 0.000010 0.300653 0.045366 
0.000051 0.042594 0.451807 0.040055 0.348743 0.027223 0.009276 0.041169 0.009350 0.000003 0.029727 
0.046791 0.101376 0.027876 0.062701 0.246960 0.227520 0.000001 0.020853 0.013371 0.159907 0.092643 
0.008835 0.100283 0.280055 0.020626 0.362303 0.017730 0.120781 0.000097 0.005875 0.027018 0.056396 
0.000055 0.055910 0.210790 0.314302 0.175106 0.013485 0.036194 0.000052 0.158455 0.015421 0.020231 
0.039703 0.080971 0.000000 0.173784 0.055323 0.299401 0.038793 0.029290 0.011825 0.000003 0.270906 
0.066632 0.378680 0.047081 0.041920 0.063442 0.248734 0.000002 0.000075 0.029281 0.024737 0.099416 
0.000086 0.046638 0.050644 0.386304 0.033491 0.069774 0.146770 0.015162 0.164184 0.053670 0.033278 
0.041432 0.181751 0.038989 0.077046 0.529332 0.041631 0.000002 0.027462 0.000009 0.017485 0.044862 
0.093520 0.442861 0.022035 0.055245 0.039770 0.244044 0.000002 0.048907 0.019247 0.010644 0.023724 
0.128171 0.257674 0.219037 0.048332 0.147427 0.151538 0.000002 0.000101 0.010672 0.000003 0.037043 
0.041833 0.074567 0.000000 0.409545 0.020010 0.140781 0.000002 0.000093 0.230867 0.050990 0.031313 
0.006444 0.033684 0.000000 0.031316 0.015247 0.106235 0.000002 0.756127 0.000010 0.000004 0.050931 
0.106569 0.105234 0.030809 0.276863 0.047563 0.189806 0.000002 0.057298 0.113507 0.051473 0.020878 
0.088906 0.017604 0.000000 0.033294 0.051747 0.016437 0.753825 0.015015 0.007432 0.000002 0.015737 
0.018742 0.037406 0.465640 0.018073 0.389010 0.015039 0.000001 0.000044 0.012298 0.000004 0.043741 
0.059055 0.199110 0.000000 0.088809 0.007795 0.318128 0.000001 0.067903 0.020817 0.234844 0.003539 
0.066750 0.169332 0.000000 0.100656 0.017082 0.316742 0.056329 0.000083 0.009074 0.206623 0.057327 
0.000110 0.219222 0.045680 0.018970 0.045470 0.105449 0.459463 0.000062 0.039792 0.022553 0.043227 
0.081690 0.397807 0.000000 0.037539 0.061408 0.158020 0.000002 0.012654 0.054477 0.060622 0.135781 
0.076938 0.115165 0.000000 0.115585 0.069631 0.278888 0.000002 0.000083 0.000009 0.147197 0.196501 
0.054742 0.151568 0.039179 0.130732 0.001776 0.305959 0.000001 0.040294 0.000013 0.213302 0.062434 
0.026555 0.077760 0.337753 0.054387 0.215022 0.023408 0.000002 0.229311 0.010189 0.000004 0.025610 
0.000061 0.164233 0.000000 0.052912 0.408350 0.131823 0.021627 0.000073 0.000012 0.046452 0.174456 
0.056729 0.103303 0.000000 0.231784 0.066024 0.518364 0.000002 0.022307 0.000009 0.000003 0.001476 
0.048260 0.115086 0.000000 0.194228 0.045725 0.427849 0.134415 0.000081 0.000008 0.000003 0.034345 
0.000083 0.153096 0.117523 0.071199 0.576302 0.015832 0.000002 0.035822 0.000008 0.000003 0.030131 
0.000086 0.076296 0.055168 0.339602 0.034097 0.101126 0.000002 0.166566 0.140105 0.046573 0.040380 
0.000084 0.046876 0.000000 0.003192 0.052766 0.008464 0.868357 0.008193 0.000009 0.000001 0.012058 
0.096466 0.130640 0.000000 0.128549 0.013914 0.305974 0.000002 0.000063 0.022301 0.239996 0.062095 
0.007464 0.017546 0.000000 0.000269 0.003930 0.008048 0.000001 0.000052 0.000011 0.000001 0.962679 
0.000071 0.047753 0.274233 0.024977 0.202357 0.022571 0.048481 0.017680 0.005712 0.027236 0.328929 
0.506029 0.182094 0.000000 0.078352 0.040409 0.159317 0.000002 0.000109 0.000011 0.000003 0.033673 
0.087753 0.142154 0.000000 0.158911 0.020148 0.117893 0.405274 0.000060 0.032249 0.000003 0.035555 
0.005887 0.090902 0.000000 0.097757 0.045352 0.294845 0.000002 0.085944 0.000010 0.000002 0.379298 
0.000102 0.037491 0.000000 0.424904 0.000318 0.055733 0.112796 0.000078 0.258338 0.078294 0.031947 
0.062496 0.092207 0.125038 0.059420 0.338683 0.070494 0.000002 0.019590 0.004428 0.000002 0.227640 
0.021051 0.122841 0.000000 0.192551 0.061541 0.573772 0.000002 0.019008 0.000009 0.000003 0.009222 
0.062032 0.228254 0.000000 0.053880 0.081345 0.270316 0.000002 0.000071 0.020682 0.219421 0.063997 
0.000048 0.044491 0.539916 0.001355 0.322656 0.004267 0.035233 0.013200 0.008212 0.000002 0.030619 
0.070729 0.156834 0.000000 0.024599 0.019652 0.094062 0.000002 0.130506 0.000013 0.000004 0.503599 
0.090155 0.156856 0.000000 0.082917 0.004596 0.284783 0.000002 0.000069 0.054444 0.234307 0.091873 
0.000077 0.107224 0.328257 0.097306 0.181704 0.137373 0.023772 0.000084 0.044891 0.058546 0.020765 
0.385148 0.318698 0.000000 0.015282 0.052427 0.199584 0.000002 0.006398 0.000010 0.000002 0.022450 
0.000093 0.024443 0.000000 0.016696 0.038656 0.001754 0.766942 0.049472 0.000005 0.000002 0.101937 
0.000054 0.036117 0.000000 0.009504 0.059618 0.049897 0.000002 0.010223 0.000011 0.000002 0.834573 
0.274365 0.222042 0.000000 0.040512 0.061978 0.152228 0.147330 0.000046 0.000011 0.051322 0.050166 
0.000098 0.019115 0.000000 0.007951 0.049486 0.014314 0.773313 0.013408 0.000009 0.000005 0.122302 
0.088612 0.137441 0.133570 0.155912 0.124166 0.142020 0.000002 0.000056 0.089037 0.079771 0.049414 
0.031456 0.165609 0.000000 0.019161 0.026315 0.100102 0.000002 0.515345 0.000015 0.081552 0.060443 
0.000100 0.082676 0.000000 0.206801 0.047089 0.190889 0.269070 0.051207 0.092227 0.030510 0.029432 
0.022259 0.212493 0.000000 0.089363 0.458719 0.075701 0.000002 0.012324 0.031357 0.023462 0.074320 
0.084407 0.100409 0.000000 0.120862 0.096509 0.253377 0.000002 0.288066 0.000009 0.000003 0.056356 
0.035964 0.143140 0.106027 0.051725 0.057292 0.226839 0.257554 0.008010 0.011385 0.098249 0.003814 
0.029395 0.023470 0.000000 0.027107 0.063723 0.072355 0.763363 0.000048 0.000013 0.000001 0.020526 
0.048058 0.127423 0.000000 0.274076 0.033259 0.377978 0.000002 0.000068 0.061743 0.045691 0.031702 
0.047654 0.211983 0.033612 0.003594 0.030356 0.131062 0.482271 0.000078 0.000012 0.019025 0.040352 
0.019601 0.068078 0.468687 0.022845 0.301727 0.027986 0.000001 0.000033 0.009832 0.000002 0.081209 
0.024134 0.157428 0.000000 0.173863 0.050190 0.308585 0.024712 0.119259 0.000009 0.000003 0.141815 
0.010494 0.036602 0.026844 0.278340 0.011454 0.015833 0.000002 0.357065 0.100299 0.015371 0.147697 
0.000129 0.105326 0.000000 0.026839 0.033430 0.142410 0.543363 0.000085 0.000009 0.109594 0.038814 
0.000204 0.069409 0.000000 0.265718 0.013244 0.014800 0.000002 0.000076 0.127992 0.053712 0.454843 
0.079664 0.426128 0.000000 0.047739 0.061079 0.262802 0.000002 0.000071 0.037216 0.031661 0.053639 
0.012092 0.029497 0.000000 0.355169 0.134323 0.093554 0.000002 0.108289 0.136237 0.045050 0.085787 
0.000222 0.179858 0.058365 0.060750 0.448516 0.081103 0.000002 0.043284 0.014715 0.070695 0.042491 
0.000080 0.060546 0.000000 0.320057 0.036695 0.089954 0.210148 0.000061 0.245747 0.019325 0.017389 
0.065822 0.162151 0.000000 0.207023 0.047360 0.423495 0.000002 0.033400 0.000009 0.038323 0.022416 
0.019697 0.033464 0.000000 0.061711 0.124732 0.040902 0.043909 0.635891 0.000009 0.000003 0.039681 
0.030114 0.034120 0.000000 0.034584 0.029604 0.018871 0.815152 0.018683 0.000009 0.000003 0.018860 
0.173672 0.076837 0.000000 0.036873 0.016135 0.041975 0.281195 0.025494 0.000009 0.000003 0.347806 
0.009113 0.034485 0.000000 0.080630 0.028597 0.090022 0.000002 0.022161 0.000012 0.000002 0.734976 
0.000049 0.046916 0.000000 0.463768 0.021163 0.025654 0.000001 0.000041 0.336378 0.073222 0.032807 
0.021213 0.166362 0.000000 0.358174 0.026400 0.244020 0.000002 0.022462 0.152280 0.000004 0.009084 
0.000092 0.044388 0.066580 0.018284 0.045895 0.035000 0.000002 0.088389 0.005946 0.013236 0.682188 
0.008903 0.110392 0.000000 0.161242 0.031686 0.302360 0.292842 0.033555 0.018259 0.031033 0.009728 
0.003675 0.033910 0.000000 0.502928 0.010359 0.023267 0.000002 0.007491 0.241105 0.145405 0.031858 
0.025805 0.060409 0.000000 0.062635 0.039815 0.066175 0.682714 0.000066 0.006197 0.041888 0.014295 
0.041761 0.266690 0.000000 0.024422 0.067648 0.151084 0.000002 0.384799 0.020614 0.000003 0.042976 
0.000079 0.095036 0.064421 0.164188 0.405802 0.104654 0.031955 0.015603 0.095856 0.000003 0.022402 
0.000065 0.003586 0.000000 0.147283 0.072348 0.014710 0.660303 0.000033 0.046912 0.024735 0.030024 
0.023700 0.061806 0.000000 0.391922 0.038972 0.068291 0.000002 0.053910 0.170808 0.144286 0.046304 
0.014184 0.189961 0.000000 0.056851 0.561273 0.062205 0.000002 0.027730 0.000010 0.009617 0.078167 
0.046364 0.176147 0.000000 0.141669 0.123581 0.204697 0.000002 0.014594 0.062292 0.200311 0.030343 
0.015079 0.148931 0.000000 0.044765 0.023175 0.150424 0.000002 0.000061 0.000009 0.000002 0.617550 
0.000189 0.258566 0.000000 0.079130 0.501203 0.043237 0.017031 0.061930 0.019389 0.000003 0.019322 
0.119927 0.350112 0.000000 0.011666 0.062962 0.215135 0.000001 0.162109 0.026925 0.000003 0.051160 
0.077960 0.468742 0.000000 0.022296 0.065467 0.225200 0.000002 0.000094 0.024545 0.043291 0.072402 
0.038632 0.166074 0.040963 0.107073 0.024851 0.098716 0.166931 0.000079 0.047879 0.000004 0.308798 
0.074564 0.083269 0.000000 0.216381 0.058446 0.501434 0.000002 0.020161 0.006113 0.025481 0.014151 
0.000026 0.001274 0.000000 0.009213 0.006852 0.009833 0.000001 0.000065 0.004753 0.000002 0.967980 
0.033391 0.124344 0.000000 0.225109 0.056421 0.510439 0.000002 0.005647 0.022933 0.020801 0.000913 
0.024431 0.169549 0.000000 0.069169 0.483690 0.047158 0.119755 0.017045 0.008026 0.019954 0.041223 
0.000092 0.079937 0.000000 0.062679 0.275328 0.044600 0.032793 0.430814 0.026594 0.000004 0.047159 
0.015199 0.129311 0.260401 0.124848 0.248561 0.160925 0.000002 0.004837 0.031778 0.000002 0.024136 
0.000143 0.034896 0.000000 0.290218 0.018130 0.057018 0.380486 0.000064 0.135548 0.064442 0.019056 
0.254764 0.172171 0.000000 0.267033 0.022154 0.123617 0.000002 0.000068 0.131975 0.000003 0.028213 
0.018069 0.078105 0.038886 0.415850 0.029217 0.059849 0.000002 0.047442 0.224510 0.062056 0.026016 
0.032151 0.254443 0.000000 0.028693 0.053226 0.187365 0.227983 0.052960 0.040217 0.040878 0.082084 
0.176072 0.105974 0.000000 0.030401 0.038671 0.079077 0.150903 0.000071 0.000008 0.000002 0.418821 
0.092720 0.068857 0.000000 0.064416 0.121779 0.065053 0.000001 0.514440 0.009372 0.032215 0.031146 
0.000114 0.054045 0.000000 0.258500 0.018260 0.046975 0.036601 0.372334 0.182144 0.000003 0.031023 
0.000126 0.032485 0.058475 0.001838 0.090335 0.007513 0.803749 0.000024 0.000005 0.000002 0.005448 
0.022728 0.429588 0.000000 0.053594 0.212482 0.118992 0.032728 0.020187 0.062760 0.000004 0.046935 
0.000058 0.094758 0.241034 0.087301 0.461094 0.021349 0.000002 0.010890 0.000009 0.014703 0.068802 
0.032857 0.099925 0.000000 0.136883 0.035148 0.401171 0.000002 0.000074 0.007672 0.128345 0.157923 
0.000129 0.043419 0.000000 0.019974 0.144618 0.034096 0.124372 0.561326 0.000010 0.000002 0.072053 
0.007357 0.077913 0.000000 0.227763 0.026568 0.286677 0.000002 0.015636 0.066760 0.036135 0.255189 
0.037371 0.109562 0.000000 0.236945 0.054585 0.497175 0.000001 0.013056 0.021813 0.014258 0.015233 
0.049464 0.187844 0.000000 0.068793 0.032938 0.320877 0.136446 0.000068 0.005581 0.152998 0.044990 
0.015614 0.057864 0.000000 0.058662 0.013484 0.132331 0.000002 0.000068 0.000010 0.015724 0.706241 
0.004074 0.006515 0.000000 0.010125 0.022892 0.012913 0.000002 0.892236 0.007936 0.000002 0.043306 
0.009057 0.191269 0.000000 0.127550 0.410070 0.071675 0.020886 0.026153 0.068527 0.000003 0.074810 
0.000076 0.041000 0.369350 0.013507 0.224803 0.034090 0.000001 0.171895 0.008416 0.000003 0.136860 
0.000118 0.042777 0.000000 0.242071 0.021742 0.108812 0.459840 0.000057 0.072553 0.033538 0.018492 
0.000064 0.083127 0.401822 0.021332 0.247970 0.012360 0.000002 0.203435 0.005512 0.000003 0.024372 
0.012036 0.086012 0.000000 0.059038 0.028798 0.097296 0.000002 0.612975 0.000012 0.025958 0.077873 
0.029709 0.150202 0.000000 0.058309 0.561933 0.064982 0.000002 0.000072 0.006486 0.008110 0.120194 
0.000108 0.002426 0.000000 0.000498 0.033207 0.037896 0.022182 0.000057 0.000009 0.000001 0.903616 
0.044268 0.166776 0.000000 0.219443 0.050263 0.482126 0.000002 0.017285 0.000009 0.011117 0.008711 
0.004681 0.050169 0.000000 0.435792 0.017380 0.075660 0.000002 0.000064 0.232926 0.058306 0.125019 
0.000138 0.061634 0.000000 0.226769 0.027457 0.028590 0.508238 0.010271 0.061478 0.029760 0.045665 
0.376933 0.223374 0.000000 0.122649 0.118426 0.129173 0.000002 0.022728 0.000009 0.000002 0.006704 
0.000043 0.059027 0.000000 0.009496 0.029828 0.052762 0.000001 0.797716 0.000007 0.014485 0.036635 
0.108744 0.077922 0.000000 0.061333 0.014664 0.064439 0.000002 0.000077 0.000008 0.000003 0.672808 
0.032144 0.179319 0.000000 0.042841 0.015591 0.352717 0.000002 0.011362 0.006085 0.214051 0.145888 
0.055904 0.289857 0.000000 0.093364 0.161965 0.310410 0.000002 0.018547 0.013806 0.011392 0.044753 
0.095829 0.171537 0.000000 0.120143 0.013324 0.324132 0.000002 0.027873 0.000010 0.222819 0.024332 
0.000120 0.028877 0.038125 0.437089 0.005917 0.071054 0.000002 0.110313 0.230422 0.045560 0.032522 
0.025875 0.091937 0.000000 0.155099 0.037829 0.255714 0.000002 0.421573 0.000009 0.000003 0.011960 
0.449638 0.238826 0.000000 0.089963 0.034002 0.157151 0.000002 0.000086 0.000011 0.000003 0.030317 
0.067904 0.121956 0.000000 0.276341 0.041004 0.456033 0.000002 0.010106 0.018580 0.000004 0.008071 
0.018036 0.131001 0.000000 0.194389 0.312073 0.185553 0.000002 0.006143 0.073705 0.034414 0.044684 
0.000114 0.062611 0.000000 0.186794 0.114593 0.086377 0.196973 0.116678 0.067748 0.000003 0.168108 
0.124172 0.054376 0.000000 0.076697 0.025163 0.056616 0.108801 0.033644 0.012586 0.000002 0.507943 
0.010986 0.090059 0.000000 0.016029 0.051645 0.118560 0.000002 0.000076 0.000010 0.027149 0.685485 
0.000092 0.131170 0.000000 0.493579 0.027992 0.063815 0.027063 0.000058 0.178098 0.034784 0.043348 
0.035383 0.238400 0.062978 0.008927 0.052037 0.192254 0.000002 0.309102 0.011125 0.051585 0.038208 
0.230298 0.192970 0.062990 0.061509 0.279119 0.107730 0.018706 0.031621 0.000009 0.000005 0.015043 
0.000114 0.057068 0.000000 0.123667 0.084735 0.020991 0.000002 0.621133 0.063147 0.000003 0.029140 
0.265678 0.213982 0.000000 0.102119 0.037505 0.145751 0.059181 0.112376 0.022648 0.000003 0.040758 
0.027240 0.069529 0.000000 0.080149 0.207464 0.004001 0.523846 0.000078 0.003820 0.000001 0.083872 
0.046012 0.106090 0.000000 0.211937 0.056049 0.516528 0.000002 0.059171 0.000009 0.000003 0.004200 
0.005536 0.073195 0.473086 0.062617 0.299309 0.025968 0.000002 0.011025 0.038498 0.000004 0.010762 
0.012719 0.038197 0.000000 0.096083 0.016055 0.172545 0.000002 0.068250 0.000007 0.000003 0.596139 
0.000076 0.045402 0.000000 0.003625 0.024049 0.022090 0.461453 0.030103 0.000009 0.000003 0.413190 
0.023936 0.092487 0.000000 0.065691 0.255610 0.054664 0.000002 0.089710 0.007197 0.015380 0.395323 
0.112489 0.161873 0.000000 0.224498 0.072202 0.042528 0.118996 0.129658 0.082941 0.022564 0.032250 
0.476803 0.170466 0.038693 0.042123 0.059207 0.157035 0.000002 0.038860 0.006925 0.000003 0.009883 
0.029181 0.298580 0.000000 0.044009 0.027874 0.154406 0.000002 0.106034 0.015129 0.000003 0.324781 
0.234467 0.229665 0.000000 0.052094 0.271413 0.123301 0.000002 0.000043 0.011279 0.000003 0.077733 
0.065140 0.483629 0.000000 0.115179 0.048662 0.212254 0.000001 0.000062 0.000012 0.020619 0.054441 
0.050384 0.207827 0.000000 0.098041 0.014560 0.347323 0.000002 0.000098 0.007497 0.222990 0.051278 
0.150665 0.117073 0.033368 0.170816 0.003705 0.163132 0.000002 0.000080 0.101640 0.086746 0.172774 
0.125150 0.121997 0.000000 0.091099 0.459808 0.090290 0.000002 0.059310 0.000012 0.000003 0.052329 
0.127610 0.159043 0.000000 0.225683 0.213538 0.072139 0.012802 0.000095 0.074432 0.051000 0.063657 
0.018037 0.075123 0.000000 0.118474 0.027173 0.131641 0.000002 0.562184 0.006291 0.020438 0.040637 
0.007648 0.128031 0.000000 0.027180 0.059963 0.068398 0.000001 0.033268 0.037583 0.000003 0.637926 
0.000083 0.030829 0.000000 0.020140 0.000355 0.021162 0.000002 0.008127 0.000007 0.000003 0.919292 
0.075667 0.101961 0.034172 0.067223 0.140965 0.176567 0.324725 0.045518 0.000006 0.000003 0.033194 
0.190217 0.103270 0.000000 0.076484 0.043148 0.045689 0.329384 0.177097 0.000011 0.000003 0.034698 
0.063007 0.135850 0.000000 0.061413 0.423647 0.101117 0.066275 0.008317 0.017093 0.042682 0.080600 
0.052553 0.104063 0.000000 0.236060 0.012939 0.071309 0.041974 0.009248 0.103997 0.000004 0.367855 
0.204380 0.097508 0.050437 0.069068 0.056110 0.086675 0.000002 0.018480 0.000012 0.000003 0.417327 
0.144159 0.176011 0.000000 0.102956 0.019366 0.314920 0.000002 0.011808 0.000010 0.213634 0.017134 
0.470793 0.229445 0.000000 0.055302 0.037875 0.125680 0.000002 0.038048 0.000008 0.000002 0.042845 
0.013416 0.165688 0.000000 0.034899 0.503788 0.124649 0.066865 0.025598 0.023147 0.000003 0.041948 
0.182514 0.125467 0.000000 0.193317 0.048444 0.420345 0.000002 0.000073 0.009932 0.000002 0.019905 
0.041034 0.036074 0.000000 0.070478 0.000333 0.060806 0.031745 0.018336 0.025621 0.000003 0.715570 
0.053381 0.068731 0.424884 0.011519 0.362879 0.010886 0.035896 0.009821 0.010886 0.000002 0.011115 
0.054499 0.076802 0.000000 0.175491 0.080975 0.073540 0.411590 0.000064 0.063309 0.000004 0.063726 
0.000094 0.012009 0.000000 0.000683 0.035407 0.012376 0.725156 0.161294 0.000012 0.000002 0.052967 
0.004618 0.063379 0.526411 0.008873 0.348748 0.024160 0.006103 0.004491 0.000007 0.000002 0.013209 
0.000195 0.283469 0.000000 0.032930 0.051739 0.051680 0.474615 0.023314 0.049535 0.020281 0.012242 
0.054984 0.340093 0.020276 0.072635 0.037439 0.270140 0.000001 0.039376 0.000011 0.031590 0.133455 
0.003343 0.049567 0.000000 0.563189 0.000828 0.037080 0.000001 0.000074 0.257874 0.059525 0.028519 
0.007050 0.022893 0.066939 0.019477 0.095728 0.032694 0.000002 0.702022 0.010410 0.000004 0.042781 
0.197018 0.218379 0.000000 0.058489 0.341320 0.111586 0.037117 0.018738 0.000010 0.000002 0.017340 
0.000096 0.016289 0.000000 0.018453 0.030060 0.008115 0.240849 0.050896 0.000006 0.000004 0.635231 
0.015452 0.056428 0.000000 0.160240 0.162007 0.181551 0.000002 0.263800 0.018079 0.035487 0.106953 
0.449731 0.171371 0.000000 0.065286 0.032303 0.120586 0.000002 0.108168 0.000009 0.000002 0.052541 
0.013481 0.217838 0.000000 0.005106 0.025449 0.106653 0.000002 0.478506 0.026478 0.047225 0.079263 
0.007277 0.070443 0.000000 0.328588 0.044346 0.279975 0.000002 0.066606 0.094644 0.056982 0.051137 
0.000093 0.077977 0.033666 0.022744 0.106049 0.046731 0.000002 0.689712 0.000009 0.000003 0.023016 
