-975257.993393
0
0.000000 0.000000 0.000000 0.000000 0.000000 0.000000 0.000000 0.000000 0.000000 0.010721 0.000000 0.010854 0.000000 0.000000 0.000000 0.009941 0.099057 0.033032 0.082770 0.072035 0.000000 0.002312 0.004336 0.000000 0.000000 0.000000 0.000000 0.000000 0.000000 0.000000 0.000000 0.000000 0.035423 0.000000 0.000000 0.003572 0.000000 0.000000 0.000000 0.000000 0.000000 0.026378 0.045455 0.041634 0.000000 0.000000 0.000000 0.019250 0.012617 0.007721 0.000000 0.000000 0.000000 0.003318 0.000000 0.000000 0.000000 0.038861 0.000000 0.048467 0.000000 0.000000 0.000000 0.000000 0.048411 0.000000 0.040566 0.045312 0.000000 0.000000 0.000000 0.000000 0.018762 0.000000 0.000000 0.019856 0.000000 0.000000 0.000000 0.000000 0.000000 0.000000 0.000000 0.000000 0.000000 0.000000 0.000000 0.000000 0.042631 0.042766 0.050336 0.044171 0.016101 0.000000 0.003181 0.020153 
0.000000 0.000000 0.000000 0.000000 0.000000 0.000000 0.000000 0.000516 0.006032 0.001023 0.000000 0.001991 0.000000 0.000000 0.000000 0.000000 0.001935 0.000000 0.000350 0.001113 0.000000 0.000000 0.000000 0.000000 0.000000 0.000000 0.000000 0.000000 0.000000 0.000000 0.000000 0.000000 0.009686 0.000000 0.002456 0.005972 0.000000 0.000127 0.000000 0.000000 0.000683 0.000000 0.000000 0.000000 0.000000 0.000000 0.000000 0.000000 0.000000 0.000001 0.000000 0.000000 0.000000 0.000000 0.000000 0.000000 0.006142 0.000000 0.000000 0.002615 0.000000 0.000000 0.000000 0.000000 0.000000 0.000000 0.000000 0.000000 0.000000 0.000000 0.000000 0.000000 0.014781 0.008006 0.003133 0.013408 0.038643 0.000000 0.001277 0.070097 0.452919 0.069664 0.044042 0.243387 0.000000 0.000000 0.000000 0.000000 0.000001 0.000000 0.000000 0.000000 0.000000 0.000000 0.000000 0.000000 
0.000000 0.000000 0.005014 0.000000 0.044710 0.030467 0.010184 0.050139 0.036562 0.020526 0.000000 0.011074 0.003918 0.004955 0.000000 0.000000 0.000000 0.006539 0.000000 0.000000 0.000000 0.003419 0.014264 0.012925 0.000000 0.000000 0.000000 0.000000 0.033087 0.029628 0.008376 0.043458 0.017372 0.000000 0.000000 0.005084 0.004852 0.002945 0.005387 0.007466 0.034135 0.013853 0.000000 0.000000 0.000000 0.013667 0.021384 0.014142 0.000000 0.003662 0.000000 0.003459 0.024475 0.019296 0.002139 0.031973 0.046129 0.005326 0.000000 0.009389 0.000000 0.009344 0.009978 0.000000 0.000000 0.015995 0.000000 0.000000 0.007841 0.007055 0.028178 0.005821 0.000000 0.011120 0.000000 0.000000 0.033358 0.044635 0.004993 0.066078 0.000000 0.000000 0.000000 0.000000 0.000000 0.009648 0.005322 0.000000 0.009997 0.010561 0.000000 0.006686 0.000000 0.016702 0.018207 0.023099 
0.040813 0.033015 0.025744 0.025330 0.008469 0.002605 0.003189 0.000000 0.008343 0.000001 0.000000 0.001455 0.001946 0.001078 0.008789 0.000000 0.007542 0.000000 0.008121 0.000000 0.000000 0.000000 0.000000 0.000000 0.054358 0.080605 0.015417 0.054327 0.010072 0.008858 0.006567 0.005452 0.021727 0.015161 0.005964 0.019609 0.007905 0.008617 0.042862 0.008556 0.000000 0.000000 0.012003 0.004838 0.000000 0.000612 0.003475 0.000000 0.044172 0.046114 0.033217 0.030266 0.007238 0.009967 0.007458 0.002877 0.000000 0.008251 0.000000 0.007337 0.009011 0.003827 0.015121 0.000000 0.007043 0.000000 0.003473 0.000000 0.000000 0.000000 0.000000 0.000000 0.043211 0.068416 0.015690 0.041265 0.000000 0.008919 0.004077 0.000000 0.000000 0.000000 0.000000 0.000000 0.003002 0.001888 0.009418 0.000000 0.001204 0.000000 0.004114 0.000000 0.000000 0.000000 0.000000 0.000000 
0.000000 0.000000 0.001941 0.000000 0.001290 0.000000 0.000000 0.000000 0.034336 0.018729 0.000000 0.013125 0.000000 0.004594 0.000000 0.003338 0.005224 0.000000 0.036420 0.000000 0.000000 0.002565 0.000000 0.001404 0.016960 0.042927 0.019251 0.102889 0.000000 0.000000 0.000000 0.000000 0.000000 0.002725 0.065798 0.000003 0.000000 0.004226 0.000000 0.000000 0.007289 0.003881 0.045024 0.000000 0.000000 0.005717 0.008621 0.014483 0.004426 0.010549 0.004343 0.013564 0.000000 0.003425 0.000000 0.000000 0.095650 0.111031 0.117486 0.085274 0.000000 0.004535 0.000000 0.002983 0.017354 0.003144 0.017788 0.000000 0.000000 0.002209 0.000562 0.006720 0.000001 0.000000 0.000000 0.000000 0.000000 0.000000 0.000000 0.000000 0.000000 0.000000 0.000000 0.000000 0.000000 0.000000 0.000000 0.000000 0.007483 0.003245 0.007911 0.003702 0.000000 0.003425 0.001190 0.009243 
0.045169 0.040772 0.000000 0.038846 0.007568 0.004290 0.000000 0.006108 0.017903 0.005257 0.003470 0.026725 0.019117 0.016110 0.019819 0.024381 0.018318 0.007441 0.011182 0.029041 0.003259 0.000000 0.006591 0.001152 0.036947 0.027448 0.000000 0.035846 0.004252 0.003588 0.000000 0.007016 0.000000 0.004952 0.000000 0.022755 0.011891 0.020410 0.018036 0.030939 0.000000 0.012108 0.007541 0.013426 0.000000 0.000000 0.005516 0.000000 0.026529 0.016202 0.000000 0.026320 0.000000 0.003208 0.000000 0.004215 0.000000 0.000000 0.000000 0.005930 0.011889 0.008875 0.011105 0.022159 0.006901 0.006363 0.005342 0.008989 0.000000 0.000000 0.003511 0.003628 0.028363 0.021026 0.000000 0.042353 0.001064 0.000000 0.000000 0.000000 0.000000 0.000000 0.000000 0.012778 0.018948 0.015010 0.010059 0.033855 0.005358 0.006341 0.000000 0.012895 0.000000 0.000000 0.005594 0.000000 
0.004571 0.000000 0.000000 0.000000 0.000000 0.000000 0.000000 0.000000 0.004290 0.000002 0.000000 0.000004 0.018184 0.002279 0.005618 0.028426 0.004782 0.004349 0.002500 0.014453 0.066720 0.008513 0.005295 0.036116 0.004593 0.000000 0.000000 0.000000 0.000000 0.000000 0.000000 0.000000 0.000000 0.000000 0.000000 0.000002 0.005119 0.000000 0.003127 0.000000 0.031158 0.004800 0.012632 0.034868 0.048319 0.011421 0.020637 0.088195 0.010458 0.007078 0.000000 0.007265 0.000000 0.000000 0.000000 0.004580 0.004400 0.000001 0.000000 0.000014 0.001945 0.000703 0.000000 0.000000 0.000000 0.015435 0.004562 0.002374 0.011129 0.001699 0.005643 0.035267 0.027147 0.000000 0.000000 0.036326 0.000000 0.000000 0.000000 0.001505 0.000000 0.000000 0.000000 0.007513 0.032930 0.000000 0.020303 0.013681 0.013966 0.006959 0.000000 0.033149 0.093392 0.015466 0.011903 0.102231 
0.000000 0.000000 0.000000 0.008843 0.000000 0.000000 0.000000 0.000000 0.000000 0.003054 0.011074 0.003955 0.000000 0.000000 0.000000 0.000000 0.000000 0.004241 0.000000 0.002050 0.000000 0.003755 0.001396 0.016397 0.002477 0.000000 0.001515 0.015696 0.000000 0.000000 0.000000 0.000000 0.000000 0.000000 0.010680 0.002744 0.000000 0.000000 0.000000 0.000000 0.000000 0.000000 0.000000 0.000000 0.002760 0.001164 0.003404 0.019918 0.000000 0.000983 0.000000 0.008577 0.000000 0.000000 0.000000 0.000000 0.000000 0.013096 0.028508 0.013805 0.000000 0.000000 0.000000 0.000000 0.006018 0.011093 0.004864 0.012026 0.000000 0.002303 0.000697 0.002587 0.038788 0.011610 0.004330 0.334438 0.000000 0.000000 0.000000 0.000000 0.000000 0.014021 0.226278 0.038016 0.000000 0.000000 0.000000 0.002834 0.001363 0.009074 0.005616 0.008996 0.005266 0.010084 0.001856 0.067750 
0.003699 0.004176 0.000000 0.000000 0.000000 0.000000 0.000000 0.000000 0.037376 0.017851 0.262296 0.014226 0.002087 0.000000 0.000000 0.006035 0.004467 0.006813 0.003868 0.000000 0.000000 0.002292 0.000000 0.003782 0.000000 0.000000 0.000000 0.000000 0.000000 0.000000 0.000000 0.000000 0.017523 0.019310 0.150358 0.014100 0.000000 0.000000 0.000000 0.000000 0.006888 0.001566 0.002965 0.003853 0.000000 0.003138 0.000000 0.000000 0.000000 0.002845 0.000000 0.000000 0.000000 0.002572 0.000000 0.000000 0.038997 0.033212 0.169207 0.016651 0.000000 0.000000 0.000000 0.000000 0.007007 0.007839 0.001374 0.007511 0.000000 0.000000 0.000000 0.000000 0.003593 0.008397 0.004184 0.000000 0.000000 0.000000 0.000000 0.000000 0.000000 0.000000 0.091653 0.000000 0.002400 0.000000 0.000000 0.000000 0.005014 0.000000 0.008873 0.000000 0.000000 0.000000 0.000000 0.000000 
0.000000 0.000000 0.000000 0.000000 0.000000 0.000000 0.000000 0.000000 0.000000 0.020013 0.000000 0.003786 0.000000 0.000843 0.000000 0.002942 0.000000 0.000000 0.000000 0.000000 0.000000 0.000000 0.000000 0.000000 0.000000 0.000000 0.000000 0.000000 0.000000 0.000000 0.000000 0.000000 0.079604 0.107569 0.020312 0.081033 0.000000 0.001065 0.000401 0.000607 0.000000 0.000613 0.000631 0.004083 0.000000 0.000000 0.000686 0.000000 0.000000 0.000000 0.000000 0.000000 0.000000 0.000000 0.000000 0.000000 0.000000 0.021459 0.000000 0.016271 0.000000 0.000000 0.000000 0.000843 0.000000 0.000000 0.000000 0.008375 0.000000 0.000000 0.001261 0.000000 0.000000 0.000000 0.000000 0.000000 0.000000 0.000000 0.000000 0.000000 0.125170 0.296864 0.098397 0.093226 0.000000 0.001120 0.000777 0.004534 0.000001 0.001200 0.001347 0.001553 0.000000 0.001072 0.000796 0.001544 
0.000457 0.000014 0.066067 0.031427 0.000000 0.759707 0.063824 0.000004 0.073054 0.005445 
0.051736 0.024915 0.142156 0.000078 0.000000 0.214389 0.000007 0.149808 0.384307 0.032602 
0.006143 0.921638 0.000414 0.003115 0.000000 0.006498 0.002736 0.000004 0.033269 0.026184 
0.054248 0.112904 0.345473 0.045307 0.000000 0.323172 0.031835 0.012178 0.033006 0.041876 
0.007018 0.000023 0.047919 0.402602 0.000000 0.093345 0.010481 0.000003 0.010565 0.428044 
0.000467 0.000023 0.125497 0.578064 0.000000 0.231996 0.011084 0.000003 0.005536 0.047331 
0.126396 0.008266 0.099923 0.000077 0.000000 0.210225 0.271724 0.068141 0.172259 0.042989 
0.031828 0.086920 0.063043 0.000073 0.000000 0.669056 0.035973 0.017820 0.035633 0.059654 
0.000110 0.929728 0.000088 0.000054 0.000000 0.005705 0.000001 0.000002 0.003334 0.060978 
0.090979 0.012322 0.017759 0.140040 0.000000 0.151351 0.000005 0.000004 0.531839 0.055700 
0.000429 0.016306 0.083096 0.000074 0.000000 0.828637 0.020224 0.000004 0.046312 0.004917 
0.031783 0.000024 0.056498 0.176617 0.213422 0.256586 0.000006 0.010730 0.240195 0.014139 
0.158582 0.000023 0.106248 0.052642 0.000000 0.201478 0.038502 0.203223 0.040753 0.198548 
0.179497 0.220591 0.133990 0.043190 0.050162 0.245640 0.031201 0.000003 0.036123 0.059603 
0.049723 0.029940 0.405584 0.056540 0.048886 0.292455 0.013336 0.000004 0.099957 0.003576 
0.052639 0.089773 0.016132 0.086924 0.000000 0.152086 0.109420 0.000003 0.012046 0.480977 
0.033514 0.068089 0.083158 0.312863 0.000000 0.146378 0.072660 0.033381 0.216899 0.033058 
0.170537 0.000019 0.178257 0.063611 0.000000 0.257106 0.008498 0.000004 0.237658 0.084310 
0.199420 0.013219 0.175318 0.038442 0.000000 0.291732 0.132097 0.000004 0.059708 0.090060 
0.010361 0.290325 0.006337 0.000058 0.080406 0.059631 0.000006 0.070020 0.022996 0.459860 
0.000453 0.000020 0.072997 0.039254 0.000000 0.483000 0.023543 0.000004 0.055736 0.324994 
0.124009 0.000024 0.028409 0.031658 0.299444 0.078273 0.008303 0.000004 0.357296 0.072580 
0.021439 0.000023 0.097048 0.397950 0.000000 0.179819 0.007949 0.000004 0.020694 0.275074 
0.193133 0.006853 0.179691 0.057205 0.000000 0.356105 0.075959 0.000003 0.065576 0.065475 
0.046850 0.000017 0.043388 0.024199 0.000000 0.049130 0.000008 0.000004 0.004018 0.832385 
0.000317 0.000027 0.044798 0.000068 0.039590 0.335241 0.022498 0.037021 0.463860 0.056580 
0.000619 0.163137 0.032555 0.287549 0.043480 0.103179 0.000004 0.343606 0.001815 0.024055 
0.112740 0.000023 0.111783 0.030672 0.000000 0.125762 0.016005 0.000004 0.035564 0.567447 
0.075625 0.019516 0.093871 0.039868 0.000000 0.528651 0.187376 0.000003 0.040192 0.014897 
0.021820 0.044641 0.046321 0.054618 0.151806 0.429252 0.029870 0.000004 0.212097 0.009572 
0.146572 0.254123 0.105798 0.000058 0.028324 0.178033 0.000007 0.013107 0.041558 0.232420 
0.144078 0.000022 0.173304 0.295828 0.030784 0.248515 0.024173 0.000004 0.027845 0.055447 
0.137324 0.213389 0.124822 0.000075 0.068664 0.272627 0.044839 0.000003 0.088622 0.049634 
0.072337 0.000021 0.006331 0.000075 0.000000 0.130747 0.000007 0.231910 0.346098 0.212474 
0.024559 0.766157 0.061627 0.000063 0.000000 0.073046 0.000008 0.000003 0.009136 0.065401 
0.009784 0.006154 0.086225 0.000084 0.000000 0.587255 0.034304 0.210278 0.048499 0.017417 
0.019883 0.000016 0.003547 0.036773 0.000000 0.053278 0.073777 0.492819 0.015494 0.304413 
0.021052 0.740174 0.016747 0.000080 0.079868 0.032639 0.022658 0.000004 0.044198 0.042579 
0.096455 0.029487 0.052161 0.155803 0.000000 0.139156 0.000005 0.457662 0.034858 0.034413 
0.000528 0.010940 0.104311 0.475832 0.000000 0.326557 0.000007 0.000003 0.039328 0.042495 
0.031033 0.000017 0.001169 0.049406 0.131829 0.046148 0.000004 0.595479 0.071751 0.073163 
0.124236 0.017832 0.120327 0.433850 0.000000 0.200762 0.020324 0.000003 0.047439 0.035226 
0.053880 0.019227 0.070766 0.375219 0.035315 0.202410 0.069707 0.124146 0.021898 0.027432 
0.203317 0.007108 0.101844 0.000086 0.082834 0.213923 0.020147 0.000004 0.286813 0.083923 
0.000473 0.511909 0.047675 0.365647 0.000000 0.041341 0.000003 0.000004 0.020219 0.012730 
0.081905 0.000019 0.104811 0.043097 0.039152 0.178787 0.153080 0.000004 0.010079 0.389065 
0.000467 0.013106 0.052113 0.034326 0.000000 0.670253 0.047961 0.051519 0.113907 0.016349 
0.176536 0.000029 0.053632 0.000066 0.000000 0.182108 0.482465 0.033330 0.048912 0.022922 
0.008063 0.120427 0.057771 0.425084 0.173829 0.065447 0.000004 0.000004 0.108250 0.041122 
0.047483 0.000022 0.013792 0.013891 0.000000 0.028697 0.000005 0.762046 0.009234 0.124831 
0.002684 0.208574 0.031811 0.072876 0.097567 0.307981 0.000007 0.026951 0.241399 0.010151 
0.076835 0.407076 0.048251 0.000076 0.000000 0.233820 0.076114 0.000003 0.017873 0.139951 
0.019316 0.583904 0.185940 0.000070 0.014756 0.168422 0.000009 0.000004 0.000524 0.027055 
0.000418 0.489297 0.005268 0.053817 0.263698 0.032431 0.000006 0.029280 0.089023 0.036761 
0.098009 0.021906 0.210970 0.041903 0.000000 0.212273 0.010393 0.000004 0.228119 0.176423 
0.018561 0.198940 0.067718 0.354338 0.000000 0.111031 0.066517 0.132571 0.013260 0.037063 
0.000556 0.944045 0.000342 0.000029 0.000000 0.017449 0.000011 0.000004 0.016145 0.021419 
0.000279 0.019850 0.004854 0.000047 0.000000 0.045809 0.000008 0.000005 0.000168 0.928979 
0.052361 0.000025 0.280157 0.065761 0.129190 0.266739 0.020379 0.000004 0.089409 0.095974 
0.096472 0.000026 0.078471 0.000067 0.055639 0.183615 0.386910 0.000004 0.113307 0.085488 
0.229988 0.000023 0.136768 0.038267 0.077458 0.207169 0.036627 0.000004 0.198702 0.074994 
0.053246 0.000024 0.000696 0.000049 0.210419 0.021305 0.015851 0.449492 0.141396 0.107523 
0.009286 0.011292 0.003030 0.000065 0.000000 0.073762 0.000006 0.883513 0.000942 0.018104 
0.089305 0.000022 0.027781 0.024376 0.000000 0.072413 0.063459 0.026762 0.015926 0.679956 
0.010107 0.008039 0.047804 0.064432 0.000000 0.368403 0.015354 0.269441 0.013824 0.202596 
0.000767 0.000023 0.000720 0.006786 0.000000 0.063514 0.000007 0.903675 0.002580 0.021930 
0.063061 0.000027 0.010902 0.000068 0.379056 0.031873 0.000006 0.000004 0.328603 0.186401 
0.009630 0.000019 0.006486 0.017428 0.000000 0.027632 0.005808 0.000003 0.000398 0.932596 
0.149158 0.025408 0.058654 0.022682 0.000000 0.113999 0.404044 0.061011 0.058083 0.106961 
0.071023 0.000029 0.102168 0.269358 0.000000 0.181363 0.180185 0.108323 0.058747 0.028803 
0.013159 0.806086 0.036732 0.000068 0.000000 0.057002 0.000005 0.000004 0.015972 0.070973 
0.107639 0.000025 0.053298 0.000071 0.052783 0.135038 0.000008 0.026388 0.553483 0.071266 
0.036343 0.000021 0.099472 0.107010 0.018423 0.633336 0.000008 0.000003 0.066272 0.039112 
0.000379 0.127730 0.025609 0.000052 0.287234 0.016642 0.000006 0.011928 0.188682 0.341738 
0.000146 0.016199 0.026073 0.088206 0.000000 0.027078 0.000004 0.000003 0.000205 0.842087 
0.036611 0.105138 0.038013 0.552068 0.026493 0.042487 0.000008 0.158501 0.013427 0.027255 
0.135501 0.010059 0.116992 0.168222 0.000000 0.115200 0.019561 0.000004 0.383953 0.050508 
0.054100 0.000020 0.022828 0.010344 0.000000 0.050464 0.000006 0.580529 0.002673 0.279036 
0.053594 0.026505 0.008353 0.018050 0.000000 0.110578 0.008795 0.400238 0.337316 0.036571 
0.091617 0.031892 0.069779 0.000081 0.000000 0.134348 0.022202 0.348419 0.220938 0.080723 
0.170093 0.000019 0.140979 0.050646 0.054100 0.180474 0.148460 0.182189 0.018677 0.054363 
0.031740 0.005441 0.006285 0.000074 0.093618 0.028511 0.000005 0.785005 0.022551 0.026769 
0.075949 0.006133 0.390839 0.062963 0.000000 0.352838 0.040590 0.030893 0.010762 0.029033 
0.106361 0.079731 0.046661 0.033509 0.000000 0.162805 0.147959 0.352493 0.010839 0.059642 
0.008026 0.112434 0.017361 0.000054 0.000000 0.021955 0.013425 0.037760 0.004755 0.784230 
0.038294 0.000015 0.007261 0.000082 0.191231 0.003914 0.000005 0.578189 0.159766 0.021243 
0.015073 0.090625 0.039678 0.000090 0.000000 0.182365 0.000005 0.107040 0.122681 0.442444 
0.086725 0.025652 0.017566 0.019619 0.000000 0.113235 0.094980 0.021618 0.601454 0.019151 
0.028733 0.010172 0.011576 0.000062 0.120065 0.068553 0.057024 0.480500 0.198502 0.024815 
0.030645 0.000018 0.037700 0.209771 0.000000 0.167370 0.187493 0.000003 0.017002 0.349997 
0.003550 0.000023 0.010427 0.000070 0.000000 0.032430 0.000003 0.000003 0.000201 0.953293 
0.084493 0.013233 0.024649 0.000079 0.059745 0.158156 0.009894 0.032499 0.565276 0.051977 
0.073987 0.012436 0.072544 0.133467 0.000000 0.154586 0.000007 0.019561 0.447462 0.085949 
0.173478 0.036214 0.334608 0.036681 0.000000 0.303859 0.000008 0.041755 0.035930 0.037468 
0.000285 0.000008 0.100525 0.743953 0.000000 0.125823 0.000004 0.000002 0.021344 0.008054 
0.113197 0.000014 0.386777 0.066121 0.032360 0.268745 0.052643 0.000004 0.000838 0.079302 
0.000156 0.888748 0.003849 0.000029 0.000000 0.008450 0.002486 0.000003 0.007150 0.089130 
0.038296 0.010757 0.122532 0.023390 0.000000 0.647607 0.051115 0.000004 0.079736 0.026562 
0.048865 0.048475 0.003949 0.000055 0.465632 0.043501 0.070246 0.018794 0.293756 0.006727 
0.001116 0.020711 0.053345 0.026761 0.000000 0.647391 0.027516 0.000004 0.064882 0.158273 
0.018170 0.141629 0.059754 0.601959 0.000000 0.097809 0.000009 0.000004 0.011909 0.068757 
0.212248 0.021474 0.096676 0.000073 0.000000 0.210151 0.380595 0.000004 0.059205 0.019574 
0.000541 0.000028 0.057988 0.727306 0.057216 0.117809 0.000005 0.000004 0.020595 0.018508 
0.014449 0.000023 0.001556 0.003738 0.000000 0.032161 0.005806 0.020323 0.051368 0.870577 
0.269326 0.000017 0.157022 0.000082 0.000000 0.366431 0.049653 0.000003 0.082689 0.074777 
0.026065 0.019719 0.056666 0.475871 0.038115 0.319805 0.004914 0.000003 0.039861 0.018981 
0.083134 0.025413 0.036285 0.000069 0.440839 0.137329 0.006636 0.000004 0.241878 0.028414 
0.145780 0.021996 0.111303 0.346681 0.000000 0.242411 0.000005 0.018008 0.042203 0.071614 
0.082835 0.184903 0.051218 0.000064 0.000000 0.425543 0.195944 0.000004 0.042459 0.017029 
0.059978 0.000023 0.276973 0.115054 0.000000 0.260788 0.000007 0.000004 0.179977 0.107195 
0.030162 0.019104 0.000479 0.000095 0.000000 0.005809 0.000004 0.888920 0.025202 0.030226 
0.054886 0.041563 0.057598 0.027922 0.029415 0.152919 0.037597 0.047506 0.369968 0.180626 
0.000341 0.015860 0.049894 0.638395 0.023285 0.154959 0.000006 0.000004 0.006742 0.110514 
0.109246 0.368130 0.106179 0.000067 0.000000 0.139594 0.015349 0.127830 0.035452 0.098152 
0.058032 0.066071 0.202925 0.048401 0.000000 0.486565 0.010051 0.000003 0.062393 0.065560 
0.019164 0.003709 0.000115 0.000079 0.000000 0.018737 0.000006 0.948518 0.001707 0.007965 
0.165982 0.000030 0.029460 0.000064 0.047797 0.221391 0.459191 0.000003 0.046127 0.029955 
0.042704 0.000027 0.004842 0.011591 0.061502 0.027776 0.000007 0.573493 0.222125 0.055932 
0.142623 0.266747 0.185407 0.065330 0.045693 0.184059 0.028682 0.000004 0.020968 0.060489 
0.000269 0.235346 0.022851 0.335374 0.000000 0.307525 0.014510 0.000004 0.049115 0.035005 
0.024892 0.215879 0.001190 0.000093 0.000000 0.051321 0.000006 0.480176 0.144327 0.082116 
0.127713 0.016055 0.431028 0.000068 0.000000 0.358992 0.000006 0.000003 0.015828 0.050309 
0.000434 0.040999 0.016643 0.000074 0.494616 0.042641 0.000004 0.019445 0.355949 0.029195 
0.026976 0.019761 0.266725 0.000070 0.011704 0.304268 0.011973 0.000003 0.267558 0.090963 
0.036057 0.000028 0.051850 0.000067 0.292884 0.038048 0.003736 0.130484 0.392936 0.053910 
0.000401 0.000018 0.001292 0.425576 0.245202 0.079467 0.000005 0.044676 0.182432 0.020931 
0.000256 0.000024 0.067860 0.036931 0.000000 0.476262 0.021195 0.056128 0.051614 0.289730 
0.181654 0.000020 0.156676 0.034939 0.064439 0.325919 0.053547 0.000003 0.069782 0.113021 
0.000345 0.019560 0.054246 0.512992 0.060213 0.140958 0.000006 0.153396 0.028844 0.029440 
0.072212 0.032702 0.048889 0.000071 0.057717 0.133210 0.029939 0.020718 0.577257 0.027285 
0.292504 0.036883 0.145279 0.039089 0.000000 0.320868 0.066906 0.000003 0.052995 0.045473 
0.167259 0.000025 0.078334 0.013679 0.238967 0.175548 0.122792 0.000004 0.162824 0.040570 
0.000479 0.000026 0.100006 0.547421 0.000000 0.257054 0.037874 0.000004 0.021990 0.035145 
0.000444 0.750093 0.041646 0.000064 0.000000 0.130848 0.000007 0.008923 0.014216 0.053760 
0.039090 0.060167 0.079649 0.324624 0.037517 0.289394 0.099739 0.000004 0.049403 0.020413 
0.021415 0.015276 0.000580 0.020016 0.000000 0.034609 0.093131 0.776016 0.024213 0.014744 
0.000552 0.000015 0.015871 0.000076 0.475597 0.024900 0.017209 0.000003 0.423301 0.042475 
0.089390 0.068188 0.379304 0.061346 0.000000 0.360288 0.031223 0.000003 0.004909 0.005351 
0.094919 0.000023 0.334669 0.000073 0.000000 0.413973 0.025091 0.057748 0.013276 0.060228 
0.135023 0.000015 0.099621 0.046532 0.044643 0.116836 0.000006 0.455204 0.040011 0.062110 
0.252720 0.000025 0.179363 0.073962 0.000000 0.207397 0.054921 0.000004 0.068983 0.162625 
0.024658 0.000024 0.242833 0.029276 0.000000 0.380620 0.057219 0.000004 0.071391 0.193975 
0.053878 0.041165 0.320038 0.090554 0.035423 0.363831 0.032023 0.000003 0.001105 0.061981 
0.029665 0.229072 0.018582 0.000092 0.374426 0.054135 0.020702 0.016309 0.230943 0.026074 
0.080155 0.000023 0.081189 0.017285 0.000000 0.190847 0.000004 0.024763 0.440711 0.165023 
0.000404 0.018544 0.051189 0.022648 0.000000 0.781730 0.048066 0.010943 0.065711 0.000766 
0.000466 0.000019 0.072436 0.000062 0.000000 0.680114 0.021508 0.150436 0.040868 0.034091 
0.069125 0.036563 0.019636 0.000077 0.130827 0.104840 0.000005 0.000005 0.614320 0.024602 
0.021693 0.170326 0.064237 0.454877 0.051133 0.160106 0.000005 0.000004 0.039381 0.038237 
0.048659 0.008287 0.001012 0.000060 0.000000 0.013707 0.000008 0.888198 0.028264 0.011804 
0.055377 0.000020 0.359980 0.064494 0.000000 0.382354 0.062066 0.000004 0.013176 0.062528 
0.014891 0.000017 0.002098 0.000020 0.000000 0.012859 0.000015 0.000002 0.005303 0.964794 
0.017440 0.016593 0.042541 0.000065 0.288668 0.043739 0.000004 0.052212 0.208830 0.329908 
0.115058 0.000028 0.061764 0.009153 0.000000 0.216092 0.516023 0.000004 0.044444 0.037434 
0.086755 0.000018 0.031149 0.135817 0.000000 0.198267 0.085683 0.419694 0.005390 0.037226 
0.017610 0.078115 0.025185 0.008376 0.000000 0.434064 0.000007 0.000004 0.049588 0.387052 
0.000528 0.000024 0.112834 0.647865 0.000000 0.093856 0.000006 0.108370 0.000261 0.036255 
0.051029 0.023531 0.005310 0.000086 0.146706 0.137870 0.050936 0.018008 0.353623 0.212900 
0.000346 0.014153 0.051014 0.027794 0.000000 0.822238 0.013094 0.000004 0.062894 0.008463 
0.133116 0.000022 0.352395 0.036258 0.000000 0.303560 0.022452 0.000004 0.085502 0.066692 
0.007801 0.013050 0.000322 0.000039 0.544550 0.007821 0.000004 0.038891 0.356462 0.031060 
0.098196 0.116367 0.051827 0.010022 0.000000 0.120357 0.060560 0.000004 0.022524 0.520143 
0.072115 0.000020 0.378238 0.089068 0.000000 0.313656 0.047599 0.000003 0.001792 0.097508 
0.036617 0.000024 0.103008 0.109989 0.326579 0.173949 0.000005 0.021947 0.205630 0.022254 
0.269713 0.006093 0.042875 0.000052 0.000000 0.191171 0.408422 0.000004 0.055612 0.026058 
0.032516 0.049356 0.000286 0.000060 0.000000 0.017891 0.000005 0.790987 0.008357 0.100541 
0.007022 0.012273 0.001081 0.000060 0.000000 0.068478 0.000005 0.000003 0.073463 0.837615 
0.126061 0.000015 0.132018 0.000070 0.000000 0.181472 0.286073 0.155943 0.063508 0.054841 
0.009143 0.000026 0.013275 0.000076 0.000000 0.017745 0.000007 0.801223 0.020932 0.137573 
0.065117 0.000018 0.158549 0.184905 0.134100 0.200235 0.070985 0.000004 0.133829 0.052259 
0.079293 0.515458 0.140832 0.031578 0.000000 0.118638 0.016082 0.000004 0.027857 0.070258 
0.015623 0.048798 0.066083 0.243124 0.000000 0.279095 0.000006 0.276761 0.038176 0.032335 
0.098724 0.013624 0.068166 0.080918 0.000000 0.138346 0.012734 0.017511 0.504414 0.065563 
0.000587 0.285715 0.061779 0.000078 0.036079 0.389729 0.083468 0.000004 0.088295 0.054266 
0.050376 0.005785 0.181208 0.000070 0.111659 0.311570 0.017317 0.263259 0.050197 0.008560 
0.031452 0.000016 0.000651 0.012682 0.000000 0.097973 0.024362 0.777428 0.036460 0.018977 
0.004031 0.000019 0.106875 0.196635 0.000000 0.593498 0.033525 0.000003 0.034385 0.031030 
0.154013 0.000020 0.092387 0.000066 0.024830 0.133685 0.035364 0.496143 0.016549 0.046944 
0.017192 0.000012 0.002683 0.000058 0.480904 0.057675 0.020672 0.000003 0.339183 0.081619 
0.046924 0.104303 0.076600 0.000083 0.000000 0.528617 0.000008 0.043773 0.051340 0.148353 
0.007426 0.362646 0.024469 0.347648 0.044978 0.052019 0.005236 0.000004 0.008796 0.146780 
0.049788 0.000023 0.175049 0.000060 0.000000 0.174951 0.000006 0.544625 0.012541 0.042956 
0.027049 0.000024 0.062309 0.392225 0.000000 0.053922 0.000005 0.000004 0.010276 0.454185 
0.262002 0.000020 0.178928 0.060276 0.000000 0.320471 0.046950 0.000003 0.068870 0.062480 
0.000288 0.114956 0.076730 0.425091 0.000000 0.165456 0.000007 0.000004 0.143378 0.074091 
0.080197 0.049343 0.113820 0.062161 0.000000 0.138550 0.000005 0.000004 0.525022 0.030899 
0.021310 0.000018 0.041431 0.524606 0.010473 0.141281 0.000005 0.206863 0.032364 0.021648 
0.025773 0.030007 0.119330 0.013889 0.000000 0.682144 0.055735 0.000004 0.048397 0.024721 
0.011113 0.643402 0.014041 0.000083 0.000000 0.105116 0.011087 0.056371 0.131264 0.027523 
0.026631 0.019185 0.002890 0.000094 0.000000 0.059814 0.028941 0.841332 0.001865 0.019249 
0.059062 0.026854 0.026005 0.000084 0.000000 0.070998 0.168429 0.298226 0.005059 0.345284 
0.014247 0.019394 0.003104 0.058895 0.000000 0.132321 0.009047 0.000004 0.030349 0.732639 
0.000345 0.000015 0.094979 0.749022 0.000000 0.084749 0.000003 0.000003 0.029612 0.041272 
0.046060 0.014764 0.076229 0.411352 0.000000 0.385140 0.023863 0.000003 0.028967 0.013622 
0.015807 0.085857 0.032578 0.000087 0.074538 0.063023 0.000005 0.000004 0.047362 0.680740 
0.019305 0.029789 0.088040 0.070157 0.000000 0.456640 0.000006 0.305718 0.019724 0.010621 
0.012285 0.015055 0.154863 0.743004 0.000000 0.036627 0.000010 0.000004 0.010818 0.027333 
0.039309 0.000021 0.071300 0.000091 0.000000 0.137763 0.015239 0.709459 0.012181 0.014638 
0.165518 0.378510 0.097433 0.018173 0.000000 0.185365 0.023877 0.000003 0.076418 0.054703 
0.023606 0.014832 0.031400 0.214858 0.057657 0.151634 0.000005 0.037280 0.446770 0.021957 
0.000199 0.000014 0.020791 0.183349 0.000000 0.034654 0.000005 0.685350 0.054024 0.021614 
0.025042 0.061041 0.179624 0.534437 0.000000 0.118921 0.000009 0.000003 0.041152 0.039771 
0.094937 0.028456 0.044590 0.015419 0.000000 0.128189 0.000007 0.015579 0.606919 0.065904 
0.072939 0.015434 0.313733 0.135711 0.000000 0.300202 0.000008 0.000004 0.130676 0.031295 
0.041389 0.000019 0.048771 0.000081 0.000000 0.229162 0.020736 0.000004 0.033290 0.626548 
0.124899 0.059913 0.059904 0.074252 0.000000 0.094573 0.000005 0.017041 0.554660 0.014753 
0.222745 0.151408 0.145307 0.023520 0.000000 0.206985 0.107923 0.000003 0.070480 0.071628 
0.277923 0.000024 0.192106 0.019455 0.000000 0.291744 0.059806 0.000004 0.073928 0.085008 
0.090560 0.000019 0.060537 0.126054 0.054573 0.128638 0.028848 0.176825 0.018986 0.314962 
0.000678 0.015203 0.091324 0.020097 0.000000 0.743798 0.053816 0.000003 0.062087 0.012995 
0.000158 0.000020 0.000711 0.015679 0.000000 0.005173 0.000002 0.000002 0.007176 0.971078 
0.005667 0.005084 0.085048 0.076384 0.000000 0.745699 0.021593 0.000004 0.059743 0.000779 
0.109054 0.019911 0.046823 0.051789 0.000000 0.085518 0.012403 0.130406 0.512606 0.031491 
0.026413 0.435313 0.020622 0.069418 0.000000 0.078610 0.000005 0.034163 0.300157 0.035300 
0.074580 0.003932 0.021476 0.089727 0.277585 0.245869 0.000007 0.000004 0.261611 0.025208 
0.000396 0.000021 0.083326 0.384666 0.000000 0.115858 0.000007 0.390960 0.005363 0.019402 
0.074108 0.000022 0.040636 0.327547 0.025910 0.201107 0.280384 0.000004 0.016797 0.033485 
0.020253 0.050868 0.081225 0.602584 0.050392 0.124097 0.013015 0.000004 0.030737 0.026825 
0.120608 0.041517 0.156826 0.033592 0.000000 0.232696 0.023349 0.232283 0.053967 0.105162 
0.073124 0.000023 0.024193 0.000057 0.000000 0.102826 0.185095 0.155714 0.036166 0.422802 
0.023438 0.521284 0.062323 0.045516 0.000000 0.097780 0.093995 0.000003 0.131924 0.023737 
0.016917 0.367871 0.035111 0.406794 0.000000 0.079576 0.000006 0.030739 0.019048 0.043939 
0.032009 0.000009 0.008317 0.000037 0.057698 0.011835 0.000007 0.822314 0.062982 0.004792 
0.268127 0.000024 0.121154 0.082892 0.000000 0.166105 0.000005 0.031228 0.247222 0.083242 
0.010800 0.012241 0.022115 0.031034 0.262496 0.090136 0.000004 0.019135 0.488864 0.063176 
0.014711 0.000022 0.230192 0.051071 0.000000 0.498446 0.013900 0.000004 0.034198 0.157457 
0.026887 0.567196 0.000853 0.000071 0.000000 0.064534 0.000006 0.123774 0.150587 0.066092 
0.020418 0.000025 0.090934 0.215346 0.000000 0.377666 0.000008 0.000003 0.025348 0.270251 
0.000607 0.008974 0.078670 0.092448 0.000000 0.715596 0.029009 0.000003 0.057472 0.017220 
0.101507 0.000020 0.280685 0.000059 0.000000 0.389913 0.018144 0.138653 0.024921 0.046097 
0.000704 0.000019 0.060079 0.000075 0.000000 0.218566 0.000008 0.000004 0.013194 0.707352 
0.000558 0.893236 0.000748 0.015457 0.000000 0.015844 0.004715 0.000004 0.025341 0.044097 
0.077038 0.018386 0.027695 0.144729 0.000000 0.164290 0.000007 0.025424 0.469759 0.072674 
0.008429 0.171055 0.006933 0.000057 0.390924 0.051454 0.000005 0.000003 0.231832 0.139308 
0.000587 0.000020 0.058265 0.266371 0.000000 0.176304 0.000007 0.479177 0.003372 0.015898 
0.028559 0.206153 0.010291 0.000068 0.414749 0.029697 0.000005 0.000004 0.286301 0.024173 
0.041489 0.615412 0.068018 0.027431 0.000000 0.140625 0.000007 0.000004 0.030705 0.076309 
0.086760 0.000022 0.026180 0.024030 0.000000 0.122977 0.000007 0.028114 0.606176 0.105732 
0.000357 0.000018 0.001058 0.000039 0.000000 0.033889 0.000006 0.021746 0.031995 0.910891 
0.052217 0.013043 0.075166 0.035084 0.000000 0.728116 0.026850 0.012027 0.048512 0.008984 
0.000542 0.000021 0.089077 0.615253 0.000000 0.146209 0.000005 0.000004 0.018524 0.130366 
0.048559 0.013232 0.037619 0.272362 0.000000 0.060431 0.000007 0.522370 0.005813 0.039607 
0.139947 0.026648 0.004439 0.047537 0.000000 0.227100 0.413327 0.000004 0.135570 0.005427 
0.027855 0.799048 0.037162 0.000056 0.000000 0.063044 0.000004 0.000003 0.033306 0.039522 
0.040904 0.000023 0.024707 0.000066 0.000000 0.138420 0.106058 0.000004 0.015281 0.674536 
0.076269 0.000025 0.362135 0.020305 0.000000 0.369093 0.000006 0.000004 0.011296 0.160867 
0.126496 0.009687 0.076767 0.017395 0.000000 0.477358 0.045338 0.000003 0.190985 0.055972 
0.083446 0.028587 0.335963 0.053155 0.000000 0.392721 0.070614 0.000004 0.010421 0.025090 
0.000339 0.112193 0.073632 0.621552 0.034023 0.117565 0.000004 0.000003 0.005967 0.034722 
0.035618 0.416030 0.086191 0.044753 0.000000 0.371141 0.000008 0.000004 0.036676 0.009578 
0.152547 0.000023 0.058621 0.023279 0.000000 0.210966 0.483200 0.000004 0.036909 0.034451 
0.024094 0.006457 0.064771 0.129071 0.000000 0.669516 0.057809 0.000004 0.038771 0.009507 
0.032411 0.008738 0.087616 0.208480 0.000000 0.270080 0.010535 0.000004 0.345000 0.037134 
0.010677 0.115142 0.014220 0.218968 0.000000 0.146335 0.000007 0.207959 0.122123 0.164570 
0.031817 0.036492 0.005682 0.061943 0.000000 0.091227 0.130258 0.113818 0.022293 0.506470 
0.037467 0.000022 0.072913 0.000068 0.000000 0.140318 0.000007 0.000004 0.060061 0.689140 
0.039636 0.000020 0.082263 0.595965 0.000000 0.175715 0.000004 0.026855 0.031564 0.047977 
0.119393 0.298884 0.174675 0.000060 0.061569 0.233284 0.000009 0.000003 0.057070 0.055052 
0.113604 0.030914 0.027394 0.000071 0.069187 0.171444 0.244244 0.024668 0.305087 0.013386 
0.020687 0.626036 0.027489 0.160208 0.018356 0.036267 0.000005 0.000004 0.083312 0.027634 
0.142806 0.112627 0.055778 0.077230 0.000000 0.191664 0.274400 0.062567 0.037710 0.045217 
0.062811 0.000025 0.000205 0.056380 0.000000 0.039963 0.021015 0.538293 0.204643 0.076665 
0.000249 0.051285 0.076007 0.000060 0.000000 0.779747 0.032146 0.000004 0.056742 0.003759 
0.009202 0.008108 0.028721 0.060044 0.497809 0.057157 0.000009 0.000004 0.325085 0.013860 
0.000508 0.055513 0.032643 0.000060 0.000000 0.292414 0.000009 0.000004 0.014271 0.604578 
0.024501 0.020485 0.012812 0.000052 0.000000 0.034895 0.000006 0.473852 0.008553 0.424843 
0.030560 0.090700 0.038130 0.048226 0.000000 0.100155 0.020701 0.000004 0.283380 0.388145 
0.098916 0.133976 0.049545 0.274909 0.000000 0.099271 0.106720 0.126917 0.077970 0.031777 
0.110862 0.037158 0.050375 0.007799 0.044055 0.163822 0.504345 0.000004 0.064298 0.017282 
0.183336 0.096007 0.126777 0.037243 0.000000 0.177016 0.000006 0.000004 0.033474 0.346136 
0.160015 0.000015 0.055634 0.027807 0.000000 0.148928 0.233509 0.000004 0.295961 0.078125 
0.309015 0.000018 0.123805 0.096960 0.000000 0.297748 0.049449 0.000003 0.057411 0.065592 
0.116575 0.000027 0.364783 0.036342 0.000000 0.417213 0.000006 0.000004 0.012183 0.052866 
0.054248 0.000023 0.163703 0.217405 0.036768 0.206726 0.139251 0.000003 0.002077 0.179795 
0.046942 0.062798 0.022613 0.053306 0.000000 0.139737 0.136950 0.000004 0.490984 0.046665 
0.108868 0.012283 0.074609 0.265729 0.000000 0.135423 0.105359 0.026473 0.221220 0.050036 
0.034450 0.566501 0.053821 0.038076 0.000000 0.246849 0.000009 0.000004 0.026215 0.034076 
0.083169 0.000024 0.041591 0.049176 0.000000 0.085930 0.000005 0.000003 0.067234 0.672868 
0.012013 0.000024 0.007712 0.000058 0.000000 0.056908 0.000005 0.000004 0.000270 0.923005 
0.030342 0.038894 0.047237 0.000051 0.040024 0.264188 0.064817 0.342730 0.138075 0.033642 
0.086326 0.178947 0.030315 0.000107 0.000000 0.104129 0.192184 0.340035 0.031975 0.035980 
0.048709 0.015743 0.084628 0.037390 0.000000 0.150811 0.055612 0.073050 0.475770 0.058286 
0.050513 0.000020 0.050665 0.308615 0.000000 0.102559 0.048846 0.048697 0.011573 0.378512 
0.076605 0.020947 0.022379 0.034754 0.049885 0.108909 0.211050 0.000003 0.060570 0.414896 
0.102299 0.012371 0.345517 0.039149 0.000000 0.356227 0.109342 0.000003 0.018306 0.016786 
0.182867 0.041263 0.044148 0.000060 0.000000 0.157806 0.489605 0.000004 0.039913 0.044334 
0.059799 0.026766 0.042040 0.032123 0.000000 0.182730 0.000008 0.073123 0.544669 0.038741 
0.000581 0.000023 0.020960 0.051196 0.000000 0.662237 0.191194 0.000004 0.052888 0.020917 
0.000472 0.000024 0.022080 0.056702 0.000000 0.113751 0.040590 0.031929 0.000269 0.734183 
0.020753 0.010914 0.002918 0.000059 0.454384 0.028777 0.054159 0.039764 0.377940 0.010332 
0.020685 0.000018 0.028077 0.192230 0.000000 0.132810 0.052922 0.434562 0.076195 0.062501 
0.003930 0.160964 0.003954 0.000049 0.000000 0.012602 0.000007 0.753226 0.009780 0.055488 
0.017234 0.004226 0.011937 0.000047 0.547311 0.027468 0.000008 0.012533 0.365625 0.013612 
0.185698 0.019698 0.096893 0.076336 0.000000 0.054845 0.037136 0.463603 0.045797 0.019996 
0.179926 0.028929 0.120555 0.023049 0.024000 0.390947 0.038173 0.000003 0.041469 0.152949 
0.000333 0.000027 0.078766 0.769252 0.015914 0.103958 0.000004 0.000003 0.000505 0.031238 
0.020135 0.703390 0.019079 0.021228 0.060823 0.033133 0.000009 0.000004 0.100741 0.041458 
0.159420 0.022561 0.030954 0.008590 0.000000 0.168306 0.190513 0.043286 0.362963 0.013409 
0.014403 0.049310 0.000468 0.016449 0.000000 0.013822 0.000006 0.251252 0.020357 0.633933 
0.000842 0.267095 0.063359 0.111204 0.000000 0.272958 0.012850 0.000004 0.170662 0.101025 
0.139107 0.116607 0.038621 0.000090 0.000000 0.168858 0.450652 0.000004 0.033290 0.052772 
0.139707 0.477275 0.115838 0.031661 0.000000 0.113779 0.000007 0.000003 0.028220 0.093509 
0.006786 0.069768 0.090145 0.345922 0.000000 0.395336 0.000004 0.000004 0.045627 0.046408 
0.042257 0.696670 0.020271 0.000064 0.031156 0.073248 0.000004 0.000004 0.117691 0.018635 
0.015473 0.286676 0.007524 0.034045 0.095725 0.077251 0.000005 0.000004 0.016536 0.466759 
0.002247 0.449573 0.003509 0.000065 0.000000 0.024069 0.000004 0.000004 0.000301 0.520228 
0.057404 0.000012 0.047467 0.000064 0.000000 0.084669 0.000005 0.759000 0.035676 0.015703 
0.000299 0.007454 0.127996 0.708920 0.000000 0.114246 0.010344 0.000004 0.000219 0.030518 
0.030655 0.680376 0.049970 0.042429 0.023393 0.062812 0.000008 0.000003 0.008093 0.102262 
0.076017 0.082913 0.032622 0.043171 0.000000 0.031818 0.000006 0.470768 0.216867 0.045817 
0.037688 0.017029 0.201434 0.438826 0.000000 0.247081 0.014812 0.000002 0.022497 0.020630 
0.116334 0.015218 0.055535 0.000047 0.000000 0.213920 0.500701 0.023076 0.053329 0.021840 
0.091785 0.074252 0.377220 0.085906 0.000000 0.284576 0.025024 0.000004 0.018638 0.042595 
0.045449 0.545869 0.039848 0.135272 0.023936 0.074102 0.050772 0.000004 0.046035 0.038712 
0.023661 0.456602 0.178593 0.000073 0.044078 0.167238 0.029128 0.023565 0.012704 0.064358 
0.003359 0.778559 0.004290 0.000058 0.000000 0.010434 0.000008 0.160806 0.004896 0.037590 
0.020361 0.000017 0.036695 0.000063 0.000000 0.069597 0.119042 0.000003 0.013805 0.740416 
0.152142 0.006152 0.065928 0.000066 0.000000 0.170387 0.534340 0.000003 0.045819 0.025163 
0.281353 0.020443 0.185982 0.029777 0.000000 0.272936 0.064865 0.000004 0.052281 0.092359 
0.085806 0.235707 0.158511 0.069317 0.000000 0.277605 0.114345 0.000003 0.024955 0.033751 
0.175147 0.000023 0.123279 0.138372 0.000000 0.411101 0.048420 0.000003 0.060354 0.043301 
0.026736 0.000018 0.015706 0.000082 0.461980 0.021879 0.006497 0.000005 0.262668 0.204429 
0.019040 0.000015 0.016960 0.000075 0.469300 0.114595 0.000004 0.000003 0.345680 0.034329 
0.063194 0.025180 0.020923 0.064222 0.000000 0.034754 0.000006 0.341960 0.414203 0.035559 
0.000134 0.104045 0.016336 0.019640 0.000000 0.018183 0.000010 0.000002 0.000372 0.841278 
0.038592 0.019050 0.032093 0.198652 0.000000 0.065964 0.000007 0.579548 0.001035 0.065060 
0.046187 0.017408 0.118288 0.000062 0.434202 0.150586 0.000006 0.038799 0.167096 0.027367 
0.027812 0.000026 0.002399 0.000072 0.541117 0.022752 0.000006 0.059563 0.300182 0.046071 
0.039718 0.029452 0.079746 0.174953 0.068324 0.094426 0.000006 0.444333 0.061277 0.007766 
0.000372 0.000024 0.037256 0.000154 0.000000 0.144403 0.000004 0.056249 0.011625 0.749914 
0.192849 0.013087 0.051441 0.040993 0.000000 0.216449 0.221541 0.169347 0.072254 0.022041 
0.215684 0.000027 0.197637 0.042489 0.000000 0.318003 0.033714 0.000003 0.091480 0.100963 
0.072999 0.000029 0.084015 0.626087 0.000000 0.136160 0.046248 0.000003 0.008490 0.025969 
0.271014 0.000018 0.157716 0.076529 0.000000 0.247261 0.043189 0.133781 0.029341 0.041151 
0.048194 0.009157 0.001053 0.000061 0.504906 0.040315 0.000004 0.014319 0.325207 0.056784 
0.017978 0.000020 0.010975 0.000055 0.048251 0.133477 0.030218 0.616281 0.073588 0.069158 
0.083451 0.000016 0.034182 0.000065 0.181703 0.111546 0.060974 0.022877 0.442388 0.062797 
0.025359 0.039436 0.104739 0.475995 0.000000 0.312528 0.008059 0.000004 0.020946 0.012935 
0.037683 0.011205 0.060254 0.464832 0.000000 0.138980 0.000007 0.000004 0.243548 0.043486 
0.217356 0.000025 0.156472 0.055971 0.000000 0.297531 0.034472 0.000004 0.184643 0.053526 
0.049451 0.000024 0.044191 0.000070 0.000000 0.411399 0.012377 0.056011 0.390562 0.035916 
0.008224 0.713048 0.081679 0.039281 0.000000 0.088640 0.029371 0.000004 0.000607 0.039147 
0.082304 0.091445 0.024688 0.000063 0.000000 0.140646 0.000006 0.023851 0.572348 0.064649 
0.000443 0.000016 0.008957 0.172454 0.000000 0.072927 0.000004 0.000003 0.003191 0.742005 
