-978128.564905
0
0.000000 0.000000 0.000000 0.000000 0.000000 0.000000 0.000000 0.000000 0.047410 0.024609 0.000000 0.008306 0.000000 0.004460 0.000000 0.000000 0.000000 0.000000 0.058151 0.000000 0.000000 0.003709 0.000000 0.000000 0.000000 0.000000 0.035619 0.143740 0.000000 0.000000 0.000000 0.000000 0.000000 0.000000 0.000000 0.000000 0.000000 0.002458 0.000000 0.000000 0.012660 0.000000 0.071612 0.000000 0.000000 0.007040 0.000000 0.022436 0.000000 0.009343 0.011609 0.000000 0.000000 0.002542 0.000000 0.000000 0.140531 0.158219 0.000000 0.128931 0.000000 0.004391 0.000000 0.000000 0.026973 0.000000 0.027152 0.000000 0.000000 0.000000 0.000000 0.008945 0.000000 0.000000 0.000000 0.000000 0.000000 0.000000 0.000000 0.000000 0.000000 0.000000 0.000000 0.000001 0.000000 0.000000 0.000000 0.000000 0.008868 0.000000 0.016479 0.000000 0.000000 0.000000 0.000000 0.013804 
0.001518 0.002197 0.001223 0.000000 0.000000 0.000000 0.000000 0.000000 0.031469 0.017056 0.228048 0.014854 0.000644 0.000000 0.000000 0.006164 0.012145 0.007426 0.011173 0.003641 0.000000 0.001928 0.000000 0.003081 0.006121 0.000000 0.000000 0.000000 0.000000 0.000000 0.000000 0.000000 0.017604 0.016607 0.150617 0.011046 0.000000 0.000000 0.000000 0.000000 0.004062 0.003845 0.007142 0.005349 0.000000 0.003567 0.000000 0.000000 0.003578 0.004379 0.000000 0.007291 0.000000 0.002408 0.000000 0.000000 0.034790 0.037520 0.181871 0.020518 0.000000 0.000000 0.000000 0.000000 0.010274 0.006734 0.004961 0.008923 0.000000 0.000000 0.000000 0.000000 0.002744 0.005980 0.005085 0.000000 0.000000 0.001205 0.000000 0.000000 0.000000 0.000000 0.065519 0.000545 0.000608 0.000000 0.000000 0.000000 0.008110 0.003310 0.011316 0.003805 0.000000 0.000000 0.000000 0.000000 
0.000000 0.000000 0.000000 0.000000 0.000000 0.000000 0.000000 0.000000 0.000000 0.000001 0.000000 0.000000 0.015055 0.000000 0.000000 0.027969 0.038824 0.015740 0.029694 0.040300 0.050278 0.007611 0.000000 0.031399 0.000000 0.000000 0.000000 0.000000 0.000000 0.000000 0.000000 0.000000 0.008760 0.003609 0.000000 0.000000 0.003298 0.000000 0.000000 0.000000 0.027701 0.013320 0.025038 0.043516 0.034316 0.012323 0.019250 0.077919 0.011498 0.006865 0.000000 0.007586 0.000000 0.000000 0.000000 0.000000 0.000000 0.000000 0.000000 0.009271 0.000000 0.000000 0.000000 0.000000 0.015955 0.000000 0.018144 0.019632 0.000000 0.000000 0.000000 0.026950 0.022515 0.000000 0.000000 0.019542 0.000000 0.000000 0.000000 0.000000 0.000000 0.000000 0.000000 0.004745 0.027777 0.000000 0.016536 0.000000 0.028081 0.000000 0.018380 0.045767 0.073951 0.000000 0.011211 0.089670 
0.036870 0.032116 0.002953 0.029194 0.015514 0.009039 0.000000 0.013535 0.020425 0.007496 0.000000 0.025341 0.014927 0.013828 0.015887 0.016642 0.022564 0.009686 0.013245 0.025964 0.000000 0.000000 0.010672 0.000000 0.030243 0.031330 0.000000 0.026180 0.009257 0.014382 0.000000 0.019510 0.000000 0.003919 0.000000 0.020989 0.010380 0.016742 0.017660 0.025390 0.005125 0.014823 0.007841 0.012576 0.000000 0.000000 0.011226 0.000000 0.021713 0.015670 0.000000 0.022375 0.005127 0.007060 0.000000 0.009173 0.000000 0.000000 0.000000 0.005653 0.009621 0.010722 0.011835 0.016161 0.008934 0.011653 0.005507 0.009056 0.000000 0.000000 0.011997 0.003103 0.021771 0.021990 0.000000 0.022042 0.023392 0.000000 0.000000 0.000000 0.000000 0.000000 0.000000 0.007075 0.012702 0.014146 0.008221 0.026275 0.006739 0.016103 0.000000 0.012325 0.000000 0.000000 0.008386 0.000000 
0.000000 0.000000 0.000000 0.000000 0.000000 0.000000 0.000000 0.000000 0.000000 0.025154 0.000000 0.004641 0.000000 0.001043 0.001066 0.003494 0.000000 0.000000 0.000000 0.000000 0.000000 0.000000 0.000000 0.000000 0.000000 0.000000 0.000000 0.000000 0.000000 0.000000 0.012423 0.000000 0.105333 0.137066 0.024082 0.102109 0.000000 0.001321 0.000535 0.000696 0.000444 0.000750 0.000697 0.005207 0.000000 0.000000 0.000890 0.000000 0.000000 0.000000 0.000000 0.000000 0.000000 0.000000 0.000000 0.000000 0.000000 0.027542 0.000000 0.021119 0.000000 0.000000 0.000000 0.001053 0.000000 0.000000 0.000000 0.011004 0.000000 0.000000 0.001442 0.000000 0.000000 0.000000 0.000000 0.000000 0.000000 0.000000 0.000000 0.000000 0.000000 0.350897 0.106684 0.033428 0.000403 0.001296 0.000938 0.005755 0.001575 0.001426 0.002003 0.002050 0.000000 0.001974 0.000921 0.001539 
0.000000 0.000000 0.000000 0.008865 0.000000 0.000000 0.000000 0.000000 0.000000 0.002385 0.000000 0.003355 0.000000 0.000000 0.000000 0.000000 0.000000 0.004347 0.000000 0.002589 0.000000 0.003782 0.001206 0.016201 0.001630 0.000000 0.001779 0.017081 0.000000 0.000000 0.000000 0.000000 0.000000 0.000000 0.002763 0.002280 0.000000 0.000000 0.000000 0.000000 0.000000 0.000000 0.000000 0.000000 0.000000 0.000000 0.000000 0.019396 0.000000 0.000432 0.000000 0.000000 0.000000 0.000000 0.000000 0.000000 0.000000 0.013709 0.018605 0.015235 0.000000 0.000000 0.000000 0.000000 0.006580 0.011367 0.005473 0.012712 0.000000 0.008411 0.000000 0.001965 0.042689 0.011638 0.006340 0.355675 0.000000 0.000000 0.000000 0.000000 0.000000 0.013554 0.232512 0.039656 0.000000 0.000000 0.000000 0.002687 0.000950 0.010447 0.006184 0.008686 0.003307 0.012600 0.001377 0.069549 
0.043143 0.035126 0.028251 0.027004 0.000000 0.000000 0.000000 0.000000 0.004582 0.005501 0.000000 0.000000 0.000000 0.000000 0.007135 0.000000 0.000000 0.000000 0.005398 0.000000 0.000000 0.000000 0.000000 0.000000 0.061117 0.091350 0.015880 0.063631 0.000000 0.000000 0.000000 0.000000 0.018478 0.014556 0.006951 0.017967 0.008543 0.007980 0.047829 0.006755 0.003642 0.000000 0.012435 0.002825 0.000000 0.000000 0.004127 0.000000 0.050146 0.053731 0.042407 0.034523 0.000000 0.010644 0.012326 0.000000 0.000000 0.007273 0.000000 0.004919 0.009029 0.000000 0.016460 0.000000 0.005694 0.000000 0.002021 0.000000 0.000000 0.000000 0.000000 0.000000 0.045916 0.079244 0.018352 0.048399 0.000000 0.000000 0.004131 0.000000 0.000000 0.000000 0.000000 0.002496 0.001496 0.000000 0.010585 0.000000 0.000000 0.000000 0.000000 0.000000 0.000000 0.000000 0.000000 0.000000 
0.000000 0.000000 0.000000 0.000000 0.033528 0.020589 0.022723 0.029674 0.037160 0.013003 0.000000 0.000000 0.000000 0.000000 0.000000 0.000000 0.012274 0.000000 0.007964 0.000000 0.000000 0.003718 0.000000 0.010642 0.000000 0.000000 0.000000 0.000000 0.038803 0.000000 0.000000 0.000000 0.072995 0.000000 0.000000 0.000000 0.000000 0.000000 0.000000 0.000000 0.010843 0.000000 0.000000 0.000000 0.000000 0.015183 0.000000 0.007172 0.000000 0.000000 0.000000 0.000000 0.025489 0.013064 0.000000 0.026877 0.071747 0.020501 0.000000 0.027105 0.000000 0.000000 0.000000 0.000000 0.000000 0.000000 0.004916 0.000000 0.023039 0.000000 0.000000 0.000000 0.036222 0.000000 0.000000 0.000000 0.000000 0.085708 0.012406 0.236464 0.000000 0.000000 0.000000 0.000001 0.000000 0.000000 0.000000 0.000000 0.011048 0.000000 0.023026 0.000000 0.000000 0.035265 0.004703 0.006145 
0.000000 0.000000 0.000000 0.000000 0.000000 0.000000 0.000000 0.000000 0.000000 0.000000 0.000000 0.000000 0.000000 0.000000 0.000000 0.000000 0.000000 0.000000 0.000000 0.000000 0.000000 0.000000 0.000000 0.000000 0.000000 0.000000 0.000000 0.000000 0.000000 0.000000 0.000000 0.000000 0.000000 0.000000 0.003387 0.006101 0.000000 0.000000 0.000000 0.000000 0.000000 0.000000 0.000000 0.000000 0.000000 0.000000 0.000000 0.000000 0.000000 0.000000 0.000000 0.000000 0.000000 0.000000 0.000000 0.000000 0.000000 0.000000 0.000000 0.000004 0.000000 0.000000 0.000000 0.000000 0.000000 0.000000 0.000000 0.000000 0.000000 0.000000 0.000000 0.000000 0.000000 0.006663 0.000000 0.000000 0.000000 0.000000 0.000000 0.000000 0.557194 0.086095 0.044086 0.296469 0.000000 0.000000 0.000000 0.000000 0.000000 0.000000 0.000000 0.000000 0.000000 0.000000 0.000000 0.000000 
0.013673 0.068170 0.070158 0.771601 0.003870 0.048106 0.000006 0.024102 0.000314 
0.000001 0.404739 0.028767 0.286952 0.031712 0.156314 0.000005 0.064701 0.026808 
0.000000 0.029549 0.002964 0.057618 0.016985 0.033228 0.000004 0.087816 0.771835 
0.014286 0.033562 0.068588 0.512442 0.029504 0.056073 0.000006 0.187171 0.098368 
0.000001 0.012600 0.015776 0.182038 0.334233 0.001886 0.314024 0.047305 0.092139 
0.000001 0.008669 0.024534 0.357441 0.047638 0.009569 0.470655 0.070551 0.010941 
0.000001 0.181955 0.307837 0.291277 0.030415 0.099093 0.000005 0.073527 0.015891 
0.000000 0.036551 0.060486 0.709137 0.042000 0.047909 0.000005 0.016507 0.087405 
0.000000 0.003561 0.000057 0.067719 0.044370 0.004259 0.000002 0.093602 0.786429 
0.000001 0.582216 0.008121 0.216668 0.047991 0.030267 0.092806 0.000355 0.021576 
0.000001 0.047562 0.029466 0.840203 0.008431 0.042510 0.000006 0.017438 0.014384 
0.126846 0.313427 0.017733 0.310932 0.009062 0.023347 0.170357 0.024347 0.003950 
0.048886 0.055608 0.117906 0.320111 0.150922 0.202396 0.024361 0.024662 0.055148 
0.083131 0.055963 0.105492 0.379952 0.060504 0.027727 0.000007 0.093070 0.194152 
0.046228 0.107829 0.040540 0.554939 0.010313 0.018033 0.000006 0.198396 0.023715 
0.000001 0.013976 0.129298 0.200290 0.376576 0.010820 0.065467 0.021854 0.181717 
0.000001 0.220533 0.078789 0.260669 0.028290 0.050742 0.238753 0.064866 0.057356 
0.069003 0.243475 0.056887 0.446421 0.077277 0.028827 0.000006 0.063738 0.014366 
0.061194 0.061724 0.221456 0.422106 0.065707 0.032929 0.000006 0.102335 0.032544 
0.037839 0.054626 0.000452 0.105794 0.356251 0.079635 0.000005 0.034726 0.330671 
0.014384 0.060484 0.037913 0.534089 0.255480 0.018179 0.000007 0.010789 0.068676 
0.214000 0.479906 0.036894 0.167195 0.053820 0.018079 0.000006 0.009406 0.020694 
0.015440 0.022062 0.020982 0.293686 0.218309 0.014984 0.293923 0.056094 0.064520 
0.073628 0.074295 0.172797 0.493845 0.049313 0.001049 0.032870 0.078523 0.023680 
0.021046 0.005244 0.022877 0.089327 0.667859 0.006805 0.000006 0.016491 0.170346 
0.017898 0.480358 0.029720 0.326481 0.044032 0.063123 0.000006 0.024093 0.014289 
0.011793 0.024531 0.000342 0.147136 0.017589 0.338891 0.263548 0.067032 0.129138 
0.055427 0.035585 0.060129 0.235236 0.432245 0.010442 0.000006 0.036575 0.134355 
0.000001 0.046676 0.216513 0.626256 0.009860 0.033021 0.000006 0.047545 0.020123 
0.096458 0.256735 0.037620 0.447786 0.006103 0.030546 0.069836 0.016734 0.038181 
0.046120 0.056952 0.063763 0.281532 0.188353 0.034513 0.000004 0.083827 0.244935 
0.079410 0.036649 0.093884 0.438940 0.055825 0.014889 0.202984 0.066039 0.011381 
0.082766 0.112927 0.110091 0.384897 0.043533 0.012263 0.000006 0.065573 0.187944 
0.000001 0.397666 0.030191 0.129565 0.159423 0.227643 0.000006 0.000620 0.054885 
0.000001 0.012247 0.006298 0.146092 0.041747 0.026485 0.000006 0.112192 0.654934 
0.014061 0.059324 0.056406 0.609095 0.011310 0.215152 0.000006 0.024977 0.009669 
0.000000 0.041842 0.091635 0.063748 0.246324 0.459611 0.031293 0.006941 0.058605 
0.044199 0.064500 0.021856 0.105918 0.028802 0.024693 0.000006 0.089903 0.620124 
0.020886 0.061749 0.025944 0.269288 0.031649 0.445594 0.086650 0.024465 0.033774 
0.000001 0.042768 0.019237 0.391467 0.037896 0.000693 0.412126 0.077791 0.018022 
0.098127 0.141510 0.000450 0.120918 0.063118 0.561251 0.000009 0.000249 0.014368 
0.050613 0.050967 0.064655 0.376892 0.031949 0.001439 0.323931 0.077237 0.022317 
0.020956 0.045166 0.106301 0.334883 0.026547 0.120118 0.292164 0.033474 0.020392 
0.081401 0.351486 0.116318 0.308081 0.064176 0.008780 0.000005 0.041598 0.028154 
0.000001 0.017737 0.000148 0.137354 0.019064 0.016922 0.269800 0.123837 0.415137 
0.000001 0.029538 0.188289 0.268358 0.313736 0.043441 0.023279 0.059270 0.074089 
0.000001 0.120362 0.059765 0.650253 0.009744 0.075122 0.051631 0.016426 0.016696 
0.000001 0.055446 0.556306 0.255515 0.009961 0.070666 0.000005 0.044456 0.007644 
0.111164 0.159867 0.000285 0.161985 0.027896 0.015851 0.339034 0.077017 0.106901 
0.000001 0.055604 0.025609 0.071614 0.088795 0.708912 0.008715 0.004724 0.036027 
0.038909 0.278081 0.012623 0.307946 0.009199 0.042626 0.088999 0.058460 0.163158 
0.000001 0.024766 0.113094 0.286138 0.107918 0.026555 0.000007 0.084640 0.356881 
0.000001 0.002924 0.005502 0.286762 0.023870 0.035881 0.000005 0.163238 0.481817 
0.144200 0.176167 0.000551 0.060504 0.019000 0.037263 0.075241 0.065283 0.421791 
0.030221 0.244474 0.032696 0.388145 0.131896 0.034667 0.000006 0.077906 0.059989 
0.000001 0.020795 0.070346 0.226487 0.038561 0.132036 0.267027 0.070615 0.174131 
0.000000 0.015112 0.000237 0.053773 0.010301 0.051986 0.000004 0.106897 0.761689 
0.000000 0.000361 0.000734 0.045723 0.754904 0.008793 0.000004 0.003723 0.185758 
0.078657 0.137918 0.045639 0.484857 0.068418 0.019379 0.000007 0.140070 0.025054 
0.033756 0.134328 0.424789 0.261636 0.055034 0.025302 0.000005 0.040775 0.024375 
0.097909 0.243828 0.151437 0.348841 0.069570 0.007831 0.000006 0.061118 0.019462 
0.128722 0.236797 0.031049 0.065533 0.066416 0.436785 0.000008 0.000201 0.034488 
0.000001 0.035186 0.009592 0.077471 0.011672 0.848877 0.000006 0.003049 0.014146 
0.000001 0.021759 0.101143 0.139682 0.522957 0.041856 0.000006 0.012870 0.159727 
0.000001 0.031501 0.037784 0.364919 0.147501 0.262964 0.076001 0.018976 0.060354 
0.000000 0.050575 0.024515 0.066780 0.010580 0.840348 0.000007 0.000115 0.007080 
0.261671 0.447665 0.013407 0.092028 0.131320 0.002141 0.000008 0.003514 0.048248 
0.000001 0.002946 0.008311 0.037397 0.733106 0.005519 0.000010 0.004194 0.208517 
0.000001 0.067776 0.475197 0.191986 0.077781 0.096843 0.018381 0.026740 0.045295 
0.000001 0.067604 0.200590 0.306928 0.026284 0.120768 0.202001 0.066699 0.009126 
0.000000 0.016689 0.000208 0.139492 0.051139 0.032124 0.000004 0.093629 0.666713 
0.043917 0.610078 0.025720 0.174000 0.057330 0.041265 0.000006 0.030601 0.017083 
0.000001 0.084703 0.022285 0.684173 0.032061 0.014617 0.109716 0.043987 0.008458 
0.154531 0.292348 0.000623 0.062776 0.258214 0.025807 0.000006 0.031659 0.174037 
0.000000 0.000454 0.000217 0.063176 0.666689 0.000631 0.069582 0.008412 0.190838 
0.014623 0.030990 0.021842 0.166109 0.022270 0.144158 0.445973 0.067231 0.086804 
0.000001 0.428891 0.049024 0.299847 0.052282 0.020390 0.082360 0.050073 0.017132 
0.000001 0.038155 0.047139 0.095805 0.220681 0.534407 0.000006 0.003247 0.060559 
0.000001 0.387841 0.024807 0.117571 0.029333 0.383289 0.015957 0.010715 0.030487 
0.000001 0.268154 0.074832 0.183609 0.056592 0.332396 0.000005 0.030862 0.053548 
0.077953 0.042219 0.247336 0.315751 0.051884 0.188782 0.000007 0.065775 0.010294 
0.045772 0.096056 0.007428 0.063421 0.010445 0.761166 0.000007 0.000228 0.015477 
0.000001 0.014813 0.083269 0.651568 0.021860 0.039431 0.019141 0.156597 0.013321 
0.000001 0.032929 0.211133 0.257079 0.048264 0.351575 0.000007 0.022298 0.076715 
0.000000 0.006932 0.018743 0.025542 0.597994 0.043237 0.000004 0.026717 0.280833 
0.091789 0.271009 0.020363 0.062012 0.018391 0.532751 0.000009 0.000168 0.003510 
0.000001 0.136277 0.000573 0.205761 0.334505 0.121399 0.000006 0.020674 0.180804 
0.000001 0.637899 0.129792 0.141414 0.015654 0.043199 0.000006 0.005932 0.026104 
0.064979 0.263441 0.070709 0.100161 0.019018 0.459453 0.000006 0.008806 0.013428 
0.000001 0.018097 0.196796 0.198094 0.282410 0.008073 0.184054 0.043585 0.068891 
0.000001 0.000496 0.000277 0.033733 0.753237 0.002080 0.000005 0.006010 0.204162 
0.043594 0.609174 0.032236 0.182116 0.044475 0.051926 0.000006 0.014189 0.022283 
0.000001 0.477650 0.026696 0.239129 0.079601 0.041286 0.091616 0.017448 0.026573 
0.000001 0.048672 0.102501 0.585157 0.032400 0.058531 0.000005 0.134808 0.037926 
0.000001 0.022561 0.003169 0.278752 0.019826 0.001123 0.620347 0.054131 0.000091 
0.000001 0.015343 0.120321 0.518299 0.079074 0.035496 0.025594 0.202008 0.003865 
0.000000 0.007974 0.002455 0.076897 0.064027 0.017558 0.000005 0.121751 0.709334 
0.005919 0.081582 0.083238 0.728821 0.017236 0.020777 0.000006 0.045239 0.017181 
0.297379 0.424120 0.081156 0.105623 0.004255 0.032384 0.000007 0.018744 0.036332 
0.000001 0.068087 0.036223 0.632424 0.110903 0.036756 0.030517 0.024268 0.060821 
0.000001 0.011396 0.006617 0.246820 0.055341 0.016008 0.473956 0.065991 0.123870 
0.000001 0.066442 0.491815 0.302624 0.011554 0.022973 0.000005 0.082036 0.022551 
0.062659 0.028600 0.000515 0.201135 0.017260 0.005050 0.622372 0.058592 0.003816 
0.000001 0.056616 0.011092 0.029074 0.641505 0.026821 0.000005 0.000225 0.234662 
0.000001 0.105500 0.217239 0.500735 0.074488 0.001729 0.000005 0.088791 0.011510 
0.029152 0.058123 0.011147 0.420707 0.023972 0.000909 0.407791 0.029879 0.018320 
0.292477 0.374871 0.036439 0.209259 0.019236 0.017829 0.000007 0.023984 0.025897 
0.057645 0.047811 0.024354 0.441864 0.057714 0.036304 0.240705 0.056457 0.037144 
0.000001 0.044271 0.214685 0.472189 0.009397 0.056294 0.000006 0.035246 0.167912 
0.000001 0.188936 0.034181 0.454968 0.079851 0.035602 0.043934 0.137559 0.024968 
0.000001 0.073219 0.006398 0.018091 0.021450 0.856788 0.000005 0.000234 0.023815 
0.037199 0.387303 0.055650 0.209343 0.136355 0.074083 0.000007 0.018949 0.081113 
0.025280 0.014879 0.001405 0.249431 0.084168 0.004049 0.549892 0.032993 0.037901 
0.000001 0.049440 0.073854 0.230809 0.075739 0.137833 0.000005 0.102650 0.329668 
0.000001 0.073859 0.035854 0.648437 0.050508 0.001932 0.039026 0.080275 0.070107 
0.000001 0.045806 0.031923 0.019797 0.001821 0.893057 0.000007 0.000070 0.007520 
0.041098 0.062026 0.505549 0.309302 0.014042 0.025806 0.000005 0.030933 0.011239 
0.027614 0.284467 0.045658 0.049406 0.032568 0.532277 0.000008 0.006990 0.021012 
0.089837 0.032897 0.074424 0.379203 0.042654 0.017778 0.028691 0.098915 0.235600 
0.000000 0.047444 0.012793 0.319295 0.036644 0.021737 0.303009 0.056966 0.202113 
0.000001 0.166495 0.018261 0.069166 0.065551 0.460036 0.000006 0.034296 0.186187 
0.000001 0.018925 0.047776 0.612208 0.045951 0.017495 0.000004 0.234117 0.023522 
0.262214 0.519686 0.000250 0.125481 0.016128 0.030271 0.000009 0.000425 0.045535 
0.000001 0.284161 0.040941 0.397015 0.067991 0.025085 0.009953 0.136573 0.038280 
0.177563 0.487356 0.013860 0.135843 0.038410 0.125366 0.000007 0.005587 0.016009 
0.142193 0.257399 0.000386 0.130387 0.020996 0.042126 0.369779 0.032916 0.003818 
0.000001 0.057374 0.030516 0.480339 0.212447 0.074889 0.046394 0.026492 0.071549 
0.112732 0.092256 0.134504 0.476242 0.091138 0.002138 0.000006 0.065075 0.025908 
0.029353 0.056401 0.007836 0.242299 0.042484 0.139581 0.423868 0.037392 0.020787 
0.027634 0.630795 0.055290 0.162963 0.021290 0.044051 0.000006 0.024729 0.033242 
0.084255 0.056897 0.204336 0.476140 0.043589 0.016115 0.000006 0.078523 0.040140 
0.161126 0.257678 0.216361 0.284439 0.026155 0.019048 0.000006 0.023790 0.011397 
0.000001 0.024173 0.055953 0.333255 0.030591 0.002432 0.477545 0.066493 0.009557 
0.000000 0.015960 0.000388 0.195544 0.033735 0.038774 0.000005 0.060513 0.655080 
0.015067 0.064071 0.136480 0.364949 0.032327 0.008707 0.269191 0.059854 0.049354 
0.000001 0.064269 0.114976 0.039856 0.008939 0.727593 0.023480 0.000084 0.020802 
0.279225 0.560998 0.019554 0.093752 0.031905 0.007042 0.000010 0.000432 0.007083 
0.033636 0.008621 0.071899 0.636785 0.009092 0.013285 0.019429 0.153657 0.053597 
0.000001 0.020453 0.086349 0.594509 0.042009 0.070908 0.010065 0.160778 0.014929 
0.074458 0.075622 0.067598 0.238502 0.055758 0.445384 0.000007 0.034799 0.007872 
0.069413 0.074924 0.165996 0.376609 0.121499 0.031210 0.029256 0.088495 0.042598 
0.008351 0.076549 0.088923 0.533511 0.140613 0.010751 0.000006 0.090206 0.051089 
0.014836 0.020155 0.054063 0.623195 0.055855 0.026942 0.000008 0.159524 0.045422 
0.229302 0.330655 0.025252 0.144802 0.016127 0.026580 0.000008 0.038341 0.188933 
0.000001 0.483076 0.000389 0.258548 0.133834 0.047803 0.000005 0.041765 0.034578 
0.000001 0.063061 0.052939 0.788987 0.004847 0.056015 0.000008 0.016861 0.017282 
0.000000 0.051856 0.053154 0.683040 0.027009 0.160152 0.000006 0.017582 0.007201 
0.069892 0.699649 0.000844 0.135744 0.018296 0.028560 0.000006 0.012169 0.034840 
0.023834 0.062144 0.000588 0.254821 0.033655 0.015978 0.383679 0.077965 0.147336 
0.000001 0.068795 0.045423 0.021479 0.006471 0.843940 0.000006 0.000098 0.013787 
0.000001 0.012871 0.109814 0.600807 0.054346 0.017354 0.031780 0.161946 0.011082 
0.000000 0.005104 0.017900 0.004645 0.766952 0.000275 0.000002 0.000091 0.205031 
0.173459 0.311507 0.000368 0.118335 0.250672 0.055289 0.000006 0.006814 0.083550 
0.000001 0.044276 0.554845 0.300102 0.018443 0.029267 0.000006 0.043005 0.010057 
0.000001 0.029329 0.140700 0.239996 0.031600 0.408673 0.122092 0.020571 0.007038 
0.000001 0.053784 0.005309 0.452887 0.300602 0.023874 0.000006 0.018573 0.144964 
0.000001 0.000726 0.003010 0.277477 0.033581 0.107392 0.497448 0.072905 0.007461 
0.072869 0.421983 0.076498 0.154410 0.156570 0.036764 0.000007 0.005976 0.074923 
0.009231 0.067790 0.027081 0.838670 0.007710 0.023446 0.000007 0.012730 0.013334 
0.000001 0.091937 0.098356 0.526136 0.059348 0.030156 0.017225 0.163839 0.013003 
0.320513 0.531890 0.000239 0.067711 0.018081 0.040457 0.000009 0.003652 0.017447 
0.029806 0.026257 0.099169 0.172503 0.413687 0.022300 0.000006 0.037712 0.198559 
0.015949 0.005734 0.103735 0.566078 0.077631 0.010484 0.044820 0.155646 0.019925 
0.213957 0.315494 0.000571 0.270541 0.022042 0.037029 0.086264 0.048416 0.005685 
0.000001 0.068534 0.517101 0.297937 0.017219 0.046609 0.000004 0.041052 0.011545 
0.000001 0.051615 0.032602 0.029511 0.084460 0.735590 0.000006 0.015525 0.050691 
0.012610 0.070620 0.000378 0.067032 0.644708 0.002211 0.000005 0.000236 0.202200 
0.000001 0.074687 0.319256 0.298779 0.048163 0.175563 0.000005 0.077230 0.006317 
0.000000 0.070774 0.025137 0.034604 0.095549 0.731292 0.000006 0.004306 0.038332 
0.113250 0.166200 0.096782 0.356045 0.045471 0.021644 0.131920 0.060500 0.008189 
0.021563 0.034164 0.035937 0.266867 0.055736 0.042406 0.000006 0.120027 0.423292 
0.000001 0.058138 0.008688 0.328406 0.023321 0.267014 0.212814 0.052204 0.049415 
0.000001 0.543112 0.040181 0.224296 0.059257 0.038467 0.041936 0.028305 0.024445 
0.000001 0.103380 0.080641 0.425082 0.043593 0.050759 0.000006 0.055031 0.241507 
0.081318 0.095098 0.054345 0.413606 0.010278 0.253593 0.009283 0.074179 0.008300 
0.000000 0.077372 0.066212 0.104963 0.018609 0.729129 0.000007 0.000183 0.003524 
0.000001 0.038189 0.059451 0.613055 0.024654 0.021867 0.181345 0.055251 0.006188 
0.047130 0.054280 0.150107 0.215628 0.043833 0.454384 0.000005 0.024124 0.010509 
0.272886 0.502573 0.029442 0.114115 0.071632 0.000493 0.000008 0.000158 0.008693 
0.000001 0.059219 0.031490 0.560496 0.116281 0.072651 0.000006 0.046785 0.113072 
0.000001 0.019751 0.009085 0.141362 0.117659 0.015870 0.299481 0.086221 0.310570 
0.000001 0.042657 0.048893 0.269566 0.032644 0.513627 0.000005 0.081988 0.010620 
0.000001 0.012694 0.003196 0.154046 0.350433 0.011969 0.297439 0.061718 0.108504 
0.000001 0.093801 0.207515 0.502004 0.059517 0.002331 0.027936 0.093591 0.013304 
0.000001 0.141663 0.005099 0.263141 0.065198 0.006771 0.332086 0.079124 0.106918 
0.036738 0.543906 0.007742 0.266487 0.040174 0.018731 0.000007 0.047335 0.038882 
0.000001 0.054112 0.002240 0.260230 0.020090 0.197976 0.426152 0.035126 0.004075 
0.000001 0.053785 0.074683 0.739235 0.016036 0.039083 0.000006 0.045623 0.031549 
0.000001 0.128150 0.014861 0.140754 0.020807 0.083016 0.000006 0.089667 0.522739 
0.000001 0.042408 0.061890 0.068670 0.013186 0.790716 0.000007 0.003860 0.019262 
0.000001 0.022363 0.193725 0.108120 0.261989 0.297671 0.000005 0.012955 0.103170 
0.000002 0.033350 0.010766 0.177832 0.547807 0.026930 0.000012 0.004249 0.199053 
0.000001 0.027372 0.000342 0.237709 0.055885 0.000823 0.599874 0.074686 0.003308 
0.028145 0.032500 0.043263 0.504056 0.015480 0.001911 0.335069 0.024057 0.015519 
0.039514 0.070679 0.000559 0.101525 0.526739 0.007595 0.000007 0.029171 0.224213 
0.000001 0.040132 0.020158 0.506121 0.015018 0.303734 0.055577 0.033557 0.025702 
0.000000 0.009922 0.003349 0.294415 0.031533 0.012324 0.552617 0.082766 0.013074 
0.000001 0.050557 0.053434 0.177613 0.011730 0.661619 0.014721 0.027325 0.003000 
0.000001 0.100528 0.095263 0.319973 0.042024 0.016224 0.010514 0.083687 0.331785 
0.043869 0.482933 0.000496 0.201389 0.016719 0.049708 0.174408 0.012626 0.017852 
0.000001 0.082698 0.006202 0.073423 0.036219 0.633831 0.151207 0.016075 0.000344 
0.000001 0.042430 0.018844 0.290646 0.048606 0.011962 0.399493 0.134699 0.053318 
0.000001 0.653357 0.023073 0.166750 0.059355 0.043114 0.000006 0.017268 0.037078 
0.000001 0.138388 0.044891 0.518870 0.025053 0.030666 0.074758 0.148439 0.018935 
0.019159 0.032611 0.040070 0.255143 0.510832 0.017634 0.000006 0.006418 0.118128 
0.013243 0.611449 0.012522 0.173257 0.027547 0.039464 0.030900 0.042510 0.049108 
0.053757 0.082137 0.201011 0.371702 0.058750 0.009067 0.000005 0.075049 0.148523 
0.064249 0.080589 0.172643 0.473221 0.065176 0.027541 0.006158 0.087185 0.023238 
0.068554 0.039791 0.078459 0.205445 0.257367 0.170460 0.087068 0.028742 0.064113 
0.000000 0.061675 0.080391 0.746572 0.013813 0.009215 0.038358 0.034045 0.015930 
0.006860 0.008678 0.000119 0.017988 0.726853 0.000423 0.000011 0.000098 0.238970 
0.000000 0.061830 0.048223 0.752134 0.000544 0.017768 0.084306 0.030670 0.004525 
0.000001 0.581231 0.043280 0.131951 0.025957 0.141591 0.030169 0.023911 0.021908 
0.000001 0.300120 0.000343 0.131150 0.038373 0.055808 0.039487 0.077641 0.357077 
0.185900 0.359219 0.030694 0.292585 0.015335 0.016182 0.088158 0.000276 0.011651 
0.000001 0.026220 0.021010 0.223705 0.027666 0.351743 0.307350 0.038634 0.003672 
0.020433 0.023919 0.301725 0.259764 0.026215 0.018337 0.289623 0.052455 0.007531 
0.038383 0.043795 0.023156 0.283552 0.038330 0.001935 0.448092 0.076824 0.045933 
0.000001 0.077630 0.098662 0.347719 0.080342 0.232554 0.017261 0.085951 0.059880 
0.000001 0.048044 0.214999 0.134875 0.330308 0.169923 0.000005 0.010030 0.091815 
0.000001 0.127726 0.099418 0.161774 0.026530 0.012196 0.024411 0.118097 0.429846 
0.000001 0.020867 0.000599 0.172129 0.041003 0.037950 0.331187 0.081173 0.315092 
0.000001 0.137451 0.075528 0.041657 0.012314 0.732514 0.000006 0.000220 0.000310 
0.079391 0.277436 0.096428 0.347865 0.072617 0.049120 0.000006 0.055557 0.021580 
0.128801 0.608021 0.000254 0.143457 0.043796 0.029526 0.000008 0.019820 0.026318 
0.022460 0.035831 0.032683 0.646897 0.119942 0.031439 0.000008 0.074971 0.035769 
0.000001 0.158905 0.003285 0.083142 0.047426 0.141887 0.000005 0.075217 0.490132 
0.000001 0.032494 0.010568 0.479585 0.197724 0.007187 0.167244 0.032526 0.072672 
0.000001 0.059870 0.051285 0.702448 0.008964 0.020318 0.112089 0.029910 0.015116 
0.000001 0.041082 0.068468 0.596734 0.036753 0.137234 0.006001 0.103908 0.009820 
0.000001 0.015784 0.019340 0.219143 0.565494 0.013526 0.000006 0.025344 0.141362 
0.000001 0.021133 0.003057 0.073970 0.027621 0.014794 0.009090 0.107801 0.742534 
0.000001 0.503156 0.019770 0.203452 0.070566 0.044791 0.112493 0.020462 0.025310 
0.223910 0.355281 0.000404 0.113361 0.100194 0.008031 0.000007 0.031311 0.167501 
0.000001 0.029656 0.022950 0.246591 0.026378 0.435293 0.217860 0.018006 0.003265 
0.234034 0.411245 0.000311 0.111464 0.013989 0.022201 0.000008 0.044405 0.162344 
0.000001 0.034688 0.011725 0.244595 0.056757 0.026766 0.000007 0.095513 0.529948 
0.000001 0.647373 0.034564 0.126807 0.093241 0.036897 0.020194 0.019928 0.020995 
0.000001 0.035597 0.000841 0.026044 0.713189 0.023435 0.000003 0.000109 0.200782 
0.000001 0.053378 0.065573 0.780125 0.010842 0.043606 0.000006 0.032187 0.014282 
0.000001 0.020290 0.000720 0.251059 0.106551 0.008667 0.498164 0.091007 0.023542 
0.000001 0.036007 0.047624 0.150194 0.041001 0.475206 0.218520 0.011010 0.020436 
0.036632 0.124203 0.439300 0.292395 0.002235 0.049542 0.000006 0.032939 0.022747 
0.000000 0.036059 0.000318 0.134916 0.035186 0.011697 0.000004 0.115733 0.666086 
0.000001 0.016609 0.113851 0.147861 0.516850 0.027706 0.000006 0.024714 0.152403 
0.040065 0.016413 0.038428 0.572916 0.095480 0.025838 0.000005 0.163565 0.047290 
0.000001 0.221130 0.116696 0.532508 0.044437 0.006383 0.021017 0.033742 0.024086 
0.027641 0.014326 0.114676 0.614831 0.028495 0.023349 0.000006 0.150678 0.025997 
0.024305 0.012191 0.000341 0.205695 0.035990 0.001018 0.547672 0.076292 0.096496 
0.000001 0.040080 0.012215 0.468034 0.006269 0.050945 0.000009 0.092887 0.329560 
0.000001 0.040258 0.532293 0.323680 0.019876 0.025726 0.000006 0.048990 0.009170 
0.000001 0.044379 0.080851 0.688588 0.013667 0.013323 0.125436 0.025958 0.007797 
0.023284 0.349928 0.014081 0.479072 0.039109 0.042888 0.000009 0.035507 0.016122 
0.000001 0.132388 0.015193 0.158026 0.136132 0.198984 0.189670 0.046646 0.122962 
0.000001 0.030702 0.137641 0.119771 0.378014 0.131723 0.046757 0.000364 0.155027 
0.000001 0.070663 0.027359 0.172452 0.521805 0.017941 0.000005 0.023473 0.166301 
0.038664 0.031242 0.000481 0.321201 0.039671 0.033109 0.487346 0.040953 0.007333 
0.059365 0.084261 0.072683 0.348920 0.045467 0.016881 0.006833 0.102934 0.262657 
0.032426 0.353059 0.289950 0.212208 0.007962 0.054378 0.000006 0.020112 0.029898 
0.000001 0.088438 0.000278 0.115944 0.020201 0.026772 0.131789 0.092820 0.523757 
0.014962 0.045262 0.340785 0.276307 0.031965 0.084296 0.054256 0.044873 0.107295 
0.000001 0.252719 0.056916 0.035565 0.048682 0.513570 0.067137 0.000172 0.025238 
0.000000 0.053341 0.043399 0.793724 0.001578 0.037403 0.000006 0.026164 0.044384 
0.318735 0.460004 0.008163 0.093834 0.007258 0.001168 0.082597 0.017099 0.011144 
0.000000 0.018037 0.015000 0.288863 0.466640 0.006917 0.000006 0.022229 0.182308 
0.000001 0.033661 0.023668 0.042882 0.326086 0.449034 0.000005 0.011653 0.113010 
0.000001 0.298900 0.028711 0.133346 0.298081 0.012585 0.030313 0.026003 0.172060 
0.000001 0.086929 0.152759 0.194525 0.035207 0.135559 0.216176 0.074171 0.104673 
0.022579 0.076914 0.531673 0.268161 0.004717 0.026999 0.000007 0.031641 0.037308 
0.065334 0.038764 0.093693 0.291276 0.265085 0.024344 0.009972 0.046314 0.165218 
0.000001 0.311489 0.299741 0.224482 0.078101 0.039954 0.010389 0.028581 0.007261 
0.069740 0.073239 0.191176 0.538566 0.063569 0.004088 0.000007 0.048592 0.011023 
0.000001 0.016572 0.062812 0.654959 0.034185 0.030940 0.011583 0.174704 0.014244 
0.000001 0.026033 0.181097 0.367286 0.134307 0.002572 0.161853 0.083741 0.043110 
0.000001 0.499262 0.139160 0.186896 0.035756 0.044878 0.000007 0.032101 0.061938 
0.000001 0.236202 0.152545 0.239797 0.056993 0.042123 0.192954 0.062595 0.016791 
0.000001 0.026642 0.013587 0.297877 0.033138 0.032978 0.023253 0.114433 0.458091 
0.048645 0.069431 0.017158 0.176047 0.510153 0.001034 0.000007 0.010036 0.167491 
0.000001 0.000725 0.000807 0.060387 0.746719 0.008231 0.000005 0.003686 0.179440 
0.000001 0.180485 0.092828 0.296933 0.027510 0.336465 0.000005 0.030543 0.035230 
0.000001 0.054543 0.234456 0.107438 0.021584 0.350803 0.026372 0.037426 0.167377 
0.000001 0.497328 0.078175 0.205817 0.054000 0.085593 0.018566 0.036321 0.024199 
0.025148 0.015064 0.062547 0.184472 0.305743 0.053779 0.250534 0.028600 0.074112 
0.033883 0.083329 0.235092 0.182993 0.307057 0.024021 0.000007 0.013974 0.119643 
0.000001 0.022198 0.168915 0.615190 0.010421 0.027062 0.000006 0.142465 0.013742 
0.000001 0.048712 0.537132 0.238195 0.033167 0.037489 0.000005 0.061225 0.044073 
0.036203 0.557724 0.019889 0.220352 0.027139 0.088325 0.000008 0.013740 0.036619 
0.000000 0.050807 0.196268 0.617627 0.011617 0.043421 0.058386 0.016906 0.004968 
0.000001 0.000707 0.045240 0.103274 0.567343 0.040204 0.060258 0.016322 0.166652 
0.251550 0.526093 0.058694 0.092434 0.006554 0.053844 0.000008 0.000166 0.010657 
0.000001 0.100646 0.068070 0.167931 0.057204 0.415112 0.154513 0.025452 0.011070 
0.000000 0.045502 0.000712 0.036591 0.037468 0.718726 0.000004 0.012395 0.148602 
0.322672 0.527023 0.006975 0.113826 0.006516 0.013722 0.000009 0.000805 0.008452 
0.047563 0.078773 0.141081 0.199365 0.022511 0.436897 0.014810 0.036782 0.022219 
0.054823 0.060698 0.110599 0.533033 0.127487 0.001600 0.000006 0.054920 0.056834 
0.013460 0.001550 0.000371 0.232532 0.037234 0.000520 0.641265 0.065977 0.007092 
0.031894 0.112573 0.003178 0.123435 0.026993 0.032475 0.007793 0.083365 0.578294 
0.000001 0.395748 0.267908 0.225762 0.011306 0.071697 0.000005 0.008320 0.019252 
0.000001 0.038103 0.001340 0.034612 0.499063 0.244416 0.000006 0.009243 0.173217 
0.000001 0.169835 0.016926 0.340010 0.076501 0.021800 0.077147 0.060489 0.237290 
0.000001 0.034483 0.475113 0.246554 0.035985 0.051433 0.000005 0.058661 0.097764 
0.000001 0.040319 0.051659 0.255152 0.088612 0.014882 0.026291 0.112651 0.410432 
0.000001 0.048891 0.006810 0.494818 0.049188 0.009411 0.275925 0.050372 0.064583 
0.015949 0.137118 0.000374 0.143070 0.010902 0.031614 0.000005 0.076958 0.584010 
0.057982 0.041596 0.000565 0.111888 0.349650 0.021492 0.029008 0.039314 0.348505 
0.000000 0.000639 0.000181 0.048129 0.399355 0.017612 0.000004 0.058551 0.475528 
0.000001 0.082702 0.027533 0.145189 0.017818 0.714230 0.000005 0.012173 0.000349 
0.000001 0.000477 0.019501 0.249435 0.032074 0.002329 0.602506 0.081266 0.012412 
0.000001 0.018444 0.009478 0.147090 0.074316 0.006300 0.031130 0.118928 0.594313 
0.000001 0.257529 0.040129 0.056945 0.042338 0.453818 0.032130 0.052267 0.064844 
0.000001 0.027108 0.030757 0.460914 0.016381 0.000538 0.328337 0.117689 0.018274 
0.017725 0.051815 0.522429 0.291593 0.010006 0.064392 0.000004 0.023250 0.018785 
0.037559 0.021787 0.059756 0.555948 0.030309 0.030971 0.032749 0.161672 0.069251 
0.000001 0.055764 0.059341 0.177920 0.030482 0.028918 0.102041 0.104127 0.441406 
0.034808 0.020036 0.042527 0.286334 0.042062 0.051589 0.000005 0.136742 0.385896 
0.000000 0.010836 0.002127 0.082379 0.026313 0.169387 0.000003 0.085407 0.623549 
0.000001 0.014277 0.113774 0.098233 0.586520 0.015700 0.000005 0.017323 0.154168 
0.000001 0.050207 0.595823 0.258830 0.015707 0.012100 0.000005 0.054594 0.012733 
0.060215 0.061931 0.215767 0.447242 0.076218 0.015818 0.000005 0.083039 0.039764 
0.000001 0.025563 0.158072 0.410839 0.024674 0.028392 0.041198 0.132027 0.179235 
0.047363 0.069226 0.133993 0.567115 0.032999 0.001322 0.088391 0.047948 0.011643 
0.263459 0.434815 0.014491 0.076675 0.152885 0.010156 0.000007 0.003156 0.044355 
0.249892 0.493008 0.000303 0.202564 0.029079 0.020976 0.000008 0.000633 0.003537 
0.000001 0.456888 0.014423 0.076962 0.028411 0.339863 0.035140 0.018853 0.029459 
0.000001 0.001070 0.003306 0.042463 0.643364 0.000366 0.009179 0.013682 0.286568 
0.000001 0.022415 0.026445 0.102074 0.047538 0.557276 0.181843 0.027888 0.034521 
0.287544 0.293440 0.009281 0.273993 0.016618 0.045746 0.000006 0.053511 0.019862 
0.319972 0.479256 0.009743 0.094405 0.024202 0.056083 0.000010 0.000271 0.016058 
0.069437 0.096566 0.013032 0.190592 0.019829 0.419250 0.131932 0.035004 0.024358 
0.000001 0.016775 0.000332 0.152155 0.578772 0.054983 0.011607 0.015421 0.169956 
0.000001 0.098699 0.332837 0.325744 0.019574 0.186859 0.000006 0.020707 0.015572 
0.065406 0.103977 0.132963 0.510472 0.078630 0.009333 0.017921 0.051340 0.029958 
0.010361 0.010185 0.086884 0.285473 0.030335 0.000605 0.519633 0.048788 0.007736 
0.078764 0.041590 0.182563 0.440453 0.040634 0.135958 0.000006 0.072709 0.007325 
0.327409 0.494709 0.000555 0.105083 0.029115 0.017399 0.000008 0.000159 0.025562 
0.030641 0.120590 0.053738 0.135961 0.049964 0.584079 0.000005 0.006745 0.018278 
0.109040 0.522960 0.090028 0.152001 0.059020 0.038881 0.000006 0.020600 0.007465 
0.000001 0.023678 0.020367 0.437821 0.026850 0.001754 0.394831 0.063200 0.031499 
0.000001 0.259126 0.010335 0.230769 0.031620 0.006390 0.387666 0.053348 0.020746 
0.060930 0.203693 0.121483 0.464898 0.042488 0.027894 0.000007 0.063889 0.014718 
0.000000 0.416121 0.034306 0.414247 0.028968 0.078316 0.000006 0.019755 0.008281 
0.000000 0.001311 0.024559 0.186220 0.032988 0.037876 0.023387 0.119550 0.574108 
0.023411 0.602185 0.013138 0.136318 0.056998 0.046955 0.000005 0.035542 0.085448 
0.000001 0.004680 0.000265 0.106366 0.603410 0.000661 0.135620 0.009578 0.139420 
0.000001 0.078479 0.031965 0.294853 0.109800 0.382748 0.058299 0.007139 0.036716 
0.018063 0.018360 0.028116 0.222318 0.523413 0.027260 0.000005 0.024696 0.137770 
0.064546 0.131662 0.056211 0.537748 0.091285 0.015273 0.015969 0.064345 0.022962 
0.000001 0.033589 0.000846 0.226145 0.036512 0.387024 0.269906 0.038344 0.007634 
0.000001 0.607475 0.022737 0.138175 0.073677 0.024181 0.010887 0.016402 0.106465 
0.000001 0.022083 0.000357 0.201319 0.348010 0.001062 0.279958 0.044782 0.102428 
0.000000 0.004310 0.002033 0.061017 0.037456 0.034914 0.000003 0.107495 0.752772 
0.000001 0.028975 0.000587 0.165298 0.064977 0.025515 0.151388 0.134851 0.428409 
0.037540 0.475530 0.027129 0.314019 0.085075 0.024074 0.000006 0.019894 0.016732 
0.112335 0.215995 0.380929 0.195464 0.010875 0.038422 0.000006 0.015032 0.030943 
0.000000 0.108576 0.011439 0.064690 0.011935 0.798899 0.000005 0.000233 0.004222 
0.039559 0.065888 0.521000 0.268198 0.002545 0.024288 0.000005 0.062732 0.015787 
0.000001 0.010781 0.013084 0.039196 0.694284 0.032199 0.000004 0.009402 0.201050 
0.045139 0.061202 0.163301 0.585094 0.044822 0.029790 0.025375 0.029326 0.015951 
0.000000 0.000906 0.010497 0.011767 0.748954 0.000731 0.000005 0.000189 0.226951 
0.000001 0.162328 0.360432 0.228557 0.052266 0.045896 0.069221 0.055449 0.025851 
0.122461 0.574162 0.020651 0.190066 0.027384 0.038067 0.000006 0.005150 0.022054 
0.000001 0.051520 0.398591 0.335804 0.030853 0.140743 0.000005 0.037170 0.005313 
0.000001 0.066418 0.064232 0.653058 0.009155 0.020674 0.124425 0.024235 0.037803 
0.000001 0.647969 0.029876 0.118834 0.064510 0.051899 0.056568 0.001709 0.028635 
0.000001 0.476789 0.000899 0.101654 0.044609 0.334676 0.019533 0.003337 0.018503 
0.000000 0.059819 0.031632 0.044104 0.010320 0.850390 0.000006 0.000171 0.003557 
0.000001 0.044783 0.068173 0.506905 0.098419 0.125279 0.010109 0.095021 0.051310 
0.000001 0.060006 0.031126 0.050974 0.392632 0.142503 0.103869 0.033939 0.184950 
0.028060 0.028976 0.133092 0.502717 0.013877 0.016371 0.214704 0.046530 0.015673 
0.000000 0.029603 0.035375 0.061681 0.024165 0.630401 0.058230 0.026589 0.133955 
0.208778 0.428134 0.001094 0.142056 0.015221 0.011406 0.172203 0.011362 0.009746 
0.000001 0.127453 0.095598 0.450495 0.025381 0.213384 0.035553 0.039065 0.013070 
0.060387 0.066937 0.082831 0.439779 0.068467 0.002175 0.178846 0.066593 0.033986 
0.145245 0.223774 0.000446 0.140410 0.021467 0.009619 0.393803 0.056531 0.008706 
0.000001 0.318567 0.027666 0.379354 0.040772 0.138884 0.000006 0.063595 0.031155 
0.000001 0.000870 0.000543 0.071722 0.680707 0.000431 0.000008 0.017135 0.228584 
0.000001 0.426747 0.020547 0.107115 0.036377 0.327322 0.058871 0.000450 0.022570 
0.000001 0.026985 0.005479 0.164426 0.057644 0.027945 0.000005 0.119835 0.597681 
0.032516 0.032904 0.015709 0.373109 0.035022 0.017912 0.349193 0.093673 0.049961 
0.019662 0.043539 0.215435 0.326704 0.036565 0.090910 0.220857 0.043309 0.003021 
0.000001 0.011151 0.004745 0.317024 0.034743 0.000648 0.534249 0.060922 0.036518 
0.000001 0.280884 0.032044 0.251993 0.108863 0.031658 0.206809 0.043763 0.043987 
0.070110 0.041851 0.125924 0.480353 0.048673 0.024111 0.128495 0.059708 0.020775 
0.054749 0.253718 0.107232 0.332363 0.077097 0.020711 0.000005 0.046371 0.107754 
0.000001 0.044592 0.038652 0.398372 0.388252 0.029086 0.000006 0.007945 0.093093 
0.000001 0.027688 0.001017 0.147295 0.421845 0.240107 0.000005 0.021762 0.140280 
0.000000 0.028356 0.000893 0.253588 0.061839 0.038671 0.000006 0.098559 0.518089 
0.000001 0.008701 0.000126 0.146755 0.064644 0.032558 0.192197 0.095841 0.459179 
0.000001 0.040110 0.030410 0.064633 0.035906 0.798226 0.000006 0.014589 0.016120 
0.329682 0.537442 0.000597 0.087715 0.012693 0.007960 0.000008 0.006989 0.016914 
0.000001 0.038895 0.036741 0.471203 0.042006 0.029093 0.100861 0.119599 0.161602 
0.209715 0.407621 0.000333 0.115733 0.035998 0.018307 0.178543 0.025309 0.008442 
