-979871.544510
0
0.002855 0.000000 0.000000 0.000000 0.000000 0.000000 0.000000 0.000000 0.000000 0.000001 0.000000 0.000001 0.014332 0.000000 0.002681 0.025555 0.021963 0.009846 0.016247 0.025094 0.058346 0.008755 0.005626 0.032244 0.002913 0.000000 0.000000 0.000000 0.000000 0.000000 0.000000 0.000000 0.002984 0.000000 0.000000 0.000000 0.004656 0.000000 0.000000 0.000000 0.023383 0.009922 0.018924 0.038859 0.035372 0.008459 0.017568 0.082598 0.010184 0.006139 0.000000 0.004759 0.000000 0.000000 0.000000 0.005053 0.000000 0.000000 0.000000 0.000002 0.000000 0.000759 0.000000 0.000000 0.007437 0.011512 0.010806 0.010191 0.011012 0.001763 0.005988 0.031925 0.025759 0.000000 0.000000 0.031082 0.003315 0.000000 0.000000 0.005448 0.000000 0.000000 0.000000 0.006010 0.026317 0.000000 0.016252 0.011123 0.021036 0.014171 0.010860 0.036619 0.094164 0.012277 0.011679 0.087177 
0.000000 0.000000 0.000000 0.000000 0.003823 0.012302 0.000000 0.003749 0.023647 0.020846 0.000000 0.007287 0.000000 0.000000 0.012234 0.000000 0.067544 0.020934 0.057516 0.045349 0.000000 0.000000 0.000000 0.000000 0.000000 0.000000 0.000000 0.000000 0.000000 0.000000 0.000000 0.000000 0.035516 0.018390 0.000000 0.000000 0.000000 0.000000 0.012663 0.000000 0.029562 0.011104 0.038922 0.024865 0.000000 0.007087 0.005872 0.018690 0.014916 0.016934 0.000000 0.000000 0.000000 0.009412 0.000000 0.003257 0.034356 0.034518 0.000000 0.043388 0.004285 0.000000 0.000000 0.000000 0.035222 0.014012 0.028360 0.028154 0.003072 0.000000 0.000000 0.000000 0.023713 0.020699 0.009605 0.007153 0.000000 0.008326 0.000000 0.000000 0.000000 0.000000 0.000000 0.009135 0.011847 0.000000 0.005441 0.000000 0.026576 0.027627 0.028820 0.029726 0.016946 0.006264 0.000000 0.020333 
0.000000 0.000000 0.000000 0.000000 0.000000 0.000000 0.000000 0.000602 0.006290 0.000654 0.000000 0.002074 0.000000 0.000000 0.000000 0.000000 0.002501 0.000000 0.000820 0.001655 0.000000 0.000000 0.000000 0.000000 0.000000 0.000000 0.000000 0.000000 0.000000 0.000000 0.000000 0.000000 0.009640 0.000000 0.002295 0.005721 0.000000 0.000239 0.000000 0.000000 0.000832 0.000270 0.000000 0.000379 0.000192 0.000000 0.000000 0.000000 0.000000 0.000000 0.000000 0.000000 0.000000 0.000000 0.000000 0.000000 0.006273 0.000000 0.000000 0.002752 0.000000 0.000000 0.000000 0.000000 0.000000 0.000000 0.000000 0.000000 0.000000 0.000000 0.000000 0.000242 0.014291 0.007368 0.003272 0.012348 0.038811 0.000000 0.000000 0.070960 0.454717 0.068470 0.042725 0.242720 0.000000 0.000000 0.000000 0.000000 0.000355 0.000000 0.000530 0.000000 0.000000 0.000000 0.000000 0.000000 
0.000000 0.000000 0.000000 0.000000 0.000000 0.000000 0.000000 0.000000 0.000000 0.019465 0.000000 0.003836 0.000000 0.000876 0.000855 0.002819 0.000000 0.000000 0.000000 0.000000 0.000000 0.000000 0.000516 0.000000 0.000000 0.000000 0.000000 0.000000 0.000000 0.000000 0.000681 0.000000 0.079201 0.108446 0.020151 0.080403 0.000000 0.001107 0.000351 0.000732 0.000302 0.000814 0.000938 0.004141 0.000000 0.000724 0.000775 0.000000 0.000000 0.000000 0.000000 0.000000 0.000000 0.000378 0.000000 0.000000 0.000000 0.021796 0.000000 0.016603 0.000000 0.000000 0.000000 0.000776 0.000000 0.000000 0.000000 0.008776 0.000000 0.000000 0.001429 0.000000 0.000000 0.000714 0.000000 0.000000 0.000000 0.000000 0.000504 0.000000 0.124171 0.292670 0.098404 0.090245 0.000000 0.001153 0.000759 0.004477 0.001421 0.001586 0.001634 0.001907 0.000000 0.000858 0.000918 0.001687 
0.035285 0.029071 0.000000 0.032209 0.014410 0.006995 0.000000 0.012691 0.025326 0.003305 0.004187 0.033311 0.024790 0.019762 0.015381 0.030770 0.020322 0.010399 0.010256 0.039532 0.005935 0.000000 0.011195 0.005037 0.020837 0.000000 0.000000 0.019377 0.009910 0.008849 0.000000 0.010631 0.000000 0.006490 0.000000 0.025820 0.010219 0.019582 0.006832 0.030994 0.004813 0.017288 0.000000 0.017327 0.003643 0.004493 0.009839 0.007194 0.011522 0.000000 0.000000 0.021323 0.005047 0.000000 0.000000 0.005289 0.000000 0.000000 0.000000 0.004611 0.012106 0.009522 0.014638 0.023412 0.005525 0.009042 0.005320 0.011954 0.000000 0.000761 0.008369 0.005626 0.016050 0.000000 0.000000 0.034736 0.004679 0.000000 0.000000 0.009088 0.000000 0.000000 0.000000 0.009866 0.020068 0.018824 0.009239 0.038361 0.008104 0.009413 0.000000 0.017674 0.000000 0.003333 0.010373 0.011820 
0.000000 0.000000 0.049939 0.000000 0.043326 0.020130 0.017953 0.017461 0.039223 0.000001 0.000000 0.009268 0.000000 0.000000 0.000000 0.000000 0.000001 0.002280 0.000001 0.000000 0.000000 0.000000 0.000000 0.000000 0.000000 0.000000 0.029727 0.000000 0.044750 0.039485 0.025151 0.000000 0.032187 0.049669 0.021528 0.035392 0.000000 0.000000 0.018704 0.000000 0.000001 0.000001 0.000000 0.016018 0.000000 0.000000 0.017299 0.000000 0.000000 0.000000 0.103523 0.009492 0.029402 0.000000 0.028267 0.000000 0.031360 0.030332 0.000000 0.000003 0.030650 0.000000 0.051362 0.000000 0.000000 0.000000 0.000000 0.000000 0.000000 0.000000 0.003729 0.000000 0.000000 0.016952 0.048553 0.000002 0.015837 0.000000 0.017964 0.017397 0.000000 0.000000 0.000000 0.000001 0.000000 0.010131 0.000000 0.000000 0.006969 0.000000 0.013787 0.000000 0.000000 0.000000 0.004790 0.000000 
0.000000 0.000000 0.000000 0.014420 0.000000 0.000000 0.000000 0.000000 0.000000 0.003971 0.000000 0.006725 0.000000 0.000000 0.000000 0.001189 0.000001 0.000000 0.000001 0.000000 0.000000 0.000000 0.000000 0.019230 0.003668 0.000000 0.001769 0.000000 0.000000 0.000000 0.000000 0.000000 0.000000 0.000000 0.008016 0.003812 0.000000 0.000000 0.000000 0.000000 0.000000 0.000000 0.000000 0.002323 0.000000 0.000000 0.000000 0.033649 0.001319 0.000000 0.000000 0.000000 0.000000 0.000000 0.000000 0.000000 0.000000 0.021812 0.000000 0.000001 0.000000 0.000000 0.000000 0.000000 0.012129 0.018020 0.000000 0.000000 0.000000 0.000000 0.001409 0.000000 0.064391 0.017604 0.007488 0.285706 0.000000 0.000000 0.000000 0.000000 0.000000 0.020855 0.367793 0.060760 0.000000 0.000000 0.000000 0.005330 0.000001 0.000000 0.000000 0.000000 0.000000 0.016607 0.000000 0.000000 
0.003808 0.004733 0.000000 0.000000 0.000000 0.000000 0.000000 0.002251 0.031846 0.016574 0.258394 0.014173 0.000000 0.000000 0.000000 0.006093 0.009964 0.007616 0.008612 0.000000 0.000000 0.003403 0.000000 0.003683 0.000000 0.002607 0.000000 0.000000 0.000000 0.000000 0.000000 0.000000 0.015947 0.000000 0.147239 0.011947 0.000000 0.000000 0.000000 0.000000 0.000000 0.003559 0.005429 0.005700 0.000000 0.000000 0.000000 0.000000 0.003317 0.002738 0.000000 0.000000 0.000000 0.002876 0.000000 0.000000 0.033887 0.033573 0.166624 0.018277 0.000000 0.000000 0.000000 0.000000 0.009296 0.006260 0.003652 0.009849 0.000000 0.000456 0.000000 0.000000 0.004765 0.007228 0.000000 0.011046 0.000000 0.000000 0.000000 0.000000 0.000000 0.000000 0.094229 0.002947 0.000000 0.000000 0.000000 0.000000 0.007249 0.002959 0.011817 0.002480 0.000000 0.000900 0.000000 0.000000 
0.051736 0.044473 0.010724 0.033882 0.000000 0.000000 0.000000 0.000000 0.000000 0.010584 0.000000 0.000000 0.002612 0.002228 0.011240 0.000000 0.009805 0.000000 0.010761 0.000000 0.000000 0.000000 0.000000 0.000000 0.069506 0.100606 0.005179 0.068674 0.000000 0.000000 0.000000 0.012354 0.015460 0.000000 0.000000 0.011189 0.011398 0.011666 0.045476 0.012912 0.006619 0.000000 0.017874 0.000000 0.000000 0.000000 0.000000 0.000000 0.055091 0.057884 0.000000 0.034422 0.000000 0.015355 0.000000 0.007836 0.000000 0.000000 0.000000 0.010842 0.000000 0.006118 0.000000 0.001801 0.008907 0.001626 0.004538 0.000000 0.000000 0.000000 0.000000 0.000000 0.053859 0.078230 0.000000 0.048709 0.000000 0.017045 0.000000 0.000000 0.000000 0.000000 0.000000 0.005058 0.003854 0.000000 0.011866 0.000000 0.000001 0.000000 0.000000 0.000000 0.000000 0.000000 0.000000 0.000000 
0.000000 0.000000 0.001037 0.001806 0.001746 0.001466 0.000000 0.000000 0.036486 0.018370 0.000000 0.013164 0.000000 0.004531 0.000000 0.003608 0.004679 0.002378 0.035279 0.000000 0.000000 0.002475 0.000638 0.001803 0.016342 0.038893 0.017631 0.099615 0.000000 0.000000 0.000000 0.000000 0.000000 0.016074 0.062375 0.000000 0.000000 0.004256 0.000000 0.001003 0.011407 0.003600 0.043829 0.000001 0.000000 0.007766 0.008320 0.015296 0.002081 0.010471 0.003900 0.012820 0.000000 0.003181 0.000000 0.001998 0.094283 0.108608 0.110753 0.083561 0.000000 0.004531 0.000000 0.003023 0.017456 0.004534 0.017482 0.000000 0.000000 0.002024 0.001052 0.006557 0.000000 0.000000 0.000000 0.000001 0.000000 0.000000 0.000000 0.000000 0.000000 0.000000 0.000000 0.000001 0.000000 0.000000 0.000000 0.000000 0.007621 0.003094 0.007896 0.003581 0.000000 0.003002 0.001664 0.008948 
0.000000 0.006548 0.000000 0.000000 0.043760 0.023924 0.014083 0.049655 0.021563 0.011098 0.000000 0.007504 0.000000 0.000000 0.000000 0.000000 0.008127 0.010616 0.010142 0.000000 0.000000 0.006421 0.015033 0.014361 0.000000 0.000000 0.000000 0.000000 0.033360 0.028948 0.010709 0.048858 0.016197 0.000000 0.000000 0.000000 0.006176 0.002660 0.000000 0.008218 0.009231 0.019139 0.009055 0.005320 0.000000 0.007479 0.017237 0.008185 0.000000 0.003335 0.000000 0.000000 0.021698 0.019870 0.000000 0.036686 0.035734 0.011825 0.000000 0.014092 0.000000 0.009866 0.006790 0.000000 0.006689 0.008683 0.004310 0.002414 0.012367 0.009506 0.032721 0.008139 0.000000 0.004755 0.000000 0.000001 0.035837 0.046082 0.006983 0.075046 0.000000 0.000000 0.000000 0.000001 0.000000 0.006851 0.002130 0.000000 0.014921 0.018564 0.011486 0.011929 0.000000 0.014222 0.018174 0.014687 
0.000000 0.000000 0.000000 0.000000 0.001239 0.000828 0.000000 0.000000 0.000000 0.000001 0.000000 0.000001 0.000000 0.000000 0.000000 0.000000 0.006217 0.013501 0.005332 0.012814 0.000000 0.009509 0.004328 0.012180 0.000000 0.000000 0.000000 0.039349 0.000000 0.000000 0.000000 0.000000 0.000000 0.000000 0.000000 0.000000 0.000000 0.000000 0.000000 0.000000 0.001730 0.004880 0.002025 0.000001 0.006165 0.003532 0.008989 0.000000 0.000000 0.002241 0.000000 0.022256 0.000000 0.000000 0.000000 0.000000 0.000000 0.000000 0.056862 0.038147 0.000000 0.000000 0.000000 0.000000 0.000000 0.000000 0.015532 0.033459 0.000000 0.005992 0.000000 0.006713 0.000000 0.000000 0.000000 0.415237 0.000000 0.000000 0.000000 0.000000 0.000000 0.000000 0.000000 0.000001 0.000000 0.000000 0.000000 0.000000 0.005987 0.026943 0.016450 0.026863 0.015495 0.000000 0.005408 0.173793 
0.032712 0.000001 0.000009 0.005393 0.679381 0.000006 0.000000 0.079887 0.202612 0.000000 0.000000 0.000000 
0.019573 0.000001 0.015268 0.050869 0.202647 0.000010 0.137131 0.390347 0.071145 0.000000 0.113010 0.000000 
0.000000 0.000001 0.920681 0.031323 0.006780 0.005326 0.000000 0.035434 0.000455 0.000000 0.000000 0.000000 
0.038379 0.000001 0.109712 0.052242 0.273609 0.000008 0.000000 0.038142 0.163304 0.000000 0.324602 0.000000 
0.012228 0.000001 0.000015 0.430099 0.073277 0.112717 0.000000 0.010677 0.360987 0.000000 0.000000 0.000000 
0.000001 0.000001 0.000017 0.041395 0.205397 0.223544 0.000000 0.003068 0.504569 0.000000 0.000000 0.022008 
0.301220 0.107800 0.000018 0.052032 0.206090 0.000010 0.053160 0.171583 0.054815 0.000000 0.053272 0.000000 
0.033793 0.000001 0.087842 0.064105 0.563061 0.000007 0.000000 0.043713 0.195025 0.000000 0.012453 0.000000 
0.000000 0.000000 0.928149 0.063068 0.001473 0.000002 0.000000 0.003366 0.003941 0.000000 0.000000 0.000000 
0.000000 0.074067 0.000017 0.072094 0.117582 0.048157 0.000000 0.550528 0.137554 0.000000 0.000000 0.000000 
0.000000 0.000001 0.017527 0.003484 0.659960 0.000009 0.000000 0.048630 0.260375 0.000000 0.010013 0.000000 
0.000000 0.000001 0.000015 0.014831 0.244297 0.064161 0.000000 0.242247 0.200715 0.233733 0.000000 0.000000 
0.022032 0.189018 0.000015 0.200052 0.212602 0.029612 0.101974 0.045115 0.057208 0.000000 0.032569 0.109803 
0.000000 0.245014 0.220465 0.052352 0.254144 0.000011 0.000000 0.036284 0.062192 0.042704 0.086833 0.000000 
0.009647 0.000001 0.029069 0.005030 0.289561 0.031281 0.000000 0.095068 0.117309 0.060765 0.362269 0.000000 
0.137913 0.000001 0.084610 0.496733 0.128169 0.024247 0.000000 0.013537 0.114790 0.000000 0.000000 0.000000 
0.086816 0.029524 0.066821 0.033449 0.142628 0.132032 0.031017 0.208327 0.269384 0.000000 0.000000 0.000000 
0.000000 0.228152 0.000012 0.080854 0.259179 0.027535 0.000000 0.209869 0.079597 0.027356 0.087447 0.000000 
0.126132 0.210916 0.012647 0.086653 0.293044 0.012943 0.000000 0.057766 0.069502 0.000000 0.117206 0.013191 
0.000000 0.000001 0.281805 0.464596 0.052014 0.000007 0.070001 0.026257 0.012420 0.092898 0.000000 0.000000 
0.000000 0.000001 0.000014 0.326444 0.449485 0.015147 0.000000 0.058879 0.150030 0.000000 0.000000 0.000000 
0.000000 0.130198 0.000015 0.070882 0.085007 0.021088 0.000000 0.355511 0.020917 0.316381 0.000000 0.000000 
0.014595 0.000001 0.000015 0.277981 0.147639 0.136339 0.000000 0.021061 0.380492 0.000000 0.021878 0.000000 
0.026057 0.329121 0.012645 0.048646 0.387176 0.020099 0.000000 0.051882 0.069855 0.000000 0.054518 0.000000 
0.000000 0.053979 0.000011 0.843556 0.026787 0.000008 0.000000 0.004218 0.039379 0.000000 0.032062 0.000000 
0.016789 0.000001 0.000017 0.071322 0.276832 0.000006 0.000000 0.487202 0.121748 0.026083 0.000000 0.000000 
0.000000 0.000001 0.160418 0.024293 0.065237 0.067922 0.231680 0.014945 0.285349 0.036365 0.000000 0.113790 
0.000000 0.146295 0.000015 0.567367 0.145140 0.013892 0.000000 0.033902 0.035286 0.000000 0.058103 0.000000 
0.179412 0.067881 0.021205 0.013919 0.531878 0.000010 0.000000 0.041144 0.144549 0.000000 0.000000 0.000000 
0.021533 0.000001 0.044394 0.011340 0.334572 0.000010 0.000000 0.223687 0.202989 0.161475 0.000000 0.000000 
0.000000 0.156948 0.256963 0.231493 0.201777 0.000008 0.000000 0.041084 0.009590 0.035196 0.052165 0.014774 
0.000000 0.224923 0.000015 0.052468 0.233917 0.096522 0.000000 0.030624 0.283360 0.000000 0.055435 0.022735 
0.032491 0.183037 0.211917 0.047797 0.222676 0.000007 0.000000 0.090871 0.092397 0.054263 0.064544 0.000000 
0.000000 0.068622 0.000013 0.226280 0.068698 0.000004 0.127705 0.357911 0.060422 0.000000 0.000000 0.090344 
0.000000 0.000001 0.765875 0.071955 0.072890 0.000008 0.000000 0.010304 0.018917 0.000000 0.060050 0.000000 
0.036472 0.000001 0.007688 0.013757 0.498072 0.000009 0.142643 0.054009 0.161823 0.018178 0.022558 0.044792 
0.077796 0.000001 0.000011 0.309277 0.035312 0.004075 0.297102 0.037391 0.055884 0.000000 0.000000 0.183151 
0.029833 0.000001 0.741799 0.044544 0.041242 0.006279 0.000000 0.047202 0.004243 0.084856 0.000000 0.000000 
0.000000 0.087560 0.031629 0.031426 0.134040 0.045120 0.279470 0.050020 0.161054 0.000000 0.000000 0.179680 
0.000000 0.000001 0.009711 0.044367 0.269895 0.141873 0.000000 0.038836 0.470286 0.000000 0.025031 0.000000 
0.000000 0.000001 0.000011 0.078693 0.025077 0.011814 0.348944 0.101199 0.055101 0.129789 0.000000 0.249371 
0.000000 0.200967 0.021086 0.029606 0.182744 0.138270 0.000000 0.043718 0.383608 0.000000 0.000000 0.000000 
0.081056 0.035554 0.017804 0.026173 0.175564 0.135063 0.075060 0.026895 0.341145 0.032805 0.000000 0.052882 
0.000000 0.242513 0.009801 0.077608 0.245961 0.020912 0.000000 0.283107 0.008032 0.080525 0.031541 0.000000 
0.000000 0.000001 0.502461 0.011425 0.042139 0.130030 0.011524 0.018971 0.283448 0.000000 0.000000 0.000000 
0.159400 0.075657 0.000012 0.391254 0.165047 0.007165 0.000000 0.009040 0.081571 0.043236 0.067617 0.000000 
0.000000 0.000001 0.013167 0.021762 0.547807 0.004506 0.000000 0.124313 0.229049 0.000000 0.000000 0.059394 
0.528843 0.118671 0.000017 0.026634 0.202573 0.000008 0.000000 0.055072 0.028259 0.000000 0.000000 0.039924 
0.000000 0.000001 0.119067 0.042930 0.045144 0.100732 0.000000 0.111902 0.404450 0.175773 0.000000 0.000000 
0.000000 0.000001 0.000014 0.128207 0.031611 0.011436 0.472470 0.046921 0.013449 0.000000 0.000000 0.295891 
0.000000 0.000001 0.205867 0.022359 0.246936 0.017127 0.000000 0.248698 0.162515 0.096496 0.000000 0.000000 
0.105728 0.000001 0.401163 0.158571 0.196183 0.000008 0.000000 0.021604 0.093443 0.000000 0.023300 0.000000 
0.000001 0.010325 0.579936 0.032174 0.129224 0.000008 0.000000 0.005343 0.062831 0.000000 0.180160 0.000000 
0.000000 0.000001 0.489696 0.041042 0.013946 0.009552 0.000000 0.098999 0.071302 0.253928 0.000000 0.021534 
0.000000 0.091424 0.017754 0.187776 0.213015 0.010697 0.000000 0.227448 0.082111 0.000000 0.169775 0.000000 
0.074405 0.000001 0.199205 0.034146 0.102476 0.126457 0.085815 0.016498 0.306924 0.000000 0.000000 0.054073 
0.000000 0.000001 0.918599 0.030654 0.010452 0.000031 0.024822 0.014813 0.000627 0.000000 0.000000 0.000000 
0.000000 0.000000 0.020556 0.927949 0.044925 0.000005 0.000000 0.000176 0.006389 0.000000 0.000000 0.000000 
0.028842 0.000001 0.000016 0.097746 0.217396 0.018742 0.000000 0.094684 0.143102 0.138407 0.261066 0.000000 
0.415763 0.059795 0.000017 0.086377 0.173648 0.000008 0.000000 0.109454 0.047759 0.071320 0.035858 0.000000 
0.018438 0.285925 0.000015 0.071172 0.217865 0.017734 0.000000 0.194305 0.049054 0.074416 0.071077 0.000000 
0.028807 0.000001 0.000015 0.109097 0.012699 0.000003 0.301442 0.174190 0.003550 0.227923 0.000000 0.142273 
0.000000 0.000001 0.009987 0.020262 0.041932 0.000007 0.563796 0.022811 0.023254 0.000000 0.000000 0.317950 
0.070752 0.067631 0.000015 0.689476 0.107523 0.000010 0.000000 0.016504 0.028483 0.000000 0.000000 0.019605 
0.021183 0.000001 0.013409 0.193123 0.290771 0.005513 0.205112 0.029338 0.193588 0.000000 0.000000 0.047962 
0.000000 0.000001 0.000014 0.022875 0.038438 0.000011 0.548757 0.035648 0.016849 0.000000 0.000000 0.337407 
0.000000 0.058778 0.007334 0.180682 0.030690 0.000007 0.000000 0.321614 0.002925 0.397969 0.000000 0.000000 
0.000000 0.014741 0.000013 0.943092 0.023844 0.000010 0.000000 0.000303 0.017997 0.000000 0.000000 0.000000 
0.445631 0.088712 0.025464 0.119432 0.135216 0.017880 0.000000 0.064905 0.041977 0.000000 0.000000 0.060783 
0.203862 0.018642 0.000019 0.028055 0.199552 0.146207 0.054446 0.062977 0.219771 0.000000 0.000000 0.066466 
0.000000 0.000001 0.798356 0.080231 0.041811 0.000008 0.000000 0.017224 0.023771 0.000000 0.038597 0.000000 
0.020496 0.000001 0.000013 0.091381 0.125442 0.000013 0.021582 0.587892 0.040942 0.075557 0.036682 0.000000 
0.005072 0.000001 0.000015 0.039621 0.560874 0.040375 0.000000 0.069308 0.257666 0.027068 0.000000 0.000000 
0.000000 0.000001 0.136558 0.339846 0.029047 0.000006 0.000000 0.196460 0.002335 0.295747 0.000000 0.000000 
0.000000 0.000001 0.023510 0.845677 0.019414 0.035145 0.000000 0.000203 0.076050 0.000000 0.000000 0.000000 
0.000000 0.031602 0.101636 0.038765 0.019974 0.108875 0.066202 0.027080 0.511805 0.000000 0.000000 0.094062 
0.020521 0.113236 0.000016 0.063579 0.098466 0.031049 0.000000 0.400525 0.171188 0.000000 0.101420 0.000000 
0.000000 0.000001 0.000014 0.294087 0.063753 0.000012 0.300106 0.025379 0.024041 0.000000 0.007682 0.284925 
0.021346 0.000001 0.019562 0.052707 0.083447 0.008266 0.269988 0.377043 0.050371 0.000000 0.000000 0.117269 
0.000000 0.088947 0.029960 0.091102 0.127876 0.000010 0.186979 0.239955 0.036057 0.000000 0.036790 0.162324 
0.118739 0.231036 0.000013 0.053621 0.196358 0.033790 0.093431 0.025365 0.053572 0.036009 0.055451 0.102615 
0.000000 0.000001 0.007726 0.019106 0.022176 0.000010 0.535674 0.053958 0.008960 0.106089 0.000000 0.246301 
0.054689 0.000001 0.004748 0.031263 0.312793 0.015275 0.020790 0.016240 0.178530 0.000000 0.365672 0.000000 
0.162458 0.070898 0.081710 0.059961 0.166927 0.000009 0.212735 0.025986 0.078886 0.000000 0.000000 0.140429 
0.015632 0.000001 0.115196 0.790654 0.014177 0.000003 0.020262 0.006692 0.008682 0.000000 0.012936 0.015765 
0.000000 0.000001 0.000009 0.026711 0.001955 0.000011 0.308781 0.203108 0.013307 0.179104 0.000000 0.267012 
0.000000 0.000001 0.093411 0.456672 0.114513 0.010028 0.036014 0.133468 0.082253 0.000000 0.018785 0.054857 
0.113474 0.053551 0.011761 0.054659 0.107405 0.000009 0.000000 0.611791 0.047351 0.000000 0.000000 0.000000 
0.064856 0.000001 0.009388 0.033451 0.037171 0.000005 0.248564 0.231824 0.043406 0.109370 0.000000 0.221962 
0.200842 0.000001 0.000012 0.349073 0.143705 0.088609 0.000000 0.016468 0.201290 0.000000 0.000000 0.000000 
0.000000 0.000001 0.005359 0.960361 0.017725 0.000003 0.000000 0.000218 0.016333 0.000000 0.000000 0.000000 
0.033193 0.000001 0.000017 0.089827 0.140183 0.000011 0.028914 0.558501 0.063358 0.085996 0.000000 0.000000 
0.000000 0.091285 0.000016 0.117615 0.127716 0.030243 0.000000 0.440992 0.155773 0.000000 0.036359 0.000000 
0.000000 0.161879 0.035950 0.046368 0.292280 0.000008 0.000000 0.039535 0.115053 0.000000 0.262402 0.046524 
0.000000 0.000001 0.000004 0.007297 0.116141 0.203964 0.000000 0.020263 0.652329 0.000000 0.000000 0.000000 
0.061737 0.000001 0.000009 0.083140 0.294573 0.040607 0.000000 0.000705 0.106912 0.032364 0.344066 0.035886 
0.000000 0.000000 0.887088 0.093320 0.012504 0.000016 0.000000 0.006785 0.000286 0.000000 0.000000 0.000000 
0.041657 0.000001 0.010369 0.029656 0.565066 0.000007 0.000000 0.086903 0.214847 0.000000 0.051493 0.000000 
0.087469 0.000001 0.047343 0.007942 0.035418 0.000007 0.000000 0.299173 0.001962 0.506133 0.000000 0.014553 
0.000000 0.000001 0.021372 0.159239 0.548287 0.005766 0.000000 0.065303 0.179839 0.000000 0.000000 0.020192 
0.000000 0.000001 0.136146 0.070457 0.082356 0.204809 0.000000 0.006988 0.474514 0.000000 0.000000 0.024728 
0.420949 0.172409 0.020878 0.016978 0.218243 0.000007 0.000000 0.057391 0.047906 0.000000 0.045240 0.000000 
0.000000 0.000001 0.000015 0.015762 0.088293 0.212515 0.000000 0.021285 0.609590 0.052539 0.000000 0.000000 
0.000000 0.000001 0.000015 0.876584 0.037097 0.000008 0.025555 0.043872 0.000800 0.016067 0.000000 0.000000 
0.000000 0.373010 0.000011 0.060730 0.392839 0.000008 0.000000 0.066947 0.049817 0.000000 0.056637 0.000000 
0.000000 0.000001 0.016428 0.020925 0.256866 0.118778 0.000000 0.043571 0.500462 0.042968 0.000000 0.000000 
0.000000 0.065585 0.026689 0.026767 0.136487 0.008959 0.000000 0.255092 0.023021 0.457399 0.000000 0.000000 
0.000000 0.216842 0.023363 0.067130 0.195499 0.129702 0.000000 0.034897 0.302498 0.000000 0.000000 0.030069 
0.190923 0.061023 0.183829 0.017660 0.357844 0.000006 0.000000 0.037414 0.120765 0.000000 0.000000 0.030535 
0.000000 0.031609 0.000014 0.111920 0.196937 0.025120 0.000000 0.188162 0.185904 0.000000 0.260333 0.000000 
0.000000 0.000001 0.018502 0.035468 0.000974 0.000004 0.524038 0.057828 0.005555 0.000000 0.000000 0.357632 
0.040813 0.032882 0.038176 0.200453 0.143805 0.010202 0.000000 0.392061 0.061964 0.028515 0.025545 0.025584 
0.000000 0.000001 0.008994 0.116795 0.122536 0.196229 0.000000 0.007623 0.532947 0.014875 0.000000 0.000000 
0.013946 0.108216 0.359211 0.095272 0.120233 0.000007 0.103135 0.044672 0.039730 0.000000 0.093637 0.021943 
0.000000 0.075629 0.068179 0.061864 0.460458 0.024211 0.000000 0.059378 0.134247 0.000000 0.116033 0.000000 
0.000000 0.000001 0.000023 0.014081 0.002123 0.000003 0.566125 0.035830 0.012600 0.000000 0.000000 0.369214 
0.518965 0.093346 0.000018 0.029935 0.172620 0.000005 0.000000 0.047360 0.078953 0.058798 0.000000 0.000000 
0.000000 0.000001 0.000015 0.063411 0.033186 0.007070 0.337519 0.250367 0.009042 0.067427 0.000000 0.231961 
0.000000 0.205607 0.267425 0.053970 0.214360 0.038568 0.000000 0.020096 0.054888 0.039396 0.105689 0.000000 
0.000000 0.000001 0.230154 0.038109 0.237196 0.081548 0.000000 0.051612 0.361380 0.000000 0.000000 0.000000 
0.000000 0.000001 0.212052 0.096825 0.023990 0.000010 0.284407 0.160435 0.033968 0.000000 0.000000 0.188312 
0.000000 0.090185 0.015857 0.050332 0.310563 0.000008 0.000000 0.016650 0.111129 0.000000 0.405277 0.000000 
0.000000 0.000001 0.041160 0.030924 0.018363 0.000009 0.000000 0.380508 0.033405 0.495630 0.000000 0.000000 
0.018772 0.000001 0.017783 0.096527 0.250485 0.016605 0.000000 0.280562 0.099911 0.000000 0.219354 0.000000 
0.000000 0.000001 0.000017 0.060799 0.045531 0.000007 0.060470 0.404600 0.013000 0.322026 0.036582 0.056966 
0.000000 0.000001 0.000011 0.024544 0.034176 0.103054 0.000000 0.201680 0.384912 0.222209 0.000000 0.029414 
0.000000 0.000001 0.000015 0.288408 0.411057 0.011729 0.040723 0.059599 0.166411 0.000000 0.022056 0.000000 
0.000000 0.310011 0.000014 0.101701 0.354716 0.028248 0.000000 0.068581 0.044035 0.043489 0.049206 0.000000 
0.000000 0.000001 0.017516 0.034511 0.096835 0.167146 0.067994 0.038239 0.449979 0.041329 0.000000 0.086451 
0.037333 0.058007 0.024343 0.053034 0.120621 0.000007 0.000000 0.578402 0.044972 0.066203 0.017078 0.000000 
0.045279 0.361382 0.041541 0.031486 0.345735 0.015792 0.000000 0.048801 0.073775 0.000000 0.036210 0.000000 
0.121006 0.153425 0.000016 0.039213 0.196807 0.000010 0.000000 0.155252 0.042546 0.258630 0.021260 0.011833 
0.039834 0.000001 0.000016 0.032427 0.194361 0.178926 0.000000 0.021129 0.533306 0.000000 0.000000 0.000000 
0.000000 0.000001 0.753565 0.056778 0.111515 0.000007 0.000000 0.015771 0.044107 0.000000 0.018257 0.000000 
0.111354 0.000001 0.059882 0.020537 0.248316 0.106273 0.000000 0.049016 0.357199 0.047422 0.000000 0.000000 
0.102801 0.000001 0.014862 0.014538 0.014069 0.004362 0.514058 0.057905 0.033280 0.000000 0.000000 0.244125 
0.018950 0.000001 0.000010 0.043530 0.004895 0.010341 0.000000 0.413973 0.023205 0.485096 0.000000 0.000000 
0.017864 0.059685 0.068924 0.003493 0.371056 0.034400 0.000000 0.003843 0.121979 0.000000 0.318755 0.000000 
0.032210 0.043118 0.000015 0.064023 0.323397 0.006520 0.028251 0.016484 0.157877 0.000000 0.300216 0.027888 
0.000000 0.167162 0.000011 0.050920 0.130463 0.037927 0.269841 0.051017 0.032887 0.038422 0.031210 0.190140 
0.039699 0.317251 0.000016 0.153924 0.239958 0.053448 0.000000 0.065724 0.046766 0.000000 0.083213 0.000000 
0.052800 0.000001 0.000015 0.200236 0.309232 0.000007 0.000000 0.074961 0.157948 0.000000 0.204799 0.000000 
0.037556 0.000001 0.040566 0.064329 0.318574 0.023237 0.000000 0.001145 0.189213 0.041987 0.283392 0.000000 
0.030517 0.000001 0.225469 0.029646 0.010697 0.010809 0.000000 0.244527 0.058781 0.379744 0.000000 0.009808 
0.000000 0.048098 0.000014 0.178651 0.188071 0.013947 0.000000 0.457529 0.049257 0.018512 0.045920 0.000000 
0.026495 0.000001 0.019270 0.000860 0.615406 0.000010 0.000000 0.069573 0.259147 0.000000 0.009237 0.000000 
0.000000 0.000001 0.000013 0.036036 0.544362 0.000005 0.070963 0.048756 0.227240 0.000000 0.000000 0.072624 
0.000000 0.066720 0.032181 0.033632 0.068914 0.000007 0.000000 0.629247 0.046264 0.123035 0.000000 0.000000 
0.000000 0.000001 0.167517 0.039399 0.133648 0.150016 0.000000 0.040494 0.404592 0.050134 0.000000 0.014199 
0.000000 0.000001 0.006717 0.016212 0.005954 0.000003 0.545946 0.059389 0.008991 0.000000 0.000000 0.356787 
0.074923 0.000001 0.000013 0.064010 0.328461 0.023816 0.000000 0.014106 0.176687 0.000000 0.317982 0.000000 
0.000000 0.020741 0.000011 0.968762 0.006368 0.000002 0.000000 0.003925 0.000190 0.000000 0.000000 0.000000 
0.000000 0.000001 0.022298 0.336491 0.042091 0.000008 0.000000 0.236093 0.022759 0.282634 0.026798 0.030826 
0.548791 0.080289 0.000018 0.036520 0.211436 0.000008 0.000000 0.045092 0.077846 0.000000 0.000000 0.000000 
0.097217 0.071232 0.000012 0.036433 0.158428 0.024188 0.281984 0.020746 0.176724 0.000000 0.000000 0.133036 
0.000000 0.000001 0.078579 0.391210 0.349177 0.000009 0.000000 0.052685 0.128338 0.000000 0.000000 0.000000 
0.000000 0.000001 0.000015 0.032587 0.066232 0.204993 0.076356 0.000269 0.540295 0.000000 0.040100 0.039152 
0.062924 0.000001 0.015911 0.232407 0.123395 0.000010 0.000000 0.372585 0.035901 0.156866 0.000000 0.000000 
0.000000 0.000001 0.013819 0.008664 0.672309 0.000006 0.000000 0.062582 0.242619 0.000000 0.000000 0.000000 
0.000000 0.114349 0.000014 0.066514 0.316449 0.016121 0.000000 0.085874 0.095275 0.000000 0.305404 0.000000 
0.000000 0.000001 0.012503 0.034065 0.014037 0.000005 0.000000 0.369315 0.000641 0.548596 0.000000 0.020836 
0.065075 0.103950 0.115784 0.525373 0.137470 0.013962 0.000000 0.020654 0.017732 0.000000 0.000000 0.000000 
0.054298 0.029335 0.000013 0.095351 0.311016 0.059428 0.000000 0.001331 0.132821 0.000000 0.316405 0.000000 
0.000000 0.000001 0.000015 0.023120 0.152154 0.045453 0.000000 0.212475 0.127689 0.354573 0.064621 0.019899 
0.432982 0.211013 0.002274 0.029090 0.209886 0.000005 0.000000 0.053887 0.018248 0.000000 0.000000 0.042614 
0.000000 0.000001 0.049423 0.106636 0.002657 0.000003 0.458126 0.043063 0.016735 0.000000 0.000000 0.323357 
0.000000 0.000001 0.024307 0.839327 0.049592 0.000016 0.000000 0.068656 0.018101 0.000000 0.000000 0.000000 
0.295252 0.125871 0.000010 0.055935 0.150003 0.000006 0.083440 0.067578 0.058638 0.000000 0.090887 0.072380 
0.000000 0.000001 0.010827 0.130513 0.007756 0.000011 0.491775 0.051554 0.014131 0.000000 0.000000 0.293432 
0.083349 0.000001 0.000011 0.052008 0.202314 0.068376 0.000000 0.137877 0.199787 0.158819 0.097458 0.000000 
0.000000 0.107171 0.520546 0.058025 0.147023 0.033922 0.000000 0.026249 0.016720 0.000000 0.090344 0.000000 
0.000000 0.000001 0.050377 0.036018 0.239867 0.075386 0.143421 0.050872 0.275193 0.000000 0.000000 0.128865 
0.000000 0.108276 0.000017 0.089762 0.159081 0.032354 0.000000 0.503606 0.081931 0.000000 0.024973 0.000000 
0.061126 0.000001 0.284587 0.059439 0.310116 0.000008 0.000000 0.095361 0.130781 0.022904 0.017057 0.018620 
0.017059 0.000001 0.006802 0.005986 0.285323 0.014630 0.168578 0.060908 0.074591 0.130271 0.143331 0.092520 
0.015912 0.000001 0.000010 0.023280 0.073573 0.000006 0.438915 0.067255 0.041500 0.000000 0.000000 0.339548 
0.000000 0.000001 0.000013 0.031383 0.520974 0.054964 0.000000 0.035234 0.331143 0.000000 0.026287 0.000000 
0.000000 0.181105 0.000014 0.043199 0.168414 0.021633 0.292029 0.038840 0.009921 0.000000 0.025057 0.219788 
0.020484 0.000001 0.000007 0.082579 0.045621 0.000006 0.000000 0.336695 0.013958 0.500648 0.000000 0.000000 
0.000000 0.051915 0.108842 0.154805 0.391304 0.000007 0.000000 0.055486 0.190854 0.000000 0.019327 0.027460 
0.000000 0.000001 0.352963 0.141506 0.045743 0.086470 0.021764 0.008909 0.304356 0.038287 0.000000 0.000000 
0.000000 0.000001 0.000014 0.049518 0.145077 0.000005 0.290945 0.036166 0.060861 0.000000 0.160662 0.256751 
0.000000 0.000001 0.000015 0.464620 0.059461 0.113193 0.000000 0.011325 0.324990 0.000000 0.026395 0.000000 
0.032294 0.336960 0.000013 0.057277 0.329513 0.022526 0.000000 0.065452 0.074926 0.000000 0.081039 0.000000 
0.000000 0.000001 0.113132 0.078069 0.140190 0.123268 0.000000 0.143054 0.402286 0.000000 0.000000 0.000000 
0.000000 0.079645 0.042954 0.044940 0.134702 0.035757 0.000000 0.504571 0.059721 0.029166 0.068543 0.000000 
0.000000 0.000001 0.000011 0.025191 0.109429 0.177586 0.093736 0.039846 0.430899 0.000000 0.000000 0.123301 
0.042916 0.000001 0.033984 0.023974 0.589566 0.000016 0.000000 0.051793 0.213798 0.000000 0.043954 0.000000 
0.019629 0.000001 0.629411 0.036211 0.056259 0.000006 0.058967 0.135276 0.064240 0.000000 0.000000 0.000000 
0.031476 0.000001 0.018913 0.024086 0.009422 0.000005 0.492787 0.033022 0.043012 0.000000 0.000000 0.347276 
0.205323 0.000001 0.027833 0.352447 0.058090 0.000006 0.178060 0.014307 0.030612 0.023008 0.000000 0.110313 
0.000000 0.000001 0.000016 0.759962 0.126589 0.000009 0.000000 0.031323 0.082101 0.000000 0.000000 0.000000 
0.000000 0.000001 0.000009 0.036142 0.076471 0.257378 0.000000 0.024131 0.605867 0.000000 0.000000 0.000000 
0.000000 0.045006 0.014128 0.013425 0.356717 0.128664 0.000000 0.027141 0.414918 0.000000 0.000000 0.000000 
0.000000 0.000001 0.088345 0.686949 0.054583 0.000011 0.000000 0.049670 0.025033 0.078123 0.017285 0.000000 
0.000000 0.000001 0.035633 0.011744 0.400590 0.052236 0.139313 0.033286 0.161952 0.000000 0.000000 0.165244 
0.003994 0.000001 0.008930 0.030458 0.031932 0.211149 0.000000 0.010985 0.615489 0.000000 0.087062 0.000000 
0.024553 0.000001 0.000013 0.015995 0.092249 0.007776 0.440588 0.043930 0.063667 0.000000 0.051689 0.259538 
0.000000 0.217480 0.377786 0.049940 0.201118 0.005359 0.000000 0.073848 0.036408 0.000000 0.038061 0.000000 
0.000000 0.000001 0.011361 0.029313 0.135732 0.077793 0.000000 0.460830 0.202227 0.059473 0.000000 0.023271 
0.000000 0.000001 0.000010 0.026527 0.012784 0.049815 0.429169 0.075795 0.170302 0.000000 0.000000 0.235598 
0.012819 0.000001 0.056622 0.044980 0.089615 0.141454 0.000000 0.041972 0.488755 0.000000 0.123782 0.000000 
0.000000 0.098299 0.025354 0.081075 0.113642 0.018143 0.000000 0.626740 0.036746 0.000000 0.000000 0.000000 
0.000000 0.064713 0.012656 0.034681 0.267136 0.044896 0.000000 0.133573 0.192926 0.000000 0.249418 0.000000 
0.000000 0.086671 0.000012 0.627746 0.218496 0.000007 0.000000 0.024049 0.043018 0.000000 0.000000 0.000000 
0.000000 0.137591 0.056220 0.024593 0.115201 0.049671 0.000000 0.561993 0.054731 0.000000 0.000000 0.000000 
0.093644 0.280970 0.154109 0.060392 0.253365 0.019474 0.000000 0.066009 0.017334 0.000000 0.054703 0.000000 
0.031636 0.358687 0.000016 0.075484 0.345947 0.027135 0.000000 0.071770 0.026760 0.000000 0.062565 0.000000 
0.013923 0.115120 0.000013 0.319284 0.129911 0.054217 0.084509 0.026985 0.122268 0.036361 0.000000 0.097409 
0.039150 0.000001 0.017553 0.011912 0.613575 0.011324 0.000000 0.063716 0.242770 0.000000 0.000000 0.000000 
0.000000 0.000000 0.000013 0.973490 0.001457 0.000013 0.000000 0.007098 0.017928 0.000000 0.000000 0.000000 
0.000001 0.000001 0.005099 0.000690 0.638010 0.029421 0.000000 0.059353 0.253975 0.000000 0.000000 0.013449 
0.016266 0.096180 0.015348 0.046524 0.071102 0.007947 0.066356 0.541651 0.069396 0.000000 0.023133 0.046097 
0.000000 0.000001 0.418027 0.050253 0.089813 0.038219 0.043658 0.301007 0.059022 0.000000 0.000000 0.000000 
0.000000 0.050539 0.000019 0.029764 0.204843 0.017435 0.000000 0.274170 0.142444 0.280786 0.000000 0.000000 
0.000000 0.000001 0.000015 0.016550 0.100696 0.157452 0.265876 0.015788 0.317617 0.000000 0.000000 0.126005 
0.294705 0.078457 0.000013 0.031122 0.142718 0.088028 0.000000 0.024623 0.340336 0.000000 0.000000 0.000000 
0.016809 0.028427 0.048787 0.025991 0.093239 0.196272 0.000000 0.032697 0.519663 0.038116 0.000000 0.000000 
0.000000 0.173139 0.045968 0.094278 0.257727 0.031784 0.140607 0.056903 0.048324 0.000000 0.059844 0.091424 
0.204084 0.044085 0.000014 0.427333 0.095038 0.000005 0.095582 0.043975 0.031659 0.000000 0.000000 0.058224 
0.104552 0.000001 0.515394 0.035661 0.074227 0.009648 0.000000 0.137543 0.076842 0.000000 0.046131 0.000000 
0.000000 0.000001 0.367936 0.054038 0.075332 0.120961 0.000000 0.020311 0.338493 0.000000 0.000000 0.022928 
0.000000 0.000001 0.000006 0.008848 0.010324 0.000004 0.483316 0.103546 0.001320 0.057779 0.000000 0.334855 
0.000000 0.332945 0.000016 0.081360 0.185975 0.043641 0.000000 0.237238 0.067874 0.000000 0.025331 0.025619 
0.000000 0.000001 0.011602 0.066695 0.073828 0.012214 0.000000 0.530175 0.061070 0.244414 0.000000 0.000000 
0.012828 0.000001 0.000014 0.157894 0.461327 0.018252 0.000000 0.034822 0.155603 0.000000 0.159259 0.000000 
0.000000 0.000001 0.559915 0.074104 0.047262 0.000007 0.089668 0.168278 0.022147 0.000000 0.000000 0.038618 
0.004029 0.000001 0.012572 0.257981 0.327704 0.094727 0.000000 0.026160 0.276826 0.000000 0.000000 0.000000 
0.013655 0.000001 0.010121 0.016160 0.555135 0.022600 0.000000 0.060877 0.298471 0.000000 0.022979 0.000000 
0.019593 0.044152 0.000013 0.046031 0.365774 0.004181 0.095944 0.034943 0.108655 0.000000 0.246623 0.034092 
0.000000 0.000001 0.000013 0.713070 0.199969 0.000008 0.000000 0.012761 0.058976 0.000000 0.015202 0.000000 
0.000000 0.000001 0.893145 0.045440 0.017460 0.009974 0.000000 0.023342 0.010638 0.000000 0.000000 0.000000 
0.000000 0.095109 0.009621 0.088937 0.139061 0.051644 0.028231 0.449754 0.137642 0.000000 0.000000 0.000000 
0.000000 0.000001 0.171546 0.139138 0.047660 0.000008 0.000000 0.233536 0.005735 0.402375 0.000000 0.000000 
0.000000 0.000001 0.000013 0.019631 0.129900 0.065362 0.266003 0.021534 0.294601 0.000000 0.000000 0.202955 
0.000000 0.000001 0.205685 0.025764 0.029534 0.000008 0.000000 0.285361 0.010799 0.442849 0.000000 0.000000 
0.000000 0.048310 0.614770 0.080123 0.095135 0.000007 0.000000 0.031709 0.080436 0.000000 0.049509 0.000000 
0.000000 0.103721 0.000014 0.119867 0.117772 0.008221 0.000000 0.602946 0.047458 0.000000 0.000000 0.000000 
0.000000 0.000001 0.000012 0.919061 0.034662 0.000005 0.000000 0.034156 0.001049 0.000000 0.000000 0.011053 
0.000000 0.030720 0.013426 0.010204 0.607799 0.000009 0.000000 0.058521 0.245944 0.000000 0.033377 0.000000 
0.000000 0.000001 0.000014 0.125903 0.122050 0.205708 0.000000 0.017648 0.528676 0.000000 0.000000 0.000000 
0.000000 0.000001 0.014211 0.044794 0.068581 0.059436 0.295437 0.030385 0.252873 0.000000 0.000000 0.234282 
0.430551 0.127093 0.022093 0.009592 0.159247 0.000007 0.000000 0.133335 0.118081 0.000000 0.000000 0.000000 
0.000000 0.022422 0.800886 0.042455 0.056913 0.000006 0.000000 0.034111 0.014715 0.000000 0.028491 0.000000 
0.129923 0.000001 0.000016 0.685197 0.094673 0.000005 0.000000 0.019975 0.070211 0.000000 0.000000 0.000000 
0.000000 0.040312 0.000016 0.164158 0.360618 0.005310 0.000000 0.012265 0.100335 0.000000 0.316985 0.000000 
0.000000 0.172855 0.010362 0.052522 0.475063 0.017889 0.000000 0.177299 0.094010 0.000000 0.000000 0.000000 
0.080429 0.000001 0.028617 0.025364 0.371389 0.012850 0.000000 0.006571 0.147209 0.025343 0.302227 0.000000 
0.000000 0.000001 0.110117 0.034165 0.091237 0.189646 0.000000 0.006203 0.541952 0.026678 0.000000 0.000000 
0.000000 0.000001 0.417989 0.012727 0.331948 0.000007 0.000000 0.041757 0.171186 0.000000 0.024385 0.000000 
0.511704 0.134936 0.000016 0.032825 0.188179 0.000007 0.000000 0.037105 0.095227 0.000000 0.000000 0.000000 
0.042868 0.000001 0.006150 0.009870 0.562242 0.032232 0.000000 0.043041 0.303596 0.000000 0.000000 0.000000 
0.017275 0.000001 0.000018 0.051505 0.252642 0.097540 0.000000 0.351948 0.229071 0.000000 0.000000 0.000000 
0.000000 0.000001 0.111354 0.182563 0.106473 0.049921 0.088016 0.128156 0.227305 0.000000 0.000000 0.106211 
0.158196 0.000001 0.029868 0.502763 0.070407 0.013507 0.113843 0.029958 0.081456 0.000000 0.000000 0.000000 
0.000000 0.041187 0.000014 0.695551 0.147135 0.000009 0.000000 0.056290 0.024442 0.000000 0.035370 0.000000 
0.000000 0.080069 0.000012 0.040004 0.115102 0.121031 0.026576 0.029805 0.587399 0.000000 0.000000 0.000000 
0.000000 0.168348 0.305098 0.044136 0.252091 0.013246 0.000000 0.054313 0.012360 0.064617 0.085792 0.000000 
0.276540 0.037083 0.023997 0.029075 0.137248 0.000010 0.000000 0.316826 0.063333 0.079732 0.008814 0.027342 
0.000000 0.000001 0.622918 0.033451 0.034304 0.050123 0.000000 0.083352 0.136693 0.027238 0.000000 0.011918 
0.288394 0.133942 0.113686 0.047330 0.170907 0.015543 0.022525 0.040993 0.120205 0.000000 0.000000 0.046475 
0.031677 0.000001 0.000015 0.086934 0.024415 0.004142 0.338647 0.239423 0.070603 0.000000 0.000000 0.204144 
0.000000 0.000001 0.052437 0.003331 0.642025 0.000007 0.000000 0.058885 0.223482 0.000000 0.019832 0.000000 
0.000000 0.000001 0.008472 0.013233 0.040822 0.032083 0.000000 0.338381 0.063896 0.503111 0.000000 0.000000 
0.000000 0.000001 0.060577 0.603764 0.217214 0.000004 0.000000 0.015364 0.103076 0.000000 0.000000 0.000000 
0.000000 0.000001 0.025407 0.419104 0.039580 0.000007 0.311189 0.030376 0.011648 0.000000 0.000000 0.162687 
0.022544 0.027995 0.085849 0.402995 0.079708 0.014810 0.000000 0.288687 0.065684 0.000000 0.011729 0.000000 
0.115974 0.091907 0.132915 0.035589 0.094185 0.073185 0.067521 0.079586 0.245110 0.000000 0.000000 0.064027 
0.567333 0.000001 0.036891 0.018754 0.192482 0.000014 0.000000 0.055269 0.045296 0.083960 0.000000 0.000000 
0.000000 0.245324 0.096706 0.338642 0.188012 0.016392 0.000000 0.029127 0.048867 0.000000 0.036928 0.000000 
0.263021 0.114709 0.000009 0.082761 0.172896 0.010385 0.000000 0.304711 0.051507 0.000000 0.000000 0.000000 
