-3872727.032034
0
0.006026 0.007303 0.000547 0.003720 0.000000 0.002279 0.000000 0.001237 0.034692 0.015423 0.227085 0.011926 0.002853 0.000648 0.000000 0.008059 0.014294 0.005826 0.009183 0.009320 0.001024 0.000000 0.000000 0.003341 0.003884 0.005758 0.000000 0.003718 0.000000 0.000000 0.000000 0.000000 0.020696 0.016902 0.120399 0.013263 0.000000 0.000000 0.000000 0.000000 0.003686 0.003843 0.005712 0.005707 0.000000 0.002220 0.000464 0.001071 0.004477 0.002870 0.000000 0.002601 0.000000 0.001850 0.000000 0.000000 0.029744 0.032409 0.131624 0.017380 0.000000 0.000000 0.000000 0.000000 0.012858 0.006678 0.004523 0.011965 0.000000 0.000000 0.000000 0.000000 0.009075 0.008340 0.000000 0.005203 0.002327 0.000000 0.000000 0.000000 0.010065 0.000000 0.089989 0.009276 0.005323 0.000000 0.000000 0.001732 0.007602 0.004503 0.009745 0.005132 0.000591 0.000000 0.000000 0.000000 
0.009342 0.067055 0.000000 0.053625 0.000000 0.000000 0.000000 0.000000 0.000001 0.015624 0.004981 0.024350 0.000000 0.000000 0.000000 0.054422 0.000742 0.000000 0.000006 0.033783 0.000000 0.000000 0.000000 0.002928 0.077709 0.083079 0.000000 0.077140 0.000000 0.000000 0.000000 0.001586 0.003872 0.000000 0.000411 0.000023 0.019774 0.030986 0.056199 0.017586 0.000002 0.006539 0.000003 0.000001 0.007745 0.007286 0.000001 0.011890 0.000000 0.000000 0.000000 0.048118 0.000000 0.000000 0.000000 0.000000 0.000000 0.000003 0.000000 0.000254 0.028894 0.032061 0.000000 0.019607 0.000000 0.002810 0.000000 0.007185 0.002594 0.002222 0.003668 0.020874 0.007121 0.000000 0.000000 0.002064 0.016856 0.012792 0.000000 0.000000 0.008599 0.000000 0.000000 0.029245 0.021485 0.000000 0.009297 0.055558 0.000000 0.000000 0.000000 0.000001 0.000000 0.000000 0.000000 0.000000 
0.033484 0.032067 0.022282 0.021987 0.008020 0.004883 0.004460 0.002896 0.008518 0.009051 0.000000 0.000576 0.000000 0.000000 0.006878 0.000000 0.004300 0.000000 0.006768 0.000002 0.000000 0.000000 0.000000 0.000000 0.056731 0.076482 0.012789 0.051871 0.010477 0.008631 0.008493 0.008760 0.024518 0.016897 0.008185 0.016377 0.006564 0.009717 0.043604 0.005245 0.005106 0.000000 0.011753 0.002931 0.000000 0.001674 0.003275 0.002075 0.040400 0.047510 0.028004 0.029038 0.007966 0.009908 0.007622 0.005033 0.010812 0.009375 0.000000 0.008808 0.009560 0.006216 0.014629 0.000000 0.006017 0.000000 0.003854 0.000000 0.000000 0.000000 0.000000 0.000000 0.032793 0.062175 0.017115 0.037389 0.004121 0.012548 0.003988 0.000000 0.000001 0.002156 0.000000 0.007641 0.001938 0.000000 0.008058 0.000000 0.000000 0.000000 0.005375 0.000000 0.000000 0.000000 0.001620 0.000000 
0.050421 0.024787 0.002014 0.030911 0.013132 0.006600 0.000000 0.014529 0.027015 0.000923 0.018987 0.022918 0.021085 0.019331 0.021512 0.016577 0.023555 0.010714 0.013839 0.019340 0.003981 0.000000 0.010190 0.002013 0.014593 0.000000 0.000000 0.009868 0.009867 0.009705 0.000000 0.010508 0.000001 0.000000 0.006553 0.025642 0.010484 0.016542 0.000000 0.034348 0.006913 0.014098 0.006527 0.015726 0.000000 0.000000 0.010001 0.000000 0.033135 0.019430 0.000000 0.013468 0.004205 0.003569 0.000000 0.009623 0.000000 0.000001 0.011396 0.006845 0.000000 0.000000 0.013007 0.020516 0.007173 0.007039 0.006765 0.010006 0.000000 0.000000 0.008837 0.000000 0.037194 0.021262 0.000000 0.053352 0.000000 0.000000 0.000000 0.013103 0.004708 0.000000 0.000000 0.003471 0.014059 0.019591 0.008399 0.021964 0.007717 0.008613 0.000000 0.013715 0.000000 0.003903 0.009230 0.008954 
0.000000 0.000863 0.000000 0.008477 0.000272 0.000000 0.000000 0.000000 0.000000 0.002167 0.012875 0.004852 0.000000 0.000000 0.000000 0.001091 0.003579 0.005316 0.002252 0.004119 0.000000 0.004633 0.001381 0.014649 0.002465 0.000000 0.000527 0.015513 0.000000 0.000000 0.000000 0.000000 0.000001 0.000788 0.010972 0.002603 0.000000 0.000000 0.000000 0.000524 0.000426 0.002383 0.001888 0.001649 0.002074 0.002169 0.003270 0.018937 0.001054 0.001686 0.000000 0.007873 0.000000 0.000212 0.000000 0.000385 0.000000 0.013213 0.027716 0.015890 0.000000 0.000000 0.000000 0.000524 0.006557 0.010333 0.005474 0.012562 0.000000 0.002108 0.000966 0.002953 0.037917 0.010556 0.003938 0.310712 0.000000 0.000000 0.000000 0.000000 0.003255 0.018265 0.217601 0.039195 0.000000 0.001033 0.000000 0.002789 0.003297 0.010636 0.006555 0.009681 0.005089 0.010129 0.002111 0.065021 
0.000000 0.000000 0.000000 0.000000 0.009818 0.007089 0.000000 0.009133 0.027936 0.020275 0.023684 0.021484 0.005457 0.005256 0.011830 0.014712 0.058579 0.019484 0.047918 0.043085 0.000000 0.005246 0.003714 0.003822 0.000001 0.000000 0.000000 0.007809 0.002932 0.005816 0.000000 0.005059 0.026065 0.016105 0.019734 0.012197 0.003369 0.000993 0.009680 0.000000 0.021015 0.015638 0.030682 0.023803 0.003259 0.005050 0.006362 0.016278 0.000000 0.000000 0.000000 0.007581 0.003232 0.004448 0.000000 0.001976 0.035659 0.029909 0.020514 0.028067 0.012286 0.006674 0.004372 0.000000 0.026148 0.014189 0.023063 0.022860 0.000825 0.000000 0.004294 0.004167 0.005541 0.000000 0.000000 0.000002 0.000000 0.007858 0.000000 0.000000 0.002865 0.000000 0.000000 0.008727 0.009830 0.000000 0.006957 0.007204 0.028472 0.019883 0.023297 0.024230 0.005591 0.007478 0.005215 0.016218 
0.000000 0.000000 0.000000 0.000000 0.000000 0.000000 0.000209 0.000699 0.007059 0.002620 0.003711 0.003023 0.000000 0.000000 0.000508 0.000000 0.001075 0.000000 0.000630 0.001478 0.000000 0.000000 0.000421 0.000000 0.000001 0.000000 0.000000 0.000355 0.000000 0.000135 0.000000 0.000000 0.013095 0.000000 0.004343 0.004851 0.000000 0.000424 0.000000 0.000547 0.000465 0.000000 0.000156 0.000000 0.000000 0.000000 0.000000 0.000000 0.000000 0.000000 0.000000 0.000001 0.000000 0.000000 0.000000 0.000000 0.007862 0.001287 0.000000 0.002226 0.000000 0.000000 0.000000 0.000000 0.000000 0.000000 0.000000 0.000001 0.000128 0.000000 0.000000 0.000000 0.015715 0.006979 0.002503 0.011622 0.039023 0.000000 0.001672 0.070865 0.438773 0.073704 0.045733 0.235497 0.000000 0.000000 0.000000 0.000000 0.000000 0.000000 0.000000 0.000601 0.000000 0.000000 0.000000 0.000000 
0.000000 0.000000 0.000000 0.000000 0.000000 0.000000 0.000000 0.000227 0.000000 0.019638 0.000000 0.004609 0.000635 0.000649 0.000695 0.003225 0.000001 0.000000 0.000527 0.000462 0.000000 0.000000 0.000431 0.000000 0.000957 0.000654 0.000000 0.001342 0.000000 0.000211 0.000874 0.000235 0.076235 0.101783 0.020991 0.080369 0.000000 0.001073 0.000786 0.001198 0.000805 0.000540 0.000608 0.004243 0.000000 0.001016 0.000556 0.001085 0.000000 0.000000 0.000000 0.000000 0.000000 0.000378 0.000000 0.000000 0.000000 0.021057 0.000500 0.016638 0.000000 0.000000 0.000440 0.000450 0.000000 0.000000 0.000000 0.007717 0.000000 0.000000 0.001796 0.000864 0.000567 0.002012 0.000000 0.000219 0.000260 0.001101 0.000291 0.001274 0.122079 0.292101 0.100968 0.086044 0.000870 0.001273 0.001098 0.004710 0.002178 0.001581 0.001988 0.001772 0.000000 0.000000 0.001113 0.000000 
0.001560 0.002470 0.000000 0.000000 0.002304 0.001703 0.000000 0.000712 0.003386 0.007222 0.007132 0.004487 0.010094 0.000000 0.002963 0.019771 0.026589 0.011219 0.019917 0.026443 0.043645 0.007164 0.003958 0.024785 0.009217 0.006739 0.000000 0.008768 0.000000 0.000000 0.000000 0.002655 0.009346 0.004116 0.006364 0.002261 0.004314 0.001899 0.006911 0.000000 0.018639 0.012724 0.018849 0.031955 0.028153 0.008633 0.014395 0.066703 0.007207 0.006279 0.000000 0.007314 0.000000 0.002859 0.000000 0.003455 0.008228 0.007372 0.007272 0.010674 0.004704 0.004101 0.000000 0.000000 0.009737 0.011071 0.010911 0.014271 0.009441 0.000715 0.004398 0.024014 0.019138 0.000000 0.000000 0.027898 0.004269 0.003553 0.000000 0.002600 0.000001 0.000000 0.000000 0.008562 0.023199 0.000000 0.015599 0.011760 0.018185 0.016019 0.012365 0.038134 0.065989 0.009442 0.009228 0.069869 
0.011991 0.008119 0.001016 0.005691 0.035097 0.017954 0.010548 0.033432 0.018776 0.009765 0.000000 0.012735 0.005732 0.004224 0.004192 0.000000 0.012918 0.011787 0.012528 0.015269 0.000000 0.002996 0.011989 0.010034 0.009465 0.008224 0.003322 0.005273 0.023578 0.017663 0.007615 0.036664 0.018208 0.006465 0.002306 0.012770 0.005915 0.008005 0.008246 0.009515 0.009399 0.017068 0.009364 0.013600 0.000000 0.008384 0.012120 0.010735 0.000000 0.004862 0.000000 0.006390 0.018758 0.013428 0.002143 0.026571 0.025676 0.012192 0.000000 0.013590 0.002649 0.003439 0.007334 0.003526 0.008235 0.006631 0.007136 0.005980 0.006465 0.007570 0.021709 0.007675 0.001788 0.014587 0.000000 0.000001 0.025213 0.032647 0.004917 0.050480 0.008462 0.007333 0.000000 0.006389 0.001479 0.008879 0.003685 0.007665 0.011929 0.014816 0.009233 0.011655 0.007342 0.008919 0.014269 0.015659 
0.000000 0.002228 0.000000 0.001307 0.000671 0.000000 0.000000 0.001548 0.032939 0.016200 0.097739 0.016207 0.000000 0.003574 0.000000 0.005306 0.007374 0.005461 0.024060 0.002015 0.000000 0.002279 0.000138 0.002767 0.008440 0.022586 0.009551 0.059382 0.000000 0.000000 0.000000 0.000000 0.006804 0.007651 0.095088 0.007214 0.000000 0.002070 0.000000 0.000000 0.006079 0.003755 0.028402 0.003062 0.000000 0.003813 0.004919 0.009318 0.000000 0.003819 0.000000 0.008660 0.000000 0.002747 0.000000 0.000000 0.068291 0.080359 0.146348 0.057018 0.000000 0.002773 0.000000 0.001700 0.012496 0.006162 0.011935 0.004071 0.000000 0.001548 0.000916 0.003385 0.000108 0.001082 0.001079 0.004175 0.000000 0.000000 0.000000 0.000000 0.004670 0.000000 0.039110 0.002982 0.000000 0.000431 0.000000 0.000387 0.005787 0.003351 0.011526 0.002881 0.000000 0.001927 0.000000 0.008331 
0.288223 0.028509 0.176261 0.225851 0.000000 0.000000 0.118210 0.068098 0.024067 0.000000 0.070780 
0.002244 0.000000 0.010814 0.001784 0.000000 0.000000 0.937283 0.040975 0.006900 0.000000 0.000000 
0.000000 0.094068 0.118375 0.369060 0.000000 0.173970 0.017251 0.053331 0.022375 0.077726 0.073845 
0.000000 0.000000 0.030140 0.039505 0.287286 0.018760 0.010726 0.604318 0.000006 0.009259 0.000000 
0.025693 0.000000 0.008413 0.003743 0.907117 0.000000 0.000000 0.033026 0.000005 0.000000 0.022002 
0.000000 0.000000 0.000062 0.143624 0.000000 0.000000 0.010293 0.181132 0.412980 0.000000 0.251908 
0.000000 0.000000 0.629545 0.177911 0.000000 0.000000 0.000000 0.025068 0.132820 0.034656 0.000000 
0.000000 0.000000 0.057760 0.186075 0.000000 0.260232 0.294767 0.093735 0.026013 0.081418 0.000000 
0.000000 0.069982 0.053623 0.213480 0.012591 0.106909 0.140025 0.048757 0.034417 0.320217 0.000000 
0.043571 0.093218 0.213842 0.194337 0.031793 0.000000 0.000000 0.057631 0.022620 0.040678 0.302310 
0.000000 0.000000 0.055531 0.035525 0.850296 0.000000 0.000000 0.008692 0.049954 0.000000 0.000000 
0.000000 0.044044 0.041972 0.160381 0.045930 0.000000 0.008331 0.032758 0.015889 0.351729 0.298965 
0.017322 0.167015 0.200355 0.475003 0.000000 0.000000 0.000000 0.024689 0.015308 0.100307 0.000000 
0.150408 0.013088 0.022229 0.149257 0.033692 0.000000 0.000000 0.029979 0.527695 0.026211 0.047441 
0.200999 0.024297 0.382842 0.116191 0.000000 0.023743 0.000000 0.220881 0.000005 0.031042 0.000000 
0.012662 0.043025 0.000108 0.172292 0.373187 0.156551 0.000000 0.046304 0.012500 0.183371 0.000000 
0.000000 0.009121 0.026754 0.045276 0.903301 0.000000 0.007686 0.007857 0.000005 0.000000 0.000000 
0.000000 0.000000 0.295604 0.212402 0.000000 0.000000 0.000000 0.020988 0.401290 0.069717 0.000000 
0.000000 0.000000 0.016111 0.024689 0.007165 0.000000 0.000000 0.911252 0.002156 0.000000 0.038626 
0.000000 0.000000 0.246573 0.223567 0.000000 0.038230 0.000000 0.034494 0.457136 0.000000 0.000000 
0.000000 0.050902 0.102125 0.207786 0.000000 0.000000 0.449872 0.024735 0.143699 0.000000 0.020881 
0.184838 0.000000 0.042264 0.041427 0.573773 0.000000 0.029349 0.024266 0.083217 0.000000 0.020866 
0.021878 0.124161 0.043357 0.369917 0.000000 0.000000 0.000000 0.020627 0.420060 0.000000 0.000000 
0.000000 0.040152 0.359125 0.210354 0.000000 0.000000 0.000000 0.060922 0.016128 0.313319 0.000000 
0.000000 0.000000 0.002497 0.006566 0.335775 0.000000 0.005711 0.649445 0.000005 0.000000 0.000000 
0.233954 0.000000 0.053046 0.153505 0.000000 0.254343 0.009588 0.089843 0.022951 0.056398 0.126372 
0.008539 0.003867 0.000053 0.045835 0.000000 0.000000 0.000000 0.815509 0.126196 0.000000 0.000000 
0.147868 0.000000 0.248687 0.110299 0.260751 0.000000 0.000000 0.232389 0.000006 0.000000 0.000000 
0.000000 0.000000 0.015452 0.136753 0.000000 0.045933 0.000000 0.475723 0.292044 0.034094 0.000000 
0.000000 0.019208 0.106336 0.018816 0.208000 0.000000 0.000000 0.641883 0.005756 0.000000 0.000000 
0.000000 0.000000 0.000077 0.067159 0.000000 0.000000 0.740594 0.042869 0.126454 0.022847 0.000000 
0.017281 0.162967 0.042336 0.383104 0.000000 0.000000 0.000000 0.317090 0.029494 0.047727 0.000000 
0.000000 0.000000 0.114442 0.193691 0.021057 0.479314 0.000000 0.050281 0.039733 0.101481 0.000000 
0.000000 0.000000 0.057798 0.169235 0.326167 0.283012 0.016275 0.057255 0.031327 0.058930 0.000000 
0.000000 0.000000 0.002307 0.002302 0.000000 0.000000 0.000000 0.987585 0.007806 0.000000 0.000000 
0.000000 0.000000 0.028273 0.041613 0.000000 0.030210 0.000000 0.157056 0.010921 0.000000 0.731926 
0.450236 0.080827 0.039807 0.265686 0.000000 0.032725 0.000000 0.059654 0.021196 0.016582 0.033285 
0.000000 0.000000 0.075167 0.161130 0.238780 0.367454 0.000000 0.056070 0.033522 0.058634 0.009242 
0.000000 0.055186 0.083811 0.207580 0.000000 0.000000 0.000000 0.209435 0.022476 0.421511 0.000000 
0.525143 0.037980 0.031139 0.142068 0.000000 0.037292 0.000000 0.051307 0.028570 0.146500 0.000000 
0.076491 0.163618 0.035566 0.414506 0.000000 0.000000 0.101473 0.031693 0.054450 0.000000 0.122204 
0.234213 0.025817 0.073737 0.203159 0.007878 0.000000 0.018697 0.033175 0.026874 0.340284 0.036167 
0.010358 0.000000 0.030445 0.229217 0.000000 0.017632 0.000000 0.052289 0.660058 0.000000 0.000000 
0.000000 0.152288 0.212433 0.529083 0.000000 0.000000 0.000000 0.018097 0.066402 0.000000 0.021697 
0.130319 0.000000 0.013547 0.044803 0.000000 0.028322 0.694944 0.057846 0.030219 0.000000 0.000000 
0.000000 0.000000 0.000125 0.018736 0.040240 0.013551 0.225567 0.659227 0.007455 0.000000 0.035099 
0.246099 0.000000 0.195416 0.142256 0.000000 0.000000 0.078218 0.221371 0.056496 0.000000 0.060145 
0.000000 0.131182 0.040158 0.297754 0.000000 0.000000 0.000000 0.024116 0.034474 0.431253 0.041062 
0.273966 0.144672 0.052655 0.418373 0.031179 0.000000 0.000000 0.022104 0.024396 0.000000 0.032655 
0.000000 0.053228 0.115023 0.223115 0.000000 0.017810 0.000000 0.037852 0.248483 0.304488 0.000000 
0.034522 0.210796 0.050570 0.546306 0.036977 0.000000 0.000000 0.087120 0.033707 0.000000 0.000000 
0.000000 0.000000 0.344001 0.074450 0.081039 0.000000 0.000000 0.037694 0.000005 0.017259 0.445551 
0.000000 0.000000 0.161797 0.062379 0.091320 0.000000 0.626373 0.036024 0.000005 0.000000 0.022102 
0.000000 0.000000 0.000077 0.010975 0.026191 0.021100 0.052744 0.877107 0.011806 0.000000 0.000000 
0.010028 0.000000 0.768579 0.190286 0.000000 0.000000 0.000000 0.011631 0.000004 0.019471 0.000000 
0.000000 0.000000 0.754256 0.227045 0.000000 0.000000 0.000000 0.018694 0.000004 0.000000 0.000000 
0.000000 0.000000 0.039613 0.050504 0.000000 0.000000 0.016787 0.015525 0.005677 0.000000 0.871894 
0.000000 0.000000 0.105158 0.181277 0.046552 0.492111 0.000000 0.057741 0.020012 0.097149 0.000000 
0.000000 0.000000 0.000048 0.011408 0.008277 0.012355 0.000000 0.967907 0.000005 0.000000 0.000000 
0.157379 0.000000 0.096574 0.184717 0.000000 0.366795 0.000000 0.064600 0.047144 0.082791 0.000000 
0.117598 0.000000 0.024696 0.038527 0.725522 0.024337 0.000000 0.039166 0.013871 0.016283 0.000000 
0.048382 0.000000 0.024070 0.014348 0.000000 0.000000 0.000000 0.018153 0.006413 0.000000 0.888635 
0.006588 0.034981 0.053553 0.266157 0.077811 0.119780 0.000000 0.048743 0.367597 0.024789 0.000000 
0.398194 0.044114 0.037918 0.149119 0.000000 0.000000 0.011379 0.099983 0.060663 0.198629 0.000000 
0.000000 0.068341 0.258098 0.234702 0.000000 0.000000 0.000000 0.027285 0.007123 0.404451 0.000000 
0.000000 0.000000 0.059744 0.203469 0.000000 0.262971 0.000000 0.058659 0.299017 0.050132 0.066007 
0.000000 0.000000 0.017105 0.006888 0.940916 0.000000 0.000000 0.035085 0.000005 0.000000 0.000000 
0.000000 0.100255 0.379653 0.368127 0.010753 0.000000 0.018590 0.015789 0.014304 0.019030 0.073499 
0.000000 0.040953 0.044489 0.126503 0.000000 0.036293 0.312759 0.027476 0.105893 0.305633 0.000000 
0.000000 0.000000 0.463587 0.172715 0.000000 0.000000 0.000000 0.094419 0.269278 0.000000 0.000000 
0.138179 0.000000 0.052243 0.166712 0.000000 0.187671 0.331264 0.051401 0.031404 0.041126 0.000000 
0.413008 0.000000 0.347464 0.119173 0.018762 0.028217 0.000000 0.040208 0.019588 0.013579 0.000000 
0.112569 0.042380 0.000091 0.190527 0.051242 0.000000 0.000000 0.032808 0.532497 0.037886 0.000000 
0.000000 0.000000 0.024461 0.047659 0.673675 0.052185 0.000000 0.027798 0.003160 0.028069 0.142993 
0.000000 0.015600 0.036744 0.072970 0.000000 0.000000 0.164180 0.021677 0.167507 0.012829 0.508491 
0.000000 0.000000 0.004954 0.006705 0.975260 0.000000 0.000000 0.013075 0.000005 0.000000 0.000000 
0.184502 0.000000 0.094711 0.155151 0.049676 0.281811 0.000000 0.219219 0.014929 0.000000 0.000000 
0.214965 0.134371 0.046378 0.450444 0.000000 0.000000 0.000000 0.101872 0.051970 0.000000 0.000000 
0.000000 0.172729 0.123335 0.464820 0.011321 0.037705 0.175292 0.014791 0.000006 0.000000 0.000000 
0.000000 0.000000 0.029162 0.026657 0.026603 0.000000 0.259651 0.016276 0.006316 0.000000 0.635335 
0.037968 0.000000 0.083039 0.206765 0.000000 0.370500 0.000000 0.049998 0.026423 0.115500 0.109808 
0.298796 0.000000 0.033514 0.102155 0.009803 0.025638 0.000000 0.038530 0.009393 0.000000 0.482172 
0.000000 0.000000 0.030264 0.011107 0.937596 0.000000 0.000000 0.013142 0.000005 0.000000 0.007885 
0.000000 0.000000 0.090158 0.158559 0.000000 0.000000 0.000000 0.299803 0.376752 0.046398 0.028332 
0.011297 0.051963 0.016777 0.124205 0.000000 0.000000 0.000000 0.777544 0.018214 0.000000 0.000000 
0.000000 0.000000 0.262534 0.116423 0.000000 0.000000 0.000000 0.537548 0.062905 0.020590 0.000000 
0.630616 0.000000 0.034921 0.094119 0.014369 0.000000 0.000000 0.041106 0.031070 0.066885 0.086914 
0.541779 0.000000 0.036175 0.084409 0.000000 0.031531 0.000000 0.290970 0.015136 0.000000 0.000000 
0.000000 0.012324 0.000099 0.069514 0.419944 0.000000 0.120772 0.023409 0.119075 0.032993 0.201870 
0.000000 0.000000 0.382550 0.205761 0.000000 0.000000 0.021761 0.164596 0.225332 0.000000 0.000000 
0.000000 0.000000 0.115284 0.265928 0.000000 0.422708 0.029299 0.085888 0.037615 0.043278 0.000000 
0.000000 0.000000 0.014366 0.022283 0.039332 0.028054 0.787692 0.101524 0.006749 0.000000 0.000000 
0.387245 0.000000 0.038838 0.079006 0.000000 0.000000 0.000000 0.351951 0.142959 0.000000 0.000000 
0.000000 0.000000 0.000116 0.086445 0.667306 0.020382 0.000000 0.047220 0.163331 0.015200 0.000000 
0.005240 0.005726 0.014198 0.025894 0.000000 0.000000 0.830522 0.041533 0.076885 0.000000 0.000000 
0.611006 0.000000 0.033462 0.137882 0.000000 0.000000 0.010141 0.063020 0.065668 0.000000 0.078820 
0.026565 0.125315 0.058807 0.412303 0.000000 0.066313 0.025528 0.030980 0.055034 0.199155 0.000000 
0.725514 0.000000 0.033671 0.136256 0.000000 0.000000 0.000000 0.052453 0.041646 0.010460 0.000000 
0.000000 0.000000 0.027633 0.072679 0.199853 0.115035 0.000000 0.031531 0.000006 0.000000 0.553262 
0.000000 0.089939 0.187288 0.237576 0.000000 0.000000 0.430968 0.054223 0.000005 0.000000 0.000000 
0.061409 0.000000 0.419173 0.176514 0.030468 0.000000 0.217519 0.021637 0.054832 0.000000 0.018447 
0.021151 0.112146 0.078950 0.449229 0.000000 0.039301 0.000000 0.154357 0.144866 0.000000 0.000000 
0.000000 0.000000 0.042176 0.246021 0.000000 0.286509 0.000000 0.062856 0.277604 0.084834 0.000000 
0.000000 0.073353 0.024833 0.325732 0.082137 0.014792 0.006636 0.027544 0.444973 0.000000 0.000000 
0.000000 0.045550 0.074162 0.201240 0.053373 0.000000 0.000000 0.102667 0.019202 0.503806 0.000000 
0.000000 0.000000 0.010201 0.013456 0.008291 0.021288 0.000000 0.946758 0.000005 0.000000 0.000000 
0.000000 0.000000 0.024250 0.088024 0.185313 0.000000 0.000000 0.020477 0.275034 0.000000 0.406902 
0.019244 0.078525 0.107161 0.405912 0.024034 0.244098 0.000000 0.036623 0.026769 0.057633 0.000000 
0.000000 0.000000 0.000053 0.019334 0.000000 0.037408 0.000000 0.937612 0.005592 0.000000 0.000000 
0.026023 0.030918 0.052849 0.069343 0.342191 0.000000 0.000000 0.478669 0.000006 0.000000 0.000000 
0.019720 0.000000 0.100429 0.212721 0.106473 0.328462 0.000000 0.051746 0.038131 0.142319 0.000000 
0.071198 0.000000 0.072726 0.181309 0.047001 0.384979 0.141407 0.057570 0.043810 0.000000 0.000000 
0.000000 0.000000 0.105308 0.187347 0.020944 0.424737 0.000000 0.054162 0.029448 0.091817 0.086236 
0.453450 0.000000 0.207767 0.119588 0.000000 0.000000 0.000000 0.038272 0.000008 0.000000 0.180915 
0.004164 0.000000 0.003380 0.011308 0.000000 0.000000 0.942578 0.032074 0.000005 0.006492 0.000000 
0.130247 0.000000 0.456014 0.244287 0.000000 0.124177 0.000000 0.030044 0.015230 0.000000 0.000000 
0.697985 0.000000 0.061112 0.081840 0.020514 0.000000 0.013342 0.099926 0.015360 0.009921 0.000000 
0.586126 0.000000 0.036993 0.089569 0.122354 0.032182 0.000000 0.087342 0.010735 0.000000 0.034700 
0.073811 0.042198 0.051948 0.171821 0.000000 0.000000 0.000000 0.030340 0.023007 0.189352 0.417521 
0.000000 0.000000 0.005257 0.012731 0.000000 0.000000 0.000000 0.905155 0.004789 0.000000 0.072067 
0.579278 0.018366 0.034975 0.158358 0.034721 0.000000 0.000000 0.072472 0.101830 0.000000 0.000000 
0.000000 0.000000 0.623992 0.181750 0.169435 0.000000 0.000000 0.014381 0.000005 0.010437 0.000000 
0.000000 0.040677 0.000085 0.088045 0.000000 0.035223 0.000000 0.819607 0.000006 0.016356 0.000000 
0.010507 0.076289 0.033585 0.162527 0.186333 0.000000 0.000000 0.047118 0.016947 0.466694 0.000000 
0.050186 0.017667 0.022203 0.060397 0.673855 0.000000 0.145459 0.014536 0.015697 0.000000 0.000000 
0.000000 0.008456 0.003501 0.001904 0.517355 0.000000 0.000000 0.454855 0.000005 0.013923 0.000000 
0.334379 0.000000 0.100612 0.205892 0.012018 0.074504 0.013553 0.049081 0.015428 0.075294 0.119238 
0.037978 0.000000 0.086994 0.140746 0.240673 0.272130 0.101407 0.046448 0.014497 0.059126 0.000000 
0.000000 0.000000 0.068082 0.160766 0.339825 0.324945 0.000000 0.050125 0.000006 0.056251 0.000000 
0.000000 0.044215 0.466898 0.276864 0.172985 0.019190 0.000000 0.019842 0.000005 0.000000 0.000000 
0.000000 0.035939 0.038106 0.202852 0.000000 0.103494 0.429218 0.071169 0.020062 0.099161 0.000000 
0.041177 0.055994 0.040054 0.183649 0.000000 0.000000 0.074447 0.021967 0.019460 0.027136 0.536115 
0.038727 0.240186 0.040041 0.464877 0.000000 0.020127 0.088010 0.098317 0.009715 0.000000 0.000000 
0.013068 0.000000 0.101733 0.208645 0.000000 0.438560 0.040743 0.054769 0.014044 0.128437 0.000000 
0.103850 0.186458 0.080487 0.516864 0.000000 0.000000 0.000000 0.030312 0.082029 0.000000 0.000000 
0.000000 0.018335 0.586061 0.187829 0.000000 0.050485 0.008331 0.010548 0.000006 0.138404 0.000000 
0.000000 0.000000 0.209592 0.179406 0.000000 0.154398 0.000000 0.150523 0.000006 0.075059 0.231016 
0.000000 0.167939 0.065166 0.509242 0.112167 0.021586 0.000000 0.016851 0.070445 0.000000 0.036604 
0.000000 0.000000 0.048571 0.178382 0.228782 0.265225 0.000000 0.205689 0.038197 0.035155 0.000000 
0.016097 0.000000 0.104136 0.191915 0.000000 0.398026 0.115348 0.065206 0.023125 0.086147 0.000000 
0.000000 0.000000 0.029294 0.048818 0.000000 0.088245 0.056492 0.730621 0.026823 0.019708 0.000000 
0.000000 0.008374 0.009881 0.085188 0.024692 0.015842 0.000000 0.772146 0.000006 0.083871 0.000000 
0.000000 0.000000 0.010308 0.022097 0.000000 0.032494 0.000000 0.628612 0.000007 0.000000 0.306481 
0.000000 0.040599 0.020248 0.193151 0.000000 0.000000 0.000000 0.036100 0.484671 0.188111 0.037120 
0.200055 0.034446 0.368162 0.141122 0.000000 0.000000 0.011592 0.058824 0.167077 0.018721 0.000000 
0.009626 0.000000 0.021102 0.159354 0.000000 0.116384 0.244518 0.047553 0.343417 0.058046 0.000000 
0.122323 0.022080 0.015178 0.286190 0.000000 0.000000 0.052705 0.028101 0.473421 0.000000 0.000000 
0.021593 0.079568 0.021922 0.307131 0.021016 0.038467 0.000000 0.025816 0.428173 0.056314 0.000000 
0.247530 0.015145 0.144036 0.194229 0.000000 0.050245 0.000000 0.037750 0.033204 0.277862 0.000000 
0.000000 0.000000 0.012929 0.098409 0.162409 0.000000 0.369592 0.160344 0.174454 0.021863 0.000000 
0.000000 0.021918 0.181088 0.069425 0.000000 0.011655 0.667852 0.023666 0.004831 0.000000 0.019565 
0.000000 0.155415 0.031357 0.321468 0.000000 0.023661 0.000000 0.279521 0.013202 0.175376 0.000000 
0.000000 0.000000 0.078001 0.168798 0.000000 0.293409 0.000000 0.054616 0.214316 0.107093 0.083767 
0.000000 0.005904 0.012369 0.026048 0.008186 0.000000 0.758575 0.033394 0.000006 0.000000 0.155519 
0.000000 0.000000 0.176682 0.065813 0.000000 0.000000 0.000000 0.015272 0.026466 0.031640 0.684126 
0.000000 0.077216 0.179668 0.227441 0.000000 0.000000 0.000000 0.041984 0.013397 0.460293 0.000000 
0.000000 0.000000 0.307053 0.221080 0.000000 0.243000 0.025309 0.099845 0.016831 0.086882 0.000000 
0.000000 0.000000 0.038991 0.074346 0.642084 0.162464 0.000000 0.028745 0.013248 0.040123 0.000000 
0.000000 0.000000 0.012428 0.022904 0.918676 0.000000 0.000000 0.011220 0.014589 0.000000 0.020183 
0.177313 0.000000 0.640060 0.129603 0.000000 0.000000 0.000000 0.020631 0.000005 0.032387 0.000000 
0.000000 0.000000 0.075233 0.103080 0.000000 0.298521 0.000000 0.045549 0.000006 0.066899 0.410713 
0.020764 0.221560 0.064689 0.570573 0.017324 0.000000 0.000000 0.043088 0.040550 0.021451 0.000000 
0.000000 0.045551 0.000107 0.173988 0.400272 0.000000 0.000000 0.018520 0.100591 0.260972 0.000000 
0.210340 0.000000 0.243945 0.164380 0.192425 0.000000 0.109468 0.032138 0.009689 0.000000 0.037616 
0.000000 0.134527 0.040958 0.310079 0.000000 0.000000 0.000000 0.036600 0.028336 0.449501 0.000000 
0.010818 0.014660 0.281174 0.210452 0.000000 0.068912 0.000000 0.034352 0.379632 0.000000 0.000000 
0.000000 0.054845 0.203597 0.186351 0.000000 0.000000 0.501980 0.043385 0.009843 0.000000 0.000000 
0.000000 0.000000 0.204741 0.100800 0.000000 0.094376 0.537165 0.035243 0.000006 0.027667 0.000000 
0.000000 0.008909 0.012219 0.058468 0.662800 0.043582 0.076265 0.028732 0.054662 0.027125 0.027239 
0.000000 0.000000 0.013986 0.019984 0.011250 0.000000 0.388568 0.250499 0.000009 0.000000 0.315703 
0.123327 0.000000 0.055197 0.097055 0.125379 0.191866 0.000000 0.366369 0.000006 0.040801 0.000000 
0.000000 0.000000 0.017046 0.178508 0.000000 0.000000 0.000000 0.173958 0.585546 0.044942 0.000000 
0.005302 0.000000 0.136384 0.074096 0.000000 0.000000 0.681510 0.062656 0.014395 0.025658 0.000000 
0.093135 0.000000 0.049338 0.135243 0.330465 0.208918 0.000000 0.045131 0.027206 0.036248 0.074315 
0.000000 0.000000 0.021658 0.033163 0.000000 0.000000 0.000000 0.022356 0.006269 0.000000 0.916554 
0.000000 0.030059 0.712992 0.181629 0.000000 0.000000 0.000000 0.021931 0.000006 0.053384 0.000000 
0.011725 0.000000 0.007636 0.153689 0.000000 0.000000 0.302243 0.024297 0.500409 0.000000 0.000000 
0.000000 0.078257 0.035125 0.170862 0.166211 0.000000 0.000000 0.047350 0.026192 0.476003 0.000000 
0.000000 0.022909 0.065947 0.119825 0.000000 0.000000 0.723476 0.065020 0.002823 0.000000 0.000000 
0.203351 0.000000 0.017327 0.160334 0.040225 0.037045 0.000000 0.046658 0.476225 0.018835 0.000000 
0.054250 0.022984 0.034569 0.117997 0.133227 0.152132 0.171212 0.100420 0.109125 0.104084 0.000000 
0.697937 0.000000 0.028290 0.099210 0.000000 0.000000 0.000000 0.068689 0.021854 0.016531 0.067489 
0.000000 0.000000 0.134720 0.047213 0.000000 0.000000 0.000000 0.117805 0.000007 0.027612 0.672643 
0.000000 0.017289 0.596050 0.226141 0.000000 0.021263 0.000000 0.118315 0.000007 0.020936 0.000000 
0.000000 0.024544 0.402248 0.210246 0.000000 0.206255 0.000000 0.042811 0.012754 0.101142 0.000000 
0.000000 0.000000 0.000092 0.042646 0.005168 0.000000 0.000000 0.713850 0.000005 0.027627 0.210613 
0.035031 0.000000 0.007393 0.055499 0.011478 0.000000 0.000000 0.588385 0.239833 0.000000 0.062380 
0.000000 0.000000 0.008082 0.001203 0.972886 0.000000 0.000000 0.017823 0.000005 0.000000 0.000000 
0.520314 0.000000 0.192855 0.153758 0.000000 0.000000 0.000000 0.044650 0.000005 0.000000 0.088417 
0.235602 0.019998 0.034550 0.103690 0.396071 0.117203 0.009375 0.041070 0.015924 0.026517 0.000000 
0.034152 0.000000 0.000059 0.107162 0.140302 0.000000 0.000000 0.386489 0.331837 0.000000 0.000000 
0.034750 0.167010 0.035934 0.477140 0.000000 0.037827 0.132472 0.021122 0.018114 0.000000 0.075630 
0.036513 0.126282 0.025993 0.256951 0.015884 0.000000 0.148138 0.270801 0.010723 0.108715 0.000000 
0.000000 0.022656 0.030588 0.081779 0.019669 0.000000 0.000000 0.179560 0.174185 0.105633 0.385930 
0.000000 0.030567 0.055028 0.201368 0.000000 0.146791 0.035299 0.054396 0.281247 0.195303 0.000000 
0.019209 0.000000 0.091032 0.205058 0.028788 0.098445 0.038137 0.023368 0.495963 0.000000 0.000000 
0.000000 0.000000 0.032066 0.020523 0.026594 0.000000 0.136041 0.028028 0.000007 0.006546 0.750195 
0.000000 0.000000 0.008501 0.026034 0.078862 0.000000 0.721013 0.086255 0.000006 0.033882 0.045446 
0.062328 0.012968 0.000079 0.054847 0.431205 0.000000 0.322763 0.043335 0.060567 0.011907 0.000000 
0.000000 0.170225 0.105196 0.450202 0.000000 0.090923 0.000000 0.027462 0.021505 0.000000 0.134488 
0.042345 0.000000 0.286510 0.135495 0.000000 0.064750 0.320683 0.043809 0.000006 0.000000 0.106401 
0.512561 0.017690 0.000106 0.113986 0.027970 0.000000 0.000000 0.045125 0.239385 0.043178 0.000000 
0.000000 0.000000 0.016071 0.033470 0.480909 0.022018 0.335420 0.014583 0.097529 0.000000 0.000000 
0.000000 0.120783 0.036037 0.397558 0.028769 0.036546 0.000000 0.014052 0.041386 0.289510 0.035359 
0.032408 0.279122 0.048856 0.594026 0.000000 0.000000 0.000000 0.017164 0.016737 0.011688 0.000000 
0.000000 0.000000 0.019002 0.048106 0.000000 0.035820 0.000000 0.861131 0.007872 0.028070 0.000000 
0.000000 0.102333 0.156162 0.186396 0.017533 0.000000 0.000000 0.061210 0.018199 0.408665 0.049502 
0.000000 0.000000 0.532005 0.155039 0.028337 0.000000 0.131889 0.078914 0.004925 0.037870 0.031021 
0.521597 0.000000 0.042019 0.075283 0.177260 0.000000 0.048182 0.071266 0.000006 0.027092 0.037295 
0.000000 0.036803 0.450646 0.216563 0.036950 0.000000 0.222580 0.024036 0.012422 0.000000 0.000000 
0.000000 0.033893 0.243863 0.208149 0.000000 0.000000 0.000000 0.029184 0.008791 0.203572 0.272547 
0.000000 0.002622 0.000082 0.011104 0.028010 0.011976 0.909944 0.036255 0.000007 0.000000 0.000000 
0.000000 0.032147 0.082447 0.138803 0.000000 0.121583 0.404221 0.034584 0.049857 0.136357 0.000000 
0.393536 0.139739 0.046543 0.360249 0.014851 0.000000 0.000000 0.027177 0.000006 0.017898 0.000000 
0.011512 0.030262 0.016006 0.051517 0.008675 0.000000 0.000000 0.735433 0.000006 0.146588 0.000000 
0.000000 0.000000 0.026770 0.035999 0.000000 0.000000 0.000000 0.026292 0.000005 0.050726 0.860208 
0.467973 0.000000 0.044423 0.063128 0.098146 0.076698 0.092105 0.092691 0.000006 0.064830 0.000000 
0.020984 0.182432 0.058326 0.579621 0.012255 0.000000 0.098307 0.025805 0.022270 0.000000 0.000000 
0.000000 0.000000 0.075680 0.177638 0.045660 0.335504 0.029520 0.202096 0.033270 0.061681 0.038952 
0.000000 0.030573 0.259929 0.081114 0.302250 0.032121 0.000000 0.018777 0.000005 0.072018 0.203213 
0.000000 0.000000 0.015345 0.014391 0.773771 0.000000 0.120209 0.021153 0.055130 0.000000 0.000000 
0.000000 0.000000 0.000062 0.023438 0.000000 0.000000 0.895407 0.051419 0.029674 0.000000 0.000000 
0.000000 0.013484 0.000065 0.135064 0.000000 0.000000 0.000000 0.412895 0.438492 0.000000 0.000000 
0.000000 0.000000 0.617115 0.149272 0.203193 0.000000 0.000000 0.030415 0.000005 0.000000 0.000000 
0.000000 0.022204 0.009326 0.106549 0.000000 0.000000 0.531977 0.045645 0.175149 0.109151 0.000000 
0.161482 0.000000 0.015371 0.012254 0.719935 0.029189 0.000000 0.038759 0.023010 0.000000 0.000000 
0.021059 0.000000 0.000070 0.208900 0.000000 0.000000 0.000000 0.028207 0.741764 0.000000 0.000000 
0.008459 0.005433 0.000078 0.003454 0.966375 0.000000 0.000000 0.016196 0.000005 0.000000 0.000000 
0.000000 0.018911 0.007900 0.041497 0.192988 0.000000 0.000000 0.643037 0.000006 0.049557 0.046104 
0.000000 0.045958 0.097181 0.221362 0.000000 0.000000 0.000000 0.037943 0.170580 0.336366 0.090610 
0.000000 0.133149 0.386272 0.437542 0.000000 0.000000 0.000000 0.029766 0.013271 0.000000 0.000000 
0.025060 0.000000 0.020994 0.164949 0.144220 0.000000 0.000000 0.155693 0.489082 0.000000 0.000000 
0.000000 0.000000 0.033376 0.102265 0.103415 0.140683 0.506172 0.040279 0.054018 0.019792 0.000000 
0.014185 0.132387 0.098822 0.332768 0.000000 0.105367 0.212918 0.034070 0.038763 0.030720 0.000000 
0.000000 0.076810 0.019837 0.186767 0.077289 0.000000 0.000000 0.382000 0.000006 0.257291 0.000000 
0.000000 0.000000 0.047251 0.121570 0.000000 0.202390 0.000000 0.586819 0.008231 0.033738 0.000000 
0.018102 0.029877 0.643235 0.253155 0.000000 0.014610 0.000000 0.015919 0.000008 0.000000 0.025093 
0.480946 0.045816 0.022599 0.125138 0.019728 0.037788 0.205021 0.042951 0.000006 0.020008 0.000000 
0.154271 0.058223 0.032720 0.177249 0.000000 0.000000 0.000000 0.202830 0.013219 0.361489 0.000000 
0.000000 0.000000 0.026658 0.010999 0.728327 0.000000 0.161180 0.022547 0.050289 0.000000 0.000000 
0.000000 0.000000 0.058271 0.107736 0.000000 0.216954 0.000000 0.093961 0.000006 0.075640 0.447431 
0.264774 0.000000 0.038028 0.057978 0.528508 0.055582 0.000000 0.027144 0.027986 0.000000 0.000000 
0.000000 0.000000 0.000093 0.032631 0.012439 0.053816 0.013994 0.873772 0.013254 0.000000 0.000000 
0.000000 0.054457 0.209479 0.141368 0.000000 0.015137 0.000000 0.365512 0.000006 0.214041 0.000000 
0.040822 0.238265 0.096987 0.570326 0.000000 0.000000 0.000000 0.022602 0.030998 0.000000 0.000000 
0.023650 0.000000 0.018116 0.022410 0.840455 0.000000 0.000000 0.095363 0.000005 0.000000 0.000000 
0.433122 0.000000 0.032749 0.060600 0.156268 0.000000 0.000000 0.041381 0.063209 0.020645 0.192027 
0.140321 0.080698 0.030812 0.207681 0.053758 0.000000 0.438636 0.015572 0.000006 0.000000 0.032516 
0.000000 0.000000 0.000063 0.032873 0.000000 0.000000 0.038024 0.877980 0.044262 0.006798 0.000000 
0.032231 0.000000 0.023981 0.185818 0.000000 0.123077 0.000000 0.029400 0.562792 0.042701 0.000000 
0.000000 0.000000 0.000085 0.158667 0.010605 0.000000 0.141891 0.020326 0.468637 0.000000 0.199791 
0.000000 0.000000 0.066269 0.046766 0.000000 0.000000 0.000000 0.886958 0.000006 0.000000 0.000000 
0.000000 0.057409 0.086391 0.208921 0.471320 0.000000 0.000000 0.012456 0.000006 0.163497 0.000000 
0.255049 0.000000 0.039822 0.060675 0.569959 0.029546 0.000000 0.044944 0.000005 0.000000 0.000000 
0.690780 0.000000 0.056721 0.114906 0.024135 0.000000 0.000000 0.052885 0.038100 0.000000 0.022473 
0.000000 0.107797 0.035985 0.371620 0.000000 0.000000 0.000000 0.034473 0.000006 0.450120 0.000000 
0.000000 0.000000 0.105266 0.196221 0.024242 0.471397 0.000000 0.063787 0.032001 0.107087 0.000000 
0.024471 0.007510 0.100601 0.028672 0.000000 0.000000 0.632768 0.185474 0.000005 0.020500 0.000000 
0.171882 0.000000 0.041653 0.167663 0.000000 0.000000 0.050226 0.028293 0.540283 0.000000 0.000000 
0.544992 0.012876 0.043248 0.096888 0.010282 0.000000 0.000000 0.071838 0.025201 0.089129 0.105547 
0.000000 0.013201 0.496085 0.181002 0.000000 0.000000 0.217997 0.032664 0.000005 0.000000 0.059046 
0.000000 0.000000 0.000060 0.012156 0.029302 0.000000 0.000000 0.958477 0.000004 0.000000 0.000000 
0.000000 0.046793 0.457426 0.210348 0.000000 0.000000 0.051069 0.087613 0.000006 0.146744 0.000000 
0.181585 0.023531 0.026124 0.125024 0.000000 0.000000 0.192052 0.441432 0.010252 0.000000 0.000000 
0.000000 0.000000 0.030136 0.055708 0.000000 0.000000 0.000000 0.812551 0.032443 0.069162 0.000000 
0.000000 0.000000 0.383304 0.092686 0.210160 0.000000 0.046437 0.230703 0.000005 0.000000 0.036704 
0.000000 0.020131 0.069302 0.094249 0.000000 0.000000 0.770637 0.045674 0.000006 0.000000 0.000000 
0.162641 0.000000 0.008425 0.033192 0.000000 0.032974 0.690557 0.061982 0.000005 0.010224 0.000000 
0.000000 0.147202 0.052693 0.408142 0.000000 0.000000 0.220582 0.025997 0.049669 0.063297 0.032419 
0.362750 0.000000 0.090865 0.154566 0.000000 0.227044 0.000000 0.069280 0.020903 0.074593 0.000000 
0.000000 0.152678 0.033697 0.368766 0.000000 0.000000 0.180909 0.112708 0.000006 0.116459 0.034777 
0.000000 0.019322 0.275100 0.111105 0.000000 0.000000 0.000000 0.594468 0.000004 0.000000 0.000000 
0.000000 0.000000 0.032348 0.019211 0.008442 0.000000 0.000000 0.018700 0.005701 0.000000 0.915599 
0.233828 0.045249 0.031677 0.207598 0.000000 0.000000 0.000000 0.035630 0.000009 0.000000 0.446008 
0.521874 0.000000 0.052807 0.120904 0.092501 0.075962 0.000000 0.038844 0.000006 0.097104 0.000000 
0.000000 0.033177 0.081442 0.223809 0.179758 0.000000 0.000000 0.020848 0.139619 0.321347 0.000000 
0.000000 0.000000 0.017405 0.021384 0.846480 0.000000 0.000000 0.065812 0.000005 0.048913 0.000000 
0.000000 0.008925 0.033951 0.039036 0.017932 0.000000 0.000000 0.029997 0.011162 0.006865 0.852132 
0.000000 0.119504 0.122501 0.366737 0.000000 0.000000 0.000000 0.028234 0.072756 0.000000 0.290268 
0.000000 0.000000 0.116240 0.308016 0.000000 0.346809 0.000000 0.068552 0.065154 0.073769 0.021460 
0.000000 0.000000 0.053765 0.033133 0.000000 0.000000 0.000000 0.023015 0.005810 0.028475 0.855802 
0.223359 0.115102 0.112318 0.473014 0.019933 0.000000 0.000000 0.032605 0.023668 0.000000 0.000000 
0.093407 0.054273 0.000091 0.100323 0.016863 0.000000 0.476877 0.048457 0.033134 0.176576 0.000000 
0.000000 0.045334 0.530414 0.290771 0.000000 0.019165 0.006511 0.089162 0.018643 0.000000 0.000000 
0.000000 0.013605 0.407775 0.214662 0.000000 0.000000 0.000000 0.021686 0.195367 0.146904 0.000000 
0.000000 0.000000 0.497533 0.127820 0.000000 0.000000 0.099418 0.251742 0.000006 0.000000 0.023481 
0.128983 0.000000 0.018723 0.039857 0.000000 0.000000 0.328599 0.184780 0.004798 0.000000 0.294260 
0.000000 0.038093 0.159359 0.199010 0.189677 0.000000 0.000000 0.102427 0.029627 0.281806 0.000000 
0.000000 0.063575 0.020949 0.152654 0.000000 0.080349 0.000000 0.326712 0.030567 0.325193 0.000000 
0.000000 0.000000 0.040321 0.019280 0.000000 0.008339 0.160201 0.722951 0.000006 0.000000 0.048903 
0.000000 0.000000 0.025193 0.141302 0.000000 0.000000 0.000000 0.023143 0.464964 0.000000 0.345398 
0.000000 0.092195 0.000090 0.231584 0.030755 0.022834 0.000000 0.271056 0.026413 0.007012 0.318062 
0.000000 0.000000 0.008332 0.087892 0.607528 0.110532 0.084222 0.072110 0.000006 0.029377 0.000000 
0.022362 0.022291 0.016023 0.164790 0.000000 0.027452 0.000000 0.026367 0.497816 0.041269 0.181629 
0.019508 0.194326 0.038731 0.505880 0.013808 0.040307 0.000000 0.028195 0.159244 0.000000 0.000000 
0.455318 0.000000 0.074366 0.173336 0.009727 0.072406 0.000000 0.051494 0.146030 0.017322 0.000000 
0.000000 0.000000 0.015186 0.190852 0.000000 0.000000 0.000000 0.043016 0.742799 0.000000 0.008147 
0.000000 0.027158 0.000103 0.193012 0.000000 0.000000 0.038151 0.073296 0.609032 0.059247 0.000000 
0.000000 0.000000 0.055023 0.100221 0.000000 0.035296 0.144143 0.524228 0.000006 0.141084 0.000000 
0.000000 0.000000 0.783261 0.185833 0.000000 0.000000 0.000000 0.015007 0.000006 0.015893 0.000000 
0.000000 0.009015 0.000097 0.022559 0.106674 0.017219 0.000000 0.837768 0.006668 0.000000 0.000000 
0.000000 0.000000 0.067652 0.176798 0.031600 0.174442 0.000000 0.040499 0.079020 0.062214 0.367774 
0.000000 0.166955 0.043047 0.445168 0.018782 0.000000 0.000000 0.255300 0.021953 0.000000 0.048795 
0.000000 0.000000 0.007052 0.035193 0.429431 0.000000 0.000000 0.296319 0.082794 0.021336 0.127877 
