-3883243.585606
0
0.000000 0.000000 0.000000 0.000000 0.021140 0.017001 0.000000 0.000000 0.000000 0.000000 0.000000 0.000000 0.000000 0.020312 0.000000 0.000000 0.000000 0.000000 0.081609 0.051117 0.000000 0.014408 0.008000 0.000000 0.000000 0.000000 0.000000 0.000000 0.000000 0.000000 0.000000 0.000000 0.000000 0.027427 0.009991 0.018090 0.000000 0.000000 0.000000 0.000000 0.043339 0.009275 0.070757 0.091502 0.006000 0.026110 0.022155 0.056084 0.007059 0.005360 0.000000 0.000000 0.000000 0.000000 0.000000 0.000000 0.000000 0.056570 0.000000 0.000000 0.000000 0.000000 0.000000 0.000000 0.012501 0.020837 0.022123 0.011038 0.000000 0.000000 0.026600 0.000000 0.000000 0.000000 0.000000 0.021508 0.000000 0.000000 0.000000 0.000000 0.000000 0.000000 0.000000 0.000001 0.000000 0.000000 0.000000 0.000000 0.015673 0.000000 0.005415 0.049390 0.043967 0.012474 0.020226 0.074938 
0.000000 0.003485 0.000000 0.002983 0.038724 0.022256 0.012103 0.046724 0.019768 0.009649 0.000000 0.017593 0.007552 0.004868 0.000000 0.000000 0.018195 0.017367 0.006314 0.012295 0.000000 0.001000 0.014617 0.014524 0.000000 0.000000 0.005156 0.000000 0.027927 0.019744 0.008135 0.042146 0.022439 0.000000 0.000001 0.003257 0.002106 0.000000 0.005734 0.005075 0.006750 0.023526 0.000000 0.005012 0.000000 0.006633 0.011048 0.005724 0.000000 0.000000 0.000000 0.000000 0.019172 0.021434 0.002227 0.037405 0.036812 0.009995 0.000000 0.018977 0.000000 0.000000 0.007241 0.006849 0.008300 0.005563 0.006883 0.006946 0.009158 0.010760 0.025335 0.009937 0.000000 0.021716 0.002533 0.000001 0.030604 0.044945 0.007169 0.064873 0.000000 0.000000 0.000000 0.006362 0.000000 0.007669 0.000000 0.008937 0.014506 0.021022 0.012597 0.007267 0.000000 0.010376 0.017080 0.008919 
0.000000 0.000000 0.000000 0.000000 0.000000 0.000000 0.000000 0.000107 0.000000 0.019862 0.000000 0.004503 0.000580 0.000720 0.000726 0.003022 0.000159 0.000000 0.001160 0.000525 0.000000 0.000000 0.000378 0.000000 0.000718 0.000839 0.000000 0.001640 0.000000 0.000210 0.000838 0.000255 0.076244 0.102083 0.021481 0.080729 0.000000 0.000811 0.000553 0.000967 0.001058 0.000558 0.000967 0.004677 0.000000 0.001108 0.000621 0.001392 0.000000 0.000000 0.000000 0.000000 0.000000 0.000484 0.000000 0.000000 0.000000 0.021854 0.000933 0.016879 0.000000 0.000000 0.000417 0.000256 0.000163 0.000000 0.000334 0.007946 0.000000 0.000000 0.001857 0.000730 0.000583 0.002401 0.000000 0.000806 0.000000 0.000954 0.000000 0.000000 0.118913 0.290974 0.100916 0.084038 0.000788 0.001252 0.001152 0.004227 0.002372 0.001897 0.002247 0.002021 0.000000 0.001042 0.000988 0.001084 
0.000000 0.000000 0.000000 0.000000 0.000000 0.000000 0.000000 0.001538 0.034356 0.017009 0.102947 0.016132 0.000000 0.000000 0.000000 0.004859 0.007839 0.005375 0.022542 0.000000 0.000000 0.001458 0.000000 0.003036 0.008123 0.023019 0.009877 0.058515 0.000000 0.000000 0.000000 0.000000 0.007798 0.007243 0.099087 0.007279 0.000000 0.002051 0.000000 0.000000 0.005325 0.003209 0.028280 0.000000 0.000000 0.003300 0.004601 0.008183 0.000000 0.003824 0.001891 0.008093 0.000000 0.002670 0.000000 0.001277 0.071409 0.082346 0.151775 0.059295 0.000000 0.002487 0.000000 0.000854 0.012907 0.005771 0.011816 0.003652 0.000000 0.001554 0.000000 0.003173 0.000000 0.000000 0.000856 0.002689 0.000000 0.000000 0.000000 0.000000 0.004439 0.000000 0.041256 0.001694 0.000000 0.000000 0.000000 0.000000 0.005609 0.003567 0.012107 0.001749 0.000000 0.001479 0.000000 0.006778 
0.048784 0.064549 0.013728 0.048527 0.002815 0.000000 0.000000 0.000000 0.014674 0.000000 0.000000 0.000000 0.000000 0.012331 0.005716 0.000000 0.000000 0.007583 0.026586 0.000000 0.000000 0.000000 0.000000 0.000000 0.054780 0.093446 0.007055 0.099901 0.000000 0.000000 0.000000 0.000000 0.000000 0.008076 0.004315 0.007266 0.000000 0.000000 0.008564 0.000000 0.000000 0.008823 0.000000 0.000000 0.000000 0.000000 0.000000 0.000000 0.053402 0.060279 0.007487 0.043723 0.000000 0.018905 0.000000 0.000000 0.000000 0.000000 0.008402 0.000000 0.000000 0.000000 0.003390 0.011489 0.000000 0.000000 0.000000 0.004428 0.000000 0.000000 0.000000 0.000000 0.037607 0.091081 0.009143 0.060634 0.000000 0.000000 0.000000 0.000000 0.007155 0.000000 0.000000 0.031098 0.000000 0.000000 0.005482 0.000000 0.000000 0.008778 0.000000 0.000000 0.000000 0.000000 0.000000 0.000000 
0.000000 0.000728 0.000000 0.000000 0.000000 0.000000 0.000000 0.000000 0.000000 0.000000 0.000000 0.000000 0.000000 0.000000 0.001723 0.000000 0.000000 0.000000 0.000000 0.000000 0.000000 0.000000 0.001250 0.000000 0.000000 0.000000 0.000000 0.000000 0.000000 0.000421 0.000000 0.000000 0.026975 0.000000 0.000001 0.011320 0.000000 0.000977 0.000000 0.000000 0.000000 0.000322 0.000000 0.000000 0.000000 0.000000 0.000000 0.000000 0.000000 0.000000 0.000000 0.000000 0.000000 0.000000 0.000000 0.000000 0.000000 0.000000 0.000000 0.005996 0.000000 0.000000 0.000000 0.000000 0.000000 0.000000 0.000000 0.000000 0.000000 0.000000 0.000000 0.000000 0.000000 0.000000 0.005734 0.000001 0.000000 0.000000 0.004803 0.016700 0.441676 0.131845 0.113412 0.234152 0.000000 0.000000 0.000000 0.000000 0.000000 0.000000 0.000000 0.001961 0.000000 0.000000 0.000000 0.000000 
0.000000 0.000000 0.000000 0.000000 0.000000 0.000000 0.000303 0.001306 0.011930 0.004285 0.006927 0.005071 0.000000 0.000000 0.000000 0.000000 0.002165 0.000573 0.001665 0.002661 0.000000 0.000000 0.000000 0.000915 0.000000 0.000000 0.000000 0.000000 0.000000 0.000000 0.000000 0.000000 0.003204 0.000000 0.007392 0.000003 0.000000 0.000000 0.000000 0.000986 0.001232 0.000000 0.000601 0.000000 0.000000 0.000000 0.000000 0.000000 0.000683 0.000000 0.000000 0.000000 0.000000 0.000000 0.000000 0.000370 0.013851 0.002748 0.001976 0.000000 0.000000 0.000000 0.000000 0.000000 0.000000 0.000000 0.000000 0.000000 0.000145 0.000000 0.000000 0.000000 0.025897 0.011789 0.000000 0.019444 0.063777 0.000000 0.000000 0.105986 0.434452 0.031839 0.000000 0.234601 0.000000 0.000000 0.000000 0.000000 0.000000 0.000000 0.000845 0.000000 0.000000 0.000000 0.000373 0.000000 
0.029073 0.030474 0.000000 0.032085 0.008218 0.007227 0.000000 0.013998 0.018681 0.005954 0.025392 0.031185 0.021342 0.016041 0.014274 0.038537 0.023205 0.008804 0.008545 0.030905 0.004331 0.001170 0.009349 0.003706 0.023259 0.000000 0.000000 0.006781 0.006645 0.006083 0.000000 0.005536 0.004179 0.000000 0.009218 0.018112 0.013228 0.021371 0.017200 0.032924 0.008069 0.014342 0.007699 0.018778 0.002441 0.003018 0.008347 0.005741 0.022381 0.000000 0.000000 0.014005 0.000000 0.000000 0.000000 0.009275 0.000000 0.000000 0.012185 0.007530 0.007721 0.008959 0.009963 0.021913 0.006540 0.007947 0.006851 0.011841 0.001000 0.000703 0.009352 0.007298 0.028541 0.000000 0.000000 0.039396 0.004826 0.006180 0.000000 0.006621 0.000000 0.000000 0.000000 0.005911 0.019782 0.015227 0.006675 0.037734 0.006614 0.007792 0.000000 0.013091 0.000000 0.003746 0.008537 0.008400 
0.006143 0.000000 0.000000 0.000000 0.000000 0.000000 0.000635 0.000739 0.037593 0.016516 0.258483 0.010526 0.000000 0.000000 0.000000 0.000000 0.014727 0.005636 0.000000 0.005391 0.001758 0.001676 0.000000 0.004250 0.000000 0.000000 0.000000 0.000000 0.000000 0.000000 0.000000 0.000000 0.023702 0.018199 0.136075 0.014888 0.000000 0.000000 0.000000 0.000000 0.000000 0.002317 0.000000 0.000000 0.000000 0.000000 0.000000 0.000000 0.003247 0.003014 0.000000 0.000000 0.000000 0.001602 0.000000 0.000000 0.032250 0.033443 0.147873 0.018327 0.000000 0.000000 0.000000 0.000000 0.013919 0.006388 0.003585 0.012070 0.000000 0.000000 0.000000 0.000000 0.009383 0.007713 0.002524 0.007316 0.000000 0.000000 0.000000 0.000000 0.000000 0.000000 0.107645 0.002407 0.004914 0.000000 0.000000 0.000000 0.007584 0.000000 0.010970 0.003858 0.000000 0.000000 0.000711 0.000000 
0.000000 0.000549 0.000280 0.008389 0.000000 0.000000 0.000000 0.000000 0.000000 0.002040 0.013109 0.004810 0.000000 0.000000 0.000000 0.000958 0.003635 0.005381 0.002089 0.003963 0.000000 0.004352 0.001338 0.014920 0.002303 0.000000 0.000507 0.015547 0.000000 0.000000 0.000000 0.000000 0.000000 0.000000 0.011004 0.002086 0.000000 0.000000 0.000000 0.000442 0.000000 0.002362 0.001843 0.001535 0.002038 0.002114 0.003223 0.019120 0.000000 0.001729 0.000000 0.007910 0.000000 0.000000 0.000000 0.000313 0.000000 0.013334 0.028106 0.016108 0.000000 0.000000 0.000000 0.000360 0.006736 0.010542 0.005548 0.012756 0.000000 0.002168 0.000795 0.002828 0.038337 0.010713 0.003352 0.316221 0.000000 0.000000 0.000000 0.000000 0.000000 0.016250 0.220704 0.038087 0.000000 0.000953 0.000000 0.002527 0.003250 0.010998 0.006658 0.009749 0.005166 0.010062 0.001981 0.065822 
0.072539 0.045374 0.010947 0.035216 0.023336 0.000000 0.002119 0.000000 0.023828 0.008651 0.000000 0.000000 0.000000 0.000000 0.022601 0.000000 0.000000 0.000000 0.007085 0.004058 0.000000 0.000000 0.002631 0.000000 0.062231 0.081018 0.000000 0.065654 0.016586 0.015589 0.004042 0.027370 0.000000 0.007282 0.000000 0.030625 0.018375 0.028568 0.022474 0.025915 0.000000 0.000000 0.004809 0.000000 0.000000 0.002954 0.007445 0.000000 0.012746 0.045197 0.000000 0.046049 0.022865 0.000000 0.002172 0.000000 0.000000 0.000000 0.000000 0.000000 0.013644 0.012658 0.011635 0.000000 0.004549 0.001550 0.000000 0.000000 0.000000 0.000000 0.003071 0.000000 0.022530 0.032194 0.000000 0.017221 0.009141 0.000000 0.000000 0.013734 0.000000 0.000000 0.000000 0.000000 0.007810 0.011261 0.019006 0.004490 0.000000 0.000000 0.000000 0.003904 0.000000 0.000000 0.000000 0.003248 
0.015813 0.000000 0.000000 0.000000 0.014171 0.005377 0.003386 0.010820 0.041785 0.022527 0.025133 0.017849 0.003843 0.001667 0.019264 0.002079 0.066266 0.024270 0.045779 0.031256 0.000000 0.000000 0.002900 0.000000 0.000000 0.000000 0.000000 0.020552 0.007425 0.010476 0.003781 0.014074 0.026992 0.014866 0.020796 0.016985 0.003447 0.000000 0.000000 0.000000 0.014795 0.016145 0.021424 0.000000 0.000000 0.000000 0.003568 0.000000 0.000000 0.011637 0.000000 0.014324 0.010576 0.007689 0.000000 0.000000 0.043581 0.024892 0.025305 0.032278 0.010658 0.003124 0.006611 0.000000 0.028835 0.012029 0.021825 0.023136 0.000000 0.000000 0.000000 0.000000 0.008531 0.014429 0.005221 0.000001 0.000000 0.006509 0.000000 0.004742 0.000000 0.000000 0.000000 0.005793 0.006511 0.005652 0.010785 0.000000 0.030215 0.025746 0.026537 0.017689 0.000000 0.005631 0.000000 0.000000 
0.006496 0.000000 0.000000 0.000000 0.000000 0.000000 0.000000 0.001308 0.006433 0.006682 0.009360 0.003510 0.012045 0.000000 0.005123 0.017028 0.031605 0.013736 0.013604 0.020462 0.049420 0.005252 0.003807 0.028218 0.006335 0.005311 0.000000 0.008655 0.000720 0.001315 0.000000 0.003637 0.009700 0.000000 0.006377 0.001547 0.003769 0.000000 0.002580 0.000000 0.015462 0.013581 0.011968 0.024172 0.030517 0.005236 0.013867 0.067318 0.011014 0.010950 0.000000 0.006847 0.000000 0.004418 0.000000 0.004190 0.010219 0.000000 0.009442 0.012367 0.002696 0.001724 0.001390 0.000000 0.009851 0.009848 0.009709 0.014624 0.010662 0.000557 0.000000 0.025197 0.024548 0.005299 0.000000 0.033261 0.003015 0.002261 0.000000 0.004262 0.000000 0.000000 0.000000 0.008530 0.024990 0.000000 0.017826 0.009175 0.019248 0.018870 0.013653 0.037170 0.069471 0.008855 0.008039 0.069663 
0.000000 0.000000 0.030105 0.000000 0.000000 0.012024 0.006195 0.012052 0.000000 0.009950 0.004369 0.007290 0.007589 0.000000 0.000000 0.000000 0.017527 0.000000 0.000000 0.000000 0.000000 0.000000 0.000000 0.000000 0.035714 0.045686 0.022160 0.000000 0.011909 0.009400 0.012695 0.000000 0.048743 0.021517 0.016503 0.010923 0.000000 0.000000 0.061101 0.000000 0.012688 0.000000 0.021812 0.011073 0.000000 0.000000 0.004020 0.003148 0.057369 0.039869 0.053736 0.000000 0.000000 0.013546 0.014884 0.014215 0.024754 0.020453 0.000000 0.020913 0.005465 0.000000 0.023450 0.000000 0.011091 0.000000 0.010235 0.000000 0.000000 0.000000 0.000000 0.000000 0.041419 0.065042 0.021832 0.048494 0.000000 0.024608 0.009353 0.000000 0.000000 0.000000 0.000000 0.000001 0.000000 0.000000 0.000000 0.000000 0.005756 0.000000 0.011047 0.000000 0.000000 0.000000 0.006274 0.000000 
0.022130 0.000000 0.075130 0.060749 0.093492 0.028588 0.092483 0.229101 0.255517 0.000000 0.049144 0.000000 0.000001 0.093665 
0.000002 0.000000 0.041098 0.000000 0.004313 0.383582 0.557861 0.001239 0.000000 0.000000 0.000014 0.000000 0.004367 0.007525 
0.044582 0.035983 0.058209 0.065104 0.043878 0.000000 0.024074 0.377213 0.000000 0.000000 0.131699 0.145614 0.020439 0.053204 
0.000002 0.000000 0.607204 0.000000 0.000004 0.000000 0.016611 0.030677 0.000000 0.281797 0.022910 0.024279 0.000001 0.016515 
0.000002 0.000000 0.035023 0.021291 0.005319 0.008550 0.000000 0.007222 0.022573 0.894093 0.000010 0.000000 0.000001 0.005916 
0.052854 0.000000 0.177541 0.237429 0.000004 0.015244 0.000000 0.124826 0.000000 0.000000 0.022235 0.000000 0.369866 0.000001 
0.019256 0.019116 0.028951 0.000000 0.181396 0.000000 0.000000 0.079615 0.000000 0.000000 0.267331 0.000000 0.117998 0.286338 
0.064662 0.049383 0.094643 0.000000 0.000004 0.122767 0.178697 0.205294 0.000000 0.000000 0.023530 0.201711 0.022646 0.036663 
0.038954 0.225010 0.047827 0.000000 0.000004 0.088575 0.064891 0.241106 0.000000 0.000000 0.130685 0.089508 0.045678 0.027761 
0.000002 0.022149 0.065730 0.326661 0.082595 0.000000 0.000000 0.233639 0.000000 0.029511 0.109444 0.000000 0.023261 0.107007 
0.016307 0.000000 0.018439 0.000000 0.000004 0.000000 0.000000 0.027237 0.000000 0.842130 0.032173 0.000000 0.034112 0.029598 
0.065266 0.262937 0.043039 0.274585 0.055176 0.000000 0.014503 0.150273 0.000000 0.040908 0.093310 0.000000 0.000001 0.000001 
0.000002 0.073429 0.035693 0.000000 0.140869 0.000000 0.000000 0.447155 0.000000 0.000000 0.201476 0.025071 0.019977 0.056327 
0.063306 0.020591 0.037140 0.059058 0.018193 0.000000 0.000000 0.158295 0.116362 0.030121 0.034612 0.000000 0.462320 0.000001 
0.000002 0.000000 0.212427 0.000000 0.123441 0.000000 0.020545 0.108526 0.165870 0.000000 0.141768 0.035646 0.000001 0.191774 
0.037774 0.129995 0.061763 0.000000 0.000004 0.000000 0.000000 0.199255 0.000000 0.369096 0.055002 0.130385 0.016725 0.000001 
0.012729 0.000000 0.014143 0.000000 0.009178 0.000000 0.010997 0.029812 0.000000 0.888217 0.028890 0.000000 0.000001 0.006034 
0.081121 0.051434 0.024584 0.000000 0.086209 0.000000 0.000000 0.152402 0.000000 0.000000 0.139184 0.000000 0.325197 0.139870 
0.000002 0.000000 0.893678 0.008872 0.013867 0.023239 0.000000 0.023443 0.023629 0.000000 0.000012 0.000000 0.002253 0.011006 
0.069144 0.000000 0.029983 0.000000 0.049245 0.000000 0.009849 0.168297 0.000000 0.000000 0.129661 0.019514 0.397366 0.126940 
0.000002 0.000000 0.023864 0.014738 0.084437 0.207530 0.246009 0.202510 0.000000 0.000000 0.044762 0.000000 0.135970 0.040180 
0.023488 0.000000 0.033629 0.030004 0.023033 0.000000 0.031695 0.043004 0.153679 0.561092 0.019295 0.000000 0.068301 0.012780 
0.035979 0.000000 0.015212 0.019855 0.090179 0.011604 0.000000 0.388076 0.000000 0.000000 0.067786 0.000000 0.371308 0.000001 
0.033224 0.225718 0.075236 0.000000 0.090924 0.000000 0.000000 0.141726 0.000000 0.000000 0.260787 0.000000 0.019336 0.153050 
0.000002 0.000000 0.623454 0.000000 0.000004 0.037561 0.000000 0.014823 0.000000 0.322663 0.000012 0.000000 0.000001 0.001480 
0.071003 0.037988 0.084686 0.121951 0.037693 0.020919 0.000000 0.167717 0.195956 0.000000 0.000012 0.226610 0.017531 0.017934 
0.000002 0.000000 0.823064 0.000000 0.000004 0.000000 0.000000 0.066983 0.000000 0.000000 0.000013 0.000000 0.109933 0.000001 
0.009532 0.000000 0.241552 0.000000 0.092033 0.000000 0.000000 0.077603 0.130103 0.245417 0.093192 0.000000 0.000001 0.110568 
0.054789 0.032020 0.480511 0.000000 0.013252 0.000000 0.000000 0.127240 0.000000 0.000000 0.018123 0.028526 0.245537 0.000001 
0.000002 0.000000 0.651459 0.000000 0.028596 0.000000 0.000000 0.013200 0.000000 0.199386 0.061525 0.000000 0.007590 0.038242 
0.015379 0.021054 0.042134 0.000000 0.006483 0.316259 0.429187 0.064621 0.000000 0.000000 0.000013 0.000000 0.104868 0.000001 
0.000002 0.032243 0.310780 0.000000 0.061003 0.015107 0.000000 0.457584 0.000000 0.000000 0.089676 0.000000 0.015132 0.018473 
0.111712 0.059027 0.065851 0.000000 0.040374 0.000000 0.000000 0.240237 0.000000 0.000000 0.000013 0.370789 0.051961 0.060036 
0.044250 0.039220 0.054797 0.000000 0.018503 0.026548 0.000000 0.197929 0.000000 0.316122 0.000012 0.222945 0.039804 0.039870 
0.000002 0.000000 0.980368 0.000000 0.000004 0.010270 0.004113 0.005231 0.000000 0.000000 0.000010 0.000000 0.000001 0.000001 
0.038043 0.000000 0.159188 0.695906 0.032399 0.000000 0.000000 0.036578 0.000000 0.000000 0.000012 0.030392 0.000001 0.007480 
0.000002 0.021726 0.054495 0.090644 0.068984 0.017222 0.000000 0.325913 0.352422 0.000000 0.046186 0.000000 0.022403 0.000001 
0.104040 0.037005 0.050795 0.000000 0.044164 0.012789 0.000000 0.161824 0.000000 0.228176 0.000012 0.300325 0.032108 0.028762 
0.054971 0.301762 0.225831 0.000000 0.000004 0.000000 0.000000 0.184566 0.000000 0.000000 0.187699 0.000000 0.016882 0.028284 
0.045070 0.100973 0.051574 0.000000 0.067137 0.000000 0.019011 0.171550 0.445769 0.000000 0.028915 0.055319 0.014682 0.000001 
0.000002 0.000000 0.036650 0.131058 0.090787 0.025591 0.082702 0.440767 0.047886 0.000000 0.097200 0.000000 0.047358 0.000001 
0.082727 0.240528 0.041189 0.000000 0.019628 0.000000 0.032045 0.186182 0.230328 0.000000 0.135742 0.000000 0.000001 0.031629 
0.072575 0.000000 0.058810 0.000000 0.014208 0.000000 0.000000 0.248949 0.000000 0.000000 0.000013 0.000000 0.581056 0.024389 
0.025609 0.000000 0.017000 0.000000 0.149256 0.004473 0.000000 0.501681 0.008300 0.000000 0.168157 0.000000 0.042008 0.083516 
0.000002 0.000000 0.062257 0.000000 0.012802 0.281740 0.417211 0.043734 0.108415 0.000000 0.000012 0.036098 0.031962 0.005766 
0.000002 0.000000 0.659125 0.033623 0.000004 0.094038 0.140934 0.018772 0.000000 0.036857 0.008129 0.000000 0.008516 0.000001 
0.000002 0.000000 0.242019 0.044011 0.086258 0.000000 0.072277 0.082153 0.208493 0.000000 0.091330 0.053459 0.054528 0.065470 
0.032973 0.320876 0.030172 0.032389 0.036010 0.010822 0.000000 0.326566 0.000000 0.000000 0.168675 0.000000 0.041515 0.000001 
0.000002 0.012799 0.018546 0.040027 0.116594 0.012131 0.000000 0.470864 0.214003 0.024264 0.041561 0.035157 0.014052 0.000001 
0.075207 0.209081 0.050633 0.000000 0.000004 0.000000 0.000000 0.246879 0.000000 0.000000 0.149241 0.000000 0.199665 0.069290 
0.000002 0.000000 0.075346 0.000000 0.124417 0.019594 0.000000 0.569842 0.026043 0.032153 0.122333 0.000000 0.030270 0.000001 
0.018008 0.000000 0.026826 0.423774 0.138380 0.000000 0.017260 0.035452 0.000000 0.072377 0.109709 0.000000 0.000001 0.158213 
0.000002 0.000000 0.042554 0.000000 0.029755 0.234832 0.392201 0.027381 0.011286 0.094496 0.079491 0.000000 0.000001 0.088001 
0.013550 0.009206 0.864421 0.000000 0.000004 0.038444 0.030908 0.019962 0.000000 0.023492 0.000010 0.000000 0.000001 0.000001 
0.000002 0.000000 0.018074 0.000000 0.186051 0.000000 0.000000 0.072061 0.000000 0.000000 0.348712 0.000000 0.000001 0.375099 
0.000002 0.000000 0.022783 0.000000 0.175140 0.000000 0.000000 0.085188 0.000000 0.000000 0.357812 0.000000 0.000001 0.359074 
0.024109 0.000000 0.012482 0.833084 0.043987 0.018625 0.000000 0.054578 0.000000 0.000000 0.013133 0.000000 0.000001 0.000001 
0.071845 0.047160 0.068268 0.000000 0.000004 0.000000 0.000000 0.225400 0.000000 0.043940 0.030735 0.414222 0.032364 0.066061 
0.000002 0.000000 0.977236 0.000000 0.000004 0.000000 0.000000 0.022747 0.000000 0.000000 0.000010 0.000000 0.000001 0.000001 
0.045578 0.041180 0.074725 0.000000 0.010840 0.000000 0.000000 0.223043 0.125717 0.000000 0.000014 0.346566 0.067523 0.064814 
0.037698 0.018740 0.042013 0.000000 0.033837 0.008690 0.000000 0.045812 0.112176 0.701018 0.000013 0.000000 0.000001 0.000001 
0.037414 0.000000 0.020503 0.883821 0.030923 0.000000 0.000000 0.027327 0.000000 0.000000 0.000010 0.000000 0.000001 0.000001 
0.085084 0.000000 0.036914 0.000000 0.000004 0.016150 0.000000 0.283155 0.000000 0.078550 0.060818 0.081539 0.314048 0.043738 
0.042049 0.149764 0.107301 0.000000 0.056801 0.000000 0.023353 0.170736 0.342651 0.000000 0.059063 0.000000 0.048280 0.000001 
0.023532 0.292381 0.040170 0.000000 0.058184 0.000000 0.005091 0.204678 0.000000 0.000000 0.229218 0.000000 0.023133 0.123613 
0.113703 0.033525 0.056477 0.061207 0.018364 0.006308 0.000000 0.215306 0.000000 0.000000 0.000013 0.192674 0.259036 0.043386 
0.000002 0.000000 0.040437 0.000000 0.008688 0.004764 0.000000 0.016056 0.000000 0.922459 0.000014 0.000000 0.000001 0.007578 
0.014123 0.000000 0.010354 0.061986 0.121126 0.026889 0.000000 0.340485 0.000000 0.007584 0.221304 0.000000 0.000001 0.196148 
0.048588 0.206513 0.051505 0.000000 0.000004 0.075331 0.238503 0.119707 0.000000 0.000000 0.121730 0.025655 0.097372 0.015092 
0.053498 0.000000 0.097547 0.000000 0.112892 0.000000 0.000000 0.088551 0.000000 0.000000 0.213990 0.000000 0.218660 0.214863 
0.054816 0.016365 0.055921 0.000000 0.000004 0.120876 0.217800 0.153784 0.120705 0.000000 0.053769 0.157431 0.028310 0.020219 
0.050601 0.000000 0.043246 0.000000 0.112297 0.000000 0.010128 0.100827 0.374686 0.000000 0.132385 0.000000 0.000001 0.175828 
0.058640 0.016616 0.040848 0.000000 0.000004 0.000000 0.000000 0.201354 0.092735 0.046901 0.059986 0.000000 0.482915 0.000001 
0.019986 0.024429 0.038858 0.138480 0.014318 0.000000 0.000000 0.057124 0.000000 0.661332 0.000012 0.033240 0.000001 0.012221 
0.062565 0.000000 0.023982 0.489116 0.000005 0.058633 0.109811 0.083256 0.000000 0.000000 0.050005 0.000000 0.122626 0.000001 
0.000002 0.000000 0.023445 0.000000 0.000005 0.000000 0.000000 0.013910 0.000000 0.960657 0.000011 0.000000 0.000001 0.001969 
0.056028 0.000000 0.214825 0.000000 0.045227 0.000000 0.014963 0.161597 0.158519 0.045536 0.000013 0.240357 0.015020 0.047914 
0.000002 0.000000 0.108356 0.000000 0.056198 0.000000 0.000000 0.481093 0.183052 0.000000 0.115094 0.000000 0.043751 0.012453 
0.000002 0.000000 0.008108 0.000000 0.115077 0.100102 0.087900 0.469414 0.000000 0.000000 0.157973 0.028459 0.000001 0.032963 
0.021684 0.000000 0.021356 0.609950 0.024846 0.095394 0.163951 0.020582 0.000000 0.026596 0.015640 0.000000 0.000001 0.000001 
0.078604 0.079345 0.058856 0.102860 0.028983 0.000000 0.000000 0.226720 0.027298 0.000000 0.000013 0.318898 0.032293 0.046131 
0.043983 0.000000 0.035227 0.461385 0.056352 0.009545 0.000000 0.117867 0.270579 0.000000 0.005059 0.000000 0.000001 0.000001 
0.008483 0.000000 0.017965 0.000000 0.019831 0.005626 0.000000 0.011845 0.000000 0.917076 0.004514 0.000000 0.000001 0.014658 
0.040983 0.031365 0.306026 0.022703 0.000004 0.000000 0.000000 0.143277 0.000000 0.000000 0.077920 0.000000 0.331051 0.046671 
0.000002 0.000000 0.762806 0.000000 0.018472 0.020876 0.000000 0.135942 0.005353 0.000000 0.042086 0.000000 0.014463 0.000001 
0.024419 0.000000 0.531198 0.000000 0.042076 0.000000 0.009669 0.068812 0.000000 0.000000 0.126156 0.000000 0.043543 0.154126 
0.056248 0.040992 0.044582 0.061374 0.071159 0.000000 0.010561 0.101868 0.548366 0.000000 0.000013 0.064835 0.000001 0.000001 
0.000003 0.000000 0.297240 0.000000 0.038291 0.000000 0.014829 0.142842 0.489713 0.000000 0.017079 0.000000 0.000001 0.000001 
0.007731 0.031394 0.026761 0.191852 0.021097 0.058529 0.065691 0.076283 0.000000 0.409691 0.000013 0.000000 0.110956 0.000001 
0.025300 0.000000 0.173016 0.000000 0.117465 0.000000 0.019159 0.117355 0.000000 0.000000 0.165287 0.000000 0.201429 0.180990 
0.076277 0.000000 0.092364 0.000000 0.034262 0.000000 0.033591 0.287212 0.000000 0.000000 0.000013 0.356143 0.049362 0.070774 
0.000002 0.000000 0.110025 0.000000 0.003610 0.302139 0.486420 0.030713 0.000000 0.036942 0.000014 0.015070 0.007642 0.007423 
0.053774 0.000000 0.352961 0.000000 0.000005 0.000000 0.009853 0.087476 0.338196 0.000000 0.040030 0.000000 0.100109 0.017597 
0.036472 0.013351 0.050011 0.000000 0.000004 0.006473 0.000000 0.082814 0.000000 0.656386 0.014318 0.000000 0.140171 0.000001 
0.014803 0.000000 0.052263 0.000000 0.014386 0.298921 0.530022 0.023237 0.000000 0.000000 0.007942 0.000000 0.058425 0.000001 
0.034236 0.010600 0.051035 0.064607 0.055859 0.029611 0.000000 0.131989 0.538004 0.000000 0.000013 0.046968 0.037078 0.000001 
0.045172 0.140012 0.024413 0.000000 0.039473 0.038392 0.000000 0.419759 0.014197 0.000000 0.157623 0.059525 0.044416 0.017019 
0.049649 0.000000 0.042777 0.058540 0.000005 0.022927 0.000000 0.179336 0.594445 0.000000 0.052319 0.000000 0.000001 0.000001 
0.030418 0.000000 0.024238 0.534140 0.000004 0.010004 0.000000 0.083273 0.000000 0.201043 0.000013 0.098581 0.000001 0.018284 
0.000002 0.009881 0.048683 0.000000 0.107098 0.203302 0.235819 0.205924 0.000000 0.000000 0.124566 0.000000 0.000001 0.064724 
0.011590 0.000000 0.034485 0.000000 0.130047 0.065071 0.146353 0.103759 0.063990 0.032457 0.176113 0.000000 0.043122 0.193013 
0.000002 0.000000 0.163050 0.000000 0.089072 0.000000 0.000000 0.465289 0.000000 0.000000 0.072530 0.050514 0.132505 0.027037 
0.109360 0.051328 0.069004 0.000000 0.000004 0.000000 0.000000 0.259550 0.000000 0.000000 0.026356 0.219846 0.241987 0.022565 
0.066040 0.000000 0.023746 0.000000 0.051830 0.014159 0.000000 0.315451 0.000000 0.077491 0.064827 0.000000 0.386453 0.000001 
0.033047 0.393894 0.124185 0.000000 0.056039 0.000000 0.000000 0.186545 0.000000 0.046161 0.126114 0.000000 0.034014 0.000001 
0.000002 0.000000 0.932384 0.000000 0.003406 0.020400 0.003504 0.027917 0.000000 0.000000 0.000013 0.012371 0.000001 0.000001 
0.071689 0.000000 0.023655 0.390126 0.000004 0.000000 0.000000 0.076488 0.000000 0.187148 0.029060 0.000000 0.221830 0.000001 
0.029622 0.044872 0.041520 0.000000 0.103743 0.000000 0.000000 0.457944 0.000000 0.026644 0.000013 0.229246 0.029539 0.036857 
0.003891 0.000000 0.935348 0.000000 0.000002 0.012015 0.000000 0.040259 0.000000 0.000000 0.001343 0.000000 0.000001 0.007141 
0.004019 0.000000 0.490354 0.000000 0.033767 0.000000 0.000000 0.079540 0.000000 0.339804 0.032074 0.000000 0.000001 0.020441 
0.063891 0.078170 0.053960 0.000000 0.000004 0.000000 0.010011 0.238934 0.005941 0.108658 0.044198 0.283286 0.044354 0.068592 
0.079945 0.000000 0.065691 0.026354 0.000004 0.044236 0.097748 0.228410 0.049690 0.044729 0.000013 0.264975 0.043345 0.054861 
0.096048 0.056424 0.068374 0.078282 0.058287 0.000000 0.000000 0.203284 0.000000 0.000000 0.000013 0.362804 0.042265 0.034219 
0.000002 0.000000 0.038612 0.171371 0.101021 0.000000 0.010529 0.105150 0.375343 0.000000 0.045015 0.050612 0.008332 0.094013 
0.000001 0.004563 0.036051 0.000000 0.005578 0.364893 0.582108 0.006787 0.000000 0.000000 0.000016 0.000000 0.000001 0.000001 
0.000002 0.000000 0.034860 0.000000 0.152248 0.000000 0.000000 0.178682 0.106610 0.000000 0.163561 0.134850 0.025388 0.203798 
0.051018 0.025116 0.092959 0.000000 0.102307 0.032142 0.000000 0.075376 0.621069 0.000000 0.000012 0.000000 0.000001 0.000001 
0.054302 0.000000 0.088016 0.050948 0.050519 0.000000 0.016705 0.107639 0.520361 0.100871 0.010638 0.000000 0.000001 0.000001 
0.038036 0.144205 0.039687 0.402192 0.051706 0.000000 0.000000 0.178040 0.058446 0.000000 0.074007 0.000000 0.013681 0.000001 
0.000002 0.004275 0.888446 0.065046 0.004764 0.020324 0.000000 0.013922 0.000000 0.000000 0.000012 0.000000 0.003209 0.000001 
0.063322 0.000000 0.073538 0.000000 0.071776 0.000000 0.014708 0.182681 0.500138 0.019989 0.011335 0.000000 0.062511 0.000001 
0.000002 0.000000 0.020368 0.000000 0.166728 0.000000 0.000000 0.054832 0.000000 0.174367 0.319614 0.000000 0.000001 0.264087 
0.004645 0.016474 0.824975 0.000000 0.035021 0.000000 0.000000 0.097975 0.000000 0.000000 0.000014 0.020895 0.000001 0.000001 
0.049233 0.333542 0.064026 0.000000 0.000004 0.000000 0.005457 0.186969 0.000000 0.181044 0.152131 0.000000 0.016954 0.010640 
0.000002 0.000000 0.032264 0.000000 0.015340 0.013029 0.127293 0.059077 0.039055 0.668187 0.027489 0.000000 0.018262 0.000001 
0.000002 0.008649 0.448065 0.000000 0.000004 0.013943 0.000000 0.014249 0.008856 0.498988 0.007242 0.000000 0.000001 0.000001 
0.000002 0.062784 0.046013 0.133793 0.061060 0.024811 0.000000 0.217358 0.269112 0.012306 0.039795 0.085877 0.019448 0.027641 
0.071093 0.037093 0.043154 0.000000 0.023856 0.062758 0.048916 0.141908 0.031529 0.232796 0.022106 0.220771 0.014727 0.049293 
0.095681 0.030334 0.061054 0.000000 0.015360 0.000000 0.000000 0.200200 0.000000 0.327224 0.000013 0.222285 0.000001 0.047849 
0.000002 0.000000 0.026572 0.000000 0.118649 0.000000 0.000000 0.199683 0.000000 0.174332 0.248391 0.014096 0.000001 0.218274 
0.027683 0.069249 0.069571 0.000000 0.000004 0.184573 0.253830 0.223953 0.000000 0.000000 0.051631 0.067544 0.017319 0.034645 
0.000002 0.020181 0.035898 0.552159 0.055222 0.000000 0.072545 0.207179 0.000000 0.000000 0.036222 0.000000 0.020592 0.000001 
0.000002 0.000000 0.113437 0.000000 0.098284 0.000000 0.091509 0.517190 0.028202 0.000000 0.137477 0.000000 0.013900 0.000001 
0.097782 0.070146 0.068183 0.000000 0.000004 0.000000 0.044300 0.262966 0.000000 0.000000 0.000013 0.347389 0.017877 0.091339 
0.000002 0.000000 0.029255 0.000000 0.114235 0.000000 0.010633 0.554630 0.082401 0.000000 0.109944 0.000000 0.071553 0.027346 
0.030925 0.084977 0.014924 0.000000 0.140435 0.010172 0.000000 0.114555 0.000000 0.000000 0.291785 0.031739 0.000001 0.280487 
0.043155 0.037612 0.146821 0.214340 0.039606 0.000000 0.010717 0.154255 0.000000 0.000000 0.084239 0.136360 0.000001 0.132894 
0.000002 0.000000 0.015303 0.026537 0.111542 0.006837 0.000000 0.489418 0.000000 0.111922 0.133451 0.040219 0.064769 0.000001 
0.071275 0.011498 0.210556 0.000000 0.000004 0.000000 0.000000 0.185776 0.000000 0.223240 0.000013 0.226983 0.031578 0.039076 
0.080296 0.062364 0.056497 0.000000 0.049683 0.082998 0.042051 0.211074 0.000000 0.000000 0.000013 0.345618 0.028362 0.041044 
0.037620 0.010992 0.725931 0.000000 0.000004 0.029169 0.039312 0.042001 0.000000 0.000000 0.021697 0.061875 0.016763 0.014635 
0.013781 0.063153 0.768974 0.000000 0.000004 0.000000 0.014919 0.087381 0.000000 0.020321 0.026260 0.000000 0.000001 0.005205 
0.000002 0.000000 0.600790 0.293916 0.011507 0.032559 0.000000 0.020301 0.000000 0.000000 0.000012 0.037160 0.003752 0.000001 
0.071164 0.141591 0.040903 0.029816 0.009196 0.004263 0.000000 0.190615 0.000000 0.000000 0.082078 0.000000 0.430371 0.000001 
0.034302 0.000000 0.064260 0.000000 0.104156 0.000000 0.015901 0.109049 0.173996 0.000000 0.198591 0.000000 0.143822 0.155923 
0.085417 0.034654 0.041663 0.000000 0.000004 0.123230 0.131429 0.167212 0.000000 0.000000 0.019233 0.087711 0.291896 0.017552 
0.077888 0.000000 0.020831 0.000000 0.032121 0.041231 0.020509 0.284736 0.100172 0.000000 0.029021 0.000000 0.393490 0.000001 
0.057183 0.039502 0.026972 0.000000 0.000004 0.005876 0.000000 0.311472 0.012496 0.022824 0.110200 0.030699 0.382771 0.000001 
0.000002 0.186688 0.042551 0.000000 0.000004 0.011641 0.000000 0.185776 0.202250 0.000000 0.149772 0.085677 0.055063 0.080576 
0.048794 0.000000 0.159530 0.000000 0.000004 0.149137 0.230152 0.079568 0.000000 0.162588 0.038426 0.000000 0.131800 0.000001 
0.007969 0.000000 0.036068 0.015126 0.044769 0.235651 0.430918 0.053244 0.000000 0.000000 0.096334 0.000000 0.000001 0.079921 
0.017917 0.102569 0.275117 0.000000 0.010649 0.000000 0.021984 0.329875 0.000000 0.000000 0.196897 0.025868 0.019122 0.000001 
0.088151 0.055689 0.054454 0.074682 0.000004 0.006723 0.000000 0.189666 0.000000 0.000000 0.037272 0.249181 0.196463 0.047715 
0.000002 0.000000 0.037875 0.143618 0.009798 0.305266 0.456549 0.020968 0.000000 0.009504 0.016417 0.000000 0.000001 0.000001 
0.040880 0.023085 0.014214 0.651430 0.076320 0.003528 0.000000 0.060189 0.000000 0.000000 0.061175 0.000000 0.000001 0.069179 
0.035862 0.316896 0.051669 0.000000 0.000004 0.000000 0.012252 0.190406 0.000000 0.000000 0.284717 0.000000 0.027603 0.080591 
0.068800 0.037754 0.099101 0.000000 0.016740 0.018896 0.014307 0.186899 0.000000 0.000000 0.198027 0.183818 0.018493 0.157165 
0.025695 0.023954 0.039789 0.000000 0.000004 0.000000 0.000000 0.093460 0.000000 0.632227 0.010490 0.129295 0.017601 0.027485 
0.000002 0.000000 0.021304 0.022511 0.000005 0.000000 0.000000 0.017700 0.000000 0.906840 0.014639 0.000000 0.016998 0.000001 
0.000002 0.016995 0.027292 0.000000 0.191573 0.000000 0.000000 0.054507 0.153035 0.000000 0.233836 0.000000 0.000001 0.322759 
0.070789 0.028058 0.045770 0.402191 0.000004 0.000000 0.007044 0.160872 0.000000 0.000000 0.000013 0.236031 0.000001 0.049227 
0.022919 0.000000 0.038214 0.000000 0.097365 0.000000 0.011973 0.609935 0.000000 0.026439 0.148660 0.029088 0.000001 0.015406 
0.031367 0.187396 0.020659 0.000000 0.000004 0.013484 0.000000 0.142157 0.000000 0.389438 0.110709 0.000000 0.104784 0.000001 
0.013123 0.000000 0.052366 0.019994 0.118708 0.000000 0.101809 0.127796 0.195010 0.187208 0.073364 0.000000 0.000001 0.110620 
0.079132 0.300245 0.041773 0.000000 0.000004 0.000000 0.013792 0.337201 0.000000 0.000000 0.219715 0.000000 0.000001 0.008136 
0.052466 0.000000 0.040300 0.000000 0.076475 0.000000 0.000000 0.162974 0.000000 0.000000 0.146554 0.060251 0.342041 0.118939 
0.000002 0.000000 0.040006 0.000000 0.119275 0.239238 0.267572 0.156816 0.000000 0.000000 0.102016 0.000000 0.007618 0.067457 
0.023380 0.019515 0.039211 0.000000 0.076010 0.219525 0.317668 0.080073 0.000000 0.000000 0.044021 0.068652 0.000001 0.111942 
0.000002 0.012015 0.044653 0.021002 0.000004 0.000000 0.072103 0.055877 0.000000 0.658057 0.026210 0.044223 0.065854 0.000001 
0.014000 0.000000 0.247110 0.298525 0.024945 0.178781 0.222302 0.014323 0.000000 0.000000 0.000011 0.000000 0.000001 0.000001 
0.036301 0.016828 0.363213 0.020272 0.000004 0.012589 0.000000 0.139849 0.091955 0.120677 0.016109 0.143573 0.000001 0.038628 
0.061959 0.033427 0.178601 0.000000 0.000004 0.000000 0.000000 0.159351 0.000000 0.000000 0.045585 0.000000 0.516750 0.004323 
0.006229 0.016378 0.045696 0.000000 0.031211 0.349482 0.349828 0.057547 0.000000 0.000000 0.054225 0.000000 0.008001 0.081404 
0.050570 0.009844 0.051014 0.156484 0.000004 0.005779 0.000000 0.185312 0.000000 0.330435 0.000013 0.154672 0.019077 0.036795 
0.041119 0.000000 0.022991 0.863668 0.037084 0.000000 0.000000 0.035126 0.000000 0.000000 0.000010 0.000000 0.000001 0.000001 
0.000002 0.019834 0.026162 0.000000 0.119444 0.000000 0.000000 0.103802 0.000000 0.005301 0.359172 0.000000 0.002959 0.363324 
0.067977 0.000000 0.035829 0.000000 0.000004 0.078068 0.218126 0.162820 0.000000 0.019161 0.012588 0.000000 0.401518 0.003910 
0.049253 0.342404 0.052800 0.000000 0.000004 0.015521 0.000000 0.171305 0.000000 0.157636 0.178359 0.000000 0.028426 0.004292 
0.000002 0.000000 0.056663 0.000000 0.024572 0.323917 0.411614 0.101216 0.000000 0.000000 0.045731 0.000000 0.001742 0.034544 
0.099132 0.021688 0.044461 0.000000 0.029342 0.000000 0.011897 0.180783 0.179845 0.032698 0.000013 0.000000 0.394416 0.005725 
0.023243 0.069237 0.107909 0.000000 0.000004 0.066840 0.108941 0.184946 0.040684 0.125944 0.000014 0.112540 0.111766 0.047931 
0.041506 0.000000 0.070012 0.084640 0.041369 0.000000 0.015656 0.143868 0.588900 0.000000 0.011192 0.000000 0.000001 0.002858 
0.021675 0.018339 0.120888 0.642681 0.069388 0.000000 0.000000 0.028908 0.000000 0.000000 0.050432 0.000000 0.000001 0.047688 
0.000002 0.000000 0.115759 0.000000 0.117712 0.007288 0.000000 0.143882 0.000000 0.000000 0.306622 0.000000 0.006363 0.302371 
0.036762 0.050650 0.039906 0.000000 0.076255 0.000000 0.013880 0.196848 0.000000 0.000000 0.170439 0.164611 0.019753 0.230896 
0.000002 0.025256 0.719827 0.195415 0.000005 0.000000 0.000000 0.044422 0.000000 0.005902 0.009170 0.000000 0.000001 0.000001 
0.023135 0.000000 0.596681 0.088927 0.000004 0.000000 0.000000 0.045772 0.000000 0.012377 0.018729 0.000000 0.214374 0.000001 
0.012741 0.000000 0.019357 0.000000 0.009948 0.008644 0.000000 0.000586 0.000000 0.946853 0.001868 0.000000 0.000001 0.000001 
0.000002 0.000000 0.046511 0.102628 0.093880 0.008469 0.000000 0.151731 0.444656 0.000000 0.056917 0.000000 0.000001 0.095204 
0.040086 0.000000 0.043275 0.000000 0.000004 0.000000 0.020554 0.137647 0.204332 0.389871 0.035118 0.096127 0.007781 0.025204 
0.026584 0.000000 0.398998 0.000000 0.000004 0.000000 0.000000 0.099617 0.000000 0.148009 0.016326 0.000000 0.310460 0.000001 
0.000002 0.000000 0.016117 0.081437 0.088223 0.068028 0.075800 0.482729 0.015363 0.000000 0.119741 0.033960 0.018598 0.000001 
0.000002 0.067132 0.279628 0.000000 0.023488 0.067537 0.091963 0.315258 0.000000 0.017990 0.109011 0.000000 0.016987 0.011003 
0.031509 0.078548 0.186853 0.370461 0.012754 0.000000 0.000000 0.093147 0.000000 0.018316 0.054121 0.000000 0.154289 0.000001 
0.044550 0.127520 0.066188 0.000000 0.000004 0.000000 0.039163 0.209634 0.000000 0.000000 0.083889 0.131304 0.273127 0.024621 
0.075549 0.000000 0.041510 0.000000 0.007475 0.000000 0.035091 0.182036 0.029731 0.000000 0.058617 0.056508 0.461006 0.052476 
0.014673 0.000000 0.049655 0.714031 0.037973 0.000000 0.122702 0.018987 0.000000 0.023175 0.000013 0.018790 0.000001 0.000001 
0.006610 0.025952 0.082982 0.038223 0.014383 0.324530 0.408166 0.026316 0.000000 0.072822 0.000013 0.000000 0.000001 0.000001 
0.013204 0.000000 0.059019 0.000000 0.000004 0.072800 0.246086 0.059704 0.047036 0.431441 0.021050 0.000000 0.049655 0.000001 
0.011647 0.000000 0.020393 0.122321 0.115570 0.012523 0.000000 0.460674 0.000000 0.000000 0.131696 0.082380 0.023768 0.019028 
0.023630 0.000000 0.052876 0.095339 0.058043 0.107410 0.212169 0.096678 0.047473 0.000000 0.131556 0.025877 0.000001 0.148949 
0.037885 0.037623 0.055880 0.000000 0.051102 0.002622 0.000000 0.137757 0.449644 0.000000 0.000013 0.000000 0.227473 0.000001 
0.011202 0.000000 0.023591 0.000000 0.000004 0.117541 0.218167 0.033588 0.000000 0.474679 0.016717 0.014675 0.089835 0.000001 
0.032614 0.216155 0.026896 0.025082 0.053168 0.000000 0.000000 0.411326 0.000000 0.026408 0.134408 0.035289 0.038652 0.000001 
0.007421 0.000000 0.015065 0.000000 0.120910 0.009976 0.000000 0.673303 0.000000 0.000000 0.147656 0.025667 0.000001 0.000001 
0.005893 0.027504 0.867273 0.000000 0.007782 0.000000 0.000000 0.058563 0.000000 0.000000 0.000012 0.020753 0.000001 0.012219 
0.041221 0.273107 0.051126 0.044182 0.032302 0.000000 0.040732 0.200470 0.000000 0.012396 0.208742 0.000000 0.022964 0.072759 
0.000002 0.000000 0.084728 0.021818 0.102975 0.043161 0.088793 0.069232 0.000000 0.035932 0.258101 0.018061 0.003935 0.273264 
0.000002 0.030887 0.077681 0.077525 0.061797 0.025890 0.032399 0.102875 0.428809 0.162121 0.000012 0.000000 0.000001 0.000001 
0.000002 0.000000 0.030814 0.000000 0.089292 0.071263 0.149644 0.154882 0.000000 0.040107 0.210947 0.000000 0.008597 0.244452 
0.049345 0.143853 0.035762 0.253187 0.094172 0.000000 0.003313 0.157848 0.000000 0.000000 0.169080 0.000000 0.000001 0.093438 
0.005211 0.000000 0.039510 0.004841 0.000004 0.362925 0.555818 0.007759 0.000000 0.019852 0.004078 0.000000 0.000001 0.000001 
0.025128 0.090725 0.041736 0.000000 0.000004 0.157904 0.250384 0.152106 0.000000 0.000000 0.083722 0.092793 0.057517 0.047980 
0.011010 0.000000 0.023421 0.035395 0.088843 0.015436 0.000000 0.420477 0.317062 0.000000 0.088354 0.000000 0.000001 0.000001 
0.011689 0.100053 0.704278 0.000000 0.000004 0.041111 0.000000 0.081489 0.006329 0.000000 0.042171 0.000000 0.000001 0.012877 
0.031887 0.038854 0.028648 0.820457 0.036481 0.000000 0.000000 0.043658 0.000000 0.000000 0.000013 0.000000 0.000001 0.000001 
0.039854 0.050019 0.088166 0.020094 0.051924 0.065093 0.044228 0.097683 0.395663 0.078010 0.000013 0.069252 0.000001 0.000001 
0.000002 0.000000 0.023549 0.000000 0.123410 0.044081 0.062817 0.578735 0.000000 0.019240 0.111269 0.022698 0.014198 0.000001 
0.066254 0.031501 0.184659 0.034568 0.006016 0.048204 0.000000 0.205363 0.000000 0.042528 0.000014 0.285415 0.037548 0.057931 
