-3879635.485405
0
0.009604 0.007618 0.002415 0.004214 0.000000 0.002352 0.000000 0.001636 0.031881 0.014047 0.216025 0.009419 0.003362 0.000000 0.000000 0.005020 0.008626 0.003781 0.006524 0.006011 0.000709 0.001282 0.000624 0.003024 0.004539 0.006550 0.000000 0.000000 0.000000 0.000000 0.000000 0.000000 0.025776 0.022271 0.114740 0.019878 0.000000 0.000000 0.000000 0.000000 0.001606 0.001958 0.000000 0.005232 0.000000 0.002119 0.000000 0.000000 0.007321 0.006033 0.000000 0.002803 0.000000 0.002892 0.000000 0.000000 0.022228 0.027149 0.120408 0.014055 0.000000 0.000000 0.000000 0.000000 0.010906 0.006196 0.002288 0.010828 0.000000 0.000000 0.000000 0.000000 0.011239 0.012403 0.002913 0.012072 0.001768 0.001961 0.000000 0.003203 0.018807 0.019717 0.098518 0.014455 0.003992 0.000000 0.000000 0.001108 0.006191 0.002507 0.007248 0.004023 0.000000 0.000000 0.001925 0.000000 
0.021787 0.000000 0.000000 0.000000 0.033238 0.013965 0.000000 0.022684 0.021920 0.000001 0.000000 0.002190 0.016631 0.007201 0.011135 0.000000 0.006351 0.002832 0.059473 0.037518 0.000000 0.000000 0.015153 0.000000 0.000000 0.000000 0.000000 0.000000 0.006180 0.014548 0.000000 0.011571 0.043467 0.012747 0.019387 0.040672 0.000000 0.000000 0.015839 0.011993 0.000000 0.002166 0.000000 0.036593 0.008540 0.013121 0.000000 0.022719 0.000000 0.014490 0.000000 0.017669 0.005012 0.017466 0.000000 0.015113 0.000000 0.000000 0.000000 0.013154 0.008434 0.007176 0.007208 0.000000 0.015938 0.018911 0.003844 0.016472 0.005450 0.000000 0.013865 0.007655 0.000000 0.011297 0.000000 0.000000 0.000000 0.028474 0.000000 0.021839 0.038737 0.025128 0.000000 0.004921 0.008245 0.000000 0.007591 0.008920 0.032093 0.000000 0.001780 0.028272 0.000000 0.013926 0.017745 0.031551 
0.005252 0.000000 0.000000 0.000000 0.000000 0.000000 0.000000 0.000000 0.000001 0.012639 0.000000 0.007729 0.010380 0.000000 0.000000 0.002427 0.000000 0.003957 0.000000 0.000000 0.063061 0.006205 0.003500 0.041571 0.007625 0.000000 0.000000 0.005939 0.000000 0.000000 0.000000 0.004137 0.009381 0.013094 0.000001 0.000038 0.006723 0.001236 0.000000 0.000000 0.019917 0.003678 0.017672 0.024299 0.051488 0.011272 0.018276 0.097798 0.018690 0.003950 0.000000 0.000000 0.000000 0.004131 0.000000 0.000000 0.000000 0.008549 0.000000 0.016862 0.003496 0.000000 0.001659 0.000000 0.008743 0.015912 0.014024 0.007469 0.016947 0.000000 0.001311 0.041656 0.026797 0.000002 0.000000 0.019105 0.000000 0.000000 0.000000 0.004746 0.003984 0.016646 0.000000 0.017093 0.008349 0.000000 0.028314 0.016894 0.000000 0.009952 0.011765 0.033342 0.108607 0.000000 0.006421 0.075286 
0.000000 0.000000 0.000000 0.000000 0.000000 0.000000 0.000094 0.000626 0.006523 0.003098 0.002163 0.002782 0.000000 0.000000 0.000000 0.000000 0.000996 0.000000 0.000750 0.001443 0.000000 0.000000 0.000000 0.000451 0.000000 0.000000 0.000000 0.000000 0.000000 0.000144 0.000000 0.000000 0.015845 0.003829 0.004315 0.007994 0.000000 0.000000 0.000000 0.000476 0.000410 0.000000 0.000000 0.000001 0.000000 0.000000 0.000000 0.000000 0.000000 0.000000 0.000000 0.000000 0.000000 0.000000 0.000000 0.000185 0.007254 0.000000 0.000000 0.002650 0.000000 0.000000 0.000000 0.000000 0.000000 0.000000 0.000000 0.000000 0.000111 0.000000 0.000000 0.000000 0.015091 0.006853 0.002634 0.011488 0.037832 0.000000 0.001614 0.068660 0.429131 0.083753 0.048895 0.231348 0.000000 0.000000 0.000000 0.000000 0.000000 0.000000 0.000256 0.000000 0.000000 0.000000 0.000303 0.000000 
0.060686 0.052402 0.020676 0.023616 0.011263 0.000000 0.000000 0.004104 0.015310 0.000000 0.000000 0.002373 0.000000 0.000000 0.016144 0.000000 0.000000 0.001925 0.008971 0.000753 0.000000 0.000449 0.000832 0.000000 0.054781 0.108234 0.000000 0.004488 0.020410 0.017624 0.000000 0.017685 0.020445 0.002288 0.000001 0.030227 0.011221 0.016324 0.054426 0.014031 0.010268 0.001875 0.000000 0.009076 0.000000 0.002276 0.007818 0.000000 0.031100 0.056526 0.000000 0.041660 0.000000 0.000000 0.000000 0.000000 0.000000 0.000000 0.000000 0.003102 0.012987 0.000000 0.017233 0.001435 0.011479 0.000000 0.000000 0.000000 0.000000 0.000000 0.001538 0.000000 0.034997 0.054251 0.000000 0.037263 0.005597 0.015489 0.000000 0.000000 0.002283 0.000861 0.000000 0.011971 0.004587 0.000000 0.014467 0.000000 0.000000 0.000000 0.008340 0.000000 0.000000 0.000000 0.004625 0.005208 
0.000000 0.000659 0.000000 0.007826 0.000000 0.000000 0.000000 0.000000 0.000000 0.001981 0.012824 0.004569 0.000000 0.000000 0.000000 0.001006 0.003395 0.005319 0.002352 0.004150 0.000000 0.004305 0.001414 0.014471 0.001811 0.000000 0.000000 0.014241 0.000000 0.000000 0.000000 0.000000 0.000656 0.001591 0.011110 0.003815 0.000000 0.000000 0.000000 0.000000 0.000591 0.002431 0.001518 0.001898 0.001825 0.002171 0.003307 0.019066 0.000000 0.001496 0.000000 0.007791 0.000000 0.000000 0.000000 0.000176 0.000000 0.013516 0.027880 0.015838 0.000000 0.000000 0.000000 0.000288 0.006481 0.010198 0.005232 0.012789 0.000000 0.002202 0.000000 0.002789 0.037430 0.009816 0.000000 0.309829 0.000000 0.000000 0.000000 0.000000 0.004997 0.022737 0.220679 0.040244 0.000000 0.000683 0.000000 0.002455 0.003477 0.010892 0.006542 0.010113 0.004997 0.010321 0.002096 0.065711 
0.001858 0.000000 0.000000 0.000000 0.006540 0.005641 0.005276 0.008643 0.030069 0.027635 0.022460 0.028232 0.000000 0.006034 0.013692 0.005276 0.063668 0.023270 0.026467 0.024123 0.000000 0.004660 0.000000 0.006557 0.000000 0.000000 0.004089 0.000000 0.010211 0.007340 0.005526 0.012579 0.024736 0.029428 0.012489 0.012164 0.005238 0.002753 0.003938 0.000000 0.028858 0.018700 0.039887 0.010777 0.000000 0.000000 0.011601 0.006729 0.008290 0.000000 0.000000 0.000000 0.005629 0.000000 0.000000 0.000000 0.046547 0.041838 0.020173 0.033907 0.007791 0.000000 0.007841 0.000000 0.027593 0.008998 0.028191 0.018160 0.000000 0.000000 0.003319 0.000000 0.013181 0.006794 0.007996 0.000000 0.000000 0.000000 0.002920 0.000000 0.000001 0.027010 0.000000 0.017105 0.000000 0.009031 0.008551 0.000000 0.016641 0.025915 0.029520 0.012530 0.007387 0.000000 0.000000 0.000000 
0.000000 0.000000 0.000000 0.000000 0.000000 0.002579 0.000000 0.000000 0.008539 0.000000 0.017060 0.000001 0.012739 0.002032 0.009238 0.038697 0.067219 0.022736 0.040928 0.055393 0.024634 0.007143 0.004356 0.006092 0.000000 0.000000 0.000000 0.000000 0.000000 0.000000 0.000000 0.000000 0.009766 0.000213 0.012661 0.011188 0.000000 0.000000 0.003103 0.000000 0.020437 0.026373 0.023616 0.043420 0.000000 0.002720 0.012621 0.030291 0.000000 0.009985 0.000000 0.007128 0.000000 0.000000 0.000000 0.007771 0.016657 0.006523 0.013928 0.002697 0.000000 0.002783 0.000000 0.000000 0.010081 0.003825 0.008662 0.022893 0.000000 0.000000 0.007783 0.000000 0.016084 0.000001 0.000000 0.040835 0.007026 0.001591 0.000000 0.000000 0.000001 0.001676 0.000000 0.000099 0.043065 0.000000 0.000000 0.000000 0.043394 0.027161 0.012955 0.046878 0.021399 0.020034 0.012897 0.068390 
0.004688 0.005213 0.000000 0.003141 0.035950 0.019576 0.012066 0.036863 0.015958 0.012654 0.000000 0.012563 0.002310 0.001378 0.000000 0.000000 0.015106 0.014156 0.000001 0.008981 0.000000 0.003034 0.010926 0.013628 0.007366 0.007666 0.003699 0.002928 0.028028 0.018261 0.008787 0.043328 0.015682 0.009163 0.000001 0.008574 0.005711 0.007242 0.003588 0.005396 0.012217 0.020957 0.011982 0.009454 0.000000 0.007635 0.014973 0.010421 0.000000 0.000000 0.000000 0.000000 0.023013 0.013029 0.002969 0.030529 0.032649 0.017786 0.000000 0.014223 0.000000 0.001464 0.006530 0.002099 0.005834 0.003266 0.007813 0.003372 0.007287 0.010490 0.023916 0.007521 0.000000 0.013900 0.000000 0.000000 0.032842 0.034786 0.005994 0.060468 0.004833 0.019045 0.000000 0.008432 0.000000 0.009094 0.001446 0.004256 0.010178 0.019386 0.010870 0.008642 0.010993 0.008429 0.014249 0.017116 
0.040444 0.037656 0.000000 0.037984 0.010421 0.004640 0.000000 0.010948 0.019681 0.006226 0.013682 0.025432 0.014885 0.016040 0.015825 0.025619 0.013645 0.006813 0.007709 0.021191 0.002749 0.000000 0.008114 0.002300 0.034298 0.022909 0.000000 0.032183 0.007387 0.007014 0.000000 0.008494 0.001521 0.002721 0.003985 0.019112 0.013643 0.022018 0.016067 0.031604 0.004295 0.011372 0.004127 0.008844 0.002189 0.002159 0.007016 0.002854 0.024154 0.013593 0.000000 0.023621 0.003192 0.002837 0.000000 0.006497 0.000000 0.000000 0.007906 0.005884 0.008292 0.009529 0.009536 0.021813 0.004583 0.006242 0.004795 0.008850 0.000772 0.000873 0.008973 0.006678 0.028960 0.015531 0.000000 0.035478 0.005010 0.003385 0.000000 0.007279 0.008370 0.003800 0.000000 0.012978 0.014148 0.014443 0.009439 0.033156 0.000000 0.005295 0.000000 0.008808 0.000000 0.002041 0.005446 0.000000 
0.000000 0.000000 0.000000 0.000000 0.000000 0.000000 0.000000 0.000000 0.000000 0.019819 0.000000 0.004292 0.000409 0.000460 0.000503 0.002628 0.000000 0.000000 0.000000 0.000000 0.000000 0.000000 0.000000 0.000000 0.000000 0.000142 0.000000 0.000000 0.000000 0.000000 0.000790 0.000000 0.077698 0.104092 0.021291 0.082046 0.000000 0.000712 0.000500 0.000899 0.000000 0.000269 0.000430 0.004129 0.000000 0.000957 0.000367 0.000000 0.000000 0.000000 0.000000 0.000000 0.000000 0.000380 0.000000 0.000000 0.000000 0.021557 0.000000 0.016896 0.000000 0.000000 0.000357 0.000000 0.000000 0.000000 0.000000 0.007714 0.000000 0.000000 0.000000 0.000000 0.000000 0.001885 0.000000 0.000000 0.000000 0.000921 0.000000 0.000000 0.123215 0.299424 0.104036 0.087116 0.000553 0.001119 0.001014 0.004244 0.002097 0.000000 0.001899 0.001659 0.000000 0.000000 0.000870 0.000610 
0.005845 0.000000 0.028028 0.017158 0.006547 0.011622 0.008088 0.005145 0.004741 0.017305 0.000000 0.000001 0.005136 0.000000 0.000000 0.000000 0.015004 0.000000 0.007224 0.000000 0.000000 0.000000 0.000000 0.000000 0.043166 0.019819 0.024769 0.093258 0.000000 0.000000 0.015618 0.000000 0.027476 0.033800 0.017827 0.005733 0.000000 0.000000 0.017429 0.000000 0.000000 0.000000 0.026490 0.000001 0.000000 0.000000 0.000000 0.003794 0.052257 0.034555 0.056983 0.006033 0.017094 0.022635 0.015794 0.013686 0.021994 0.021002 0.000000 0.016519 0.000000 0.009461 0.012640 0.000000 0.000000 0.000000 0.009569 0.000000 0.000000 0.000000 0.000000 0.000000 0.032067 0.067010 0.030935 0.042724 0.000000 0.005519 0.007655 0.010553 0.000001 0.014206 0.000000 0.000282 0.000000 0.007237 0.000000 0.000000 0.007611 0.002952 0.000001 0.000000 0.000000 0.000000 0.000000 0.000000 
0.000000 0.002295 0.000000 0.000000 0.000000 0.000000 0.000000 0.001114 0.032580 0.016151 0.096770 0.015788 0.000000 0.003521 0.000000 0.004758 0.007432 0.005670 0.023329 0.001233 0.000000 0.001861 0.000000 0.002874 0.007700 0.023460 0.008848 0.056435 0.000000 0.000000 0.000000 0.000000 0.007832 0.009361 0.094196 0.008908 0.000000 0.001918 0.000000 0.000000 0.006630 0.003903 0.028453 0.003077 0.000000 0.003619 0.005228 0.009168 0.000000 0.004128 0.000000 0.008433 0.000000 0.000000 0.000000 0.000000 0.067761 0.080800 0.145396 0.056642 0.000000 0.000000 0.000000 0.001301 0.012482 0.005794 0.011683 0.004090 0.000000 0.001549 0.000000 0.002835 0.000000 0.000790 0.000000 0.004751 0.000000 0.000000 0.000000 0.000000 0.006808 0.006687 0.042917 0.005081 0.000000 0.000000 0.000000 0.000000 0.005584 0.003704 0.011899 0.002963 0.001055 0.001853 0.000000 0.008906 
0.313170 0.000000 0.000000 0.120099 0.064538 0.000000 0.000000 0.047347 0.000000 0.249010 0.030865 0.100364 0.074607 
0.000000 0.000000 0.004448 0.964300 0.000000 0.000000 0.000000 0.000004 0.000000 0.013554 0.000000 0.007775 0.009919 
0.000000 0.107809 0.000000 0.018648 0.055698 0.019535 0.130887 0.051877 0.029471 0.436923 0.014404 0.055229 0.079519 
0.005238 0.023285 0.009533 0.017636 0.000000 0.283492 0.000000 0.000003 0.000000 0.055673 0.575507 0.029633 0.000000 
0.028692 0.000000 0.000000 0.000000 0.000000 0.907732 0.000000 0.000003 0.000000 0.009811 0.015738 0.017776 0.020248 
0.000000 0.030386 0.237700 0.012357 0.000000 0.000000 0.022481 0.153316 0.000000 0.138129 0.149236 0.000010 0.256385 
0.016267 0.056571 0.075847 0.000000 0.396715 0.000000 0.000000 0.029469 0.000000 0.145816 0.000000 0.279316 0.000000 
0.000000 0.123522 0.000000 0.309832 0.000000 0.000000 0.229149 0.055236 0.011267 0.195216 0.046482 0.029295 0.000000 
0.000000 0.129988 0.015824 0.149995 0.000000 0.025275 0.111771 0.000003 0.214868 0.323653 0.000000 0.028623 0.000000 
0.052892 0.000000 0.021687 0.000000 0.110681 0.029066 0.000000 0.000003 0.028260 0.302624 0.036189 0.113692 0.304904 
0.000000 0.000000 0.032277 0.000000 0.009478 0.840906 0.012997 0.000003 0.000000 0.055326 0.000000 0.049011 0.000000 
0.000000 0.090682 0.000000 0.010562 0.004919 0.049479 0.000000 0.000003 0.266672 0.246923 0.000000 0.029879 0.300881 
0.021540 0.028402 0.000000 0.000000 0.132194 0.010251 0.000000 0.032093 0.078897 0.602077 0.000000 0.094547 0.000000 
0.142590 0.037043 0.250309 0.000000 0.026996 0.037079 0.000000 0.259268 0.022021 0.151678 0.000000 0.000013 0.073004 
0.217430 0.017636 0.000000 0.017818 0.218269 0.000000 0.043926 0.000003 0.000000 0.130699 0.171221 0.182998 0.000000 
0.018859 0.127117 0.000000 0.000000 0.000000 0.380833 0.138407 0.016546 0.099496 0.203678 0.000000 0.015062 0.000000 
0.000000 0.005772 0.000000 0.004554 0.005959 0.897142 0.000000 0.000003 0.000000 0.062285 0.000000 0.024285 0.000000 
0.017700 0.032345 0.179306 0.000000 0.167117 0.000000 0.000000 0.213627 0.053839 0.177586 0.000000 0.158481 0.000000 
0.015439 0.000000 0.002200 0.000000 0.000000 0.007037 0.000000 0.000004 0.000000 0.043692 0.889724 0.013549 0.028357 
0.014697 0.053784 0.233645 0.006623 0.140136 0.007188 0.012683 0.212738 0.000000 0.193403 0.000000 0.125104 0.000000 
0.000000 0.000000 0.064306 0.463986 0.074398 0.000000 0.000000 0.096490 0.000000 0.229346 0.000000 0.045473 0.026000 
0.183423 0.000000 0.041816 0.028191 0.012049 0.566197 0.023249 0.035584 0.000000 0.051447 0.000000 0.024973 0.033071 
0.000000 0.010386 0.208429 0.000000 0.056399 0.012130 0.000000 0.208219 0.000000 0.461569 0.000000 0.011669 0.031199 
0.000000 0.098575 0.004854 0.000000 0.210826 0.000000 0.000000 0.000003 0.218118 0.254128 0.039380 0.174115 0.000000 
0.000000 0.000000 0.000000 0.015620 0.000000 0.338568 0.000000 0.000003 0.000000 0.022320 0.621228 0.002260 0.000000 
0.295784 0.121249 0.000000 0.000000 0.000000 0.000000 0.265374 0.044172 0.000000 0.148802 0.000000 0.021390 0.103229 
0.008135 0.000000 0.061632 0.000000 0.000000 0.000000 0.000000 0.066798 0.012152 0.057979 0.793295 0.000009 0.000000 
0.162706 0.000000 0.000000 0.000000 0.141582 0.256118 0.000000 0.008385 0.000000 0.107628 0.207662 0.115918 0.000000 
0.000000 0.064846 0.142206 0.000000 0.014724 0.000000 0.035681 0.149403 0.018676 0.126700 0.447748 0.000015 0.000000 
0.000000 0.017947 0.000000 0.000000 0.072167 0.211989 0.000000 0.000003 0.000000 0.031933 0.621892 0.044069 0.000000 
0.007484 0.000000 0.071306 0.769949 0.000000 0.000000 0.000000 0.053569 0.030025 0.067656 0.000000 0.000011 0.000000 
0.017264 0.013718 0.000000 0.000000 0.014669 0.000000 0.000000 0.065766 0.032712 0.528172 0.298537 0.029162 0.000000 
0.000000 0.263096 0.000000 0.000000 0.000000 0.033140 0.321919 0.082846 0.000000 0.212157 0.000000 0.057112 0.029729 
0.000000 0.126983 0.000000 0.000000 0.000000 0.337915 0.221562 0.069639 0.000000 0.183048 0.032839 0.028014 0.000000 
0.000000 0.000000 0.000000 0.005769 0.000000 0.000000 0.012860 0.000006 0.000000 0.019824 0.961531 0.000010 0.000000 
0.000000 0.000000 0.000000 0.000000 0.000000 0.000000 0.000000 0.033246 0.000000 0.056027 0.136971 0.032144 0.741612 
0.473914 0.000000 0.000000 0.000000 0.000000 0.000000 0.000000 0.079458 0.021332 0.337262 0.000000 0.013694 0.074339 
0.000000 0.159758 0.000000 0.000000 0.000000 0.251766 0.291902 0.069166 0.000000 0.165158 0.000000 0.041650 0.020599 
0.000000 0.102127 0.000000 0.000000 0.068055 0.000000 0.000000 0.012667 0.324344 0.272385 0.185185 0.035237 0.000000 
0.538645 0.000000 0.000000 0.000000 0.000000 0.000000 0.054982 0.057259 0.121813 0.197797 0.000000 0.000012 0.029492 
0.084831 0.000000 0.018131 0.111169 0.042651 0.000000 0.000000 0.074231 0.000000 0.528718 0.000000 0.015205 0.125063 
0.236261 0.076681 0.000000 0.016248 0.034720 0.012704 0.033346 0.017845 0.257865 0.244360 0.000000 0.025023 0.044948 
0.000000 0.085493 0.335199 0.000000 0.000000 0.026014 0.000000 0.282407 0.000000 0.221269 0.010300 0.019827 0.019490 
0.027851 0.000000 0.022272 0.000000 0.139943 0.000000 0.000000 0.088436 0.000000 0.618774 0.000000 0.102724 0.000000 
0.153126 0.000000 0.006489 0.728893 0.000000 0.000000 0.000000 0.053944 0.000000 0.047577 0.000000 0.009971 0.000000 
0.000000 0.000000 0.006830 0.238107 0.000000 0.040247 0.020197 0.000003 0.000000 0.032191 0.627325 0.000010 0.035090 
0.245777 0.022029 0.020029 0.078229 0.096824 0.000000 0.000000 0.048922 0.000000 0.120208 0.187665 0.099504 0.080812 
0.020244 0.077149 0.000000 0.000000 0.030982 0.000000 0.000000 0.052681 0.335621 0.440596 0.000000 0.021306 0.021419 
0.274047 0.000000 0.000000 0.000000 0.032215 0.029328 0.046188 0.065096 0.000000 0.516630 0.000000 0.000014 0.036480 
0.000000 0.103325 0.116697 0.000000 0.083208 0.000000 0.000000 0.128145 0.223338 0.272712 0.017534 0.055040 0.000000 
0.038929 0.000000 0.009521 0.000000 0.057725 0.042750 0.000000 0.063202 0.000000 0.696841 0.068316 0.022716 0.000000 
0.023105 0.000000 0.000000 0.020044 0.189423 0.075786 0.000000 0.000003 0.000000 0.065088 0.000000 0.196352 0.430198 
0.020523 0.000000 0.000000 0.646961 0.101512 0.091921 0.023152 0.000003 0.000000 0.040579 0.000000 0.075348 0.000000 
0.000000 0.018018 0.015743 0.063900 0.000000 0.029161 0.000000 0.000004 0.000000 0.030147 0.843012 0.000014 0.000000 
0.020317 0.000000 0.000000 0.000000 0.454011 0.000000 0.000000 0.000003 0.000000 0.148181 0.000000 0.377489 0.000000 
0.000000 0.000000 0.000000 0.000000 0.450508 0.000000 0.019027 0.000003 0.000000 0.172640 0.006848 0.350973 0.000000 
0.000000 0.000000 0.000000 0.014203 0.000000 0.000000 0.000000 0.000003 0.000000 0.078843 0.000000 0.037606 0.869344 
0.018137 0.208969 0.000000 0.000000 0.000000 0.056579 0.369273 0.087260 0.000000 0.208992 0.000000 0.050791 0.000000 
0.000000 0.000000 0.000000 0.000000 0.000000 0.000000 0.000000 0.023094 0.000000 0.028467 0.948428 0.000010 0.000000 
0.180060 0.157310 0.018809 0.000000 0.000000 0.000000 0.335855 0.065227 0.000000 0.190478 0.000000 0.052261 0.000000 
0.112165 0.038010 0.000000 0.000000 0.004452 0.727468 0.016093 0.014084 0.000000 0.042605 0.010689 0.011684 0.022749 
0.000000 0.000000 0.000000 0.000000 0.000000 0.000000 0.000000 0.006844 0.000000 0.027399 0.000000 0.034425 0.931331 
0.019485 0.101923 0.208115 0.000000 0.026056 0.096873 0.109867 0.133985 0.000000 0.282469 0.000000 0.021228 0.000000 
0.401278 0.000000 0.017058 0.010780 0.000000 0.000000 0.000000 0.073702 0.173458 0.222460 0.063900 0.008840 0.028524 
0.000000 0.083475 0.000000 0.000000 0.131933 0.000000 0.000000 0.000003 0.305416 0.328553 0.004967 0.145653 0.000000 
0.000000 0.143505 0.128952 0.000000 0.000000 0.000000 0.138185 0.236570 0.000000 0.190756 0.024656 0.043973 0.093400 
0.000000 0.000000 0.000000 0.000000 0.000000 0.941348 0.000000 0.000003 0.000000 0.018017 0.020748 0.019884 0.000000 
0.016080 0.015027 0.000000 0.018637 0.210053 0.012720 0.000000 0.046394 0.000000 0.416800 0.000000 0.208153 0.056135 
0.000000 0.107312 0.058951 0.317657 0.000000 0.000000 0.035715 0.020537 0.214171 0.213584 0.000000 0.032072 0.000000 
0.000000 0.000000 0.131274 0.000000 0.309931 0.010323 0.000000 0.130880 0.010919 0.121458 0.074118 0.197427 0.013671 
0.156879 0.091289 0.007375 0.343201 0.000000 0.000000 0.164547 0.049088 0.000000 0.168235 0.000000 0.019385 0.000000 
0.415416 0.049580 0.000000 0.000000 0.204029 0.000000 0.000000 0.042672 0.000000 0.074631 0.000000 0.156404 0.057268 
0.128679 0.022443 0.304285 0.000000 0.000000 0.053243 0.000000 0.213279 0.035938 0.242120 0.000000 0.000013 0.000000 
0.000000 0.042347 0.000000 0.000000 0.000000 0.678571 0.059263 0.002853 0.000000 0.053059 0.000000 0.024983 0.138923 
0.000000 0.000000 0.094295 0.165894 0.000000 0.000000 0.000000 0.062917 0.018568 0.110988 0.000000 0.031212 0.516123 
0.000000 0.000000 0.000000 0.000000 0.000000 0.973787 0.000000 0.000003 0.000000 0.013232 0.000000 0.012978 0.000000 
0.207405 0.065637 0.000000 0.000000 0.038118 0.048834 0.218980 0.084972 0.000000 0.127331 0.174740 0.033982 0.000000 
0.228381 0.000000 0.000000 0.000000 0.037520 0.000000 0.000000 0.113131 0.000000 0.524194 0.075073 0.021700 0.000000 
0.020008 0.000000 0.000000 0.180970 0.101165 0.000000 0.000000 0.064115 0.000000 0.579129 0.000000 0.054612 0.000000 
0.000000 0.014021 0.000000 0.260780 0.000000 0.025565 0.000000 0.000003 0.000000 0.034412 0.000000 0.023648 0.641571 
0.072520 0.153594 0.012647 0.000000 0.000000 0.000000 0.325150 0.042258 0.044320 0.215185 0.000000 0.044883 0.089442 
0.320111 0.026591 0.000000 0.000000 0.000000 0.000000 0.000000 0.030905 0.000000 0.105390 0.000000 0.017164 0.499838 
0.000000 0.000000 0.000000 0.000000 0.000000 0.932850 0.000000 0.000003 0.000000 0.028472 0.000000 0.038674 0.000000 
0.000000 0.000000 0.224098 0.000000 0.063172 0.000000 0.050036 0.123392 0.046410 0.164874 0.273096 0.028451 0.026469 
0.012011 0.000000 0.014776 0.000000 0.007998 0.000000 0.015451 0.000003 0.000000 0.187918 0.754704 0.007139 0.000000 
0.000000 0.062240 0.038392 0.000000 0.119898 0.000000 0.000000 0.000003 0.000000 0.112562 0.509229 0.157675 0.000000 
0.618662 0.000000 0.006482 0.000000 0.000000 0.000000 0.063324 0.045826 0.043324 0.093533 0.000000 0.005014 0.123834 
0.552689 0.000000 0.000000 0.000000 0.000000 0.000000 0.052902 0.026371 0.000000 0.095427 0.240676 0.000011 0.031923 
0.000000 0.014339 0.062385 0.126288 0.011132 0.421977 0.000000 0.052520 0.028289 0.076078 0.000000 0.000014 0.206977 
0.007096 0.000000 0.098927 0.022631 0.228307 0.000000 0.000000 0.140324 0.000000 0.156513 0.145918 0.200284 0.000000 
0.022884 0.129159 0.000000 0.029983 0.000000 0.000000 0.295184 0.140262 0.000000 0.267917 0.044791 0.069820 0.000000 
0.006137 0.000000 0.000000 0.812927 0.000000 0.037690 0.027652 0.011687 0.000000 0.033496 0.065027 0.005384 0.000000 
0.405800 0.000000 0.069251 0.000000 0.000000 0.000000 0.049658 0.070549 0.000000 0.086950 0.306111 0.011680 0.000000 
0.000000 0.033942 0.087492 0.000000 0.005893 0.687573 0.057115 0.047268 0.000000 0.080704 0.000000 0.000013 0.000000 
0.009877 0.000000 0.033324 0.858789 0.000000 0.000000 0.000000 0.045286 0.000000 0.042347 0.000000 0.010377 0.000000 
0.637865 0.000000 0.015662 0.011470 0.000000 0.000000 0.072368 0.066224 0.000000 0.106795 0.000000 0.007973 0.081642 
0.037508 0.060038 0.015292 0.029367 0.022917 0.000000 0.048703 0.076273 0.149494 0.530898 0.000000 0.029510 0.000000 
0.703795 0.000000 0.000000 0.000000 0.000000 0.000000 0.071976 0.057963 0.000000 0.123051 0.000000 0.000010 0.043204 
0.000000 0.071985 0.000000 0.000000 0.000000 0.204229 0.070639 0.000003 0.000000 0.066050 0.000000 0.014152 0.572942 
0.000000 0.000000 0.000000 0.446698 0.123686 0.000000 0.000000 0.017187 0.000000 0.296790 0.029159 0.086479 0.000000 
0.064484 0.000000 0.030228 0.220458 0.262689 0.033392 0.000000 0.020874 0.000000 0.152384 0.000000 0.182689 0.032800 
0.025987 0.000000 0.069084 0.000000 0.064125 0.010636 0.049739 0.105976 0.000000 0.520147 0.130111 0.024194 0.000000 
0.000000 0.150427 0.136948 0.000000 0.000000 0.000000 0.202329 0.177607 0.024277 0.243253 0.025852 0.010161 0.029146 
0.000000 0.054554 0.191764 0.006163 0.015945 0.093778 0.000000 0.257677 0.000000 0.358729 0.000000 0.021389 0.000000 
0.000000 0.064948 0.006894 0.000000 0.067641 0.058714 0.012663 0.000003 0.412472 0.271130 0.078977 0.026558 0.000000 
0.000000 0.000000 0.000000 0.008924 0.000000 0.000000 0.000000 0.028977 0.000000 0.035846 0.919326 0.006926 0.000000 
0.000000 0.035502 0.140748 0.000000 0.000000 0.188376 0.000000 0.116208 0.000000 0.086790 0.000000 0.021233 0.411143 
0.022501 0.092722 0.012505 0.000000 0.000000 0.038793 0.239091 0.037825 0.000000 0.502141 0.000000 0.054423 0.000000 
0.013546 0.000000 0.000000 0.000000 0.000000 0.000000 0.000000 0.033339 0.000000 0.030755 0.919189 0.003171 0.000000 
0.024619 0.000000 0.000000 0.000000 0.028740 0.337625 0.000000 0.015444 0.000000 0.101924 0.460228 0.031419 0.000000 
0.029731 0.152302 0.000000 0.000000 0.000000 0.119454 0.273188 0.069497 0.061771 0.241014 0.000000 0.053043 0.000000 
0.097958 0.148285 0.000000 0.142648 0.000000 0.054307 0.255360 0.095664 0.000000 0.174806 0.000000 0.030971 0.000000 
0.000000 0.206074 0.017117 0.000000 0.000000 0.038166 0.354866 0.022194 0.000000 0.212871 0.000000 0.052171 0.096540 
0.455853 0.000000 0.000000 0.000000 0.103240 0.000000 0.051400 0.014880 0.000000 0.098341 0.000000 0.084697 0.191589 
0.011588 0.000000 0.000000 0.965798 0.000000 0.000000 0.000000 0.000004 0.000000 0.018608 0.000000 0.004000 0.000000 
0.147972 0.000000 0.000000 0.000000 0.234463 0.000000 0.105495 0.057317 0.000000 0.223606 0.000000 0.231147 0.000000 
0.706683 0.028012 0.000000 0.000000 0.000000 0.017423 0.049649 0.000003 0.000000 0.079448 0.049582 0.000014 0.069185 
0.600502 0.014574 0.000000 0.000000 0.000000 0.109188 0.045953 0.032296 0.000000 0.075120 0.034689 0.009950 0.077727 
0.082920 0.063571 0.000000 0.000000 0.030005 0.000000 0.000000 0.021225 0.140382 0.213886 0.000000 0.028324 0.419687 
0.000000 0.000000 0.003547 0.011276 0.000000 0.000000 0.000000 0.000004 0.000000 0.034492 0.870162 0.003249 0.077269 
0.585480 0.000000 0.035855 0.000000 0.000000 0.021465 0.000000 0.105886 0.000000 0.171672 0.026153 0.008192 0.045297 
0.000000 0.000000 0.000000 0.000000 0.405056 0.178202 0.000000 0.000003 0.000000 0.134621 0.000000 0.282117 0.000000 
0.000000 0.000000 0.000000 0.000000 0.000000 0.000000 0.026344 0.018636 0.013414 0.140523 0.801070 0.000012 0.000000 
0.011005 0.115676 0.000000 0.000000 0.031686 0.189460 0.000000 0.000003 0.349171 0.264405 0.017010 0.021585 0.000000 
0.048168 0.000000 0.008232 0.146397 0.000000 0.672123 0.020142 0.000003 0.000000 0.089166 0.000000 0.015767 0.000000 
0.012158 0.000000 0.000000 0.000000 0.000000 0.508195 0.000000 0.000003 0.012285 0.020156 0.435151 0.012052 0.000000 
0.359399 0.037262 0.000000 0.000000 0.045450 0.011167 0.081134 0.046597 0.054028 0.200538 0.014719 0.024348 0.125358 
0.046933 0.135253 0.000000 0.105400 0.018696 0.251167 0.229285 0.033210 0.000000 0.134396 0.000000 0.045659 0.000000 
0.000000 0.141838 0.000000 0.000000 0.000000 0.352621 0.271887 0.028114 0.000000 0.171843 0.000000 0.033696 0.000000 
0.005969 0.018533 0.000000 0.000000 0.298218 0.178037 0.000000 0.026818 0.000000 0.255656 0.000000 0.216769 0.000000 
0.000000 0.074379 0.000000 0.471515 0.000000 0.000000 0.085182 0.053329 0.053949 0.234482 0.000000 0.027163 0.000000 
0.049613 0.000000 0.000000 0.075788 0.000000 0.000000 0.000000 0.040039 0.024576 0.243345 0.000000 0.036424 0.530214 
0.042780 0.000000 0.000000 0.093164 0.045988 0.000000 0.000000 0.058143 0.000000 0.662780 0.079326 0.017818 0.000000 
0.041892 0.206413 0.000000 0.044779 0.000000 0.000000 0.314237 0.090737 0.032687 0.204847 0.000000 0.064409 0.000000 
0.116673 0.000000 0.035852 0.000000 0.051904 0.006480 0.000000 0.084148 0.000000 0.663134 0.000000 0.041810 0.000000 
0.000000 0.000000 0.000000 0.010751 0.338553 0.000000 0.041677 0.024092 0.094325 0.199076 0.000000 0.291525 0.000000 
0.036714 0.077719 0.000000 0.000000 0.106804 0.000000 0.155217 0.012416 0.035391 0.156399 0.112247 0.109376 0.197719 
0.019324 0.000000 0.021233 0.000000 0.042113 0.115063 0.000000 0.102378 0.000000 0.639064 0.000000 0.037342 0.023482 
0.018535 0.124493 0.016264 0.000000 0.000000 0.232578 0.229582 0.043286 0.000000 0.152690 0.158215 0.024357 0.000000 
0.000000 0.156289 0.000000 0.122096 0.030131 0.000000 0.273306 0.106064 0.015068 0.189007 0.023489 0.038926 0.045623 
0.000000 0.049156 0.011839 0.065832 0.000000 0.000000 0.074301 0.026108 0.000000 0.059510 0.694570 0.018684 0.000000 
0.000000 0.027675 0.000000 0.000000 0.000000 0.027340 0.022578 0.000003 0.070788 0.097998 0.745612 0.008006 0.000000 
0.029778 0.000000 0.000000 0.000000 0.000000 0.000000 0.043204 0.004212 0.000000 0.036491 0.602590 0.000021 0.283704 
0.000000 0.049667 0.276716 0.000000 0.022727 0.012749 0.026993 0.167841 0.154154 0.246920 0.000000 0.000015 0.042218 
0.205833 0.028766 0.087810 0.022287 0.218564 0.016830 0.000000 0.066269 0.000000 0.156469 0.000000 0.172602 0.024570 
0.018457 0.106067 0.166804 0.252732 0.000000 0.017979 0.085956 0.169390 0.023637 0.147005 0.000000 0.011973 0.000000 
0.133457 0.000000 0.227761 0.052165 0.000000 0.000000 0.031537 0.251999 0.000000 0.303064 0.000000 0.000016 0.000000 
0.028566 0.045767 0.213296 0.000000 0.039222 0.028442 0.032629 0.216332 0.045067 0.350666 0.000000 0.000014 0.000000 
0.262371 0.062097 0.000000 0.000000 0.086618 0.000000 0.065224 0.050704 0.209639 0.208065 0.000000 0.055282 0.000000 
0.000000 0.022823 0.085995 0.382117 0.010995 0.171519 0.000000 0.081652 0.023392 0.092121 0.129371 0.000014 0.000000 
0.018122 0.000000 0.002868 0.680524 0.108601 0.000000 0.023029 0.000003 0.000000 0.084686 0.000000 0.082167 0.000000 
0.009131 0.075175 0.008191 0.000000 0.057099 0.000000 0.028607 0.000003 0.120281 0.443010 0.251977 0.006526 0.000000 
0.000000 0.185142 0.113224 0.000000 0.000000 0.021231 0.226760 0.098657 0.028253 0.181581 0.000000 0.049664 0.095489 
0.000000 0.000000 0.000000 0.780332 0.007579 0.006654 0.000000 0.000002 0.008567 0.034421 0.000000 0.000014 0.162430 
0.000000 0.039415 0.010295 0.000000 0.073377 0.000000 0.000000 0.000003 0.000000 0.087208 0.000000 0.106590 0.683113 
0.000000 0.103425 0.000000 0.000000 0.120435 0.000000 0.022153 0.000003 0.332239 0.318001 0.020013 0.083729 0.000000 
0.000000 0.173033 0.000000 0.028599 0.183244 0.019503 0.207908 0.024036 0.000000 0.193511 0.052219 0.117946 0.000000 
0.000000 0.084405 0.010004 0.000000 0.000000 0.646101 0.137868 0.000003 0.000000 0.088578 0.000000 0.033041 0.000000 
0.000000 0.000000 0.009571 0.000000 0.000000 0.918862 0.023003 0.000003 0.000000 0.026835 0.000000 0.021725 0.000000 
0.195810 0.000000 0.000000 0.000000 0.367960 0.000000 0.000000 0.000003 0.000000 0.108015 0.000000 0.328212 0.000000 
0.000000 0.112220 0.000000 0.000000 0.000000 0.000000 0.226838 0.042107 0.011494 0.131154 0.000000 0.042129 0.434057 
0.020007 0.052886 0.000000 0.000000 0.045884 0.026795 0.000000 0.078578 0.000000 0.721650 0.019694 0.034506 0.000000 
0.000000 0.046477 0.040281 0.000000 0.038297 0.399909 0.030436 0.059023 0.190593 0.194968 0.000000 0.000016 0.000000 
0.230300 0.015887 0.000000 0.108626 0.122079 0.195851 0.016159 0.000003 0.000000 0.155020 0.000000 0.118076 0.037999 
0.000000 0.125066 0.000000 0.000000 0.060499 0.000000 0.000000 0.023075 0.325996 0.430002 0.018927 0.016435 0.000000 
0.018695 0.000000 0.193122 0.000000 0.200793 0.014838 0.071229 0.189238 0.017349 0.188728 0.000000 0.106008 0.000000 
0.019478 0.022124 0.003957 0.523659 0.150346 0.000000 0.000000 0.000003 0.000000 0.201309 0.000000 0.079124 0.000000 
0.000000 0.024272 0.000000 0.557328 0.093327 0.000000 0.073370 0.035187 0.000000 0.093148 0.000000 0.123367 0.000000 
0.000000 0.015565 0.028070 0.083754 0.015231 0.669503 0.057044 0.027731 0.015113 0.065597 0.000000 0.000015 0.022376 
0.000000 0.000000 0.000000 0.403455 0.000000 0.005414 0.000000 0.000003 0.000000 0.026027 0.221163 0.019492 0.324445 
0.133077 0.000000 0.000000 0.000000 0.021099 0.116278 0.152291 0.078741 0.031843 0.109156 0.341097 0.016418 0.000000 
0.000000 0.088323 0.338887 0.000000 0.011809 0.022472 0.000000 0.190824 0.030730 0.178217 0.133106 0.005633 0.000000 
0.012898 0.044286 0.005749 0.705538 0.068220 0.000000 0.000000 0.000003 0.000000 0.064856 0.020844 0.077606 0.000000 
0.103167 0.120290 0.000000 0.000000 0.000000 0.338773 0.147640 0.043405 0.000000 0.135913 0.000000 0.026039 0.084773 
0.000000 0.016907 0.000000 0.000000 0.000000 0.000000 0.000000 0.000003 0.000000 0.041067 0.000000 0.035427 0.906596 
0.000000 0.000000 0.000000 0.000000 0.453187 0.013697 0.030621 0.000003 0.027215 0.164584 0.000000 0.310693 0.000000 
0.016355 0.029255 0.253698 0.301635 0.000000 0.018109 0.000000 0.216113 0.000000 0.159846 0.000000 0.004989 0.000000 
0.000000 0.159725 0.008048 0.000000 0.048778 0.176131 0.000000 0.000003 0.338876 0.247609 0.000000 0.020830 0.000000 
0.011524 0.000000 0.003108 0.739847 0.032733 0.000000 0.000000 0.000003 0.000000 0.139282 0.036557 0.036945 0.000000 
0.219453 0.080722 0.241781 0.000000 0.000000 0.046284 0.000000 0.227926 0.000000 0.160924 0.000000 0.010102 0.012808 
0.061991 0.073535 0.052603 0.178925 0.019063 0.134947 0.129658 0.074849 0.058748 0.146333 0.059737 0.009611 0.000000 
0.705182 0.000000 0.000000 0.000000 0.000000 0.000000 0.054555 0.038869 0.000000 0.094115 0.009373 0.000010 0.097895 
0.000000 0.022362 0.000000 0.000000 0.073008 0.000000 0.000000 0.000003 0.000000 0.054077 0.094017 0.077148 0.679386 
0.000000 0.000000 0.000000 0.000000 0.404174 0.000000 0.042484 0.009890 0.000000 0.198960 0.105581 0.238910 0.000000 
0.000000 0.094350 0.000000 0.010982 0.219336 0.000000 0.178294 0.039713 0.034483 0.224621 0.005959 0.192261 0.000000 
0.000000 0.000000 0.000000 0.000000 0.004524 0.007938 0.000000 0.000003 0.034272 0.049701 0.689042 0.000015 0.214504 
0.032636 0.032629 0.115646 0.000000 0.011492 0.014345 0.000000 0.117879 0.000000 0.041295 0.560017 0.000015 0.074046 
0.000000 0.011042 0.000000 0.000000 0.000000 0.969967 0.000000 0.000003 0.000000 0.002650 0.000000 0.016338 0.000000 
0.548397 0.000000 0.000000 0.000000 0.079263 0.000000 0.060848 0.011277 0.000000 0.125106 0.000000 0.096786 0.078323 
0.264827 0.058083 0.000000 0.009049 0.000000 0.390199 0.069769 0.061262 0.000000 0.124946 0.000000 0.021865 0.000000 
0.028225 0.042071 0.169768 0.000000 0.000000 0.149520 0.000000 0.144559 0.000000 0.095757 0.356823 0.000009 0.013268 
0.042871 0.029676 0.000000 0.135839 0.042505 0.000000 0.000000 0.066490 0.000000 0.585542 0.000000 0.013157 0.083919 
0.039337 0.035980 0.006818 0.154441 0.000000 0.022058 0.000000 0.000003 0.080262 0.399498 0.240635 0.020967 0.000000 
0.000000 0.038181 0.076585 0.000000 0.016903 0.018621 0.000000 0.090055 0.077440 0.113354 0.154890 0.022470 0.391500 
0.000000 0.127002 0.165740 0.040908 0.015483 0.018462 0.173075 0.071967 0.116609 0.253413 0.000000 0.017341 0.000000 
0.029825 0.066075 0.259813 0.032858 0.048768 0.035941 0.073998 0.231981 0.000000 0.181971 0.000000 0.038770 0.000000 
0.000000 0.000000 0.000000 0.143110 0.000000 0.018811 0.000000 0.000003 0.000000 0.046891 0.000000 0.035657 0.755527 
0.000000 0.000000 0.000000 0.745518 0.000000 0.074682 0.000000 0.009354 0.030670 0.033459 0.051190 0.006675 0.048452 
0.061120 0.000000 0.029281 0.342680 0.000000 0.431465 0.046776 0.014358 0.000000 0.074308 0.000000 0.000012 0.000000 
0.000000 0.050120 0.000000 0.000000 0.072560 0.012520 0.043768 0.062888 0.000000 0.568818 0.000000 0.044005 0.145321 
0.055889 0.000000 0.000000 0.331233 0.173299 0.000000 0.048087 0.025838 0.000000 0.117642 0.012779 0.127548 0.107683 
0.508813 0.000000 0.126060 0.000000 0.000000 0.016236 0.041389 0.118454 0.029982 0.128027 0.000000 0.000011 0.031028 
0.000000 0.020377 0.051779 0.339630 0.000000 0.477134 0.000000 0.040338 0.000000 0.045664 0.000000 0.012825 0.012252 
0.023014 0.000000 0.008593 0.000000 0.057150 0.031026 0.067021 0.070817 0.245340 0.497025 0.000000 0.000013 0.000000 
0.034652 0.016408 0.000000 0.000000 0.022017 0.000000 0.000000 0.053062 0.000000 0.841179 0.000000 0.032681 0.000000 
0.005504 0.023352 0.000000 0.000000 0.000000 0.000000 0.013232 0.023738 0.024770 0.060392 0.837170 0.011842 0.000000 
0.000000 0.046358 0.000000 0.036302 0.127235 0.015961 0.000000 0.031767 0.314318 0.287598 0.012933 0.073354 0.054174 
0.000000 0.023034 0.000000 0.139338 0.297725 0.033016 0.026700 0.000003 0.000000 0.125837 0.051760 0.275678 0.026908 
0.539174 0.000000 0.000000 0.049272 0.000000 0.168279 0.045946 0.000003 0.014825 0.087771 0.020708 0.008487 0.065537 
0.006919 0.000000 0.000000 0.230633 0.263350 0.039085 0.000000 0.025168 0.000000 0.210406 0.000000 0.224438 0.000000 
0.000000 0.052513 0.000000 0.000000 0.127645 0.000000 0.000000 0.000003 0.155218 0.257314 0.000000 0.126125 0.281182 
0.000000 0.000000 0.002063 0.934535 0.000000 0.023197 0.000000 0.000004 0.000000 0.019514 0.000000 0.000008 0.020678 
0.000000 0.062365 0.019066 0.416482 0.046450 0.000000 0.082734 0.051499 0.096940 0.176121 0.000000 0.032883 0.015459 
0.380463 0.000000 0.000000 0.000000 0.000000 0.000000 0.000000 0.044818 0.000000 0.500322 0.000000 0.026868 0.047528 
0.011447 0.026346 0.000000 0.000000 0.000000 0.000000 0.000000 0.010401 0.112651 0.109547 0.716342 0.013264 0.000000 
0.000000 0.042703 0.000000 0.000000 0.000000 0.000000 0.000000 0.000003 0.025208 0.048438 0.000000 0.021738 0.861908 
0.492316 0.000000 0.000000 0.115579 0.000000 0.087581 0.101930 0.029301 0.046002 0.085244 0.000000 0.006770 0.035277 
0.023030 0.000000 0.000000 0.104061 0.000000 0.022125 0.000000 0.061878 0.000000 0.743514 0.000000 0.045391 0.000000 
0.000000 0.157002 0.000000 0.031982 0.000000 0.055184 0.254931 0.079333 0.000000 0.174912 0.155027 0.040722 0.050906 
0.000000 0.027283 0.000000 0.000000 0.109357 0.301612 0.000000 0.000003 0.044066 0.138166 0.000000 0.169504 0.210009 
0.013508 0.000000 0.025184 0.126119 0.000000 0.761489 0.000000 0.023089 0.000000 0.027007 0.000000 0.023605 0.000000 
0.011462 0.000000 0.022199 0.927557 0.000000 0.000000 0.016033 0.000003 0.000000 0.022735 0.000000 0.000010 0.000000 
0.000000 0.017207 0.242992 0.000000 0.008524 0.000000 0.000000 0.188940 0.000000 0.152238 0.390089 0.000009 0.000000 
0.005250 0.000000 0.000000 0.000000 0.374344 0.214836 0.000000 0.000003 0.000000 0.107005 0.000000 0.298562 0.000000 
0.008773 0.053513 0.088996 0.555421 0.000000 0.000000 0.000000 0.070127 0.077517 0.136141 0.000000 0.009511 0.000000 
0.176331 0.000000 0.012903 0.000000 0.000000 0.719743 0.041394 0.007332 0.000000 0.032340 0.009943 0.000014 0.000000 
0.033539 0.065227 0.390557 0.000000 0.016241 0.000000 0.000000 0.315754 0.000000 0.178672 0.000000 0.000010 0.000000 
0.000000 0.000000 0.000000 0.000000 0.000000 0.968674 0.000000 0.000003 0.000000 0.016314 0.000000 0.015009 0.000000 
0.000000 0.000000 0.000000 0.000000 0.000000 0.191687 0.015981 0.000003 0.043371 0.074051 0.622093 0.015694 0.037120 
0.000000 0.112507 0.083592 0.000000 0.035545 0.000000 0.000000 0.065369 0.248725 0.290378 0.000000 0.065407 0.098477 
0.000000 0.000000 0.000000 0.000000 0.208985 0.010518 0.000000 0.031986 0.000000 0.536817 0.011439 0.200253 0.000000 
0.000000 0.043325 0.234357 0.000000 0.012823 0.156510 0.000000 0.232153 0.000000 0.149750 0.126996 0.009750 0.034336 
0.012796 0.065957 0.019773 0.520151 0.000000 0.104200 0.096315 0.060421 0.000000 0.091461 0.000000 0.028925 0.000000 
0.020907 0.038624 0.017137 0.225097 0.056170 0.000000 0.091818 0.053617 0.000000 0.454276 0.000000 0.042352 0.000000 
0.000000 0.037502 0.000000 0.000000 0.000000 0.076689 0.000000 0.000003 0.208314 0.296540 0.360977 0.019974 0.000000 
0.000000 0.094653 0.000000 0.000000 0.005206 0.000000 0.172725 0.031137 0.000000 0.122052 0.551422 0.022806 0.000000 
0.030268 0.000000 0.000000 0.000000 0.387622 0.000000 0.028091 0.000003 0.000000 0.236789 0.000000 0.296858 0.020367 
0.482734 0.000000 0.000000 0.210013 0.000000 0.000000 0.040637 0.046128 0.000000 0.176155 0.000000 0.005377 0.038956 
0.156346 0.088052 0.000000 0.000000 0.020298 0.000000 0.046111 0.000003 0.260198 0.251335 0.164794 0.012863 0.000000 
0.000000 0.000000 0.037715 0.168594 0.000000 0.732369 0.000000 0.000003 0.000000 0.034579 0.000000 0.026740 0.000000 
0.000000 0.013823 0.000000 0.000000 0.000000 0.000000 0.201941 0.055917 0.050891 0.125180 0.064562 0.044042 0.443644 
0.276798 0.000000 0.000000 0.000000 0.000000 0.514083 0.063504 0.056766 0.000000 0.060930 0.000000 0.027919 0.000000 
0.000000 0.020224 0.000000 0.019635 0.000000 0.014105 0.041701 0.025844 0.000000 0.037593 0.840889 0.000009 0.000000 
