-3870060.756088
0
0.041189 0.039112 0.001997 0.038642 0.010110 0.005737 0.000000 0.010982 0.019355 0.005222 0.008330 0.024690 0.015214 0.015008 0.016201 0.025108 0.015352 0.008037 0.009234 0.023580 0.000000 0.000000 0.008499 0.000000 0.034582 0.024017 0.001064 0.031915 0.007487 0.007222 0.000000 0.008574 0.000000 0.001661 0.001374 0.020042 0.013772 0.022660 0.017026 0.031797 0.004124 0.012663 0.004079 0.010019 0.000000 0.002438 0.006853 0.000000 0.023275 0.014544 0.000000 0.025301 0.003494 0.000000 0.000000 0.006934 0.000000 0.000002 0.004091 0.004958 0.008382 0.009515 0.009687 0.021578 0.004597 0.005709 0.004492 0.008842 0.000000 0.003029 0.008157 0.005708 0.027661 0.016714 0.000000 0.037337 0.005636 0.004170 0.000000 0.007901 0.008768 0.003796 0.000000 0.012673 0.014620 0.014212 0.008412 0.032826 0.003877 0.005543 0.000000 0.009289 0.000000 0.003489 0.005814 0.000000 
0.000000 0.000000 0.000000 0.000000 0.000000 0.000000 0.000000 0.000277 0.000001 0.019567 0.000000 0.004761 0.000775 0.000777 0.000910 0.003215 0.000400 0.000000 0.000895 0.000759 0.000000 0.000000 0.000623 0.000000 0.000667 0.000331 0.000000 0.001226 0.000129 0.000233 0.000838 0.000258 0.075680 0.101137 0.020592 0.080080 0.000000 0.001106 0.000664 0.001373 0.000986 0.000722 0.000799 0.004491 0.000000 0.001082 0.000656 0.001386 0.000000 0.000000 0.000000 0.000000 0.000000 0.000441 0.000000 0.000000 0.000000 0.021037 0.000000 0.016730 0.000000 0.000000 0.000506 0.000534 0.000137 0.000000 0.000356 0.007896 0.000000 0.000000 0.001875 0.000806 0.000699 0.001921 0.000000 0.001011 0.000000 0.001030 0.000000 0.000000 0.120801 0.291333 0.099886 0.085309 0.000947 0.001386 0.001188 0.004835 0.002336 0.001777 0.002021 0.002213 0.000000 0.001135 0.001054 0.001406 
0.000000 0.000000 0.000663 0.001270 0.001592 0.000000 0.000000 0.001792 0.031186 0.016197 0.029439 0.017756 0.000000 0.004934 0.000000 0.004128 0.004255 0.005300 0.030553 0.000000 0.000000 0.001633 0.000000 0.002415 0.012356 0.032148 0.014174 0.085561 0.000000 0.000000 0.000000 0.000000 0.000000 0.003070 0.077728 0.004484 0.000000 0.003560 0.001047 0.000850 0.007312 0.003863 0.038554 0.002098 0.000000 0.004580 0.007095 0.013437 0.000000 0.005780 0.003082 0.012360 0.000000 0.003339 0.000000 0.002117 0.084577 0.099788 0.144469 0.073501 0.000000 0.003835 0.000885 0.002738 0.012182 0.005733 0.015253 0.000000 0.000000 0.002433 0.001427 0.004606 0.000001 0.000001 0.000000 0.004289 0.000000 0.000000 0.000000 0.000000 0.003182 0.000002 0.011667 0.000822 0.000000 0.000000 0.000000 0.000000 0.004774 0.002775 0.012014 0.002012 0.000000 0.002759 0.000001 0.012567 
0.000000 0.000703 0.000303 0.008411 0.000305 0.000000 0.000000 0.000001 0.000001 0.002044 0.011240 0.004784 0.000000 0.000000 0.000000 0.000929 0.003615 0.005434 0.002291 0.004103 0.000000 0.004316 0.001407 0.014686 0.002401 0.000000 0.000545 0.015727 0.000000 0.000000 0.000000 0.000000 0.000000 0.000000 0.010176 0.002360 0.000000 0.000000 0.000000 0.000502 0.000458 0.002413 0.002006 0.001651 0.002029 0.002249 0.003314 0.019155 0.001093 0.001813 0.000154 0.007922 0.000000 0.000289 0.000000 0.000359 0.000000 0.013239 0.027046 0.016023 0.000000 0.000068 0.000000 0.000465 0.006662 0.010491 0.005584 0.012668 0.000000 0.002145 0.000989 0.002835 0.038188 0.010706 0.003333 0.313716 0.000000 0.000000 0.000000 0.000000 0.002549 0.017599 0.218336 0.038914 0.000000 0.000948 0.000000 0.002683 0.003282 0.010738 0.006571 0.009953 0.005011 0.010080 0.002036 0.065953 
0.036792 0.028966 0.021704 0.021262 0.009086 0.004962 0.003862 0.004473 0.010688 0.007820 0.000000 0.001317 0.002397 0.001172 0.009170 0.000000 0.006466 0.000000 0.007674 0.000000 0.000000 0.000000 0.000000 0.000000 0.050780 0.069159 0.010719 0.045388 0.011349 0.009731 0.007763 0.009568 0.024628 0.016927 0.007772 0.019227 0.006330 0.009169 0.038135 0.007763 0.005571 0.000000 0.011679 0.004462 0.000000 0.000000 0.004228 0.001456 0.042345 0.047339 0.026758 0.025770 0.008102 0.011516 0.008241 0.005772 0.009965 0.008257 0.000000 0.008720 0.007310 0.003847 0.015637 0.000980 0.006301 0.000000 0.004194 0.000000 0.000000 0.000000 0.000000 0.000000 0.034732 0.061164 0.012523 0.039755 0.002958 0.011028 0.004886 0.004851 0.000859 0.006255 0.000000 0.006674 0.002339 0.003303 0.008126 0.000000 0.002113 0.000886 0.004475 0.000000 0.000000 0.000000 0.002402 0.000000 
0.007263 0.007180 0.001503 0.003628 0.000000 0.002655 0.000000 0.001574 0.034706 0.014842 0.216883 0.011658 0.002787 0.001337 0.000000 0.006663 0.014324 0.005885 0.009848 0.007598 0.000000 0.001829 0.000000 0.003217 0.004034 0.006228 0.000000 0.005074 0.000000 0.000000 0.000000 0.000000 0.021010 0.016899 0.117668 0.014265 0.000000 0.000000 0.000000 0.000000 0.003820 0.003736 0.006718 0.005702 0.000000 0.001908 0.000834 0.000000 0.006819 0.005000 0.000000 0.002670 0.000000 0.002755 0.000000 0.000000 0.031886 0.033362 0.130580 0.018819 0.000000 0.000000 0.000000 0.000000 0.012869 0.006593 0.004836 0.011556 0.000000 0.000000 0.000000 0.000000 0.009443 0.010643 0.002942 0.009600 0.001018 0.000000 0.000000 0.000000 0.008054 0.000001 0.086850 0.007782 0.003594 0.001141 0.000000 0.000000 0.007413 0.004465 0.009389 0.005082 0.000000 0.000000 0.001566 0.000000 
0.006704 0.000000 0.000000 0.000000 0.015703 0.009498 0.003856 0.014248 0.025857 0.017381 0.000000 0.018179 0.006567 0.006706 0.013039 0.005403 0.048427 0.017431 0.041074 0.033206 0.000000 0.003735 0.005535 0.002956 0.000000 0.000000 0.004674 0.004404 0.008303 0.009636 0.004171 0.011601 0.030462 0.022285 0.008577 0.020802 0.002906 0.000000 0.007677 0.003952 0.018392 0.014725 0.026878 0.021648 0.000000 0.004166 0.007655 0.010041 0.005505 0.005427 0.003875 0.005867 0.006797 0.007365 0.000000 0.007090 0.032055 0.025918 0.004610 0.025871 0.007915 0.002833 0.007848 0.000000 0.021902 0.011628 0.020005 0.017921 0.002899 0.000000 0.007020 0.000000 0.009020 0.009950 0.005749 0.005879 0.000000 0.011120 0.002446 0.009105 0.011942 0.023643 0.000000 0.010972 0.005485 0.005919 0.006287 0.002626 0.024565 0.017929 0.019172 0.020696 0.000000 0.008249 0.006746 0.013685 
0.004647 0.000000 0.000000 0.000000 0.003038 0.000000 0.000000 0.001465 0.002916 0.005608 0.000000 0.003447 0.012116 0.001188 0.004768 0.017647 0.028106 0.011817 0.020041 0.025502 0.045256 0.006738 0.004833 0.026511 0.004506 0.000000 0.000000 0.002081 0.000823 0.001156 0.000000 0.003223 0.011208 0.006563 0.000836 0.006163 0.003851 0.000837 0.002828 0.000983 0.019437 0.013238 0.018708 0.034191 0.028586 0.008052 0.015587 0.069109 0.010216 0.007894 0.000000 0.004482 0.000000 0.004174 0.000000 0.004123 0.000000 0.004109 0.000000 0.009349 0.002459 0.001637 0.001505 0.000000 0.009501 0.011336 0.011040 0.014522 0.011184 0.000000 0.004815 0.023814 0.022226 0.000001 0.000000 0.033453 0.003135 0.002480 0.000000 0.004213 0.002597 0.009458 0.000000 0.009220 0.023474 0.000000 0.016240 0.010007 0.019006 0.016892 0.011611 0.040448 0.064941 0.009794 0.010238 0.076797 
0.000000 0.000000 0.000000 0.000000 0.000000 0.000000 0.000226 0.000745 0.006957 0.002621 0.001654 0.003073 0.000000 0.000000 0.000000 0.000000 0.001274 0.000000 0.000863 0.001611 0.000000 0.000000 0.000000 0.000642 0.000000 0.000000 0.000000 0.000001 0.000000 0.000000 0.000000 0.000000 0.013200 0.000000 0.003396 0.004952 0.000000 0.000000 0.000000 0.000556 0.000574 0.000000 0.000348 0.000002 0.000000 0.000000 0.000001 0.000000 0.000000 0.000000 0.000000 0.000000 0.000000 0.000000 0.000000 0.000188 0.008204 0.001440 0.000000 0.002449 0.000000 0.000000 0.000000 0.000000 0.000001 0.000000 0.000001 0.000000 0.000178 0.000000 0.000000 0.000000 0.015586 0.006649 0.002262 0.011825 0.039197 0.000000 0.000000 0.071443 0.440240 0.075222 0.045105 0.236518 0.000000 0.000000 0.000000 0.000000 0.000001 0.000186 0.000421 0.000000 0.000000 0.000000 0.000188 0.000000 
0.009597 0.000000 0.004089 0.000000 0.052176 0.026013 0.015736 0.048595 0.016458 0.007632 0.000000 0.004489 0.000000 0.000000 0.000000 0.000000 0.000005 0.008773 0.000006 0.000000 0.000000 0.000000 0.014875 0.013751 0.010706 0.018627 0.000000 0.000002 0.037255 0.025776 0.011576 0.057312 0.021588 0.000961 0.003352 0.008658 0.004506 0.006472 0.009860 0.003983 0.005318 0.017202 0.001323 0.006463 0.000000 0.010891 0.013392 0.004571 0.000000 0.007849 0.000000 0.000000 0.030492 0.023829 0.005477 0.040606 0.032959 0.009329 0.000000 0.009903 0.000000 0.001322 0.008719 0.000000 0.003386 0.003116 0.000926 0.000000 0.000000 0.000000 0.031376 0.000000 0.000003 0.025440 0.000000 0.000035 0.042841 0.051779 0.008937 0.084495 0.005662 0.000561 0.000000 0.001559 0.000000 0.007165 0.000000 0.000000 0.006420 0.014111 0.005921 0.000000 0.000000 0.000000 0.019290 0.014504 
0.232579 0.060053 0.029139 0.000000 0.171461 0.351606 0.000000 0.037647 0.117515 0.000000 
0.005421 0.040111 0.000000 0.000000 0.011266 0.004520 0.000000 0.006068 0.932614 0.000000 
0.442946 0.026637 0.042396 0.000000 0.090654 0.070194 0.216565 0.061259 0.016383 0.032966 
0.037268 0.608987 0.000000 0.287949 0.029265 0.012714 0.000000 0.000161 0.011521 0.012136 
0.003622 0.036640 0.010113 0.900053 0.005979 0.043531 0.000000 0.000062 0.000000 0.000000 
0.120852 0.166001 0.175611 0.000000 0.000004 0.118307 0.000000 0.408361 0.010864 0.000000 
0.162950 0.010691 0.000000 0.000000 0.665422 0.018161 0.000000 0.142775 0.000000 0.000000 
0.191594 0.063460 0.000000 0.000000 0.007044 0.034377 0.339210 0.051739 0.294220 0.018356 
0.337233 0.033306 0.000000 0.010668 0.008557 0.015499 0.219991 0.072736 0.139498 0.162513 
0.270763 0.051996 0.211239 0.027451 0.214279 0.163381 0.000000 0.041989 0.000000 0.018902 
0.032170 0.008776 0.000000 0.839709 0.053603 0.016961 0.000000 0.048780 0.000000 0.000000 
0.266097 0.032498 0.209566 0.042262 0.000005 0.114893 0.074262 0.053733 0.006546 0.200140 
0.606148 0.011353 0.000000 0.000000 0.207700 0.040326 0.014580 0.061279 0.000000 0.058614 
0.176342 0.012607 0.048604 0.028713 0.000005 0.199976 0.000000 0.513438 0.000000 0.020316 
0.123440 0.193202 0.000000 0.000000 0.402349 0.219750 0.036851 0.004373 0.020036 0.000000 
0.212153 0.028547 0.000000 0.365406 0.000004 0.042721 0.223967 0.047098 0.000000 0.080102 
0.058970 0.012133 0.000000 0.901233 0.020234 0.000184 0.000000 0.000062 0.007184 0.000000 
0.181734 0.000061 0.000000 0.000000 0.305423 0.036971 0.051817 0.388544 0.000000 0.035449 
0.014939 0.914947 0.007833 0.000000 0.023883 0.034659 0.000000 0.003739 0.000000 0.000000 
0.183992 0.000067 0.000000 0.000000 0.252490 0.039957 0.071532 0.443423 0.008538 0.000000 
0.228446 0.010678 0.000000 0.000000 0.117385 0.040560 0.000000 0.153846 0.449085 0.000000 
0.045108 0.021638 0.000000 0.567098 0.037023 0.217150 0.000000 0.082041 0.029942 0.000000 
0.496616 0.000067 0.021916 0.000000 0.000005 0.047167 0.029038 0.405190 0.000000 0.000000 
0.291027 0.054598 0.013806 0.000000 0.341759 0.000177 0.069478 0.051963 0.000000 0.177190 
0.007416 0.647829 0.000000 0.330115 0.000005 0.000159 0.000000 0.000054 0.014422 0.000000 
0.150585 0.072888 0.075044 0.000000 0.000005 0.331412 0.299028 0.051963 0.000000 0.019076 
0.048816 0.815922 0.000000 0.000000 0.000004 0.020310 0.000000 0.114948 0.000000 0.000000 
0.103585 0.229736 0.000000 0.259971 0.245716 0.160901 0.000000 0.000091 0.000000 0.000000 
0.138814 0.451697 0.000000 0.000000 0.000005 0.023882 0.095861 0.281798 0.007945 0.000000 
0.026970 0.644622 0.000000 0.203306 0.115992 0.000302 0.000000 0.008808 0.000000 0.000000 
0.066226 0.035758 0.000000 0.000000 0.010184 0.015020 0.000000 0.131287 0.741525 0.000000 
0.508187 0.309039 0.000000 0.000000 0.046575 0.038677 0.000000 0.065706 0.000000 0.031816 
0.205497 0.000078 0.000000 0.016076 0.051761 0.070199 0.565707 0.090682 0.000000 0.000000 
0.172372 0.043992 0.000000 0.324166 0.022621 0.040656 0.338832 0.057361 0.000000 0.000000 
0.003718 0.985589 0.000000 0.000000 0.000005 0.001176 0.000000 0.000044 0.009469 0.000000 
0.013472 0.154823 0.514791 0.000000 0.008978 0.255138 0.039683 0.013115 0.000000 0.000000 
0.330623 0.050930 0.000000 0.000000 0.020088 0.503934 0.040555 0.044423 0.000000 0.009446 
0.161341 0.019283 0.021888 0.235656 0.016452 0.046130 0.432153 0.067097 0.000000 0.000000 
0.329868 0.207155 0.000000 0.000000 0.048891 0.000178 0.110055 0.073060 0.000000 0.230793 
0.202683 0.046562 0.000000 0.000000 0.000005 0.548480 0.067413 0.053143 0.000000 0.081714 
0.535279 0.018489 0.075143 0.000000 0.038844 0.147856 0.000000 0.082047 0.102340 0.000000 
0.276406 0.026181 0.022289 0.006700 0.031116 0.258014 0.113722 0.058746 0.018799 0.188026 
0.209962 0.022767 0.017578 0.000000 0.018200 0.046534 0.050454 0.634505 0.000000 0.000000 
0.629081 0.000073 0.000000 0.000000 0.224126 0.047521 0.000000 0.099200 0.000000 0.000000 
0.034123 0.050754 0.000000 0.000000 0.010866 0.143791 0.034407 0.032400 0.693659 0.000000 
0.015404 0.660945 0.029388 0.036012 0.008728 0.011239 0.000000 0.009194 0.229089 0.000000 
0.103969 0.211050 0.024480 0.000000 0.202195 0.290602 0.028145 0.059997 0.079562 0.000000 
0.482475 0.015289 0.023783 0.000000 0.000005 0.029670 0.117338 0.086989 0.000000 0.244451 
0.517480 0.008410 0.000000 0.032135 0.027836 0.320314 0.042363 0.051463 0.000000 0.000000 
0.314734 0.020856 0.000000 0.000000 0.090539 0.018063 0.129023 0.264838 0.000000 0.161947 
0.711741 0.071948 0.000000 0.037984 0.047784 0.060480 0.000000 0.070062 0.000000 0.000000 
0.046274 0.012890 0.298446 0.080932 0.360801 0.180752 0.000000 0.000076 0.019828 0.000000 
0.042313 0.031318 0.000000 0.094115 0.172006 0.027138 0.000000 0.000059 0.622158 0.010892 
0.017169 0.877590 0.000000 0.022117 0.003181 0.002931 0.000000 0.016914 0.060098 0.000000 
0.151730 0.000073 0.000000 0.000000 0.805718 0.023905 0.000000 0.000085 0.000000 0.018488 
0.169082 0.005708 0.000000 0.000000 0.777407 0.004632 0.033139 0.000060 0.000000 0.009972 
0.051730 0.016460 0.603682 0.000000 0.000005 0.308399 0.000000 0.005654 0.014070 0.000000 
0.204652 0.008001 0.000000 0.042986 0.039007 0.068417 0.578992 0.057946 0.000000 0.000000 
0.013203 0.977497 0.000000 0.000000 0.000004 0.006541 0.000000 0.000054 0.002701 0.000000 
0.174891 0.023478 0.000000 0.000000 0.043056 0.213300 0.464672 0.080603 0.000000 0.000000 
0.043006 0.037193 0.000000 0.716466 0.013268 0.127907 0.045195 0.016966 0.000000 0.000000 
0.005220 0.018959 0.622937 0.000000 0.000004 0.347504 0.000000 0.005375 0.000000 0.000000 
0.294163 0.019493 0.000000 0.074287 0.030706 0.054448 0.157087 0.369815 0.000000 0.000000 
0.232375 0.097030 0.000000 0.000000 0.000005 0.415651 0.042254 0.085302 0.012149 0.115234 
0.351877 0.019497 0.000000 0.000000 0.239627 0.001571 0.108047 0.060416 0.000000 0.218964 
0.186558 0.019431 0.051789 0.000000 0.022932 0.071806 0.326587 0.320897 0.000000 0.000000 
0.011230 0.039073 0.000000 0.937274 0.012219 0.000145 0.000000 0.000060 0.000000 0.000000 
0.409976 0.000073 0.035915 0.013141 0.402772 0.051960 0.032408 0.035209 0.018546 0.000000 
0.215402 0.019824 0.023468 0.000000 0.015164 0.000362 0.109445 0.129664 0.310091 0.176580 
0.135459 0.078639 0.020008 0.000000 0.486106 0.014259 0.000000 0.265529 0.000000 0.000000 
0.162755 0.026834 0.000000 0.000000 0.017209 0.174696 0.234810 0.051198 0.332498 0.000000 
0.097175 0.032361 0.000000 0.017503 0.350436 0.433900 0.036443 0.032181 0.000000 0.000000 
0.230341 0.014248 0.000000 0.042508 0.000004 0.157138 0.000000 0.530411 0.000000 0.025349 
0.042399 0.022600 0.089519 0.668587 0.005748 0.071039 0.082032 0.009235 0.000000 0.008841 
0.085281 0.014759 0.350728 0.000000 0.011592 0.201245 0.000000 0.160671 0.161820 0.013904 
0.009408 0.018449 0.000000 0.971863 0.000004 0.000227 0.000000 0.000048 0.000000 0.000000 
0.127989 0.192526 0.000000 0.050000 0.054473 0.236826 0.296688 0.041498 0.000000 0.000000 
0.547649 0.090694 0.000000 0.000000 0.036882 0.242630 0.000000 0.082145 0.000000 0.000000 
0.592214 0.000081 0.000000 0.000000 0.137949 0.040704 0.000000 0.052384 0.176667 0.000000 
0.017199 0.015467 0.432903 0.026457 0.000005 0.236069 0.000000 0.006504 0.257127 0.008268 
0.207014 0.008305 0.064769 0.000000 0.022186 0.137308 0.464570 0.066811 0.000000 0.029040 
0.097699 0.034376 0.317320 0.008264 0.000004 0.496790 0.028065 0.017481 0.000000 0.000000 
0.012142 0.015636 0.000000 0.931415 0.027629 0.013118 0.000000 0.000059 0.000000 0.000000 
0.162911 0.287711 0.042056 0.000000 0.079010 0.024897 0.000000 0.370405 0.000000 0.033009 
0.159471 0.776655 0.000000 0.000000 0.022018 0.019987 0.000000 0.021868 0.000000 0.000000 
0.089431 0.535564 0.000000 0.000000 0.283614 0.006463 0.000000 0.069970 0.000000 0.014958 
0.100950 0.037049 0.040738 0.009081 0.000005 0.689992 0.047776 0.039461 0.000000 0.034947 
0.093406 0.291393 0.000000 0.000000 0.000005 0.578390 0.000000 0.022384 0.000000 0.014422 
0.073519 0.020719 0.148177 0.415761 0.000004 0.075532 0.000000 0.123504 0.120247 0.022537 
0.155322 0.149305 0.000000 0.000000 0.414240 0.026500 0.000000 0.233662 0.020972 0.000000 
0.246973 0.040872 0.000000 0.000000 0.059662 0.066895 0.480457 0.077627 0.027514 0.000000 
0.025050 0.097210 0.000000 0.034484 0.008313 0.014022 0.026321 0.008332 0.786268 0.000000 
0.072107 0.348367 0.000000 0.000000 0.017688 0.414065 0.000000 0.136777 0.000000 0.010995 
0.078617 0.038200 0.000000 0.659265 0.000004 0.022279 0.047006 0.154629 0.000000 0.000000 
0.033853 0.036269 0.000000 0.000000 0.015273 0.015201 0.000000 0.071443 0.827962 0.000000 
0.102516 0.050157 0.000000 0.000000 0.014729 0.691435 0.064408 0.063414 0.013341 0.000000 
0.540558 0.013131 0.000000 0.000000 0.027156 0.054355 0.137475 0.096370 0.024491 0.106464 
0.130508 0.047538 0.000000 0.000000 0.000005 0.733823 0.047196 0.040930 0.000000 0.000000 
0.049579 0.020771 0.371315 0.196599 0.005126 0.225540 0.117426 0.013643 0.000000 0.000000 
0.295270 0.044048 0.000000 0.000000 0.200108 0.013544 0.000000 0.017391 0.429640 0.000000 
0.147475 0.010773 0.000000 0.034598 0.431419 0.092864 0.000000 0.059857 0.212929 0.010083 
0.519769 0.133930 0.000000 0.000000 0.069018 0.056142 0.052345 0.168795 0.000000 0.000000 
0.241418 0.019051 0.000000 0.000000 0.000004 0.056933 0.385440 0.297153 0.000000 0.000000 
0.369753 0.000085 0.000000 0.081004 0.016553 0.039641 0.048689 0.436283 0.007992 0.000000 
0.324189 0.100032 0.000000 0.052322 0.029912 0.000419 0.125735 0.076859 0.000000 0.290532 
0.016578 0.944331 0.000000 0.003699 0.003332 0.002228 0.019742 0.000042 0.010049 0.000000 
0.079921 0.010742 0.278120 0.180178 0.000005 0.177653 0.000000 0.273382 0.000000 0.000000 
0.471367 0.000081 0.000000 0.026050 0.048535 0.067217 0.323514 0.063237 0.000000 0.000000 
0.014147 0.943500 0.000000 0.000000 0.000004 0.017810 0.020273 0.004266 0.000000 0.000000 
0.097142 0.481672 0.000000 0.336846 0.052418 0.031841 0.000000 0.000081 0.000000 0.000000 
0.227510 0.014783 0.000000 0.105580 0.039704 0.070711 0.419064 0.074446 0.000000 0.048201 
0.169029 0.023765 0.000000 0.045217 0.024406 0.134320 0.390007 0.078501 0.134755 0.000000 
0.193952 0.009881 0.059928 0.018048 0.046904 0.088986 0.508235 0.074067 0.000000 0.000000 
0.099026 0.033999 0.101390 0.000000 0.196601 0.550802 0.000000 0.018182 0.000000 0.000000 
0.014822 0.031127 0.000000 0.000000 0.000005 0.008931 0.000000 0.000040 0.937951 0.007124 
0.205311 0.007646 0.000000 0.000000 0.447256 0.163621 0.148270 0.027897 0.000000 0.000000 
0.072126 0.114181 0.000000 0.012538 0.032993 0.726357 0.000000 0.025612 0.000000 0.016194 
0.076971 0.076868 0.000000 0.115068 0.011345 0.638952 0.054303 0.019720 0.006774 0.000000 
0.233778 0.026187 0.287408 0.000000 0.013381 0.233813 0.047569 0.049814 0.000000 0.108051 
0.012482 0.904945 0.034970 0.000000 0.004936 0.038065 0.000000 0.004603 0.000000 0.000000 
0.169979 0.068506 0.000000 0.030223 0.015088 0.604363 0.000000 0.111841 0.000000 0.000000 
0.141349 0.003535 0.000000 0.183316 0.657387 0.003788 0.000000 0.000068 0.000000 0.010558 
0.123670 0.821398 0.010881 0.000000 0.000005 0.000124 0.030360 0.007815 0.000000 0.005747 
0.308128 0.043485 0.000000 0.181421 0.000005 0.016952 0.126592 0.056295 0.000000 0.267122 
0.074795 0.014675 0.000000 0.666213 0.018373 0.060735 0.000000 0.020061 0.145147 0.000000 
0.014076 0.457087 0.000000 0.501548 0.000005 0.017543 0.000000 0.000050 0.000000 0.009690 
0.210195 0.047645 0.058522 0.015646 0.053058 0.420095 0.114898 0.033644 0.000000 0.046296 
0.126066 0.014454 0.000000 0.238890 0.054996 0.079872 0.342039 0.039903 0.103779 0.000000 
0.168446 0.018850 0.000000 0.335824 0.016799 0.039934 0.378855 0.041292 0.000000 0.000000 
0.286007 0.008669 0.000000 0.177740 0.489601 0.018684 0.000000 0.019297 0.000000 0.000000 
0.236341 0.054867 0.000000 0.000000 0.012844 0.021191 0.156297 0.042493 0.427018 0.048950 
0.249273 0.017444 0.372484 0.000000 0.000006 0.247998 0.000000 0.035119 0.077677 0.000000 
0.661937 0.085601 0.000000 0.000000 0.047731 0.062752 0.000000 0.052636 0.089343 0.000000 
0.203499 0.004232 0.000000 0.000000 0.040065 0.075870 0.550885 0.056150 0.043040 0.026257 
0.657843 0.015307 0.000000 0.000000 0.080539 0.132480 0.000000 0.113830 0.000000 0.000000 
0.196483 0.000061 0.000000 0.000000 0.600500 0.014203 0.093210 0.027721 0.007013 0.060809 
0.149831 0.127290 0.139367 0.000000 0.194008 0.124430 0.219659 0.017956 0.000000 0.027459 
0.622178 0.000068 0.000000 0.110555 0.063071 0.061150 0.042065 0.100913 0.000000 0.000000 
0.152707 0.173814 0.000000 0.223568 0.000005 0.053857 0.334324 0.061725 0.000000 0.000000 
0.193724 0.020630 0.000000 0.000000 0.054727 0.074296 0.479641 0.059846 0.117137 0.000000 
0.038906 0.720432 0.000000 0.000000 0.025263 0.005052 0.115754 0.032171 0.062422 0.000000 
0.095705 0.772584 0.000000 0.022900 0.000005 0.007527 0.040035 0.008586 0.000000 0.052658 
0.008908 0.628046 0.203139 0.000000 0.000005 0.122156 0.033482 0.004264 0.000000 0.000000 
0.268015 0.022316 0.054114 0.000000 0.006329 0.031934 0.000000 0.504445 0.000000 0.112848 
0.155606 0.044735 0.000000 0.010082 0.377181 0.219835 0.000000 0.167112 0.013010 0.012439 
0.153523 0.021007 0.000000 0.000000 0.000005 0.049444 0.156885 0.349196 0.243346 0.026593 
0.286132 0.004341 0.000000 0.000000 0.000004 0.161400 0.036355 0.459908 0.051859 0.000000 
0.381850 0.000081 0.000000 0.017226 0.000005 0.062898 0.077172 0.430103 0.000000 0.030666 
0.244431 0.027261 0.000000 0.000000 0.104017 0.265740 0.136729 0.064841 0.000000 0.156981 
0.097784 0.152534 0.000000 0.162657 0.000005 0.016800 0.015700 0.166657 0.368721 0.019141 
0.088614 0.018286 0.013077 0.000000 0.187838 0.016922 0.000000 0.008668 0.666594 0.000000 
0.481650 0.271431 0.000000 0.000000 0.015781 0.023127 0.051833 0.050489 0.000000 0.105689 
0.181569 0.017504 0.069954 0.000000 0.031711 0.071176 0.365780 0.238124 0.000000 0.024182 
0.031093 0.032255 0.104680 0.007830 0.000005 0.058136 0.000000 0.001415 0.754388 0.010197 
0.064272 0.011651 0.470866 0.000000 0.155188 0.252459 0.000000 0.030560 0.000000 0.015003 
0.360405 0.033808 0.000000 0.000000 0.154137 0.000262 0.148922 0.059846 0.000000 0.242620 
0.215447 0.068429 0.000000 0.000000 0.278573 0.034011 0.315663 0.045513 0.026222 0.016141 
0.084526 0.013413 0.000000 0.638432 0.014258 0.023581 0.200648 0.025142 0.000000 0.000000 
0.021725 0.012156 0.000000 0.910228 0.009703 0.028888 0.000000 0.017300 0.000000 0.000000 
0.086888 0.008493 0.000000 0.015585 0.668548 0.184687 0.022566 0.000049 0.000000 0.013184 
0.115503 0.016315 0.279439 0.000000 0.023149 0.190615 0.341478 0.033500 0.000000 0.000000 
0.741578 0.027911 0.000000 0.017134 0.071480 0.049582 0.000000 0.083521 0.000000 0.008795 
0.231817 0.011557 0.000000 0.398540 0.000005 0.006901 0.080981 0.126901 0.000000 0.143299 
0.145323 0.024992 0.000000 0.194177 0.249798 0.260979 0.000000 0.015895 0.108836 0.000000 
0.494390 0.026706 0.000000 0.000000 0.000005 0.015168 0.124206 0.082104 0.000000 0.257420 
0.202022 0.007510 0.000000 0.000000 0.279642 0.048427 0.087810 0.374589 0.000000 0.000000 
0.210691 0.032586 0.000000 0.000000 0.217260 0.021488 0.000000 0.020053 0.497922 0.000000 
0.080570 0.019392 0.000000 0.000000 0.209366 0.013346 0.126938 0.014301 0.536087 0.000000 
0.074964 0.025676 0.022406 0.655868 0.000005 0.024669 0.045102 0.062470 0.076276 0.012565 
0.006252 0.250544 0.198315 0.000000 0.017482 0.136565 0.000000 0.003532 0.387309 0.000000 
0.107167 0.350803 0.000000 0.121133 0.021395 0.154773 0.218773 0.020451 0.000000 0.005505 
0.178882 0.155563 0.000000 0.000000 0.010723 0.032476 0.000000 0.578204 0.000000 0.044152 
0.072395 0.059007 0.000000 0.000000 0.150649 0.014821 0.000000 0.022693 0.680436 0.000000 
0.131280 0.023284 0.036516 0.326366 0.023162 0.165868 0.244007 0.049515 0.000000 0.000000 
0.022033 0.022862 0.645191 0.000000 0.000004 0.303850 0.000000 0.006059 0.000000 0.000000 
0.191804 0.007527 0.018932 0.011078 0.730397 0.000323 0.000000 0.009136 0.000000 0.030803 
0.149091 0.000085 0.000000 0.000000 0.010619 0.048246 0.000000 0.487095 0.304864 0.000000 
0.330756 0.042552 0.000000 0.165066 0.000005 0.000216 0.137602 0.062579 0.000000 0.261225 
0.125923 0.057743 0.000000 0.000000 0.074500 0.015119 0.000000 0.006296 0.720418 0.000000 
0.161385 0.017243 0.000000 0.037700 0.000005 0.244612 0.076130 0.455875 0.007049 0.000000 
0.164677 0.080890 0.000000 0.127335 0.000005 0.085681 0.200270 0.129037 0.171822 0.040284 
0.101629 0.059228 0.000000 0.000000 0.000004 0.766099 0.040065 0.027426 0.005549 0.000000 
0.038642 0.116796 0.463180 0.000000 0.117156 0.244229 0.000000 0.006028 0.000000 0.013970 
0.221066 0.109221 0.013431 0.000000 0.625468 0.007489 0.000000 0.023326 0.000000 0.000000 
0.223110 0.004652 0.000000 0.000000 0.387162 0.025058 0.281267 0.039432 0.009732 0.029588 
0.038384 0.721401 0.140849 0.000000 0.000004 0.078535 0.000000 0.002619 0.000000 0.018208 
0.046092 0.584352 0.049705 0.008445 0.000005 0.073032 0.000000 0.231972 0.000000 0.006398 
0.001629 0.021713 0.000000 0.969705 0.006776 0.000122 0.000000 0.000054 0.000000 0.000000 
0.108864 0.036228 0.000000 0.004034 0.193563 0.613370 0.033858 0.010083 0.000000 0.000000 
0.123945 0.028706 0.000000 0.387479 0.019027 0.266972 0.124552 0.035259 0.011748 0.002312 
0.088574 0.373910 0.000000 0.138565 0.000004 0.058753 0.028142 0.312052 0.000000 0.000000 
0.601671 0.000086 0.037463 0.000000 0.026770 0.100872 0.050193 0.048841 0.134105 0.000000 
0.387937 0.271201 0.000000 0.008168 0.024275 0.052054 0.000000 0.045341 0.147656 0.063368 
0.128727 0.178272 0.288016 0.015844 0.000005 0.139142 0.000000 0.181161 0.000000 0.068833 
0.266274 0.025612 0.000000 0.000000 0.007722 0.031972 0.248672 0.294687 0.035684 0.089378 
0.177493 0.000062 0.000000 0.024557 0.074863 0.066941 0.132402 0.489234 0.034448 0.000000 
0.018394 0.032734 0.557961 0.026248 0.000005 0.221935 0.000000 0.001974 0.133856 0.006893 
0.034501 0.086269 0.031223 0.076310 0.000005 0.022055 0.000000 0.008715 0.717649 0.023272 
0.064947 0.040816 0.000000 0.425331 0.000004 0.075815 0.000000 0.061276 0.322428 0.009383 
0.570448 0.006875 0.087735 0.000000 0.096612 0.084843 0.089924 0.063562 0.000000 0.000000 
0.107540 0.031037 0.065120 0.000000 0.286503 0.105347 0.071177 0.014924 0.318352 0.000000 
0.127969 0.038837 0.000000 0.014975 0.000004 0.544789 0.000000 0.247989 0.000000 0.025436 
0.043102 0.011777 0.000000 0.476023 0.000005 0.016757 0.021949 0.092768 0.331532 0.006088 
0.538720 0.000075 0.018030 0.027213 0.000005 0.037156 0.130704 0.089010 0.000000 0.159087 
0.820401 0.001699 0.000000 0.000000 0.060810 0.058804 0.000000 0.058285 0.000000 0.000000 
0.049830 0.862205 0.000000 0.000000 0.011391 0.011365 0.040000 0.011106 0.000000 0.014103 
0.356849 0.063671 0.039850 0.000000 0.137130 0.029042 0.058535 0.073059 0.000000 0.241864 
0.118920 0.064567 0.042051 0.034444 0.555967 0.000185 0.041809 0.008227 0.133830 0.000000 
0.084663 0.067563 0.000000 0.167911 0.036900 0.577041 0.000000 0.011853 0.054070 0.000000 
0.200557 0.012756 0.000000 0.039871 0.467101 0.016765 0.000000 0.024315 0.218218 0.020417 
0.269398 0.023043 0.193750 0.000000 0.219676 0.105980 0.040627 0.036603 0.000000 0.110923 
0.013100 0.034573 0.000000 0.019153 0.006147 0.016372 0.000000 0.005259 0.905397 0.000000 
0.188201 0.018825 0.000000 0.000000 0.058411 0.028187 0.157459 0.074130 0.400542 0.074246 
0.469589 0.020477 0.000000 0.009754 0.035726 0.415082 0.000000 0.039001 0.000000 0.010371 
0.112011 0.746699 0.000000 0.000000 0.012564 0.016823 0.000000 0.021020 0.000000 0.090883 
0.036155 0.028621 0.619034 0.000000 0.000004 0.280694 0.000000 0.005553 0.000000 0.029939 
0.090491 0.085979 0.000000 0.088085 0.000005 0.497772 0.092809 0.022298 0.093889 0.028672 
0.718606 0.010702 0.000000 0.015351 0.049949 0.048965 0.000000 0.059978 0.096450 0.000000 
0.170943 0.196623 0.030024 0.046133 0.030041 0.055603 0.410601 0.060032 0.000000 0.000000 
0.112177 0.011348 0.148461 0.304030 0.255897 0.073822 0.063580 0.000071 0.000000 0.030614 
0.017258 0.019494 0.000000 0.759812 0.011060 0.020428 0.000000 0.051422 0.120526 0.000000 
0.010492 0.046247 0.000000 0.000000 0.017389 0.013705 0.000000 0.028007 0.884159 0.000000 
0.138059 0.400064 0.019168 0.000000 0.000004 0.015842 0.000000 0.426863 0.000000 0.000000 
0.111719 0.020952 0.000000 0.209469 0.647833 0.009960 0.000000 0.000068 0.000000 0.000000 
0.142164 0.040779 0.000000 0.000000 0.005854 0.020940 0.000000 0.190508 0.526670 0.073085 
0.023112 0.039733 0.000000 0.710311 0.000005 0.180609 0.018734 0.027496 0.000000 0.000000 
0.196803 0.000080 0.000000 0.000000 0.000004 0.073855 0.000000 0.729257 0.000000 0.000000 
0.009082 0.020286 0.000000 0.957938 0.000005 0.012638 0.000000 0.000050 0.000000 0.000000 
0.062932 0.644822 0.035263 0.189458 0.000005 0.011801 0.031783 0.000138 0.000000 0.023798 
0.331039 0.036323 0.106974 0.000000 0.065118 0.027423 0.000000 0.227918 0.000000 0.205203 
0.526071 0.014876 0.000000 0.000000 0.404222 0.018741 0.000000 0.036089 0.000000 0.000000 
0.154029 0.139271 0.030287 0.139583 0.013729 0.045233 0.000000 0.477868 0.000000 0.000000 
0.085026 0.021538 0.000000 0.101048 0.025332 0.033364 0.161657 0.068892 0.503142 0.000000 
0.446120 0.012450 0.000000 0.000000 0.089088 0.045882 0.123774 0.068496 0.214192 0.000000 
0.306087 0.384637 0.000000 0.074560 0.000005 0.000241 0.053188 0.034588 0.000000 0.146693 
0.105912 0.568322 0.000000 0.000000 0.026841 0.027595 0.241854 0.029476 0.000000 0.000000 
0.242708 0.001667 0.021076 0.000000 0.676445 0.044015 0.000000 0.014088 0.000000 0.000000 
0.175018 0.037602 0.000000 0.011516 0.000005 0.504257 0.040558 0.016563 0.205818 0.008664 
0.278172 0.197390 0.000000 0.000000 0.000005 0.158203 0.119733 0.049774 0.000000 0.196724 
0.010605 0.023337 0.000000 0.726821 0.027278 0.000161 0.000000 0.050827 0.160971 0.000000 
0.105410 0.072553 0.312692 0.000000 0.015297 0.183736 0.266646 0.029262 0.000000 0.014403 
0.051143 0.022093 0.000000 0.518231 0.018279 0.287730 0.065224 0.037301 0.000000 0.000000 
0.025151 0.867964 0.000000 0.011210 0.000004 0.005553 0.055108 0.015306 0.019703 0.000000 
0.210737 0.352849 0.000000 0.000000 0.204323 0.009483 0.075290 0.023683 0.008972 0.114664 
0.752360 0.007760 0.000000 0.000000 0.102258 0.065475 0.000000 0.072148 0.000000 0.000000 
0.020637 0.097935 0.000000 0.832273 0.014771 0.034315 0.000000 0.000069 0.000000 0.000000 
0.059462 0.040252 0.118376 0.150389 0.012960 0.532535 0.000000 0.067781 0.000000 0.018246 
0.263338 0.004640 0.000000 0.049745 0.041275 0.184273 0.000000 0.017512 0.439218 0.000000 
0.023044 0.879493 0.003341 0.000000 0.000005 0.000137 0.000000 0.041397 0.041242 0.011340 
0.180466 0.000060 0.000000 0.000000 0.000005 0.080146 0.172698 0.553697 0.000000 0.012928 
0.142168 0.000082 0.154436 0.010487 0.000004 0.089423 0.000000 0.459425 0.143974 0.000000 
0.025612 0.879926 0.005270 0.000000 0.074926 0.000102 0.000000 0.000677 0.013486 0.000000 
0.260048 0.007288 0.000000 0.456876 0.074645 0.033108 0.037040 0.030366 0.000000 0.100628 
0.049173 0.009200 0.000000 0.563600 0.024801 0.268462 0.043108 0.000057 0.041601 0.000000 
0.100972 0.042887 0.000000 0.016845 0.043080 0.739966 0.000000 0.045717 0.010533 0.000000 
0.518060 0.025047 0.000000 0.000000 0.000005 0.015433 0.113888 0.061083 0.000000 0.266484 
0.205290 0.013014 0.000000 0.020962 0.034727 0.068589 0.582243 0.075175 0.000000 0.000000 
0.041358 0.184167 0.000000 0.000000 0.112113 0.031446 0.000000 0.000115 0.630801 0.000000 
0.153046 0.002842 0.000000 0.000000 0.031730 0.211676 0.028974 0.519642 0.052089 0.000000 
0.135447 0.072170 0.065441 0.000000 0.000005 0.608701 0.021262 0.040657 0.000000 0.056317 
0.162268 0.023581 0.033904 0.000000 0.506971 0.039679 0.000000 0.005953 0.213445 0.014199 
0.014248 0.961315 0.000000 0.022755 0.000004 0.001643 0.000000 0.000034 0.000000 0.000000 
0.243293 0.077435 0.000000 0.000000 0.477428 0.008444 0.042485 0.027507 0.051779 0.071631 
0.131278 0.439293 0.000000 0.000000 0.026923 0.194372 0.000000 0.016382 0.191752 0.000000 
0.054430 0.814150 0.000000 0.000000 0.025907 0.000426 0.032801 0.030402 0.000000 0.041885 
0.069882 0.226985 0.000000 0.212521 0.409427 0.037743 0.000000 0.000056 0.043386 0.000000 
0.100822 0.042177 0.000000 0.000000 0.074701 0.004339 0.000000 0.008357 0.769604 0.000000 
0.031974 0.056878 0.000000 0.000000 0.000005 0.175599 0.041446 0.000094 0.687632 0.006371 
0.537745 0.014271 0.000000 0.000000 0.052181 0.053205 0.000000 0.080816 0.218090 0.043691 
0.167712 0.045862 0.000000 0.000000 0.032715 0.407737 0.276931 0.047754 0.000000 0.021289 
0.507443 0.099678 0.008166 0.000000 0.021722 0.037326 0.055572 0.035162 0.182714 0.052217 
0.121247 0.594229 0.000000 0.000000 0.284308 0.000173 0.000000 0.000043 0.000000 0.000000 
0.008268 0.019956 0.662932 0.008102 0.000005 0.295466 0.000000 0.005272 0.000000 0.000000 
0.231668 0.031517 0.293057 0.000000 0.000005 0.415274 0.000000 0.018009 0.000000 0.010470 
0.121071 0.030492 0.000000 0.089594 0.020241 0.549994 0.116767 0.017568 0.000000 0.054274 
0.312936 0.021290 0.035066 0.175491 0.044141 0.000239 0.000000 0.195827 0.000000 0.215010 
0.043313 0.063447 0.000000 0.841948 0.000005 0.010525 0.000000 0.000073 0.008606 0.032083 
0.038085 0.028573 0.598311 0.017552 0.000005 0.288903 0.019212 0.009358 0.000000 0.000000 
0.444961 0.016230 0.196345 0.000000 0.118501 0.126408 0.000000 0.097555 0.000000 0.000000 
0.293986 0.022634 0.000000 0.000000 0.057883 0.068631 0.458924 0.097942 0.000000 0.000000 
0.021074 0.019360 0.582968 0.000000 0.022347 0.295002 0.042366 0.006780 0.000000 0.010102 
0.551161 0.020655 0.000000 0.024737 0.103406 0.252165 0.000000 0.047876 0.000000 0.000000 
0.186311 0.050988 0.000000 0.000000 0.000005 0.112027 0.000000 0.068062 0.476099 0.106508 
0.299198 0.082164 0.000000 0.000000 0.557276 0.025305 0.000000 0.036057 0.000000 0.000000 
0.227613 0.005967 0.000000 0.000000 0.410244 0.015410 0.055762 0.205730 0.000000 0.079273 
0.099528 0.244593 0.000000 0.000000 0.517208 0.024337 0.017459 0.000076 0.096799 0.000000 
0.037484 0.185475 0.196720 0.000000 0.000005 0.246245 0.000000 0.006321 0.327751 0.000000 
0.268599 0.095114 0.000000 0.193833 0.140018 0.000219 0.095103 0.057334 0.000000 0.149781 
0.263699 0.317448 0.000000 0.000000 0.000004 0.017140 0.164251 0.064586 0.000000 0.172872 
0.016729 0.724469 0.035408 0.000000 0.040110 0.019534 0.000000 0.000056 0.163694 0.000000 
0.116165 0.005693 0.244533 0.000000 0.019307 0.153520 0.000000 0.460781 0.000000 0.000000 
0.292956 0.263273 0.205874 0.028198 0.000005 0.137631 0.031364 0.040699 0.000000 0.000000 
0.075389 0.062793 0.000000 0.603428 0.000005 0.018400 0.126729 0.018964 0.084587 0.009704 
0.196063 0.000087 0.132265 0.000000 0.000005 0.116323 0.081868 0.473389 0.000000 0.000000 
0.655792 0.010868 0.000000 0.000000 0.044908 0.063220 0.022168 0.203044 0.000000 0.000000 
0.170136 0.037067 0.000000 0.006599 0.044777 0.491538 0.096943 0.152940 0.000000 0.000000 
0.189283 0.016838 0.057567 0.011209 0.000005 0.009661 0.000000 0.715437 0.000000 0.000000 
0.211753 0.044501 0.000000 0.000000 0.000005 0.040091 0.050641 0.581464 0.040439 0.031107 
0.111110 0.518403 0.000000 0.000000 0.037299 0.005004 0.091081 0.015515 0.145960 0.075628 
0.140959 0.001535 0.000000 0.000000 0.833816 0.013092 0.000000 0.010598 0.000000 0.000000 
0.022563 0.833259 0.000000 0.103792 0.011860 0.003316 0.000000 0.012303 0.012907 0.000000 
0.176346 0.015454 0.243284 0.033138 0.024766 0.165682 0.242146 0.092277 0.000000 0.006908 
0.565438 0.242525 0.017914 0.022056 0.053514 0.052607 0.000000 0.045945 0.000000 0.000000 
0.038550 0.274470 0.078957 0.419770 0.008926 0.068464 0.000000 0.084594 0.026269 0.000000 
0.033356 0.023294 0.572930 0.000000 0.022589 0.297926 0.000000 0.009614 0.040291 0.000000 
0.103210 0.462285 0.000000 0.000000 0.278984 0.009586 0.042820 0.018305 0.084809 0.000000 
0.217152 0.020092 0.000000 0.000000 0.000004 0.061636 0.000000 0.685866 0.015250 0.000000 
0.052911 0.016268 0.000000 0.000000 0.022545 0.023684 0.000000 0.002761 0.881830 0.000000 
0.234227 0.294509 0.000000 0.000000 0.000005 0.029546 0.248270 0.060208 0.000000 0.133235 
0.100299 0.031834 0.449100 0.000000 0.029121 0.267932 0.098945 0.022770 0.000000 0.000000 
0.218139 0.041264 0.020252 0.013898 0.021620 0.062038 0.544515 0.078272 0.000000 0.000000 
0.151470 0.017085 0.543456 0.000000 0.000004 0.282971 0.000000 0.005014 0.000000 0.000000 
0.066757 0.049214 0.031809 0.000000 0.022652 0.748754 0.036573 0.017457 0.011215 0.015569 
0.359290 0.026144 0.042529 0.000000 0.042817 0.030894 0.144755 0.080312 0.000000 0.273259 
0.000873 0.029326 0.000000 0.360224 0.006046 0.005822 0.000000 0.000051 0.597657 0.000000 
0.414805 0.026747 0.000000 0.000000 0.010030 0.030488 0.185550 0.061859 0.000000 0.270521 
0.339376 0.020533 0.036765 0.000000 0.000004 0.010681 0.123182 0.237165 0.000000 0.232293 
0.027143 0.024239 0.000000 0.567607 0.000006 0.097425 0.000000 0.047332 0.236249 0.000000 
0.021073 0.030935 0.000000 0.324240 0.014950 0.063301 0.000000 0.000050 0.545451 0.000000 
0.043178 0.049934 0.021469 0.000000 0.000006 0.322356 0.000000 0.019604 0.532653 0.010800 
0.116499 0.052383 0.018892 0.028943 0.000005 0.658592 0.074182 0.029416 0.000000 0.021088 
0.101325 0.044228 0.119665 0.000000 0.008053 0.625821 0.081936 0.018972 0.000000 0.000000 
0.768196 0.000087 0.000000 0.000000 0.095473 0.054963 0.000000 0.081281 0.000000 0.000000 
0.145085 0.020783 0.028068 0.000000 0.395188 0.239803 0.053918 0.073888 0.043267 0.000000 
0.568547 0.019300 0.000000 0.000000 0.015258 0.047508 0.130855 0.107520 0.000000 0.111013 
0.194630 0.022462 0.079987 0.000000 0.000004 0.085079 0.291101 0.300350 0.010866 0.015520 
0.146351 0.014830 0.240486 0.115287 0.000005 0.129788 0.292081 0.047448 0.000000 0.013723 
0.124359 0.042206 0.338468 0.024607 0.000005 0.298360 0.084695 0.023378 0.000000 0.063923 
0.133339 0.000082 0.017409 0.000000 0.710979 0.000184 0.043070 0.005444 0.089492 0.000000 
0.210587 0.016127 0.000000 0.000000 0.017409 0.142030 0.529988 0.056767 0.027092 0.000000 
0.244384 0.008998 0.000000 0.466221 0.234079 0.024193 0.000000 0.022125 0.000000 0.000000 
0.171267 0.006172 0.000000 0.141775 0.049548 0.059522 0.463073 0.082260 0.026383 0.000000 
0.329886 0.107352 0.000000 0.316100 0.027691 0.050936 0.000000 0.116685 0.051350 0.000000 
0.093853 0.126042 0.131689 0.000000 0.030375 0.124523 0.255831 0.029215 0.208473 0.000000 
0.683185 0.099023 0.000000 0.000000 0.049953 0.077394 0.000000 0.077506 0.000000 0.012939 
0.044377 0.013962 0.101799 0.701819 0.012926 0.055899 0.000000 0.069219 0.000000 0.000000 
0.098961 0.600029 0.000000 0.000000 0.000004 0.034124 0.000000 0.266881 0.000000 0.000000 
0.314942 0.009765 0.000000 0.000000 0.523254 0.015452 0.000000 0.068765 0.000000 0.067822 
0.065693 0.464104 0.145851 0.019418 0.008721 0.075074 0.000000 0.221139 0.000000 0.000000 
0.486701 0.020409 0.025866 0.000000 0.123774 0.272090 0.000000 0.051399 0.000000 0.019761 
0.050787 0.204960 0.000000 0.234069 0.028250 0.318684 0.130420 0.027530 0.005301 0.000000 
0.171437 0.000064 0.000000 0.000000 0.008882 0.069289 0.064907 0.685421 0.000000 0.000000 
0.163850 0.017619 0.000000 0.000000 0.062318 0.131555 0.076039 0.548618 0.000000 0.000000 
0.119709 0.011681 0.000000 0.000000 0.118245 0.039526 0.000000 0.476655 0.199315 0.034868 
