-3876586.857317
0
0.000000 0.000000 0.000959 0.001546 0.036920 0.023077 0.011217 0.042664 0.016773 0.008995 0.002103 0.016570 0.009697 0.006229 0.000545 0.000000 0.013555 0.012347 0.005843 0.016667 0.000000 0.001767 0.014737 0.010708 0.001171 0.000000 0.003897 0.000000 0.025340 0.020069 0.005747 0.039095 0.016592 0.000000 0.000000 0.014632 0.006989 0.007825 0.009909 0.012060 0.005514 0.019921 0.003540 0.011323 0.000000 0.008659 0.012255 0.006378 0.000000 0.004149 0.000000 0.000384 0.020757 0.014294 0.003035 0.033832 0.027599 0.012024 0.000000 0.014094 0.002318 0.004836 0.008126 0.007108 0.008451 0.006740 0.006925 0.005752 0.007215 0.009798 0.026051 0.008343 0.000001 0.010379 0.000000 0.000003 0.030193 0.039156 0.005377 0.059358 0.013753 0.013546 0.000000 0.006847 0.000000 0.012293 0.000000 0.014598 0.010269 0.015257 0.005750 0.009962 0.000000 0.009483 0.016536 0.011576 
0.000000 0.000000 0.000000 0.000000 0.000000 0.000000 0.000000 0.003960 0.000000 0.034809 0.000000 0.010934 0.009951 0.008840 0.009370 0.038377 0.004011 0.000000 0.000001 0.000000 0.000000 0.000000 0.000000 0.000000 0.005914 0.000000 0.000000 0.000000 0.000000 0.001172 0.031056 0.000000 0.101390 0.157879 0.030823 0.010849 0.000000 0.011473 0.007556 0.015415 0.008955 0.000000 0.007385 0.042770 0.000000 0.010645 0.006972 0.012732 0.000000 0.000000 0.000000 0.000000 0.000000 0.003538 0.000000 0.000000 0.000000 0.000000 0.000000 0.001880 0.000000 0.000000 0.006186 0.005599 0.002104 0.000000 0.003848 0.000000 0.000000 0.000000 0.002019 0.006316 0.000001 0.000000 0.000000 0.000005 0.000000 0.013504 0.003102 0.000000 0.039221 0.130691 0.005884 0.000217 0.011072 0.017986 0.010138 0.054732 0.025813 0.020310 0.020712 0.000001 0.000000 0.008433 0.010362 0.013088 
0.000000 0.000000 0.000000 0.000000 0.000000 0.000000 0.000000 0.000803 0.006693 0.002628 0.000882 0.003054 0.000000 0.000000 0.000646 0.000000 0.001127 0.000000 0.000619 0.001457 0.000000 0.000000 0.000443 0.000000 0.000000 0.000000 0.000000 0.000000 0.000000 0.000000 0.000000 0.000000 0.013562 0.000000 0.002997 0.005683 0.000000 0.000000 0.000000 0.000761 0.000000 0.000000 0.000000 0.000000 0.000000 0.000000 0.000000 0.000000 0.000000 0.000000 0.000000 0.000000 0.000000 0.000000 0.000000 0.000000 0.007733 0.000000 0.000000 0.002274 0.000000 0.000000 0.000000 0.000000 0.000000 0.000000 0.000000 0.000000 0.000000 0.000000 0.000000 0.000000 0.015525 0.006811 0.002348 0.011519 0.039158 0.000000 0.001663 0.071153 0.439203 0.078368 0.045579 0.236443 0.000000 0.000000 0.000000 0.000000 0.000000 0.000000 0.000269 0.000598 0.000000 0.000000 0.000000 0.000000 
0.012248 0.000000 0.000000 0.000000 0.017131 0.007240 0.003133 0.010605 0.027148 0.018226 0.000000 0.015012 0.003278 0.004968 0.014557 0.000000 0.049259 0.018105 0.046220 0.032765 0.000000 0.003834 0.004427 0.003930 0.000000 0.000000 0.003376 0.000000 0.008701 0.008968 0.004669 0.013179 0.034061 0.029963 0.008350 0.023002 0.000000 0.000000 0.002795 0.000000 0.022184 0.014233 0.030701 0.024191 0.001924 0.004701 0.008294 0.014510 0.001311 0.001883 0.000000 0.006655 0.006781 0.006851 0.000000 0.004639 0.032452 0.026645 0.000000 0.025986 0.007245 0.000000 0.006411 0.000000 0.021972 0.012199 0.020248 0.019127 0.001337 0.000000 0.006444 0.000000 0.008125 0.009125 0.004746 0.000967 0.000000 0.008940 0.001546 0.008187 0.011206 0.033123 0.000000 0.012524 0.005228 0.000000 0.008030 0.000000 0.026784 0.018886 0.022037 0.023243 0.008089 0.007325 0.006635 0.017185 
0.000000 0.000000 0.000000 0.000000 0.000000 0.000000 0.000000 0.000000 0.000000 0.018226 0.000000 0.004215 0.000000 0.000000 0.000000 0.000000 0.000001 0.000000 0.000767 0.000744 0.000000 0.000000 0.000566 0.000000 0.000000 0.000000 0.000000 0.001339 0.000000 0.000000 0.000000 0.000000 0.073758 0.096842 0.019954 0.086720 0.000000 0.000000 0.000000 0.000000 0.000000 0.000689 0.000000 0.000000 0.000000 0.000000 0.000000 0.000000 0.000000 0.000000 0.000000 0.000000 0.000000 0.000000 0.000000 0.000000 0.000000 0.023260 0.000576 0.018107 0.000000 0.000000 0.000000 0.000000 0.000000 0.000000 0.000000 0.008575 0.000000 0.000000 0.001804 0.000000 0.000743 0.002076 0.000000 0.001088 0.000000 0.000000 0.000000 0.000000 0.127235 0.308515 0.109297 0.092715 0.000000 0.000000 0.000000 0.000000 0.000000 0.000000 0.000000 0.002187 0.000000 0.000000 0.000000 0.000000 
0.000000 0.001891 0.000000 0.001657 0.001338 0.000336 0.000000 0.001899 0.030122 0.016715 0.040470 0.017231 0.000000 0.004888 0.000000 0.005335 0.004620 0.005013 0.027925 0.000000 0.000000 0.001525 0.000320 0.002246 0.011817 0.029334 0.013044 0.076767 0.000000 0.000000 0.000000 0.000000 0.005588 0.009905 0.079087 0.006556 0.000000 0.003563 0.001172 0.001444 0.006901 0.003628 0.034935 0.003309 0.000000 0.004417 0.006536 0.011896 0.000000 0.005324 0.003685 0.011336 0.000000 0.003222 0.000000 0.002230 0.077091 0.092140 0.138873 0.067395 0.000000 0.003734 0.000958 0.002754 0.011526 0.005426 0.013902 0.001098 0.000000 0.002051 0.001573 0.004337 0.000000 0.000000 0.000000 0.003330 0.000000 0.000000 0.000000 0.000000 0.006174 0.009763 0.017526 0.002269 0.000000 0.001151 0.000000 0.001847 0.005376 0.003181 0.011747 0.001919 0.000000 0.002521 0.000368 0.010748 
0.006143 0.005883 0.001748 0.003581 0.000000 0.003292 0.000472 0.002632 0.034466 0.013560 0.216687 0.012566 0.004091 0.001672 0.000000 0.006967 0.016107 0.006400 0.009394 0.009936 0.001058 0.001879 0.000963 0.003603 0.002604 0.003736 0.000000 0.004013 0.000000 0.000000 0.000000 0.000000 0.017272 0.010658 0.115077 0.017482 0.000000 0.000000 0.000000 0.000000 0.003206 0.004654 0.005534 0.004161 0.000000 0.001393 0.000720 0.000317 0.008154 0.005435 0.000000 0.002130 0.000000 0.001868 0.000000 0.000000 0.030580 0.032978 0.127899 0.018791 0.000000 0.000000 0.000000 0.001027 0.013288 0.007063 0.005019 0.012498 0.000000 0.000000 0.000000 0.000000 0.010413 0.010186 0.003417 0.011431 0.000952 0.000000 0.000000 0.000000 0.009986 0.000000 0.090664 0.010922 0.004405 0.001106 0.000000 0.000000 0.006329 0.003976 0.007973 0.006058 0.000000 0.000000 0.001525 0.000000 
0.004690 0.000000 0.000000 0.000000 0.002542 0.000000 0.000000 0.000000 0.002704 0.005816 0.000000 0.003717 0.012262 0.001520 0.004722 0.018424 0.027223 0.011605 0.019648 0.025253 0.044744 0.006306 0.004661 0.025408 0.004812 0.000000 0.000000 0.003135 0.000468 0.000000 0.000000 0.002640 0.011049 0.007945 0.001165 0.006295 0.004001 0.001225 0.002798 0.001451 0.019225 0.013125 0.018635 0.034338 0.028677 0.008202 0.015485 0.068562 0.009943 0.007632 0.000000 0.004719 0.000000 0.002832 0.000000 0.003974 0.000000 0.004641 0.000000 0.009459 0.002426 0.001869 0.001370 0.000000 0.009169 0.011136 0.010838 0.014256 0.009531 0.000514 0.004756 0.023369 0.021929 0.000551 0.000000 0.033194 0.003185 0.002037 0.000000 0.003756 0.004169 0.011975 0.000000 0.009860 0.023721 0.000000 0.016328 0.011193 0.018813 0.016797 0.011465 0.040068 0.070712 0.009681 0.010113 0.073540 
0.000118 0.000663 0.000000 0.008219 0.000224 0.000000 0.000000 0.000000 0.000000 0.002473 0.011019 0.004883 0.000000 0.000000 0.000000 0.001322 0.003547 0.005237 0.002147 0.004039 0.000000 0.004215 0.001366 0.014461 0.002314 0.000000 0.000546 0.015352 0.000000 0.000000 0.000000 0.000000 0.001351 0.002882 0.010520 0.003907 0.000000 0.000000 0.000000 0.000677 0.000504 0.002365 0.001862 0.001896 0.002007 0.002174 0.003259 0.018699 0.001096 0.001740 0.000000 0.007681 0.000000 0.000211 0.000000 0.000490 0.000000 0.013345 0.026381 0.015911 0.000000 0.000000 0.000000 0.000570 0.006461 0.010189 0.005419 0.012486 0.000000 0.002114 0.001022 0.002877 0.037360 0.010389 0.003296 0.307047 0.000000 0.000000 0.000000 0.000000 0.005102 0.023306 0.216124 0.039768 0.000000 0.001142 0.000000 0.003058 0.003307 0.010601 0.006521 0.009585 0.005110 0.009855 0.002074 0.064117 
0.077334 0.063316 0.005138 0.051146 0.020117 0.000000 0.000000 0.000000 0.024761 0.002031 0.000000 0.009807 0.000000 0.006342 0.020005 0.000000 0.000000 0.004741 0.017587 0.009277 0.000000 0.000000 0.003821 0.000000 0.061586 0.063532 0.000000 0.046824 0.014721 0.008489 0.000000 0.019971 0.000042 0.000000 0.000000 0.024713 0.011736 0.021917 0.015590 0.021773 0.009815 0.006291 0.012170 0.003566 0.000000 0.000944 0.005966 0.000000 0.025365 0.021993 0.000000 0.039979 0.007856 0.006471 0.000000 0.000000 0.000000 0.000000 0.000000 0.002719 0.007403 0.005908 0.009612 0.009582 0.000000 0.002497 0.000000 0.004490 0.000000 0.000000 0.004793 0.000000 0.035006 0.040848 0.000000 0.037121 0.009519 0.000000 0.000000 0.013275 0.000001 0.000000 0.000000 0.017030 0.007410 0.002485 0.012546 0.000000 0.000000 0.000000 0.001223 0.005401 0.000000 0.000000 0.002551 0.001844 
0.000000 0.000000 0.034796 0.000000 0.000000 0.012055 0.007127 0.012526 0.000794 0.007626 0.000000 0.000005 0.008309 0.000000 0.000000 0.000000 0.018054 0.000000 0.000001 0.000000 0.000000 0.000000 0.000000 0.000000 0.039227 0.064855 0.021462 0.046662 0.008382 0.011923 0.000000 0.000000 0.024841 0.000000 0.007385 0.017006 0.004950 0.000000 0.059335 0.000000 0.000000 0.000000 0.009397 0.000000 0.000000 0.000000 0.003052 0.001038 0.058846 0.069255 0.052018 0.014550 0.008325 0.011821 0.015173 0.014460 0.019241 0.017252 0.000000 0.016405 0.009189 0.005020 0.021064 0.000000 0.013523 0.000000 0.009356 0.000000 0.000000 0.000000 0.000000 0.000000 0.036649 0.074800 0.023188 0.048557 0.000000 0.019846 0.006238 0.000000 0.000004 0.000001 0.000000 0.001324 0.000000 0.005340 0.002663 0.000000 0.000000 0.000000 0.002839 0.000001 0.000000 0.000000 0.002249 0.000000 
0.013066 0.019167 0.000000 0.026305 0.002119 0.008717 0.000000 0.018064 0.013120 0.006731 0.005703 0.031690 0.025057 0.019092 0.012576 0.047651 0.028332 0.009534 0.004543 0.032916 0.006394 0.000914 0.010311 0.004182 0.015156 0.000000 0.000000 0.020806 0.002097 0.007105 0.000000 0.000000 0.001941 0.000000 0.000000 0.015268 0.015791 0.019900 0.018626 0.036123 0.001662 0.016113 0.000000 0.016174 0.003330 0.002828 0.008182 0.006737 0.024007 0.010946 0.000000 0.013301 0.000000 0.000000 0.000000 0.011688 0.000000 0.000000 0.005968 0.006900 0.009461 0.012229 0.009624 0.025307 0.007998 0.008119 0.008074 0.012189 0.001440 0.001146 0.009180 0.010788 0.024793 0.000000 0.000000 0.043158 0.000000 0.006817 0.000000 0.002369 0.012574 0.004116 0.000000 0.009138 0.022672 0.021988 0.006487 0.050164 0.007495 0.009983 0.000000 0.013192 0.000000 0.004716 0.008323 0.009627 
0.000000 0.039568 0.120137 0.000000 0.041469 0.036774 0.351265 0.018754 0.000000 0.146671 0.112315 0.133046 
0.000000 0.003645 0.930463 0.000000 0.038271 0.000000 0.007521 0.007092 0.000000 0.005069 0.007925 0.000015 
0.042909 0.000003 0.017931 0.214358 0.019666 0.045728 0.075650 0.019509 0.000000 0.232875 0.054963 0.276408 
0.014611 0.053361 0.013539 0.000000 0.547585 0.000000 0.013627 0.016394 0.283383 0.034248 0.016653 0.006599 
0.000000 0.005649 0.000000 0.000000 0.010999 0.012245 0.043732 0.000008 0.920358 0.001465 0.005526 0.000017 
0.000000 0.000003 0.011727 0.040330 0.143309 0.187778 0.106738 0.391445 0.000000 0.051498 0.000002 0.067171 
0.016396 0.081662 0.000000 0.000000 0.000000 0.000000 0.023383 0.130898 0.000000 0.403041 0.344604 0.000016 
0.022591 0.000003 0.299006 0.325429 0.047026 0.000000 0.040084 0.015573 0.000000 0.058935 0.026720 0.164634 
0.241079 0.044349 0.146840 0.142206 0.000000 0.032095 0.007810 0.041153 0.020392 0.180904 0.000005 0.143167 
0.027482 0.077765 0.000000 0.000000 0.000000 0.234031 0.153842 0.022340 0.038496 0.222213 0.115638 0.108193 
0.000000 0.000003 0.000000 0.000000 0.000000 0.000000 0.018043 0.052259 0.850954 0.043710 0.035013 0.000018 
0.310187 0.030860 0.010057 0.000000 0.000000 0.227140 0.116065 0.043052 0.048976 0.171638 0.000003 0.042021 
0.081863 0.045317 0.000000 0.000000 0.000000 0.000000 0.050213 0.020474 0.000000 0.396103 0.091428 0.314601 
0.035133 0.000003 0.000000 0.000000 0.000000 0.053146 0.203279 0.506664 0.028892 0.077097 0.000003 0.095783 
0.000000 0.091601 0.021367 0.024246 0.153858 0.000000 0.226244 0.000010 0.000000 0.263010 0.209048 0.010616 
0.131381 0.000003 0.000000 0.203552 0.000000 0.000000 0.049242 0.012632 0.381089 0.088830 0.000003 0.133268 
0.006134 0.000002 0.004010 0.000000 0.000000 0.000000 0.000312 0.000008 0.919351 0.043539 0.007529 0.019115 
0.057835 0.028641 0.000000 0.034080 0.000000 0.000000 0.041371 0.382976 0.000000 0.241735 0.166922 0.046440 
0.000000 0.072815 0.000000 0.000000 0.840397 0.019802 0.030019 0.004216 0.005301 0.027424 0.000005 0.000021 
0.000000 0.025048 0.005340 0.069207 0.000000 0.000000 0.043087 0.425737 0.000000 0.194212 0.142439 0.094928 
0.000000 0.018085 0.452668 0.000000 0.000000 0.000000 0.046294 0.138162 0.000000 0.145791 0.062623 0.136378 
0.000000 0.017562 0.030454 0.000000 0.000000 0.017443 0.207654 0.080734 0.580157 0.050990 0.014989 0.000017 
0.000000 0.000002 0.000000 0.032186 0.000000 0.023471 0.051475 0.379803 0.000000 0.233225 0.000003 0.279835 
0.264704 0.048147 0.000000 0.000000 0.039571 0.018890 0.005118 0.040061 0.000000 0.334041 0.197643 0.051825 
0.000000 0.051840 0.014908 0.000000 0.585808 0.000000 0.000255 0.000008 0.339392 0.006370 0.001400 0.000017 
0.009667 0.000003 0.014614 0.311570 0.043214 0.088933 0.325900 0.018349 0.000000 0.057032 0.014855 0.115864 
0.000000 0.045001 0.000000 0.017102 0.753715 0.000000 0.017215 0.113684 0.000000 0.020148 0.000002 0.033133 
0.000000 0.054632 0.000000 0.000000 0.197331 0.000000 0.165700 0.003573 0.262603 0.187702 0.128443 0.000017 
0.027845 0.000003 0.000000 0.086012 0.434852 0.000000 0.026667 0.278207 0.000000 0.061442 0.000003 0.084970 
0.000000 0.065041 0.000000 0.000000 0.584830 0.000000 0.001064 0.009312 0.207282 0.081847 0.050608 0.000016 
0.027701 0.000003 0.737172 0.000000 0.032320 0.000000 0.017930 0.121806 0.000000 0.020770 0.000002 0.042296 
0.045166 0.030565 0.000000 0.000000 0.280866 0.000000 0.044862 0.020342 0.000000 0.214350 0.025027 0.338823 
0.030324 0.000002 0.000000 0.507111 0.000000 0.000000 0.079596 0.041365 0.014523 0.080257 0.054957 0.191865 
0.023700 0.000003 0.000000 0.299234 0.029938 0.000000 0.046793 0.021456 0.333454 0.043546 0.028791 0.173085 
0.000000 0.106969 0.010668 0.000000 0.877402 0.000000 0.000091 0.000007 0.000000 0.004848 0.000003 0.000012 
0.000000 0.000003 0.000000 0.060504 0.125935 0.576459 0.211104 0.000010 0.007832 0.011500 0.006637 0.000017 
0.026223 0.036958 0.000000 0.000000 0.035336 0.039088 0.493236 0.023964 0.000000 0.168824 0.000003 0.176367 
0.000000 0.000003 0.008874 0.413510 0.000000 0.033846 0.044557 0.030876 0.241062 0.067652 0.024390 0.135230 
0.347123 0.066080 0.000000 0.030584 0.165197 0.000000 0.007242 0.050375 0.000000 0.215606 0.036541 0.081253 
0.115888 0.053021 0.011480 0.050989 0.000000 0.000000 0.559838 0.036784 0.000000 0.122401 0.000003 0.049596 
0.000000 0.032205 0.107197 0.000000 0.000000 0.091279 0.144416 0.045687 0.000000 0.252392 0.007856 0.318969 
0.279187 0.046090 0.019034 0.058834 0.000000 0.000000 0.281001 0.041706 0.011522 0.190570 0.024854 0.047203 
0.000000 0.000003 0.000000 0.084599 0.000000 0.000000 0.055748 0.592044 0.011506 0.058133 0.021686 0.176280 
0.000000 0.037627 0.000000 0.000000 0.000000 0.000000 0.053784 0.060255 0.000000 0.383071 0.103839 0.361423 
0.010766 0.000002 0.686510 0.000000 0.055172 0.000000 0.158645 0.039440 0.000000 0.020557 0.006901 0.022007 
0.000000 0.026773 0.226624 0.009937 0.620006 0.034095 0.008211 0.009663 0.035644 0.008591 0.000002 0.020454 
0.000000 0.084441 0.083462 0.021211 0.161102 0.033998 0.293311 0.053333 0.000000 0.168758 0.100367 0.000017 
0.378207 0.021775 0.000000 0.000000 0.000000 0.027510 0.041369 0.064325 0.000000 0.234386 0.023863 0.208565 
0.018728 0.029446 0.000000 0.000000 0.000000 0.024179 0.322440 0.013606 0.027693 0.217858 0.000003 0.346048 
0.244814 0.037991 0.000000 0.064642 0.000000 0.000000 0.027965 0.241079 0.000000 0.185405 0.066987 0.131116 
0.000000 0.000003 0.000000 0.000000 0.077713 0.000000 0.072357 0.029068 0.025169 0.309767 0.023511 0.462412 
0.000000 0.039482 0.016951 0.000000 0.000000 0.335529 0.151739 0.000008 0.080132 0.191299 0.184844 0.000014 
0.000000 0.032331 0.633408 0.014261 0.000000 0.000000 0.030106 0.000007 0.093723 0.110121 0.086030 0.000014 
0.015695 0.051946 0.052101 0.000000 0.822092 0.000000 0.002981 0.023054 0.022746 0.009363 0.000003 0.000020 
0.000000 0.057576 0.000000 0.000000 0.000000 0.000000 0.026909 0.000007 0.000000 0.468129 0.447365 0.000015 
0.000000 0.093651 0.000000 0.000000 0.000000 0.000000 0.011493 0.000010 0.000000 0.474447 0.420382 0.000017 
0.000000 0.000002 0.013250 0.000000 0.000000 0.672112 0.267646 0.005708 0.000000 0.041262 0.000003 0.000016 
0.031238 0.000003 0.000000 0.522117 0.000000 0.000000 0.077225 0.008899 0.043998 0.068569 0.048419 0.199533 
0.000000 0.105511 0.000000 0.000000 0.877908 0.000000 0.005907 0.000008 0.000000 0.010645 0.000002 0.000018 
0.025107 0.016048 0.000000 0.418002 0.000000 0.000000 0.225393 0.039190 0.000000 0.062703 0.049808 0.163749 
0.008044 0.000003 0.000000 0.040231 0.020504 0.000000 0.131279 0.014108 0.732442 0.033693 0.007442 0.012254 
0.000000 0.000002 0.000000 0.000000 0.000000 0.704766 0.290581 0.004407 0.000000 0.000227 0.000002 0.000013 
0.011309 0.000002 0.000000 0.137111 0.013226 0.000000 0.060709 0.345122 0.074392 0.104685 0.034885 0.218559 
0.170103 0.052731 0.014058 0.000000 0.064110 0.000000 0.427164 0.073427 0.000000 0.148664 0.004087 0.045656 
0.330575 0.057778 0.000000 0.025332 0.000000 0.000000 0.011513 0.035246 0.000000 0.295762 0.151280 0.092513 
0.019975 0.000002 0.000000 0.292645 0.008118 0.062709 0.072990 0.285540 0.000000 0.051742 0.035943 0.170335 
0.000000 0.000003 0.000000 0.000000 0.017743 0.000000 0.000245 0.000009 0.959345 0.011277 0.011358 0.000020 
0.000000 0.041964 0.017730 0.000000 0.000000 0.038871 0.064073 0.018554 0.000000 0.352870 0.237964 0.227973 
0.246699 0.030913 0.312718 0.053300 0.000000 0.025677 0.006385 0.117630 0.000000 0.139730 0.015424 0.051523 
0.000000 0.061012 0.000000 0.000000 0.061097 0.017759 0.020372 0.265351 0.000000 0.308776 0.265616 0.000017 
0.000000 0.000003 0.334224 0.235468 0.015355 0.000000 0.181167 0.024804 0.000000 0.070468 0.016382 0.122129 
0.000000 0.091098 0.000000 0.000000 0.000000 0.000000 0.450486 0.024987 0.016136 0.222403 0.194875 0.000016 
0.039973 0.015665 0.000000 0.000000 0.000000 0.000000 0.159719 0.512768 0.044680 0.101032 0.000002 0.126160 
0.018028 0.000002 0.000000 0.069354 0.000000 0.098371 0.070026 0.000010 0.685629 0.016744 0.012878 0.028957 
0.016505 0.009506 0.161267 0.000000 0.000000 0.393444 0.177027 0.160784 0.000000 0.058505 0.000003 0.022959 
0.000000 0.000002 0.000000 0.000000 0.000000 0.000000 0.000472 0.000007 0.990468 0.003661 0.002762 0.002627 
0.000000 0.000003 0.000000 0.291966 0.176680 0.000000 0.242070 0.012258 0.047839 0.069817 0.042644 0.116724 
0.000000 0.040126 0.000000 0.000000 0.069461 0.000000 0.249827 0.043715 0.000000 0.241336 0.017941 0.337595 
0.000000 0.026994 0.172707 0.016598 0.000000 0.000000 0.048774 0.000009 0.000000 0.359097 0.046388 0.329433 
0.005804 0.000002 0.256299 0.000000 0.000000 0.482300 0.202093 0.005325 0.027765 0.020395 0.000003 0.000013 
0.057801 0.000003 0.000000 0.422476 0.000000 0.084273 0.133060 0.020550 0.000000 0.063130 0.039204 0.179503 
0.000000 0.000003 0.000000 0.039989 0.019286 0.365132 0.467696 0.008141 0.008019 0.048960 0.000002 0.042770 
0.000000 0.000002 0.000000 0.000000 0.000000 0.000000 0.014251 0.000008 0.947590 0.016572 0.021558 0.000019 
0.039002 0.039992 0.000000 0.042127 0.247972 0.032655 0.029519 0.349923 0.000000 0.130385 0.034080 0.054343 
0.000000 0.060321 0.000000 0.000000 0.713771 0.000000 0.021086 0.015493 0.000000 0.080102 0.006932 0.102295 
0.000000 0.096469 0.000000 0.000000 0.473931 0.000000 0.009040 0.063650 0.000000 0.165939 0.168414 0.022558 
0.047241 0.050061 0.000000 0.040564 0.000000 0.053699 0.688357 0.029566 0.010690 0.079805 0.000003 0.000016 
0.000000 0.095896 0.013666 0.000000 0.217937 0.000000 0.579685 0.013156 0.000000 0.075993 0.003649 0.000018 
0.030538 0.000003 0.122617 0.000000 0.000000 0.164423 0.068177 0.119800 0.426546 0.040051 0.000002 0.027843 
0.000000 0.082175 0.023354 0.000000 0.114839 0.000000 0.031067 0.222695 0.000000 0.268190 0.228727 0.028953 
0.000000 0.000003 0.033249 0.462067 0.025079 0.000000 0.074328 0.026837 0.000000 0.089524 0.058683 0.230230 
0.000000 0.017941 0.788249 0.027626 0.075632 0.000000 0.017855 0.008637 0.038106 0.019560 0.006373 0.000020 
0.017267 0.048246 0.000000 0.000000 0.307521 0.000000 0.421890 0.137171 0.000000 0.058931 0.008954 0.000018 
0.000000 0.000003 0.000000 0.053863 0.018832 0.000000 0.023051 0.142162 0.675666 0.031272 0.000003 0.055150 
0.000000 0.000002 0.824565 0.000000 0.035585 0.000000 0.019273 0.075794 0.000000 0.026222 0.008303 0.010256 
0.000000 0.066303 0.022147 0.051450 0.000000 0.049807 0.674559 0.053903 0.000000 0.081809 0.000003 0.000019 
0.162292 0.015867 0.026806 0.097849 0.000000 0.000000 0.065418 0.057339 0.000000 0.246352 0.024522 0.303555 
0.000000 0.024865 0.000000 0.043070 0.032546 0.000000 0.743981 0.027018 0.000000 0.068188 0.000003 0.060330 
0.000000 0.000003 0.000000 0.114499 0.000000 0.419583 0.199113 0.000009 0.203211 0.006517 0.007697 0.049368 
0.000000 0.017970 0.426355 0.000000 0.043682 0.000000 0.021630 0.000008 0.000000 0.244852 0.095561 0.149942 
0.000000 0.056308 0.212134 0.000000 0.000000 0.000000 0.099313 0.054840 0.032316 0.292730 0.234339 0.018021 
0.000000 0.023703 0.000000 0.050746 0.118138 0.000000 0.063522 0.128997 0.000000 0.245079 0.031699 0.338116 
0.037239 0.000003 0.000000 0.340073 0.008526 0.015298 0.057628 0.258801 0.000000 0.078405 0.010260 0.193766 
0.000000 0.000003 0.008393 0.000000 0.000000 0.000000 0.052792 0.442286 0.074500 0.159213 0.018705 0.244107 
0.421550 0.039383 0.000000 0.038526 0.069885 0.000000 0.009927 0.050948 0.058796 0.214478 0.029558 0.066950 
0.000000 0.054986 0.010094 0.024690 0.878229 0.000000 0.001637 0.000007 0.000000 0.009514 0.000003 0.020839 
0.000000 0.000002 0.000000 0.000000 0.000000 0.310056 0.158522 0.272447 0.182123 0.043811 0.000003 0.033036 
0.015371 0.000003 0.000000 0.293268 0.000000 0.000000 0.078315 0.013252 0.020174 0.187695 0.043942 0.347980 
0.000000 0.108620 0.000000 0.021551 0.843304 0.000000 0.017600 0.000011 0.000000 0.008894 0.000002 0.000018 
0.000000 0.047343 0.000000 0.000000 0.431051 0.000000 0.033903 0.000009 0.344677 0.080934 0.023687 0.038395 
0.079135 0.019644 0.000000 0.365387 0.000000 0.000000 0.077954 0.032278 0.109777 0.093359 0.046840 0.175627 
0.000000 0.000003 0.144249 0.373302 0.000000 0.000000 0.142495 0.032115 0.046726 0.028786 0.039297 0.193028 
0.023622 0.000003 0.000000 0.479531 0.000000 0.076384 0.086286 0.028426 0.021001 0.101741 0.036249 0.146758 
0.000000 0.058112 0.000000 0.000000 0.000000 0.116048 0.556098 0.010170 0.000000 0.151841 0.107714 0.000017 
0.008933 0.000003 0.936138 0.000000 0.030229 0.000000 0.014549 0.000008 0.000000 0.010113 0.000003 0.000023 
0.000000 0.056716 0.000000 0.130813 0.000000 0.000000 0.170572 0.007689 0.000000 0.313444 0.239833 0.080933 
0.000000 0.070269 0.020211 0.000000 0.057593 0.017270 0.723361 0.014660 0.010865 0.085754 0.000003 0.000015 
0.000000 0.034848 0.006545 0.053122 0.053627 0.034247 0.620916 0.000010 0.119895 0.059245 0.000003 0.017542 
0.168529 0.000003 0.000000 0.000000 0.013876 0.322830 0.223339 0.037477 0.000000 0.126716 0.016986 0.090245 
0.000000 0.083690 0.012803 0.000000 0.811201 0.043337 0.034699 0.003870 0.000000 0.010381 0.000003 0.000016 
0.000000 0.089329 0.014710 0.000000 0.000000 0.000000 0.614312 0.091216 0.036811 0.098427 0.009699 0.045496 
0.000000 0.071013 0.000000 0.000000 0.000000 0.000000 0.010021 0.000008 0.175313 0.424769 0.318861 0.000015 
0.007522 0.071528 0.000000 0.032917 0.746436 0.009294 0.000235 0.000010 0.000000 0.059316 0.000002 0.072740 
0.377655 0.028049 0.000000 0.048678 0.017185 0.000000 0.026113 0.039798 0.187139 0.190671 0.011651 0.073061 
0.000000 0.004675 0.144520 0.000000 0.000000 0.000000 0.063930 0.015559 0.681531 0.055976 0.004670 0.029139 
0.012069 0.034823 0.000000 0.000000 0.409140 0.000000 0.017965 0.000008 0.512466 0.013510 0.000003 0.000017 
0.056292 0.017072 0.011694 0.114697 0.022239 0.070912 0.418727 0.000010 0.015517 0.126124 0.029875 0.116841 
0.000000 0.000003 0.106636 0.327280 0.000000 0.000000 0.084839 0.011373 0.244241 0.072464 0.044681 0.108483 
0.000000 0.013460 0.000000 0.351859 0.000000 0.000000 0.043253 0.000009 0.347407 0.054639 0.029342 0.160032 
0.000000 0.057916 0.000000 0.008523 0.000000 0.000000 0.025045 0.000009 0.175120 0.361099 0.257841 0.114447 
0.069455 0.000003 0.429272 0.131522 0.047316 0.000000 0.027536 0.014841 0.000000 0.077942 0.025921 0.176192 
0.027664 0.000003 0.076801 0.000000 0.000000 0.417687 0.221226 0.017631 0.000000 0.090632 0.013610 0.134746 
0.000000 0.033718 0.095026 0.000000 0.064902 0.000000 0.072387 0.007894 0.000000 0.308234 0.016444 0.401396 
0.059561 0.000003 0.043056 0.482858 0.000000 0.000000 0.083408 0.000009 0.000000 0.033221 0.068866 0.229018 
0.000000 0.034292 0.000000 0.000000 0.000000 0.000000 0.139815 0.068109 0.000000 0.296278 0.041375 0.420131 
0.091780 0.078998 0.000000 0.048865 0.000000 0.000000 0.021347 0.019019 0.000000 0.408397 0.320716 0.010878 
0.038920 0.053911 0.009726 0.188834 0.084759 0.157321 0.119599 0.000008 0.000000 0.135358 0.133461 0.078103 
0.000000 0.007427 0.000000 0.047058 0.000000 0.000000 0.071334 0.061672 0.105930 0.310711 0.025280 0.370588 
0.000000 0.019582 0.000000 0.321940 0.143008 0.000000 0.057735 0.030709 0.230513 0.052436 0.014950 0.129127 
0.014394 0.000002 0.122967 0.463127 0.000000 0.000000 0.085248 0.019332 0.000000 0.101271 0.041462 0.152197 
0.000000 0.070723 0.065201 0.119855 0.649269 0.000000 0.007084 0.029662 0.000000 0.046333 0.011852 0.000019 
0.064047 0.104760 0.019516 0.032435 0.662653 0.000000 0.008944 0.000010 0.026025 0.055640 0.003090 0.022880 
0.000000 0.040295 0.012582 0.037195 0.562196 0.229526 0.109520 0.000011 0.000000 0.008652 0.000003 0.000020 
0.174409 0.023164 0.000000 0.000000 0.000000 0.046354 0.041189 0.479176 0.000000 0.132215 0.000003 0.103492 
0.016794 0.046149 0.000000 0.000000 0.046380 0.000000 0.231600 0.170067 0.000000 0.289597 0.199395 0.000018 
0.040230 0.000003 0.252045 0.152469 0.000000 0.000000 0.055356 0.324419 0.000000 0.048655 0.012763 0.114060 
0.000000 0.000003 0.051758 0.054714 0.000000 0.000000 0.165000 0.434224 0.000000 0.113643 0.000002 0.180656 
0.052235 0.000003 0.000000 0.066981 0.000000 0.000000 0.069300 0.403078 0.013761 0.163425 0.000003 0.231215 
0.222070 0.049395 0.000000 0.084345 0.000000 0.000000 0.278973 0.044573 0.000000 0.186184 0.067469 0.066990 
0.025102 0.000003 0.367424 0.023636 0.139040 0.000000 0.019649 0.163678 0.164731 0.050848 0.000003 0.045887 
0.000000 0.037099 0.669224 0.000000 0.000000 0.000000 0.030273 0.007179 0.000000 0.138326 0.104213 0.013687 
0.137364 0.042770 0.012781 0.035306 0.225614 0.000000 0.033116 0.024891 0.000000 0.257420 0.005933 0.224806 
0.055124 0.000003 0.000000 0.334486 0.000000 0.082139 0.073117 0.201974 0.000000 0.055493 0.041659 0.156006 
0.009596 0.000003 0.752002 0.000000 0.023952 0.120897 0.053235 0.000014 0.013148 0.027129 0.000002 0.000021 
0.022388 0.009091 0.000000 0.000000 0.000000 0.524541 0.218436 0.027670 0.000000 0.109534 0.088324 0.000017 
0.356505 0.048444 0.000000 0.064873 0.010682 0.000000 0.012103 0.036321 0.000000 0.289516 0.091185 0.090372 
0.032027 0.036903 0.027769 0.287301 0.049716 0.000000 0.043174 0.016043 0.000000 0.242035 0.150405 0.114627 
0.018403 0.000003 0.000000 0.171224 0.000000 0.000000 0.026874 0.010030 0.652186 0.025559 0.024029 0.071693 
0.000000 0.000003 0.000000 0.000000 0.000000 0.012175 0.017702 0.017445 0.926052 0.026604 0.000003 0.000016 
0.000000 0.075837 0.000000 0.000000 0.000000 0.000000 0.194646 0.000007 0.000000 0.354353 0.375143 0.000014 
0.023397 0.000003 0.000000 0.314523 0.000000 0.321960 0.173214 0.000009 0.000000 0.031321 0.027719 0.107854 
0.019937 0.049294 0.000000 0.000000 0.000000 0.000000 0.056551 0.028867 0.019993 0.323991 0.030793 0.470574 
0.203145 0.000003 0.000000 0.054873 0.000000 0.000000 0.013435 0.107323 0.404154 0.129594 0.000003 0.087471 
0.000000 0.042981 0.112572 0.000000 0.000000 0.000000 0.267265 0.008829 0.196891 0.179646 0.146174 0.045641 
0.363993 0.046298 0.000000 0.041289 0.000000 0.000000 0.029703 0.048507 0.000000 0.283409 0.008432 0.178368 
0.000000 0.011094 0.000000 0.110979 0.000000 0.000000 0.053999 0.361617 0.000000 0.247092 0.142789 0.072430 
0.000000 0.013312 0.491261 0.000000 0.037963 0.000000 0.029583 0.010463 0.000000 0.218689 0.104478 0.094250 
0.000000 0.035626 0.542942 0.116757 0.000000 0.000000 0.018233 0.000009 0.000000 0.115736 0.129050 0.041646 
0.018103 0.000003 0.079531 0.051603 0.000000 0.019459 0.027775 0.053900 0.673952 0.039725 0.000003 0.035946 
0.000000 0.004758 0.387380 0.000000 0.229149 0.232292 0.123261 0.004372 0.006378 0.012390 0.000003 0.000019 
0.014404 0.023699 0.000000 0.202087 0.317485 0.000000 0.159796 0.000009 0.122586 0.048152 0.020940 0.090842 
0.062592 0.016939 0.000000 0.000000 0.134694 0.000000 0.034181 0.567908 0.000000 0.089036 0.005335 0.089315 
0.022894 0.026328 0.683331 0.000000 0.041123 0.000000 0.018551 0.014999 0.000000 0.082312 0.090979 0.019482 
0.000000 0.000003 0.000000 0.235931 0.000000 0.049328 0.164752 0.018325 0.336518 0.033319 0.027918 0.133906 
0.000000 0.000003 0.000000 0.000000 0.000000 0.723005 0.260991 0.004606 0.006370 0.000849 0.000003 0.004174 
0.028552 0.081305 0.000000 0.000000 0.000000 0.000000 0.020030 0.008326 0.000000 0.448473 0.413296 0.000017 
0.000000 0.006289 0.301619 0.000000 0.000000 0.000000 0.051334 0.477191 0.000000 0.056291 0.002552 0.104724 
0.386177 0.000003 0.000000 0.064050 0.031504 0.000000 0.011022 0.046853 0.166279 0.204720 0.007769 0.081623 
0.000000 0.011343 0.717868 0.000000 0.053126 0.000000 0.021106 0.002591 0.000000 0.082049 0.038927 0.072990 
0.038259 0.025938 0.000000 0.000000 0.000000 0.000000 0.263932 0.469141 0.038900 0.059015 0.010423 0.094392 
0.073211 0.000003 0.171473 0.160801 0.070964 0.000000 0.092538 0.106246 0.128396 0.044903 0.023921 0.127544 
0.009998 0.089951 0.013902 0.000000 0.000000 0.033698 0.762514 0.018145 0.000000 0.071773 0.000002 0.000016 
0.011326 0.012062 0.000000 0.000000 0.093671 0.519604 0.209970 0.005641 0.000000 0.085797 0.061913 0.000015 
0.000000 0.076330 0.000000 0.024925 0.087761 0.000000 0.020478 0.008919 0.000000 0.437864 0.312486 0.031237 
0.048058 0.041900 0.009102 0.231008 0.000000 0.000000 0.031941 0.010662 0.000000 0.221954 0.263008 0.142367 
0.027587 0.087931 0.000000 0.000000 0.632751 0.156167 0.069305 0.000007 0.007206 0.019027 0.000002 0.000017 
0.000000 0.063195 0.000000 0.028888 0.518517 0.048159 0.070284 0.225508 0.011594 0.033834 0.000003 0.000018 
0.000000 0.000002 0.000000 0.000000 0.000000 0.000000 0.000175 0.000007 0.990859 0.004688 0.004255 0.000012 
0.000000 0.074195 0.000000 0.000000 0.000000 0.039372 0.611985 0.000008 0.006946 0.166643 0.100833 0.000018 
0.000000 0.009268 0.017206 0.129521 0.000000 0.000000 0.271837 0.012062 0.398895 0.049642 0.020456 0.091113 
0.000000 0.000003 0.000000 0.042492 0.350328 0.000000 0.058130 0.307465 0.138127 0.035088 0.000002 0.068366 
0.000000 0.003992 0.133833 0.051037 0.000000 0.048600 0.102612 0.011848 0.000000 0.283559 0.000003 0.364516 
0.082747 0.056044 0.157102 0.000000 0.220439 0.000000 0.057432 0.017316 0.007214 0.169949 0.016285 0.215472 
0.093865 0.000003 0.000000 0.000000 0.156394 0.314640 0.121835 0.174187 0.015501 0.059282 0.011431 0.052863 
0.139135 0.025707 0.041040 0.198116 0.000000 0.000000 0.041789 0.270177 0.000000 0.132806 0.021527 0.129704 
0.000000 0.000002 0.033106 0.125083 0.000000 0.000000 0.072130 0.470627 0.021497 0.101269 0.052126 0.124158 
0.005683 0.003263 0.139510 0.000000 0.000000 0.622143 0.180155 0.000012 0.031159 0.018059 0.000002 0.000014 
0.027938 0.011685 0.722875 0.000000 0.067074 0.035340 0.024360 0.008982 0.077617 0.024110 0.000003 0.000018 
0.007279 0.020777 0.334097 0.000000 0.000000 0.000000 0.081495 0.056413 0.439736 0.032920 0.000002 0.027281 
0.000000 0.019844 0.000000 0.083204 0.000000 0.100967 0.085100 0.018168 0.000000 0.312404 0.034805 0.345508 
0.000000 0.057439 0.322787 0.061543 0.000000 0.073838 0.105507 0.000010 0.009820 0.181519 0.158377 0.029161 
0.036779 0.058459 0.000000 0.000000 0.000000 0.000000 0.549740 0.232691 0.020986 0.072902 0.000002 0.028441 
0.000000 0.000003 0.332630 0.030021 0.000000 0.000000 0.017955 0.087240 0.485963 0.022071 0.000003 0.024113 
0.234019 0.000003 0.000000 0.099590 0.000000 0.000000 0.058751 0.050517 0.022297 0.273730 0.000003 0.261090 
0.000000 0.022929 0.000000 0.000000 0.000000 0.000000 0.066611 0.011805 0.000000 0.363740 0.022501 0.512413 
0.028300 0.058736 0.000000 0.033444 0.793309 0.000000 0.011172 0.008392 0.000000 0.018057 0.012918 0.035673 
0.335468 0.043592 0.033708 0.000000 0.011291 0.035632 0.043388 0.054875 0.000000 0.272635 0.087955 0.081456 
0.000000 0.108990 0.151390 0.000000 0.000000 0.053731 0.000363 0.006068 0.045036 0.337275 0.297131 0.000016 
0.021921 0.077576 0.064229 0.000000 0.000000 0.032781 0.564762 0.000008 0.178372 0.060331 0.000003 0.000017 
0.000000 0.069823 0.219307 0.000000 0.000000 0.000000 0.021845 0.010476 0.037325 0.287230 0.275244 0.078749 
0.189616 0.047263 0.000000 0.000000 0.000000 0.202285 0.113097 0.036142 0.000000 0.289360 0.122219 0.000019 
0.000000 0.000003 0.903726 0.000000 0.034732 0.000000 0.021797 0.004790 0.022025 0.012899 0.000002 0.000026 
0.100734 0.000003 0.409493 0.142517 0.000000 0.000000 0.035121 0.051353 0.000000 0.096259 0.050447 0.114074 
0.000000 0.041430 0.000000 0.000000 0.000000 0.000000 0.429367 0.008032 0.000000 0.223612 0.016921 0.280639 
0.120332 0.043979 0.012612 0.000000 0.677922 0.000000 0.016453 0.015703 0.000000 0.055462 0.011438 0.046099 
0.040065 0.000003 0.000000 0.000000 0.000000 0.702129 0.225714 0.000020 0.008468 0.023584 0.000002 0.000015 
0.045258 0.036216 0.094364 0.075721 0.059728 0.000000 0.507327 0.011152 0.089675 0.061650 0.000003 0.018907 
0.000000 0.008180 0.098784 0.000000 0.013391 0.000000 0.062564 0.020309 0.000000 0.324290 0.026858 0.445625 
0.000000 0.000003 0.034676 0.383372 0.145124 0.044465 0.055810 0.021776 0.045475 0.035916 0.046188 0.187195 
0.049712 0.031096 0.000000 0.028302 0.000000 0.168362 0.068255 0.000008 0.306014 0.169403 0.152797 0.026051 
0.000000 0.000003 0.121624 0.000000 0.000000 0.000000 0.022236 0.055044 0.775954 0.016386 0.008736 0.000018 
0.000000 0.000003 0.885341 0.000000 0.045094 0.000000 0.020116 0.032666 0.000000 0.016756 0.000002 0.000023 
0.000000 0.017557 0.000000 0.000000 0.369865 0.000000 0.031957 0.426805 0.000000 0.064809 0.000002 0.089005 
0.000000 0.065861 0.000000 0.000000 0.000000 0.000000 0.014505 0.000008 0.208996 0.344449 0.366166 0.000015 
0.097643 0.034257 0.543013 0.000000 0.000000 0.000000 0.025657 0.173259 0.000000 0.070518 0.003982 0.051671 
0.000000 0.010861 0.000000 0.013837 0.017097 0.000000 0.181726 0.027181 0.726982 0.022296 0.000003 0.000018 
0.035623 0.000002 0.000000 0.000000 0.000000 0.000000 0.071959 0.703544 0.000000 0.068506 0.000002 0.120363 
0.000000 0.000003 0.000000 0.000000 0.000000 0.000000 0.012468 0.000007 0.979100 0.004170 0.000004 0.004247 
0.042197 0.064345 0.000000 0.000000 0.576638 0.046290 0.009350 0.000009 0.193768 0.018797 0.003693 0.044914 
0.297971 0.014229 0.000000 0.000000 0.017061 0.097003 0.034343 0.189030 0.000000 0.181565 0.053493 0.115304 
0.000000 0.062822 0.000000 0.000000 0.000000 0.000000 0.028949 0.009718 0.000000 0.451647 0.193856 0.253008 
0.000000 0.000003 0.000000 0.040753 0.121294 0.020501 0.048605 0.452578 0.144155 0.063145 0.009849 0.099116 
0.000000 0.000003 0.511831 0.161826 0.000000 0.000000 0.038325 0.047694 0.104770 0.020447 0.025953 0.089153 
0.000000 0.025390 0.216255 0.126093 0.000000 0.000000 0.053895 0.034209 0.000000 0.251894 0.031461 0.260803 
0.218600 0.050955 0.000000 0.000000 0.339600 0.000000 0.007167 0.024404 0.077174 0.168975 0.006041 0.107085 
0.000000 0.038147 0.000000 0.243411 0.516632 0.000000 0.029399 0.000009 0.000000 0.037241 0.026665 0.108495 
0.000000 0.080022 0.000000 0.013695 0.000000 0.017311 0.048879 0.000014 0.000000 0.462369 0.333971 0.043739 
0.000000 0.051348 0.215862 0.035874 0.000000 0.000000 0.511919 0.000009 0.009497 0.085818 0.005442 0.084231 
0.284234 0.079398 0.000000 0.045245 0.145926 0.000000 0.170682 0.032917 0.000000 0.171459 0.009458 0.060682 
0.000000 0.000003 0.164732 0.000000 0.000000 0.000000 0.000295 0.052876 0.746003 0.021992 0.014085 0.000015 
0.037134 0.000003 0.000000 0.240165 0.052070 0.356027 0.159189 0.000009 0.008069 0.021481 0.030976 0.094878 
0.000000 0.017541 0.000000 0.061904 0.000000 0.029631 0.273531 0.029570 0.529835 0.044831 0.000005 0.013152 
0.000000 0.063261 0.020419 0.058853 0.795126 0.000000 0.005340 0.012688 0.010949 0.012718 0.000002 0.020643 
0.162198 0.086546 0.015975 0.037596 0.294023 0.000000 0.016016 0.012870 0.000000 0.239734 0.106214 0.028829 
0.000000 0.031693 0.000000 0.000000 0.000000 0.000000 0.075839 0.020305 0.000000 0.372959 0.036993 0.462211 
0.000000 0.007890 0.000000 0.000000 0.072119 0.000000 0.037756 0.000008 0.849661 0.018074 0.000004 0.014487 
0.015382 0.054544 0.000000 0.000000 0.000000 0.149543 0.513079 0.058536 0.158474 0.050422 0.000003 0.000016 
0.000000 0.022969 0.438707 0.000000 0.000000 0.021632 0.172745 0.000009 0.049087 0.117989 0.011621 0.165240 
0.013013 0.069515 0.046700 0.000000 0.800333 0.000000 0.000213 0.041193 0.000000 0.007997 0.000003 0.021033 
0.030464 0.000002 0.000000 0.158982 0.000000 0.000000 0.083458 0.536520 0.000000 0.083106 0.000003 0.107465 
0.016770 0.000002 0.137588 0.000000 0.000000 0.168852 0.081260 0.452314 0.011093 0.062085 0.000002 0.070032 
0.000000 0.086975 0.000000 0.000000 0.811869 0.000000 0.000191 0.000009 0.003726 0.073859 0.023355 0.000016 
0.146861 0.000003 0.000000 0.000000 0.000000 0.000000 0.043074 0.008754 0.463717 0.150209 0.056113 0.131269 
0.000000 0.000003 0.038613 0.047941 0.000000 0.000000 0.270090 0.000008 0.571750 0.059031 0.012547 0.000017 
0.013028 0.076563 0.012031 0.000000 0.000000 0.029282 0.732163 0.029427 0.022587 0.084899 0.000004 0.000017 
0.374838 0.037973 0.000000 0.036537 0.000000 0.000000 0.031117 0.036807 0.000000 0.297191 0.009012 0.176525 
0.039732 0.000003 0.000000 0.524750 0.000000 0.000000 0.076802 0.023405 0.023214 0.051112 0.055630 0.205353 
0.017526 0.022685 0.628916 0.000000 0.165665 0.000000 0.035262 0.000010 0.000000 0.079850 0.050069 0.000016 
0.000000 0.000003 0.049597 0.048600 0.000000 0.000000 0.213321 0.505990 0.000000 0.093674 0.011864 0.076952 
0.073914 0.051224 0.000000 0.000000 0.041330 0.080437 0.608771 0.033074 0.000000 0.084329 0.000003 0.026918 
0.000000 0.065620 0.219668 0.000000 0.000000 0.028685 0.048808 0.000008 0.000000 0.307997 0.296598 0.032615 
0.000000 0.071083 0.011690 0.000000 0.879814 0.000000 0.001724 0.000006 0.024807 0.010857 0.000002 0.000016 
0.097590 0.137164 0.070087 0.000000 0.000000 0.000000 0.017106 0.014684 0.012255 0.357655 0.267438 0.026020 
0.000000 0.037221 0.194010 0.000000 0.399230 0.000000 0.199211 0.007758 0.000000 0.063426 0.011472 0.087670 
0.049159 0.078310 0.000000 0.033349 0.737294 0.000000 0.001664 0.029767 0.000000 0.060313 0.010127 0.000016 
0.000000 0.079040 0.044689 0.000000 0.185015 0.000000 0.038687 0.000007 0.213551 0.230840 0.208156 0.000014 
0.000000 0.016019 0.771345 0.000000 0.032057 0.000000 0.010238 0.000009 0.000000 0.095644 0.027940 0.046747 
0.000000 0.027292 0.696153 0.040220 0.028301 0.000000 0.184629 0.000009 0.000000 0.023376 0.000002 0.000018 
0.050494 0.015241 0.222972 0.029132 0.000000 0.000000 0.059127 0.046443 0.000000 0.273490 0.016226 0.286875 
0.026654 0.062847 0.013544 0.244336 0.000000 0.000000 0.417870 0.016932 0.000000 0.086989 0.032571 0.098257 
0.091346 0.000003 0.180085 0.044852 0.096110 0.018184 0.040825 0.000009 0.000000 0.258761 0.000004 0.269820 
