-197197.264942
0
0.024654 0.017051 0.003503 0.020332 0.019246 0.011761 0.004170 0.020442 0.020025 0.011080 0.006839 0.023708 0.009731 0.011905 0.011696 0.012425 0.023144 0.011753 0.019726 0.023368 0.000000 0.001526 0.009638 0.000002 0.018517 0.010630 0.001737 0.012490 0.014771 0.011104 0.003299 0.018140 0.016311 0.007589 0.002236 0.020308 0.007695 0.013203 0.010891 0.020469 0.008436 0.014832 0.009283 0.012386 0.000000 0.004233 0.009813 0.000000 0.011787 0.010232 0.000000 0.014139 0.009630 0.007340 0.001567 0.013772 0.015530 0.005663 0.000299 0.009722 0.006889 0.007459 0.010012 0.011639 0.010779 0.006480 0.007376 0.010999 0.000000 0.002453 0.012953 0.003808 0.015237 0.018113 0.002820 0.023727 0.011128 0.015501 0.001958 0.018903 0.004981 0.009526 0.001435 0.010643 0.009363 0.013252 0.007401 0.019930 0.009950 0.010530 0.006112 0.011927 0.000000 0.005144 0.009945 0.005848 
0.003035 0.003451 0.000762 0.001719 0.002073 0.001437 0.000000 0.000004 0.008993 0.001992 0.004151 0.006139 0.000001 0.000004 0.000017 0.000514 0.002491 0.001189 0.000070 0.000014 0.000000 0.000010 0.000003 0.000011 0.000325 0.000372 0.000000 0.002316 0.000000 0.000000 0.000000 0.001378 0.015388 0.003325 0.006084 0.009698 0.000001 0.000665 0.000001 0.000989 0.002001 0.000008 0.002922 0.001873 0.000734 0.000004 0.000032 0.000002 0.000181 0.000924 0.000585 0.000234 0.000000 0.000006 0.000000 0.000000 0.005985 0.007378 0.002995 0.003886 0.000000 0.000001 0.000000 0.000939 0.000150 0.000505 0.000083 0.000157 0.000000 0.001106 0.000003 0.000004 0.012946 0.002828 0.001056 0.012261 0.042538 0.000021 0.000822 0.066196 0.402461 0.080460 0.034372 0.231417 0.000006 0.000003 0.000003 0.000067 0.000050 0.000029 0.000133 0.000166 0.000000 0.000786 0.000010 0.000046 
0.010218 0.010967 0.000000 0.005785 0.000005 0.001545 0.000000 0.000003 0.031051 0.015799 0.193358 0.011187 0.004476 0.000003 0.001239 0.007431 0.011978 0.011098 0.008816 0.013887 0.000000 0.002049 0.001144 0.003762 0.007438 0.001747 0.000000 0.002878 0.000000 0.000000 0.000000 0.000000 0.017950 0.018773 0.099633 0.018162 0.000000 0.001131 0.000001 0.000810 0.002875 0.006022 0.008115 0.003959 0.000000 0.001645 0.000030 0.003700 0.006687 0.005741 0.000000 0.003066 0.000000 0.000750 0.000000 0.000000 0.024842 0.026161 0.126778 0.019328 0.000000 0.000000 0.000000 0.000016 0.012137 0.006829 0.003893 0.011840 0.000000 0.000000 0.000003 0.000976 0.007853 0.011450 0.002629 0.011944 0.000667 0.001559 0.000000 0.000001 0.011793 0.016504 0.085775 0.011134 0.005976 0.003176 0.001741 0.004158 0.008472 0.005743 0.010956 0.002263 0.002696 0.000022 0.000010 0.003759 
0.001604 0.000118 0.000000 0.001306 0.000016 0.000002 0.000000 0.002503 0.007143 0.014592 0.008887 0.003936 0.000001 0.000705 0.003236 0.006468 0.006816 0.000241 0.001025 0.005790 0.000000 0.001128 0.002443 0.000004 0.002882 0.002365 0.000000 0.001510 0.000000 0.000000 0.000000 0.000001 0.068294 0.097701 0.026514 0.074682 0.001865 0.001610 0.002064 0.002234 0.001883 0.000007 0.002892 0.008939 0.000000 0.000742 0.002059 0.000001 0.005135 0.000266 0.000000 0.000365 0.000000 0.000008 0.000000 0.000001 0.001268 0.018299 0.000315 0.016012 0.000001 0.000000 0.002023 0.001825 0.004981 0.001281 0.001773 0.011970 0.000000 0.000000 0.004733 0.000003 0.001254 0.000550 0.002311 0.002781 0.000002 0.003905 0.000000 0.000003 0.113283 0.238556 0.092964 0.073891 0.002562 0.000007 0.002306 0.004056 0.006056 0.003577 0.005458 0.003744 0.000000 0.002067 0.002524 0.001677 
0.000117 0.000414 0.000000 0.000958 0.000725 0.000002 0.000000 0.001202 0.034075 0.013610 0.090429 0.015350 0.000001 0.004389 0.000056 0.001844 0.006694 0.004821 0.025509 0.000016 0.000000 0.000812 0.000004 0.003015 0.007622 0.021010 0.013951 0.052801 0.000000 0.000000 0.001034 0.000000 0.013200 0.012408 0.089894 0.008131 0.000000 0.000729 0.000000 0.001497 0.007197 0.002345 0.028277 0.002354 0.000000 0.003576 0.004304 0.007922 0.002419 0.007121 0.003996 0.011117 0.000433 0.003006 0.000000 0.001459 0.062672 0.082113 0.129064 0.059374 0.000465 0.004054 0.000000 0.001600 0.011412 0.008272 0.013201 0.004297 0.000000 0.000467 0.001920 0.003081 0.001832 0.005688 0.000014 0.004540 0.000001 0.000320 0.000000 0.000001 0.007343 0.005880 0.039037 0.003987 0.000007 0.000003 0.000004 0.000270 0.008442 0.005215 0.010462 0.003736 0.000000 0.001945 0.001816 0.005618 
0.000929 0.002230 0.000000 0.010477 0.000706 0.000002 0.000000 0.000003 0.000057 0.004208 0.016162 0.003848 0.000001 0.000002 0.000383 0.002049 0.001834 0.005651 0.001689 0.005031 0.000000 0.004041 0.001377 0.011133 0.004031 0.000501 0.000000 0.016234 0.000000 0.000000 0.000000 0.000000 0.002673 0.001068 0.011021 0.006327 0.000001 0.000538 0.000000 0.000788 0.000047 0.002601 0.000771 0.002739 0.001494 0.001748 0.003754 0.015074 0.001658 0.001976 0.000000 0.007762 0.000000 0.000259 0.000000 0.000000 0.000027 0.014720 0.021102 0.011708 0.000000 0.000001 0.000000 0.000400 0.006512 0.011375 0.004722 0.013483 0.000000 0.001941 0.002064 0.002098 0.038255 0.012037 0.002178 0.309236 0.000670 0.000292 0.000000 0.000002 0.003544 0.024824 0.211620 0.034040 0.000008 0.001554 0.000002 0.002919 0.002734 0.009182 0.006410 0.011727 0.004671 0.010455 0.002195 0.066417 
0.010876 0.008251 0.000000 0.005679 0.003246 0.000536 0.000000 0.003621 0.008733 0.004338 0.009939 0.006254 0.014380 0.003797 0.007018 0.018592 0.029644 0.009537 0.018215 0.022183 0.029053 0.006737 0.005509 0.021641 0.004384 0.003084 0.000000 0.008578 0.000416 0.000000 0.000000 0.004420 0.009889 0.006360 0.004599 0.009938 0.006547 0.005287 0.005558 0.005290 0.017546 0.009305 0.015100 0.024558 0.021738 0.005331 0.012041 0.058701 0.008137 0.009711 0.000000 0.008744 0.000000 0.002994 0.000000 0.003653 0.006624 0.006774 0.007463 0.015793 0.003039 0.002385 0.003755 0.003606 0.008801 0.010783 0.010217 0.015492 0.009568 0.000000 0.003528 0.020262 0.023082 0.003745 0.000003 0.034406 0.001161 0.002193 0.000000 0.004449 0.006700 0.009830 0.005554 0.009270 0.019879 0.001363 0.014604 0.014662 0.016488 0.014257 0.010112 0.035495 0.048961 0.010102 0.009058 0.056844 
0.034452 0.033979 0.017829 0.031033 0.009082 0.005694 0.002551 0.004569 0.008889 0.008061 0.004755 0.002831 0.007945 0.004424 0.013451 0.000532 0.003665 0.000066 0.002816 0.000013 0.000000 0.000004 0.000002 0.001272 0.052828 0.072450 0.008108 0.058793 0.011660 0.009489 0.007017 0.007433 0.017526 0.014974 0.006517 0.018218 0.006473 0.007230 0.037611 0.014242 0.003944 0.000006 0.005663 0.005882 0.000000 0.000007 0.002684 0.000001 0.039054 0.033261 0.024171 0.027273 0.004752 0.010485 0.006855 0.004529 0.005337 0.006316 0.003002 0.006738 0.005497 0.004307 0.010722 0.002728 0.004513 0.001129 0.006872 0.000755 0.000000 0.000000 0.000004 0.000004 0.039019 0.058162 0.008704 0.044122 0.000002 0.010089 0.003320 0.006380 0.002093 0.009631 0.010440 0.012166 0.002206 0.003381 0.009431 0.003853 0.000065 0.000039 0.000064 0.000943 0.000000 0.000020 0.000814 0.000081 
0.000017 0.000000 0.000000 0.000000 0.958893 0.000000 0.041087 0.000002 
0.000018 0.300924 0.000000 0.000000 0.000000 0.000000 0.630921 0.068136 
0.000018 0.000000 0.000000 0.527411 0.000000 0.000000 0.000020 0.472550 
0.000017 0.000000 0.000000 0.000000 0.008127 0.922205 0.069648 0.000003 
0.106047 0.427723 0.366638 0.000000 0.069189 0.000000 0.030401 0.000003 
0.084177 0.000000 0.021493 0.000000 0.000000 0.000000 0.894327 0.000003 
0.688765 0.000000 0.053285 0.000000 0.000000 0.000000 0.094861 0.163089 
0.502451 0.141266 0.027723 0.062558 0.047905 0.080910 0.137184 0.000003 
0.768200 0.147958 0.000000 0.000000 0.026383 0.000000 0.057457 0.000003 
0.045246 0.000000 0.030589 0.000000 0.000000 0.000000 0.906891 0.017275 
0.370735 0.007878 0.005840 0.036326 0.398220 0.000000 0.117213 0.063789 
0.049601 0.016550 0.808323 0.000000 0.000000 0.000000 0.063731 0.061794 
0.183019 0.000000 0.000000 0.000000 0.024032 0.084392 0.095845 0.612711 
0.282226 0.303059 0.060488 0.000000 0.153131 0.021677 0.059357 0.120062 
0.000011 0.748678 0.000000 0.000000 0.251296 0.000000 0.000013 0.000002 
0.576244 0.000000 0.029352 0.055264 0.085837 0.072380 0.180920 0.000003 
0.015144 0.031489 0.045296 0.000000 0.000000 0.000000 0.885795 0.022275 
0.336588 0.000000 0.000000 0.395484 0.043942 0.000000 0.097299 0.126687 
0.000019 0.337795 0.000000 0.251040 0.000000 0.411120 0.000023 0.000003 
0.423042 0.069389 0.033692 0.292921 0.067590 0.000000 0.113363 0.000003 
0.086033 0.000000 0.057522 0.000000 0.000000 0.000000 0.856443 0.000003 
0.070219 0.000000 0.904378 0.000000 0.000000 0.000000 0.000028 0.025375 
0.242585 0.013173 0.339008 0.000000 0.113236 0.000000 0.261915 0.030083 
0.199322 0.045547 0.689572 0.000000 0.000000 0.008701 0.012143 0.044715 
0.000018 0.010780 0.103055 0.721461 0.000000 0.087889 0.056384 0.020412 
0.227277 0.000000 0.275600 0.000000 0.000000 0.000000 0.497120 0.000003 
0.222474 0.000000 0.073497 0.000000 0.000000 0.000000 0.000028 0.704000 
0.589251 0.000000 0.000000 0.019911 0.217071 0.000000 0.173764 0.000003 
0.655469 0.011134 0.058451 0.000000 0.000000 0.000000 0.132367 0.142579 
0.610943 0.000000 0.017927 0.067779 0.130558 0.000000 0.156985 0.015808 
0.195792 0.764558 0.000000 0.000000 0.000000 0.000000 0.010309 0.029342 
0.054125 0.000000 0.608201 0.000000 0.000000 0.285299 0.026624 0.025752 
0.260108 0.000000 0.564572 0.000000 0.111028 0.000000 0.057051 0.007241 
0.076709 0.000000 0.000000 0.000000 0.000000 0.894289 0.015523 0.013478 
0.179397 0.343775 0.000000 0.000000 0.000000 0.000000 0.150485 0.326343 
0.626848 0.000000 0.000000 0.023213 0.074911 0.030631 0.222312 0.022085 
0.417801 0.000000 0.000000 0.092779 0.245866 0.010260 0.129681 0.103614 
0.793642 0.007688 0.000000 0.000000 0.035947 0.000000 0.138285 0.024438 
0.593919 0.000000 0.141016 0.000000 0.000000 0.011213 0.098623 0.155229 
0.000019 0.000000 0.151490 0.647276 0.000000 0.000000 0.086400 0.114815 
0.550941 0.013237 0.051136 0.119046 0.000000 0.025850 0.097919 0.141870 
0.392393 0.010939 0.000000 0.015487 0.048861 0.015310 0.042639 0.474370 
0.899371 0.000000 0.000000 0.000000 0.018081 0.000000 0.072742 0.009806 
0.000019 0.007077 0.007438 0.000000 0.000000 0.300858 0.649707 0.034901 
0.000018 0.000000 0.000000 0.000000 0.059751 0.702729 0.025050 0.212452 
0.014641 0.000000 0.000000 0.000000 0.000000 0.974078 0.000022 0.011258 
0.000017 0.000000 0.230341 0.000000 0.769619 0.000000 0.000020 0.000003 
0.758313 0.021115 0.000000 0.035741 0.000000 0.000000 0.111580 0.073251 
0.000018 0.000000 0.000000 0.000000 0.291280 0.043609 0.000025 0.665067 
0.000015 0.000000 0.000000 0.000000 0.000000 0.981454 0.012045 0.006486 
0.244996 0.0821665 0.116028 0.056447 0.0979601 0.0756699 0.264468 0.176272 
