-197070.300426
0
0.003375 0.003723 0.000811 0.001953 0.001946 0.001238 0.000000 0.000001 0.008958 0.002654 0.004465 0.005853 0.000001 0.000005 0.000103 0.001490 0.003959 0.001730 0.000133 0.000128 0.000000 0.000000 0.000014 0.000001 0.000455 0.000269 0.000000 0.002371 0.000000 0.000000 0.000000 0.000000 0.015311 0.003383 0.005440 0.010089 0.000003 0.000623 0.000011 0.000821 0.002229 0.000031 0.003204 0.002183 0.000582 0.000001 0.000050 0.000002 0.000287 0.000869 0.000000 0.000515 0.000000 0.000003 0.000000 0.000000 0.005636 0.006927 0.002795 0.003563 0.000009 0.001041 0.000005 0.000917 0.000278 0.000652 0.000135 0.000494 0.000000 0.001236 0.000001 0.000001 0.013351 0.002893 0.001227 0.013627 0.041893 0.000006 0.000000 0.065406 0.400051 0.079883 0.034502 0.229980 0.000084 0.000001 0.000010 0.000093 0.000226 0.000065 0.000318 0.000610 0.000000 0.000730 0.000011 0.000070 
0.019773 0.016129 0.004634 0.017065 0.024558 0.014084 0.006104 0.026544 0.018266 0.008501 0.005262 0.022982 0.010279 0.011933 0.008087 0.007146 0.012806 0.009069 0.012736 0.015607 0.000000 0.002546 0.009432 0.003634 0.019186 0.012046 0.000000 0.012416 0.018951 0.013002 0.003985 0.023993 0.016536 0.008804 0.002893 0.017474 0.008117 0.012089 0.009804 0.016374 0.007955 0.016668 0.008097 0.011291 0.001798 0.005638 0.012499 0.006251 0.008172 0.011645 0.000000 0.012595 0.011961 0.007959 0.001989 0.018137 0.018188 0.006700 0.000478 0.010858 0.004305 0.005974 0.008368 0.008831 0.009199 0.006672 0.005527 0.006242 0.001760 0.002709 0.016508 0.006371 0.011993 0.020209 0.001209 0.018404 0.014779 0.020245 0.002443 0.025102 0.005837 0.013832 0.002226 0.011970 0.007202 0.013720 0.005973 0.016782 0.008175 0.010073 0.006182 0.009616 0.002497 0.005728 0.011400 0.010213 
0.001042 0.002212 0.000356 0.010311 0.000817 0.000001 0.000000 0.000000 0.000077 0.004244 0.016002 0.003801 0.000001 0.000004 0.000484 0.002123 0.002111 0.005607 0.001897 0.005100 0.000000 0.004122 0.001328 0.011362 0.004235 0.000826 0.000649 0.016412 0.000000 0.000000 0.000000 0.000000 0.002841 0.001197 0.011003 0.006368 0.000223 0.000494 0.000004 0.000799 0.000232 0.002527 0.000955 0.002977 0.001686 0.001696 0.003915 0.015531 0.001725 0.002095 0.000000 0.007907 0.000000 0.000429 0.000141 0.000000 0.000031 0.014900 0.021185 0.011968 0.000004 0.000153 0.000004 0.000417 0.006663 0.011433 0.004790 0.013467 0.000000 0.001764 0.002071 0.002182 0.037985 0.012275 0.002217 0.306058 0.000000 0.000404 0.000000 0.000000 0.002929 0.024760 0.209381 0.033496 0.000404 0.001513 0.000008 0.002884 0.002857 0.009286 0.006583 0.011926 0.005056 0.010380 0.002263 0.066440 
0.048181 0.031707 0.000000 0.040186 0.001037 0.000001 0.000000 0.000001 0.019180 0.007585 0.033849 0.021124 0.012670 0.012511 0.018436 0.023166 0.025491 0.009626 0.018302 0.028347 0.000000 0.000000 0.007162 0.000002 0.027438 0.021794 0.000000 0.026890 0.000000 0.004203 0.000000 0.000000 0.003549 0.005498 0.012556 0.019742 0.008691 0.014304 0.016548 0.034256 0.004347 0.005844 0.007080 0.010795 0.000000 0.000004 0.001489 0.000003 0.029972 0.011238 0.000000 0.021305 0.000000 0.000004 0.000000 0.000001 0.000233 0.001412 0.016979 0.004484 0.009733 0.010374 0.010583 0.022511 0.006451 0.000323 0.010114 0.010145 0.000000 0.000000 0.000001 0.000001 0.035508 0.011707 0.002113 0.054985 0.000000 0.000008 0.000000 0.000000 0.007572 0.003248 0.012319 0.013352 0.013268 0.015778 0.014054 0.034510 0.005600 0.004665 0.000149 0.011559 0.000000 0.004804 0.004017 0.001328 
0.000269 0.000698 0.000000 0.001088 0.000863 0.000001 0.000000 0.001324 0.034499 0.010531 0.090056 0.016422 0.000002 0.004942 0.000188 0.001635 0.004109 0.003399 0.022071 0.000082 0.000000 0.000000 0.000028 0.003172 0.008182 0.022312 0.018173 0.056765 0.000000 0.000000 0.000963 0.000000 0.010861 0.011930 0.094900 0.007349 0.000001 0.000794 0.000004 0.001676 0.006289 0.002523 0.026212 0.001939 0.000000 0.003613 0.004897 0.008018 0.002346 0.007108 0.003160 0.011168 0.000493 0.002722 0.000000 0.001631 0.061889 0.080085 0.138322 0.062307 0.000446 0.003933 0.000003 0.002096 0.009699 0.006068 0.012553 0.002308 0.000000 0.000000 0.001880 0.002859 0.001814 0.005526 0.000019 0.004643 0.000000 0.000425 0.000337 0.000000 0.007291 0.006360 0.041499 0.004134 0.000070 0.000001 0.000016 0.000464 0.005985 0.004636 0.008610 0.002968 0.000000 0.002111 0.001969 0.005263 
0.010236 0.010967 0.000000 0.005949 0.000004 0.001679 0.000000 0.000000 0.030938 0.016037 0.193043 0.011241 0.004485 0.000006 0.001572 0.007254 0.012284 0.011504 0.008711 0.014313 0.000000 0.002507 0.001282 0.003635 0.007559 0.001884 0.000000 0.002735 0.000000 0.000000 0.000000 0.000000 0.017899 0.018178 0.099235 0.017669 0.000002 0.001263 0.000013 0.001143 0.002928 0.006163 0.008036 0.003987 0.000000 0.001748 0.000054 0.003438 0.006632 0.006065 0.000000 0.003285 0.000000 0.000005 0.000000 0.000000 0.025392 0.026363 0.123729 0.018780 0.000009 0.000383 0.000005 0.000010 0.012736 0.007285 0.003671 0.012016 0.000000 0.000870 0.000001 0.000900 0.007913 0.012107 0.002876 0.012252 0.000000 0.001681 0.000000 0.000000 0.010473 0.014827 0.086632 0.010545 0.006111 0.003111 0.001877 0.004031 0.009092 0.006052 0.011528 0.002571 0.002433 0.000021 0.000012 0.004134 
0.006479 0.000392 0.000001 0.001690 0.000015 0.004951 0.000000 0.000001 0.023148 0.028860 0.029247 0.009944 0.000004 0.000011 0.013118 0.017099 0.063181 0.020224 0.050484 0.036843 0.000000 0.000000 0.003769 0.000002 0.001743 0.000118 0.000000 0.003193 0.000000 0.000000 0.000000 0.000000 0.043552 0.023368 0.012073 0.041618 0.000003 0.005516 0.008752 0.006106 0.019397 0.003546 0.024453 0.021740 0.000000 0.000005 0.003394 0.000006 0.012106 0.001951 0.000000 0.008834 0.000000 0.009062 0.000000 0.000000 0.023322 0.025255 0.013564 0.019132 0.009837 0.002741 0.009566 0.000016 0.022458 0.016992 0.014586 0.039923 0.000000 0.000000 0.000001 0.000001 0.011974 0.007351 0.009806 0.017048 0.000000 0.003551 0.000000 0.000000 0.017826 0.026762 0.011389 0.009439 0.013604 0.000002 0.005851 0.000349 0.027139 0.017042 0.019637 0.028267 0.000000 0.000035 0.003695 0.011841 
0.003214 0.000504 0.000690 0.003199 0.000015 0.000001 0.000000 0.003043 0.006518 0.012341 0.006002 0.004198 0.000002 0.001185 0.003430 0.005627 0.003297 0.000215 0.000355 0.003878 0.000000 0.000000 0.002367 0.000001 0.004716 0.004660 0.000000 0.004008 0.000000 0.000000 0.001623 0.001729 0.062614 0.097093 0.027816 0.069936 0.002198 0.001951 0.002637 0.003256 0.000566 0.000029 0.001944 0.007578 0.000000 0.001138 0.002119 0.000002 0.005903 0.000618 0.002267 0.001215 0.000000 0.000003 0.000000 0.000597 0.000430 0.017348 0.000623 0.015804 0.001300 0.000041 0.002202 0.002607 0.002773 0.000152 0.001716 0.007615 0.000000 0.000000 0.004410 0.000001 0.001999 0.000862 0.000909 0.004451 0.000000 0.004142 0.000000 0.000000 0.114697 0.245179 0.097212 0.076125 0.002303 0.001201 0.002598 0.005199 0.004216 0.002591 0.003381 0.002330 0.000000 0.001936 0.002432 0.000915 
0.030107 0.031332 0.019579 0.026531 0.008220 0.005066 0.000000 0.002383 0.008739 0.010243 0.008194 0.000984 0.007274 0.002747 0.012540 0.000280 0.004795 0.000260 0.003645 0.000120 0.000000 0.000000 0.000007 0.000001 0.051696 0.073033 0.011666 0.057844 0.011185 0.008838 0.007379 0.005392 0.021574 0.017041 0.009040 0.019421 0.005300 0.006291 0.038581 0.010675 0.004525 0.000026 0.006524 0.005717 0.000000 0.000002 0.001503 0.000002 0.036944 0.035691 0.029770 0.026220 0.004251 0.012571 0.007875 0.002645 0.006670 0.009410 0.005002 0.007144 0.004817 0.003412 0.010508 0.000013 0.005745 0.002067 0.006712 0.002655 0.000000 0.000000 0.000001 0.000001 0.037250 0.064434 0.010422 0.041109 0.000000 0.009744 0.004167 0.004427 0.001710 0.010989 0.014381 0.011438 0.001631 0.000001 0.008622 0.000762 0.000743 0.000114 0.000481 0.000981 0.000000 0.000014 0.000014 0.000139 
0.011247 0.008521 0.000000 0.005823 0.002184 0.000000 0.000000 0.002318 0.008430 0.004070 0.010829 0.005382 0.015088 0.003634 0.007030 0.019221 0.029239 0.009234 0.017600 0.022233 0.034159 0.007533 0.005348 0.021019 0.004274 0.003587 0.000000 0.008940 0.000000 0.000000 0.000000 0.003412 0.009132 0.006090 0.005061 0.009448 0.006757 0.005184 0.005674 0.005045 0.017271 0.008973 0.014924 0.024607 0.022729 0.005388 0.011881 0.059840 0.008621 0.009996 0.000000 0.008830 0.000000 0.002694 0.000000 0.002833 0.005726 0.006300 0.008312 0.015909 0.002775 0.002207 0.003721 0.003594 0.008650 0.010430 0.010384 0.014839 0.008560 0.000000 0.002746 0.021273 0.023847 0.003365 0.000005 0.035797 0.000000 0.000008 0.000000 0.002940 0.005703 0.008962 0.006005 0.008752 0.020095 0.000000 0.015268 0.014986 0.016264 0.014189 0.009728 0.035728 0.053812 0.010577 0.008956 0.058254 
0.000000 0.000043 0.000000 0.000000 0.952923 0.000000 0.000000 0.000000 0.000000 0.047034 
0.305725 0.033556 0.000000 0.000000 0.000000 0.000000 0.000000 0.000000 0.057484 0.603235 
0.000000 0.058961 0.000000 0.000000 0.000000 0.000000 0.000000 0.515800 0.425234 0.000004 
0.004339 0.000039 0.933511 0.000000 0.000000 0.000000 0.000000 0.000000 0.000000 0.062110 
0.432096 0.085415 0.000000 0.000000 0.063138 0.358117 0.041806 0.000000 0.000000 0.019427 
0.005659 0.114693 0.000000 0.000000 0.000000 0.017914 0.000000 0.000000 0.000000 0.861734 
0.000000 0.362938 0.000000 0.582985 0.000000 0.000000 0.000000 0.000000 0.000000 0.054077 
0.157882 0.356497 0.093639 0.049035 0.038018 0.000000 0.224856 0.000000 0.000000 0.080072 
0.136069 0.840424 0.000000 0.000000 0.023501 0.000000 0.000000 0.000000 0.000000 0.000006 
0.000000 0.092587 0.000000 0.000000 0.000000 0.028392 0.000000 0.000000 0.000000 0.879020 
0.013828 0.262789 0.000000 0.014876 0.334580 0.000000 0.226043 0.000000 0.077099 0.070787 
0.019024 0.050934 0.000000 0.000000 0.000000 0.780675 0.048284 0.000000 0.054741 0.046341 
0.000000 0.191400 0.081254 0.084249 0.000000 0.000000 0.000000 0.000000 0.568410 0.074686 
0.313200 0.097648 0.000000 0.346997 0.189266 0.000000 0.000000 0.000000 0.010255 0.042634 
0.751896 0.000026 0.000000 0.000000 0.248075 0.000000 0.000000 0.000000 0.000000 0.000003 
0.000000 0.424030 0.091089 0.000000 0.051965 0.000000 0.332540 0.000000 0.000000 0.100375 
0.032266 0.065853 0.000000 0.000000 0.000000 0.041298 0.000000 0.006229 0.009917 0.844437 
0.000000 0.217990 0.000000 0.000000 0.000000 0.000000 0.256071 0.335929 0.141679 0.048331 
0.334529 0.000047 0.409900 0.000000 0.000000 0.000000 0.000000 0.255520 0.000000 0.000004 
0.083028 0.308079 0.000000 0.000000 0.000000 0.046739 0.292954 0.221002 0.000000 0.048198 
0.000000 0.113561 0.000000 0.000000 0.014501 0.045708 0.000000 0.000000 0.000000 0.826230 
0.000000 0.063034 0.000000 0.000000 0.000000 0.895846 0.000000 0.013175 0.027940 0.000005 
0.012739 0.215959 0.000000 0.014588 0.098722 0.343847 0.037739 0.000000 0.032271 0.244136 
0.049311 0.138296 0.000000 0.086818 0.011633 0.681486 0.000000 0.000000 0.023208 0.009247 
0.013672 0.000041 0.087041 0.000000 0.000000 0.112200 0.000000 0.730649 0.000000 0.056396 
0.000000 0.197745 0.000000 0.000000 0.014599 0.241928 0.098527 0.000000 0.000000 0.447201 
0.000000 0.210662 0.000000 0.109210 0.040013 0.000000 0.000000 0.000000 0.640110 0.000004 
0.000000 0.340882 0.000000 0.119570 0.143595 0.000000 0.302312 0.000000 0.000000 0.093641 
0.008482 0.385689 0.000000 0.460138 0.000000 0.000000 0.000000 0.000000 0.046311 0.099380 
0.000000 0.516282 0.000000 0.000000 0.085879 0.023153 0.209014 0.034088 0.039649 0.091936 
0.770721 0.203583 0.000000 0.000000 0.000000 0.000000 0.000000 0.000000 0.025691 0.000005 
0.000000 0.052746 0.285933 0.000000 0.000000 0.615685 0.000000 0.000000 0.022210 0.023426 
0.000000 0.226764 0.000000 0.036956 0.108426 0.578134 0.000000 0.000000 0.000000 0.049720 
0.000000 0.042564 0.893448 0.058388 0.000000 0.000000 0.000000 0.000000 0.005594 0.000005 
0.338650 0.221998 0.000000 0.000000 0.000000 0.000000 0.000000 0.000000 0.307230 0.132121 
0.000000 0.640565 0.035382 0.000000 0.073183 0.000000 0.000000 0.013776 0.025809 0.211286 
0.000000 0.237420 0.000000 0.122760 0.184412 0.000000 0.216523 0.061316 0.100426 0.077142 
0.000000 0.814781 0.000000 0.000000 0.039802 0.000000 0.000000 0.000000 0.036962 0.108455 
0.000000 0.295594 0.000000 0.520409 0.083242 0.023607 0.000000 0.000000 0.007838 0.069310 
0.000000 0.000050 0.000000 0.000000 0.000000 0.162070 0.000000 0.654252 0.088810 0.094817 
0.000000 0.276892 0.000000 0.451985 0.000000 0.000000 0.000000 0.150067 0.043045 0.078010 
0.013137 0.457070 0.019814 0.000000 0.031848 0.000000 0.000000 0.000000 0.461096 0.017035 
0.000000 0.963547 0.000000 0.009710 0.022291 0.000000 0.000000 0.000000 0.004447 0.000005 
0.011332 0.036619 0.304183 0.049158 0.000000 0.000000 0.000000 0.000000 0.000000 0.598708 
0.004271 0.017130 0.705489 0.000000 0.048096 0.000000 0.000000 0.000000 0.206226 0.018787 
0.000000 0.013756 0.986239 0.000000 0.000000 0.000000 0.000000 0.000000 0.000000 0.000004 
0.000000 0.000040 0.000000 0.000000 0.759775 0.240181 0.000000 0.000000 0.000000 0.000004 
0.015823 0.826970 0.000000 0.000000 0.000000 0.000000 0.000000 0.030857 0.066430 0.059920 
0.000000 0.066475 0.040458 0.000000 0.258331 0.000000 0.000000 0.000000 0.634731 0.000005 
0.000000 0.000032 0.999963 0.000000 0.000000 0.000000 0.000000 0.000000 0.000000 0.000005 
0.0850651 0.293048 0.0530579 0.0598341 0.100158 0.0661818 0.0395567 0.0427659 0.120447 0.196096 
