-202868.600320
0
0.022705 0.017599 0.004563 0.016852 0.011927 0.006972 0.002473 0.011886 0.016460 0.009472 0.009567 0.015002 0.011219 0.007909 0.010565 0.012744 0.022829 0.008820 0.017577 0.019273 0.009056 0.002662 0.006448 0.006336 0.020463 0.020285 0.002730 0.019941 0.009384 0.007092 0.002910 0.011431 0.016486 0.010565 0.005245 0.018268 0.006895 0.009582 0.014055 0.014285 0.011294 0.010520 0.011955 0.015422 0.006795 0.003924 0.009096 0.017596 0.016171 0.014615 0.004803 0.014624 0.005565 0.006707 0.001982 0.008802 0.013751 0.008343 0.004421 0.013081 0.005346 0.005141 0.008220 0.007326 0.009616 0.006752 0.008663 0.010578 0.002982 0.001034 0.007562 0.008263 0.019438 0.020069 0.002827 0.018711 0.005769 0.010279 0.001423 0.011154 0.005114 0.009960 0.000596 0.008668 0.011787 0.007665 0.010448 0.015246 0.011120 0.009588 0.006711 0.016544 0.014898 0.005189 0.007893 0.017421 
0.003218 0.003423 0.001003 0.002240 0.001327 0.000990 0.000000 0.001058 0.011229 0.007736 0.007208 0.006249 0.000002 0.000903 0.000902 0.001790 0.002926 0.001534 0.000707 0.000596 0.000000 0.000006 0.000941 0.000009 0.002490 0.003301 0.000003 0.005647 0.000000 0.000000 0.000561 0.000800 0.038582 0.045095 0.017769 0.037981 0.000713 0.001184 0.000780 0.001546 0.002004 0.000062 0.003480 0.003557 0.000002 0.000003 0.000226 0.000019 0.001841 0.001570 0.001677 0.000994 0.000000 0.000002 0.000000 0.000000 0.006304 0.013790 0.004444 0.009046 0.000000 0.000980 0.000000 0.001239 0.000956 0.000332 0.000358 0.002346 0.000000 0.000617 0.001064 0.000005 0.008217 0.003943 0.001620 0.009234 0.023332 0.001624 0.000967 0.036687 0.271551 0.151645 0.056927 0.159125 0.000583 0.000005 0.000242 0.001294 0.001028 0.000032 0.001636 0.000085 0.000012 0.000750 0.000008 0.000083 
0.001938 0.003494 0.000546 0.006997 0.000366 0.000277 0.000000 0.000173 0.015174 0.009066 0.099052 0.007281 0.000618 0.000592 0.000461 0.003175 0.004516 0.006924 0.007452 0.006032 0.000000 0.003103 0.000845 0.007713 0.005436 0.004598 0.003178 0.019786 0.000000 0.000000 0.000000 0.000001 0.008141 0.008367 0.062719 0.009003 0.000153 0.000333 0.000001 0.000730 0.001183 0.002944 0.007767 0.002642 0.000724 0.002020 0.002748 0.010658 0.002943 0.003639 0.000001 0.006876 0.000000 0.000688 0.000098 0.000000 0.019625 0.033426 0.087498 0.024427 0.000000 0.000630 0.000000 0.000439 0.009342 0.009354 0.005994 0.011789 0.000000 0.001116 0.001397 0.001805 0.022160 0.010729 0.002127 0.145710 0.000029 0.000379 0.000000 0.000155 0.005527 0.018296 0.134072 0.020785 0.001285 0.001313 0.000001 0.002312 0.005259 0.007742 0.008825 0.007959 0.003462 0.005651 0.001619 0.034589 
0.143418 0.000001 0.856581 
0.674482 0.310047 0.015471 
0.500841 0.490029 0.009130 
0.030892 0.000001 0.969107 
0.158051 0.512753 0.329196 
0.933333 0.000001 0.066665 
0.945077 0.000002 0.054921 
0.646416 0.219405 0.134179 
0.812023 0.187845 0.000132 
0.899818 0.000001 0.100181 
0.651989 0.029651 0.318360 
0.243401 0.040340 0.716259 
0.866683 0.000001 0.133315 
0.467883 0.346531 0.185586 
0.000451 0.844243 0.155306 
0.787157 0.035473 0.177370 
0.868966 0.028230 0.102804 
0.638839 0.319732 0.041430 
0.004954 0.581473 0.413574 
0.590556 0.311553 0.097891 
0.887536 0.000001 0.112462 
0.165957 0.026751 0.807293 
0.550789 0.019804 0.429407 
0.313389 0.071117 0.615494 
0.118424 0.620952 0.260624 
0.700480 0.000001 0.299519 
0.914664 0.000001 0.085334 
0.835276 0.000001 0.164723 
0.923563 0.014143 0.062294 
0.844641 0.037038 0.118321 
0.190601 0.809286 0.000113 
0.146446 0.000001 0.853553 
0.391766 0.008283 0.599951 
0.086544 0.000001 0.913455 
0.611343 0.388474 0.000183 
0.896929 0.010534 0.092537 
0.738865 0.047308 0.213827 
0.967088 0.019728 0.013184 
0.853208 0.000001 0.146791 
0.243948 0.569683 0.186369 
0.803495 0.106359 0.090147 
0.906145 0.028610 0.065245 
0.994254 0.005606 0.000140 
0.598205 0.004008 0.397788 
0.221626 0.000001 0.778372 
0.003696 0.000001 0.996303 
0.077607 0.000002 0.922391 
0.932598 0.067202 0.000200 
0.709993 0.000001 0.290006 
0.000704 0.000001 0.999295 
0.597713 0.153537 0.383052 
