-197414.452810
0
0.003457 0.000780 0.000634 0.002756 0.000016 0.000017 0.000000 0.002290 0.006961 0.014651 0.012565 0.003534 0.000003 0.000514 0.003806 0.006626 0.006907 0.000734 0.000108 0.006394 0.000000 0.001230 0.002502 0.000002 0.004240 0.002793 0.000000 0.000902 0.000000 0.000000 0.001679 0.000003 0.067764 0.096680 0.027002 0.073686 0.001579 0.001755 0.003111 0.002198 0.001544 0.000004 0.001647 0.008887 0.000000 0.000002 0.001555 0.000000 0.006695 0.000477 0.002498 0.000454 0.000000 0.000007 0.000000 0.000003 0.000117 0.016059 0.000330 0.013954 0.001313 0.000013 0.002199 0.001500 0.005052 0.001121 0.001385 0.012037 0.000000 0.000000 0.003909 0.000008 0.002313 0.001563 0.002625 0.004468 0.000001 0.004319 0.000000 0.000489 0.110364 0.229670 0.094589 0.072728 0.003201 0.001017 0.002808 0.004293 0.005883 0.003425 0.005306 0.003233 0.000000 0.001559 0.001999 0.001496 
0.032463 0.032760 0.016974 0.029048 0.009854 0.005575 0.002735 0.004870 0.009086 0.007990 0.002300 0.003510 0.007356 0.004906 0.012573 0.000119 0.003243 0.000047 0.003970 0.000052 0.000000 0.000003 0.000001 0.001355 0.051724 0.074458 0.008942 0.063330 0.011801 0.010057 0.006501 0.007518 0.017303 0.014357 0.005923 0.017033 0.006261 0.007360 0.036169 0.014459 0.004515 0.000003 0.007098 0.005794 0.000000 0.000001 0.003398 0.000000 0.037142 0.033693 0.023733 0.028086 0.005602 0.010883 0.007238 0.004959 0.008144 0.009150 0.002888 0.008160 0.005243 0.004543 0.010601 0.003013 0.004451 0.001473 0.007593 0.000616 0.000000 0.000000 0.001252 0.001091 0.037138 0.057107 0.008219 0.043181 0.000001 0.010019 0.003146 0.006297 0.002124 0.008955 0.007615 0.011799 0.001417 0.002891 0.008646 0.003421 0.000047 0.000032 0.000038 0.001421 0.000000 0.000685 0.001329 0.000122 
0.011491 0.008903 0.000002 0.006118 0.003770 0.001035 0.000000 0.003993 0.008957 0.004567 0.011908 0.006652 0.014408 0.003912 0.007048 0.018389 0.029555 0.009690 0.017793 0.022421 0.028240 0.006631 0.005658 0.021114 0.004738 0.002889 0.000000 0.007892 0.000902 0.000388 0.000000 0.004793 0.010034 0.006303 0.004961 0.010278 0.006587 0.005550 0.005791 0.005598 0.017194 0.009654 0.014638 0.024338 0.021023 0.005432 0.011872 0.057633 0.008343 0.009806 0.000000 0.008729 0.000000 0.003068 0.000000 0.003868 0.006140 0.005659 0.007810 0.015089 0.002856 0.002355 0.003918 0.003714 0.008859 0.010798 0.010098 0.015445 0.009300 0.000000 0.003545 0.019966 0.022950 0.004309 0.000008 0.033999 0.001386 0.002571 0.000000 0.004424 0.006263 0.009455 0.006249 0.009167 0.019446 0.001546 0.014582 0.014732 0.016426 0.014252 0.010061 0.034788 0.048918 0.009822 0.009063 0.055473 
0.002821 0.003804 0.000007 0.001694 0.002047 0.001292 0.000000 0.000035 0.008808 0.001755 0.002787 0.006360 0.000002 0.000484 0.000015 0.000480 0.001981 0.000918 0.000043 0.000059 0.000000 0.000009 0.000002 0.000005 0.000381 0.000886 0.000001 0.004776 0.000000 0.000000 0.000304 0.001392 0.014859 0.002998 0.005190 0.009356 0.000008 0.000608 0.000004 0.001086 0.002216 0.000004 0.003488 0.001945 0.000720 0.000001 0.000352 0.000000 0.000116 0.000928 0.000298 0.000498 0.000000 0.000006 0.000000 0.000002 0.006711 0.009005 0.002529 0.005042 0.000001 0.001131 0.000002 0.001048 0.000130 0.000562 0.000099 0.000119 0.000000 0.001152 0.000031 0.000014 0.012922 0.002644 0.000815 0.013658 0.042388 0.000027 0.000812 0.065953 0.401286 0.079085 0.032200 0.231174 0.000044 0.000019 0.000002 0.000118 0.000037 0.000024 0.000065 0.000217 0.000000 0.001015 0.000030 0.000058 
0.004923 0.006143 0.001296 0.002534 0.000010 0.000512 0.000000 0.000714 0.034482 0.015343 0.162670 0.013294 0.002151 0.002209 0.000011 0.004297 0.009573 0.008606 0.016349 0.006353 0.000000 0.001373 0.000001 0.003259 0.007921 0.011279 0.005501 0.023968 0.000000 0.000000 0.000000 0.000001 0.014396 0.013612 0.102617 0.011592 0.000002 0.000661 0.000002 0.000941 0.004595 0.004170 0.016815 0.002588 0.000000 0.002604 0.001896 0.005025 0.004963 0.006907 0.000418 0.006665 0.000000 0.001746 0.000000 0.000797 0.042331 0.051108 0.139079 0.037447 0.000001 0.001876 0.000001 0.000876 0.012132 0.007381 0.007809 0.008345 0.000000 0.000369 0.000947 0.001583 0.004311 0.009814 0.002141 0.004021 0.000001 0.000326 0.000000 0.000012 0.006773 0.005357 0.064221 0.004955 0.003018 0.001149 0.000002 0.001379 0.008432 0.005363 0.011090 0.002595 0.000000 0.001129 0.000965 0.003873 
0.001228 0.002586 0.000352 0.010972 0.000745 0.000267 0.000000 0.000260 0.000051 0.004239 0.016199 0.003910 0.000003 0.000026 0.000575 0.002256 0.002091 0.005718 0.001865 0.005289 0.000000 0.004057 0.001418 0.011180 0.004331 0.000763 0.000639 0.015670 0.000000 0.000000 0.000000 0.000001 0.002850 0.001211 0.011141 0.006584 0.000359 0.000548 0.000002 0.000973 0.000225 0.002661 0.000915 0.002956 0.001569 0.001823 0.003673 0.015099 0.001919 0.002150 0.000000 0.007710 0.000000 0.000363 0.000000 0.000000 0.000014 0.014477 0.021207 0.011543 0.000001 0.000211 0.000001 0.000513 0.006529 0.011227 0.004749 0.013480 0.000000 0.001830 0.002024 0.002091 0.038704 0.012538 0.002263 0.304828 0.000659 0.000446 0.000000 0.000337 0.003638 0.024579 0.209167 0.033797 0.000445 0.001681 0.000001 0.003130 0.002841 0.009092 0.006398 0.011645 0.005039 0.010054 0.002186 0.065208 
0.025159 0.016834 0.002501 0.020726 0.018968 0.011864 0.004138 0.020140 0.020930 0.011269 0.008356 0.024157 0.010257 0.011540 0.012076 0.013210 0.023934 0.012095 0.020744 0.024506 0.000000 0.001560 0.010027 0.000001 0.017480 0.007829 0.001716 0.011166 0.014474 0.010658 0.003190 0.018037 0.016134 0.007419 0.003864 0.020611 0.007516 0.013214 0.010258 0.020242 0.008564 0.015270 0.010093 0.012519 0.000000 0.004394 0.009624 0.000000 0.011244 0.009200 0.000000 0.013493 0.009546 0.007065 0.001286 0.013543 0.017292 0.007666 0.002203 0.011103 0.006874 0.007013 0.009758 0.011461 0.011173 0.006687 0.007579 0.011197 0.000000 0.002398 0.012682 0.003557 0.014698 0.016578 0.002380 0.020720 0.011343 0.015618 0.002004 0.018610 0.003104 0.009026 0.001058 0.009346 0.009873 0.013784 0.007988 0.020783 0.010373 0.010828 0.006487 0.012000 0.000000 0.004795 0.009724 0.005594 
0.000000 0.018527 0.048607 0.000000 0.932854 0.000000 0.000012 
0.000000 0.065400 0.631004 0.303573 0.000011 0.000000 0.000012 
0.538127 0.461819 0.000033 0.000000 0.000010 0.000000 0.000012 
0.000000 0.000004 0.061846 0.000000 0.000011 0.938128 0.000010 
0.028799 0.000004 0.037512 0.428016 0.398121 0.000000 0.107548 
0.000000 0.000004 0.916413 0.006356 0.015680 0.000000 0.061546 
0.000000 0.168140 0.093463 0.008547 0.033583 0.017219 0.679048 
0.066460 0.000004 0.135493 0.143329 0.062604 0.085803 0.506307 
0.010091 0.044118 0.062903 0.149796 0.000013 0.000000 0.733078 
0.000000 0.024957 0.950249 0.000000 0.024781 0.000000 0.000012 
0.028224 0.114830 0.129074 0.014223 0.368613 0.000000 0.345036 
0.062303 0.037996 0.074894 0.012036 0.721692 0.020099 0.070981 
0.004086 0.627551 0.096803 0.000000 0.015479 0.089821 0.166260 
0.000000 0.137415 0.062887 0.309565 0.192816 0.023435 0.273882 
0.000000 0.000004 0.000023 0.751715 0.248250 0.000000 0.000007 
0.063464 0.006357 0.183519 0.000000 0.093741 0.075793 0.577127 
0.013226 0.023569 0.896376 0.029080 0.037736 0.000000 0.000013 
0.407821 0.126262 0.099458 0.000000 0.030412 0.000000 0.336046 
0.249939 0.000004 0.000038 0.337677 0.000010 0.412320 0.000011 
0.300958 0.000004 0.116151 0.071727 0.081353 0.000000 0.429808 
0.000000 0.000004 0.881455 0.000000 0.054773 0.000000 0.063768 
0.074207 0.000004 0.021516 0.000000 0.782777 0.032521 0.088974 
0.017690 0.031247 0.264971 0.015071 0.408037 0.021779 0.241206 
0.030110 0.003585 0.017865 0.048616 0.614144 0.039401 0.246278 
0.753763 0.000004 0.056619 0.009783 0.087872 0.091948 0.000011 
0.017448 0.000004 0.502071 0.000000 0.246829 0.015632 0.218016 
0.007550 0.710502 0.003461 0.000000 0.069919 0.000000 0.208568 
0.023382 0.028459 0.179318 0.000000 0.187808 0.000000 0.581033 
0.000000 0.150578 0.126543 0.015579 0.041763 0.020331 0.645206 
0.071552 0.047554 0.166500 0.000000 0.122021 0.000000 0.592373 
0.000000 0.033337 0.010616 0.769342 0.000010 0.000000 0.186695 
0.029901 0.000004 0.033868 0.000000 0.539034 0.315839 0.081354 
0.030864 0.000004 0.071075 0.000000 0.616515 0.011353 0.270189 
0.000000 0.010790 0.010522 0.000000 0.000012 0.905517 0.073158 
0.011718 0.333091 0.153090 0.340210 0.000012 0.000000 0.161879 
0.027324 0.054994 0.230827 0.000000 0.049635 0.031585 0.605636 
0.095499 0.142268 0.142916 0.000000 0.215257 0.000000 0.404059 
0.000000 0.058220 0.144200 0.013332 0.017081 0.000000 0.767166 
0.000000 0.151521 0.094356 0.000000 0.125898 0.029723 0.598502 
0.674803 0.090708 0.094487 0.000000 0.139989 0.000000 0.000012 
0.130674 0.143490 0.098587 0.014665 0.031807 0.034994 0.545783 
0.022504 0.495430 0.043847 0.011203 0.034902 0.018846 0.373267 
0.000000 0.055015 0.076022 0.006428 0.000012 0.000000 0.862524 
0.000000 0.023852 0.659172 0.008071 0.000014 0.308880 0.000012 
0.000000 0.211043 0.022814 0.000000 0.055936 0.710195 0.000012 
0.000000 0.007036 0.000037 0.000000 0.000012 0.992903 0.000012 
0.000000 0.021209 0.000039 0.005063 0.973676 0.000000 0.000012 
0.035738 0.102244 0.113767 0.025836 0.000009 0.000000 0.722405 
0.000000 0.695344 0.000046 0.000000 0.262517 0.042082 0.000012 
0.000000 0.000003 0.000049 0.000000 0.000009 0.999929 0.000009 
0.126115 0.189456 0.294839 0.105173 0.224879 0.112771 0.226453 
