-197847.217875
0
0.002198 0.002953 0.000623 0.001217 0.001709 0.001121 0.000000 0.000005 0.008200 0.001598 0.002568 0.006261 0.000000 0.000001 0.000001 0.001280 0.002836 0.001635 0.000014 0.000206 0.000000 0.000004 0.000004 0.000001 0.000127 0.000117 0.000000 0.003874 0.000000 0.000000 0.000000 0.000000 0.014986 0.003092 0.004499 0.009494 0.000000 0.000717 0.000000 0.000918 0.002222 0.000011 0.003538 0.002243 0.000000 0.000002 0.000040 0.000001 0.000052 0.000452 0.000475 0.000170 0.000000 0.000000 0.000000 0.000000 0.006320 0.008506 0.001945 0.004888 0.000001 0.001010 0.000000 0.001293 0.000111 0.000569 0.000051 0.000172 0.000000 0.001236 0.000023 0.000006 0.012433 0.001592 0.000799 0.013300 0.043858 0.000002 0.000767 0.066578 0.404157 0.080897 0.032691 0.233005 0.000008 0.000012 0.000000 0.000110 0.000089 0.000047 0.000280 0.000498 0.000000 0.001266 0.000006 0.000002 
0.029822 0.024141 0.007921 0.025762 0.017735 0.011620 0.004133 0.016671 0.017631 0.010487 0.006052 0.018678 0.008554 0.009821 0.012662 0.006679 0.012232 0.006336 0.012721 0.012886 0.000000 0.000001 0.006777 0.000000 0.031190 0.031520 0.004328 0.029633 0.015680 0.011851 0.004431 0.016205 0.017244 0.010568 0.004865 0.020279 0.007502 0.012101 0.020374 0.020107 0.006022 0.010144 0.008242 0.008479 0.000000 0.002710 0.006956 0.000000 0.021409 0.018727 0.008397 0.019374 0.009185 0.008952 0.003403 0.011758 0.014948 0.008297 0.002244 0.009489 0.006464 0.006779 0.010725 0.009536 0.008231 0.003826 0.007213 0.005211 0.000000 0.001782 0.009582 0.001629 0.022441 0.032753 0.004667 0.024503 0.008292 0.015506 0.002617 0.015642 0.002107 0.009008 0.001193 0.009788 0.005010 0.011100 0.007917 0.015162 0.004656 0.004885 0.002736 0.004219 0.000000 0.002373 0.006511 0.000000 
0.004930 0.005947 0.000000 0.002567 0.000002 0.000861 0.000000 0.000726 0.035523 0.015694 0.162055 0.013988 0.002058 0.002603 0.000000 0.004603 0.009598 0.008838 0.016365 0.008108 0.000000 0.001389 0.000002 0.002936 0.007587 0.010879 0.005487 0.024337 0.000000 0.000000 0.000474 0.000000 0.014341 0.013363 0.102065 0.011705 0.000000 0.000705 0.000000 0.001228 0.004481 0.004636 0.016707 0.002459 0.000000 0.002503 0.001968 0.004308 0.004183 0.006269 0.000460 0.006717 0.000214 0.001782 0.000000 0.000894 0.042836 0.051110 0.138661 0.037219 0.000252 0.001983 0.000000 0.000908 0.012023 0.007392 0.007779 0.008696 0.000000 0.000576 0.001109 0.001407 0.003993 0.008986 0.001854 0.004617 0.000000 0.000002 0.000000 0.000001 0.005822 0.005241 0.064885 0.004465 0.003084 0.001739 0.000000 0.001704 0.008442 0.005667 0.011050 0.002387 0.000000 0.001104 0.000996 0.003464 
0.003352 0.001019 0.001333 0.002874 0.000003 0.000000 0.000000 0.001680 0.005425 0.014956 0.014958 0.002351 0.000001 0.000001 0.003576 0.004972 0.005271 0.000873 0.000019 0.004240 0.000000 0.000891 0.001772 0.000000 0.005666 0.004624 0.000000 0.002354 0.000000 0.000000 0.001835 0.000000 0.068993 0.098273 0.029508 0.075907 0.001377 0.001490 0.003209 0.001625 0.000012 0.000009 0.001027 0.007778 0.000000 0.000006 0.000022 0.000001 0.007797 0.001286 0.000000 0.000912 0.000000 0.000000 0.000000 0.000000 0.000032 0.017317 0.001367 0.013988 0.001129 0.000002 0.002076 0.000794 0.005160 0.000118 0.001079 0.011558 0.000000 0.000000 0.002898 0.000003 0.002701 0.002895 0.003032 0.006029 0.000001 0.004279 0.000000 0.000002 0.111443 0.233850 0.099291 0.074036 0.002146 0.000579 0.002229 0.003275 0.004591 0.002179 0.004652 0.001271 0.000000 0.000711 0.000008 0.000002 
0.010607 0.007526 0.000000 0.005130 0.003730 0.000000 0.000000 0.004537 0.010364 0.005241 0.014618 0.007805 0.014468 0.004424 0.007455 0.020715 0.036144 0.012466 0.022225 0.027385 0.022614 0.007319 0.006698 0.017761 0.003068 0.001331 0.000000 0.005634 0.000000 0.000000 0.000000 0.004846 0.009916 0.005289 0.006005 0.010232 0.006205 0.005743 0.004048 0.005440 0.017826 0.010539 0.015547 0.025179 0.017982 0.005703 0.012901 0.047188 0.006574 0.007802 0.000000 0.007666 0.000000 0.002921 0.000000 0.003700 0.007389 0.006320 0.009656 0.016096 0.003101 0.002296 0.003782 0.003833 0.010612 0.012094 0.010319 0.018395 0.007447 0.000001 0.004377 0.018611 0.020210 0.002372 0.000003 0.032582 0.001860 0.002468 0.000000 0.005217 0.007107 0.008229 0.006365 0.009184 0.020932 0.002026 0.013647 0.015613 0.019222 0.017469 0.012211 0.037575 0.039567 0.010714 0.010294 0.052283 
0.000871 0.002404 0.000518 0.011090 0.000572 0.000000 0.000000 0.000002 0.000027 0.004053 0.016076 0.003375 0.000000 0.000000 0.000001 0.001636 0.000686 0.005148 0.001005 0.004182 0.000000 0.004022 0.000803 0.011600 0.004669 0.000953 0.000801 0.017357 0.000000 0.000000 0.000000 0.000000 0.002564 0.001077 0.011484 0.006175 0.000000 0.000017 0.000000 0.000625 0.000003 0.001868 0.000507 0.002210 0.000000 0.001577 0.003247 0.014672 0.001954 0.002212 0.000000 0.007937 0.000000 0.000000 0.000000 0.000000 0.000006 0.014881 0.021910 0.011376 0.000001 0.000003 0.000000 0.000323 0.006124 0.011113 0.004621 0.012986 0.000000 0.001763 0.001680 0.001772 0.040292 0.013654 0.002332 0.314391 0.000000 0.000230 0.000000 0.000001 0.003479 0.024563 0.214403 0.034717 0.000004 0.001395 0.000000 0.002409 0.002325 0.008468 0.006054 0.010869 0.004413 0.009820 0.002064 0.065576 
0.000000 0.014842 0.933767 0.000001 0.051389 0.000001 
0.298152 0.099243 0.000005 0.000001 0.602598 0.000001 
0.000000 0.477172 0.000005 0.513493 0.000083 0.009248 
0.000000 0.000412 0.000006 0.000001 0.089914 0.909667 
0.427069 0.084345 0.401126 0.028339 0.059121 0.000001 
0.000000 0.081175 0.000006 0.006402 0.912416 0.000001 
0.009258 0.746597 0.031918 0.000001 0.196854 0.015373 
0.146771 0.378926 0.060776 0.067882 0.280721 0.064923 
0.154965 0.692611 0.000007 0.006397 0.146020 0.000001 
0.000000 0.069974 0.004347 0.000001 0.917535 0.008144 
0.015578 0.385088 0.367458 0.027110 0.204766 0.000001 
0.012498 0.100138 0.713620 0.063234 0.091074 0.019436 
0.000000 0.801919 0.000007 0.004762 0.063401 0.129911 
0.305491 0.383394 0.194713 0.000001 0.088169 0.028232 
0.743900 0.000243 0.255788 0.000001 0.000068 0.000001 
0.000000 0.443922 0.096025 0.063502 0.340574 0.055978 
0.022145 0.058930 0.019230 0.022862 0.873580 0.003252 
0.000000 0.399755 0.000008 0.406232 0.194005 0.000001 
0.334041 0.016532 0.000006 0.244721 0.000158 0.404543 
0.080375 0.295012 0.081744 0.283383 0.259486 0.000001 
0.000000 0.066898 0.037781 0.004369 0.890951 0.000001 
0.000000 0.079476 0.779659 0.076074 0.037212 0.027578 
0.017656 0.223375 0.400156 0.017355 0.324990 0.016468 
0.051644 0.219523 0.618757 0.030779 0.046807 0.032488 
0.009902 0.000521 0.076333 0.746083 0.083890 0.083271 
0.000000 0.165099 0.235727 0.020362 0.568680 0.010132 
0.000000 0.903715 0.060169 0.006406 0.000176 0.029533 
0.000000 0.445193 0.185456 0.023937 0.345413 0.000001 
0.016196 0.687750 0.038789 0.000001 0.239825 0.017438 
0.000000 0.513202 0.115431 0.070836 0.300530 0.000001 
0.761743 0.206597 0.000006 0.000001 0.031652 0.000001 
0.000000 0.066186 0.538855 0.031749 0.060585 0.302626 
0.003615 0.227091 0.615694 0.030519 0.123080 0.000001 
0.000000 0.068925 0.000006 0.000001 0.066403 0.864665 
0.336092 0.511100 0.000006 0.000001 0.139911 0.012889 
0.000000 0.564118 0.045083 0.028234 0.339091 0.023474 
0.000000 0.467210 0.213293 0.094900 0.224597 0.000001 
0.016272 0.718295 0.012407 0.000001 0.253024 0.000001 
0.000000 0.661810 0.126735 0.000001 0.184471 0.026983 
0.000000 0.102581 0.127691 0.668828 0.100900 0.000001 
0.014382 0.612097 0.028202 0.132616 0.181473 0.031230 
0.008532 0.848893 0.027003 0.024168 0.043477 0.047928 
0.008391 0.833697 0.000006 0.000001 0.157905 0.000000 
0.000000 0.048853 0.000006 0.008266 0.636891 0.305984 
0.000000 0.217859 0.043740 0.007845 0.027352 0.703203 
0.000000 0.023622 0.000006 0.000001 0.008372 0.967999 
0.008441 0.000706 0.990715 0.000001 0.000137 0.000001 
0.029342 0.750851 0.000005 0.032821 0.186980 0.000001 
0.000000 0.688542 0.236764 0.000001 0.000089 0.074603 
0.000000 0.000258 0.000005 0.000001 0.034128 0.965608 
0.104044 0.473051 0.200706 0.148774 0.376693 0.141005 
