-197180.466968
0
0.028877 0.029688 0.019607 0.025371 0.009992 0.005731 0.003555 0.004775 0.009461 0.010347 0.003721 0.002148 0.007458 0.003834 0.012381 0.000287 0.006110 0.000542 0.005157 0.000090 0.000000 0.000001 0.000006 0.000019 0.049827 0.070633 0.009004 0.055997 0.012291 0.009731 0.007803 0.007826 0.022677 0.016595 0.006841 0.019008 0.005543 0.007052 0.035936 0.011527 0.004948 0.000022 0.007067 0.006396 0.000000 0.000000 0.003297 0.000002 0.035127 0.033629 0.025066 0.026046 0.005861 0.012729 0.007504 0.004407 0.008532 0.009933 0.003096 0.009363 0.005296 0.003460 0.010704 0.000002 0.006191 0.002580 0.007399 0.002635 0.000000 0.000000 0.000001 0.000000 0.034982 0.060856 0.010809 0.037290 0.000000 0.010958 0.007521 0.006748 0.001521 0.011660 0.008164 0.010635 0.002041 0.002411 0.008237 0.001697 0.001167 0.000315 0.001279 0.001716 0.000000 0.000044 0.001062 0.000146 
0.011335 0.012076 0.002368 0.006766 0.000005 0.001621 0.000000 0.000001 0.029339 0.016679 0.200498 0.010147 0.005255 0.000004 0.002046 0.007380 0.013076 0.011865 0.007900 0.015242 0.000000 0.002053 0.001216 0.003900 0.008723 0.000012 0.000000 0.000410 0.000000 0.000000 0.000000 0.000000 0.019184 0.019251 0.098238 0.018786 0.000003 0.001531 0.002026 0.001129 0.002579 0.006321 0.006177 0.004458 0.000000 0.000001 0.000048 0.000005 0.007963 0.007151 0.000000 0.003228 0.000000 0.000819 0.000000 0.000001 0.021040 0.020026 0.121437 0.014740 0.000001 0.000001 0.000001 0.000002 0.012805 0.007297 0.003214 0.013217 0.000000 0.000000 0.000001 0.000000 0.008703 0.014694 0.003512 0.010589 0.000000 0.002184 0.000000 0.000000 0.010193 0.015992 0.088725 0.010478 0.006763 0.003305 0.002310 0.004027 0.008902 0.006176 0.011711 0.002474 0.003439 0.000060 0.000027 0.003139 
0.015093 0.010205 0.000008 0.015866 0.001522 0.000110 0.000000 0.000134 0.021443 0.015946 0.041109 0.020269 0.001359 0.000784 0.001176 0.010789 0.020274 0.010185 0.013282 0.007652 0.000000 0.000355 0.001639 0.002531 0.014296 0.001489 0.000009 0.020767 0.000000 0.000000 0.000000 0.000115 0.028605 0.023228 0.036815 0.037491 0.000469 0.006612 0.002531 0.009277 0.008626 0.003053 0.016903 0.017636 0.000000 0.000098 0.005423 0.000576 0.011482 0.012634 0.000000 0.014816 0.000000 0.000379 0.000000 0.000137 0.007683 0.027260 0.023890 0.032681 0.000140 0.000156 0.000191 0.000490 0.014480 0.009253 0.011152 0.016048 0.000000 0.000003 0.000149 0.000020 0.030309 0.019430 0.000355 0.055743 0.000001 0.001104 0.000000 0.000044 0.030547 0.044855 0.060709 0.047275 0.004674 0.001234 0.002563 0.009830 0.011899 0.009160 0.008580 0.014694 0.000029 0.004373 0.003663 0.010132 
0.007661 0.000317 0.000000 0.003444 0.000007 0.000000 0.000000 0.000000 0.022116 0.019154 0.037475 0.010549 0.010347 0.007629 0.016620 0.017878 0.059228 0.017685 0.039342 0.031359 0.008301 0.000001 0.005751 0.006807 0.000607 0.000005 0.000000 0.005207 0.000000 0.000000 0.000000 0.000000 0.030821 0.014437 0.016940 0.025855 0.000001 0.008425 0.004878 0.007369 0.016584 0.003014 0.023257 0.020997 0.005215 0.000000 0.005730 0.019995 0.011609 0.003498 0.000000 0.009082 0.000000 0.000002 0.000000 0.000000 0.022424 0.020704 0.026052 0.027356 0.000000 0.000000 0.009394 0.000002 0.020740 0.013840 0.015399 0.029693 0.000965 0.000000 0.000000 0.000000 0.014860 0.004186 0.000002 0.026586 0.000000 0.000005 0.000000 0.000000 0.008292 0.017331 0.011270 0.005223 0.016229 0.000007 0.008818 0.004693 0.022420 0.018057 0.020619 0.032337 0.012901 0.004597 0.004133 0.025665 
0.002815 0.000314 0.000000 0.002469 0.000014 0.000001 0.000000 0.002785 0.006903 0.012950 0.007096 0.004172 0.000006 0.001219 0.003433 0.006168 0.004038 0.000294 0.000655 0.004944 0.000000 0.001413 0.002387 0.000012 0.004340 0.004864 0.000000 0.003691 0.000000 0.000000 0.001574 0.000001 0.063003 0.096581 0.027623 0.071885 0.002014 0.001628 0.002668 0.002976 0.000986 0.000023 0.002412 0.007959 0.000000 0.001284 0.001789 0.000002 0.005885 0.000520 0.001362 0.000876 0.000000 0.000002 0.000000 0.000001 0.000494 0.018377 0.000541 0.015163 0.001575 0.000001 0.002351 0.002368 0.003297 0.000262 0.001898 0.008874 0.000000 0.000000 0.004810 0.000000 0.001969 0.000777 0.001184 0.004118 0.000000 0.004030 0.000000 0.000000 0.114719 0.238509 0.097684 0.075733 0.002372 0.000780 0.002549 0.004927 0.004864 0.003099 0.003577 0.002764 0.000000 0.002148 0.002491 0.001658 
0.001109 0.002366 0.000339 0.010641 0.000820 0.000000 0.000000 0.000000 0.000058 0.003910 0.015627 0.003707 0.000006 0.000003 0.000009 0.002006 0.001130 0.005458 0.001388 0.004811 0.000000 0.004223 0.001354 0.011530 0.004376 0.000954 0.000655 0.016539 0.000000 0.000000 0.000000 0.000000 0.002400 0.000960 0.010891 0.006143 0.000232 0.000397 0.000007 0.000815 0.000063 0.002661 0.000741 0.002755 0.001764 0.001849 0.003832 0.016205 0.001774 0.002224 0.000000 0.007927 0.000000 0.000391 0.000000 0.000000 0.000016 0.014666 0.021096 0.011609 0.000000 0.000001 0.000000 0.000442 0.006386 0.011363 0.004637 0.013123 0.000000 0.001883 0.002176 0.002376 0.038520 0.012443 0.002257 0.308513 0.000000 0.000367 0.000000 0.000000 0.002720 0.024594 0.210910 0.033689 0.000166 0.001437 0.000008 0.003075 0.002679 0.009113 0.006321 0.011689 0.005224 0.010387 0.002220 0.066846 
0.000216 0.000638 0.000000 0.001001 0.000850 0.000001 0.000000 0.001512 0.034977 0.009901 0.091665 0.016501 0.000007 0.004468 0.000004 0.001806 0.002114 0.003604 0.021367 0.000048 0.000000 0.001306 0.000013 0.003250 0.007805 0.024127 0.012760 0.055692 0.000000 0.000000 0.000000 0.000000 0.009229 0.011648 0.099147 0.006897 0.000001 0.000322 0.000007 0.001437 0.006556 0.002842 0.025814 0.001738 0.000000 0.005059 0.004704 0.010621 0.001606 0.006666 0.000000 0.010492 0.000000 0.002716 0.000000 0.001644 0.061906 0.082887 0.142945 0.059273 0.000002 0.004804 0.000000 0.002503 0.009252 0.005940 0.011653 0.001739 0.000000 0.000706 0.002108 0.004563 0.001562 0.004702 0.000002 0.004374 0.000000 0.000368 0.000000 0.000000 0.007801 0.005584 0.044247 0.004568 0.000045 0.000009 0.000018 0.000909 0.006242 0.004313 0.007273 0.002806 0.000000 0.002249 0.001974 0.005891 
0.047447 0.033077 0.004279 0.039652 0.004139 0.003451 0.000000 0.000001 0.016877 0.006390 0.027960 0.021124 0.012967 0.013407 0.019053 0.021795 0.021221 0.008962 0.015442 0.025657 0.000000 0.000001 0.007621 0.001259 0.028784 0.029421 0.000000 0.028750 0.005352 0.005569 0.000000 0.000922 0.001873 0.005424 0.010033 0.017639 0.008865 0.014382 0.017576 0.032637 0.003972 0.007262 0.007423 0.010890 0.000000 0.000000 0.002233 0.000003 0.029611 0.012976 0.000000 0.021931 0.000000 0.000001 0.000000 0.006525 0.000119 0.000846 0.013333 0.003499 0.007917 0.009993 0.011318 0.022118 0.006818 0.000746 0.008800 0.008275 0.000000 0.000000 0.000001 0.000000 0.035557 0.015295 0.000002 0.053411 0.000000 0.000006 0.000944 0.000000 0.007068 0.001985 0.009998 0.013654 0.012598 0.014347 0.013940 0.033860 0.005084 0.004413 0.000083 0.011355 0.000000 0.004515 0.004791 0.001470 
0.010831 0.011048 0.000000 0.005338 0.004270 0.000000 0.000000 0.004758 0.003823 0.000220 0.005199 0.003139 0.015393 0.000004 0.000007 0.018559 0.014390 0.005711 0.008486 0.017298 0.042097 0.009581 0.004695 0.025838 0.005235 0.004120 0.000000 0.009590 0.000000 0.000000 0.000000 0.006566 0.002188 0.003359 0.003518 0.003160 0.009504 0.003040 0.005443 0.002250 0.017667 0.011646 0.011137 0.025269 0.032910 0.007779 0.014750 0.073691 0.005383 0.012477 0.000000 0.007826 0.000000 0.003821 0.000000 0.005251 0.001073 0.002515 0.004783 0.011771 0.003303 0.002666 0.000001 0.003980 0.003687 0.009440 0.007620 0.008878 0.012156 0.000000 0.004677 0.030598 0.025776 0.003898 0.000001 0.035982 0.001849 0.003135 0.000000 0.006802 0.006132 0.007022 0.006790 0.011107 0.020726 0.000671 0.016584 0.017380 0.013601 0.012080 0.004862 0.035148 0.071377 0.012407 0.010973 0.070286 
0.016562 0.013880 0.000000 0.014171 0.028166 0.017269 0.005818 0.032969 0.020628 0.008354 0.005202 0.026900 0.007610 0.010854 0.004585 0.006122 0.009830 0.009708 0.014071 0.016705 0.000000 0.003708 0.010559 0.003071 0.014749 0.000005 0.002697 0.006884 0.020082 0.014085 0.004290 0.028435 0.016005 0.008128 0.004692 0.017834 0.008971 0.011312 0.005288 0.015631 0.008470 0.021007 0.008004 0.010769 0.000000 0.008170 0.014020 0.005412 0.001723 0.008432 0.000000 0.009715 0.014529 0.010790 0.001713 0.019056 0.022948 0.009651 0.001703 0.011931 0.007527 0.007814 0.006860 0.009973 0.008623 0.007456 0.004499 0.006071 0.002196 0.003831 0.021544 0.009284 0.005763 0.014905 0.002791 0.011169 0.018779 0.023805 0.000000 0.030253 0.007229 0.015006 0.002260 0.012900 0.006054 0.015148 0.004126 0.017052 0.009161 0.011150 0.005997 0.007809 0.000000 0.005978 0.013350 0.009764 
0.002207 0.002391 0.000000 0.001171 0.001969 0.001438 0.000000 0.000001 0.009257 0.002966 0.003533 0.006179 0.000005 0.000004 0.000006 0.000566 0.004731 0.001980 0.000151 0.000086 0.000000 0.000002 0.000013 0.000021 0.000216 0.000008 0.000000 0.001051 0.000000 0.000000 0.000000 0.001414 0.016536 0.003441 0.004506 0.010840 0.000002 0.000953 0.000018 0.000680 0.002507 0.000027 0.003412 0.002356 0.000000 0.000000 0.000090 0.000002 0.000139 0.000627 0.000000 0.000288 0.000000 0.000001 0.000000 0.000001 0.006168 0.006534 0.001819 0.003943 0.000000 0.000001 0.000001 0.000003 0.000312 0.001020 0.000137 0.000658 0.000000 0.001163 0.000001 0.000000 0.012310 0.002688 0.001275 0.012359 0.042532 0.000005 0.000000 0.065993 0.403880 0.080962 0.033985 0.231574 0.000041 0.000006 0.000009 0.000097 0.000255 0.000083 0.000937 0.000657 0.000000 0.000703 0.000025 0.000071 
0.005360 0.000000 0.000000 0.066326 0.000000 0.000000 0.928303 0.000001 0.000000 0.000010 0.000000 
0.078520 0.000000 0.000000 0.135773 0.000000 0.000000 0.000000 0.000001 0.485128 0.000012 0.300565 
0.475090 0.000000 0.000000 0.000001 0.524897 0.000000 0.000000 0.000001 0.000000 0.000011 0.000000 
0.000003 0.000000 0.000000 0.036396 0.000000 0.926541 0.000000 0.000001 0.032882 0.000009 0.004168 
0.000003 0.344803 0.000000 0.000002 0.000000 0.000000 0.104287 0.038060 0.021266 0.061673 0.429907 
0.000003 0.000000 0.000000 0.217600 0.000000 0.000000 0.000000 0.067748 0.649217 0.065432 0.000000 
0.000003 0.000000 0.000000 0.000001 0.000000 0.000000 0.000000 0.693338 0.053367 0.253291 0.000000 
0.050805 0.000000 0.000000 0.303774 0.029168 0.090377 0.000000 0.066192 0.000000 0.310562 0.149123 
0.119156 0.000000 0.000000 0.000002 0.000000 0.000000 0.000000 0.045789 0.038038 0.662935 0.134081 
0.000003 0.000000 0.000000 0.278619 0.000000 0.000000 0.000000 0.100481 0.601430 0.019467 0.000000 
0.154095 0.000000 0.000000 0.317460 0.000000 0.000000 0.293213 0.000001 0.000000 0.216406 0.018824 
0.053867 0.747722 0.000000 0.062558 0.000000 0.000000 0.049688 0.000001 0.032408 0.032882 0.020873 
0.595898 0.000000 0.000000 0.000002 0.000000 0.093174 0.000000 0.141749 0.065340 0.103838 0.000000 
0.022922 0.000000 0.000000 0.000001 0.000000 0.000000 0.198651 0.370412 0.039950 0.055972 0.312091 
0.010756 0.000000 0.000000 0.000001 0.000000 0.000000 0.242788 0.000001 0.000000 0.000007 0.746446 
0.093518 0.000000 0.000000 0.462210 0.021733 0.081308 0.000000 0.000001 0.000000 0.341230 0.000000 
0.008490 0.000000 0.000000 0.265069 0.010741 0.000000 0.000000 0.068957 0.604472 0.014839 0.027432 
0.194048 0.000000 0.000000 0.262809 0.357687 0.000000 0.000000 0.000001 0.000000 0.185454 0.000000 
0.000003 0.000000 0.000000 0.000001 0.253439 0.409107 0.000000 0.000001 0.000000 0.000011 0.337437 
0.029955 0.000000 0.000000 0.344067 0.256372 0.000000 0.000000 0.010322 0.000000 0.281663 0.077622 
0.000003 0.023259 0.000000 0.292799 0.000000 0.000000 0.000000 0.000001 0.591392 0.092547 0.000000 
0.023102 0.819485 0.000000 0.000002 0.013660 0.015444 0.079893 0.000001 0.000000 0.048412 0.000000 
0.045850 0.287527 0.000000 0.185830 0.000000 0.000000 0.116143 0.045093 0.142722 0.164128 0.012706 
0.000003 0.600258 0.000000 0.026097 0.000000 0.008719 0.088197 0.116174 0.000000 0.110673 0.049879 
0.000003 0.114621 0.000000 0.000001 0.741784 0.085186 0.000000 0.000001 0.047592 0.000010 0.010800 
0.000003 0.212463 0.000000 0.309390 0.000000 0.000000 0.000000 0.057240 0.268486 0.152417 0.000000 
0.706255 0.060850 0.000000 0.000002 0.000000 0.000000 0.000000 0.129781 0.000000 0.103112 0.000000 
0.069770 0.000000 0.000000 0.449723 0.000000 0.000000 0.086644 0.102326 0.000000 0.291537 0.000000 
0.048579 0.000000 0.000000 0.085455 0.000000 0.000000 0.000000 0.509571 0.059535 0.289430 0.007431 
0.140153 0.042156 0.000000 0.370726 0.037746 0.000000 0.000000 0.000001 0.000000 0.409217 0.000000 
0.035884 0.000000 0.000000 0.000001 0.000000 0.000000 0.000000 0.087967 0.009020 0.110191 0.756937 
0.000003 0.543964 0.000000 0.033212 0.000000 0.298500 0.071923 0.000001 0.000000 0.052395 0.000000 
0.000003 0.516263 0.000000 0.045587 0.000000 0.000000 0.162036 0.072997 0.030180 0.172933 0.000000 
0.006398 0.000000 0.000000 0.030876 0.000000 0.878775 0.000000 0.052804 0.000000 0.031147 0.000000 
0.367215 0.000000 0.000000 0.029352 0.000000 0.000000 0.000000 0.000001 0.115516 0.150784 0.337132 
0.110791 0.000000 0.000000 0.193528 0.000000 0.039155 0.020907 0.031921 0.117040 0.486658 0.000000 
0.150335 0.000000 0.000000 0.314901 0.073738 0.000000 0.148344 0.119294 0.000000 0.193389 0.000000 
0.144875 0.000000 0.000000 0.111211 0.000000 0.000000 0.000000 0.000002 0.084400 0.659512 0.000000 
0.039995 0.032052 0.000000 0.192865 0.000000 0.000000 0.035769 0.498232 0.000000 0.201086 0.000000 
0.073035 0.153432 0.000000 0.000002 0.657090 0.000000 0.003774 0.046948 0.065709 0.000011 0.000000 
0.018788 0.000000 0.000000 0.025524 0.159574 0.000000 0.000000 0.542327 0.060437 0.193349 0.000000 
0.519934 0.031193 0.000000 0.000002 0.000000 0.025409 0.000000 0.051183 0.023680 0.336467 0.012133 
0.115984 0.000000 0.000000 0.000002 0.000000 0.000000 0.000000 0.123022 0.031138 0.729854 0.000000 
0.000003 0.000000 0.000000 0.156439 0.000000 0.294925 0.000000 0.093998 0.446339 0.000011 0.008285 
0.213022 0.000000 0.000000 0.028438 0.000000 0.707418 0.042799 0.000001 0.000000 0.000012 0.008310 
0.000003 0.000000 0.000000 0.000001 0.000000 0.982490 0.000000 0.000001 0.000000 0.017503 0.000000 
0.018469 0.191254 0.000000 0.000001 0.000000 0.000000 0.790262 0.000001 0.000000 0.000012 0.000000 
0.158266 0.000000 0.000000 0.000001 0.030665 0.000000 0.000000 0.033094 0.084517 0.680137 0.013319 
0.673499 0.000000 0.000000 0.000001 0.000000 0.049401 0.264277 0.012811 0.000000 0.000011 0.000000 
0.000002 0.000000 0.000000 0.013739 0.000000 0.986250 0.000000 0.000001 0.000000 0.000008 0.000000 
0.178059 0.0776225 0.00193198 0.161179 0.0563288 0.0672522 0.0826131 0.156498 0.11818 0.223603 0.0838341 
