-197125.471006
0
-nan -nan -nan -nan -nan -nan -nan -nan -nan -nan -nan -nan -nan -nan -nan -nan -nan -nan -nan -nan -nan -nan -nan -nan -nan -nan -nan -nan -nan -nan -nan -nan -nan -nan -nan -nan -nan -nan -nan -nan -nan -nan -nan -nan -nan -nan -nan -nan -nan -nan -nan -nan -nan -nan -nan -nan -nan -nan -nan -nan -nan -nan -nan -nan -nan -nan -nan -nan -nan -nan -nan -nan -nan -nan -nan -nan -nan -nan -nan -nan -nan -nan -nan -nan -nan -nan -nan -nan -nan -nan -nan -nan -nan -nan -nan -nan 
0.005414 0.004656 0.000000 0.000586 0.002858 0.000000 0.000000 0.002948 0.007773 0.004167 0.013404 0.003298 0.014243 0.002349 0.004964 0.017976 0.029093 0.009090 0.017306 0.020580 0.032667 0.010215 0.004643 0.023469 0.001133 0.000012 0.000000 0.006085 0.000000 0.000000 0.000000 0.004096 0.011230 0.006520 0.007102 0.008549 0.006064 0.003624 0.003734 0.000002 0.018772 0.009403 0.015534 0.025422 0.024652 0.006054 0.013392 0.067757 0.005187 0.009574 0.000000 0.006590 0.000000 0.003736 0.000000 0.002404 0.008133 0.008197 0.011054 0.017817 0.001602 0.000000 0.002586 0.000000 0.009014 0.011874 0.010160 0.015422 0.010758 0.000000 0.003471 0.023157 0.021109 0.002965 0.000001 0.031780 0.000000 0.002422 0.000000 0.005318 0.007356 0.010983 0.007949 0.008911 0.020234 0.000000 0.014445 0.010848 0.017468 0.015524 0.011083 0.037609 0.055362 0.010869 0.009385 0.066803 
0.000989 0.001957 0.000001 0.010090 0.000946 0.000000 0.000000 0.000002 0.000060 0.004231 0.016112 0.003640 0.000000 0.000004 0.000001 0.002008 0.001882 0.005518 0.001771 0.004953 0.000000 0.004091 0.001300 0.011316 0.004143 0.000831 0.000658 0.016414 0.000000 0.000000 0.000000 0.000000 0.002727 0.001195 0.011194 0.006296 0.000000 0.000493 0.000001 0.000675 0.000096 0.002298 0.000813 0.002843 0.001673 0.001655 0.003866 0.016901 0.001573 0.001953 0.000000 0.007760 0.000000 0.000479 0.000000 0.000000 0.000081 0.014971 0.021422 0.012053 0.000000 0.000000 0.000003 0.000295 0.006643 0.011509 0.004701 0.013411 0.000000 0.001737 0.001963 0.002169 0.037985 0.012090 0.002248 0.306603 0.000000 0.000393 0.000000 0.000000 0.003601 0.025034 0.210513 0.034189 0.000009 0.001352 0.000000 0.002868 0.002811 0.009148 0.006599 0.011725 0.005042 0.010249 0.002207 0.066962 
0.001766 0.002257 0.000675 0.000882 0.000001 0.001245 0.000000 0.000003 0.008787 0.002925 0.003150 0.005531 0.000000 0.000004 0.000001 0.000025 0.003800 0.001627 0.000080 0.000009 0.000000 0.000378 0.000002 0.000003 0.000214 0.000018 0.000000 0.001246 0.000000 0.000000 0.000000 0.000000 0.016434 0.003653 0.004630 0.010454 0.000000 0.000026 0.000004 0.000004 0.002364 0.000026 0.003218 0.002041 0.000000 0.000002 0.000015 0.000000 0.000084 0.000688 0.000973 0.000170 0.000000 0.000008 0.000000 0.000000 0.005989 0.006532 0.001759 0.003685 0.000000 0.000001 0.000002 0.000000 0.000233 0.000941 0.000075 0.000380 0.000000 0.001263 0.000009 0.000001 0.012485 0.003379 0.001648 0.011987 0.042583 0.000038 0.000754 0.066340 0.408244 0.081915 0.034888 0.234499 0.000004 0.000000 0.000000 0.000004 0.000129 0.000045 0.000518 0.000215 0.000000 0.000022 0.000008 0.000002 
0.016062 0.004235 0.000000 0.009283 0.000001 0.005838 0.000000 0.004327 0.023891 0.022018 0.033353 0.015329 0.008467 0.007822 0.014448 0.015135 0.048538 0.017611 0.038620 0.033460 0.000000 0.000001 0.006607 0.000003 0.004633 0.000015 0.000000 0.007348 0.000000 0.000000 0.000000 0.000000 0.032369 0.019233 0.016675 0.033473 0.000000 0.008212 0.007674 0.013892 0.013750 0.006410 0.020574 0.017643 0.000000 0.000007 0.003304 0.000000 0.012275 0.003913 0.000000 0.011301 0.000000 0.006816 0.000000 0.000000 0.020351 0.019124 0.020362 0.020996 0.009369 0.004805 0.010035 0.005866 0.018168 0.011923 0.013429 0.026492 0.000000 0.000000 0.004182 0.000000 0.012804 0.006430 0.007559 0.021042 0.000000 0.003236 0.000000 0.000000 0.015803 0.024922 0.014586 0.010299 0.013848 0.011063 0.006731 0.010901 0.019688 0.014987 0.015707 0.022689 0.000000 0.002820 0.005350 0.009866 
0.007864 0.008926 0.001475 0.003171 0.000000 0.000000 0.000000 0.000003 0.032241 0.017561 0.203871 0.010497 0.000000 0.000003 0.000001 0.006105 0.012391 0.011421 0.008799 0.012850 0.000000 0.002024 0.000002 0.003277 0.006749 0.000416 0.000000 0.001512 0.000000 0.000000 0.000000 0.000000 0.020923 0.020301 0.105575 0.018498 0.000000 0.000024 0.000004 0.000002 0.003021 0.006238 0.008392 0.003447 0.000000 0.001662 0.000012 0.000000 0.005293 0.006152 0.000000 0.002122 0.000000 0.001496 0.000000 0.000000 0.028133 0.028640 0.132960 0.020531 0.000000 0.000000 0.000002 0.000000 0.013621 0.007569 0.003439 0.012683 0.000000 0.000947 0.000010 0.000001 0.005343 0.013142 0.003767 0.003352 0.000000 0.002679 0.000827 0.000000 0.010923 0.017006 0.088066 0.009744 0.005424 0.002510 0.000001 0.002286 0.009408 0.006348 0.012673 0.001486 0.002143 0.000009 0.000007 0.000002 
0.035443 0.033825 0.022237 0.030306 0.000001 0.000000 0.000000 0.000002 0.007165 0.010429 0.005696 0.000270 0.008730 0.002515 0.014979 0.000024 0.006484 0.000081 0.003993 0.000012 0.000000 0.000001 0.000002 0.000003 0.056094 0.079386 0.009554 0.065737 0.000000 0.000000 0.005971 0.000000 0.021110 0.016829 0.008374 0.019356 0.005187 0.006513 0.043633 0.013016 0.004125 0.000018 0.006915 0.006012 0.000000 0.000005 0.000015 0.000000 0.043018 0.038921 0.035311 0.029243 0.000000 0.011710 0.008749 0.000000 0.001853 0.008610 0.004316 0.006942 0.006012 0.003194 0.011263 0.000000 0.005031 0.001052 0.008345 0.002513 0.000000 0.000000 0.000007 0.000001 0.043232 0.068687 0.012321 0.046993 0.000000 0.004785 0.000000 0.000000 0.001651 0.008304 0.012155 0.011022 0.002306 0.000001 0.010430 0.000008 0.000192 0.000062 0.000070 0.001622 0.000000 0.000011 0.000009 0.000002 
0.043726 0.031501 0.002472 0.037372 0.009917 0.007422 0.000000 0.010911 0.018332 0.006532 0.014892 0.024418 0.016529 0.013268 0.017169 0.017264 0.018462 0.009991 0.014672 0.027058 0.000000 0.000000 0.010461 0.000615 0.027083 0.024150 0.000000 0.024502 0.006955 0.005707 0.000000 0.009425 0.002873 0.004938 0.004821 0.017747 0.010076 0.015959 0.016173 0.032082 0.004522 0.009733 0.006793 0.011296 0.000000 0.002500 0.004247 0.000000 0.023409 0.012108 0.000000 0.020188 0.002481 0.000004 0.000000 0.011333 0.002552 0.000843 0.004707 0.003845 0.008587 0.011498 0.010617 0.020979 0.006657 0.001372 0.008094 0.007708 0.000000 0.001165 0.005655 0.003355 0.028753 0.014666 0.000001 0.043762 0.007733 0.004250 0.000000 0.006459 0.006290 0.002459 0.004281 0.013504 0.011455 0.013829 0.012761 0.034051 0.005596 0.005388 0.000028 0.010526 0.000000 0.005589 0.006895 0.000001 
0.009669 0.012172 0.000107 0.011293 0.000144 0.000093 0.000000 0.000656 0.023971 0.024007 0.041870 0.017152 0.000030 0.000851 0.000246 0.003380 0.020688 0.007655 0.011865 0.002045 0.000000 0.000237 0.000615 0.000654 0.016023 0.003162 0.000011 0.025789 0.000000 0.000000 0.000005 0.000001 0.041205 0.029682 0.041209 0.046153 0.000021 0.003114 0.000915 0.000812 0.008260 0.003299 0.017923 0.017284 0.000000 0.001151 0.002429 0.000001 0.009010 0.013027 0.000006 0.013042 0.000000 0.001574 0.000000 0.000013 0.014070 0.034930 0.022991 0.037370 0.000078 0.000112 0.000709 0.000007 0.015904 0.009371 0.010354 0.016041 0.000000 0.000040 0.001923 0.000152 0.024819 0.022738 0.000480 0.042989 0.000001 0.005081 0.000000 0.000050 0.036710 0.055245 0.067850 0.053548 0.001029 0.000156 0.000164 0.001277 0.009890 0.007702 0.006396 0.010824 0.000000 0.002066 0.001852 0.000560 
0.000328 0.000180 0.000001 0.000775 0.000001 0.000000 0.000000 0.001723 0.005655 0.012780 0.005978 0.002231 0.000000 0.000006 0.002121 0.005389 0.002082 0.000072 0.000117 0.002732 0.000000 0.001533 0.001370 0.000002 0.003463 0.003871 0.000000 0.002472 0.000000 0.000000 0.002147 0.000000 0.067056 0.103334 0.028586 0.075020 0.000000 0.000314 0.001302 0.000006 0.000217 0.000017 0.001386 0.007424 0.000000 0.000889 0.001062 0.000000 0.004641 0.000262 0.000000 0.000304 0.000000 0.000007 0.000000 0.000000 0.000343 0.018409 0.000340 0.015072 0.000001 0.000000 0.001377 0.000000 0.002356 0.000133 0.001106 0.008339 0.000000 0.000000 0.003502 0.000001 0.000994 0.000551 0.000004 0.002628 0.000000 0.003867 0.000000 0.000000 0.124553 0.261402 0.104513 0.081906 0.001371 0.000001 0.001264 0.003473 0.004112 0.001880 0.003203 0.001751 0.000000 0.001446 0.001244 0.000004 
0.000157 0.001390 0.000000 0.001427 0.001300 0.000520 0.000000 0.001245 0.034360 0.009803 0.090627 0.016278 0.000000 0.004664 0.000002 0.001805 0.003758 0.003240 0.022084 0.000009 0.000000 0.000809 0.000005 0.003116 0.008480 0.023196 0.014526 0.058079 0.000000 0.000000 0.000875 0.000000 0.009941 0.011710 0.096460 0.007350 0.000000 0.000777 0.000002 0.002147 0.006417 0.002478 0.025823 0.001866 0.000000 0.003755 0.004872 0.008556 0.002509 0.006953 0.001269 0.011181 0.000520 0.002547 0.000000 0.001737 0.061590 0.081195 0.139544 0.060249 0.000423 0.004524 0.000002 0.002101 0.009466 0.006023 0.012182 0.002249 0.000000 0.000000 0.001778 0.002821 0.002223 0.005281 0.000002 0.005435 0.000000 0.000335 0.000000 0.000000 0.007996 0.005815 0.042713 0.004498 0.000004 0.000001 0.000001 0.000022 0.005944 0.004280 0.007772 0.002982 0.000000 0.002155 0.001859 0.005910 
0.001959 0.008326 0.005958 0.004448 0.042309 0.020522 0.012873 0.036401 0.019053 0.009655 0.001929 0.021060 0.000000 0.008060 0.000001 0.000015 0.003103 0.005043 0.008758 0.000009 0.000000 0.000001 0.006035 0.002539 0.019631 0.011833 0.006889 0.010013 0.037223 0.027382 0.010240 0.038924 0.026791 0.012267 0.005037 0.016998 0.008268 0.008898 0.006501 0.003906 0.008536 0.018750 0.007412 0.007207 0.000000 0.007026 0.018613 0.000000 0.000156 0.012889 0.002324 0.008092 0.024480 0.015105 0.004796 0.022276 0.034025 0.015192 0.000855 0.016409 0.000000 0.002084 0.005716 0.000000 0.009795 0.009053 0.002243 0.002956 0.000000 0.003772 0.022064 0.004930 0.001154 0.029748 0.002108 0.002096 0.019017 0.035407 0.007412 0.043344 0.005808 0.022957 0.003080 0.012523 0.000003 0.008582 0.000000 0.000005 0.007253 0.009814 0.008679 0.001969 0.000000 0.003482 0.012401 0.007545 
0.000000 0.047861 0.000000 0.000000 0.000000 0.000000 0.000000 0.000092 0.000000 0.000000 0.952044 0.000003 
0.000000 0.548353 0.000000 0.293907 0.000000 0.000000 0.054057 0.103679 0.000000 0.000000 0.000000 0.000004 
0.000000 0.000019 0.000000 0.000000 0.000000 0.000000 0.380899 0.034404 0.000000 0.480007 0.000000 0.104671 
0.000000 0.067511 0.932358 0.000000 0.000000 0.000000 0.000000 0.000127 0.000000 0.000000 0.000000 0.000003 
0.000000 0.035971 0.000000 0.425366 0.034100 0.340746 0.000000 0.099696 0.000000 0.000000 0.064117 0.000004 
0.000000 0.801711 0.000000 0.000000 0.000000 0.000000 0.000000 0.198285 0.000000 0.000000 0.000000 0.000004 
0.000000 0.081645 0.000000 0.000000 0.000000 0.029958 0.000000 0.826996 0.000000 0.000000 0.000000 0.061401 
0.000000 0.101997 0.092996 0.152184 0.348971 0.000000 0.000000 0.134179 0.000000 0.000000 0.000000 0.169674 
0.000000 0.078271 0.000000 0.132060 0.000000 0.000000 0.000000 0.347551 0.000000 0.000000 0.000000 0.442118 
0.000000 0.803879 0.000000 0.000000 0.000000 0.000000 0.000000 0.196118 0.000000 0.000000 0.000000 0.000003 
0.000000 0.086254 0.000000 0.000000 0.357564 0.000000 0.083389 0.027687 0.000000 0.000000 0.297452 0.147653 
0.000000 0.077571 0.000000 0.019817 0.032394 0.741809 0.058017 0.056636 0.000000 0.000000 0.000000 0.013757 
0.000000 0.080186 0.086176 0.000000 0.000000 0.000000 0.504870 0.183629 0.000000 0.000000 0.000000 0.145140 
0.000000 0.049711 0.000000 0.308101 0.000000 0.000000 0.024057 0.401484 0.000000 0.000000 0.216643 0.000004 
0.000000 0.000014 0.000000 0.744667 0.000000 0.000000 0.000000 0.000048 0.000000 0.000000 0.255268 0.000003 
0.000000 0.124223 0.087142 0.000000 0.476244 0.000000 0.000000 0.088010 0.000000 0.000000 0.000000 0.224382 
0.000000 0.759455 0.000000 0.025576 0.000000 0.018474 0.006533 0.179440 0.000000 0.010518 0.000000 0.000003 
0.000000 0.064893 0.000000 0.000000 0.342494 0.000000 0.139678 0.000093 0.000000 0.305244 0.000000 0.147599 
0.000000 0.000021 0.410769 0.326136 0.000000 0.000000 0.000000 0.033125 0.000000 0.229944 0.000000 0.000004 
0.000000 0.080187 0.000000 0.084203 0.437596 0.000000 0.000000 0.055048 0.000000 0.200344 0.000000 0.142622 
0.000000 0.784795 0.000000 0.000000 0.000000 0.035191 0.000000 0.154953 0.000000 0.000000 0.000000 0.025060 
0.000000 0.000061 0.046891 0.000000 0.000000 0.835816 0.007797 0.095930 0.000000 0.000000 0.000000 0.013506 
0.000000 0.259978 0.000000 0.012944 0.000000 0.333394 0.022778 0.209976 0.000000 0.000000 0.089759 0.071172 
0.000000 0.026069 0.025544 0.046627 0.000000 0.640349 0.000000 0.217357 0.000000 0.000000 0.000000 0.044054 
0.000000 0.060569 0.086944 0.000000 0.000000 0.105430 0.000000 0.053932 0.000000 0.693123 0.000000 0.000003 
0.000000 0.426904 0.000000 0.000000 0.178542 0.204206 0.000000 0.119091 0.000000 0.000000 0.000000 0.071257 
0.000000 0.000033 0.000000 0.000000 0.000000 0.059564 0.562052 0.189766 0.000000 0.000000 0.000000 0.188586 
0.000000 0.108248 0.000000 0.000000 0.484957 0.000000 0.024932 0.139989 0.000000 0.000000 0.096263 0.145610 
0.000000 0.111167 0.000000 0.005451 0.115307 0.019049 0.039726 0.626365 0.000000 0.000000 0.000000 0.082936 
0.000000 0.130597 0.000000 0.000000 0.397765 0.000000 0.041853 0.087188 0.000000 0.000000 0.050199 0.292398 
0.000000 0.013259 0.000000 0.752951 0.000000 0.000000 0.000000 0.167057 0.000000 0.000000 0.000000 0.066733 
0.000000 0.034455 0.297897 0.000000 0.000000 0.563229 0.000000 0.091442 0.000000 0.000000 0.000000 0.012977 
0.000000 0.079989 0.000000 0.000000 0.000000 0.543185 0.000000 0.193717 0.000000 0.000000 0.097933 0.085177 
0.000000 0.000027 0.893108 0.000000 0.000000 0.000000 0.007413 0.099449 0.000000 0.000000 0.000000 0.000004 
0.000000 0.143100 0.000000 0.328064 0.000000 0.000000 0.266446 0.082277 0.000000 0.000000 0.000000 0.180114 
0.000000 0.224014 0.035168 0.000000 0.128948 0.000000 0.000000 0.257486 0.000000 0.000000 0.028306 0.326078 
0.000000 0.083065 0.009593 0.000000 0.348941 0.000000 0.098115 0.147245 0.000000 0.047438 0.156917 0.108686 
0.000000 0.173726 0.000000 0.000000 0.038307 0.000000 0.000000 0.311553 0.000000 0.000000 0.000000 0.476414 
0.000000 0.070575 0.000000 0.000000 0.160979 0.050786 0.020306 0.598645 0.000000 0.000000 0.058392 0.040317 
0.000000 0.077971 0.000000 0.000000 0.000000 0.146384 0.062223 0.104686 0.000000 0.608733 0.000000 0.000004 
0.000000 0.095112 0.000000 0.000000 0.000000 0.033902 0.023523 0.649429 0.000000 0.148968 0.000000 0.049066 
0.000000 0.043007 0.019676 0.000000 0.000000 0.000000 0.353976 0.242277 0.000000 0.021958 0.024324 0.294780 
0.000000 0.089420 0.000000 0.000000 0.000000 0.000000 0.000000 0.446843 0.000000 0.000000 0.000000 0.463737 
0.000000 0.552704 0.301634 0.000000 0.000000 0.000000 0.000000 0.145659 0.000000 0.000000 0.000000 0.000003 
0.000000 0.019454 0.702530 0.000000 0.000000 0.000000 0.189103 0.000092 0.000000 0.000000 0.046276 0.042545 
0.000000 0.000020 0.977599 0.000000 0.000000 0.000000 0.000000 0.014071 0.000000 0.000000 0.000000 0.008310 
0.000000 0.000022 0.000000 0.000000 0.000000 0.238666 0.000000 0.000120 0.000000 0.000000 0.761189 0.000003 
0.000000 0.124218 0.000000 0.012614 0.000000 0.000000 0.000000 0.376482 0.000000 0.028604 0.000000 0.458083 
0.000000 0.000021 0.041711 0.000000 0.000000 0.000000 0.529766 0.035523 0.000000 0.000000 0.257451 0.135528 
0.000000 0.000032 0.986973 0.000000 0.009238 0.000000 0.003670 0.000083 0.000000 0.000000 0.000000 0.000003 
1.11295e-08 0.262667 0.075573 0.0634916 0.0703283 0.102721 0.0985581 0.332317 0.0550818 0.0415755 0.0682094 0.185443 
