-197110.706758
0
0.046375 0.032030 0.000000 0.039523 0.004297 0.003129 0.000000 0.002046 0.017908 0.006182 0.030631 0.021370 0.013598 0.012744 0.017329 0.023110 0.021818 0.008939 0.013741 0.027056 0.004262 0.000007 0.008559 0.002253 0.027432 0.023006 0.000000 0.025755 0.005259 0.005692 0.000000 0.002192 0.002414 0.005306 0.010170 0.017613 0.009772 0.013936 0.015698 0.033283 0.004277 0.007493 0.006339 0.011674 0.000000 0.001750 0.003482 0.001869 0.027938 0.011808 0.000000 0.020824 0.000000 0.000005 0.000000 0.006407 0.000162 0.000664 0.012981 0.003344 0.008844 0.010288 0.010208 0.022608 0.005505 0.000307 0.008396 0.008575 0.000000 0.000000 0.001534 0.002508 0.035214 0.013205 0.000927 0.054020 0.000000 0.000018 0.000000 0.000000 0.003312 0.002105 0.010874 0.011373 0.013412 0.015437 0.013934 0.035192 0.005361 0.004258 0.000030 0.012452 0.000000 0.005111 0.005251 0.004288 
0.031649 0.032669 0.019535 0.027737 0.009273 0.005318 0.002988 0.003545 0.008242 0.008575 0.003109 0.001488 0.007650 0.003866 0.012647 0.000151 0.002879 0.000110 0.002287 0.000053 0.000000 0.000002 0.000001 0.000017 0.053248 0.074460 0.009056 0.058207 0.012014 0.009796 0.008379 0.007124 0.020022 0.016782 0.007269 0.018399 0.006303 0.006798 0.039067 0.011983 0.004004 0.000020 0.005622 0.005516 0.000000 0.000012 0.002903 0.000015 0.037467 0.035599 0.032221 0.027054 0.005207 0.011929 0.008277 0.004439 0.006017 0.008410 0.002840 0.007032 0.004687 0.003704 0.010735 0.001245 0.004568 0.001452 0.006687 0.000743 0.000000 0.000000 0.000008 0.000009 0.037303 0.063675 0.010220 0.041068 0.000000 0.010521 0.003859 0.000000 0.001548 0.010982 0.011653 0.011345 0.001531 0.002717 0.009062 0.002319 0.000136 0.000067 0.000030 0.000560 0.000000 0.000122 0.000012 0.000150 
0.002675 0.000397 0.000000 0.002076 0.000028 0.000001 0.000000 0.002543 0.008421 0.014761 0.019299 0.004602 0.000003 0.000929 0.003525 0.007139 0.007173 0.001251 0.001771 0.006327 0.000000 0.001224 0.002459 0.000009 0.003459 0.002664 0.000000 0.002648 0.000000 0.000000 0.000000 0.000003 0.064274 0.093092 0.031398 0.072245 0.000005 0.001479 0.001877 0.002616 0.001864 0.000021 0.003457 0.008641 0.000000 0.000881 0.001764 0.000012 0.005737 0.000356 0.000000 0.000684 0.000000 0.000004 0.000000 0.000004 0.001881 0.020433 0.005937 0.016568 0.001457 0.000002 0.002058 0.001782 0.005252 0.001027 0.002114 0.012260 0.000000 0.000000 0.004457 0.000007 0.001935 0.000668 0.001626 0.004040 0.000000 0.003566 0.000000 0.000000 0.104354 0.224416 0.093031 0.069091 0.003039 0.000910 0.002430 0.004535 0.006148 0.003585 0.005379 0.003913 0.000000 0.001916 0.002731 0.001652 
0.001086 0.002256 0.000387 0.010405 0.000768 0.000001 0.000000 0.000004 0.000068 0.004199 0.015343 0.003729 0.000003 0.000010 0.000486 0.002119 0.002006 0.005556 0.001782 0.005000 0.000000 0.004068 0.001395 0.011477 0.004237 0.000801 0.000000 0.016497 0.000000 0.000000 0.000000 0.000001 0.002779 0.001151 0.010643 0.006363 0.000696 0.000533 0.000005 0.000802 0.000212 0.002545 0.000855 0.002956 0.001705 0.001737 0.003854 0.015525 0.001731 0.002097 0.000000 0.007906 0.000000 0.000350 0.000124 0.000000 0.000024 0.014688 0.020633 0.011821 0.000002 0.000003 0.000002 0.000441 0.006559 0.011433 0.004757 0.013414 0.000000 0.001891 0.002082 0.002215 0.038257 0.012301 0.002196 0.308279 0.000000 0.000385 0.000000 0.000000 0.002901 0.024787 0.209877 0.033490 0.000399 0.001442 0.000005 0.002896 0.002753 0.009207 0.006489 0.011897 0.005109 0.010264 0.002213 0.066631 
0.010333 0.010808 0.000000 0.006233 0.000009 0.001499 0.000000 0.000005 0.030351 0.015967 0.188858 0.010570 0.004681 0.000015 0.001516 0.007271 0.012171 0.010768 0.008628 0.013770 0.000000 0.002042 0.000002 0.003776 0.008167 0.003270 0.000000 0.003610 0.000000 0.000000 0.000000 0.000001 0.018126 0.018915 0.098104 0.017871 0.000002 0.001288 0.001437 0.001038 0.002926 0.005859 0.008033 0.004053 0.000000 0.001617 0.000070 0.003813 0.007288 0.006572 0.000000 0.003710 0.000000 0.000853 0.000000 0.000001 0.025238 0.026728 0.123742 0.019040 0.000004 0.000002 0.000002 0.000054 0.012408 0.007060 0.003864 0.011916 0.000000 0.000000 0.000005 0.000958 0.008377 0.012923 0.002978 0.012675 0.000000 0.001521 0.000000 0.000000 0.011352 0.015917 0.085824 0.010985 0.005933 0.002991 0.001987 0.003804 0.008607 0.005844 0.011115 0.002431 0.003057 0.000585 0.000007 0.004165 
0.018124 0.013568 0.004795 0.014991 0.021105 0.013159 0.004699 0.023191 0.020040 0.012167 0.007555 0.022290 0.008110 0.010328 0.009420 0.007612 0.021040 0.011363 0.020251 0.018694 0.000000 0.001965 0.008998 0.002116 0.017202 0.010888 0.002823 0.013110 0.015958 0.011281 0.003925 0.020489 0.020222 0.009267 0.004768 0.020202 0.006635 0.011583 0.009924 0.015357 0.009284 0.014991 0.010769 0.011843 0.000000 0.004601 0.010624 0.003021 0.009088 0.010524 0.000000 0.012580 0.010941 0.008944 0.001803 0.014117 0.021502 0.010306 0.003345 0.013396 0.005610 0.006165 0.009142 0.007364 0.012060 0.008345 0.007175 0.010567 0.000000 0.002696 0.014317 0.004411 0.011379 0.019509 0.003174 0.017663 0.013006 0.018223 0.002297 0.023104 0.005733 0.013070 0.002615 0.010754 0.007351 0.011387 0.005337 0.013428 0.010607 0.011349 0.008120 0.010853 0.000000 0.004498 0.010213 0.007586 
0.002523 0.003161 0.000000 0.001554 0.002194 0.001440 0.000000 0.000007 0.008636 0.001988 0.002561 0.005984 0.000003 0.000012 0.000043 0.000275 0.002575 0.001299 0.000105 0.000047 0.000000 0.000007 0.000002 0.000020 0.000420 0.000373 0.000000 0.001938 0.000000 0.000000 0.000000 0.001456 0.015007 0.003238 0.004491 0.009747 0.000003 0.000773 0.000015 0.000786 0.002162 0.000023 0.002772 0.001988 0.001155 0.000006 0.000104 0.000029 0.000216 0.000860 0.000000 0.000342 0.000000 0.000004 0.000000 0.000002 0.005379 0.006118 0.001689 0.003384 0.000004 0.000003 0.000002 0.000710 0.000190 0.000572 0.000109 0.000204 0.000000 0.001261 0.000007 0.000009 0.012650 0.003060 0.001168 0.012353 0.042838 0.000014 0.000772 0.068836 0.405891 0.081392 0.034359 0.233062 0.000033 0.000007 0.000007 0.000112 0.000088 0.000046 0.000043 0.000267 0.000000 0.000939 0.000008 0.000070 
0.009935 0.007611 0.000000 0.004686 0.002827 0.000001 0.000000 0.003269 0.009019 0.004447 0.013861 0.005404 0.014353 0.003368 0.006503 0.018875 0.030097 0.009549 0.018371 0.022360 0.029029 0.006896 0.005184 0.019988 0.003639 0.002503 0.000000 0.007999 0.000000 0.000000 0.000000 0.004226 0.009998 0.006303 0.006664 0.009646 0.006498 0.004884 0.005240 0.003997 0.017819 0.009194 0.015463 0.024700 0.022834 0.005369 0.012025 0.057903 0.007473 0.009644 0.000000 0.008277 0.000000 0.002884 0.000000 0.003366 0.007117 0.007452 0.010718 0.016336 0.002678 0.001957 0.003562 0.002805 0.008894 0.011070 0.010341 0.015928 0.010205 0.000000 0.003323 0.020495 0.022725 0.003549 0.000004 0.033888 0.000863 0.002049 0.000000 0.004073 0.005988 0.009303 0.007325 0.008635 0.019924 0.000006 0.014680 0.013631 0.016952 0.014417 0.010346 0.036098 0.051833 0.010107 0.008916 0.057628 
0.000280 0.000986 0.000498 0.001081 0.000766 0.000002 0.000000 0.001166 0.035137 0.012786 0.091081 0.015674 0.000004 0.004538 0.000201 0.001816 0.006026 0.004137 0.024502 0.000066 0.000000 0.000792 0.000004 0.002863 0.007802 0.021380 0.014242 0.054976 0.000000 0.000000 0.000835 0.000001 0.012365 0.012014 0.092672 0.008063 0.000001 0.000762 0.000006 0.001664 0.006892 0.002426 0.027747 0.002226 0.000000 0.003397 0.004462 0.007335 0.002338 0.006800 0.003248 0.011023 0.000486 0.002721 0.000000 0.001475 0.060269 0.079696 0.135532 0.060361 0.000506 0.004240 0.000001 0.001767 0.009999 0.006910 0.013287 0.003834 0.000000 0.000524 0.001767 0.002767 0.001988 0.005377 0.000021 0.004905 0.000000 0.000319 0.000000 0.000000 0.007480 0.005882 0.040210 0.004018 0.000063 0.000009 0.000012 0.000525 0.007365 0.004831 0.009537 0.003387 0.000000 0.001814 0.001844 0.005194 
0.000000 0.000000 0.000000 0.000000 0.000000 0.000020 0.000000 0.042048 0.957932 
0.006631 0.071039 0.000000 0.000000 0.000000 0.000022 0.300383 0.621925 0.000000 
0.000000 0.460548 0.507267 0.000000 0.000000 0.000022 0.032157 0.000006 0.000000 
0.000000 0.000000 0.000000 0.926561 0.000000 0.000019 0.003716 0.062416 0.007288 
0.000000 0.000000 0.000000 0.000000 0.380479 0.111612 0.422312 0.026642 0.058954 
0.057561 0.000000 0.000000 0.000000 0.000000 0.072881 0.006733 0.862826 0.000000 
0.660651 0.000000 0.000000 0.000000 0.000000 0.291929 0.008991 0.038428 0.000000 
0.044149 0.000000 0.059727 0.079650 0.050133 0.491161 0.140076 0.135105 0.000000 
0.000000 0.000000 0.000000 0.000000 0.000000 0.816847 0.137706 0.045447 0.000000 
0.053964 0.000000 0.000000 0.000000 0.000000 0.062942 0.000000 0.883094 0.000000 
0.025572 0.063799 0.034146 0.000000 0.000000 0.376398 0.008528 0.120672 0.370885 
0.000000 0.040136 0.000000 0.000000 0.822820 0.063954 0.017396 0.055694 0.000000 
0.080058 0.572190 0.000000 0.085894 0.000000 0.175538 0.000000 0.086320 0.000000 
0.366952 0.024833 0.000000 0.000000 0.000000 0.051643 0.314596 0.041356 0.200620 
0.000000 0.000000 0.000000 0.000000 0.000000 0.000014 0.740003 0.000004 0.259978 
0.000000 0.008647 0.046708 0.074850 0.078257 0.610022 0.000000 0.181518 0.000000 
0.066133 0.010062 0.015223 0.000000 0.008616 0.019605 0.030166 0.850195 0.000000 
0.000000 0.132118 0.417337 0.000000 0.000000 0.348411 0.000000 0.102134 0.000000 
0.000000 0.004540 0.248183 0.407371 0.000000 0.000020 0.339879 0.000007 0.000000 
0.004762 0.009180 0.346074 0.000000 0.000000 0.453033 0.058872 0.128079 0.000000 
0.000000 0.000000 0.000000 0.000000 0.036727 0.109609 0.000000 0.853664 0.000000 
0.000000 0.012121 0.004952 0.000000 0.899076 0.083844 0.000000 0.000008 0.000000 
0.038667 0.022840 0.000000 0.000000 0.341443 0.231957 0.013180 0.255837 0.096077 
0.096197 0.000000 0.000000 0.000000 0.690419 0.166196 0.047180 0.000008 0.000000 
0.000000 0.013928 0.769947 0.088081 0.060062 0.000020 0.014524 0.053438 0.000000 
0.010091 0.000000 0.000000 0.000000 0.262282 0.232875 0.000000 0.494752 0.000000 
0.051775 0.658978 0.000000 0.000000 0.064033 0.225205 0.000000 0.000008 0.000000 
0.118476 0.000000 0.017613 0.000000 0.000000 0.510881 0.000000 0.171455 0.181575 
0.488078 0.037637 0.000000 0.000000 0.000000 0.365307 0.015026 0.093953 0.000000 
0.000000 0.020224 0.058237 0.000000 0.056005 0.663947 0.000000 0.146478 0.055108 
0.074941 0.016166 0.000000 0.000000 0.000000 0.150542 0.758343 0.000008 0.000000 
0.010453 0.000000 0.000000 0.286830 0.618129 0.067231 0.000000 0.017357 0.000000 
0.027103 0.000000 0.000000 0.000000 0.582752 0.247738 0.000000 0.052882 0.089525 
0.054905 0.005498 0.000000 0.893564 0.000000 0.046025 0.000000 0.000008 0.000000 
0.000000 0.309905 0.000000 0.000000 0.000000 0.206736 0.337977 0.145382 0.000000 
0.000000 0.025261 0.009723 0.040038 0.000000 0.667836 0.000000 0.215559 0.041582 
0.156915 0.079262 0.102137 0.000000 0.000000 0.325633 0.000000 0.119772 0.216281 
0.000000 0.026545 0.000000 0.000000 0.000000 0.839941 0.000000 0.133515 0.000000 
0.555646 0.000000 0.014613 0.000000 0.000000 0.283296 0.000000 0.045450 0.100995 
0.029227 0.091711 0.689085 0.000000 0.107969 0.000022 0.000000 0.081986 0.000000 
0.494772 0.033570 0.149160 0.000000 0.000000 0.241168 0.015000 0.066330 0.000000 
0.000000 0.456085 0.000000 0.020154 0.028667 0.449711 0.014259 0.031124 0.000000 
0.028965 0.000000 0.000000 0.000000 0.000000 0.920258 0.000000 0.050776 0.000000 
0.089357 0.000000 0.000000 0.296612 0.000000 0.000021 0.012363 0.601647 0.000000 
0.000000 0.200481 0.000000 0.702739 0.000000 0.011167 0.007098 0.021201 0.057314 
0.000000 0.000000 0.000000 0.981058 0.000000 0.018935 0.000000 0.000006 0.000000 
0.000000 0.000000 0.000000 0.000000 0.217597 0.000019 0.000000 0.000006 0.782378 
0.000000 0.070623 0.016906 0.000000 0.000000 0.789164 0.024277 0.099031 0.000000 
0.000000 0.613047 0.000000 0.044987 0.000000 0.069382 0.000000 0.000007 0.272576 
0.000000 0.000000 0.000000 0.996595 0.000000 0.000017 0.000000 0.000008 0.003379 
0.1025 0.117324 0.0626914 0.052522 0.0656819 0.250983 0.0987264 0.210832 0.059607 
