-198504.005502
0
0.001289 0.002725 0.000528 0.011103 0.000720 0.000300 0.000000 0.000281 0.000043 0.004226 0.016520 0.003582 0.000004 0.000013 0.000594 0.002185 0.001798 0.005308 0.001671 0.004905 0.000000 0.004049 0.001007 0.011550 0.004889 0.001121 0.000803 0.017046 0.000000 0.000000 0.000000 0.000001 0.002906 0.001288 0.011762 0.006563 0.000420 0.000352 0.000002 0.001042 0.000222 0.002130 0.000945 0.002900 0.001585 0.001663 0.003497 0.015244 0.002459 0.002503 0.000000 0.007998 0.000000 0.000416 0.000209 0.000000 0.000025 0.014781 0.021452 0.011588 0.000000 0.000246 0.000000 0.000515 0.006437 0.010945 0.004802 0.013322 0.000000 0.001698 0.001872 0.002088 0.039168 0.013479 0.002301 0.302213 0.000005 0.000495 0.000000 0.000303 0.003546 0.025131 0.210342 0.033584 0.000412 0.001512 0.000010 0.002915 0.002802 0.008816 0.006221 0.011431 0.005209 0.009744 0.002259 0.063961 
0.029319 0.023627 0.007940 0.025296 0.017291 0.010451 0.004262 0.016101 0.017430 0.010757 0.006468 0.018378 0.008425 0.009704 0.012484 0.006718 0.012214 0.006217 0.012402 0.012689 0.000000 0.000004 0.006356 0.000002 0.031143 0.031366 0.004402 0.029060 0.015018 0.011461 0.005055 0.015441 0.018795 0.012880 0.005332 0.022245 0.007205 0.011738 0.020323 0.019733 0.005683 0.009835 0.007983 0.008557 0.000000 0.002635 0.006783 0.000002 0.021590 0.018387 0.008593 0.019057 0.009312 0.008711 0.003425 0.011608 0.014459 0.008575 0.002335 0.009795 0.006656 0.006529 0.010834 0.009318 0.008378 0.003635 0.007136 0.005842 0.000000 0.001727 0.009465 0.001560 0.021851 0.032102 0.004924 0.023710 0.008414 0.015067 0.002601 0.015255 0.003367 0.011947 0.002141 0.010368 0.004921 0.010886 0.007899 0.014836 0.004889 0.004932 0.002938 0.004177 0.000000 0.002279 0.006353 0.000007 
0.004930 0.005681 0.000003 0.002647 0.000103 0.000778 0.000000 0.000912 0.034401 0.016025 0.157931 0.013720 0.002206 0.002385 0.000537 0.004945 0.010009 0.008842 0.016211 0.008722 0.000000 0.001496 0.000688 0.002990 0.007443 0.010262 0.005129 0.023162 0.000000 0.000000 0.000000 0.000001 0.016124 0.016620 0.100666 0.013341 0.000003 0.000874 0.000001 0.001033 0.004545 0.004575 0.016283 0.002865 0.000000 0.002506 0.001879 0.004404 0.004674 0.005970 0.000000 0.006408 0.000000 0.001752 0.000000 0.000773 0.041242 0.049933 0.131673 0.036702 0.000000 0.001979 0.000000 0.000894 0.012408 0.007316 0.007702 0.009424 0.000000 0.000589 0.001115 0.001479 0.003956 0.008696 0.001854 0.004734 0.000003 0.000803 0.000000 0.000015 0.007148 0.009377 0.066468 0.005509 0.003537 0.001726 0.000409 0.001879 0.008688 0.005877 0.011157 0.002576 0.000000 0.001121 0.000956 0.003601 
0.012010 0.008720 0.000450 0.006610 0.004722 0.001904 0.000000 0.005569 0.010307 0.005407 0.009934 0.008230 0.014338 0.004788 0.007883 0.020056 0.034783 0.011835 0.021192 0.026840 0.021950 0.006851 0.006695 0.016719 0.004945 0.003093 0.000001 0.006814 0.001620 0.001070 0.000000 0.006021 0.010646 0.005635 0.003259 0.011528 0.006637 0.006235 0.005445 0.006603 0.017246 0.010634 0.014792 0.024592 0.016546 0.005498 0.012578 0.044717 0.007820 0.008551 0.000000 0.008397 0.000390 0.003235 0.000000 0.004360 0.007077 0.005167 0.006065 0.014834 0.003597 0.002660 0.004684 0.004279 0.010408 0.011439 0.010056 0.017883 0.007228 0.000190 0.004974 0.017844 0.020653 0.004415 0.000004 0.032163 0.002391 0.003382 0.000000 0.006153 0.007675 0.010250 0.004480 0.009847 0.020312 0.002737 0.013767 0.016030 0.018466 0.016800 0.011473 0.035909 0.037832 0.010330 0.010275 0.049575 
0.002658 0.002172 0.000850 0.001671 0.001171 0.000793 0.000000 0.000958 0.006698 0.006368 0.003178 0.004348 0.000002 0.000178 0.000954 0.002419 0.003286 0.001246 0.000068 0.000842 0.000000 0.000413 0.000978 0.000004 0.001308 0.001789 0.000001 0.003288 0.000000 0.000000 0.000495 0.000788 0.038685 0.045214 0.012609 0.038023 0.000590 0.001249 0.000881 0.001288 0.001814 0.000048 0.002610 0.004235 0.000000 0.000010 0.000385 0.000005 0.001426 0.000872 0.001023 0.000462 0.000000 0.000006 0.000000 0.000001 0.003499 0.011580 0.001289 0.007844 0.000000 0.000492 0.000000 0.001184 0.000601 0.000584 0.000148 0.002557 0.000000 0.000549 0.001014 0.000019 0.008792 0.001913 0.001616 0.010775 0.024253 0.001544 0.000667 0.037762 0.285502 0.159421 0.060086 0.169425 0.000433 0.000017 0.000424 0.001294 0.000903 0.000129 0.001334 0.000801 0.000000 0.001123 0.000054 0.000015 
0.000000 0.011820 0.947301 0.040878 0.000000 
0.000000 0.058325 0.000009 0.624724 0.316942 
0.029541 0.541302 0.000010 0.000029 0.429118 
0.936776 0.000051 0.000009 0.063163 0.000001 
0.000000 0.067909 0.386075 0.059239 0.486777 
0.000000 0.000071 0.028605 0.971323 0.000001 
0.016090 0.736431 0.035853 0.211626 0.000001 
0.064091 0.359417 0.070499 0.295097 0.210896 
0.000000 0.678469 0.000010 0.152403 0.169119 
0.007917 0.000069 0.032736 0.959278 0.000001 
0.000000 0.380901 0.382802 0.207749 0.028547 
0.022209 0.095811 0.753290 0.086562 0.042129 
0.133832 0.804551 0.000022 0.061594 0.000001 
0.026051 0.374313 0.184856 0.091239 0.323541 
0.000000 0.000041 0.219993 0.000026 0.779939 
0.064172 0.432279 0.117892 0.352427 0.033231 
0.009101 0.011564 0.044843 0.897897 0.036595 
0.000000 0.433911 0.076176 0.197207 0.292705 
0.424184 0.000075 0.000009 0.000050 0.575683 
0.000000 0.293522 0.127690 0.279922 0.298866 
0.000000 0.000070 0.066643 0.933286 0.000001 
0.030797 0.077466 0.832659 0.030177 0.028901 
0.017084 0.200401 0.420674 0.337242 0.024599 
0.033241 0.212886 0.637773 0.043400 0.072700 
0.107736 0.026284 0.163607 0.093981 0.608392 
0.014801 0.120445 0.264009 0.600744 0.000001 
0.029410 0.911930 0.058613 0.000046 0.000001 
0.000000 0.433027 0.205798 0.361174 0.000001 
0.016028 0.670591 0.043995 0.256836 0.012550 
0.000000 0.507403 0.143583 0.313978 0.035035 
0.000000 0.187342 0.000008 0.027733 0.784916 
0.320222 0.064834 0.564686 0.050257 0.000001 
0.000000 0.218384 0.642104 0.123469 0.016043 
0.895352 0.065071 0.000010 0.039566 0.000001 
0.000000 0.487082 0.000009 0.151664 0.361244 
0.029273 0.551273 0.058525 0.354148 0.006782 
0.012026 0.472099 0.245962 0.225471 0.044442 
0.000000 0.705617 0.017161 0.265779 0.011443 
0.026071 0.649239 0.132485 0.192205 0.000001 
0.000000 0.124786 0.216040 0.112195 0.546979 
0.049359 0.625753 0.047474 0.184071 0.093343 
0.051541 0.859220 0.027965 0.043150 0.018124 
0.000000 0.828899 0.000009 0.171090 0.000001 
0.322718 0.000069 0.006834 0.667831 0.002548 
0.730097 0.218302 0.042959 0.008641 0.000001 
0.999880 0.000070 0.000009 0.000040 0.000001 
0.000000 0.020310 0.979648 0.000040 0.000001 
0.000000 0.744303 0.000008 0.203436 0.052253 
0.073805 0.691674 0.234488 0.000032 0.000001 
0.999898 0.000042 0.000007 0.000052 0.000001 
0.13141 0.316793 0.216083 0.297104 0.143422 
