-200140.882535
0
0.001007 0.002382 0.000621 0.010269 0.000599 0.000143 0.000000 0.000007 0.000026 0.004019 0.016962 0.003315 0.000000 0.000000 0.000530 0.002595 0.002126 0.005562 0.001670 0.005105 0.000000 0.004764 0.001030 0.013229 0.004115 0.000703 0.000790 0.015677 0.000000 0.000000 0.000001 0.000000 0.002757 0.001193 0.011417 0.006231 0.000255 0.000008 0.000000 0.000701 0.000270 0.002106 0.000971 0.003096 0.002034 0.001651 0.003782 0.019219 0.002078 0.002233 0.000003 0.007559 0.000000 0.000274 0.000173 0.000000 0.000015 0.014337 0.021947 0.011701 0.000000 0.000138 0.000000 0.000427 0.006567 0.011257 0.004878 0.013996 0.000000 0.001537 0.001754 0.002474 0.038983 0.012275 0.002145 0.296646 0.000001 0.000381 0.000000 0.000002 0.003913 0.024854 0.202399 0.033555 0.000631 0.001252 0.000000 0.002943 0.003106 0.009482 0.006583 0.013085 0.007430 0.010435 0.002301 0.071309 
0.022563 0.017620 0.004728 0.017801 0.012385 0.007044 0.002540 0.012167 0.014767 0.008609 0.007827 0.014455 0.011162 0.007838 0.010870 0.012650 0.022142 0.008636 0.016385 0.019067 0.009299 0.002703 0.006665 0.006421 0.020537 0.019806 0.002532 0.019664 0.009635 0.007283 0.002900 0.011866 0.015446 0.009771 0.004266 0.017838 0.007190 0.009792 0.014640 0.014567 0.010839 0.010368 0.011109 0.015648 0.006870 0.003881 0.009276 0.017583 0.016188 0.014554 0.004798 0.014809 0.005638 0.006586 0.002047 0.008764 0.011609 0.007025 0.003427 0.011966 0.005396 0.005029 0.008440 0.007403 0.009313 0.006825 0.008444 0.010708 0.003062 0.001099 0.007765 0.008344 0.021090 0.020583 0.002850 0.023991 0.005924 0.010521 0.001405 0.011575 0.004997 0.010620 0.001239 0.009476 0.011639 0.007715 0.010793 0.015683 0.010742 0.009752 0.006403 0.017223 0.015374 0.005473 0.008082 0.017961 
0.002630 0.002845 0.001023 0.002053 0.001060 0.000864 0.000000 0.000772 0.007092 0.006766 0.003023 0.004627 0.000000 0.000000 0.000766 0.001504 0.002402 0.000962 0.000024 0.000279 0.000000 0.000012 0.000830 0.000019 0.001767 0.002263 0.000003 0.004254 0.000000 0.000000 0.000487 0.000333 0.039321 0.045979 0.013401 0.038788 0.000401 0.001160 0.000000 0.001287 0.001127 0.000014 0.002188 0.003393 0.000000 0.000004 0.000034 0.000029 0.001374 0.001004 0.001616 0.000622 0.000000 0.000002 0.000000 0.000000 0.003591 0.011914 0.001273 0.007615 0.000000 0.000567 0.000000 0.001101 0.000404 0.000218 0.000045 0.002270 0.000000 0.000642 0.000876 0.000006 0.008792 0.003492 0.001574 0.011712 0.024460 0.001448 0.000974 0.038231 0.283401 0.159869 0.062863 0.169074 0.000010 0.000006 0.000000 0.000893 0.000365 0.000047 0.000915 0.000052 0.000001 0.000775 0.000008 0.000111 
0.005046 0.005718 0.000333 0.002675 0.000003 0.000792 0.000000 0.000623 0.033867 0.015843 0.156807 0.013410 0.002011 0.002432 0.000428 0.004744 0.009891 0.008807 0.016038 0.008334 0.000000 0.001641 0.000607 0.003105 0.007742 0.010661 0.005333 0.024095 0.000000 0.000000 0.000317 0.000000 0.016073 0.016547 0.100050 0.013298 0.000001 0.000723 0.000000 0.001194 0.004547 0.004491 0.016183 0.002789 0.000000 0.002485 0.002025 0.004646 0.004820 0.005995 0.000475 0.006518 0.000213 0.001761 0.000000 0.000771 0.040959 0.049806 0.131184 0.036472 0.000263 0.001949 0.000000 0.000875 0.012352 0.007358 0.007662 0.009477 0.000000 0.000587 0.001157 0.001519 0.004219 0.008968 0.002119 0.005395 0.000000 0.000610 0.000183 0.000001 0.007210 0.009518 0.065787 0.005722 0.003357 0.001652 0.000000 0.001857 0.008666 0.005891 0.011441 0.002740 0.000000 0.001164 0.001013 0.003955 
0.000001 0.050233 0.000001 0.949765 
0.050816 0.654278 0.294899 0.000007 
0.009483 0.520387 0.470122 0.000008 
0.954121 0.045871 0.000001 0.000008 
0.000001 0.132578 0.483309 0.384112 
0.055671 0.923183 0.000001 0.021145 
0.018265 0.947699 0.000002 0.034034 
0.075304 0.646235 0.208819 0.069642 
0.000001 0.820884 0.179107 0.000008 
0.087239 0.883793 0.000001 0.028967 
0.000001 0.583499 0.029828 0.386672 
0.025174 0.178135 0.041679 0.755012 
0.108983 0.878104 0.000001 0.012912 
0.020598 0.464109 0.328474 0.186819 
0.000001 0.000290 0.779868 0.219841 
0.079019 0.770766 0.033658 0.116557 
0.086556 0.856295 0.025869 0.031280 
0.000001 0.626637 0.298624 0.074738 
0.411242 0.020083 0.568667 0.000008 
0.000001 0.575591 0.295539 0.128869 
0.072695 0.876150 0.000001 0.051153 
0.027821 0.107683 0.029226 0.835270 
0.039884 0.518955 0.021889 0.419272 
0.026050 0.263128 0.075725 0.635097 
0.121502 0.122637 0.595227 0.160633 
0.062766 0.677958 0.000001 0.259275 
0.022072 0.910837 0.000001 0.067090 
0.000001 0.791539 0.000001 0.208459 
0.019535 0.923079 0.013819 0.043566 
0.000001 0.815156 0.038489 0.146353 
0.000001 0.214574 0.785418 0.000007 
0.319836 0.112298 0.000001 0.567865 
0.000001 0.340653 0.017032 0.642314 
0.891866 0.108124 0.000001 0.000008 
0.000001 0.627689 0.372303 0.000008 
0.039850 0.892363 0.009567 0.058220 
0.014537 0.690071 0.048001 0.247392 
0.000001 0.963711 0.017595 0.018693 
0.025251 0.840608 0.000001 0.134140 
0.000001 0.241545 0.544603 0.213851 
0.044965 0.804813 0.101627 0.048595 
0.029373 0.907659 0.026937 0.036031 
0.000001 0.997102 0.002890 0.000008 
0.424862 0.573897 0.001233 0.000008 
0.706628 0.242421 0.000001 0.050950 
0.984792 0.015200 0.000001 0.000008 
0.000001 0.000968 0.000001 0.999030 
0.000001 0.938428 0.061564 0.000007 
0.053193 0.677682 0.000001 0.269124 
0.999386 0.000607 0.000001 0.000006 
0.154531 0.543937 0.147575 0.211042 
