-80443.731541
0
0.003698 0.009108 0.001451 0.001951 0.006494 0.004004 0.004798 0.009261 0.029875 0.012774 0.094272 0.013916 0.005113 0.004522 0.006185 0.012184 0.034870 0.010615 0.027115 0.014867 0.000001 0.000796 0.000981 0.001292 0.003014 0.004584 0.003109 0.008483 0.006550 0.007801 0.001227 0.002713 0.025062 0.022255 0.061292 0.016973 0.002174 0.001260 0.003873 0.001806 0.008579 0.012324 0.013633 0.013020 0.000038 0.001981 0.002146 0.003647 0.008226 0.001335 0.000001 0.003470 0.001451 0.004469 0.000000 0.001993 0.036324 0.022707 0.079781 0.028544 0.004728 0.003793 0.003611 0.000979 0.017192 0.008655 0.008740 0.012157 0.000979 0.001502 0.001919 0.000379 0.013229 0.009926 0.005492 0.007898 0.002663 0.004291 0.000000 0.005353 0.015603 0.012944 0.037602 0.017049 0.008178 0.002807 0.003409 0.005793 0.016685 0.005932 0.014037 0.011000 0.000003 0.004098 0.001319 0.004065 
0.010108 0.004551 0.000000 0.007173 0.007464 0.004146 0.000001 0.007645 0.016661 0.008331 0.011421 0.011269 0.008654 0.002532 0.006277 0.019322 0.031247 0.014409 0.016965 0.031197 0.024003 0.002924 0.008305 0.014089 0.006240 0.005738 0.000001 0.007198 0.004027 0.001931 0.000005 0.006713 0.017245 0.009637 0.007826 0.011359 0.003309 0.006085 0.005828 0.008879 0.020114 0.019639 0.010750 0.024317 0.016538 0.008838 0.011731 0.037525 0.007339 0.010756 0.000000 0.007032 0.001147 0.001059 0.000000 0.006128 0.013718 0.013473 0.007178 0.017905 0.003858 0.002632 0.001808 0.005864 0.007545 0.007841 0.010336 0.012264 0.006894 0.001356 0.007847 0.014207 0.017163 0.004107 0.000197 0.022249 0.004161 0.007148 0.000000 0.005514 0.005377 0.012838 0.005952 0.007206 0.021981 0.004137 0.015733 0.011740 0.014804 0.014895 0.011589 0.019655 0.038073 0.008435 0.008210 0.050483 
0.004495 0.005072 0.000000 0.004018 0.003939 0.004233 0.000000 0.002577 0.007497 0.002846 0.009831 0.005175 0.002475 0.001590 0.002109 0.002726 0.001655 0.002393 0.002579 0.006712 0.000802 0.000843 0.001329 0.002624 0.006125 0.002699 0.000000 0.004601 0.001935 0.002567 0.000197 0.004798 0.014695 0.003349 0.005407 0.010804 0.001847 0.002586 0.000841 0.004869 0.001135 0.004393 0.003016 0.004897 0.000577 0.001125 0.003490 0.004826 0.003574 0.003413 0.000000 0.002985 0.001450 0.003372 0.000000 0.002923 0.004538 0.001707 0.003228 0.002544 0.001520 0.000714 0.001720 0.002192 0.002221 0.001595 0.001510 0.003775 0.001482 0.002020 0.003127 0.001627 0.012760 0.010344 0.001694 0.014153 0.031798 0.006412 0.002385 0.064652 0.326739 0.068083 0.035065 0.172882 0.001933 0.001479 0.000590 0.004365 0.000350 0.003978 0.001524 0.003172 0.003610 0.000601 0.003951 0.005946 
0.005917 0.003949 0.000000 0.012785 0.001949 0.000135 0.000000 0.001535 0.000931 0.011702 0.013662 0.008409 0.001556 0.003132 0.001168 0.002458 0.001511 0.002316 0.005861 0.005679 0.000000 0.000541 0.000757 0.009612 0.007660 0.007583 0.000000 0.021895 0.002368 0.000054 0.000613 0.001766 0.022989 0.023392 0.016091 0.027444 0.000072 0.001356 0.003742 0.002738 0.000173 0.000580 0.003144 0.003465 0.000629 0.001721 0.003334 0.010330 0.001558 0.005917 0.002256 0.013403 0.001686 0.001825 0.000000 0.001136 0.002743 0.015857 0.020269 0.014964 0.000119 0.002803 0.001112 0.001562 0.002949 0.007211 0.004186 0.009436 0.000043 0.001893 0.001343 0.002770 0.029070 0.006136 0.002385 0.209707 0.000170 0.002257 0.000000 0.000963 0.005639 0.091172 0.170795 0.025223 0.002808 0.001816 0.002735 0.009468 0.004965 0.006089 0.004268 0.007050 0.000010 0.006009 0.001445 0.034069 
0.038163 0.031701 0.008338 0.024626 0.011151 0.005093 0.002624 0.013350 0.017305 0.007300 0.004960 0.011981 0.008657 0.006946 0.015151 0.009325 0.008091 0.004398 0.008260 0.010793 0.000000 0.000570 0.007603 0.001503 0.038260 0.035963 0.005814 0.030079 0.011196 0.012292 0.004586 0.017262 0.014729 0.009723 0.007532 0.017245 0.010032 0.016065 0.025062 0.019895 0.006945 0.004109 0.006596 0.005065 0.000265 0.001085 0.007134 0.000416 0.029018 0.030161 0.009697 0.021340 0.008238 0.009560 0.002937 0.011517 0.008941 0.006310 0.002077 0.007245 0.008885 0.007276 0.012966 0.008181 0.004274 0.003593 0.004956 0.003032 0.000007 0.000581 0.006701 0.001653 0.023913 0.041670 0.004506 0.030240 0.006799 0.010893 0.002186 0.017477 0.003134 0.008307 0.000918 0.009297 0.006009 0.009410 0.006654 0.018517 0.003336 0.003120 0.003835 0.004690 0.000000 0.001514 0.007103 0.002088 
0.463191 0.269361 0.000000 0.000000 0.267447 
0.040474 0.115514 0.063121 0.339403 0.441487 
0.083500 0.916498 0.000000 0.000000 0.000001 
0.280585 0.000004 0.501940 0.217471 0.000001 
0.000000 0.372206 0.029177 0.000000 0.598617 
0.000000 0.085820 0.380130 0.000000 0.534050 
0.481179 0.297583 0.000000 0.000000 0.221238 
0.000000 0.000007 0.164503 0.835489 0.000001 
0.000000 0.039963 0.857822 0.000000 0.102215 
0.000000 0.000003 0.000000 0.010317 0.989680 
0.000000 0.783274 0.194206 0.022519 0.000001 
0.000000 0.145165 0.000000 0.651128 0.203708 
0.613840 0.058098 0.023964 0.255040 0.049058 
0.000000 0.079331 0.858620 0.062048 0.000001 
0.412516 0.194987 0.000000 0.392496 0.000001 
0.064759 0.000004 0.935236 0.000000 0.000001 
0.177958 0.596168 0.000000 0.059725 0.166148 
0.000000 0.172975 0.017626 0.068546 0.740853 
0.074050 0.112789 0.000000 0.000000 0.813161 
0.000000 0.000004 0.000000 0.000000 0.999996 
0.0909825 0.18309 0.104337 0.101809 0.151689 
