-80586.653818
0
0.008120 0.005500 0.000001 0.005601 0.008374 0.004613 0.002158 0.009299 0.024121 0.010121 0.031688 0.012554 0.007850 0.003605 0.006624 0.018675 0.036141 0.014404 0.021928 0.027178 0.015890 0.002276 0.006141 0.009684 0.005004 0.004323 0.001538 0.006981 0.005586 0.005244 0.000001 0.006018 0.020239 0.014520 0.021982 0.013336 0.003262 0.004528 0.005255 0.006930 0.017175 0.018370 0.012143 0.021519 0.011129 0.006710 0.008677 0.026825 0.007186 0.007870 0.000001 0.005821 0.001343 0.002628 0.000000 0.005005 0.022360 0.015525 0.022484 0.020855 0.004885 0.002985 0.002060 0.004531 0.011581 0.008634 0.010433 0.012476 0.005005 0.001450 0.006045 0.009594 0.014964 0.004807 0.001193 0.017198 0.003749 0.006573 0.000001 0.005496 0.006032 0.012179 0.011699 0.008686 0.018211 0.004103 0.011947 0.010098 0.016457 0.012134 0.012497 0.017471 0.025179 0.007258 0.006006 0.035468 
0.004605 0.004899 0.000000 0.003951 0.004103 0.004427 0.000360 0.002886 0.008724 0.003183 0.011812 0.005498 0.002733 0.001670 0.002351 0.003456 0.003235 0.002964 0.003484 0.007578 0.001686 0.000937 0.001362 0.003100 0.005740 0.002678 0.000005 0.004545 0.002148 0.002934 0.000005 0.004799 0.015076 0.003948 0.006745 0.011027 0.001865 0.002615 0.000928 0.004936 0.001884 0.005137 0.003606 0.005747 0.000981 0.001292 0.003766 0.005952 0.003711 0.003486 0.000001 0.003075 0.001368 0.003193 0.000000 0.002824 0.005899 0.002443 0.004948 0.003618 0.001722 0.000764 0.001807 0.002220 0.002714 0.001890 0.001927 0.004226 0.001669 0.001995 0.003289 0.001923 0.012897 0.010076 0.001659 0.015106 0.030427 0.006354 0.002241 0.061764 0.309603 0.066405 0.034205 0.164646 0.002695 0.001595 0.000975 0.004762 0.000899 0.004339 0.002006 0.003802 0.003287 0.000764 0.003994 0.007427 
0.038762 0.032489 0.008563 0.025243 0.010573 0.004768 0.002336 0.012926 0.015829 0.007038 0.004453 0.011725 0.008630 0.006775 0.015187 0.008675 0.007096 0.003966 0.007483 0.010438 0.000001 0.000568 0.007651 0.001721 0.039256 0.037147 0.005701 0.030845 0.010875 0.011529 0.005147 0.017095 0.014453 0.009583 0.007188 0.017403 0.010021 0.016359 0.025487 0.019960 0.006886 0.003783 0.006420 0.004940 0.000291 0.001163 0.007347 0.000462 0.029509 0.030775 0.009856 0.021904 0.008310 0.009421 0.002974 0.011718 0.007363 0.006034 0.002122 0.006798 0.008595 0.007390 0.013228 0.008184 0.003711 0.003365 0.004756 0.002856 0.000002 0.000548 0.006757 0.002050 0.024524 0.042881 0.004638 0.032034 0.006618 0.010838 0.002202 0.017169 0.002870 0.008755 0.001416 0.009250 0.005854 0.009278 0.006893 0.018743 0.002915 0.003142 0.003586 0.004596 0.000017 0.001512 0.007265 0.002536 
0.005060 0.005289 0.000911 0.010256 0.001671 0.000196 0.000011 0.001765 0.002369 0.011889 0.039946 0.009218 0.001639 0.003049 0.001499 0.002226 0.002255 0.002190 0.007988 0.005456 0.000002 0.000439 0.000592 0.007936 0.006572 0.007765 0.000007 0.020312 0.002459 0.000096 0.000811 0.001390 0.022966 0.022289 0.030188 0.025277 0.000073 0.001114 0.003570 0.002096 0.000170 0.000856 0.004282 0.003441 0.000452 0.001470 0.002566 0.007912 0.003221 0.004397 0.001820 0.011301 0.001592 0.002025 0.000000 0.000898 0.008463 0.019359 0.045199 0.018937 0.000149 0.003048 0.001860 0.001158 0.004769 0.006996 0.004232 0.009687 0.000003 0.001768 0.001077 0.001809 0.027237 0.007597 0.004142 0.173338 0.000188 0.002176 0.000002 0.001118 0.007492 0.076223 0.155758 0.023936 0.002572 0.001647 0.002186 0.008015 0.006106 0.005639 0.006253 0.006698 0.001975 0.005430 0.001113 0.027401 
0.675855 0.017586 0.244484 0.062074 
0.145751 0.070817 0.441891 0.341541 
0.966195 0.000001 0.033803 0.000000 
0.099320 0.541216 0.000007 0.359458 
0.401123 0.029593 0.569283 0.000000 
0.088121 0.398817 0.513062 0.000000 
0.788179 0.016885 0.194936 0.000000 
0.000006 0.172760 0.000006 0.827228 
0.000007 0.898370 0.101623 0.000000 
0.000005 0.000001 0.993147 0.006847 
0.796177 0.203813 0.000011 0.000000 
0.130801 0.000001 0.205560 0.663638 
0.446971 0.040064 0.055874 0.457091 
0.035914 0.913447 0.000006 0.050633 
0.401835 0.000002 0.000006 0.598158 
0.000006 0.980452 0.019542 0.000000 
0.776743 0.005745 0.153271 0.064241 
0.190725 0.020210 0.734117 0.054949 
0.205533 0.003542 0.790926 0.000000 
0.000007 0.000001 0.999992 0.000000 
0.202384 0.162349 0.198223 0.106093 
