-80313.859192
0
0.022152 0.019184 0.000000 0.011503 0.018909 0.009191 0.003568 0.017426 0.023477 0.010364 0.005805 0.016977 0.008283 0.007709 0.009881 0.021330 0.018170 0.011863 0.012586 0.025613 0.006175 0.001148 0.013505 0.005139 0.021164 0.007047 0.002005 0.012526 0.013293 0.017983 0.003065 0.019815 0.018083 0.010467 0.005445 0.018905 0.009544 0.011422 0.009780 0.019301 0.007805 0.013650 0.005878 0.013331 0.003776 0.005693 0.012120 0.007478 0.010093 0.008691 0.000000 0.012911 0.009902 0.007688 0.000000 0.014914 0.012810 0.008830 0.000311 0.011033 0.007426 0.005131 0.005068 0.012697 0.007154 0.006484 0.007111 0.007520 0.004556 0.002142 0.012555 0.007810 0.006040 0.014748 0.000182 0.011158 0.010592 0.014498 0.001150 0.022932 0.010481 0.017123 0.001687 0.014589 0.010765 0.011411 0.006526 0.020264 0.008729 0.010667 0.006729 0.009640 0.005299 0.006150 0.010943 0.015329 
0.042023 0.033972 0.013343 0.030467 0.004679 0.001291 0.001608 0.008308 0.012870 0.005420 0.005692 0.006990 0.008422 0.004774 0.017108 0.002606 0.006639 0.002164 0.007648 0.005045 0.000000 0.000691 0.001229 0.001152 0.042780 0.054479 0.007750 0.038260 0.007559 0.005249 0.004715 0.010471 0.014227 0.010160 0.009307 0.015514 0.008278 0.015866 0.033030 0.015540 0.008202 0.001926 0.008206 0.003891 0.000005 0.000472 0.004286 0.000334 0.038926 0.043328 0.018408 0.023752 0.003766 0.008559 0.005020 0.005922 0.007309 0.006164 0.003696 0.006869 0.008560 0.007835 0.016732 0.002736 0.003552 0.002874 0.004876 0.002259 0.000002 0.000151 0.001570 0.000078 0.036287 0.054947 0.007333 0.042463 0.003669 0.006594 0.002276 0.009235 0.002471 0.006632 0.002113 0.008009 0.005519 0.004994 0.008331 0.013627 0.002141 0.001197 0.003703 0.004637 0.000036 0.000693 0.003886 0.001610 
0.005834 0.004216 0.000000 0.012152 0.002911 0.000327 0.000001 0.002247 0.000910 0.012355 0.009166 0.009028 0.001632 0.003627 0.001133 0.003106 0.001292 0.002794 0.004715 0.007093 0.000000 0.000558 0.001833 0.009765 0.007948 0.004170 0.000002 0.019407 0.003401 0.000011 0.000701 0.002432 0.024031 0.024271 0.011913 0.029788 0.000099 0.001444 0.003059 0.003321 0.000153 0.000526 0.002810 0.003606 0.000846 0.002056 0.004056 0.010475 0.000938 0.004342 0.000000 0.013631 0.002260 0.002107 0.000000 0.002343 0.001452 0.014644 0.013869 0.013737 0.000133 0.002767 0.000852 0.001920 0.002695 0.007428 0.003886 0.009379 0.000364 0.002336 0.001969 0.003215 0.024242 0.004426 0.001075 0.211391 0.000272 0.003383 0.000003 0.002230 0.006634 0.098106 0.169049 0.028189 0.002967 0.002583 0.002469 0.010727 0.004491 0.006985 0.003543 0.007136 0.003119 0.006649 0.002003 0.034840 
0.004098 0.004448 0.000000 0.003926 0.002654 0.003779 0.000002 0.001563 0.006908 0.002452 0.010472 0.004510 0.002113 0.001476 0.001911 0.001558 0.000739 0.001632 0.001948 0.004883 0.000000 0.000759 0.000424 0.002148 0.005342 0.002837 0.000002 0.004757 0.001071 0.001867 0.000002 0.003753 0.014330 0.003104 0.005894 0.010449 0.001273 0.002262 0.000627 0.003783 0.000687 0.003290 0.002878 0.003938 0.000006 0.000617 0.002767 0.003783 0.003760 0.003364 0.000000 0.002758 0.000329 0.003116 0.000000 0.001754 0.003871 0.001240 0.003860 0.002071 0.001405 0.000404 0.001727 0.001254 0.001838 0.001214 0.001115 0.003311 0.000780 0.001673 0.002351 0.000825 0.013702 0.010489 0.002004 0.016603 0.032722 0.005692 0.002445 0.066397 0.348204 0.071178 0.039017 0.182837 0.001273 0.000984 0.000464 0.003187 0.000170 0.002986 0.001133 0.002524 0.000539 0.000230 0.002862 0.004615 
0.002856 0.006801 0.002902 0.002563 0.000693 0.002619 0.002246 0.005427 0.026008 0.010924 0.104702 0.011256 0.004564 0.002184 0.004988 0.007295 0.034967 0.007896 0.028611 0.011986 0.000001 0.000945 0.000296 0.002656 0.001604 0.007830 0.002529 0.012032 0.003004 0.000025 0.000004 0.000358 0.022496 0.020503 0.069767 0.011950 0.000859 0.000981 0.003690 0.000457 0.009792 0.012280 0.014404 0.013088 0.000008 0.001625 0.000909 0.006986 0.009162 0.002890 0.000000 0.003293 0.000026 0.002648 0.000000 0.000249 0.039076 0.026133 0.092888 0.031360 0.003293 0.003395 0.003476 0.000090 0.017313 0.008309 0.009129 0.012958 0.000017 0.000305 0.000664 0.000218 0.022154 0.011379 0.007552 0.021183 0.000567 0.001992 0.000002 0.001283 0.010045 0.006370 0.051670 0.011844 0.008594 0.000769 0.004383 0.002848 0.017981 0.005471 0.016125 0.011819 0.003550 0.003503 0.000517 0.008943 
0.009177 0.003275 0.000000 0.007801 0.003541 0.002104 0.000005 0.004918 0.013737 0.007713 0.015904 0.010096 0.009075 0.001951 0.005945 0.016722 0.031536 0.013036 0.016665 0.027386 0.029088 0.003192 0.005244 0.015813 0.004841 0.007266 0.000010 0.008160 0.001734 0.000009 0.000000 0.003448 0.016601 0.010147 0.010300 0.009667 0.001913 0.005378 0.006416 0.006425 0.023766 0.016604 0.012349 0.024344 0.021482 0.006738 0.009401 0.048122 0.008311 0.013751 0.000000 0.006496 0.000013 0.000535 0.000000 0.003278 0.012727 0.013870 0.013358 0.019349 0.003437 0.002394 0.001788 0.003203 0.006632 0.007218 0.010206 0.012107 0.004489 0.000991 0.004860 0.013574 0.023323 0.003808 0.000309 0.029685 0.001990 0.003999 0.000001 0.001655 0.004975 0.009709 0.009806 0.005515 0.023814 0.002740 0.017822 0.010490 0.014055 0.012253 0.011260 0.020623 0.050988 0.006089 0.006443 0.057014 
0.549060 0.006426 0.000000 0.000000 0.380043 0.064471 
0.340534 0.229898 0.339758 0.048169 0.041641 0.000000 
0.138724 0.000003 0.000000 0.000000 0.036262 0.825010 
0.000005 0.022607 0.178606 0.497532 0.301249 0.000000 
0.933516 0.066484 0.000000 0.000000 0.000000 0.000000 
0.484705 0.188879 0.000000 0.326416 0.000000 0.000000 
0.558749 0.025720 0.000000 0.000000 0.359122 0.056410 
0.000005 0.005304 0.854946 0.139745 0.000000 0.000000 
0.192617 0.012759 0.000000 0.794623 0.000000 0.000000 
0.000005 0.999995 0.000000 0.000000 0.000000 0.000000 
0.025526 0.000003 0.000000 0.198743 0.000000 0.775728 
0.015655 0.201001 0.608700 0.000000 0.072522 0.102122 
0.145991 0.029629 0.220092 0.032026 0.572262 0.000000 
0.000005 0.000003 0.042288 0.834651 0.000000 0.123052 
0.000005 0.011397 0.323417 0.000000 0.482560 0.182621 
0.104860 0.000003 0.000000 0.860896 0.034241 0.000000 
0.331042 0.050130 0.056539 0.000000 0.133872 0.428417 
0.534346 0.387391 0.078263 0.000000 0.000000 0.000000 
0.500446 0.446407 0.000000 0.000000 0.053147 0.000000 
0.098664 0.901336 0.000000 0.000000 0.000000 0.000000 
0.197941 0.182557 0.0821468 0.0838541 0.107376 0.0696696 
