-81199.445335
0
0.004868 0.005317 0.000001 0.004400 0.003890 0.003965 0.000334 0.002772 0.007573 0.003457 0.011885 0.005491 0.002501 0.001770 0.002205 0.003012 0.002239 0.002602 0.002906 0.006793 0.001768 0.000872 0.001260 0.003016 0.006686 0.002948 0.000016 0.005181 0.002146 0.002687 0.000302 0.004754 0.015972 0.004621 0.006849 0.012797 0.001820 0.002596 0.001088 0.004895 0.001655 0.004550 0.003327 0.005173 0.000880 0.001189 0.003488 0.005386 0.003687 0.003566 0.000032 0.003558 0.001689 0.003230 0.000000 0.002753 0.005302 0.002556 0.005174 0.003678 0.001614 0.000833 0.001985 0.002204 0.002460 0.001813 0.001785 0.004093 0.001261 0.001985 0.002974 0.001713 0.013385 0.010767 0.001729 0.020251 0.028722 0.006078 0.002128 0.058725 0.296209 0.079894 0.040341 0.161544 0.002200 0.001613 0.000665 0.004866 0.000744 0.004014 0.001764 0.003403 0.003243 0.000777 0.003727 0.007364 
0.005233 0.004306 0.000394 0.007113 0.003461 0.002076 0.000791 0.004740 0.013959 0.011033 0.039023 0.010984 0.005009 0.002964 0.003794 0.011108 0.023800 0.009068 0.017430 0.018504 0.011445 0.001650 0.002772 0.009887 0.004115 0.005142 0.000682 0.012499 0.003319 0.001143 0.000312 0.002237 0.021359 0.018475 0.027712 0.017674 0.001014 0.002310 0.003727 0.003258 0.010974 0.011318 0.009512 0.015494 0.008297 0.004251 0.005562 0.023040 0.004810 0.005653 0.000782 0.007781 0.000888 0.001847 0.000000 0.002177 0.017618 0.018390 0.035647 0.021607 0.002209 0.002906 0.001490 0.002052 0.009219 0.008363 0.008182 0.012158 0.002508 0.001625 0.002927 0.006276 0.020723 0.004563 0.002508 0.084568 0.001189 0.003680 0.000003 0.002141 0.007212 0.032138 0.071125 0.013440 0.012982 0.002399 0.008426 0.008687 0.013277 0.009640 0.010713 0.014171 0.019530 0.006542 0.003174 0.036082 
0.035048 0.028724 0.007050 0.022079 0.012699 0.005752 0.002865 0.014002 0.019335 0.007404 0.005440 0.012206 0.008967 0.006651 0.014584 0.011677 0.011244 0.006436 0.009205 0.013669 0.000490 0.000764 0.008674 0.002276 0.034363 0.031965 0.005222 0.026505 0.011064 0.012744 0.004098 0.017209 0.015096 0.009582 0.007616 0.016504 0.009878 0.015179 0.022831 0.019527 0.008026 0.006554 0.006996 0.006704 0.000584 0.002580 0.008431 0.001179 0.026437 0.027615 0.008098 0.019263 0.007511 0.008770 0.002451 0.011826 0.009438 0.006582 0.002131 0.007901 0.008811 0.006744 0.011699 0.008761 0.004856 0.004024 0.005606 0.003857 0.001615 0.000656 0.007998 0.003684 0.022013 0.037225 0.003916 0.025522 0.007675 0.011392 0.001828 0.017281 0.003753 0.008023 0.001234 0.009278 0.007094 0.009145 0.007516 0.017865 0.004389 0.004800 0.004574 0.005990 0.000265 0.002598 0.008081 0.004530 
0.007728 0.570010 0.422262 
0.111729 0.424787 0.463485 
0.000000 0.832074 0.167925 
0.576787 0.423207 0.000006 
0.024527 0.170969 0.804505 
0.401839 0.000005 0.598156 
0.007275 0.590391 0.402335 
0.296059 0.703935 0.000006 
0.891181 0.000005 0.108815 
0.000000 0.000005 0.999995 
0.190525 0.743122 0.066353 
0.000000 0.803330 0.196669 
0.048134 0.853720 0.098146 
0.920912 0.079082 0.000006 
0.000000 0.999993 0.000006 
0.994266 0.000005 0.005729 
0.000000 0.709999 0.290001 
0.017549 0.167232 0.815219 
0.000000 0.094968 0.905032 
0.000000 0.000004 0.999996 
0.121238 0.189635 0.200006 
