-1961849.419660
0
0.042070 0.033752 0.000000 0.029488 0.026755 0.015882 0.000000 0.028656 0.025251 0.002812 0.009112 0.026912 0.019030 0.018603 0.024179 0.034088 0.016297 0.009519 0.007447 0.034612 0.001402 0.000000 0.015626 0.000000 0.025276 0.004521 0.000000 0.000000 0.014537 0.013606 0.000000 0.022666 0.000000 0.000000 0.000000 0.019331 0.013402 0.021455 0.013437 0.036970 0.001763 0.012197 0.000000 0.008724 0.000000 0.003872 0.013885 0.003003 0.016088 0.004775 0.000000 0.010869 0.009395 0.000000 0.000000 0.016099 0.000000 0.000000 0.000000 0.007631 0.013370 0.009496 0.012414 0.026155 0.000000 0.004221 0.000000 0.007787 0.000000 0.000000 0.018373 0.006433 0.022496 0.001653 0.000000 0.027123 0.000000 0.000000 0.000000 0.000000 0.000000 0.000000 0.000000 0.008941 0.018711 0.013589 0.010626 0.040810 0.000000 0.006162 0.000000 0.010780 0.000000 0.000000 0.016234 0.009632 
0.000000 0.000000 0.000000 0.006249 0.000000 0.000000 0.000000 0.000000 0.000000 0.000000 0.000000 0.002324 0.000000 0.000000 0.000000 0.000000 0.000000 0.003515 0.000000 0.001534 0.000000 0.005260 0.003057 0.013340 0.003289 0.000000 0.000000 0.006195 0.000000 0.000000 0.000000 0.000000 0.000000 0.000000 0.005377 0.000000 0.000000 0.000000 0.000000 0.000000 0.000000 0.000000 0.000000 0.000000 0.000881 0.000000 0.004066 0.020183 0.001755 0.000000 0.000000 0.000000 0.000000 0.000000 0.000000 0.000000 0.000000 0.000000 0.013092 0.009097 0.000000 0.000000 0.000000 0.000000 0.003945 0.008538 0.002274 0.013306 0.000000 0.002552 0.000000 0.000000 0.046958 0.010247 0.002291 0.368221 0.000000 0.000000 0.000000 0.000000 0.000000 0.022323 0.256203 0.039423 0.000000 0.000000 0.000000 0.001605 0.000000 0.011354 0.007254 0.008634 0.003707 0.010812 0.001507 0.079630 
0.000000 0.000000 0.000000 0.000000 0.000000 0.000000 0.000713 0.000000 0.000000 0.000000 0.000000 0.000000 0.000000 0.000000 0.000000 0.000000 0.000000 0.000000 0.000000 0.000000 0.000000 0.000000 0.000000 0.000000 0.000000 0.000000 0.000000 0.000000 0.000000 0.000000 0.000000 0.000000 0.017059 0.000000 0.002809 0.007829 0.000000 0.000000 0.000000 0.000000 0.000000 0.000000 0.000000 0.001142 0.000000 0.000000 0.000000 0.000000 0.000000 0.000000 0.000000 0.000000 0.000000 0.000000 0.000000 0.000000 0.004867 0.000000 0.000000 0.002151 0.000000 0.000000 0.000000 0.000000 0.000000 0.000000 0.000000 0.000000 0.000000 0.000000 0.000000 0.000000 0.000000 0.003623 0.001925 0.011367 0.000000 0.000000 0.000000 0.023278 0.499499 0.093034 0.056452 0.274004 0.000000 0.000000 0.000000 0.000000 0.000000 0.000248 0.000000 0.000000 0.000000 0.000000 0.000000 0.000000 
0.042961 0.034255 0.019504 0.023276 0.010674 0.004627 0.006875 0.003904 0.008529 0.000000 0.000000 0.000000 0.004348 0.002348 0.008259 0.000000 0.005548 0.000000 0.006608 0.000000 0.000000 0.000000 0.000000 0.000000 0.059546 0.080360 0.011122 0.046141 0.010838 0.010173 0.008843 0.010522 0.025402 0.007119 0.007887 0.016097 0.008426 0.010416 0.042849 0.009994 0.004116 0.000000 0.010292 0.003889 0.000000 0.000634 0.005378 0.000000 0.045219 0.050989 0.021207 0.024087 0.008975 0.020590 0.006763 0.006353 0.003813 0.000000 0.000000 0.000000 0.007244 0.005781 0.016154 0.002683 0.003193 0.000000 0.002024 0.000000 0.000000 0.000000 0.000000 0.000000 0.039350 0.069484 0.014101 0.038872 0.000000 0.017855 0.003683 0.000000 0.000000 0.000000 0.000000 0.000000 0.002793 0.004525 0.009036 0.000000 0.000000 0.000000 0.001897 0.000000 0.000000 0.000000 0.001569 0.000000 
0.000000 0.002339 0.000000 0.000000 0.000000 0.000000 0.000000 0.000000 0.007310 0.014440 0.016634 0.000000 0.000000 0.009604 0.000000 0.009237 0.001811 0.003621 0.000000 0.002570 0.000000 0.000000 0.000000 0.001647 0.011926 0.014575 0.005759 0.012645 0.000000 0.000000 0.000000 0.000000 0.000000 0.000000 0.001806 0.004640 0.000500 0.004071 0.000000 0.000000 0.000000 0.000000 0.010036 0.000000 0.000000 0.001392 0.000000 0.006812 0.001261 0.009164 0.001176 0.027102 0.000983 0.000000 0.000000 0.001498 0.068812 0.215213 0.268345 0.114912 0.000000 0.004082 0.002348 0.003752 0.014552 0.057928 0.017040 0.005259 0.000000 0.004590 0.005136 0.021492 0.000000 0.000000 0.002433 0.000000 0.000000 0.002707 0.000000 0.000000 0.000000 0.000000 0.000000 0.000000 0.000000 0.000000 0.000000 0.000000 0.000000 0.006840 0.000000 0.000000 0.000000 0.000000 0.000000 0.000000 
0.000000 0.000702 0.000000 0.000000 0.004558 0.000000 0.000000 0.005168 0.003276 0.000000 0.000000 0.000000 0.000760 0.000831 0.000000 0.000584 0.000000 0.000000 0.000000 0.000000 0.000000 0.000521 0.000000 0.000000 0.000000 0.000000 0.000000 0.000000 0.006103 0.001360 0.000000 0.006275 0.001933 0.000000 0.000000 0.000000 0.000000 0.000000 0.000000 0.000000 0.000000 0.000000 0.000000 0.000000 0.000000 0.000000 0.000000 0.000000 0.000000 0.000667 0.000000 0.000000 0.000498 0.002450 0.000000 0.002933 0.000000 0.000000 0.000000 0.000000 0.000000 0.000000 0.000000 0.000000 0.000000 0.000000 0.000000 0.000000 0.000000 0.002469 0.000000 0.000000 0.061029 0.019695 0.002328 0.018622 0.312380 0.074883 0.011523 0.385365 0.068639 0.004447 0.000000 0.000000 0.000000 0.000000 0.000000 0.000000 0.000000 0.000000 0.000000 0.000000 0.000000 0.000000 0.000000 0.000000 
0.004299 0.000000 0.000000 0.000000 0.000000 0.000000 0.000000 0.000000 0.000000 0.000000 0.000000 0.000000 0.015697 0.000000 0.000000 0.025633 0.023948 0.000000 0.000000 0.029347 0.061866 0.013651 0.006826 0.043241 0.000000 0.000000 0.000000 0.000000 0.000000 0.000000 0.000000 0.000000 0.000000 0.000000 0.000000 0.000000 0.006126 0.000000 0.000000 0.000000 0.012843 0.000000 0.000000 0.041781 0.045201 0.008794 0.016719 0.100743 0.015362 0.004279 0.000000 0.000000 0.000000 0.000000 0.000000 0.003012 0.000000 0.000000 0.000000 0.000000 0.000000 0.000000 0.000000 0.000000 0.000000 0.002189 0.000000 0.002256 0.018738 0.000000 0.000000 0.032169 0.037548 0.000000 0.000000 0.050579 0.000000 0.000000 0.000000 0.000000 0.000000 0.000000 0.000000 0.000000 0.036246 0.000000 0.026048 0.010439 0.005598 0.007690 0.000000 0.044738 0.095985 0.018407 0.012091 0.119910 
0.002445 0.007742 0.000000 0.000000 0.000000 0.000000 0.000000 0.000000 0.050632 0.000000 0.309982 0.007628 0.000000 0.000000 0.000000 0.007823 0.006555 0.000000 0.000000 0.000000 0.000000 0.004120 0.000000 0.003995 0.000000 0.000000 0.000000 0.000000 0.000000 0.000000 0.000000 0.000000 0.016800 0.000000 0.213883 0.001617 0.000000 0.000000 0.000000 0.000000 0.000000 0.000000 0.000000 0.000000 0.000000 0.003031 0.000000 0.000000 0.003660 0.000000 0.000000 0.000000 0.000000 0.000000 0.000000 0.000000 0.039661 0.000000 0.149705 0.000000 0.000000 0.000000 0.000000 0.000000 0.000000 0.000000 0.000000 0.001543 0.000000 0.000000 0.000000 0.000000 0.010120 0.000000 0.000000 0.000000 0.000000 0.000000 0.000000 0.000000 0.000000 0.000000 0.146660 0.000000 0.000000 0.000000 0.000000 0.000000 0.000000 0.000000 0.010041 0.000000 0.000000 0.000000 0.002357 0.000000 
0.000000 0.000000 0.000000 0.000000 0.000000 0.000000 0.000000 0.000000 0.000000 0.000000 0.000000 0.000000 0.001792 0.000000 0.000000 0.004046 0.000000 0.000000 0.000000 0.000000 0.000000 0.000000 0.001289 0.000000 0.000000 0.000000 0.000000 0.000000 0.000000 0.000000 0.000000 0.000000 0.104332 0.128266 0.033988 0.098685 0.000000 0.000000 0.000000 0.001566 0.000000 0.000000 0.000000 0.004147 0.000000 0.002251 0.000000 0.000927 0.000000 0.000000 0.000000 0.000000 0.000000 0.001429 0.000000 0.000000 0.000000 0.009421 0.000000 0.014718 0.000000 0.000000 0.000000 0.000000 0.000000 0.000000 0.000000 0.011373 0.000000 0.000000 0.001964 0.000000 0.000000 0.000000 0.000000 0.000000 0.000000 0.001788 0.000000 0.000000 0.000000 0.399159 0.144878 0.010880 0.000000 0.001547 0.000000 0.006732 0.002549 0.000000 0.002696 0.002654 0.000000 0.001550 0.001595 0.003779 
0.000000 0.000000 0.000000 0.000000 0.000283 0.000000 0.000000 0.000000 0.010013 0.000000 0.000000 0.000000 0.005185 0.006413 0.000000 0.000000 0.064921 0.041917 0.077398 0.030744 0.000000 0.000000 0.000000 0.003916 0.007201 0.005014 0.002594 0.000000 0.000000 0.000000 0.000000 0.000000 0.025827 0.000000 0.000000 0.016347 0.000000 0.006398 0.000000 0.000000 0.039913 0.048301 0.063286 0.041267 0.000000 0.005773 0.005844 0.006137 0.000000 0.004713 0.000000 0.000000 0.000000 0.000000 0.000000 0.000000 0.017801 0.004256 0.000000 0.012385 0.000000 0.003881 0.000000 0.000000 0.072120 0.030696 0.050891 0.051067 0.000000 0.000000 0.000000 0.001894 0.000000 0.006903 0.000000 0.000000 0.000000 0.000000 0.000000 0.000000 0.000000 0.000000 0.000000 0.000000 0.005228 0.013817 0.000000 0.004801 0.064744 0.043828 0.043357 0.043877 0.000000 0.009049 0.000000 0.000000 
0.000000 0.000000 0.000000 0.057374 0.000000 0.000000 0.000000 0.000000 0.039354 0.020143 0.048316 0.036446 0.000000 0.000000 0.000000 0.000000 0.000000 0.001392 0.000000 0.000000 0.000000 0.003117 0.001295 0.007774 0.005296 0.017843 0.000000 0.252635 0.000000 0.000000 0.000000 0.000000 0.000000 0.000000 0.026237 0.007670 0.000000 0.003678 0.000000 0.004373 0.000000 0.002979 0.000000 0.000000 0.000000 0.003549 0.000000 0.011025 0.000000 0.018806 0.000000 0.118069 0.000000 0.000000 0.000000 0.000000 0.060519 0.000000 0.059539 0.042977 0.000000 0.002719 0.000000 0.000000 0.000000 0.000000 0.003882 0.007738 0.000000 0.003849 0.000000 0.000000 0.000000 0.030990 0.000000 0.092196 0.000000 0.000000 0.000000 0.000000 0.000000 0.000000 0.000000 0.000000 0.000000 0.000000 0.000000 0.000000 0.000000 0.000000 0.000000 0.000000 0.000000 0.000000 0.000000 0.008221 
0.000000 0.000000 0.000000 0.000000 0.000000 0.000000 0.000000 0.001584 0.026096 0.124531 0.000000 0.067296 0.000000 0.000000 0.001481 0.000000 0.000000 0.001305 0.000000 0.000000 0.000000 0.000000 0.000000 0.000000 0.000000 0.000000 0.000000 0.000000 0.000000 0.000000 0.001344 0.000000 0.035582 0.169463 0.010618 0.089450 0.000000 0.000340 0.000000 0.000000 0.000000 0.000000 0.000000 0.000537 0.000000 0.000000 0.000000 0.000000 0.000000 0.000000 0.000000 0.000000 0.000000 0.000000 0.000000 0.000000 0.029331 0.107692 0.000000 0.060488 0.000000 0.000000 0.000000 0.000000 0.000000 0.000000 0.000000 0.001632 0.000000 0.000000 0.001256 0.000000 0.000000 0.001658 0.000000 0.000000 0.000000 0.001236 0.000000 0.000000 0.000000 0.180563 0.000000 0.085340 0.000000 0.000000 0.000000 0.000000 0.000000 0.001177 0.000000 0.000000 0.000000 0.000000 0.000000 0.000000 
0.053241 0.000000 0.119985 0.132223 0.055427 0.030200 0.018536 0.072269 0.266536 0.056198 0.020150 0.175235 
0.121453 0.363612 0.068090 0.068297 0.071803 0.033903 0.029235 0.035152 0.000000 0.133531 0.029559 0.045365 
0.013207 0.250271 0.155195 0.013044 0.221399 0.007954 0.008296 0.045583 0.167626 0.053235 0.030363 0.033827 
0.130001 0.000000 0.116235 0.060927 0.027760 0.015011 0.043180 0.036046 0.261705 0.144092 0.029917 0.135126 
0.054120 0.000000 0.032594 0.152049 0.157104 0.032865 0.008872 0.240101 0.000000 0.172265 0.097164 0.052866 
0.051699 0.198318 0.016537 0.158794 0.105232 0.002196 0.000225 0.051078 0.000000 0.061378 0.267013 0.087529 
0.267489 0.000000 0.026923 0.129432 0.046452 0.103037 0.019233 0.081454 0.000000 0.104659 0.072969 0.148351 
0.086001 0.000000 0.056238 0.045680 0.069889 0.018398 0.276531 0.057729 0.000000 0.110605 0.183639 0.095291 
0.101356 0.000000 0.009206 0.714726 0.004847 0.016090 0.006854 0.000459 0.000000 0.041831 0.044806 0.059826 
0.059391 0.000000 0.050829 0.192641 0.108788 0.053727 0.007206 0.013340 0.075604 0.343861 0.047355 0.047258 
0.094505 0.000000 0.029014 0.036372 0.136089 0.005163 0.007924 0.133486 0.000000 0.064353 0.236813 0.256282 
0.159154 0.000000 0.128976 0.045334 0.014071 0.021136 0.068759 0.006708 0.331884 0.124731 0.016972 0.082274 
0.007925 0.000000 0.040311 0.119060 0.220172 0.045807 0.016654 0.242074 0.041282 0.090431 0.081647 0.094638 
0.143403 0.021101 0.018882 0.055547 0.437279 0.011277 0.011840 0.089922 0.000000 0.093836 0.067229 0.049685 
0.138403 0.000000 0.035173 0.082376 0.050147 0.036467 0.089220 0.016444 0.000000 0.481392 0.023635 0.046744 
0.211658 0.000000 0.023509 0.107560 0.175482 0.004162 0.017822 0.190380 0.031695 0.090977 0.100400 0.046352 
0.083736 0.165663 0.035691 0.296221 0.141035 0.013490 0.060530 0.015487 0.000000 0.089186 0.056334 0.042628 
0.105780 0.000000 0.031176 0.034525 0.190801 0.109219 0.254012 0.044568 0.000000 0.148690 0.044040 0.037189 
0.106058 0.000000 0.045899 0.094212 0.053947 0.002286 0.068670 0.080320 0.000000 0.070032 0.081418 0.397159 
0.199295 0.000000 0.054588 0.052018 0.283817 0.015326 0.009027 0.041123 0.022377 0.072763 0.060767 0.188899 
0.061087 0.000000 0.093005 0.017031 0.050449 0.042371 0.000153 0.024578 0.032001 0.019259 0.058810 0.601257 
0.218248 0.000000 0.014018 0.069911 0.077111 0.010798 0.321429 0.039465 0.008248 0.177878 0.050518 0.012376 
0.114375 0.000000 0.037182 0.457017 0.037165 0.000830 0.000278 0.023020 0.016221 0.205554 0.066061 0.042297 
0.015060 0.000000 0.352174 0.003514 0.003930 0.027147 0.000233 0.001605 0.391581 0.019772 0.004343 0.180640 
0.029823 0.574081 0.019876 0.007922 0.085019 0.010508 0.023650 0.085909 0.000000 0.085157 0.043738 0.034318 
0.008292 0.000000 0.051902 0.019174 0.024527 0.002195 0.012889 0.031126 0.000000 0.014959 0.004333 0.830603 
0.285879 0.000000 0.010200 0.310799 0.050460 0.030407 0.028717 0.007824 0.000000 0.084425 0.135710 0.055578 
0.013775 0.000000 0.216346 0.019203 0.142886 0.014077 0.043441 0.032897 0.285633 0.050779 0.057006 0.123957 
0.168278 0.000000 0.064222 0.097382 0.115182 0.025713 0.017601 0.108282 0.142962 0.103992 0.067498 0.088890 
0.201161 0.000000 0.033370 0.064758 0.037592 0.090941 0.055071 0.237924 0.000000 0.158534 0.015457 0.105193 
0.344910 0.000000 0.229928 0.141250 0.009835 0.061345 0.024815 0.010872 0.025769 0.057093 0.069807 0.024376 
0.077622 0.000000 0.063846 0.054088 0.072866 0.060189 0.015804 0.067822 0.000000 0.041019 0.034600 0.512145 
0.023468 0.023019 0.013138 0.016319 0.426869 0.006426 0.005887 0.191386 0.000000 0.117045 0.098247 0.078196 
0.115935 0.000000 0.089154 0.031594 0.073676 0.315879 0.133010 0.011792 0.000000 0.168799 0.007116 0.053044 
0.125995 0.000000 0.177677 0.055547 0.013610 0.390554 0.018036 0.010651 0.000000 0.084352 0.007858 0.115720 
0.046523 0.035131 0.039696 0.238839 0.101042 0.005043 0.002913 0.027466 0.000000 0.047929 0.047047 0.408371 
0.024671 0.000000 0.053555 0.022377 0.202233 0.244868 0.000148 0.057604 0.000000 0.096019 0.236850 0.061676 
0.013234 0.225512 0.241867 0.011575 0.145560 0.123626 0.008734 0.055387 0.066770 0.042908 0.026989 0.037837 
0.097326 0.000000 0.058199 0.056677 0.053701 0.006130 0.028438 0.044591 0.000000 0.084163 0.138532 0.432242 
0.074649 0.000000 0.030296 0.157419 0.123670 0.005561 0.022521 0.009727 0.000000 0.521678 0.009529 0.044951 
0.076361 0.000000 0.036076 0.317186 0.047264 0.009054 0.010377 0.239129 0.000000 0.060855 0.105469 0.098229 
0.104710 0.000000 0.380950 0.028049 0.000658 0.056117 0.169438 0.028989 0.000000 0.177167 0.016562 0.037360 
0.063380 0.026783 0.033841 0.022099 0.224035 0.002235 0.007484 0.062303 0.037390 0.204420 0.028373 0.287656 
0.090678 0.000000 0.018697 0.061639 0.120088 0.005427 0.122209 0.058554 0.000000 0.132481 0.300649 0.089579 
0.110751 0.000000 0.025610 0.192390 0.065865 0.008726 0.078071 0.277072 0.000000 0.108227 0.049478 0.083809 
0.447854 0.051216 0.010853 0.164072 0.017214 0.022440 0.042509 0.030220 0.000000 0.075600 0.105607 0.032416 
0.046554 0.000000 0.016736 0.042122 0.415414 0.001896 0.000841 0.045764 0.000000 0.204932 0.106537 0.119203 
0.081593 0.000000 0.030947 0.036743 0.182006 0.012235 0.017486 0.050701 0.000000 0.225237 0.015104 0.347948 
0.035732 0.000000 0.208454 0.027851 0.018240 0.230917 0.008042 0.006911 0.392728 0.018697 0.001492 0.050936 
0.190938 0.450496 0.020253 0.086860 0.003693 0.020243 0.013529 0.022746 0.000000 0.079510 0.022795 0.088937 
0.113725 0.000000 0.042045 0.039444 0.102093 0.207783 0.031939 0.061031 0.000000 0.074714 0.247588 0.079639 
0.078563 0.000000 0.233819 0.045568 0.141186 0.029108 0.027866 0.164868 0.000000 0.108140 0.112506 0.058375 
0.036249 0.000000 0.069644 0.222878 0.021483 0.547225 0.000204 0.006804 0.051071 0.019165 0.007704 0.017572 
0.150710 0.000000 0.419339 0.042679 0.041957 0.058268 0.094783 0.035537 0.000000 0.035341 0.074797 0.046589 
0.370278 0.000000 0.084430 0.117295 0.065145 0.034030 0.018522 0.063745 0.068824 0.108916 0.017216 0.051599 
0.227725 0.000000 0.331647 0.069687 0.006307 0.044220 0.116340 0.051402 0.000000 0.091489 0.030470 0.030714 
0.274286 0.000000 0.302100 0.135385 0.025521 0.051074 0.007623 0.027847 0.000000 0.099787 0.053113 0.023265 
0.067952 0.029721 0.037897 0.005662 0.125211 0.057950 0.095704 0.037165 0.000000 0.066727 0.383933 0.092079 
0.297579 0.000000 0.032682 0.118305 0.210312 0.059655 0.043176 0.015990 0.000000 0.118707 0.048008 0.055587 
0.339325 0.000000 0.025523 0.145667 0.037394 0.027969 0.060325 0.039889 0.000000 0.187364 0.031166 0.105378 
0.036158 0.000000 0.203232 0.118891 0.018662 0.004722 0.000244 0.012737 0.466471 0.017902 0.034311 0.086670 
0.140629 0.000000 0.042078 0.216225 0.014686 0.001898 0.007321 0.015883 0.000000 0.010572 0.021702 0.529006 
0.248826 0.000000 0.120044 0.196121 0.014819 0.092155 0.039678 0.017935 0.000000 0.162934 0.032921 0.074566 
0.029486 0.000000 0.279934 0.033237 0.084944 0.028919 0.000413 0.058000 0.000000 0.030603 0.021851 0.432614 
0.065486 0.000000 0.085265 0.564426 0.003241 0.007494 0.000377 0.021640 0.118399 0.054298 0.018155 0.061219 
0.010192 0.260469 0.257870 0.006131 0.016238 0.013540 0.000804 0.001930 0.294058 0.035131 0.018650 0.084987 
0.086862 0.139314 0.029839 0.108084 0.036956 0.008916 0.264552 0.033384 0.000000 0.154994 0.035252 0.101848 
0.056495 0.000000 0.026803 0.215341 0.124064 0.002930 0.010797 0.046866 0.000000 0.461041 0.004105 0.051558 
0.074583 0.000000 0.434105 0.030526 0.027800 0.145447 0.015745 0.147400 0.000000 0.043698 0.020218 0.060479 
0.101601 0.000000 0.019488 0.629676 0.032056 0.011531 0.003738 0.013367 0.000000 0.061367 0.084644 0.042531 
0.297276 0.237488 0.009538 0.145666 0.036373 0.011640 0.055733 0.026240 0.018945 0.079024 0.058994 0.023083 
0.380920 0.000000 0.028295 0.137292 0.029746 0.035675 0.014057 0.020053 0.000000 0.246278 0.080198 0.027486 
0.053723 0.000000 0.055136 0.027579 0.108530 0.137340 0.016030 0.072955 0.000000 0.144927 0.039836 0.343944 
0.023340 0.000000 0.053895 0.041624 0.025901 0.000552 0.002231 0.206440 0.000000 0.051025 0.014445 0.580545 
0.101457 0.000000 0.198010 0.082122 0.035720 0.040810 0.230998 0.113558 0.032292 0.092775 0.027634 0.044625 
0.143005 0.000000 0.033335 0.052895 0.006412 0.065771 0.145098 0.008819 0.000000 0.491137 0.024921 0.028607 
0.241322 0.091352 0.008920 0.140155 0.058122 0.009882 0.052316 0.067567 0.000000 0.228165 0.033331 0.068868 
0.239854 0.000000 0.046068 0.084328 0.021973 0.015217 0.021121 0.025954 0.062133 0.381247 0.025345 0.076760 
0.008334 0.156193 0.074723 0.030937 0.002475 0.631314 0.006091 0.017934 0.000000 0.024812 0.026715 0.020474 
0.154832 0.000000 0.016400 0.214051 0.204194 0.015646 0.041965 0.147022 0.000000 0.127038 0.042974 0.035877 
0.138788 0.000000 0.003861 0.575384 0.015333 0.013145 0.064524 0.018403 0.000000 0.096168 0.010208 0.064187 
0.276877 0.000000 0.095382 0.127972 0.040064 0.040749 0.061559 0.063148 0.026339 0.172490 0.029754 0.065667 
0.337622 0.000000 0.022380 0.172911 0.068856 0.010095 0.037260 0.091844 0.000000 0.064647 0.139602 0.054781 
0.006008 0.000000 0.819797 0.005453 0.000873 0.106962 0.000302 0.009247 0.000000 0.009316 0.001948 0.040095 
0.332968 0.000000 0.035995 0.151052 0.108690 0.011788 0.024716 0.087555 0.000000 0.096535 0.119565 0.031136 
0.094733 0.000000 0.004465 0.712695 0.017349 0.013105 0.002961 0.005362 0.000000 0.035424 0.064638 0.049269 
0.222065 0.000000 0.016265 0.138147 0.055400 0.018980 0.031059 0.304202 0.000000 0.115767 0.049081 0.049034 
0.010063 0.000000 0.120525 0.028094 0.082756 0.092516 0.001304 0.073623 0.329926 0.038424 0.041059 0.181711 
0.067669 0.000000 0.097714 0.093124 0.020000 0.003443 0.272053 0.024736 0.218309 0.121088 0.013524 0.068339 
0.091915 0.000000 0.021164 0.075235 0.036485 0.071499 0.217346 0.027806 0.000000 0.321826 0.103365 0.033359 
0.038387 0.134130 0.009506 0.054063 0.202994 0.003696 0.012004 0.071045 0.000000 0.150159 0.233101 0.090916 
0.167351 0.000000 0.022295 0.042040 0.002495 0.008760 0.164775 0.008922 0.000000 0.479445 0.025813 0.078102 
0.149157 0.047784 0.121185 0.062718 0.076129 0.000144 0.011817 0.050032 0.317086 0.032217 0.034603 0.097127 
0.047170 0.000000 0.082824 0.069030 0.000717 0.612439 0.000226 0.000262 0.000000 0.147326 0.011749 0.028257 
0.058567 0.043099 0.129751 0.039499 0.060478 0.012805 0.026502 0.038709 0.000000 0.023710 0.007354 0.559525 
0.515696 0.000000 0.016279 0.186008 0.007610 0.013560 0.031919 0.049049 0.000000 0.057193 0.072241 0.050443 
0.231491 0.000000 0.055853 0.065860 0.140392 0.176307 0.019651 0.054114 0.000000 0.115575 0.091713 0.049045 
0.019387 0.206686 0.225459 0.100106 0.024275 0.209004 0.000560 0.018361 0.096955 0.030362 0.005156 0.063689 
0.074554 0.000000 0.502000 0.141983 0.003281 0.113978 0.027723 0.015166 0.017139 0.022406 0.023405 0.058365 
0.330065 0.000000 0.020295 0.139091 0.103129 0.036275 0.030616 0.102984 0.000000 0.118851 0.052138 0.066557 
0.249068 0.018872 0.096282 0.137358 0.042841 0.023175 0.068013 0.032662 0.000000 0.216777 0.017869 0.097083 
0.020322 0.092771 0.089819 0.022788 0.009919 0.474210 0.012854 0.014154 0.000000 0.108712 0.000887 0.153565 
0.145480 0.000000 0.019317 0.405615 0.017021 0.008937 0.028655 0.015002 0.000000 0.261890 0.034962 0.063120 
0.146006 0.000000 0.095032 0.043012 0.143340 0.029251 0.089125 0.043927 0.000000 0.071349 0.272282 0.066676 
0.091861 0.000000 0.097088 0.065071 0.004886 0.004809 0.017842 0.059740 0.056808 0.143088 0.027963 0.430844 
0.033198 0.233674 0.059248 0.034509 0.024805 0.233066 0.035740 0.012022 0.022865 0.241037 0.029990 0.039845 
0.017684 0.000000 0.080769 0.003996 0.264303 0.004628 0.000455 0.046328 0.000000 0.053107 0.078659 0.450072 
0.164718 0.220886 0.012450 0.077818 0.251044 0.017862 0.020643 0.025425 0.000000 0.091603 0.072978 0.044573 
0.044394 0.000000 0.441327 0.035377 0.016509 0.067241 0.142132 0.017668 0.000000 0.046674 0.015782 0.172897 
0.105555 0.022879 0.060130 0.074120 0.068844 0.015113 0.034551 0.249149 0.000000 0.103344 0.008037 0.258278 
0.288061 0.000000 0.027998 0.278268 0.064880 0.170768 0.000471 0.015547 0.000000 0.031071 0.092887 0.030049 
0.335679 0.000000 0.021581 0.147219 0.022705 0.118878 0.037271 0.034523 0.000000 0.159835 0.044152 0.078157 
0.066191 0.090750 0.049475 0.032831 0.052445 0.000960 0.000509 0.069374 0.094842 0.382669 0.063119 0.096834 
0.087394 0.290778 0.020962 0.033638 0.024219 0.002465 0.171759 0.024734 0.000000 0.266733 0.044413 0.032904 
0.070798 0.000000 0.027289 0.054747 0.177812 0.005211 0.103663 0.190249 0.000000 0.139387 0.025681 0.205164 
0.034950 0.321136 0.057580 0.003397 0.067338 0.033574 0.054322 0.040307 0.090612 0.032217 0.126497 0.138071 
0.280672 0.000000 0.044283 0.127141 0.005685 0.016141 0.274329 0.045924 0.000000 0.145890 0.027754 0.032181 
0.100248 0.000000 0.047476 0.124439 0.036433 0.267042 0.134944 0.029954 0.000000 0.185185 0.014198 0.060080 
0.073958 0.000000 0.099740 0.046851 0.028818 0.457530 0.056284 0.028681 0.016021 0.117355 0.021695 0.053068 
0.164002 0.000000 0.032447 0.321655 0.027301 0.012283 0.111103 0.029720 0.057785 0.161157 0.023614 0.058933 
0.208835 0.000000 0.012779 0.542774 0.019018 0.024351 0.052694 0.007056 0.000000 0.067279 0.018359 0.046855 
0.045012 0.019854 0.146013 0.073032 0.062205 0.009501 0.012078 0.314662 0.126067 0.085214 0.007534 0.098829 
0.055734 0.000000 0.094552 0.084507 0.018869 0.646263 0.012250 0.016891 0.000000 0.042031 0.012687 0.016216 
0.137640 0.000000 0.017299 0.071588 0.239807 0.002991 0.011241 0.231437 0.000000 0.124089 0.111567 0.052339 
0.093201 0.000000 0.127263 0.038278 0.085521 0.000135 0.065491 0.029951 0.332663 0.071373 0.036972 0.119151 
0.225777 0.000000 0.031809 0.097948 0.018606 0.162428 0.072883 0.031599 0.000000 0.272838 0.016513 0.069598 
0.254115 0.000000 0.013129 0.354966 0.032602 0.020461 0.024460 0.120359 0.000000 0.083402 0.031983 0.064524 
0.067624 0.197216 0.015210 0.049933 0.084037 0.002146 0.019601 0.318017 0.000000 0.150705 0.035044 0.060467 
0.028935 0.022198 0.055717 0.024527 0.031720 0.039103 0.003579 0.032387 0.000000 0.232681 0.083547 0.445606 
0.018059 0.000000 0.706319 0.009291 0.023093 0.090796 0.004175 0.013978 0.000000 0.049965 0.041139 0.043185 
0.358162 0.013475 0.009101 0.158031 0.027877 0.081787 0.058924 0.056139 0.000000 0.121944 0.037154 0.077406 
0.051625 0.000000 0.399838 0.196723 0.050325 0.059540 0.011903 0.023255 0.000000 0.043242 0.119191 0.044359 
0.064150 0.000000 0.062113 0.020821 0.086040 0.065473 0.000435 0.033901 0.044008 0.019179 0.209458 0.394420 
0.135027 0.000000 0.041678 0.064233 0.011080 0.008453 0.013298 0.101979 0.054814 0.446760 0.051363 0.071315 
0.042824 0.059842 0.048919 0.050320 0.326019 0.009298 0.022380 0.108933 0.000000 0.091640 0.074392 0.165434 
0.117671 0.118577 0.031206 0.039234 0.076724 0.026488 0.294768 0.016532 0.000000 0.154014 0.045196 0.079591 
0.083044 0.000000 0.190824 0.068749 0.006907 0.034508 0.037085 0.037714 0.000000 0.486753 0.005180 0.049238 
0.289949 0.000000 0.063653 0.124606 0.055526 0.119635 0.049941 0.002278 0.075654 0.146990 0.032478 0.039290 
0.225391 0.000000 0.046753 0.081453 0.018502 0.040850 0.033806 0.049621 0.050272 0.169140 0.022923 0.261288 
0.115371 0.000000 0.008548 0.586946 0.007394 0.019397 0.047360 0.012733 0.000000 0.128233 0.021434 0.052584 
0.074668 0.000000 0.024266 0.155069 0.071424 0.003286 0.180829 0.075756 0.000000 0.236783 0.108404 0.069515 
0.146241 0.000000 0.008641 0.616175 0.013213 0.035735 0.011029 0.017356 0.000000 0.048089 0.049232 0.054289 
0.027551 0.000000 0.716560 0.015262 0.001990 0.123825 0.003917 0.009916 0.000000 0.006243 0.008804 0.085933 
0.492948 0.000000 0.007308 0.207663 0.064247 0.015555 0.045510 0.015802 0.000000 0.061249 0.057872 0.031845 
0.259460 0.000000 0.026816 0.134803 0.111038 0.166049 0.034019 0.033500 0.000000 0.148908 0.033809 0.051598 
0.069585 0.405853 0.030001 0.073771 0.032334 0.005212 0.123879 0.030314 0.049086 0.136624 0.021741 0.021597 
0.035418 0.000000 0.059001 0.018229 0.027815 0.019380 0.055161 0.052789 0.105718 0.084646 0.018449 0.523394 
0.269462 0.010696 0.014186 0.132653 0.036168 0.011178 0.056552 0.063023 0.000000 0.303850 0.020708 0.081525 
0.061532 0.000000 0.062440 0.055540 0.085944 0.005336 0.006389 0.140695 0.126020 0.337671 0.038624 0.079810 
0.211471 0.000000 0.036598 0.142953 0.022841 0.012258 0.156301 0.048275 0.064445 0.212172 0.016169 0.076518 
0.032281 0.073290 0.080831 0.027147 0.003325 0.642949 0.003499 0.007126 0.000000 0.054940 0.025076 0.049536 
0.063237 0.020227 0.020520 0.051797 0.525624 0.004074 0.021890 0.098261 0.000000 0.119579 0.036804 0.037987 
0.064701 0.171741 0.008026 0.588000 0.032295 0.008157 0.004547 0.007740 0.000000 0.043431 0.040430 0.030932 
0.112584 0.000000 0.078439 0.033834 0.067586 0.011245 0.048674 0.035169 0.030840 0.047409 0.137268 0.396952 
0.222903 0.000000 0.084367 0.099635 0.007394 0.012451 0.045406 0.056263 0.157020 0.179293 0.020605 0.114664 
0.153370 0.000000 0.067270 0.060710 0.174258 0.012350 0.020931 0.160973 0.000000 0.135982 0.127421 0.086734 
0.090244 0.000000 0.129001 0.198688 0.010243 0.013260 0.004559 0.032454 0.378123 0.031198 0.020540 0.091690 
0.019470 0.000000 0.292838 0.004851 0.070653 0.038303 0.003074 0.015949 0.209691 0.075561 0.190908 0.078703 
0.073317 0.143734 0.089780 0.053603 0.366681 0.016337 0.041814 0.048314 0.022565 0.071444 0.035137 0.037274 
0.016397 0.000000 0.416254 0.019090 0.097319 0.061662 0.008877 0.062495 0.000000 0.036093 0.028704 0.253110 
0.138423 0.000000 0.136511 0.060652 0.047245 0.013506 0.085429 0.005371 0.340341 0.079451 0.002885 0.090187 
0.083014 0.055179 0.032375 0.054443 0.053861 0.004659 0.026105 0.016081 0.000000 0.445323 0.042842 0.186118 
0.034628 0.052286 0.053334 0.058831 0.141660 0.234510 0.000235 0.059012 0.000000 0.062832 0.189350 0.113321 
0.059815 0.216032 0.009869 0.444709 0.031015 0.020469 0.023533 0.036092 0.000000 0.078907 0.039423 0.040137 
0.321209 0.000000 0.046404 0.115984 0.041124 0.013439 0.016596 0.046067 0.077456 0.079575 0.158915 0.083230 
0.143613 0.000000 0.040103 0.083778 0.032017 0.005935 0.025677 0.022861 0.000000 0.033626 0.023502 0.588888 
0.016354 0.000000 0.010690 0.017712 0.312191 0.000045 0.015244 0.314289 0.000000 0.113004 0.146262 0.054208 
0.026286 0.019917 0.117165 0.041030 0.530145 0.014118 0.003540 0.025104 0.000000 0.091208 0.075236 0.056252 
0.053860 0.018811 0.043214 0.309430 0.291460 0.016231 0.060946 0.027005 0.000000 0.086756 0.045578 0.046709 
0.248279 0.000000 0.402794 0.067288 0.016217 0.070218 0.016873 0.029358 0.000000 0.029469 0.070313 0.049191 
0.345624 0.000000 0.209946 0.115986 0.007106 0.086869 0.039009 0.002982 0.000000 0.100813 0.028158 0.063507 
0.089157 0.059155 0.202734 0.065900 0.033274 0.047297 0.012519 0.038964 0.000000 0.373336 0.016519 0.061145 
0.149466 0.000000 0.042795 0.034597 0.252506 0.228456 0.070273 0.041747 0.000000 0.107144 0.048889 0.024126 
0.269927 0.000000 0.034616 0.097459 0.045166 0.035162 0.052654 0.069373 0.000000 0.267632 0.015510 0.112500 
0.067500 0.000000 0.126272 0.063306 0.013035 0.042681 0.044244 0.004006 0.092830 0.339728 0.018491 0.187908 
0.133637 0.000000 0.025392 0.051503 0.143347 0.010693 0.030832 0.058049 0.024361 0.124641 0.247263 0.150284 
0.029617 0.051877 0.016602 0.051365 0.530587 0.004060 0.004894 0.119127 0.000000 0.104350 0.040485 0.047036 
0.242986 0.067292 0.031399 0.075867 0.248880 0.043582 0.037794 0.013841 0.000000 0.124252 0.042710 0.071397 
0.013194 0.000000 0.090297 0.011871 0.092497 0.532549 0.004607 0.034474 0.000000 0.085557 0.098645 0.036308 
0.011236 0.000000 0.185683 0.012582 0.016118 0.000117 0.006778 0.000438 0.545649 0.103655 0.000984 0.116761 
0.024310 0.012514 0.198773 0.008548 0.167245 0.016845 0.004811 0.068782 0.000000 0.026139 0.384420 0.087611 
0.064144 0.000000 0.112614 0.071893 0.129199 0.116804 0.073170 0.275140 0.000000 0.095802 0.016253 0.044981 
0.019929 0.000000 0.191202 0.011172 0.148754 0.000046 0.000290 0.011112 0.402770 0.034451 0.015092 0.165182 
0.262404 0.000000 0.152867 0.127878 0.003056 0.043296 0.048661 0.001733 0.119452 0.136014 0.016018 0.088620 
0.211617 0.000000 0.325266 0.073673 0.010451 0.076727 0.034883 0.025954 0.000000 0.104459 0.018323 0.118648 
0.332491 0.000000 0.031155 0.130098 0.059461 0.008316 0.035289 0.053916 0.000000 0.188426 0.089522 0.071324 
0.091406 0.000000 0.166130 0.057538 0.030332 0.052276 0.016600 0.008748 0.366215 0.081155 0.004215 0.125385 
0.287430 0.015528 0.037745 0.071000 0.056236 0.009537 0.131535 0.017070 0.071314 0.110095 0.117349 0.075162 
0.163664 0.012002 0.145784 0.054073 0.019658 0.026219 0.127910 0.030979 0.154758 0.134787 0.012601 0.117565 
0.076647 0.152748 0.318793 0.031050 0.015782 0.056684 0.167516 0.024103 0.000000 0.084092 0.047222 0.025362 
0.336777 0.000000 0.040198 0.093185 0.102826 0.013778 0.028531 0.039922 0.000000 0.079309 0.234180 0.031294 
0.020861 0.000000 0.037185 0.007542 0.238573 0.405847 0.003336 0.051274 0.009066 0.036538 0.126785 0.062993 
0.234754 0.000000 0.023770 0.070931 0.025529 0.001414 0.018373 0.219742 0.000000 0.070002 0.066036 0.269449 
0.003978 0.000000 0.034488 0.010459 0.188632 0.000205 0.000401 0.071829 0.000000 0.047830 0.398504 0.243675 
0.114605 0.000000 0.057914 0.056468 0.052500 0.022264 0.013937 0.034685 0.020990 0.171014 0.144762 0.310861 
0.147427 0.087905 0.452855 0.073349 0.013952 0.099285 0.031972 0.020980 0.000000 0.023525 0.030257 0.018493 
0.138805 0.000000 0.074095 0.011859 0.004289 0.007007 0.305404 0.056383 0.167034 0.155827 0.018617 0.060681 
0.007958 0.059177 0.077405 0.012655 0.034745 0.000298 0.007459 0.023081 0.125886 0.010852 0.002222 0.638264 
0.035581 0.038378 0.178410 0.044214 0.137226 0.032027 0.016250 0.165368 0.000000 0.085669 0.068687 0.198189 
0.059611 0.000000 0.027193 0.091989 0.127912 0.003212 0.000348 0.092296 0.000000 0.047400 0.351464 0.198575 
0.288253 0.000000 0.011244 0.323241 0.042698 0.013790 0.023414 0.046724 0.000000 0.059616 0.141006 0.050016 
0.212956 0.000000 0.009877 0.590067 0.007681 0.016350 0.023218 0.008366 0.005136 0.061792 0.048831 0.015728 
0.038010 0.000000 0.059749 0.067390 0.132687 0.022046 0.011275 0.285096 0.000000 0.095046 0.192948 0.095753 
0.126571 0.000000 0.021945 0.071905 0.003679 0.009128 0.123125 0.011847 0.000000 0.584479 0.003524 0.043796 
0.294469 0.000000 0.154677 0.113007 0.006699 0.142721 0.033491 0.035500 0.000000 0.114454 0.048903 0.056079 
0.186738 0.018433 0.046693 0.088185 0.244352 0.022626 0.025876 0.050080 0.000000 0.200439 0.012510 0.104067 
0.122930 0.000000 0.053907 0.035377 0.030003 0.014079 0.297190 0.168580 0.000000 0.169649 0.023364 0.084921 
0.016555 0.000000 0.054025 0.089102 0.131275 0.078066 0.048464 0.113165 0.000000 0.076633 0.274538 0.118177 
0.119928 0.000000 0.015681 0.384682 0.233817 0.014669 0.000632 0.024571 0.000000 0.101975 0.034714 0.069331 
0.042443 0.000000 0.036897 0.047808 0.052280 0.005698 0.012569 0.044074 0.000000 0.381398 0.138080 0.238753 
0.144522 0.000000 0.028870 0.072466 0.005471 0.194367 0.024725 0.010142 0.000000 0.357210 0.018580 0.143647 
0.091600 0.000000 0.014422 0.071750 0.174562 0.007924 0.026072 0.097772 0.000000 0.112137 0.294331 0.109430 
0.228762 0.031879 0.030017 0.115073 0.171186 0.011846 0.055092 0.056510 0.000000 0.213797 0.017593 0.068245 
0.021492 0.000000 0.264168 0.007153 0.005600 0.012884 0.004085 0.002381 0.495690 0.015321 0.005694 0.165532 
0.038037 0.722934 0.027802 0.024482 0.045276 0.014363 0.000724 0.027652 0.000000 0.038882 0.037300 0.022548 
0.062012 0.333344 0.010663 0.048654 0.088833 0.001734 0.021885 0.050126 0.000000 0.077497 0.223602 0.081651 
0.005964 0.000000 0.127622 0.011000 0.026743 0.005143 0.006586 0.019021 0.093387 0.009811 0.018261 0.676462 
0.063670 0.015740 0.156413 0.071836 0.050687 0.021461 0.004391 0.302384 0.147410 0.074626 0.029225 0.062159 
0.208783 0.000000 0.053878 0.250581 0.017551 0.313366 0.017145 0.007525 0.000000 0.076841 0.020993 0.033338 
0.176060 0.000000 0.016342 0.069886 0.356834 0.028223 0.010491 0.069161 0.000000 0.142079 0.085992 0.044932 
0.008668 0.010095 0.165251 0.011801 0.007844 0.756420 0.001936 0.006102 0.000000 0.002994 0.005845 0.023045 
0.028489 0.441388 0.157556 0.012716 0.029653 0.184556 0.008937 0.024505 0.033265 0.040846 0.028010 0.010077 
0.037861 0.000000 0.051284 0.023640 0.035222 0.010385 0.000529 0.089348 0.000000 0.023639 0.021141 0.706950 
0.089614 0.000000 0.098853 0.036206 0.038766 0.018004 0.000905 0.005107 0.122337 0.025423 0.031412 0.533372 
0.109866 0.026221 0.060546 0.010057 0.294587 0.005331 0.015158 0.030699 0.107160 0.138193 0.135485 0.066697 
0.181374 0.067074 0.448542 0.072260 0.020082 0.070573 0.018116 0.023284 0.000000 0.040398 0.032866 0.025430 
0.161990 0.000000 0.027648 0.179604 0.081706 0.007574 0.045123 0.141179 0.000000 0.193690 0.072425 0.089063 
0.094439 0.126042 0.026073 0.360952 0.090763 0.009785 0.007313 0.022008 0.000000 0.182616 0.035196 0.044813 
0.333003 0.020867 0.130593 0.094283 0.056364 0.017569 0.031186 0.016365 0.058669 0.042938 0.165220 0.032942 
0.044788 0.000000 0.534557 0.158504 0.010305 0.077387 0.021119 0.024019 0.036106 0.031246 0.023630 0.038338 
0.093622 0.000000 0.192272 0.326333 0.081641 0.033633 0.036492 0.081563 0.000000 0.038288 0.076977 0.039178 
0.031411 0.000000 0.121211 0.047081 0.027516 0.025922 0.013067 0.240418 0.000000 0.183007 0.008388 0.301978 
0.180929 0.000000 0.013392 0.021511 0.080139 0.028145 0.403887 0.018448 0.000000 0.174808 0.039563 0.039179 
0.318377 0.000000 0.022232 0.178945 0.023064 0.015667 0.030308 0.030995 0.000000 0.203266 0.068115 0.109032 
0.025774 0.000000 0.535393 0.107742 0.048467 0.060571 0.011792 0.035838 0.000000 0.042091 0.087374 0.044958 
0.269581 0.000000 0.034101 0.153837 0.023358 0.024619 0.051000 0.042308 0.018807 0.210400 0.022417 0.149573 
0.042462 0.000000 0.025729 0.030576 0.552852 0.003924 0.019819 0.044388 0.000000 0.156417 0.084938 0.038896 
0.291314 0.000000 0.024553 0.138434 0.018780 0.020422 0.094541 0.051529 0.000000 0.238137 0.030295 0.091993 
0.225114 0.000000 0.059181 0.096278 0.025311 0.023392 0.051395 0.051767 0.101809 0.284044 0.030282 0.051428 
0.154986 0.000000 0.017653 0.061709 0.004044 0.018195 0.045596 0.011374 0.000000 0.620929 0.013522 0.051990 
0.047859 0.000000 0.106084 0.149002 0.000686 0.005928 0.020528 0.000380 0.235230 0.352396 0.001897 0.080011 
0.211577 0.207131 0.068154 0.064014 0.014207 0.016577 0.019924 0.087414 0.000000 0.208588 0.055974 0.046440 
0.184900 0.000000 0.007978 0.230383 0.149971 0.029930 0.082189 0.055612 0.000000 0.162299 0.042521 0.054217 
0.110941 0.000000 0.015242 0.486254 0.004335 0.013262 0.009403 0.037489 0.000000 0.229792 0.040711 0.052570 
0.142923 0.000000 0.018107 0.024548 0.089066 0.012261 0.011553 0.027572 0.000000 0.354406 0.211628 0.107936 
0.009346 0.017694 0.032332 0.026641 0.377385 0.001386 0.000352 0.055890 0.000000 0.076171 0.264034 0.138768 
0.113632 0.000000 0.049075 0.060559 0.250697 0.156550 0.012968 0.146804 0.047964 0.068380 0.042903 0.050469 
0.291196 0.000000 0.031181 0.109068 0.015595 0.115388 0.083050 0.140299 0.000000 0.112944 0.060233 0.041047 
0.083360 0.014917 0.124037 0.041263 0.011724 0.006280 0.172917 0.014275 0.305676 0.133818 0.014351 0.077380 
0.024998 0.017507 0.033791 0.018330 0.179866 0.044919 0.010971 0.060969 0.000000 0.042478 0.468033 0.098136 
0.248388 0.000000 0.030084 0.087037 0.023984 0.114456 0.132932 0.039730 0.000000 0.222092 0.016998 0.084300 
0.033035 0.015152 0.445473 0.006421 0.002576 0.233601 0.010320 0.013737 0.000000 0.030019 0.014133 0.195535 
0.537166 0.000000 0.018811 0.212891 0.009646 0.009563 0.029262 0.029966 0.000000 0.071701 0.074098 0.006896 
0.082772 0.029321 0.006214 0.704724 0.008368 0.013741 0.000442 0.007896 0.000000 0.053272 0.051811 0.041441 
0.047363 0.000000 0.210193 0.263128 0.096874 0.030710 0.000179 0.040219 0.000000 0.046419 0.184899 0.080015 
0.152640 0.000000 0.155746 0.059281 0.172729 0.027956 0.022076 0.107822 0.000000 0.196015 0.022799 0.082936 
0.042310 0.045526 0.076461 0.042180 0.020630 0.687343 0.009470 0.011791 0.000000 0.045932 0.006371 0.011986 
0.084743 0.000000 0.142352 0.510937 0.019253 0.038409 0.000205 0.052065 0.000000 0.066433 0.012821 0.072784 
0.380429 0.000000 0.124298 0.165606 0.024141 0.041059 0.036841 0.030992 0.000000 0.054130 0.093432 0.049071 
0.030129 0.000000 0.032015 0.008274 0.152355 0.001288 0.007472 0.107508 0.026776 0.048461 0.422595 0.163128 
0.134908 0.000000 0.013310 0.076722 0.158477 0.015081 0.206321 0.108456 0.000000 0.181735 0.043909 0.061082 
0.157165 0.000000 0.038396 0.192731 0.039102 0.022162 0.009438 0.057108 0.000000 0.145158 0.043640 0.295100 
0.180941 0.000000 0.012112 0.111396 0.013604 0.009195 0.313257 0.041761 0.015279 0.232651 0.043295 0.026509 
0.089490 0.000000 0.027456 0.644119 0.005006 0.011781 0.000434 0.004452 0.085519 0.029197 0.011490 0.091055 
0.393695 0.000000 0.092335 0.160940 0.003542 0.013440 0.043207 0.036355 0.036593 0.081947 0.080475 0.057472 
0.022532 0.000000 0.286314 0.024951 0.030901 0.026061 0.011414 0.069672 0.176161 0.044078 0.020352 0.287563 
0.068723 0.108548 0.018950 0.084799 0.010411 0.005075 0.015027 0.014249 0.000000 0.596177 0.011567 0.066475 
0.239777 0.000000 0.213015 0.077117 0.009762 0.063448 0.038581 0.040841 0.000000 0.087247 0.026363 0.203849 
0.224811 0.000000 0.014246 0.118212 0.083029 0.011193 0.034607 0.040848 0.000000 0.217265 0.147509 0.108279 
0.082598 0.000000 0.115670 0.044027 0.020816 0.101218 0.008198 0.001961 0.000000 0.554802 0.015772 0.054938 
0.015641 0.000000 0.515788 0.002972 0.042137 0.040408 0.000246 0.006049 0.218595 0.016192 0.068285 0.073689 
