-1962693.513136
0
0.001212 0.000000 0.000000 0.005684 0.001175 0.000000 0.000000 0.000000 0.000000 0.000000 0.000000 0.001757 0.000000 0.000000 0.000000 0.000000 0.000000 0.003896 0.000000 0.001537 0.000000 0.004908 0.003038 0.013024 0.003644 0.000000 0.000000 0.000000 0.000000 0.000490 0.000000 0.000000 0.000000 0.000000 0.005551 0.000000 0.000000 0.000000 0.000000 0.000000 0.000000 0.000000 0.000000 0.000000 0.000000 0.000000 0.003852 0.018615 0.001462 0.000000 0.000000 0.000000 0.000000 0.000000 0.000000 0.000000 0.000000 0.000000 0.015215 0.008937 0.000000 0.000000 0.000000 0.000000 0.004936 0.009897 0.003084 0.013986 0.000000 0.002782 0.000000 0.000000 0.046823 0.009975 0.002094 0.370434 0.000000 0.000000 0.000000 0.000000 0.000000 0.021006 0.260735 0.039865 0.000000 0.000000 0.000000 0.001374 0.001296 0.011519 0.007649 0.008390 0.000000 0.010681 0.001563 0.077911 
0.001892 0.000000 0.000000 0.000000 0.003037 0.003428 0.000000 0.002258 0.009792 0.000000 0.000000 0.000000 0.005842 0.007469 0.003208 0.003475 0.064977 0.039930 0.067999 0.030667 0.000000 0.001901 0.001437 0.002974 0.008170 0.004264 0.006686 0.000000 0.000880 0.001064 0.000000 0.000000 0.020687 0.000000 0.003220 0.015817 0.000000 0.007220 0.000000 0.001369 0.038034 0.046743 0.056664 0.039205 0.000000 0.005662 0.005686 0.007624 0.001693 0.005325 0.000000 0.000000 0.000000 0.000000 0.000000 0.000000 0.014310 0.000000 0.000000 0.011087 0.000000 0.004420 0.000000 0.000000 0.070375 0.031315 0.050542 0.048348 0.000000 0.000000 0.000000 0.002995 0.000000 0.007336 0.002353 0.000000 0.000000 0.000000 0.000000 0.000000 0.008341 0.000000 0.000000 0.000000 0.006119 0.013974 0.002533 0.005436 0.060414 0.040571 0.040142 0.042750 0.000000 0.004061 0.000000 0.006279 
0.001777 0.000000 0.000000 0.000000 0.002463 0.000000 0.000000 0.003402 0.002570 0.000000 0.000000 0.000000 0.014427 0.001314 0.005694 0.021643 0.026856 0.004544 0.009783 0.029293 0.055550 0.010479 0.006519 0.034932 0.000000 0.000000 0.000000 0.000000 0.000000 0.000000 0.000000 0.000000 0.006630 0.000000 0.000000 0.000000 0.005636 0.000000 0.000000 0.000000 0.014169 0.000860 0.008898 0.040905 0.043717 0.008339 0.016827 0.093923 0.012552 0.003986 0.000000 0.003137 0.000000 0.003351 0.000000 0.005558 0.000000 0.000000 0.000000 0.003743 0.000000 0.000000 0.000000 0.000000 0.000000 0.004439 0.000000 0.006296 0.012676 0.000000 0.003283 0.030473 0.033463 0.000000 0.000000 0.045601 0.000000 0.000000 0.000000 0.000000 0.000000 0.000000 0.000000 0.000000 0.032876 0.000000 0.022137 0.008326 0.010146 0.010915 0.003286 0.043930 0.094339 0.013495 0.012748 0.108096 
0.000000 0.004270 0.000000 0.036675 0.000000 0.000000 0.000000 0.000000 0.030594 0.022807 0.037177 0.026222 0.000000 0.000000 0.000000 0.000000 0.000000 0.002824 0.000000 0.000545 0.000000 0.001970 0.000785 0.005648 0.005919 0.012093 0.000000 0.170026 0.000000 0.000000 0.000000 0.000000 0.000000 0.000000 0.020356 0.009545 0.000000 0.003557 0.000000 0.002863 0.000000 0.002669 0.000000 0.000972 0.000000 0.003045 0.000000 0.010647 0.001368 0.014806 0.000000 0.086202 0.000000 0.000000 0.000000 0.000000 0.065455 0.070071 0.118223 0.066230 0.000000 0.003191 0.000000 0.000000 0.006420 0.015495 0.008946 0.007573 0.000000 0.002777 0.001806 0.004720 0.000000 0.020164 0.000000 0.060337 0.000000 0.000000 0.000000 0.000000 0.000000 0.012319 0.000000 0.006202 0.000000 0.000386 0.000000 0.001074 0.000000 0.005490 0.001431 0.000000 0.000000 0.002159 0.000000 0.005944 
0.000000 0.000000 0.000000 0.000000 0.000000 0.000000 0.000000 0.003181 0.042719 0.000000 0.244441 0.006139 0.000000 0.001680 0.000000 0.008249 0.000000 0.000000 0.009187 0.000000 0.000000 0.002522 0.000000 0.002816 0.002505 0.016092 0.000000 0.014814 0.000000 0.000000 0.000000 0.000000 0.014231 0.000000 0.167144 0.001767 0.000000 0.000000 0.000000 0.000000 0.000000 0.000000 0.012788 0.000000 0.000000 0.002920 0.000000 0.000000 0.001700 0.001767 0.000000 0.000000 0.000000 0.003131 0.000000 0.001446 0.050087 0.050306 0.182789 0.029849 0.000000 0.000000 0.000000 0.000000 0.000000 0.000000 0.000000 0.000000 0.000000 0.000000 0.000000 0.000000 0.000000 0.000000 0.001421 0.000000 0.000000 0.000000 0.000000 0.000000 0.000000 0.000000 0.114656 0.000000 0.000000 0.000000 0.000000 0.000000 0.000000 0.000000 0.007397 0.000000 0.000000 0.000000 0.002256 0.000000 
0.000000 0.000000 0.000000 0.000000 0.000000 0.000000 0.000000 0.001078 0.023365 0.125023 0.000000 0.068450 0.000000 0.000000 0.001300 0.000000 0.000000 0.001341 0.000000 0.000000 0.000000 0.000000 0.000000 0.000000 0.000000 0.000000 0.000000 0.000000 0.000000 0.000000 0.000891 0.000000 0.035335 0.174366 0.008285 0.090196 0.000000 0.000000 0.000000 0.000000 0.000000 0.000000 0.000000 0.000301 0.000000 0.000000 0.000000 0.000000 0.000000 0.000000 0.000000 0.000000 0.000000 0.000000 0.000000 0.000000 0.028317 0.110732 0.000000 0.060366 0.000000 0.000000 0.000000 0.000000 0.000000 0.001610 0.000000 0.001764 0.000000 0.000000 0.001670 0.000000 0.000000 0.001703 0.000000 0.000000 0.000000 0.001292 0.000000 0.000000 0.000000 0.177009 0.000000 0.084778 0.000000 0.000000 0.000000 0.000000 0.000000 0.000828 0.000000 0.000000 0.000000 0.000000 0.000000 0.000000 
0.000000 0.000000 0.000000 0.000000 0.000000 0.000000 0.000000 0.000000 0.000000 0.000000 0.000000 0.000000 0.001686 0.000000 0.000000 0.003954 0.000000 0.000000 0.000000 0.000000 0.000000 0.000000 0.001201 0.000000 0.000000 0.000000 0.000000 0.000000 0.000000 0.000000 0.001159 0.000000 0.098177 0.122054 0.031289 0.094671 0.000000 0.000000 0.000000 0.001738 0.000000 0.000000 0.000000 0.003844 0.000000 0.002055 0.000000 0.000000 0.000000 0.000000 0.000000 0.000000 0.000000 0.000629 0.000000 0.000000 0.000000 0.011813 0.000000 0.015264 0.000000 0.000000 0.000000 0.000000 0.000000 0.000000 0.000000 0.010731 0.000000 0.000000 0.002123 0.000000 0.000000 0.000000 0.000000 0.000000 0.000000 0.000000 0.000318 0.000000 0.028258 0.383884 0.138386 0.029870 0.000000 0.001677 0.000000 0.006459 0.002375 0.000000 0.002457 0.002300 0.000000 0.000000 0.001626 0.000000 
0.000000 0.001226 0.000000 0.000000 0.004499 0.000000 0.000000 0.005241 0.001044 0.000000 0.000000 0.000000 0.000880 0.001129 0.000000 0.000758 0.000000 0.000000 0.000000 0.000000 0.000000 0.000000 0.000000 0.000000 0.000000 0.000000 0.000000 0.000000 0.006133 0.001429 0.000000 0.006389 0.001459 0.000000 0.000000 0.000000 0.000000 0.000000 0.000000 0.000000 0.000000 0.000000 0.000000 0.000000 0.000000 0.000000 0.000000 0.000000 0.000000 0.000846 0.000000 0.000000 0.000823 0.001146 0.000000 0.003001 0.000000 0.000000 0.000000 0.000003 0.000000 0.000334 0.000000 0.000000 0.000000 0.000730 0.000000 0.000000 0.000000 0.000612 0.000000 0.000000 0.057058 0.019557 0.002343 0.018641 0.325875 0.070609 0.011296 0.382722 0.069661 0.004142 0.000000 0.000000 0.000000 0.000000 0.000000 0.000000 0.000412 0.000000 0.000000 0.000000 0.000000 0.000000 0.000000 0.000000 
0.041925 0.033850 0.025121 0.022700 0.011858 0.005847 0.003293 0.005051 0.009132 0.000000 0.000000 0.000000 0.004068 0.002483 0.008213 0.000000 0.005625 0.000000 0.006633 0.000000 0.000000 0.000000 0.000000 0.000000 0.059108 0.078250 0.013914 0.047224 0.011299 0.010429 0.006563 0.011444 0.023709 0.008828 0.007691 0.015828 0.008348 0.010585 0.042521 0.009990 0.004137 0.000000 0.010997 0.003818 0.000000 0.000000 0.005688 0.000000 0.044217 0.050208 0.028091 0.024830 0.010826 0.012142 0.006973 0.007048 0.003651 0.000000 0.000000 0.001133 0.007294 0.005848 0.016418 0.002650 0.003636 0.000000 0.002433 0.000000 0.000000 0.000000 0.000000 0.000000 0.038545 0.068441 0.014842 0.038334 0.000000 0.013156 0.003479 0.000000 0.000000 0.000000 0.000000 0.000000 0.002251 0.004507 0.008500 0.000000 0.000000 0.000000 0.002245 0.000000 0.000000 0.000000 0.002133 0.000000 
0.000000 0.002400 0.000000 0.000000 0.000000 0.000000 0.000690 0.000000 0.000001 0.013000 0.013930 0.000000 0.000907 0.014161 0.000000 0.012704 0.005081 0.003962 0.000000 0.003779 0.000000 0.000000 0.001019 0.001273 0.014498 0.008190 0.000000 0.000000 0.000000 0.000000 0.000000 0.001385 0.000000 0.000000 0.000000 0.005543 0.002193 0.005637 0.002020 0.000000 0.000000 0.000000 0.005843 0.000000 0.000000 0.000823 0.000000 0.005424 0.001402 0.010032 0.001545 0.030651 0.002748 0.000000 0.000309 0.001960 0.054446 0.209424 0.268317 0.106405 0.000000 0.004651 0.005116 0.006143 0.014835 0.072396 0.018040 0.006190 0.000000 0.004071 0.006294 0.029137 0.005101 0.000000 0.003093 0.000000 0.000000 0.004216 0.000000 0.000000 0.000000 0.003155 0.000000 0.000000 0.000000 0.000000 0.000000 0.000000 0.000000 0.005858 0.000000 0.000000 0.000000 0.000000 0.000000 0.000000 
0.052195 0.044590 0.000000 0.040737 0.006479 0.000000 0.000000 0.007407 0.016571 0.004546 0.013220 0.028647 0.018891 0.017743 0.019269 0.033668 0.016497 0.008686 0.005746 0.027803 0.002715 0.000000 0.009708 0.000000 0.039065 0.022461 0.000000 0.022128 0.006366 0.006047 0.000000 0.008381 0.000000 0.000000 0.000000 0.023258 0.013708 0.020772 0.019494 0.034743 0.001893 0.010217 0.000000 0.007880 0.000000 0.002126 0.007009 0.000000 0.026833 0.015297 0.000000 0.024446 0.000000 0.000000 0.000000 0.004472 0.000000 0.000000 0.000000 0.004572 0.013992 0.009707 0.011949 0.027863 0.000000 0.004928 0.000000 0.008522 0.000000 0.000000 0.007943 0.005378 0.034368 0.016617 0.000000 0.044125 0.000000 0.000000 0.000000 0.000000 0.000000 0.000000 0.000000 0.010729 0.020022 0.012785 0.010554 0.041601 0.000000 0.002588 0.000000 0.010583 0.000000 0.000000 0.009461 0.000000 
0.006398 0.000000 0.000000 0.000000 0.065753 0.042612 0.014929 0.060276 0.037552 0.000000 0.000000 0.001902 0.003892 0.003927 0.008451 0.000000 0.000000 0.000000 0.003851 0.020073 0.000000 0.000000 0.016930 0.015176 0.000000 0.000000 0.000000 0.000000 0.035190 0.031216 0.013014 0.057981 0.035980 0.000000 0.001874 0.000000 0.006747 0.009247 0.012865 0.016769 0.001973 0.006390 0.000000 0.006675 0.000000 0.008676 0.024553 0.013686 0.000000 0.007034 0.000000 0.000000 0.035219 0.029487 0.004379 0.040907 0.027009 0.000000 0.000000 0.011326 0.005432 0.003498 0.015407 0.000000 0.000000 0.000000 0.000000 0.000000 0.006824 0.010372 0.034115 0.006459 0.000000 0.010426 0.000000 0.000000 0.000000 0.044112 0.004424 0.030648 0.000000 0.000000 0.000000 0.000000 0.000000 0.004939 0.004207 0.000000 0.000000 0.011167 0.000000 0.000000 0.000000 0.019239 0.023137 0.025680 
0.000000 0.000000 0.000271 0.000000 0.000000 0.000969 0.000321 0.000000 0.006695 0.001137 0.000000 0.000000 0.000000 0.000000 0.000000 0.000000 0.001054 0.000000 0.000000 0.001517 0.000000 0.000000 0.000000 0.000000 0.000000 0.000000 0.000000 0.000000 0.000000 0.000000 0.000000 0.000000 0.016886 0.000000 0.003396 0.008022 0.000000 0.000933 0.000000 0.000000 0.000232 0.000000 0.000000 0.001291 0.000000 0.000000 0.001364 0.000000 0.000000 0.000000 0.000000 0.000000 0.000000 0.000000 0.000000 0.000000 0.004946 0.000000 0.000000 0.002352 0.000000 0.000000 0.000000 0.000872 0.000000 0.000000 0.000000 0.000000 0.000000 0.000000 0.000000 0.000401 0.008095 0.004028 0.001839 0.011493 0.000000 0.000000 0.000000 0.025759 0.485206 0.089698 0.054979 0.265590 0.000000 0.000000 0.000000 0.000000 0.000000 0.000655 0.000000 0.000000 0.000000 0.000000 0.000000 0.000000 
0.000000 0.059001 0.022430 0.028847 0.094105 0.172621 0.281289 0.028926 0.116837 0.022631 0.044781 0.022055 0.106475 
0.359979 0.136763 0.038184 0.052834 0.043896 0.046176 0.000000 0.029957 0.037418 0.040522 0.092269 0.054197 0.067805 
0.243364 0.052413 0.016302 0.060078 0.057044 0.033154 0.177434 0.007361 0.012186 0.185181 0.007415 0.000024 0.148043 
0.000000 0.148481 0.044552 0.044240 0.050387 0.128768 0.275805 0.011170 0.010863 0.000000 0.111420 0.073189 0.101125 
0.000000 0.181509 0.008363 0.154421 0.343505 0.053985 0.000000 0.032368 0.135299 0.000000 0.038807 0.022008 0.029735 
0.197657 0.056599 0.000198 0.377326 0.060664 0.071845 0.000000 0.002171 0.156853 0.000000 0.061009 0.000039 0.015639 
0.000000 0.110006 0.019502 0.081257 0.106819 0.143808 0.000000 0.099201 0.071584 0.000000 0.279396 0.062374 0.026054 
0.000000 0.088590 0.306766 0.249143 0.067829 0.082047 0.000000 0.017610 0.038300 0.000000 0.082698 0.010590 0.056427 
0.000000 0.038949 0.007032 0.035134 0.000728 0.056060 0.000000 0.015487 0.699365 0.000000 0.116547 0.021874 0.008825 
0.000000 0.364052 0.004384 0.071271 0.017493 0.047960 0.078742 0.054167 0.180870 0.083668 0.054564 0.000033 0.042797 
0.000000 0.067109 0.004815 0.338264 0.176790 0.241658 0.000000 0.003942 0.035287 0.000000 0.059121 0.044924 0.028090 
0.000000 0.131530 0.069472 0.023431 0.011715 0.078861 0.349307 0.012047 0.017678 0.000000 0.095493 0.099891 0.110575 
0.000000 0.094545 0.019299 0.115691 0.359173 0.108122 0.027404 0.046228 0.113897 0.074160 0.003498 0.000040 0.037942 
0.018613 0.105100 0.014028 0.107524 0.118438 0.047009 0.000000 0.009606 0.042427 0.378013 0.105292 0.036448 0.017501 
0.000000 0.507187 0.086779 0.031852 0.018139 0.049894 0.000000 0.033430 0.052512 0.036628 0.117949 0.035463 0.030166 
0.000000 0.091282 0.019994 0.112868 0.271365 0.050154 0.026598 0.003164 0.071919 0.071050 0.236879 0.024362 0.020364 
0.163385 0.088181 0.066636 0.087663 0.020701 0.040441 0.000000 0.013616 0.288619 0.106349 0.089392 0.000040 0.034978 
0.000000 0.136037 0.278321 0.067697 0.059541 0.035818 0.000000 0.107548 0.013587 0.158368 0.093461 0.020449 0.029172 
0.000000 0.072798 0.077336 0.114392 0.109099 0.389762 0.000000 0.001679 0.082333 0.000000 0.048332 0.058443 0.045826 
0.000000 0.075753 0.011042 0.075848 0.057228 0.191046 0.020805 0.014514 0.015562 0.247217 0.228697 0.009619 0.052670 
0.000000 0.021094 0.000169 0.081000 0.030329 0.595726 0.037645 0.042879 0.010166 0.016620 0.071734 0.000048 0.092591 
0.000000 0.163643 0.352478 0.041669 0.055689 0.019586 0.000000 0.011208 0.033448 0.051620 0.258659 0.000039 0.011960 
0.000000 0.215696 0.000230 0.091303 0.029860 0.039896 0.017970 0.000664 0.440350 0.000000 0.129735 0.000040 0.034255 
0.000000 0.019639 0.001064 0.005956 0.002362 0.170063 0.424802 0.023968 0.000871 0.000000 0.014107 0.000019 0.337150 
0.570131 0.077540 0.033214 0.077827 0.108091 0.033628 0.000000 0.010527 0.001730 0.031567 0.036665 0.000023 0.019057 
0.000000 0.013575 0.014145 0.007485 0.048326 0.833540 0.000000 0.002082 0.008677 0.000000 0.019043 0.000025 0.053102 
0.000000 0.088300 0.021560 0.163923 0.011354 0.049429 0.000000 0.023584 0.245960 0.000000 0.241470 0.145521 0.008899 
0.000000 0.049862 0.047572 0.092711 0.041816 0.120232 0.302253 0.013318 0.016086 0.102637 0.009672 0.000034 0.203806 
0.000000 0.119838 0.012190 0.104586 0.169677 0.108750 0.128825 0.018845 0.060112 0.000000 0.089273 0.132523 0.055382 
0.000000 0.168544 0.057218 0.002671 0.276324 0.099493 0.000000 0.087366 0.030800 0.000000 0.202043 0.042342 0.033199 
0.000000 0.057885 0.021875 0.049086 0.013101 0.017391 0.032197 0.058335 0.069049 0.000000 0.418028 0.030755 0.232297 
0.000000 0.043906 0.014040 0.060804 0.102882 0.514369 0.000000 0.056276 0.030908 0.000000 0.069680 0.041834 0.065302 
0.023515 0.123953 0.004723 0.156556 0.240858 0.073411 0.000000 0.006332 0.010674 0.329718 0.018953 0.000039 0.011268 
0.000000 0.169999 0.146219 0.009175 0.015442 0.055276 0.000000 0.309157 0.014316 0.067106 0.083211 0.040673 0.089426 
0.000000 0.092389 0.010316 0.017366 0.013382 0.112394 0.000000 0.371229 0.030653 0.000000 0.075548 0.092484 0.184238 
0.033796 0.049255 0.002145 0.077860 0.037854 0.406979 0.000000 0.004556 0.227283 0.062646 0.039905 0.018027 0.039694 
0.000000 0.098291 0.000128 0.356292 0.070436 0.050151 0.000000 0.245975 0.020631 0.086954 0.019802 0.000034 0.051306 
0.222233 0.041814 0.014610 0.051707 0.065224 0.035320 0.073381 0.122332 0.007506 0.118271 0.005573 0.000041 0.241988 
0.000000 0.083772 0.027560 0.189775 0.052348 0.419283 0.000000 0.003183 0.033347 0.000000 0.105220 0.024657 0.060853 
0.000000 0.553598 0.014134 0.012271 0.010805 0.046921 0.000000 0.005608 0.143523 0.120120 0.068584 0.000032 0.024404 
0.000000 0.062780 0.011726 0.101938 0.278233 0.088356 0.000000 0.009202 0.312028 0.000000 0.099280 0.000033 0.036423 
0.000000 0.170840 0.179945 0.005023 0.028660 0.034250 0.000000 0.051646 0.011227 0.000000 0.107078 0.014520 0.396811 
0.024856 0.223875 0.006177 0.053673 0.086435 0.293245 0.035512 0.001822 0.008015 0.178966 0.037904 0.020413 0.029107 
0.000000 0.121370 0.133488 0.421948 0.072848 0.070162 0.000000 0.004842 0.036167 0.000000 0.101867 0.020921 0.016388 
0.000000 0.110672 0.089822 0.038078 0.340211 0.079736 0.000000 0.008301 0.179114 0.000000 0.115807 0.013175 0.025085 
0.049700 0.074939 0.041094 0.087634 0.037377 0.026903 0.000000 0.019723 0.071127 0.000000 0.499733 0.082195 0.009575 
0.000000 0.221718 0.000232 0.177472 0.061229 0.114488 0.000000 0.001036 0.028107 0.346666 0.025067 0.010475 0.013510 
0.000000 0.240326 0.015258 0.030887 0.065382 0.352751 0.000000 0.010395 0.019840 0.151358 0.054690 0.030964 0.028149 
0.000000 0.019098 0.011338 0.002176 0.011602 0.048394 0.418015 0.231351 0.020129 0.011102 0.033085 0.005860 0.187851 
0.442052 0.080954 0.022204 0.027966 0.024807 0.085641 0.000000 0.013429 0.039589 0.000000 0.131267 0.111687 0.020404 
0.000000 0.074922 0.033749 0.338441 0.078086 0.066761 0.000000 0.204236 0.023028 0.000000 0.105587 0.034921 0.040270 
0.000000 0.116108 0.031376 0.176336 0.233716 0.058321 0.000000 0.027935 0.035951 0.000000 0.075518 0.007646 0.237091 
0.000000 0.018752 0.000228 0.012720 0.009370 0.017249 0.055396 0.549940 0.211943 0.012415 0.045727 0.000033 0.066227 
0.000000 0.030965 0.104593 0.093512 0.045815 0.043504 0.000000 0.054568 0.019210 0.000000 0.159692 0.016049 0.432093 
0.000000 0.116740 0.012473 0.005216 0.086286 0.053581 0.069206 0.024550 0.035967 0.039116 0.357889 0.117666 0.081310 
0.000000 0.090803 0.122289 0.010127 0.060196 0.026249 0.000000 0.041734 0.025872 0.000000 0.259680 0.019912 0.343138 
0.000000 0.104267 0.009138 0.053754 0.037816 0.021712 0.000000 0.048562 0.069165 0.000000 0.319205 0.028896 0.307485 
0.032970 0.051617 0.100699 0.528543 0.036904 0.069452 0.000000 0.058506 0.001158 0.000000 0.084047 0.000027 0.036077 
0.000000 0.125925 0.034047 0.073293 0.022543 0.054281 0.000000 0.042598 0.058996 0.177950 0.209722 0.167638 0.033007 
0.008658 0.201031 0.054959 0.018745 0.044662 0.105775 0.000000 0.021820 0.065994 0.022255 0.320917 0.112636 0.022548 
0.000000 0.017086 0.002158 0.050527 0.015322 0.077515 0.499392 0.004950 0.108220 0.000000 0.041610 0.005792 0.177429 
0.000000 0.010121 0.009203 0.023999 0.020062 0.528597 0.000000 0.001804 0.179160 0.000000 0.184145 0.000039 0.042869 
0.000000 0.177859 0.030014 0.038136 0.021390 0.072609 0.000000 0.074118 0.154431 0.000000 0.125962 0.181617 0.123864 
0.000000 0.032755 0.000219 0.035106 0.083069 0.430691 0.000000 0.025591 0.026787 0.042896 0.019455 0.011028 0.292403 
0.000000 0.060826 0.002443 0.009871 0.026531 0.055570 0.127795 0.007466 0.570016 0.000000 0.060211 0.000039 0.079233 
0.261188 0.033571 0.005348 0.034079 0.002091 0.080067 0.317620 0.013070 0.004993 0.000000 0.005150 0.000030 0.242792 
0.138875 0.144235 0.291275 0.055581 0.043504 0.102559 0.000000 0.008606 0.093148 0.000000 0.087410 0.006385 0.028421 
0.000000 0.485339 0.008717 0.006777 0.060477 0.054361 0.000000 0.002957 0.197645 0.107492 0.055536 0.000027 0.020673 
0.000000 0.043322 0.016244 0.014865 0.171264 0.053713 0.000000 0.139579 0.014273 0.000000 0.071969 0.020984 0.453786 
0.000000 0.065007 0.002293 0.106595 0.017065 0.036777 0.000000 0.011030 0.625977 0.000000 0.092063 0.024140 0.019052 
0.233582 0.080521 0.061283 0.064365 0.040302 0.023719 0.018781 0.009728 0.087353 0.000000 0.336494 0.036687 0.007186 
0.000000 0.260475 0.016985 0.078021 0.028682 0.027013 0.000000 0.035267 0.063648 0.000000 0.452917 0.013134 0.023858 
0.000000 0.156275 0.015521 0.061437 0.104659 0.346426 0.000000 0.136406 0.014098 0.051445 0.046738 0.013079 0.053916 
0.000000 0.051070 0.002431 0.004388 0.243380 0.571677 0.000000 0.000357 0.030110 0.000000 0.040151 0.000029 0.056407 
0.000000 0.081061 0.255000 0.028008 0.139370 0.039935 0.036569 0.038586 0.059031 0.000000 0.101974 0.019654 0.200812 
0.000000 0.510275 0.150639 0.026074 0.008164 0.031076 0.000000 0.064623 0.021104 0.000000 0.148688 0.011063 0.028295 
0.088235 0.243517 0.051908 0.054918 0.094376 0.073698 0.000000 0.005727 0.075467 0.000000 0.219995 0.086552 0.005609 
0.000000 0.407602 0.017814 0.031993 0.035942 0.080743 0.063431 0.009232 0.023229 0.000000 0.193677 0.097888 0.038450 
0.155713 0.021409 0.010839 0.029783 0.020637 0.017128 0.000000 0.628514 0.031828 0.000000 0.006249 0.000038 0.077863 
0.000000 0.135761 0.032450 0.070110 0.206607 0.036364 0.000000 0.007421 0.167331 0.116937 0.099556 0.112137 0.015326 
0.000000 0.095751 0.069894 0.013500 0.025893 0.064538 0.000000 0.010864 0.544267 0.000000 0.133394 0.039092 0.002807 
0.000000 0.178347 0.058808 0.038233 0.083452 0.071032 0.022599 0.027574 0.048451 0.000000 0.219842 0.155582 0.096080 
0.000000 0.062050 0.035384 0.151311 0.119487 0.049509 0.000000 0.008083 0.096947 0.000000 0.416062 0.039995 0.021173 
0.000000 0.004450 0.000079 0.001432 0.007376 0.033438 0.000000 0.098498 0.004780 0.000000 0.000569 0.000020 0.849357 
0.000000 0.104666 0.022388 0.169552 0.126389 0.029181 0.000000 0.010918 0.077896 0.000000 0.385988 0.039520 0.033501 
0.000000 0.033233 0.004339 0.074967 0.007128 0.043042 0.000000 0.013191 0.712494 0.000000 0.105333 0.002309 0.003964 
0.000000 0.123236 0.030004 0.013702 0.364952 0.045409 0.000000 0.017755 0.083296 0.000000 0.278940 0.027802 0.014904 
0.000000 0.039805 0.009151 0.069345 0.126993 0.193951 0.333493 0.093337 0.027754 0.000000 0.006362 0.000042 0.099768 
0.000000 0.111581 0.296883 0.014932 0.037560 0.068570 0.228183 0.003678 0.081949 0.000000 0.071116 0.000042 0.085507 
0.000000 0.315544 0.240075 0.130481 0.033772 0.030670 0.000000 0.072889 0.054888 0.000000 0.104837 0.000041 0.016803 
0.130516 0.148092 0.015461 0.363461 0.086448 0.078115 0.000000 0.003974 0.043610 0.076538 0.046574 0.000045 0.007166 
0.000000 0.492138 0.171180 0.013423 0.009706 0.081463 0.000000 0.009341 0.017020 0.000000 0.190059 0.000034 0.015635 
0.048659 0.032628 0.014151 0.032867 0.060472 0.091831 0.340289 0.000110 0.022704 0.055304 0.191962 0.007021 0.102002 
0.000000 0.158045 0.000163 0.007232 0.000337 0.029019 0.000000 0.612496 0.059938 0.000000 0.048803 0.000036 0.083932 
0.039027 0.028422 0.028714 0.015831 0.077135 0.567769 0.000000 0.011696 0.030237 0.000000 0.054688 0.015032 0.131448 
0.000000 0.060802 0.042584 0.025801 0.063739 0.048183 0.000000 0.011915 0.090338 0.000000 0.612670 0.029024 0.014943 
0.009530 0.123600 0.019587 0.106255 0.068123 0.046851 0.000000 0.175258 0.039363 0.094955 0.254325 0.009531 0.052621 
0.204552 0.029701 0.006785 0.011529 0.023650 0.063531 0.103588 0.207038 0.101877 0.011088 0.007453 0.003936 0.225271 
0.000000 0.019209 0.031239 0.017970 0.016830 0.047654 0.027860 0.110076 0.131556 0.000000 0.076537 0.008237 0.512831 
0.000000 0.125208 0.017929 0.073657 0.137396 0.067265 0.000000 0.022734 0.063010 0.040403 0.230234 0.202065 0.020099 
0.017259 0.233183 0.065294 0.035286 0.048798 0.101610 0.000000 0.015497 0.070397 0.000000 0.219102 0.097585 0.095988 
0.093232 0.116077 0.013943 0.001565 0.019944 0.157064 0.000000 0.473998 0.018512 0.000000 0.016021 0.000024 0.089619 
0.000000 0.277637 0.022002 0.040163 0.019577 0.063861 0.000000 0.005395 0.378100 0.000000 0.119840 0.057037 0.016388 
0.000000 0.065519 0.086873 0.409852 0.053553 0.049651 0.000000 0.028129 0.016597 0.000000 0.187705 0.006988 0.095132 
0.000000 0.152387 0.017508 0.027301 0.066183 0.414819 0.071648 0.003364 0.048762 0.000000 0.073199 0.030768 0.094060 
0.229860 0.252370 0.040597 0.051734 0.016057 0.040601 0.025219 0.232453 0.032334 0.000000 0.018729 0.003996 0.056051 
0.000000 0.059128 0.000202 0.130921 0.063595 0.449524 0.000000 0.004108 0.002237 0.200189 0.003935 0.005171 0.080989 
0.215284 0.093546 0.027761 0.127292 0.033581 0.042147 0.000000 0.014667 0.034017 0.200987 0.135534 0.063965 0.011220 
0.000000 0.039384 0.158137 0.022483 0.023650 0.170718 0.000000 0.064604 0.027599 0.000000 0.039962 0.000037 0.453426 
0.026009 0.110705 0.034104 0.006050 0.309000 0.255762 0.000000 0.013817 0.025964 0.000000 0.110580 0.048112 0.059897 
0.000000 0.034822 0.001116 0.140557 0.025681 0.027801 0.000000 0.172022 0.225155 0.000000 0.328976 0.018526 0.025346 
0.008569 0.168734 0.035966 0.036442 0.041346 0.078940 0.000000 0.113532 0.067633 0.000000 0.357968 0.072790 0.018081 
0.090074 0.405893 0.000266 0.094349 0.087151 0.098822 0.097277 0.000532 0.022806 0.000000 0.052935 0.011055 0.038840 
0.287713 0.262831 0.192461 0.059186 0.029705 0.033385 0.000000 0.002445 0.022950 0.000000 0.088014 0.003797 0.017511 
0.000000 0.139415 0.116007 0.032209 0.242438 0.205441 0.000000 0.005573 0.020758 0.118394 0.094028 0.000045 0.025690 
0.319315 0.028789 0.062199 0.190728 0.049631 0.129743 0.096283 0.033701 0.002105 0.000000 0.030223 0.004725 0.052559 
0.000000 0.134595 0.295575 0.004384 0.055976 0.029806 0.000000 0.015535 0.070087 0.000000 0.337782 0.012337 0.043923 
0.000000 0.186019 0.145340 0.014528 0.038012 0.060677 0.000000 0.265818 0.101990 0.024102 0.106714 0.009936 0.046863 
0.000000 0.125509 0.059983 0.032089 0.042058 0.059628 0.011164 0.452086 0.034672 0.000000 0.049971 0.033076 0.099763 
0.000000 0.169502 0.124122 0.029790 0.042542 0.064218 0.057875 0.011108 0.295228 0.000000 0.151194 0.027308 0.027112 
0.000000 0.067095 0.048610 0.034641 0.009931 0.046270 0.000000 0.017976 0.493268 0.000000 0.149083 0.120379 0.012746 
0.023715 0.090557 0.011918 0.003326 0.373144 0.083075 0.143716 0.010423 0.050485 0.000000 0.066996 0.000037 0.142608 
0.000000 0.044693 0.013142 0.022698 0.024911 0.016449 0.000000 0.646889 0.074939 0.000000 0.051779 0.009198 0.095301 
0.000000 0.141521 0.012106 0.198131 0.367666 0.055429 0.000000 0.002503 0.041824 0.000000 0.150956 0.015784 0.014081 
0.000000 0.071834 0.075559 0.055573 0.049622 0.119385 0.349515 0.000083 0.019826 0.045039 0.085918 0.019461 0.108186 
0.000000 0.295269 0.070969 0.019702 0.041101 0.071319 0.000000 0.150456 0.059672 0.000000 0.144254 0.116838 0.030419 
0.000000 0.086721 0.024463 0.014665 0.151132 0.062182 0.000000 0.018324 0.297763 0.000000 0.284891 0.047818 0.012041 
0.203471 0.156501 0.024262 0.041691 0.374558 0.059877 0.000000 0.002047 0.034653 0.000000 0.085238 0.004559 0.013143 
0.023213 0.238671 0.003445 0.118114 0.035854 0.439380 0.000000 0.039200 0.014561 0.000000 0.032934 0.000036 0.054590 
0.000000 0.049816 0.003809 0.061035 0.012678 0.036708 0.000000 0.083216 0.004717 0.000000 0.020260 0.000029 0.727733 
0.018488 0.130626 0.041615 0.040182 0.063347 0.074623 0.000000 0.057100 0.053604 0.000000 0.249292 0.261306 0.009819 
0.000000 0.042410 0.013136 0.162914 0.026861 0.037723 0.000000 0.057544 0.192967 0.000000 0.057041 0.000034 0.409369 
0.000000 0.016900 0.000275 0.292040 0.044499 0.379487 0.045551 0.063910 0.018015 0.000000 0.063384 0.014922 0.061017 
0.000000 0.466105 0.012432 0.040198 0.115640 0.062339 0.066890 0.008774 0.039730 0.000000 0.154995 0.000045 0.032855 
0.056571 0.092727 0.026515 0.123691 0.154637 0.164505 0.000000 0.008821 0.045079 0.244419 0.026290 0.008554 0.048192 
0.117433 0.137337 0.333599 0.063951 0.022574 0.079620 0.000000 0.024436 0.023731 0.050379 0.092954 0.024045 0.029942 
0.000000 0.509303 0.032040 0.003209 0.043413 0.050853 0.000000 0.034384 0.043444 0.000000 0.092763 0.000028 0.190562 
0.000000 0.152579 0.048322 0.022567 0.003441 0.037435 0.082520 0.117236 0.048047 0.049331 0.346196 0.035152 0.057174 
0.000000 0.179251 0.032782 0.012543 0.065963 0.259539 0.054739 0.037121 0.042564 0.000000 0.221016 0.052029 0.042453 
0.000000 0.129010 0.047267 0.018604 0.016376 0.051129 0.000000 0.016938 0.557644 0.000000 0.110923 0.044767 0.007342 
0.000000 0.231682 0.200412 0.156236 0.097688 0.064756 0.000000 0.003303 0.142220 0.000000 0.082357 0.000041 0.021306 
0.000000 0.048054 0.011813 0.045055 0.022724 0.050751 0.000000 0.034107 0.593111 0.000000 0.143872 0.042362 0.008151 
0.000000 0.003991 0.003702 0.007345 0.009362 0.078295 0.000000 0.114879 0.004406 0.000000 0.037242 0.000021 0.740756 
0.000000 0.064963 0.041296 0.034045 0.021895 0.030513 0.000000 0.008688 0.125872 0.051651 0.503140 0.111140 0.006797 
0.000000 0.158164 0.027074 0.055791 0.045498 0.051446 0.000000 0.145571 0.065835 0.073424 0.164817 0.185609 0.026771 
0.402482 0.131023 0.146326 0.039178 0.039875 0.023107 0.052682 0.005405 0.065148 0.000000 0.069689 0.000042 0.025043 
0.000000 0.084868 0.060521 0.027127 0.071555 0.519364 0.112203 0.017909 0.005707 0.000000 0.032193 0.015251 0.053303 
0.017381 0.330026 0.041348 0.032569 0.078605 0.084805 0.000000 0.007377 0.043683 0.000000 0.201600 0.152854 0.009750 
0.000000 0.357271 0.006165 0.048565 0.181477 0.079719 0.134881 0.005623 0.040316 0.029543 0.064994 0.000041 0.051406 
0.000000 0.222472 0.169383 0.014964 0.061846 0.077712 0.068382 0.010359 0.091009 0.000000 0.188040 0.065485 0.030349 
0.072496 0.056676 0.006138 0.027798 0.008098 0.048074 0.000000 0.641469 0.023990 0.000000 0.031755 0.000046 0.083461 
0.016331 0.126937 0.022421 0.074337 0.127258 0.034702 0.000000 0.003859 0.032855 0.481852 0.060484 0.000040 0.018924 
0.166808 0.042824 0.010630 0.072679 0.010701 0.029620 0.000000 0.008332 0.581891 0.000000 0.069181 0.000040 0.007293 
0.014293 0.045311 0.049715 0.173500 0.054494 0.415258 0.000000 0.010270 0.015124 0.000000 0.126694 0.017385 0.077956 
0.000000 0.189459 0.044256 0.009588 0.068145 0.105644 0.170739 0.009219 0.054259 0.000000 0.191790 0.082813 0.074088 
0.000000 0.148632 0.020891 0.225814 0.229930 0.086898 0.000000 0.008844 0.033151 0.000000 0.122647 0.058010 0.065184 
0.012952 0.031432 0.007881 0.014132 0.040080 0.087533 0.397428 0.014228 0.178953 0.000000 0.109153 0.000040 0.106188 
0.000000 0.073269 0.003299 0.275520 0.015588 0.053797 0.234187 0.037789 0.006003 0.000000 0.016305 0.000046 0.284196 
0.141387 0.073378 0.046433 0.080199 0.063698 0.042213 0.016000 0.013020 0.024299 0.325124 0.031494 0.052790 0.089966 
0.000000 0.039988 0.008343 0.059168 0.114248 0.265171 0.000000 0.057556 0.017087 0.000000 0.014493 0.000034 0.423910 
0.000000 0.081800 0.089988 0.004373 0.008044 0.087842 0.360404 0.009112 0.031814 0.039227 0.093445 0.076302 0.117649 
0.052235 0.468422 0.026947 0.084287 0.027158 0.191596 0.000000 0.003799 0.033932 0.000000 0.066995 0.018487 0.026142 
0.052127 0.064680 0.000203 0.287858 0.074579 0.106365 0.000000 0.234778 0.059142 0.035507 0.027029 0.006490 0.051240 
0.213408 0.076659 0.031206 0.057418 0.046984 0.038611 0.000000 0.020975 0.433297 0.000000 0.072776 0.000035 0.008631 
0.000000 0.076503 0.011786 0.179202 0.052455 0.065069 0.089321 0.011516 0.036822 0.000000 0.370254 0.066733 0.040340 
0.000000 0.036776 0.024278 0.033752 0.031819 0.590931 0.000000 0.002479 0.035983 0.000000 0.167513 0.035296 0.041174 
0.000000 0.120847 0.017096 0.206246 0.455488 0.052249 0.000000 0.000035 0.024944 0.110630 0.003995 0.000029 0.008440 
0.012960 0.093065 0.004082 0.146496 0.036096 0.052483 0.000000 0.013021 0.029762 0.472978 0.019584 0.000023 0.119451 
0.015961 0.085901 0.069706 0.085653 0.038707 0.045202 0.000000 0.015775 0.310278 0.249807 0.030714 0.008981 0.043315 
0.000000 0.026763 0.017894 0.060784 0.036350 0.043961 0.000000 0.064804 0.026732 0.000000 0.279782 0.028660 0.414269 
0.000000 0.104804 0.026399 0.021288 0.004426 0.062500 0.000000 0.064312 0.041924 0.000000 0.240449 0.217969 0.215930 
0.056161 0.407187 0.011047 0.026789 0.055938 0.067644 0.000000 0.047417 0.053229 0.000000 0.072388 0.000044 0.202156 
0.000000 0.110877 0.068969 0.074614 0.054383 0.023104 0.000000 0.219092 0.014616 0.218269 0.119521 0.054254 0.042301 
0.000000 0.286680 0.049146 0.021930 0.093775 0.117761 0.000000 0.026064 0.031008 0.000000 0.214925 0.126449 0.032263 
0.000000 0.357831 0.043570 0.024769 0.006348 0.190125 0.099136 0.042849 0.053478 0.000000 0.063123 0.000037 0.118734 
0.000000 0.133835 0.028377 0.380568 0.077356 0.139893 0.021491 0.007460 0.036708 0.000000 0.090515 0.061452 0.022345 
0.047175 0.107486 0.006794 0.088074 0.157206 0.044667 0.000000 0.003551 0.033985 0.474821 0.013956 0.006994 0.015291 
0.065091 0.136107 0.036543 0.078415 0.018605 0.069658 0.000000 0.030899 0.030750 0.210391 0.148026 0.143971 0.031543 
0.000000 0.088527 0.005065 0.159368 0.045786 0.031253 0.000000 0.531352 0.010320 0.030046 0.006761 0.000038 0.091484 
0.000000 0.108694 0.006072 0.001667 0.000678 0.109503 0.589579 0.000138 0.010047 0.014820 0.008386 0.000037 0.150379 
0.012935 0.021236 0.003922 0.567181 0.070027 0.071162 0.000000 0.016416 0.002213 0.000000 0.034626 0.000020 0.200262 
0.000000 0.100547 0.080226 0.007767 0.345165 0.044933 0.000000 0.118367 0.046676 0.052607 0.088671 0.000032 0.115008 
0.000000 0.036953 0.000346 0.031450 0.018089 0.165932 0.427862 0.000047 0.004150 0.127337 0.022346 0.000028 0.165458 
0.015970 0.146264 0.038224 0.009031 0.002476 0.087659 0.120034 0.032029 0.079055 0.000000 0.155566 0.166817 0.146877 
0.000000 0.114380 0.026226 0.017051 0.030538 0.114528 0.000000 0.064238 0.038213 0.000000 0.132642 0.125781 0.336403 
0.000000 0.204699 0.031203 0.109966 0.072609 0.070492 0.000000 0.005446 0.060048 0.000000 0.348572 0.069248 0.027717 
0.000000 0.086586 0.019706 0.006482 0.013093 0.120049 0.390890 0.048878 0.036542 0.021010 0.066508 0.043850 0.146405 
0.000000 0.105360 0.148663 0.151038 0.027497 0.065151 0.082523 0.008989 0.028208 0.000000 0.329005 0.021261 0.032305 
0.014027 0.134921 0.138501 0.014375 0.041116 0.116404 0.162686 0.020661 0.014276 0.000000 0.144873 0.058448 0.139712 
0.152402 0.075882 0.182564 0.054318 0.026755 0.022518 0.000000 0.055377 0.019913 0.000000 0.084454 0.000044 0.325772 
0.000000 0.082882 0.031029 0.291947 0.057452 0.024467 0.000000 0.012381 0.054292 0.000000 0.386368 0.021920 0.037262 
0.000000 0.036063 0.003716 0.198443 0.076489 0.065225 0.000000 0.399885 0.002146 0.155490 0.010506 0.014572 0.037466 
0.000000 0.070045 0.017600 0.037110 0.263114 0.255742 0.000000 0.000162 0.010600 0.000000 0.282022 0.040112 0.023492 
0.000000 0.034098 0.000260 0.622401 0.081191 0.213732 0.000000 0.000135 0.006677 0.000000 0.006819 0.000031 0.034656 
0.000000 0.178976 0.013129 0.196084 0.040515 0.292740 0.030425 0.019896 0.038007 0.000000 0.100571 0.034641 0.055015 
0.082998 0.024196 0.028157 0.035945 0.024205 0.016015 0.000000 0.082856 0.041420 0.000000 0.086839 0.109421 0.467948 
0.000000 0.140996 0.338399 0.005245 0.063673 0.052420 0.181746 0.005163 0.001177 0.000000 0.118655 0.028348 0.064177 
0.058984 0.013902 0.010143 0.010355 0.045213 0.643512 0.128598 0.000203 0.012839 0.000000 0.004089 0.000041 0.072121 
0.037593 0.087229 0.017610 0.104281 0.234668 0.197886 0.000000 0.029487 0.033802 0.037816 0.007483 0.031331 0.180814 
0.000000 0.038865 0.000219 0.487577 0.107393 0.173921 0.000000 0.002441 0.089073 0.000000 0.049663 0.023760 0.027088 
0.000000 0.054253 0.026121 0.152898 0.057139 0.039518 0.000000 0.013866 0.265169 0.000000 0.372702 0.009300 0.009033 
0.000000 0.058799 0.026987 0.035872 0.010991 0.010992 0.007496 0.016344 0.549750 0.000000 0.264027 0.010532 0.008211 
0.000000 0.091081 0.011265 0.269834 0.346277 0.084027 0.000000 0.022622 0.048654 0.000000 0.066037 0.000030 0.060174 
0.000000 0.620717 0.123614 0.003429 0.011617 0.049694 0.000000 0.008505 0.048883 0.000000 0.098079 0.019551 0.015911 
0.000000 0.119904 0.022555 0.039757 0.039552 0.048827 0.000000 0.125115 0.042975 0.000000 0.213240 0.187994 0.160080 
0.019203 0.216423 0.019800 0.030516 0.063329 0.104274 0.000000 0.014510 0.032496 0.214920 0.136428 0.102005 0.046096 
0.000000 0.150284 0.328198 0.008080 0.208861 0.079989 0.000000 0.013129 0.002792 0.000000 0.137585 0.016955 0.054127 
0.000000 0.071518 0.052615 0.388462 0.144721 0.100229 0.000000 0.078220 0.086066 0.000000 0.024630 0.000023 0.053515 
0.000000 0.108980 0.000483 0.054844 0.032385 0.067545 0.000000 0.014030 0.361119 0.210254 0.119194 0.016666 0.014500 
0.000000 0.395528 0.012189 0.189022 0.052458 0.233548 0.000000 0.005749 0.052012 0.000000 0.027740 0.000040 0.031715 
0.000000 0.376459 0.019126 0.019716 0.011790 0.145501 0.000000 0.185567 0.037530 0.000000 0.104183 0.073744 0.026382 
0.000000 0.120041 0.022288 0.451411 0.125390 0.093496 0.000000 0.004350 0.058600 0.000000 0.051902 0.059694 0.012830 
0.032791 0.225948 0.057803 0.024902 0.073585 0.069329 0.000000 0.009012 0.065134 0.143327 0.160275 0.110644 0.027250 
0.000000 0.014977 0.011778 0.008439 0.003789 0.161666 0.525460 0.012524 0.003194 0.000000 0.019798 0.001603 0.236771 
0.709769 0.032936 0.023664 0.085139 0.033191 0.024269 0.000000 0.012985 0.013919 0.000000 0.019079 0.017283 0.027765 
0.329468 0.076138 0.030668 0.318667 0.056569 0.070137 0.000000 0.001527 0.029520 0.000000 0.051108 0.026826 0.009371 
0.000000 0.010628 0.007625 0.026713 0.039091 0.673677 0.095364 0.004648 0.008320 0.000000 0.006012 0.000024 0.127899 
0.022514 0.076675 0.007474 0.021187 0.348854 0.050929 0.162219 0.022180 0.042983 0.000000 0.092627 0.000039 0.152320 
0.000000 0.078689 0.009335 0.029816 0.011182 0.034798 0.000000 0.300324 0.193639 0.000000 0.165176 0.123023 0.054017 
0.000000 0.149013 0.009878 0.122622 0.092254 0.041065 0.000000 0.027383 0.029627 0.299626 0.207116 0.007575 0.013841 
0.010401 0.001508 0.002452 0.009465 0.008378 0.024036 0.000000 0.756459 0.009431 0.000000 0.008298 0.000044 0.169527 
0.439730 0.037118 0.011334 0.054281 0.029833 0.009391 0.038659 0.182889 0.007536 0.000000 0.032704 0.000028 0.156497 
0.000000 0.026651 0.000569 0.026991 0.111026 0.705617 0.000000 0.010124 0.019484 0.000000 0.038014 0.007547 0.053979 
0.000000 0.030004 0.000489 0.050401 0.009846 0.527745 0.130565 0.014059 0.021007 0.016651 0.058808 0.046166 0.094259 
0.023866 0.143221 0.016504 0.197343 0.038794 0.063781 0.111072 0.004701 0.005522 0.230359 0.105784 0.006173 0.052878 
0.064334 0.040123 0.021109 0.038032 0.029427 0.022261 0.000000 0.066519 0.029140 0.000000 0.224111 0.000039 0.464904 
0.000000 0.202624 0.047643 0.098840 0.192052 0.089377 0.000000 0.005896 0.146887 0.000000 0.126185 0.065499 0.024998 
0.123941 0.193599 0.007054 0.059227 0.029251 0.044357 0.000000 0.009585 0.339741 0.061476 0.096234 0.011724 0.023811 
0.019237 0.042159 0.032919 0.196056 0.020542 0.023306 0.064788 0.015236 0.043281 0.000000 0.369469 0.046685 0.126322 
0.000000 0.029043 0.024685 0.028901 0.023506 0.027016 0.047172 0.072927 0.149137 0.000000 0.044298 0.000039 0.553275 
0.000000 0.036251 0.041942 0.118587 0.120207 0.038754 0.000000 0.031417 0.310546 0.000000 0.083525 0.024019 0.194750 
0.000000 0.190549 0.012535 0.002568 0.277103 0.290626 0.000000 0.026634 0.028062 0.000000 0.045742 0.000030 0.126151 
0.000000 0.147485 0.449959 0.036690 0.025405 0.038342 0.000000 0.026915 0.001387 0.065450 0.185397 0.011496 0.011474 
0.000000 0.215265 0.025560 0.064556 0.039914 0.106403 0.000000 0.011939 0.099467 0.000000 0.361273 0.055799 0.019822 
0.000000 0.039689 0.011960 0.127186 0.044799 0.038174 0.000000 0.056306 0.098337 0.000000 0.031230 0.000029 0.552289 
0.000000 0.227429 0.040532 0.027849 0.055183 0.150405 0.017037 0.011946 0.084398 0.000000 0.194244 0.158332 0.032647 
0.000000 0.172740 0.017209 0.156928 0.057979 0.035052 0.000000 0.003256 0.022230 0.490961 0.013058 0.007199 0.023389 
0.000000 0.251894 0.098116 0.031133 0.063784 0.089260 0.000000 0.013560 0.061566 0.000000 0.214583 0.153761 0.022342 
0.000000 0.304631 0.051726 0.026183 0.069309 0.052109 0.108930 0.021739 0.045770 0.000000 0.227009 0.042847 0.049747 
0.000000 0.662924 0.040710 0.008962 0.012629 0.057596 0.000000 0.017707 0.044005 0.000000 0.132328 0.013419 0.009721 
0.000000 0.378207 0.011218 0.001174 0.000411 0.079734 0.252684 0.006026 0.137747 0.000000 0.044020 0.000033 0.088747 
0.206696 0.215337 0.023347 0.047596 0.099640 0.043051 0.000000 0.013106 0.021094 0.000000 0.204219 0.058382 0.067532 
0.000000 0.168131 0.086169 0.068762 0.071694 0.052945 0.000000 0.023011 0.188016 0.108695 0.124661 0.101097 0.006820 
