-1965373.893854
0
0.006254 0.007797 0.000000 0.000000 0.000000 0.003676 0.000000 0.004576 0.040137 0.000000 0.301706 0.003549 0.001642 0.000000 0.000000 0.008300 0.011874 0.000000 0.004220 0.005092 0.000000 0.003449 0.000000 0.004293 0.000000 0.005617 0.000000 0.000000 0.000000 0.000000 0.000000 0.000000 0.020568 0.000000 0.175297 0.004099 0.000000 0.000000 0.000000 0.000000 0.000000 0.000000 0.000000 0.000000 0.000000 0.002486 0.000000 0.000000 0.005538 0.002452 0.000000 0.000000 0.000000 0.004801 0.000000 0.002770 0.024702 0.000000 0.153199 0.006145 0.000000 0.000000 0.000000 0.000000 0.003990 0.000000 0.000000 0.005080 0.000000 0.000000 0.000000 0.000000 0.008281 0.005695 0.002186 0.000000 0.000000 0.000000 0.000000 0.000000 0.000000 0.000000 0.141003 0.000000 0.001633 0.000000 0.000000 0.000000 0.004967 0.000000 0.010276 0.000000 0.000000 0.000000 0.002649 0.000000 
0.050344 0.041705 0.000000 0.036839 0.008551 0.005351 0.000000 0.009334 0.017089 0.002759 0.006549 0.027919 0.019055 0.018240 0.019715 0.034444 0.015215 0.008232 0.008076 0.028362 0.004472 0.000514 0.010885 0.000000 0.039389 0.026570 0.000000 0.013934 0.007543 0.006969 0.000000 0.009372 0.000000 0.000000 0.000000 0.021263 0.013939 0.020946 0.019550 0.036397 0.002569 0.010077 0.000000 0.009127 0.002428 0.002286 0.008851 0.005368 0.025701 0.013971 0.000000 0.015834 0.000000 0.000000 0.000000 0.005971 0.000000 0.000000 0.000000 0.005209 0.013686 0.009960 0.011943 0.027786 0.000000 0.000000 0.000000 0.007181 0.000000 0.000000 0.008777 0.007748 0.032650 0.012889 0.001028 0.040518 0.000000 0.000000 0.000000 0.000000 0.000000 0.000000 0.000000 0.009456 0.020267 0.013018 0.011625 0.041763 0.000000 0.002401 0.000000 0.011731 0.000000 0.000000 0.009903 0.008760 
0.000000 0.000000 0.000000 0.000000 0.000000 0.000000 0.000982 0.000000 0.000000 0.012826 0.047318 0.000000 0.000000 0.016339 0.000000 0.015332 0.000000 0.000000 0.000000 0.003849 0.000000 0.000000 0.000000 0.000000 0.013103 0.000000 0.000000 0.000000 0.000000 0.000000 0.000000 0.000000 0.000000 0.000000 0.000000 0.006231 0.002970 0.004827 0.002579 0.000000 0.000000 0.000000 0.000000 0.000000 0.000000 0.000000 0.000000 0.000000 0.000000 0.000000 0.000000 0.000000 0.004131 0.000000 0.000000 0.001958 0.031107 0.232021 0.312065 0.109955 0.000000 0.000000 0.006437 0.006092 0.016079 0.095468 0.000000 0.006499 0.000000 0.000000 0.007689 0.000000 0.007072 0.000000 0.004631 0.000000 0.000000 0.005566 0.000000 0.000000 0.000000 0.000000 0.018256 0.000000 0.000000 0.000000 0.000000 0.000000 0.000000 0.006113 0.000000 0.000000 0.000000 0.000000 0.000000 0.002504 
0.000000 0.000000 0.000000 0.005446 0.001572 0.000000 0.000000 0.000000 0.000000 0.000000 0.000000 0.002399 0.000000 0.000000 0.000000 0.000000 0.000000 0.003745 0.000000 0.001255 0.000000 0.005095 0.003206 0.013285 0.003406 0.000000 0.000000 0.004971 0.000000 0.000683 0.000000 0.000000 0.000000 0.000000 0.007010 0.000000 0.000000 0.000000 0.000000 0.000000 0.000000 0.000000 0.000000 0.000000 0.000000 0.000000 0.003771 0.020177 0.001335 0.000000 0.000000 0.000000 0.000000 0.000000 0.000000 0.000000 0.000000 0.000000 0.015669 0.009799 0.000000 0.000000 0.000000 0.000000 0.004170 0.008314 0.003168 0.013338 0.000000 0.002797 0.000000 0.000000 0.045529 0.009250 0.001923 0.366233 0.000000 0.000000 0.000000 0.000000 0.000000 0.020792 0.256973 0.039181 0.000000 0.000000 0.000000 0.001325 0.000861 0.011189 0.007438 0.008907 0.003583 0.010799 0.001537 0.079867 
0.000000 0.000000 0.000000 0.000000 0.000000 0.000000 0.000000 0.000000 0.000000 0.011505 0.000000 0.000000 0.001488 0.000000 0.000000 0.003552 0.000000 0.000000 0.000000 0.000000 0.000000 0.000000 0.001002 0.000000 0.000000 0.000000 0.000000 0.000000 0.000000 0.000000 0.001213 0.000000 0.094221 0.124813 0.029651 0.093636 0.000000 0.000000 0.000000 0.001407 0.000000 0.000000 0.000000 0.003583 0.000000 0.001894 0.000000 0.000000 0.000000 0.000000 0.000000 0.000000 0.000000 0.000781 0.000000 0.000000 0.000000 0.017360 0.000000 0.017760 0.000000 0.000000 0.000000 0.000000 0.000000 0.000000 0.000000 0.009978 0.000000 0.000000 0.002002 0.000000 0.000000 0.000000 0.000000 0.000000 0.000000 0.000000 0.000000 0.000000 0.031495 0.371315 0.130112 0.035706 0.000000 0.001491 0.000000 0.005832 0.002258 0.000000 0.002310 0.002287 0.000000 0.000000 0.001348 0.000000 
0.001063 0.000000 0.000000 0.000000 0.002590 0.000000 0.000000 0.001851 0.009009 0.000000 0.000000 0.000000 0.006135 0.007225 0.003218 0.003579 0.065074 0.041160 0.065925 0.030316 0.000000 0.001806 0.001272 0.003263 0.007807 0.003653 0.003059 0.000000 0.000735 0.001157 0.000000 0.000000 0.021176 0.000000 0.003066 0.016573 0.000000 0.007083 0.000000 0.001060 0.039646 0.047742 0.055756 0.040264 0.000000 0.005442 0.003449 0.006805 0.001695 0.005893 0.000000 0.000000 0.000000 0.000000 0.000000 0.000000 0.014882 0.006382 0.000000 0.011733 0.000000 0.004300 0.000000 0.000000 0.069496 0.034207 0.051112 0.048567 0.000000 0.000000 0.000000 0.003939 0.000000 0.006977 0.001750 0.000000 0.000686 0.000000 0.000000 0.000000 0.004582 0.000000 0.000000 0.000000 0.006059 0.014083 0.002711 0.005290 0.060729 0.041951 0.039812 0.044108 0.000000 0.004466 0.001059 0.005570 
0.000000 0.000845 0.000000 0.000000 0.000000 0.000000 0.000000 0.003871 0.000000 0.000000 0.000000 0.000000 0.000000 0.000992 0.000000 0.000000 0.000000 0.000000 0.000000 0.000000 0.000000 0.000000 0.000000 0.000000 0.000000 0.000000 0.000000 0.000000 0.005470 0.000000 0.000000 0.005198 0.000000 0.000000 0.000000 0.000000 0.000000 0.000000 0.000000 0.000000 0.000000 0.000000 0.000000 0.000000 0.000000 0.000000 0.000000 0.000000 0.000000 0.000706 0.000000 0.000000 0.000000 0.000000 0.000000 0.000000 0.000000 0.000000 0.000000 0.000004 0.000000 0.000000 0.000000 0.000000 0.000000 0.000000 0.000000 0.000000 0.000000 0.000000 0.000000 0.000000 0.058463 0.019576 0.002335 0.019680 0.333002 0.071403 0.011586 0.391498 0.071292 0.003661 0.000000 0.000000 0.000000 0.000000 0.000000 0.000000 0.000420 0.000000 0.000000 0.000000 0.000000 0.000000 0.000000 0.000000 
0.003059 0.000000 0.000000 0.000000 0.002746 0.000964 0.000000 0.003557 0.003790 0.000000 0.000000 0.000000 0.014475 0.001675 0.006171 0.021310 0.025767 0.004045 0.010071 0.028512 0.054947 0.009632 0.006552 0.034748 0.000000 0.000000 0.000000 0.000000 0.000000 0.000000 0.000000 0.001812 0.006501 0.000000 0.002927 0.000000 0.005829 0.000000 0.001300 0.000000 0.013203 0.000000 0.011905 0.039763 0.040285 0.008539 0.016204 0.090910 0.012828 0.004180 0.000000 0.003111 0.000000 0.003558 0.000000 0.005537 0.000000 0.000000 0.000000 0.005295 0.001697 0.000000 0.001108 0.000000 0.000000 0.004599 0.000000 0.004857 0.013519 0.000000 0.003332 0.031194 0.032558 0.000000 0.000000 0.045608 0.000000 0.000000 0.000000 0.000000 0.000000 0.000000 0.000000 0.000000 0.032695 0.000000 0.022026 0.008591 0.008588 0.009778 0.003179 0.043118 0.098757 0.013415 0.012157 0.103512 
0.000000 0.004514 0.000000 0.041882 0.000000 0.000000 0.000000 0.000000 0.029094 0.023409 0.049756 0.025372 0.000000 0.000000 0.000000 0.000000 0.000000 0.003990 0.000000 0.001091 0.000000 0.002137 0.000000 0.006718 0.004856 0.000000 0.000000 0.166117 0.000000 0.000000 0.000000 0.000000 0.000000 0.000000 0.017220 0.011026 0.000000 0.003452 0.000000 0.002941 0.000000 0.004278 0.000000 0.001927 0.000000 0.002807 0.000000 0.008020 0.001942 0.017342 0.000000 0.112172 0.000000 0.000000 0.000000 0.000000 0.054341 0.054545 0.111861 0.057940 0.000000 0.002630 0.000000 0.000000 0.007822 0.019793 0.008816 0.009347 0.000000 0.002995 0.001864 0.000000 0.000000 0.023172 0.000000 0.066912 0.000000 0.000000 0.000000 0.000000 0.000000 0.013899 0.000000 0.008296 0.000000 0.000943 0.000000 0.001248 0.000000 0.007349 0.001660 0.000000 0.000000 0.002504 0.000000 0.000000 
0.041685 0.033435 0.025223 0.023488 0.012256 0.005004 0.003413 0.005225 0.009423 0.000000 0.000000 0.000000 0.004117 0.002400 0.008328 0.000000 0.005733 0.000000 0.006166 0.000000 0.000000 0.000000 0.000000 0.000000 0.057944 0.076141 0.012239 0.048831 0.011518 0.010753 0.006703 0.011978 0.024009 0.008444 0.007711 0.015727 0.008423 0.010402 0.042730 0.009797 0.004117 0.000000 0.010897 0.003835 0.000000 0.000851 0.004873 0.000000 0.044088 0.050038 0.026846 0.026130 0.011531 0.012435 0.007157 0.007329 0.004777 0.000000 0.000000 0.001574 0.007352 0.005550 0.016311 0.002374 0.003319 0.000000 0.002240 0.000000 0.000000 0.000000 0.000000 0.000000 0.037682 0.068683 0.014084 0.039178 0.000000 0.013786 0.004159 0.000000 0.000000 0.000000 0.000000 0.000000 0.002320 0.004485 0.008510 0.000000 0.000000 0.000000 0.002190 0.000000 0.000000 0.000000 0.002050 0.000000 
0.005644 0.000000 0.000000 0.000000 0.071597 0.036155 0.016368 0.062933 0.037464 0.000000 0.000000 0.000000 0.004083 0.003234 0.007253 0.000000 0.000000 0.000000 0.000000 0.019291 0.000000 0.000000 0.016294 0.017396 0.000000 0.000000 0.000000 0.000000 0.036419 0.032826 0.014072 0.061279 0.037803 0.000000 0.000000 0.000000 0.006436 0.008975 0.012143 0.013760 0.000000 0.005873 0.000000 0.004369 0.000000 0.008391 0.023474 0.009399 0.000000 0.006907 0.000000 0.000000 0.038585 0.033105 0.004894 0.044749 0.029280 0.000000 0.000000 0.009187 0.004558 0.004162 0.016159 0.000000 0.000000 0.000000 0.000000 0.000000 0.007840 0.012456 0.034845 0.006629 0.000000 0.012072 0.000000 0.000000 0.000000 0.049184 0.000000 0.032612 0.000000 0.000000 0.000000 0.000000 0.000000 0.004214 0.002549 0.000000 0.000000 0.010879 0.000000 0.000000 0.000000 0.020708 0.022775 0.018718 
0.000000 0.000000 0.000000 0.000000 0.000000 0.000000 0.000000 0.000000 0.031774 0.008948 0.000000 0.010233 0.000000 0.005712 0.000000 0.005359 0.000000 0.002996 0.023327 0.000000 0.000000 0.000000 0.002186 0.000000 0.016205 0.056072 0.014638 0.065522 0.000000 0.000000 0.000000 0.000000 0.000000 0.000000 0.069199 0.000000 0.000000 0.003797 0.000000 0.000000 0.000000 0.000000 0.038541 0.000000 0.000000 0.003990 0.009224 0.013185 0.000000 0.009694 0.004787 0.000000 0.000000 0.000000 0.000000 0.000000 0.116669 0.143416 0.167006 0.088047 0.000000 0.007103 0.000000 0.002860 0.004420 0.000000 0.020527 0.000000 0.000000 0.004028 0.000000 0.033661 0.000000 0.000000 0.000000 0.000000 0.000000 0.000000 0.000000 0.000000 0.012592 0.000000 0.000000 0.000000 0.000000 0.000000 0.000000 0.000000 0.000000 0.000000 0.004283 0.000000 0.000000 0.000000 0.000000 0.000000 
0.000000 0.000000 0.000345 0.000000 0.001124 0.000558 0.000285 0.000000 0.007003 0.000000 0.000000 0.000000 0.000000 0.000000 0.000000 0.000000 0.000861 0.000000 0.000000 0.001312 0.000000 0.000000 0.000000 0.000000 0.000000 0.000000 0.000000 0.000000 0.000000 0.000000 0.000000 0.000000 0.017226 0.000000 0.003612 0.007851 0.000000 0.000681 0.000000 0.000000 0.000433 0.000000 0.000000 0.001403 0.000000 0.000000 0.000000 0.000000 0.000000 0.000000 0.000000 0.000000 0.000000 0.000000 0.000000 0.000000 0.005183 0.000000 0.000000 0.002301 0.000000 0.000000 0.000000 0.000443 0.000000 0.000000 0.000000 0.000000 0.000000 0.000000 0.000000 0.000000 0.007544 0.004145 0.001923 0.011710 0.000000 0.000000 0.001084 0.027100 0.485243 0.089728 0.055209 0.265079 0.000000 0.000000 0.000000 0.000000 0.000000 0.000613 0.000000 0.000000 0.000000 0.000000 0.000000 0.000000 
0.000000 0.000000 0.000000 0.000000 0.000000 0.000000 0.000000 0.001204 0.024224 0.121171 0.000000 0.069315 0.000000 0.000000 0.001325 0.000000 0.000000 0.001583 0.000000 0.000000 0.000000 0.000000 0.000000 0.000000 0.000000 0.000000 0.000582 0.000000 0.000000 0.000000 0.000879 0.000000 0.034700 0.170102 0.009933 0.088214 0.000000 0.000358 0.000000 0.000000 0.000000 0.000000 0.000000 0.000734 0.000000 0.000000 0.001163 0.000000 0.000000 0.000000 0.000000 0.000000 0.000000 0.000000 0.000000 0.000000 0.029743 0.111077 0.005501 0.060329 0.000000 0.000000 0.000000 0.000000 0.000000 0.001967 0.000688 0.001792 0.000000 0.000000 0.001751 0.000000 0.000000 0.001558 0.000000 0.000000 0.000000 0.001410 0.000000 0.000000 0.000000 0.172110 0.000000 0.082843 0.000000 0.000000 0.000000 0.000000 0.000000 0.001147 0.000000 0.000000 0.000000 0.000000 0.000000 0.002598 
0.077433 0.041831 0.034257 0.000000 0.297692 0.057205 0.027887 0.022195 0.033591 0.120791 0.019658 0.000008 0.103255 0.164197 
0.033096 0.095424 0.034435 0.362154 0.000000 0.140504 0.029278 0.031279 0.056281 0.039776 0.049462 0.011800 0.068619 0.047891 
0.030689 0.013286 0.128993 0.246167 0.191919 0.049895 0.006959 0.012700 0.062719 0.006236 0.000017 0.086115 0.144766 0.019538 
0.034287 0.111969 0.000000 0.000000 0.301407 0.145030 0.011129 0.042640 0.045750 0.011092 0.066756 0.025447 0.099075 0.105418 
0.238097 0.049895 0.000000 0.000000 0.000000 0.149989 0.031587 0.007081 0.079744 0.113791 0.018566 0.231394 0.027817 0.052040 
0.041381 0.060029 0.000000 0.203007 0.000000 0.045876 0.002074 0.000103 0.338834 0.154055 0.000023 0.064846 0.014434 0.075338 
0.082600 0.288558 0.000000 0.000000 0.000000 0.099321 0.097737 0.014034 0.074403 0.067341 0.050377 0.053257 0.025905 0.146466 
0.052665 0.075124 0.000000 0.000000 0.000000 0.085204 0.017090 0.308572 0.233145 0.038799 0.009256 0.037765 0.055905 0.086475 
0.000476 0.121258 0.000000 0.000000 0.000000 0.040198 0.015306 0.000314 0.036357 0.704748 0.014455 0.000006 0.008987 0.057894 
0.006041 0.052101 0.079535 0.000000 0.082912 0.365190 0.052104 0.004345 0.080251 0.189182 0.000022 0.000007 0.044036 0.044274 
0.128809 0.064989 0.000000 0.000000 0.000000 0.047380 0.003780 0.005289 0.291014 0.014908 0.042962 0.127664 0.026054 0.247151 
0.009703 0.101288 0.000000 0.000000 0.371385 0.133128 0.012497 0.067199 0.027593 0.018792 0.091030 0.000007 0.108736 0.058643 
0.225870 0.006065 0.000000 0.000000 0.057394 0.065425 0.046275 0.017986 0.028805 0.089333 0.000027 0.348915 0.029381 0.084523 
0.070653 0.109739 0.299155 0.008038 0.000000 0.107685 0.009197 0.015581 0.151816 0.037193 0.033924 0.093048 0.016659 0.047312 
0.013572 0.121053 0.000000 0.000000 0.000000 0.507306 0.032124 0.082414 0.039475 0.049596 0.035653 0.036893 0.032298 0.049615 
0.180258 0.246433 0.022854 0.000000 0.041623 0.066305 0.003252 0.014447 0.078223 0.047269 0.020727 0.225651 0.015926 0.037034 
0.006670 0.091436 0.090177 0.164319 0.000000 0.090984 0.013118 0.063445 0.083224 0.290329 0.000024 0.029408 0.035009 0.041858 
0.031431 0.097763 0.120968 0.000000 0.000000 0.136107 0.105728 0.281542 0.070468 0.008187 0.018329 0.063619 0.028978 0.036880 
0.076734 0.057700 0.000000 0.000000 0.000000 0.062232 0.001547 0.076746 0.092904 0.074977 0.050011 0.063761 0.045539 0.397850 
0.024646 0.232758 0.180329 0.000000 0.025156 0.077775 0.014076 0.000234 0.114494 0.017962 0.006577 0.064240 0.051140 0.190614 
0.027531 0.073853 0.000000 0.000000 0.035735 0.018365 0.041121 0.000070 0.084673 0.010322 0.000023 0.000008 0.091856 0.616442 
0.040299 0.251157 0.052824 0.000000 0.000000 0.164197 0.010638 0.350485 0.064872 0.033318 0.000021 0.000008 0.012901 0.019280 
0.024017 0.122030 0.000000 0.000000 0.017269 0.212197 0.000525 0.000107 0.088465 0.446753 0.000024 0.011648 0.035113 0.041851 
0.001436 0.016523 0.000000 0.000000 0.451741 0.019385 0.023763 0.000126 0.005488 0.000738 0.000011 0.000008 0.330762 0.150020 
0.080182 0.032921 0.021718 0.579226 0.000000 0.075323 0.010322 0.025565 0.067556 0.001393 0.000015 0.052516 0.018390 0.034873 
0.035819 0.016120 0.000000 0.000000 0.000000 0.013636 0.001957 0.011510 0.008680 0.009993 0.000015 0.000007 0.053091 0.849170 
0.008546 0.230940 0.000000 0.000000 0.000000 0.090062 0.023035 0.017331 0.176712 0.257600 0.134845 0.000007 0.009219 0.051703 
0.026504 0.010655 0.090820 0.000000 0.322411 0.049045 0.012708 0.050641 0.099173 0.015361 0.000023 0.018891 0.198681 0.105087 
0.097101 0.118735 0.000000 0.000000 0.164142 0.095989 0.019690 0.004983 0.033643 0.030807 0.119123 0.194009 0.052139 0.069639 
0.264411 0.184244 0.000000 0.000000 0.000000 0.166837 0.084582 0.048496 0.029427 0.030477 0.040806 0.000008 0.032033 0.118680 
0.013130 0.419626 0.000000 0.000000 0.033037 0.057838 0.058575 0.013346 0.067749 0.074368 0.014059 0.000007 0.231014 0.017252 
0.064584 0.078018 0.000000 0.000000 0.000000 0.032620 0.055507 0.007920 0.035421 0.019750 0.035317 0.095691 0.065906 0.509266 
0.174610 0.016900 0.278593 0.015752 0.000000 0.118790 0.005852 0.005791 0.179631 0.004591 0.000027 0.114246 0.009775 0.075440 
0.007852 0.081018 0.062112 0.000000 0.000000 0.175045 0.300751 0.145212 0.016526 0.018979 0.045897 0.000007 0.090120 0.056480 
0.011434 0.077919 0.000000 0.000000 0.000000 0.093144 0.360290 0.007074 0.022417 0.030557 0.096562 0.000006 0.185788 0.114808 
0.024538 0.044336 0.042220 0.032281 0.000000 0.048181 0.004375 0.000288 0.077469 0.227749 0.013887 0.029105 0.039674 0.415897 
0.047577 0.022234 0.069584 0.000000 0.000000 0.091889 0.237973 0.000092 0.334972 0.019653 0.006097 0.067361 0.050300 0.052270 
0.048636 0.006374 0.098244 0.218298 0.077241 0.045304 0.118870 0.016348 0.067436 0.007831 0.000029 0.020984 0.241838 0.032568 
0.044644 0.102067 0.000000 0.000000 0.000000 0.080819 0.003146 0.026328 0.191970 0.036154 0.019798 0.000007 0.060615 0.434452 
0.001815 0.065033 0.093418 0.000000 0.000000 0.562889 0.004805 0.012907 0.027265 0.149051 0.000023 0.009196 0.026805 0.046791 
0.262914 0.081362 0.000000 0.000000 0.000000 0.052915 0.008833 0.009924 0.149497 0.301527 0.000020 0.000007 0.035465 0.097535 
0.026799 0.107207 0.000000 0.000000 0.000000 0.170834 0.048425 0.179863 0.011219 0.011244 0.010355 0.000007 0.397448 0.036599 
0.051090 0.041775 0.122985 0.023679 0.041323 0.221913 0.001595 0.004920 0.056268 0.006531 0.018726 0.087553 0.029122 0.292520 
0.056830 0.096352 0.000000 0.000000 0.000000 0.113784 0.004603 0.136066 0.402835 0.040655 0.016852 0.041991 0.015674 0.074355 
0.305121 0.111162 0.000000 0.000000 0.000000 0.098437 0.008551 0.083634 0.062594 0.169846 0.000026 0.048026 0.023592 0.089011 
0.034063 0.493879 0.000000 0.047853 0.000000 0.077083 0.019448 0.027736 0.118418 0.075431 0.068695 0.000007 0.010024 0.027363 
0.014495 0.027284 0.235331 0.000000 0.000000 0.227100 0.000803 0.000131 0.182484 0.024350 0.012995 0.145629 0.011998 0.117402 
0.042593 0.050297 0.119135 0.000000 0.000000 0.243974 0.009650 0.014061 0.056453 0.022620 0.030860 0.018231 0.028944 0.363182 
0.010062 0.040757 0.000000 0.000000 0.443598 0.018458 0.225053 0.007216 0.002318 0.013196 0.014950 0.016118 0.182585 0.025688 
0.021934 0.139897 0.000000 0.447983 0.000000 0.084864 0.013679 0.011337 0.031120 0.040247 0.099824 0.000007 0.020903 0.088204 
0.061603 0.111177 0.000000 0.000000 0.000000 0.063420 0.199881 0.032991 0.312611 0.015356 0.036623 0.056440 0.039152 0.070746 
0.150485 0.088939 0.000000 0.000000 0.000000 0.086034 0.026945 0.027602 0.100973 0.012362 0.007875 0.205046 0.239010 0.054729 
0.006355 0.044350 0.017232 0.000000 0.059967 0.018822 0.536469 0.000103 0.009400 0.227906 0.000025 0.000007 0.065930 0.013435 
0.039834 0.166147 0.000000 0.000000 0.000000 0.029794 0.053915 0.104108 0.107058 0.020531 0.000027 0.000008 0.429847 0.048731 
0.068374 0.376630 0.019761 0.000000 0.073547 0.115589 0.024736 0.000173 0.010818 0.032182 0.100733 0.045399 0.080645 0.051413 
0.057176 0.266074 0.000000 0.000000 0.000000 0.089707 0.040134 0.114958 0.027798 0.024021 0.008710 0.000007 0.341263 0.030152 
0.032046 0.317166 0.000000 0.000000 0.000000 0.103814 0.047364 0.000147 0.070638 0.077865 0.018665 0.000008 0.307490 0.024796 
0.032666 0.082838 0.000000 0.029299 0.000000 0.047069 0.057515 0.104721 0.534713 0.001878 0.000017 0.000008 0.034994 0.074282 
0.003078 0.217833 0.139193 0.000000 0.000000 0.128957 0.042734 0.032648 0.077807 0.060117 0.155691 0.053014 0.032650 0.056279 
0.047133 0.315802 0.000000 0.000000 0.000000 0.208514 0.021900 0.047550 0.054976 0.070376 0.098657 0.000007 0.024063 0.111022 
0.012984 0.045130 0.000000 0.000000 0.527470 0.017091 0.004982 0.000370 0.051486 0.111415 0.000028 0.000007 0.171440 0.057598 
0.017235 0.173097 0.000000 0.000000 0.000000 0.009898 0.001696 0.004547 0.024831 0.188036 0.000023 0.000007 0.043118 0.537513 
0.018210 0.131392 0.000000 0.000000 0.000000 0.178086 0.072008 0.027316 0.044124 0.157331 0.171850 0.000008 0.124668 0.075007 
0.057148 0.024662 0.028653 0.000000 0.000000 0.024732 0.025035 0.000083 0.022016 0.015042 0.009869 0.067759 0.292194 0.432808 
0.024354 0.065424 0.000000 0.000000 0.131728 0.058786 0.007037 0.000144 0.007790 0.571314 0.000022 0.000008 0.078595 0.054799 
0.001246 0.007943 0.000000 0.260450 0.340199 0.034133 0.012494 0.004415 0.031440 0.005688 0.000017 0.000007 0.239858 0.062111 
0.034330 0.084826 0.000000 0.141076 0.000000 0.146791 0.008587 0.290152 0.057896 0.095493 0.000026 0.005292 0.029056 0.106475 
0.041892 0.056006 0.068712 0.000000 0.000000 0.482884 0.001878 0.007142 0.013451 0.199706 0.000017 0.051236 0.022812 0.054263 
0.158107 0.060687 0.000000 0.000000 0.000000 0.041207 0.133693 0.013572 0.031346 0.012379 0.024218 0.013436 0.446723 0.064631 
0.013723 0.093854 0.000000 0.000000 0.000000 0.063928 0.010697 0.000224 0.110055 0.631444 0.016945 0.000008 0.018942 0.040180 
0.034948 0.341209 0.000000 0.236151 0.017098 0.081881 0.010045 0.048746 0.080383 0.089869 0.025509 0.000008 0.007612 0.026540 
0.025586 0.456458 0.000000 0.000000 0.000000 0.259403 0.034939 0.000173 0.095225 0.075682 0.000026 0.000007 0.025010 0.027493 
0.072721 0.051898 0.000000 0.000000 0.000000 0.144758 0.134017 0.012122 0.040142 0.002452 0.016167 0.121032 0.054044 0.350647 
0.219288 0.032528 0.000000 0.000000 0.000000 0.043085 0.000269 0.000220 0.018448 0.026907 0.000019 0.008772 0.054879 0.595586 
0.131367 0.087701 0.000000 0.000000 0.016773 0.082241 0.037218 0.254117 0.046468 0.060818 0.014648 0.000008 0.202264 0.066376 
0.005405 0.152234 0.000000 0.000000 0.000000 0.511997 0.062717 0.144715 0.027329 0.024808 0.011279 0.000008 0.031943 0.027564 
0.067514 0.229437 0.000000 0.094214 0.000000 0.237307 0.005490 0.044080 0.038410 0.072928 0.075128 0.058137 0.006191 0.071163 
0.028676 0.199790 0.000000 0.000000 0.067664 0.403489 0.008977 0.015547 0.037423 0.025897 0.088027 0.007876 0.040572 0.076062 
0.019206 0.006361 0.000000 0.158469 0.000000 0.021181 0.613186 0.007102 0.028504 0.032250 0.017075 0.000007 0.077552 0.019108 
0.132445 0.123169 0.024317 0.000000 0.000000 0.112824 0.007621 0.029122 0.030023 0.131667 0.105310 0.254349 0.011561 0.037593 
0.020858 0.139447 0.000000 0.000000 0.000000 0.096341 0.011109 0.066858 0.011706 0.549071 0.028169 0.007399 0.003140 0.065903 
0.069513 0.215638 0.014398 0.000000 0.020539 0.179770 0.026782 0.054481 0.048684 0.054147 0.144522 0.000007 0.097484 0.074035 
0.100082 0.394626 0.023942 0.000000 0.000000 0.060853 0.008563 0.028328 0.174576 0.114484 0.021903 0.000008 0.021470 0.051165 
0.005524 0.000977 0.000000 0.000000 0.000000 0.004333 0.095414 0.000085 0.001061 0.005663 0.000026 0.003952 0.848834 0.034133 
0.085641 0.422090 0.020368 0.000000 0.000000 0.090875 0.010930 0.000287 0.116501 0.058920 0.030886 0.102571 0.033012 0.027920 
0.005418 0.109556 0.000000 0.000000 0.000000 0.033198 0.012950 0.000218 0.076995 0.711977 0.000024 0.000007 0.003927 0.045729 
0.329258 0.251824 0.040408 0.000000 0.000000 0.109344 0.017645 0.025746 0.057479 0.087739 0.016210 0.000007 0.015382 0.048959 
0.082939 0.013244 0.000000 0.009010 0.366604 0.028629 0.091187 0.000298 0.034310 0.016452 0.000030 0.100147 0.094392 0.162758 
0.025168 0.078673 0.000000 0.000000 0.248382 0.107955 0.003464 0.295787 0.013318 0.073616 0.000025 0.022246 0.083039 0.048327 
0.026641 0.090980 0.000000 0.000000 0.000000 0.319569 0.070965 0.241663 0.139799 0.060582 0.000026 0.000007 0.018150 0.031619 
0.061133 0.042227 0.070951 0.133313 0.000000 0.142347 0.003793 0.012070 0.332264 0.047827 0.000027 0.066340 0.006627 0.081082 
0.007466 0.182746 0.000000 0.000000 0.000000 0.498086 0.008409 0.164206 0.022875 0.019652 0.000021 0.000006 0.019351 0.077183 
0.050515 0.190781 0.038845 0.046759 0.364784 0.032601 0.000107 0.010647 0.045108 0.021012 0.004921 0.024591 0.097772 0.071558 
0.000195 0.045491 0.000000 0.000000 0.000000 0.157533 0.600228 0.000084 0.005847 0.070761 0.005946 0.000006 0.085019 0.028890 
0.039070 0.058204 0.024912 0.042700 0.000000 0.022016 0.011048 0.023931 0.005212 0.025898 0.012219 0.032836 0.134098 0.567855 
0.057495 0.628779 0.000000 0.000000 0.000000 0.059522 0.013853 0.013347 0.060164 0.101838 0.000025 0.000007 0.014904 0.050066 
0.046526 0.267223 0.066579 0.007125 0.000000 0.119117 0.172256 0.011049 0.108497 0.039726 0.000026 0.060587 0.052863 0.048426 
0.017751 0.009383 0.018152 0.208076 0.110694 0.031136 0.199649 0.000290 0.007417 0.102736 0.011334 0.000008 0.225492 0.057881 
0.014997 0.074104 0.000000 0.000000 0.026080 0.019919 0.105933 0.028361 0.021678 0.135085 0.008103 0.000007 0.514688 0.051045 
0.100759 0.254548 0.000000 0.000000 0.000000 0.112184 0.022539 0.012024 0.051864 0.042340 0.182591 0.134780 0.018611 0.067761 
0.035619 0.228954 0.000000 0.018816 0.000000 0.229234 0.015064 0.058244 0.035306 0.070019 0.086238 0.023890 0.097407 0.101209 
0.017200 0.023931 0.000000 0.092238 0.000000 0.114588 0.466829 0.011587 0.001247 0.021271 0.000025 0.000008 0.090592 0.160483 
0.016999 0.126361 0.000000 0.000000 0.000000 0.277690 0.005160 0.018342 0.037646 0.384538 0.049588 0.000008 0.017966 0.065702 
0.039096 0.188149 0.031152 0.000000 0.000000 0.056226 0.027576 0.087261 0.381644 0.021227 0.000022 0.020599 0.093944 0.053104 
0.059192 0.072868 0.000000 0.000000 0.071422 0.149641 0.003068 0.014717 0.032507 0.052641 0.023005 0.000007 0.095487 0.425445 
0.014087 0.020573 0.000000 0.234123 0.025948 0.253134 0.226575 0.034128 0.048072 0.032368 0.013239 0.000007 0.056910 0.040836 
0.032191 0.004298 0.147112 0.000000 0.000000 0.058681 0.003810 0.000097 0.127720 0.001689 0.007218 0.077998 0.079600 0.459586 
0.009760 0.138273 0.146654 0.215660 0.000000 0.098950 0.014547 0.023205 0.135819 0.037285 0.058976 0.066928 0.010444 0.043499 
0.018459 0.041246 0.000000 0.000000 0.000000 0.039799 0.062628 0.158207 0.024178 0.025703 0.000021 0.000008 0.452739 0.177012 
0.270268 0.092734 0.047885 0.021412 0.000000 0.099252 0.012975 0.031952 0.023550 0.031747 0.042205 0.000008 0.060185 0.265827 
0.014873 0.344164 0.018053 0.000000 0.000000 0.026726 0.169063 0.000107 0.090310 0.239079 0.000023 0.042886 0.025948 0.028769 
0.039804 0.353552 0.000000 0.000000 0.000000 0.169088 0.112368 0.031791 0.056300 0.077182 0.058643 0.000007 0.019958 0.081308 
0.067482 0.055394 0.000000 0.092143 0.105356 0.393699 0.000414 0.000115 0.071944 0.018356 0.011628 0.052473 0.039427 0.091568 
0.025478 0.078262 0.000000 0.291043 0.000000 0.267634 0.002096 0.188005 0.064110 0.029860 0.000027 0.000007 0.019173 0.034307 
0.200534 0.081235 0.115814 0.000000 0.000000 0.138913 0.005076 0.114165 0.061051 0.016413 0.000025 0.028381 0.025428 0.212965 
0.037723 0.035406 0.000000 0.327256 0.096305 0.023880 0.033611 0.057679 0.173209 0.001533 0.000027 0.026292 0.051145 0.135934 
0.050770 0.349548 0.000000 0.000000 0.000000 0.134079 0.015795 0.286638 0.021755 0.065777 0.000022 0.000007 0.043846 0.031763 
0.031300 0.108312 0.000000 0.000000 0.000000 0.187853 0.258401 0.141232 0.013418 0.097179 0.016799 0.035739 0.047273 0.062494 
0.022631 0.058306 0.000000 0.000000 0.024409 0.117409 0.441542 0.057939 0.016167 0.027464 0.041420 0.047593 0.099204 0.045914 
0.034627 0.164707 0.000000 0.000000 0.061665 0.168420 0.011185 0.117320 0.024573 0.298227 0.014780 0.016013 0.027447 0.061036 
0.006847 0.157830 0.000000 0.000000 0.000000 0.068515 0.017597 0.046099 0.015409 0.499434 0.107998 0.020776 0.013079 0.046416 
0.341626 0.059056 0.000000 0.022295 0.133697 0.074607 0.009981 0.007148 0.011768 0.040503 0.000021 0.056449 0.138103 0.104744 
0.017113 0.063443 0.000000 0.000000 0.000000 0.041920 0.630843 0.007276 0.013739 0.069323 0.023892 0.020333 0.096216 0.015901 
0.222502 0.180634 0.000000 0.000000 0.000000 0.095466 0.002807 0.007204 0.079168 0.003751 0.005415 0.340936 0.009762 0.052356 
0.028691 0.096125 0.031924 0.000000 0.381428 0.066705 0.000085 0.073596 0.045942 0.011522 0.015714 0.056125 0.103706 0.088437 
0.035978 0.149669 0.000000 0.000000 0.000000 0.295647 0.147918 0.067641 0.028188 0.061111 0.108871 0.000008 0.031604 0.073365 
0.131245 0.279515 0.013211 0.000000 0.000000 0.084779 0.018046 0.013941 0.039783 0.302367 0.038395 0.000008 0.012279 0.066434 
0.337632 0.069945 0.037457 0.195955 0.000000 0.145517 0.002166 0.017297 0.061362 0.033789 0.000027 0.021417 0.013738 0.063698 
0.030822 0.030125 0.000000 0.021334 0.000000 0.238586 0.037744 0.001099 0.115765 0.018505 0.000022 0.000007 0.056246 0.449745 
0.010027 0.016812 0.000000 0.000000 0.000000 0.048724 0.079640 0.003865 0.056202 0.008379 0.000023 0.009178 0.727722 0.039429 
0.059488 0.242444 0.000000 0.015609 0.000000 0.133150 0.056780 0.036193 0.061200 0.060405 0.246128 0.000007 0.010299 0.078297 
0.019899 0.054602 0.000000 0.000000 0.000000 0.039293 0.055204 0.013286 0.158835 0.193964 0.000022 0.014035 0.409547 0.041314 
0.034014 0.066156 0.000000 0.000000 0.047118 0.010635 0.062156 0.000142 0.270181 0.018266 0.012771 0.025707 0.059825 0.393031 
0.107879 0.143099 0.000000 0.000000 0.064228 0.465584 0.007655 0.008631 0.056915 0.045517 0.000025 0.000007 0.035046 0.065415 
0.091690 0.029676 0.181122 0.060014 0.000000 0.083318 0.008352 0.024209 0.110391 0.035489 0.010894 0.152602 0.045879 0.166363 
0.012775 0.090000 0.049363 0.117689 0.000000 0.140996 0.023827 0.336680 0.070968 0.026344 0.018855 0.000007 0.030751 0.081744 
0.040105 0.090863 0.000000 0.000000 0.000000 0.510080 0.032817 0.028751 0.006428 0.047561 0.000018 0.000007 0.193245 0.050125 
0.001564 0.345815 0.036347 0.000000 0.085486 0.156297 0.115648 0.039304 0.045993 0.056359 0.024830 0.000007 0.057310 0.035039 
0.055095 0.220558 0.000000 0.000000 0.056949 0.180423 0.036730 0.026495 0.026738 0.047110 0.042026 0.000008 0.043253 0.264616 
0.014435 0.111949 0.000000 0.000000 0.000000 0.129620 0.016812 0.043957 0.023311 0.563956 0.035867 0.000007 0.007991 0.052096 
0.076265 0.079009 0.000000 0.000000 0.000000 0.223488 0.002900 0.199702 0.129469 0.139666 0.000024 0.062190 0.021984 0.065303 
0.020294 0.150901 0.000000 0.000000 0.000000 0.048411 0.033705 0.007865 0.047024 0.600262 0.029301 0.000008 0.008100 0.054130 
0.006226 0.035827 0.000000 0.000000 0.000000 0.003439 0.112492 0.003608 0.010794 0.004432 0.000015 0.000007 0.742301 0.080858 
0.016651 0.516851 0.041191 0.000000 0.000000 0.068461 0.009034 0.023141 0.069553 0.124383 0.092549 0.000007 0.006979 0.031201 
0.032407 0.181373 0.032108 0.000000 0.000000 0.155009 0.142413 0.023472 0.056072 0.052700 0.177311 0.067693 0.026479 0.052962 
0.031216 0.067105 0.017353 0.405728 0.056613 0.134617 0.004883 0.138464 0.033305 0.066848 0.000024 0.000007 0.025830 0.018008 
0.061537 0.027975 0.000000 0.000000 0.115305 0.083774 0.017420 0.059165 0.030533 0.007825 0.011899 0.000008 0.053063 0.531496 
0.057664 0.199878 0.000000 0.019906 0.000000 0.321232 0.007433 0.039048 0.024137 0.060245 0.132248 0.044966 0.011542 0.081701 
0.146390 0.061409 0.000000 0.000000 0.144752 0.345542 0.004803 0.005517 0.037972 0.034436 0.000025 0.097058 0.050827 0.071269 
0.055828 0.182694 0.000000 0.000000 0.068769 0.222643 0.010117 0.166526 0.030932 0.097522 0.054349 0.000007 0.031312 0.079299 
0.007227 0.031848 0.000000 0.072559 0.000000 0.056117 0.629535 0.002751 0.030314 0.024243 0.011995 0.000006 0.084170 0.049235 
0.071489 0.059946 0.376262 0.000000 0.000000 0.132392 0.003573 0.030406 0.110380 0.040236 0.000027 0.120917 0.017772 0.036599 
0.007112 0.076787 0.000000 0.171779 0.000000 0.042476 0.008015 0.003587 0.050489 0.580696 0.000023 0.021172 0.007114 0.030749 
0.036257 0.125965 0.000000 0.000000 0.035409 0.042196 0.010027 0.048992 0.183469 0.015327 0.014290 0.012892 0.076062 0.399115 
0.062493 0.188345 0.000000 0.000000 0.174279 0.190326 0.009159 0.040750 0.022116 0.061720 0.070519 0.000007 0.073769 0.106517 
0.151314 0.133573 0.000000 0.000000 0.000000 0.123756 0.009037 0.018755 0.149477 0.019530 0.049366 0.196216 0.065105 0.083870 
0.035669 0.114420 0.000000 0.011485 0.421969 0.032084 0.013861 0.000265 0.023789 0.176638 0.000024 0.000008 0.102278 0.067509 
0.004952 0.016328 0.000000 0.000000 0.251164 0.067031 0.036496 0.004758 0.246910 0.007414 0.000032 0.041483 0.281143 0.042290 
0.021280 0.036834 0.247777 0.134878 0.025274 0.073562 0.012447 0.051828 0.111498 0.019864 0.052211 0.089942 0.087741 0.034861 
0.056031 0.019272 0.020086 0.000000 0.000000 0.027626 0.054047 0.005310 0.026912 0.008205 0.000024 0.096224 0.432134 0.254128 
0.004396 0.099039 0.031945 0.000000 0.383515 0.086099 0.008723 0.090280 0.010023 0.031633 0.071495 0.000008 0.113992 0.068854 
0.015763 0.074256 0.000000 0.056414 0.000000 0.460140 0.003036 0.022388 0.058114 0.031179 0.018726 0.041412 0.028909 0.189663 
0.051564 0.021486 0.042112 0.053160 0.000000 0.057815 0.227764 0.000111 0.268472 0.060833 0.013357 0.042794 0.050436 0.110095 
0.038376 0.068259 0.000000 0.215065 0.000000 0.079106 0.020379 0.024885 0.066633 0.435823 0.000022 0.000008 0.008871 0.042574 
0.047045 0.358086 0.000000 0.000000 0.091376 0.075074 0.011356 0.008995 0.203488 0.044397 0.053676 0.000007 0.039417 0.067084 
0.023311 0.165893 0.011789 0.000000 0.000000 0.034642 0.002819 0.015403 0.032470 0.044165 0.026176 0.000007 0.042175 0.601151 
0.296878 0.011056 0.000000 0.000000 0.000000 0.078523 0.000103 0.019869 0.090205 0.005270 0.000032 0.436128 0.002505 0.059433 
0.001584 0.023400 0.352939 0.000000 0.000000 0.105045 0.012757 0.005396 0.166328 0.032098 0.000016 0.128313 0.119066 0.053057 
0.009778 0.028286 0.205106 0.010979 0.000000 0.091556 0.015251 0.074528 0.099171 0.316917 0.005188 0.054151 0.043128 0.045962 
0.031504 0.278275 0.000000 0.000000 0.000000 0.030082 0.062341 0.000348 0.081449 0.027243 0.027613 0.000007 0.414300 0.046838 
0.004809 0.244652 0.000000 0.000000 0.000000 0.107579 0.063013 0.022184 0.031126 0.043777 0.203784 0.000006 0.216361 0.062708 
0.041548 0.082445 0.000000 0.057113 0.000000 0.394614 0.044708 0.007519 0.019665 0.047997 0.005869 0.028871 0.205958 0.063693 
0.026667 0.121493 0.164489 0.000000 0.000000 0.113936 0.212686 0.067519 0.090990 0.012700 0.060542 0.063508 0.041473 0.023996 
0.073972 0.218675 0.000000 0.000000 0.000000 0.283433 0.026493 0.043879 0.029421 0.032821 0.111857 0.027727 0.034007 0.117713 
0.004606 0.060428 0.000000 0.000000 0.105967 0.357144 0.041041 0.041436 0.023820 0.060197 0.000023 0.000007 0.120408 0.184923 
0.056450 0.087363 0.043656 0.000000 0.021933 0.125863 0.007067 0.031231 0.353806 0.038913 0.056342 0.010534 0.022573 0.144269 
0.086560 0.012387 0.382171 0.040829 0.000000 0.112881 0.003072 0.006740 0.121285 0.033631 0.011699 0.129451 0.013342 0.045952 
0.001560 0.159162 0.137270 0.064038 0.000000 0.137644 0.030394 0.034552 0.093285 0.025644 0.137512 0.076231 0.030866 0.071842 
0.030259 0.007893 0.020794 0.000000 0.000000 0.079601 0.517028 0.004635 0.143847 0.006788 0.016243 0.048556 0.091456 0.032900 
0.000332 0.009852 0.012084 0.000000 0.638200 0.110285 0.000138 0.006047 0.002458 0.009912 0.000023 0.000007 0.144276 0.066385 
0.052189 0.032919 0.000000 0.019343 0.000000 0.012360 0.016140 0.004071 0.533926 0.001453 0.000013 0.054411 0.196398 0.076778 
0.293870 0.074037 0.087119 0.000000 0.000000 0.088105 0.113815 0.076030 0.026009 0.043976 0.000020 0.036038 0.114145 0.046836 
0.003351 0.025800 0.102803 0.000000 0.457087 0.037243 0.000043 0.000180 0.033604 0.003529 0.000019 0.036083 0.158957 0.141302 
0.002088 0.161905 0.000000 0.016623 0.126939 0.147836 0.031320 0.036102 0.010191 0.085375 0.152900 0.000008 0.147213 0.081500 
0.026946 0.140988 0.000000 0.000000 0.000000 0.114200 0.062226 0.024156 0.024101 0.037470 0.114732 0.000008 0.336535 0.118638 
0.055722 0.357926 0.000000 0.000000 0.000000 0.195505 0.005279 0.020761 0.107140 0.057310 0.056226 0.045291 0.028602 0.070239 
0.012465 0.074615 0.000000 0.000000 0.417383 0.086183 0.047930 0.017590 0.006658 0.031898 0.040712 0.025959 0.141917 0.096691 
0.018643 0.332315 0.000000 0.011326 0.081509 0.107135 0.008937 0.134184 0.153977 0.028654 0.011534 0.012932 0.031114 0.067740 
0.035607 0.141027 0.000000 0.011911 0.174755 0.136436 0.020491 0.137234 0.028984 0.014924 0.051505 0.000007 0.139143 0.107977 
0.023344 0.081718 0.000000 0.154144 0.000000 0.077076 0.052428 0.180659 0.060212 0.018955 0.000024 0.000007 0.326643 0.024790 
0.038783 0.390051 0.000000 0.000000 0.000000 0.072062 0.012389 0.019349 0.271266 0.054816 0.014684 0.064315 0.036942 0.025343 
0.037673 0.009951 0.111223 0.000000 0.013256 0.030345 0.388185 0.004320 0.176129 0.001282 0.028273 0.108738 0.034748 0.055878 
0.233146 0.274584 0.000000 0.000000 0.000000 0.062144 0.000199 0.010951 0.071732 0.007774 0.027936 0.017748 0.022904 0.270881 
0.056950 0.004998 0.000000 0.011760 0.000000 0.021855 0.000122 0.000186 0.566996 0.001105 0.000024 0.079491 0.031122 0.225391 
0.034987 0.098191 0.000000 0.000000 0.027055 0.176412 0.019430 0.012697 0.194653 0.045576 0.027546 0.000008 0.055806 0.307639 
0.021415 0.087740 0.000000 0.084343 0.000000 0.025839 0.080042 0.025887 0.041362 0.041717 0.105094 0.000008 0.467055 0.019499 
0.059936 0.113404 0.000000 0.000000 0.190743 0.144588 0.005057 0.337163 0.017450 0.001090 0.022406 0.000007 0.062988 0.045169 
0.027390 0.004482 0.009186 0.058277 0.143785 0.010462 0.000168 0.007952 0.008553 0.013481 0.000022 0.000007 0.070803 0.645431 
0.162332 0.010944 0.000000 0.049580 0.000000 0.064246 0.028279 0.009703 0.055352 0.013140 0.034230 0.196137 0.178557 0.197501 
0.095177 0.042101 0.000000 0.000000 0.000000 0.030978 0.002273 0.000193 0.477382 0.094433 0.022917 0.024540 0.025615 0.184390 
0.050241 0.352634 0.000000 0.000000 0.000000 0.053193 0.014226 0.018580 0.184560 0.275630 0.000025 0.000007 0.008827 0.042077 
0.013552 0.271861 0.000000 0.000000 0.000000 0.060854 0.016213 0.015962 0.035862 0.557631 0.000025 0.000008 0.009377 0.018655 
0.293584 0.051915 0.000000 0.000000 0.000000 0.072789 0.021836 0.010784 0.266339 0.040660 0.000019 0.095340 0.057368 0.089365 
0.009141 0.105970 0.000000 0.000000 0.000000 0.616560 0.007310 0.120630 0.005144 0.050663 0.019902 0.000007 0.019632 0.045040 
0.036611 0.211795 0.000000 0.000000 0.000000 0.121273 0.122654 0.019453 0.052770 0.046492 0.177402 0.000007 0.159760 0.051783 
0.034667 0.142161 0.132826 0.014236 0.000000 0.214184 0.013961 0.020805 0.063920 0.027111 0.096970 0.087569 0.046022 0.105568 
0.181105 0.129515 0.000000 0.000000 0.000000 0.148111 0.013137 0.325863 0.021258 0.002451 0.007534 0.030738 0.053686 0.086602 
0.101683 0.024495 0.000000 0.015997 0.000000 0.055796 0.076872 0.052841 0.331101 0.076223 0.000015 0.109243 0.049976 0.105757 
0.008790 0.116625 0.164541 0.000000 0.000000 0.113998 0.013667 0.000147 0.082618 0.365627 0.012680 0.038209 0.014003 0.069094 
0.045987 0.021365 0.000000 0.000000 0.000000 0.393442 0.004875 0.011846 0.187522 0.060628 0.000025 0.000008 0.033760 0.240543 
0.009828 0.103659 0.000000 0.000000 0.000000 0.377030 0.180107 0.017328 0.022809 0.041763 0.074158 0.000007 0.028782 0.144531 
0.086269 0.054227 0.000000 0.000000 0.000000 0.100153 0.004414 0.025088 0.370386 0.052089 0.054761 0.145033 0.010802 0.096779 
0.045871 0.168225 0.099007 0.031361 0.000000 0.225245 0.008625 0.055635 0.042110 0.064865 0.099737 0.061203 0.027689 0.070426 
0.002227 0.022387 0.000000 0.000000 0.561133 0.015639 0.012370 0.009233 0.008360 0.002775 0.002297 0.000008 0.230225 0.133346 
0.026080 0.022531 0.024108 0.720083 0.000000 0.038679 0.012471 0.008956 0.063396 0.016749 0.016290 0.000008 0.028213 0.022437 
0.044076 0.051401 0.000000 0.338270 0.000000 0.070414 0.001393 0.023902 0.282361 0.034410 0.021386 0.049570 0.008735 0.074083 
0.015515 0.005121 0.000000 0.000000 0.122623 0.004826 0.004769 0.001294 0.007362 0.003855 0.000015 0.055506 0.125087 0.654025 
0.330494 0.082782 0.000000 0.018393 0.159973 0.068063 0.021126 0.000219 0.046284 0.032236 0.000020 0.032872 0.149364 0.058171 
0.007688 0.170400 0.000000 0.000000 0.000000 0.078784 0.293369 0.006761 0.021159 0.201408 0.116897 0.014338 0.055223 0.033972 
