-1967486.101235
0
0.000000 0.000000 0.000000 0.000000 0.000347 0.000000 0.000000 0.001616 0.025933 0.124592 0.008647 0.072564 0.000000 0.000000 0.001366 0.000000 0.000000 0.001326 0.000000 0.000000 0.000000 0.000000 0.000000 0.000000 0.000000 0.001206 0.000614 0.000000 0.000000 0.000000 0.000671 0.000000 0.029626 0.166321 0.013207 0.084235 0.000000 0.000648 0.000000 0.000000 0.000000 0.000000 0.000000 0.000000 0.000000 0.000000 0.001198 0.000000 0.000000 0.000000 0.000000 0.000000 0.000000 0.000000 0.000000 0.000000 0.030921 0.109083 0.008135 0.058909 0.000000 0.000000 0.000000 0.000000 0.000000 0.000000 0.000553 0.000000 0.000000 0.000000 0.001302 0.000000 0.000000 0.001972 0.000000 0.000000 0.000000 0.001156 0.000000 0.000000 0.012176 0.148511 0.000000 0.092221 0.000000 0.000000 0.000000 0.000000 0.000000 0.000943 0.000000 0.000000 0.000000 0.000000 0.000000 0.000000 
0.000000 0.000000 0.000000 0.000000 0.001360 0.000000 0.000000 0.000000 0.005777 0.000000 0.000000 0.004684 0.005729 0.007345 0.000000 0.003428 0.057851 0.039491 0.066244 0.024170 0.000000 0.001753 0.000680 0.004512 0.012362 0.008716 0.003150 0.000000 0.000000 0.000000 0.000000 0.000000 0.019579 0.003207 0.002004 0.019354 0.000000 0.009545 0.000000 0.001773 0.039162 0.050986 0.057404 0.039851 0.000000 0.005870 0.002694 0.005383 0.000000 0.004110 0.000000 0.000000 0.000000 0.000000 0.000000 0.000000 0.015059 0.007298 0.000000 0.009573 0.000000 0.004245 0.000000 0.003383 0.074011 0.034455 0.052534 0.049373 0.000000 0.000000 0.000000 0.003599 0.000000 0.008090 0.001078 0.000000 0.000000 0.000000 0.000000 0.000000 0.000000 0.000000 0.000000 0.000000 0.003490 0.016646 0.001612 0.006844 0.064743 0.043546 0.042944 0.043816 0.000000 0.003056 0.000000 0.002432 
0.000000 0.000000 0.000000 0.000000 0.000000 0.000000 0.000000 0.000000 0.000000 0.011445 0.000000 0.000000 0.001143 0.000000 0.000000 0.003179 0.000000 0.000000 0.000000 0.000000 0.000000 0.000000 0.000862 0.000000 0.000660 0.000000 0.000000 0.000000 0.000000 0.000000 0.000914 0.000000 0.079222 0.103818 0.024301 0.079122 0.000000 0.000000 0.000000 0.001250 0.000000 0.000000 0.000000 0.003429 0.000000 0.001591 0.000000 0.000489 0.000000 0.000000 0.000000 0.000000 0.000000 0.000536 0.000000 0.000000 0.000000 0.015529 0.000000 0.015232 0.000000 0.000000 0.000000 0.000000 0.000000 0.000000 0.000000 0.008841 0.000000 0.000000 0.001736 0.000000 0.000000 0.000000 0.000000 0.000000 0.000000 0.001236 0.000000 0.000000 0.113657 0.320458 0.116619 0.079811 0.000000 0.001240 0.000000 0.005148 0.001601 0.000000 0.001855 0.001708 0.000000 0.000000 0.001382 0.001984 
0.000000 0.001147 0.000000 0.000000 0.003597 0.000000 0.000000 0.004626 0.000932 0.000000 0.000000 0.000000 0.000923 0.001235 0.000000 0.001407 0.000000 0.000000 0.000000 0.000000 0.000000 0.000000 0.000000 0.000000 0.000000 0.000000 0.000000 0.000000 0.006379 0.001089 0.000000 0.006020 0.000000 0.000000 0.000001 0.000000 0.000000 0.000000 0.000000 0.000000 0.000000 0.000000 0.000000 0.000000 0.000000 0.000000 0.000000 0.000000 0.000000 0.000779 0.000000 0.000000 0.000000 0.000789 0.000000 0.002622 0.000000 0.000000 0.000000 0.000000 0.000000 0.000000 0.000000 0.000000 0.000000 0.000000 0.000000 0.000000 0.000000 0.000317 0.000000 0.000000 0.057864 0.019074 0.002210 0.019205 0.326249 0.079777 0.011531 0.383557 0.068130 0.000000 0.000000 0.000000 0.000000 0.000000 0.000000 0.000000 0.000540 0.000000 0.000000 0.000000 0.000000 0.000000 0.000000 0.000000 
0.015142 0.014932 0.000000 0.004192 0.000000 0.003793 0.000000 0.004089 0.034169 0.000000 0.307458 0.003867 0.004163 0.002227 0.000000 0.009618 0.011882 0.000000 0.000000 0.006202 0.002674 0.003230 0.000000 0.005284 0.004950 0.000000 0.000000 0.000000 0.000000 0.000000 0.000000 0.000000 0.019728 0.000000 0.158696 0.006087 0.000000 0.000000 0.000000 0.000000 0.000000 0.000000 0.000000 0.001889 0.000000 0.000000 0.000000 0.000000 0.005920 0.003197 0.000000 0.000000 0.000000 0.001796 0.000000 0.000000 0.018330 0.000000 0.140295 0.000000 0.000000 0.000000 0.000000 0.002722 0.004331 0.000000 0.000000 0.007426 0.000000 0.000000 0.000000 0.000000 0.014502 0.009125 0.001149 0.000000 0.000000 0.000000 0.000000 0.000000 0.000000 0.000000 0.142407 0.000000 0.005673 0.000000 0.000000 0.002958 0.005217 0.000000 0.009003 0.000000 0.000000 0.000000 0.001674 0.000000 
0.000000 0.000000 0.000000 0.000000 0.000000 0.000000 0.000000 0.000000 0.039924 0.005248 0.119552 0.010123 0.000000 0.000000 0.000000 0.006356 0.000000 0.002077 0.023767 0.000000 0.000000 0.001808 0.000000 0.000000 0.007524 0.033769 0.011710 0.061531 0.000000 0.000000 0.000000 0.000000 0.006981 0.000000 0.127445 0.000000 0.000000 0.000932 0.000000 0.000000 0.002692 0.000000 0.032643 0.000000 0.000000 0.004464 0.008132 0.007641 0.001414 0.003489 0.000000 0.000000 0.000000 0.003648 0.000000 0.000000 0.083314 0.080659 0.157911 0.056488 0.000000 0.002797 0.000000 0.000000 0.003126 0.000000 0.008294 0.000000 0.000000 0.000000 0.000000 0.000000 0.000000 0.000000 0.000000 0.000000 0.000000 0.000000 0.001197 0.000000 0.007413 0.000000 0.056640 0.000000 0.000000 0.000000 0.000000 0.000000 0.001698 0.000000 0.008775 0.000000 0.000000 0.001571 0.000000 0.007246 
0.027496 0.024357 0.000000 0.013373 0.065280 0.029547 0.010820 0.066659 0.028510 0.004348 0.010208 0.025061 0.009148 0.011160 0.001963 0.005870 0.000000 0.000000 0.000000 0.012487 0.000000 0.001131 0.016884 0.000000 0.019205 0.000000 0.000000 0.000000 0.039004 0.027196 0.008726 0.058227 0.000000 0.000000 0.000001 0.006957 0.010423 0.022780 0.010381 0.028699 0.000000 0.015582 0.000000 0.002608 0.000000 0.008109 0.020016 0.000000 0.000000 0.000000 0.000000 0.000000 0.027369 0.024402 0.000000 0.040928 0.020106 0.000000 0.000000 0.000000 0.000000 0.007485 0.012651 0.021525 0.000000 0.000000 0.000000 0.000000 0.000000 0.007563 0.036298 0.007268 0.000000 0.010602 0.000000 0.000000 0.000000 0.034213 0.000000 0.028004 0.000000 0.000000 0.000000 0.000000 0.000000 0.013861 0.000000 0.016010 0.000000 0.013619 0.000000 0.000000 0.000000 0.012507 0.023372 0.000000 
0.058848 0.056934 0.000000 0.058615 0.000000 0.000000 0.000000 0.000000 0.002779 0.006232 0.032636 0.039784 0.015855 0.013781 0.000000 0.032390 0.000000 0.000000 0.000000 0.000000 0.000000 0.000000 0.005415 0.000000 0.061648 0.051305 0.000000 0.045814 0.000000 0.000000 0.000000 0.000000 0.000000 0.000000 0.000001 0.026587 0.013475 0.029943 0.019934 0.038117 0.000000 0.013309 0.000000 0.000000 0.000000 0.002404 0.000000 0.000000 0.022157 0.012097 0.000000 0.031561 0.000000 0.000000 0.000000 0.000000 0.000000 0.000000 0.022251 0.000000 0.006049 0.009029 0.008380 0.040098 0.000000 0.006722 0.000000 0.003973 0.000000 0.000000 0.003601 0.008488 0.030855 0.021715 0.000000 0.049651 0.000000 0.000000 0.000000 0.000000 0.000000 0.000000 0.000000 0.017342 0.006433 0.018959 0.005338 0.045608 0.000000 0.000000 0.000000 0.000000 0.000000 0.000000 0.003886 0.000000 
0.000000 0.000000 0.000000 0.006664 0.000000 0.000000 0.000000 0.000000 0.000001 0.000000 0.011261 0.003645 0.000000 0.000000 0.000000 0.000000 0.000000 0.003438 0.000000 0.002062 0.000000 0.005027 0.002978 0.012822 0.003203 0.000000 0.000000 0.008270 0.000000 0.000351 0.000000 0.000000 0.000000 0.000000 0.012494 0.000000 0.000000 0.000000 0.000000 0.000000 0.000000 0.000000 0.000000 0.000000 0.000000 0.000000 0.003864 0.019620 0.001940 0.000000 0.000000 0.002256 0.000000 0.000000 0.000000 0.000000 0.000000 0.000000 0.020706 0.010459 0.000000 0.000000 0.000000 0.000000 0.003121 0.007943 0.001999 0.012503 0.000000 0.002563 0.000000 0.000000 0.045564 0.009527 0.002167 0.357637 0.000000 0.000000 0.000000 0.000000 0.000000 0.016149 0.252224 0.038770 0.000000 0.000000 0.000000 0.001946 0.000000 0.010302 0.007074 0.008363 0.003410 0.010117 0.001593 0.075967 
0.000000 0.000000 0.000000 0.000000 0.000000 0.000410 0.000000 0.000000 0.007121 0.001581 0.000000 0.000746 0.000000 0.000000 0.000000 0.000000 0.001033 0.000000 0.000000 0.001000 0.000000 0.000000 0.000000 0.000000 0.000000 0.000000 0.000000 0.000000 0.000000 0.000000 0.000000 0.000000 0.014239 0.000000 0.003820 0.006529 0.000000 0.000717 0.000000 0.000000 0.000000 0.000000 0.000000 0.001060 0.000000 0.000000 0.000000 0.000000 0.000000 0.000000 0.000000 0.000000 0.000000 0.000000 0.000000 0.000000 0.005251 0.000000 0.000000 0.002130 0.000000 0.000000 0.000000 0.000787 0.000000 0.000000 0.000000 0.000000 0.000000 0.000000 0.000000 0.000284 0.014382 0.005872 0.002133 0.014131 0.042047 0.000000 0.001936 0.071301 0.439123 0.076430 0.049373 0.236076 0.000000 0.000000 0.000000 0.000000 0.000000 0.000488 0.000000 0.000000 0.000000 0.000000 0.000000 0.000000 
0.000000 0.004907 0.000000 0.036777 0.000000 0.000000 0.000000 0.000000 0.032637 0.026980 0.064811 0.027670 0.000000 0.000000 0.000000 0.000000 0.001804 0.003178 0.000000 0.001303 0.000000 0.002115 0.000642 0.006384 0.005517 0.010809 0.001004 0.149705 0.000000 0.000000 0.000000 0.000000 0.000000 0.000000 0.033375 0.008815 0.000000 0.003056 0.000000 0.002492 0.000000 0.003106 0.000000 0.001388 0.000000 0.002602 0.000000 0.008030 0.002265 0.015117 0.001076 0.085261 0.000000 0.000000 0.000000 0.000000 0.061090 0.066035 0.118897 0.060263 0.000000 0.002736 0.000000 0.000000 0.006435 0.015530 0.007676 0.007515 0.000000 0.002171 0.001330 0.004051 0.000000 0.020604 0.000000 0.059424 0.000000 0.000000 0.000000 0.000000 0.000000 0.000000 0.000000 0.010033 0.000000 0.000449 0.000000 0.000000 0.000000 0.005917 0.002204 0.000324 0.000000 0.001588 0.000000 0.002901 
0.009819 0.004957 0.000000 0.005172 0.000000 0.000000 0.000000 0.000000 0.000001 0.000000 0.014121 0.003610 0.014323 0.000000 0.000000 0.021785 0.012372 0.000000 0.000943 0.016839 0.064446 0.010444 0.005248 0.042678 0.013088 0.007592 0.000000 0.000000 0.000000 0.000000 0.000000 0.000000 0.000000 0.000000 0.004148 0.000000 0.006219 0.003732 0.000000 0.000000 0.012916 0.002789 0.010591 0.039042 0.046232 0.009561 0.014182 0.094149 0.009713 0.000000 0.000000 0.000000 0.000000 0.000000 0.000000 0.005180 0.000000 0.000000 0.000000 0.000000 0.000000 0.000000 0.000000 0.003606 0.000000 0.005690 0.000000 0.001723 0.018849 0.000000 0.003341 0.033365 0.031256 0.000000 0.000000 0.044761 0.000000 0.000000 0.000000 0.000000 0.000000 0.000000 0.000000 0.000000 0.026628 0.000000 0.020352 0.011079 0.009487 0.010625 0.003248 0.042680 0.096679 0.012054 0.011435 0.107248 
0.000000 0.000000 0.000000 0.000000 0.000000 0.000000 0.000000 0.000000 0.007115 0.013523 0.036815 0.000000 0.000000 0.013587 0.000000 0.012847 0.006797 0.004411 0.000000 0.004792 0.000000 0.000000 0.000403 0.002043 0.011007 0.005714 0.000000 0.000000 0.000000 0.000000 0.000000 0.000000 0.000000 0.000000 0.010292 0.004596 0.000000 0.004298 0.000000 0.000000 0.000000 0.000000 0.005283 0.000000 0.000000 0.001019 0.000000 0.005085 0.000000 0.008708 0.000000 0.028684 0.000000 0.000000 0.000000 0.000000 0.053506 0.200395 0.270306 0.102348 0.000000 0.003610 0.004040 0.004450 0.014906 0.070333 0.016628 0.007030 0.000000 0.003631 0.005077 0.027560 0.003989 0.000000 0.003254 0.000000 0.000000 0.003044 0.000000 0.000000 0.000000 0.000000 0.010925 0.000000 0.000000 0.000000 0.000000 0.000000 0.000000 0.005647 0.000000 0.000000 0.000000 0.000000 0.000000 0.002304 
0.045064 0.037728 0.022976 0.026887 0.011340 0.004216 0.003114 0.004960 0.007293 0.000000 0.000000 0.000826 0.004447 0.002729 0.006404 0.000000 0.000000 0.000000 0.004514 0.000000 0.000000 0.000000 0.000000 0.000000 0.062771 0.079863 0.012048 0.048913 0.011640 0.009945 0.006352 0.011341 0.022346 0.007675 0.006556 0.016825 0.008919 0.012375 0.042669 0.011426 0.003629 0.000000 0.010400 0.002950 0.000000 0.000898 0.004261 0.000000 0.043376 0.049524 0.027310 0.026343 0.009523 0.011298 0.008742 0.007088 0.004222 0.000000 0.000000 0.000000 0.006345 0.006054 0.015751 0.005113 0.003398 0.000000 0.002239 0.000000 0.000000 0.000000 0.001132 0.000000 0.037559 0.069225 0.013764 0.040549 0.000000 0.013097 0.004180 0.000000 0.000000 0.000000 0.000000 0.000000 0.000000 0.005661 0.007921 0.000000 0.000000 0.000000 0.002303 0.000000 0.000000 0.000000 0.001985 0.000000 
0.030274 0.014881 0.002766 0.014024 0.000000 0.005510 0.000000 0.000000 0.038312 0.000000 0.000000 0.000000 0.018749 0.018469 0.046447 0.037068 0.056688 0.021991 0.031539 0.066186 0.000000 0.000000 0.011610 0.000000 0.000000 0.000000 0.001079 0.000000 0.000000 0.007514 0.000000 0.000000 0.024908 0.000000 0.016428 0.013527 0.012144 0.000000 0.021919 0.023810 0.008820 0.000000 0.005475 0.020733 0.000000 0.000000 0.014264 0.011207 0.037838 0.025358 0.000000 0.012177 0.000000 0.000000 0.000000 0.000000 0.000000 0.000000 0.000000 0.023915 0.024177 0.007973 0.014667 0.000000 0.000000 0.000000 0.000000 0.015672 0.000000 0.000000 0.000000 0.000000 0.041124 0.006885 0.004507 0.039868 0.000000 0.000000 0.000000 0.000000 0.000000 0.000000 0.000000 0.000000 0.040931 0.000000 0.021469 0.030972 0.000000 0.000000 0.000000 0.023488 0.000000 0.003176 0.010054 0.019405 
0.147843 0.052535 0.386910 0.027331 0.067000 0.000000 0.031438 0.000000 0.000000 0.032691 0.044550 0.018420 0.039459 0.116771 0.035052 
0.039532 0.124482 0.011345 0.020164 0.000000 0.000000 0.060363 0.000000 0.379480 0.076176 0.063928 0.024750 0.055347 0.049609 0.094824 
0.012625 0.049570 0.253201 0.000014 0.000000 0.033422 0.003661 0.000000 0.254361 0.103009 0.051283 0.012275 0.200798 0.021103 0.004678 
0.084270 0.123791 0.388299 0.008601 0.000000 0.056056 0.086204 0.000000 0.000000 0.032416 0.055967 0.041479 0.000002 0.017879 0.105035 
0.047412 0.144966 0.006987 0.027408 0.064926 0.398282 0.039874 0.000000 0.000000 0.030904 0.079872 0.005845 0.000002 0.121528 0.031995 
0.052047 0.050742 0.034470 0.000031 0.000000 0.018577 0.011538 0.019768 0.204999 0.010004 0.407427 0.000126 0.000002 0.151713 0.038557 
0.131676 0.089485 0.025846 0.093926 0.021953 0.084959 0.104507 0.124899 0.000000 0.021667 0.081918 0.018232 0.000002 0.064767 0.136163 
0.047474 0.091708 0.052917 0.009835 0.000000 0.000000 0.032520 0.000000 0.000000 0.052411 0.319530 0.302250 0.000002 0.032495 0.058859 
0.063291 0.041034 0.000529 0.014292 0.000000 0.000000 0.026296 0.042107 0.000000 0.008585 0.022333 0.006903 0.000002 0.707647 0.066982 
0.031383 0.345165 0.113383 0.050291 0.000000 0.000000 0.006679 0.000000 0.000000 0.028448 0.081978 0.003674 0.087564 0.184083 0.067353 
0.200321 0.047510 0.067776 0.002367 0.000000 0.196675 0.063178 0.021925 0.000000 0.009700 0.338463 0.010201 0.000002 0.021949 0.019934 
0.041415 0.127499 0.472919 0.012517 0.000000 0.000000 0.114618 0.000000 0.000000 0.026711 0.041838 0.078713 0.000002 0.027060 0.056709 
0.071733 0.062999 0.087431 0.044784 0.000000 0.535467 0.010959 0.000000 0.000000 0.015009 0.011657 0.013494 0.042747 0.095420 0.008301 
0.038363 0.095245 0.016182 0.006269 0.056675 0.000000 0.068087 0.016717 0.017721 0.017120 0.138573 0.012979 0.407353 0.056628 0.052089 
0.040686 0.477472 0.004851 0.027077 0.000000 0.000000 0.054567 0.000000 0.000000 0.041350 0.058251 0.079413 0.028964 0.050724 0.136644 
0.028433 0.054536 0.060115 0.000036 0.000000 0.364019 0.061864 0.132669 0.000000 0.009921 0.053293 0.018052 0.050291 0.040804 0.125968 
0.033263 0.088165 0.015465 0.006977 0.000000 0.000000 0.025597 0.000000 0.166897 0.036849 0.086434 0.062989 0.116276 0.302379 0.058707 
0.022550 0.131914 0.019734 0.101002 0.000000 0.039476 0.050725 0.000000 0.000000 0.030596 0.082163 0.269471 0.160591 0.013874 0.077903 
0.373095 0.053646 0.048079 0.000013 0.000000 0.123490 0.062976 0.000000 0.000000 0.025514 0.108317 0.072691 0.000002 0.069179 0.062999 
0.174135 0.068051 0.062546 0.008469 0.000000 0.000000 0.031102 0.125870 0.000000 0.041541 0.086491 0.008535 0.267177 0.021471 0.104613 
0.589126 0.022291 0.109651 0.036044 0.000000 0.000000 0.014574 0.056131 0.000000 0.058239 0.081528 0.000130 0.018256 0.006606 0.007424 
0.004390 0.153324 0.020336 0.008373 0.017877 0.000000 0.034527 0.093753 0.000000 0.011093 0.063844 0.337419 0.061707 0.024009 0.169347 
0.024489 0.198059 0.049105 0.000011 0.000000 0.000000 0.018187 0.000000 0.000000 0.025259 0.129815 0.000114 0.000002 0.438399 0.116560 
0.138103 0.021175 0.564488 0.000019 0.000000 0.000000 0.000392 0.008342 0.000000 0.254715 0.005209 0.000129 0.000002 0.000896 0.006530 
0.034323 0.075840 0.003646 0.007608 0.036770 0.045235 0.004199 0.000000 0.599064 0.021055 0.061025 0.020870 0.051327 0.002263 0.036775 
0.852775 0.015789 0.040624 0.000017 0.000000 0.000000 0.000830 0.000000 0.000000 0.024656 0.012485 0.012459 0.013226 0.014556 0.012583 
0.040920 0.083074 0.016908 0.021956 0.000000 0.000000 0.174870 0.049705 0.000000 0.007157 0.179106 0.034684 0.000002 0.282352 0.109266 
0.087144 0.050205 0.421254 0.000019 0.014498 0.000000 0.005721 0.000000 0.000000 0.133065 0.105022 0.046705 0.114879 0.017571 0.003914 
0.063222 0.092702 0.214851 0.017640 0.000000 0.262290 0.156201 0.000000 0.000000 0.015695 0.047027 0.025062 0.000002 0.062764 0.042545 
0.114063 0.135693 0.001092 0.079486 0.249720 0.000000 0.074606 0.000000 0.000000 0.036456 0.047621 0.039425 0.015581 0.023612 0.182644 
0.013670 0.052946 0.049977 0.027042 0.000000 0.000000 0.074205 0.266578 0.000000 0.248785 0.036581 0.023749 0.000002 0.055783 0.150680 
0.511984 0.031158 0.026964 0.049261 0.000000 0.109528 0.052581 0.023572 0.000000 0.055686 0.039694 0.018874 0.022333 0.027204 0.031161 
0.050198 0.105781 0.034024 0.004786 0.128114 0.069791 0.015033 0.000000 0.020287 0.004242 0.174693 0.000480 0.371262 0.009215 0.012095 
0.054752 0.166196 0.001449 0.292482 0.000000 0.000000 0.061652 0.000000 0.000000 0.106085 0.021161 0.140661 0.067582 0.019139 0.068841 
0.104907 0.083271 0.022267 0.345829 0.000000 0.000000 0.093261 0.000000 0.000000 0.200482 0.032085 0.017909 0.000002 0.038969 0.061017 
0.419245 0.049457 0.017810 0.000023 0.000000 0.000000 0.026603 0.000000 0.037551 0.030396 0.087153 0.003811 0.070491 0.236651 0.020809 
0.032592 0.094411 0.028116 0.235801 0.018574 0.000000 0.012465 0.000000 0.000000 0.051850 0.391988 0.000097 0.107250 0.021968 0.004887 
0.021263 0.040286 0.112487 0.090364 0.032730 0.000000 0.010185 0.000000 0.229174 0.248818 0.052477 0.010441 0.139596 0.008589 0.003591 
0.395539 0.078341 0.070034 0.000018 0.000000 0.000000 0.044948 0.038323 0.000000 0.037358 0.226449 0.027094 0.000002 0.030519 0.051374 
0.034246 0.540064 0.009813 0.000023 0.000000 0.000000 0.012284 0.000000 0.000000 0.033402 0.018601 0.015305 0.119140 0.155990 0.061132 
0.086075 0.056952 0.019570 0.003770 0.253751 0.000000 0.017388 0.000000 0.000000 0.034169 0.172375 0.008873 0.000002 0.312203 0.034872 
0.030286 0.171081 0.006409 0.000019 0.015698 0.000000 0.043989 0.027905 0.000000 0.447567 0.014371 0.182337 0.000001 0.011960 0.048376 
0.271590 0.215146 0.087322 0.000024 0.000000 0.063549 0.037071 0.000000 0.028410 0.011140 0.053164 0.006563 0.192654 0.016641 0.016727 
0.030652 0.118762 0.054847 0.003253 0.000000 0.000000 0.042350 0.000000 0.000000 0.006892 0.502532 0.129364 0.000002 0.040101 0.071246 
0.088933 0.089081 0.002565 0.003792 0.275078 0.049549 0.031913 0.000000 0.000000 0.026249 0.088435 0.070877 0.011846 0.161063 0.100620 
0.018597 0.068681 0.013225 0.017268 0.000000 0.000000 0.149715 0.276432 0.056977 0.008435 0.104490 0.045711 0.000001 0.053883 0.186584 
0.084756 0.209126 0.041556 0.000020 0.000000 0.000000 0.019759 0.000000 0.000000 0.006225 0.195388 0.000149 0.379798 0.038833 0.024390 
0.341131 0.230920 0.039196 0.007592 0.024323 0.000000 0.049014 0.000000 0.000000 0.017047 0.046955 0.016727 0.166393 0.027294 0.033408 
0.021430 0.018037 0.546127 0.218818 0.000000 0.000000 0.019619 0.000000 0.000000 0.095492 0.007612 0.008434 0.016941 0.026064 0.021427 
0.083687 0.087725 0.013600 0.010218 0.000000 0.000000 0.140123 0.034862 0.468000 0.019628 0.025006 0.022855 0.000001 0.053742 0.040553 
0.041762 0.063309 0.039754 0.196497 0.000000 0.047159 0.059065 0.029515 0.000000 0.036865 0.378476 0.033629 0.000002 0.018121 0.055846 
0.052804 0.082369 0.001362 0.000016 0.000000 0.328997 0.030884 0.044725 0.000000 0.268654 0.104752 0.027580 0.000002 0.015654 0.042199 
0.008711 0.019459 0.083315 0.536587 0.000000 0.000000 0.011739 0.000000 0.000000 0.058253 0.020561 0.000117 0.015861 0.223517 0.021880 
0.021327 0.027537 0.042870 0.000019 0.009181 0.000000 0.047301 0.079244 0.000000 0.466595 0.108871 0.103808 0.016275 0.014974 0.061997 
0.042002 0.101006 0.104611 0.015355 0.051746 0.000000 0.161534 0.143160 0.000000 0.069788 0.017237 0.017219 0.056549 0.041594 0.178198 
0.027377 0.085260 0.004312 0.000017 0.043299 0.000000 0.060787 0.121920 0.000000 0.381770 0.024151 0.113201 0.000002 0.011264 0.126641 
0.015613 0.089292 0.011360 0.000023 0.008848 0.000000 0.074022 0.145069 0.000000 0.347958 0.072285 0.004514 0.000002 0.070195 0.160819 
0.040105 0.051817 0.047361 0.055023 0.000000 0.000000 0.010540 0.042421 0.031963 0.027025 0.557545 0.100999 0.000002 0.000991 0.034209 
0.048289 0.124324 0.012398 0.037861 0.000000 0.000000 0.213491 0.058647 0.000000 0.035691 0.083963 0.050186 0.182737 0.083175 0.069238 
0.082967 0.171231 0.039007 0.019381 0.015609 0.000000 0.140770 0.059898 0.000000 0.018552 0.055949 0.049833 0.026059 0.073587 0.247157 
0.041040 0.013615 0.663569 0.000020 0.000000 0.000000 0.004545 0.000000 0.000000 0.055627 0.069598 0.000111 0.000002 0.113020 0.038853 
0.536044 0.010660 0.035498 0.000014 0.000000 0.000000 0.015991 0.087778 0.000000 0.021363 0.014815 0.007245 0.000002 0.186333 0.084257 
0.046751 0.161796 0.039463 0.059420 0.000000 0.000000 0.199277 0.000000 0.000000 0.128447 0.066438 0.042277 0.000002 0.161962 0.094167 
0.426193 0.025401 0.036338 0.000016 0.000000 0.088213 0.022839 0.000000 0.000000 0.295586 0.025066 0.000127 0.045792 0.023119 0.011310 
0.050917 0.056438 0.166563 0.000022 0.020828 0.000000 0.015050 0.000000 0.000000 0.055440 0.013531 0.000126 0.000001 0.567273 0.053811 
0.048743 0.038838 0.440322 0.000014 0.000000 0.000000 0.005498 0.000000 0.262770 0.166234 0.026291 0.005293 0.000002 0.005363 0.000633 
0.083069 0.138922 0.027028 0.003605 0.000000 0.000000 0.030054 0.000000 0.147287 0.026644 0.074277 0.265618 0.016581 0.079597 0.107319 
0.040578 0.474381 0.016654 0.000018 0.037939 0.000000 0.002403 0.000000 0.000000 0.024897 0.012969 0.009331 0.122300 0.215623 0.042907 
0.054706 0.040396 0.012616 0.073110 0.152657 0.000000 0.044118 0.000000 0.000000 0.503797 0.042788 0.016744 0.014600 0.022528 0.021941 
0.028801 0.057069 0.014196 0.008275 0.000000 0.000000 0.033858 0.000000 0.000000 0.018708 0.129189 0.005204 0.000002 0.618012 0.086686 
0.015185 0.077856 0.036188 0.007330 0.000000 0.000000 0.080566 0.202477 0.248199 0.002340 0.052806 0.056587 0.016838 0.071570 0.132059 
0.015133 0.250392 0.016608 0.029638 0.000000 0.000000 0.065310 0.307857 0.000000 0.026554 0.074477 0.015381 0.000002 0.034775 0.163873 
0.335978 0.141828 0.033173 0.130298 0.000000 0.141221 0.028611 0.029235 0.000000 0.045588 0.034843 0.016385 0.043525 0.003402 0.015912 
0.570474 0.049005 0.072595 0.000015 0.187219 0.029834 0.004184 0.013829 0.000000 0.022391 0.022602 0.002269 0.000002 0.022866 0.002716 
0.040612 0.078521 0.052263 0.010057 0.110818 0.000000 0.043267 0.000000 0.000000 0.216271 0.064625 0.233618 0.009349 0.054798 0.085801 
0.017864 0.500990 0.006671 0.056797 0.000000 0.000000 0.043126 0.041948 0.000000 0.039539 0.029546 0.147474 0.000001 0.023437 0.092607 
0.069443 0.197101 0.002228 0.003895 0.000000 0.102770 0.112976 0.000000 0.102942 0.007576 0.055093 0.041811 0.000002 0.088752 0.215412 
0.058290 0.383547 0.102420 0.005278 0.011019 0.000000 0.134074 0.035577 0.000000 0.027333 0.061615 0.020764 0.000002 0.028058 0.132024 
0.015127 0.022220 0.008542 0.610545 0.008259 0.000000 0.005880 0.000000 0.165061 0.088848 0.031974 0.006774 0.000001 0.030253 0.006517 
0.032494 0.104992 0.007105 0.004410 0.000000 0.328875 0.139069 0.000000 0.000000 0.013939 0.021049 0.040592 0.074832 0.163840 0.068803 
0.056591 0.081084 0.013870 0.010237 0.008870 0.000000 0.046476 0.000000 0.000000 0.001509 0.033254 0.058503 0.000002 0.538730 0.150873 
0.056409 0.162430 0.050522 0.013846 0.054624 0.000000 0.196218 0.000000 0.000000 0.099675 0.076508 0.063661 0.010481 0.079340 0.136286 
0.031518 0.058507 0.027060 0.004143 0.072429 0.000000 0.081567 0.258737 0.000000 0.017325 0.169261 0.039271 0.023414 0.086747 0.130022 
0.024193 0.004691 0.028640 0.000017 0.001847 0.000000 0.000638 0.000000 0.000000 0.928543 0.003157 0.000068 0.000001 0.004603 0.003600 
0.029343 0.085708 0.000953 0.004692 0.000000 0.154659 0.084449 0.250413 0.000000 0.038532 0.103072 0.024036 0.021407 0.051878 0.150858 
0.046407 0.036220 0.003001 0.011937 0.000000 0.000000 0.020069 0.039232 0.000000 0.003720 0.072196 0.004601 0.000002 0.709880 0.052735 
0.051847 0.103070 0.000906 0.013734 0.330092 0.000000 0.056666 0.098289 0.000000 0.017239 0.069659 0.026369 0.031305 0.076443 0.124378 
0.137254 0.023926 0.478160 0.093831 0.000000 0.160199 0.009891 0.000000 0.000000 0.009716 0.042481 0.000221 0.014686 0.018574 0.011062 
0.038241 0.106571 0.312431 0.000021 0.000000 0.027899 0.022620 0.000000 0.000000 0.032586 0.029811 0.275194 0.000002 0.061794 0.092829 
0.021972 0.312563 0.007469 0.066685 0.000000 0.000000 0.031147 0.000000 0.000000 0.023588 0.168082 0.231549 0.000002 0.048514 0.088432 
0.058111 0.144950 0.030448 0.001918 0.022555 0.000000 0.018230 0.016277 0.138369 0.002793 0.401379 0.012243 0.094356 0.037060 0.021311 
0.053007 0.486484 0.028132 0.005521 0.000000 0.000000 0.034858 0.065794 0.000000 0.016944 0.021131 0.158975 0.000001 0.010621 0.118531 
0.060568 0.032544 0.464570 0.000012 0.036509 0.000000 0.034711 0.130746 0.048328 0.009861 0.037625 0.012431 0.063520 0.011653 0.056920 
0.027686 0.154699 0.001312 0.593665 0.000000 0.000000 0.012780 0.000000 0.000000 0.099975 0.006075 0.000105 0.000001 0.076438 0.027264 
0.567370 0.021179 0.041371 0.000017 0.000000 0.040685 0.025559 0.013375 0.044770 0.118247 0.006393 0.026671 0.034183 0.030665 0.029515 
0.047136 0.048945 0.006990 0.006842 0.033142 0.000000 0.085458 0.365694 0.000000 0.015463 0.030554 0.031580 0.000002 0.060541 0.267653 
0.038163 0.108244 0.015580 0.164252 0.000000 0.052173 0.051372 0.141800 0.012483 0.057139 0.104712 0.016543 0.100450 0.025253 0.111836 
0.046791 0.033052 0.155219 0.177348 0.000000 0.000000 0.019642 0.000000 0.215597 0.220205 0.010794 0.000306 0.022547 0.097451 0.001047 
0.035431 0.019661 0.058758 0.038079 0.000000 0.000000 0.035134 0.027655 0.000000 0.564791 0.033984 0.031027 0.000002 0.126700 0.028778 
0.063163 0.108599 0.007470 0.019493 0.000000 0.202409 0.246277 0.097846 0.000000 0.020336 0.041980 0.034896 0.016194 0.068358 0.072979 
0.092012 0.192522 0.010632 0.000021 0.014498 0.000000 0.113825 0.000000 0.019277 0.110115 0.053201 0.053763 0.025332 0.083858 0.230944 
0.161664 0.110833 0.009097 0.459511 0.007356 0.000000 0.000938 0.000000 0.096544 0.098796 0.002346 0.011204 0.000002 0.019512 0.022197 
0.045809 0.265566 0.023039 0.000030 0.000000 0.000000 0.081843 0.000000 0.000000 0.018601 0.063463 0.026690 0.000002 0.389569 0.085388 
0.030471 0.058985 0.030860 0.013906 0.000000 0.000000 0.026445 0.099687 0.000000 0.102859 0.431036 0.084286 0.023013 0.008443 0.090010 
0.404912 0.134162 0.138246 0.000015 0.038805 0.000000 0.034767 0.000000 0.000000 0.058770 0.046455 0.012718 0.000001 0.051174 0.079974 
0.027132 0.255683 0.052759 0.221481 0.000000 0.000000 0.020746 0.000000 0.241349 0.054335 0.053891 0.037064 0.000002 0.030155 0.005403 
0.426508 0.052542 0.071740 0.000014 0.000000 0.000000 0.010962 0.000000 0.000000 0.054583 0.142674 0.000130 0.232332 0.004954 0.003559 
0.035759 0.087553 0.013993 0.012433 0.000000 0.000000 0.090858 0.000000 0.224484 0.010558 0.138557 0.023444 0.214209 0.067808 0.080343 
0.173352 0.040996 0.004222 0.000019 0.000000 0.000000 0.013029 0.000000 0.000000 0.517437 0.037464 0.147902 0.000002 0.022515 0.043061 
0.262678 0.097769 0.020806 0.005738 0.262042 0.000000 0.062486 0.000000 0.025767 0.056116 0.030646 0.032970 0.055587 0.043839 0.043557 
0.024002 0.021964 0.009936 0.164953 0.000000 0.000000 0.049112 0.167175 0.000000 0.029008 0.108648 0.002950 0.030839 0.225500 0.165913 
0.063843 0.153314 0.026691 0.109961 0.011366 0.000000 0.111566 0.164045 0.009257 0.014969 0.057199 0.033289 0.000002 0.065940 0.178558 
0.072769 0.390668 0.153139 0.000015 0.033868 0.054228 0.029587 0.000000 0.094473 0.011589 0.099949 0.000186 0.000002 0.022002 0.037525 
0.020458 0.268616 0.017008 0.000017 0.000000 0.000000 0.022098 0.000000 0.302782 0.018644 0.077131 0.180974 0.000002 0.020118 0.072150 
0.216872 0.137917 0.002896 0.000026 0.190680 0.000000 0.027261 0.000000 0.000000 0.026097 0.065615 0.110560 0.156981 0.028681 0.036415 
0.110559 0.031998 0.158331 0.030398 0.000000 0.000000 0.017025 0.000000 0.332965 0.021730 0.221915 0.063187 0.000002 0.001595 0.010296 
0.027998 0.129610 0.005947 0.006926 0.032163 0.000000 0.055036 0.166849 0.000000 0.050893 0.015819 0.277554 0.000002 0.049426 0.181778 
0.060322 0.183980 0.004259 0.253876 0.020011 0.000000 0.033645 0.020214 0.000000 0.055588 0.023643 0.144203 0.028480 0.107826 0.063952 
0.039500 0.111229 0.044163 0.435147 0.000000 0.055454 0.049235 0.000000 0.000000 0.101702 0.025989 0.055622 0.000002 0.031284 0.050673 
0.052100 0.148875 0.087392 0.008623 0.019770 0.000000 0.047858 0.000000 0.000000 0.014744 0.059052 0.099946 0.000002 0.287129 0.174507 
0.045507 0.062524 0.004848 0.014890 0.000000 0.000000 0.147531 0.000000 0.000000 0.015119 0.044279 0.052309 0.000002 0.509207 0.103785 
0.083178 0.074770 0.192555 0.000017 0.305499 0.087342 0.013577 0.000000 0.026663 0.106829 0.010277 0.000399 0.030690 0.049718 0.018486 
0.016202 0.038813 0.001430 0.624686 0.000000 0.029756 0.022920 0.000000 0.000000 0.114031 0.021780 0.009363 0.000002 0.079787 0.041230 
0.048725 0.094824 0.006556 0.000026 0.000000 0.502493 0.047662 0.106469 0.000000 0.011262 0.058128 0.013865 0.038787 0.015611 0.055591 
0.075708 0.060998 0.489370 0.000010 0.000000 0.060129 0.034911 0.000000 0.000000 0.007765 0.061011 0.065557 0.040598 0.022457 0.081487 
0.068859 0.257577 0.002110 0.144829 0.021897 0.000000 0.126550 0.000000 0.000000 0.039299 0.047489 0.062495 0.000002 0.052644 0.176248 
0.065479 0.082966 0.006666 0.015492 0.121741 0.000000 0.082876 0.128480 0.000000 0.011437 0.040131 0.025555 0.011623 0.301426 0.106126 
0.065317 0.151123 0.001019 0.000014 0.339544 0.000000 0.025002 0.000000 0.202259 0.014081 0.077287 0.018554 0.055125 0.035858 0.014816 
0.411016 0.237753 0.067869 0.034947 0.000000 0.000000 0.007215 0.000000 0.019749 0.036950 0.143568 0.003538 0.000002 0.018432 0.018962 
0.026484 0.049952 0.021610 0.000016 0.000000 0.000000 0.002217 0.015160 0.000000 0.801652 0.069323 0.003941 0.000002 0.005355 0.004288 
0.064313 0.119822 0.020061 0.055654 0.041384 0.000000 0.307052 0.000000 0.022810 0.008427 0.081885 0.060862 0.000002 0.099701 0.118027 
0.035520 0.041455 0.005353 0.000019 0.000000 0.000000 0.017068 0.000000 0.000000 0.466763 0.186750 0.013415 0.000002 0.202882 0.030773 
0.352695 0.011237 0.123808 0.060699 0.000000 0.000000 0.027175 0.022691 0.000000 0.027755 0.327138 0.000161 0.000002 0.011171 0.035470 
0.053047 0.456546 0.089866 0.004388 0.099133 0.000000 0.029456 0.064728 0.000000 0.024598 0.062694 0.011745 0.000002 0.032956 0.070840 
0.169756 0.075912 0.005412 0.000026 0.000000 0.174086 0.024217 0.000000 0.067141 0.051253 0.093813 0.023479 0.245450 0.049749 0.019707 
0.080009 0.134998 0.004213 0.019111 0.000000 0.000000 0.047400 0.000000 0.127099 0.033384 0.073854 0.303371 0.053410 0.016174 0.106977 
0.031608 0.499673 0.026797 0.010575 0.035106 0.000000 0.011314 0.020461 0.000000 0.206648 0.011340 0.033029 0.000002 0.050310 0.063138 
0.031718 0.146559 0.107938 0.111030 0.000000 0.000000 0.068311 0.194560 0.000000 0.043025 0.016268 0.048337 0.042748 0.042493 0.147012 
0.248415 0.161761 0.102063 0.033957 0.032080 0.000000 0.078661 0.049351 0.000000 0.021814 0.039703 0.031209 0.000002 0.050769 0.150214 
0.043234 0.125056 0.012941 0.014921 0.000000 0.000000 0.066949 0.000000 0.000000 0.007107 0.041978 0.047113 0.000002 0.564505 0.076193 
0.038851 0.223266 0.033977 0.000022 0.050806 0.000000 0.020459 0.000000 0.000000 0.018841 0.199738 0.186853 0.011790 0.130881 0.084514 
0.039656 0.048811 0.019000 0.032493 0.000000 0.000000 0.065058 0.060486 0.000000 0.004963 0.066051 0.011808 0.000002 0.588430 0.063241 
0.072423 0.003706 0.016230 0.000022 0.000000 0.000000 0.004448 0.014769 0.000000 0.845295 0.011203 0.003605 0.000002 0.011933 0.016364 
0.027450 0.057441 0.007386 0.005485 0.000000 0.000000 0.174513 0.250669 0.000000 0.007424 0.041173 0.049336 0.050602 0.121002 0.207518 
0.042445 0.150796 0.015111 0.139858 0.014530 0.000000 0.218198 0.000000 0.000000 0.030508 0.084073 0.040756 0.082750 0.101672 0.079302 
0.010572 0.131186 0.080122 0.002749 0.000000 0.000000 0.022369 0.000000 0.425106 0.014686 0.036617 0.125708 0.023007 0.061309 0.066570 
0.512362 0.082357 0.187464 0.018580 0.038494 0.000000 0.020364 0.000000 0.000000 0.007728 0.044012 0.055294 0.000002 0.003455 0.029887 
0.075142 0.264014 0.007214 0.005866 0.000000 0.100049 0.148048 0.000000 0.021589 0.013320 0.028936 0.037890 0.000002 0.052848 0.245084 
0.059219 0.338830 0.182671 0.000029 0.095763 0.107684 0.022449 0.000000 0.000000 0.027972 0.050146 0.006031 0.031505 0.038587 0.039114 
0.064137 0.193361 0.101287 0.008045 0.036935 0.000000 0.089228 0.000000 0.000000 0.015984 0.052656 0.145570 0.000002 0.091244 0.201551 
0.029617 0.048996 0.033393 0.624969 0.000000 0.000000 0.010020 0.000000 0.072406 0.085138 0.036649 0.001672 0.000001 0.021135 0.036003 
0.020007 0.120941 0.020421 0.000024 0.063599 0.000000 0.021200 0.020386 0.011289 0.018590 0.087671 0.021921 0.527600 0.052646 0.013706 
0.035124 0.051162 0.000808 0.006811 0.000000 0.000000 0.019163 0.000000 0.174826 0.008087 0.055508 0.008434 0.010465 0.597752 0.031860 
0.364036 0.048432 0.106981 0.002874 0.000000 0.000000 0.040731 0.076034 0.000000 0.051188 0.214053 0.057187 0.000002 0.008341 0.030141 
0.092509 0.161593 0.228770 0.004338 0.049746 0.000000 0.101142 0.000000 0.000000 0.037905 0.041198 0.041810 0.000002 0.072632 0.168356 
0.081014 0.115415 0.005891 0.000018 0.000000 0.311187 0.085393 0.038666 0.000000 0.072554 0.170911 0.019083 0.000002 0.021636 0.078231 
0.055163 0.023835 0.526524 0.014387 0.028549 0.000000 0.014943 0.021312 0.000000 0.011353 0.036848 0.003521 0.000002 0.186252 0.077311 
0.025533 0.069287 0.322108 0.005790 0.000000 0.000000 0.007070 0.000000 0.000000 0.255021 0.293296 0.003075 0.000002 0.003963 0.014855 
0.020359 0.064077 0.053088 0.000023 0.000000 0.024445 0.066225 0.000000 0.146909 0.089641 0.084390 0.041390 0.348178 0.025777 0.035498 
0.249331 0.026969 0.017393 0.000018 0.000000 0.131545 0.004581 0.000000 0.000000 0.477273 0.027811 0.004528 0.035955 0.010005 0.014590 
0.053740 0.075326 0.477739 0.006253 0.000000 0.000000 0.093456 0.000000 0.000000 0.033580 0.013715 0.088034 0.040629 0.038896 0.078632 
0.156711 0.456404 0.047353 0.000022 0.000000 0.000000 0.039129 0.000000 0.051201 0.021875 0.085489 0.026874 0.026296 0.036296 0.052349 
0.104691 0.055703 0.012914 0.223920 0.000000 0.045536 0.020731 0.000000 0.062118 0.052328 0.305704 0.000125 0.041325 0.057433 0.017472 
0.042159 0.079807 0.001006 0.019348 0.021314 0.000000 0.006647 0.000000 0.223634 0.009586 0.075189 0.024666 0.000002 0.440837 0.055806 
0.038351 0.073491 0.149131 0.009377 0.000000 0.000000 0.110878 0.233090 0.000000 0.013072 0.215254 0.017888 0.000002 0.021628 0.117839 
0.584018 0.037439 0.053896 0.000024 0.000000 0.000000 0.051427 0.103434 0.000000 0.017731 0.025996 0.029245 0.011115 0.036597 0.049078 
0.059241 0.073586 0.001380 0.000004 0.040884 0.609149 0.009375 0.000000 0.000000 0.001339 0.086071 0.009016 0.076582 0.011126 0.022247 
0.040839 0.085122 0.021379 0.000017 0.000000 0.000000 0.001172 0.000000 0.000000 0.127162 0.148658 0.003880 0.497731 0.051560 0.022479 
0.047664 0.081695 0.001150 0.008767 0.000000 0.000000 0.023037 0.000000 0.018932 0.049372 0.093098 0.059278 0.265887 0.303355 0.047764 
0.021311 0.024695 0.046543 0.008444 0.000000 0.000000 0.072961 0.162339 0.000000 0.446074 0.085315 0.016091 0.000002 0.018121 0.098105 
0.060981 0.104639 0.001379 0.031266 0.000000 0.000000 0.282050 0.036406 0.000000 0.250351 0.030253 0.049323 0.000001 0.083726 0.069625 
0.052287 0.386670 0.014696 0.017919 0.033115 0.000000 0.029710 0.000000 0.056845 0.228591 0.033614 0.010908 0.018999 0.055717 0.060927 
0.022072 0.108481 0.003456 0.209147 0.015066 0.000000 0.082251 0.036671 0.000000 0.051052 0.091430 0.074541 0.234964 0.024607 0.046262 
0.104378 0.240967 0.016952 0.021571 0.055424 0.000000 0.147785 0.000000 0.000000 0.036226 0.052342 0.041509 0.025120 0.035586 0.222140 
0.170828 0.346818 0.148636 0.029951 0.000000 0.000000 0.009521 0.000000 0.000000 0.102794 0.028252 0.041858 0.000002 0.059816 0.061523 
0.092458 0.103615 0.089640 0.006425 0.000000 0.000000 0.076253 0.000000 0.000000 0.005888 0.439460 0.025235 0.032362 0.023971 0.104694 
0.029301 0.099619 0.021499 0.000031 0.061489 0.038058 0.020874 0.000000 0.046692 0.014143 0.091150 0.004836 0.515718 0.050932 0.005658 
0.052525 0.134901 0.028635 0.026369 0.000000 0.000000 0.188319 0.017684 0.065195 0.030083 0.086461 0.047783 0.217850 0.058605 0.045590 
0.009503 0.081430 0.035522 0.511756 0.000000 0.030237 0.013152 0.000000 0.000000 0.093122 0.175677 0.004832 0.035459 0.007413 0.001897 
0.053744 0.108292 0.775001 0.000019 0.000000 0.000000 0.003857 0.000000 0.000000 0.018606 0.003169 0.005318 0.012638 0.009074 0.010282 
0.030476 0.015429 0.069687 0.000021 0.000000 0.000000 0.003107 0.014995 0.014710 0.194116 0.625804 0.003262 0.011048 0.002676 0.014670 
0.043808 0.072915 0.006632 0.100573 0.258089 0.077308 0.009264 0.000000 0.000000 0.126757 0.021581 0.062085 0.099874 0.042374 0.078740 
0.128310 0.033118 0.617132 0.000004 0.000000 0.000000 0.000495 0.000000 0.000000 0.017769 0.040933 0.000136 0.131572 0.007624 0.022908 
0.068575 0.135539 0.170219 0.015478 0.000000 0.000000 0.201475 0.000000 0.020479 0.131495 0.015206 0.047155 0.000001 0.099612 0.094764 
0.107143 0.103350 0.019372 0.014704 0.010542 0.000000 0.143446 0.000000 0.000000 0.378878 0.039780 0.037969 0.000002 0.059987 0.084828 
0.058708 0.187672 0.017913 0.000023 0.033223 0.000000 0.116071 0.148704 0.000000 0.030300 0.134866 0.034673 0.013514 0.060731 0.163603 
0.083727 0.076074 0.522661 0.044404 0.000000 0.000000 0.053959 0.000000 0.000000 0.054286 0.017635 0.014941 0.024821 0.038909 0.068583 
0.054253 0.099292 0.114649 0.006339 0.000000 0.000000 0.068574 0.145455 0.014611 0.012531 0.165171 0.129017 0.000002 0.017699 0.172406 
0.089449 0.116319 0.234619 0.008206 0.016543 0.000000 0.079139 0.000000 0.014967 0.107339 0.043380 0.117398 0.006209 0.009904 0.156527 
0.020043 0.079405 0.001696 0.000023 0.000000 0.000000 0.025688 0.000000 0.161969 0.381393 0.074034 0.175546 0.000002 0.021253 0.058948 
0.012495 0.062623 0.019627 0.003736 0.000000 0.000000 0.065980 0.187393 0.000000 0.041800 0.326185 0.026118 0.013059 0.030550 0.210434 
0.036355 0.028867 0.046997 0.391597 0.000000 0.045911 0.024178 0.000000 0.000000 0.029191 0.208421 0.003575 0.174960 0.002080 0.007868 
0.241334 0.056619 0.054719 0.000010 0.178469 0.061605 0.065483 0.149567 0.000000 0.003530 0.062160 0.017884 0.000002 0.002900 0.105718 
0.170097 0.029667 0.077098 0.000011 0.000000 0.000000 0.005509 0.000000 0.000000 0.012594 0.701349 0.000191 0.000002 0.001451 0.002031 
0.267953 0.163007 0.092301 0.015705 0.000000 0.000000 0.048813 0.000000 0.000000 0.034572 0.234015 0.012958 0.000002 0.047679 0.082995 
0.005607 0.018699 0.021057 0.019761 0.000000 0.000000 0.130990 0.000000 0.091244 0.518853 0.058920 0.030817 0.000002 0.048173 0.055876 
0.034798 0.136568 0.236988 0.000026 0.043253 0.000000 0.049662 0.000000 0.000000 0.031324 0.030521 0.308679 0.000002 0.000814 0.127366 
0.627351 0.005480 0.227847 0.000020 0.000000 0.000000 0.000677 0.000000 0.061855 0.014920 0.007007 0.004474 0.022949 0.009461 0.017960 
