-1971074.656305
0
0.000000 0.005304 0.000000 0.058993 0.000000 0.000000 0.000000 0.000000 0.035172 0.000000 0.056152 0.016967 0.000000 0.000000 0.000000 0.000000 0.000000 0.003036 0.000000 0.000000 0.000000 0.002991 0.000856 0.007654 0.003959 0.014004 0.000000 0.235454 0.000000 0.000000 0.000000 0.000000 0.000000 0.000000 0.029875 0.013756 0.000000 0.003128 0.000000 0.004014 0.000000 0.004607 0.000000 0.002196 0.000000 0.003934 0.000000 0.010734 0.002630 0.019965 0.000791 0.126379 0.000000 0.000000 0.000000 0.000000 0.056540 0.000000 0.074372 0.041618 0.000000 0.002949 0.000000 0.000000 0.003717 0.000000 0.005782 0.008725 0.000000 0.002127 0.000000 0.000000 0.000000 0.030363 0.000000 0.093956 0.000000 0.000000 0.000000 0.000000 0.000000 0.000000 0.000000 0.000000 0.000000 0.000000 0.000000 0.000000 0.000000 0.006783 0.001675 0.000982 0.000000 0.002983 0.000000 0.004879 
0.000000 0.000000 0.000000 0.000000 0.000000 0.000000 0.000000 0.000000 0.046242 0.016176 0.000000 0.021530 0.000000 0.004411 0.000000 0.005321 0.000000 0.000000 0.000000 0.000000 0.000000 0.000000 0.000000 0.000000 0.014938 0.057468 0.024141 0.102219 0.000000 0.000000 0.000000 0.000000 0.000000 0.000000 0.090460 0.000000 0.000000 0.002774 0.000000 0.000000 0.000000 0.000000 0.051546 0.000000 0.000000 0.004953 0.013839 0.013659 0.000000 0.007927 0.004351 0.000000 0.000000 0.000000 0.000000 0.003812 0.145950 0.125661 0.111026 0.089319 0.000000 0.006335 0.001303 0.000997 0.000000 0.000000 0.010845 0.000000 0.000000 0.000989 0.000000 0.000000 0.000000 0.000000 0.005521 0.000000 0.000000 0.000000 0.000000 0.000000 0.000000 0.000000 0.000000 0.000000 0.000000 0.000000 0.000000 0.000000 0.000000 0.000000 0.005051 0.000000 0.000000 0.000000 0.000000 0.011238 
0.000000 0.000000 0.000000 0.000000 0.005056 0.000000 0.000000 0.001756 0.000000 0.000000 0.000000 0.000000 0.012736 0.000000 0.000000 0.020288 0.012345 0.000000 0.000000 0.017863 0.067977 0.009290 0.005555 0.042059 0.003140 0.000000 0.000000 0.000000 0.000000 0.000000 0.000000 0.000000 0.000000 0.000000 0.000000 0.000000 0.005778 0.000000 0.000000 0.000000 0.012383 0.000000 0.012880 0.041943 0.049505 0.010115 0.017295 0.102301 0.009966 0.000000 0.000000 0.000000 0.000000 0.001433 0.000000 0.007076 0.000000 0.000000 0.000000 0.000000 0.000000 0.000000 0.000000 0.000000 0.000000 0.004372 0.000000 0.000000 0.016164 0.000000 0.004734 0.035779 0.032064 0.000000 0.000000 0.045599 0.000000 0.000000 0.000000 0.000000 0.000000 0.000000 0.000000 0.000000 0.032449 0.000000 0.022081 0.008655 0.008896 0.009560 0.002551 0.047447 0.120612 0.012426 0.013111 0.114758 
0.000000 0.000000 0.000000 0.006152 0.001033 0.000000 0.000000 0.000000 0.000000 0.000000 0.000000 0.003709 0.000000 0.000000 0.000000 0.000000 0.000000 0.003402 0.000000 0.002363 0.000000 0.005535 0.003139 0.013478 0.002532 0.000000 0.000000 0.006960 0.000000 0.000435 0.000240 0.000000 0.000000 0.000000 0.006376 0.000000 0.000000 0.000000 0.000000 0.000000 0.000000 0.000000 0.000000 0.000000 0.000000 0.000000 0.004170 0.021183 0.001508 0.000000 0.000000 0.000000 0.000000 0.000000 0.000000 0.000000 0.000000 0.000000 0.007782 0.009476 0.000000 0.000000 0.000000 0.000000 0.002150 0.006111 0.001118 0.012628 0.000000 0.002682 0.000000 0.000000 0.047860 0.009437 0.002621 0.380298 0.000000 0.000000 0.000000 0.000000 0.000000 0.010378 0.259783 0.039809 0.000000 0.000000 0.000000 0.001011 0.000000 0.010909 0.006862 0.008778 0.003835 0.011145 0.001490 0.081621 
0.008434 0.006790 0.002221 0.000000 0.071989 0.030039 0.016076 0.064448 0.027230 0.000000 0.000000 0.000000 0.000000 0.002676 0.000000 0.000000 0.000000 0.000000 0.000000 0.007486 0.000000 0.000000 0.013912 0.015771 0.002260 0.000000 0.003292 0.000000 0.035529 0.030249 0.013110 0.058978 0.025387 0.000000 0.000000 0.000000 0.007099 0.014321 0.012122 0.015265 0.000000 0.009200 0.000000 0.004082 0.000000 0.009347 0.020438 0.004929 0.000000 0.005643 0.000000 0.000000 0.034099 0.026031 0.004637 0.041934 0.030116 0.000000 0.000000 0.002081 0.000000 0.004052 0.013119 0.005060 0.000000 0.000000 0.000000 0.000000 0.006571 0.009698 0.036792 0.006793 0.000000 0.019788 0.000000 0.000000 0.030029 0.049983 0.005664 0.067207 0.000000 0.000000 0.000000 0.000000 0.000000 0.007897 0.000000 0.000000 0.000000 0.011218 0.000000 0.000000 0.000000 0.013619 0.022304 0.012986 
0.000000 0.000000 0.000000 0.000000 0.000000 0.000000 0.000000 0.000000 0.000000 0.000000 0.000000 0.000000 0.000000 0.000000 0.000000 0.000000 0.056838 0.043393 0.073678 0.021205 0.000000 0.000000 0.000000 0.003707 0.011725 0.003152 0.000000 0.000000 0.000000 0.000000 0.000000 0.000000 0.017359 0.000000 0.000000 0.018135 0.000000 0.009939 0.000000 0.000000 0.045808 0.060288 0.065501 0.044688 0.000000 0.006495 0.000000 0.002125 0.000000 0.000000 0.000000 0.000000 0.000000 0.000000 0.000000 0.000000 0.000000 0.000000 0.000000 0.003225 0.000000 0.000000 0.000000 0.000000 0.086650 0.039750 0.061347 0.055342 0.000000 0.000000 0.000000 0.003718 0.000000 0.011335 0.000000 0.000000 0.000000 0.000000 0.000000 0.000000 0.000000 0.000000 0.000000 0.000000 0.001260 0.018484 0.000000 0.004167 0.076276 0.049905 0.050096 0.051758 0.000000 0.002651 0.000000 0.000000 
0.000000 0.000000 0.000000 0.000000 0.000000 0.000000 0.000000 0.000000 0.000000 0.002012 0.000000 0.000000 0.001626 0.000000 0.000000 0.002652 0.000000 0.000000 0.000000 0.000000 0.000000 0.000000 0.000928 0.000000 0.000000 0.000000 0.000000 0.000000 0.000000 0.000000 0.000000 0.000000 0.086836 0.000000 0.024904 0.028254 0.000000 0.001050 0.000000 0.001037 0.000000 0.000000 0.000000 0.004933 0.000000 0.001820 0.000000 0.000000 0.000000 0.000000 0.000000 0.000000 0.000000 0.000000 0.000000 0.000000 0.000000 0.000000 0.000000 0.011515 0.000000 0.000000 0.000000 0.000750 0.000000 0.000000 0.000000 0.009023 0.000000 0.000000 0.000000 0.000000 0.000000 0.000000 0.000000 0.000000 0.000000 0.000000 0.000000 0.000000 0.153834 0.390022 0.167000 0.099667 0.000000 0.001295 0.000000 0.005977 0.001387 0.000000 0.002058 0.000000 0.000000 0.000000 0.001420 0.000000 
0.000000 0.000000 0.000000 0.000000 0.000000 0.000000 0.000000 0.000000 0.003995 0.016253 0.028011 0.000000 0.000000 0.011834 0.000000 0.010228 0.006757 0.005164 0.000000 0.005555 0.000000 0.000000 0.000687 0.001768 0.011317 0.000000 0.000000 0.000000 0.000000 0.000000 0.000000 0.000000 0.000000 0.000000 0.000000 0.005960 0.000000 0.004175 0.000000 0.000000 0.000000 0.000000 0.000000 0.000000 0.000000 0.000000 0.000000 0.004639 0.000000 0.009517 0.000000 0.036618 0.000000 0.000000 0.000000 0.000000 0.051163 0.211040 0.285156 0.108749 0.000000 0.003815 0.002439 0.004348 0.016501 0.076063 0.018564 0.007809 0.000000 0.003923 0.005984 0.027012 0.001129 0.000000 0.000000 0.004428 0.000000 0.002564 0.000000 0.000000 0.000000 0.000000 0.000000 0.000000 0.000000 0.000000 0.000000 0.000000 0.000000 0.006835 0.000000 0.000000 0.000000 0.000000 0.000000 0.000000 
0.023464 0.006227 0.000000 0.011206 0.000000 0.013697 0.000000 0.009742 0.038876 0.000000 0.000000 0.008942 0.027690 0.025521 0.032082 0.029520 0.073422 0.024183 0.039024 0.072818 0.000000 0.005952 0.011546 0.000000 0.000000 0.000000 0.000000 0.000000 0.005091 0.006178 0.000000 0.005271 0.024649 0.000000 0.000000 0.011493 0.008346 0.000000 0.012689 0.018291 0.013194 0.000000 0.000000 0.022463 0.000000 0.000000 0.012794 0.022543 0.024934 0.024060 0.000000 0.015679 0.004001 0.005261 0.000000 0.000000 0.000000 0.000000 0.000000 0.025005 0.017717 0.011625 0.009939 0.005203 0.000000 0.000000 0.000000 0.018063 0.000000 0.000000 0.000000 0.000000 0.029637 0.000000 0.006591 0.036394 0.000000 0.005075 0.000000 0.000000 0.000000 0.000000 0.000000 0.000000 0.031679 0.000000 0.019736 0.020896 0.000000 0.008798 0.000000 0.017357 0.000000 0.009380 0.007666 0.028387 
0.058256 0.052866 0.000000 0.046998 0.010623 0.000000 0.000000 0.008878 0.010868 0.005721 0.012997 0.033742 0.017764 0.015923 0.014915 0.033433 0.000000 0.003301 0.000000 0.015066 0.006042 0.000000 0.009096 0.000000 0.052893 0.037425 0.000000 0.016595 0.007328 0.006504 0.000000 0.009041 0.000000 0.000000 0.000000 0.023843 0.014687 0.026528 0.020663 0.038715 0.000000 0.012727 0.000000 0.005259 0.003353 0.002843 0.007586 0.000000 0.025035 0.012554 0.000000 0.015099 0.000000 0.000000 0.000000 0.007173 0.000000 0.000000 0.000000 0.000000 0.009408 0.009737 0.011328 0.033136 0.000000 0.004569 0.000000 0.004409 0.000000 0.000000 0.008726 0.007493 0.033006 0.017143 0.000000 0.039123 0.000000 0.000000 0.000000 0.000000 0.000000 0.000000 0.000000 0.010804 0.015541 0.016542 0.009019 0.047480 0.000000 0.000000 0.000000 0.010359 0.000000 0.000000 0.009836 0.000000 
0.000000 0.000000 0.000000 0.000000 0.000000 0.000000 0.000000 0.000000 0.000000 0.034106 0.000000 0.000000 0.000000 0.000000 0.002268 0.000000 0.000000 0.000000 0.000000 0.000000 0.000000 0.000000 0.000000 0.000000 0.000000 0.000000 0.000000 0.000000 0.000000 0.000000 0.002073 0.000000 0.064935 0.341573 0.022328 0.186443 0.000000 0.000000 0.000000 0.000000 0.000000 0.000000 0.000000 0.000000 0.000000 0.000000 0.001479 0.000000 0.000000 0.000000 0.000000 0.000000 0.000000 0.000468 0.000000 0.000000 0.000000 0.053910 0.000000 0.025637 0.000000 0.000000 0.000000 0.000000 0.000000 0.000000 0.000000 0.002692 0.000000 0.000000 0.003532 0.000000 0.000000 0.000000 0.000000 0.000000 0.000000 0.002936 0.000000 0.000000 0.030306 0.184024 0.000000 0.039568 0.000000 0.000000 0.000000 0.000000 0.000000 0.000000 0.000000 0.000000 0.000000 0.000000 0.000000 0.001721 
0.000000 0.000771 0.000000 0.000000 0.003659 0.000000 0.000000 0.004826 0.000673 0.000000 0.000000 0.000000 0.001011 0.001282 0.000000 0.000673 0.000000 0.000000 0.000000 0.000000 0.000000 0.000000 0.000000 0.000000 0.000000 0.000000 0.000000 0.000000 0.006429 0.001109 0.000000 0.006256 0.000000 0.000000 0.000000 0.000000 0.000000 0.000000 0.000000 0.000000 0.000000 0.000000 0.000000 0.000000 0.000000 0.000000 0.000000 0.000000 0.000000 0.000799 0.000000 0.000000 0.000000 0.000910 0.000000 0.002784 0.000000 0.000000 0.000000 0.000000 0.000000 0.000000 0.000000 0.000000 0.000000 0.000000 0.000000 0.000000 0.000000 0.000441 0.000000 0.000000 0.057749 0.019124 0.002471 0.019182 0.325112 0.079823 0.010801 0.384348 0.069769 0.000000 0.000000 0.000000 0.000000 0.000000 0.000000 0.000000 0.000000 0.000000 0.000000 0.000000 0.000000 0.000000 0.000000 0.000000 
0.000000 0.000000 0.000000 0.000000 0.000000 0.000000 0.000000 0.002232 0.049179 0.209095 0.006509 0.141361 0.000000 0.000000 0.000000 0.000000 0.000000 0.002867 0.000000 0.000000 0.000000 0.000000 0.000000 0.000000 0.000000 0.000000 0.000000 0.000000 0.000000 0.000000 0.000000 0.000000 0.000000 0.017268 0.000000 0.000000 0.000000 0.000626 0.000000 0.000000 0.000000 0.000000 0.000000 0.001067 0.000000 0.000000 0.000000 0.000000 0.000000 0.000000 0.000000 0.000000 0.000000 0.000000 0.000000 0.000000 0.058685 0.150270 0.000000 0.087474 0.000000 0.000000 0.000000 0.000000 0.000000 0.000000 0.000000 0.000000 0.000000 0.000000 0.000000 0.000000 0.000000 0.003994 0.000000 0.000000 0.000000 0.000000 0.000000 0.000000 0.000000 0.129619 0.000000 0.137712 0.000000 0.000000 0.000000 0.000000 0.000000 0.002041 0.000000 0.000000 0.000000 0.000000 0.000000 0.000000 
0.000000 0.000000 0.000000 0.000000 0.000743 0.000348 0.000000 0.000000 0.008384 0.000000 0.000000 0.000000 0.000000 0.000000 0.000000 0.000000 0.001090 0.000000 0.000000 0.001518 0.000000 0.000000 0.000000 0.000000 0.000000 0.000000 0.000000 0.000000 0.000000 0.000000 0.000000 0.000000 0.000000 0.000000 0.000000 0.002974 0.000000 0.000000 0.000000 0.000000 0.000393 0.000000 0.000000 0.000000 0.000000 0.000000 0.000000 0.000000 0.000000 0.000000 0.000000 0.000000 0.000000 0.000000 0.000000 0.000000 0.006796 0.000000 0.000000 0.000000 0.000000 0.000000 0.000000 0.000000 0.000000 0.000000 0.000000 0.000000 0.000000 0.000000 0.000000 0.000000 0.016615 0.006865 0.002469 0.017074 0.049267 0.000000 0.002240 0.085897 0.498136 0.014498 0.023501 0.260544 0.000000 0.000000 0.000000 0.000000 0.000000 0.000645 0.000000 0.000000 0.000000 0.000000 0.000000 0.000000 
0.005551 0.008919 0.000000 0.000000 0.000000 0.002848 0.000000 0.004612 0.036247 0.000000 0.318009 0.003130 0.002060 0.000000 0.000000 0.006060 0.010913 0.002213 0.017171 0.003701 0.000000 0.003685 0.000000 0.004956 0.000000 0.000000 0.000000 0.000000 0.000000 0.000000 0.000000 0.000000 0.018647 0.000000 0.170932 0.003863 0.000000 0.000000 0.000000 0.000000 0.000000 0.000000 0.000000 0.001171 0.000000 0.002434 0.000000 0.000000 0.005157 0.002524 0.000000 0.000000 0.000000 0.004095 0.000000 0.000000 0.016429 0.000000 0.153331 0.000000 0.000000 0.000000 0.000000 0.000000 0.006602 0.000000 0.000000 0.005578 0.000000 0.000000 0.000000 0.000000 0.008615 0.007298 0.000000 0.000000 0.000000 0.000000 0.000000 0.000000 0.000000 0.000000 0.141517 0.000000 0.001804 0.000000 0.000000 0.000000 0.006400 0.000000 0.011268 0.000000 0.000000 0.000000 0.002259 0.000000 
0.043181 0.035969 0.026854 0.025647 0.009813 0.003623 0.002990 0.000000 0.007693 0.000000 0.000000 0.000000 0.004429 0.002372 0.008517 0.000000 0.005374 0.000000 0.006084 0.000000 0.000000 0.000000 0.000000 0.000000 0.060805 0.077617 0.012329 0.048380 0.010502 0.009725 0.006387 0.009738 0.022709 0.008097 0.005816 0.016399 0.008789 0.010520 0.044604 0.009907 0.004227 0.000000 0.010495 0.003788 0.000000 0.000000 0.003906 0.000000 0.046285 0.052374 0.028829 0.027938 0.009373 0.010943 0.007449 0.005461 0.002046 0.000000 0.000000 0.000000 0.007239 0.005875 0.016187 0.002500 0.003770 0.000000 0.002430 0.000000 0.000000 0.000000 0.000000 0.000000 0.040134 0.071733 0.015033 0.041943 0.000000 0.012414 0.003401 0.000000 0.000000 0.000000 0.000000 0.000000 0.002567 0.004504 0.008898 0.000000 0.000000 0.000000 0.002251 0.000000 0.000000 0.000000 0.001131 0.000000 
0.020114 0.013607 0.016970 0.000000 0.027108 0.046395 0.267787 0.045725 0.029124 0.025773 0.187901 0.024618 0.078063 0.028191 0.074966 0.113659 
0.030568 0.016689 0.018386 0.353380 0.054217 0.106873 0.020872 0.066064 0.091648 0.042299 0.023309 0.014079 0.025178 0.064717 0.032311 0.039409 
0.025106 0.037466 0.010230 0.238011 0.001370 0.045049 0.213359 0.199836 0.003435 0.009980 0.068914 0.000002 0.012426 0.079411 0.039017 0.016387 
0.029185 0.047861 0.030228 0.000000 0.070241 0.104155 0.269088 0.008537 0.115933 0.052156 0.154363 0.000003 0.050325 0.029929 0.030445 0.007552 
0.043072 0.251290 0.004515 0.000000 0.026813 0.129873 0.008181 0.031129 0.024381 0.047901 0.027298 0.024352 0.020460 0.031597 0.232862 0.096275 
0.265453 0.061291 0.000122 0.188873 0.008231 0.042725 0.016426 0.064016 0.023211 0.045891 0.038588 0.000003 0.059835 0.009091 0.038625 0.137621 
0.053377 0.059412 0.011567 0.000000 0.059903 0.078420 0.021341 0.019086 0.100149 0.208877 0.055291 0.090528 0.090312 0.017570 0.074520 0.059648 
0.181403 0.045228 0.272976 0.000000 0.017457 0.083329 0.027583 0.038931 0.041708 0.063896 0.033560 0.008335 0.068112 0.044900 0.044207 0.028374 
0.032920 0.001253 0.000305 0.000000 0.043707 0.030991 0.000725 0.004668 0.044465 0.083430 0.031902 0.008617 0.033258 0.008835 0.000641 0.674282 
0.042772 0.026628 0.003354 0.000000 0.006562 0.294249 0.070270 0.100241 0.083684 0.029018 0.064143 0.048446 0.016471 0.027948 0.011270 0.174944 
0.211132 0.157587 0.004267 0.000000 0.045679 0.044448 0.028891 0.048471 0.013781 0.057725 0.121208 0.000002 0.131392 0.012305 0.116631 0.006481 
0.020913 0.003020 0.060696 0.000000 0.103512 0.112700 0.299743 0.009189 0.056702 0.073065 0.183812 0.000003 0.023715 0.030838 0.007906 0.014188 
0.004082 0.348881 0.010539 0.000000 0.009491 0.058739 0.056259 0.054642 0.004328 0.008394 0.069991 0.042273 0.016169 0.022109 0.217082 0.077021 
0.065030 0.048082 0.011001 0.016495 0.049122 0.075187 0.011274 0.401771 0.042859 0.079914 0.023249 0.000003 0.025543 0.016817 0.084713 0.048939 
0.014192 0.051783 0.064733 0.000000 0.036040 0.403012 0.006457 0.031374 0.176585 0.050618 0.023452 0.023381 0.025805 0.035212 0.012201 0.045154 
0.039497 0.217658 0.011503 0.000000 0.023879 0.050692 0.041135 0.073326 0.083063 0.191372 0.035236 0.000003 0.009355 0.010326 0.175164 0.037791 
0.049743 0.041173 0.051763 0.162057 0.028985 0.076383 0.013492 0.123442 0.028048 0.081354 0.027855 0.000003 0.011156 0.035301 0.008955 0.260290 
0.032436 0.058969 0.241139 0.000000 0.023113 0.115997 0.016540 0.159065 0.075799 0.070090 0.015221 0.100639 0.018857 0.025270 0.036786 0.010077 
0.066342 0.082873 0.057483 0.000000 0.048957 0.046875 0.018624 0.028523 0.071427 0.026146 0.210898 0.000001 0.186159 0.024641 0.068486 0.062564 
0.050526 0.025201 0.000362 0.000000 0.008824 0.059349 0.041903 0.267052 0.066161 0.182816 0.102439 0.007785 0.093922 0.037885 0.032452 0.023323 
0.055917 0.002050 0.000104 0.000000 0.004240 0.016594 0.067440 0.049881 0.003151 0.066022 0.323982 0.034899 0.301301 0.053486 0.013679 0.007252 
0.035872 0.026612 0.303162 0.000000 0.000955 0.138530 0.015288 0.066604 0.123962 0.194247 0.007453 0.009206 0.005740 0.008882 0.036401 0.027086 
0.056470 0.040495 0.000131 0.000000 0.010556 0.173663 0.025628 0.022307 0.066455 0.090632 0.036262 0.000001 0.013779 0.023995 0.018825 0.420801 
0.003968 0.001195 0.000188 0.000000 0.000260 0.019673 0.409022 0.003154 0.005906 0.011987 0.262420 0.000003 0.064771 0.215039 0.001135 0.001281 
0.036741 0.024573 0.020902 0.559404 0.000339 0.070134 0.018328 0.072694 0.024023 0.018423 0.010361 0.007994 0.032262 0.014355 0.086163 0.003303 
0.004388 0.002200 0.009395 0.000000 0.000255 0.011146 0.008981 0.023361 0.007726 0.012447 0.436535 0.000002 0.423493 0.023782 0.026770 0.009517 
0.131338 0.006508 0.015154 0.000000 0.173702 0.074517 0.007220 0.037592 0.067499 0.179612 0.024212 0.000003 0.037804 0.009089 0.005606 0.230143 
0.057756 0.012423 0.044228 0.000000 0.003127 0.043802 0.319141 0.128859 0.007752 0.008878 0.154351 0.000003 0.063516 0.106419 0.031156 0.018590 
0.014380 0.218301 0.005464 0.000000 0.139913 0.080927 0.154319 0.009114 0.040999 0.103355 0.085303 0.000003 0.027481 0.018888 0.090726 0.010824 
0.006513 0.034381 0.029621 0.000000 0.044557 0.108484 0.005527 0.019408 0.178257 0.077995 0.040566 0.076166 0.073411 0.031120 0.245336 0.028657 
0.056683 0.000964 0.009630 0.000000 0.023372 0.045395 0.073644 0.011353 0.113740 0.323791 0.022550 0.027803 0.010257 0.207151 0.010060 0.063607 
0.016443 0.093131 0.008756 0.000000 0.041459 0.027105 0.026217 0.035815 0.019651 0.064421 0.237810 0.045232 0.265281 0.047574 0.054784 0.016321 
0.090292 0.095626 0.003257 0.019842 0.007457 0.086038 0.018480 0.374884 0.016004 0.021336 0.039404 0.003921 0.029237 0.006420 0.180008 0.007795 
0.007026 0.002516 0.123405 0.007042 0.046005 0.152444 0.008545 0.068189 0.057554 0.054029 0.026237 0.286532 0.039102 0.090001 0.011805 0.019566 
0.009472 0.000711 0.006629 0.000000 0.092377 0.071058 0.052098 0.011738 0.064521 0.036851 0.039505 0.336476 0.075782 0.160701 0.008798 0.033282 
0.045345 0.013725 0.000671 0.031532 0.026526 0.039019 0.018102 0.087633 0.017880 0.029347 0.188921 0.000002 0.233609 0.021598 0.022530 0.223559 
0.245385 0.004726 0.000099 0.000000 0.003735 0.079348 0.014552 0.182559 0.010561 0.013821 0.017745 0.237662 0.072767 0.041630 0.052713 0.022698 
0.032369 0.001199 0.009793 0.215872 0.008361 0.032942 0.114652 0.148205 0.007168 0.003720 0.046899 0.089361 0.015759 0.209684 0.054124 0.009892 
0.144005 0.009928 0.020448 0.000000 0.023155 0.065759 0.025966 0.047641 0.046924 0.071366 0.227936 0.000002 0.216929 0.035770 0.034504 0.029667 
0.005211 0.027756 0.011756 0.000000 0.005422 0.466775 0.007821 0.120866 0.092174 0.050447 0.034300 0.000003 0.008564 0.029186 0.005052 0.134666 
0.111250 0.003212 0.008091 0.000000 0.014940 0.040669 0.007546 0.046479 0.017851 0.074586 0.060234 0.000003 0.046426 0.033652 0.253011 0.282052 
0.010459 0.002962 0.165018 0.000000 0.025215 0.150381 0.092637 0.000487 0.036655 0.084398 0.006980 0.000003 0.032620 0.357272 0.024924 0.009989 
0.017095 0.075384 0.004173 0.023890 0.021488 0.173779 0.061312 0.191841 0.047164 0.028765 0.154353 0.000002 0.139762 0.006993 0.048073 0.005926 
0.309254 0.032565 0.115680 0.000000 0.026393 0.105569 0.015691 0.086987 0.043515 0.071677 0.029094 0.000003 0.074684 0.010277 0.049312 0.029298 
0.037021 0.047624 0.063873 0.000000 0.023870 0.068597 0.009639 0.031713 0.101714 0.037799 0.025592 0.000003 0.067077 0.022240 0.293725 0.169513 
0.099006 0.006651 0.025637 0.046612 0.085651 0.066873 0.007284 0.011380 0.107967 0.402233 0.010890 0.009725 0.026914 0.008584 0.030183 0.054412 
0.096883 0.079469 0.000160 0.000000 0.016334 0.172121 0.026304 0.383426 0.036119 0.022980 0.056898 0.000002 0.049053 0.005277 0.023778 0.031197 
0.012087 0.035358 0.012975 0.000000 0.043147 0.197568 0.024393 0.168349 0.039018 0.035062 0.166471 0.000003 0.182988 0.018777 0.040814 0.022989 
0.001354 0.008244 0.006948 0.000000 0.011317 0.016934 0.369633 0.011254 0.014482 0.032476 0.195914 0.218553 0.005784 0.085044 0.008342 0.013720 
0.026802 0.001546 0.011874 0.434339 0.116694 0.083290 0.024918 0.002958 0.022612 0.113556 0.028183 0.000003 0.063463 0.013311 0.022685 0.033765 
0.236281 0.052161 0.024232 0.000000 0.037221 0.053603 0.013808 0.062368 0.053748 0.074038 0.029000 0.194061 0.070418 0.033462 0.056089 0.009510 
0.056807 0.194049 0.020034 0.000000 0.011746 0.074957 0.038132 0.036272 0.038853 0.066400 0.015978 0.000002 0.054480 0.225773 0.154831 0.011686 
0.006125 0.006631 0.000140 0.000000 0.005975 0.017181 0.072287 0.017350 0.005762 0.042091 0.022570 0.540044 0.008344 0.043192 0.005548 0.206762 
0.065599 0.008721 0.088723 0.000000 0.020815 0.023964 0.099349 0.039470 0.041125 0.128083 0.022738 0.000003 0.023583 0.390180 0.029733 0.017916 
0.006466 0.032250 0.000294 0.000000 0.120258 0.087210 0.089341 0.046164 0.126791 0.277464 0.040814 0.000003 0.028118 0.058625 0.060611 0.025591 
0.022628 0.002307 0.099799 0.000000 0.018864 0.073027 0.061580 0.004315 0.089837 0.198222 0.014136 0.000002 0.021103 0.319702 0.054920 0.019557 
0.039590 0.016537 0.000168 0.000000 0.034154 0.073225 0.063090 0.018320 0.121611 0.215853 0.010145 0.000003 0.014942 0.288362 0.026816 0.077184 
0.400481 0.001667 0.091247 0.021805 0.000483 0.048807 0.023372 0.105752 0.018056 0.066302 0.030234 0.054382 0.082941 0.024980 0.028014 0.001478 
0.044257 0.041962 0.032333 0.000000 0.183224 0.111817 0.013697 0.183626 0.036749 0.195821 0.025769 0.019296 0.028969 0.031368 0.006929 0.044182 
0.031078 0.002442 0.030585 0.000000 0.111181 0.145424 0.019464 0.039343 0.218496 0.172631 0.053166 0.007125 0.051170 0.019008 0.034958 0.063929 
0.036252 0.001851 0.000180 0.000000 0.006466 0.015626 0.471728 0.013950 0.026765 0.022671 0.211736 0.000003 0.029529 0.043064 0.011811 0.108368 
0.012606 0.002923 0.004488 0.000000 0.002165 0.008375 0.027751 0.014011 0.036018 0.144659 0.234719 0.000002 0.303382 0.017286 0.009168 0.182447 
0.033385 0.031028 0.021853 0.000000 0.191805 0.137594 0.036019 0.005233 0.103158 0.078518 0.043579 0.038221 0.025177 0.113639 0.009079 0.131712 
0.008024 0.063427 0.000094 0.000000 0.014143 0.019163 0.067579 0.055275 0.010654 0.017974 0.204776 0.000002 0.224961 0.246928 0.052117 0.014882 
0.004205 0.028208 0.000100 0.000000 0.027486 0.041606 0.131561 0.000919 0.036896 0.041598 0.070691 0.000002 0.019982 0.040221 0.020441 0.536083 
0.017246 0.000510 0.004114 0.251631 0.000985 0.034075 0.333456 0.020780 0.001558 0.009371 0.157324 0.000002 0.025179 0.137487 0.001320 0.004960 
0.028539 0.021508 0.241750 0.135542 0.015523 0.120555 0.023575 0.030345 0.098627 0.045135 0.041197 0.000004 0.053936 0.024473 0.029731 0.089561 
0.001810 0.061174 0.006461 0.000000 0.001683 0.407253 0.020108 0.104185 0.054440 0.055491 0.022385 0.000003 0.019858 0.019103 0.038769 0.187277 
0.014393 0.020657 0.012638 0.000000 0.029957 0.029184 0.108329 0.017436 0.013893 0.051114 0.017727 0.075577 0.041941 0.406895 0.145935 0.014322 
0.064933 0.032965 0.000306 0.000000 0.053356 0.048611 0.009584 0.017696 0.047824 0.058131 0.014179 0.000003 0.027625 0.017304 0.011775 0.595707 
0.053219 0.002135 0.039900 0.229959 0.038144 0.068182 0.022549 0.037540 0.097200 0.268274 0.022961 0.004648 0.007391 0.003551 0.028085 0.076263 
0.069974 0.002316 0.000398 0.000000 0.011641 0.219839 0.008947 0.030823 0.120578 0.375912 0.013792 0.029812 0.016630 0.024277 0.019526 0.055536 
0.013235 0.109290 0.012172 0.000000 0.017481 0.119862 0.040834 0.061616 0.022547 0.044866 0.141164 0.129089 0.190319 0.035762 0.058894 0.002869 
0.007443 0.028975 0.000226 0.000000 0.001164 0.033594 0.046164 0.018000 0.002442 0.036939 0.293278 0.000002 0.287383 0.020033 0.202585 0.021774 
0.025395 0.014334 0.211994 0.000000 0.021279 0.063969 0.072352 0.024356 0.090401 0.050011 0.031014 0.008586 0.028985 0.179505 0.118164 0.059656 
0.008320 0.054293 0.131419 0.000000 0.019060 0.433030 0.009827 0.001011 0.092940 0.124437 0.013935 0.055781 0.008969 0.032908 0.001797 0.012273 
0.013850 0.078270 0.029290 0.089353 0.072485 0.163671 0.005515 0.021807 0.210422 0.104478 0.029557 0.000002 0.039895 0.006594 0.061950 0.072860 
0.012320 0.060519 0.012764 0.000000 0.092841 0.321491 0.072775 0.003926 0.143543 0.132374 0.058687 0.000002 0.032935 0.021277 0.021859 0.012686 
0.026619 0.001975 0.005916 0.154246 0.005431 0.019369 0.019724 0.001553 0.007115 0.004895 0.011240 0.610407 0.012094 0.072579 0.019584 0.027254 
0.006624 0.235841 0.021961 0.000000 0.110688 0.089671 0.006806 0.080423 0.071482 0.088693 0.023808 0.000002 0.003836 0.015292 0.128606 0.116267 
0.003764 0.031240 0.046660 0.000000 0.054492 0.065891 0.009905 0.004263 0.122936 0.060142 0.024160 0.003057 0.030702 0.002011 0.015436 0.525341 
0.035621 0.002358 0.046257 0.000000 0.161963 0.140733 0.048958 0.030744 0.111349 0.145284 0.036255 0.000003 0.046911 0.080672 0.065133 0.047759 
0.127132 0.021397 0.022581 0.000000 0.039892 0.048090 0.013847 0.061831 0.080081 0.346685 0.028215 0.000003 0.022660 0.018257 0.089387 0.079942 
0.001316 0.001099 0.000177 0.000000 0.001305 0.003012 0.177912 0.001349 0.003783 0.000600 0.018926 0.000002 0.014468 0.767075 0.004471 0.004505 
0.072169 0.107690 0.000511 0.000000 0.037404 0.071698 0.002228 0.051342 0.115738 0.331029 0.009845 0.000003 0.031695 0.037092 0.082889 0.048667 
0.052843 0.007037 0.000292 0.000000 0.035486 0.030253 0.001575 0.009034 0.018135 0.084329 0.008787 0.007916 0.044560 0.003060 0.006083 0.690611 
0.040963 0.018272 0.021026 0.000000 0.027787 0.081921 0.001453 0.049366 0.082979 0.198304 0.029498 0.011657 0.022736 0.016209 0.324356 0.073475 
0.024104 0.083256 0.000272 0.000000 0.003095 0.022976 0.328833 0.034711 0.020549 0.005844 0.201305 0.093126 0.078114 0.009879 0.080363 0.013573 
0.007027 0.031617 0.245174 0.000000 0.004699 0.089370 0.234590 0.007442 0.105931 0.042019 0.091827 0.000003 0.027360 0.025107 0.022057 0.065777 
0.108263 0.018405 0.207084 0.000000 0.011323 0.271674 0.001325 0.031509 0.094295 0.063874 0.022763 0.065653 0.016758 0.021866 0.024413 0.040792 
0.241866 0.034210 0.010211 0.125635 0.012860 0.125302 0.012851 0.171930 0.018986 0.039917 0.033226 0.000003 0.072959 0.004674 0.062585 0.032784 
0.019061 0.015498 0.144432 0.000000 0.004774 0.429083 0.011879 0.003823 0.116894 0.134878 0.051558 0.004925 0.026571 0.016767 0.005003 0.014855 
0.029416 0.009322 0.010386 0.047364 0.011415 0.031899 0.329126 0.070519 0.018090 0.175867 0.158394 0.000002 0.036009 0.008719 0.047961 0.015510 
0.009666 0.005003 0.000114 0.000000 0.008557 0.130785 0.013133 0.000474 0.033414 0.027462 0.014601 0.591452 0.018740 0.086327 0.000291 0.059981 
0.002107 0.034118 0.020552 0.039632 0.017680 0.016905 0.054256 0.042767 0.022039 0.043401 0.254950 0.000002 0.303571 0.094977 0.031202 0.021842 
0.052245 0.012064 0.006536 0.000000 0.012630 0.041355 0.004886 0.005276 0.186727 0.484608 0.025752 0.009190 0.024744 0.014085 0.050161 0.069741 
0.067606 0.045516 0.008399 0.007399 0.011416 0.090782 0.016865 0.120689 0.089432 0.195779 0.022314 0.164896 0.029168 0.049229 0.045637 0.034872 
0.004025 0.006023 0.000363 0.203096 0.019263 0.029691 0.128116 0.024560 0.001514 0.010999 0.079580 0.174220 0.020186 0.190471 0.017440 0.090451 
0.019450 0.001741 0.024837 0.000000 0.025039 0.018544 0.144883 0.002597 0.011419 0.065594 0.023931 0.039586 0.033929 0.456727 0.012094 0.119628 
0.030819 0.110377 0.014945 0.000000 0.206846 0.099611 0.004852 0.042810 0.056655 0.209863 0.029865 0.000003 0.040249 0.021844 0.098004 0.033258 
0.013733 0.031384 0.036745 0.016570 0.084739 0.158224 0.017758 0.029909 0.230407 0.083053 0.055885 0.000002 0.044024 0.090630 0.030798 0.076137 
0.000676 0.015266 0.008984 0.089733 0.000426 0.093038 0.023000 0.004755 0.027517 0.008949 0.080574 0.457781 0.075960 0.083256 0.013121 0.016964 
0.021618 0.041702 0.014173 0.000000 0.063277 0.220102 0.014708 0.004279 0.100554 0.083007 0.030163 0.000002 0.028168 0.012830 0.010969 0.354448 
0.271510 0.004678 0.074584 0.000000 0.002001 0.053443 0.021862 0.119820 0.054131 0.146365 0.016150 0.014272 0.077682 0.086157 0.039080 0.018264 
0.022501 0.026127 0.008490 0.000000 0.027078 0.111413 0.104658 0.002164 0.086816 0.026448 0.219359 0.000002 0.223962 0.045252 0.050493 0.045238 
0.029371 0.001231 0.031644 0.221382 0.014540 0.220986 0.056421 0.029410 0.031733 0.012229 0.022012 0.221431 0.025597 0.039727 0.012194 0.030092 
0.072608 0.042334 0.000133 0.000000 0.009380 0.045198 0.056464 0.239143 0.005572 0.002805 0.202929 0.000002 0.247818 0.044321 0.026415 0.004878 
0.082409 0.012703 0.017051 0.210384 0.069012 0.079744 0.012083 0.237897 0.055132 0.096986 0.019682 0.005501 0.030656 0.009277 0.020071 0.041412 
0.012459 0.002571 0.135359 0.000000 0.002393 0.034667 0.092229 0.012305 0.034512 0.027343 0.064948 0.000003 0.110715 0.425516 0.016156 0.028825 
0.005997 0.034572 0.025916 0.024076 0.052690 0.072407 0.022232 0.057906 0.043410 0.073558 0.132020 0.000003 0.127126 0.048328 0.258481 0.021278 
0.062390 0.048826 0.000117 0.000000 0.010320 0.019259 0.008690 0.041534 0.100202 0.261283 0.013934 0.166589 0.017505 0.024660 0.012115 0.212577 
0.038028 0.007798 0.026234 0.000000 0.067176 0.129262 0.018116 0.024519 0.138126 0.262790 0.040615 0.104211 0.034680 0.014297 0.029510 0.064637 
0.043156 0.075994 0.000196 0.087458 0.013826 0.334656 0.106108 0.024483 0.058955 0.045900 0.080535 0.000002 0.045640 0.010212 0.064354 0.008525 
0.042187 0.008790 0.162019 0.278669 0.003946 0.236510 0.016678 0.025946 0.073547 0.055826 0.017230 0.000002 0.016610 0.014939 0.024593 0.022508 
0.022906 0.028477 0.094786 0.000000 0.008511 0.108416 0.006601 0.155635 0.050850 0.062090 0.094502 0.000003 0.123571 0.021047 0.200766 0.021840 
0.126254 0.021622 0.052612 0.317403 0.006353 0.025736 0.097442 0.053110 0.006652 0.026277 0.106771 0.029569 0.070929 0.022582 0.035211 0.001476 
0.021602 0.002108 0.242836 0.000000 0.002310 0.112749 0.008607 0.005397 0.157207 0.253796 0.017163 0.008537 0.016579 0.043328 0.049321 0.058460 
0.007287 0.022648 0.126898 0.000000 0.018222 0.159861 0.009720 0.027855 0.057318 0.084724 0.030759 0.253604 0.032529 0.045763 0.029380 0.093434 
0.006882 0.058642 0.047678 0.000000 0.037157 0.093847 0.047744 0.009259 0.054540 0.035495 0.032147 0.432514 0.017741 0.085268 0.019503 0.021583 
0.012301 0.041480 0.084889 0.000000 0.036887 0.121172 0.054677 0.009984 0.163773 0.067890 0.057431 0.003638 0.019637 0.016552 0.030151 0.279538 
0.006507 0.035675 0.040561 0.000000 0.139513 0.056660 0.005563 0.003292 0.053728 0.115049 0.013052 0.000003 0.030964 0.013615 0.005207 0.480613 
0.002524 0.068519 0.005848 0.020534 0.003425 0.052839 0.154252 0.034256 0.026446 0.045548 0.098499 0.000003 0.036591 0.089397 0.322430 0.038890 
0.005978 0.025020 0.005556 0.000000 0.011295 0.033365 0.017214 0.006216 0.033290 0.036732 0.006705 0.624777 0.011975 0.096061 0.015944 0.069872 
0.031337 0.322154 0.005259 0.000000 0.010572 0.087941 0.011535 0.069191 0.032591 0.154386 0.018141 0.000002 0.026542 0.013007 0.213245 0.004097 
0.026288 0.058020 0.059424 0.000000 0.013339 0.056389 0.347679 0.051932 0.066411 0.058521 0.169595 0.000002 0.044008 0.006472 0.028858 0.013063 
0.013657 0.024633 0.043014 0.000000 0.110965 0.212461 0.004807 0.005758 0.212789 0.041786 0.027310 0.132686 0.049540 0.032866 0.033116 0.054614 
0.027032 0.020121 0.014554 0.000000 0.060564 0.068551 0.003851 0.026647 0.052803 0.240872 0.044698 0.009437 0.019922 0.012092 0.124126 0.274729 
0.029089 0.027737 0.016533 0.191139 0.009544 0.119787 0.003992 0.065858 0.019200 0.061996 0.021008 0.000002 0.052327 0.011723 0.338761 0.031304 
0.092404 0.008700 0.001410 0.016478 0.002039 0.203757 0.030158 0.029829 0.032686 0.025047 0.240169 0.033174 0.215069 0.036938 0.022014 0.010128 
0.035892 0.012584 0.003269 0.000000 0.000554 0.037804 0.134868 0.017930 0.007184 0.012834 0.020617 0.000002 0.020590 0.680212 0.008542 0.007117 
0.046384 0.001330 0.031549 0.014741 0.275646 0.102159 0.008799 0.020263 0.111270 0.173307 0.039205 0.028494 0.039687 0.009892 0.055195 0.042078 
0.109972 0.017873 0.010611 0.000000 0.012320 0.033028 0.060965 0.036741 0.013634 0.044692 0.023438 0.000003 0.031583 0.399310 0.021734 0.184095 
0.206439 0.020871 0.000133 0.000000 0.016064 0.006161 0.073586 0.071636 0.032672 0.034048 0.204032 0.058537 0.214630 0.026720 0.021941 0.012531 
0.034119 0.047480 0.008380 0.000000 0.012322 0.395654 0.057997 0.002730 0.070894 0.128570 0.061294 0.001758 0.028338 0.024547 0.102505 0.023411 
0.049483 0.119145 0.018289 0.062378 0.019177 0.069430 0.008722 0.255986 0.015721 0.029194 0.083443 0.000003 0.087780 0.043792 0.101210 0.036247 
0.043993 0.003253 0.279809 0.115858 0.022973 0.114542 0.009089 0.072200 0.118727 0.042467 0.034078 0.017565 0.054443 0.027263 0.016695 0.027045 
0.001894 0.027367 0.026607 0.000000 0.001151 0.420496 0.052914 0.004827 0.099639 0.062620 0.025042 0.010016 0.019626 0.172076 0.034218 0.041505 
0.025626 0.010201 0.032300 0.000000 0.030842 0.126814 0.081562 0.052606 0.108432 0.273680 0.049973 0.108724 0.014084 0.036865 0.001907 0.046384 
0.014611 0.021439 0.020468 0.000000 0.051153 0.137114 0.072259 0.014929 0.128310 0.134882 0.140662 0.029402 0.132876 0.018710 0.042811 0.040374 
0.022928 0.004822 0.033990 0.000000 0.070411 0.103483 0.003141 0.005303 0.070933 0.073055 0.032294 0.006855 0.024234 0.007814 0.012469 0.528268 
0.091204 0.073490 0.168262 0.000000 0.010473 0.187925 0.024615 0.036381 0.086045 0.047029 0.022676 0.000003 0.040375 0.014515 0.068370 0.128638 
0.035828 0.020998 0.007715 0.000000 0.063690 0.042389 0.007340 0.005647 0.022880 0.126644 0.024475 0.026058 0.028309 0.005910 0.016116 0.566001 
0.006438 0.000671 0.003029 0.000000 0.000688 0.003259 0.131061 0.003118 0.006663 0.025235 0.049883 0.000003 0.031542 0.721304 0.006159 0.010947 
0.041914 0.001925 0.021349 0.000000 0.104823 0.050521 0.002560 0.061341 0.147367 0.394207 0.013905 0.000002 0.021884 0.007139 0.016976 0.114087 
0.032784 0.044871 0.022970 0.000000 0.192727 0.124756 0.007948 0.081704 0.074191 0.137562 0.029703 0.121793 0.022985 0.028325 0.030543 0.047137 
0.019442 0.000789 0.114390 0.390665 0.010299 0.115774 0.070617 0.037702 0.061295 0.039124 0.022505 0.001775 0.011549 0.009923 0.031996 0.062156 
0.017620 0.011450 0.048653 0.000000 0.014267 0.065936 0.128918 0.021539 0.038065 0.013937 0.278420 0.016703 0.279653 0.007434 0.051287 0.006118 
0.008738 0.089388 0.017508 0.015651 0.126252 0.225106 0.009467 0.003588 0.271434 0.058939 0.034397 0.000002 0.042224 0.010393 0.050084 0.036831 
0.014031 0.114028 0.006178 0.000000 0.012726 0.292302 0.125857 0.041411 0.024584 0.076078 0.095031 0.000003 0.021313 0.023356 0.136916 0.016186 
0.015523 0.020632 0.119320 0.000000 0.061473 0.155147 0.061363 0.014716 0.233052 0.064134 0.068938 0.000003 0.030995 0.018202 0.048962 0.087539 
0.028435 0.002704 0.001417 0.066843 0.006986 0.040501 0.023574 0.002783 0.043146 0.005728 0.036215 0.620411 0.013900 0.078919 0.007547 0.020892 
0.034269 0.055950 0.019306 0.013270 0.013935 0.098349 0.016304 0.499565 0.020803 0.053235 0.017040 0.000003 0.012137 0.014914 0.089500 0.041422 
0.018821 0.021885 0.003851 0.166380 0.029825 0.039839 0.003098 0.021022 0.012636 0.055793 0.008391 0.003358 0.027973 0.007193 0.010346 0.569590 
0.131812 0.019002 0.045027 0.000000 0.021866 0.037772 0.068015 0.052692 0.024986 0.104965 0.193749 0.000003 0.218901 0.046418 0.025355 0.009437 
0.015812 0.029452 0.028352 0.000000 0.076328 0.136296 0.142295 0.002272 0.156500 0.101577 0.138789 0.000002 0.033314 0.035084 0.057780 0.046148 
0.087066 0.185129 0.014318 0.000000 0.052450 0.102232 0.015065 0.068182 0.057991 0.098814 0.028175 0.000002 0.068929 0.059491 0.145960 0.016196 
0.017622 0.014503 0.000433 0.000000 0.007623 0.022426 0.373130 0.005063 0.053109 0.077339 0.172961 0.014256 0.031220 0.008636 0.031651 0.170029 
0.192667 0.035149 0.002869 0.000000 0.004265 0.061029 0.234389 0.047656 0.012646 0.012106 0.132154 0.000003 0.027196 0.228566 0.007084 0.002222 
0.042092 0.043199 0.034700 0.138737 0.057726 0.053438 0.045734 0.344229 0.044393 0.019507 0.031072 0.000002 0.009506 0.073870 0.037218 0.024576 
0.011651 0.092231 0.003209 0.000000 0.002465 0.022639 0.076815 0.052765 0.010190 0.014327 0.133163 0.000002 0.113488 0.409217 0.051689 0.006147 
0.003424 0.010717 0.074388 0.000000 0.077822 0.066120 0.342637 0.038702 0.073574 0.062102 0.162276 0.000003 0.031657 0.024364 0.004818 0.027396 
0.035283 0.050440 0.023894 0.045730 0.023197 0.396757 0.038034 0.038367 0.062999 0.060526 0.082192 0.000002 0.096795 0.015075 0.009947 0.020760 
0.187551 0.040986 0.000134 0.052386 0.017050 0.047827 0.007187 0.110316 0.012580 0.018209 0.057348 0.221567 0.074608 0.047991 0.053191 0.051070 
0.030932 0.020331 0.020216 0.211384 0.015608 0.069212 0.002154 0.022065 0.021601 0.057902 0.020044 0.017042 0.024611 0.009021 0.037664 0.420213 
0.161206 0.003912 0.008350 0.000000 0.069750 0.066565 0.076180 0.036333 0.073575 0.296312 0.077953 0.000003 0.038572 0.021386 0.043260 0.026641 
0.022802 0.002870 0.019182 0.000000 0.033153 0.030334 0.033109 0.031634 0.021933 0.150655 0.285880 0.000003 0.309209 0.013249 0.012932 0.033055 
0.040228 0.411641 0.007575 0.000000 0.001756 0.062870 0.002727 0.097885 0.024584 0.005411 0.033865 0.000001 0.012318 0.008279 0.288774 0.002087 
0.072605 0.050033 0.002815 0.010828 0.000537 0.070174 0.039235 0.493396 0.025610 0.009134 0.020295 0.000002 0.038860 0.102530 0.011358 0.052587 
0.038924 0.035976 0.051525 0.019492 0.032703 0.063399 0.003193 0.261797 0.050715 0.012836 0.022689 0.003412 0.033193 0.044873 0.024086 0.301186 
0.063944 0.002675 0.001192 0.000000 0.040270 0.022227 0.094941 0.017012 0.067189 0.214543 0.025062 0.000003 0.021732 0.380081 0.024944 0.024188 
0.024711 0.000969 0.024749 0.000000 0.244307 0.094176 0.028831 0.002009 0.048255 0.195464 0.024658 0.000003 0.052546 0.219226 0.004822 0.035274 
0.005057 0.057428 0.006938 0.051151 0.012366 0.319040 0.049797 0.014337 0.103727 0.041029 0.030830 0.018338 0.026103 0.189272 0.035701 0.038883 
0.045362 0.029109 0.057980 0.000000 0.061851 0.088184 0.006879 0.230594 0.052028 0.094553 0.011111 0.204531 0.021020 0.042860 0.038746 0.015192 
0.008641 0.053777 0.027099 0.000000 0.116648 0.190728 0.010753 0.025600 0.245188 0.078871 0.063975 0.008095 0.044111 0.034507 0.063829 0.028178 
0.007946 0.036030 0.037187 0.000000 0.003827 0.300395 0.106435 0.003835 0.069673 0.045265 0.145973 0.028861 0.077336 0.090069 0.003372 0.043795 
0.252827 0.045123 0.016565 0.000000 0.062493 0.081654 0.038821 0.113237 0.116984 0.024471 0.072224 0.000003 0.092992 0.010319 0.045679 0.026611 
0.044389 0.054851 0.004637 0.044182 0.016667 0.082700 0.013343 0.502815 0.015173 0.012664 0.027687 0.000003 0.010130 0.012231 0.111159 0.047368 
0.036711 0.055646 0.035114 0.063356 0.157157 0.116273 0.028194 0.212001 0.021704 0.147341 0.024850 0.011788 0.040948 0.023299 0.003710 0.021909 
0.101958 0.025467 0.004286 0.000000 0.008929 0.071342 0.039436 0.074806 0.006004 0.006633 0.010142 0.513456 0.028111 0.072857 0.029042 0.007531 
0.001208 0.002016 0.006129 0.000000 0.003624 0.097819 0.518107 0.015041 0.014585 0.008563 0.284545 0.000002 0.024771 0.016162 0.000562 0.006865 
