-3848521.616385
0
0.005025 0.000000 0.000000 0.000000 0.006322 0.005886 0.006638 0.009599 0.028108 0.015346 0.000000 0.020115 0.006093 0.005743 0.016460 0.013950 0.066308 0.019973 0.044392 0.034088 0.000000 0.004475 0.000000 0.000000 0.000000 0.000000 0.000000 0.000000 0.004117 0.007046 0.007238 0.002460 0.035445 0.030720 0.005952 0.016337 0.006566 0.003742 0.007273 0.000000 0.024875 0.016939 0.034014 0.013125 0.000000 0.003595 0.000000 0.007204 0.005786 0.013814 0.000000 0.003742 0.006673 0.001946 0.002448 0.000000 0.040975 0.031561 0.000000 0.033161 0.010884 0.000000 0.012098 0.000000 0.025698 0.012210 0.025039 0.017771 0.000000 0.000000 0.000000 0.000000 0.017655 0.006945 0.006641 0.011428 0.000000 0.008401 0.002439 0.000000 0.006270 0.030724 0.000000 0.010408 0.000000 0.013692 0.007600 0.001567 0.027015 0.019841 0.025072 0.021321 0.000000 0.004003 0.000000 0.000000 
0.000004 0.000010 0.000000 0.000001 0.000000 0.000000 0.000000 0.000000 0.000000 0.000015 0.000000 0.000018 0.000000 0.000000 0.000000 0.000004 0.000096 0.000000 0.000006 0.000005 0.000000 0.000000 0.000000 0.000000 0.000005 0.000000 0.999071 0.000006 0.000000 0.000000 0.000000 0.000000 0.000091 0.000025 0.000007 0.000033 0.000000 0.000003 0.000000 0.000000 0.000105 0.000001 0.000012 0.000005 0.000000 0.000001 0.000000 0.000003 0.000001 0.000005 0.000000 0.000000 0.000000 0.000000 0.000000 0.000000 0.000001 0.000002 0.000000 0.000010 0.000000 0.000000 0.000000 0.000000 0.000001 0.000000 0.000001 0.000014 0.000000 0.000000 0.000000 0.000000 0.000135 0.000161 0.000000 0.000017 0.000000 0.000000 0.000000 0.000000 0.000024 0.000039 0.000000 0.000038 0.000000 0.000001 0.000000 0.000000 0.000003 0.000001 0.000008 0.000005 0.000000 0.000000 0.000004 0.000000 
0.000001 0.000003 0.000000 0.109527 0.000000 0.000000 0.000000 0.000000 0.000000 0.000004 0.000000 0.000005 0.000000 0.000000 0.000000 0.000001 0.116316 0.000000 0.000002 0.000002 0.000000 0.000000 0.000000 0.000000 0.000001 0.000000 0.000000 0.044535 0.000000 0.000000 0.000000 0.000000 0.000027 0.000007 0.000002 0.000009 0.000000 0.000001 0.000000 0.000000 0.000030 0.000000 0.000003 0.000001 0.000000 0.000000 0.000000 0.000001 0.000000 0.000001 0.000000 0.000000 0.000000 0.000000 0.000000 0.000000 0.000000 0.000001 0.000000 0.000003 0.000000 0.000000 0.000000 0.000000 0.000000 0.000000 0.000000 0.192833 0.000000 0.000000 0.000000 0.000000 0.000041 0.000048 0.000000 0.000004 0.000000 0.000000 0.000000 0.000000 0.000007 0.000011 0.251186 0.285378 0.000000 0.000000 0.000000 0.000000 0.000001 0.000000 0.000002 0.000001 0.000000 0.000000 0.000001 0.000000 
0.015808 0.011859 0.000000 0.000000 0.000000 0.000000 0.000000 0.000000 0.000000 0.025980 0.000000 0.000001 0.011953 0.017915 0.017190 0.000000 0.056279 0.000000 0.075637 0.070309 0.000000 0.005000 0.010959 0.000000 0.000000 0.000000 0.000000 0.000000 0.000000 0.000000 0.000000 0.000000 0.049834 0.000001 0.000000 0.057208 0.000000 0.000000 0.000000 0.000000 0.023220 0.000000 0.019091 0.084004 0.000000 0.000000 0.017973 0.008985 0.000000 0.000000 0.000000 0.000000 0.000000 0.015196 0.000000 0.000000 0.025420 0.044789 0.000000 0.000000 0.000000 0.000000 0.000000 0.000000 0.013778 0.012955 0.000000 0.045513 0.000000 0.000000 0.006222 0.000000 0.010492 0.000006 0.000000 0.000001 0.000000 0.000000 0.000000 0.000000 0.030009 0.020158 0.000000 0.000001 0.051542 0.000000 0.000000 0.000000 0.018808 0.000000 0.012587 0.044114 0.000000 0.008794 0.009492 0.050916 
0.007922 0.007120 0.000000 0.004137 0.000000 0.002107 0.000000 0.000000 0.033276 0.014817 0.210502 0.011261 0.002796 0.001128 0.000000 0.006558 0.012122 0.005425 0.007717 0.006120 0.000000 0.001483 0.000000 0.002923 0.004909 0.007645 0.000000 0.005800 0.000000 0.000000 0.000000 0.000000 0.022244 0.020613 0.114593 0.017897 0.000000 0.000000 0.000000 0.000000 0.002719 0.003403 0.005859 0.004152 0.000000 0.001819 0.000000 0.000000 0.006016 0.004942 0.000000 0.003067 0.000000 0.001800 0.000000 0.000000 0.028123 0.032965 0.126516 0.018973 0.000000 0.000000 0.000000 0.000000 0.011711 0.006104 0.004020 0.010379 0.000000 0.000000 0.000000 0.000000 0.010213 0.009965 0.000000 0.012173 0.000000 0.000000 0.000000 0.000000 0.014502 0.017357 0.091645 0.012816 0.003106 0.000000 0.000000 0.000000 0.006589 0.004158 0.008692 0.004097 0.000000 0.000000 0.001000 0.000000 
0.000001 0.000001 0.121734 0.000000 0.000000 0.000000 0.000000 0.000000 0.000000 0.000002 0.000000 0.000003 0.000000 0.000000 0.000000 0.000001 0.000014 0.000000 0.000001 0.000001 0.000000 0.000000 0.000000 0.000000 0.000001 0.000000 0.000000 0.000001 0.000000 0.000000 0.000000 0.000000 0.000013 0.093035 0.000001 0.000005 0.000000 0.000000 0.000000 0.000000 0.000015 0.000000 0.000002 0.000001 0.000000 0.000000 0.000000 0.040298 0.162483 0.075502 0.091563 0.000000 0.000000 0.000000 0.000000 0.000000 0.000000 0.000000 0.000000 0.000001 0.000000 0.000000 0.000000 0.035460 0.000000 0.000000 0.041939 0.000002 0.000000 0.000000 0.000000 0.000000 0.020431 0.090437 0.160571 0.000002 0.000000 0.000000 0.031457 0.000000 0.000003 0.000005 0.000000 0.000005 0.000000 0.000000 0.000000 0.000000 0.000000 0.000000 0.000001 0.000001 0.000000 0.000000 0.035006 0.000000 
0.000000 0.000001 0.000000 0.000000 0.026043 0.000000 0.000000 0.000000 0.000000 0.000002 0.000000 0.057616 0.000000 0.000000 0.000000 0.052612 0.070510 0.000000 0.000001 0.000001 0.000000 0.029115 0.000000 0.000000 0.000001 0.000000 0.000000 0.000001 0.000000 0.000000 0.000000 0.000000 0.093792 0.000003 0.000001 0.000004 0.000000 0.041166 0.089931 0.000000 0.035731 0.000000 0.000001 0.000001 0.000000 0.000000 0.000000 0.000000 0.000000 0.023981 0.000000 0.000000 0.000000 0.000000 0.000000 0.000000 0.000000 0.000000 0.000000 0.000001 0.000000 0.000000 0.000000 0.000000 0.000000 0.000000 0.000000 0.000002 0.000000 0.000000 0.000000 0.000000 0.067467 0.137102 0.000000 0.000002 0.067551 0.000000 0.000000 0.000000 0.000003 0.000005 0.000000 0.107850 0.077963 0.000000 0.000000 0.000000 0.000000 0.000000 0.000001 0.000001 0.000000 0.000000 0.021538 0.000000 
0.000000 0.005337 0.000000 0.000000 0.000000 0.000000 0.000000 0.000000 0.000000 0.036544 0.000000 0.027018 0.000000 0.000000 0.000000 0.017242 0.000005 0.000000 0.000000 0.000000 0.000000 0.000000 0.000000 0.000000 0.019594 0.000000 0.000000 0.000000 0.006401 0.000000 0.022435 0.000000 0.182965 0.161084 0.041253 0.000002 0.000000 0.025746 0.000000 0.029369 0.005850 0.000000 0.017738 0.008258 0.000000 0.000000 0.000000 0.000000 0.003207 0.000000 0.000000 0.000000 0.000000 0.000000 0.000000 0.000000 0.000000 0.000000 0.012692 0.000000 0.000000 0.000000 0.000000 0.000000 0.000000 0.000000 0.000000 0.000001 0.000000 0.000000 0.000000 0.000000 0.000007 0.000008 0.000000 0.000001 0.000000 0.000000 0.005792 0.000000 0.110990 0.126367 0.068551 0.000002 0.000000 0.036748 0.000000 0.000000 0.005704 0.011972 0.011114 0.000000 0.000000 0.000000 0.000000 0.000000 
0.045329 0.047726 0.000000 0.046236 0.000000 0.000000 0.000000 0.003398 0.014365 0.000671 0.011600 0.023727 0.016939 0.016262 0.017593 0.038475 0.019954 0.004631 0.006558 0.024292 0.008042 0.000000 0.004453 0.000000 0.040123 0.031383 0.000000 0.031028 0.003719 0.003482 0.000000 0.000614 0.000000 0.000000 0.000000 0.016787 0.018152 0.025739 0.015613 0.033444 0.005529 0.011428 0.003123 0.009008 0.003150 0.000966 0.003897 0.002695 0.028490 0.021932 0.000000 0.024977 0.001964 0.000000 0.000000 0.000000 0.000000 0.000000 0.008268 0.002938 0.009373 0.009208 0.011153 0.025377 0.000850 0.004859 0.002711 0.009408 0.000000 0.000000 0.002328 0.006075 0.039480 0.011744 0.000000 0.049790 0.000000 0.000000 0.000000 0.000000 0.002636 0.000000 0.000000 0.009640 0.020489 0.019591 0.009735 0.038649 0.000213 0.002340 0.000000 0.010944 0.000000 0.000000 0.001592 0.003119 
0.004139 0.039757 0.000000 0.025474 0.021749 0.010565 0.041139 0.075492 0.000000 0.000001 0.000000 0.000001 0.000000 0.000000 0.000000 0.000000 0.000003 0.000000 0.000000 0.000000 0.000000 0.013066 0.000000 0.000000 0.023866 0.043569 0.000000 0.000000 0.009521 0.011346 0.000000 0.023558 0.000003 0.000001 0.000000 0.000001 0.007312 0.036502 0.000000 0.000000 0.028243 0.019156 0.000000 0.000000 0.000000 0.016110 0.000000 0.000000 0.000000 0.014714 0.000000 0.000000 0.021866 0.000000 0.000000 0.030421 0.056174 0.013464 0.000000 0.000000 0.000000 0.000000 0.002557 0.002859 0.000000 0.000000 0.000000 0.000000 0.000000 0.036078 0.032470 0.000000 0.000005 0.001245 0.000000 0.000001 0.081646 0.047198 0.005414 0.167991 0.000001 0.000001 0.000000 0.000001 0.000000 0.035319 0.000000 0.000000 0.000000 0.000000 0.000000 0.000000 0.000000 0.000000 0.000000 0.000000 
0.008216 0.004447 0.000000 0.002621 0.000000 0.000000 0.000000 0.000000 0.002849 0.004308 0.000000 0.004764 0.012691 0.002447 0.005988 0.021507 0.028928 0.010773 0.018910 0.025290 0.046284 0.006266 0.003388 0.023380 0.008492 0.004502 0.000000 0.004822 0.000000 0.000000 0.000000 0.000000 0.008863 0.005765 0.001382 0.005397 0.005894 0.003694 0.003198 0.003396 0.019219 0.012993 0.018434 0.031567 0.027803 0.007495 0.013662 0.065017 0.012481 0.011411 0.000000 0.006060 0.000000 0.001508 0.000000 0.001535 0.005877 0.005994 0.002852 0.009769 0.003196 0.002148 0.002562 0.002081 0.008204 0.010664 0.010584 0.013804 0.008480 0.000000 0.002829 0.022151 0.026130 0.000561 0.000000 0.036602 0.001680 0.000590 0.000000 0.001191 0.001067 0.007201 0.000000 0.008176 0.024164 0.002966 0.016182 0.012554 0.016989 0.015121 0.011199 0.038917 0.065130 0.008169 0.008063 0.068507 
0.042228 0.034535 0.023658 0.029769 0.004886 0.002490 0.000000 0.003386 0.014079 0.009201 0.000000 0.004534 0.004827 0.003495 0.012601 0.002229 0.003691 0.001584 0.010018 0.002964 0.000000 0.000000 0.000000 0.000000 0.056314 0.070799 0.010563 0.056748 0.004221 0.006794 0.003695 0.000000 0.013521 0.013581 0.008131 0.022197 0.005008 0.012033 0.042198 0.013098 0.004092 0.000000 0.011156 0.006156 0.000000 0.000000 0.005231 0.001486 0.050901 0.043730 0.026947 0.033087 0.000000 0.005931 0.005945 0.003188 0.000000 0.000000 0.000000 0.005618 0.009405 0.005799 0.013801 0.004212 0.007508 0.000655 0.005305 0.001601 0.000000 0.000000 0.000000 0.000000 0.036401 0.062122 0.012678 0.051261 0.000000 0.000000 0.000000 0.000000 0.001911 0.001510 0.000000 0.009501 0.004818 0.000289 0.010451 0.003260 0.002511 0.000000 0.000603 0.000000 0.000000 0.000000 0.001853 0.000000 
0.019360 0.000001 0.000000 0.019222 0.000000 0.000000 0.000000 0.000000 0.000000 0.000002 0.000000 0.000002 0.000000 0.000000 0.000000 0.000000 0.000011 0.000000 0.000001 0.062234 0.000000 0.026552 0.066837 0.000000 0.000001 0.000000 0.000000 0.047292 0.000000 0.000000 0.000000 0.000000 0.000010 0.000003 0.068904 0.000004 0.000000 0.000000 0.000000 0.000000 0.037542 0.000000 0.000001 0.000000 0.000000 0.000000 0.000000 0.033356 0.000000 0.000000 0.000000 0.048251 0.000000 0.017372 0.000000 0.000000 0.000000 0.000000 0.000000 0.000001 0.000000 0.000000 0.000000 0.000000 0.093525 0.000000 0.000000 0.026613 0.000000 0.000000 0.000000 0.000000 0.010449 0.044483 0.000000 0.199134 0.000000 0.000000 0.000000 0.000000 0.000003 0.000004 0.000000 0.000004 0.000000 0.000000 0.000000 0.059614 0.000000 0.000000 0.000001 0.000001 0.000000 0.000000 0.000000 0.119210 
0.000000 0.000970 0.000000 0.008331 0.000133 0.000000 0.000000 0.000000 0.000000 0.002288 0.011832 0.004917 0.000000 0.000000 0.000000 0.001233 0.003612 0.005205 0.002164 0.003384 0.000000 0.004043 0.000000 0.014421 0.002578 0.000000 0.000628 0.014941 0.000000 0.000000 0.000000 0.000000 0.001081 0.002177 0.009930 0.003941 0.000000 0.000000 0.000000 0.000650 0.000000 0.002384 0.001868 0.001617 0.001983 0.002141 0.003202 0.018369 0.000932 0.001882 0.000000 0.007300 0.000000 0.000000 0.000000 0.000287 0.000000 0.013702 0.027313 0.016168 0.000000 0.000000 0.000000 0.000523 0.005361 0.010330 0.005345 0.012163 0.000000 0.002125 0.000865 0.002744 0.038169 0.010012 0.003138 0.310620 0.000000 0.000000 0.000000 0.000000 0.004835 0.023149 0.219404 0.039912 0.000000 0.001229 0.000000 0.002329 0.003101 0.010597 0.006538 0.009708 0.004753 0.009905 0.001866 0.063670 
0.000000 0.000000 0.000000 0.000000 0.000000 0.000000 0.000000 0.000000 0.000000 0.018915 0.000000 0.003955 0.000799 0.000802 0.000900 0.002936 0.000079 0.000000 0.000680 0.000519 0.000000 0.000000 0.000478 0.000000 0.000000 0.000612 0.000000 0.001287 0.000000 0.000213 0.000000 0.000180 0.072242 0.099718 0.020192 0.083382 0.000000 0.000000 0.000822 0.000000 0.000715 0.000663 0.000000 0.004092 0.000000 0.001059 0.000618 0.001251 0.000000 0.000000 0.000000 0.000000 0.000000 0.000326 0.000000 0.000000 0.000000 0.021944 0.000000 0.017451 0.000000 0.000000 0.000646 0.000605 0.000000 0.000000 0.000341 0.007924 0.000000 0.000000 0.001790 0.000840 0.000945 0.002154 0.000000 0.001486 0.000000 0.000978 0.000000 0.000000 0.119414 0.299699 0.101649 0.087427 0.000988 0.000000 0.001290 0.004992 0.002126 0.001347 0.001676 0.002035 0.000000 0.001029 0.000964 0.000824 
0.025961 0.016674 0.000000 0.020546 0.025973 0.013097 0.000000 0.021780 0.024277 0.011544 0.001848 0.021356 0.011833 0.010582 0.011601 0.011040 0.012422 0.013271 0.015324 0.022875 0.000000 0.000000 0.012710 0.008009 0.017820 0.006682 0.000000 0.021843 0.013971 0.012865 0.000000 0.022718 0.005954 0.004851 0.002854 0.022097 0.006233 0.010435 0.013338 0.023544 0.003853 0.015108 0.007939 0.016465 0.001532 0.004838 0.014085 0.009646 0.013457 0.000000 0.000000 0.018378 0.006780 0.008283 0.000000 0.017877 0.002207 0.000000 0.000000 0.009715 0.006395 0.008241 0.006379 0.012361 0.009782 0.008308 0.008486 0.009037 0.003675 0.001872 0.016262 0.007317 0.009767 0.014558 0.000000 0.020571 0.009453 0.013145 0.000000 0.020217 0.014340 0.012170 0.000000 0.013208 0.008755 0.004066 0.007852 0.022117 0.012489 0.013740 0.003518 0.011858 0.004815 0.008421 0.013689 0.015043 
0.000000 0.001656 0.001815 0.001220 0.000000 0.000000 0.000000 0.001828 0.030608 0.016043 0.041563 0.017161 0.000000 0.004762 0.000000 0.004800 0.005727 0.004976 0.029430 0.000000 0.000000 0.001777 0.000000 0.002319 0.011831 0.030323 0.013382 0.079305 0.000000 0.000000 0.000000 0.000000 0.002931 0.005202 0.080057 0.005708 0.000000 0.003445 0.001066 0.000000 0.007424 0.003659 0.036245 0.002863 0.000000 0.004275 0.006770 0.012430 0.000000 0.006295 0.002909 0.011257 0.000000 0.003210 0.000000 0.001338 0.079819 0.095447 0.143578 0.069587 0.000000 0.003495 0.000942 0.002587 0.011765 0.005653 0.014454 0.001432 0.000000 0.001935 0.000957 0.004253 0.000001 0.000415 0.001723 0.003708 0.000000 0.000000 0.000000 0.000000 0.003142 0.001889 0.016779 0.001018 0.000000 0.001226 0.000000 0.000000 0.004875 0.002665 0.011991 0.002545 0.001169 0.002284 0.000000 0.011057 
0.000257 0.000382 0.000000 0.000000 0.000000 0.000000 0.000000 0.000577 0.006609 0.003154 0.001741 0.002978 0.000000 0.000000 0.000725 0.000000 0.001142 0.000283 0.000763 0.001505 0.000000 0.000000 0.000448 0.000439 0.000171 0.000000 0.000000 0.000419 0.000000 0.000162 0.000000 0.000000 0.015035 0.003650 0.003968 0.008209 0.000186 0.000507 0.000000 0.000733 0.000498 0.000000 0.000226 0.000000 0.000000 0.000000 0.000000 0.000000 0.000358 0.000000 0.000000 0.000000 0.000000 0.000000 0.000000 0.000155 0.007420 0.002068 0.000000 0.002820 0.000000 0.000000 0.000000 0.000000 0.000000 0.000000 0.000000 0.000000 0.000000 0.000000 0.000000 0.000000 0.015312 0.006683 0.002123 0.011510 0.037388 0.000000 0.001690 0.068052 0.427593 0.083482 0.046799 0.230571 0.000000 0.000000 0.000000 0.000000 0.000000 0.000000 0.000315 0.000734 0.000000 0.000000 0.000160 0.000000 
0.020488 0.018001 0.013462 0.000000 0.020729 0.012114 0.016049 0.009206 0.000000 0.000000 0.000000 0.000000 0.000000 0.000000 0.000000 0.000000 0.021935 0.000000 0.000000 0.000000 0.000000 0.000000 0.003785 0.000000 0.025442 0.048311 0.012155 0.000000 0.033961 0.017792 0.022823 0.039904 0.049243 0.019836 0.000000 0.007561 0.016722 0.007255 0.014196 0.000000 0.011036 0.008090 0.010508 0.000000 0.000000 0.004940 0.000000 0.000000 0.000000 0.050645 0.009943 0.000000 0.034368 0.019036 0.010142 0.013055 0.045556 0.037558 0.000000 0.019518 0.000000 0.000000 0.020535 0.000000 0.000000 0.000000 0.000000 0.000000 0.000000 0.000000 0.005104 0.000000 0.028052 0.035584 0.007640 0.000000 0.015685 0.045334 0.015416 0.021035 0.000000 0.022245 0.000000 0.000000 0.000000 0.021885 0.000000 0.000000 0.000000 0.004885 0.016423 0.007436 0.000000 0.000000 0.003823 0.003550 
0.000000 0.000000 0.000000 0.000000 0.357224 0.020911 0.000000 0.000000 0.120348 0.011710 0.011776 0.134257 0.006319 0.000000 0.035111 0.127795 0.040106 0.120038 0.014404 
0.000000 0.000000 0.000000 0.000000 0.005273 0.002628 0.000000 0.000000 0.000000 0.000000 0.006344 0.000001 0.000000 0.000000 0.000000 0.004480 0.000000 0.975521 0.005753 
0.153242 0.000000 0.000000 0.000000 0.072896 0.000000 0.000000 0.000000 0.172494 0.000000 0.023231 0.119638 0.000000 0.000000 0.012509 0.373178 0.051951 0.020861 0.000000 
0.013613 0.000000 0.000000 0.000000 0.010649 0.000000 0.000000 0.017086 0.000000 0.000000 0.000003 0.029891 0.000000 0.282095 0.574145 0.054872 0.000000 0.017646 0.000000 
0.000000 0.000000 0.000000 0.000000 0.039341 0.000000 0.000000 0.000000 0.000000 0.000000 0.000003 0.010413 0.018897 0.899041 0.016780 0.001373 0.014151 0.000000 0.000000 
0.000000 0.000000 0.000000 0.000000 0.116141 0.000000 0.000000 0.000000 0.000000 0.000000 0.418994 0.000001 0.000000 0.000000 0.153692 0.122655 0.175269 0.013248 0.000000 
0.000000 0.000000 0.000000 0.000000 0.021801 0.000000 0.000000 0.010218 0.000000 0.000000 0.124803 0.589765 0.000000 0.000000 0.000000 0.124207 0.000000 0.000000 0.129206 
0.226316 0.000000 0.000000 0.027737 0.042023 0.014268 0.000000 0.000000 0.045782 0.000000 0.035960 0.000001 0.000000 0.000000 0.040969 0.257696 0.000000 0.309247 0.000000 
0.075361 0.000000 0.017731 0.000000 0.012242 0.000000 0.000000 0.033276 0.054549 0.042120 0.050960 0.000001 0.000000 0.000000 0.000000 0.461757 0.018731 0.140970 0.092302 
0.000000 0.000000 0.000000 0.000000 0.159604 0.000000 0.000000 0.000000 0.148764 0.020708 0.021738 0.191729 0.013829 0.018674 0.042966 0.108868 0.224582 0.000000 0.048538 
0.000000 0.000000 0.000000 0.000000 0.013220 0.009979 0.000000 0.000000 0.000000 0.005982 0.049352 0.043505 0.016430 0.834058 0.000000 0.027474 0.000000 0.000000 0.000000 
0.000000 0.000000 0.000000 0.000000 0.120876 0.000000 0.000000 0.000000 0.000000 0.064929 0.026605 0.000001 0.000000 0.046494 0.000000 0.417445 0.210416 0.011504 0.101729 
0.000000 0.000000 0.000000 0.000000 0.045249 0.000000 0.000000 0.000000 0.322875 0.000000 0.000003 0.183562 0.000000 0.000000 0.000000 0.368989 0.000000 0.000000 0.079323 
0.000000 0.000000 0.000000 0.000000 0.203019 0.000000 0.009876 0.000000 0.000000 0.008530 0.522655 0.026061 0.000000 0.027795 0.000000 0.162111 0.039953 0.000000 0.000000 
0.033879 0.000000 0.000000 0.000000 0.227144 0.000000 0.000000 0.000000 0.035338 0.000000 0.000002 0.341440 0.000000 0.000000 0.175756 0.061114 0.000000 0.021170 0.104157 
0.134532 0.000000 0.000000 0.000000 0.052985 0.000000 0.000000 0.000000 0.000000 0.000000 0.030003 0.000001 0.000000 0.371774 0.000000 0.362032 0.000000 0.000000 0.048672 
0.000000 0.000000 0.000000 0.000000 0.000157 0.000000 0.000000 0.000000 0.000000 0.000000 0.000003 0.030332 0.008703 0.900395 0.000000 0.054297 0.000000 0.006113 0.000000 
0.000000 0.000000 0.000000 0.022174 0.036892 0.000000 0.000000 0.000000 0.000000 0.020018 0.374546 0.276682 0.017840 0.000000 0.000000 0.185124 0.000000 0.000000 0.066724 
0.000000 0.000000 0.000000 0.000000 0.034335 0.000000 0.000000 0.034193 0.000000 0.000000 0.004020 0.027259 0.000000 0.000000 0.873719 0.006129 0.010299 0.010046 0.000000 
0.000000 0.000000 0.000000 0.016908 0.043257 0.000000 0.000000 0.000000 0.000000 0.000000 0.457248 0.236135 0.000000 0.000000 0.000000 0.185596 0.000000 0.007472 0.053384 
0.000000 0.000000 0.000000 0.000000 0.039185 0.000000 0.000000 0.000000 0.139476 0.000000 0.147325 0.103291 0.000000 0.000000 0.000000 0.084712 0.000000 0.464607 0.021404 
0.000000 0.000000 0.000000 0.000000 0.225463 0.000000 0.000000 0.000000 0.000000 0.007870 0.092146 0.039244 0.000000 0.571652 0.000000 0.035349 0.000000 0.028275 0.000000 
0.000000 0.000000 0.000000 0.000000 0.042279 0.000000 0.036146 0.000000 0.242333 0.000000 0.383275 0.038787 0.014518 0.000000 0.000000 0.221734 0.020929 0.000000 0.000000 
0.000000 0.000000 0.000000 0.000000 0.007370 0.000000 0.000000 0.000000 0.000000 0.033838 0.022960 0.295028 0.000000 0.000000 0.040559 0.410099 0.011904 0.000000 0.178243 
0.000000 0.000000 0.000000 0.000000 0.000152 0.000000 0.000000 0.020761 0.000000 0.000000 0.000003 0.003047 0.006616 0.332211 0.619445 0.000903 0.000000 0.016861 0.000000 
0.206633 0.003033 0.000000 0.039524 0.340783 0.000000 0.000000 0.000000 0.021066 0.000000 0.037831 0.000001 0.000000 0.000000 0.032071 0.206355 0.084430 0.014193 0.014080 
0.000000 0.000000 0.000000 0.000000 0.018185 0.000000 0.000000 0.023561 0.000000 0.000000 0.116778 0.000001 0.000000 0.000000 0.787687 0.053788 0.000000 0.000000 0.000000 
0.000000 0.000000 0.000000 0.000000 0.169574 0.016288 0.000000 0.000000 0.034973 0.000000 0.000003 0.202754 0.000000 0.254848 0.212292 0.056383 0.000000 0.000000 0.052885 
0.000000 0.000500 0.006900 0.043294 0.027894 0.007574 0.000000 0.000000 0.000000 0.011583 0.283501 0.000001 0.000000 0.000000 0.448488 0.170264 0.000000 0.000000 0.000000 
0.000000 0.000000 0.000000 0.000000 0.000310 0.000000 0.000000 0.035226 0.000000 0.000000 0.000003 0.109437 0.000000 0.205746 0.607229 0.031242 0.000000 0.000000 0.010807 
0.000000 0.000000 0.000000 0.000000 0.015884 0.000000 0.000000 0.000000 0.000000 0.000000 0.119306 0.000001 0.000000 0.000000 0.000000 0.090351 0.000000 0.774459 0.000000 
0.000000 0.000000 0.000000 0.000000 0.036902 0.010773 0.027228 0.000000 0.325582 0.000000 0.000003 0.000001 0.013790 0.000000 0.297585 0.266933 0.000000 0.000000 0.021204 
0.334338 0.004260 0.000000 0.059808 0.091022 0.000000 0.000000 0.000000 0.000000 0.000000 0.070049 0.063803 0.016062 0.000000 0.000000 0.360658 0.000000 0.000000 0.000000 
0.235354 0.000000 0.020202 0.000000 0.049532 0.000000 0.000000 0.025501 0.000000 0.000000 0.056081 0.038056 0.000000 0.321335 0.000000 0.253939 0.000000 0.000000 0.000000 
0.000000 0.000000 0.000000 0.000000 0.000086 0.000000 0.000000 0.031963 0.000000 0.000000 0.000002 0.000001 0.000000 0.000000 0.950670 0.007768 0.000000 0.009509 0.000000 
0.000000 0.000000 0.000000 0.020656 0.226342 0.000000 0.000000 0.000000 0.000000 0.000000 0.000003 0.009919 0.000000 0.000000 0.136823 0.042095 0.564161 0.000000 0.000000 
0.000000 0.000000 0.000000 0.024487 0.505595 0.000000 0.019790 0.027600 0.181173 0.000000 0.012178 0.027762 0.000000 0.000000 0.000000 0.176602 0.024812 0.000000 0.000000 
0.244553 0.001145 0.000000 0.076278 0.045369 0.008770 0.000000 0.000000 0.000000 0.000000 0.050289 0.031147 0.000000 0.239521 0.000000 0.255332 0.042056 0.005539 0.000000 
0.000000 0.000000 0.000000 0.000000 0.008789 0.000000 0.000000 0.000000 0.000000 0.044764 0.026377 0.034808 0.000000 0.000000 0.187345 0.561355 0.000000 0.000000 0.136562 
0.048145 0.001031 0.000000 0.000000 0.579550 0.000000 0.011972 0.000000 0.000000 0.042200 0.037157 0.033298 0.000000 0.000000 0.000000 0.246648 0.000000 0.000000 0.000000 
0.000000 0.000000 0.000000 0.000000 0.139805 0.000000 0.000000 0.011429 0.348908 0.000000 0.037499 0.039901 0.000000 0.000000 0.000000 0.224856 0.088184 0.109417 0.000000 
0.000000 0.002114 0.000000 0.020090 0.297827 0.000000 0.000000 0.000000 0.033205 0.057217 0.036543 0.000001 0.000000 0.000000 0.000000 0.402109 0.000000 0.018591 0.132302 
0.000000 0.000000 0.000000 0.026036 0.052999 0.000000 0.011885 0.015486 0.000000 0.000000 0.645041 0.030726 0.000000 0.008862 0.000000 0.203915 0.000000 0.000000 0.005051 
0.000000 0.000000 0.000000 0.000000 0.044463 0.012328 0.000000 0.000000 0.400278 0.000000 0.043156 0.176216 0.013802 0.000000 0.000000 0.260643 0.000000 0.000000 0.049115 
0.015444 0.000000 0.000000 0.000000 0.156249 0.004365 0.005057 0.000000 0.000000 0.000000 0.031122 0.000001 0.000000 0.000000 0.010982 0.052965 0.000000 0.723815 0.000000 
0.000000 0.000000 0.000000 0.000000 0.007277 0.000000 0.000000 0.000000 0.015613 0.000000 0.007160 0.000001 0.000000 0.036249 0.644236 0.013638 0.035738 0.240089 0.000000 
0.000000 0.000000 0.000000 0.022678 0.297465 0.000000 0.000000 0.025520 0.034459 0.000000 0.052997 0.169527 0.000000 0.000000 0.167307 0.059793 0.029927 0.084657 0.055670 
0.000000 0.000000 0.000000 0.000000 0.041792 0.000000 0.000000 0.000000 0.115667 0.061737 0.040231 0.000001 0.000000 0.000000 0.000000 0.588018 0.019990 0.000000 0.132565 
0.038603 0.000000 0.000000 0.000000 0.303395 0.012868 0.009615 0.000000 0.376874 0.012134 0.000003 0.000001 0.000000 0.030595 0.000000 0.189978 0.025934 0.000000 0.000000 
0.000000 0.000000 0.000000 0.050707 0.026913 0.000000 0.000000 0.011860 0.000000 0.055639 0.234312 0.100201 0.000000 0.000000 0.000000 0.438777 0.000000 0.000000 0.081590 
0.000000 0.000000 0.019233 0.000000 0.066947 0.000000 0.000000 0.000000 0.453426 0.005056 0.024158 0.088651 0.000000 0.000000 0.070124 0.272404 0.000000 0.000000 0.000000 
0.000000 0.000000 0.000000 0.000000 0.165205 0.000000 0.000000 0.000000 0.000000 0.000000 0.000003 0.322329 0.000000 0.077031 0.000000 0.026478 0.321345 0.021006 0.066603 
0.000000 0.000000 0.000000 0.000000 0.028726 0.000000 0.000000 0.000000 0.000000 0.000000 0.000002 0.140765 0.000000 0.093188 0.000000 0.033590 0.000000 0.649580 0.054147 
0.000000 0.000000 0.000000 0.000000 0.002785 0.000000 0.000000 0.004553 0.000000 0.000000 0.012231 0.000001 0.000000 0.021315 0.861508 0.035626 0.000000 0.061982 0.000000 
0.000000 0.000000 0.000000 0.000000 0.027004 0.000000 0.000000 0.000000 0.000000 0.000000 0.000002 0.733842 0.000000 0.000000 0.000000 0.065700 0.000000 0.000000 0.173452 
0.000000 0.000000 0.000000 0.000000 0.009794 0.000000 0.000000 0.000000 0.041558 0.000000 0.000002 0.674874 0.000000 0.000000 0.000000 0.055905 0.000000 0.000000 0.217866 
0.000000 0.000000 0.000000 0.000000 0.271491 0.000000 0.000000 0.000000 0.016563 0.000000 0.000003 0.000001 0.000000 0.000000 0.000000 0.039868 0.657056 0.015018 0.000000 
0.363595 0.003721 0.000000 0.086980 0.083403 0.000000 0.000000 0.000000 0.000000 0.000000 0.043573 0.064109 0.000000 0.040036 0.000000 0.314584 0.000000 0.000000 0.000000 
0.000000 0.000000 0.005421 0.000000 0.005371 0.000000 0.000000 0.033778 0.000000 0.000000 0.000002 0.000001 0.000000 0.000000 0.941975 0.013451 0.000000 0.000000 0.000000 
0.342039 0.000000 0.000000 0.000000 0.231565 0.000000 0.011329 0.000000 0.000000 0.000000 0.076806 0.056314 0.000000 0.000000 0.000000 0.281947 0.000000 0.000000 0.000000 
0.000000 0.000000 0.000000 0.029035 0.138918 0.000000 0.000000 0.006001 0.000000 0.004122 0.012623 0.020262 0.000000 0.732404 0.000000 0.056635 0.000000 0.000000 0.000000 
0.000000 0.000000 0.000000 0.000000 0.303800 0.000000 0.000000 0.000000 0.000000 0.000000 0.000003 0.000001 0.000000 0.000000 0.000000 0.012832 0.683365 0.000000 0.000000 
0.085361 0.000000 0.011509 0.016476 0.059375 0.000000 0.000000 0.010715 0.073093 0.000000 0.373155 0.057271 0.000000 0.069658 0.000000 0.243386 0.000000 0.000000 0.000000 
0.000000 0.000000 0.000000 0.000000 0.435862 0.000000 0.013371 0.030756 0.000000 0.047659 0.071208 0.025135 0.000000 0.000000 0.044479 0.288766 0.000000 0.010257 0.032507 
0.000000 0.000000 0.000000 0.000000 0.013484 0.000000 0.000000 0.000000 0.000000 0.045611 0.018800 0.203562 0.000000 0.000000 0.000000 0.534571 0.000000 0.000000 0.183972 
0.157290 0.002398 0.012425 0.087978 0.066533 0.018715 0.000000 0.000000 0.000000 0.000000 0.300484 0.000001 0.000000 0.000000 0.000000 0.282803 0.071374 0.000000 0.000000 
0.000000 0.000000 0.000000 0.000000 0.000139 0.000000 0.000000 0.010727 0.000000 0.000000 0.000003 0.020201 0.011103 0.952859 0.000000 0.002273 0.000000 0.002696 0.000000 
0.000000 0.006631 0.000000 0.031707 0.080583 0.000000 0.000000 0.000000 0.211403 0.000000 0.000003 0.356269 0.000000 0.000000 0.000000 0.198670 0.000000 0.016349 0.098385 
0.015889 0.000000 0.000000 0.000000 0.007030 0.000000 0.000000 0.000000 0.000000 0.040460 0.114743 0.000001 0.000000 0.000000 0.000000 0.375049 0.022583 0.324083 0.100162 
0.000000 0.000000 0.000000 0.000000 0.027857 0.000000 0.000000 0.000000 0.000000 0.000000 0.270783 0.412178 0.000000 0.000000 0.074073 0.082667 0.000000 0.000000 0.132444 
0.143818 0.000000 0.000000 0.031362 0.187293 0.000000 0.000000 0.000000 0.013277 0.000000 0.039129 0.042165 0.000000 0.000000 0.000000 0.198483 0.000000 0.344474 0.000000 
0.000000 0.000000 0.000000 0.051782 0.458096 0.000000 0.000000 0.000000 0.000000 0.000000 0.018229 0.325712 0.000000 0.000000 0.000000 0.074543 0.000000 0.000000 0.071638 
0.000000 0.000000 0.000000 0.000000 0.155285 0.000000 0.000000 0.000000 0.047086 0.000000 0.519641 0.000001 0.039403 0.032092 0.000000 0.188560 0.000000 0.000000 0.017931 
0.000000 0.000000 0.017962 0.000000 0.064135 0.000000 0.000000 0.000000 0.000000 0.000000 0.012134 0.000001 0.030320 0.643512 0.010109 0.083255 0.119438 0.000000 0.019134 
0.000000 0.000000 0.000000 0.000000 0.184103 0.000000 0.000000 0.000000 0.035670 0.013964 0.167904 0.000001 0.000000 0.000000 0.000000 0.043377 0.374679 0.166107 0.014194 
0.000000 0.000000 0.000000 0.000000 0.000189 0.002477 0.000000 0.000000 0.000000 0.000000 0.000002 0.000001 0.011046 0.979660 0.000000 0.006625 0.000000 0.000000 0.000000 
0.206386 0.000000 0.000000 0.026951 0.250652 0.000000 0.009510 0.000000 0.000000 0.000000 0.033869 0.073399 0.000000 0.045670 0.170818 0.182746 0.000000 0.000000 0.000000 
0.000000 0.000000 0.000000 0.029561 0.243660 0.000000 0.000000 0.015755 0.361724 0.009264 0.033118 0.054887 0.000000 0.000000 0.064012 0.188019 0.000000 0.000000 0.000000 
0.028661 0.000000 0.000000 0.000000 0.036985 0.000000 0.000000 0.000000 0.396534 0.010158 0.000003 0.136553 0.003518 0.000000 0.000000 0.206536 0.000000 0.181052 0.000000 
0.000000 0.000000 0.000000 0.000000 0.210407 0.000000 0.000000 0.000000 0.000000 0.000000 0.000003 0.000001 0.000000 0.025867 0.000000 0.036968 0.464915 0.261840 0.000000 
0.277755 0.001979 0.019125 0.036299 0.118413 0.020415 0.000000 0.000000 0.000000 0.000000 0.050214 0.000001 0.000000 0.000000 0.000000 0.345537 0.103456 0.000000 0.026806 
0.000000 0.003317 0.010993 0.034505 0.486176 0.000000 0.000000 0.000000 0.039408 0.000000 0.003245 0.000001 0.000000 0.000000 0.000000 0.078048 0.344308 0.000000 0.000000 
0.000000 0.000000 0.000000 0.000000 0.000317 0.000000 0.000000 0.000000 0.000000 0.000000 0.000002 0.024436 0.013871 0.931424 0.000000 0.018199 0.011751 0.000000 0.000000 
0.023111 0.000000 0.000000 0.000000 0.044116 0.000000 0.000000 0.000000 0.029351 0.000000 0.369237 0.059241 0.000000 0.000000 0.276083 0.143551 0.000000 0.000000 0.055310 
0.000000 0.000000 0.000000 0.000000 0.017553 0.000000 0.000000 0.053042 0.113387 0.000000 0.012550 0.018378 0.000000 0.000000 0.718326 0.052371 0.000000 0.014393 0.000000 
0.000000 0.000000 0.000000 0.000000 0.008573 0.000000 0.000000 0.027940 0.000000 0.000000 0.060823 0.250008 0.000000 0.000000 0.504415 0.085366 0.000000 0.000000 0.062875 
0.073004 0.000000 0.000000 0.000000 0.710733 0.000000 0.000000 0.000000 0.000000 0.030555 0.038017 0.023537 0.011547 0.000000 0.000000 0.079993 0.032614 0.000000 0.000000 
0.000000 0.000500 0.000000 0.000000 0.597022 0.004556 0.012472 0.035518 0.026028 0.000000 0.014821 0.000001 0.000000 0.000000 0.225474 0.083607 0.000000 0.000000 0.000000 
0.000000 0.000000 0.000000 0.000000 0.066711 0.000000 0.008258 0.000000 0.000000 0.004403 0.116758 0.000001 0.000000 0.421599 0.000000 0.098443 0.158885 0.124943 0.000000 
0.000000 0.000000 0.000000 0.000000 0.027912 0.000000 0.000000 0.000000 0.023729 0.000000 0.231992 0.356810 0.000000 0.000000 0.143641 0.090203 0.000000 0.022672 0.103042 
0.319842 0.001894 0.000000 0.079656 0.077746 0.000000 0.000000 0.000000 0.044702 0.000000 0.056086 0.087994 0.000000 0.000000 0.025049 0.275549 0.000000 0.031482 0.000000 
0.019555 0.000813 0.000000 0.000000 0.015624 0.000000 0.000000 0.039897 0.000000 0.000000 0.009001 0.010120 0.000000 0.039614 0.000000 0.021561 0.000000 0.843815 0.000000 
0.000000 0.000000 0.000000 0.000000 0.424072 0.014003 0.000000 0.029013 0.000000 0.000000 0.136461 0.000001 0.000000 0.000000 0.298156 0.091282 0.000000 0.000000 0.007012 
0.000000 0.000000 0.000000 0.000000 0.025860 0.000000 0.000000 0.000000 0.000000 0.000000 0.180293 0.000001 0.000000 0.667354 0.025984 0.089927 0.000000 0.000000 0.010582 
0.000000 0.000000 0.000000 0.014891 0.015662 0.000000 0.000000 0.000000 0.000000 0.004098 0.069012 0.021444 0.000000 0.000000 0.000000 0.013034 0.000000 0.861860 0.000000 
0.035284 0.002002 0.000000 0.000000 0.726910 0.008048 0.000000 0.018325 0.037592 0.000000 0.063688 0.000001 0.000000 0.000000 0.000000 0.096089 0.000000 0.012061 0.000000 
0.039861 0.000000 0.000000 0.020431 0.062443 0.000000 0.000000 0.000000 0.236017 0.023478 0.048761 0.031064 0.000000 0.000000 0.000000 0.441462 0.000000 0.027637 0.068846 
0.027374 0.001001 0.000000 0.048165 0.754917 0.006774 0.000000 0.000000 0.077505 0.012061 0.024009 0.000001 0.000000 0.000000 0.000000 0.048193 0.000000 0.000000 0.000000 
0.099006 0.000000 0.000000 0.000000 0.208101 0.000000 0.000000 0.000000 0.000000 0.000000 0.010066 0.000001 0.000000 0.199744 0.000000 0.081981 0.401101 0.000000 0.000000 
0.000000 0.000000 0.000000 0.000000 0.014923 0.000000 0.000000 0.000000 0.164645 0.000000 0.000002 0.185580 0.000000 0.000000 0.024973 0.118627 0.000000 0.451338 0.039911 
0.000000 0.000000 0.000000 0.000000 0.098457 0.011462 0.000000 0.000000 0.040812 0.015577 0.052173 0.378801 0.000000 0.032201 0.000000 0.066329 0.000000 0.218248 0.085939 
0.051991 0.000000 0.000000 0.000000 0.055039 0.009270 0.013400 0.000000 0.331306 0.000000 0.126328 0.047580 0.000000 0.000000 0.128965 0.236121 0.000000 0.000000 0.000000 
0.225901 0.001233 0.000000 0.050963 0.068307 0.000000 0.000000 0.000000 0.012796 0.000000 0.289723 0.019858 0.000000 0.000000 0.009538 0.321680 0.000000 0.000000 0.000000 
0.000000 0.000000 0.000000 0.051295 0.035341 0.000000 0.000000 0.000000 0.150230 0.000000 0.397981 0.042875 0.022474 0.077470 0.000000 0.215669 0.000000 0.006666 0.000000 
0.000000 0.000000 0.000000 0.000000 0.010754 0.000000 0.049302 0.000000 0.000000 0.077786 0.028834 0.000001 0.000000 0.058129 0.073824 0.549179 0.000000 0.000000 0.152191 
0.011099 0.000000 0.000000 0.008689 0.003515 0.001459 0.000000 0.002701 0.000000 0.000000 0.000002 0.006573 0.000000 0.000000 0.935441 0.022825 0.000000 0.007697 0.000000 
0.000000 0.000000 0.000000 0.000000 0.162594 0.000000 0.000000 0.000000 0.000000 0.000000 0.280171 0.000001 0.000000 0.181577 0.000000 0.080767 0.294889 0.000000 0.000000 
0.219774 0.002565 0.008739 0.000000 0.081571 0.014879 0.000000 0.000000 0.238934 0.000000 0.030662 0.036143 0.016249 0.000000 0.000000 0.350484 0.000000 0.000000 0.000000 
0.000000 0.000000 0.000000 0.022317 0.018021 0.000000 0.000000 0.042528 0.000000 0.000000 0.000004 0.000001 0.000000 0.000000 0.897254 0.019876 0.000000 0.000000 0.000000 
0.000000 0.000000 0.000000 0.000000 0.034623 0.000000 0.010365 0.000000 0.040967 0.000000 0.000003 0.059758 0.007102 0.329469 0.468538 0.049174 0.000000 0.000000 0.000000 
0.292110 0.002325 0.000000 0.000000 0.084232 0.000000 0.022048 0.000000 0.000000 0.000000 0.065131 0.047479 0.000000 0.105077 0.000000 0.344679 0.000000 0.000000 0.036919 
0.244018 0.001475 0.000000 0.069492 0.147543 0.000000 0.013656 0.000000 0.000000 0.000000 0.061729 0.037539 0.000000 0.046187 0.000000 0.239321 0.000000 0.139040 0.000000 
0.347829 0.000000 0.019371 0.016233 0.087458 0.000000 0.000000 0.000000 0.000000 0.000000 0.067499 0.067102 0.000000 0.000000 0.000000 0.311322 0.083185 0.000000 0.000000 
0.026856 0.000000 0.000000 0.000000 0.544406 0.011133 0.020164 0.000000 0.043402 0.000000 0.007721 0.140332 0.000000 0.000000 0.000000 0.042516 0.117187 0.000000 0.046284 
0.000000 0.000000 0.002888 0.000000 0.009136 0.000000 0.000000 0.000000 0.000000 0.000000 0.000002 0.000001 0.000000 0.000000 0.000000 0.012839 0.000000 0.973599 0.001535 
0.124907 0.000000 0.000000 0.000000 0.169301 0.000000 0.000000 0.000000 0.081595 0.000000 0.020826 0.396140 0.000000 0.000000 0.000000 0.105763 0.000000 0.000000 0.101467 
0.000000 0.001001 0.000000 0.015858 0.761049 0.023140 0.000000 0.011152 0.025513 0.000000 0.010495 0.000001 0.017275 0.000000 0.042351 0.073606 0.000000 0.018559 0.000000 
0.019710 0.001414 0.000000 0.049161 0.663779 0.008987 0.000000 0.000000 0.043379 0.012707 0.011319 0.000001 0.000000 0.111963 0.038612 0.038967 0.000000 0.000000 0.000000 
0.032040 0.000000 0.000000 0.000000 0.235615 0.000000 0.000000 0.000000 0.000000 0.053793 0.026431 0.065022 0.000000 0.000000 0.000000 0.296686 0.290413 0.000000 0.000000 
0.000000 0.000000 0.000000 0.000000 0.034848 0.001479 0.000000 0.043758 0.000000 0.007593 0.004178 0.000001 0.000000 0.000000 0.862975 0.003604 0.041564 0.000000 0.000000 
0.000000 0.001480 0.000000 0.018779 0.626889 0.007097 0.000000 0.014154 0.092265 0.005414 0.097861 0.000001 0.000000 0.027896 0.020190 0.087975 0.000000 0.000000 0.000000 
0.000000 0.000000 0.000000 0.000000 0.008663 0.000000 0.000000 0.000000 0.000000 0.000000 0.000003 0.592189 0.000000 0.176767 0.000000 0.064958 0.000000 0.000000 0.157420 
0.035366 0.000000 0.000000 0.000000 0.000128 0.000000 0.000000 0.013768 0.087406 0.007546 0.000003 0.000001 0.000000 0.000000 0.804850 0.044048 0.006884 0.000000 0.000000 
0.000000 0.000000 0.000000 0.000000 0.027597 0.000000 0.000000 0.000000 0.000000 0.066360 0.028402 0.000001 0.000000 0.184132 0.021310 0.527285 0.000000 0.000000 0.144914 
0.000000 0.000000 0.000000 0.000000 0.057703 0.000000 0.000000 0.000000 0.036395 0.000000 0.012766 0.024263 0.036090 0.649549 0.000000 0.032580 0.000000 0.150654 0.000000 
0.000000 0.000000 0.000000 0.000000 0.016008 0.000000 0.000000 0.027738 0.000000 0.006221 0.000002 0.004009 0.000000 0.511581 0.420153 0.014288 0.000000 0.000000 0.000000 
0.091148 0.000000 0.000000 0.000000 0.433752 0.000000 0.000000 0.000000 0.079855 0.000000 0.019152 0.041258 0.000000 0.011859 0.000000 0.189914 0.060461 0.017983 0.054618 
0.210416 0.000000 0.000000 0.032656 0.091010 0.000000 0.000000 0.000000 0.000000 0.000000 0.033529 0.067655 0.000000 0.239508 0.000000 0.204240 0.000000 0.106708 0.014278 
0.241340 0.001223 0.000000 0.061660 0.046971 0.018144 0.000000 0.000000 0.044770 0.000000 0.016079 0.000001 0.000000 0.346918 0.000000 0.222895 0.000000 0.000000 0.000000 
0.022900 0.000000 0.000000 0.000000 0.019946 0.000000 0.000000 0.000000 0.129928 0.000000 0.000003 0.433034 0.000000 0.175053 0.000000 0.114112 0.000000 0.000000 0.105023 
0.053833 0.000000 0.000000 0.047211 0.026930 0.000000 0.000000 0.000000 0.107150 0.000000 0.018038 0.000001 0.000000 0.000000 0.024765 0.206922 0.000000 0.453855 0.061295 
0.000000 0.000000 0.000000 0.000000 0.218176 0.000000 0.029870 0.000000 0.138573 0.018193 0.009629 0.000001 0.000000 0.000000 0.000000 0.101889 0.413016 0.070654 0.000000 
0.000000 0.000000 0.000000 0.000000 0.063763 0.000000 0.018220 0.000000 0.440324 0.004791 0.000003 0.051670 0.000000 0.000000 0.078470 0.249814 0.000000 0.092946 0.000000 
0.345880 0.002649 0.000000 0.052903 0.089425 0.016774 0.019943 0.000000 0.000000 0.000000 0.036513 0.029274 0.000000 0.000000 0.000000 0.367950 0.000000 0.038687 0.000000 
0.000000 0.000000 0.000000 0.000000 0.130608 0.000000 0.011300 0.016129 0.415034 0.008090 0.061840 0.088592 0.000000 0.000000 0.000000 0.268407 0.000000 0.000000 0.000000 
0.028136 0.000000 0.000000 0.000000 0.014076 0.000000 0.000000 0.000000 0.000000 0.009833 0.014225 0.512262 0.000000 0.000000 0.000000 0.208481 0.012943 0.005486 0.194558 
