-3847073.790621
0
0.030958 0.000000 0.007325 0.000000 0.012255 0.012209 0.000000 0.000000 0.018505 0.014170 0.000000 0.000000 0.000000 0.000000 0.021483 0.000000 0.032410 0.001698 0.061213 0.000000 0.000000 0.017982 0.009290 0.000000 0.000000 0.000000 0.000000 0.029856 0.000000 0.003801 0.000000 0.006669 0.006963 0.037572 0.017602 0.000000 0.011929 0.005835 0.000000 0.000000 0.000000 0.000000 0.067687 0.000000 0.000000 0.000000 0.037724 0.000000 0.000000 0.031167 0.017802 0.000000 0.000000 0.000000 0.000000 0.000000 0.037148 0.025086 0.082516 0.044546 0.000000 0.000000 0.027856 0.000000 0.007413 0.006365 0.016189 0.000000 0.000000 0.000000 0.013940 0.000000 0.026514 0.000001 0.000000 0.011091 0.000000 0.000000 0.000000 0.000000 0.000000 0.012070 0.010029 0.028175 0.000000 0.022763 0.000000 0.000000 0.019826 0.019018 0.042709 0.014915 0.010229 0.000000 0.007497 0.000000 
0.000000 0.000000 0.000000 0.000000 0.040218 0.021095 0.011274 0.036738 0.015915 0.011092 0.000000 0.006662 0.004263 0.000000 0.000000 0.000000 0.017375 0.011323 0.012259 0.013937 0.000000 0.002814 0.012136 0.010618 0.000000 0.000000 0.002118 0.000000 0.026937 0.019722 0.007480 0.042934 0.025211 0.012739 0.000000 0.014185 0.001654 0.001710 0.010697 0.003615 0.009314 0.016158 0.010057 0.011431 0.000000 0.009041 0.012022 0.012284 0.000000 0.000000 0.000000 0.000000 0.022581 0.018845 0.000000 0.030468 0.032533 0.017165 0.000000 0.015900 0.000000 0.000000 0.007086 0.000000 0.014402 0.005514 0.006933 0.003671 0.007403 0.009555 0.024510 0.010739 0.000000 0.009677 0.000000 0.000000 0.028914 0.038749 0.006117 0.059081 0.015291 0.027786 0.000000 0.006213 0.000000 0.005214 0.000000 0.007675 0.012974 0.014649 0.011411 0.009005 0.005298 0.009435 0.015210 0.012966 
0.043760 0.037458 0.003286 0.034352 0.010702 0.005021 0.000523 0.011266 0.021174 0.006439 0.009202 0.024958 0.013030 0.015429 0.016886 0.016715 0.009955 0.008221 0.009957 0.020308 0.000000 0.000000 0.008040 0.002389 0.038263 0.029518 0.001472 0.030407 0.008407 0.008045 0.000777 0.009267 0.004579 0.003565 0.007039 0.022024 0.014254 0.022168 0.013160 0.028783 0.005677 0.013006 0.004630 0.012187 0.000000 0.002443 0.007372 0.000000 0.018249 0.018375 0.001133 0.026277 0.003903 0.000000 0.000703 0.007434 0.000000 0.000000 0.000000 0.005633 0.009632 0.009778 0.009228 0.019193 0.000000 0.006257 0.005157 0.010012 0.000717 0.000635 0.007823 0.001372 0.023438 0.021120 0.001805 0.028591 0.005589 0.004998 0.000000 0.007745 0.008287 0.004705 0.004391 0.013309 0.012648 0.014079 0.010161 0.022857 0.004874 0.006554 0.000000 0.010676 0.000000 0.003055 0.006463 0.007028 
0.000000 0.062144 0.000000 0.000000 0.000000 0.000000 0.000000 0.000001 0.000000 0.140678 0.045393 0.000000 0.027399 0.000000 0.000000 0.005392 0.000075 0.000001 0.041195 0.000003 0.000000 0.012262 0.060908 0.000000 0.047294 0.000000 0.000000 0.000000 0.000000 0.000000 0.000000 0.000000 0.020806 0.000017 0.195324 0.000008 0.000000 0.000000 0.000000 0.000000 0.000002 0.000000 0.000004 0.000001 0.000000 0.000000 0.000000 0.000000 0.002379 0.000000 0.000000 0.000000 0.000000 0.000001 0.000000 0.000000 0.000000 0.216193 0.000000 0.000021 0.000000 0.000000 0.000000 0.000000 0.000001 0.000000 0.000001 0.051612 0.000000 0.000000 0.000000 0.000000 0.000007 0.000011 0.000000 0.000011 0.000000 0.000000 0.000000 0.000000 0.000002 0.012139 0.000001 0.000032 0.000000 0.000000 0.000000 0.000000 0.020773 0.000012 0.000002 0.000003 0.000000 0.037883 0.000001 0.000000 
0.034859 0.028151 0.022327 0.020604 0.009099 0.005084 0.003703 0.003977 0.009841 0.007874 0.000000 0.000000 0.002256 0.000000 0.008085 0.000000 0.007673 0.000491 0.007447 0.000000 0.000000 0.000000 0.000000 0.000000 0.049786 0.069869 0.011008 0.045526 0.011316 0.009634 0.007576 0.009642 0.024972 0.017204 0.007389 0.018976 0.005451 0.008084 0.040337 0.006739 0.005555 0.000000 0.011788 0.004074 0.000000 0.001102 0.003735 0.002311 0.043876 0.047710 0.028141 0.025201 0.008348 0.010899 0.008049 0.005691 0.010862 0.009831 0.000000 0.009128 0.006801 0.003353 0.015587 0.000000 0.007893 0.000000 0.004190 0.000000 0.000000 0.000000 0.000000 0.000000 0.035509 0.061855 0.012437 0.042116 0.002975 0.010959 0.004064 0.004680 0.001116 0.007272 0.000000 0.006050 0.002160 0.002382 0.007718 0.000000 0.002021 0.000000 0.004913 0.000000 0.000000 0.000000 0.002141 0.000532 
0.000000 0.000000 0.000000 0.000000 0.000000 0.000000 0.000000 0.007658 0.000000 0.000012 0.000000 0.000000 0.000000 0.000000 0.000000 0.000001 0.000078 0.000001 0.000023 0.000003 0.000000 0.000000 0.000000 0.000000 0.000000 0.000000 0.000000 0.000000 0.035565 0.026126 0.136719 0.047331 0.037550 0.192749 0.000007 0.000007 0.000000 0.000000 0.000000 0.000000 0.000002 0.000000 0.096321 0.000001 0.000000 0.036374 0.000000 0.000000 0.008047 0.000000 0.000000 0.000000 0.000000 0.054694 0.000000 0.000000 0.000000 0.000006 0.000000 0.000019 0.000000 0.000000 0.000000 0.044612 0.024435 0.000000 0.036198 0.000002 0.000000 0.000000 0.000000 0.000000 0.000006 0.000009 0.000000 0.000009 0.000000 0.000000 0.039391 0.000000 0.000002 0.000069 0.000001 0.000025 0.000000 0.124868 0.000000 0.000000 0.000006 0.051065 0.000002 0.000003 0.000000 0.000000 0.000001 0.000000 
0.000000 0.000762 0.000209 0.008479 0.000267 0.000084 0.000000 0.000000 0.000000 0.002210 0.012687 0.004854 0.000000 0.000000 0.000000 0.001198 0.003600 0.005198 0.002153 0.004073 0.000000 0.004245 0.001303 0.014425 0.002393 0.000000 0.000557 0.015453 0.000000 0.000000 0.000000 0.000000 0.001014 0.002199 0.010715 0.003817 0.000000 0.000000 0.000000 0.000581 0.000428 0.002354 0.001887 0.001707 0.002165 0.002153 0.003200 0.018810 0.001238 0.001742 0.000140 0.007739 0.000000 0.000271 0.000000 0.000322 0.000000 0.013097 0.028034 0.015962 0.000000 0.000000 0.000000 0.000556 0.006557 0.010203 0.005404 0.012475 0.000000 0.002100 0.000860 0.002968 0.037445 0.010440 0.003363 0.306806 0.000000 0.000000 0.000000 0.000000 0.004817 0.022504 0.216006 0.039573 0.000000 0.000957 0.000000 0.002935 0.003173 0.010551 0.006418 0.009600 0.005043 0.009725 0.001975 0.063818 
0.000000 0.000000 0.000000 0.000000 0.000000 0.000000 0.050892 0.115090 0.000000 0.000007 0.000000 0.000000 0.000000 0.000000 0.000000 0.000000 0.014093 0.000001 0.000014 0.000002 0.000000 0.000000 0.000000 0.000000 0.000000 0.000000 0.117244 0.000000 0.000000 0.000000 0.083601 0.000000 0.000402 0.000011 0.000004 0.000004 0.000000 0.000000 0.000000 0.000000 0.000001 0.000000 0.000002 0.000001 0.000000 0.000000 0.000000 0.000000 0.000001 0.000000 0.000000 0.000000 0.000000 0.036064 0.082715 0.000000 0.000000 0.000004 0.000000 0.000012 0.000000 0.000000 0.048185 0.000000 0.000000 0.000000 0.000000 0.000001 0.000000 0.000000 0.000000 0.000000 0.000004 0.087598 0.000000 0.000006 0.000000 0.132830 0.000000 0.000000 0.000001 0.000041 0.000000 0.165970 0.000000 0.000000 0.000000 0.000000 0.000004 0.065187 0.000001 0.000002 0.000000 0.000000 0.000001 0.000000 
0.000000 0.000000 0.000000 0.000000 0.018140 0.010092 0.064993 0.043034 0.000000 0.000006 0.000000 0.000000 0.000000 0.000000 0.006490 0.000000 0.000036 0.000001 0.000011 0.000001 0.000000 0.000000 0.000000 0.000000 0.000000 0.000000 0.000000 0.000000 0.000000 0.000000 0.044241 0.000000 0.000458 0.000008 0.000003 0.000003 0.000000 0.000000 0.000000 0.000000 0.000001 0.042236 0.000002 0.000000 0.000000 0.000000 0.000000 0.000000 0.000001 0.000000 0.000000 0.000000 0.027667 0.000000 0.000000 0.000000 0.000000 0.000003 0.014619 0.000010 0.000000 0.000000 0.020305 0.000000 0.000000 0.000000 0.000000 0.000001 0.000000 0.000000 0.000000 0.000000 0.000003 0.024516 0.218496 0.000005 0.038131 0.185152 0.053430 0.187845 0.000001 0.000033 0.000000 0.000013 0.000000 0.000000 0.000000 0.000000 0.000003 0.000006 0.000001 0.000001 0.000000 0.000000 0.000001 0.000000 
0.000000 0.000000 0.000000 0.000000 0.000000 0.000000 0.000000 0.000000 0.000000 0.000003 0.000000 0.000000 0.000000 0.000000 0.000000 0.022885 0.126922 0.016321 0.059662 0.056380 0.024407 0.000000 0.000000 0.000000 0.000000 0.000000 0.000000 0.000000 0.000000 0.000000 0.000000 0.000000 0.115821 0.000005 0.000002 0.043756 0.000000 0.000000 0.000000 0.000000 0.009730 0.000000 0.036332 0.060760 0.000000 0.000000 0.000000 0.025319 0.000000 0.000000 0.000000 0.000000 0.000000 0.000000 0.000000 0.000000 0.023454 0.000002 0.000000 0.027303 0.000000 0.000000 0.000000 0.000000 0.000000 0.007304 0.000000 0.066766 0.000000 0.000000 0.013108 0.000000 0.000002 0.000003 0.000000 0.000003 0.000000 0.000000 0.000000 0.000000 0.000001 0.032264 0.000000 0.000007 0.055390 0.000000 0.000000 0.000000 0.043100 0.042310 0.025115 0.040319 0.025242 0.000000 0.000000 0.000000 
0.000000 0.000000 0.000000 0.000000 0.011797 0.006339 0.000000 0.009827 0.025527 0.016996 0.023979 0.020198 0.009574 0.007126 0.008897 0.012736 0.049843 0.019672 0.031004 0.039211 0.005368 0.000000 0.003429 0.005828 0.000000 0.000000 0.000000 0.000000 0.007678 0.008624 0.000000 0.009265 0.033913 0.018973 0.016289 0.025654 0.000000 0.000000 0.011367 0.004709 0.022023 0.015706 0.014084 0.026469 0.004721 0.005145 0.000000 0.020537 0.012187 0.000000 0.000000 0.007071 0.005382 0.007564 0.000000 0.006738 0.026392 0.025126 0.000000 0.018812 0.009487 0.003040 0.000000 0.000000 0.026383 0.012863 0.019269 0.021507 0.001861 0.000000 0.003259 0.004919 0.010618 0.009462 0.000000 0.017679 0.000000 0.000000 0.000000 0.000000 0.014087 0.029173 0.010455 0.003040 0.009922 0.000000 0.008632 0.006866 0.023285 0.013959 0.012587 0.022619 0.007185 0.008432 0.006173 0.021460 
0.007209 0.005770 0.001233 0.003348 0.000000 0.002422 0.000000 0.001339 0.032780 0.014806 0.210867 0.010916 0.003603 0.000891 0.000000 0.006995 0.013368 0.005746 0.007922 0.008327 0.001247 0.001778 0.000000 0.003480 0.002473 0.004315 0.000000 0.000000 0.000000 0.000000 0.000000 0.000000 0.022989 0.022941 0.111474 0.018180 0.000000 0.000000 0.000000 0.000000 0.004083 0.003673 0.004741 0.005607 0.000000 0.002013 0.000805 0.000000 0.007343 0.004451 0.000000 0.001831 0.000000 0.002613 0.000000 0.000000 0.026442 0.029757 0.120171 0.016041 0.000000 0.000000 0.000000 0.000000 0.013349 0.006418 0.004624 0.010672 0.000000 0.000000 0.000000 0.000000 0.011549 0.009897 0.000000 0.012308 0.000000 0.000000 0.000000 0.000000 0.016076 0.018898 0.091550 0.013273 0.004291 0.000000 0.000000 0.001491 0.007072 0.004081 0.008942 0.005190 0.000000 0.000000 0.001827 0.002503 
0.000000 0.018384 0.000000 0.043622 0.000000 0.000000 0.000000 0.000000 0.000000 0.000001 0.064272 0.000000 0.019923 0.000000 0.000000 0.083779 0.051668 0.000000 0.000002 0.027782 0.025427 0.000000 0.000000 0.001478 0.000000 0.000000 0.000000 0.022994 0.000000 0.000000 0.000000 0.000000 0.000087 0.000001 0.000001 0.000001 0.000000 0.000000 0.047137 0.019364 0.000000 0.000000 0.000000 0.000000 0.016567 0.000000 0.000000 0.030963 0.068325 0.000000 0.000000 0.000000 0.000000 0.023479 0.000000 0.000000 0.000000 0.000000 0.065301 0.000002 0.000000 0.000000 0.008204 0.015270 0.039208 0.000000 0.000000 0.000000 0.000000 0.000000 0.000000 0.035076 0.062611 0.000001 0.000000 0.110336 0.000000 0.000000 0.000000 0.000000 0.000000 0.000005 0.000000 0.000002 0.029447 0.000000 0.000000 0.069279 0.000000 0.000001 0.000000 0.000000 0.000000 0.000000 0.000000 0.000000 
0.001466 0.002700 0.000836 0.001999 0.001032 0.000978 0.000000 0.001752 0.031837 0.015495 0.092212 0.015534 0.000000 0.003715 0.000000 0.005075 0.007352 0.005267 0.023090 0.001922 0.000000 0.001726 0.000000 0.002696 0.009252 0.022981 0.009391 0.057651 0.000000 0.000000 0.000000 0.000000 0.008549 0.010031 0.090050 0.009385 0.000000 0.002267 0.000616 0.000540 0.005984 0.003726 0.027464 0.003316 0.000000 0.003634 0.004986 0.009308 0.002213 0.005301 0.001979 0.008858 0.000000 0.002975 0.000000 0.001342 0.064834 0.076335 0.139031 0.054748 0.000000 0.002388 0.000562 0.001816 0.012112 0.005898 0.011443 0.003912 0.000000 0.001455 0.000984 0.003114 0.001585 0.003063 0.001085 0.005370 0.000000 0.000000 0.000000 0.000000 0.006609 0.006459 0.038563 0.004635 0.000000 0.000773 0.000000 0.000556 0.005546 0.003341 0.011035 0.002994 0.001044 0.001731 0.000570 0.007925 
0.004019 0.000000 0.000000 0.000000 0.002078 0.001541 0.000000 0.001042 0.003331 0.005562 0.009924 0.002562 0.011806 0.000000 0.003674 0.019141 0.026290 0.010565 0.018775 0.023376 0.045322 0.006818 0.004513 0.025060 0.003547 0.000000 0.000000 0.003812 0.000000 0.000000 0.000000 0.002381 0.008340 0.006367 0.007176 0.004455 0.003477 0.000516 0.002621 0.000875 0.017733 0.012186 0.018821 0.031659 0.028962 0.007846 0.015602 0.067218 0.010646 0.007221 0.000000 0.003580 0.000000 0.003318 0.000000 0.003443 0.006316 0.006917 0.011947 0.010431 0.000000 0.001271 0.001615 0.000000 0.009768 0.010596 0.010053 0.013079 0.009421 0.000583 0.004443 0.023808 0.022838 0.000000 0.000000 0.034251 0.002968 0.002720 0.000000 0.004233 0.002737 0.008143 0.004360 0.010036 0.023158 0.000000 0.015114 0.011206 0.017495 0.015949 0.011613 0.038236 0.068036 0.009011 0.009612 0.070836 
0.000000 0.000000 0.000000 0.000000 0.000000 0.000000 0.009812 0.085249 0.000000 0.000013 0.000000 0.000000 0.000000 0.000000 0.000000 0.000001 0.000089 0.000002 0.000028 0.000004 0.000000 0.000000 0.000000 0.011987 0.000000 0.000000 0.000000 0.000000 0.000000 0.016352 0.000000 0.000000 0.035982 0.000020 0.000009 0.000008 0.000000 0.000000 0.000000 0.000000 0.000002 0.000000 0.000004 0.000001 0.000000 0.000000 0.000000 0.000000 0.000002 0.000000 0.000000 0.000000 0.000000 0.011395 0.000000 0.035740 0.000000 0.000008 0.000000 0.000022 0.000000 0.000000 0.000000 0.000000 0.000001 0.000000 0.000001 0.000002 0.000000 0.000000 0.027305 0.000000 0.000007 0.226176 0.000000 0.000012 0.123695 0.000000 0.000000 0.374526 0.000002 0.000078 0.000001 0.000034 0.000000 0.000000 0.000000 0.000000 0.000007 0.008409 0.000003 0.000003 0.000000 0.000000 0.033008 0.000000 
0.000000 0.000000 0.000000 0.000000 0.000000 0.000000 0.000000 0.000000 0.006804 0.003203 0.003123 0.003107 0.000000 0.000000 0.000566 0.000000 0.001265 0.000343 0.000516 0.001563 0.000000 0.000000 0.000357 0.000000 0.000000 0.000000 0.000000 0.000000 0.000000 0.000000 0.000000 0.000000 0.015645 0.004041 0.004497 0.008018 0.000000 0.000000 0.000000 0.000598 0.000608 0.000000 0.000000 0.000000 0.000000 0.000000 0.000000 0.000000 0.000392 0.000000 0.000000 0.000000 0.000000 0.000000 0.000000 0.000000 0.007616 0.001991 0.000000 0.002757 0.000000 0.000000 0.000000 0.000000 0.000000 0.000000 0.000000 0.000072 0.000100 0.000000 0.000000 0.000000 0.015277 0.006033 0.002286 0.011064 0.037138 0.000000 0.001719 0.067205 0.428770 0.083829 0.047414 0.231067 0.000000 0.000000 0.000000 0.000000 0.000000 0.000000 0.000343 0.000673 0.000000 0.000000 0.000000 0.000000 
0.000000 0.000000 0.000000 0.000140 0.000000 0.000000 0.000000 0.000000 0.000000 0.019600 0.000000 0.004789 0.000740 0.000788 0.000914 0.003366 0.000175 0.000000 0.000713 0.000625 0.000000 0.000000 0.000381 0.000000 0.000591 0.000345 0.000000 0.001263 0.000000 0.000000 0.000000 0.000000 0.076048 0.101314 0.020940 0.080966 0.000000 0.001094 0.000742 0.001432 0.000966 0.000710 0.000000 0.004403 0.000000 0.000816 0.000711 0.001337 0.000000 0.000000 0.000000 0.000000 0.000000 0.000000 0.000000 0.000000 0.000000 0.021117 0.000886 0.016953 0.000000 0.000000 0.000577 0.000000 0.000000 0.000000 0.000000 0.007713 0.000000 0.000000 0.001810 0.000932 0.000809 0.001869 0.000000 0.000959 0.000000 0.001098 0.000000 0.000000 0.119669 0.294856 0.101027 0.085160 0.000911 0.000673 0.001253 0.004898 0.002259 0.001389 0.002070 0.002021 0.000000 0.001020 0.001094 0.001068 
0.000000 0.000000 0.245281 0.000000 0.138092 0.000000 0.000000 0.000000 0.009273 0.000000 0.000000 0.315464 0.036993 0.082875 0.017113 0.000000 0.120481 0.034428 
0.000000 0.000000 0.002228 0.000000 0.011688 0.000000 0.000000 0.000000 0.000000 0.000000 0.000000 0.000000 0.000000 0.003514 0.007155 0.007813 0.967602 0.000000 
0.071647 0.060379 0.446314 0.000000 0.063284 0.000000 0.000000 0.000000 0.000000 0.000000 0.208551 0.000000 0.053169 0.070026 0.000000 0.000000 0.026630 0.000000 
0.000000 0.005487 0.035132 0.000000 0.028585 0.005389 0.289666 0.000000 0.000000 0.000000 0.029428 0.000000 0.000000 0.000000 0.000000 0.000000 0.022006 0.584307 
0.000000 0.000000 0.003376 0.000000 0.006759 0.000000 0.920821 0.000000 0.000000 0.000000 0.000000 0.027939 0.000000 0.024430 0.000000 0.000000 0.000000 0.016675 
0.000000 0.000000 0.117973 0.000000 0.000000 0.000000 0.000000 0.000000 0.000000 0.000000 0.067806 0.000000 0.000000 0.254301 0.394562 0.000000 0.014143 0.151215 
0.000000 0.017743 0.202746 0.000000 0.635013 0.000000 0.000000 0.000000 0.000000 0.000000 0.000000 0.010146 0.000000 0.000000 0.134352 0.000000 0.000000 0.000000 
0.076425 0.032149 0.203807 0.000000 0.000000 0.000000 0.000000 0.000000 0.015657 0.000000 0.326717 0.000000 0.000000 0.000000 0.000000 0.000000 0.309204 0.036040 
0.000000 0.242633 0.367606 0.000000 0.022465 0.019726 0.015063 0.000000 0.000000 0.026933 0.087861 0.000000 0.000000 0.024159 0.041178 0.000000 0.152375 0.000000 
0.000000 0.035144 0.266820 0.000000 0.190600 0.000000 0.025891 0.000000 0.000000 0.000000 0.000000 0.025686 0.057915 0.341146 0.015414 0.000000 0.000000 0.041384 
0.018623 0.000000 0.037837 0.000000 0.041817 0.000000 0.856099 0.000000 0.000000 0.000000 0.000000 0.000000 0.000000 0.000000 0.044037 0.001588 0.000000 0.000000 
0.000000 0.287996 0.296107 0.000000 0.009622 0.000000 0.049109 0.000000 0.000000 0.000000 0.000000 0.000000 0.000000 0.318849 0.028273 0.000000 0.010043 0.000000 
0.027449 0.084228 0.634447 0.000000 0.153127 0.000000 0.000000 0.000000 0.000000 0.000000 0.000000 0.007476 0.084462 0.000000 0.008810 0.000000 0.000000 0.000000 
0.000000 0.014804 0.190101 0.000000 0.000000 0.000000 0.029660 0.000000 0.000000 0.000000 0.057767 0.142917 0.000000 0.063795 0.500957 0.000000 0.000000 0.000000 
0.000000 0.000000 0.161302 0.000000 0.374999 0.009134 0.000000 0.000000 0.010959 0.000000 0.000000 0.233624 0.011953 0.000000 0.000000 0.000000 0.016401 0.181628 
0.010811 0.130727 0.227003 0.000000 0.000000 0.000000 0.381796 0.008063 0.000000 0.000000 0.221872 0.019728 0.000000 0.000000 0.000000 0.000000 0.000000 0.000000 
0.000000 0.000000 0.066087 0.000000 0.013055 0.000000 0.914530 0.000000 0.000000 0.000000 0.000000 0.000000 0.000000 0.000000 0.000000 0.000000 0.006328 0.000000 
0.000000 0.045576 0.219217 0.000000 0.291256 0.000000 0.000000 0.000000 0.000000 0.000000 0.064298 0.000000 0.000000 0.000000 0.379652 0.000000 0.000000 0.000000 
0.000000 0.000000 0.008685 0.011364 0.024046 0.000000 0.004165 0.000000 0.000000 0.000000 0.000000 0.000000 0.000000 0.038078 0.002902 0.000000 0.009587 0.901173 
0.000000 0.000000 0.222020 0.000000 0.239158 0.000000 0.000000 0.000000 0.000000 0.000000 0.083055 0.000000 0.000000 0.000000 0.447790 0.000000 0.007978 0.000000 
0.000000 0.000000 0.254322 0.000000 0.085408 0.000000 0.000000 0.000000 0.000000 0.000000 0.000000 0.000000 0.030093 0.023080 0.144119 0.000000 0.462978 0.000000 
0.000000 0.000000 0.053689 0.000000 0.025506 0.000000 0.577801 0.000000 0.004732 0.000000 0.000000 0.189396 0.000000 0.039128 0.081204 0.000000 0.028544 0.000000 
0.000000 0.000000 0.486717 0.000000 0.000000 0.000000 0.000000 0.000000 0.000000 0.000000 0.044755 0.000000 0.060456 0.018211 0.389861 0.000000 0.000000 0.000000 
0.000000 0.242384 0.338266 0.000000 0.343559 0.000000 0.000000 0.000000 0.000000 0.000000 0.000000 0.000000 0.000000 0.010984 0.029904 0.000000 0.000000 0.034903 
0.000000 0.000000 0.007962 0.008674 0.000000 0.000000 0.334790 0.000000 0.000000 0.000000 0.000000 0.000000 0.000000 0.000000 0.000000 0.000000 0.016963 0.631611 
0.070595 0.025256 0.153929 0.000000 0.000000 0.000000 0.000000 0.016796 0.004781 0.028989 0.261416 0.257243 0.000000 0.138077 0.000000 0.000000 0.015895 0.027024 
0.000000 0.000000 0.049253 0.000000 0.000000 0.000000 0.000000 0.000000 0.000000 0.000000 0.023648 0.006085 0.000000 0.000000 0.111427 0.000000 0.000000 0.809587 
0.000000 0.000000 0.121672 0.000000 0.237850 0.000000 0.262626 0.000000 0.000000 0.000000 0.000000 0.165743 0.000000 0.000000 0.000000 0.000000 0.000000 0.212108 
0.000000 0.031949 0.149610 0.000000 0.000000 0.000000 0.000000 0.000000 0.000000 0.000000 0.083785 0.000000 0.000000 0.000000 0.280412 0.000000 0.000000 0.454244 
0.000000 0.000000 0.038595 0.000000 0.112220 0.000000 0.206260 0.000000 0.000000 0.000000 0.000000 0.000000 0.000000 0.000000 0.005788 0.000000 0.000000 0.637136 
0.000000 0.029676 0.059687 0.000000 0.000000 0.000000 0.000000 0.000000 0.000000 0.000000 0.000000 0.000000 0.014248 0.000000 0.122724 0.000000 0.773665 0.000000 
0.000000 0.049752 0.518281 0.000000 0.000000 0.006294 0.000000 0.000000 0.000000 0.000000 0.000000 0.007026 0.092924 0.000000 0.019415 0.000000 0.000000 0.306307 
0.121499 0.021992 0.240994 0.000000 0.000000 0.000000 0.000000 0.023053 0.016549 0.000000 0.544382 0.000000 0.011988 0.019542 0.000000 0.000000 0.000000 0.000000 
0.087408 0.000000 0.184807 0.000000 0.000000 0.000000 0.330566 0.016705 0.007640 0.000000 0.349244 0.000000 0.000000 0.000000 0.000000 0.000000 0.023629 0.000000 
0.000000 0.000000 0.002951 0.000000 0.000000 0.011079 0.000000 0.000000 0.000000 0.000000 0.000000 0.000000 0.000000 0.000000 0.000000 0.000000 0.010406 0.975564 
0.024527 0.004561 0.026528 0.000000 0.006911 0.000000 0.006418 0.000000 0.000000 0.025016 0.000000 0.000000 0.000000 0.771513 0.000000 0.000000 0.000000 0.134526 
0.000000 0.024861 0.342934 0.000000 0.000000 0.000000 0.000000 0.000000 0.000000 0.053654 0.000000 0.470115 0.035995 0.063136 0.000000 0.000000 0.009304 0.000000 
0.103426 0.000000 0.178437 0.000000 0.000000 0.000000 0.235655 0.009935 0.014495 0.000000 0.431037 0.000000 0.000000 0.019247 0.000000 0.000000 0.007768 0.000000 
0.000000 0.340016 0.373241 0.000000 0.062161 0.000000 0.000000 0.000000 0.000000 0.000000 0.000000 0.000000 0.000000 0.000000 0.041533 0.000000 0.000000 0.183050 
0.000000 0.107658 0.233193 0.000000 0.000000 0.000000 0.000000 0.000000 0.000000 0.024472 0.000000 0.564683 0.000000 0.027259 0.030033 0.012702 0.000000 0.000000 
0.000000 0.000000 0.530055 0.000000 0.000000 0.000000 0.000000 0.000000 0.000000 0.000000 0.030036 0.068195 0.082128 0.136371 0.041541 0.000000 0.111675 0.000000 
0.043731 0.266085 0.314018 0.000000 0.033722 0.000000 0.000000 0.009994 0.000000 0.000000 0.000000 0.279231 0.000000 0.000000 0.038672 0.000000 0.014546 0.000000 
0.033051 0.000000 0.221832 0.000000 0.000000 0.000000 0.010082 0.004311 0.000000 0.024632 0.077346 0.000000 0.022484 0.000000 0.600257 0.000000 0.006005 0.000000 
0.000000 0.000000 0.671585 0.000000 0.155891 0.006525 0.000000 0.000000 0.000000 0.000000 0.000000 0.000000 0.072383 0.026844 0.066771 0.000000 0.000000 0.000000 
0.018552 0.000000 0.049815 0.000000 0.000000 0.000000 0.000000 0.000000 0.000000 0.010900 0.000000 0.152305 0.000000 0.000000 0.030397 0.011694 0.726337 0.000000 
0.000000 0.000000 0.019231 0.000000 0.000000 0.000000 0.040648 0.000000 0.000000 0.000000 0.020691 0.000000 0.000000 0.036868 0.000000 0.000000 0.241239 0.641324 
0.000000 0.000000 0.129688 0.000000 0.189011 0.000000 0.000000 0.000000 0.000000 0.013827 0.028182 0.260646 0.000000 0.066523 0.043287 0.000000 0.085803 0.183033 
0.000000 0.348810 0.515528 0.000000 0.000000 0.000000 0.000000 0.000000 0.004821 0.000000 0.000000 0.000000 0.045502 0.042461 0.042879 0.000000 0.000000 0.000000 
0.000000 0.000000 0.498900 0.000000 0.000000 0.000000 0.021589 0.000000 0.007803 0.000000 0.054397 0.260155 0.106575 0.050580 0.000000 0.000000 0.000000 0.000000 
0.000000 0.238780 0.346894 0.000000 0.099280 0.000000 0.000000 0.000000 0.000000 0.000000 0.071800 0.000000 0.000000 0.000000 0.243247 0.000000 0.000000 0.000000 
0.000000 0.000000 0.732848 0.000000 0.000000 0.000000 0.031918 0.000000 0.000000 0.000000 0.000000 0.041213 0.086208 0.000000 0.037067 0.000000 0.009109 0.061636 
0.000000 0.000000 0.070001 0.000000 0.345374 0.000000 0.081786 0.000000 0.000000 0.000000 0.000000 0.000000 0.000000 0.481564 0.000000 0.000000 0.021276 0.000000 
0.021148 0.000000 0.057970 0.000000 0.159547 0.000000 0.092934 0.000000 0.000000 0.000000 0.000000 0.017923 0.000000 0.000000 0.000000 0.000000 0.650478 0.000000 
0.000000 0.008356 0.011853 0.000000 0.000000 0.000000 0.023742 0.000000 0.000000 0.000000 0.021920 0.000000 0.000000 0.000000 0.007527 0.000000 0.062203 0.864399 
0.000000 0.000000 0.195416 0.000000 0.783736 0.000000 0.000000 0.000000 0.000000 0.000000 0.000000 0.020848 0.000000 0.000000 0.000000 0.000000 0.000000 0.000000 
0.000000 0.000000 0.244856 0.000000 0.751824 0.000000 0.000000 0.000000 0.003320 0.000000 0.000000 0.000000 0.000000 0.000000 0.000000 0.000000 0.000000 0.000000 
0.000000 0.000000 0.057276 0.000000 0.000000 0.000000 0.004758 0.000000 0.000000 0.000000 0.010551 0.000000 0.000000 0.912772 0.000000 0.000000 0.014643 0.000000 
0.110257 0.049876 0.239808 0.000000 0.000000 0.000000 0.039795 0.013699 0.011115 0.063337 0.439769 0.000000 0.000000 0.032345 0.000000 0.000000 0.000000 0.000000 
0.000000 0.000000 0.013936 0.000000 0.000000 0.008336 0.000000 0.000000 0.000000 0.000000 0.000000 0.004193 0.000000 0.000000 0.000000 0.000000 0.003573 0.969962 
0.124836 0.000000 0.207190 0.000000 0.000000 0.000000 0.000000 0.009203 0.025718 0.000000 0.470111 0.162942 0.000000 0.000000 0.000000 0.000000 0.000000 0.000000 
0.000000 0.019555 0.054880 0.000000 0.011973 0.000000 0.747514 0.000000 0.000000 0.022166 0.000000 0.141006 0.000000 0.000000 0.000000 0.000000 0.002907 0.000000 
0.000000 0.000000 0.002393 0.000000 0.000000 0.000000 0.000000 0.000000 0.000000 0.006680 0.000000 0.025720 0.000000 0.965206 0.000000 0.000000 0.000000 0.000000 
0.047700 0.014983 0.312178 0.000000 0.012679 0.000000 0.079333 0.000000 0.000000 0.000000 0.171579 0.006451 0.000000 0.000000 0.346921 0.000000 0.008176 0.000000 
0.000000 0.154454 0.261829 0.000000 0.000000 0.000000 0.000000 0.000000 0.000000 0.000000 0.000000 0.422224 0.000000 0.017673 0.066275 0.008305 0.011885 0.057356 
0.000000 0.332998 0.376144 0.000000 0.247454 0.000000 0.000000 0.002104 0.000000 0.000000 0.000000 0.000000 0.022376 0.000000 0.018923 0.000000 0.000000 0.000000 
0.097671 0.048603 0.197344 0.000000 0.000000 0.000000 0.000000 0.000000 0.004974 0.046782 0.256019 0.000000 0.019634 0.073114 0.255860 0.000000 0.000000 0.000000 
0.000000 0.000000 0.010438 0.000000 0.013290 0.000000 0.955455 0.000000 0.000000 0.000000 0.000000 0.000000 0.000000 0.000000 0.000000 0.000000 0.000000 0.020817 
0.000000 0.000000 0.441095 0.000000 0.357818 0.000000 0.009626 0.000000 0.000000 0.000000 0.044772 0.000000 0.052612 0.075398 0.000000 0.000000 0.018678 0.000000 
0.031928 0.255506 0.259318 0.000000 0.017365 0.000000 0.000000 0.000000 0.000000 0.000000 0.000000 0.000000 0.000000 0.000000 0.117968 0.000000 0.317914 0.000000 
0.018733 0.000000 0.159373 0.000000 0.470136 0.000000 0.000000 0.000000 0.000000 0.000000 0.000000 0.000000 0.011611 0.000000 0.263675 0.000000 0.000000 0.076472 
0.064550 0.022344 0.183081 0.000000 0.000000 0.000000 0.000000 0.000000 0.007087 0.000000 0.209437 0.153759 0.000000 0.000000 0.016149 0.000000 0.343594 0.000000 
0.000000 0.000000 0.100641 0.026058 0.352684 0.000000 0.000000 0.000000 0.000000 0.000000 0.081440 0.433873 0.000000 0.000000 0.000000 0.005305 0.000000 0.000000 
0.000000 0.028854 0.224712 0.000000 0.000000 0.000000 0.040481 0.000000 0.000000 0.000000 0.035481 0.114177 0.040650 0.000000 0.515646 0.000000 0.000000 0.000000 
0.000000 0.026917 0.043756 0.000000 0.011103 0.000000 0.688121 0.000000 0.000000 0.000000 0.073761 0.000000 0.000000 0.156342 0.000000 0.000000 0.000000 0.000000 
0.000000 0.014503 0.103916 0.000000 0.000000 0.000000 0.000000 0.000000 0.000000 0.000000 0.000000 0.000000 0.000000 0.547028 0.166679 0.000000 0.167874 0.000000 
0.000000 0.000000 0.009154 0.000000 0.000000 0.000000 0.990846 0.000000 0.000000 0.000000 0.000000 0.000000 0.000000 0.000000 0.000000 0.000000 0.000000 0.000000 
0.072539 0.000000 0.133928 0.000000 0.057212 0.000000 0.044805 0.000000 0.006919 0.027787 0.272719 0.213194 0.000000 0.000000 0.000000 0.000000 0.014094 0.156803 
0.000000 0.000000 0.571030 0.000000 0.000000 0.003206 0.000000 0.000000 0.000000 0.043289 0.000000 0.235717 0.046529 0.000000 0.035070 0.000000 0.000000 0.065159 
0.032031 0.000000 0.630967 0.000000 0.068596 0.000000 0.000000 0.000000 0.000000 0.000000 0.000000 0.000000 0.087922 0.000000 0.000000 0.000000 0.180484 0.000000 
0.000000 0.007032 0.028849 0.000000 0.000000 0.000000 0.029125 0.000000 0.000000 0.000000 0.000000 0.000000 0.000000 0.672065 0.000000 0.000000 0.262928 0.000000 
0.108548 0.049926 0.228046 0.000000 0.000000 0.000000 0.000000 0.018158 0.014398 0.000000 0.423621 0.033208 0.000000 0.124096 0.000000 0.000000 0.000000 0.000000 
0.000000 0.009271 0.108305 0.000000 0.000000 0.000000 0.012010 0.000000 0.000000 0.024348 0.000000 0.328240 0.000000 0.517827 0.000000 0.000000 0.000000 0.000000 
0.000000 0.000000 0.012211 0.000000 0.026423 0.000000 0.950289 0.000000 0.000000 0.000000 0.000000 0.000000 0.000000 0.011077 0.000000 0.000000 0.000000 0.000000 
0.000000 0.033657 0.178517 0.000000 0.076382 0.000000 0.000000 0.000000 0.000000 0.000000 0.060436 0.000000 0.000000 0.024496 0.351303 0.000000 0.000000 0.275210 
0.000000 0.000000 0.165017 0.000000 0.000000 0.010873 0.000000 0.000000 0.000000 0.000000 0.000000 0.005142 0.031369 0.000000 0.013283 0.000000 0.007431 0.766884 
0.000000 0.000000 0.130399 0.000000 0.256139 0.009797 0.000000 0.000000 0.008497 0.000000 0.000000 0.000000 0.000000 0.000000 0.067019 0.000000 0.000000 0.528148 
0.049251 0.033414 0.115407 0.000000 0.000000 0.000000 0.000000 0.000000 0.005599 0.000000 0.000000 0.669271 0.000000 0.090649 0.030765 0.005642 0.000000 0.000000 
0.000000 0.000000 0.095473 0.000000 0.000000 0.000000 0.000000 0.000000 0.005045 0.000000 0.031904 0.581930 0.010435 0.020769 0.000000 0.004953 0.000000 0.249490 
0.000000 0.033962 0.062416 0.000000 0.000000 0.000000 0.425742 0.000000 0.000000 0.011468 0.000000 0.000000 0.025092 0.211389 0.103963 0.000000 0.125968 0.000000 
0.000000 0.000000 0.188900 0.000000 0.391428 0.000000 0.000000 0.000000 0.000000 0.000000 0.000000 0.000000 0.016363 0.000000 0.232748 0.000000 0.021503 0.149058 
0.124627 0.000000 0.291596 0.000000 0.000000 0.000000 0.000000 0.018920 0.009985 0.000000 0.501439 0.000000 0.000000 0.000000 0.000000 0.000000 0.033939 0.019494 
0.000000 0.000000 0.028429 0.000000 0.009156 0.000000 0.044607 0.000000 0.000000 0.006282 0.030779 0.000000 0.000000 0.000000 0.000000 0.000000 0.817074 0.063673 
0.000000 0.000000 0.093732 0.000000 0.014341 0.009678 0.000000 0.000000 0.004180 0.000000 0.000000 0.426467 0.000000 0.000000 0.134709 0.000000 0.000000 0.316894 
0.000000 0.012309 0.080575 0.000000 0.000000 0.000000 0.679349 0.000000 0.000000 0.000000 0.047828 0.000000 0.000000 0.000000 0.155599 0.000000 0.000000 0.024340 
0.000000 0.000000 0.038147 0.000000 0.011797 0.000000 0.000000 0.000000 0.000000 0.017376 0.000000 0.000000 0.000000 0.008237 0.062535 0.000000 0.861908 0.000000 
0.000000 0.000000 0.132058 0.000000 0.000000 0.003682 0.000000 0.000000 0.003217 0.000000 0.044610 0.672478 0.000000 0.082126 0.046331 0.000000 0.015498 0.000000 
0.045877 0.169739 0.571125 0.000000 0.000000 0.000000 0.000000 0.000000 0.000000 0.000000 0.052390 0.024174 0.054958 0.000000 0.055191 0.000000 0.026547 0.000000 
0.000000 0.000000 0.150121 0.010535 0.000000 0.000000 0.000000 0.000000 0.004338 0.000000 0.022813 0.762914 0.000000 0.020592 0.028687 0.000000 0.000000 0.000000 
0.017891 0.000000 0.057816 0.000000 0.000000 0.000000 0.199474 0.007639 0.000000 0.000000 0.119721 0.000000 0.000000 0.591938 0.000000 0.000000 0.005521 0.000000 
0.000000 0.000000 0.338929 0.000000 0.164109 0.000000 0.008703 0.000000 0.000000 0.000000 0.000000 0.003352 0.015471 0.000000 0.000000 0.000000 0.448177 0.021258 
0.000000 0.000000 0.184633 0.000000 0.406899 0.000000 0.033190 0.000000 0.000000 0.000000 0.000000 0.071760 0.000000 0.024431 0.053517 0.010483 0.215087 0.000000 
0.032585 0.000000 0.513473 0.000000 0.032220 0.000000 0.000000 0.000000 0.000000 0.000000 0.081151 0.000000 0.089781 0.000000 0.117674 0.000000 0.000000 0.133117 
0.064235 0.057744 0.246262 0.000000 0.000000 0.000000 0.000000 0.000000 0.006876 0.000000 0.353112 0.000000 0.000000 0.011828 0.253112 0.000000 0.000000 0.006832 
0.000000 0.000000 0.377828 0.000000 0.000000 0.000000 0.080821 0.000000 0.000000 0.044230 0.042668 0.000000 0.052226 0.000000 0.393680 0.000000 0.008548 0.000000 
0.000000 0.386426 0.380655 0.000000 0.039246 0.000000 0.059275 0.001285 0.000000 0.000000 0.000000 0.000000 0.000000 0.000000 0.039808 0.020941 0.000000 0.072364 
0.000000 0.010375 0.020574 0.000000 0.006327 0.000000 0.005257 0.000000 0.000000 0.011691 0.000000 0.000000 0.000000 0.000000 0.000000 0.000000 0.000000 0.945776 
0.011300 0.000000 0.087386 0.000000 0.000000 0.000000 0.186269 0.000000 0.000000 0.000000 0.000000 0.000000 0.000000 0.433585 0.281460 0.000000 0.000000 0.000000 
0.072187 0.000000 0.484042 0.000000 0.000000 0.000000 0.017357 0.010136 0.017848 0.000000 0.308676 0.000000 0.070223 0.019531 0.000000 0.000000 0.000000 0.000000 
0.000000 0.000000 0.007922 0.011883 0.000000 0.002314 0.000000 0.000000 0.000000 0.000000 0.031346 0.012279 0.000000 0.000000 0.000000 0.000000 0.003499 0.930758 
0.000000 0.000000 0.097835 0.000000 0.049833 0.000000 0.344007 0.000000 0.000000 0.000000 0.000000 0.027059 0.009629 0.000000 0.000000 0.000000 0.000000 0.471636 
0.110584 0.076852 0.258483 0.000000 0.000000 0.000000 0.103959 0.019527 0.010061 0.000000 0.385086 0.019269 0.016177 0.000000 0.000000 0.000000 0.000000 0.000000 
0.117269 0.000000 0.182330 0.000000 0.000000 0.000000 0.041986 0.011094 0.009343 0.000000 0.388979 0.086417 0.000000 0.000000 0.018176 0.000000 0.144407 0.000000 
0.130586 0.000000 0.231042 0.000000 0.000000 0.000000 0.000000 0.021390 0.009297 0.000000 0.493166 0.000000 0.000000 0.100611 0.000000 0.013907 0.000000 0.000000 
0.000000 0.000000 0.119324 0.000000 0.175109 0.000000 0.000000 0.000000 0.009000 0.014961 0.000000 0.484295 0.000000 0.197311 0.000000 0.000000 0.000000 0.000000 
0.000000 0.000000 0.017483 0.000000 0.000000 0.000000 0.000000 0.000000 0.000000 0.000000 0.000000 0.007755 0.000000 0.000000 0.000000 0.007987 0.966776 0.000000 
0.017253 0.000000 0.233034 0.000000 0.431424 0.000000 0.000000 0.008154 0.000000 0.020289 0.121310 0.150938 0.017598 0.000000 0.000000 0.000000 0.000000 0.000000 
0.000000 0.000000 0.083418 0.027790 0.034811 0.000000 0.000000 0.000000 0.008292 0.000000 0.000000 0.733998 0.000000 0.028225 0.019251 0.000000 0.016303 0.047912 
0.011689 0.000000 0.096010 0.015588 0.000000 0.000000 0.119307 0.000000 0.011442 0.024280 0.000000 0.623536 0.000000 0.059329 0.000000 0.000000 0.000000 0.038819 
0.000000 0.146161 0.262432 0.000000 0.019861 0.000000 0.000000 0.000000 0.000000 0.000000 0.000000 0.090579 0.000000 0.440033 0.033892 0.007041 0.000000 0.000000 
0.000000 0.000000 0.014679 0.000000 0.000000 0.002976 0.000000 0.000000 0.004174 0.000000 0.000000 0.000000 0.000000 0.075070 0.003552 0.000000 0.000000 0.899550 
0.000000 0.000000 0.200931 0.000000 0.000000 0.000000 0.029705 0.000000 0.000000 0.010739 0.000000 0.621433 0.000000 0.015186 0.098240 0.000000 0.000000 0.023765 
0.000000 0.000000 0.192130 0.000000 0.628152 0.000000 0.179717 0.000000 0.000000 0.000000 0.000000 0.000000 0.000000 0.000000 0.000000 0.000000 0.000000 0.000000 
0.022343 0.000000 0.130366 0.000000 0.000000 0.009698 0.000000 0.000000 0.001830 0.000000 0.000000 0.000000 0.013030 0.000000 0.005374 0.000000 0.000000 0.817359 
0.000000 0.375776 0.354454 0.000000 0.019639 0.000000 0.189295 0.000000 0.000000 0.000000 0.000000 0.015155 0.000000 0.000000 0.033576 0.000000 0.000000 0.012104 
0.000000 0.000000 0.079859 0.000000 0.008376 0.000000 0.685083 0.000000 0.000000 0.000000 0.020838 0.048521 0.010107 0.000000 0.000000 0.000000 0.147216 0.000000 
0.000000 0.008361 0.016333 0.000000 0.000000 0.005121 0.513939 0.000000 0.000000 0.000000 0.000000 0.012124 0.000000 0.000000 0.000000 0.000000 0.006025 0.438097 
0.059933 0.078997 0.232746 0.000000 0.037034 0.000000 0.000000 0.000000 0.006517 0.021956 0.000000 0.393519 0.038355 0.114829 0.000000 0.000000 0.016113 0.000000 
0.091977 0.040476 0.137662 0.000000 0.041449 0.000000 0.239389 0.007795 0.000000 0.000000 0.289445 0.044600 0.000000 0.000000 0.000000 0.000000 0.107206 0.000000 
0.100704 0.000000 0.180003 0.000000 0.000000 0.007499 0.339201 0.000000 0.018711 0.000000 0.353882 0.000000 0.000000 0.000000 0.000000 0.000000 0.000000 0.000000 
0.000000 0.000000 0.299994 0.000000 0.457817 0.000000 0.178080 0.000000 0.000000 0.000000 0.035335 0.000000 0.028774 0.000000 0.000000 0.000000 0.000000 0.000000 
0.000000 0.098037 0.230489 0.000000 0.019560 0.000000 0.000000 0.000000 0.000000 0.020791 0.113402 0.000000 0.034969 0.009938 0.000000 0.000000 0.449083 0.023731 
0.000000 0.014663 0.221442 0.000000 0.000000 0.000000 0.000000 0.000000 0.000000 0.016906 0.000000 0.022547 0.044842 0.591970 0.000000 0.015415 0.072215 0.000000 
0.027670 0.000000 0.655527 0.000000 0.000000 0.000000 0.000000 0.000000 0.000000 0.000000 0.000000 0.024938 0.116872 0.000000 0.000000 0.000000 0.095273 0.079719 
0.112762 0.049640 0.228130 0.000000 0.000000 0.000000 0.000000 0.020877 0.019457 0.000000 0.504073 0.000000 0.007870 0.016405 0.000000 0.000000 0.040784 0.000000 
0.000000 0.000000 0.652985 0.000000 0.037846 0.000000 0.000000 0.000000 0.000000 0.026959 0.000000 0.105232 0.107837 0.000000 0.065095 0.000000 0.004045 0.000000 
0.045533 0.082185 0.278070 0.000000 0.552449 0.000000 0.000000 0.000000 0.017668 0.000000 0.000000 0.000000 0.000000 0.000000 0.019153 0.000000 0.004942 0.000000 
0.090649 0.043446 0.174959 0.000000 0.173823 0.000000 0.000000 0.000000 0.010026 0.000000 0.155432 0.038912 0.000000 0.197849 0.000000 0.000000 0.000000 0.114903 
0.012576 0.000000 0.659998 0.000000 0.000000 0.000000 0.109189 0.000000 0.000000 0.000000 0.038954 0.000000 0.080906 0.036294 0.062084 0.000000 0.000000 0.000000 
0.075820 0.000000 0.155691 0.014233 0.000000 0.015102 0.230050 0.000000 0.014180 0.000000 0.319123 0.000000 0.000000 0.000000 0.017696 0.000000 0.000000 0.158105 
0.095682 0.038409 0.242760 0.000000 0.000000 0.000000 0.000000 0.012481 0.013078 0.038425 0.390385 0.000000 0.000000 0.043613 0.000000 0.000000 0.125168 0.000000 
0.026489 0.000000 0.062870 0.000000 0.000000 0.012056 0.000000 0.004660 0.000000 0.000000 0.097906 0.000000 0.000000 0.000000 0.017842 0.007525 0.060075 0.710579 
0.000000 0.044970 0.102298 0.000000 0.000000 0.015849 0.027827 0.000000 0.000000 0.000000 0.036339 0.000000 0.000000 0.000000 0.000000 0.013981 0.000000 0.758736 
0.000000 0.000000 0.023249 0.000000 0.000000 0.000000 0.000000 0.000000 0.000000 0.019686 0.000000 0.000000 0.000000 0.336720 0.000000 0.000000 0.019293 0.601053 
0.000000 0.158865 0.299191 0.000000 0.000000 0.000000 0.000000 0.003561 0.000000 0.000000 0.000000 0.000000 0.000000 0.041939 0.496443 0.000000 0.000000 0.000000 
0.000000 0.000000 0.202545 0.000000 0.367421 0.000000 0.000000 0.000000 0.000000 0.000000 0.000000 0.221203 0.000000 0.000000 0.166611 0.000000 0.015048 0.027171 
0.039503 0.033426 0.149296 0.000000 0.000000 0.000000 0.000000 0.005584 0.000000 0.000000 0.185005 0.000000 0.014522 0.000000 0.314096 0.000000 0.258568 0.000000 
0.000000 0.000000 0.303681 0.000000 0.000000 0.000000 0.000000 0.000000 0.000000 0.000000 0.057941 0.126176 0.000000 0.000000 0.461507 0.000000 0.050696 0.000000 
0.000000 0.051188 0.385063 0.000000 0.000000 0.000000 0.016157 0.000000 0.000000 0.031730 0.048985 0.018708 0.047263 0.000000 0.400906 0.000000 0.000000 0.000000 
0.000000 0.230792 0.285590 0.016389 0.121625 0.000000 0.000000 0.000000 0.000000 0.045379 0.000000 0.268251 0.000000 0.000000 0.031974 0.000000 0.000000 0.000000 
