-3846888.472858
0
0.007317 0.006254 0.001228 0.003579 0.000000 0.002641 0.000000 0.001834 0.032362 0.015078 0.201627 0.011400 0.003324 0.001310 0.000000 0.006562 0.013811 0.005698 0.009164 0.008526 0.001549 0.001862 0.000650 0.003979 0.003885 0.005873 0.000000 0.004353 0.000000 0.000000 0.000000 0.000000 0.019962 0.020598 0.109311 0.018156 0.000000 0.000000 0.000000 0.000000 0.004065 0.003899 0.006420 0.004987 0.000000 0.002136 0.001194 0.002410 0.005743 0.004788 0.000000 0.002678 0.000000 0.001964 0.000000 0.000000 0.028278 0.032239 0.119178 0.018088 0.000000 0.000000 0.000000 0.000000 0.012267 0.005683 0.004736 0.010324 0.000000 0.000000 0.000000 0.000000 0.010220 0.008976 0.002329 0.011316 0.001505 0.000000 0.000000 0.000000 0.015587 0.017870 0.087213 0.013747 0.003909 0.000864 0.000000 0.000000 0.006849 0.004772 0.009051 0.006017 0.000779 0.000824 0.001935 0.003269 
0.000000 0.000000 0.000000 0.012022 0.000412 0.000000 0.000000 0.000000 0.000000 0.002079 0.000000 0.006920 0.000000 0.000000 0.000000 0.001642 0.002953 0.000000 0.000000 0.005860 0.000000 0.004959 0.001893 0.016276 0.003689 0.000000 0.000000 0.013892 0.000000 0.000000 0.000000 0.000000 0.001412 0.000069 0.006975 0.005375 0.000000 0.000000 0.000000 0.000000 0.000596 0.000000 0.000000 0.002492 0.003158 0.003030 0.002279 0.026584 0.001714 0.002677 0.000000 0.011401 0.000000 0.000327 0.000000 0.000559 0.000000 0.015738 0.018668 0.011765 0.000000 0.000000 0.000000 0.000000 0.009249 0.008828 0.002204 0.016950 0.000000 0.003317 0.000000 0.004109 0.032106 0.000001 0.000000 0.317755 0.000000 0.000000 0.000000 0.000000 0.006978 0.028467 0.204063 0.040085 0.000000 0.001497 0.000000 0.004148 0.004617 0.008866 0.003848 0.013755 0.006658 0.014051 0.001350 0.079680 
0.013097 0.008874 0.000000 0.006864 0.034970 0.018109 0.009289 0.033340 0.018861 0.010106 0.002253 0.012417 0.005655 0.004457 0.004028 0.000000 0.011611 0.011143 0.011336 0.014525 0.000000 0.001592 0.012034 0.010193 0.009514 0.010388 0.002401 0.004542 0.023637 0.017690 0.007239 0.036837 0.018194 0.009492 0.003794 0.016490 0.005621 0.007896 0.007463 0.009913 0.008939 0.016707 0.008468 0.012180 0.000000 0.008095 0.011535 0.008807 0.000000 0.004973 0.000000 0.006256 0.018955 0.013391 0.002241 0.026500 0.025183 0.012023 0.000000 0.013346 0.002457 0.003266 0.007626 0.003550 0.007973 0.005816 0.006490 0.005113 0.006619 0.009894 0.021531 0.006857 0.001114 0.014285 0.000000 0.000001 0.025133 0.031639 0.004496 0.050250 0.012102 0.019982 0.000000 0.008231 0.000000 0.008338 0.003394 0.007099 0.011096 0.014103 0.008295 0.010702 0.003383 0.008520 0.014317 0.012866 
0.000000 0.000000 0.000000 0.000525 0.000000 0.000000 0.000000 0.000482 0.000000 0.017830 0.000000 0.007326 0.001298 0.000000 0.001354 0.003870 0.000018 0.000000 0.001172 0.000000 0.000000 0.000000 0.000878 0.000000 0.001367 0.000758 0.000000 0.000000 0.000000 0.000431 0.000000 0.000488 0.066433 0.082943 0.016851 0.092636 0.000000 0.000000 0.001101 0.000000 0.000177 0.000000 0.000000 0.006442 0.000000 0.001590 0.001007 0.002136 0.000000 0.000000 0.000000 0.000000 0.000000 0.000542 0.000000 0.000000 0.000000 0.028832 0.000000 0.012563 0.000000 0.000000 0.000912 0.000944 0.000216 0.000000 0.000524 0.005121 0.000000 0.000215 0.002729 0.001376 0.001225 0.002710 0.000000 0.000922 0.000000 0.001422 0.000000 0.000000 0.127501 0.307873 0.078343 0.099478 0.001504 0.000000 0.001939 0.007344 0.003365 0.000000 0.000000 0.003282 0.000000 0.000000 0.000000 0.000005 
0.000000 0.000000 0.000000 0.000000 0.000000 0.000000 0.000000 0.000001 0.000000 0.000037 0.000000 0.000010 0.000000 0.000000 0.000000 0.000000 0.056101 0.000001 0.000007 0.000000 0.000000 0.000000 0.000000 0.000000 0.000001 0.000000 0.000000 0.000006 0.000000 0.000000 0.000000 0.000000 0.009549 0.019590 0.000061 0.000640 0.010307 0.000000 0.000000 0.000000 0.079310 0.000001 0.047609 0.000003 0.011823 0.014546 0.026333 0.055808 0.035859 0.000000 0.000000 0.000000 0.000000 0.011816 0.000000 0.000000 0.145835 0.000008 0.000000 0.015842 0.000000 0.000000 0.000000 0.000000 0.034068 0.052030 0.000001 0.000107 0.000000 0.000000 0.029199 0.000000 0.000006 0.000012 0.000000 0.000013 0.000000 0.000000 0.000000 0.000000 0.000301 0.006105 0.000000 0.004150 0.000000 0.000000 0.000000 0.000000 0.000001 0.000002 0.000001 0.039739 0.201737 0.019900 0.021285 0.050239 
0.000000 0.000000 0.000000 0.000000 0.000000 0.000000 0.000000 0.000728 0.006821 0.003235 0.002168 0.003014 0.000000 0.000000 0.000653 0.000000 0.001065 0.000335 0.000776 0.001623 0.000000 0.000000 0.000499 0.000661 0.000000 0.000000 0.000000 0.000000 0.000000 0.000199 0.000000 0.000000 0.015154 0.003810 0.004388 0.007990 0.000000 0.000434 0.000000 0.000619 0.000462 0.000172 0.000208 0.000220 0.000157 0.000000 0.000000 0.000000 0.000079 0.000000 0.000000 0.000000 0.000000 0.000000 0.000000 0.000272 0.007258 0.002085 0.000000 0.002816 0.000000 0.000000 0.000000 0.000000 0.000000 0.000000 0.000000 0.000187 0.000220 0.000000 0.000000 0.000191 0.015061 0.006534 0.002096 0.011794 0.037396 0.000000 0.001622 0.068221 0.426514 0.083322 0.047311 0.229773 0.000000 0.000000 0.000000 0.000000 0.000000 0.000276 0.000422 0.000893 0.000000 0.000000 0.000266 0.000004 
0.041078 0.038907 0.002731 0.038719 0.009306 0.004358 0.000000 0.009937 0.018900 0.005108 0.008237 0.023297 0.014690 0.014639 0.016532 0.027080 0.015855 0.007178 0.009395 0.022781 0.000000 0.000000 0.007382 0.000000 0.035531 0.026888 0.000964 0.032305 0.007271 0.007023 0.000000 0.008156 0.002012 0.002067 0.001984 0.020033 0.013557 0.021535 0.017430 0.030889 0.004394 0.011635 0.004497 0.010037 0.000000 0.001757 0.006728 0.000608 0.025775 0.015966 0.000000 0.025169 0.003436 0.002634 0.000000 0.006450 0.000000 0.000000 0.005030 0.004982 0.008734 0.009166 0.009939 0.021389 0.004768 0.005824 0.004528 0.008340 0.000000 0.000000 0.007214 0.004826 0.029828 0.017753 0.001112 0.040806 0.004332 0.003438 0.000000 0.005419 0.006751 0.003283 0.000000 0.011342 0.015702 0.013541 0.008924 0.032491 0.003826 0.005260 0.000000 0.008511 0.000000 0.002381 0.005493 0.002227 
0.000000 0.002294 0.000735 0.001816 0.001370 0.000000 0.000000 0.001708 0.031240 0.015993 0.057699 0.016760 0.000000 0.004456 0.000000 0.004850 0.005348 0.005267 0.027129 0.000000 0.000000 0.001541 0.000315 0.002338 0.011294 0.028126 0.011974 0.072861 0.000000 0.000000 0.000000 0.000171 0.005259 0.006743 0.084060 0.006905 0.000000 0.003160 0.000962 0.000983 0.006311 0.003801 0.033052 0.003004 0.000000 0.004019 0.006015 0.010759 0.001262 0.005567 0.002683 0.010859 0.000000 0.003141 0.000000 0.001795 0.073988 0.089008 0.142668 0.065081 0.000000 0.003308 0.000762 0.002523 0.011755 0.005797 0.013478 0.002209 0.000000 0.002108 0.001277 0.004098 0.000000 0.001610 0.000727 0.004830 0.000000 0.000000 0.000000 0.000000 0.004373 0.003431 0.024603 0.002023 0.000000 0.000773 0.000000 0.001099 0.005197 0.002912 0.011458 0.002083 0.000000 0.001986 0.000000 0.009208 
0.000000 0.000660 0.000000 0.000000 0.000000 0.000000 0.000000 0.000000 0.000000 0.023111 0.000000 0.000001 0.000000 0.002675 0.000000 0.002536 0.001120 0.000328 0.000169 0.002579 0.000000 0.000000 0.000000 0.000000 0.000000 0.000000 0.000000 0.004280 0.000000 0.000000 0.002613 0.000000 0.091001 0.136743 0.028558 0.056168 0.000000 0.003544 0.000000 0.004563 0.002420 0.002116 0.002396 0.000000 0.000000 0.000000 0.000000 0.000000 0.000000 0.000000 0.000000 0.000000 0.000000 0.000000 0.000000 0.000000 0.000000 0.006190 0.001482 0.024966 0.000000 0.000000 0.000000 0.000000 0.000000 0.000000 0.000000 0.012957 0.000000 0.000000 0.000000 0.000000 0.000001 0.000001 0.000000 0.001355 0.000000 0.000000 0.000653 0.000000 0.100182 0.262774 0.142686 0.054007 0.000000 0.004373 0.000000 0.000000 0.000000 0.005320 0.006019 0.000000 0.000000 0.003193 0.003205 0.003052 
0.001399 0.002868 0.000611 0.000000 0.000000 0.000000 0.000000 0.000375 0.000000 0.003084 0.039441 0.000001 0.000000 0.000000 0.000000 0.000000 0.004567 0.017222 0.007461 0.000000 0.000000 0.002234 0.000000 0.009806 0.000000 0.000000 0.001702 0.017902 0.000000 0.000000 0.000000 0.000000 0.000196 0.007021 0.019571 0.000892 0.000000 0.000000 0.000000 0.002252 0.000001 0.007885 0.006413 0.000000 0.000000 0.000000 0.005473 0.000000 0.000000 0.000000 0.000738 0.000000 0.000000 0.000000 0.000000 0.000000 0.000000 0.008064 0.046287 0.025720 0.000000 0.000414 0.000000 0.001861 0.000000 0.013197 0.012855 0.000795 0.000000 0.000000 0.003261 0.000000 0.049915 0.035483 0.010906 0.283457 0.000000 0.000000 0.000000 0.000000 0.000056 0.008473 0.245712 0.037226 0.000000 0.000000 0.000000 0.000000 0.000000 0.014360 0.012576 0.000000 0.000000 0.000000 0.003429 0.026839 
0.018721 0.000000 0.000000 0.000000 0.032125 0.000000 0.016870 0.000001 0.000000 0.000044 0.000000 0.000011 0.000000 0.000000 0.011876 0.000000 0.011074 0.000001 0.021856 0.000000 0.000000 0.000000 0.000000 0.000000 0.000001 0.000000 0.000000 0.000006 0.000000 0.000000 0.000000 0.000000 0.191582 0.031645 0.007334 0.009467 0.000000 0.000000 0.000000 0.000000 0.000005 0.000001 0.002289 0.076945 0.000000 0.000001 0.000005 0.000001 0.030928 0.000000 0.000000 0.000000 0.000000 0.011770 0.000000 0.000000 0.000000 0.000008 0.000000 0.003641 0.000000 0.000000 0.000000 0.008898 0.000001 0.031869 0.000001 0.062321 0.000000 0.000000 0.016983 0.000000 0.000006 0.047032 0.000000 0.000013 0.000000 0.043111 0.007736 0.119504 0.053692 0.014523 0.000000 0.003060 0.024683 0.000000 0.001826 0.035067 0.041485 0.000003 0.000001 0.000003 0.000000 0.000000 0.000001 0.009970 
0.030347 0.000000 0.020545 0.012202 0.000000 0.015659 0.019126 0.000003 0.000000 0.000116 0.000000 0.017107 0.000000 0.000000 0.000000 0.000000 0.033412 0.000002 0.000018 0.000001 0.000000 0.016145 0.000001 0.069715 0.000002 0.000000 0.000000 0.132231 0.000000 0.000000 0.000000 0.000000 0.001676 0.001058 0.000133 0.000597 0.000000 0.000000 0.000000 0.000000 0.000012 0.000001 0.000015 0.000008 0.000000 0.000003 0.000012 0.000002 0.000001 0.000001 0.000000 0.000000 0.000000 0.000002 0.000000 0.000000 0.000000 0.000019 0.000000 0.011964 0.000000 0.000000 0.014030 0.000000 0.000002 0.000002 0.000002 0.109454 0.000000 0.000000 0.000001 0.000000 0.061632 0.000034 0.000000 0.000033 0.025579 0.000000 0.000000 0.000000 0.000389 0.028110 0.128133 0.181781 0.000000 0.000000 0.000000 0.000000 0.000002 0.000007 0.000002 0.000008 0.000000 0.000000 0.000003 0.068655 
0.036487 0.029186 0.020690 0.021523 0.009406 0.005283 0.003469 0.005105 0.011163 0.007894 0.000000 0.002472 0.003055 0.001837 0.009222 0.000000 0.006826 0.001444 0.008024 0.001190 0.000000 0.000000 0.000840 0.000000 0.049266 0.066772 0.010471 0.044285 0.011305 0.009664 0.007590 0.009874 0.022775 0.016424 0.007328 0.019239 0.006567 0.009721 0.036899 0.008777 0.005625 0.001537 0.011509 0.004801 0.000000 0.001290 0.004473 0.001669 0.040330 0.045413 0.026338 0.025614 0.008071 0.009553 0.007422 0.006073 0.009651 0.008447 0.000000 0.009043 0.007231 0.004108 0.015278 0.001806 0.006232 0.000000 0.004455 0.000682 0.000000 0.000000 0.001250 0.000000 0.033812 0.058598 0.011570 0.038825 0.003289 0.010858 0.003570 0.005219 0.001871 0.006986 0.000000 0.007212 0.002588 0.003786 0.008154 0.000000 0.002271 0.001464 0.004568 0.001228 0.000000 0.000000 0.002786 0.001374 
0.000000 0.000000 0.000000 0.000000 0.000000 0.000000 0.000000 0.012735 0.000000 0.016620 0.000000 0.039948 0.000000 0.000000 0.000000 0.022023 0.029509 0.000001 0.000007 0.000000 0.000000 0.019572 0.000000 0.000000 0.030988 0.000000 0.000000 0.000005 0.022174 0.011945 0.000000 0.000000 0.085654 0.049039 0.000075 0.020567 0.018733 0.013586 0.075012 0.000000 0.000004 0.000001 0.000006 0.000003 0.000000 0.003326 0.006653 0.000001 0.000001 0.030553 0.000000 0.000000 0.004859 0.000001 0.000000 0.000000 0.000000 0.000007 0.000000 0.004356 0.000000 0.016960 0.000000 0.000000 0.000001 0.000001 0.000001 0.013384 0.000000 0.000000 0.000000 0.000000 0.000006 0.035963 0.000000 0.000012 0.026159 0.029172 0.000000 0.031584 0.080834 0.041928 0.000000 0.069887 0.029090 0.031315 0.000000 0.028220 0.000001 0.000002 0.000001 0.000003 0.000000 0.000000 0.000001 0.047510 
0.008128 0.000000 0.002177 0.000000 0.014959 0.009183 0.003626 0.013323 0.026033 0.017394 0.000000 0.017311 0.006605 0.006622 0.013590 0.005654 0.048979 0.017278 0.040832 0.032490 0.000000 0.002791 0.005180 0.000000 0.001369 0.000000 0.004570 0.006108 0.008192 0.009477 0.004664 0.011202 0.030857 0.023825 0.008707 0.022397 0.003058 0.001608 0.008539 0.004101 0.018420 0.014321 0.027059 0.020794 0.000000 0.003837 0.007332 0.008489 0.007941 0.007301 0.005461 0.006816 0.006729 0.006937 0.002027 0.006848 0.031475 0.025736 0.004775 0.025724 0.008288 0.002690 0.008507 0.000000 0.022414 0.011677 0.019882 0.017487 0.000000 0.000000 0.006665 0.000000 0.010085 0.012615 0.005988 0.006704 0.000000 0.010511 0.002134 0.006772 0.010863 0.026226 0.000000 0.009656 0.005107 0.005657 0.006502 0.001892 0.023989 0.017530 0.019297 0.019507 0.000000 0.006539 0.006512 0.009451 
0.005486 0.000000 0.000000 0.000000 0.003550 0.002128 0.000000 0.001869 0.004295 0.006156 0.000000 0.004301 0.012494 0.001748 0.005203 0.018013 0.027319 0.012450 0.021583 0.026595 0.046381 0.006437 0.005008 0.026844 0.004690 0.000000 0.000000 0.003285 0.000935 0.001359 0.000000 0.003422 0.010300 0.005849 0.002249 0.006352 0.003688 0.001230 0.002612 0.001858 0.017225 0.013922 0.018109 0.034837 0.029848 0.007795 0.014929 0.066949 0.009164 0.007745 0.000000 0.005043 0.000000 0.002719 0.000000 0.004325 0.000000 0.005593 0.001589 0.010159 0.002778 0.001820 0.001738 0.000000 0.008834 0.009956 0.011671 0.015050 0.010249 0.000000 0.004172 0.023601 0.022563 0.001151 0.000000 0.032286 0.002868 0.002395 0.000000 0.004325 0.002501 0.008372 0.000000 0.008727 0.023828 0.000000 0.016490 0.010420 0.019683 0.017402 0.012146 0.039377 0.059703 0.009092 0.009701 0.071460 
0.373643 0.000000 0.000000 0.000000 0.000000 0.126804 0.232888 0.035822 0.030265 0.000000 0.000000 0.000000 0.175027 0.000000 0.000000 0.025552 
0.004664 0.000000 0.000000 0.000000 0.000000 0.979297 0.000308 0.000000 0.000000 0.000000 0.000000 0.000000 0.013584 0.000000 0.000000 0.002147 
0.066278 0.000000 0.064153 0.000000 0.000000 0.022947 0.440661 0.049136 0.013954 0.000000 0.000000 0.000000 0.071521 0.000000 0.212741 0.058609 
0.000074 0.153776 0.019471 0.427417 0.004764 0.009661 0.031680 0.000000 0.176335 0.144905 0.005057 0.000000 0.026846 0.000000 0.000000 0.000012 
0.047436 0.675735 0.000000 0.014716 0.000000 0.000000 0.001308 0.012863 0.000000 0.240530 0.000000 0.000000 0.007401 0.000000 0.000000 0.000010 
0.100725 0.000000 0.000000 0.160529 0.035611 0.008535 0.115871 0.190556 0.000000 0.000000 0.000000 0.000000 0.000000 0.000000 0.000000 0.388171 
0.022478 0.000000 0.031872 0.000000 0.000000 0.000000 0.111146 0.000000 0.000000 0.000000 0.000000 0.000000 0.699106 0.000000 0.000000 0.135398 
0.035410 0.000000 0.034139 0.000000 0.000000 0.316262 0.181277 0.000000 0.038878 0.000000 0.000000 0.000000 0.000001 0.000000 0.336735 0.057300 
0.000076 0.000000 0.294196 0.000000 0.000000 0.152688 0.275860 0.016993 0.000000 0.021777 0.025251 0.000000 0.013853 0.000000 0.137323 0.061983 
0.121877 0.000000 0.040062 0.000000 0.000000 0.000000 0.265635 0.255328 0.043904 0.025002 0.000000 0.000000 0.209898 0.000000 0.000000 0.038292 
0.000065 0.484591 0.000000 0.000000 0.003228 0.000000 0.025727 0.000000 0.000000 0.355324 0.000000 0.031020 0.044287 0.000000 0.000000 0.055758 
0.094508 0.048515 0.362218 0.000000 0.000000 0.008517 0.182858 0.237568 0.000000 0.000000 0.000000 0.000000 0.022286 0.014109 0.000000 0.029421 
0.043763 0.000000 0.115341 0.000000 0.000000 0.000000 0.596589 0.000000 0.000000 0.000000 0.000000 0.000000 0.196970 0.000000 0.000000 0.047337 
0.199828 0.028121 0.028058 0.000000 0.000000 0.000000 0.152034 0.058576 0.000000 0.000000 0.000000 0.000000 0.000001 0.018997 0.000000 0.514386 
0.235331 0.000000 0.000000 0.100606 0.000000 0.020184 0.111403 0.000000 0.077766 0.000000 0.012315 0.000000 0.418674 0.000000 0.019929 0.003791 
0.054595 0.313605 0.156186 0.000000 0.000000 0.000000 0.177462 0.000000 0.000000 0.063515 0.000000 0.000000 0.000000 0.000000 0.201100 0.033536 
0.000056 0.628372 0.008596 0.000000 0.000000 0.005311 0.052583 0.000000 0.000000 0.289266 0.000000 0.000000 0.015807 0.000000 0.000000 0.000010 
0.038054 0.000000 0.079586 0.000000 0.000000 0.000000 0.145718 0.000000 0.000000 0.000000 0.000000 0.000000 0.331019 0.000000 0.000000 0.405623 
0.031390 0.000000 0.000000 0.578547 0.000000 0.000000 0.004501 0.010808 0.335196 0.006157 0.006888 0.000000 0.023919 0.000000 0.000000 0.002595 
0.039986 0.000000 0.000000 0.000000 0.000000 0.009494 0.169527 0.000000 0.000000 0.000000 0.000000 0.000000 0.264313 0.000000 0.057172 0.459508 
0.039548 0.000000 0.000000 0.000000 0.000000 0.464222 0.232953 0.000000 0.000000 0.000000 0.000000 0.000000 0.110007 0.000000 0.000000 0.153270 
0.222325 0.352329 0.000000 0.000000 0.000000 0.031243 0.040309 0.000000 0.000000 0.229176 0.000000 0.000000 0.037450 0.000000 0.000000 0.087168 
0.040354 0.000000 0.011966 0.000000 0.017344 0.004074 0.499162 0.023859 0.000000 0.000000 0.000000 0.000000 0.000001 0.000000 0.000000 0.403241 
0.000071 0.000000 0.312755 0.044060 0.000000 0.000000 0.207705 0.012538 0.000000 0.000000 0.000000 0.000000 0.388942 0.000000 0.000000 0.033929 
0.000059 0.243327 0.000000 0.459743 0.000000 0.015774 0.006231 0.000000 0.180206 0.094649 0.000000 0.000000 0.000001 0.000000 0.000000 0.000009 
0.341758 0.000000 0.014828 0.034726 0.000000 0.014030 0.138692 0.087873 0.000000 0.000000 0.000000 0.000000 0.000000 0.000000 0.317857 0.050237 
0.017682 0.000000 0.000000 0.498130 0.003406 0.009375 0.041609 0.000000 0.313824 0.000000 0.000000 0.000000 0.000000 0.000000 0.000000 0.115973 
0.174033 0.191521 0.000000 0.137676 0.006015 0.000000 0.090403 0.000000 0.078522 0.061878 0.000000 0.000000 0.259942 0.000000 0.000000 0.000010 
0.024177 0.000000 0.028553 0.305719 0.012844 0.000000 0.127155 0.000000 0.154033 0.000000 0.012454 0.000000 0.000001 0.000000 0.048753 0.286312 
0.000073 0.148488 0.000000 0.455633 0.000000 0.000000 0.017635 0.000000 0.186024 0.059632 0.000000 0.000000 0.123755 0.000000 0.000000 0.008762 
0.013691 0.000000 0.026344 0.000000 0.012603 0.775976 0.058571 0.000000 0.000000 0.000000 0.000000 0.000000 0.000000 0.000000 0.000000 0.112814 
0.042370 0.000000 0.053798 0.251545 0.000000 0.000000 0.492943 0.000000 0.040022 0.000000 0.000000 0.000000 0.030768 0.038193 0.000000 0.050360 
0.067474 0.017427 0.032708 0.000000 0.000000 0.000000 0.222145 0.011478 0.000000 0.000000 0.000000 0.000000 0.000001 0.000000 0.549490 0.099277 
0.049923 0.271966 0.000000 0.000000 0.000000 0.025385 0.171067 0.000000 0.000000 0.060756 0.000000 0.000000 0.000001 0.000000 0.363491 0.057410 
0.000040 0.000000 0.000000 0.712061 0.000000 0.010329 0.000312 0.000000 0.277249 0.000000 0.000000 0.000000 0.000001 0.000000 0.000000 0.000008 
0.186736 0.000000 0.000000 0.126643 0.004816 0.000000 0.012064 0.606373 0.004330 0.000000 0.000000 0.000000 0.000001 0.000000 0.059026 0.000011 
0.542019 0.000000 0.019678 0.000000 0.000000 0.000000 0.337702 0.000000 0.015544 0.000000 0.010139 0.000000 0.000001 0.000000 0.048819 0.026098 
0.037879 0.153786 0.000000 0.000000 0.000000 0.011274 0.160148 0.029749 0.000000 0.089159 0.000000 0.000000 0.000001 0.000000 0.437913 0.080092 
0.000066 0.000000 0.428947 0.130369 0.000000 0.000000 0.246698 0.000000 0.064535 0.000000 0.000000 0.000000 0.080571 0.000000 0.000000 0.048812 
0.606395 0.000000 0.140632 0.000000 0.000000 0.000000 0.183199 0.000000 0.000000 0.000000 0.035239 0.000000 0.000001 0.000000 0.000000 0.034534 
0.142780 0.000000 0.025756 0.000000 0.000000 0.111218 0.538874 0.091065 0.000000 0.000000 0.000000 0.000000 0.016716 0.000000 0.000000 0.073590 
0.273346 0.000000 0.344964 0.000000 0.000000 0.016212 0.204705 0.027591 0.000000 0.017533 0.022486 0.000000 0.053530 0.000000 0.000000 0.039634 
0.046978 0.000000 0.000000 0.000000 0.020981 0.000000 0.199855 0.000000 0.000000 0.016649 0.000000 0.000000 0.000001 0.031572 0.067532 0.616433 
0.047736 0.000000 0.000000 0.000000 0.000000 0.000000 0.648511 0.000000 0.000000 0.000000 0.000000 0.000000 0.210599 0.000000 0.000000 0.093154 
0.156435 0.000000 0.000000 0.011415 0.000000 0.725882 0.038795 0.000000 0.000000 0.000000 0.000000 0.000000 0.000001 0.000000 0.039803 0.027668 
0.005114 0.034741 0.000000 0.431046 0.000000 0.245189 0.021404 0.038138 0.217503 0.000000 0.000000 0.000000 0.000001 0.000000 0.000000 0.006863 
0.292895 0.000000 0.000000 0.079158 0.000000 0.082038 0.103026 0.049381 0.109530 0.000000 0.025725 0.000000 0.203587 0.000000 0.000000 0.054659 
0.034122 0.000000 0.447994 0.000000 0.000000 0.000000 0.411440 0.023026 0.000000 0.000000 0.000000 0.000000 0.020850 0.000000 0.000000 0.062568 
0.346596 0.022005 0.030657 0.000000 0.000000 0.000000 0.539269 0.000000 0.000000 0.000000 0.000000 0.000000 0.000001 0.000000 0.019330 0.042142 
0.024827 0.000000 0.305341 0.000000 0.000000 0.000000 0.243040 0.000000 0.000000 0.000000 0.000000 0.000000 0.113468 0.000000 0.051699 0.261625 
0.068178 0.000000 0.015102 0.000000 0.000000 0.013126 0.737873 0.000000 0.059532 0.000000 0.000000 0.028563 0.012709 0.000000 0.000000 0.064918 
0.132939 0.061670 0.000000 0.000000 0.000000 0.020031 0.028601 0.358296 0.000000 0.017387 0.000000 0.000000 0.381066 0.000000 0.000000 0.000010 
0.018560 0.036123 0.000000 0.000000 0.000000 0.644621 0.027017 0.000000 0.000000 0.065427 0.000000 0.000000 0.175934 0.018329 0.013980 0.000010 
0.000053 0.000000 0.000000 0.642255 0.006247 0.060963 0.008748 0.000000 0.235699 0.027965 0.000000 0.000000 0.000000 0.000000 0.018056 0.000013 
0.024647 0.000000 0.000000 0.000000 0.000000 0.000000 0.115577 0.000000 0.000000 0.000000 0.000000 0.000000 0.859768 0.000000 0.000000 0.000008 
0.009483 0.000000 0.000000 0.000000 0.000000 0.000000 0.151022 0.000000 0.000000 0.000000 0.000000 0.000000 0.839481 0.000000 0.000000 0.000014 
0.210086 0.000000 0.000000 0.000000 0.000000 0.014236 0.049459 0.721544 0.000000 0.000000 0.000000 0.000000 0.000001 0.000000 0.000000 0.004675 
0.074162 0.045541 0.017910 0.000000 0.000000 0.000000 0.201963 0.000000 0.000000 0.000000 0.000000 0.000000 0.000001 0.024098 0.577720 0.058605 
0.005720 0.000000 0.000000 0.644697 0.000000 0.004890 0.008464 0.000000 0.336219 0.000000 0.000000 0.000000 0.000000 0.000000 0.000000 0.000010 
0.232845 0.000000 0.024176 0.000000 0.000000 0.000000 0.183988 0.000000 0.000000 0.000000 0.000000 0.000000 0.000001 0.000000 0.478591 0.080400 
0.147503 0.487700 0.013566 0.000000 0.000000 0.000000 0.039489 0.000000 0.000000 0.259181 0.016446 0.000000 0.013916 0.000000 0.000000 0.022199 
0.243536 0.000000 0.000000 0.000000 0.003129 0.000000 0.000458 0.752868 0.000000 0.000000 0.000000 0.000000 0.000000 0.000000 0.000000 0.000009 
0.060255 0.087891 0.025028 0.000000 0.026945 0.000000 0.274972 0.000000 0.000000 0.000000 0.000000 0.000000 0.017870 0.028677 0.128946 0.349416 
0.447139 0.000000 0.207187 0.000000 0.000000 0.017320 0.185969 0.000000 0.063174 0.000000 0.000000 0.000000 0.015397 0.000000 0.000000 0.063814 
0.004197 0.000000 0.409114 0.004320 0.000000 0.000000 0.267798 0.000000 0.000000 0.000000 0.000000 0.000000 0.280094 0.000000 0.000000 0.034478 
0.059064 0.000000 0.018200 0.000000 0.000000 0.000000 0.186135 0.066368 0.017773 0.000000 0.000000 0.000000 0.000001 0.000000 0.318822 0.333638 
0.000057 0.690861 0.000000 0.000000 0.000000 0.000000 0.007583 0.000000 0.020515 0.266837 0.000000 0.000000 0.014138 0.000000 0.000000 0.000010 
0.046802 0.010361 0.026647 0.000000 0.000000 0.018707 0.412048 0.049347 0.000000 0.000000 0.000000 0.000000 0.405044 0.000000 0.000000 0.031044 
0.000067 0.000000 0.306312 0.000000 0.000000 0.324007 0.155965 0.021586 0.000000 0.000000 0.000000 0.000000 0.035718 0.000000 0.034035 0.122311 
0.021232 0.000000 0.011067 0.070414 0.024464 0.000000 0.111613 0.000000 0.000000 0.015727 0.000000 0.000000 0.507070 0.000000 0.000000 0.238413 
0.190722 0.000000 0.024516 0.000000 0.000000 0.347514 0.161563 0.000000 0.000000 0.000000 0.000000 0.000000 0.000001 0.000000 0.223266 0.052418 
0.479779 0.023985 0.000000 0.000000 0.006224 0.000000 0.090056 0.000000 0.000000 0.000000 0.036457 0.000000 0.363486 0.000000 0.000000 0.000013 
0.162535 0.049496 0.045630 0.000000 0.015112 0.000000 0.212605 0.000000 0.000000 0.000000 0.000000 0.000000 0.000001 0.000000 0.000000 0.514620 
0.060806 0.470936 0.022282 0.000000 0.000000 0.000000 0.035834 0.105643 0.000000 0.202613 0.000000 0.017380 0.000001 0.000000 0.076424 0.008082 
0.144017 0.000000 0.019545 0.000000 0.019107 0.168126 0.078920 0.414241 0.000000 0.000000 0.000000 0.000000 0.012185 0.000000 0.000000 0.143858 
0.000052 0.618462 0.000000 0.000000 0.000000 0.000000 0.000649 0.000000 0.000000 0.380828 0.000000 0.000000 0.000000 0.000000 0.000000 0.000009 
0.248790 0.000000 0.000000 0.164309 0.000000 0.000000 0.124171 0.000000 0.000000 0.061094 0.000000 0.000000 0.032290 0.019097 0.307261 0.042987 
0.252792 0.000000 0.024727 0.000000 0.000000 0.000000 0.555512 0.000000 0.079046 0.000000 0.000000 0.000000 0.018045 0.000000 0.000000 0.069878 
0.039174 0.000000 0.000000 0.000000 0.000000 0.179246 0.615038 0.000000 0.000000 0.000000 0.000000 0.009528 0.115899 0.000000 0.000000 0.041115 
0.157682 0.000000 0.010697 0.000000 0.005667 0.263029 0.013609 0.519834 0.000000 0.027014 0.000000 0.000000 0.002458 0.000000 0.000000 0.000010 
0.122703 0.000000 0.065192 0.000000 0.000000 0.000000 0.194432 0.084985 0.000000 0.000000 0.000000 0.013603 0.000001 0.000000 0.452969 0.066117 
0.481133 0.000000 0.000000 0.000000 0.005396 0.000000 0.097783 0.380063 0.000000 0.000000 0.006995 0.000000 0.000001 0.000000 0.028617 0.000011 
0.012818 0.681807 0.000000 0.000000 0.000000 0.000000 0.008214 0.000000 0.000000 0.266986 0.000000 0.000000 0.030166 0.000000 0.000000 0.000010 
0.030633 0.000000 0.051586 0.211221 0.034754 0.000000 0.149176 0.019272 0.074876 0.000000 0.000000 0.000000 0.085643 0.000000 0.000000 0.342839 
0.020399 0.000000 0.000000 0.510196 0.000000 0.000000 0.149438 0.000000 0.258285 0.000000 0.000000 0.000000 0.011273 0.029852 0.000000 0.020556 
0.006858 0.000000 0.023564 0.349529 0.000000 0.000000 0.069039 0.000000 0.184560 0.000000 0.000000 0.000000 0.299458 0.000000 0.000000 0.066992 
0.740439 0.000000 0.067409 0.000000 0.000000 0.000000 0.079869 0.046526 0.000000 0.000000 0.000000 0.000000 0.013055 0.000000 0.025873 0.026830 
0.619322 0.000000 0.009055 0.154305 0.000000 0.000000 0.093038 0.000000 0.096554 0.000000 0.021595 0.000000 0.000001 0.000000 0.000000 0.006130 
0.052374 0.330847 0.031363 0.000000 0.000000 0.125353 0.065575 0.178414 0.000000 0.093460 0.007172 0.000000 0.000001 0.000000 0.000000 0.115440 
0.025522 0.000000 0.000000 0.058813 0.000000 0.027188 0.140333 0.000000 0.083801 0.000000 0.000000 0.000000 0.431313 0.000000 0.000000 0.233029 
0.072522 0.000000 0.010131 0.030226 0.000000 0.032380 0.262857 0.000000 0.000000 0.000000 0.000000 0.000000 0.011234 0.000000 0.493900 0.086749 
0.014959 0.032647 0.000000 0.000000 0.000000 0.825047 0.024727 0.000000 0.062350 0.000000 0.000000 0.000000 0.005196 0.000000 0.027618 0.007455 
0.441915 0.000000 0.000000 0.148647 0.000000 0.000000 0.066627 0.000000 0.175789 0.000000 0.000000 0.000000 0.023607 0.012892 0.000000 0.130523 
0.021928 0.483868 0.011688 0.026512 0.010110 0.000000 0.073032 0.000000 0.000000 0.192205 0.000000 0.000000 0.000000 0.000000 0.026198 0.154458 
0.014072 0.000000 0.000000 0.000000 0.014556 0.863070 0.034249 0.000000 0.000000 0.000000 0.000000 0.006538 0.011731 0.000000 0.000000 0.055784 
0.741558 0.000000 0.000000 0.000000 0.020814 0.016162 0.111870 0.011338 0.000000 0.000000 0.000000 0.000000 0.000001 0.000000 0.074042 0.024217 
0.059066 0.000000 0.206146 0.000000 0.000000 0.029059 0.507750 0.000000 0.000000 0.000000 0.000000 0.000000 0.024032 0.000000 0.086235 0.087711 
0.809498 0.000000 0.020338 0.000000 0.000000 0.000000 0.126838 0.000000 0.000000 0.000000 0.000000 0.000000 0.000001 0.000000 0.023776 0.019550 
0.163184 0.136442 0.000000 0.000000 0.000000 0.000000 0.042738 0.445676 0.000000 0.067294 0.000000 0.000000 0.000000 0.000000 0.132496 0.012170 
0.013217 0.000000 0.011312 0.023377 0.000000 0.449273 0.291838 0.000000 0.000000 0.000000 0.000000 0.008919 0.195084 0.000000 0.000000 0.006981 
0.096226 0.000000 0.000000 0.000000 0.000000 0.222565 0.133175 0.000000 0.000000 0.029015 0.000000 0.000000 0.457120 0.000000 0.000000 0.061899 
0.054156 0.000000 0.000000 0.067028 0.000000 0.000000 0.544562 0.000000 0.062355 0.000000 0.000000 0.011375 0.036977 0.000000 0.062665 0.160882 
0.061624 0.000000 0.049510 0.017147 0.011572 0.000000 0.219769 0.000000 0.000000 0.000000 0.000000 0.000000 0.000000 0.000000 0.332427 0.307950 
0.041772 0.083139 0.000000 0.000000 0.000000 0.008742 0.376416 0.000000 0.000000 0.000000 0.000000 0.000000 0.000001 0.000000 0.053127 0.436804 
0.000055 0.000000 0.505845 0.059319 0.000000 0.000000 0.210967 0.000000 0.000000 0.067356 0.000000 0.000000 0.055675 0.054780 0.000000 0.046004 
0.000073 0.000000 0.000000 0.701414 0.000000 0.010363 0.014390 0.000000 0.243296 0.007267 0.000000 0.000000 0.000001 0.000000 0.023188 0.000008 
0.132800 0.134057 0.004918 0.000000 0.019952 0.000000 0.072553 0.326455 0.000000 0.051025 0.000000 0.000000 0.000001 0.000000 0.000000 0.258239 
0.071917 0.013770 0.025020 0.000000 0.000000 0.000000 0.495932 0.000000 0.000000 0.000000 0.000000 0.017609 0.000001 0.000000 0.311510 0.064240 
0.018449 0.000000 0.000000 0.689536 0.001871 0.000000 0.012720 0.000000 0.258599 0.000000 0.000000 0.000000 0.000000 0.000000 0.018812 0.000012 
0.028836 0.226379 0.000000 0.339168 0.005344 0.000000 0.095217 0.000000 0.136028 0.117698 0.000000 0.000000 0.051320 0.000000 0.000000 0.000010 
0.058865 0.000000 0.081820 0.000000 0.000000 0.000000 0.220581 0.000000 0.000000 0.113007 0.000000 0.000000 0.000001 0.034152 0.401518 0.090057 
0.139199 0.000000 0.000000 0.000000 0.000000 0.138921 0.161951 0.000000 0.000000 0.046839 0.000000 0.000000 0.000000 0.033618 0.388977 0.090495 
0.080875 0.000000 0.000000 0.000000 0.008796 0.000000 0.207457 0.071627 0.000000 0.000000 0.017839 0.039761 0.000001 0.000000 0.505285 0.068359 
0.574137 0.000000 0.000000 0.000000 0.000000 0.000000 0.091377 0.122463 0.000000 0.000000 0.007704 0.000000 0.204307 0.000000 0.000000 0.000012 
0.007758 0.000000 0.000000 0.000000 0.000000 0.976936 0.007393 0.000000 0.000000 0.000000 0.000000 0.000000 0.007907 0.000000 0.000000 0.000006 
0.175189 0.000000 0.000000 0.000000 0.000000 0.000000 0.201045 0.000000 0.000000 0.000000 0.000000 0.000000 0.455790 0.000000 0.142460 0.025516 
0.792295 0.011434 0.000000 0.057691 0.000000 0.000000 0.064186 0.000000 0.000000 0.000000 0.030011 0.000000 0.044364 0.000000 0.000000 0.000019 
0.670268 0.053114 0.000000 0.037247 0.000000 0.000000 0.077078 0.025161 0.000000 0.064375 0.026034 0.000000 0.000001 0.000000 0.035210 0.011512 
0.208027 0.000000 0.203067 0.000000 0.000000 0.000000 0.190982 0.332116 0.000000 0.000000 0.000000 0.000000 0.031484 0.000000 0.000000 0.034323 
0.035626 0.000000 0.000000 0.671233 0.000000 0.012862 0.001494 0.044258 0.226097 0.000000 0.000000 0.000000 0.004873 0.000000 0.000000 0.003557 
0.651719 0.000000 0.000000 0.000000 0.000000 0.000000 0.167506 0.000000 0.031555 0.023988 0.009386 0.000000 0.014173 0.000000 0.000000 0.101674 
0.013629 0.162981 0.000000 0.000000 0.000000 0.000000 0.112194 0.000000 0.000000 0.009172 0.000000 0.000000 0.702015 0.000000 0.000000 0.000009 
0.000054 0.000000 0.018598 0.506818 0.002724 0.000000 0.119957 0.006659 0.317091 0.000000 0.000000 0.000000 0.000000 0.007271 0.020816 0.000012 
0.016616 0.121972 0.477236 0.020977 0.000000 0.000000 0.221697 0.000000 0.000000 0.069415 0.000000 0.000000 0.031082 0.000000 0.000000 0.041005 
0.068374 0.507634 0.000000 0.000000 0.000000 0.148231 0.073051 0.000000 0.000000 0.167449 0.000000 0.000000 0.018756 0.000000 0.000000 0.016506 
0.012399 0.340004 0.014473 0.286361 0.000000 0.000000 0.009294 0.000000 0.163573 0.173887 0.000000 0.000000 0.000001 0.000000 0.000000 0.000009 
0.448617 0.000000 0.074651 0.000000 0.000000 0.015355 0.194744 0.065501 0.000000 0.013105 0.000000 0.000000 0.054187 0.000000 0.110016 0.023824 
0.088141 0.185380 0.018553 0.000000 0.000000 0.108786 0.123877 0.000000 0.000000 0.058279 0.000000 0.000000 0.039259 0.000000 0.334633 0.043093 
0.047377 0.295786 0.018498 0.000000 0.014037 0.000000 0.169716 0.000000 0.000000 0.060747 0.017090 0.000000 0.000001 0.000000 0.376737 0.000013 
0.028677 0.171231 0.000000 0.000000 0.000000 0.000000 0.259616 0.000000 0.000000 0.000000 0.000000 0.000000 0.505595 0.000000 0.023053 0.011829 
0.021479 0.000000 0.080363 0.030673 0.000000 0.451349 0.229903 0.000000 0.000000 0.000000 0.000000 0.000000 0.000001 0.000000 0.147057 0.039174 
0.181377 0.000000 0.030822 0.000000 0.000000 0.067277 0.210438 0.445859 0.000000 0.000000 0.000000 0.000000 0.000001 0.040620 0.000000 0.023606 
0.067236 0.000000 0.016227 0.078768 0.000000 0.094359 0.664651 0.000000 0.000000 0.000000 0.000000 0.000000 0.033024 0.000000 0.000000 0.045735 
0.081517 0.000000 0.063573 0.000000 0.000000 0.039500 0.201625 0.000000 0.000000 0.000000 0.000000 0.000000 0.000001 0.023432 0.527849 0.062504 
0.141627 0.000000 0.000000 0.000000 0.000000 0.000000 0.678180 0.000000 0.000000 0.000000 0.021474 0.000000 0.053234 0.000000 0.000000 0.105485 
0.007442 0.000000 0.115848 0.000000 0.000000 0.006102 0.158335 0.014264 0.000000 0.000000 0.000000 0.000000 0.637291 0.000000 0.039236 0.021483 
0.116197 0.000000 0.054148 0.111865 0.000000 0.000000 0.126621 0.158178 0.000000 0.000000 0.000000 0.000000 0.198693 0.000000 0.218687 0.015611 
0.068929 0.108929 0.015800 0.000000 0.000000 0.000000 0.638414 0.000000 0.000000 0.000000 0.000000 0.000000 0.044450 0.000000 0.031495 0.091983 
0.053281 0.156244 0.000000 0.057082 0.000000 0.000000 0.146976 0.000000 0.112893 0.067828 0.000000 0.000000 0.000000 0.000000 0.334989 0.070708 
0.077593 0.000000 0.033522 0.000000 0.000000 0.120414 0.206716 0.000000 0.000000 0.000000 0.000000 0.022261 0.000001 0.000000 0.481299 0.058196 
0.002740 0.000000 0.000000 0.386575 0.000000 0.077963 0.041149 0.000000 0.322277 0.000000 0.000000 0.000000 0.014215 0.000000 0.119778 0.035304 
0.001139 0.000000 0.080189 0.520458 0.000000 0.000000 0.076428 0.000000 0.242035 0.028634 0.023910 0.000000 0.000001 0.000000 0.018564 0.008643 
0.098601 0.000000 0.000000 0.477866 0.000000 0.012560 0.004366 0.240807 0.128822 0.000000 0.000000 0.000000 0.000001 0.000000 0.036960 0.000017 
0.030079 0.000000 0.202779 0.009446 0.000000 0.000000 0.223185 0.047043 0.000000 0.000000 0.000000 0.000000 0.000001 0.000000 0.000000 0.487466 
0.243349 0.000000 0.000000 0.027820 0.000000 0.014921 0.138275 0.000000 0.000000 0.000000 0.000000 0.000000 0.409454 0.000000 0.000000 0.166180 
0.051438 0.000000 0.043337 0.000000 0.000000 0.260764 0.135884 0.000000 0.000000 0.000000 0.000000 0.000000 0.000001 0.000000 0.149980 0.358597 
0.165477 0.000000 0.000000 0.000000 0.031326 0.054252 0.286216 0.000000 0.000000 0.000000 0.000000 0.000000 0.000000 0.000000 0.016685 0.446043 
0.063310 0.019013 0.070742 0.000000 0.026283 0.000000 0.375015 0.000000 0.000000 0.000000 0.000000 0.000000 0.000001 0.000000 0.023841 0.421796 
0.289641 0.000000 0.265610 0.000000 0.000000 0.000000 0.188017 0.000000 0.000000 0.000000 0.015370 0.000000 0.126428 0.000000 0.067348 0.047585 
0.012385 0.099568 0.035390 0.109193 0.011529 0.380963 0.085854 0.000000 0.026141 0.065571 0.000000 0.011123 0.000001 0.000000 0.000000 0.162281 
0.010244 0.000000 0.000000 0.000000 0.004270 0.687846 0.085246 0.019907 0.000000 0.000000 0.000000 0.000000 0.192476 0.000000 0.000000 0.000011 
0.023566 0.000000 0.191447 0.137960 0.000000 0.016941 0.454445 0.000000 0.114285 0.000000 0.000000 0.000000 0.017908 0.000000 0.000000 0.043448 
0.061515 0.006561 0.057561 0.000000 0.000000 0.000000 0.171331 0.084506 0.000000 0.000000 0.000000 0.000000 0.000001 0.013056 0.365682 0.239787 
0.031236 0.000000 0.000000 0.000000 0.000000 0.790093 0.035816 0.133717 0.000000 0.000000 0.000000 0.009128 0.000001 0.000000 0.000000 0.000009 
0.170717 0.000000 0.027217 0.000000 0.000000 0.000000 0.048521 0.563663 0.000000 0.000000 0.000000 0.000000 0.164527 0.000000 0.000000 0.025355 
0.000102 0.000000 0.434509 0.000000 0.000000 0.000000 0.273635 0.000000 0.016112 0.000000 0.000000 0.000000 0.184519 0.020715 0.033537 0.036871 
0.034607 0.000000 0.046002 0.000000 0.000000 0.034707 0.205252 0.000000 0.056097 0.000000 0.000000 0.000000 0.273423 0.000000 0.298721 0.051191 
0.021723 0.453600 0.021640 0.000000 0.000000 0.000000 0.079148 0.000000 0.000000 0.201501 0.000000 0.000000 0.000001 0.000000 0.191948 0.030440 
0.000077 0.592561 0.000000 0.000000 0.011309 0.000000 0.024019 0.000000 0.000000 0.350211 0.000000 0.000000 0.006092 0.000000 0.000000 0.015731 
0.208128 0.000000 0.000000 0.000000 0.000000 0.000000 0.071885 0.000000 0.000000 0.000000 0.000000 0.000000 0.719977 0.000000 0.000000 0.000009 
0.148260 0.000000 0.023404 0.000000 0.000000 0.003077 0.108208 0.339115 0.000000 0.000000 0.000000 0.000000 0.000001 0.000000 0.342612 0.035323 
0.053277 0.024653 0.043405 0.000000 0.000000 0.000000 0.738370 0.000000 0.000000 0.000000 0.000000 0.000000 0.033412 0.048439 0.000000 0.058445 
0.005666 0.286908 0.268667 0.000000 0.000000 0.000000 0.196852 0.000000 0.000000 0.121180 0.000000 0.000000 0.000001 0.000000 0.000000 0.120727 
0.255596 0.120733 0.000000 0.000000 0.000000 0.108304 0.135083 0.022176 0.000000 0.079101 0.024788 0.000000 0.245742 0.000000 0.000000 0.008475 
0.025437 0.000000 0.450112 0.000000 0.000000 0.000000 0.401258 0.000000 0.000000 0.000000 0.000000 0.000000 0.028206 0.034572 0.000000 0.060416 
0.050811 0.000000 0.018963 0.005832 0.020543 0.000000 0.189586 0.000000 0.000000 0.000000 0.000000 0.000000 0.288252 0.000000 0.055184 0.370831 
0.022010 0.000000 0.000000 0.000000 0.000000 0.527474 0.204040 0.000000 0.000000 0.000000 0.000000 0.009152 0.224020 0.000000 0.000000 0.013303 
0.012823 0.000000 0.000000 0.000000 0.010856 0.559457 0.083488 0.000000 0.000000 0.000000 0.000000 0.000000 0.204272 0.000000 0.124865 0.004239 
0.047523 0.522055 0.022226 0.000000 0.014053 0.076406 0.063645 0.000000 0.000000 0.131724 0.000000 0.031626 0.000001 0.000000 0.048911 0.041830 
0.109272 0.000000 0.000000 0.149261 0.002466 0.410419 0.012786 0.242269 0.073517 0.000000 0.000000 0.000000 0.000001 0.000000 0.000000 0.000010 
0.174360 0.120024 0.000000 0.205383 0.000000 0.000000 0.107046 0.000000 0.123692 0.000000 0.000000 0.000000 0.000001 0.022368 0.235224 0.011902 
0.023418 0.000000 0.054465 0.074677 0.024851 0.000000 0.168635 0.000000 0.080570 0.000000 0.000000 0.000000 0.010995 0.000000 0.000000 0.562390 
0.015887 0.000000 0.015357 0.000000 0.000000 0.724320 0.051675 0.000000 0.000000 0.000000 0.030484 0.000000 0.148445 0.000000 0.000000 0.013832 
0.187849 0.328311 0.000000 0.000000 0.000000 0.000000 0.136560 0.043577 0.000000 0.000000 0.000000 0.000000 0.000001 0.000000 0.270268 0.033435 
0.200773 0.009440 0.000000 0.000000 0.000000 0.000000 0.012427 0.777338 0.000000 0.000000 0.000000 0.000000 0.000001 0.000000 0.000000 0.000022 
0.000080 0.012392 0.037960 0.000000 0.000000 0.000000 0.148373 0.017482 0.000000 0.000000 0.000000 0.000000 0.778578 0.000000 0.000000 0.005134 
0.042403 0.013376 0.013637 0.000000 0.008004 0.306169 0.136239 0.000000 0.000000 0.000000 0.000000 0.000000 0.003915 0.000000 0.000000 0.476258 
0.000070 0.171136 0.477267 0.020441 0.000000 0.000000 0.229218 0.017775 0.000000 0.000000 0.000000 0.000000 0.040846 0.000000 0.000000 0.043247 
0.014401 0.000000 0.000000 0.028678 0.000000 0.752122 0.129912 0.000000 0.000000 0.000000 0.000000 0.005611 0.066787 0.000000 0.000000 0.002489 
0.269052 0.039014 0.020240 0.000000 0.027236 0.000000 0.132451 0.000000 0.000000 0.000000 0.000000 0.000000 0.010425 0.042194 0.000000 0.459387 
