-3843931.992257
0
0.000039 0.000468 0.000000 0.000562 0.000000 0.000000 0.000000 0.000342 0.000126 0.019496 0.000077 0.004971 0.000963 0.000959 0.001023 0.003641 0.000578 0.000221 0.000986 0.001008 0.000000 0.000000 0.000586 0.000000 0.001117 0.000659 0.000000 0.001620 0.000212 0.000321 0.000791 0.000290 0.075292 0.100690 0.020675 0.079960 0.000000 0.001304 0.000899 0.001767 0.000989 0.000800 0.000845 0.004550 0.000000 0.001031 0.000726 0.001449 0.000336 0.000002 0.000000 0.000002 0.000000 0.000400 0.000000 0.000000 0.000000 0.020988 0.000629 0.016721 0.000000 0.000000 0.000642 0.000856 0.000182 0.000000 0.000408 0.007947 0.000000 0.000000 0.001864 0.000931 0.000997 0.002082 0.000000 0.001480 0.000000 0.001002 0.000233 0.000000 0.116916 0.290089 0.099180 0.083226 0.001180 0.001520 0.001311 0.005157 0.002437 0.001795 0.002012 0.002164 0.000000 0.001093 0.001098 0.001086 
0.022803 0.019281 0.000000 0.018148 0.028100 0.014144 0.005894 0.027259 0.019048 0.008489 0.003218 0.016962 0.008852 0.008148 0.008100 0.007929 0.012311 0.009806 0.010004 0.016917 0.000000 0.001093 0.010872 0.005969 0.018201 0.015351 0.001953 0.013551 0.019200 0.014711 0.004424 0.028657 0.014675 0.007538 0.002394 0.018146 0.008871 0.013150 0.011389 0.017764 0.006640 0.015382 0.006196 0.011086 0.000000 0.006131 0.009867 0.000001 0.006679 0.007971 0.000000 0.012487 0.014898 0.010674 0.001148 0.020570 0.016056 0.007682 0.000001 0.010235 0.004464 0.005682 0.008673 0.010744 0.006391 0.005821 0.005508 0.006373 0.004130 0.005197 0.017634 0.005871 0.009539 0.015624 0.000000 0.009096 0.019991 0.023754 0.002849 0.040208 0.012321 0.015973 0.000800 0.010410 0.005362 0.010739 0.004716 0.016476 0.008492 0.011022 0.005014 0.008706 0.000000 0.006667 0.011611 0.007113 
0.039239 0.032537 0.020960 0.025323 0.009517 0.005076 0.002948 0.005444 0.011051 0.006752 0.001249 0.004044 0.004266 0.003087 0.009722 0.002315 0.004621 0.000835 0.005415 0.001519 0.000000 0.000000 0.001469 0.000000 0.050878 0.066343 0.009641 0.045039 0.011271 0.009499 0.006449 0.009971 0.019681 0.013863 0.006454 0.019179 0.007874 0.011830 0.036630 0.012011 0.004419 0.001863 0.009152 0.004333 0.000000 0.001254 0.004583 0.000866 0.040698 0.044387 0.022976 0.026896 0.007979 0.009337 0.006573 0.006370 0.006675 0.006105 0.000001 0.007003 0.007348 0.004922 0.015136 0.004593 0.004808 0.000000 0.003122 0.000425 0.000000 0.000000 0.001899 0.000000 0.034628 0.056790 0.011127 0.041072 0.004232 0.010388 0.003090 0.006457 0.001952 0.005161 0.000359 0.007597 0.004050 0.004981 0.008282 0.004131 0.000001 0.000658 0.002671 0.000761 0.000000 0.000000 0.002951 0.000935 
0.000518 0.000927 0.000375 0.008552 0.000212 0.000000 0.000000 0.000074 0.000007 0.002382 0.012191 0.004897 0.000000 0.000000 0.000001 0.001176 0.003615 0.005189 0.002259 0.004120 0.000000 0.004186 0.001331 0.014309 0.002623 0.000352 0.000518 0.015464 0.000000 0.000000 0.000000 0.000000 0.001042 0.002163 0.010775 0.003843 0.000000 0.000002 0.000000 0.000698 0.000465 0.002347 0.001888 0.001701 0.002025 0.002107 0.003227 0.018775 0.001315 0.001949 0.000210 0.007950 0.000000 0.000239 0.000000 0.000345 0.000000 0.013249 0.027010 0.015887 0.000000 0.000000 0.000000 0.000000 0.006509 0.010286 0.005427 0.012545 0.000000 0.002048 0.000909 0.002845 0.037563 0.010652 0.003319 0.306951 0.000000 0.000000 0.000000 0.000000 0.004755 0.022129 0.215709 0.039537 0.000000 0.001034 0.000000 0.002907 0.003294 0.010501 0.006434 0.009597 0.004965 0.009803 0.001978 0.063805 
0.001856 0.003286 0.001020 0.002356 0.001046 0.000973 0.000000 0.001672 0.031513 0.015768 0.090091 0.015584 0.000000 0.003797 0.000000 0.005183 0.007426 0.005290 0.023162 0.002123 0.000000 0.001650 0.000408 0.002618 0.009815 0.023514 0.009374 0.057765 0.000000 0.000000 0.000000 0.000000 0.008507 0.009762 0.089166 0.009456 0.000000 0.002498 0.000851 0.000787 0.006037 0.003756 0.027334 0.003416 0.000000 0.003613 0.004968 0.009122 0.002440 0.005568 0.001997 0.009156 0.000000 0.002937 0.000000 0.001354 0.064241 0.076436 0.136957 0.054428 0.000000 0.002614 0.000668 0.002047 0.011974 0.005912 0.011478 0.004113 0.000000 0.001393 0.001003 0.003223 0.001824 0.003318 0.001166 0.006057 0.000000 0.000000 0.000000 0.000000 0.006525 0.006382 0.037847 0.004568 0.000000 0.000791 0.000000 0.000778 0.005678 0.003292 0.010868 0.003077 0.000933 0.001835 0.000564 0.007993 
0.009545 0.008321 0.001536 0.005622 0.000000 0.001936 0.000172 0.001217 0.031224 0.014218 0.195072 0.011484 0.004044 0.001924 0.001669 0.007976 0.013310 0.005412 0.008784 0.008493 0.001664 0.001633 0.000630 0.003297 0.005747 0.007303 0.000000 0.005900 0.000000 0.000000 0.000000 0.000000 0.021952 0.020220 0.105519 0.017777 0.000000 0.001137 0.000000 0.000867 0.003726 0.003897 0.005898 0.006246 0.000000 0.001882 0.001235 0.002252 0.007888 0.005587 0.000000 0.003863 0.000000 0.001869 0.000000 0.000000 0.025397 0.029840 0.114408 0.016868 0.000000 0.000000 0.000000 0.001631 0.011461 0.006210 0.004365 0.011113 0.000000 0.000000 0.000199 0.000000 0.012087 0.010587 0.002487 0.013624 0.000986 0.000383 0.000000 0.000000 0.014173 0.016139 0.083845 0.012590 0.005675 0.001366 0.000762 0.002831 0.006864 0.004310 0.008249 0.005654 0.001242 0.000000 0.001727 0.002978 
0.011958 0.007259 0.000737 0.006536 0.004562 0.002668 0.000000 0.003615 0.008466 0.006408 0.010857 0.008365 0.012034 0.004050 0.006805 0.018539 0.025064 0.010710 0.017983 0.024102 0.031893 0.004811 0.005104 0.018961 0.010302 0.005603 0.000000 0.008907 0.002285 0.002463 0.000000 0.004273 0.009609 0.006320 0.007551 0.009506 0.005577 0.004957 0.005579 0.007065 0.015505 0.012573 0.015642 0.027446 0.020875 0.006563 0.012887 0.051456 0.012455 0.008967 0.000000 0.008533 0.000991 0.002985 0.000000 0.004538 0.006387 0.006496 0.008637 0.010047 0.003698 0.003195 0.003127 0.004132 0.008951 0.009932 0.009666 0.013144 0.007159 0.000542 0.005214 0.018061 0.022284 0.004603 0.000000 0.032388 0.003263 0.002803 0.000000 0.004810 0.004592 0.008306 0.004693 0.009933 0.020411 0.002810 0.013559 0.013682 0.015454 0.013911 0.009353 0.031560 0.049700 0.007685 0.008737 0.054173 
0.038943 0.037518 0.000000 0.038359 0.005504 0.002667 0.000000 0.006645 0.019676 0.005465 0.024023 0.023806 0.015189 0.014571 0.015822 0.030288 0.018030 0.007328 0.010458 0.024051 0.003554 0.000552 0.006532 0.001694 0.032762 0.023075 0.000000 0.030451 0.004262 0.005014 0.000000 0.003828 0.001270 0.002276 0.009924 0.019076 0.013103 0.020436 0.015828 0.029988 0.004721 0.011184 0.004806 0.011052 0.002252 0.001465 0.006308 0.004475 0.025423 0.014053 0.000000 0.023838 0.000000 0.000000 0.000000 0.003725 0.000000 0.000202 0.015394 0.005470 0.008673 0.009133 0.008548 0.021095 0.005360 0.006235 0.004868 0.010181 0.000000 0.000000 0.005167 0.005872 0.030245 0.014010 0.000000 0.042406 0.000000 0.000000 0.000000 0.000000 0.006370 0.001918 0.006345 0.011777 0.017327 0.012966 0.008941 0.032630 0.004763 0.005368 0.000783 0.010243 0.000000 0.002049 0.004647 0.005739 
0.010217 0.002031 0.002912 0.002336 0.010616 0.007031 0.002339 0.009630 0.025880 0.016634 0.017770 0.017683 0.006812 0.006715 0.013023 0.008275 0.046290 0.015611 0.037368 0.030422 0.000000 0.002826 0.004193 0.001800 0.003959 0.000002 0.004107 0.008318 0.005657 0.007358 0.003333 0.006671 0.029214 0.023211 0.017391 0.022267 0.003612 0.002325 0.009426 0.005152 0.016559 0.012307 0.024521 0.019222 0.000000 0.002893 0.006262 0.008761 0.010028 0.008406 0.004540 0.007872 0.004278 0.005312 0.001579 0.003743 0.027303 0.025038 0.015185 0.024020 0.008017 0.003085 0.008000 0.000000 0.020894 0.011019 0.018066 0.017893 0.000000 0.000000 0.004307 0.000000 0.013415 0.012614 0.005956 0.014673 0.000000 0.006712 0.001483 0.000000 0.011071 0.024638 0.010531 0.011949 0.006923 0.005796 0.006383 0.003917 0.022242 0.015571 0.017522 0.018297 0.000000 0.005683 0.005035 0.010061 
0.000383 0.000533 0.000000 0.000353 0.000000 0.000000 0.000157 0.000770 0.006856 0.003271 0.003043 0.003213 0.000000 0.000001 0.000761 0.000328 0.001329 0.000434 0.000793 0.001666 0.000000 0.000000 0.000496 0.000567 0.000269 0.000001 0.000000 0.000385 0.000000 0.000208 0.000000 0.000000 0.015487 0.003902 0.004552 0.007958 0.000278 0.000616 0.000000 0.000878 0.000597 0.000249 0.000278 0.000256 0.000000 0.000001 0.000003 0.000001 0.000537 0.000002 0.000000 0.000003 0.000000 0.000000 0.000000 0.000270 0.007341 0.001992 0.000001 0.002788 0.000000 0.000000 0.000000 0.000000 0.000075 0.000000 0.000003 0.000387 0.000122 0.000000 0.000222 0.000160 0.015328 0.006937 0.002251 0.011583 0.037304 0.000000 0.001553 0.068002 0.422872 0.082209 0.046965 0.228256 0.000000 0.000104 0.000000 0.000011 0.000001 0.000260 0.000409 0.000839 0.000000 0.000000 0.000305 0.000036 
0.034676 0.053814 0.187797 0.000000 0.059934 0.357636 0.023677 0.158849 0.000000 0.123615 
0.000000 0.000004 0.009801 0.000000 0.003253 0.000000 0.003640 0.000000 0.000000 0.983302 
0.011848 0.172467 0.097496 0.000000 0.067507 0.000000 0.056498 0.329671 0.242582 0.021931 
0.600829 0.025292 0.034122 0.286807 0.000000 0.006188 0.012303 0.000000 0.017281 0.017179 
0.018565 0.000003 0.006072 0.918624 0.022711 0.034019 0.000005 0.000000 0.000000 0.000000 
0.158202 0.000004 0.000001 0.000000 0.262799 0.000000 0.565114 0.000000 0.000000 0.013881 
0.006410 0.020434 0.727675 0.000000 0.000000 0.000000 0.190808 0.000000 0.054673 0.000000 
0.040334 0.131837 0.000001 0.000000 0.000000 0.000000 0.065921 0.093107 0.357482 0.311318 
0.000000 0.459953 0.035103 0.016684 0.000000 0.000000 0.095016 0.073288 0.168589 0.151367 
0.041533 0.085125 0.242623 0.028048 0.334393 0.039974 0.038545 0.189760 0.000000 0.000000 
0.000000 0.005131 0.060028 0.861041 0.000000 0.000000 0.073800 0.000000 0.000000 0.000000 
0.000000 0.509939 0.032388 0.054948 0.330167 0.000000 0.062400 0.000000 0.000000 0.010158 
0.005441 0.234931 0.242598 0.000000 0.000000 0.000000 0.038792 0.478238 0.000000 0.000000 
0.000000 0.044919 0.000001 0.029776 0.060943 0.162344 0.702017 0.000000 0.000000 0.000000 
0.182016 0.021916 0.434951 0.000000 0.000000 0.233689 0.000006 0.038958 0.068585 0.019879 
0.000000 0.262389 0.000001 0.380881 0.000000 0.017915 0.051480 0.064065 0.223269 0.000000 
0.000000 0.023314 0.018534 0.917259 0.000000 0.000000 0.000005 0.036831 0.000000 0.004056 
0.000000 0.073856 0.337045 0.000000 0.000000 0.000000 0.533146 0.000000 0.055953 0.000000 
0.915736 0.000003 0.025113 0.000000 0.015134 0.030867 0.003131 0.000000 0.000000 0.010016 
0.000000 0.000004 0.289598 0.000000 0.000000 0.000000 0.627105 0.000000 0.074948 0.008345 
0.000000 0.000004 0.126470 0.000000 0.015583 0.000000 0.199423 0.187396 0.000000 0.471124 
0.000000 0.000004 0.041089 0.575521 0.022672 0.216224 0.112877 0.000000 0.000000 0.031612 
0.000000 0.032195 0.054578 0.000000 0.000000 0.000000 0.555298 0.354064 0.000000 0.003865 
0.038842 0.440595 0.418675 0.000000 0.012173 0.000000 0.068490 0.000000 0.021225 0.000000 
0.646087 0.000003 0.000001 0.336367 0.000000 0.000000 0.000005 0.000000 0.000000 0.017537 
0.032645 0.092402 0.000001 0.000000 0.125350 0.279820 0.057709 0.050093 0.347285 0.014695 
0.823627 0.010818 0.000001 0.000000 0.000000 0.008809 0.156745 0.000000 0.000000 0.000000 
0.219745 0.011656 0.282575 0.262080 0.000000 0.183587 0.000006 0.040353 0.000000 0.000000 
0.462630 0.061008 0.000001 0.000000 0.000000 0.000000 0.400384 0.015768 0.060210 0.000000 
0.649186 0.000004 0.130505 0.207187 0.000000 0.000000 0.013119 0.000000 0.000000 0.000000 
0.000000 0.044416 0.000001 0.000000 0.000000 0.000000 0.173826 0.000000 0.000000 0.781757 
0.300993 0.150576 0.056933 0.000000 0.000000 0.000000 0.038221 0.443240 0.000000 0.010037 
0.000000 0.145297 0.000001 0.000000 0.018296 0.000000 0.123139 0.111727 0.601541 0.000000 
0.000000 0.081530 0.000001 0.328682 0.000000 0.000000 0.072061 0.105571 0.387931 0.024224 
0.988760 0.000003 0.000001 0.000000 0.000000 0.000000 0.000004 0.000000 0.000000 0.011233 
0.135890 0.008570 0.000001 0.004310 0.775833 0.000000 0.000006 0.000000 0.075390 0.000000 
0.019944 0.102819 0.009368 0.000000 0.028728 0.521562 0.017664 0.263592 0.036322 0.000000 
0.000000 0.091648 0.000001 0.233549 0.022758 0.000000 0.091132 0.078004 0.474968 0.007939 
0.191313 0.596032 0.105638 0.000000 0.000000 0.000000 0.107017 0.000000 0.000000 0.000000 
0.000000 0.245436 0.000001 0.000000 0.000000 0.621408 0.046675 0.040963 0.045518 0.000000 
0.000000 0.101565 0.037773 0.000000 0.120550 0.075647 0.066320 0.484399 0.000000 0.113745 
0.000000 0.489363 0.062039 0.015314 0.030274 0.277309 0.069009 0.000000 0.040568 0.016124 
0.018867 0.000004 0.016558 0.000000 0.000000 0.000000 0.867616 0.041130 0.055825 0.000000 
0.000000 0.092162 0.255156 0.000000 0.000000 0.000000 0.089731 0.543902 0.019049 0.000000 
0.000000 0.013060 0.006519 0.000000 0.000000 0.158005 0.039707 0.000000 0.042749 0.739960 
0.651600 0.012621 0.000001 0.037126 0.040317 0.000000 0.013877 0.000000 0.000000 0.244460 
0.188401 0.000004 0.228374 0.000000 0.041344 0.295900 0.068772 0.023451 0.067043 0.086712 
0.000000 0.635482 0.048814 0.000000 0.046351 0.000000 0.111348 0.158005 0.000000 0.000000 
0.000000 0.110839 0.036001 0.025172 0.000000 0.316971 0.020297 0.460336 0.030384 0.000000 
0.000000 0.421897 0.132726 0.000000 0.000000 0.000000 0.375441 0.000000 0.069936 0.000000 
0.064399 0.097887 0.080268 0.036324 0.000000 0.000000 0.044716 0.662978 0.000000 0.013428 
0.000000 0.000004 0.391976 0.083226 0.491363 0.012410 0.000005 0.000000 0.000000 0.021015 
0.000000 0.000004 0.192000 0.092929 0.000000 0.021247 0.000005 0.000000 0.038226 0.655589 
0.879180 0.008255 0.000001 0.022789 0.000000 0.000000 0.016962 0.000000 0.007490 0.065323 
0.000000 0.000004 0.903639 0.000000 0.022573 0.000000 0.000005 0.000000 0.073779 0.000000 
0.000000 0.000004 0.896898 0.000000 0.000000 0.000000 0.000005 0.000000 0.103094 0.000000 
0.000000 0.012965 0.000001 0.000000 0.925949 0.000000 0.000006 0.045334 0.000000 0.015746 
0.000000 0.141878 0.000001 0.038148 0.000000 0.000000 0.073227 0.099030 0.647716 0.000000 
0.988712 0.000004 0.000001 0.000000 0.000000 0.005218 0.000005 0.000000 0.000000 0.006061 
0.000000 0.130810 0.000001 0.000000 0.000000 0.181315 0.097355 0.070452 0.520068 0.000000 
0.015930 0.037615 0.012293 0.734625 0.000000 0.143769 0.022893 0.004362 0.028514 0.000000 
0.000000 0.000003 0.000001 0.000000 0.959103 0.040888 0.000005 0.000000 0.000000 0.000000 
0.000000 0.053075 0.030587 0.077545 0.000000 0.000000 0.505699 0.154597 0.168826 0.009671 
0.058863 0.320063 0.024766 0.000000 0.000000 0.470819 0.098530 0.013771 0.000000 0.013188 
0.000000 0.559485 0.315659 0.000000 0.000000 0.000000 0.081053 0.000000 0.043803 0.000000 
0.006721 0.080786 0.000001 0.000000 0.069016 0.000000 0.437413 0.048517 0.357547 0.000000 
0.021567 0.000004 0.019242 0.959182 0.000000 0.000000 0.000005 0.000000 0.000000 0.000000 
0.000000 0.072320 0.446048 0.007953 0.062985 0.000000 0.021010 0.312108 0.058485 0.019091 
0.000000 0.405212 0.036754 0.000000 0.008266 0.000000 0.177413 0.000000 0.050455 0.321901 
0.076956 0.000004 0.529422 0.000000 0.010896 0.000000 0.361758 0.000000 0.020965 0.000000 
0.000000 0.086163 0.000001 0.000000 0.000000 0.163687 0.059068 0.090416 0.252436 0.348229 
0.000000 0.000004 0.390078 0.009175 0.000000 0.486174 0.027322 0.000000 0.087247 0.000000 
0.000000 0.060560 0.000001 0.046283 0.000000 0.123459 0.710839 0.058858 0.000000 0.000000 
0.000000 0.055150 0.000001 0.689312 0.149088 0.008828 0.013923 0.000000 0.083699 0.000000 
0.000000 0.027991 0.020746 0.000000 0.546794 0.000000 0.223890 0.010558 0.000000 0.170021 
0.000000 0.000003 0.000001 0.993819 0.000000 0.000000 0.000005 0.006172 0.000000 0.000000 
0.162758 0.042396 0.047207 0.043960 0.000000 0.223943 0.045475 0.056981 0.364566 0.012714 
0.078417 0.092355 0.047173 0.000000 0.000000 0.228890 0.062027 0.491138 0.000000 0.000000 
0.000000 0.076546 0.140120 0.000000 0.000000 0.000000 0.000005 0.579070 0.020459 0.183800 
0.000000 0.023553 0.000001 0.027524 0.651673 0.033542 0.000006 0.000000 0.000000 0.263701 
0.000000 0.174898 0.000001 0.000000 0.120702 0.040024 0.083872 0.081623 0.498881 0.000000 
0.000000 0.036133 0.000001 0.006323 0.497078 0.375321 0.000006 0.053957 0.031182 0.000000 
0.000000 0.007751 0.026923 0.950615 0.014706 0.000000 0.000005 0.000000 0.000000 0.000000 
0.284675 0.073916 0.098652 0.000000 0.030578 0.000000 0.512180 0.000000 0.000000 0.000000 
0.775231 0.017136 0.023510 0.000000 0.000000 0.000000 0.020506 0.148268 0.000000 0.015350 
0.538280 0.031833 0.316633 0.000000 0.000000 0.000000 0.092208 0.000000 0.021046 0.000000 
0.000000 0.109191 0.000001 0.000000 0.075145 0.734032 0.033282 0.000000 0.048349 0.000000 
0.257627 0.056642 0.000001 0.000000 0.000000 0.646489 0.000006 0.039235 0.000000 0.000000 
0.000000 0.055069 0.000001 0.426288 0.215521 0.000000 0.170159 0.005762 0.000000 0.127201 
0.146627 0.000004 0.463805 0.000000 0.000000 0.000000 0.316069 0.000000 0.051174 0.022322 
0.022242 0.087007 0.026472 0.000000 0.000000 0.000000 0.091654 0.163449 0.573990 0.035187 
0.064946 0.000004 0.005029 0.036990 0.005081 0.000000 0.010468 0.014479 0.033661 0.829342 
0.325719 0.031114 0.019350 0.000000 0.000000 0.453645 0.170172 0.000000 0.000000 0.000000 
0.026893 0.022386 0.000001 0.677844 0.000000 0.000000 0.223218 0.018959 0.030700 0.000000 
0.000000 0.000004 0.016810 0.000000 0.007776 0.000000 0.101325 0.000000 0.000000 0.874086 
0.000000 0.044193 0.000001 0.000000 0.044927 0.735916 0.055783 0.031635 0.071520 0.016026 
0.000000 0.352583 0.046768 0.000000 0.000000 0.017891 0.103947 0.352537 0.098684 0.027590 
0.000000 0.050528 0.000001 0.000000 0.000000 0.829309 0.019201 0.055055 0.045906 0.000000 
0.000000 0.014798 0.000001 0.201106 0.590531 0.000000 0.013329 0.028088 0.146958 0.005190 
0.025827 0.054613 0.225007 0.000000 0.000000 0.000000 0.000005 0.240006 0.000000 0.454542 
0.000000 0.011540 0.489909 0.030884 0.025000 0.077141 0.080449 0.047654 0.013285 0.224138 
0.135085 0.066032 0.077489 0.000000 0.000000 0.000000 0.191643 0.460239 0.069511 0.000000 
0.011728 0.125541 0.000001 0.000000 0.000000 0.000000 0.416171 0.077795 0.368764 0.000000 
0.000000 0.035152 0.034949 0.076820 0.000000 0.000000 0.613008 0.230286 0.000000 0.009785 
0.074316 0.687825 0.072666 0.065041 0.000000 0.000000 0.089292 0.000000 0.010860 0.000000 
0.951848 0.000004 0.007816 0.000000 0.000000 0.000000 0.000004 0.000000 0.025279 0.015049 
0.000000 0.000004 0.000001 0.186421 0.437716 0.000000 0.375858 0.000000 0.000000 0.000000 
0.000000 0.141432 0.040599 0.020764 0.000000 0.000000 0.062460 0.388495 0.346250 0.000000 
0.950776 0.000004 0.000001 0.000000 0.000000 0.015857 0.006785 0.000000 0.023321 0.003257 
0.479916 0.015668 0.064280 0.344118 0.000000 0.028575 0.000005 0.067437 0.000000 0.000000 
0.000000 0.203040 0.023456 0.105689 0.000000 0.023723 0.093263 0.094094 0.456735 0.000000 
0.000000 0.054998 0.000001 0.039044 0.000000 0.092727 0.098765 0.104935 0.461596 0.147935 
0.000000 0.140049 0.000001 0.000000 0.107215 0.000000 0.100134 0.099098 0.553503 0.000000 
0.000000 0.000004 0.226480 0.000000 0.156193 0.546698 0.000005 0.009975 0.060644 0.000000 
0.000000 0.005180 0.005542 0.000000 0.000000 0.005413 0.000004 0.000000 0.000000 0.983860 
0.000000 0.000004 0.491664 0.000000 0.000000 0.147283 0.027159 0.111379 0.222511 0.000000 
0.052196 0.043584 0.039027 0.000000 0.000000 0.837465 0.011669 0.000000 0.000000 0.016059 
0.039921 0.045120 0.000001 0.114305 0.023838 0.702585 0.000006 0.013712 0.060513 0.000000 
0.000000 0.293825 0.046293 0.000000 0.438427 0.103124 0.057111 0.061220 0.000000 0.000000 
0.901083 0.000004 0.000001 0.000000 0.062328 0.016905 0.003978 0.000000 0.000000 0.015701 
0.030014 0.041391 0.019182 0.025874 0.000000 0.675354 0.124882 0.083304 0.000000 0.000000 
0.000000 0.000004 0.758323 0.183367 0.000000 0.000000 0.000005 0.000000 0.058301 0.000000 
0.829144 0.044376 0.000001 0.000000 0.000000 0.000000 0.006414 0.096261 0.023804 0.000000 
0.014302 0.638655 0.036163 0.196101 0.000000 0.015196 0.070032 0.000000 0.029552 0.000000 
0.000000 0.014979 0.018521 0.681881 0.000000 0.055923 0.020316 0.058058 0.000000 0.150320 
0.451810 0.020734 0.000001 0.513398 0.000000 0.014052 0.000005 0.000000 0.000000 0.000000 
0.000000 0.141755 0.060654 0.011500 0.094711 0.416304 0.019837 0.100670 0.138698 0.015869 
0.000000 0.090197 0.042712 0.240741 0.010367 0.040655 0.054710 0.044345 0.368124 0.108149 
0.000000 0.091833 0.000001 0.339693 0.000000 0.000000 0.053825 0.092980 0.421669 0.000000 
0.000000 0.000004 0.543266 0.175707 0.000000 0.000000 0.000005 0.188567 0.092450 0.000000 
0.027366 0.166764 0.013768 0.000000 0.000000 0.000000 0.045992 0.141084 0.151278 0.453747 
0.000000 0.083781 0.021594 0.000000 0.564074 0.051466 0.025148 0.175929 0.000000 0.078009 
0.080359 0.106109 0.051380 0.000000 0.000000 0.011091 0.012970 0.637744 0.000000 0.100347 
0.000000 0.185889 0.000001 0.000000 0.000000 0.013418 0.069782 0.086944 0.602781 0.041185 
0.008547 0.120509 0.093198 0.000000 0.000000 0.091109 0.103193 0.583443 0.000000 0.000000 
0.000000 0.162889 0.676836 0.000000 0.010721 0.000000 0.036725 0.000000 0.109110 0.003720 
0.114971 0.111913 0.209898 0.000000 0.221046 0.026458 0.018553 0.037023 0.260139 0.000000 
0.000000 0.128441 0.073001 0.110102 0.021965 0.000000 0.101784 0.564706 0.000000 0.000000 
0.165804 0.063982 0.000001 0.224327 0.000000 0.007836 0.081606 0.083412 0.373033 0.000000 
0.000000 0.135082 0.014922 0.000000 0.028792 0.000000 0.074368 0.099230 0.521228 0.126379 
0.718647 0.027947 0.019660 0.000000 0.000000 0.000000 0.045191 0.000000 0.118988 0.069567 
0.764430 0.130552 0.005403 0.026346 0.000000 0.000000 0.010005 0.019337 0.031274 0.012652 
0.606736 0.000003 0.000001 0.000000 0.307570 0.022636 0.000008 0.000000 0.043615 0.019431 
0.000000 0.264456 0.022640 0.000000 0.040981 0.000000 0.671923 0.000000 0.000000 0.000000 
0.031619 0.029190 0.443106 0.000000 0.000000 0.243446 0.239270 0.000000 0.000000 0.013369 
0.000000 0.083173 0.000001 0.000000 0.000000 0.010867 0.485538 0.000000 0.160579 0.259843 
0.000000 0.013323 0.000001 0.000000 0.000000 0.122621 0.615646 0.158406 0.035897 0.054106 
0.000000 0.116202 0.010591 0.016989 0.000000 0.009608 0.583420 0.217631 0.045560 0.000000 
0.000000 0.387456 0.138035 0.000000 0.000000 0.287458 0.078243 0.000000 0.108808 0.000000 
0.132796 0.048237 0.000001 0.167013 0.000000 0.000000 0.232578 0.020590 0.009855 0.388929 
0.000000 0.000004 0.210053 0.000000 0.023445 0.000000 0.008205 0.044518 0.020516 0.693259 
0.256796 0.316991 0.054691 0.000000 0.000000 0.000000 0.049597 0.310688 0.000000 0.011237 
0.000000 0.145968 0.000001 0.000000 0.092096 0.000000 0.322431 0.031641 0.407863 0.000000 
0.000000 0.017272 0.000001 0.007985 0.164777 0.000000 0.000006 0.016399 0.000000 0.793560 
0.000000 0.043654 0.179991 0.000000 0.738740 0.000000 0.037615 0.000000 0.000000 0.000000 
0.010449 0.621894 0.217179 0.000000 0.000000 0.000000 0.078936 0.000000 0.071541 0.000000 
0.056290 0.121048 0.298626 0.000000 0.000000 0.000000 0.055429 0.077624 0.362179 0.028805 
0.000000 0.067178 0.000001 0.652124 0.000000 0.000000 0.036145 0.031751 0.212801 0.000000 
0.000000 0.006322 0.014104 0.930861 0.021101 0.000000 0.027612 0.000000 0.000000 0.000000 
0.000000 0.000004 0.723513 0.000000 0.025017 0.187088 0.000005 0.000000 0.064373 0.000000 
0.000000 0.096696 0.000001 0.000000 0.450658 0.000000 0.039809 0.038251 0.374586 0.000000 
0.025665 0.160803 0.077330 0.013844 0.000000 0.000000 0.052564 0.669795 0.000000 0.000000 
0.000000 0.373136 0.029318 0.408885 0.000000 0.000000 0.188661 0.000000 0.000000 0.000000 
0.000000 0.018999 0.272353 0.197995 0.024860 0.261512 0.000006 0.077040 0.032107 0.115128 
0.004195 0.652554 0.064081 0.000000 0.000000 0.000000 0.101860 0.152867 0.024443 0.000000 
0.000000 0.000004 0.317411 0.000000 0.000000 0.008659 0.520515 0.034150 0.119260 0.000000 
0.000000 0.000004 0.252044 0.000000 0.000000 0.000000 0.013644 0.169113 0.026935 0.538260 
0.000000 0.038247 0.227501 0.000000 0.000000 0.000000 0.020924 0.000000 0.153201 0.560128 
0.000000 0.047211 0.000001 0.675498 0.032298 0.000000 0.085396 0.022715 0.053807 0.083074 
0.225801 0.000004 0.000001 0.005608 0.328962 0.024673 0.000005 0.000000 0.000000 0.414947 
0.338943 0.068655 0.000001 0.121945 0.000000 0.144672 0.015424 0.056730 0.253630 0.000000 
0.149249 0.064789 0.013168 0.000000 0.000000 0.000000 0.772794 0.000000 0.000000 0.000000 
0.025962 0.042533 0.159177 0.000000 0.000000 0.010789 0.023334 0.000000 0.023058 0.715147 
0.000000 0.068617 0.000001 0.332889 0.071213 0.118704 0.056855 0.072685 0.279035 0.000000 
0.000000 0.007349 0.000001 0.004145 0.982426 0.000000 0.006078 0.000000 0.000000 0.000000 
0.000000 0.054760 0.833737 0.007024 0.008698 0.000000 0.010001 0.000000 0.085779 0.000000 
0.000000 0.000004 0.007330 0.000000 0.000000 0.000000 0.662626 0.017799 0.000000 0.312241 
0.014368 0.649012 0.043818 0.178877 0.000000 0.000000 0.082844 0.000000 0.031080 0.000000 
0.031479 0.016629 0.078601 0.000000 0.000000 0.000000 0.003180 0.108752 0.000000 0.761359 
0.000000 0.031878 0.000001 0.037339 0.000000 0.231205 0.631969 0.000000 0.060193 0.007416 
0.060544 0.152083 0.000001 0.130185 0.000000 0.063861 0.173764 0.040825 0.197174 0.181563 
0.016092 0.055046 0.000001 0.000000 0.026651 0.848687 0.007554 0.026824 0.019145 0.000000 
0.103052 0.029253 0.137032 0.000000 0.730658 0.000000 0.000005 0.000000 0.000000 0.000000 
0.094555 0.000004 0.707700 0.000000 0.000000 0.000000 0.015257 0.076891 0.096735 0.008858 
0.000000 0.134123 0.427309 0.000000 0.000000 0.000000 0.050114 0.059260 0.320268 0.008926 
0.721806 0.050075 0.000001 0.006765 0.221348 0.000000 0.000005 0.000000 0.000000 0.000000 
0.585480 0.000004 0.000001 0.006644 0.064621 0.039551 0.303699 0.000000 0.000000 0.000000 
0.000000 0.006538 0.000001 0.993456 0.000000 0.000000 0.000005 0.000000 0.000000 0.000000 
0.000000 0.019542 0.221165 0.000000 0.035486 0.650019 0.000005 0.009024 0.064760 0.000000 
0.000000 0.062736 0.000001 0.396140 0.000000 0.280473 0.028194 0.073793 0.145831 0.012832 
0.375686 0.000004 0.000001 0.140300 0.000000 0.036572 0.447438 0.000000 0.000000 0.000000 
0.000000 0.111135 0.034882 0.000000 0.079334 0.018320 0.026541 0.562674 0.026726 0.140389 
0.254119 0.193962 0.037166 0.010158 0.000000 0.029700 0.030762 0.283224 0.000000 0.160910 
0.161442 0.146028 0.017817 0.018997 0.415243 0.000000 0.240472 0.000000 0.000000 0.000000 
0.007611 0.286670 0.021822 0.000000 0.000000 0.000000 0.414433 0.023583 0.206123 0.039758 
0.000000 0.000004 0.080919 0.021054 0.000000 0.017234 0.686275 0.026730 0.131604 0.036180 
0.000000 0.021721 0.000001 0.025490 0.807037 0.000000 0.000005 0.000000 0.000000 0.145746 
0.052015 0.048389 0.000001 0.078513 0.052020 0.000000 0.008855 0.000000 0.000000 0.760207 
0.012506 0.026968 0.000001 0.436477 0.000000 0.073059 0.080684 0.029043 0.000000 0.341264 
0.000000 0.081656 0.107801 0.000000 0.123647 0.000000 0.037882 0.530697 0.110994 0.007323 
0.000000 0.000004 0.318167 0.000000 0.098883 0.067607 0.009483 0.042917 0.121473 0.341466 
0.000000 0.072289 0.000001 0.012365 0.000000 0.596860 0.318486 0.000000 0.000000 0.000000 
0.000000 0.021716 0.000001 0.483039 0.011012 0.000000 0.140635 0.000000 0.000000 0.343596 
0.000000 0.443634 0.046768 0.025708 0.028756 0.000000 0.104345 0.296889 0.053899 0.000000 
0.000000 0.156901 0.067989 0.000000 0.000000 0.000000 0.018503 0.756607 0.000000 0.000000 
0.869202 0.051748 0.015920 0.000000 0.000000 0.006567 0.015914 0.000000 0.040648 0.000000 
0.000000 0.575918 0.206673 0.021439 0.069637 0.000000 0.088896 0.000000 0.000000 0.037436 
0.055497 0.020522 0.622048 0.030654 0.033154 0.000000 0.011773 0.000000 0.086578 0.139773 
0.028010 0.069014 0.025316 0.168772 0.023069 0.633944 0.000005 0.000000 0.000000 0.051870 
0.000000 0.021654 0.521525 0.037866 0.000000 0.000000 0.018882 0.108138 0.059714 0.232222 
0.000000 0.313221 0.278522 0.000000 0.309613 0.000000 0.046111 0.052533 0.000000 0.000000 
0.000000 0.005637 0.000001 0.019379 0.016339 0.000000 0.005629 0.000000 0.000000 0.953015 
0.000000 0.197576 0.070337 0.000000 0.009872 0.000000 0.100682 0.052098 0.150125 0.419309 
0.000000 0.101949 0.041863 0.000000 0.000000 0.437129 0.000006 0.419053 0.000000 0.000000 
0.720461 0.191933 0.023099 0.000000 0.000000 0.015970 0.023627 0.000000 0.000000 0.024910 
0.000000 0.073210 0.000001 0.000000 0.926785 0.000000 0.000005 0.000000 0.000000 0.000000 
0.045089 0.101954 0.000001 0.085792 0.000000 0.553385 0.014182 0.000000 0.100400 0.099198 
0.000000 0.106471 0.076907 0.010830 0.000000 0.000000 0.029645 0.664612 0.000000 0.111535 
0.149715 0.090588 0.000001 0.042136 0.043380 0.000000 0.076127 0.092562 0.468183 0.037308 
0.000000 0.099475 0.291280 0.310335 0.222589 0.000000 0.000005 0.000000 0.076316 0.000000 
0.000000 0.000004 0.010109 0.779302 0.000000 0.012897 0.070622 0.000000 0.000000 0.127066 
0.000000 0.000004 0.000001 0.000000 0.000000 0.009825 0.040409 0.000000 0.000000 0.949761 
0.400561 0.000004 0.000001 0.000000 0.000000 0.000000 0.576035 0.023400 0.000000 0.000000 
0.014547 0.000004 0.715742 0.214469 0.000000 0.000000 0.000005 0.000000 0.055234 0.000000 
0.000000 0.165549 0.012206 0.000000 0.000000 0.005538 0.252975 0.000000 0.000000 0.563732 
0.014050 0.000004 0.000001 0.724401 0.000000 0.190291 0.032989 0.000000 0.038264 0.000000 
0.000000 0.000004 0.000001 0.000000 0.000000 0.013200 0.986795 0.000000 0.000000 0.000000 
0.000000 0.001714 0.000001 0.982630 0.000000 0.009916 0.000005 0.005735 0.000000 0.000000 
0.645286 0.074329 0.000001 0.194390 0.046008 0.000000 0.000006 0.022912 0.017069 0.000000 
0.007115 0.487131 0.113446 0.000000 0.107454 0.000000 0.284853 0.000000 0.000000 0.000000 
0.011129 0.067538 0.462743 0.000000 0.000000 0.000000 0.015689 0.416052 0.026848 0.000000 
0.135028 0.008509 0.016616 0.146708 0.028716 0.000000 0.664423 0.000000 0.000000 0.000000 
0.000000 0.034733 0.000001 0.103749 0.000000 0.000000 0.086896 0.047164 0.199106 0.528351 
0.000000 0.100492 0.094238 0.000000 0.000000 0.000000 0.066842 0.379778 0.131111 0.227538 
0.370681 0.389791 0.032312 0.082007 0.000000 0.000000 0.040217 0.084992 0.000000 0.000000 
0.569638 0.070254 0.009972 0.000000 0.000000 0.000000 0.037217 0.051068 0.261849 0.000000 
0.000000 0.000004 0.749161 0.000000 0.034585 0.014897 0.005456 0.116164 0.079733 0.000000 
0.000000 0.055290 0.000001 0.000000 0.000000 0.559246 0.000005 0.124282 0.044438 0.216738 
0.171562 0.507169 0.034807 0.000000 0.000000 0.179789 0.063240 0.000000 0.043433 0.000000 
0.000000 0.000004 0.023649 0.741941 0.000000 0.000000 0.063218 0.000000 0.000000 0.171189 
0.054627 0.093954 0.000001 0.000000 0.479354 0.000000 0.032668 0.029230 0.310166 0.000000 
0.000000 0.025545 0.018913 0.524665 0.000000 0.314630 0.043888 0.000000 0.072360 0.000000 
0.873056 0.011823 0.000001 0.009673 0.000000 0.000000 0.023920 0.000000 0.058348 0.023178 
0.342159 0.297069 0.257923 0.000000 0.000000 0.006024 0.034301 0.000000 0.049655 0.012869 
0.000000 0.134302 0.119819 0.000000 0.000000 0.011278 0.035482 0.693381 0.000000 0.005737 
0.081820 0.008829 0.018985 0.857126 0.000000 0.033234 0.000005 0.000000 0.000000 0.000000 
0.000000 0.046915 0.012985 0.150443 0.194008 0.518898 0.076751 0.000000 0.000000 0.000000 
0.000000 0.047369 0.031269 0.047131 0.028421 0.153839 0.000005 0.240185 0.000000 0.451781 
0.878744 0.014806 0.000001 0.000000 0.000000 0.000000 0.055551 0.000000 0.000000 0.050898 
0.000000 0.051485 0.000001 0.000000 0.000000 0.028927 0.776505 0.000000 0.143082 0.000000 
0.000000 0.000004 0.000001 0.007388 0.206620 0.000000 0.641765 0.000000 0.000000 0.144222 
0.893606 0.006329 0.088119 0.000000 0.000000 0.000000 0.000006 0.000000 0.000000 0.011939 
0.000000 0.268797 0.098595 0.469456 0.000000 0.022661 0.019594 0.120897 0.000000 0.000000 
0.000000 0.027357 0.029186 0.570200 0.000000 0.284454 0.000005 0.000000 0.053118 0.035680 
0.000000 0.051636 0.041771 0.012970 0.000000 0.835982 0.029863 0.000000 0.025969 0.001809 
0.000000 0.693038 0.048744 0.010091 0.000000 0.000000 0.075397 0.172730 0.000000 0.000000 
0.000000 0.152983 0.000001 0.000000 0.000000 0.014624 0.107695 0.091917 0.632780 0.000000 
0.159072 0.022389 0.120511 0.000000 0.000000 0.033527 0.000006 0.000000 0.000000 0.664496 
0.000000 0.000004 0.035122 0.000000 0.000000 0.192221 0.722146 0.000000 0.000000 0.050507 
0.026892 0.153109 0.017340 0.000000 0.099651 0.645751 0.033200 0.000000 0.024058 0.000000 
0.000000 0.000004 0.578339 0.000000 0.059278 0.006799 0.000005 0.068796 0.052508 0.234270 
0.955475 0.000004 0.003346 0.023805 0.000000 0.000000 0.000004 0.000000 0.000000 0.017367 
0.067035 0.181647 0.547215 0.000000 0.000000 0.000000 0.030872 0.056371 0.061583 0.055276 
0.421755 0.036238 0.020874 0.000000 0.000000 0.209082 0.006533 0.099965 0.000000 0.205553 
0.820019 0.094118 0.031164 0.000000 0.000000 0.000000 0.045297 0.000000 0.009402 0.000000 
0.221487 0.000004 0.441090 0.214170 0.024092 0.019219 0.000005 0.000000 0.034178 0.045755 
0.000000 0.023998 0.082872 0.000000 0.000000 0.000000 0.000005 0.073640 0.000000 0.819485 
0.013370 0.022237 0.000001 0.000000 0.000000 0.193704 0.000005 0.000000 0.043851 0.726831 
0.000000 0.165807 0.074173 0.000000 0.017709 0.000000 0.075131 0.433464 0.000000 0.233716 
0.000000 0.114652 0.022497 0.000000 0.000000 0.420414 0.045801 0.056503 0.329672 0.010461 
0.086172 0.226073 0.051480 0.000000 0.018815 0.000000 0.015735 0.388387 0.018330 0.195008 
0.604373 0.000004 0.337803 0.000000 0.000000 0.000000 0.000004 0.057816 0.000000 0.000000 
0.000000 0.000004 0.000001 0.005582 0.979254 0.000000 0.015159 0.000000 0.000000 0.000000 
0.000000 0.065343 0.000001 0.000000 0.450437 0.294382 0.000005 0.189832 0.000000 0.000000 
0.000000 0.158008 0.021171 0.085917 0.000000 0.601285 0.006684 0.000000 0.126935 0.000000 
0.000000 0.472126 0.092625 0.188949 0.002889 0.000000 0.243410 0.000000 0.000000 0.000000 
0.043527 0.072274 0.007572 0.866252 0.000000 0.000000 0.000005 0.000000 0.000000 0.010370 
0.005145 0.011818 0.000001 0.019322 0.903886 0.000000 0.006639 0.023338 0.029851 0.000000 
0.008893 0.074871 0.136745 0.000000 0.296734 0.000000 0.098508 0.384249 0.000000 0.000000 
0.011746 0.132129 0.035327 0.000000 0.012861 0.000000 0.120857 0.186691 0.500389 0.000000 
0.000000 0.037221 0.022269 0.000000 0.900194 0.000000 0.010065 0.000000 0.030250 0.000000 
0.000000 0.106559 0.117476 0.020785 0.000000 0.249830 0.024107 0.481243 0.000000 0.000000 
0.000000 0.251006 0.009015 0.013639 0.000000 0.114608 0.071103 0.033041 0.000000 0.507588 
0.070831 0.010303 0.621624 0.000000 0.000000 0.000000 0.025780 0.186368 0.076208 0.008885 
0.000000 0.187269 0.475657 0.000000 0.000000 0.000000 0.286103 0.000000 0.050971 0.000000 
0.241645 0.000004 0.578641 0.000000 0.027589 0.000000 0.000005 0.000000 0.048844 0.103272 
0.155656 0.023883 0.000001 0.000000 0.309265 0.165207 0.000005 0.000000 0.000000 0.345983 
0.077064 0.411321 0.193014 0.203194 0.000000 0.000000 0.080293 0.000000 0.035114 0.000000 
0.303736 0.467409 0.018186 0.000000 0.013325 0.000000 0.095787 0.000000 0.101556 0.000000 
0.722139 0.000004 0.046467 0.000000 0.055673 0.000000 0.000005 0.000000 0.000000 0.175711 
0.000000 0.000004 0.014472 0.000000 0.362704 0.000000 0.622819 0.000000 0.000000 0.000000 
0.262808 0.056441 0.000001 0.026001 0.335019 0.000000 0.040519 0.279212 0.000000 0.000000 
0.041319 0.045767 0.000001 0.616249 0.000000 0.000000 0.021962 0.032492 0.150017 0.092193 
0.000000 0.071665 0.000001 0.000000 0.223571 0.000000 0.687683 0.017079 0.000000 0.000000 
0.012716 0.112356 0.042764 0.000000 0.000000 0.000000 0.234408 0.597756 0.000000 0.000000 
0.000000 0.050871 0.041155 0.000000 0.000000 0.536902 0.190359 0.071754 0.108959 0.000000 
0.011151 0.000003 0.014358 0.000000 0.000000 0.000000 0.974488 0.000000 0.000000 0.000000 
0.041552 0.090724 0.000001 0.000000 0.000000 0.000000 0.826599 0.000000 0.000000 0.041125 
0.505252 0.188484 0.049199 0.000000 0.000000 0.000000 0.022182 0.000000 0.075267 0.159616 
0.000000 0.000004 0.908929 0.000000 0.000000 0.000000 0.003343 0.000000 0.087724 0.000000 
0.839568 0.010229 0.007909 0.106535 0.000000 0.000000 0.012771 0.000000 0.012623 0.010365 
0.000000 0.103835 0.000001 0.033801 0.388470 0.000000 0.120523 0.096188 0.257182 0.000000 
0.247159 0.082597 0.069370 0.014045 0.028336 0.000000 0.029623 0.528870 0.000000 0.000000 
0.266648 0.023255 0.000001 0.434213 0.130342 0.011036 0.111074 0.000000 0.000000 0.023432 
0.000000 0.011767 0.016280 0.000000 0.877858 0.012549 0.009914 0.026277 0.000000 0.045354 
0.463697 0.049257 0.311561 0.000000 0.000000 0.000000 0.022471 0.000000 0.067175 0.085840 
0.017992 0.000004 0.000001 0.000000 0.000000 0.000000 0.930167 0.036084 0.000000 0.015753 
0.000000 0.000004 0.000001 0.000000 0.010956 0.000000 0.000004 0.051662 0.023955 0.913418 
0.268508 0.370508 0.021709 0.014114 0.000000 0.006336 0.075768 0.000000 0.234663 0.008394 
0.000000 0.026340 0.024659 0.000000 0.702414 0.018925 0.020964 0.068708 0.128879 0.009111 
0.031420 0.114030 0.000001 0.000000 0.022762 0.000000 0.106876 0.113825 0.611086 0.000000 
0.000000 0.034734 0.000001 0.000000 0.828997 0.000000 0.000005 0.130814 0.000000 0.005449 
0.000000 0.054615 0.016607 0.000000 0.058955 0.812748 0.000005 0.000000 0.045077 0.011992 
0.000000 0.696278 0.092199 0.009183 0.077197 0.000000 0.106819 0.000000 0.018323 0.000000 
0.000000 0.000003 0.000000 0.369729 0.000000 0.000000 0.000004 0.000000 0.000000 0.630263 
0.000000 0.719571 0.068470 0.000000 0.041345 0.000000 0.089634 0.020666 0.060314 0.000000 
0.000000 0.580598 0.025131 0.000000 0.031302 0.000000 0.332398 0.000000 0.030571 0.000000 
0.000000 0.000004 0.000001 0.581027 0.000000 0.096103 0.060579 0.000000 0.016091 0.246195 
0.000000 0.000004 0.014294 0.332364 0.000000 0.066002 0.000005 0.012834 0.000000 0.574497 
0.000000 0.022178 0.000001 0.000000 0.025794 0.347516 0.013536 0.000000 0.027803 0.563172 
0.000000 0.091218 0.000001 0.023737 0.041528 0.718930 0.014270 0.021405 0.083241 0.005670 
0.000000 0.049776 0.000001 0.000000 0.193125 0.623527 0.000005 0.033391 0.100176 0.000000 
0.000000 0.108864 0.114023 0.000000 0.000000 0.000000 0.047974 0.729139 0.000000 0.000000 
0.000000 0.026497 0.443124 0.000000 0.050031 0.234851 0.091468 0.013122 0.095021 0.045886 
0.006822 0.355295 0.042228 0.000000 0.000000 0.005418 0.116502 0.379046 0.094688 0.000000 
0.009409 0.119146 0.000001 0.000000 0.122556 0.000000 0.421230 0.031877 0.282281 0.013501 
0.000000 0.087783 0.000001 0.112105 0.343938 0.000000 0.063230 0.062909 0.330033 0.000000 
0.013852 0.182960 0.000001 0.028031 0.513148 0.146165 0.021422 0.019234 0.075187 0.000000 
0.000000 0.017322 0.784302 0.000000 0.009470 0.000000 0.005703 0.000000 0.095703 0.087500 
0.000000 0.145433 0.000001 0.000000 0.000000 0.094346 0.071657 0.083883 0.576452 0.028229 
0.000000 0.067767 0.257471 0.480297 0.012865 0.000000 0.010758 0.170841 0.000000 0.000000 
0.000000 0.081490 0.031783 0.138716 0.000000 0.000000 0.107009 0.088069 0.524615 0.028318 
0.097630 0.045321 0.031477 0.323980 0.000000 0.017819 0.137843 0.288604 0.000000 0.057325 
0.106750 0.058002 0.000001 0.000000 0.233199 0.001769 0.033264 0.051868 0.290692 0.224454 
0.089739 0.126815 0.077984 0.000000 0.000000 0.030641 0.041533 0.624077 0.000000 0.009211 
0.000000 0.025333 0.000001 0.718232 0.154929 0.000000 0.101505 0.000000 0.000000 0.000000 
0.606081 0.000004 0.000001 0.000000 0.000000 0.007002 0.373543 0.013370 0.000000 0.000000 
0.000000 0.156106 0.592872 0.000000 0.000000 0.000000 0.070769 0.121633 0.058620 0.000000 
0.462406 0.000004 0.007209 0.019977 0.206031 0.000000 0.304373 0.000000 0.000000 0.000000 
0.000000 0.133996 0.134687 0.000000 0.037738 0.252632 0.015877 0.397008 0.028062 0.000000 
0.185077 0.055357 0.010679 0.238653 0.000000 0.344742 0.023479 0.000000 0.142013 0.000000 
0.000000 0.000004 0.000001 0.000000 0.000000 0.011689 0.936130 0.000000 0.052177 0.000000 
0.010507 0.000004 0.066913 0.000000 0.000000 0.095531 0.760646 0.000000 0.066399 0.000000 
0.000000 0.030542 0.119200 0.000000 0.000000 0.000000 0.639010 0.000000 0.000000 0.211248 
