-3847233.854263
0
0.000001 0.000319 0.000000 0.000400 0.000000 0.000000 0.000000 0.000357 0.000002 0.019664 0.000020 0.004935 0.000908 0.000914 0.000997 0.003527 0.000694 0.000224 0.001062 0.001005 0.000000 0.000000 0.000570 0.000000 0.001035 0.000587 0.000000 0.001513 0.000256 0.000355 0.000807 0.000336 0.075933 0.101662 0.020756 0.080379 0.000000 0.001230 0.000881 0.001631 0.001018 0.000776 0.000933 0.004580 0.000000 0.001046 0.000716 0.001347 0.000257 0.000001 0.000000 0.000000 0.000000 0.000410 0.000000 0.000000 0.000000 0.021225 0.000668 0.016918 0.000000 0.000000 0.000627 0.000703 0.000201 0.000000 0.000423 0.008025 0.000000 0.000000 0.001864 0.000825 0.000826 0.002031 0.000000 0.001158 0.000000 0.001038 0.000000 0.000000 0.115929 0.290232 0.099758 0.082775 0.001114 0.001489 0.001288 0.005022 0.002434 0.001845 0.002073 0.002189 0.000000 0.001083 0.001100 0.001095 
0.000553 0.000928 0.000315 0.008467 0.000327 0.000141 0.000000 0.000117 0.000001 0.002415 0.012746 0.004937 0.000000 0.000000 0.000000 0.001146 0.003697 0.005254 0.002278 0.004213 0.000000 0.004183 0.001352 0.014235 0.002518 0.000001 0.000476 0.015136 0.000000 0.000000 0.000000 0.000000 0.001067 0.002178 0.010907 0.003843 0.000000 0.000001 0.000000 0.000688 0.000469 0.002372 0.001864 0.001741 0.001943 0.002093 0.003211 0.018474 0.001259 0.001889 0.000214 0.007869 0.000000 0.000251 0.000000 0.000377 0.000000 0.013135 0.026815 0.015809 0.000000 0.000152 0.000000 0.000539 0.006559 0.010292 0.005428 0.012683 0.000000 0.002031 0.000945 0.002688 0.037556 0.010639 0.003324 0.306552 0.000000 0.000000 0.000000 0.000214 0.004966 0.021822 0.215850 0.039603 0.000000 0.001044 0.000000 0.002863 0.003296 0.010542 0.006497 0.009660 0.004784 0.009801 0.001996 0.063765 
0.000161 0.000366 0.000000 0.000228 0.000000 0.000000 0.000000 0.000755 0.006790 0.003234 0.002989 0.003105 0.000000 0.000000 0.000686 0.000231 0.001252 0.000401 0.000766 0.001609 0.000000 0.000000 0.000470 0.000570 0.000087 0.000000 0.000000 0.000231 0.000000 0.000188 0.000000 0.000000 0.015513 0.003847 0.004556 0.007841 0.000000 0.000522 0.000000 0.000747 0.000606 0.000212 0.000262 0.000221 0.000000 0.000001 0.000001 0.000000 0.000378 0.000001 0.000000 0.000001 0.000000 0.000001 0.000000 0.000228 0.007413 0.001942 0.000000 0.002777 0.000000 0.000000 0.000000 0.000000 0.000003 0.000000 0.000001 0.000335 0.000104 0.000000 0.000199 0.000125 0.015259 0.006849 0.002180 0.011486 0.037160 0.000000 0.001685 0.068158 0.424797 0.082275 0.047395 0.229070 0.000000 0.000001 0.000000 0.000001 0.000002 0.000217 0.000380 0.000845 0.000000 0.000000 0.000285 0.000000 
0.010263 0.004746 0.000664 0.004038 0.004129 0.002476 0.000000 0.002958 0.006481 0.006080 0.003485 0.007077 0.012644 0.003449 0.007020 0.019120 0.029021 0.011793 0.020245 0.026857 0.037460 0.005594 0.005127 0.021049 0.008356 0.002872 0.000000 0.005127 0.001819 0.002221 0.000000 0.003904 0.009962 0.006038 0.002154 0.008394 0.005317 0.003747 0.005101 0.005485 0.017887 0.013369 0.017239 0.031292 0.024118 0.007028 0.013926 0.056959 0.012659 0.008907 0.000000 0.007470 0.000777 0.002938 0.000000 0.004327 0.004186 0.003525 0.000000 0.008678 0.003793 0.002843 0.002899 0.002689 0.009847 0.010891 0.010828 0.014711 0.007732 0.000402 0.005059 0.019504 0.023590 0.003603 0.000000 0.033692 0.002642 0.002637 0.000000 0.003708 0.000000 0.006364 0.000000 0.007980 0.022585 0.002060 0.015225 0.012895 0.017805 0.015672 0.010677 0.036289 0.054475 0.008607 0.009360 0.061380 
0.011034 0.002704 0.003704 0.001393 0.027174 0.014930 0.007506 0.025208 0.022811 0.013628 0.003096 0.014357 0.005693 0.005009 0.009657 0.000001 0.031563 0.014570 0.024819 0.023808 0.000000 0.002263 0.008782 0.005492 0.004969 0.003386 0.003607 0.001325 0.017449 0.015036 0.006530 0.025742 0.027088 0.015116 0.004957 0.018285 0.004164 0.003822 0.010527 0.005737 0.013440 0.015816 0.015825 0.016355 0.000000 0.006087 0.009229 0.006665 0.003973 0.008104 0.003431 0.006098 0.014148 0.011275 0.002636 0.017458 0.026327 0.015013 0.000000 0.016230 0.005981 0.002806 0.009080 0.000383 0.015278 0.008596 0.012720 0.011724 0.003391 0.004044 0.014720 0.002519 0.006349 0.017742 0.004731 0.002381 0.014491 0.023625 0.003909 0.033104 0.014051 0.017127 0.000000 0.010082 0.002048 0.007297 0.004525 0.002518 0.017951 0.016217 0.013465 0.013823 0.000000 0.007374 0.010753 0.010140 
0.009158 0.007266 0.001765 0.004291 0.001113 0.002685 0.000708 0.002257 0.031676 0.014690 0.201169 0.010916 0.003800 0.001372 0.001776 0.006828 0.015313 0.005854 0.008721 0.009428 0.001298 0.001639 0.000784 0.002922 0.004147 0.004915 0.000000 0.000005 0.000705 0.000000 0.000669 0.000667 0.025069 0.022382 0.105584 0.019168 0.000000 0.000333 0.000000 0.000001 0.003975 0.004159 0.004599 0.006813 0.000000 0.001838 0.000899 0.000000 0.007438 0.005334 0.000000 0.002559 0.000476 0.002313 0.000000 0.000000 0.023630 0.026240 0.110697 0.014137 0.000000 0.000000 0.000682 0.000471 0.012065 0.006221 0.004199 0.011924 0.000000 0.000000 0.000563 0.000000 0.011627 0.011545 0.002781 0.008539 0.001880 0.001657 0.000476 0.003319 0.018466 0.019083 0.085597 0.014488 0.005451 0.001268 0.000576 0.001639 0.007752 0.004898 0.008686 0.005917 0.000000 0.000000 0.002048 0.000001 
0.001552 0.002849 0.000903 0.001905 0.001059 0.001002 0.000000 0.001665 0.032056 0.016094 0.090445 0.015846 0.000642 0.003846 0.000000 0.005266 0.008638 0.005607 0.024707 0.002474 0.000000 0.001720 0.000386 0.002541 0.009028 0.021623 0.008994 0.055372 0.000000 0.000000 0.000000 0.000214 0.008983 0.010148 0.088237 0.009456 0.000000 0.002216 0.000741 0.000609 0.006439 0.003836 0.028304 0.003707 0.000235 0.003531 0.004915 0.009103 0.002334 0.005353 0.002122 0.008855 0.000000 0.002857 0.000000 0.001340 0.063905 0.075771 0.133394 0.054377 0.000000 0.002394 0.000618 0.001759 0.012846 0.006249 0.012187 0.004572 0.000000 0.001261 0.001008 0.002719 0.001887 0.003196 0.001197 0.006450 0.000000 0.000000 0.000000 0.000000 0.006830 0.006320 0.038541 0.004762 0.000000 0.000748 0.000000 0.000642 0.006116 0.003581 0.011598 0.003398 0.000917 0.001961 0.000611 0.008426 
0.040683 0.039397 0.000000 0.040023 0.010484 0.004900 0.000000 0.011282 0.019107 0.005088 0.010703 0.024116 0.014848 0.014815 0.015471 0.028065 0.015135 0.007358 0.008825 0.022757 0.000000 0.000232 0.007994 0.001466 0.035060 0.026579 0.000000 0.032121 0.007820 0.007589 0.000000 0.009175 0.001258 0.001487 0.002900 0.019439 0.014078 0.022078 0.017017 0.031834 0.004054 0.012214 0.003834 0.010032 0.000000 0.002116 0.007146 0.001264 0.024151 0.014343 0.000000 0.024624 0.003612 0.002701 0.000000 0.007559 0.000000 0.000009 0.006527 0.005141 0.008566 0.009393 0.009487 0.021875 0.004369 0.005645 0.004216 0.008681 0.000462 0.000738 0.008165 0.005630 0.028065 0.015686 0.000000 0.039176 0.004871 0.004368 0.000000 0.006887 0.000000 0.001997 0.000000 0.008273 0.015749 0.014190 0.008543 0.033454 0.003931 0.005709 0.000121 0.008683 0.000000 0.002682 0.006087 0.003790 
0.040164 0.033255 0.022065 0.025639 0.007346 0.004086 0.002985 0.003106 0.010382 0.006838 0.000522 0.002994 0.003845 0.002586 0.009739 0.001858 0.004774 0.000218 0.005895 0.000486 0.000000 0.000000 0.000485 0.000000 0.053518 0.070467 0.010516 0.047945 0.010262 0.008922 0.006915 0.007899 0.020540 0.015121 0.006952 0.019542 0.007595 0.011540 0.038549 0.011221 0.004551 0.000701 0.010072 0.004090 0.000000 0.000786 0.004119 0.001026 0.043483 0.047289 0.025491 0.027925 0.006990 0.008749 0.007121 0.004868 0.006440 0.006475 0.000000 0.007397 0.007537 0.004757 0.015512 0.003812 0.005039 0.000000 0.003358 0.000329 0.000000 0.000000 0.000000 0.000000 0.036674 0.059975 0.011535 0.044072 0.002115 0.008831 0.003138 0.000000 0.000000 0.005143 0.000000 0.006912 0.004051 0.004297 0.008650 0.002943 0.000639 0.000001 0.002917 0.000518 0.000000 0.000000 0.002045 0.000852 
0.032213 0.000000 0.126599 0.034618 0.005438 0.341499 0.089113 0.200290 0.170232 
0.000001 0.000000 0.981443 0.004015 0.000004 0.000001 0.003882 0.000121 0.010534 
0.034935 0.000000 0.022139 0.080114 0.219324 0.001928 0.133512 0.429835 0.078214 
0.598406 0.286824 0.019688 0.010994 0.027877 0.008157 0.000005 0.019071 0.028978 
0.018216 0.921977 0.000000 0.000027 0.000003 0.023968 0.029585 0.000280 0.005943 
0.158780 0.000000 0.020364 0.477065 0.000004 0.003022 0.291118 0.049647 0.000000 
0.000001 0.000000 0.006778 0.158372 0.096538 0.021923 0.000005 0.028706 0.687676 
0.074837 0.000000 0.297980 0.089033 0.314779 0.000001 0.050705 0.172666 0.000000 
0.016925 0.015603 0.154164 0.074311 0.419625 0.000001 0.020497 0.298874 0.000000 
0.044271 0.027220 0.000001 0.037924 0.049707 0.053304 0.331179 0.237721 0.218673 
0.000001 0.866516 0.000000 0.058389 0.012270 0.000001 0.000005 0.009756 0.053062 
0.000001 0.048491 0.017274 0.035669 0.368552 0.000001 0.309013 0.220999 0.000000 
0.005833 0.000000 0.009112 0.050464 0.122517 0.034550 0.000005 0.571262 0.206257 
0.000001 0.034230 0.002229 0.591116 0.028905 0.168308 0.093405 0.081806 0.000000 
0.180824 0.000000 0.020591 0.004593 0.071837 0.240146 0.011165 0.064190 0.406653 
0.024776 0.376732 0.000000 0.059790 0.298223 0.014255 0.040506 0.185717 0.000000 
0.000001 0.918882 0.007428 0.000026 0.000004 0.000000 0.000005 0.053273 0.020381 
0.000001 0.000000 0.000000 0.449687 0.126622 0.017980 0.026088 0.072046 0.307577 
0.911547 0.003380 0.011645 0.003291 0.000003 0.026554 0.018496 0.000403 0.024680 
0.000001 0.000000 0.016152 0.544021 0.058685 0.020739 0.028508 0.074771 0.257122 
0.000001 0.000000 0.472374 0.178536 0.000004 0.017057 0.024297 0.195576 0.112157 
0.000001 0.582098 0.029832 0.091567 0.000004 0.192448 0.050988 0.022353 0.030710 
0.000001 0.000000 0.015975 0.490881 0.000004 0.017881 0.045414 0.393384 0.036461 
0.037847 0.000000 0.008110 0.041334 0.350159 0.000001 0.004714 0.186299 0.371537 
0.644262 0.337303 0.018091 0.000023 0.000003 0.000000 0.000004 0.000312 0.000000 
0.065005 0.000000 0.000001 0.089063 0.219085 0.282150 0.215924 0.128771 0.000000 
0.815074 0.000000 0.010476 0.134421 0.000004 0.010539 0.007611 0.021875 0.000000 
0.217414 0.262391 0.000000 0.004808 0.015608 0.178028 0.000005 0.062635 0.259111 
0.470899 0.000000 0.000000 0.351678 0.076589 0.023956 0.000005 0.076871 0.000000 
0.647544 0.207094 0.000000 0.008724 0.008118 0.000001 0.000005 0.005070 0.123443 
0.000001 0.000000 0.780274 0.142654 0.024033 0.012062 0.000005 0.040971 0.000000 
0.295783 0.000000 0.022013 0.058053 0.055665 0.033057 0.000005 0.493615 0.041810 
0.032098 0.000000 0.000000 0.186753 0.441657 0.000001 0.132106 0.207385 0.000000 
0.046933 0.329394 0.011823 0.120159 0.259848 0.000001 0.072022 0.159820 0.000000 
0.988135 0.000000 0.011740 0.000018 0.000003 0.000000 0.000004 0.000099 0.000000 
0.143345 0.000000 0.000001 0.018304 0.000004 0.000001 0.801904 0.025553 0.010889 
0.022788 0.000000 0.000001 0.041150 0.025613 0.502229 0.080798 0.319003 0.008418 
0.039423 0.233962 0.000000 0.155868 0.317731 0.000001 0.117220 0.135794 0.000000 
0.191511 0.000000 0.000000 0.053711 0.433355 0.000000 0.000004 0.262536 0.058882 
0.000001 0.000000 0.004154 0.049799 0.163145 0.571763 0.044238 0.166900 0.000000 
0.000001 0.000000 0.121069 0.087478 0.000004 0.105931 0.131860 0.518894 0.034764 
0.000001 0.015308 0.022060 0.045887 0.371023 0.244145 0.047436 0.222328 0.031811 
0.026972 0.008769 0.008045 0.761224 0.014780 0.000001 0.060372 0.103986 0.015852 
0.000001 0.000000 0.009863 0.104536 0.021550 0.032737 0.013642 0.592716 0.224955 
0.014381 0.000000 0.728048 0.041149 0.018989 0.148381 0.018527 0.023983 0.006543 
0.647500 0.036766 0.247965 0.009956 0.000004 0.000001 0.040999 0.016809 0.000000 
0.192553 0.000000 0.083531 0.068057 0.031229 0.278761 0.082071 0.063828 0.199969 
0.000001 0.000000 0.007853 0.067692 0.437020 0.012794 0.033012 0.441628 0.000000 
0.000001 0.029639 0.002581 0.054557 0.017041 0.319411 0.047263 0.503426 0.026081 
0.019041 0.000000 0.000000 0.283450 0.359665 0.000001 0.015060 0.236690 0.086093 
0.061890 0.034321 0.023743 0.075841 0.000004 0.059840 0.000005 0.677033 0.067324 
0.000001 0.077906 0.023848 0.000025 0.029466 0.013795 0.481437 0.000418 0.373104 
0.000001 0.092684 0.655667 0.000024 0.035546 0.010883 0.018474 0.015167 0.171554 
0.876289 0.025001 0.067532 0.015567 0.014097 0.000001 0.000006 0.001508 0.000000 
0.000001 0.000000 0.000000 0.000019 0.106425 0.026305 0.000005 0.031146 0.836099 
0.009051 0.000000 0.000001 0.000020 0.108671 0.000001 0.003558 0.074401 0.804298 
0.000001 0.000000 0.015969 0.000026 0.000004 0.000001 0.931413 0.044719 0.007868 
0.034147 0.044820 0.000000 0.125076 0.479549 0.000001 0.126557 0.189850 0.000000 
0.984791 0.000000 0.006071 0.000023 0.000003 0.005270 0.000005 0.003836 0.000000 
0.032066 0.000000 0.000000 0.143503 0.365859 0.179246 0.113523 0.163180 0.002623 
0.018299 0.737079 0.000000 0.023275 0.028955 0.125281 0.026161 0.032265 0.008684 
0.000001 0.000000 0.000000 0.000028 0.000003 0.015975 0.983167 0.000825 0.000000 
0.023911 0.073311 0.011379 0.486469 0.087667 0.019520 0.052625 0.211182 0.033935 
0.055245 0.006086 0.019468 0.073393 0.204267 0.416495 0.033141 0.191905 0.000000 
0.007913 0.000000 0.000001 0.040514 0.439584 0.000001 0.000005 0.264714 0.247269 
0.039536 0.000000 0.000000 0.460122 0.217675 0.000001 0.159035 0.120871 0.002760 
0.021688 0.959402 0.000000 0.000026 0.000003 0.000000 0.000004 0.004096 0.014779 
0.000001 0.008630 0.026196 0.033293 0.074155 0.022845 0.071968 0.356593 0.406318 
0.000001 0.000000 0.330865 0.129898 0.334837 0.000000 0.015791 0.175217 0.013390 
0.082575 0.000000 0.000000 0.308112 0.054204 0.000001 0.034848 0.022306 0.497955 
0.018310 0.000000 0.338491 0.082678 0.188560 0.171489 0.052644 0.147828 0.000000 
0.000001 0.017968 0.000000 0.033526 0.046700 0.456735 0.052638 0.035242 0.357189 
0.000001 0.049488 0.007148 0.608411 0.032118 0.137026 0.027767 0.138041 0.000000 
0.010616 0.688532 0.000000 0.016038 0.070006 0.000001 0.175551 0.039256 0.000000 
0.000001 0.000000 0.174475 0.186092 0.000004 0.000001 0.559634 0.056064 0.023730 
0.000001 0.999692 0.000000 0.000022 0.000003 0.000001 0.000005 0.000276 0.000000 
0.195617 0.050871 0.000000 0.084403 0.203242 0.222582 0.093017 0.116029 0.034238 
0.080774 0.000000 0.000000 0.088205 0.000004 0.268110 0.000005 0.517873 0.045028 
0.000001 0.000000 0.192598 0.050583 0.000004 0.036377 0.000005 0.582457 0.137975 
0.000001 0.025467 0.265488 0.000029 0.006853 0.000001 0.678254 0.017602 0.006307 
0.021346 0.000000 0.000000 0.117373 0.405057 0.058632 0.206655 0.190936 0.000000 
0.000001 0.010293 0.000000 0.012591 0.000004 0.345511 0.541135 0.090465 0.000000 
0.000001 0.952113 0.000000 0.000026 0.000004 0.000001 0.013829 0.007494 0.026533 
0.290139 0.000000 0.000000 0.420509 0.068067 0.000001 0.055367 0.086817 0.079101 
0.773288 0.000000 0.015008 0.024820 0.000004 0.017971 0.000005 0.147001 0.021905 
0.527947 0.000000 0.011902 0.075070 0.060286 0.004938 0.000005 0.030396 0.289456 
0.000001 0.013244 0.000000 0.038050 0.067820 0.668947 0.142092 0.069845 0.000000 
0.251359 0.000000 0.000000 0.016585 0.000004 0.613230 0.039390 0.079431 0.000000 
0.000001 0.426862 0.129953 0.135871 0.034946 0.000001 0.221419 0.050947 0.000000 
0.145594 0.000000 0.028859 0.268859 0.048111 0.027167 0.000005 0.059049 0.422355 
0.070260 0.000000 0.020371 0.158654 0.374460 0.022065 0.090867 0.235059 0.028263 
0.069328 0.035706 0.824938 0.013325 0.015407 0.000001 0.016254 0.020671 0.004370 
0.323422 0.000000 0.000000 0.156717 0.000004 0.432220 0.030432 0.040027 0.017178 
0.032792 0.677829 0.000000 0.196717 0.026319 0.000001 0.020239 0.046104 0.000000 
0.000001 0.000000 0.872198 0.084863 0.000004 0.000001 0.013925 0.013364 0.015645 
0.010844 0.000000 0.007791 0.073433 0.008864 0.689182 0.121288 0.088597 0.000000 
0.000001 0.000000 0.038317 0.101650 0.276857 0.048413 0.007408 0.509056 0.018299 
0.000001 0.000000 0.000000 0.045584 0.000004 0.786558 0.059851 0.108002 0.000000 
0.009756 0.200985 0.000001 0.022993 0.065537 0.020363 0.624844 0.055521 0.000000 
0.027359 0.000000 0.459294 0.010780 0.015999 0.008576 0.000005 0.275581 0.202407 
0.000001 0.032271 0.227516 0.064226 0.040414 0.074102 0.033963 0.083944 0.443563 
0.146433 0.000000 0.000000 0.209931 0.030080 0.056745 0.000005 0.483556 0.073249 
0.042138 0.000000 0.000000 0.432922 0.259439 0.000001 0.095197 0.170302 0.000000 
0.000001 0.082117 0.019570 0.547680 0.000004 0.037125 0.000005 0.285017 0.028480 
0.066222 0.057918 0.012087 0.052658 0.515109 0.000000 0.000004 0.260405 0.035595 
0.955537 0.005439 0.009107 0.000022 0.017435 0.000001 0.000005 0.009884 0.002571 
0.000001 0.187354 0.000001 0.316343 0.000004 0.021146 0.443294 0.031857 0.000000 
0.018637 0.022260 0.000000 0.099503 0.255112 0.024849 0.076614 0.465271 0.037754 
0.944412 0.000000 0.010503 0.011250 0.000005 0.022109 0.000006 0.011716 0.000000 
0.474326 0.346122 0.006732 0.000030 0.000004 0.032053 0.000005 0.083876 0.056853 
0.026842 0.108990 0.000000 0.126575 0.410775 0.036897 0.069807 0.210316 0.009798 
0.039883 0.044490 0.128807 0.148713 0.289150 0.089220 0.105892 0.153844 0.000000 
0.036765 0.000000 0.000000 0.152641 0.390941 0.000001 0.218676 0.188695 0.012281 
0.000001 0.000000 0.000000 0.010494 0.000004 0.511329 0.217399 0.062929 0.197845 
0.000001 0.000000 0.981414 0.000015 0.004218 0.006351 0.000005 0.000670 0.007327 
0.000001 0.000000 0.000000 0.040472 0.142925 0.168696 0.038470 0.157276 0.452160 
0.049399 0.018092 0.009906 0.018404 0.000004 0.764132 0.065034 0.047145 0.027883 
0.038957 0.120683 0.000000 0.019253 0.000004 0.655914 0.097195 0.067993 0.000000 
0.000001 0.000000 0.000001 0.035231 0.221336 0.087156 0.440709 0.197721 0.017846 
0.898843 0.000000 0.015796 0.003958 0.000004 0.016681 0.063406 0.001312 0.000001 
0.025450 0.037204 0.000000 0.115692 0.000004 0.631765 0.054497 0.135387 0.000001 
0.000001 0.183038 0.000001 0.000025 0.085231 0.000001 0.000005 0.050796 0.680902 
0.831302 0.000000 0.000000 0.008950 0.033775 0.000000 0.007831 0.118141 0.000000 
0.022183 0.192724 0.000001 0.038871 0.478415 0.000001 0.000005 0.267800 0.000000 
0.000001 0.683026 0.150211 0.023419 0.000004 0.059629 0.000005 0.065090 0.018616 
0.443118 0.513983 0.009579 0.000022 0.011191 0.013175 0.000005 0.008926 0.000001 
0.006301 0.018381 0.014056 0.032720 0.147038 0.394542 0.153545 0.185432 0.047986 
0.028295 0.241943 0.098578 0.088687 0.264921 0.032419 0.096607 0.115352 0.033198 
0.037736 0.337578 0.000000 0.116289 0.272102 0.000001 0.078963 0.157331 0.000000 
0.008793 0.177170 0.000001 0.017915 0.075548 0.016485 0.000005 0.208738 0.495344 
0.042887 0.000000 0.450234 0.053635 0.201926 0.000001 0.024212 0.227106 0.000000 
0.000001 0.000000 0.082079 0.029812 0.029490 0.053011 0.573794 0.214911 0.016902 
0.079915 0.000000 0.107182 0.050817 0.000004 0.061132 0.000005 0.655617 0.045328 
0.030533 0.000000 0.033285 0.112658 0.500578 0.034248 0.086882 0.201816 0.000000 
0.000001 0.000000 0.016272 0.127929 0.000004 0.143730 0.000005 0.624498 0.087561 
0.000001 0.000000 0.009381 0.025599 0.223463 0.000001 0.022902 0.104406 0.614249 
0.130454 0.000000 0.000000 0.028954 0.229502 0.031678 0.269851 0.121272 0.188290 
0.000001 0.110023 0.010426 0.121088 0.019259 0.036555 0.031879 0.608757 0.062011 
0.193665 0.226870 0.000000 0.123498 0.231641 0.007729 0.085917 0.130680 0.000000 
0.045189 0.000000 0.109951 0.111364 0.411430 0.011808 0.111095 0.199162 0.000000 
0.736774 0.000000 0.060662 0.052199 0.096232 0.000001 0.010380 0.031579 0.012174 
0.755558 0.024877 0.026222 0.007718 0.102533 0.000001 0.000006 0.083084 0.000000 
0.612037 0.000000 0.019455 0.004555 0.000004 0.007860 0.338704 0.017384 0.000000 
0.008821 0.000000 0.009285 0.540308 0.193006 0.000001 0.070584 0.177995 0.000000 
0.027879 0.011641 0.018737 0.189315 0.038713 0.211197 0.037350 0.074434 0.390735 
0.017899 0.000000 0.256421 0.446736 0.138756 0.027881 0.033019 0.079287 0.000000 
0.000001 0.000000 0.060607 0.558029 0.000004 0.153539 0.025357 0.202464 0.000000 
0.000001 0.019760 0.007140 0.513912 0.091798 0.045613 0.019998 0.301777 0.000000 
0.000001 0.000000 0.000000 0.060662 0.353979 0.277180 0.016502 0.183533 0.108143 
0.133121 0.167764 0.391104 0.194176 0.037979 0.000001 0.015370 0.060485 0.000000 
0.000001 0.000000 0.693532 0.008210 0.015761 0.000001 0.030418 0.061356 0.190721 
0.247312 0.000000 0.028413 0.047580 0.196569 0.015739 0.000005 0.443544 0.020839 
0.031749 0.000000 0.000000 0.340988 0.310062 0.000001 0.180820 0.129654 0.006726 
0.000001 0.006796 0.790300 0.000029 0.012784 0.000001 0.165309 0.024780 0.000000 
0.000001 0.000000 0.001725 0.023349 0.041256 0.000001 0.733119 0.039517 0.161033 
0.023040 0.000000 0.000001 0.045207 0.486442 0.000001 0.000005 0.286342 0.158962 
0.087532 0.000000 0.021306 0.073140 0.321984 0.000001 0.053639 0.179325 0.263075 
0.014130 0.652329 0.000000 0.061814 0.152733 0.000001 0.045547 0.073446 0.000000 
0.000001 0.931273 0.000000 0.020806 0.000004 0.000001 0.023909 0.016842 0.007164 
0.000001 0.000000 0.000000 0.000022 0.092683 0.197883 0.019926 0.000377 0.689108 
0.020660 0.000000 0.000000 0.066699 0.256240 0.011418 0.533234 0.111749 0.000000 
0.025223 0.016291 0.013589 0.076541 0.037357 0.042179 0.000005 0.728289 0.060527 
0.000001 0.405471 0.005715 0.116313 0.276425 0.000001 0.000005 0.196069 0.000000 
0.000001 0.198004 0.115606 0.012981 0.022022 0.246692 0.052733 0.105301 0.246660 
0.010434 0.000000 0.009498 0.061529 0.460811 0.009030 0.000005 0.448693 0.000000 
0.011382 0.000000 0.007332 0.470034 0.061179 0.017042 0.046680 0.099175 0.287176 
0.009340 0.000000 0.531923 0.021259 0.004590 0.020457 0.000005 0.184040 0.228387 
0.000001 0.000000 0.563189 0.021932 0.135846 0.000001 0.022441 0.059661 0.196929 
0.010389 0.672939 0.080581 0.079716 0.053550 0.000001 0.047356 0.055469 0.000000 
0.224642 0.000000 0.415063 0.000027 0.000003 0.009391 0.338757 0.012117 0.000000 
0.356337 0.125355 0.000000 0.042642 0.163667 0.135476 0.070254 0.106268 0.000000 
0.163011 0.000000 0.000000 0.662723 0.050544 0.000001 0.027964 0.095755 0.000000 
0.026925 0.000000 0.714171 0.017445 0.048012 0.013019 0.000005 0.038231 0.142192 
0.022847 0.332901 0.000000 0.090136 0.169037 0.118605 0.141113 0.125360 0.000000 
0.000001 0.000000 0.000000 0.000025 0.000004 0.000001 0.982444 0.017524 0.000000 
0.010852 0.000000 0.000000 0.008108 0.124722 0.000001 0.020911 0.074100 0.761306 
0.000001 0.007277 0.314079 0.564329 0.000004 0.041113 0.000005 0.067481 0.005710 
0.012435 0.169777 0.011293 0.048801 0.485872 0.000000 0.000005 0.271816 0.000000 
0.031004 0.000000 0.759904 0.005737 0.000004 0.011547 0.000005 0.119784 0.072015 
0.003811 0.040922 0.011474 0.556224 0.037902 0.234104 0.044138 0.071424 0.000000 
0.076911 0.131543 0.177783 0.169904 0.212095 0.069004 0.036005 0.126753 0.000000 
0.011368 0.000000 0.000000 0.025242 0.000004 0.780794 0.106623 0.075970 0.000000 
0.100672 0.000000 0.000001 0.000025 0.036574 0.000001 0.720976 0.013591 0.128161 
0.098599 0.000000 0.012510 0.015017 0.090566 0.000001 0.020252 0.123773 0.639282 
0.014663 0.000000 0.008826 0.057273 0.324869 0.000001 0.044723 0.168785 0.380860 
0.718190 0.004166 0.000000 0.000021 0.036932 0.000001 0.215065 0.025625 0.000000 
0.579743 0.009372 0.008199 0.276005 0.000004 0.041356 0.084566 0.000753 0.000000 
0.000001 0.994245 0.000000 0.000024 0.000004 0.000000 0.000004 0.000183 0.005537 
0.000001 0.008428 0.000000 0.000025 0.012235 0.593976 0.114597 0.079550 0.191187 
0.014690 0.400718 0.005264 0.051903 0.090289 0.277163 0.045395 0.114578 0.000000 
0.373937 0.142662 0.005825 0.379804 0.000004 0.039877 0.022147 0.035744 0.000000 
0.000001 0.000000 0.149077 0.060956 0.000004 0.061832 0.090720 0.606193 0.031218 
0.251075 0.008049 0.170173 0.037612 0.097902 0.046421 0.000005 0.363404 0.025359 
0.162485 0.019312 0.000001 0.184494 0.128045 0.000001 0.420310 0.085352 0.000000 
0.029613 0.000000 0.040804 0.362524 0.317892 0.000001 0.046572 0.202594 0.000000 
0.000001 0.024445 0.042629 0.628410 0.064404 0.042811 0.040412 0.079277 0.077611 
0.000001 0.020310 0.147083 0.000024 0.000004 0.000001 0.803892 0.011458 0.017228 
0.050619 0.077919 0.757643 0.003176 0.037506 0.000001 0.048326 0.024810 0.000000 
0.013086 0.437450 0.340510 0.068898 0.012619 0.067269 0.010621 0.049545 0.000000 
0.006402 0.000000 0.015932 0.075540 0.044227 0.010938 0.179117 0.571515 0.096328 
0.015984 0.000000 0.333329 0.016694 0.078553 0.064283 0.129954 0.075023 0.286179 
0.000001 0.021295 0.000000 0.276097 0.023576 0.555310 0.048519 0.075201 0.000000 
0.000001 0.483934 0.343668 0.113927 0.018015 0.000001 0.018415 0.022038 0.000000 
0.000001 0.032711 0.000000 0.079193 0.340817 0.000001 0.047320 0.499957 0.000000 
0.000001 0.000000 0.014952 0.053258 0.000004 0.054460 0.000005 0.816501 0.060819 
0.861328 0.000000 0.010884 0.014370 0.055342 0.000001 0.013718 0.034616 0.009741 
0.000001 0.018493 0.049128 0.047802 0.411246 0.000001 0.054268 0.253048 0.166012 
0.058352 0.029571 0.142217 0.009484 0.105704 0.000000 0.043347 0.033777 0.577548 
0.025177 0.177728 0.049736 0.000027 0.018983 0.575123 0.077012 0.066284 0.009930 
0.000001 0.036523 0.235477 0.023733 0.075139 0.015898 0.000005 0.134166 0.479057 
0.000001 0.000000 0.009072 0.026728 0.237265 0.000001 0.293600 0.193597 0.239736 
0.000001 0.019774 0.950254 0.004521 0.000004 0.000001 0.016042 0.009403 0.000000 
0.000001 0.000000 0.425763 0.089114 0.235478 0.000001 0.038757 0.160451 0.050436 
0.000001 0.005884 0.000001 0.032171 0.000004 0.426800 0.043186 0.458524 0.033431 
0.704765 0.000000 0.038416 0.012902 0.140530 0.011333 0.000005 0.081557 0.010491 
0.000001 0.000000 0.000000 0.000022 0.053472 0.000001 0.917853 0.028650 0.000000 
0.050489 0.092911 0.094142 0.022782 0.095919 0.506433 0.071775 0.065549 0.000000 
0.000001 0.011588 0.119405 0.065651 0.000004 0.047291 0.000005 0.688002 0.068054 
0.192357 0.046417 0.025051 0.119475 0.323091 0.000001 0.133075 0.160533 0.000000 
0.000001 0.309402 0.000001 0.000025 0.122847 0.000001 0.231435 0.076108 0.260181 
0.000001 0.780828 0.127615 0.061197 0.000004 0.000001 0.015633 0.004239 0.010483 
0.005670 0.000000 0.939732 0.033737 0.000004 0.011288 0.000005 0.009564 0.000000 
0.409280 0.000000 0.000000 0.496981 0.000004 0.000001 0.026272 0.067463 0.000000 
0.017394 0.210873 0.000001 0.000027 0.080853 0.000001 0.010536 0.002963 0.677353 
0.000001 0.000000 0.566637 0.194192 0.120104 0.015571 0.000005 0.103490 0.000000 
0.016723 0.728944 0.000000 0.037740 0.000004 0.179938 0.021061 0.015588 0.000000 
0.000001 0.000000 0.009685 0.852155 0.000004 0.057663 0.008865 0.071628 0.000000 
0.000001 0.983519 0.000001 0.000024 0.000004 0.000001 0.009332 0.007119 0.000000 
0.645200 0.193277 0.000000 0.000030 0.062718 0.000001 0.045411 0.053364 0.000000 
0.007771 0.000000 0.010748 0.202467 0.360833 0.000001 0.105848 0.240723 0.071609 
0.017301 0.000000 0.007317 0.031945 0.041675 0.013342 0.000005 0.476364 0.412052 
0.131419 0.146914 0.012171 0.560882 0.000004 0.020443 0.047370 0.067794 0.013004 
0.011231 0.105078 0.523659 0.105793 0.132331 0.000001 0.049702 0.072205 0.000000 
0.012414 0.000000 0.228135 0.087784 0.105846 0.015029 0.042199 0.432435 0.076158 
0.362564 0.073471 0.013817 0.024246 0.250099 0.000000 0.000005 0.275797 0.000000 
0.590359 0.000000 0.000000 0.056759 0.195991 0.000001 0.047085 0.109804 0.000000 
0.000001 0.000000 0.000001 0.010004 0.079768 0.036342 0.034446 0.144688 0.694751 
0.000001 0.014058 0.212345 0.011872 0.014481 0.524103 0.058353 0.164787 0.000000 
0.175113 0.000000 0.000000 0.039196 0.380353 0.163677 0.000005 0.241655 0.000000 
0.000001 0.743967 0.171377 0.058340 0.000004 0.000000 0.000005 0.000263 0.026043 
0.074516 0.000000 0.000000 0.050048 0.214396 0.000001 0.553910 0.107129 0.000000 
0.000001 0.531009 0.000000 0.051855 0.027449 0.291076 0.048084 0.033325 0.017202 
0.881344 0.011505 0.017154 0.026687 0.041163 0.000001 0.006652 0.015495 0.000000 
0.331624 0.000000 0.028395 0.017640 0.245752 0.004743 0.000005 0.155213 0.216628 
0.000001 0.000000 0.018513 0.073733 0.000004 0.065887 0.000005 0.730127 0.111730 
0.081893 0.857305 0.000000 0.000028 0.000004 0.032540 0.000005 0.012627 0.015599 
0.000001 0.157755 0.000000 0.067549 0.012407 0.468201 0.246814 0.047272 0.000000 
0.000001 0.049441 0.451638 0.013455 0.000004 0.157927 0.042681 0.256104 0.028749 
0.872466 0.000000 0.056488 0.047798 0.014487 0.000000 0.000005 0.008754 0.000000 
0.004380 0.000000 0.000000 0.706440 0.116411 0.063869 0.034002 0.074897 0.000000 
0.000001 0.011568 0.150734 0.534166 0.000004 0.000001 0.240223 0.063304 0.000000 
0.883273 0.000000 0.021621 0.000032 0.000004 0.000000 0.000005 0.017404 0.077660 
0.000001 0.465853 0.000001 0.016674 0.189159 0.021658 0.000005 0.235229 0.071422 
0.000001 0.577656 0.033261 0.000026 0.024119 0.254572 0.049354 0.040720 0.020293 
0.000001 0.023938 0.000000 0.039595 0.000004 0.762971 0.074291 0.069690 0.029509 
0.010409 0.010997 0.000001 0.043249 0.464465 0.000001 0.000005 0.470874 0.000000 
0.042238 0.000000 0.000000 0.186282 0.458736 0.043531 0.078688 0.180817 0.009708 
0.155474 0.000000 0.665554 0.000028 0.018081 0.030975 0.000005 0.020074 0.109809 
0.000001 0.000000 0.055964 0.619480 0.000004 0.198578 0.036055 0.060543 0.029375 
0.024488 0.008294 0.000001 0.032733 0.092841 0.583643 0.154700 0.103299 0.000000 
0.000001 0.000000 0.235829 0.002283 0.060378 0.023483 0.054757 0.091836 0.531433 
0.951680 0.024222 0.018246 0.000017 0.000003 0.000001 0.000005 0.005825 0.000001 
0.067179 0.000000 0.064333 0.022398 0.183715 0.000001 0.005552 0.165710 0.491112 
0.417631 0.000000 0.207188 0.016915 0.000004 0.217320 0.000005 0.120295 0.020642 
0.816258 0.000000 0.000000 0.032984 0.088571 0.000000 0.000005 0.034909 0.027272 
0.217681 0.212787 0.051677 0.000024 0.041125 0.020797 0.026933 0.015182 0.413795 
0.008006 0.005774 0.811645 0.000027 0.008749 0.000001 0.000005 0.093605 0.072189 
0.018544 0.004591 0.717479 0.000031 0.031906 0.192689 0.012594 0.022166 0.000000 
0.000001 0.000000 0.241775 0.076810 0.074326 0.026705 0.022148 0.505287 0.052948 
0.028319 0.000000 0.000000 0.077360 0.224249 0.424471 0.080321 0.147594 0.017684 
0.086863 0.000000 0.203913 0.028934 0.130419 0.013391 0.029464 0.479436 0.027580 
0.588038 0.000000 0.017534 0.000020 0.006878 0.000001 0.000004 0.085572 0.301952 
0.000001 0.004094 0.000000 0.000026 0.000004 0.000001 0.986979 0.008896 0.000000 
0.000001 0.000000 0.004386 0.011725 0.000004 0.283103 0.477487 0.223294 0.000000 
0.000001 0.094788 0.000000 0.013706 0.157603 0.551120 0.074386 0.104661 0.003734 
0.000001 0.189543 0.006076 0.160528 0.346967 0.000001 0.000005 0.238234 0.058644 
0.039490 0.859372 0.014573 0.000026 0.050201 0.000001 0.000005 0.026988 0.009344 
0.009686 0.016852 0.000000 0.000031 0.000004 0.000001 0.924420 0.049005 0.000000 
0.006257 0.000000 0.012628 0.108565 0.000004 0.015811 0.314971 0.413091 0.128673 
0.048324 0.000000 0.000000 0.175406 0.348487 0.000001 0.120361 0.271303 0.036118 
0.000001 0.000000 0.000000 0.008383 0.043917 0.000001 0.907107 0.013783 0.026808 
0.000001 0.022418 0.009958 0.049708 0.000004 0.284411 0.000005 0.525021 0.108474 
0.000001 0.013140 0.511666 0.049527 0.164104 0.105805 0.000005 0.155751 0.000000 
0.071528 0.000000 0.014477 0.036534 0.058679 0.026389 0.000005 0.212592 0.579796 
0.000001 0.000000 0.010266 0.224675 0.202489 0.000001 0.016911 0.123657 0.422000 
0.238781 0.000000 0.109098 0.000023 0.047511 0.011708 0.019944 0.037421 0.535513 
0.155036 0.000000 0.345823 0.000031 0.000004 0.139242 0.332718 0.027146 0.000000 
0.082244 0.198806 0.000000 0.045235 0.316352 0.000000 0.000005 0.208806 0.148552 
0.299893 0.000000 0.013374 0.062906 0.388242 0.000001 0.020315 0.215269 0.000000 
0.718101 0.000000 0.178131 0.000025 0.000004 0.000001 0.055207 0.005648 0.042884 
0.000001 0.000000 0.009177 0.536958 0.000004 0.000001 0.399150 0.038045 0.016666 
0.265396 0.025385 0.000000 0.048557 0.000004 0.034142 0.329503 0.297011 0.000000 
0.058927 0.619521 0.084540 0.045052 0.108834 0.000001 0.023512 0.059614 0.000000 
0.004698 0.000000 0.000000 0.574632 0.056653 0.026770 0.234088 0.103159 0.000000 
0.009875 0.000000 0.016201 0.239382 0.000004 0.047881 0.015154 0.626275 0.045227 
0.009569 0.009524 0.000000 0.191474 0.042594 0.495984 0.084512 0.130307 0.036036 
0.012929 0.008740 0.011063 0.840050 0.000003 0.000001 0.058148 0.061518 0.007548 
0.046814 0.000000 0.051500 0.690460 0.056526 0.000001 0.041131 0.113567 0.000000 
0.506507 0.000000 0.163918 0.016332 0.187654 0.000001 0.000005 0.089266 0.036317 
0.000001 0.000000 0.000000 0.002659 0.097074 0.015650 0.000005 0.028007 0.856604 
0.833261 0.104487 0.018300 0.013252 0.000004 0.000000 0.006270 0.024424 0.000001 
0.020489 0.032671 0.000000 0.137143 0.180253 0.000001 0.457855 0.160273 0.011314 
0.248666 0.016937 0.007207 0.045588 0.000004 0.028978 0.039664 0.560257 0.052700 
0.264173 0.434370 0.026659 0.092912 0.018242 0.009759 0.137239 0.016645 0.000000 
0.000001 0.000000 0.045662 0.006336 0.000004 0.015561 0.879095 0.031394 0.021948 
0.463040 0.000000 0.090914 0.018203 0.081080 0.000001 0.012742 0.052681 0.281340 
0.021258 0.000000 0.024275 0.799533 0.000003 0.024426 0.032953 0.097551 0.000000 
0.000001 0.000000 0.911036 0.002034 0.015125 0.000001 0.019684 0.052120 0.000000 
0.283243 0.011830 0.012006 0.063562 0.396796 0.000001 0.036058 0.196503 0.000000 
0.022232 0.000000 0.000001 0.028267 0.056412 0.027550 0.738365 0.096534 0.030640 
0.070669 0.000000 0.000000 0.180651 0.402948 0.000001 0.142163 0.203567 0.000000 
0.000001 0.000000 0.008258 0.000026 0.000004 0.000001 0.841135 0.150576 0.000000 
0.000001 0.010960 0.000001 0.000029 0.028194 0.755948 0.141421 0.052782 0.010665 
0.006390 0.011200 0.000000 0.051315 0.522641 0.000001 0.061254 0.307904 0.039294 
0.000001 0.371285 0.628573 0.000021 0.000003 0.000001 0.000005 0.000111 0.000000 
0.008036 0.000000 0.010354 0.044610 0.536515 0.000001 0.036146 0.364340 0.000000 
0.007667 0.000000 0.000000 0.233928 0.438240 0.000001 0.038752 0.281412 0.000000 
0.000001 0.584170 0.244114 0.056424 0.000004 0.105486 0.000005 0.009796 0.000000 
0.000001 0.335623 0.570663 0.000023 0.000004 0.065287 0.000005 0.013504 0.014889 
0.000001 0.006722 0.557960 0.015155 0.006694 0.324098 0.059431 0.029939 0.000000 
0.000001 0.034135 0.000001 0.028164 0.062613 0.675913 0.108997 0.090176 0.000000 
0.000001 0.008214 0.000000 0.011770 0.037055 0.581206 0.272530 0.089224 0.000000 
0.000001 0.000000 0.015872 0.081201 0.000004 0.038249 0.013686 0.758071 0.092918 
0.000001 0.000000 0.048228 0.086259 0.074509 0.226163 0.086671 0.076035 0.402135 
0.012773 0.000000 0.008880 0.109805 0.277234 0.045156 0.000005 0.538310 0.007838 
0.037790 0.000000 0.011240 0.413674 0.214588 0.000001 0.196764 0.125943 0.000000 
0.018786 0.112188 0.000000 0.092142 0.214974 0.000001 0.427409 0.134500 0.000000 
0.019731 0.027240 0.000001 0.018281 0.159437 0.124095 0.541172 0.110042 0.000000 
0.000001 0.000000 0.093344 0.004382 0.108986 0.000000 0.020576 0.043182 0.729529 
0.040995 0.000000 0.016353 0.120366 0.434873 0.115245 0.089764 0.182403 0.000000 
0.000001 0.475275 0.007561 0.019542 0.038982 0.000001 0.022141 0.204075 0.232422 
0.037429 0.142806 0.017595 0.163532 0.343751 0.000001 0.113252 0.157375 0.024259 
0.098202 0.324701 0.061228 0.136145 0.000004 0.035744 0.012626 0.302474 0.028876 
0.129930 0.000000 0.213571 0.052511 0.198189 0.023449 0.285055 0.097295 0.000000 
0.088676 0.000000 0.020854 0.078259 0.000004 0.079240 0.000005 0.659115 0.073848 
0.000001 0.720395 0.000000 0.078903 0.016098 0.000001 0.157950 0.026651 0.000000 
0.607983 0.000000 0.000000 0.314942 0.000004 0.016492 0.014196 0.046382 0.000000 
0.000001 0.000000 0.008075 0.059874 0.170769 0.014597 0.000005 0.209532 0.537147 
0.465016 0.020462 0.000000 0.258447 0.000004 0.000001 0.222606 0.026920 0.006545 
0.000001 0.000000 0.006587 0.040710 0.052519 0.259839 0.066592 0.454450 0.119303 
0.191148 0.243034 0.000000 0.041058 0.092088 0.326018 0.058657 0.035691 0.012304 
0.000001 0.000000 0.010711 0.831717 0.021167 0.048312 0.027294 0.052369 0.008430 
0.023102 0.000000 0.000000 0.670684 0.031582 0.100373 0.053385 0.061108 0.059765 
0.000001 0.000000 0.215995 0.548562 0.052214 0.023455 0.015246 0.022866 0.121661 
0.890760 0.000000 0.014522 0.003020 0.013678 0.000001 0.041874 0.013104 0.023042 
0.003307 0.000000 0.014107 0.159906 0.363598 0.095361 0.027657 0.282003 0.054062 
0.000001 0.000000 0.125862 0.041057 0.072498 0.000001 0.061420 0.061933 0.637228 
0.409338 0.590434 0.000000 0.000018 0.000002 0.000000 0.000005 0.000202 0.000000 
0.000001 0.000000 0.010441 0.033476 0.095976 0.061146 0.028890 0.445267 0.324804 
0.000001 0.014920 0.000001 0.017160 0.000004 0.687040 0.115297 0.061463 0.104115 
0.212750 0.019789 0.000000 0.011329 0.000003 0.636660 0.065505 0.030100 0.023865 
0.231957 0.083510 0.039455 0.022926 0.021831 0.038019 0.000005 0.499676 0.062621 
0.012471 0.808222 0.000001 0.033440 0.000003 0.000001 0.000005 0.145857 0.000000 
0.000001 0.050331 0.000001 0.033622 0.099619 0.074327 0.195759 0.028397 0.517944 
0.332292 0.000000 0.011582 0.033987 0.036683 0.031581 0.000005 0.299980 0.253890 
0.020628 0.017261 0.000000 0.175464 0.354618 0.000001 0.153067 0.162559 0.116401 
0.000001 0.018696 0.011945 0.019208 0.054167 0.074646 0.000005 0.223812 0.597520 
0.014086 0.000000 0.000001 0.065054 0.279440 0.000001 0.050935 0.166703 0.423781 
0.063464 0.513720 0.000000 0.000028 0.095793 0.000001 0.010210 0.068461 0.248323 
0.009914 0.029187 0.008768 0.014628 0.015975 0.688197 0.103165 0.130165 0.000000 
0.661614 0.000000 0.000000 0.006102 0.047309 0.031682 0.000005 0.020596 0.232692 
0.000001 0.014740 0.054534 0.031422 0.000004 0.758410 0.077752 0.063138 0.000000 
0.000001 0.140273 0.568992 0.016772 0.138991 0.000001 0.004136 0.130834 0.000000 
0.000001 0.026242 0.337767 0.012592 0.049647 0.256246 0.059256 0.176946 0.081304 
0.000001 0.000000 0.000001 0.079973 0.000003 0.006789 0.886702 0.026531 0.000000 
0.017091 0.000000 0.013956 0.113720 0.000004 0.000001 0.048568 0.588452 0.218209 
0.105613 0.019227 0.005873 0.416562 0.066303 0.185986 0.000005 0.200430 0.000000 
0.006853 0.000000 0.008908 0.749619 0.035535 0.098169 0.014933 0.070172 0.015811 
0.045309 0.081908 0.055475 0.049145 0.000004 0.000001 0.677202 0.064969 0.025988 
0.077222 0.015038 0.000000 0.015186 0.016622 0.527835 0.083941 0.264156 0.000000 
0.000001 0.000000 0.000000 0.016013 0.090264 0.000001 0.854211 0.039510 0.000000 
0.061877 0.007781 0.000000 0.032826 0.179360 0.518698 0.071304 0.128152 0.000000 
0.441282 0.000000 0.030771 0.024455 0.274617 0.000001 0.007698 0.167526 0.053651 
0.584803 0.000000 0.088974 0.077163 0.016459 0.103280 0.000005 0.129316 0.000000 
0.000001 0.000000 0.075994 0.071007 0.071256 0.036710 0.000005 0.682143 0.062884 
0.135576 0.047731 0.000000 0.032334 0.244418 0.325420 0.038234 0.161477 0.014810 
0.012688 0.000000 0.095384 0.031866 0.000004 0.036171 0.415690 0.386033 0.022165 
0.000001 0.208240 0.011978 0.605216 0.000004 0.019257 0.018531 0.038777 0.097996 
0.724327 0.000000 0.000000 0.041470 0.039006 0.024113 0.000005 0.147263 0.023816 
0.014019 0.690478 0.000001 0.028734 0.118352 0.052725 0.000005 0.095686 0.000000 
0.000001 0.000000 0.836677 0.103878 0.000003 0.043274 0.015902 0.000266 0.000000 
0.031054 0.033776 0.010071 0.730804 0.053875 0.000001 0.072479 0.067941 0.000000 
0.014075 0.000000 0.459031 0.050058 0.233795 0.024450 0.000005 0.150905 0.067681 
0.000001 0.000000 0.039091 0.123089 0.024007 0.024724 0.026162 0.499071 0.263856 
0.000001 0.024463 0.008307 0.286754 0.127313 0.186431 0.252311 0.114419 0.000000 
0.031875 0.000000 0.000000 0.130260 0.351467 0.175876 0.101493 0.209029 0.000000 
0.000001 0.041458 0.000000 0.134104 0.338089 0.207653 0.048446 0.230249 0.000000 
0.043880 0.010152 0.010737 0.801314 0.000003 0.000001 0.056047 0.077866 0.000000 
0.009280 0.155147 0.000001 0.684331 0.000003 0.000001 0.095374 0.055863 0.000000 
0.073226 0.000000 0.009879 0.002403 0.102712 0.000001 0.019034 0.030740 0.762007 
0.000001 0.000000 0.006732 0.682234 0.000004 0.157933 0.070323 0.062973 0.019800 
0.000001 0.000000 0.027560 0.077581 0.013272 0.016084 0.029207 0.759149 0.077147 
