-3858680.381683
0
0.000204 0.000414 0.000000 0.000278 0.000000 0.000000 0.000118 0.000720 0.006882 0.003147 0.003540 0.003184 0.000000 0.000000 0.000704 0.000257 0.001208 0.000386 0.000766 0.001621 0.000000 0.000000 0.000475 0.000556 0.000217 0.000000 0.000000 0.000328 0.000000 0.000177 0.000000 0.000000 0.014989 0.003393 0.004699 0.007492 0.000114 0.000593 0.000000 0.000830 0.000515 0.000204 0.000272 0.000166 0.000000 0.000000 0.000001 0.000002 0.000364 0.000000 0.000000 0.000000 0.000000 0.000000 0.000000 0.000199 0.007478 0.002008 0.000727 0.002789 0.000000 0.000000 0.000000 0.000000 0.000001 0.000000 0.000001 0.000301 0.000058 0.000000 0.000206 0.000144 0.015230 0.006766 0.002069 0.011783 0.037196 0.000000 0.001520 0.067844 0.425837 0.080990 0.046670 0.229644 0.000000 0.000000 0.000000 0.000001 0.000001 0.000225 0.000443 0.000784 0.000000 0.000000 0.000257 0.000004 
0.004902 0.005184 0.001252 0.003102 0.000597 0.001362 0.000000 0.001385 0.033667 0.015698 0.153897 0.013902 0.001677 0.002821 0.000195 0.005857 0.011409 0.005605 0.018036 0.004603 0.000000 0.001668 0.000289 0.002450 0.007862 0.016085 0.005413 0.032723 0.000000 0.000000 0.000000 0.000000 0.013830 0.012931 0.102582 0.011422 0.000000 0.001667 0.000543 0.000457 0.005330 0.003657 0.018192 0.004553 0.000000 0.002717 0.003092 0.004876 0.005309 0.006008 0.001129 0.006602 0.000000 0.002525 0.000000 0.000647 0.047636 0.055704 0.131498 0.037458 0.000000 0.001346 0.000572 0.001399 0.012992 0.006250 0.008871 0.007450 0.000000 0.000703 0.000588 0.001258 0.005621 0.007049 0.002033 0.005061 0.000000 0.000000 0.000086 0.000000 0.006633 0.004583 0.055415 0.005131 0.002054 0.000801 0.000000 0.000688 0.006734 0.003720 0.010668 0.003970 0.000000 0.001081 0.000821 0.004417 
0.023386 0.017908 0.000000 0.019332 0.019557 0.010513 0.003490 0.019972 0.022237 0.008794 0.007784 0.023084 0.013278 0.011733 0.013668 0.020100 0.027572 0.013127 0.018078 0.030088 0.003914 0.001727 0.010124 0.005704 0.011676 0.000000 0.000000 0.007656 0.012360 0.010968 0.002590 0.017931 0.010361 0.004016 0.001936 0.017172 0.009538 0.012969 0.008527 0.020595 0.009805 0.017173 0.009136 0.016725 0.002374 0.004780 0.009286 0.007940 0.008292 0.004361 0.000000 0.011862 0.008566 0.006390 0.000000 0.013030 0.011970 0.005037 0.002284 0.009771 0.007035 0.006284 0.007821 0.013291 0.010247 0.008998 0.008964 0.012957 0.002656 0.002709 0.012946 0.006856 0.014955 0.008819 0.000951 0.017011 0.010978 0.013956 0.001514 0.021435 0.007289 0.004787 0.000000 0.009249 0.012945 0.012132 0.007148 0.023730 0.012654 0.013167 0.006647 0.015745 0.004103 0.006168 0.009994 0.011610 
0.009909 0.005111 0.000601 0.004171 0.002964 0.001791 0.000000 0.001726 0.006542 0.006379 0.006113 0.006413 0.011667 0.003130 0.006439 0.017726 0.027680 0.011192 0.020915 0.024809 0.036125 0.005530 0.004546 0.020504 0.009642 0.005857 0.000000 0.008294 0.001059 0.001578 0.000000 0.002728 0.010193 0.006886 0.005361 0.008459 0.004971 0.003650 0.005454 0.004957 0.017872 0.012437 0.018740 0.030373 0.023067 0.006956 0.013773 0.057010 0.013077 0.009777 0.000000 0.008019 0.000000 0.002680 0.000000 0.003573 0.005826 0.006401 0.005467 0.010436 0.003567 0.002822 0.002761 0.002464 0.009837 0.010515 0.011193 0.013793 0.007499 0.000000 0.004293 0.019254 0.022936 0.003980 0.000000 0.031420 0.002105 0.001561 0.000000 0.002503 0.003339 0.007788 0.000000 0.009174 0.021143 0.001595 0.014832 0.011710 0.017486 0.014933 0.011158 0.035197 0.054960 0.008246 0.008711 0.060667 
0.000596 0.000954 0.000252 0.008490 0.000278 0.000138 0.000000 0.000093 0.000000 0.002398 0.012778 0.004813 0.000000 0.000000 0.000000 0.001093 0.003792 0.005270 0.002079 0.004331 0.000000 0.004180 0.001345 0.014306 0.002429 0.000000 0.000405 0.014336 0.000000 0.000000 0.000000 0.000000 0.001158 0.002314 0.010804 0.003906 0.000000 0.000000 0.000000 0.000668 0.000426 0.002359 0.001703 0.001752 0.001851 0.002045 0.003079 0.018016 0.001304 0.001896 0.000207 0.007684 0.000000 0.000237 0.000000 0.000332 0.000000 0.012786 0.026487 0.015311 0.000000 0.000113 0.000000 0.000497 0.006625 0.010327 0.005318 0.012905 0.000000 0.001982 0.000893 0.002590 0.038408 0.011031 0.003455 0.307559 0.000000 0.000000 0.000000 0.000000 0.004290 0.021556 0.218761 0.039504 0.000000 0.001038 0.000000 0.002821 0.003388 0.010618 0.006532 0.009745 0.004736 0.009727 0.002045 0.062851 
0.041417 0.036520 0.015708 0.029787 0.007706 0.004085 0.002253 0.004317 0.011756 0.006265 0.003600 0.005617 0.005244 0.004229 0.010621 0.005172 0.006276 0.001303 0.006266 0.003238 0.000000 0.000000 0.001415 0.000000 0.052974 0.067115 0.008307 0.048206 0.009457 0.008361 0.005058 0.007846 0.015653 0.011518 0.007466 0.019069 0.008861 0.013750 0.034912 0.014712 0.004406 0.002178 0.008901 0.004863 0.000000 0.001016 0.004603 0.001248 0.041638 0.041506 0.017288 0.028852 0.006136 0.007292 0.005911 0.005125 0.005751 0.005340 0.002414 0.006848 0.007786 0.005750 0.014322 0.006500 0.004884 0.000720 0.003425 0.001397 0.000000 0.000000 0.001360 0.000313 0.036506 0.050715 0.008565 0.044555 0.002755 0.007783 0.002409 0.003551 0.001220 0.003027 0.000000 0.007746 0.005747 0.005633 0.008797 0.006819 0.001324 0.000981 0.002497 0.001669 0.000000 0.000000 0.002555 0.001311 
0.000001 0.000281 0.000000 0.000345 0.000000 0.000000 0.000000 0.000275 0.000000 0.019846 0.000005 0.004646 0.000858 0.000773 0.000970 0.003201 0.000636 0.000180 0.000992 0.000912 0.000000 0.000085 0.000520 0.000000 0.000979 0.000675 0.000000 0.001334 0.000228 0.000263 0.000902 0.000292 0.078461 0.103320 0.020890 0.080339 0.000000 0.001052 0.000881 0.001370 0.001022 0.000709 0.000939 0.004618 0.000000 0.001012 0.000670 0.001285 0.000314 0.000000 0.000000 0.000000 0.000000 0.000399 0.000000 0.000000 0.000000 0.021338 0.000491 0.016617 0.000000 0.000000 0.000609 0.000466 0.000215 0.000000 0.000385 0.008157 0.000000 0.000000 0.001775 0.000755 0.000955 0.002350 0.000086 0.001382 0.000000 0.001086 0.000284 0.000000 0.116304 0.286475 0.100555 0.083004 0.001039 0.001399 0.001287 0.004614 0.002500 0.001844 0.002197 0.002170 0.000000 0.001062 0.001097 0.001022 
0.123410 0.376026 0.168558 0.010288 0.018186 0.243673 0.059860 
0.977399 0.000093 0.001307 0.003853 0.000000 0.010210 0.007138 
0.017265 0.122984 0.526019 0.040716 0.000000 0.252891 0.040126 
0.019380 0.007207 0.047684 0.000003 0.289357 0.037373 0.598996 
0.000000 0.051822 0.000737 0.000003 0.918851 0.006986 0.021601 
0.015971 0.264882 0.068056 0.495649 0.000000 0.000125 0.155316 
0.000000 0.006120 0.065910 0.155791 0.000000 0.751278 0.020901 
0.293559 0.053791 0.441369 0.059713 0.000000 0.055943 0.095623 
0.151244 0.024996 0.614431 0.034320 0.000000 0.130062 0.044947 
0.000000 0.357089 0.186859 0.034531 0.027469 0.347756 0.046296 
0.000000 0.003486 0.019946 0.055546 0.861076 0.059929 0.000017 
0.016216 0.305685 0.514202 0.000003 0.038057 0.107774 0.018063 
0.000000 0.032904 0.497887 0.000003 0.007167 0.449965 0.012074 
0.000000 0.217399 0.133364 0.577034 0.048837 0.013491 0.009874 
0.020720 0.231098 0.083502 0.000002 0.000000 0.453648 0.211029 
0.000000 0.064538 0.445442 0.022587 0.369779 0.056344 0.041310 
0.006123 0.000097 0.035411 0.000003 0.915715 0.042636 0.000016 
0.000000 0.026794 0.169632 0.439191 0.000000 0.358744 0.005638 
0.011509 0.042213 0.000957 0.003990 0.000000 0.027092 0.914239 
0.009612 0.027726 0.115299 0.536615 0.000000 0.301787 0.008963 
0.467180 0.030061 0.131359 0.170584 0.000000 0.200797 0.000018 
0.032261 0.216921 0.028827 0.092006 0.583755 0.033277 0.012954 
0.006602 0.038305 0.271258 0.481281 0.010377 0.192162 0.000015 
0.000000 0.000136 0.455978 0.003632 0.000000 0.478099 0.062154 
0.018384 0.000084 0.000647 0.000002 0.337017 0.000164 0.643702 
0.005016 0.468246 0.339039 0.059773 0.007843 0.028801 0.091282 
0.000000 0.013878 0.038081 0.128019 0.000000 0.000092 0.819930 
0.000000 0.165194 0.042550 0.000003 0.264134 0.295169 0.232950 
0.000000 0.014348 0.158397 0.339487 0.000000 0.016452 0.471315 
0.000000 0.000126 0.004083 0.009715 0.203123 0.134579 0.648373 
0.776634 0.002668 0.072776 0.137075 0.000000 0.002593 0.008254 
0.009302 0.030391 0.434122 0.000003 0.016325 0.216533 0.293323 
0.000000 0.131262 0.551788 0.167261 0.000000 0.099884 0.049804 
0.009214 0.077637 0.372781 0.100799 0.321545 0.055767 0.062257 
0.009048 0.000048 0.000363 0.000002 0.000000 0.000053 0.990486 
0.000000 0.798997 0.027113 0.025953 0.000000 0.014138 0.133799 
0.003972 0.507477 0.292230 0.007933 0.022877 0.112368 0.053143 
0.000000 0.119271 0.388262 0.153892 0.222417 0.059020 0.057138 
0.000000 0.000074 0.613742 0.005612 0.000000 0.169069 0.211502 
0.012348 0.551889 0.322950 0.016761 0.014496 0.036556 0.045000 
0.113137 0.201507 0.381636 0.047969 0.006402 0.249329 0.000020 
0.027699 0.287515 0.525869 0.000003 0.020215 0.112105 0.026594 
0.000000 0.029406 0.143164 0.751085 0.017336 0.035037 0.023972 
0.000000 0.035082 0.425190 0.057091 0.009638 0.472980 0.000019 
0.730830 0.143052 0.048668 0.034884 0.000000 0.009530 0.033036 
0.244600 0.035918 0.017425 0.008419 0.037840 0.005246 0.650553 
0.084040 0.322642 0.078294 0.061356 0.000000 0.230854 0.222813 
0.002986 0.046054 0.745406 0.008256 0.000000 0.180858 0.016441 
0.005480 0.310745 0.429072 0.000003 0.060108 0.192519 0.002073 
0.000000 0.008746 0.532943 0.241502 0.000000 0.186451 0.030357 
0.016436 0.046675 0.483906 0.019219 0.054793 0.326250 0.052721 
0.022831 0.479488 0.002456 0.000003 0.077665 0.414714 0.002843 
0.652075 0.025774 0.023261 0.000002 0.091251 0.195423 0.012213 
0.065964 0.000183 0.020586 0.013650 0.023110 0.000088 0.876419 
0.000000 0.020632 0.031006 0.000002 0.000000 0.939256 0.009104 
0.000000 0.000096 0.059411 0.000002 0.000000 0.923827 0.016664 
0.014979 0.920905 0.019632 0.011556 0.000000 0.032911 0.000016 
0.000000 0.143161 0.587570 0.099669 0.028180 0.080083 0.061336 
0.004772 0.006391 0.004587 0.000002 0.000000 0.000097 0.984150 
0.000000 0.285013 0.468037 0.112513 0.000000 0.070089 0.064348 
0.000000 0.138259 0.060234 0.019159 0.733815 0.016632 0.031901 
0.000000 0.985637 0.000404 0.013848 0.000000 0.000093 0.000018 
0.004898 0.049929 0.276735 0.462976 0.080238 0.098787 0.026437 
0.023737 0.410637 0.367790 0.034725 0.022840 0.046282 0.093988 
0.000000 0.000082 0.596305 0.000003 0.000000 0.376827 0.026783 
0.000000 0.139543 0.314134 0.447368 0.000000 0.056322 0.042632 
0.000000 0.000075 0.001925 0.000003 0.956534 0.018960 0.022504 
0.022391 0.080010 0.293176 0.000003 0.015113 0.589287 0.000020 
0.336069 0.012092 0.451698 0.100451 0.000000 0.089188 0.010502 
0.000000 0.013532 0.044145 0.306853 0.000000 0.547903 0.087567 
0.337786 0.207910 0.307856 0.054551 0.005378 0.042752 0.043766 
0.000000 0.455336 0.072908 0.014781 0.029501 0.382549 0.044924 
0.000000 0.132647 0.177896 0.592331 0.063618 0.021220 0.012287 
0.000000 0.176560 0.100634 0.000003 0.686869 0.021547 0.014388 
0.168345 0.536409 0.043259 0.203474 0.000000 0.048496 0.000017 
0.000000 0.000095 0.000732 0.000002 0.999063 0.000089 0.000018 
0.000000 0.297771 0.289963 0.062663 0.053446 0.073086 0.223071 
0.000000 0.219155 0.425741 0.030793 0.032569 0.204976 0.086767 
0.178221 0.025873 0.398665 0.000003 0.015432 0.381791 0.000016 
0.260697 0.671479 0.011549 0.009342 0.026184 0.020732 0.000016 
0.000000 0.269762 0.523535 0.090173 0.000000 0.072752 0.043778 
0.000000 0.827889 0.089924 0.013219 0.021420 0.022210 0.025337 
0.000000 0.013474 0.006450 0.000002 0.949352 0.030702 0.000019 
0.000000 0.035416 0.142868 0.416645 0.000000 0.115188 0.289883 
0.000000 0.018714 0.095460 0.015692 0.005608 0.084355 0.780171 
0.008962 0.000114 0.059812 0.070617 0.000000 0.324793 0.535702 
0.000000 0.726643 0.166507 0.018468 0.031549 0.013187 0.043646 
0.001832 0.554124 0.113181 0.000003 0.015773 0.009863 0.305224 
0.128874 0.210598 0.079049 0.136890 0.427327 0.017243 0.000018 
0.023657 0.013105 0.063810 0.263676 0.000000 0.478959 0.156793 
0.016660 0.113356 0.530510 0.128523 0.000000 0.120276 0.090676 
0.821258 0.013026 0.029090 0.011951 0.035753 0.013913 0.075009 
0.000000 0.396967 0.082366 0.131522 0.015248 0.012294 0.361603 
0.000000 0.016175 0.078078 0.195524 0.674754 0.003813 0.031656 
0.869101 0.007010 0.005421 0.089625 0.000000 0.022935 0.005908 
0.012867 0.704471 0.130845 0.053332 0.025380 0.009379 0.063726 
0.031096 0.057180 0.635167 0.047212 0.000000 0.212790 0.016554 
0.000000 0.738243 0.150477 0.022232 0.024941 0.007794 0.056311 
0.000000 0.647224 0.106303 0.023952 0.193507 0.016759 0.012255 
0.454206 0.006569 0.170685 0.000002 0.000000 0.343095 0.025442 
0.225476 0.095445 0.058403 0.059599 0.034057 0.517069 0.009949 
0.000000 0.041279 0.385893 0.160904 0.021790 0.256658 0.133475 
0.000000 0.081837 0.430692 0.405042 0.000000 0.033743 0.048685 
0.010695 0.015494 0.244972 0.517287 0.095218 0.116315 0.000019 
0.009768 0.000092 0.694126 0.000003 0.048369 0.150302 0.097340 
0.008898 0.000410 0.024108 0.000002 0.003388 0.007406 0.955788 
0.000000 0.432949 0.035067 0.331152 0.181815 0.018998 0.000018 
0.000000 0.093335 0.594917 0.049663 0.025487 0.211642 0.024956 
0.000000 0.019215 0.022629 0.005697 0.000000 0.000086 0.952372 
0.000000 0.030346 0.054562 0.000003 0.344377 0.090501 0.480210 
0.000000 0.113133 0.536459 0.099733 0.098372 0.100833 0.051469 
0.127920 0.192006 0.403546 0.123526 0.041826 0.048521 0.062655 
0.000000 0.218321 0.496304 0.136832 0.000000 0.097358 0.051185 
0.004064 0.657126 0.066985 0.006741 0.007922 0.223979 0.033183 
0.985487 0.000159 0.006886 0.000002 0.000000 0.007448 0.000018 
0.000000 0.195756 0.212358 0.021669 0.000000 0.545093 0.025124 
0.020294 0.717341 0.071582 0.007275 0.029021 0.047467 0.107020 
0.000000 0.643068 0.109639 0.007102 0.144786 0.004304 0.091101 
0.000000 0.506968 0.352214 0.018821 0.000000 0.104418 0.017578 
0.013966 0.073209 0.004158 0.004296 0.000000 0.002920 0.901451 
0.000000 0.589769 0.145601 0.093475 0.064527 0.030703 0.075924 
0.000000 0.000108 0.038393 0.000003 0.173825 0.776826 0.010845 
0.000000 0.004345 0.114808 0.000003 0.000000 0.050172 0.830671 
0.000000 0.015634 0.638707 0.000003 0.175608 0.123579 0.046469 
0.150452 0.053515 0.051639 0.018991 0.685036 0.040351 0.000018 
0.010970 0.014982 0.015444 0.000002 0.509939 0.005555 0.443108 
0.015795 0.495671 0.304554 0.000003 0.031830 0.111098 0.041050 
0.097330 0.132674 0.331808 0.074675 0.233782 0.081317 0.048413 
0.000000 0.084412 0.366774 0.105608 0.328471 0.061918 0.052817 
0.000000 0.013749 0.166634 0.000003 0.177117 0.629438 0.013059 
0.444635 0.024468 0.367591 0.022708 0.000000 0.085740 0.054858 
0.078542 0.601009 0.179842 0.028981 0.000000 0.111610 0.000018 
0.101013 0.056916 0.448489 0.000003 0.000000 0.321044 0.072534 
0.029891 0.130543 0.613667 0.076443 0.000000 0.088433 0.061023 
0.007554 0.111326 0.469072 0.065165 0.031562 0.311479 0.003843 
0.008310 0.012098 0.239123 0.011319 0.000000 0.720262 0.008888 
0.000000 0.296996 0.289139 0.015340 0.000000 0.255266 0.143258 
0.000000 0.050192 0.461948 0.065600 0.126934 0.295308 0.000017 
0.000000 0.098070 0.335826 0.101700 0.223565 0.035387 0.205453 
0.106547 0.125644 0.526273 0.084647 0.000000 0.089656 0.067232 
0.062753 0.007323 0.109410 0.050052 0.000000 0.028686 0.741776 
0.028379 0.005548 0.164518 0.000002 0.021165 0.024289 0.756099 
0.014785 0.343836 0.017807 0.005110 0.000000 0.004641 0.613819 
0.000000 0.047923 0.347552 0.520426 0.000000 0.064843 0.019254 
0.016434 0.220014 0.076734 0.175305 0.025065 0.437706 0.048743 
0.253259 0.044687 0.220619 0.428454 0.000000 0.024360 0.028621 
0.056129 0.139747 0.230598 0.523364 0.027239 0.022903 0.000019 
0.000000 0.043077 0.331945 0.489651 0.031300 0.100694 0.003334 
0.000000 0.283497 0.481490 0.018048 0.000000 0.175549 0.041415 
0.388694 0.006262 0.086052 0.191354 0.168571 0.023894 0.135173 
0.694163 0.023462 0.038404 0.006037 0.000000 0.237916 0.000019 
0.021962 0.019527 0.503964 0.000003 0.000000 0.203057 0.251487 
0.000000 0.164359 0.401251 0.322432 0.000000 0.070003 0.041955 
0.787622 0.162672 0.022470 0.000003 0.010035 0.017180 0.000018 
0.002086 0.706870 0.040232 0.040735 0.000000 0.210060 0.000017 
0.004733 0.000103 0.664891 0.000003 0.000000 0.291839 0.038431 
0.017180 0.050348 0.414976 0.054538 0.000000 0.355929 0.107029 
0.000000 0.050046 0.197424 0.049421 0.645402 0.034046 0.023660 
0.000000 0.024004 0.013908 0.019789 0.927973 0.014309 0.000017 
0.000000 0.207987 0.020898 0.000002 0.010631 0.740184 0.020297 
0.000000 0.546204 0.312214 0.059771 0.000000 0.051337 0.030474 
0.005460 0.034650 0.561329 0.007222 0.037438 0.337090 0.016811 
0.009318 0.000121 0.411264 0.088840 0.405419 0.085019 0.000019 
0.113376 0.268046 0.089160 0.000003 0.205284 0.300650 0.023481 
0.004321 0.011101 0.777800 0.000003 0.000000 0.179375 0.027400 
0.000000 0.041691 0.126626 0.463494 0.000000 0.348023 0.020166 
0.524212 0.010647 0.120776 0.004612 0.000000 0.323002 0.016752 
0.552111 0.016774 0.152813 0.013323 0.000000 0.238487 0.026492 
0.080448 0.045238 0.096535 0.074951 0.669587 0.020166 0.013074 
0.406531 0.342660 0.000942 0.005743 0.008176 0.010294 0.225654 
0.000000 0.193872 0.245404 0.022115 0.126942 0.036757 0.374910 
0.000000 0.000145 0.150167 0.655604 0.012299 0.027025 0.154759 
0.711136 0.007563 0.062882 0.012341 0.000000 0.167597 0.038480 
0.000000 0.248545 0.264092 0.072720 0.331824 0.042839 0.039981 
0.000000 0.970316 0.015020 0.009802 0.004749 0.000090 0.000021 
0.000000 0.008914 0.108273 0.000003 0.000000 0.862585 0.020225 
0.308875 0.020223 0.090353 0.554004 0.019121 0.007406 0.000017 
0.009383 0.000138 0.666025 0.000003 0.161816 0.123731 0.038904 
0.756189 0.008253 0.083709 0.000002 0.000000 0.120337 0.031510 
0.006842 0.229665 0.146252 0.528716 0.059210 0.003718 0.025597 
0.177363 0.099914 0.308581 0.147616 0.130039 0.042347 0.094141 
0.000000 0.776667 0.121914 0.008365 0.015765 0.000127 0.077162 
0.000000 0.711438 0.031696 0.009297 0.000000 0.150046 0.097522 
0.000000 0.010409 0.117500 0.003993 0.000000 0.748412 0.119686 
0.000000 0.039902 0.402814 0.030753 0.000000 0.485200 0.041331 
0.000000 0.216204 0.061800 0.000002 0.005377 0.000145 0.716473 
0.000000 0.103599 0.030936 0.266458 0.012543 0.000127 0.586337 
0.000000 0.000072 0.000931 0.000002 0.989925 0.005187 0.003882 
0.000000 0.625641 0.081218 0.000003 0.024345 0.222513 0.046280 
0.007251 0.284889 0.190293 0.035189 0.405951 0.035823 0.040604 
0.000000 0.044860 0.061844 0.369521 0.147635 0.000093 0.376046 
0.134317 0.120765 0.466491 0.000003 0.018140 0.260267 0.000017 
0.164497 0.045519 0.366320 0.000003 0.019900 0.154558 0.249205 
0.005975 0.404186 0.181371 0.188517 0.013411 0.048686 0.157854 
0.036857 0.034182 0.468781 0.338267 0.000000 0.076829 0.045083 
0.039530 0.055961 0.153253 0.614263 0.033471 0.103501 0.000020 
0.142503 0.804058 0.021591 0.000003 0.026489 0.005337 0.000019 
0.754184 0.043856 0.052176 0.000003 0.079234 0.012949 0.057599 
0.337376 0.069891 0.063183 0.063590 0.437675 0.006856 0.021427 
0.010739 0.157332 0.441101 0.032719 0.010695 0.347396 0.000020 
0.328238 0.180736 0.101017 0.012322 0.000000 0.343513 0.034174 
0.000000 0.520595 0.147576 0.242715 0.048529 0.000105 0.040480 
0.344155 0.011178 0.033802 0.115468 0.483508 0.011872 0.000017 
0.000000 0.049472 0.697772 0.022178 0.033837 0.194009 0.002732 
0.004384 0.054637 0.589550 0.000002 0.000000 0.351408 0.000018 
0.010889 0.013048 0.085151 0.005883 0.000000 0.023344 0.861685 
0.044120 0.055445 0.568260 0.010332 0.000000 0.291975 0.029868 
0.135819 0.031943 0.081213 0.001617 0.028233 0.642912 0.078264 
0.056040 0.566810 0.089815 0.000003 0.189205 0.027775 0.070354 
0.228484 0.007692 0.129566 0.009778 0.036954 0.573515 0.014011 
0.003323 0.274606 0.348105 0.008392 0.000000 0.349105 0.016470 
0.951312 0.014095 0.011126 0.003276 0.020052 0.000119 0.000019 
0.418567 0.034924 0.333864 0.069383 0.000000 0.122009 0.021252 
0.004587 0.401651 0.350474 0.000002 0.038657 0.189293 0.015334 
0.041310 0.012309 0.192755 0.000003 0.000000 0.044871 0.708752 
0.000000 0.911975 0.082474 0.000003 0.000000 0.000131 0.005416 
0.101262 0.512970 0.173186 0.000003 0.105361 0.014502 0.092716 
0.103799 0.039916 0.518128 0.000003 0.033140 0.304997 0.000017 
0.023130 0.136292 0.425700 0.098332 0.037507 0.069826 0.209213 
0.000000 0.225121 0.135381 0.000002 0.300224 0.329504 0.009767 
0.127855 0.016133 0.004394 0.062192 0.776335 0.013072 0.000019 
0.934498 0.006374 0.011479 0.032295 0.000000 0.000131 0.015224 
0.000000 0.008164 0.064320 0.516814 0.000000 0.007960 0.402741 
0.000000 0.006497 0.014614 0.000003 0.204986 0.745893 0.028007 
0.560175 0.007637 0.207557 0.177340 0.000000 0.031092 0.016199 
0.000000 0.179990 0.019556 0.040197 0.727767 0.000158 0.032332 
0.000000 0.041036 0.117820 0.837280 0.000000 0.000110 0.003754 
0.002705 0.011137 0.001883 0.000002 0.980387 0.003867 0.000019 
0.000000 0.041328 0.102230 0.000003 0.190020 0.019150 0.647268 
0.006353 0.090605 0.528830 0.167366 0.000000 0.182075 0.024770 
0.000000 0.012851 0.314338 0.000003 0.000000 0.651569 0.021238 
0.000000 0.042459 0.097598 0.546208 0.154646 0.023576 0.135512 
0.519963 0.046325 0.171902 0.099300 0.101867 0.036120 0.024522 
0.223105 0.048696 0.400151 0.051851 0.000000 0.264106 0.012090 
0.011894 0.000093 0.434889 0.000002 0.071569 0.108534 0.373018 
0.000000 0.048565 0.260600 0.043488 0.000000 0.048684 0.598662 
0.000000 0.060138 0.105275 0.000003 0.000000 0.823203 0.011380 
0.217827 0.506812 0.177449 0.000002 0.024286 0.034291 0.039332 
0.000000 0.166171 0.549444 0.000003 0.000000 0.078228 0.206155 
0.171703 0.000084 0.001929 0.058713 0.740196 0.027356 0.000020 
0.000000 0.560334 0.271228 0.046245 0.000000 0.043313 0.078879 
0.000000 0.300514 0.077364 0.044726 0.536448 0.016835 0.024113 
0.017545 0.007281 0.059529 0.023817 0.009800 0.000135 0.881893 
0.028259 0.001925 0.326438 0.000002 0.000000 0.296046 0.347330 
0.008615 0.051360 0.540272 0.000003 0.018327 0.381405 0.000018 
0.000000 0.024208 0.012052 0.000003 0.857451 0.021336 0.084950 
0.000000 0.647124 0.081775 0.057663 0.171519 0.007189 0.034730 
0.452643 0.175895 0.199894 0.000002 0.056330 0.115219 0.000017 
0.052982 0.000079 0.026725 0.046175 0.000000 0.000161 0.873878 
0.000000 0.070775 0.214690 0.685641 0.007341 0.012820 0.008733 
0.143426 0.208194 0.081269 0.542963 0.015651 0.008481 0.000016 
0.016956 0.000099 0.007037 0.000003 0.000000 0.090498 0.885407 
0.004464 0.023447 0.336679 0.000002 0.463530 0.171861 0.000018 
0.041355 0.276933 0.065495 0.000002 0.581794 0.028140 0.006281 
0.010558 0.725480 0.107712 0.020132 0.047704 0.039763 0.048651 
0.000000 0.010288 0.780211 0.000002 0.000000 0.181275 0.028223 
0.000000 0.128368 0.554265 0.160115 0.000000 0.090200 0.067052 
0.665358 0.025877 0.019748 0.000002 0.000000 0.125981 0.163033 
0.056714 0.192904 0.091804 0.601957 0.022456 0.032225 0.001940 
0.010766 0.658385 0.201939 0.013137 0.023715 0.024870 0.067187 
0.223697 0.066353 0.067179 0.000002 0.000000 0.618289 0.024479 
0.018536 0.000371 0.000808 0.000002 0.023389 0.004125 0.952769 
0.058456 0.000142 0.253526 0.000003 0.000000 0.602955 0.084918 
0.207370 0.185803 0.117281 0.000003 0.000000 0.053133 0.436410 
0.010650 0.000078 0.113722 0.024999 0.000000 0.039635 0.810915 
0.049235 0.043726 0.007588 0.000002 0.208936 0.460731 0.229781 
0.806007 0.000082 0.062555 0.000002 0.000000 0.117516 0.013838 
0.725390 0.176269 0.057034 0.000002 0.000000 0.000151 0.041152 
0.229077 0.039638 0.440523 0.030468 0.014217 0.246060 0.000017 
0.000000 0.457799 0.359147 0.036437 0.012735 0.056456 0.077424 
0.196302 0.041687 0.460118 0.000002 0.000000 0.215379 0.086511 
0.000000 0.000069 0.030108 0.000002 0.000000 0.366304 0.603516 
0.000000 0.975942 0.001200 0.011303 0.006158 0.005379 0.000019 
0.000000 0.700534 0.179307 0.000003 0.011990 0.088089 0.020078 
0.000000 0.563633 0.247078 0.000002 0.108591 0.040274 0.040420 
0.007765 0.005760 0.504507 0.127876 0.183943 0.164001 0.006147 
0.017461 0.000127 0.062268 0.000003 0.853538 0.024800 0.041803 
0.000000 0.908082 0.027875 0.016537 0.016737 0.022494 0.008276 
0.004913 0.295251 0.295839 0.091097 0.000000 0.306540 0.006361 
0.000000 0.114787 0.539867 0.147180 0.000000 0.136591 0.061576 
0.000000 0.900811 0.050086 0.014625 0.000000 0.032876 0.001601 
0.004351 0.237058 0.398169 0.000003 0.051230 0.293535 0.015654 
0.507097 0.101619 0.276002 0.024955 0.015220 0.049968 0.025138 
0.006875 0.019599 0.144249 0.022950 0.000000 0.721183 0.085143 
0.004852 0.002518 0.259290 0.210004 0.000000 0.510952 0.012385 
0.104286 0.024470 0.023639 0.000002 0.000000 0.595557 0.252046 
0.343828 0.444783 0.026184 0.003371 0.008345 0.009772 0.163717 
0.000000 0.000109 0.450615 0.008956 0.195065 0.245770 0.099485 
0.014150 0.021284 0.542456 0.022342 0.000000 0.081753 0.318015 
0.175390 0.049626 0.004210 0.000003 0.000000 0.050507 0.720265 
0.003142 0.359738 0.051043 0.556618 0.000000 0.029442 0.000017 
0.000000 0.333671 0.215479 0.036622 0.034208 0.125045 0.254974 
0.084905 0.030751 0.163435 0.030289 0.614431 0.010660 0.065529 
0.000000 0.226556 0.174414 0.574511 0.000000 0.022390 0.002129 
0.009106 0.044558 0.467355 0.179130 0.029427 0.270405 0.000020 
0.000000 0.506134 0.189143 0.161404 0.033719 0.062305 0.047296 
0.000000 0.018236 0.065712 0.861229 0.017928 0.023185 0.013710 
0.045498 0.016849 0.180075 0.682412 0.000000 0.027419 0.047747 
0.164687 0.000145 0.240628 0.000003 0.000000 0.076155 0.518382 
0.000000 0.001665 0.043423 0.000003 0.000000 0.940814 0.014095 
0.010241 0.000161 0.024765 0.009866 0.106121 0.010678 0.838169 
0.000000 0.450773 0.287312 0.133189 0.024896 0.079202 0.024628 
0.000000 0.057287 0.378967 0.005253 0.033345 0.287192 0.237956 
0.027042 0.138736 0.036515 0.095108 0.431573 0.006379 0.264648 
0.044258 0.888137 0.020085 0.014389 0.000000 0.033112 0.000019 
0.088232 0.007034 0.094973 0.012115 0.000000 0.325384 0.472262 
0.017696 0.030049 0.108325 0.821577 0.000000 0.000132 0.022220 
0.911753 0.017103 0.047478 0.000002 0.000000 0.023648 0.000017 
0.011217 0.041291 0.523181 0.035326 0.000000 0.082272 0.306713 
0.000000 0.751065 0.115580 0.039109 0.000000 0.071757 0.022489 
0.000000 0.141296 0.546421 0.153078 0.000000 0.072124 0.087081 
0.003469 0.832907 0.125303 0.000002 0.006191 0.032112 0.000015 
0.016563 0.786177 0.103021 0.000003 0.019509 0.021711 0.053017 
0.000000 0.064908 0.723282 0.004134 0.000000 0.177529 0.030147 
0.629001 0.000118 0.000404 0.000002 0.370401 0.000054 0.000019 
0.007166 0.038354 0.758778 0.000003 0.000000 0.165296 0.030403 
0.000000 0.032201 0.672335 0.182827 0.000000 0.089022 0.023615 
0.249281 0.085648 0.022196 0.055266 0.587465 0.000125 0.000020 
0.572252 0.062545 0.007980 0.000002 0.331819 0.020516 0.004886 
0.558741 0.325643 0.055613 0.008259 0.014790 0.000142 0.036811 
0.007212 0.687798 0.187951 0.006077 0.050863 0.004101 0.055999 
0.000000 0.765322 0.143352 0.000003 0.022953 0.018815 0.049556 
0.005042 0.038932 0.513153 0.021762 0.015270 0.405825 0.000016 
0.044408 0.284271 0.102159 0.073922 0.012712 0.452993 0.029535 
0.000000 0.047524 0.653295 0.054837 0.000000 0.217084 0.027260 
0.006768 0.181031 0.330244 0.402123 0.000000 0.032856 0.046978 
0.000000 0.430016 0.310011 0.083554 0.101664 0.048044 0.026711 
0.004780 0.646337 0.235226 0.009612 0.026837 0.046801 0.030407 
0.087121 0.007504 0.072693 0.000003 0.000000 0.815780 0.016898 
0.014045 0.211944 0.561652 0.082707 0.000000 0.055421 0.074231 
0.004079 0.018519 0.157202 0.000003 0.479293 0.340885 0.000018 
0.015125 0.118879 0.433042 0.147249 0.132749 0.095207 0.057749 
0.055063 0.035752 0.234011 0.111530 0.335491 0.134644 0.093510 
0.212768 0.310580 0.243627 0.045900 0.000000 0.048106 0.139019 
0.013009 0.066031 0.497288 0.006775 0.019496 0.316906 0.080495 
0.000000 0.147569 0.036235 0.080397 0.720040 0.015742 0.000018 
0.000000 0.019679 0.063019 0.313580 0.000000 0.000123 0.603599 
0.000000 0.002167 0.271957 0.036315 0.000000 0.671690 0.017871 
0.000000 0.201451 0.025664 0.270728 0.020611 0.020592 0.460954 
0.000000 0.282178 0.370565 0.000003 0.026944 0.301044 0.019267 
0.000000 0.344443 0.136379 0.023878 0.251156 0.021953 0.222190 
0.003968 0.040263 0.118201 0.810334 0.015735 0.011482 0.000017 
0.000000 0.124197 0.120456 0.656991 0.000000 0.071029 0.027326 
0.213964 0.016078 0.094978 0.538902 0.000000 0.130706 0.005371 
0.011710 0.039659 0.029155 0.000003 0.000000 0.028229 0.891243 
0.010163 0.120816 0.557013 0.117178 0.000000 0.164548 0.030282 
0.126816 0.049460 0.051567 0.041976 0.000000 0.730162 0.000019 
0.000000 0.000085 0.000247 0.000002 0.589829 0.000103 0.409733 
0.005479 0.078990 0.377569 0.000003 0.005867 0.526287 0.005806 
0.009669 0.700640 0.079068 0.008748 0.027836 0.122439 0.051601 
0.000000 0.604250 0.063536 0.000003 0.033694 0.028327 0.270190 
0.032210 0.036205 0.374527 0.000002 0.090842 0.244549 0.221665 
0.000000 0.000129 0.108004 0.026813 0.810286 0.048430 0.006338 
0.000000 0.256387 0.062959 0.036990 0.044656 0.583374 0.015633 
0.000000 0.028297 0.221893 0.009955 0.000000 0.399472 0.340382 
0.000000 0.152088 0.445012 0.165041 0.000000 0.199259 0.038599 
0.005859 0.068311 0.150871 0.000003 0.022221 0.738597 0.014138 
0.000000 0.046412 0.348644 0.045584 0.000000 0.532333 0.027026 
0.000000 0.009711 0.108452 0.000003 0.506063 0.302798 0.072974 
0.013766 0.681050 0.186588 0.000003 0.051935 0.007746 0.058912 
0.000000 0.031998 0.047194 0.000003 0.000000 0.253901 0.666904 
0.065868 0.737878 0.096080 0.017028 0.033983 0.000111 0.049052 
0.573751 0.005924 0.226485 0.000003 0.139364 0.054455 0.000018 
0.332693 0.278652 0.179685 0.000003 0.031569 0.145579 0.031821 
0.000000 0.883837 0.009293 0.106733 0.000000 0.000119 0.000017 
0.004567 0.041823 0.384607 0.076620 0.000000 0.478069 0.014314 
0.000000 0.157884 0.234843 0.392245 0.035459 0.058799 0.120770 
0.000000 0.078829 0.141604 0.728728 0.011659 0.021324 0.017855 
0.054590 0.664945 0.040578 0.059608 0.079350 0.060928 0.040001 
0.000000 0.535197 0.236016 0.000002 0.033155 0.080147 0.115482 
0.000000 0.847413 0.123809 0.018847 0.000000 0.007471 0.002459 
0.000000 0.525418 0.310954 0.000003 0.023155 0.026124 0.114346 
0.032662 0.008824 0.382329 0.000002 0.000000 0.123110 0.453072 
0.084821 0.095699 0.127043 0.061998 0.000000 0.039533 0.590906 
0.064271 0.026677 0.560636 0.008774 0.019335 0.320290 0.000017 
0.005110 0.337610 0.369376 0.000003 0.051715 0.064667 0.171520 
0.089342 0.411573 0.281351 0.010117 0.015356 0.186387 0.005873 
0.006969 0.015208 0.049124 0.606109 0.211629 0.110943 0.000017 
0.000000 0.022271 0.146530 0.028946 0.000000 0.079353 0.722899 
0.000000 0.053379 0.197714 0.008888 0.688252 0.026432 0.025335 
0.842926 0.046485 0.006094 0.104419 0.000000 0.000058 0.000019 
0.000000 0.039086 0.172203 0.713947 0.040223 0.000105 0.034435 
0.454890 0.024230 0.325795 0.026597 0.000000 0.132493 0.035995 
0.031798 0.041691 0.350982 0.090009 0.000000 0.485499 0.000021 
0.007260 0.403199 0.237761 0.272273 0.030381 0.031385 0.017741 
0.000000 0.269464 0.512558 0.087029 0.008157 0.062828 0.059964 
0.000000 0.250002 0.516923 0.087626 0.048407 0.079009 0.018032 
0.000000 0.024175 0.092617 0.820694 0.019032 0.000129 0.043352 
0.000000 0.065347 0.071140 0.703364 0.160013 0.000117 0.000018 
0.000000 0.005583 0.057951 0.000003 0.000000 0.842309 0.094154 
0.000000 0.180873 0.103649 0.664590 0.017322 0.021157 0.012410 
0.017437 0.040045 0.549159 0.019972 0.000000 0.373372 0.000015 
0.000000 0.316002 0.060399 0.013321 0.000000 0.587483 0.022794 
0.000000 0.051906 0.557800 0.009339 0.020663 0.360278 0.000014 
0.000000 0.265055 0.077063 0.029179 0.000000 0.181567 0.447136 
0.242814 0.387189 0.060477 0.000002 0.000000 0.239882 0.069635 
0.005957 0.971781 0.000341 0.010382 0.008155 0.000087 0.003297 
0.373488 0.070198 0.347639 0.092833 0.000000 0.079978 0.035863 
0.767610 0.000101 0.162024 0.012553 0.019593 0.038100 0.000018 
0.012548 0.044644 0.122238 0.007200 0.485788 0.230067 0.097514 
0.000000 0.004832 0.601861 0.202029 0.015742 0.150170 0.025366 
0.258059 0.039865 0.287438 0.236522 0.014173 0.163923 0.000019 
0.010677 0.716523 0.230475 0.000003 0.005571 0.017311 0.019439 
0.657735 0.011229 0.221561 0.000003 0.000000 0.063454 0.046019 
0.056279 0.252556 0.204011 0.358566 0.025038 0.076984 0.026567 
0.015249 0.749686 0.076240 0.017760 0.090146 0.014387 0.036531 
0.000000 0.000152 0.740534 0.000003 0.010610 0.223640 0.025061 
0.000000 0.033472 0.539137 0.273978 0.000000 0.117961 0.035452 
0.464076 0.104156 0.257317 0.000003 0.000000 0.161919 0.012529 
0.009562 0.492758 0.323750 0.005545 0.056631 0.077222 0.034532 
0.000000 0.036206 0.079419 0.000002 0.040857 0.041856 0.801659 
0.000000 0.272063 0.497239 0.122407 0.000000 0.094517 0.013774 
0.008972 0.246810 0.457646 0.023044 0.000000 0.263512 0.000015 
0.023675 0.022554 0.146924 0.005605 0.000000 0.147783 0.653459 
0.003313 0.466150 0.039009 0.010366 0.024525 0.423570 0.033068 
0.000000 0.110883 0.590150 0.117780 0.000000 0.094165 0.087022 
0.000000 0.180739 0.542439 0.000003 0.025680 0.215040 0.036100 
0.000000 0.051120 0.530340 0.007906 0.019193 0.391424 0.000017 
0.033371 0.043374 0.285367 0.000003 0.013251 0.624618 0.000018 
0.680137 0.014434 0.130390 0.000003 0.007637 0.014633 0.152766 
0.613759 0.031702 0.137063 0.023104 0.109454 0.039975 0.044943 
0.000000 0.024740 0.092642 0.840079 0.036585 0.000139 0.005813 
0.000000 0.003514 0.051729 0.007364 0.000000 0.922691 0.014701 
0.000000 0.020581 0.103339 0.810379 0.000000 0.045252 0.020448 
0.007237 0.000137 0.016989 0.000003 0.000000 0.361032 0.614601 
0.160357 0.000122 0.083012 0.691634 0.040432 0.024424 0.000019 
0.000000 0.103562 0.333000 0.031635 0.008599 0.517603 0.005600 
0.005422 0.049252 0.431262 0.027922 0.027631 0.458497 0.000015 
0.023032 0.069752 0.144225 0.727319 0.014874 0.008750 0.012046 
0.006712 0.028758 0.071369 0.858509 0.012834 0.000101 0.021716 
0.063464 0.032091 0.063356 0.173754 0.115163 0.040050 0.512123 
0.227129 0.634631 0.065798 0.000003 0.000000 0.069551 0.002887 
0.066387 0.016185 0.094797 0.355034 0.000000 0.380836 0.086762 
0.017434 0.922606 0.020636 0.018908 0.000000 0.014198 0.006217 
0.330204 0.047781 0.240774 0.013224 0.196498 0.165154 0.006365 
0.007735 0.720767 0.151883 0.009180 0.023363 0.034162 0.052910 
0.005886 0.012778 0.011253 0.058213 0.000000 0.004204 0.907666 
0.000000 0.022838 0.307778 0.008486 0.000000 0.467606 0.193292 
0.010944 0.000104 0.774913 0.013645 0.032168 0.141741 0.026485 
0.000000 0.082893 0.544943 0.000003 0.019805 0.349192 0.003164 
0.009180 0.156278 0.406190 0.144665 0.000000 0.283671 0.000016 
0.004494 0.325476 0.293582 0.004459 0.000000 0.362464 0.009524 
0.000000 0.042490 0.542046 0.017337 0.031362 0.366750 0.000015 
0.000000 0.670748 0.241300 0.007305 0.000000 0.039184 0.041463 
0.015691 0.072673 0.510199 0.084253 0.000000 0.277175 0.040010 
0.346013 0.000113 0.516109 0.007708 0.000000 0.124086 0.005971 
0.012402 0.697296 0.086831 0.102758 0.000000 0.096670 0.004042 
0.000000 0.110410 0.542443 0.107195 0.109353 0.061106 0.069493 
0.000000 0.139206 0.591020 0.085218 0.000000 0.148756 0.035799 
0.000000 0.000106 0.765280 0.003662 0.034415 0.156048 0.040488 
0.060925 0.122551 0.494545 0.140138 0.000000 0.065631 0.116210 
0.000000 0.049388 0.557578 0.000003 0.028937 0.364082 0.000012 
0.175962 0.388535 0.122380 0.058897 0.024141 0.197895 0.032190 
0.000000 0.006593 0.055760 0.389131 0.006873 0.420330 0.121313 
0.006547 0.008260 0.027451 0.001977 0.000000 0.000141 0.955624 
0.000000 0.492535 0.155001 0.000003 0.019963 0.273031 0.059468 
0.000000 0.032601 0.219694 0.000002 0.680560 0.056768 0.010374 
0.269545 0.279638 0.328834 0.015678 0.000000 0.028913 0.077391 
0.372392 0.479774 0.002139 0.000002 0.003916 0.127842 0.013935 
0.695783 0.000109 0.061309 0.000003 0.185408 0.037788 0.019600 
0.000000 0.034503 0.778614 0.000003 0.000000 0.129871 0.057009 
0.006384 0.126167 0.035057 0.006766 0.683180 0.142425 0.000020 
0.002622 0.019510 0.187214 0.610961 0.010261 0.169412 0.000020 
0.000000 0.591857 0.128496 0.006310 0.027154 0.010581 0.235603 
0.403279 0.194579 0.101821 0.000002 0.119989 0.089998 0.090332 
0.000000 0.131064 0.007481 0.070129 0.267903 0.502613 0.020810 
0.081090 0.004427 0.001976 0.000002 0.000000 0.236346 0.676159 
0.039608 0.055958 0.145618 0.167457 0.000000 0.033873 0.557485 
0.067985 0.039967 0.487597 0.000002 0.019423 0.385009 0.000017 
0.001580 0.317651 0.300610 0.285080 0.000000 0.039884 0.055194 
0.020133 0.234339 0.600354 0.006070 0.000000 0.093359 0.045744 
0.000000 0.231393 0.036754 0.000002 0.012216 0.000101 0.719533 
0.000000 0.163403 0.378820 0.124265 0.000000 0.058465 0.275047 
0.000000 0.000150 0.687432 0.006050 0.023545 0.275174 0.007648 
0.010487 0.280082 0.280102 0.024579 0.026270 0.359846 0.018634 
0.021750 0.051669 0.562411 0.000003 0.061026 0.303125 0.000017 
0.784863 0.056178 0.085975 0.000002 0.041186 0.016561 0.015236 
0.000000 0.005753 0.078913 0.123049 0.000000 0.743667 0.048617 
0.000000 0.595055 0.020050 0.364720 0.000000 0.009741 0.010433 
0.000000 0.000139 0.008176 0.000003 0.532245 0.450699 0.008739 
0.010247 0.681684 0.063796 0.025674 0.144507 0.038846 0.035246 
0.003607 0.039603 0.009253 0.006167 0.000000 0.000091 0.941279 
0.123181 0.026441 0.057440 0.448669 0.170040 0.131507 0.042722 
0.000000 0.173448 0.308196 0.047019 0.000000 0.431818 0.039519 
0.063198 0.023012 0.108428 0.770081 0.031101 0.000130 0.004049 
0.440138 0.027456 0.103705 0.012389 0.330215 0.086079 0.000019 
0.000000 0.076900 0.200337 0.675372 0.024797 0.000111 0.022483 
0.000000 0.760517 0.121226 0.019043 0.039978 0.000125 0.059110 
0.000000 0.092750 0.079431 0.061369 0.038695 0.710723 0.017032 
0.000000 0.029740 0.081475 0.500834 0.117965 0.085662 0.184324 
0.000000 0.005961 0.806668 0.000003 0.000000 0.155346 0.032022 
0.000000 0.026267 0.117510 0.201755 0.000000 0.026839 0.627629 
0.781895 0.009741 0.030082 0.000002 0.000000 0.008932 0.169348 
0.266766 0.084625 0.329607 0.001203 0.000000 0.278682 0.039117 
0.000000 0.073154 0.093195 0.810741 0.022749 0.000142 0.000019 
0.000000 0.280679 0.324359 0.050234 0.000000 0.291770 0.052958 
0.010781 0.238722 0.088272 0.000002 0.000000 0.000140 0.662082 
0.013717 0.776608 0.071650 0.012572 0.045515 0.023196 0.056741 
0.000000 0.068505 0.470686 0.008893 0.000000 0.368039 0.083876 
0.011478 0.798707 0.024692 0.160558 0.000000 0.004547 0.000017 
0.135952 0.394388 0.567579 0.196004 0.140147 0.398735 0.280285 
