-3852412.157452
0
0.003663 0.000000 0.000000 0.000000 0.001815 0.001278 0.000000 0.000000 0.005280 0.006662 0.009521 0.004613 0.011377 0.001447 0.004704 0.017574 0.028908 0.011774 0.021976 0.025295 0.041919 0.006265 0.004080 0.023524 0.003879 0.000000 0.000000 0.004343 0.000000 0.000000 0.000000 0.001705 0.010782 0.007356 0.008479 0.006612 0.003453 0.000683 0.000000 0.000908 0.019269 0.012630 0.020138 0.032963 0.026639 0.007652 0.014683 0.064950 0.009523 0.007158 0.000000 0.004801 0.000000 0.002461 0.000000 0.003014 0.007744 0.008557 0.009536 0.012078 0.002530 0.001831 0.001173 0.000000 0.010495 0.011398 0.011819 0.014842 0.008573 0.000312 0.003898 0.021644 0.021216 0.000235 0.000000 0.033035 0.001575 0.000000 0.000000 0.000000 0.002636 0.009308 0.006354 0.009132 0.022369 0.000000 0.015420 0.009266 0.018890 0.016183 0.012215 0.038943 0.063489 0.009155 0.009030 0.069364 
0.000001 0.000361 0.000000 0.000427 0.000000 0.000000 0.000000 0.000301 0.000001 0.019590 0.000000 0.004830 0.000958 0.000932 0.001019 0.003518 0.000606 0.000171 0.000870 0.001020 0.000000 0.000065 0.000560 0.000000 0.001006 0.000549 0.000000 0.001349 0.000171 0.000265 0.000831 0.000271 0.077012 0.102306 0.020972 0.080671 0.000000 0.001186 0.000845 0.001584 0.000947 0.000736 0.000734 0.004625 0.000000 0.000988 0.000666 0.001240 0.000319 0.000000 0.000000 0.000000 0.000000 0.000346 0.000000 0.000000 0.000000 0.020480 0.000560 0.016215 0.000000 0.000000 0.000595 0.000715 0.000167 0.000000 0.000334 0.008207 0.000000 0.000000 0.001784 0.000769 0.001022 0.002127 0.000000 0.001347 0.000000 0.001067 0.000000 0.000000 0.116516 0.287723 0.101782 0.083333 0.001191 0.001465 0.001288 0.004971 0.002383 0.001805 0.002001 0.002188 0.000000 0.001044 0.001097 0.000979 
0.000546 0.000906 0.000000 0.008511 0.000295 0.000148 0.000000 0.000092 0.000000 0.002388 0.012826 0.004913 0.000000 0.000000 0.000000 0.001124 0.003773 0.005277 0.002092 0.004366 0.000000 0.004179 0.001371 0.014275 0.002343 0.000000 0.000395 0.014412 0.000000 0.000000 0.000000 0.000000 0.001109 0.002275 0.010898 0.003940 0.000000 0.000000 0.000000 0.000653 0.000416 0.002370 0.001681 0.001750 0.001841 0.002047 0.003071 0.018003 0.001258 0.001788 0.000000 0.007690 0.000000 0.000220 0.000000 0.000324 0.000000 0.012698 0.026568 0.015309 0.000000 0.000115 0.000000 0.000534 0.006545 0.010337 0.005285 0.012913 0.000000 0.002001 0.000909 0.002574 0.038323 0.010839 0.003411 0.307465 0.000000 0.000000 0.000000 0.000000 0.004766 0.021851 0.218829 0.039773 0.000000 0.001058 0.000000 0.002867 0.003319 0.010606 0.006465 0.009734 0.004689 0.009718 0.002027 0.062907 
0.000088 0.000267 0.000000 0.000059 0.000000 0.000000 0.000179 0.000772 0.006848 0.003299 0.003618 0.003140 0.000000 0.000000 0.000678 0.000142 0.001242 0.000406 0.000798 0.001558 0.000000 0.000000 0.000481 0.000567 0.000027 0.000000 0.000000 0.000262 0.000000 0.000183 0.000000 0.000000 0.015605 0.004088 0.004995 0.007976 0.000000 0.000512 0.000000 0.000701 0.000583 0.000210 0.000302 0.000187 0.000000 0.000000 0.000001 0.000002 0.000252 0.000000 0.000000 0.000000 0.000000 0.000000 0.000000 0.000224 0.007478 0.002123 0.000823 0.002945 0.000000 0.000000 0.000000 0.000000 0.000002 0.000000 0.000001 0.000348 0.000000 0.000000 0.000208 0.000088 0.015088 0.006852 0.002168 0.011789 0.037241 0.000000 0.001729 0.067952 0.422588 0.082460 0.047921 0.228206 0.000000 0.000000 0.000000 0.000000 0.000002 0.000250 0.000419 0.000791 0.000000 0.000000 0.000266 0.000007 
0.039795 0.036224 0.003098 0.035126 0.009680 0.004907 0.000464 0.010346 0.017916 0.005322 0.015111 0.020586 0.014326 0.013108 0.014698 0.024651 0.015819 0.007074 0.008449 0.022026 0.004325 0.000599 0.007383 0.002544 0.033214 0.025630 0.000659 0.026422 0.007612 0.007237 0.000686 0.008625 0.004373 0.003460 0.004918 0.019262 0.012575 0.019061 0.018017 0.027335 0.004839 0.011353 0.004102 0.011317 0.002104 0.002171 0.006843 0.004128 0.025316 0.016249 0.001057 0.022186 0.003573 0.003126 0.000306 0.006787 0.000000 0.000003 0.006304 0.004021 0.007738 0.008003 0.009278 0.018740 0.004758 0.005537 0.004073 0.008867 0.000813 0.000542 0.007128 0.005419 0.029397 0.019142 0.001087 0.035545 0.005558 0.005387 0.000000 0.008310 0.007297 0.003669 0.000000 0.011415 0.016198 0.012307 0.008837 0.028544 0.004719 0.005958 0.000962 0.009966 0.001786 0.002489 0.006186 0.005891 
0.035822 0.028708 0.021445 0.021144 0.009181 0.005067 0.003545 0.004482 0.010988 0.007877 0.000000 0.001890 0.002385 0.000000 0.008815 0.000001 0.006250 0.000953 0.007977 0.000003 0.000000 0.000000 0.000000 0.000000 0.050693 0.069313 0.011104 0.046918 0.011161 0.009594 0.007401 0.009707 0.023106 0.016289 0.008345 0.018854 0.006339 0.009496 0.037783 0.008111 0.005605 0.000871 0.012176 0.004384 0.000000 0.001262 0.004424 0.001416 0.040862 0.046883 0.027780 0.026435 0.008136 0.009767 0.007510 0.005935 0.010377 0.009466 0.001447 0.009676 0.007248 0.004211 0.015448 0.000000 0.006399 0.000000 0.004493 0.000369 0.000000 0.000000 0.000863 0.000000 0.033425 0.059771 0.011882 0.039803 0.003078 0.010808 0.003916 0.004824 0.000815 0.005621 0.000000 0.006567 0.001873 0.003391 0.008029 0.000000 0.002104 0.000985 0.004553 0.000731 0.000000 0.000000 0.002366 0.001268 
0.010274 0.003026 0.000000 0.003045 0.025703 0.014047 0.006399 0.024444 0.022637 0.013196 0.000000 0.017001 0.007174 0.006674 0.010237 0.004001 0.032691 0.015388 0.026563 0.026372 0.000000 0.002646 0.009316 0.007109 0.003284 0.000000 0.002525 0.003523 0.015867 0.013932 0.005151 0.024263 0.023261 0.012754 0.003033 0.017294 0.004843 0.005148 0.007906 0.008128 0.014099 0.017003 0.016898 0.018058 0.001145 0.006483 0.010146 0.010736 0.002008 0.004295 0.000000 0.006433 0.012539 0.010126 0.001660 0.016762 0.026263 0.015726 0.000001 0.018095 0.005999 0.003595 0.008023 0.002695 0.015219 0.009705 0.013539 0.012733 0.004052 0.004229 0.014703 0.004800 0.006049 0.010950 0.002770 0.004931 0.013214 0.021708 0.003528 0.030036 0.007265 0.015292 0.000000 0.007512 0.004374 0.007987 0.005276 0.006831 0.018565 0.016999 0.013366 0.016591 0.005781 0.008229 0.011050 0.015073 
0.003653 0.004094 0.001029 0.002391 0.000728 0.001533 0.000000 0.001626 0.033930 0.015749 0.155188 0.014176 0.001600 0.002877 0.000000 0.005897 0.011783 0.005822 0.017973 0.004966 0.000000 0.001731 0.000375 0.002697 0.006648 0.014280 0.004993 0.032181 0.000000 0.000000 0.000000 0.000000 0.013925 0.012906 0.104021 0.011373 0.000000 0.001477 0.000000 0.000378 0.005364 0.003899 0.017943 0.004751 0.000000 0.002835 0.003127 0.005118 0.003896 0.004945 0.001020 0.006089 0.000000 0.002539 0.000000 0.000688 0.047871 0.055694 0.133120 0.037620 0.000000 0.001313 0.000338 0.001433 0.013111 0.006468 0.008829 0.007749 0.000000 0.000721 0.000701 0.001351 0.004672 0.005936 0.001847 0.005426 0.000000 0.000000 0.000000 0.000000 0.006535 0.004929 0.058531 0.005138 0.001848 0.000780 0.000000 0.000771 0.006983 0.004042 0.010713 0.004273 0.000000 0.001223 0.000943 0.004879 
0.006080 0.057917 0.013910 0.126127 0.284758 0.134390 0.000004 0.376815 
0.005005 0.000003 0.000000 0.982678 0.000283 0.012011 0.000004 0.000016 
0.032509 0.031700 0.000000 0.017458 0.474067 0.087429 0.242454 0.114382 
0.000001 0.598873 0.289807 0.018151 0.025758 0.029937 0.031136 0.006337 
0.000001 0.019987 0.918917 0.000000 0.001391 0.007627 0.000003 0.052073 
0.424066 0.151126 0.000000 0.017394 0.128407 0.000002 0.029862 0.249143 
0.129137 0.013034 0.000000 0.000000 0.178406 0.655639 0.023763 0.000020 
0.047624 0.072657 0.000000 0.300115 0.170901 0.028481 0.339793 0.040429 
0.023655 0.015404 0.015757 0.156280 0.291566 0.043591 0.440923 0.012824 
0.025392 0.042161 0.025727 0.000000 0.293463 0.223696 0.035005 0.354555 
0.050664 0.000003 0.859296 0.000000 0.031563 0.054239 0.004216 0.000019 
0.000001 0.000003 0.043495 0.019078 0.198587 0.055623 0.404146 0.279067 
0.000001 0.008197 0.008778 0.000000 0.686753 0.169864 0.103852 0.022555 
0.499135 0.006582 0.038785 0.000000 0.194822 0.000002 0.061351 0.199323 
0.000001 0.203464 0.000000 0.022709 0.165327 0.381030 0.000004 0.227465 
0.019082 0.026266 0.375146 0.000000 0.200702 0.000002 0.329854 0.048947 
0.000001 0.000003 0.914854 0.006633 0.057597 0.020892 0.000004 0.000017 
0.380732 0.000003 0.000000 0.000000 0.192651 0.305693 0.113639 0.007282 
0.002556 0.913380 0.002779 0.010463 0.008113 0.021292 0.000003 0.041415 
0.463856 0.000003 0.000000 0.011137 0.212562 0.248860 0.058464 0.005118 
0.143253 0.000003 0.000000 0.468886 0.273802 0.092487 0.000004 0.021565 
0.079805 0.010629 0.581099 0.033795 0.054203 0.026828 0.000004 0.213637 
0.411340 0.000003 0.000000 0.003871 0.558561 0.000002 0.000004 0.026219 
0.000001 0.038994 0.000000 0.008788 0.239043 0.386132 0.327024 0.000018 
0.000001 0.643935 0.335457 0.017880 0.000631 0.002076 0.000003 0.000016 
0.049779 0.077960 0.009355 0.008739 0.156473 0.000002 0.249596 0.448096 
0.115073 0.813083 0.000000 0.008818 0.041265 0.000002 0.012089 0.009670 
0.000001 0.229137 0.263252 0.000000 0.115634 0.231364 0.000004 0.160608 
0.295978 0.467210 0.000000 0.000000 0.142890 0.000002 0.093899 0.000020 
0.007695 0.645962 0.204928 0.000000 0.021822 0.119571 0.000004 0.000018 
0.118043 0.000003 0.000000 0.780907 0.065608 0.000002 0.035419 0.000017 
0.008138 0.302876 0.000000 0.009229 0.594487 0.005317 0.060542 0.019411 
0.113306 0.026963 0.011655 0.000000 0.182552 0.061647 0.501792 0.102085 
0.076795 0.044948 0.327355 0.012792 0.171272 0.016252 0.291250 0.059335 
0.000001 0.988443 0.000000 0.011350 0.000189 0.000002 0.000003 0.000012 
0.020317 0.131013 0.000000 0.000000 0.001666 0.026190 0.028763 0.792052 
0.007062 0.059010 0.010889 0.000000 0.388335 0.000002 0.028965 0.505738 
0.108291 0.039486 0.232606 0.000000 0.129645 0.041527 0.356502 0.091942 
0.000001 0.185564 0.000000 0.007339 0.269039 0.086886 0.451157 0.000014 
0.017483 0.036909 0.009270 0.014800 0.207877 0.000002 0.173754 0.539905 
0.045114 0.008984 0.000000 0.110965 0.621695 0.000002 0.000004 0.213236 
0.000001 0.005472 0.025742 0.031889 0.246405 0.043848 0.377296 0.269347 
0.663786 0.025081 0.000000 0.000000 0.248693 0.012093 0.050327 0.000021 
0.056434 0.000003 0.004469 0.000000 0.732879 0.174733 0.000004 0.031478 
0.031404 0.025958 0.000000 0.736389 0.045685 0.000002 0.019405 0.141156 
0.007060 0.648159 0.037459 0.246317 0.016291 0.000002 0.009031 0.035681 
0.053355 0.217533 0.000000 0.086684 0.142377 0.181322 0.000004 0.318724 
0.000001 0.000003 0.000000 0.006637 0.473255 0.014337 0.466248 0.039520 
0.000001 0.010296 0.047787 0.000000 0.605735 0.000002 0.020014 0.316165 
0.208606 0.015348 0.000000 0.000000 0.293410 0.108804 0.373814 0.000018 
0.013378 0.066366 0.046883 0.008184 0.821878 0.000002 0.000004 0.043305 
0.000001 0.000003 0.077967 0.022274 0.038318 0.398568 0.000004 0.462866 
0.000001 0.000003 0.091454 0.658812 0.041590 0.170552 0.015339 0.022249 
0.011641 0.876022 0.024078 0.065820 0.002895 0.000002 0.019521 0.000021 
0.000001 0.001740 0.000000 0.000000 0.159426 0.817973 0.000004 0.020856 
0.000001 0.009771 0.000000 0.000000 0.194787 0.795421 0.000004 0.000016 
0.007792 0.000003 0.000000 0.014958 0.029760 0.034356 0.000004 0.913127 
0.066973 0.035307 0.042550 0.000000 0.172331 0.049061 0.528695 0.105083 
0.000001 0.984285 0.000000 0.005957 0.003018 0.000002 0.000004 0.006734 
0.094308 0.047816 0.000000 0.000000 0.168159 0.047365 0.381254 0.261098 
0.015650 0.029305 0.733610 0.000000 0.045972 0.006155 0.033738 0.135569 
0.010366 0.000003 0.000000 0.000000 0.000768 0.009531 0.000003 0.979329 
0.405995 0.021870 0.072450 0.005498 0.313843 0.031217 0.115169 0.033958 
0.034618 0.084626 0.019581 0.025940 0.224466 0.000002 0.211760 0.399006 
0.000001 0.005571 0.000000 0.005298 0.297450 0.272866 0.418799 0.000015 
0.383837 0.031366 0.000000 0.000000 0.168387 0.043862 0.261087 0.111461 
0.000001 0.021052 0.956351 0.000000 0.006850 0.015728 0.000003 0.000015 
0.000001 0.000003 0.015373 0.019426 0.459417 0.384035 0.047357 0.074389 
0.087383 0.000003 0.000000 0.334192 0.177513 0.050259 0.350629 0.000021 
0.271055 0.079477 0.000000 0.000000 0.152315 0.491398 0.005734 0.000020 
0.048269 0.032111 0.000000 0.343465 0.184853 0.000002 0.193458 0.197842 
0.011588 0.040099 0.029391 0.000000 0.150296 0.320921 0.000004 0.447700 
0.515608 0.009934 0.051773 0.000000 0.248408 0.000002 0.061051 0.113223 
0.009880 0.009284 0.686328 0.000000 0.028445 0.022190 0.077151 0.166723 
0.177972 0.000003 0.000000 0.168884 0.084676 0.042026 0.000004 0.526436 
0.000001 0.000003 0.995785 0.000000 0.000596 0.003595 0.000003 0.000017 
0.049359 0.214137 0.054719 0.000000 0.144918 0.043178 0.211325 0.282365 
0.029977 0.094374 0.018137 0.000000 0.628012 0.000002 0.009892 0.219606 
0.000001 0.000003 0.010320 0.181578 0.700297 0.087155 0.000004 0.020643 
0.008302 0.000003 0.023861 0.261110 0.000782 0.034769 0.006987 0.664187 
0.066270 0.025545 0.000000 0.000000 0.180794 0.044055 0.448572 0.234764 
0.010103 0.024090 0.015596 0.000000 0.109576 0.000002 0.017309 0.823323 
0.000001 0.000003 0.949127 0.000000 0.009947 0.028677 0.000004 0.012242 
0.360595 0.283330 0.000000 0.000000 0.165285 0.083140 0.087007 0.020643 
0.011917 0.775079 0.000000 0.010243 0.178990 0.010497 0.000004 0.013270 
0.057644 0.536223 0.000000 0.000000 0.094323 0.278209 0.033583 0.000017 
0.017393 0.039576 0.027903 0.000000 0.103198 0.000002 0.094505 0.717423 
0.000001 0.295278 0.006366 0.015578 0.128986 0.000002 0.000004 0.553786 
0.115000 0.000003 0.425347 0.127915 0.077435 0.000002 0.051100 0.203198 
0.231262 0.148980 0.000000 0.025222 0.190714 0.403798 0.000004 0.000020 
0.099091 0.069546 0.000000 0.021753 0.249200 0.064193 0.405664 0.090554 
0.010903 0.068198 0.035023 0.827122 0.023863 0.008187 0.016086 0.010618 
0.118063 0.353115 0.007375 0.009753 0.101039 0.000002 0.018479 0.392174 
0.171008 0.029288 0.673309 0.000000 0.080602 0.000002 0.039045 0.006745 
0.075633 0.000003 0.000000 0.874951 0.036277 0.013112 0.000003 0.000021 
0.049162 0.060637 0.016488 0.015944 0.134500 0.000002 0.026442 0.696827 
0.040048 0.008171 0.000000 0.031722 0.578142 0.016423 0.278862 0.046633 
0.022312 0.049673 0.012260 0.007615 0.164952 0.000002 0.013961 0.729225 
0.019662 0.000003 0.193248 0.005091 0.049339 0.011502 0.082458 0.638695 
0.000001 0.026465 0.000000 0.456236 0.333818 0.183458 0.000004 0.000019 
0.045720 0.000003 0.037460 0.228301 0.181041 0.419669 0.000004 0.087802 
0.147829 0.140555 0.006144 0.000000 0.614485 0.027387 0.030447 0.033153 
0.341757 0.035459 0.000000 0.000000 0.239826 0.000003 0.325131 0.057824 
0.454137 0.000003 0.082594 0.010514 0.436033 0.000002 0.016699 0.000018 
0.000001 0.066088 0.056224 0.016028 0.254291 0.076138 0.531214 0.000015 
0.000001 0.954650 0.004434 0.009275 0.010044 0.005320 0.016253 0.000025 
0.288803 0.000003 0.175184 0.000000 0.063768 0.028941 0.023473 0.419829 
0.039446 0.015383 0.025590 0.000000 0.516793 0.035472 0.283863 0.083452 
0.004671 0.951676 0.000000 0.000000 0.009592 0.000002 0.015377 0.018681 
0.000001 0.479287 0.342414 0.000000 0.100881 0.047607 0.000004 0.029807 
0.074037 0.031446 0.107452 0.000000 0.209894 0.054086 0.432748 0.090337 
0.095033 0.043969 0.046717 0.131484 0.173305 0.014427 0.324763 0.170302 
0.090250 0.030800 0.012286 0.000000 0.163497 0.069657 0.453480 0.180030 
0.004139 0.028547 0.000000 0.006589 0.125234 0.182593 0.000004 0.652893 
0.000000 0.000003 0.000000 0.984674 0.006150 0.006873 0.002281 0.000019 
0.007698 0.014916 0.011543 0.000000 0.258771 0.425533 0.099831 0.181708 
0.004852 0.103604 0.023157 0.023688 0.105063 0.030108 0.000004 0.709524 
0.008120 0.082988 0.137369 0.009008 0.106000 0.000002 0.019976 0.636537 
0.012083 0.007765 0.000000 0.000000 0.197799 0.052255 0.243669 0.486429 
0.003653 0.899667 0.000000 0.015149 0.006242 0.000002 0.000004 0.075282 
0.081640 0.071450 0.053146 0.006689 0.205203 0.000002 0.000004 0.581866 
0.000001 0.000003 0.177941 0.000000 0.157347 0.664688 0.000004 0.000017 
0.000001 0.830124 0.000000 0.000000 0.124527 0.000002 0.045325 0.000022 
0.000001 0.019076 0.184898 0.007555 0.250438 0.045662 0.485376 0.006994 
0.014305 0.000003 0.682754 0.151436 0.085085 0.012019 0.000004 0.054395 
0.000001 0.441955 0.510953 0.011208 0.004079 0.006935 0.010513 0.014356 
0.000001 0.034643 0.028371 0.016944 0.251273 0.036144 0.145480 0.487144 
0.054334 0.028879 0.240365 0.101299 0.113402 0.064400 0.286112 0.111209 
0.071323 0.036258 0.336863 0.000000 0.151155 0.034162 0.307188 0.063049 
0.000001 0.006445 0.185033 0.000000 0.328413 0.480083 0.000004 0.000021 
0.021663 0.041524 0.000000 0.450592 0.242110 0.017780 0.209619 0.016712 
0.020377 0.000003 0.000000 0.078715 0.230109 0.030948 0.038996 0.600851 
0.000001 0.084677 0.000000 0.095071 0.773375 0.000002 0.000004 0.046870 
0.056192 0.031270 0.000000 0.038121 0.184048 0.056638 0.529717 0.104014 
0.060851 0.016259 0.018451 0.000000 0.770865 0.024522 0.000004 0.109050 
0.000001 0.000003 0.000000 0.009628 0.187464 0.616967 0.175180 0.010758 
0.000001 0.131457 0.000000 0.000000 0.136169 0.215950 0.244707 0.271715 
0.063186 0.000003 0.117625 0.000000 0.724624 0.017247 0.025374 0.051941 
0.082204 0.192456 0.225630 0.000000 0.140034 0.014491 0.265753 0.079431 
0.060792 0.042980 0.000000 0.113100 0.187675 0.049691 0.442184 0.103578 
0.036995 0.736099 0.000000 0.059959 0.030763 0.023713 0.107852 0.004619 
0.000001 0.753181 0.021556 0.026894 0.090790 0.000002 0.104300 0.003277 
0.005613 0.610450 0.000000 0.017147 0.008825 0.014361 0.000004 0.343598 
0.450455 0.000003 0.000000 0.007303 0.265458 0.009478 0.239663 0.027640 
0.149322 0.042694 0.024128 0.017519 0.200941 0.354465 0.000004 0.210927 
0.370046 0.015130 0.000000 0.256836 0.156899 0.000002 0.172091 0.028996 
0.481683 0.000003 0.006904 0.060967 0.326156 0.000002 0.000004 0.124281 
0.423941 0.000003 0.022410 0.000000 0.416414 0.000002 0.111949 0.025282 
0.018667 0.028626 0.000000 0.000000 0.239960 0.111685 0.332604 0.268457 
0.163787 0.130789 0.165930 0.391342 0.099828 0.000002 0.048303 0.000019 
0.003996 0.000003 0.000000 0.693239 0.094644 0.188256 0.000004 0.019859 
0.000001 0.253701 0.000000 0.020798 0.523534 0.000002 0.201942 0.000022 
0.276224 0.027805 0.000000 0.000000 0.146637 0.058067 0.356096 0.135171 
0.000001 0.000003 0.008225 0.788635 0.026115 0.010001 0.006807 0.160213 
0.032195 0.000003 0.000000 0.000000 0.042209 0.202133 0.033360 0.690100 
0.000001 0.016058 0.000000 0.011168 0.289514 0.201077 0.482165 0.000017 
0.033437 0.087004 0.000000 0.021938 0.218092 0.283316 0.315963 0.040251 
0.042043 0.013138 0.649702 0.000000 0.061173 0.029778 0.167523 0.036643 
0.016561 0.000003 0.926560 0.000000 0.021555 0.010924 0.000004 0.024393 
0.000001 0.012214 0.014817 0.000000 0.106686 0.669538 0.000004 0.196741 
0.040144 0.019044 0.000000 0.000000 0.082852 0.048734 0.300795 0.508430 
0.014308 0.026289 0.028135 0.000000 0.863418 0.000002 0.040454 0.027394 
0.071224 0.000003 0.399851 0.006039 0.212894 0.016222 0.293750 0.000017 
0.000001 0.018928 0.204229 0.115460 0.177779 0.219687 0.000004 0.263914 
0.000001 0.017055 0.000000 0.006618 0.489005 0.019679 0.467622 0.000020 
0.398663 0.012486 0.000000 0.000000 0.229963 0.277073 0.059030 0.022786 
0.000001 0.000003 0.000000 0.539418 0.259745 0.200808 0.000004 0.000021 
0.000001 0.000003 0.000000 0.564209 0.086316 0.202482 0.134741 0.012248 
0.063070 0.007977 0.670290 0.080985 0.074392 0.000002 0.063200 0.040084 
0.004120 0.220635 0.006163 0.409953 0.007055 0.010919 0.000003 0.341152 
0.019891 0.367709 0.126686 0.000000 0.120069 0.010562 0.171820 0.183262 
0.563528 0.149343 0.000000 0.000000 0.209639 0.000002 0.077472 0.000015 
0.009523 0.026995 0.000000 0.717866 0.067519 0.138061 0.035377 0.004659 
0.056679 0.031259 0.333476 0.000000 0.149991 0.000002 0.192543 0.236050 
0.008702 0.000003 0.000000 0.000000 0.011738 0.000002 0.006437 0.973117 
0.000001 0.015400 0.000000 0.000000 0.184984 0.752007 0.047585 0.000023 
0.497581 0.000003 0.000000 0.314668 0.178701 0.000002 0.009025 0.000020 
0.000001 0.012183 0.166620 0.014935 0.258626 0.046314 0.501304 0.000017 
0.000001 0.028740 0.000000 0.761421 0.144837 0.060247 0.000004 0.004750 
0.466405 0.020519 0.048663 0.009403 0.175023 0.000002 0.067037 0.212948 
0.124416 0.079985 0.131680 0.179994 0.155585 0.012966 0.228599 0.086774 
0.010762 0.068206 0.000000 0.010511 0.127427 0.000002 0.010968 0.772124 
0.004227 0.093911 0.000000 0.000000 0.008937 0.158016 0.039125 0.695783 
0.000001 0.107832 0.000000 0.004417 0.243477 0.618505 0.025747 0.000022 
0.020187 0.016254 0.000000 0.009218 0.228304 0.396662 0.299633 0.029742 
0.000001 0.713933 0.004706 0.000000 0.024175 0.000002 0.045310 0.211872 
0.235019 0.578456 0.008285 0.007691 0.044393 0.006025 0.022459 0.097673 
0.000001 0.000003 0.992772 0.000000 0.000282 0.006923 0.000004 0.000015 
0.000001 0.043769 0.020619 0.000000 0.150820 0.166028 0.000004 0.618759 
0.032097 0.036150 0.402671 0.008043 0.147836 0.000002 0.092193 0.281007 
0.328804 0.369333 0.140586 0.007189 0.094530 0.000002 0.024390 0.035166 
0.000001 0.000003 0.006521 0.137387 0.689818 0.000002 0.033443 0.132826 
0.000001 0.252891 0.015055 0.164876 0.422470 0.005147 0.100916 0.038645 
0.160444 0.156185 0.013269 0.000000 0.090953 0.042504 0.151075 0.385571 
0.285311 0.024848 0.000000 0.041160 0.238455 0.037149 0.355350 0.017727 
0.534536 0.000003 0.023747 0.038856 0.199755 0.076382 0.090934 0.035786 
0.000001 0.000003 0.024032 0.142365 0.000875 0.020639 0.015991 0.796094 
0.000001 0.049180 0.078383 0.759482 0.021265 0.009095 0.041909 0.040685 
0.057375 0.018055 0.435171 0.340951 0.065812 0.000002 0.016794 0.065841 
0.031596 0.000003 0.000000 0.007118 0.659593 0.074790 0.056346 0.170554 
0.000001 0.020093 0.008486 0.331483 0.125126 0.282847 0.062265 0.169700 
0.218074 0.038261 0.039872 0.000000 0.135204 0.000002 0.059617 0.508970 
0.101561 0.000003 0.485191 0.345121 0.041534 0.007828 0.018017 0.000745 
0.015953 0.000002 0.032842 0.000000 0.554319 0.000002 0.360201 0.036680 
0.000001 0.003330 0.000000 0.000000 0.954547 0.000002 0.000004 0.042116 
0.007085 0.862543 0.000000 0.007890 0.035879 0.015361 0.059431 0.011810 
0.000001 0.000003 0.017463 0.050644 0.274702 0.197054 0.415742 0.044391 
0.000001 0.060918 0.033195 0.139674 0.112022 0.574968 0.056512 0.022710 
0.000001 0.068569 0.184544 0.057767 0.102111 0.000002 0.024730 0.562277 
0.000001 0.000003 0.044317 0.233472 0.244728 0.456291 0.021167 0.000020 
0.000001 0.000003 0.000000 0.007877 0.209298 0.273439 0.253546 0.255835 
0.003674 0.000003 0.019809 0.952428 0.012756 0.000002 0.000004 0.011324 
0.054571 0.000003 0.000000 0.426299 0.173289 0.071674 0.248214 0.025949 
0.000001 0.021826 0.025566 0.000000 0.548131 0.000002 0.000004 0.404471 
0.000001 0.703953 0.000000 0.039269 0.076852 0.023745 0.144711 0.011470 
0.000001 0.000003 0.000000 0.000000 0.006669 0.017850 0.076851 0.898626 
0.000001 0.086353 0.103098 0.103115 0.094234 0.000002 0.107188 0.506010 
0.000001 0.000003 0.024755 0.106714 0.831389 0.000002 0.000004 0.037133 
0.078810 0.190178 0.043724 0.026970 0.148765 0.047186 0.352655 0.111713 
0.000001 0.000003 0.306514 0.000000 0.086186 0.291328 0.109525 0.206443 
0.054146 0.000003 0.775539 0.127536 0.015847 0.014402 0.000004 0.012523 
0.030127 0.000003 0.000000 0.947308 0.018401 0.000002 0.000004 0.004155 
0.436434 0.398961 0.000000 0.001212 0.163370 0.000002 0.000004 0.000017 
0.000001 0.019141 0.210390 0.000000 0.116436 0.654008 0.000004 0.000020 
0.154258 0.000003 0.000000 0.568484 0.144198 0.000002 0.133036 0.000019 
0.036766 0.031055 0.725903 0.000000 0.021416 0.008369 0.000004 0.176486 
0.716441 0.000003 0.000000 0.001673 0.213658 0.000002 0.057933 0.010290 
0.000001 0.000003 0.981427 0.000000 0.007463 0.000002 0.000004 0.011100 
0.000001 0.645643 0.190547 0.000000 0.047635 0.006626 0.071467 0.038081 
0.144262 0.003253 0.000000 0.012157 0.258180 0.114050 0.394093 0.074004 
0.000001 0.015250 0.009431 0.000000 0.598689 0.376607 0.000004 0.000019 
0.476904 0.127100 0.145451 0.008505 0.170609 0.005763 0.038324 0.027344 
0.083508 0.008280 0.102583 0.526734 0.081557 0.021456 0.138884 0.036999 
0.042949 0.011737 0.000000 0.222310 0.511081 0.056245 0.112615 0.043062 
0.000001 0.362354 0.070631 0.012334 0.287712 0.007784 0.259169 0.000015 
0.029868 0.589411 0.000000 0.000000 0.101351 0.027317 0.213927 0.038126 
0.000001 0.003601 0.000000 0.000000 0.270234 0.671744 0.000004 0.054417 
0.000001 0.038798 0.016391 0.221380 0.201643 0.000002 0.017883 0.503904 
0.000001 0.191661 0.000000 0.000000 0.255257 0.013888 0.383782 0.155411 
0.055053 0.000003 0.737794 0.171226 0.006221 0.029684 0.000004 0.000016 
0.028885 0.068813 0.000000 0.000000 0.073951 0.043914 0.259383 0.525053 
0.041556 0.021389 0.533692 0.000000 0.059616 0.011460 0.036720 0.295567 
0.017388 0.881498 0.011265 0.014483 0.019263 0.000002 0.050925 0.005177 
0.000001 0.332826 0.000000 0.028813 0.192890 0.225650 0.219800 0.000020 
0.000001 0.008073 0.011586 0.000000 0.895484 0.035607 0.000004 0.049246 
0.000001 0.084182 0.857183 0.000000 0.019746 0.015180 0.000004 0.023703 
0.049630 0.032387 0.167621 0.000000 0.068371 0.000002 0.041153 0.640836 
0.000001 0.000003 0.051852 0.458575 0.313352 0.000002 0.000004 0.176212 
0.039155 0.872088 0.000000 0.053966 0.015800 0.000002 0.018974 0.000014 
0.598860 0.000003 0.000000 0.000000 0.192710 0.000002 0.159853 0.048572 
0.473523 0.000003 0.000000 0.144951 0.158504 0.000002 0.029385 0.193632 
0.000001 0.885167 0.000000 0.015693 0.022224 0.076895 0.000004 0.000017 
0.000001 0.000003 0.463109 0.000000 0.268893 0.075995 0.176162 0.015838 
0.000001 0.000003 0.580902 0.043668 0.056753 0.017696 0.024537 0.276440 
0.018409 0.044984 0.040442 0.014023 0.127143 0.017637 0.017630 0.719732 
0.000001 0.000003 0.012986 0.008238 0.494714 0.015778 0.468262 0.000019 
0.109878 0.042932 0.015466 0.000000 0.168015 0.060596 0.507701 0.095410 
0.000001 0.156157 0.000000 0.670152 0.045632 0.103434 0.000004 0.024620 
0.524078 0.000003 0.008811 0.059157 0.189231 0.015093 0.027719 0.175908 
0.012884 0.061573 0.019088 0.012658 0.141107 0.000002 0.102989 0.649698 
0.000001 0.011588 0.000000 0.229221 0.179639 0.519203 0.000004 0.060345 
0.000001 0.953262 0.023177 0.017219 0.006315 0.000002 0.000003 0.000021 
0.000001 0.069389 0.000000 0.061309 0.246313 0.486913 0.136057 0.000018 
0.000001 0.433528 0.000000 0.211836 0.167252 0.000002 0.000004 0.187377 
0.019489 0.814609 0.000000 0.000000 0.038746 0.034026 0.093114 0.000015 
0.000001 0.221725 0.212654 0.048191 0.067437 0.411347 0.000004 0.038642 
0.000001 0.000003 0.000000 0.818604 0.115471 0.065903 0.000004 0.000015 
0.000001 0.034363 0.000000 0.730142 0.035156 0.000002 0.028243 0.172093 
0.032689 0.000003 0.000000 0.235446 0.611315 0.004504 0.078844 0.037199 
0.034111 0.068087 0.011433 0.000000 0.191290 0.020672 0.231576 0.442831 
0.000001 0.088177 0.000000 0.197532 0.555300 0.000002 0.123960 0.035028 
0.000001 0.596278 0.000000 0.000000 0.114822 0.288882 0.000003 0.000013 
0.009374 0.000003 0.000000 0.000000 0.000624 0.017978 0.000003 0.972018 
0.000001 0.016191 0.000000 0.004923 0.261578 0.000002 0.010130 0.707175 
0.000001 0.033434 0.107665 0.000000 0.131941 0.014098 0.159088 0.553774 
0.106545 0.000003 0.182539 0.006418 0.268065 0.080155 0.356258 0.000017 
0.000001 0.038493 0.855223 0.015925 0.023660 0.015532 0.051147 0.000018 
0.013155 0.006372 0.013625 0.000000 0.021848 0.031666 0.011629 0.901704 
0.076856 0.008496 0.000000 0.000000 0.501308 0.111998 0.000004 0.301337 
0.114533 0.044401 0.000000 0.000000 0.286198 0.070605 0.391480 0.092783 
0.011045 0.000003 0.000000 0.000000 0.000968 0.052933 0.051208 0.883841 
0.000001 0.021971 0.040625 0.000000 0.652997 0.047797 0.000004 0.236605 
0.021273 0.011314 0.014004 0.514331 0.177439 0.000002 0.166795 0.094841 
0.011932 0.080584 0.000000 0.005977 0.349508 0.539591 0.000004 0.012404 
0.175202 0.000003 0.000000 0.007542 0.225043 0.422156 0.170037 0.000017 
0.000001 0.242333 0.000000 0.105033 0.110505 0.521198 0.000004 0.020927 
0.003476 0.159266 0.003905 0.347721 0.021748 0.011736 0.010550 0.441597 
0.000001 0.082597 0.198769 0.000000 0.238337 0.161865 0.318415 0.000016 
0.017549 0.298210 0.000000 0.015592 0.218322 0.021142 0.413395 0.015790 
0.000001 0.719460 0.000000 0.175769 0.008255 0.047014 0.000004 0.049497 
0.472257 0.000003 0.000000 0.003001 0.119680 0.031496 0.034455 0.339109 
0.031961 0.255364 0.027234 0.000000 0.318019 0.000002 0.021685 0.345737 
0.025942 0.057778 0.616545 0.085130 0.068557 0.000002 0.124704 0.021341 
0.490640 0.000003 0.000000 0.000000 0.204452 0.000002 0.101578 0.203325 
0.168488 0.011204 0.015522 0.000000 0.763291 0.000002 0.005765 0.035728 
0.141522 0.045207 0.025448 0.000000 0.211749 0.018473 0.059873 0.497727 
0.747598 0.006750 0.000000 0.006138 0.215438 0.010106 0.013951 0.000018 
0.585606 0.038218 0.000000 0.047689 0.234911 0.000002 0.093557 0.000018 
0.000001 0.504684 0.000000 0.165808 0.087099 0.051153 0.191235 0.000020 
0.000001 0.008645 0.000000 0.000000 0.163671 0.827657 0.000004 0.000023 
0.007229 0.837225 0.106602 0.009362 0.017896 0.004184 0.017481 0.000019 
0.108314 0.015163 0.026053 0.000000 0.158098 0.050239 0.217882 0.424251 
0.000001 0.244160 0.026733 0.000000 0.668126 0.000002 0.000004 0.060975 
0.084406 0.263064 0.429837 0.026960 0.027093 0.008280 0.025948 0.134413 
0.011368 0.000003 0.000000 0.044554 0.024302 0.039697 0.000004 0.880071 
0.005556 0.464908 0.000000 0.087362 0.098398 0.275957 0.062600 0.005219 
0.715723 0.015947 0.000000 0.020930 0.247375 0.000002 0.000004 0.000019 
0.000001 0.000003 0.000000 0.912947 0.062087 0.000002 0.008555 0.016406 
0.018154 0.281258 0.011037 0.014960 0.186502 0.034791 0.422003 0.031293 
0.029941 0.014431 0.000000 0.004216 0.089903 0.056105 0.067910 0.737493 
0.107054 0.066257 0.009187 0.000000 0.196816 0.037582 0.472093 0.111012 
0.000001 0.000002 0.000000 0.004006 0.155181 0.000002 0.009180 0.831628 
0.000001 0.049054 0.013886 0.019116 0.094351 0.007705 0.036756 0.779132 
0.000001 0.013205 0.000000 0.000000 0.294631 0.091587 0.544677 0.055900 
0.000001 0.000003 0.369744 0.630013 0.000217 0.000001 0.000003 0.000018 
0.000001 0.005140 0.000000 0.013856 0.345520 0.057437 0.547300 0.030745 
0.153893 0.004775 0.000000 0.000000 0.335469 0.000002 0.485369 0.020492 
0.050867 0.000003 0.584484 0.250428 0.027374 0.000002 0.003342 0.083500 
0.000001 0.000003 0.330456 0.576813 0.021127 0.011195 0.000003 0.060403 
0.008100 0.032663 0.010148 0.563720 0.053605 0.000002 0.009789 0.321972 
0.010129 0.050766 0.043699 0.010200 0.132575 0.000002 0.073767 0.678862 
0.000001 0.047731 0.017008 0.000000 0.127166 0.000002 0.049258 0.758835 
0.017832 0.000003 0.011967 0.000000 0.902026 0.029795 0.000004 0.038373 
0.060834 0.020646 0.015211 0.046066 0.170429 0.378127 0.035726 0.272961 
0.045338 0.020197 0.000000 0.000000 0.617795 0.000002 0.279375 0.037292 
0.332946 0.031192 0.000000 0.010401 0.189342 0.007817 0.274022 0.154280 
0.061371 0.015818 0.105680 0.000000 0.123394 0.027159 0.266702 0.399875 
0.009481 0.020940 0.025558 0.007133 0.092580 0.039263 0.181849 0.623195 
0.000001 0.000003 0.000000 0.092675 0.142952 0.725002 0.039344 0.000022 
0.060065 0.049502 0.000000 0.020664 0.195403 0.025795 0.465496 0.183074 
0.000001 0.000003 0.480017 0.000000 0.273415 0.217143 0.014065 0.015355 
0.116196 0.035208 0.139755 0.020015 0.157108 0.066964 0.374691 0.090064 
0.098234 0.099352 0.326724 0.054869 0.385248 0.000002 0.000004 0.035568 
0.033719 0.125321 0.000000 0.215377 0.075797 0.043109 0.221718 0.284958 
0.018151 0.104706 0.000000 0.000000 0.819038 0.000002 0.000004 0.058099 
0.075013 0.000003 0.716329 0.000000 0.029235 0.017970 0.018995 0.142455 
0.270057 0.602678 0.000000 0.000000 0.100393 0.000002 0.017925 0.008945 
0.023545 0.000003 0.008928 0.003969 0.335877 0.512892 0.114769 0.000017 
0.237242 0.459637 0.016037 0.000000 0.063089 0.021236 0.008327 0.194432 
0.000001 0.018580 0.019317 0.000000 0.565132 0.074944 0.035591 0.286436 
0.023701 0.217738 0.249461 0.000000 0.056075 0.015237 0.100125 0.337663 
0.719428 0.000003 0.000000 0.004741 0.208768 0.000002 0.049762 0.017297 
0.576593 0.021856 0.000000 0.000000 0.191889 0.052197 0.056817 0.100648 
0.470959 0.000003 0.000000 0.213099 0.133247 0.118755 0.063919 0.000019 
0.000001 0.891545 0.000000 0.011550 0.018607 0.024220 0.015131 0.038945 
0.099536 0.013303 0.000000 0.013716 0.329067 0.066861 0.369063 0.108453 
0.030847 0.000003 0.000000 0.122801 0.147725 0.638597 0.019755 0.040271 
0.000001 0.409124 0.588778 0.000000 0.000365 0.001714 0.000002 0.000016 
0.000001 0.000003 0.008068 0.003771 0.559729 0.291487 0.062880 0.074062 
0.006211 0.048581 0.023171 0.011507 0.131691 0.083617 0.000004 0.695218 
0.000001 0.260386 0.028073 0.010882 0.075444 0.026125 0.000543 0.598547 
0.000001 0.236200 0.085853 0.029472 0.594780 0.025880 0.000004 0.027812 
0.021406 0.007353 0.806556 0.000000 0.164661 0.000002 0.000003 0.000019 
0.023866 0.006891 0.051036 0.000000 0.108964 0.521083 0.050466 0.237694 
0.006907 0.342826 0.000000 0.000000 0.406423 0.224013 0.000004 0.019825 
0.124973 0.020859 0.013073 0.000000 0.180124 0.157791 0.380382 0.122797 
0.000001 0.007053 0.025364 0.005926 0.346939 0.554107 0.000004 0.060607 
0.029051 0.014573 0.000000 0.000000 0.238160 0.431615 0.251965 0.034634 
0.000001 0.064247 0.511305 0.000000 0.098629 0.253523 0.072276 0.000019 
0.000001 0.054770 0.042623 0.018819 0.174121 0.000002 0.034069 0.675596 
0.000001 0.664479 0.000000 0.000000 0.081760 0.222321 0.000004 0.031435 
0.016635 0.046551 0.026243 0.069549 0.099560 0.000002 0.009381 0.732080 
0.000001 0.000003 0.138879 0.570357 0.140963 0.000002 0.149776 0.000019 
0.000001 0.029015 0.028456 0.336352 0.232465 0.061359 0.036231 0.276122 
0.080922 0.000003 0.000000 0.000000 0.045351 0.000002 0.000003 0.873719 
0.064553 0.017493 0.000000 0.000000 0.713412 0.171095 0.000004 0.033442 
0.341727 0.119413 0.025775 0.000000 0.290629 0.000002 0.079972 0.142482 
0.642247 0.010664 0.000000 0.003507 0.209056 0.009060 0.067483 0.057983 
0.050832 0.037035 0.075948 0.055850 0.054829 0.055312 0.011403 0.658791 
0.000001 0.117998 0.022309 0.000000 0.313819 0.000002 0.013603 0.532268 
0.018636 0.000003 0.000000 0.000000 0.015767 0.030308 0.111687 0.823600 
0.000001 0.107731 0.020640 0.000000 0.171884 0.000002 0.185403 0.514339 
0.000001 0.440017 0.000000 0.032318 0.174995 0.072778 0.273483 0.006408 
0.055690 0.589118 0.000000 0.088679 0.153649 0.000002 0.020859 0.092004 
0.007551 0.000003 0.015974 0.063059 0.815483 0.000002 0.079950 0.017977 
0.000001 0.160457 0.052013 0.005992 0.191332 0.018674 0.245489 0.326042 
0.015687 0.009069 0.000000 0.089392 0.450316 0.000002 0.000004 0.435531 
0.522536 0.000003 0.202101 0.007412 0.166558 0.090714 0.010658 0.000018 
0.023935 0.723594 0.000000 0.000000 0.185508 0.011594 0.037942 0.017426 
0.011292 0.019339 0.688626 0.000000 0.112569 0.000002 0.121890 0.046281 
0.096062 0.000003 0.000000 0.843013 0.017832 0.000002 0.000004 0.043084 
0.630464 0.024961 0.030251 0.005033 0.184077 0.000002 0.107305 0.017907 
0.020166 0.016508 0.000000 0.461996 0.176081 0.077083 0.230180 0.017986 
0.075592 0.003034 0.000000 0.028167 0.639691 0.219270 0.000004 0.034242 
0.233726 0.008650 0.027082 0.009415 0.173868 0.000002 0.159549 0.387708 
0.063961 0.044267 0.014307 0.000000 0.235493 0.012765 0.382745 0.246462 
0.078684 0.000003 0.050771 0.006178 0.253203 0.022327 0.355211 0.233624 
0.723096 0.038549 0.000000 0.007186 0.231144 0.000002 0.000004 0.000019 
0.613314 0.000003 0.146976 0.000000 0.176201 0.000002 0.016293 0.047211 
0.000001 0.080289 0.000000 0.005224 0.136567 0.752731 0.025166 0.000022 
0.580285 0.011052 0.000000 0.000000 0.199474 0.000002 0.045173 0.164013 
0.017007 0.000003 0.000000 0.013098 0.899440 0.005974 0.026462 0.038016 
0.008275 0.015570 0.000000 0.000000 0.137830 0.517292 0.016018 0.305015 
0.014440 0.000003 0.014432 0.000000 0.901352 0.018935 0.000004 0.050835 
0.023954 0.444500 0.000000 0.000000 0.143467 0.124705 0.000004 0.263369 
0.000001 0.063685 0.000000 0.245593 0.117741 0.191613 0.000004 0.381364 
0.009602 0.000003 0.004943 0.006985 0.000549 0.004940 0.000003 0.972975 
0.063906 0.006037 0.000000 0.384582 0.108457 0.060336 0.324456 0.052227 
0.008808 0.000003 0.017656 0.763952 0.106438 0.000002 0.103125 0.000015 
0.000001 0.094120 0.488234 0.012294 0.178353 0.151101 0.033878 0.042019 
0.167540 0.009838 0.016140 0.004257 0.472395 0.000002 0.329812 0.000017 
0.217626 0.006152 0.000000 0.262609 0.472988 0.000002 0.004544 0.036080 
0.000001 0.012767 0.000000 0.013193 0.154413 0.000002 0.114430 0.705194 
0.000001 0.028242 0.000000 0.665331 0.093302 0.036319 0.169258 0.007547 
0.300777 0.014085 0.025238 0.058699 0.129979 0.065785 0.175165 0.230272 
0.013076 0.034014 0.084574 0.017434 0.090884 0.000002 0.017301 0.742715 
0.000001 0.010746 0.014676 0.000000 0.545522 0.027270 0.401769 0.000016 
0.232723 0.014000 0.000000 0.005576 0.249350 0.067021 0.411345 0.019984 
0.000001 0.016938 0.000000 0.465986 0.392991 0.000002 0.012360 0.111721 
0.015489 0.021107 0.056894 0.012318 0.120234 0.059703 0.236799 0.477456 
0.000001 0.793087 0.037314 0.013077 0.122319 0.000002 0.000004 0.034198 
0.103057 0.000003 0.000000 0.000000 0.174553 0.065339 0.415895 0.241152 
0.018974 0.000003 0.000000 0.004731 0.653061 0.000002 0.063001 0.260228 
0.000001 0.649633 0.000000 0.022658 0.117608 0.103850 0.086782 0.019467 
0.006745 0.025378 0.026457 0.005802 0.105956 0.372813 0.000004 0.456845 
0.080810 0.065834 0.009381 0.000000 0.236395 0.040594 0.482047 0.084939 
0.000001 0.027229 0.025386 0.000000 0.458359 0.056806 0.260925 0.171294 
0.005678 0.000003 0.012182 0.000000 0.929982 0.000002 0.000004 0.052149 
0.000001 0.000003 0.013460 0.029853 0.596982 0.325025 0.000003 0.034674 
0.000001 0.142394 0.006262 0.685827 0.055516 0.002693 0.095444 0.011863 
0.016331 0.034089 0.109806 0.618830 0.079280 0.019076 0.096197 0.026392 
0.726293 0.000003 0.024643 0.000000 0.208349 0.000002 0.040691 0.000019 
0.000001 0.009125 0.000000 0.000000 0.165367 0.805805 0.019681 0.000021 
0.695626 0.010702 0.000000 0.000000 0.188728 0.034851 0.070076 0.000017 
0.000001 0.615214 0.000000 0.000000 0.068327 0.316434 0.000004 0.000021 
0.595402 0.000003 0.023000 0.161530 0.199105 0.000002 0.020944 0.000015 
0.015597 0.002254 0.007301 0.000000 0.642117 0.233788 0.000004 0.098939 
0.023038 0.000003 0.025360 0.000000 0.776168 0.132499 0.000004 0.042928 
0.647731 0.007314 0.000000 0.025792 0.209084 0.000002 0.060528 0.049548 
0.751804 0.018350 0.000000 0.008784 0.190379 0.000002 0.030660 0.000020 
0.152405 0.509588 0.113414 0.063540 0.056271 0.035311 0.043730 0.025743 
0.000001 0.000003 0.000000 0.229115 0.109567 0.027794 0.000004 0.633516 
0.307417 0.076843 0.000000 0.068109 0.168202 0.325243 0.054166 0.000020 
0.015301 0.000003 0.000000 0.020352 0.029112 0.018965 0.000004 0.916263 
0.014260 0.014604 0.189865 0.331386 0.390590 0.008746 0.000004 0.050545 
0.007896 0.050380 0.015507 0.009421 0.164370 0.000002 0.036836 0.715587 
0.052487 0.902645 0.000000 0.011721 0.018950 0.003099 0.000004 0.011093 
0.000001 0.191449 0.000000 0.000000 0.471045 0.268538 0.054478 0.014488 
0.000001 0.000003 0.041710 0.016056 0.338888 0.029754 0.573573 0.000016 
0.000001 0.006774 0.008019 0.000000 0.884623 0.000002 0.000004 0.100578 
0.126368 0.000003 0.000000 0.005855 0.680285 0.027423 0.000004 0.160062 
0.000001 0.009998 0.000000 0.000000 0.470872 0.159168 0.025140 0.334821 
0.009620 0.000003 0.027551 0.000000 0.911593 0.017122 0.000003 0.034107 
0.010022 0.034256 0.000000 0.000000 0.105991 0.022790 0.172611 0.654329 
0.062982 0.025609 0.000000 0.018508 0.360608 0.153408 0.319685 0.059200 
0.000001 0.000003 0.000000 0.339871 0.243829 0.042241 0.374040 0.000016 
0.084820 0.000003 0.000000 0.013233 0.092548 0.078686 0.046651 0.684059 
0.068725 0.044236 0.123227 0.000000 0.156436 0.036078 0.488595 0.082703 
0.063623 0.019089 0.000000 0.000000 0.285280 0.070854 0.443013 0.118141 
0.009123 0.009535 0.043704 0.006028 0.292374 0.065504 0.573716 0.000016 
0.094724 0.087955 0.015878 0.065336 0.169262 0.036559 0.435812 0.094474 
0.000001 0.000002 0.020819 0.000000 0.934695 0.000002 0.000003 0.044477 
