-3896872.997514
0
0.000730 0.001073 0.000356 0.008602 0.000211 0.000107 0.000000 0.000071 0.000003 0.002230 0.012956 0.004617 0.000018 0.000000 0.000000 0.000992 0.003537 0.005089 0.001977 0.004040 0.000000 0.004220 0.001310 0.014512 0.002660 0.000339 0.000447 0.014773 0.000000 0.000000 0.000000 0.000000 0.001009 0.002292 0.010661 0.003502 0.000000 0.000000 0.000189 0.000665 0.000401 0.002231 0.001737 0.001676 0.001886 0.001969 0.003013 0.018260 0.001491 0.002088 0.000317 0.007842 0.000000 0.000254 0.000000 0.000370 0.000002 0.012727 0.026795 0.015031 0.000000 0.000116 0.000000 0.000503 0.006508 0.010067 0.005214 0.012386 0.000000 0.001889 0.000772 0.002571 0.039682 0.011600 0.003608 0.310710 0.000000 0.000000 0.000000 0.000000 0.003406 0.021400 0.215979 0.039967 0.000000 0.000949 0.000000 0.002642 0.003189 0.010272 0.006357 0.009561 0.004556 0.009446 0.001945 0.063423 
0.004418 0.004684 0.000718 0.002931 0.000958 0.001783 0.000233 0.001997 0.034428 0.016142 0.153499 0.014910 0.002107 0.003119 0.000439 0.006505 0.012483 0.006195 0.018275 0.005987 0.000000 0.001659 0.000609 0.002539 0.006660 0.013889 0.004988 0.031447 0.000000 0.000000 0.000000 0.000000 0.014997 0.014187 0.102107 0.012722 0.000000 0.001717 0.000201 0.000606 0.005369 0.004294 0.017762 0.005019 0.000000 0.002822 0.003176 0.004629 0.003855 0.004521 0.000805 0.006111 0.000000 0.002547 0.000000 0.000820 0.047587 0.055464 0.130723 0.037507 0.000000 0.001366 0.000500 0.001622 0.013198 0.006613 0.008979 0.008224 0.000000 0.000775 0.000850 0.001364 0.004424 0.005239 0.001608 0.004103 0.000000 0.000235 0.000064 0.000000 0.003666 0.005576 0.057069 0.003510 0.002355 0.001125 0.000000 0.001227 0.007240 0.004243 0.010658 0.004363 0.000000 0.001248 0.001151 0.004260 
0.000017 0.000296 0.000000 0.000250 0.000000 0.000000 0.000000 0.000519 0.003065 0.012522 0.001211 0.004109 0.000463 0.000502 0.000876 0.002010 0.000939 0.000257 0.000844 0.001232 0.000000 0.000000 0.000532 0.000107 0.000523 0.000157 0.000000 0.000687 0.000123 0.000263 0.000489 0.000253 0.049981 0.058657 0.013451 0.048774 0.000000 0.000900 0.000436 0.001228 0.000772 0.000505 0.000509 0.002495 0.000000 0.000574 0.000359 0.000305 0.000183 0.000000 0.000000 0.000001 0.000000 0.000239 0.000000 0.000000 0.003403 0.012606 0.000095 0.010544 0.000000 0.000000 0.000291 0.000298 0.000035 0.000000 0.000044 0.004659 0.000065 0.000000 0.001205 0.000400 0.006331 0.003921 0.000794 0.001836 0.016901 0.000698 0.000876 0.031309 0.256745 0.198922 0.075517 0.149386 0.000579 0.000916 0.000624 0.002909 0.001305 0.001149 0.001374 0.001386 0.000000 0.000561 0.000696 0.000000 
0.011088 0.006154 0.000202 0.005776 0.008291 0.004747 0.000352 0.007704 0.011847 0.008347 0.009406 0.012127 0.012484 0.005543 0.008557 0.018601 0.032559 0.014044 0.023549 0.030629 0.022624 0.004640 0.006923 0.016061 0.007839 0.003301 0.000000 0.006499 0.003690 0.004013 0.000192 0.007241 0.011823 0.007670 0.006295 0.011644 0.005723 0.005052 0.004857 0.007962 0.016612 0.015943 0.016894 0.028106 0.014254 0.006967 0.012904 0.038325 0.009871 0.006567 0.000000 0.007525 0.002062 0.003650 0.000000 0.006548 0.010299 0.008175 0.006790 0.012324 0.004484 0.003495 0.003554 0.004403 0.011712 0.011530 0.012171 0.015756 0.006620 0.001132 0.007861 0.015738 0.017706 0.003275 0.000000 0.020173 0.004055 0.005056 0.000063 0.007078 0.003594 0.009593 0.000000 0.007884 0.018719 0.004233 0.012101 0.014581 0.018890 0.017205 0.011313 0.031136 0.032421 0.009026 0.010057 0.043512 
0.037634 0.032401 0.009273 0.029291 0.014461 0.007470 0.003633 0.012638 0.017644 0.007060 0.005695 0.014247 0.008330 0.008478 0.012667 0.011304 0.011038 0.004569 0.008368 0.011380 0.000000 0.000000 0.005109 0.000125 0.037791 0.039390 0.005015 0.032603 0.012701 0.010919 0.004776 0.014094 0.013774 0.008969 0.005320 0.019752 0.010163 0.015538 0.025105 0.020278 0.004751 0.007263 0.007391 0.006578 0.000000 0.001785 0.005540 0.000342 0.028704 0.026644 0.009954 0.023277 0.008648 0.007449 0.003342 0.009557 0.007727 0.004707 0.002232 0.007039 0.007946 0.006656 0.012741 0.011600 0.005897 0.002684 0.004338 0.004317 0.000000 0.001247 0.006542 0.001200 0.028269 0.035795 0.005881 0.032956 0.007232 0.011987 0.002471 0.012826 0.003262 0.004620 0.000000 0.008237 0.007419 0.009906 0.007346 0.015632 0.003243 0.003504 0.002670 0.003476 0.000000 0.001180 0.004989 0.000000 
0.024619 0.367560 0.189482 0.044923 0.373416 
0.019223 0.000044 0.970334 0.000232 0.010168 
0.000005 0.120925 0.056427 0.273052 0.549590 
0.299205 0.016123 0.587215 0.036531 0.060925 
0.920629 0.053124 0.019239 0.000401 0.006607 
0.007132 0.256821 0.149475 0.584275 0.002297 
0.011680 0.000046 0.008290 0.160317 0.819667 
0.000004 0.039594 0.403107 0.318030 0.239264 
0.000004 0.009941 0.211424 0.322970 0.455661 
0.038389 0.363499 0.036513 0.079192 0.482406 
0.868717 0.000928 0.000228 0.065060 0.065068 
0.022132 0.299543 0.043148 0.206595 0.428582 
0.008411 0.031069 0.012129 0.152101 0.796290 
0.067053 0.193591 0.006757 0.694912 0.037687 
0.006709 0.246674 0.204748 0.004621 0.537248 
0.349375 0.061873 0.034055 0.294213 0.260483 
0.918013 0.000040 0.009570 0.003595 0.068781 
0.012069 0.011600 0.000179 0.530757 0.445396 
0.006485 0.059995 0.895720 0.008524 0.029276 
0.015905 0.006894 0.012245 0.608576 0.356381 
0.022218 0.015873 0.468448 0.210662 0.282798 
0.588849 0.210063 0.051148 0.106747 0.043193 
0.022415 0.020087 0.005362 0.639361 0.312775 
0.000004 0.000051 0.058120 0.140912 0.800914 
0.356446 0.000045 0.633190 0.007305 0.003014 
0.000005 0.471539 0.087659 0.266313 0.174484 
0.004989 0.015433 0.793991 0.183740 0.001847 
0.281120 0.176151 0.203396 0.000335 0.338997 
0.010836 0.010989 0.445521 0.482640 0.050013 
0.229165 0.000086 0.614993 0.007860 0.147896 
0.016363 0.000046 0.785557 0.170515 0.027519 
0.013784 0.036414 0.285330 0.170357 0.494115 
0.000005 0.121534 0.035634 0.539637 0.303191 
0.305116 0.072263 0.065864 0.365878 0.190879 
0.000004 0.000069 0.980707 0.018278 0.000942 
0.006159 0.816629 0.111032 0.038638 0.027542 
0.018623 0.520381 0.053304 0.107243 0.300450 
0.211781 0.109327 0.046283 0.438163 0.194446 
0.000004 0.000035 0.211249 0.275330 0.513382 
0.002978 0.559891 0.061706 0.146507 0.228919 
0.000005 0.189130 0.129768 0.188878 0.492220 
0.000005 0.290264 0.065610 0.205812 0.438309 
0.039355 0.000053 0.014038 0.888502 0.058052 
0.011438 0.030155 0.002998 0.191172 0.764238 
0.020386 0.121906 0.770706 0.051517 0.035485 
0.046003 0.038066 0.879261 0.023127 0.013544 
0.008589 0.331400 0.285910 0.083754 0.290348 
0.000004 0.039080 0.024416 0.317217 0.619283 
0.051090 0.314389 0.015014 0.148612 0.470895 
0.000005 0.000046 0.028115 0.534515 0.437319 
0.054584 0.046207 0.065447 0.186033 0.647730 
0.087387 0.467393 0.026646 0.000226 0.418347 
0.095785 0.016486 0.670559 0.000163 0.217007 
0.027433 0.003247 0.922686 0.043040 0.003594 
0.013430 0.010926 0.000167 0.000118 0.975358 
0.008521 0.000037 0.005213 0.000312 0.985917 
0.008927 0.907965 0.022412 0.012315 0.048380 
0.020539 0.139527 0.043698 0.499215 0.297021 
0.000665 0.009643 0.968222 0.018503 0.002967 
0.000004 0.284694 0.050093 0.398973 0.266236 
0.729934 0.140726 0.028220 0.057037 0.044083 
0.000004 0.982987 0.003320 0.012371 0.001318 
0.092278 0.031626 0.025915 0.656972 0.193209 
0.014522 0.417680 0.117300 0.184331 0.266167 
0.000003 0.000034 0.026244 0.200669 0.773050 
0.000005 0.123941 0.032840 0.698301 0.144913 
0.963447 0.000036 0.019660 0.000362 0.016495 
0.019653 0.076649 0.024795 0.071770 0.807133 
0.000004 0.000040 0.364183 0.308017 0.327756 
0.036281 0.003475 0.058519 0.311057 0.590667 
0.004371 0.180618 0.404137 0.228868 0.182006 
0.044019 0.459092 0.032186 0.018132 0.446571 
0.082673 0.111149 0.008916 0.737266 0.059996 
0.676306 0.174844 0.015272 0.067043 0.066535 
0.007763 0.500046 0.188553 0.236225 0.067414 
0.998857 0.000041 0.000193 0.000291 0.000618 
0.049710 0.311551 0.199247 0.248209 0.191282 
0.032391 0.232171 0.066556 0.186041 0.482841 
0.012462 0.021016 0.187465 0.112056 0.667001 
0.037158 0.638131 0.286714 0.007831 0.030167 
0.000004 0.261573 0.032925 0.411549 0.293949 
0.021805 0.828389 0.025973 0.041326 0.082507 
0.949277 0.014444 0.003498 0.000322 0.032458 
0.020538 0.031490 0.257106 0.528670 0.162195 
0.011489 0.029565 0.755015 0.054155 0.149777 
0.018528 0.000043 0.518622 0.088390 0.374416 
0.027726 0.737407 0.042160 0.078640 0.114066 
0.014947 0.592008 0.275278 0.037767 0.080000 
0.430137 0.188866 0.146857 0.186966 0.047173 
0.039083 0.004590 0.151794 0.270890 0.533643 
0.000004 0.107251 0.099411 0.474788 0.318546 
0.049560 0.008871 0.894835 0.015825 0.030909 
0.025272 0.420582 0.324456 0.186314 0.043375 
0.684499 0.005629 0.025443 0.263159 0.021270 
0.023192 0.004477 0.867821 0.077314 0.027197 
0.025510 0.707972 0.070010 0.108925 0.087583 
0.000004 0.049647 0.053400 0.314502 0.582446 
0.021952 0.746378 0.051988 0.080405 0.099278 
0.187994 0.644907 0.017422 0.078208 0.071469 
0.021771 0.000049 0.478198 0.017410 0.482572 
0.052046 0.075812 0.239237 0.056347 0.576558 
0.031639 0.038774 0.113438 0.338830 0.477319 
0.000005 0.065981 0.035512 0.731124 0.167379 
0.106653 0.000045 0.013452 0.675015 0.204835 
0.036065 0.000040 0.113603 0.291481 0.558812 
0.003705 0.002914 0.951021 0.023567 0.018794 
0.199737 0.419352 0.000539 0.365938 0.014435 
0.020850 0.093245 0.014129 0.340934 0.530841 
0.000004 0.025487 0.930585 0.041834 0.002090 
0.357325 0.040998 0.450070 0.023086 0.128520 
0.087334 0.107137 0.042863 0.430214 0.332451 
0.033500 0.173966 0.204158 0.397597 0.190779 
0.000005 0.209569 0.040849 0.455393 0.294184 
0.018463 0.656277 0.031336 0.015126 0.278798 
0.014730 0.001976 0.972676 0.000091 0.010527 
0.021319 0.193500 0.010525 0.070443 0.704213 
0.032127 0.729485 0.112960 0.021858 0.103570 
0.143165 0.656895 0.081101 0.046075 0.072765 
0.000004 0.500659 0.022443 0.157837 0.319056 
0.000005 0.095780 0.883724 0.013995 0.006497 
0.066659 0.596119 0.064527 0.164613 0.108081 
0.190355 0.000038 0.002470 0.000176 0.806960 
0.000005 0.009291 0.814466 0.067264 0.108975 
0.158130 0.013787 0.053105 0.269770 0.505207 
0.678850 0.046891 0.165500 0.039331 0.069429 
0.528283 0.025189 0.425654 0.000366 0.020507 
0.024775 0.501000 0.057742 0.121899 0.294583 
0.219720 0.120320 0.156518 0.286475 0.216967 
0.315252 0.080204 0.035729 0.369948 0.198867 
0.193453 0.011406 0.005470 0.023085 0.766586 
0.000005 0.012498 0.514318 0.194456 0.278724 
0.000005 0.582114 0.093021 0.092689 0.232172 
0.000005 0.054924 0.175851 0.141745 0.627475 
0.000004 0.119687 0.090660 0.466183 0.323467 
0.028478 0.107871 0.015978 0.235016 0.612657 
0.000005 0.011686 0.014579 0.068543 0.905188 
0.000005 0.313714 0.125959 0.136673 0.423649 
0.122532 0.045943 0.004156 0.249665 0.577704 
0.217838 0.105641 0.173873 0.330671 0.171977 
0.000004 0.109196 0.182372 0.416403 0.292026 
0.000005 0.014112 0.786875 0.133438 0.065571 
0.021820 0.010404 0.773341 0.081433 0.113002 
0.000005 0.380945 0.585894 0.017306 0.015850 
0.011649 0.025004 0.016609 0.766715 0.180023 
0.047539 0.211817 0.052002 0.190197 0.498445 
0.016711 0.018886 0.287766 0.598965 0.077672 
0.035243 0.112738 0.064651 0.691743 0.095625 
0.039551 0.023714 0.004522 0.708412 0.223801 
0.000005 0.289750 0.038342 0.203305 0.468598 
0.176142 0.000044 0.527302 0.248526 0.047986 
0.000005 0.015973 0.697638 0.008951 0.277433 
0.000005 0.025197 0.267832 0.181702 0.525264 
0.000005 0.148778 0.033468 0.608222 0.209528 
0.027734 0.127289 0.807672 0.000273 0.037032 
0.008637 0.704905 0.004499 0.045808 0.236151 
0.000004 0.000038 0.044280 0.231367 0.724312 
0.000005 0.053337 0.112952 0.245303 0.588404 
0.633319 0.047948 0.012907 0.197648 0.108179 
0.928557 0.022652 0.000247 0.030694 0.017850 
0.026696 0.196122 0.007990 0.000106 0.769085 
0.000004 0.536389 0.028629 0.248773 0.186205 
0.032352 0.031723 0.023419 0.212388 0.700118 
0.380985 0.000040 0.018212 0.312546 0.288216 
0.211619 0.257300 0.145669 0.011506 0.373906 
0.000004 0.000052 0.037034 0.312212 0.650698 
0.022537 0.021542 0.009304 0.532977 0.413640 
0.000005 0.004007 0.545679 0.029952 0.420358 
0.009714 0.008155 0.582382 0.052100 0.347648 
0.659981 0.036269 0.105790 0.141433 0.056527 
0.022242 0.325092 0.635048 0.002632 0.014986 
0.122461 0.213237 0.343329 0.181990 0.138984 
0.039748 0.000037 0.127142 0.783914 0.049160 
0.014635 0.005665 0.747144 0.016338 0.216218 
0.320572 0.247885 0.031026 0.245013 0.155505 
0.009688 0.971509 0.002306 0.013958 0.002538 
0.021042 0.004296 0.004397 0.007570 0.962694 
0.040260 0.000043 0.314347 0.626400 0.018950 
0.141673 0.000044 0.054905 0.284183 0.519195 
0.010956 0.007621 0.787625 0.006017 0.187781 
0.077058 0.207368 0.026906 0.660710 0.027959 
0.123864 0.086885 0.282070 0.342458 0.164723 
0.014083 0.792515 0.067775 0.043510 0.082117 
0.000005 0.732619 0.082437 0.013126 0.171814 
0.019546 0.011723 0.096433 0.019744 0.852554 
0.000004 0.040669 0.034985 0.180669 0.743674 
0.006397 0.256237 0.673584 0.021360 0.042422 
0.032226 0.115278 0.542468 0.308906 0.001122 
0.988655 0.000033 0.007376 0.000344 0.003592 
0.031497 0.630502 0.036022 0.009170 0.292809 
0.395529 0.286922 0.045936 0.147951 0.123662 
0.175880 0.042878 0.338656 0.441704 0.000882 
0.005414 0.113763 0.151317 0.171984 0.557521 
0.018103 0.048074 0.412216 0.118804 0.402802 
0.021316 0.410199 0.145127 0.301259 0.122099 
0.000005 0.016341 0.083833 0.641073 0.258748 
0.047649 0.031358 0.043179 0.733835 0.143978 
0.030832 0.774393 0.166053 0.004259 0.024464 
0.085551 0.035772 0.823422 0.012722 0.042533 
0.436134 0.055029 0.379182 0.099226 0.030430 
0.006542 0.155277 0.016535 0.192791 0.628855 
0.021459 0.154339 0.376088 0.024491 0.423624 
0.055509 0.513611 0.033362 0.354472 0.043046 
0.482463 0.000047 0.362817 0.135938 0.018736 
0.022670 0.046814 0.006386 0.319263 0.604867 
0.000005 0.052043 0.007853 0.174680 0.765419 
0.000005 0.018236 0.854735 0.066481 0.060543 
0.000005 0.050316 0.077456 0.221261 0.650962 
0.046386 0.024601 0.208678 0.008509 0.711826 
0.189917 0.569494 0.127652 0.017250 0.095686 
0.049840 0.000047 0.245773 0.023927 0.680413 
0.000004 0.279365 0.019980 0.106965 0.593686 
0.036600 0.008314 0.946139 0.002599 0.006348 
0.000005 0.020934 0.458151 0.224620 0.296291 
0.035103 0.412360 0.023034 0.081382 0.448121 
0.000005 0.017556 0.738557 0.083176 0.160706 
0.000005 0.906165 0.007515 0.025137 0.061179 
0.098738 0.512154 0.200178 0.075554 0.113376 
0.024374 0.036263 0.111582 0.169118 0.658663 
0.032589 0.140311 0.214003 0.381911 0.231187 
0.309300 0.231594 0.008704 0.017664 0.432738 
0.775309 0.007809 0.144990 0.064396 0.007496 
0.021819 0.003831 0.939045 0.028231 0.007074 
0.031878 0.000050 0.362522 0.591638 0.013912 
0.220342 0.000047 0.015093 0.000169 0.764349 
0.012744 0.000040 0.581184 0.288663 0.117369 
0.733533 0.182748 0.020780 0.056616 0.006322 
0.020440 0.013362 0.001358 0.961053 0.003788 
0.978075 0.009602 0.008860 0.000450 0.003013 
0.196312 0.061221 0.613912 0.054781 0.073774 
0.000004 0.078241 0.032044 0.440832 0.448879 
0.015867 0.007273 0.011502 0.064180 0.901178 
0.182429 0.029622 0.112619 0.640664 0.034667 
0.098820 0.024860 0.569758 0.202313 0.104248 
0.000005 0.036014 0.248072 0.211320 0.504590 
0.071767 0.000045 0.378971 0.158512 0.390705 
0.000004 0.060776 0.573076 0.219293 0.146851 
0.006704 0.059994 0.002641 0.013754 0.916908 
0.025822 0.490696 0.281265 0.042325 0.159892 
0.000004 0.181019 0.197574 0.220169 0.401234 
0.734605 0.000034 0.188052 0.053474 0.023835 
0.000005 0.563991 0.065812 0.198070 0.172122 
0.535129 0.301785 0.018314 0.091281 0.053490 
0.010759 0.007012 0.885017 0.083016 0.014197 
0.000005 0.009279 0.364428 0.103616 0.522672 
0.013855 0.050718 0.012144 0.169498 0.753786 
0.865236 0.033571 0.069072 0.008521 0.023600 
0.174568 0.646656 0.031463 0.090948 0.056364 
0.061204 0.156030 0.480052 0.044265 0.258449 
0.002139 0.000041 0.909369 0.080321 0.008131 
0.025432 0.043674 0.001443 0.879726 0.049726 
0.037874 0.172077 0.151361 0.619103 0.019585 
0.010118 0.005352 0.878017 0.000401 0.106113 
0.456797 0.023386 0.010627 0.102879 0.406310 
0.577854 0.273796 0.060232 0.013590 0.074528 
0.048429 0.731013 0.055254 0.051630 0.113674 
0.000005 0.000054 0.034986 0.276757 0.688199 
0.000005 0.120750 0.051707 0.542528 0.285010 
0.018199 0.020128 0.813662 0.000140 0.147871 
0.039078 0.162217 0.064564 0.686381 0.047760 
0.019571 0.670155 0.073410 0.077802 0.159062 
0.017034 0.050332 0.252028 0.003505 0.677101 
0.028692 0.000043 0.962021 0.000319 0.008924 
0.008696 0.000047 0.134037 0.059754 0.797467 
0.010095 0.196272 0.628935 0.033796 0.130902 
0.000005 0.000039 0.809065 0.098673 0.092218 
0.227154 0.045480 0.251877 0.000161 0.475327 
0.020518 0.000034 0.812221 0.000193 0.167034 
0.022843 0.150653 0.784380 0.000595 0.041528 
0.007737 0.031847 0.244103 0.173594 0.542719 
0.000005 0.471818 0.067168 0.224921 0.236088 
0.000004 0.036699 0.289770 0.142605 0.530922 
0.014253 0.000036 0.573651 0.000180 0.411881 
0.011833 0.975116 0.000159 0.008843 0.004049 
0.010261 0.703095 0.023891 0.051292 0.211462 
0.102457 0.583474 0.035726 0.079117 0.199226 
0.171957 0.000044 0.019795 0.368431 0.439773 
0.852220 0.000048 0.059802 0.023924 0.064006 
0.021107 0.904743 0.010100 0.022349 0.041701 
0.000005 0.291147 0.013340 0.199588 0.495920 
0.000004 0.110183 0.043150 0.481102 0.365560 
0.000005 0.894439 0.005641 0.032810 0.067105 
0.048654 0.241880 0.021319 0.111810 0.576336 
0.012684 0.081092 0.556986 0.135160 0.214079 
0.024100 0.018026 0.071550 0.039904 0.846419 
0.006715 0.000041 0.011058 0.307220 0.674966 
0.020858 0.019978 0.332839 0.000150 0.626175 
0.019277 0.422158 0.519680 0.007081 0.031805 
0.188650 0.000044 0.090599 0.200379 0.520328 
0.000004 0.025902 0.329133 0.280223 0.364738 
0.007746 0.061602 0.868699 0.004329 0.057624 
0.013820 0.336641 0.002959 0.617967 0.028613 
0.036186 0.361074 0.221784 0.121048 0.259907 
0.593838 0.027489 0.157897 0.153197 0.067579 
0.003507 0.203251 0.000292 0.734053 0.058897 
0.028878 0.035295 0.013129 0.384924 0.537774 
0.038190 0.502823 0.038615 0.266826 0.153546 
0.039516 0.000044 0.007880 0.929698 0.022862 
0.021204 0.000042 0.083387 0.831483 0.063884 
0.000005 0.001781 0.677133 0.110852 0.210229 
0.012734 0.000043 0.000385 0.001636 0.985202 
0.116718 0.004176 0.817471 0.039695 0.021940 
0.024356 0.443646 0.017970 0.298436 0.215593 
0.040303 0.065178 0.213968 0.124101 0.556449 
0.444302 0.146964 0.266570 0.129410 0.012753 
0.000005 0.873099 0.056657 0.018519 0.051720 
0.017393 0.010153 0.534938 0.033959 0.403557 
0.029569 0.000051 0.030638 0.929652 0.010091 
0.015945 0.013548 0.905731 0.004447 0.060330 
0.000005 0.046727 0.305372 0.331646 0.316250 
0.000005 0.747143 0.024444 0.086503 0.141905 
0.000005 0.133177 0.068344 0.532761 0.265713 
0.006503 0.829267 0.010946 0.025101 0.128183 
0.019897 0.795867 0.067129 0.019746 0.097361 
0.000004 0.058767 0.031543 0.313976 0.595710 
0.356350 0.000046 0.643111 0.000152 0.000341 
0.000004 0.031617 0.041331 0.312136 0.614913 
0.000004 0.015965 0.021967 0.552821 0.409244 
0.577767 0.074472 0.274657 0.069575 0.003529 
0.327404 0.051632 0.595936 0.000179 0.024849 
0.027406 0.292544 0.620168 0.020286 0.039597 
0.045231 0.699986 0.059979 0.071980 0.122824 
0.020141 0.774866 0.045549 0.048237 0.111208 
0.013803 0.036168 0.007410 0.179889 0.762730 
0.030396 0.273168 0.070643 0.088631 0.537161 
0.000005 0.041219 0.029460 0.346120 0.583196 
0.000004 0.160540 0.047850 0.659546 0.132060 
0.094194 0.421842 0.021266 0.282749 0.179948 
0.019038 0.642349 0.037704 0.113451 0.187458 
0.005060 0.003356 0.102031 0.009449 0.880105 
0.000004 0.205266 0.082092 0.440661 0.271977 
0.485262 0.017688 0.006686 0.034074 0.456289 
0.124434 0.108547 0.068694 0.436920 0.261405 
0.337499 0.032027 0.144864 0.221894 0.263715 
0.000005 0.292518 0.361732 0.184512 0.161233 
0.019736 0.067724 0.086057 0.176349 0.650134 
0.720268 0.141878 0.004144 0.109460 0.024250 
0.017744 0.019500 0.568915 0.390192 0.003650 
0.010783 0.000044 0.009539 0.098778 0.880856 
0.039944 0.221543 0.412644 0.312894 0.012975 
0.026728 0.289449 0.019848 0.101442 0.562533 
0.248936 0.365400 0.197852 0.105272 0.082540 
0.034012 0.013571 0.002635 0.926072 0.023710 
0.021741 0.102366 0.012021 0.768910 0.094961 
0.022529 0.000040 0.218606 0.597862 0.160963 
0.000004 0.055284 0.878303 0.018051 0.048358 
0.000004 0.112712 0.041388 0.372959 0.472937 
0.019863 0.034281 0.125519 0.035178 0.785159 
0.612139 0.000044 0.386968 0.000180 0.000669 
0.010592 0.077847 0.011303 0.092558 0.807700 
0.033161 0.707029 0.053807 0.023063 0.182940 
0.036338 0.641478 0.238029 0.013773 0.070382 
0.095854 0.042078 0.237497 0.106820 0.517751 
0.802036 0.000047 0.009320 0.086770 0.101827 
0.065483 0.250201 0.008184 0.037294 0.638839 
0.023973 0.036825 0.306211 0.062695 0.570296 
0.000005 0.145309 0.032975 0.411628 0.410083 
0.041453 0.063827 0.013037 0.017408 0.864274 
0.000005 0.048782 0.019593 0.173203 0.758418 
0.522875 0.016906 0.056187 0.011272 0.392760 
0.046931 0.695361 0.071539 0.049813 0.136356 
0.007505 0.044463 0.637071 0.013315 0.297646 
0.033939 0.734040 0.123557 0.056565 0.051899 
0.127579 0.002642 0.593042 0.093522 0.183216 
0.037885 0.259583 0.385809 0.039736 0.276987 
0.000005 0.873384 0.006164 0.117672 0.002775 
0.011081 0.034283 0.015091 0.193806 0.745739 
0.050337 0.149161 0.102843 0.556099 0.141561 
0.032859 0.053161 0.011532 0.860646 0.041801 
0.086283 0.656100 0.098588 0.074568 0.084460 
0.031682 0.565201 0.097608 0.056482 0.249027 
0.000005 0.833318 0.009906 0.061935 0.094837 
0.014886 0.550425 0.104305 0.126361 0.204024 
0.000005 0.015614 0.479780 0.143799 0.360802 
0.010659 0.105337 0.651499 0.133879 0.098625 
0.008961 0.023711 0.074597 0.186718 0.706013 
0.043198 0.360494 0.166699 0.136687 0.292922 
0.013371 0.400512 0.109482 0.098550 0.378085 
0.241950 0.000045 0.005160 0.639243 0.113602 
0.008690 0.031869 0.696526 0.104378 0.158536 
0.673921 0.055097 0.027589 0.098239 0.145153 
0.032461 0.034285 0.840631 0.092309 0.000314 
0.062215 0.016607 0.024738 0.881692 0.014748 
0.000004 0.015597 0.504731 0.159204 0.320464 
0.000005 0.035008 0.036490 0.197936 0.730560 
0.034763 0.383424 0.026299 0.425700 0.129814 
0.000005 0.265337 0.051133 0.425415 0.258111 
0.036765 0.244061 0.023670 0.340706 0.354798 
0.046386 0.000049 0.029626 0.918487 0.005453 
0.184902 0.040434 0.000171 0.773141 0.001353 
0.027956 0.000051 0.073173 0.000312 0.898509 
0.038112 0.153012 0.007786 0.766300 0.034790 
0.000005 0.035074 0.020011 0.195559 0.749351 
0.009490 0.314215 0.011107 0.016437 0.648751 
0.017785 0.050880 0.001140 0.184583 0.745612 
0.007013 0.295582 0.405456 0.052325 0.239624 
0.019097 0.361752 0.321169 0.000598 0.297384 
0.012838 0.962550 0.014911 0.009046 0.000655 
0.000005 0.039214 0.433484 0.306132 0.221166 
0.028339 0.000034 0.772963 0.061429 0.137234 
0.495113 0.048514 0.097774 0.042906 0.315693 
0.014790 0.000041 0.027224 0.505971 0.451974 
0.015233 0.022208 0.271395 0.376502 0.314662 
0.000005 0.717682 0.037922 0.065880 0.178512 
0.000005 0.008674 0.714897 0.074055 0.202369 
0.036099 0.226055 0.087331 0.506077 0.144440 
0.090530 0.749214 0.051693 0.040344 0.068220 
0.005610 0.000046 0.029999 0.291373 0.672972 
0.000005 0.020307 0.035138 0.598499 0.346051 
0.009475 0.085471 0.497775 0.062814 0.344465 
0.047479 0.501649 0.047732 0.126816 0.276324 
0.044834 0.048502 0.781212 0.030345 0.095108 
0.000004 0.259280 0.017769 0.360245 0.362702 
0.000005 0.244231 0.012751 0.185146 0.557868 
0.004621 0.034135 0.650391 0.081863 0.228990 
0.038253 0.460478 0.028490 0.011090 0.461690 
0.000005 0.107754 0.071924 0.490683 0.329635 
0.018694 0.188485 0.035713 0.185124 0.571984 
0.016557 0.049096 0.002277 0.185938 0.746132 
0.022568 0.039161 0.033794 0.052204 0.852273 
0.019668 0.011339 0.836265 0.033460 0.099268 
0.107767 0.021185 0.675266 0.087377 0.108405 
0.058326 0.000047 0.000192 0.933980 0.007455 
0.009722 0.000070 0.002053 0.011901 0.976254 
0.022758 0.000043 0.005529 0.914308 0.057362 
0.022074 0.000049 0.590557 0.000346 0.386974 
0.048830 0.000030 0.165705 0.751638 0.033798 
0.016050 0.100564 0.004203 0.116646 0.762537 
0.030095 0.046257 0.005523 0.156815 0.761310 
0.032836 0.043435 0.033543 0.868755 0.021431 
0.038365 0.000050 0.019004 0.941577 0.001004 
0.132607 0.036619 0.544518 0.230821 0.055434 
0.005014 0.599720 0.257604 0.013212 0.124449 
0.021584 0.000051 0.139167 0.398183 0.441016 
0.000005 0.913046 0.031073 0.024150 0.031726 
0.190370 0.039717 0.360255 0.083585 0.326073 
0.021154 0.730393 0.056073 0.066079 0.126301 
0.009137 0.016929 0.887804 0.081361 0.004770 
0.000005 0.029711 0.175344 0.102078 0.692862 
0.020892 0.000037 0.045657 0.348398 0.585016 
0.015714 0.083377 0.005783 0.175444 0.719683 
0.007426 0.145995 0.010741 0.312024 0.523814 
0.000005 0.327010 0.015368 0.093937 0.563680 
0.029389 0.040425 0.000900 0.191808 0.737477 
0.000005 0.676423 0.040573 0.098973 0.184027 
0.000005 0.067929 0.053553 0.341390 0.537123 
0.000004 0.000034 0.369371 0.228913 0.401678 
0.000005 0.684884 0.022136 0.145086 0.147889 
0.095378 0.105553 0.049473 0.478227 0.271369 
0.000004 0.134894 0.025548 0.437254 0.402300 
0.024522 0.000039 0.045686 0.332117 0.597636 
0.000005 0.109676 0.175175 0.479416 0.235729 
0.026011 0.047138 0.000366 0.174750 0.751735 
0.032438 0.366839 0.222633 0.091983 0.286107 
0.043641 0.000044 0.093758 0.402845 0.459711 
0.000004 0.012113 0.942482 0.036519 0.008881 
0.027267 0.503000 0.048106 0.030166 0.391461 
0.673679 0.032268 0.015172 0.073314 0.205567 
0.000005 0.255231 0.367884 0.210746 0.166134 
0.019739 0.435298 0.410734 0.000157 0.134072 
0.181753 0.000042 0.731031 0.006988 0.080186 
0.000003 0.030815 0.056243 0.329720 0.583218 
0.685536 0.125215 0.011541 0.011878 0.165831 
0.022588 0.000046 0.002848 0.741527 0.232991 
0.026006 0.631176 0.207558 0.053067 0.082192 
0.125920 0.182564 0.510945 0.011921 0.168649 
0.297014 0.130730 0.008008 0.039952 0.524295 
0.021802 0.001963 0.729079 0.000155 0.247000 
0.000005 0.066739 0.568653 0.280032 0.084572 
0.014405 0.037522 0.074631 0.116924 0.756518 
0.000005 0.307630 0.049297 0.487432 0.155637 
0.000004 0.230115 0.071681 0.241807 0.456393 
0.014807 0.272610 0.682239 0.011639 0.018705 
0.000005 0.174734 0.247813 0.372108 0.205340 
0.016805 0.000043 0.010614 0.279102 0.693435 
0.031552 0.281973 0.027533 0.098915 0.560026 
0.052916 0.050851 0.028291 0.178852 0.689091 
0.050133 0.039605 0.822477 0.025235 0.062549 
0.019962 0.000049 0.028305 0.129313 0.822371 
0.020542 0.576718 0.004775 0.393636 0.004329 
0.543716 0.000047 0.000232 0.000200 0.455805 
0.148138 0.683772 0.043674 0.042104 0.082311 
0.000004 0.054453 0.921250 0.022678 0.001614 
0.193545 0.006328 0.166894 0.482742 0.150492 
0.000005 0.176486 0.032306 0.166024 0.625179 
0.050472 0.000046 0.067261 0.869258 0.012963 
0.324030 0.019575 0.465001 0.037491 0.153903 
0.042938 0.052888 0.013731 0.868338 0.022104 
0.038026 0.774191 0.052897 0.061154 0.073732 
0.062208 0.087983 0.003341 0.060500 0.785967 
0.151724 0.018316 0.152568 0.576326 0.101065 
0.000005 0.000045 0.037276 0.351280 0.611394 
0.015262 0.026337 0.593581 0.308908 0.055913 
0.015931 0.009853 0.944535 0.000271 0.029410 
0.000004 0.073780 0.320096 0.104754 0.501366 
0.041821 0.045588 0.000162 0.901107 0.011322 
0.000005 0.289645 0.038301 0.187791 0.484258 
0.000005 0.275449 0.637668 0.030761 0.056117 
0.046868 0.783603 0.064371 0.030366 0.074792 
0.012212 0.072619 0.073315 0.159103 0.682751 
0.008503 0.783959 0.016984 0.179421 0.011132 
0.217931 0.332949 0.457151 0.474633 0.610124 
