-3844774.352721
0
0.008945 0.000000 0.002861 0.000113 0.012170 0.007896 0.002816 0.010829 0.026558 0.017733 0.010528 0.017752 0.006682 0.006731 0.013710 0.006990 0.050075 0.016676 0.040722 0.032472 0.000000 0.003083 0.004385 0.000000 0.002301 0.000000 0.004260 0.006200 0.006324 0.008421 0.003892 0.007844 0.031559 0.024910 0.013781 0.022581 0.003205 0.001478 0.009401 0.004106 0.018081 0.013354 0.026804 0.020775 0.000000 0.003240 0.006599 0.008453 0.009521 0.008383 0.005125 0.007137 0.005211 0.006010 0.001817 0.004379 0.029421 0.025634 0.009551 0.024770 0.008532 0.002791 0.008177 0.000000 0.022456 0.011638 0.019626 0.018684 0.000000 0.000000 0.004367 0.000000 0.011913 0.012932 0.006716 0.007462 0.000000 0.007707 0.001651 0.000000 0.012580 0.025316 0.000000 0.011637 0.006191 0.005720 0.006670 0.002468 0.023878 0.016770 0.019149 0.019462 0.000000 0.006157 0.005497 0.009596 
0.000653 0.001104 0.000322 0.008590 0.000359 0.000156 0.000000 0.000130 0.000001 0.002428 0.013107 0.004954 0.000103 0.000000 0.000000 0.001268 0.003615 0.005213 0.002213 0.004172 0.000000 0.004157 0.001369 0.014340 0.002690 0.000427 0.000470 0.015277 0.000000 0.000000 0.000000 0.000000 0.001018 0.002292 0.011178 0.003839 0.000000 0.000000 0.000000 0.000779 0.000465 0.002393 0.001831 0.001752 0.001993 0.002133 0.003261 0.018475 0.001355 0.001958 0.000193 0.007926 0.000000 0.000240 0.000000 0.000393 0.000000 0.013127 0.027247 0.015758 0.000000 0.000175 0.000000 0.000618 0.006497 0.010281 0.005386 0.012511 0.000000 0.002056 0.001042 0.002796 0.037405 0.010642 0.003326 0.304328 0.000000 0.000000 0.000000 0.000000 0.004707 0.022292 0.215947 0.039297 0.000000 0.001090 0.000000 0.003002 0.003236 0.010419 0.006396 0.009581 0.004974 0.009776 0.002023 0.063471 
0.000001 0.000000 0.000000 0.000432 0.000000 0.000000 0.000000 0.000001 0.000001 0.020030 0.000001 0.004896 0.000895 0.000908 0.000996 0.003356 0.000025 0.000005 0.000917 0.000754 0.000000 0.000000 0.000557 0.000000 0.001055 0.000664 0.000000 0.001545 0.000000 0.000000 0.000830 0.000000 0.075823 0.103756 0.021399 0.080091 0.000000 0.001276 0.000000 0.001671 0.000819 0.000731 0.000825 0.004558 0.000000 0.001049 0.000000 0.001316 0.000268 0.000000 0.000000 0.000000 0.000000 0.000000 0.000000 0.000000 0.000000 0.021412 0.000627 0.017012 0.000000 0.000000 0.000000 0.000722 0.000001 0.000000 0.000001 0.007779 0.000000 0.000000 0.000000 0.000864 0.000714 0.002122 0.000000 0.001295 0.000000 0.000182 0.000235 0.000000 0.118286 0.295111 0.102110 0.082394 0.000000 0.001514 0.001297 0.004805 0.002388 0.001424 0.001934 0.002118 0.000000 0.001104 0.001096 0.000000 
0.037875 0.031052 0.020219 0.024034 0.009390 0.005115 0.003358 0.005400 0.011495 0.007270 0.000935 0.004197 0.004109 0.002965 0.009757 0.001986 0.006469 0.001390 0.006996 0.002380 0.000000 0.000000 0.001402 0.000000 0.049298 0.065034 0.009665 0.043780 0.011051 0.009464 0.006825 0.009815 0.020586 0.014566 0.006700 0.019352 0.007494 0.011187 0.036025 0.011247 0.005068 0.002088 0.010099 0.004914 0.000000 0.001255 0.004645 0.001154 0.039913 0.043641 0.023022 0.026092 0.007664 0.009023 0.006568 0.006108 0.008066 0.006979 0.000000 0.007876 0.007377 0.004629 0.015010 0.003816 0.005652 0.000000 0.003900 0.001061 0.000000 0.000000 0.001882 0.000000 0.034053 0.056042 0.011207 0.040344 0.003614 0.010327 0.003158 0.005605 0.002040 0.005877 0.000000 0.007584 0.003938 0.004759 0.008229 0.003472 0.001871 0.001246 0.003490 0.001398 0.000000 0.000000 0.002929 0.001432 
0.005514 0.000000 0.000776 0.000000 0.003378 0.002174 0.000000 0.001961 0.005591 0.006568 0.007423 0.004699 0.011620 0.001643 0.004829 0.016679 0.027539 0.011658 0.020327 0.024813 0.041490 0.005973 0.004654 0.023831 0.005027 0.001215 0.000000 0.003889 0.001093 0.001386 0.000000 0.003403 0.011178 0.007196 0.006691 0.006935 0.003870 0.001251 0.003095 0.001546 0.018573 0.012979 0.018676 0.032256 0.026538 0.007763 0.014706 0.063310 0.009930 0.007933 0.000000 0.004938 0.000000 0.003093 0.000000 0.004081 0.007605 0.007379 0.006802 0.010986 0.002585 0.001789 0.001722 0.000000 0.009883 0.010943 0.011038 0.014141 0.008926 0.000476 0.004818 0.021513 0.020954 0.001880 0.000000 0.027880 0.002961 0.002526 0.000000 0.004449 0.003713 0.009003 0.000000 0.008914 0.022100 0.000000 0.015236 0.009518 0.018366 0.016073 0.011520 0.037788 0.064602 0.009088 0.009681 0.067453 
0.010020 0.008270 0.001377 0.005487 0.000426 0.002388 0.000000 0.001796 0.031626 0.014368 0.205708 0.011247 0.004217 0.001688 0.001997 0.007795 0.014841 0.005767 0.007738 0.009765 0.001219 0.001606 0.000851 0.003194 0.004288 0.000000 0.000000 0.000002 0.000227 0.000000 0.000000 0.000000 0.024185 0.022090 0.106462 0.018972 0.000437 0.000797 0.000000 0.000766 0.003648 0.004145 0.003485 0.006661 0.000000 0.001662 0.000000 0.000000 0.007811 0.004978 0.000000 0.002734 0.000000 0.001831 0.000000 0.000000 0.021422 0.024671 0.110591 0.012726 0.000000 0.000000 0.000502 0.001199 0.011779 0.006366 0.003824 0.012267 0.000000 0.000000 0.000000 0.000000 0.012680 0.011151 0.002702 0.013270 0.001628 0.000906 0.000262 0.002588 0.017609 0.018351 0.091239 0.014381 0.005815 0.001529 0.000603 0.002904 0.007469 0.004755 0.008298 0.005947 0.000000 0.000000 0.001993 0.000001 
0.013745 0.009139 0.002493 0.007264 0.033068 0.016778 0.009076 0.031237 0.017890 0.009918 0.000001 0.012477 0.005916 0.004426 0.004487 0.000003 0.011879 0.010960 0.011741 0.014273 0.000000 0.001907 0.011374 0.009683 0.011055 0.011985 0.002669 0.006853 0.022430 0.016762 0.006671 0.034589 0.019675 0.010018 0.002825 0.015739 0.005934 0.008233 0.008431 0.009959 0.008915 0.016093 0.008948 0.013072 0.000000 0.007884 0.011414 0.010095 0.000016 0.006470 0.000000 0.007066 0.017730 0.012699 0.001944 0.024692 0.023709 0.012226 0.000000 0.013310 0.002639 0.003401 0.007556 0.003848 0.007657 0.006174 0.006748 0.005665 0.005965 0.006981 0.020238 0.006763 0.003258 0.015850 0.000000 0.000572 0.023321 0.030085 0.004256 0.049116 0.012776 0.019535 0.000000 0.008908 0.001691 0.008086 0.003903 0.007839 0.011174 0.013459 0.007929 0.011008 0.007463 0.008242 0.013542 0.014505 
0.000090 0.000284 0.000000 0.000130 0.000000 0.000000 0.000190 0.000720 0.006855 0.003318 0.002953 0.003152 0.000000 0.000000 0.000685 0.000185 0.001210 0.000419 0.000781 0.001564 0.000000 0.000000 0.000480 0.000604 0.000002 0.000000 0.000000 0.000287 0.000000 0.000195 0.000000 0.000000 0.015501 0.004129 0.004699 0.007822 0.000000 0.000522 0.000000 0.000749 0.000566 0.000225 0.000293 0.000215 0.000000 0.000000 0.000000 0.000000 0.000335 0.000000 0.000000 0.000000 0.000000 0.000000 0.000000 0.000256 0.007546 0.002114 0.000000 0.002906 0.000000 0.000000 0.000000 0.000000 0.000002 0.000000 0.000001 0.000353 0.000116 0.000000 0.000000 0.000087 0.015246 0.006917 0.002261 0.012039 0.037269 0.000000 0.001584 0.068153 0.422959 0.082372 0.048730 0.228121 0.000000 0.000000 0.000000 0.000002 0.000001 0.000253 0.000429 0.000820 0.000000 0.000000 0.000301 0.000000 
0.038456 0.036414 0.000000 0.036308 0.009267 0.004494 0.000000 0.009968 0.019280 0.005512 0.016836 0.023174 0.014719 0.014116 0.015354 0.027807 0.017206 0.007709 0.010086 0.023642 0.003422 0.000590 0.007429 0.002456 0.032209 0.023176 0.000000 0.028423 0.006814 0.006746 0.000000 0.007892 0.002521 0.002555 0.005880 0.019051 0.013122 0.020279 0.015882 0.029557 0.005002 0.012102 0.004731 0.011435 0.002322 0.002201 0.007055 0.003792 0.023845 0.013805 0.000000 0.023104 0.003334 0.002418 0.000000 0.006530 0.000000 0.000025 0.008813 0.005184 0.008400 0.008985 0.008854 0.020305 0.005179 0.006293 0.004781 0.009538 0.000733 0.000529 0.007199 0.006069 0.027864 0.014686 0.000000 0.035970 0.004382 0.003414 0.000000 0.006367 0.006134 0.003082 0.000000 0.010578 0.016231 0.013392 0.008809 0.031375 0.004946 0.006162 0.000932 0.010314 0.000000 0.002786 0.005900 0.005759 
0.000013 0.009732 0.000000 0.000006 0.000002 0.000001 0.000000 0.012997 0.000016 0.001667 0.000013 0.003331 0.000006 0.000002 0.000002 0.007550 0.020732 0.002897 0.001370 0.005158 0.000000 0.000000 0.000011 0.000000 0.000027 0.000001 0.000000 0.000035 0.008570 0.007500 0.000000 0.011758 0.068105 0.002771 0.000982 0.082127 0.000000 0.000005 0.040187 0.000021 0.005391 0.000039 0.000068 0.001135 0.000000 0.000005 0.023598 0.000004 0.000016 0.000006 0.000000 0.000006 0.000000 0.011290 0.000000 0.000001 0.000002 0.011096 0.000002 0.009011 0.000000 0.000000 0.018516 0.000000 0.005401 0.000001 0.007612 0.012222 0.000000 0.000000 0.053562 0.000000 0.007330 0.000437 0.000000 0.005111 0.000000 0.029146 0.000000 0.000000 0.092350 0.138098 0.053801 0.131774 0.034755 0.000001 0.000000 0.011551 0.000021 0.013365 0.004187 0.001229 0.000000 0.000000 0.000021 0.030241 
0.001940 0.003367 0.000893 0.002481 0.001087 0.001026 0.000000 0.001702 0.031602 0.015744 0.092205 0.015673 0.000667 0.003823 0.000000 0.005253 0.007392 0.005320 0.022795 0.002203 0.000000 0.001675 0.000428 0.002604 0.009685 0.024610 0.008768 0.056145 0.000000 0.000000 0.000000 0.000000 0.008576 0.010059 0.089826 0.009472 0.000000 0.002508 0.000000 0.000876 0.005857 0.003766 0.026859 0.003357 0.000000 0.003596 0.005013 0.008681 0.002381 0.005385 0.001869 0.009092 0.000000 0.002864 0.000000 0.001360 0.063771 0.075187 0.137184 0.053676 0.000000 0.002481 0.000550 0.002057 0.011966 0.005985 0.011281 0.004190 0.000000 0.001337 0.000943 0.002778 0.001941 0.003329 0.001150 0.006911 0.000000 0.000000 0.000000 0.000000 0.006304 0.006594 0.040575 0.004430 0.000000 0.000847 0.000000 0.000851 0.005539 0.003265 0.010743 0.002970 0.000000 0.001948 0.000583 0.008145 
0.000000 0.000000 0.032690 0.197504 0.023533 0.320376 0.000000 0.123969 0.201496 0.000000 0.100432 
0.000000 0.000000 0.000000 0.011770 0.004295 0.003183 0.000000 0.980693 0.000059 0.000000 0.000000 
0.212510 0.018524 0.014600 0.089724 0.030268 0.000000 0.083416 0.021912 0.441616 0.000000 0.087430 
0.020927 0.291106 0.589455 0.030936 0.007138 0.000000 0.019012 0.018503 0.022925 0.000000 0.000000 
0.000000 0.927705 0.020667 0.005481 0.000006 0.000000 0.000000 0.000000 0.003006 0.000000 0.043135 
0.000000 0.000000 0.157304 0.000001 0.439050 0.000000 0.000000 0.014849 0.120668 0.000000 0.268127 
0.000000 0.000000 0.008722 0.753716 0.150057 0.014310 0.027215 0.000000 0.045979 0.000000 0.000000 
0.332560 0.000000 0.044923 0.000001 0.046100 0.008851 0.067336 0.314858 0.185370 0.000000 0.000000 
0.152110 0.025169 0.000000 0.023499 0.037334 0.000000 0.332271 0.154777 0.274840 0.000000 0.000000 
0.000000 0.030263 0.041156 0.244394 0.025351 0.033648 0.040143 0.000000 0.241649 0.000000 0.343396 
0.000000 0.866313 0.000000 0.061696 0.055034 0.000000 0.000000 0.000000 0.016957 0.000000 0.000000 
0.000000 0.052949 0.000000 0.025443 0.014659 0.000000 0.388299 0.012235 0.185545 0.000000 0.320870 
0.000000 0.012775 0.000000 0.233605 0.006244 0.000000 0.113642 0.000000 0.605132 0.007290 0.021312 
0.000000 0.039820 0.000000 0.000001 0.535767 0.146799 0.031258 0.000000 0.164096 0.000000 0.082259 
0.050644 0.000000 0.176584 0.452839 0.000005 0.228340 0.000000 0.020530 0.061643 0.000000 0.009415 
0.192200 0.386193 0.008141 0.000001 0.025198 0.024439 0.182703 0.000000 0.181125 0.000000 0.000000 
0.000000 0.918837 0.000000 0.024518 0.000005 0.000000 0.000000 0.007616 0.049023 0.000000 0.000000 
0.000000 0.000000 0.000000 0.355408 0.425066 0.021794 0.074465 0.000000 0.123266 0.000000 0.000000 
0.000000 0.000000 0.893800 0.028315 0.003892 0.028212 0.000000 0.008676 0.000103 0.019006 0.017996 
0.054002 0.007959 0.000000 0.285008 0.477401 0.012520 0.000000 0.009370 0.153740 0.000000 0.000000 
0.000000 0.000000 0.000000 0.119106 0.148268 0.000000 0.000000 0.470499 0.237161 0.000000 0.024966 
0.000000 0.581954 0.000000 0.042041 0.084668 0.182197 0.000000 0.029859 0.024694 0.000000 0.054587 
0.000000 0.012703 0.000000 0.041999 0.418354 0.000000 0.000000 0.005328 0.494795 0.000000 0.026821 
0.000000 0.000000 0.043130 0.419740 0.019474 0.000000 0.340287 0.000000 0.172218 0.000000 0.005151 
0.000000 0.339183 0.627259 0.000001 0.000005 0.000000 0.000000 0.017406 0.000094 0.016051 0.000000 
0.296507 0.000000 0.000000 0.000001 0.045395 0.278931 0.047567 0.000000 0.114899 0.053879 0.162822 
0.000000 0.000000 0.795883 0.000001 0.123453 0.010158 0.005894 0.000000 0.039124 0.025487 0.000000 
0.000000 0.265494 0.214047 0.287976 0.000006 0.160878 0.000000 0.000000 0.055371 0.000000 0.016228 
0.057403 0.000000 0.460515 0.000001 0.309643 0.000000 0.042607 0.000000 0.129831 0.000000 0.000000 
0.000000 0.207429 0.639075 0.133566 0.010828 0.000000 0.000000 0.000000 0.009102 0.000000 0.000000 
0.000000 0.000000 0.000000 0.000001 0.130019 0.000000 0.026493 0.782030 0.061457 0.000000 0.000000 
0.000000 0.000000 0.283913 0.054394 0.020691 0.018292 0.049724 0.000000 0.533250 0.039736 0.000000 
0.535411 0.031021 0.000000 0.000001 0.080504 0.000000 0.093493 0.000000 0.212265 0.000000 0.047305 
0.359553 0.346968 0.000000 0.000001 0.050007 0.010044 0.040792 0.024138 0.168497 0.000000 0.000000 
0.000000 0.000000 0.948626 0.000001 0.000004 0.000000 0.000000 0.010999 0.000042 0.040328 0.000000 
0.054160 0.000000 0.123433 0.000001 0.015486 0.000000 0.003435 0.000000 0.000116 0.017973 0.785395 
0.000000 0.000000 0.000000 0.022881 0.021542 0.480238 0.030819 0.000000 0.321375 0.023165 0.099980 
0.428280 0.251441 0.000000 0.000001 0.062921 0.000000 0.053247 0.000000 0.151373 0.008898 0.043838 
0.000000 0.000000 0.190304 0.090223 0.024235 0.000000 0.463627 0.000000 0.231610 0.000000 0.000000 
0.000000 0.000000 0.000000 0.000001 0.031268 0.564754 0.174532 0.000000 0.160932 0.000000 0.068511 
0.000000 0.000000 0.000000 0.044280 0.053470 0.077167 0.000000 0.116325 0.567344 0.000000 0.141413 
0.000000 0.014540 0.000000 0.062585 0.024591 0.251458 0.379340 0.016843 0.188862 0.000000 0.061782 
0.043229 0.023194 0.000000 0.014735 0.662071 0.000000 0.000000 0.000000 0.207864 0.035431 0.013476 
0.000000 0.010332 0.000000 0.255803 0.066783 0.000000 0.000000 0.000000 0.642894 0.000000 0.024188 
0.033103 0.000000 0.000000 0.006546 0.031526 0.144283 0.000000 0.733754 0.027327 0.009285 0.014174 
0.000000 0.036560 0.631019 0.000001 0.008641 0.000000 0.000000 0.245239 0.020403 0.018100 0.040038 
0.035099 0.000000 0.188369 0.226124 0.056740 0.259350 0.000000 0.083544 0.065369 0.000000 0.085404 
0.000000 0.008910 0.000000 0.038773 0.029757 0.000000 0.466438 0.000000 0.413945 0.000000 0.042177 
0.022672 0.032779 0.000000 0.038929 0.016126 0.278650 0.011881 0.000000 0.538866 0.000000 0.060097 
0.056361 0.013945 0.000000 0.118266 0.247194 0.000000 0.326027 0.000000 0.238207 0.000000 0.000000 
0.000000 0.044073 0.061084 0.080538 0.032370 0.035479 0.000000 0.014441 0.732014 0.000000 0.000000 
0.000000 0.081876 0.000000 0.401819 0.000005 0.000000 0.000000 0.021871 0.000095 0.000000 0.494334 
0.027108 0.093923 0.000000 0.201490 0.000005 0.022681 0.000000 0.654680 0.000114 0.000000 0.000000 
0.011314 0.024836 0.861061 0.000001 0.013422 0.000000 0.014248 0.063042 0.000119 0.011957 0.000000 
0.021770 0.000000 0.000000 0.928518 0.000004 0.024600 0.000000 0.000000 0.025108 0.000000 0.000000 
0.040164 0.000000 0.006848 0.896661 0.000005 0.000000 0.000000 0.000000 0.056323 0.000000 0.000000 
0.000000 0.000000 0.000000 0.015669 0.004956 0.000000 0.000000 0.016294 0.037971 0.000000 0.925110 
0.572549 0.059530 0.000000 0.000001 0.046875 0.000000 0.084747 0.000000 0.195378 0.000000 0.040920 
0.000000 0.000000 0.953335 0.000001 0.000005 0.005653 0.000000 0.005395 0.003866 0.031744 0.000000 
0.458321 0.000000 0.000000 0.000001 0.073747 0.182394 0.077234 0.000000 0.171219 0.000000 0.037083 
0.021946 0.740381 0.000000 0.012084 0.015804 0.121489 0.017015 0.000000 0.024239 0.019117 0.027925 
0.000000 0.000000 0.000000 0.000001 0.006057 0.000000 0.000000 0.000000 0.000080 0.007897 0.985965 
0.142023 0.088439 0.000000 0.030919 0.387587 0.019710 0.017929 0.000000 0.286163 0.027229 0.000000 
0.000000 0.000000 0.058549 0.020240 0.057946 0.419738 0.220554 0.012388 0.166613 0.000000 0.043973 
0.000000 0.000000 0.000000 0.301828 0.011094 0.000000 0.437911 0.000000 0.241140 0.008026 0.000000 
0.317221 0.019127 0.011531 0.000001 0.331295 0.000000 0.048930 0.000000 0.183600 0.000000 0.088294 
0.000000 0.961342 0.021009 0.017537 0.000005 0.000000 0.000000 0.000000 0.000108 0.000000 0.000000 
0.036106 0.017096 0.000000 0.453785 0.013564 0.000000 0.000000 0.021196 0.380892 0.000000 0.077362 
0.033236 0.000000 0.000000 0.037262 0.113852 0.000000 0.328377 0.324185 0.155647 0.000000 0.007441 
0.000000 0.009475 0.075510 0.553898 0.285693 0.000000 0.000000 0.000000 0.058792 0.000000 0.016631 
0.221198 0.000000 0.000000 0.000001 0.045297 0.157926 0.044695 0.349694 0.159551 0.000000 0.021638 
0.047640 0.013988 0.000000 0.414419 0.030679 0.437841 0.000000 0.000000 0.000106 0.000000 0.055327 
0.000000 0.056692 0.000000 0.000001 0.548754 0.128840 0.040313 0.000000 0.225400 0.000000 0.000000 
0.076087 0.694867 0.000000 0.000001 0.006939 0.000000 0.033845 0.000000 0.032266 0.000000 0.155995 
0.000000 0.000000 0.000000 0.018395 0.170553 0.000000 0.017419 0.170531 0.074382 0.000000 0.548720 
0.000000 0.999922 0.000000 0.000001 0.000004 0.000000 0.000000 0.000000 0.000072 0.000000 0.000000 
0.309664 0.053042 0.157404 0.049595 0.036074 0.213260 0.018186 0.000000 0.105589 0.024811 0.032375 
0.000000 0.000000 0.075862 0.060370 0.054270 0.248588 0.000000 0.000000 0.560909 0.000000 0.000000 
0.029402 0.013586 0.000000 0.138721 0.000005 0.000000 0.000000 0.184503 0.633782 0.000000 0.000000 
0.000000 0.023470 0.000000 0.014722 0.009966 0.000000 0.010693 0.266086 0.000108 0.000000 0.674955 
0.446996 0.000000 0.000000 0.000001 0.057707 0.069739 0.109627 0.000000 0.191312 0.000000 0.124617 
0.000000 0.000000 0.000000 0.000001 0.015955 0.313893 0.000000 0.000000 0.086193 0.020893 0.563064 
0.000000 0.951653 0.000000 0.027801 0.000005 0.000000 0.000000 0.000000 0.000104 0.006896 0.013541 
0.000000 0.000000 0.284045 0.094477 0.390469 0.000000 0.055473 0.000000 0.141735 0.000000 0.033801 
0.000000 0.000000 0.743177 0.021986 0.015110 0.012265 0.000000 0.009721 0.160257 0.037484 0.000000 
0.000000 0.000000 0.531505 0.320551 0.072831 0.000000 0.029257 0.000000 0.045856 0.000000 0.000000 
0.000000 0.000000 0.000000 0.021909 0.035294 0.662619 0.076075 0.000000 0.042743 0.000000 0.161360 
0.000000 0.000000 0.250193 0.000001 0.007120 0.576651 0.023729 0.000000 0.074193 0.000000 0.068113 
0.000000 0.427585 0.000000 0.000001 0.123719 0.000000 0.029886 0.121920 0.061957 0.019396 0.215537 
0.000000 0.000000 0.148536 0.468353 0.248302 0.012761 0.000000 0.022570 0.099478 0.000000 0.000000 
0.503006 0.000000 0.032294 0.028467 0.074776 0.038268 0.035084 0.033503 0.254602 0.000000 0.000000 
0.029545 0.037211 0.062629 0.005733 0.008273 0.005845 0.000000 0.827366 0.023396 0.000000 0.000000 
0.000000 0.000000 0.317822 0.027126 0.139438 0.416706 0.020181 0.000000 0.042832 0.000000 0.035894 
0.049339 0.690104 0.000000 0.000001 0.162006 0.000000 0.000000 0.000000 0.070471 0.028078 0.000000 
0.000000 0.000000 0.000000 0.016463 0.076497 0.007714 0.000000 0.870749 0.028576 0.000000 0.000000 
0.025182 0.000000 0.018445 0.000001 0.056696 0.648386 0.023856 0.000000 0.082589 0.000000 0.144843 
0.086661 0.000000 0.000000 0.043149 0.058824 0.038766 0.217651 0.030725 0.524224 0.000000 0.000000 
0.000000 0.000000 0.000000 0.000001 0.030766 0.741907 0.026992 0.000000 0.103248 0.000000 0.097087 
0.138119 0.202792 0.000000 0.000001 0.011757 0.000000 0.000000 0.006912 0.044771 0.000000 0.595647 
0.000000 0.000000 0.026263 0.228101 0.000005 0.000000 0.000000 0.457332 0.288299 0.000000 0.000000 
0.000000 0.032963 0.000000 0.495183 0.058581 0.067707 0.000000 0.224345 0.085756 0.000000 0.035465 
0.068547 0.013435 0.131981 0.075335 0.141939 0.022694 0.000000 0.000000 0.546068 0.000000 0.000000 
0.303406 0.000000 0.027230 0.000001 0.324869 0.000000 0.076408 0.000000 0.231595 0.000000 0.036491 
0.025451 0.095048 0.000000 0.024483 0.458169 0.000000 0.000000 0.010163 0.386686 0.000000 0.000000 
0.000000 0.065301 0.074892 0.073696 0.018183 0.000000 0.553696 0.000000 0.214231 0.000000 0.000000 
0.019576 0.003281 0.902024 0.006880 0.000004 0.000000 0.000000 0.014615 0.000114 0.053505 0.000000 
0.000000 0.190496 0.000000 0.000001 0.291691 0.000000 0.000000 0.000000 0.075889 0.000000 0.441923 
0.298786 0.036636 0.000000 0.040531 0.040912 0.024217 0.059659 0.000000 0.483462 0.000000 0.015797 
0.000000 0.000000 0.912800 0.000001 0.007098 0.013590 0.000000 0.000000 0.014700 0.044130 0.007681 
0.000000 0.347625 0.471706 0.064590 0.000006 0.027122 0.000000 0.000000 0.088951 0.000000 0.000000 
0.409974 0.120268 0.000000 0.018686 0.056936 0.044489 0.136597 0.000000 0.213051 0.000000 0.000000 
0.412266 0.051099 0.000000 0.000001 0.076468 0.090666 0.000000 0.144742 0.177089 0.017135 0.030535 
0.491181 0.034048 0.000000 0.000001 0.063368 0.000000 0.091449 0.000000 0.192040 0.000000 0.127913 
0.018781 0.000000 0.000000 0.228006 0.009241 0.482590 0.000000 0.000000 0.033307 0.000000 0.228074 
0.000000 0.000000 0.000000 0.011471 0.000003 0.006848 0.000000 0.981575 0.000102 0.000000 0.000000 
0.168668 0.000000 0.000000 0.503814 0.023618 0.164578 0.000000 0.000000 0.139321 0.000000 0.000000 
0.000000 0.006381 0.060343 0.060678 0.018906 0.743991 0.023974 0.000000 0.000115 0.000000 0.085613 
0.033581 0.114639 0.038705 0.000001 0.009815 0.621297 0.014541 0.000000 0.052081 0.000000 0.115340 
0.000000 0.000000 0.000000 0.037932 0.023054 0.085391 0.214611 0.000000 0.186679 0.000000 0.452333 
0.000000 0.000000 0.862559 0.000001 0.003929 0.013520 0.000000 0.014914 0.000096 0.038330 0.066650 
0.000000 0.027781 0.025642 0.022911 0.104982 0.619384 0.000000 0.000000 0.142405 0.000000 0.056894 
0.000000 0.187671 0.000000 0.764085 0.000005 0.000000 0.000000 0.000000 0.048238 0.000000 0.000000 
0.030339 0.000000 0.818085 0.000001 0.000006 0.000000 0.026331 0.000000 0.125238 0.000000 0.000000 
0.000000 0.197653 0.019789 0.027640 0.015729 0.000000 0.503341 0.000000 0.226629 0.000000 0.009219 
0.000000 0.686095 0.000000 0.022830 0.016654 0.054151 0.000000 0.150344 0.069924 0.000000 0.000000 
0.000000 0.520320 0.440858 0.000001 0.000005 0.000000 0.017702 0.000000 0.000111 0.010028 0.010975 
0.095907 0.014985 0.000000 0.063999 0.011752 0.371762 0.085703 0.000000 0.173980 0.026611 0.155301 
0.324863 0.251716 0.000000 0.037660 0.036133 0.039946 0.054073 0.108798 0.116123 0.000000 0.030689 
0.393473 0.362362 0.000000 0.000001 0.032389 0.000000 0.049953 0.000000 0.161821 0.000000 0.000000 
0.054093 0.186238 0.000000 0.542022 0.000005 0.000000 0.000000 0.000000 0.217641 0.000000 0.000000 
0.149671 0.009835 0.027792 0.000001 0.020654 0.000000 0.100312 0.454244 0.237490 0.000000 0.000000 
0.000000 0.000000 0.000000 0.022113 0.018586 0.035226 0.035661 0.079426 0.225241 0.000000 0.583746 
0.000000 0.000000 0.080445 0.055561 0.010899 0.039391 0.000000 0.100341 0.713362 0.000000 0.000000 
0.533395 0.000000 0.000000 0.000001 0.046958 0.053190 0.119916 0.043569 0.202970 0.000000 0.000000 
0.000000 0.000000 0.000000 0.106147 0.083762 0.123354 0.000000 0.006872 0.679866 0.000000 0.000000 
0.061163 0.000000 0.000000 0.684160 0.013460 0.000000 0.128843 0.005796 0.088772 0.000000 0.017805 
0.220148 0.000000 0.115630 0.211337 0.008290 0.032664 0.078466 0.000000 0.105388 0.000000 0.228077 
0.028911 0.122522 0.000000 0.068288 0.068259 0.000000 0.000000 0.000000 0.674680 0.000000 0.037340 
0.338081 0.236831 0.162791 0.000001 0.060192 0.028290 0.030609 0.000000 0.143204 0.000000 0.000000 
0.452268 0.000000 0.000000 0.009517 0.051333 0.022743 0.073943 0.118045 0.197219 0.034275 0.040658 
0.114408 0.000000 0.706611 0.016004 0.035274 0.000000 0.021249 0.071266 0.035189 0.000000 0.000000 
0.029972 0.026132 0.750622 0.000001 0.000005 0.000000 0.095582 0.016076 0.081609 0.000000 0.000000 
0.044456 0.000000 0.591517 0.000001 0.004502 0.000000 0.000000 0.019480 0.000102 0.014421 0.325520 
0.000000 0.013959 0.000000 0.015299 0.497683 0.000000 0.212184 0.000000 0.217554 0.000000 0.043322 
0.000000 0.010852 0.029533 0.440622 0.174045 0.198668 0.000000 0.014611 0.091342 0.000000 0.040325 
0.147991 0.015354 0.000000 0.000001 0.361675 0.020620 0.055526 0.259380 0.139452 0.000000 0.000000 
0.035885 0.006736 0.000000 0.000001 0.477543 0.137367 0.000000 0.052473 0.289994 0.000000 0.000000 
0.049807 0.031804 0.000000 0.000001 0.438455 0.024584 0.065544 0.000000 0.389805 0.000000 0.000000 
0.081217 0.000000 0.000000 0.141289 0.036544 0.286374 0.301170 0.000000 0.153406 0.000000 0.000000 
0.000000 0.170749 0.132427 0.000001 0.179042 0.000000 0.037566 0.389003 0.091211 0.000000 0.000000 
0.000000 0.000000 0.000000 0.213166 0.007165 0.000000 0.000000 0.692080 0.060162 0.000000 0.027427 
0.000000 0.000000 0.257966 0.042894 0.016145 0.000000 0.200966 0.014000 0.468027 0.000000 0.000000 
0.366926 0.019494 0.000000 0.000001 0.234108 0.000000 0.101915 0.000000 0.166870 0.000000 0.110687 
0.000000 0.000000 0.000000 0.000001 0.000005 0.000000 0.008367 0.795489 0.029495 0.000000 0.166642 
0.000000 0.000000 0.000000 0.181090 0.027352 0.000000 0.030190 0.000000 0.027776 0.000000 0.733593 
0.021554 0.000000 0.020860 0.205074 0.013842 0.000000 0.482558 0.000000 0.256111 0.000000 0.000000 
0.304429 0.000000 0.065976 0.298730 0.037365 0.015705 0.078098 0.027521 0.172178 0.000000 0.000000 
0.196259 0.666032 0.000000 0.000001 0.022913 0.000000 0.040956 0.000000 0.073838 0.000000 0.000000 
0.000000 0.933238 0.000000 0.012233 0.018484 0.000000 0.000000 0.000000 0.015431 0.000000 0.020615 
0.026268 0.007426 0.000000 0.752491 0.000005 0.173617 0.000000 0.000000 0.000093 0.000000 0.040101 
0.334748 0.000000 0.000000 0.000001 0.029161 0.000000 0.063428 0.000000 0.101924 0.000000 0.470738 
0.000000 0.028526 0.029525 0.074516 0.033154 0.000000 0.032601 0.000000 0.787284 0.000000 0.014395 
0.000000 0.411795 0.000000 0.000001 0.107334 0.000000 0.284277 0.000000 0.196592 0.000000 0.000000 
0.000000 0.194812 0.000000 0.278726 0.008265 0.228595 0.000000 0.106526 0.092307 0.024909 0.065861 
0.000000 0.000000 0.020701 0.043313 0.029938 0.000000 0.478786 0.000000 0.427261 0.000000 0.000000 
0.088448 0.018963 0.000000 0.308311 0.393730 0.000000 0.000000 0.000000 0.168639 0.000000 0.021909 
0.000000 0.000000 0.000000 0.251577 0.008805 0.013036 0.000000 0.535766 0.190817 0.000000 0.000000 
0.141898 0.000000 0.000000 0.225772 0.014899 0.000000 0.000000 0.564275 0.053157 0.000000 0.000000 
0.047850 0.680505 0.000000 0.000001 0.062102 0.000000 0.030755 0.083724 0.061402 0.000000 0.033661 
0.000000 0.000000 0.225398 0.000001 0.003299 0.000000 0.000000 0.414866 0.011194 0.000000 0.345242 
0.213217 0.127573 0.309443 0.000001 0.010240 0.126932 0.031560 0.000000 0.099859 0.044119 0.037055 
0.000000 0.012681 0.149793 0.012139 0.599398 0.000000 0.055107 0.000000 0.170882 0.000000 0.000000 
0.017145 0.000000 0.000000 0.159946 0.013106 0.011419 0.015721 0.721849 0.034501 0.026313 0.000000 
0.253243 0.342822 0.000000 0.000001 0.041076 0.113653 0.032509 0.000000 0.126951 0.000000 0.089746 
0.000000 0.000000 0.000000 0.000001 0.006460 0.000000 0.004621 0.000000 0.000112 0.000000 0.988806 
0.033879 0.012318 0.000000 0.836282 0.000006 0.000000 0.040439 0.000000 0.064229 0.000000 0.012847 
0.000000 0.016109 0.000000 0.007190 0.505713 0.012580 0.000000 0.309291 0.149117 0.000000 0.000000 
0.000000 0.176454 0.000000 0.032620 0.025580 0.000000 0.512982 0.000000 0.223268 0.029095 0.000000 
0.000000 0.000000 0.028074 0.080329 0.002311 0.005865 0.000000 0.761123 0.122297 0.000000 0.000000 
0.046078 0.045259 0.000000 0.000001 0.488995 0.225761 0.017129 0.000000 0.146744 0.015485 0.014547 
0.172769 0.136237 0.032547 0.000001 0.122178 0.075146 0.088163 0.173040 0.134227 0.065693 0.000000 
0.000000 0.000000 0.013723 0.000001 0.017960 0.747432 0.019264 0.000000 0.066538 0.000000 0.135081 
0.000000 0.000000 0.099887 0.144724 0.003228 0.000000 0.027291 0.000000 0.000102 0.000000 0.724769 
0.045336 0.000000 0.105919 0.707801 0.009238 0.000000 0.000000 0.000000 0.121200 0.000000 0.010505 
0.268954 0.000000 0.000000 0.423536 0.029637 0.000000 0.081966 0.000000 0.159783 0.023945 0.012178 
0.000000 0.005229 0.710931 0.000001 0.000004 0.000000 0.041901 0.000000 0.023049 0.000000 0.218885 
0.000000 0.013435 0.557190 0.000001 0.245473 0.037324 0.006566 0.000000 0.035261 0.030002 0.074748 
0.000000 0.993307 0.000000 0.000001 0.000005 0.000000 0.000000 0.000000 0.000060 0.006626 0.000000 
0.033886 0.000000 0.000000 0.222641 0.000005 0.566371 0.000000 0.000000 0.051098 0.000000 0.125999 
0.128576 0.403919 0.000000 0.000001 0.021218 0.259335 0.028766 0.011019 0.119299 0.000000 0.027867 
0.000000 0.146696 0.363987 0.000001 0.346584 0.039161 0.000000 0.000000 0.092993 0.010578 0.000000 
0.031461 0.000000 0.000000 0.033034 0.020099 0.034851 0.000000 0.143296 0.647735 0.000000 0.089524 
0.000000 0.015301 0.249737 0.034372 0.009326 0.036505 0.113684 0.161854 0.379222 0.000000 0.000000 
0.000000 0.020382 0.159635 0.017789 0.178326 0.000000 0.117022 0.000000 0.092419 0.000000 0.414427 
0.180650 0.000000 0.023039 0.007953 0.300724 0.000000 0.198488 0.038881 0.242970 0.000000 0.007294 
0.115457 0.036059 0.000000 0.078582 0.526442 0.031196 0.000000 0.035838 0.176425 0.000000 0.000000 
0.000000 0.023416 0.000000 0.000001 0.000006 0.000000 0.015623 0.145515 0.008999 0.000000 0.806440 
0.000000 0.077788 0.049251 0.000001 0.000006 0.000000 0.039288 0.759204 0.024747 0.000000 0.049715 
0.000000 0.440434 0.011702 0.000001 0.061086 0.070406 0.015430 0.341114 0.059826 0.000000 0.000000 
0.098517 0.010289 0.000000 0.100520 0.025412 0.000000 0.000000 0.008498 0.608090 0.000000 0.148674 
0.083557 0.000000 0.000000 0.322951 0.009907 0.061499 0.000000 0.341972 0.064405 0.000000 0.115709 
0.000000 0.017272 0.000000 0.000001 0.246682 0.537241 0.044476 0.000000 0.097106 0.000000 0.057221 
0.000000 0.486698 0.000000 0.000001 0.105229 0.000000 0.014723 0.344257 0.038826 0.000000 0.010266 
0.044264 0.036036 0.000000 0.023023 0.040784 0.000000 0.312689 0.000000 0.506409 0.000000 0.036795 
0.000000 0.000000 0.000000 0.070067 0.012994 0.031801 0.014264 0.002450 0.868424 0.000000 0.000000 
0.034632 0.000000 0.841305 0.012955 0.008708 0.007502 0.037516 0.000000 0.032835 0.024547 0.000000 
0.000000 0.022605 0.000000 0.191749 0.020054 0.000000 0.433255 0.040033 0.234025 0.000000 0.058278 
0.051063 0.032916 0.055035 0.636287 0.006824 0.000000 0.016410 0.140671 0.024161 0.000000 0.036633 
0.000000 0.169794 0.027532 0.029544 0.000005 0.549470 0.033017 0.049485 0.040037 0.000000 0.101115 
0.034316 0.043705 0.000000 0.524512 0.010985 0.000000 0.000000 0.233461 0.153020 0.000000 0.000000 
0.000000 0.000000 0.000000 0.274707 0.008751 0.000000 0.228861 0.003580 0.181408 0.000000 0.302693 
0.000000 0.018711 0.000000 0.000001 0.004004 0.000000 0.000000 0.951188 0.011474 0.000000 0.014622 
0.118753 0.000000 0.000000 0.063604 0.061585 0.000000 0.136011 0.410706 0.161671 0.027536 0.020134 
0.000000 0.011270 0.000000 0.042079 0.000006 0.382480 0.024314 0.000000 0.475200 0.000000 0.064652 
0.000000 0.000000 0.681409 0.019328 0.000006 0.013661 0.143678 0.021934 0.069198 0.050785 0.000000 
0.000000 0.000000 0.000000 0.000001 0.000005 0.000000 0.058784 0.000000 0.017311 0.000000 0.923899 
0.065546 0.088519 0.047203 0.000001 0.010378 0.481391 0.075143 0.095654 0.052366 0.000000 0.083799 
0.000000 0.024423 0.000000 0.071394 0.017997 0.000000 0.000000 0.112458 0.750851 0.000000 0.022877 
0.415858 0.056421 0.144901 0.000001 0.054416 0.000000 0.047116 0.035657 0.165404 0.014042 0.066185 
0.046723 0.309641 0.000000 0.292955 0.000005 0.000000 0.066349 0.000000 0.059538 0.000000 0.224790 
0.000000 0.785207 0.000000 0.010727 0.055256 0.000000 0.000000 0.127675 0.011625 0.000000 0.009511 
0.000000 0.000000 0.000000 0.000001 0.030115 0.009470 0.000000 0.943804 0.016610 0.000000 0.000000 
0.000000 0.000000 0.387421 0.000001 0.450791 0.000000 0.000000 0.000000 0.141299 0.020487 0.000000 
0.009843 0.216955 0.000000 0.741626 0.000005 0.000000 0.000000 0.000000 0.000099 0.021565 0.009908 
0.000000 0.000000 0.000000 0.008146 0.180229 0.005251 0.120812 0.566215 0.119347 0.000000 0.000000 
0.024056 0.732417 0.014868 0.000001 0.026750 0.157481 0.000000 0.000000 0.009812 0.000000 0.034615 
0.000000 0.000000 0.000000 0.000001 0.773833 0.032800 0.000000 0.000000 0.193365 0.000000 0.000000 
0.000000 0.989240 0.000000 0.000001 0.000005 0.000000 0.000000 0.000000 0.000088 0.002399 0.008267 
0.000000 0.192966 0.618529 0.000001 0.000005 0.000000 0.053976 0.000000 0.053064 0.030729 0.050730 
0.000000 0.000000 0.000000 0.103860 0.179189 0.000000 0.371045 0.000000 0.227167 0.012412 0.106327 
0.011949 0.009108 0.015175 0.460952 0.009230 0.000000 0.000000 0.000000 0.493586 0.000000 0.000000 
0.000000 0.155793 0.134720 0.014924 0.507628 0.000000 0.000000 0.000000 0.152693 0.000000 0.034243 
0.178577 0.108274 0.000000 0.000001 0.065071 0.013584 0.015138 0.527903 0.091452 0.000000 0.000000 
0.109083 0.000000 0.000000 0.091361 0.048929 0.000000 0.025012 0.232466 0.464700 0.000000 0.028450 
0.000000 0.080852 0.367400 0.020486 0.000005 0.000000 0.284386 0.000000 0.246871 0.000000 0.000000 
0.239276 0.000000 0.563864 0.000001 0.026983 0.009618 0.046101 0.000000 0.114156 0.000000 0.000000 
0.027140 0.000000 0.000000 0.764395 0.004842 0.025662 0.000000 0.000000 0.140417 0.000000 0.037543 
0.000000 0.006347 0.000000 0.000001 0.000006 0.493530 0.029578 0.205866 0.160756 0.019143 0.084772 
0.028016 0.000000 0.171323 0.023189 0.009505 0.171841 0.386720 0.000000 0.209406 0.000000 0.000000 
0.000000 0.745414 0.000000 0.028904 0.054316 0.000000 0.000000 0.171268 0.000098 0.000000 0.000000 
0.270851 0.011600 0.055154 0.000001 0.021688 0.000000 0.067798 0.000000 0.083191 0.000000 0.489717 
0.067459 0.530834 0.000000 0.025233 0.035115 0.270984 0.000000 0.000000 0.029524 0.000000 0.040851 
0.051960 0.011017 0.831413 0.000001 0.018249 0.000000 0.000000 0.026365 0.018773 0.042221 0.000000 
0.023464 0.000000 0.339118 0.240577 0.000005 0.000000 0.225354 0.015752 0.155728 0.000000 0.000000 
0.000000 0.000000 0.000000 0.127540 0.026438 0.042286 0.000000 0.000000 0.777029 0.026706 0.000000 
0.000000 0.859448 0.080079 0.019648 0.000005 0.031131 0.000000 0.000000 0.009689 0.000000 0.000000 
0.000000 0.152243 0.000000 0.021794 0.063910 0.450710 0.026402 0.000000 0.026495 0.000000 0.258447 
0.000000 0.050491 0.000000 0.036343 0.000006 0.139352 0.000000 0.450600 0.272242 0.000000 0.050966 
0.000000 0.000000 0.861036 0.000001 0.044932 0.000000 0.017794 0.048954 0.015511 0.011771 0.000000 
0.129765 0.011533 0.000000 0.000001 0.600756 0.044199 0.039563 0.000000 0.174183 0.000000 0.000000 
0.000000 0.017671 0.000000 0.000001 0.486179 0.000000 0.000000 0.144629 0.140511 0.000000 0.211009 
0.000000 0.000000 0.859091 0.085085 0.000006 0.000000 0.000000 0.015080 0.013747 0.026991 0.000000 
0.000000 0.471436 0.000000 0.093181 0.000005 0.021049 0.180910 0.000000 0.233418 0.000000 0.000000 
0.042846 0.572384 0.000000 0.030655 0.000005 0.240368 0.000000 0.037442 0.028675 0.000000 0.047624 
0.000000 0.014024 0.000000 0.053368 0.034246 0.734735 0.020760 0.000000 0.042086 0.000000 0.100781 
0.000000 0.017497 0.000000 0.034436 0.000005 0.000000 0.505325 0.000000 0.442736 0.000000 0.000000 
0.567728 0.035439 0.000000 0.000001 0.066135 0.037448 0.101043 0.000000 0.192206 0.000000 0.000000 
0.000000 0.000000 0.152896 0.121639 0.000005 0.030665 0.018448 0.663824 0.012523 0.000000 0.000000 
0.000000 0.000000 0.000000 0.042901 0.564751 0.199981 0.000000 0.049429 0.142937 0.000000 0.000000 
0.000000 0.000000 0.000000 0.016786 0.024008 0.570571 0.090025 0.000000 0.070918 0.046803 0.180891 
0.000000 0.000000 0.009911 0.582232 0.000005 0.000000 0.000000 0.230018 0.102355 0.000000 0.075478 
0.000000 0.024182 0.936601 0.000001 0.000004 0.000000 0.000000 0.016271 0.007067 0.015873 0.000000 
0.025971 0.000000 0.070426 0.546948 0.007743 0.000000 0.133621 0.055857 0.159433 0.000000 0.000000 
0.000000 0.000000 0.413123 0.025688 0.008458 0.211087 0.011319 0.204214 0.126109 0.000000 0.000000 
0.000000 0.000000 0.798810 0.035642 0.033159 0.000000 0.083669 0.000000 0.032208 0.016512 0.000000 
0.007201 0.217524 0.217187 0.464457 0.000005 0.020313 0.000000 0.047170 0.000105 0.000000 0.026037 
0.000000 0.000000 0.000000 0.083667 0.000005 0.000000 0.000000 0.818913 0.097414 0.000000 0.000000 
0.035176 0.000000 0.011508 0.000001 0.000005 0.177280 0.014160 0.724921 0.019542 0.000000 0.017407 
0.000000 0.000000 0.000000 0.068722 0.048681 0.000000 0.071394 0.237680 0.539948 0.000000 0.033575 
0.272859 0.000000 0.000000 0.030407 0.035990 0.402465 0.065474 0.000000 0.130166 0.021724 0.040914 
0.000000 0.000000 0.089370 0.044882 0.000005 0.000000 0.127046 0.195956 0.508226 0.000000 0.034513 
0.000000 0.000000 0.591508 0.336138 0.000004 0.000000 0.000000 0.000000 0.072349 0.000000 0.000000 
0.000000 0.000000 0.000000 0.007141 0.006796 0.000000 0.000000 0.000000 0.000099 0.000000 0.985964 
0.000000 0.000000 0.000000 0.017369 0.007033 0.255699 0.015660 0.000000 0.210924 0.005333 0.487981 
0.094902 0.089734 0.000000 0.024352 0.000006 0.535784 0.109719 0.000000 0.074187 0.000000 0.071317 
0.000000 0.192502 0.000000 0.076148 0.143881 0.000000 0.361035 0.000000 0.226433 0.000000 0.000000 
0.000000 0.864080 0.041806 0.008306 0.000005 0.000000 0.053320 0.011495 0.020987 0.000000 0.000000 
0.000000 0.013459 0.000000 0.000001 0.011242 0.000000 0.000000 0.000000 0.036154 0.020568 0.918576 
0.000000 0.000000 0.007255 0.142062 0.076091 0.000000 0.000000 0.005018 0.455558 0.000000 0.314015 
0.420210 0.000000 0.028879 0.032053 0.092077 0.000000 0.067428 0.000000 0.303951 0.000000 0.055402 
0.026134 0.000000 0.000000 0.035941 0.008724 0.000000 0.029104 0.000000 0.000103 0.000000 0.899994 
0.000000 0.025287 0.000000 0.132696 0.022919 0.265186 0.000000 0.000000 0.553911 0.000000 0.000000 
0.000000 0.013363 0.000000 0.000001 0.032348 0.108932 0.182651 0.502288 0.148143 0.012275 0.000000 
0.032842 0.000000 0.072197 0.631247 0.019715 0.015653 0.000000 0.008247 0.220098 0.000000 0.000000 
0.025065 0.008934 0.000000 0.475906 0.202807 0.000000 0.147587 0.000000 0.139701 0.000000 0.000000 
0.009644 0.000000 0.238251 0.578562 0.000005 0.000000 0.000000 0.104586 0.037259 0.000000 0.031692 
0.000000 0.000000 0.144103 0.009886 0.004207 0.138819 0.011439 0.344046 0.000114 0.015835 0.331550 
0.000000 0.202674 0.080781 0.180094 0.029892 0.000000 0.317690 0.000000 0.188869 0.000000 0.000000 
0.078881 0.000000 0.295935 0.000001 0.035915 0.000000 0.350922 0.000000 0.210762 0.016327 0.011256 
0.000000 0.000000 0.687134 0.045296 0.000005 0.000000 0.000000 0.174509 0.000102 0.036999 0.055955 
0.000000 0.000000 0.000000 0.020727 0.496745 0.000000 0.000000 0.000000 0.110479 0.000000 0.372049 
0.031255 0.029713 0.244864 0.000001 0.028906 0.000000 0.000000 0.000000 0.309000 0.019825 0.336436 
0.140236 0.625676 0.041152 0.000001 0.013248 0.000000 0.024320 0.092913 0.062454 0.000000 0.000000 
0.000000 0.000000 0.000000 0.000001 0.528426 0.000000 0.049846 0.000000 0.187354 0.000000 0.234374 
0.037703 0.027848 0.000000 0.043084 0.163475 0.000000 0.000000 0.008510 0.699411 0.000000 0.019969 
0.080556 0.008165 0.000000 0.048512 0.152417 0.474364 0.019146 0.000000 0.141903 0.000000 0.074937 
0.000000 0.021577 0.000000 0.013302 0.760528 0.000000 0.000000 0.000000 0.174216 0.016808 0.013568 
0.000000 0.000000 0.050313 0.000001 0.633749 0.000000 0.063568 0.041754 0.210613 0.000000 0.000000 
0.064564 0.000000 0.496538 0.045700 0.000005 0.000000 0.153845 0.161165 0.078183 0.000000 0.000000 
0.036777 0.000000 0.000000 0.944671 0.004368 0.014076 0.000000 0.000000 0.000108 0.000000 0.000000 
0.015466 0.106562 0.804268 0.000001 0.007451 0.000000 0.000000 0.015164 0.022604 0.028483 0.000000 
0.231980 0.042139 0.000000 0.000001 0.087935 0.000000 0.063568 0.000000 0.172867 0.000000 0.401510 
0.000000 0.022155 0.217704 0.060406 0.018988 0.000000 0.000000 0.000000 0.583517 0.046613 0.050617 
0.000000 0.437839 0.262756 0.000001 0.088033 0.000000 0.020023 0.023816 0.028421 0.000000 0.139111 
