-3845713.659378
0
0.000001 0.002408 0.000000 0.000000 0.000000 0.000000 0.000000 0.003594 0.000002 0.053231 0.000000 0.009447 0.000000 0.013028 0.000000 0.000000 0.007172 0.002035 0.012473 0.000003 0.000000 0.000000 0.000000 0.000000 0.000007 0.000000 0.000000 0.000006 0.003979 0.003335 0.014433 0.004090 0.148989 0.139844 0.052218 0.002370 0.000000 0.017864 0.010477 0.000000 0.012224 0.000002 0.012141 0.012367 0.000000 0.015029 0.000001 0.016894 0.002633 0.000000 0.000000 0.000000 0.000000 0.005744 0.000000 0.000000 0.000000 0.000009 0.000000 0.003163 0.000000 0.000000 0.007783 0.009406 0.003163 0.000000 0.005084 0.000004 0.000000 0.000000 0.000000 0.000000 0.000230 0.000171 0.000000 0.000713 0.000000 0.014567 0.003925 0.000000 0.002553 0.129097 0.089266 0.002020 0.000000 0.023399 0.009118 0.026032 0.033915 0.025097 0.000003 0.000003 0.000000 0.000000 0.016312 0.016922 
0.001664 0.003076 0.001015 0.002164 0.000987 0.000979 0.000000 0.001692 0.031460 0.015737 0.092641 0.015365 0.000589 0.003710 0.000000 0.005088 0.007299 0.005253 0.022719 0.002028 0.000000 0.001646 0.000359 0.002710 0.009515 0.022929 0.009062 0.057045 0.000000 0.000000 0.000000 0.000000 0.008752 0.009883 0.090218 0.009400 0.000000 0.002405 0.000687 0.000620 0.005963 0.003708 0.026965 0.003409 0.000000 0.003624 0.004955 0.009141 0.002292 0.005442 0.001929 0.008942 0.000000 0.002912 0.000000 0.001293 0.063640 0.075443 0.137203 0.053792 0.000000 0.002399 0.000572 0.001851 0.011924 0.005904 0.011311 0.004141 0.000000 0.001435 0.000959 0.003002 0.001852 0.003301 0.001083 0.006482 0.000000 0.000000 0.000000 0.000000 0.006904 0.006497 0.039892 0.004781 0.000000 0.000754 0.000000 0.000689 0.005612 0.003372 0.010829 0.003074 0.001092 0.001831 0.000606 0.008496 
0.004304 0.008003 0.000000 0.000000 0.000000 0.000000 0.002828 0.015742 0.011087 0.012605 0.000000 0.014581 0.000000 0.000000 0.000000 0.000000 0.000009 0.000006 0.003202 0.005838 0.000000 0.000471 0.000000 0.000000 0.003132 0.000000 0.000000 0.000009 0.000000 0.005865 0.000000 0.000000 0.011652 0.000421 0.005676 0.015716 0.000000 0.000000 0.000000 0.000001 0.008038 0.000002 0.000005 0.000015 0.000000 0.000001 0.000001 0.002787 0.000003 0.000000 0.000000 0.000000 0.000000 0.000001 0.000000 0.007193 0.012575 0.005240 0.000001 0.000077 0.000000 0.000000 0.000000 0.000000 0.000011 0.000000 0.000001 0.000005 0.000000 0.000000 0.010603 0.000000 0.006741 0.012447 0.000000 0.002582 0.032640 0.000000 0.000000 0.147461 0.378541 0.082859 0.000000 0.156691 0.000000 0.000000 0.000000 0.000001 0.000002 0.007281 0.005040 0.000004 0.000000 0.000000 0.000002 0.000001 
0.005151 0.000000 0.000000 0.000000 0.003320 0.002115 0.000000 0.001864 0.004431 0.006051 0.000000 0.004406 0.011861 0.001618 0.004981 0.017053 0.028115 0.011847 0.020712 0.025429 0.042243 0.006160 0.004736 0.024539 0.004767 0.000543 0.000000 0.003678 0.000998 0.001397 0.000000 0.003362 0.010376 0.006332 0.002694 0.006690 0.003899 0.001100 0.003046 0.001503 0.019027 0.013268 0.019010 0.033107 0.027205 0.007958 0.015108 0.065423 0.009857 0.007750 0.000000 0.004947 0.000000 0.003073 0.000000 0.004110 0.006655 0.006501 0.002477 0.010805 0.002677 0.001878 0.001698 0.000000 0.009837 0.011165 0.011247 0.014417 0.009538 0.000527 0.004829 0.022508 0.021544 0.001374 0.000000 0.031765 0.002906 0.002534 0.000000 0.003838 0.003173 0.009013 0.000000 0.009486 0.022731 0.000000 0.015690 0.009755 0.018767 0.016535 0.011673 0.038935 0.067311 0.009455 0.009875 0.070021 
0.008084 0.000000 0.002926 0.000000 0.015192 0.009125 0.003791 0.013508 0.025968 0.016828 0.005837 0.017071 0.006196 0.006035 0.012645 0.005267 0.047944 0.016796 0.039604 0.031295 0.000000 0.003118 0.005008 0.002485 0.001842 0.000000 0.004516 0.005797 0.008467 0.009343 0.004428 0.011277 0.030308 0.022615 0.010709 0.022260 0.002932 0.001243 0.009266 0.003615 0.017775 0.013983 0.026245 0.020303 0.000000 0.003663 0.007142 0.008504 0.007490 0.007963 0.004772 0.006554 0.006852 0.006966 0.001904 0.006853 0.030764 0.026064 0.007451 0.025262 0.007710 0.002509 0.008432 0.000000 0.021755 0.011416 0.019336 0.017991 0.000000 0.000000 0.006588 0.000000 0.010123 0.013229 0.006111 0.004968 0.000000 0.010900 0.002234 0.007691 0.011949 0.024820 0.000000 0.011346 0.005241 0.005494 0.006194 0.001391 0.023427 0.016937 0.018989 0.019310 0.000000 0.006713 0.006288 0.011055 
0.000000 0.000000 0.000000 0.000322 0.000000 0.000000 0.000000 0.000000 0.000000 0.017310 0.000000 0.004395 0.000874 0.000000 0.000982 0.003556 0.000001 0.000000 0.000001 0.000831 0.000000 0.000000 0.000558 0.000000 0.000968 0.000571 0.000000 0.001446 0.000000 0.000000 0.000000 0.000000 0.070880 0.098638 0.018782 0.085208 0.000000 0.000000 0.000000 0.001632 0.000000 0.000737 0.000000 0.003932 0.000000 0.000000 0.000730 0.000000 0.000000 0.000000 0.000000 0.000000 0.000000 0.000000 0.000000 0.000000 0.000000 0.022482 0.000725 0.017713 0.000000 0.000000 0.000000 0.000000 0.000001 0.000000 0.000000 0.008425 0.000000 0.000000 0.001876 0.000875 0.000922 0.002165 0.000072 0.001469 0.000000 0.000000 0.000000 0.000000 0.125945 0.302316 0.101959 0.089850 0.001109 0.000000 0.000727 0.003484 0.000000 0.000000 0.002142 0.002221 0.000000 0.001164 0.000000 0.000000 
0.009114 0.007702 0.001981 0.004552 0.000000 0.002228 0.000413 0.001282 0.031825 0.014242 0.211069 0.010415 0.003617 0.001013 0.001031 0.006810 0.012840 0.005191 0.007058 0.007820 0.001455 0.001618 0.000371 0.003369 0.004672 0.005950 0.000000 0.000001 0.000000 0.000000 0.000000 0.000000 0.023625 0.021789 0.111095 0.018965 0.000000 0.000000 0.000000 0.000000 0.003079 0.003568 0.003817 0.005872 0.000000 0.001560 0.000688 0.000000 0.007418 0.005424 0.000000 0.002633 0.000000 0.001972 0.000000 0.000000 0.024104 0.027810 0.118367 0.014680 0.000000 0.000000 0.000000 0.000332 0.011356 0.006071 0.003534 0.011566 0.000000 0.000000 0.000000 0.000000 0.011792 0.011508 0.002602 0.011527 0.001632 0.000983 0.000000 0.000000 0.013376 0.018071 0.094651 0.012597 0.005343 0.000796 0.000000 0.001460 0.006534 0.004039 0.008261 0.005200 0.000954 0.000000 0.001710 0.000000 
0.038633 0.036074 0.000000 0.036385 0.009839 0.004658 0.000000 0.010609 0.018705 0.005213 0.009788 0.023316 0.014698 0.014244 0.015331 0.027054 0.016915 0.007780 0.010061 0.023755 0.002513 0.000592 0.007655 0.002209 0.032423 0.022774 0.000000 0.029644 0.007259 0.006913 0.000000 0.008482 0.001849 0.001696 0.002282 0.019109 0.013297 0.020725 0.015996 0.030054 0.005054 0.012315 0.004810 0.011309 0.001804 0.002149 0.007293 0.003783 0.023690 0.013787 0.000000 0.023413 0.003508 0.002553 0.000000 0.006915 0.000000 0.000000 0.005744 0.005407 0.008228 0.008984 0.009155 0.020307 0.004938 0.006142 0.004875 0.009430 0.000781 0.000668 0.007648 0.005827 0.028039 0.014791 0.000000 0.038775 0.005940 0.003933 0.000000 0.007999 0.007765 0.003388 0.000000 0.012052 0.016247 0.013467 0.008880 0.031804 0.004777 0.006354 0.000859 0.010301 0.000000 0.002864 0.006028 0.006687 
0.000000 0.000808 0.000000 0.008117 0.000000 0.000000 0.000000 0.000000 0.000000 0.002525 0.013272 0.003893 0.000000 0.000000 0.000000 0.000000 0.003672 0.005141 0.002336 0.004195 0.000000 0.004420 0.000000 0.015065 0.002575 0.000000 0.000566 0.013523 0.000000 0.000000 0.000000 0.000000 0.001207 0.002458 0.011162 0.003738 0.000000 0.000000 0.000000 0.000000 0.000000 0.002398 0.002029 0.001784 0.002087 0.000000 0.003419 0.017174 0.000000 0.002007 0.000239 0.008261 0.000000 0.000000 0.000000 0.000319 0.000000 0.014180 0.028776 0.016844 0.000000 0.000000 0.000000 0.000000 0.005536 0.010731 0.005690 0.013162 0.000000 0.002199 0.000871 0.002933 0.036424 0.010851 0.003454 0.301926 0.000000 0.000000 0.000000 0.000000 0.004549 0.022525 0.225296 0.039062 0.000000 0.001035 0.000000 0.002893 0.003459 0.010741 0.006869 0.010071 0.005312 0.010288 0.002078 0.063852 
0.003202 0.000000 0.006110 0.011772 0.005598 0.000000 0.000000 0.000001 0.000003 0.000895 0.000000 0.020150 0.000000 0.000000 0.000000 0.016405 0.000009 0.005253 0.000021 0.000005 0.000000 0.000000 0.023324 0.000000 0.001451 0.008182 0.000000 0.051336 0.000000 0.000000 0.000000 0.000000 0.001441 0.000488 0.010879 0.006165 0.000000 0.000000 0.001703 0.004943 0.009151 0.000002 0.000006 0.000015 0.000000 0.036242 0.000001 0.046897 0.018195 0.000000 0.000000 0.000000 0.000000 0.004462 0.000000 0.000000 0.000001 0.000013 0.000001 0.000130 0.000000 0.000000 0.000000 0.007326 0.023350 0.000000 0.000001 0.000005 0.000000 0.000000 0.000000 0.000000 0.054677 0.006678 0.000000 0.393441 0.000000 0.000000 0.000000 0.000000 0.010927 0.025762 0.059882 0.048656 0.000000 0.000000 0.000000 0.000001 0.000002 0.006518 0.000004 0.000005 0.000000 0.000000 0.000002 0.068307 
0.038216 0.030687 0.023293 0.022785 0.007813 0.004468 0.003343 0.003007 0.010575 0.007570 0.000000 0.001675 0.002887 0.001624 0.009539 0.000000 0.006479 0.000542 0.007552 0.000000 0.000000 0.000000 0.000000 0.000000 0.052320 0.070822 0.011275 0.046724 0.010528 0.009157 0.007535 0.008204 0.023259 0.016895 0.007550 0.019570 0.006670 0.009790 0.039165 0.008753 0.005304 0.000330 0.011558 0.004437 0.000000 0.000779 0.004011 0.001109 0.043374 0.048398 0.026933 0.027036 0.007368 0.009407 0.007588 0.004706 0.008692 0.008180 0.000000 0.008580 0.007562 0.004196 0.015832 0.001716 0.006075 0.000000 0.004166 0.000454 0.000000 0.000000 0.000000 0.000000 0.035931 0.061795 0.012562 0.041129 0.000000 0.009595 0.003469 0.000000 0.000610 0.006017 0.000000 0.006947 0.002859 0.003457 0.008498 0.000000 0.001739 0.000000 0.004142 0.000628 0.000589 0.000000 0.001967 0.000000 
0.015313 0.010869 0.004078 0.008208 0.033661 0.017539 0.009122 0.031806 0.018545 0.009643 0.002802 0.011961 0.005318 0.004178 0.004769 0.000000 0.011052 0.010367 0.010787 0.012782 0.000000 0.001485 0.011361 0.007414 0.013213 0.015505 0.003394 0.008311 0.023208 0.017370 0.006864 0.035365 0.020084 0.009659 0.004398 0.017094 0.005989 0.008328 0.010828 0.009937 0.008098 0.015492 0.008238 0.011290 0.000000 0.007551 0.010833 0.005638 0.001849 0.008724 0.001485 0.007917 0.018588 0.013341 0.002459 0.024844 0.024041 0.012148 0.000000 0.012992 0.002880 0.003558 0.008392 0.003841 0.007672 0.005387 0.006168 0.004875 0.005192 0.007109 0.020083 0.005019 0.003883 0.019424 0.002031 0.000179 0.024871 0.031153 0.004682 0.048526 0.012339 0.017969 0.000000 0.009045 0.000000 0.008194 0.003252 0.006564 0.010129 0.012845 0.007530 0.008597 0.000000 0.007392 0.013260 0.009824 
0.000000 0.000000 0.000000 0.000000 0.000000 0.000000 0.000000 0.000000 0.006734 0.002990 0.004399 0.002687 0.000000 0.000000 0.000643 0.000000 0.001249 0.000398 0.000673 0.001262 0.000000 0.000000 0.000466 0.000588 0.000001 0.000000 0.000000 0.000392 0.000000 0.000000 0.000000 0.000000 0.015785 0.004096 0.005314 0.007462 0.000000 0.000530 0.000000 0.000756 0.000000 0.000168 0.000306 0.000162 0.000000 0.000000 0.000000 0.000000 0.000388 0.000000 0.000000 0.000000 0.000000 0.000000 0.000000 0.000000 0.007456 0.002099 0.001136 0.003047 0.000000 0.000000 0.000000 0.000000 0.000077 0.000000 0.000000 0.000330 0.000121 0.000000 0.000000 0.000000 0.015461 0.006668 0.002253 0.011751 0.037695 0.000000 0.001677 0.064709 0.423766 0.081911 0.050329 0.230950 0.000000 0.000000 0.000000 0.000000 0.000000 0.000000 0.000000 0.000789 0.000000 0.000000 0.000325 0.000000 
0.000000 0.087104 0.000000 0.019326 0.000000 0.031326 0.322604 0.235765 0.000000 0.000000 0.159713 0.018844 0.125319 
0.000000 0.000000 0.034899 0.005818 0.000000 0.000000 0.000002 0.000212 0.000000 0.000000 0.011060 0.000000 0.948008 
0.000000 0.072091 0.000000 0.040100 0.219728 0.018187 0.036730 0.463316 0.000000 0.000000 0.079105 0.051756 0.018988 
0.031647 0.000000 0.000000 0.000005 0.026436 0.559178 0.000002 0.035110 0.291603 0.000000 0.025215 0.011742 0.019062 
0.000000 0.024656 0.000000 0.000005 0.000000 0.016366 0.027953 0.003476 0.867493 0.054364 0.005688 0.000000 0.000000 
0.000000 0.265634 0.000000 0.422611 0.000000 0.165495 0.021764 0.124495 0.000000 0.000000 0.000000 0.000000 0.000000 
0.000000 0.000000 0.004604 0.135684 0.000000 0.000000 0.020056 0.120110 0.000000 0.000000 0.658127 0.061418 0.000000 
0.000000 0.000000 0.000000 0.047775 0.362108 0.044142 0.019841 0.201587 0.000000 0.000000 0.000000 0.012201 0.312346 
0.030956 0.000000 0.000000 0.056675 0.144784 0.000000 0.000002 0.298307 0.018030 0.000000 0.000000 0.300800 0.150445 
0.017017 0.335438 0.000000 0.021782 0.000000 0.030200 0.043264 0.272319 0.027872 0.000000 0.205150 0.046958 0.000000 
0.000000 0.000000 0.000000 0.048882 0.000000 0.000000 0.000002 0.031408 0.816762 0.046893 0.047603 0.008450 0.000000 
0.006618 0.322127 0.011337 0.036173 0.000000 0.000000 0.000002 0.193711 0.052713 0.000000 0.000000 0.377318 0.000000 
0.000000 0.000000 0.000000 0.021382 0.000000 0.000000 0.038879 0.618893 0.000000 0.000000 0.204713 0.116134 0.000000 
0.000000 0.073583 0.000000 0.523401 0.000000 0.000000 0.174456 0.166475 0.029324 0.000000 0.000000 0.032761 0.000000 
0.000000 0.000000 0.021206 0.000004 0.047290 0.176125 0.229492 0.107807 0.000000 0.000000 0.393544 0.024532 0.000000 
0.005931 0.000000 0.000000 0.035652 0.204138 0.000000 0.032141 0.191837 0.379329 0.000000 0.000000 0.150971 0.000000 
0.000000 0.000000 0.000000 0.000005 0.000000 0.000000 0.000002 0.058873 0.871229 0.043565 0.012523 0.009683 0.004121 
0.000000 0.000000 0.000000 0.407660 0.000000 0.000000 0.033434 0.162026 0.000000 0.000000 0.300078 0.096801 0.000000 
0.037082 0.021512 0.000000 0.003266 0.000000 0.869499 0.024003 0.012737 0.000000 0.000000 0.022471 0.000000 0.009430 
0.000000 0.000000 0.011087 0.458982 0.056507 0.000000 0.035741 0.189976 0.000000 0.000000 0.247708 0.000000 0.000000 
0.000000 0.011536 0.000000 0.144800 0.000000 0.000000 0.021367 0.246734 0.000000 0.000000 0.108738 0.000000 0.466825 
0.000000 0.048218 0.000000 0.083329 0.000000 0.000000 0.183428 0.051412 0.572448 0.000000 0.028429 0.000000 0.032734 
0.000000 0.022819 0.000000 0.408799 0.000000 0.000000 0.034327 0.493855 0.000000 0.000000 0.040200 0.000000 0.000000 
0.000000 0.007952 0.000000 0.036222 0.000000 0.042068 0.000002 0.211430 0.000000 0.000000 0.346640 0.355687 0.000000 
0.049016 0.000000 0.000000 0.000004 0.000000 0.593248 0.000002 0.003540 0.329351 0.006275 0.000000 0.000000 0.018564 
0.000000 0.142505 0.000000 0.045332 0.340535 0.033453 0.275516 0.146800 0.000000 0.000000 0.000000 0.000000 0.015859 
0.014321 0.000000 0.000000 0.124408 0.000000 0.790805 0.015212 0.047373 0.000000 0.000000 0.000000 0.007880 0.000000 
0.000000 0.000000 0.000000 0.000005 0.000000 0.209007 0.172113 0.093891 0.239076 0.021814 0.245068 0.019026 0.000000 
0.000000 0.000000 0.000000 0.300437 0.063880 0.449977 0.020233 0.130691 0.000000 0.000000 0.000000 0.034781 0.000000 
0.030598 0.000000 0.000000 0.005510 0.000000 0.611357 0.000002 0.024917 0.176345 0.031813 0.112649 0.006809 0.000000 
0.000000 0.000000 0.000000 0.127663 0.000000 0.000000 0.002203 0.060190 0.000000 0.000000 0.000000 0.029444 0.780500 
0.029492 0.000000 0.000000 0.025324 0.000000 0.281649 0.032172 0.542847 0.000000 0.000000 0.041786 0.046729 0.000000 
0.000000 0.015620 0.000000 0.083296 0.586938 0.000000 0.051274 0.238529 0.000000 0.024344 0.000000 0.000000 0.000000 
0.010407 0.000000 0.000000 0.055438 0.360160 0.000000 0.026042 0.190961 0.332797 0.000000 0.000000 0.000000 0.024194 
0.074772 0.000000 0.000000 0.000004 0.000000 0.915860 0.000001 0.000212 0.000000 0.000000 0.000000 0.000000 0.009151 
0.000000 0.784942 0.000000 0.000005 0.064235 0.131501 0.000002 0.019315 0.000000 0.000000 0.000000 0.000000 0.000000 
0.019319 0.069206 0.000000 0.015981 0.061371 0.000000 0.471563 0.352204 0.000000 0.000000 0.000000 0.000000 0.010355 
0.007432 0.060576 0.007662 0.065749 0.440970 0.000000 0.000002 0.168952 0.214517 0.034139 0.000000 0.000000 0.000000 
0.019796 0.000000 0.000000 0.055448 0.000000 0.177210 0.000002 0.252339 0.000000 0.000000 0.047063 0.448142 0.000000 
0.000000 0.032706 0.012027 0.039021 0.049170 0.000000 0.558034 0.168087 0.000000 0.000000 0.000000 0.140955 0.000000 
0.010051 0.131778 0.048248 0.049447 0.000000 0.000000 0.095866 0.564453 0.000000 0.000000 0.034162 0.000000 0.065996 
0.000000 0.046463 0.020286 0.044082 0.028921 0.000000 0.251431 0.208706 0.015948 0.000000 0.027073 0.357091 0.000000 
0.025566 0.000000 0.000000 0.658292 0.028495 0.000000 0.046919 0.210858 0.000000 0.000000 0.023966 0.000000 0.005904 
0.000000 0.000000 0.000000 0.067785 0.000000 0.000000 0.042012 0.661295 0.000000 0.000000 0.228908 0.000000 0.000000 
0.000000 0.000000 0.054498 0.029117 0.042240 0.011078 0.145206 0.037073 0.000000 0.000000 0.000000 0.000000 0.680788 
0.000000 0.034357 0.000000 0.008162 0.023382 0.641797 0.000002 0.020367 0.037996 0.000000 0.000000 0.000000 0.233937 
0.020726 0.070064 0.000000 0.049456 0.047447 0.167772 0.261401 0.101643 0.000000 0.000000 0.190163 0.000000 0.091328 
0.000000 0.036720 0.000000 0.063704 0.000000 0.000000 0.017924 0.423892 0.000000 0.000000 0.000000 0.457760 0.000000 
0.000000 0.035912 0.000000 0.018371 0.042713 0.000000 0.309692 0.544865 0.000000 0.023440 0.025007 0.000000 0.000000 
0.015827 0.000000 0.000000 0.268560 0.030538 0.000000 0.015260 0.260093 0.000000 0.000000 0.086976 0.322745 0.000000 
0.000000 0.000000 0.000000 0.033660 0.000000 0.063283 0.057989 0.736538 0.033648 0.000000 0.067699 0.000000 0.007182 
0.000000 0.485984 0.000000 0.000005 0.000000 0.000000 0.000002 0.036436 0.079076 0.000000 0.353087 0.021500 0.023910 
0.000000 0.000000 0.000000 0.000004 0.023698 0.000000 0.016234 0.032692 0.090824 0.000000 0.167006 0.013409 0.656134 
0.037977 0.000000 0.000000 0.016863 0.023117 0.834789 0.000002 0.008043 0.000000 0.015302 0.000000 0.000000 0.063906 
0.000000 0.000000 0.000000 0.000004 0.000000 0.000000 0.023303 0.106889 0.000000 0.000000 0.802718 0.067087 0.000000 
0.000000 0.000000 0.000000 0.000004 0.000000 0.005148 0.003698 0.149245 0.000000 0.000000 0.777255 0.064650 0.000000 
0.000000 0.928518 0.000000 0.000005 0.000000 0.000000 0.000002 0.056879 0.000000 0.000000 0.000000 0.000000 0.014595 
0.000000 0.008453 0.000000 0.051884 0.607362 0.000000 0.045830 0.226806 0.050063 0.000000 0.000000 0.009602 0.000000 
0.089915 0.000000 0.000000 0.000004 0.000000 0.894271 0.004857 0.004929 0.000000 0.000000 0.000000 0.000000 0.006024 
0.008318 0.022401 0.000000 0.072758 0.501753 0.000000 0.193916 0.200852 0.000000 0.000000 0.000000 0.000000 0.000000 
0.000000 0.000000 0.000000 0.011887 0.051375 0.000000 0.137572 0.044311 0.692877 0.048769 0.000000 0.008926 0.004284 
0.000000 0.981971 0.000000 0.000005 0.000000 0.000000 0.015894 0.002130 0.000000 0.000000 0.000000 0.000000 0.000000 
0.000000 0.000000 0.000000 0.383921 0.147661 0.007970 0.045769 0.296878 0.077821 0.000000 0.033878 0.000000 0.006102 
0.020960 0.033664 0.022867 0.068561 0.000000 0.045740 0.413732 0.188319 0.000000 0.000000 0.000000 0.206156 0.000000 
0.000000 0.000000 0.000000 0.038946 0.000000 0.006258 0.000002 0.272812 0.000000 0.000000 0.237530 0.444453 0.000000 
0.008741 0.109842 0.004420 0.318772 0.342851 0.000000 0.000002 0.199196 0.016175 0.000000 0.000000 0.000000 0.000000 
0.000000 0.000000 0.000000 0.000005 0.000000 0.019860 0.000002 0.014220 0.912513 0.042688 0.010712 0.000000 0.000000 
0.000000 0.066357 0.020214 0.010350 0.021546 0.000000 0.022675 0.425630 0.014276 0.000000 0.394846 0.024106 0.000000 
0.000000 0.013814 0.072036 0.127659 0.038043 0.000000 0.000002 0.167708 0.000000 0.000000 0.012059 0.306705 0.261974 
0.000000 0.028964 0.000000 0.265316 0.000000 0.076034 0.000002 0.118126 0.000000 0.000000 0.473498 0.038061 0.000000 
0.000000 0.000000 0.000000 0.045617 0.255591 0.000000 0.172392 0.176884 0.000000 0.000000 0.000000 0.000000 0.349516 
0.009412 0.040216 0.011686 0.020706 0.058004 0.000000 0.420645 0.086118 0.014415 0.000000 0.338798 0.000000 0.000000 
0.000000 0.000000 0.000000 0.534538 0.000000 0.000000 0.163546 0.214699 0.000000 0.048988 0.000000 0.038229 0.000000 
0.000000 0.143612 0.000000 0.006911 0.083653 0.000000 0.015968 0.039576 0.632737 0.057053 0.000000 0.020490 0.000000 
0.000000 0.555035 0.000000 0.161367 0.000000 0.000000 0.000002 0.082924 0.000000 0.000000 0.012871 0.018118 0.169682 
0.000000 0.000000 0.000000 0.000004 0.000000 0.000000 0.000002 0.012584 0.957396 0.030013 0.000000 0.000000 0.000000 
0.000000 0.000000 0.000000 0.036759 0.334292 0.173283 0.249769 0.128887 0.000000 0.043370 0.033640 0.000000 0.000000 
0.025517 0.000000 0.000000 0.049152 0.000000 0.059481 0.252660 0.568459 0.000000 0.000000 0.044730 0.000000 0.000000 
0.000000 0.000000 0.000000 0.000005 0.017253 0.000000 0.030105 0.634731 0.000000 0.014949 0.124243 0.000000 0.178714 
0.000000 0.682606 0.000000 0.000005 0.000000 0.000000 0.000002 0.019048 0.000000 0.021096 0.000000 0.011461 0.265782 
0.010620 0.123099 0.000000 0.061257 0.463865 0.000000 0.075935 0.213184 0.000000 0.000000 0.000000 0.052039 0.000000 
0.000000 0.531100 0.000000 0.000005 0.044210 0.000000 0.328136 0.096548 0.000000 0.000000 0.000000 0.000000 0.000000 
0.000000 0.011649 0.000000 0.000005 0.000000 0.000000 0.000002 0.009043 0.868129 0.086756 0.019331 0.005086 0.000000 
0.026763 0.053017 0.000000 0.373406 0.000000 0.261541 0.000002 0.153991 0.000000 0.000000 0.077435 0.053846 0.000000 
0.047342 0.000000 0.000000 0.015579 0.000000 0.731730 0.016743 0.170314 0.000000 0.000000 0.018290 0.000000 0.000000 
0.060884 0.000000 0.014997 0.063851 0.000000 0.474445 0.005089 0.074599 0.000000 0.000000 0.278031 0.028104 0.000000 
0.000000 0.126703 0.000000 0.031375 0.046892 0.000000 0.656462 0.074416 0.000000 0.000000 0.000000 0.064152 0.000000 
0.037725 0.032700 0.011696 0.000006 0.032911 0.218836 0.576608 0.089519 0.000000 0.000000 0.000000 0.000000 0.000000 
0.000000 0.222066 0.000000 0.122431 0.000000 0.000000 0.000002 0.063078 0.363502 0.066563 0.000000 0.035443 0.126916 
0.007893 0.000000 0.000000 0.230320 0.000000 0.135369 0.023178 0.148298 0.000000 0.000000 0.400938 0.028297 0.025706 
0.000000 0.000000 0.026646 0.073347 0.503276 0.040887 0.056067 0.275968 0.000000 0.000000 0.023809 0.000000 0.000000 
0.000000 0.000000 0.047720 0.008259 0.028284 0.065903 0.000002 0.025453 0.038947 0.000000 0.004815 0.000000 0.780617 
0.038474 0.026106 0.000000 0.133353 0.000000 0.293568 0.415159 0.063586 0.000000 0.000000 0.012052 0.017701 0.000000 
0.000000 0.000000 0.000000 0.162655 0.043199 0.024756 0.010442 0.086230 0.660439 0.012279 0.000000 0.000000 0.000000 
0.000000 0.000000 0.055806 0.074187 0.000000 0.000000 0.005015 0.028358 0.000000 0.000000 0.015398 0.000000 0.821236 
0.000000 0.091440 0.019416 0.050367 0.077448 0.000000 0.665435 0.095894 0.000000 0.000000 0.000000 0.000000 0.000000 
0.000000 0.000000 0.030594 0.071572 0.094446 0.000000 0.054918 0.535049 0.000000 0.000000 0.023668 0.189753 0.000000 
0.000000 0.036727 0.000000 0.026310 0.062372 0.000000 0.754168 0.120422 0.000000 0.000000 0.000000 0.000000 0.000000 
0.000000 0.602256 0.000000 0.008118 0.132781 0.000000 0.000002 0.052899 0.203945 0.000000 0.000000 0.000000 0.000000 
0.000000 0.000000 0.000000 0.000005 0.000000 0.026840 0.002599 0.316494 0.000000 0.000000 0.198714 0.000000 0.455348 
0.000000 0.019877 0.021821 0.050402 0.000000 0.000000 0.086766 0.131524 0.000000 0.034804 0.424035 0.023449 0.207323 
0.000000 0.000000 0.000000 0.146795 0.051790 0.129741 0.050940 0.549224 0.000000 0.000000 0.071510 0.000000 0.000000 
0.000000 0.000000 0.000000 0.312885 0.356787 0.016743 0.047770 0.243223 0.000000 0.000000 0.000000 0.022593 0.000000 
0.000000 0.000000 0.009473 0.459406 0.000000 0.000000 0.033719 0.382967 0.080976 0.000000 0.033459 0.000000 0.000000 
0.000000 0.000000 0.000000 0.055019 0.000000 0.075333 0.000002 0.232241 0.063591 0.000000 0.025199 0.548616 0.000000 
0.038679 0.000000 0.006327 0.000004 0.027665 0.908095 0.000002 0.019228 0.000000 0.000000 0.000000 0.000000 0.000000 
0.000000 0.444119 0.000000 0.280176 0.000000 0.000000 0.009685 0.081714 0.184305 0.000000 0.000000 0.000000 0.000000 
0.000000 0.000000 0.000000 0.048162 0.328585 0.000000 0.069408 0.495751 0.000000 0.021323 0.036771 0.000000 0.000000 
0.063586 0.000000 0.000000 0.005096 0.017831 0.884707 0.016366 0.012414 0.000000 0.000000 0.000000 0.000000 0.000000 
0.000000 0.000000 0.000000 0.000005 0.000000 0.466153 0.034603 0.101473 0.297443 0.047141 0.053180 0.000000 0.000000 
0.017548 0.000000 0.000000 0.063710 0.418698 0.000000 0.055706 0.248281 0.111489 0.000000 0.000000 0.084569 0.000000 
0.000000 0.000000 0.000000 0.074082 0.419374 0.000000 0.125246 0.187526 0.048732 0.000000 0.000000 0.000000 0.145040 
0.000000 0.101193 0.000000 0.069367 0.531058 0.000000 0.051128 0.217017 0.000000 0.018478 0.000000 0.011759 0.000000 
0.000000 0.201845 0.000000 0.000005 0.047782 0.000000 0.477392 0.089046 0.000000 0.000000 0.179408 0.000000 0.004522 
0.000000 0.000000 0.000000 0.000003 0.000000 0.000000 0.000002 0.010972 0.000000 0.000000 0.000000 0.006447 0.982576 
0.000000 0.000000 0.000000 0.016127 0.175642 0.000000 0.162820 0.209964 0.000000 0.000000 0.435446 0.000000 0.000000 
0.028515 0.062737 0.000000 0.008527 0.000000 0.030435 0.734025 0.054770 0.000000 0.014897 0.019346 0.022605 0.024142 
0.000000 0.073230 0.008767 0.008000 0.062393 0.034132 0.626395 0.072523 0.114559 0.000000 0.000000 0.000000 0.000000 
0.000000 0.450357 0.000000 0.032722 0.000000 0.000000 0.088664 0.203093 0.000000 0.000000 0.013124 0.212040 0.000000 
0.060373 0.065695 0.014021 0.003304 0.000000 0.839261 0.013379 0.003967 0.000000 0.000000 0.000000 0.000000 0.000000 
0.035829 0.050663 0.000000 0.096174 0.000000 0.000000 0.614552 0.165788 0.000000 0.024249 0.000000 0.000000 0.012746 
0.000000 0.000000 0.000000 0.000004 0.000000 0.000000 0.000002 0.112640 0.162592 0.021292 0.644209 0.059260 0.000000 
0.060635 0.000000 0.000000 0.004367 0.034367 0.765962 0.000002 0.127112 0.000000 0.000000 0.000000 0.007555 0.000000 
0.000000 0.000000 0.000000 0.045115 0.000000 0.020168 0.012081 0.227902 0.192754 0.000000 0.000000 0.501980 0.000000 
0.000000 0.000000 0.000000 0.015589 0.000000 0.000000 0.059400 0.076305 0.599518 0.085070 0.015162 0.000000 0.148956 
0.028283 0.000000 0.000000 0.000004 0.000000 0.419148 0.011499 0.012545 0.512240 0.000000 0.000000 0.016280 0.000000 
0.000000 0.126133 0.000000 0.013321 0.133260 0.000000 0.380162 0.201862 0.015678 0.000000 0.042561 0.070019 0.017004 
0.000000 0.000000 0.000000 0.039782 0.360848 0.000000 0.072296 0.135821 0.210802 0.036975 0.034211 0.000000 0.109265 
0.014490 0.000000 0.000000 0.040942 0.391473 0.000000 0.022374 0.185433 0.345288 0.000000 0.000000 0.000000 0.000000 
0.000000 0.000000 0.000000 0.000005 0.050798 0.000000 0.009710 0.286514 0.176280 0.000000 0.476693 0.000000 0.000000 
0.000000 0.000000 0.000000 0.030133 0.153332 0.031578 0.009210 0.243251 0.000000 0.000000 0.000000 0.080892 0.451603 
0.000000 0.577393 0.032920 0.017187 0.000000 0.000000 0.050048 0.236682 0.000000 0.000000 0.014996 0.023273 0.047502 
0.000000 0.000000 0.000000 0.011510 0.000000 0.079713 0.058365 0.711461 0.000000 0.000000 0.046468 0.000000 0.092483 
0.000000 0.000000 0.044343 0.050635 0.564092 0.000000 0.068341 0.218558 0.000000 0.010686 0.000000 0.043344 0.000000 
0.008775 0.000000 0.000000 0.078724 0.000000 0.000000 0.132883 0.696182 0.000000 0.000000 0.083436 0.000000 0.000000 
0.000000 0.020965 0.007063 0.018256 0.043738 0.000000 0.000002 0.160235 0.000000 0.000000 0.591291 0.158451 0.000000 
0.000000 0.222388 0.006628 0.009389 0.231815 0.107748 0.042809 0.143099 0.000000 0.000000 0.180091 0.056033 0.000000 
0.000000 0.025403 0.000000 0.073196 0.020441 0.000000 0.036987 0.672998 0.107839 0.000000 0.063136 0.000000 0.000000 
0.040971 0.000000 0.000000 0.060988 0.332659 0.140079 0.039138 0.156492 0.229671 0.000000 0.000000 0.000000 0.000000 
0.000000 0.027168 0.000000 0.054238 0.494282 0.011159 0.043508 0.228872 0.000000 0.000000 0.000000 0.017821 0.122951 
0.044861 0.000000 0.052691 0.034390 0.117693 0.694050 0.000002 0.041523 0.000000 0.000000 0.014789 0.000000 0.000000 
0.098375 0.000000 0.026988 0.002767 0.017118 0.674549 0.003901 0.080880 0.024802 0.000000 0.000000 0.070619 0.000000 
0.000000 0.329942 0.000000 0.002480 0.048198 0.601275 0.000002 0.009097 0.000000 0.000000 0.000000 0.000000 0.009005 
0.014754 0.055529 0.000000 0.493597 0.000000 0.000000 0.011529 0.228498 0.000000 0.000000 0.000000 0.196093 0.000000 
0.000000 0.021481 0.000000 0.161764 0.000000 0.026106 0.212604 0.142142 0.007994 0.000000 0.369899 0.041336 0.016674 
0.000000 0.000000 0.000000 0.359300 0.157602 0.000000 0.040165 0.149139 0.000000 0.000000 0.000000 0.032483 0.261311 
0.000000 0.000000 0.000000 0.464291 0.035568 0.000000 0.157550 0.291089 0.000000 0.000000 0.000000 0.000000 0.051502 
0.000000 0.000000 0.000000 0.438180 0.040221 0.000000 0.055875 0.382797 0.017405 0.000000 0.009060 0.056462 0.000000 
0.000000 0.000000 0.000000 0.051637 0.092395 0.000000 0.279193 0.185470 0.000000 0.000000 0.099022 0.292283 0.000000 
0.000000 0.000000 0.000000 0.171392 0.016756 0.132053 0.009305 0.088145 0.137941 0.028589 0.000000 0.029781 0.386038 
0.000000 0.023629 0.113739 0.004176 0.000000 0.000000 0.000002 0.079270 0.000000 0.000000 0.188679 0.000000 0.590505 
0.031361 0.000000 0.019482 0.029846 0.000000 0.228841 0.019378 0.464867 0.000000 0.000000 0.024342 0.181882 0.000000 
0.000000 0.138451 0.000000 0.242643 0.359399 0.013876 0.000002 0.190164 0.000000 0.000000 0.000000 0.055465 0.000000 
0.000000 0.161698 0.054280 0.000005 0.000000 0.000000 0.000002 0.028739 0.000000 0.006132 0.000000 0.006569 0.742574 
0.000000 0.733724 0.000000 0.019946 0.000000 0.000000 0.000002 0.056108 0.000000 0.000000 0.150574 0.039646 0.000000 
0.000000 0.000000 0.000000 0.042922 0.027203 0.021476 0.000002 0.281045 0.000000 0.000000 0.150755 0.476598 0.000000 
0.000000 0.000000 0.000000 0.036771 0.313028 0.062875 0.026015 0.219487 0.000000 0.000000 0.254536 0.059831 0.027457 
0.000000 0.000000 0.000000 0.027509 0.201216 0.000000 0.015323 0.082656 0.590110 0.069071 0.000000 0.014115 0.000000 
0.000000 0.023313 0.000000 0.016210 0.000000 0.000000 0.000002 0.033278 0.898842 0.028354 0.000000 0.000000 0.000000 
0.000000 0.000000 0.000000 0.000004 0.000000 0.000000 0.199427 0.053865 0.006759 0.000000 0.665413 0.074532 0.000000 
0.000000 0.454008 0.000000 0.027350 0.362175 0.000000 0.023128 0.122780 0.000000 0.000000 0.000000 0.010558 0.000000 
0.032090 0.000000 0.009520 0.037388 0.000000 0.000000 0.046101 0.789697 0.000000 0.017646 0.067558 0.000000 0.000000 
0.000000 0.000000 0.000000 0.125722 0.000000 0.000000 0.000002 0.198246 0.405076 0.000000 0.000000 0.270953 0.000000 
0.000000 0.039996 0.122458 0.000005 0.000000 0.000000 0.249244 0.132329 0.183437 0.028844 0.243686 0.000000 0.000000 
0.020564 0.000000 0.000000 0.050615 0.000000 0.000000 0.012014 0.434561 0.000000 0.000000 0.000000 0.482245 0.000000 
0.000000 0.000000 0.000000 0.385642 0.085967 0.003201 0.044075 0.206234 0.000000 0.000000 0.274880 0.000000 0.000000 
0.000000 0.000000 0.000000 0.007051 0.000000 0.000000 0.014884 0.222086 0.000000 0.000000 0.221300 0.000000 0.534679 
0.000000 0.000000 0.028016 0.012384 0.141229 0.000000 0.000002 0.082243 0.000000 0.000000 0.196448 0.000000 0.539678 
0.000000 0.037868 0.000000 0.063940 0.045925 0.000000 0.000002 0.074092 0.661088 0.009157 0.000000 0.024085 0.083843 
0.013041 0.345136 0.000000 0.000005 0.000000 0.211913 0.000002 0.014622 0.000000 0.000000 0.000000 0.000000 0.415281 
0.000000 0.000000 0.000000 0.011238 0.256888 0.327296 0.152561 0.125424 0.126593 0.000000 0.000000 0.000000 0.000000 
0.026548 0.000000 0.000000 0.587493 0.000000 0.133932 0.019330 0.175689 0.000000 0.000000 0.009532 0.047476 0.000000 
0.000000 0.000000 0.000000 0.015177 0.000000 0.026645 0.006044 0.058781 0.000000 0.000000 0.135046 0.044151 0.714157 
0.000000 0.078184 0.000000 0.041256 0.270445 0.000000 0.129272 0.143107 0.313651 0.024085 0.000000 0.000000 0.000000 
0.000000 0.979524 0.000000 0.000007 0.000000 0.000000 0.000002 0.020467 0.000000 0.000000 0.000000 0.000000 0.000000 
0.000000 0.019383 0.000000 0.000005 0.000000 0.000000 0.000002 0.143644 0.000000 0.015901 0.723051 0.098014 0.000000 
0.000000 0.000000 0.000000 0.495091 0.000000 0.000000 0.036154 0.151235 0.000000 0.000000 0.007772 0.000000 0.309748 
0.000000 0.000000 0.000000 0.051995 0.000000 0.020584 0.000002 0.239903 0.174440 0.000000 0.000000 0.513076 0.000000 
0.000000 0.000000 0.000000 0.001559 0.000000 0.030065 0.003327 0.136285 0.000000 0.000000 0.071009 0.000000 0.757754 
0.000000 0.000000 0.000000 0.474768 0.068887 0.000000 0.261099 0.154520 0.000000 0.032649 0.000000 0.000000 0.008077 
0.000000 0.000000 0.000000 0.132095 0.182282 0.062277 0.079277 0.153773 0.130154 0.000000 0.000000 0.080042 0.180100 
0.000000 0.091081 0.011925 0.012128 0.050582 0.000000 0.750340 0.083944 0.000000 0.000000 0.000000 0.000000 0.000000 
0.000000 0.724534 0.000000 0.000005 0.000000 0.096909 0.000002 0.024395 0.000000 0.000000 0.121290 0.032864 0.000000 
0.000000 0.016138 0.000000 0.000006 0.013714 0.103384 0.000002 0.205653 0.000000 0.000000 0.603912 0.057192 0.000000 
0.000000 0.026313 0.013116 0.030268 0.271285 0.000000 0.000002 0.218015 0.000000 0.000000 0.365736 0.075265 0.000000 
0.074097 0.217686 0.000000 0.000004 0.000000 0.652027 0.000002 0.023139 0.000000 0.004025 0.000000 0.029020 0.000000 
0.030044 0.072418 0.000000 0.245789 0.000000 0.549791 0.049056 0.042672 0.000000 0.000000 0.000000 0.010230 0.000000 
0.000000 0.000000 0.000000 0.000005 0.000000 0.000000 0.000002 0.000652 0.934037 0.061936 0.000000 0.003369 0.000000 
0.000000 0.088641 0.000000 0.000004 0.056477 0.000000 0.572435 0.101431 0.000000 0.000000 0.181012 0.000000 0.000000 
0.000000 0.000000 0.015632 0.021137 0.154472 0.000000 0.272864 0.135667 0.391808 0.008420 0.000000 0.000000 0.000000 
0.000000 0.000000 0.000000 0.342043 0.000000 0.363492 0.054389 0.100956 0.139120 0.000000 0.000000 0.000000 0.000000 
0.000000 0.080583 0.000000 0.019506 0.031281 0.000000 0.058030 0.646867 0.000000 0.000000 0.027090 0.000000 0.136643 
0.049137 0.000000 0.000000 0.019288 0.000000 0.211438 0.045894 0.384398 0.000000 0.000000 0.025111 0.095306 0.169428 
0.000000 0.424520 0.000000 0.176890 0.000000 0.156854 0.000002 0.104954 0.018406 0.000000 0.000000 0.118373 0.000000 
0.041243 0.030797 0.050745 0.303269 0.169644 0.000000 0.000002 0.254484 0.000000 0.000000 0.000000 0.149817 0.000000 
0.000000 0.000000 0.036629 0.513513 0.106593 0.000000 0.059013 0.182202 0.030974 0.000000 0.071077 0.000000 0.000000 
0.000000 0.805531 0.057578 0.000004 0.016975 0.000000 0.000002 0.011632 0.000000 0.016328 0.000000 0.000000 0.091950 
0.000000 0.045593 0.000000 0.006171 0.000000 0.052690 0.000002 0.026388 0.074728 0.000000 0.000000 0.038721 0.755707 
0.000000 0.000000 0.000000 0.051578 0.031911 0.000000 0.070564 0.061331 0.384092 0.053399 0.000000 0.000000 0.347125 
0.000000 0.146917 0.000000 0.023583 0.095240 0.000000 0.023484 0.614126 0.000000 0.011348 0.085302 0.000000 0.000000 
0.009417 0.111598 0.000000 0.000006 0.091487 0.000000 0.059190 0.112834 0.000000 0.000000 0.273922 0.000000 0.341546 
0.010396 0.034211 0.000000 0.252063 0.000000 0.000000 0.548737 0.116260 0.000000 0.000000 0.000000 0.038333 0.000000 
0.000000 0.012993 0.000000 0.103193 0.000000 0.000000 0.000002 0.041506 0.455538 0.026589 0.000000 0.016139 0.344040 
0.000000 0.053431 0.000000 0.062070 0.036760 0.000000 0.000002 0.513915 0.031011 0.000000 0.000000 0.302810 0.000000 
0.000000 0.000000 0.000000 0.014176 0.000000 0.000000 0.052740 0.871109 0.000000 0.000000 0.061976 0.000000 0.000000 
0.046783 0.000000 0.000000 0.011006 0.039019 0.813429 0.008305 0.040030 0.000000 0.000000 0.008373 0.033054 0.000000 
0.000000 0.046721 0.031458 0.044471 0.000000 0.017661 0.018854 0.247979 0.000000 0.024115 0.139955 0.428786 0.000000 
0.012293 0.034306 0.000000 0.000005 0.036588 0.043304 0.000002 0.094828 0.032752 0.000000 0.551592 0.048625 0.145706 
0.034932 0.082508 0.000000 0.000005 0.000000 0.000000 0.544688 0.072589 0.170057 0.000000 0.000000 0.031559 0.063662 
0.000000 0.000000 0.000000 0.010583 0.000000 0.000000 0.011836 0.200770 0.037841 0.000000 0.460316 0.045534 0.233120 
0.000000 0.302497 0.000000 0.023220 0.000000 0.005787 0.000002 0.214335 0.000000 0.000000 0.224303 0.229856 0.000000 
0.000000 0.009204 0.020681 0.003930 0.000000 0.000000 0.000002 0.013227 0.020007 0.000000 0.000000 0.000000 0.932950 
0.000000 0.023379 0.000000 0.068010 0.131851 0.000000 0.000002 0.178113 0.000000 0.000000 0.046090 0.131442 0.421112 
0.000000 0.046415 0.000000 0.000005 0.000000 0.000000 0.402420 0.497399 0.000000 0.008552 0.032732 0.012477 0.000000 
0.022228 0.000000 0.000000 0.015439 0.000000 0.707025 0.013375 0.078699 0.000000 0.000000 0.005501 0.157733 0.000000 
0.008873 0.917168 0.000000 0.000004 0.000000 0.000000 0.000002 0.022220 0.000000 0.000000 0.000000 0.051733 0.000000 
0.000000 0.050613 0.000000 0.013729 0.094285 0.044593 0.485785 0.068205 0.087840 0.000000 0.000000 0.054473 0.100477 
0.000000 0.000000 0.000000 0.024453 0.000000 0.000000 0.049170 0.750572 0.000000 0.000000 0.066981 0.000000 0.108824 
0.000000 0.079072 0.000000 0.055537 0.437494 0.156213 0.000002 0.187310 0.052703 0.000000 0.000000 0.000000 0.031668 
0.000000 0.225989 0.000000 0.000005 0.032459 0.000000 0.000002 0.102709 0.306870 0.000000 0.248753 0.083214 0.000000 
0.000000 0.000000 0.000000 0.053638 0.000000 0.000000 0.012875 0.019905 0.741654 0.036157 0.008699 0.000000 0.127072 
0.000000 0.000000 0.047181 0.029942 0.000000 0.000000 0.003076 0.016578 0.000000 0.000000 0.000000 0.000000 0.903223 
0.019689 0.000000 0.000000 0.437635 0.000000 0.378982 0.018233 0.145460 0.000000 0.000000 0.000000 0.000000 0.000000 
0.000000 0.000000 0.000000 0.000005 0.000000 0.014514 0.006969 0.075814 0.208183 0.000000 0.642513 0.052002 0.000000 
0.013642 0.000000 0.000000 0.179451 0.000000 0.000000 0.009376 0.121054 0.000000 0.000000 0.000000 0.118343 0.558134 
0.008877 0.000000 0.000000 0.026790 0.024728 0.000000 0.190814 0.012041 0.655038 0.081712 0.000000 0.000000 0.000000 
0.000000 0.000000 0.000000 0.744898 0.000000 0.000000 0.059560 0.195542 0.000000 0.000000 0.000000 0.000000 0.000000 
0.000000 0.000000 0.000000 0.000005 0.000000 0.000000 0.010515 0.005970 0.911669 0.071841 0.000000 0.000000 0.000000 
0.038083 0.050112 0.000000 0.000005 0.000000 0.603212 0.000002 0.063086 0.192410 0.000000 0.000000 0.053090 0.000000 
0.000000 0.112336 0.000000 0.194020 0.000000 0.012942 0.000002 0.248646 0.000000 0.000000 0.063791 0.368263 0.000000 
0.000000 0.000000 0.000000 0.008161 0.000000 0.015824 0.013931 0.555393 0.000000 0.000000 0.406692 0.000000 0.000000 
0.000000 0.020569 0.008459 0.493477 0.000000 0.124846 0.038604 0.149970 0.144322 0.000000 0.019753 0.000000 0.000000 
0.000000 0.000000 0.000000 0.063896 0.185982 0.000000 0.022423 0.094849 0.078884 0.025494 0.000000 0.000000 0.528472 
0.000000 0.010812 0.000000 0.049484 0.125990 0.000000 0.028903 0.473317 0.000000 0.000000 0.084318 0.000000 0.227176 
0.002290 0.000000 0.000000 0.022990 0.000000 0.364999 0.000002 0.254811 0.056720 0.021522 0.000000 0.276666 0.000000 
0.042636 0.000000 0.000000 0.025662 0.260012 0.527761 0.018656 0.125273 0.000000 0.000000 0.000000 0.000000 0.000000 
0.000000 0.035165 0.000000 0.000005 0.000000 0.000000 0.030094 0.233392 0.000000 0.000000 0.664782 0.036562 0.000000 
0.000000 0.038945 0.000000 0.000005 0.057835 0.000000 0.499547 0.175764 0.000000 0.011760 0.000000 0.000000 0.216144 
0.035478 0.000000 0.000000 0.037183 0.020674 0.152210 0.166709 0.217966 0.000000 0.000000 0.000000 0.369780 0.000000 
0.000000 0.000000 0.000000 0.052573 0.000000 0.000000 0.000002 0.006525 0.673895 0.071519 0.024762 0.000000 0.170723 
0.000000 0.496949 0.000000 0.021417 0.279896 0.055404 0.000002 0.102049 0.010195 0.000000 0.000000 0.034088 0.000000 
0.000000 0.016805 0.000000 0.029986 0.081218 0.000000 0.286341 0.048780 0.489549 0.039596 0.007724 0.000000 0.000000 
0.056676 0.000000 0.000000 0.018434 0.057166 0.812049 0.000002 0.023951 0.000000 0.007128 0.000000 0.000000 0.024594 
