-3847251.280136
0
0.000001 0.000001 0.011442 0.000001 0.000000 0.000001 0.000000 0.000002 0.000002 0.000070 0.000000 0.000019 0.000000 0.000000 0.000001 0.000000 0.000021 0.000003 0.000006 0.000004 0.000000 0.000000 0.000001 0.000000 0.000001 0.000000 0.000000 0.000027 0.000000 0.000000 0.000000 0.000000 0.000785 0.001189 0.000248 0.001268 0.000000 0.000000 0.000001 0.000001 0.000022 0.000003 0.000005 0.000012 0.000000 0.000002 0.000003 0.000005 0.000004 0.000005 0.317065 0.000001 0.000000 0.000006 0.000000 0.000000 0.000000 0.000003 0.000000 0.000126 0.000000 0.000000 0.000000 0.080137 0.000013 0.000000 0.000004 0.000033 0.000000 0.000000 0.000001 0.000000 0.000025 0.000026 0.441968 0.000051 0.000000 0.028514 0.104052 0.000000 0.002019 0.003582 0.000133 0.007026 0.000000 0.000000 0.000000 0.000000 0.000013 0.000010 0.000004 0.000005 0.000000 0.000000 0.000013 0.000015 
0.045141 0.000000 0.045105 0.000000 0.000000 0.000000 0.024191 0.009828 0.000000 0.000009 0.000000 0.000002 0.000000 0.008290 0.015049 0.000000 0.000003 0.000000 0.000001 0.000001 0.000000 0.000000 0.000000 0.000000 0.000000 0.000000 0.029088 0.000003 0.000000 0.000000 0.013871 0.000000 0.000306 0.128431 0.038463 0.017330 0.000000 0.000000 0.000000 0.000000 0.000003 0.000000 0.000001 0.000002 0.000000 0.000000 0.000000 0.057253 0.137711 0.053140 0.000000 0.000000 0.000000 0.000001 0.000000 0.000000 0.000000 0.000000 0.000000 0.000017 0.000000 0.000000 0.000000 0.000000 0.040061 0.000000 0.017654 0.028552 0.000000 0.000000 0.000000 0.000000 0.000003 0.000003 0.061303 0.000007 0.000000 0.031780 0.014034 0.033326 0.006039 0.004067 0.000022 0.002785 0.000000 0.000000 0.005489 0.027282 0.041716 0.000001 0.000001 0.000001 0.000000 0.000000 0.026362 0.036268 
0.007149 0.006876 0.001031 0.004029 0.000000 0.002190 0.000000 0.001243 0.032284 0.014959 0.204641 0.010801 0.003306 0.000948 0.000000 0.006310 0.012117 0.005302 0.008658 0.007182 0.001449 0.001662 0.000454 0.003596 0.004778 0.007533 0.000000 0.005937 0.000000 0.000000 0.000000 0.000000 0.023186 0.018604 0.110817 0.017604 0.000000 0.000000 0.000000 0.000000 0.003618 0.003551 0.006127 0.005825 0.000000 0.002009 0.001101 0.000000 0.003926 0.004323 0.000000 0.003032 0.000000 0.002227 0.000000 0.000000 0.028219 0.032701 0.121650 0.018346 0.000000 0.000000 0.000000 0.000000 0.010849 0.006146 0.003946 0.010247 0.000000 0.000000 0.000000 0.000000 0.011340 0.011165 0.000000 0.012154 0.001707 0.000000 0.000000 0.001873 0.016298 0.017602 0.088969 0.012877 0.004629 0.000757 0.000000 0.000000 0.005870 0.004173 0.008922 0.005135 0.001051 0.000000 0.001057 0.001930 
0.000000 0.000674 0.000000 0.008294 0.000326 0.000000 0.000000 0.000000 0.000000 0.002399 0.012465 0.004809 0.000000 0.000000 0.000000 0.001018 0.003502 0.005162 0.002248 0.004059 0.000000 0.004171 0.001321 0.014373 0.002580 0.000000 0.000460 0.014620 0.000000 0.000000 0.000000 0.000000 0.001209 0.002262 0.010902 0.003868 0.000000 0.000000 0.000000 0.000480 0.000419 0.002216 0.001873 0.001701 0.001983 0.002138 0.003261 0.018545 0.000000 0.001846 0.000000 0.007786 0.000000 0.000000 0.000000 0.000278 0.000000 0.013512 0.027165 0.016079 0.000000 0.000109 0.000000 0.000375 0.006130 0.010350 0.005245 0.012490 0.000000 0.002159 0.000967 0.002731 0.037883 0.010787 0.002676 0.309620 0.000000 0.000000 0.000000 0.000000 0.005089 0.022960 0.217523 0.038428 0.000000 0.001025 0.000000 0.002762 0.003186 0.010446 0.006314 0.009692 0.004773 0.009934 0.001938 0.064405 
0.000000 0.000000 0.000000 0.000192 0.000000 0.000000 0.000000 0.000000 0.000000 0.020039 0.000000 0.004809 0.000809 0.000817 0.000913 0.003411 0.000000 0.000145 0.000920 0.000797 0.000000 0.000000 0.000000 0.000000 0.000815 0.000599 0.000000 0.001619 0.000000 0.000000 0.000843 0.000000 0.076960 0.103401 0.021004 0.081501 0.000000 0.000000 0.000598 0.001472 0.000963 0.000728 0.000874 0.004609 0.000000 0.000958 0.000643 0.001317 0.000000 0.000000 0.000000 0.000000 0.000000 0.000339 0.000000 0.000000 0.000000 0.021760 0.000000 0.016958 0.000000 0.000000 0.000490 0.000546 0.000000 0.000000 0.000469 0.007667 0.000000 0.000000 0.001835 0.000838 0.000000 0.002045 0.000000 0.001077 0.000000 0.000871 0.000000 0.000000 0.112158 0.298547 0.100246 0.082589 0.001013 0.001406 0.001296 0.004928 0.002369 0.001823 0.001650 0.002130 0.000000 0.001108 0.001024 0.001060 
0.006608 0.000000 0.000000 0.001346 0.012847 0.008161 0.002301 0.012123 0.027720 0.017518 0.021458 0.019160 0.007173 0.007215 0.012980 0.008756 0.047321 0.017303 0.038719 0.032941 0.000000 0.002934 0.005062 0.000000 0.000000 0.000000 0.002864 0.008054 0.006399 0.007628 0.002897 0.008619 0.028266 0.020903 0.018898 0.021689 0.003084 0.001661 0.006385 0.005166 0.017180 0.014465 0.024584 0.020325 0.000000 0.003656 0.006498 0.008256 0.005004 0.003080 0.000000 0.006189 0.005026 0.005856 0.000000 0.005215 0.030541 0.026669 0.018261 0.024893 0.007453 0.002734 0.006432 0.001381 0.022428 0.011824 0.019562 0.018153 0.000000 0.000000 0.006042 0.000000 0.009697 0.007691 0.003601 0.008380 0.000000 0.007746 0.000000 0.005304 0.012095 0.025873 0.010238 0.012568 0.006788 0.006101 0.006099 0.004653 0.022502 0.016972 0.017834 0.019592 0.000000 0.006668 0.005556 0.010174 
0.000000 0.005403 0.000000 0.000000 0.000000 0.000000 0.005482 0.000000 0.000000 0.000014 0.000000 0.000004 0.000000 0.000000 0.000000 0.000000 0.000004 0.000000 0.000001 0.000001 0.000000 0.000000 0.000000 0.013689 0.000000 0.000000 0.000000 0.000005 0.000000 0.000000 0.000000 0.000000 0.005010 0.000658 0.000051 0.003085 0.000000 0.000000 0.000000 0.017041 0.000003 0.005609 0.009539 0.000002 0.000000 0.000000 0.000001 0.000001 0.012278 0.000001 0.000000 0.000000 0.000000 0.000001 0.000000 0.006203 0.000000 0.000000 0.000000 0.000023 0.000000 0.000000 0.000000 0.000000 0.000002 0.000000 0.000001 0.000006 0.000000 0.000000 0.000000 0.006557 0.000005 0.000004 0.016568 0.062649 0.066148 0.000000 0.000000 0.113717 0.235158 0.041654 0.077959 0.288355 0.000000 0.000000 0.000000 0.000000 0.000002 0.007096 0.000001 0.000001 0.000000 0.000000 0.000003 0.000003 
0.000000 0.000000 0.000000 0.000000 0.000000 0.000000 0.000000 0.000749 0.007040 0.003394 0.002925 0.003134 0.000000 0.000000 0.000667 0.000000 0.001106 0.000408 0.000805 0.001533 0.000000 0.000000 0.000260 0.000000 0.000000 0.000000 0.000000 0.000480 0.000000 0.000202 0.000000 0.000000 0.015772 0.004207 0.004588 0.008139 0.000000 0.000000 0.000000 0.000000 0.000588 0.000000 0.000000 0.000151 0.000000 0.000000 0.000000 0.000000 0.000000 0.000000 0.000000 0.000000 0.000000 0.000000 0.000000 0.000000 0.007735 0.002381 0.000000 0.002901 0.000000 0.000000 0.000000 0.000000 0.000000 0.000000 0.000000 0.000000 0.000153 0.000000 0.000000 0.000000 0.015362 0.007064 0.001961 0.011255 0.037455 0.000000 0.001649 0.068634 0.426638 0.084822 0.046837 0.227973 0.000000 0.000000 0.000000 0.000000 0.000000 0.000000 0.000000 0.000810 0.000000 0.000000 0.000223 0.000000 
0.000000 0.008686 0.000000 0.000000 0.000000 0.000000 0.000000 0.000000 0.000000 0.000006 0.000000 0.000002 0.000000 0.000000 0.000000 0.000000 0.000002 0.000000 0.000001 0.000000 0.000000 0.000000 0.012478 0.000000 0.000000 0.000000 0.000000 0.000002 0.000000 0.000000 0.000000 0.011405 0.023024 0.005142 0.015096 0.017241 0.000000 0.027571 0.000000 0.000000 0.000002 0.000000 0.000000 0.000001 0.000000 0.000000 0.000000 0.000000 0.004125 0.000000 0.000000 0.000000 0.000000 0.000001 0.000000 0.000000 0.000000 0.000000 0.018722 0.010758 0.000000 0.000000 0.000000 0.000000 0.006188 0.000000 0.000000 0.015435 0.000000 0.000000 0.000000 0.000000 0.018721 0.000002 0.000000 0.000005 0.000000 0.000000 0.005762 0.000000 0.440670 0.057824 0.102024 0.180583 0.000000 0.000000 0.000000 0.000000 0.000001 0.000001 0.018510 0.000000 0.000000 0.000000 0.000001 0.000002 
0.041591 0.031439 0.019611 0.019261 0.010696 0.004900 0.004057 0.004816 0.011889 0.006076 0.000000 0.002845 0.003413 0.002059 0.008559 0.000000 0.007571 0.000000 0.008937 0.000000 0.000000 0.000000 0.000891 0.000000 0.052501 0.057668 0.010611 0.030427 0.013047 0.011167 0.007673 0.011211 0.026480 0.018200 0.007786 0.020685 0.007792 0.011442 0.035120 0.009740 0.005130 0.000000 0.013048 0.004871 0.000000 0.001399 0.005055 0.000000 0.037552 0.048180 0.030135 0.024800 0.009303 0.007189 0.010132 0.006890 0.011382 0.010291 0.000000 0.010305 0.007078 0.004856 0.017815 0.002087 0.000000 0.000000 0.000000 0.000000 0.000000 0.000000 0.001324 0.000000 0.034564 0.059697 0.011303 0.039300 0.003917 0.012393 0.004297 0.005799 0.001627 0.007530 0.000627 0.003722 0.002996 0.004535 0.006624 0.000000 0.002369 0.000000 0.005615 0.001216 0.000000 0.000000 0.002887 0.000000 
0.004975 0.000000 0.000000 0.000000 0.000000 0.000804 0.000000 0.000000 0.002741 0.005346 0.000000 0.002587 0.012642 0.001242 0.004760 0.018785 0.027076 0.011980 0.020585 0.026385 0.048134 0.006398 0.004682 0.026778 0.004696 0.000000 0.000000 0.002674 0.000000 0.000000 0.000000 0.001561 0.008681 0.005391 0.002211 0.005269 0.003966 0.000935 0.002428 0.000999 0.020040 0.013445 0.019360 0.035601 0.030759 0.008292 0.015649 0.072412 0.011358 0.008370 0.000000 0.004824 0.000000 0.002011 0.000000 0.002523 0.000000 0.004602 0.001436 0.009229 0.002561 0.001798 0.000599 0.000000 0.009582 0.011664 0.011319 0.014741 0.010282 0.000000 0.004006 0.024914 0.023195 0.000000 0.000000 0.035029 0.002041 0.000000 0.000000 0.000000 0.000843 0.006481 0.000001 0.005284 0.024986 0.000000 0.017135 0.010410 0.019280 0.016734 0.011114 0.042200 0.072908 0.009808 0.009605 0.076853 
0.004715 0.016197 0.036013 0.038121 0.000000 0.007103 0.000000 0.005263 0.005762 0.017575 0.000000 0.000000 0.000000 0.000000 0.012793 0.000000 0.000001 0.009524 0.000000 0.005461 0.000000 0.000000 0.000000 0.000000 0.032301 0.122265 0.010269 0.136754 0.000000 0.000000 0.005583 0.000000 0.000052 0.000756 0.004711 0.009585 0.000000 0.000000 0.049963 0.003911 0.007411 0.009360 0.000000 0.003515 0.000000 0.000000 0.000000 0.008918 0.056503 0.030117 0.000000 0.032398 0.000000 0.024659 0.002153 0.000000 0.000000 0.000000 0.000000 0.000003 0.009002 0.000000 0.000000 0.000000 0.044298 0.001550 0.028667 0.000001 0.000000 0.000000 0.000000 0.000000 0.030278 0.053424 0.013306 0.041151 0.000000 0.000000 0.000000 0.000000 0.003672 0.002116 0.000004 0.030665 0.000000 0.000000 0.016979 0.000000 0.000000 0.007892 0.000000 0.000000 0.002102 0.000000 0.000000 0.005178 
0.039689 0.036169 0.000000 0.035077 0.009983 0.004261 0.000000 0.009588 0.019081 0.004745 0.016562 0.022932 0.014902 0.013909 0.014902 0.027215 0.016961 0.007171 0.010229 0.023291 0.003737 0.000707 0.007541 0.002950 0.032611 0.018971 0.000000 0.023198 0.007520 0.006912 0.000000 0.008296 0.003467 0.003040 0.005712 0.019053 0.013163 0.020657 0.014295 0.029143 0.004968 0.011673 0.005374 0.011716 0.002335 0.002167 0.007457 0.004446 0.021998 0.014520 0.000000 0.022494 0.003291 0.001453 0.000000 0.006722 0.000000 0.000000 0.008767 0.005560 0.007799 0.008831 0.009610 0.020041 0.002742 0.006169 0.003567 0.009746 0.000906 0.000689 0.007467 0.006117 0.028796 0.015077 0.000000 0.039297 0.005143 0.003885 0.000000 0.007385 0.007016 0.004091 0.003617 0.010606 0.016471 0.013028 0.008398 0.031516 0.005013 0.006007 0.000000 0.010710 0.001486 0.003034 0.006006 0.007154 
0.000000 0.000000 0.000000 0.000000 0.000000 0.000000 0.000000 0.071620 0.000000 0.063430 0.000000 0.000004 0.000000 0.000000 0.000000 0.000000 0.055413 0.000001 0.000001 0.000001 0.000000 0.000000 0.000000 0.000000 0.000000 0.000000 0.000000 0.000006 0.000000 0.049877 0.000000 0.000000 0.087011 0.043762 0.000060 0.119949 0.000000 0.000000 0.107089 0.000000 0.010895 0.000001 0.000001 0.000003 0.000000 0.032976 0.000001 0.000001 0.000001 0.000001 0.000000 0.000000 0.000000 0.024806 0.000000 0.000000 0.000000 0.000001 0.000000 0.000225 0.000000 0.000000 0.000000 0.000000 0.052891 0.000000 0.000001 0.015358 0.000000 0.000000 0.000000 0.000000 0.000006 0.000005 0.000000 0.000011 0.000000 0.033500 0.000000 0.000000 0.135809 0.088888 0.000035 0.006346 0.000000 0.000000 0.000000 0.000000 0.000003 0.000002 0.000001 0.000001 0.000000 0.000000 0.000003 0.000004 
0.001121 0.002590 0.001085 0.001601 0.001137 0.000857 0.000000 0.001662 0.031681 0.015906 0.085203 0.015739 0.000000 0.003821 0.000000 0.004903 0.007135 0.005245 0.024185 0.001657 0.000000 0.001651 0.000297 0.002580 0.009707 0.023689 0.009732 0.060042 0.000000 0.000000 0.000000 0.000000 0.007939 0.009369 0.089108 0.008854 0.000000 0.002399 0.000568 0.000554 0.006259 0.003710 0.028772 0.003307 0.000191 0.003726 0.005202 0.009601 0.001994 0.005467 0.002248 0.009182 0.000000 0.002895 0.000000 0.001397 0.067374 0.079603 0.139163 0.056876 0.000000 0.002644 0.000584 0.001830 0.011939 0.005886 0.011962 0.003705 0.000000 0.001599 0.001055 0.003361 0.000000 0.002662 0.001126 0.005146 0.000000 0.000000 0.000000 0.000000 0.006219 0.005943 0.035353 0.003996 0.000000 0.000671 0.000000 0.000475 0.005659 0.003270 0.011223 0.002993 0.000893 0.001951 0.000501 0.008370 
0.009691 0.006268 0.000000 0.005257 0.033533 0.017300 0.008605 0.031778 0.017896 0.010297 0.000000 0.012249 0.005993 0.004175 0.004088 0.000000 0.012232 0.012091 0.012547 0.015756 0.001690 0.001986 0.011841 0.010460 0.006632 0.008454 0.001875 0.006989 0.022066 0.016479 0.005923 0.034840 0.019103 0.009268 0.003090 0.015608 0.005203 0.007213 0.006484 0.009108 0.009712 0.017366 0.009116 0.014389 0.002007 0.008120 0.011549 0.012302 0.000000 0.002701 0.000000 0.005490 0.017617 0.013088 0.000000 0.024800 0.024278 0.013053 0.000000 0.013842 0.002361 0.003161 0.006096 0.003279 0.009194 0.006846 0.008059 0.006378 0.006694 0.007804 0.021067 0.007935 0.000688 0.011640 0.000000 0.000000 0.024140 0.030321 0.004344 0.049773 0.013657 0.021280 0.003269 0.009967 0.001959 0.007800 0.004283 0.007592 0.012220 0.014989 0.008957 0.012705 0.008454 0.008788 0.013732 0.017071 
0.000000 0.000000 0.000000 0.000000 0.022721 0.016886 0.000000 0.000000 0.000000 0.000008 0.000000 0.033820 0.000000 0.000000 0.000000 0.000000 0.072194 0.000000 0.000001 0.000000 0.000000 0.014710 0.000000 0.036612 0.000000 0.000000 0.000000 0.000003 0.000000 0.000000 0.000000 0.015827 0.044014 0.036201 0.000028 0.000349 0.000000 0.000000 0.000000 0.000000 0.000003 0.000000 0.000001 0.000002 0.000000 0.000000 0.018700 0.014500 0.000000 0.000001 0.000000 0.000000 0.000000 0.021896 0.000000 0.032957 0.089864 0.000000 0.000000 0.014579 0.000000 0.000000 0.023319 0.000000 0.000002 0.000000 0.000000 0.020580 0.000000 0.000000 0.012422 0.000000 0.026700 0.028179 0.000000 0.000006 0.000000 0.028908 0.000000 0.000000 0.001539 0.041108 0.019208 0.144551 0.000000 0.000000 0.000000 0.000000 0.011373 0.019117 0.051418 0.000001 0.023047 0.000000 0.032596 0.030050 
0.004321 0.039032 0.346053 0.000000 0.000000 0.000000 0.000000 0.131129 0.000000 0.096927 0.000000 0.035826 0.264608 0.024004 0.058100 0.000000 0.000000 
0.000000 0.000000 0.000001 0.000000 0.000000 0.000000 0.024813 0.939089 0.019004 0.012880 0.003909 0.000000 0.000304 0.000000 0.000000 0.000000 0.000000 
0.000000 0.000000 0.000001 0.000000 0.000000 0.249056 0.029556 0.000000 0.000000 0.119686 0.025800 0.000000 0.443452 0.020381 0.077002 0.035065 0.000000 
0.000000 0.000000 0.005644 0.289255 0.592170 0.010664 0.000000 0.000000 0.016676 0.031045 0.000000 0.000000 0.029170 0.000000 0.000000 0.025376 0.000000 
0.000000 0.000000 0.031323 0.918497 0.015406 0.000000 0.000000 0.000000 0.000000 0.008718 0.000000 0.000000 0.003693 0.000000 0.022363 0.000000 0.000000 
0.000000 0.000000 0.030558 0.000000 0.147766 0.055550 0.000000 0.021577 0.000000 0.000001 0.362933 0.000000 0.127336 0.000000 0.246306 0.000000 0.007973 
0.000000 0.011331 0.015480 0.000000 0.000000 0.000000 0.000000 0.000000 0.000000 0.573864 0.114459 0.118697 0.127397 0.000000 0.000000 0.038772 0.000000 
0.000000 0.000000 0.000001 0.000000 0.038260 0.339969 0.000000 0.307792 0.000000 0.045578 0.035502 0.000000 0.165833 0.000000 0.000000 0.043357 0.023708 
0.000000 0.000000 0.000001 0.000000 0.000000 0.138031 0.000000 0.099688 0.060150 0.067453 0.025757 0.000000 0.277874 0.000000 0.000000 0.331047 0.000000 
0.000000 0.016107 0.056772 0.029092 0.038294 0.000000 0.000000 0.000000 0.000000 0.181099 0.009934 0.033668 0.288934 0.000000 0.316244 0.029856 0.000000 
0.003814 0.000000 0.006070 0.852512 0.000000 0.000000 0.000000 0.000000 0.000000 0.043382 0.045395 0.011438 0.031005 0.000000 0.000000 0.006384 0.000000 
0.000000 0.000000 0.022907 0.047847 0.000000 0.000000 0.000000 0.010647 0.000000 0.051187 0.000000 0.000000 0.202193 0.000000 0.293980 0.371239 0.000000 
0.000000 0.000000 0.017099 0.000000 0.000000 0.000000 0.000000 0.000000 0.000000 0.187456 0.000000 0.047690 0.634910 0.000000 0.000000 0.099718 0.013126 
0.000000 0.000000 0.191567 0.028287 0.000000 0.037201 0.000000 0.000000 0.000000 0.000001 0.462454 0.028249 0.151351 0.000000 0.043244 0.057647 0.000000 
0.000000 0.000000 0.221414 0.000000 0.176286 0.046405 0.000000 0.022373 0.000000 0.369850 0.000000 0.055686 0.107986 0.000000 0.000000 0.000000 0.000000 
0.000000 0.000000 0.010912 0.378232 0.000000 0.224942 0.000000 0.000000 0.000000 0.033514 0.013300 0.000000 0.178643 0.000000 0.000000 0.160457 0.000000 
0.001403 0.000000 0.000001 0.908247 0.000000 0.000000 0.005393 0.000000 0.000000 0.000001 0.000000 0.017612 0.058211 0.000000 0.000000 0.009133 0.000000 
0.000000 0.000000 0.025404 0.000000 0.000000 0.038766 0.000000 0.000000 0.000000 0.257638 0.350812 0.074722 0.157363 0.000000 0.000000 0.095295 0.000000 
0.000000 0.000000 0.031131 0.000000 0.882834 0.000000 0.000000 0.006086 0.027766 0.025519 0.001696 0.000000 0.012343 0.000000 0.012625 0.000000 0.000000 
0.000000 0.000000 0.017096 0.000000 0.000000 0.109552 0.016207 0.000000 0.000000 0.232595 0.402568 0.041464 0.180518 0.000000 0.000000 0.000000 0.000000 
0.000000 0.000000 0.009984 0.000000 0.000000 0.000000 0.000000 0.466530 0.000000 0.092102 0.129133 0.023928 0.256387 0.000000 0.021936 0.000000 0.000000 
0.003582 0.000000 0.221756 0.565004 0.000000 0.028695 0.021599 0.000000 0.014129 0.000001 0.067870 0.029051 0.048313 0.000000 0.000000 0.000000 0.000000 
0.000000 0.000000 0.000001 0.000000 0.000000 0.000000 0.000000 0.000000 0.004399 0.000001 0.352923 0.047483 0.519218 0.000000 0.044915 0.000000 0.031060 
0.000000 0.000000 0.000001 0.000000 0.036723 0.000000 0.000000 0.000000 0.000000 0.357721 0.000000 0.054992 0.221759 0.000000 0.000000 0.328804 0.000000 
0.000662 0.000000 0.000001 0.332952 0.615319 0.000000 0.005625 0.000000 0.037763 0.000001 0.000000 0.000000 0.007677 0.000000 0.000000 0.000000 0.000000 
0.000000 0.000000 0.275173 0.000000 0.036029 0.359120 0.000000 0.000000 0.010298 0.031541 0.036608 0.000000 0.120149 0.000000 0.102618 0.028463 0.000000 
0.000000 0.000000 0.016394 0.000000 0.793343 0.000000 0.000000 0.000000 0.022130 0.000001 0.102829 0.000000 0.044133 0.000000 0.000000 0.021170 0.000000 
0.006966 0.000000 0.161805 0.246745 0.210810 0.000000 0.000000 0.000000 0.000000 0.186505 0.000000 0.057112 0.098915 0.000000 0.000000 0.000000 0.031142 
0.000000 0.016430 0.009593 0.000000 0.458530 0.073312 0.000000 0.000000 0.000000 0.000001 0.256061 0.000000 0.135124 0.000000 0.000000 0.050949 0.000000 
0.000000 0.000000 0.000001 0.204365 0.619456 0.000000 0.000000 0.000000 0.022794 0.079491 0.000000 0.037320 0.030118 0.000000 0.000000 0.006455 0.000000 
0.000000 0.000000 0.008493 0.000000 0.000000 0.000000 0.000000 0.769878 0.000000 0.000001 0.107025 0.000000 0.070561 0.002186 0.000000 0.018978 0.022877 
0.004510 0.000000 0.016793 0.000000 0.292197 0.000000 0.000000 0.000000 0.000000 0.000001 0.000000 0.032770 0.572310 0.027725 0.000000 0.053694 0.000000 
0.000000 0.000000 0.000001 0.013027 0.000000 0.609291 0.000000 0.000000 0.000000 0.087397 0.078885 0.000000 0.162977 0.000000 0.000000 0.048422 0.000000 
0.000000 0.013267 0.000001 0.319564 0.000000 0.347904 0.000000 0.000000 0.021324 0.034859 0.041104 0.000000 0.167335 0.000000 0.000000 0.000000 0.054643 
0.000000 0.000000 0.000001 0.000000 0.968688 0.000000 0.000000 0.011514 0.017463 0.000001 0.000000 0.000000 0.002334 0.000000 0.000000 0.000000 0.000000 
0.000000 0.000000 0.048696 0.000000 0.131893 0.046121 0.000000 0.000000 0.000000 0.010048 0.000000 0.000000 0.020484 0.000000 0.727485 0.000000 0.015272 
0.000000 0.000000 0.513110 0.000000 0.014776 0.081540 0.000000 0.000000 0.000000 0.037305 0.008715 0.000000 0.344554 0.000000 0.000000 0.000000 0.000000 
0.005656 0.000000 0.000001 0.236495 0.000000 0.491167 0.000000 0.000000 0.007585 0.000001 0.054999 0.038051 0.136125 0.000000 0.000000 0.029920 0.000000 
0.000000 0.000000 0.000001 0.000000 0.184948 0.000000 0.000000 0.000000 0.000000 0.080622 0.000000 0.028175 0.255299 0.000000 0.000000 0.450955 0.000000 
0.000000 0.011418 0.580724 0.000000 0.000000 0.055041 0.000000 0.000000 0.000000 0.011879 0.011016 0.000000 0.180963 0.000000 0.000000 0.148960 0.000000 
0.000000 0.000000 0.090359 0.000000 0.000000 0.028997 0.000000 0.111628 0.000000 0.011804 0.033262 0.038500 0.569968 0.000000 0.115482 0.000000 0.000000 
0.000000 0.000000 0.282769 0.000000 0.000000 0.041834 0.019150 0.000000 0.000000 0.090771 0.000000 0.000000 0.216267 0.000000 0.000000 0.349208 0.000000 
0.000000 0.000000 0.018048 0.012114 0.000000 0.040288 0.000000 0.000000 0.000000 0.023663 0.578157 0.000000 0.226921 0.032547 0.026999 0.000000 0.041263 
0.000000 0.014270 0.000001 0.000000 0.000000 0.000000 0.000000 0.000000 0.000000 0.163279 0.043929 0.061281 0.689495 0.000000 0.027746 0.000000 0.000000 
0.000000 0.000000 0.149267 0.000000 0.000000 0.035918 0.000000 0.731921 0.000000 0.011012 0.025588 0.000000 0.037202 0.000000 0.000000 0.000000 0.009092 
0.000000 0.000000 0.000001 0.038475 0.635098 0.000000 0.000000 0.251454 0.000000 0.000001 0.005185 0.000000 0.023857 0.000000 0.039826 0.006103 0.000000 
0.000000 0.000000 0.303844 0.000000 0.186355 0.060789 0.000000 0.083994 0.000000 0.158623 0.041863 0.055424 0.098327 0.000000 0.010781 0.000000 0.000000 
0.000000 0.000000 0.000001 0.000000 0.000000 0.000000 0.000000 0.000000 0.000000 0.039660 0.000000 0.023536 0.440186 0.000000 0.039981 0.456637 0.000000 
0.000000 0.015746 0.307096 0.023765 0.000000 0.054878 0.000000 0.000000 0.000000 0.000001 0.000000 0.035155 0.563359 0.000000 0.000000 0.000000 0.000000 
0.000000 0.000000 0.000001 0.000000 0.000000 0.062409 0.000000 0.000000 0.000000 0.138590 0.208092 0.000000 0.268164 0.020007 0.000000 0.302738 0.000000 
0.000911 0.000000 0.040519 0.029292 0.065593 0.000000 0.000000 0.000000 0.008218 0.000001 0.012551 0.076517 0.751469 0.000000 0.000000 0.014929 0.000000 
0.000000 0.000000 0.054381 0.074510 0.000000 0.000000 0.024582 0.000000 0.000000 0.311895 0.000000 0.068083 0.033609 0.000000 0.432940 0.000000 0.000000 
0.000000 0.000000 0.019281 0.096772 0.000000 0.022292 0.000000 0.648109 0.000000 0.183068 0.000000 0.000000 0.030477 0.000000 0.000000 0.000000 0.000000 
0.000000 0.000000 0.000001 0.023861 0.850895 0.011647 0.000000 0.060211 0.022760 0.000001 0.010078 0.000000 0.007705 0.000000 0.000000 0.012842 0.000000 
0.000000 0.000000 0.018806 0.000000 0.000000 0.000000 0.000000 0.000000 0.000000 0.740915 0.000000 0.126402 0.113877 0.000000 0.000000 0.000000 0.000000 
0.000000 0.000000 0.000001 0.000000 0.000000 0.020132 0.000000 0.000000 0.000000 0.737106 0.000000 0.103769 0.138991 0.000000 0.000000 0.000000 0.000000 
0.000000 0.000000 0.047086 0.000000 0.000000 0.000000 0.000000 0.000000 0.019483 0.000001 0.000000 0.000000 0.062291 0.000000 0.871139 0.000000 0.000000 
0.000000 0.000000 0.000001 0.042545 0.000000 0.624657 0.000000 0.000000 0.000000 0.079319 0.045763 0.000000 0.152283 0.013388 0.000000 0.042044 0.000000 
0.000000 0.000000 0.005646 0.000000 0.969902 0.000000 0.000000 0.004758 0.000000 0.000001 0.000000 0.000000 0.016073 0.003621 0.000000 0.000000 0.000000 
0.004214 0.000000 0.168224 0.000000 0.000000 0.517416 0.000000 0.000000 0.000000 0.068901 0.064754 0.000000 0.136947 0.000000 0.000000 0.039544 0.000000 
0.000920 0.007194 0.138478 0.739188 0.000000 0.033277 0.000000 0.000000 0.000000 0.000001 0.009826 0.000000 0.049666 0.011193 0.000000 0.010257 0.000000 
0.000000 0.000000 0.089588 0.000000 0.000000 0.000000 0.000000 0.000000 0.000000 0.000001 0.000000 0.000000 0.005779 0.000000 0.904633 0.000000 0.000000 
0.000000 0.000000 0.025104 0.075694 0.000000 0.167432 0.000000 0.000000 0.011166 0.055506 0.333020 0.000000 0.283443 0.000000 0.000000 0.026720 0.021916 
0.001810 0.000000 0.442708 0.000000 0.060742 0.000000 0.000000 0.011206 0.000000 0.000001 0.036387 0.018606 0.204877 0.000000 0.000000 0.223663 0.000000 
0.000000 0.000000 0.000001 0.000000 0.000000 0.000000 0.000000 0.000000 0.000000 0.247776 0.000000 0.063513 0.271718 0.000000 0.000000 0.416992 0.000000 
0.000000 0.024023 0.000001 0.000000 0.000000 0.363150 0.000000 0.000000 0.010442 0.035071 0.285896 0.000000 0.164898 0.000000 0.079656 0.036864 0.000000 
0.000000 0.000000 0.000001 0.954884 0.018347 0.000000 0.000000 0.000000 0.000000 0.019663 0.000000 0.000000 0.007105 0.000000 0.000000 0.000000 0.000000 
0.000000 0.000000 0.000001 0.010951 0.000000 0.037340 0.000000 0.019078 0.000000 0.346711 0.000000 0.076693 0.437298 0.000000 0.071929 0.000000 0.000000 
0.000000 0.000000 0.000001 0.000000 0.000000 0.024884 0.000000 0.319618 0.000000 0.057686 0.086514 0.000000 0.168389 0.000000 0.012355 0.330554 0.000000 
0.000000 0.000000 0.000001 0.000000 0.079243 0.000000 0.000000 0.000000 0.000000 0.439267 0.242372 0.072727 0.120120 0.000000 0.028025 0.018246 0.000000 
0.000000 0.000000 0.152096 0.000000 0.000000 0.258335 0.000000 0.346049 0.000000 0.035702 0.039135 0.000000 0.144948 0.000000 0.000000 0.023735 0.000000 
0.000000 0.029730 0.455971 0.013112 0.000000 0.054337 0.000000 0.000000 0.000000 0.299572 0.009387 0.050878 0.087012 0.000000 0.000000 0.000000 0.000000 
0.000000 0.000000 0.153335 0.042735 0.000000 0.000000 0.000000 0.000000 0.000000 0.000001 0.480662 0.022443 0.220461 0.000000 0.000000 0.067001 0.013363 
0.001270 0.000000 0.029262 0.681126 0.000000 0.086682 0.000000 0.000000 0.000000 0.000001 0.000000 0.018252 0.036373 0.000000 0.118996 0.028037 0.000000 
0.000000 0.000000 0.041835 0.000000 0.000000 0.000000 0.000000 0.169852 0.000000 0.014416 0.145178 0.000000 0.090295 0.000000 0.514198 0.024227 0.000000 
0.001402 0.000000 0.000001 0.986394 0.000000 0.000000 0.000000 0.000000 0.000000 0.000002 0.000000 0.000000 0.012201 0.000000 0.000000 0.000000 0.000000 
0.000000 0.000000 0.206518 0.047270 0.162968 0.363150 0.000000 0.010483 0.000000 0.059152 0.029725 0.020287 0.100445 0.000000 0.000000 0.000000 0.000000 
0.000000 0.015299 0.238663 0.000000 0.074667 0.000000 0.000000 0.000000 0.000000 0.036278 0.033052 0.000000 0.602041 0.000000 0.000000 0.000000 0.000000 
0.000000 0.000000 0.007969 0.000000 0.000000 0.025578 0.000000 0.179928 0.000000 0.116486 0.000000 0.025941 0.644097 0.000000 0.000000 0.000000 0.000000 
0.000000 0.000000 0.057305 0.027419 0.000000 0.000000 0.000000 0.262211 0.000000 0.000001 0.000000 0.011419 0.014308 0.000000 0.614014 0.013323 0.000000 
0.000000 0.021640 0.039067 0.000000 0.000000 0.461341 0.000000 0.000000 0.000000 0.049701 0.041322 0.000000 0.173170 0.000000 0.114350 0.075042 0.024367 
0.000000 0.000000 0.374997 0.000000 0.000000 0.029785 0.000000 0.000000 0.000000 0.000001 0.000000 0.000000 0.105793 0.000000 0.466984 0.000000 0.022440 
0.003842 0.000000 0.000001 0.940052 0.000000 0.000000 0.000000 0.000000 0.000000 0.000001 0.000000 0.024214 0.016256 0.000000 0.009551 0.006084 0.000000 
0.000000 0.000000 0.000001 0.000000 0.279459 0.000000 0.000000 0.000000 0.000000 0.088842 0.325841 0.000000 0.166578 0.000000 0.051606 0.056574 0.031099 
0.000000 0.000000 0.011865 0.000000 0.750699 0.000000 0.000000 0.000000 0.023430 0.020529 0.010683 0.000000 0.176276 0.006518 0.000000 0.000000 0.000000 
0.000000 0.000000 0.000001 0.000000 0.516248 0.020539 0.000000 0.017138 0.000000 0.267481 0.057510 0.035275 0.085809 0.000000 0.000000 0.000000 0.000000 
0.000000 0.000000 0.708259 0.000000 0.000000 0.069903 0.000000 0.000000 0.000000 0.027386 0.019569 0.000000 0.070353 0.000000 0.048343 0.056187 0.000000 
0.000000 0.012434 0.597416 0.000000 0.251333 0.042938 0.000000 0.000000 0.000000 0.000001 0.000000 0.000000 0.095877 0.000000 0.000000 0.000000 0.000000 
0.000000 0.000000 0.000001 0.421199 0.000000 0.000000 0.000000 0.125892 0.000000 0.000001 0.101860 0.000000 0.082172 0.000000 0.216579 0.028868 0.023429 
0.000000 0.007702 0.017055 0.000000 0.140945 0.021198 0.000000 0.027789 0.000000 0.371215 0.204460 0.059499 0.150137 0.000000 0.000000 0.000000 0.000000 
0.000000 0.000000 0.000001 0.000000 0.025273 0.556033 0.000000 0.035624 0.000000 0.098984 0.067886 0.000000 0.216200 0.000000 0.000000 0.000000 0.000000 
0.000000 0.000000 0.005459 0.037385 0.061655 0.030820 0.011529 0.810630 0.000000 0.009842 0.006893 0.000000 0.025786 0.000000 0.000000 0.000000 0.000000 
0.000876 0.025496 0.434847 0.000000 0.319931 0.000000 0.000000 0.000000 0.000000 0.000001 0.110935 0.000000 0.083036 0.000000 0.000000 0.024878 0.000000 
0.000000 0.000000 0.009318 0.671771 0.024825 0.036962 0.000000 0.000000 0.000000 0.000001 0.143097 0.003363 0.082547 0.000000 0.000000 0.016757 0.011360 
0.000000 0.000000 0.011659 0.000000 0.000000 0.000000 0.000000 0.865954 0.000000 0.016379 0.069660 0.000000 0.036349 0.000000 0.000000 0.000000 0.000000 
0.000000 0.020982 0.724979 0.000000 0.000000 0.092789 0.000000 0.000000 0.014013 0.012187 0.037484 0.000000 0.097566 0.000000 0.000000 0.000000 0.000000 
0.000000 0.000000 0.025651 0.000000 0.000000 0.104157 0.000000 0.027103 0.000000 0.045496 0.035860 0.024563 0.528248 0.000000 0.000000 0.208921 0.000000 
0.000000 0.017023 0.774786 0.000000 0.000000 0.062081 0.000000 0.000000 0.000000 0.000001 0.014435 0.000000 0.131673 0.000000 0.000000 0.000000 0.000000 
0.000000 0.000000 0.044717 0.206172 0.000000 0.145386 0.000000 0.000000 0.000000 0.006468 0.000000 0.000000 0.048876 0.007425 0.540956 0.000000 0.000000 
0.000000 0.000000 0.000001 0.000000 0.021546 0.000000 0.000000 0.453521 0.000000 0.186998 0.000000 0.029120 0.308814 0.000000 0.000000 0.000000 0.000000 
0.000000 0.023213 0.087589 0.000000 0.000000 0.000000 0.031248 0.200642 0.000000 0.366209 0.046876 0.077799 0.150536 0.000000 0.015888 0.000000 0.000000 
0.002437 0.010736 0.025800 0.000000 0.128346 0.056140 0.000000 0.000000 0.000000 0.000001 0.109979 0.047211 0.590295 0.000000 0.000000 0.000000 0.029056 
0.000000 0.000000 0.000001 0.000000 0.014205 0.418154 0.000000 0.000000 0.000000 0.020338 0.262816 0.000000 0.222927 0.000000 0.000000 0.061560 0.000000 
0.000943 0.000000 0.009113 0.080652 0.000000 0.092523 0.000000 0.011298 0.000000 0.000001 0.382748 0.034673 0.388049 0.000000 0.000000 0.000000 0.000000 
0.000000 0.000000 0.000001 0.051265 0.060426 0.000000 0.000000 0.000000 0.000000 0.100284 0.000000 0.000000 0.247204 0.000000 0.000000 0.483177 0.057643 
0.001409 0.000000 0.000001 0.000000 0.936507 0.021364 0.000000 0.014886 0.000000 0.000001 0.000000 0.000000 0.025832 0.000000 0.000000 0.000000 0.000000 
0.000000 0.000000 0.052619 0.185847 0.000000 0.000000 0.000000 0.000000 0.000000 0.005879 0.251556 0.000000 0.076363 0.000000 0.404951 0.022785 0.000000 
0.002580 0.026767 0.013712 0.021364 0.000000 0.333682 0.000000 0.000000 0.000000 0.000001 0.026944 0.047251 0.491217 0.000000 0.000000 0.036482 0.000000 
0.000000 0.000000 0.012724 0.000000 0.898409 0.023814 0.000000 0.000000 0.047815 0.000001 0.000000 0.000000 0.012984 0.000000 0.000000 0.000000 0.004253 
0.000000 0.000000 0.028976 0.338098 0.472947 0.000000 0.000000 0.000000 0.000000 0.037891 0.000000 0.024038 0.098050 0.000000 0.000000 0.000000 0.000000 
0.000000 0.000000 0.018618 0.107784 0.000000 0.446371 0.000000 0.000000 0.000000 0.087200 0.051034 0.000000 0.184314 0.000000 0.000000 0.104679 0.000000 
0.000000 0.000000 0.085456 0.044043 0.000000 0.460119 0.000000 0.146633 0.000000 0.047811 0.067716 0.000000 0.148221 0.000000 0.000000 0.000000 0.000000 
0.000000 0.000000 0.022716 0.000000 0.000000 0.546346 0.000000 0.000000 0.000000 0.060467 0.062829 0.028221 0.152920 0.000000 0.068319 0.044662 0.013520 
0.004306 0.000000 0.530535 0.000000 0.000000 0.043312 0.000000 0.000000 0.000000 0.150991 0.000000 0.048666 0.088477 0.000000 0.133712 0.000000 0.000000 
0.000000 0.000000 0.005440 0.000000 0.000000 0.000000 0.032624 0.944521 0.000000 0.000001 0.000000 0.000000 0.013177 0.000000 0.000000 0.004238 0.000000 
0.000000 0.000000 0.144497 0.000000 0.000000 0.170178 0.000000 0.000000 0.000000 0.410302 0.013352 0.069456 0.192215 0.000000 0.000000 0.000000 0.000000 
0.000000 0.046524 0.785621 0.000000 0.046944 0.000000 0.000000 0.000000 0.017892 0.000001 0.000000 0.000000 0.087650 0.000000 0.000000 0.015366 0.000000 
0.002593 0.017061 0.680319 0.112868 0.036580 0.066866 0.000000 0.000000 0.000000 0.000001 0.000000 0.000000 0.083713 0.000000 0.000000 0.000000 0.000000 
0.000000 0.000000 0.122354 0.000000 0.000000 0.000000 0.000000 0.000000 0.000000 0.013997 0.000000 0.036716 0.210757 0.000000 0.401376 0.214799 0.000000 
0.000813 0.000000 0.018898 0.000000 0.873274 0.000000 0.000000 0.014044 0.014520 0.000001 0.002300 0.000000 0.009364 0.008445 0.058343 0.000000 0.000000 
0.000720 0.016655 0.640794 0.025649 0.027781 0.021341 0.000000 0.000000 0.000000 0.000001 0.080526 0.000000 0.186532 0.000000 0.000000 0.000000 0.000000 
0.000000 0.000000 0.000001 0.176680 0.000000 0.000000 0.000000 0.000000 0.000000 0.588825 0.000000 0.115595 0.118900 0.000000 0.000000 0.000000 0.000000 
0.000000 0.000000 0.000001 0.000000 0.816942 0.018749 0.000000 0.000000 0.000000 0.000001 0.000000 0.000000 0.136393 0.000000 0.000000 0.016790 0.011124 
0.000000 0.000000 0.011326 0.185788 0.015914 0.000000 0.000000 0.000000 0.000000 0.052090 0.000000 0.009311 0.238102 0.000000 0.000000 0.487469 0.000000 
0.000000 0.000000 0.056624 0.673771 0.000000 0.000000 0.000000 0.149099 0.000000 0.000001 0.011058 0.024398 0.085049 0.000000 0.000000 0.000000 0.000000 
0.000000 0.000000 0.014589 0.509295 0.419537 0.000000 0.000000 0.000000 0.030236 0.000001 0.000000 0.005622 0.005931 0.000000 0.000000 0.014788 0.000000 
0.000000 0.007168 0.397249 0.005834 0.000000 0.122389 0.000000 0.000000 0.009716 0.072959 0.000000 0.000000 0.208901 0.000000 0.087268 0.054660 0.033856 
0.000000 0.000000 0.040988 0.241986 0.000000 0.360652 0.000000 0.108232 0.000000 0.089829 0.034945 0.000000 0.094481 0.000000 0.000000 0.028886 0.000000 
0.000000 0.022565 0.000001 0.340574 0.000000 0.403317 0.000000 0.000000 0.000000 0.039950 0.034368 0.000000 0.143663 0.000000 0.000000 0.015562 0.000000 
0.000000 0.000000 0.000001 0.177117 0.000000 0.041326 0.000000 0.000000 0.000000 0.435484 0.000000 0.077275 0.268796 0.000000 0.000000 0.000000 0.000000 
0.000000 0.000000 0.000001 0.000000 0.024893 0.147765 0.000000 0.452119 0.000000 0.039523 0.018288 0.000000 0.226636 0.000000 0.000000 0.090775 0.000000 
0.000000 0.000000 0.079583 0.000000 0.000000 0.000000 0.000000 0.072980 0.000000 0.000001 0.000000 0.015006 0.251450 0.000000 0.530262 0.026059 0.024659 
0.000000 0.000000 0.037217 0.000000 0.075107 0.000000 0.000000 0.094854 0.000000 0.030894 0.000000 0.037102 0.707654 0.000000 0.000000 0.000000 0.017172 
0.000000 0.015525 0.003293 0.000000 0.000000 0.581950 0.000000 0.043063 0.000000 0.075665 0.040686 0.000000 0.162311 0.000000 0.000000 0.077508 0.000000 
0.000000 0.000000 0.116305 0.000000 0.000000 0.000000 0.000000 0.000000 0.000000 0.065007 0.061198 0.032324 0.707620 0.017545 0.000000 0.000000 0.000000 
0.007652 0.000000 0.000001 0.000000 0.000000 0.052198 0.000000 0.003789 0.000000 0.555542 0.000000 0.080659 0.167791 0.000000 0.007110 0.125259 0.000000 
0.000000 0.025735 0.030310 0.000000 0.102670 0.233560 0.000000 0.010030 0.000000 0.208402 0.000000 0.000000 0.129101 0.000000 0.213668 0.046523 0.000000 
0.000000 0.000000 0.000001 0.110205 0.000000 0.045396 0.000000 0.000000 0.000000 0.043141 0.048657 0.029115 0.686394 0.000000 0.037092 0.000000 0.000000 
0.006371 0.007999 0.000001 0.227457 0.165354 0.384265 0.000000 0.000000 0.000000 0.000001 0.050783 0.000000 0.157770 0.000000 0.000000 0.000000 0.000000 
0.000000 0.000000 0.014620 0.000000 0.000000 0.517529 0.000000 0.121211 0.000000 0.084052 0.042052 0.000000 0.162519 0.000000 0.000000 0.029636 0.028380 
0.000000 0.000000 0.000001 0.000000 0.696219 0.122620 0.000000 0.074503 0.009494 0.035754 0.031837 0.000000 0.029572 0.000000 0.000000 0.000000 0.000000 
0.001134 0.004334 0.000001 0.022408 0.748154 0.019120 0.000000 0.020708 0.000000 0.000001 0.000000 0.000000 0.095248 0.000000 0.000000 0.088891 0.000000 
0.000000 0.000000 0.037254 0.000000 0.597228 0.044381 0.000000 0.022709 0.000000 0.000001 0.000000 0.008998 0.005264 0.000000 0.284165 0.000000 0.000000 
0.000000 0.000000 0.011566 0.000000 0.000000 0.000000 0.000000 0.000000 0.000000 0.000001 0.417755 0.030801 0.232110 0.000000 0.051733 0.223387 0.032646 
0.004250 0.000000 0.234085 0.000000 0.024106 0.000000 0.000000 0.009680 0.000000 0.291781 0.142468 0.094199 0.153961 0.022383 0.000000 0.023086 0.000000 
0.000000 0.000000 0.024080 0.000000 0.000000 0.183879 0.000000 0.262181 0.000000 0.024319 0.315936 0.000000 0.134270 0.000000 0.000000 0.055334 0.000000 
0.000000 0.000000 0.143050 0.000000 0.000000 0.075730 0.000000 0.056697 0.000000 0.000001 0.413543 0.009384 0.301595 0.000000 0.000000 0.000000 0.000000 
0.000000 0.000000 0.038252 0.015659 0.000000 0.082903 0.000000 0.000000 0.000000 0.000001 0.373730 0.027436 0.380070 0.000000 0.000000 0.081950 0.000000 
0.000000 0.000000 0.267976 0.000000 0.000000 0.084423 0.000000 0.000000 0.000000 0.164052 0.020447 0.000000 0.188872 0.000000 0.000000 0.274229 0.000000 
0.000000 0.000000 0.000001 0.170081 0.125157 0.037834 0.000000 0.391756 0.000000 0.014265 0.145141 0.000000 0.089414 0.000000 0.000000 0.026352 0.000000 
0.000000 0.007385 0.000001 0.000000 0.000000 0.000000 0.000000 0.688037 0.000000 0.138467 0.000000 0.052444 0.089012 0.000000 0.024655 0.000000 0.000000 
0.000000 0.000000 0.000001 0.000000 0.250449 0.017746 0.000000 0.014721 0.000000 0.013470 0.000000 0.038372 0.473496 0.000000 0.000000 0.191745 0.000000 
0.000000 0.000000 0.000001 0.000000 0.000000 0.404945 0.000000 0.000000 0.000000 0.068765 0.211610 0.000000 0.136359 0.000000 0.094448 0.083872 0.000000 
0.000000 0.000000 0.000001 0.000000 0.000000 0.000000 0.043371 0.694227 0.069909 0.000001 0.000000 0.000000 0.031773 0.000000 0.160718 0.000000 0.000000 
0.000000 0.000000 0.047924 0.000000 0.000000 0.000000 0.000000 0.000000 0.000000 0.128608 0.014150 0.039221 0.061990 0.000000 0.676931 0.031176 0.000000 
0.000000 0.000000 0.000001 0.000000 0.000000 0.000000 0.000000 0.000000 0.000000 0.205898 0.000000 0.017004 0.287082 0.031684 0.000000 0.458331 0.000000 
0.000000 0.025052 0.000001 0.000000 0.053390 0.302498 0.000000 0.000000 0.032105 0.259970 0.023026 0.038739 0.191035 0.000000 0.000000 0.074185 0.000000 
0.004404 0.012337 0.000001 0.646042 0.000000 0.199994 0.000000 0.000000 0.000000 0.000001 0.019062 0.011573 0.074701 0.000000 0.000000 0.031887 0.000000 
0.000000 0.000000 0.000001 0.924721 0.000000 0.000000 0.000000 0.000000 0.000000 0.000001 0.011860 0.004853 0.032271 0.000000 0.019720 0.000000 0.006573 
0.000000 0.000000 0.193957 0.000000 0.000000 0.028588 0.000000 0.000000 0.000000 0.616669 0.000000 0.098424 0.062362 0.000000 0.000000 0.000000 0.000000 
0.006271 0.000000 0.029526 0.000000 0.000000 0.367955 0.000000 0.000000 0.000000 0.034605 0.021458 0.000000 0.091821 0.000000 0.411691 0.036672 0.000000 
0.000000 0.012178 0.012690 0.024330 0.000000 0.043090 0.000000 0.000000 0.000000 0.033363 0.011807 0.036607 0.793266 0.032670 0.000000 0.000000 0.000000 
0.000000 0.000000 0.000001 0.395864 0.000000 0.000000 0.000000 0.000000 0.000000 0.021115 0.083270 0.023924 0.194060 0.000000 0.000000 0.265019 0.016747 
0.000000 0.012917 0.252069 0.193620 0.000000 0.000000 0.000000 0.107154 0.000000 0.172892 0.000000 0.068041 0.150789 0.022275 0.020244 0.000000 0.000000 
