-3844749.090954
0
0.000000 0.000000 0.000000 0.000307 0.000000 0.000000 0.000000 0.000303 0.000000 0.019934 0.000000 0.004826 0.000875 0.000871 0.000432 0.003461 0.000104 0.000179 0.000522 0.000833 0.000000 0.000000 0.000000 0.000000 0.000986 0.000608 0.000000 0.001507 0.000212 0.000259 0.000812 0.000310 0.077124 0.103131 0.021198 0.080747 0.000000 0.001072 0.000844 0.001580 0.000994 0.000689 0.000826 0.004454 0.000000 0.001050 0.000686 0.001331 0.000000 0.000000 0.000000 0.000000 0.000000 0.000396 0.000000 0.000000 0.000000 0.020422 0.000602 0.017097 0.000000 0.000000 0.000590 0.000645 0.000162 0.000000 0.000375 0.007832 0.000000 0.000000 0.001861 0.000842 0.000762 0.001697 0.000000 0.001111 0.000000 0.001029 0.000000 0.000000 0.116901 0.292856 0.100621 0.081160 0.001078 0.001477 0.001270 0.005047 0.002431 0.001809 0.002043 0.001611 0.000000 0.001071 0.001090 0.001046 
0.000001 0.009288 0.000000 0.000000 0.000001 0.000000 0.000000 0.000006 0.000004 0.000557 0.000001 0.004210 0.000001 0.000000 0.018262 0.000000 0.014315 0.000003 0.015306 0.000024 0.000000 0.000000 0.013138 0.000001 0.000006 0.000000 0.000000 0.000002 0.000000 0.002018 0.000000 0.000000 0.003501 0.000255 0.000957 0.037423 0.000000 0.005755 0.000000 0.000002 0.000012 0.001914 0.000021 0.004389 0.000000 0.000002 0.000003 0.000004 0.005973 0.000002 0.000000 0.000001 0.000000 0.000001 0.000000 0.000000 0.000000 0.044555 0.000002 0.000749 0.000000 0.000000 0.000000 0.000000 0.000005 0.000000 0.000003 0.007295 0.000000 0.000000 0.002352 0.000000 0.006180 0.016914 0.003102 0.010734 0.000000 0.000000 0.006066 0.025211 0.255725 0.178206 0.051015 0.234755 0.000000 0.000000 0.000000 0.000002 0.000005 0.000001 0.000045 0.019692 0.000000 0.000000 0.000015 0.000009 
0.005044 0.000000 0.000000 0.000000 0.003255 0.002100 0.000000 0.001886 0.005775 0.006582 0.009398 0.004755 0.011382 0.001598 0.004719 0.016452 0.027121 0.011541 0.020305 0.024384 0.040192 0.005818 0.004595 0.023373 0.004699 0.000816 0.000000 0.003888 0.001022 0.001325 0.000000 0.003273 0.011302 0.007272 0.007958 0.007153 0.003691 0.001105 0.002788 0.001459 0.018137 0.012815 0.018511 0.031820 0.025991 0.007710 0.014315 0.062148 0.009561 0.007551 0.000000 0.004818 0.000355 0.003020 0.000000 0.004054 0.008027 0.008275 0.008417 0.011328 0.002515 0.001808 0.001584 0.000000 0.009982 0.010980 0.010947 0.014239 0.008769 0.000504 0.004839 0.021334 0.020629 0.001708 0.000000 0.031210 0.002835 0.002470 0.000000 0.004195 0.003835 0.009668 0.004783 0.009240 0.021785 0.000000 0.014921 0.009076 0.018003 0.015941 0.011273 0.037304 0.063829 0.008914 0.009444 0.066558 
0.007772 0.006888 0.001920 0.003891 0.001119 0.002535 0.000711 0.001940 0.031929 0.014617 0.204875 0.010716 0.003685 0.001155 0.001380 0.006515 0.013365 0.005940 0.008816 0.008042 0.001793 0.000000 0.000803 0.002704 0.004116 0.005365 0.000000 0.000000 0.000752 0.000000 0.000652 0.000831 0.025195 0.022474 0.108648 0.018954 0.000000 0.000000 0.000000 0.000000 0.003293 0.004214 0.005165 0.007016 0.000000 0.002070 0.000000 0.000000 0.007222 0.005413 0.000000 0.002513 0.000537 0.002425 0.000000 0.000000 0.025011 0.028318 0.114648 0.015270 0.000000 0.000000 0.000508 0.000000 0.012237 0.006477 0.004447 0.012066 0.000000 0.000000 0.000710 0.000000 0.009907 0.011599 0.002819 0.012289 0.001919 0.001853 0.000457 0.003282 0.016301 0.018697 0.085594 0.011253 0.005318 0.001001 0.000618 0.000000 0.007076 0.005201 0.007444 0.006050 0.000000 0.000000 0.001663 0.000001 
0.007405 0.000000 0.002844 0.000000 0.009801 0.006881 0.002316 0.008658 0.027050 0.018094 0.020602 0.017383 0.006055 0.006120 0.012750 0.006622 0.049568 0.016475 0.040600 0.031446 0.000000 0.003212 0.003480 0.000000 0.001203 0.000000 0.004458 0.007471 0.004882 0.007134 0.003471 0.005608 0.032085 0.025947 0.020562 0.022427 0.002416 0.000000 0.008665 0.002737 0.017919 0.012390 0.027201 0.019903 0.000000 0.002883 0.006022 0.008562 0.009128 0.007957 0.005406 0.006460 0.004045 0.005369 0.001700 0.000000 0.030915 0.028218 0.018216 0.026476 0.008060 0.002417 0.007549 0.000000 0.022793 0.011268 0.019781 0.018745 0.000000 0.000000 0.000000 0.000000 0.011986 0.012020 0.006407 0.009745 0.000000 0.006031 0.001419 0.000000 0.012210 0.025691 0.010390 0.011123 0.006114 0.005026 0.006202 0.001238 0.023951 0.016516 0.019381 0.018790 0.000000 0.005597 0.004597 0.009756 
0.000000 0.000000 0.000000 0.000000 0.000000 0.000000 0.000162 0.000725 0.007071 0.003397 0.003942 0.003019 0.000000 0.000000 0.000000 0.000000 0.000552 0.000376 0.000003 0.001472 0.000000 0.000000 0.000000 0.000567 0.000000 0.000000 0.000000 0.000000 0.000000 0.000000 0.000000 0.000000 0.016104 0.004214 0.005247 0.006963 0.000000 0.000000 0.000000 0.000632 0.000604 0.000001 0.000265 0.000002 0.000000 0.000000 0.000000 0.000000 0.000000 0.000000 0.000000 0.000000 0.000000 0.000000 0.000000 0.000348 0.007924 0.000003 0.000866 0.002983 0.000000 0.000000 0.000000 0.000000 0.000000 0.000000 0.000000 0.000000 0.000121 0.000000 0.000000 0.000086 0.015450 0.006527 0.002177 0.011559 0.038650 0.000000 0.001462 0.069442 0.430112 0.079761 0.047651 0.228898 0.000000 0.000000 0.000000 0.000000 0.000000 0.000000 0.000397 0.000002 0.000000 0.000000 0.000255 0.000001 
0.014219 0.009662 0.003080 0.007549 0.033918 0.017250 0.009029 0.032136 0.018571 0.010117 0.000000 0.012741 0.005563 0.004610 0.004731 0.000000 0.011225 0.010623 0.011670 0.013456 0.000000 0.001246 0.011362 0.008258 0.011753 0.012185 0.003021 0.007447 0.022991 0.017483 0.006708 0.035278 0.021302 0.011116 0.003083 0.017569 0.005861 0.008590 0.009587 0.010160 0.008087 0.015888 0.008511 0.011893 0.000000 0.007637 0.010633 0.005933 0.000000 0.006989 0.000000 0.007423 0.018274 0.013034 0.002218 0.026608 0.024227 0.013138 0.000000 0.013606 0.002858 0.003670 0.007964 0.003826 0.007680 0.005905 0.006544 0.005569 0.005566 0.006906 0.022000 0.005783 0.002493 0.017191 0.001624 0.000670 0.022934 0.031060 0.004442 0.048433 0.013497 0.022331 0.002206 0.009373 0.000000 0.008304 0.003305 0.007148 0.010361 0.013224 0.007437 0.009304 0.000000 0.007641 0.013312 0.010191 
0.029828 0.000000 0.000000 0.000000 0.000001 0.005710 0.000000 0.008839 0.000005 0.011170 0.000001 0.004049 0.000001 0.000001 0.000001 0.000000 0.047848 0.000005 0.000046 0.031667 0.000000 0.043690 0.000002 0.036333 0.000008 0.000000 0.000000 0.000004 0.000000 0.000000 0.000000 0.000001 0.001091 0.001534 0.000837 0.002461 0.000000 0.000000 0.000000 0.000002 0.030074 0.000014 0.000029 0.000030 0.000000 0.000003 0.027338 0.052826 0.000002 0.000002 0.000000 0.000002 0.000000 0.000002 0.000000 0.013157 0.000001 0.000048 0.000004 0.001732 0.000000 0.000000 0.000001 0.000000 0.000007 0.000000 0.000007 0.000010 0.000000 0.000000 0.000002 0.000000 0.062959 0.003301 0.000000 0.021888 0.000000 0.000001 0.000000 0.000000 0.001844 0.015364 0.130974 0.086756 0.000000 0.000001 0.000000 0.034449 0.027291 0.000002 0.053671 0.013317 0.068272 0.022096 0.017424 0.089961 
0.038051 0.035563 0.000000 0.035806 0.009249 0.004477 0.000000 0.010076 0.019083 0.005552 0.015917 0.023079 0.014482 0.013955 0.015165 0.027027 0.017221 0.007879 0.009983 0.023334 0.002515 0.000726 0.007487 0.002482 0.031655 0.022212 0.000000 0.028747 0.006856 0.006807 0.000000 0.007921 0.002542 0.002396 0.005537 0.018981 0.012982 0.020362 0.015638 0.029103 0.005014 0.011977 0.004689 0.011156 0.001800 0.002163 0.007192 0.003782 0.023576 0.013526 0.000000 0.022867 0.003057 0.002453 0.000000 0.006841 0.000000 0.000001 0.008551 0.005373 0.008096 0.008619 0.008900 0.019990 0.005197 0.006020 0.004811 0.009452 0.000690 0.000559 0.007680 0.005544 0.028002 0.014563 0.000000 0.038405 0.004503 0.003583 0.000000 0.006445 0.007619 0.003491 0.003468 0.012026 0.016209 0.013267 0.008582 0.031492 0.005335 0.006390 0.001095 0.010183 0.000000 0.002789 0.005898 0.006233 
0.000000 0.000875 0.000338 0.008484 0.000292 0.000000 0.000000 0.000000 0.000000 0.002307 0.012327 0.004879 0.000000 0.000000 0.000000 0.001129 0.003213 0.005244 0.002321 0.003850 0.000000 0.004017 0.001434 0.014258 0.002548 0.000000 0.000510 0.015600 0.000000 0.000000 0.000000 0.000000 0.001111 0.002265 0.010882 0.003915 0.000000 0.000000 0.000000 0.000663 0.000001 0.002374 0.001885 0.001734 0.001993 0.002140 0.003102 0.018390 0.001225 0.001873 0.000186 0.007906 0.000000 0.000229 0.000000 0.000000 0.000000 0.013531 0.027072 0.016025 0.000000 0.000137 0.000000 0.000529 0.006541 0.010320 0.005436 0.012647 0.000000 0.002075 0.001022 0.002780 0.037272 0.010645 0.003254 0.309279 0.000000 0.000000 0.000000 0.000000 0.004637 0.022528 0.216543 0.039093 0.000000 0.001029 0.000000 0.002638 0.003101 0.010629 0.006092 0.009633 0.004613 0.009707 0.001857 0.063835 
0.001760 0.003213 0.001050 0.002251 0.001092 0.001018 0.000000 0.001770 0.031732 0.015794 0.092179 0.015554 0.000595 0.003771 0.000000 0.005113 0.007311 0.005308 0.022985 0.001985 0.000000 0.001629 0.000407 0.002503 0.009663 0.023350 0.009319 0.057513 0.000000 0.000000 0.000000 0.000221 0.008744 0.009949 0.090005 0.009569 0.000000 0.002458 0.000760 0.000674 0.005898 0.003757 0.027132 0.003350 0.000000 0.003609 0.004939 0.008667 0.002370 0.005512 0.002071 0.009046 0.000000 0.002962 0.000000 0.001404 0.064404 0.076363 0.137609 0.054238 0.000000 0.002437 0.000620 0.001919 0.012002 0.005907 0.011360 0.004142 0.000000 0.001445 0.001056 0.002910 0.001630 0.003400 0.001115 0.005866 0.000000 0.000087 0.000000 0.000000 0.006661 0.006527 0.038226 0.004332 0.000000 0.000780 0.000000 0.000595 0.005557 0.003314 0.010734 0.002923 0.000000 0.001710 0.000554 0.007614 
0.038245 0.031004 0.022648 0.023180 0.009253 0.005075 0.003566 0.004799 0.010424 0.007206 0.000000 0.002087 0.003053 0.001803 0.008954 0.000000 0.004334 0.000000 0.005809 0.000002 0.000000 0.000000 0.000677 0.000000 0.051809 0.069751 0.010778 0.046012 0.011394 0.009685 0.007374 0.009843 0.021992 0.015513 0.007254 0.019152 0.006954 0.010390 0.038253 0.009545 0.004797 0.000891 0.010221 0.003979 0.000000 0.001180 0.004354 0.001110 0.041811 0.046976 0.025736 0.026635 0.008102 0.009583 0.007296 0.006229 0.008633 0.007405 0.000000 0.007888 0.007183 0.004325 0.015491 0.002331 0.005251 0.000000 0.003349 0.000000 0.000000 0.000000 0.001287 0.000000 0.034968 0.060438 0.011900 0.040982 0.003616 0.010844 0.003457 0.005471 0.001534 0.005916 0.000592 0.007214 0.002688 0.003866 0.008169 0.000778 0.000000 0.000000 0.003384 0.000001 0.000618 0.000000 0.002603 0.001098 
0.034136 0.000000 0.013256 0.325632 0.000000 0.120968 0.000000 0.011193 0.241316 0.000000 0.085778 0.167719 
0.000000 0.074965 0.003753 0.000000 0.000000 0.908894 0.000000 0.000000 0.000142 0.000000 0.000000 0.012246 
0.014629 0.000000 0.042422 0.000000 0.213955 0.020106 0.087422 0.000000 0.464749 0.000000 0.074318 0.082399 
0.591200 0.000000 0.008390 0.000000 0.021857 0.021343 0.013397 0.000000 0.028187 0.287315 0.000000 0.028311 
0.000000 0.013226 0.000003 0.032265 0.000000 0.000000 0.000000 0.000000 0.000842 0.921221 0.025608 0.006835 
0.148862 0.023374 0.444077 0.000000 0.000000 0.000000 0.000000 0.000000 0.122180 0.000000 0.261507 0.000000 
0.000000 0.000000 0.144482 0.000000 0.039837 0.000000 0.023167 0.000000 0.116468 0.000000 0.000000 0.676046 
0.043098 0.000000 0.051721 0.000000 0.313872 0.305792 0.094091 0.000000 0.191426 0.000000 0.000000 0.000001 
0.004919 0.000000 0.066628 0.000000 0.132908 0.152954 0.332300 0.000000 0.289308 0.000000 0.000000 0.020983 
0.040581 0.000000 0.029671 0.036113 0.000000 0.000000 0.035374 0.000000 0.270167 0.027889 0.338556 0.221648 
0.000000 0.000000 0.048844 0.000000 0.000000 0.000000 0.000000 0.022949 0.026226 0.845541 0.000000 0.056440 
0.000000 0.000000 0.040300 0.000000 0.000000 0.010059 0.378999 0.000000 0.202860 0.050074 0.317707 0.000001 
0.004739 0.000000 0.021514 0.000000 0.000000 0.000000 0.106539 0.000000 0.633161 0.000000 0.021443 0.212605 
0.000000 0.000000 0.552461 0.153677 0.000000 0.000000 0.021320 0.000000 0.165940 0.029247 0.064021 0.013335 
0.176635 0.000000 0.000003 0.226154 0.064128 0.021238 0.000000 0.000000 0.106131 0.000000 0.000000 0.405711 
0.000000 0.000000 0.037476 0.014706 0.187276 0.000000 0.194476 0.000000 0.187135 0.378931 0.000000 0.000000 
0.000000 0.000000 0.000003 0.000000 0.000000 0.007088 0.000000 0.000000 0.057282 0.912738 0.000000 0.022888 
0.000000 0.000000 0.422885 0.000000 0.036872 0.000000 0.064499 0.000000 0.162844 0.000000 0.000000 0.312901 
0.888477 0.034095 0.003377 0.023871 0.000000 0.000000 0.000000 0.000000 0.006314 0.000000 0.021215 0.022652 
0.000000 0.000000 0.486661 0.000000 0.060086 0.008187 0.000000 0.000000 0.187580 0.000000 0.000000 0.257486 
0.000000 0.023254 0.152330 0.000000 0.000000 0.444642 0.000000 0.000000 0.250849 0.000000 0.020375 0.108550 
0.000000 0.000000 0.086485 0.191444 0.000000 0.029122 0.000000 0.000000 0.044977 0.578290 0.040651 0.029031 
0.000000 0.000000 0.430163 0.000000 0.000000 0.000000 0.000000 0.000000 0.505302 0.000000 0.021611 0.042924 
0.036759 0.000000 0.039544 0.000000 0.000000 0.000000 0.341430 0.000000 0.204589 0.000000 0.000000 0.377678 
0.619594 0.036358 0.000003 0.000000 0.000000 0.006802 0.000000 0.000000 0.000416 0.336826 0.000000 0.000001 
0.019374 0.028118 0.051880 0.263791 0.299010 0.000000 0.061662 0.000000 0.141166 0.000000 0.134998 0.000000 
0.817190 0.000000 0.127325 0.007900 0.000000 0.000000 0.000000 0.000000 0.047584 0.000000 0.000000 0.000000 
0.215020 0.000000 0.000003 0.172859 0.000000 0.000000 0.000000 0.021221 0.084980 0.247040 0.000000 0.258876 
0.457988 0.000000 0.311420 0.000000 0.054180 0.000000 0.045641 0.000000 0.130770 0.000000 0.000000 0.000001 
0.642645 0.000000 0.009376 0.000000 0.000000 0.000000 0.000000 0.000000 0.022073 0.206601 0.000000 0.119306 
0.000000 0.000000 0.135291 0.000000 0.000000 0.773923 0.026601 0.000000 0.064184 0.000000 0.000000 0.000000 
0.287487 0.021319 0.026985 0.017030 0.000000 0.000000 0.051276 0.000000 0.548933 0.000000 0.000000 0.046969 
0.000000 0.000000 0.093651 0.000000 0.537230 0.000000 0.120358 0.000000 0.235283 0.013477 0.000000 0.000001 
0.000000 0.029923 0.046065 0.000000 0.331814 0.000000 0.070183 0.024542 0.180565 0.316909 0.000000 0.000001 
0.982295 0.008887 0.000003 0.000000 0.000000 0.008514 0.000000 0.000000 0.000301 0.000000 0.000000 0.000000 
0.136713 0.000000 0.017444 0.000000 0.050693 0.000000 0.000000 0.000000 0.020195 0.000000 0.774954 0.000001 
0.019648 0.000000 0.008159 0.480780 0.000000 0.000000 0.016520 0.021284 0.362534 0.000000 0.078051 0.013023 
0.000000 0.008786 0.070870 0.000000 0.430153 0.000000 0.073226 0.000000 0.169386 0.237444 0.010135 0.000001 
0.183855 0.000000 0.054830 0.000000 0.000000 0.000000 0.448805 0.000000 0.240567 0.000000 0.000000 0.071943 
0.000000 0.000000 0.026868 0.574263 0.000000 0.000000 0.149916 0.023854 0.185164 0.000000 0.039934 0.000001 
0.000000 0.000000 0.055891 0.081668 0.000000 0.112061 0.000000 0.000000 0.578785 0.000000 0.133152 0.038443 
0.000000 0.000000 0.037305 0.254665 0.000000 0.015657 0.354228 0.021889 0.215973 0.000000 0.050482 0.049802 
0.020044 0.000000 0.692108 0.000000 0.041259 0.000000 0.000000 0.000000 0.222628 0.000000 0.000000 0.023960 
0.000000 0.000000 0.067222 0.013793 0.027439 0.000000 0.000000 0.000000 0.660347 0.000000 0.000000 0.231199 
0.000000 0.049724 0.028113 0.146265 0.031440 0.690178 0.000000 0.007563 0.041104 0.000000 0.000000 0.005612 
0.646269 0.000000 0.010248 0.000000 0.000000 0.245058 0.000000 0.000000 0.022946 0.036556 0.038923 0.000001 
0.189412 0.000000 0.055287 0.271128 0.038858 0.082560 0.000000 0.000000 0.100533 0.000000 0.064774 0.197448 
0.000000 0.000000 0.064470 0.000000 0.000000 0.000000 0.449598 0.000000 0.430166 0.000000 0.038917 0.016849 
0.000000 0.000000 0.021458 0.292997 0.020431 0.000000 0.000000 0.000000 0.565856 0.026653 0.041956 0.030648 
0.000000 0.000000 0.283817 0.000000 0.025983 0.000000 0.329165 0.000000 0.252886 0.000000 0.000000 0.108149 
0.054647 0.019837 0.036072 0.037770 0.000000 0.000000 0.000000 0.000000 0.746378 0.032342 0.000000 0.072954 
0.000000 0.000000 0.000003 0.000000 0.008009 0.021324 0.000000 0.000000 0.031477 0.082853 0.490638 0.365696 
0.000000 0.000000 0.000003 0.000000 0.034408 0.651227 0.000000 0.000000 0.031491 0.092077 0.017125 0.173669 
0.852757 0.040244 0.017076 0.000000 0.000000 0.048785 0.011566 0.000000 0.006117 0.023454 0.000000 0.000000 
0.000000 0.000000 0.000003 0.014119 0.050502 0.000000 0.000000 0.000000 0.095143 0.000000 0.000000 0.840233 
0.000000 0.000000 0.000003 0.000000 0.062067 0.000000 0.000000 0.000000 0.126333 0.000000 0.000000 0.811597 
0.000000 0.000000 0.004816 0.000000 0.000000 0.015572 0.000000 0.000000 0.052488 0.000000 0.927124 0.000001 
0.000000 0.000000 0.057179 0.000000 0.569944 0.000000 0.115568 0.000000 0.214895 0.042414 0.000000 0.000001 
0.963481 0.021889 0.000003 0.004767 0.000000 0.000000 0.000000 0.000000 0.009860 0.000000 0.000000 0.000000 
0.000000 0.000000 0.079942 0.172441 0.455265 0.000000 0.100985 0.000000 0.191366 0.000000 0.000000 0.000001 
0.018263 0.000000 0.011255 0.126370 0.000000 0.000000 0.019737 0.037607 0.040528 0.710079 0.025361 0.010798 
0.000000 0.000000 0.000004 0.000000 0.000000 0.000000 0.000000 0.010954 0.004302 0.000000 0.984741 0.000000 
0.000000 0.016052 0.402594 0.000000 0.145795 0.000000 0.025603 0.000000 0.300707 0.077115 0.000000 0.032134 
0.055554 0.000000 0.056021 0.421620 0.000000 0.013117 0.202147 0.022094 0.193242 0.000000 0.026426 0.009778 
0.000000 0.000000 0.039850 0.000000 0.000000 0.000000 0.431824 0.000000 0.261678 0.000000 0.000000 0.266648 
0.007642 0.000000 0.346717 0.000000 0.318168 0.000000 0.065147 0.000000 0.197992 0.000000 0.064333 0.000001 
0.020688 0.000000 0.000003 0.000000 0.000000 0.000000 0.000000 0.011868 0.007211 0.945709 0.000000 0.014521 
0.000000 0.020558 0.013138 0.000000 0.036747 0.000000 0.011887 0.000000 0.429200 0.006965 0.074986 0.406519 
0.000000 0.000000 0.141922 0.000000 0.000000 0.317885 0.340497 0.000000 0.158344 0.000000 0.006557 0.034794 
0.076669 0.000000 0.297205 0.000000 0.000000 0.000000 0.000000 0.000000 0.109358 0.000000 0.011024 0.505745 
0.000000 0.026537 0.049422 0.154992 0.221377 0.322781 0.053208 0.000000 0.171684 0.000000 0.000000 0.000001 
0.000000 0.000000 0.015237 0.456573 0.043968 0.000000 0.000000 0.020394 0.079450 0.000000 0.028208 0.356170 
0.000000 0.000000 0.563696 0.120779 0.000000 0.000000 0.033001 0.000000 0.236505 0.046018 0.000000 0.000001 
0.000000 0.000000 0.008102 0.000000 0.075878 0.000000 0.037035 0.000000 0.039807 0.687326 0.151851 0.000001 
0.000000 0.000000 0.176234 0.000000 0.000000 0.168706 0.011953 0.000000 0.081679 0.000000 0.543090 0.018338 
0.000000 0.000000 0.000003 0.000000 0.000000 0.000000 0.000000 0.024541 0.000235 0.975220 0.000000 0.000000 
0.159130 0.014696 0.038759 0.212582 0.322420 0.000000 0.027161 0.000000 0.139229 0.048531 0.000000 0.037491 
0.074737 0.000000 0.054285 0.244428 0.000000 0.000000 0.000000 0.000000 0.579417 0.000000 0.000000 0.047133 
0.000000 0.000000 0.000003 0.000000 0.036023 0.180841 0.000000 0.000000 0.658714 0.000000 0.000000 0.124418 
0.000000 0.000000 0.008872 0.000000 0.000000 0.263700 0.009855 0.000000 0.015647 0.027512 0.674414 0.000001 
0.000000 0.000000 0.065662 0.036246 0.445374 0.000000 0.130533 0.000000 0.206894 0.000000 0.115290 0.000001 
0.000000 0.000000 0.000003 0.337894 0.000000 0.000000 0.000000 0.027921 0.102448 0.000000 0.531734 0.000001 
0.000000 0.000000 0.000003 0.000000 0.000000 0.000000 0.000000 0.000000 0.010673 0.945885 0.015588 0.027850 
0.281727 0.000000 0.399375 0.000000 0.000000 0.000000 0.052493 0.000000 0.150131 0.000000 0.028339 0.087936 
0.754414 0.028712 0.016302 0.011778 0.000000 0.000000 0.000000 0.000000 0.168635 0.000000 0.000000 0.020160 
0.524554 0.011814 0.073137 0.000000 0.000000 0.000000 0.026094 0.000000 0.073937 0.000000 0.000000 0.290464 
0.000000 0.000000 0.026987 0.671513 0.018809 0.000000 0.050871 0.015209 0.088697 0.000000 0.127914 0.000001 
0.252664 0.000000 0.000004 0.600931 0.000000 0.000000 0.000000 0.013365 0.099773 0.000000 0.033263 0.000001 
0.000000 0.000000 0.131505 0.000000 0.000000 0.126485 0.033728 0.000000 0.071514 0.424351 0.212416 0.000001 
0.145076 0.000000 0.241150 0.000000 0.031519 0.023136 0.000000 0.000000 0.143055 0.000000 0.000000 0.416064 
0.000000 0.056586 0.073491 0.000000 0.510880 0.000000 0.068986 0.000000 0.273432 0.000000 0.000000 0.016625 
0.069456 0.000000 0.007765 0.000000 0.038244 0.814539 0.000000 0.000000 0.033486 0.036509 0.000000 0.000001 
0.322722 0.000000 0.144744 0.424550 0.000000 0.000000 0.000000 0.000000 0.073857 0.000000 0.016022 0.018104 
0.026243 0.000000 0.165286 0.000000 0.024872 0.000000 0.015140 0.024530 0.080108 0.663821 0.000000 0.000001 
0.000000 0.031667 0.080064 0.000000 0.000000 0.839918 0.000000 0.000000 0.032674 0.000000 0.000000 0.015678 
0.000000 0.000000 0.026552 0.675841 0.031611 0.011594 0.000000 0.042449 0.113984 0.000000 0.097969 0.000001 
0.000000 0.000000 0.074958 0.025741 0.083372 0.026497 0.216725 0.000000 0.539286 0.000000 0.000000 0.033421 
0.000000 0.000000 0.000004 0.767412 0.000000 0.000000 0.000000 0.040848 0.139973 0.000000 0.051763 0.000000 
0.000000 0.000000 0.012899 0.000000 0.132737 0.000000 0.012108 0.000000 0.051268 0.203971 0.587017 0.000000 
0.017715 0.044564 0.000003 0.000000 0.000000 0.420495 0.000000 0.000000 0.311843 0.000000 0.000000 0.205380 
0.000000 0.000000 0.060440 0.066767 0.000000 0.221876 0.000000 0.000000 0.140434 0.031346 0.033557 0.445579 
0.131590 0.000000 0.149464 0.018986 0.064523 0.000000 0.000000 0.000000 0.563442 0.000000 0.000000 0.071995 
0.012493 0.000000 0.331394 0.000000 0.325472 0.000000 0.092909 0.000000 0.237731 0.000000 0.000000 0.000000 
0.000000 0.010955 0.483427 0.000000 0.000000 0.000000 0.000000 0.000000 0.392291 0.078366 0.000000 0.034960 
0.064675 0.000000 0.024359 0.000000 0.000000 0.000000 0.531706 0.046328 0.231986 0.044592 0.000000 0.056353 
0.922682 0.039425 0.000003 0.000000 0.019062 0.000000 0.000000 0.000000 0.018827 0.000000 0.000000 0.000001 
0.000000 0.000000 0.298907 0.000000 0.000000 0.000000 0.000000 0.000000 0.079026 0.185863 0.436204 0.000001 
0.000000 0.000000 0.050269 0.016280 0.301126 0.000000 0.069020 0.000000 0.504681 0.021460 0.000000 0.037164 
0.907876 0.043928 0.005449 0.014941 0.018638 0.000000 0.000000 0.000000 0.009167 0.000000 0.000000 0.000000 
0.474481 0.000000 0.000004 0.028712 0.000000 0.000000 0.000000 0.000000 0.096147 0.343620 0.000000 0.057037 
0.000000 0.000000 0.066058 0.015841 0.410494 0.000000 0.155242 0.000000 0.243019 0.109346 0.000000 0.000001 
0.000000 0.000000 0.072783 0.084520 0.414389 0.142657 0.039870 0.010252 0.193760 0.041768 0.000000 0.000000 
0.000000 0.000000 0.066559 0.000000 0.485416 0.000000 0.110251 0.019660 0.219329 0.000000 0.098785 0.000001 
0.000000 0.000000 0.000003 0.496804 0.017441 0.000000 0.000000 0.010756 0.085057 0.000000 0.202324 0.187615 
0.000000 0.023535 0.000002 0.000000 0.000000 0.956158 0.005333 0.000000 0.014971 0.000000 0.000000 0.000001 
0.000000 0.000000 0.018770 0.144686 0.185167 0.000000 0.000000 0.000000 0.204146 0.000000 0.000000 0.447231 
0.035971 0.027354 0.000003 0.757457 0.000000 0.000000 0.000000 0.030696 0.069118 0.000000 0.054311 0.025089 
0.038168 0.000000 0.000004 0.643133 0.032677 0.000000 0.000000 0.014412 0.082807 0.114887 0.073913 0.000001 
0.000000 0.000000 0.038371 0.085554 0.000000 0.000000 0.204463 0.000000 0.199858 0.000000 0.444999 0.026754 
0.873617 0.040282 0.004127 0.009650 0.000000 0.000000 0.000000 0.000000 0.003858 0.000000 0.068466 0.000001 
0.027322 0.000000 0.101815 0.615818 0.000000 0.000000 0.000000 0.000000 0.176988 0.031703 0.046353 0.000001 
0.000000 0.000000 0.000003 0.000000 0.025593 0.000000 0.000000 0.000000 0.110612 0.178113 0.000000 0.685678 
0.820675 0.000000 0.004274 0.000000 0.029280 0.000000 0.018751 0.000000 0.127019 0.000000 0.000000 0.000001 
0.012586 0.000000 0.047022 0.009515 0.000000 0.000000 0.495585 0.000000 0.223053 0.190452 0.000000 0.021787 
0.000000 0.000000 0.019707 0.055168 0.000000 0.148224 0.000000 0.000000 0.079709 0.678731 0.000000 0.018460 
0.436979 0.012875 0.000003 0.014228 0.000000 0.000000 0.014458 0.000000 0.006955 0.514501 0.000000 0.000001 
0.000000 0.021446 0.009975 0.381944 0.086686 0.000000 0.084615 0.019897 0.214379 0.000000 0.131700 0.049357 
0.000000 0.000000 0.041331 0.040206 0.328934 0.105231 0.074273 0.000000 0.133159 0.244089 0.000000 0.032777 
0.000000 0.000000 0.042782 0.000000 0.375072 0.000000 0.067363 0.000000 0.174126 0.340656 0.000000 0.000001 
0.000000 0.000000 0.000003 0.000000 0.064970 0.000000 0.000000 0.000000 0.268429 0.176856 0.000000 0.489742 
0.016055 0.047726 0.031463 0.000000 0.132286 0.418045 0.112436 0.000000 0.241987 0.000000 0.000000 0.000001 
0.000000 0.000000 0.022788 0.036894 0.000000 0.078140 0.030605 0.000000 0.236130 0.000000 0.579225 0.016218 
0.080081 0.000000 0.011495 0.038477 0.000000 0.095683 0.000000 0.000000 0.725312 0.000000 0.000000 0.048951 
0.000000 0.000000 0.053732 0.000000 0.548996 0.040830 0.139138 0.000000 0.217303 0.000000 0.000000 0.000001 
0.006477 0.000000 0.085077 0.113322 0.000000 0.000000 0.000000 0.000000 0.704544 0.000000 0.000000 0.090580 
0.000000 0.000000 0.018190 0.000000 0.088338 0.000000 0.129892 0.000000 0.150939 0.000000 0.000000 0.612641 
0.113930 0.000000 0.012618 0.020156 0.230744 0.000000 0.083178 0.000000 0.133582 0.000000 0.218372 0.187420 
0.000000 0.000000 0.076779 0.000000 0.020924 0.000000 0.000000 0.000000 0.689154 0.109273 0.038602 0.065269 
0.164608 0.000000 0.065822 0.000000 0.336872 0.000000 0.047643 0.000000 0.156593 0.228461 0.000000 0.000000 
0.000000 0.036469 0.057169 0.000000 0.456742 0.095759 0.113607 0.000000 0.217205 0.000000 0.023050 0.000001 
0.683980 0.074036 0.036118 0.000000 0.096539 0.031822 0.029884 0.000000 0.034454 0.000000 0.000000 0.013166 
0.751818 0.000000 0.004341 0.000000 0.027695 0.019554 0.089076 0.000000 0.083989 0.023525 0.000000 0.000001 
0.588384 0.039580 0.004295 0.000000 0.038553 0.000000 0.000000 0.000000 0.005341 0.000000 0.323846 0.000001 
0.000000 0.000000 0.518735 0.000000 0.000000 0.000000 0.208616 0.000000 0.235680 0.000000 0.036968 0.000001 
0.030938 0.000000 0.181678 0.211626 0.000000 0.014285 0.000000 0.000000 0.143664 0.000000 0.022153 0.395657 
0.000000 0.035666 0.378988 0.000000 0.145425 0.230338 0.058835 0.000000 0.150747 0.000000 0.000000 0.000001 
0.000000 0.000000 0.486671 0.126841 0.033320 0.051044 0.000000 0.000000 0.302124 0.000000 0.000000 0.000001 
0.000000 0.000000 0.466539 0.022054 0.025653 0.000000 0.064934 0.000000 0.388581 0.015006 0.000000 0.017233 
0.000000 0.000000 0.056466 0.274848 0.072900 0.000000 0.292894 0.000000 0.187520 0.000000 0.000000 0.115371 
0.125429 0.033707 0.183893 0.000000 0.000000 0.362951 0.035499 0.000000 0.093291 0.165229 0.000000 0.000001 
0.000000 0.000000 0.004722 0.000000 0.019308 0.685952 0.000000 0.000000 0.080131 0.000000 0.019430 0.190456 
0.253329 0.000000 0.031785 0.000000 0.000000 0.013091 0.196264 0.000000 0.471709 0.000000 0.000000 0.033822 
0.000000 0.000000 0.252796 0.000000 0.363585 0.000000 0.115895 0.000000 0.184034 0.000000 0.083689 0.000001 
0.000000 0.032974 0.000003 0.000000 0.000000 0.758141 0.009260 0.000000 0.030019 0.006842 0.162760 0.000001 
0.000000 0.000000 0.030141 0.000000 0.000000 0.000000 0.026340 0.000000 0.051823 0.000000 0.731064 0.160633 
0.009991 0.000000 0.046754 0.000000 0.000000 0.000000 0.491956 0.000000 0.269714 0.000000 0.000000 0.181586 
0.051250 0.035714 0.037923 0.000000 0.300408 0.000000 0.104814 0.000000 0.206050 0.000000 0.000000 0.263842 
0.000000 0.000000 0.028012 0.000000 0.188557 0.000000 0.050538 0.000000 0.083132 0.649761 0.000000 0.000001 
0.000000 0.000000 0.020186 0.000000 0.000000 0.000000 0.000000 0.000000 0.023771 0.926370 0.021799 0.007874 
0.000000 0.000000 0.000003 0.196512 0.060141 0.000000 0.000000 0.000000 0.051758 0.000000 0.000000 0.691586 
0.000000 0.000000 0.024387 0.000000 0.338827 0.000000 0.072352 0.013614 0.113245 0.000000 0.437574 0.000001 
0.027308 0.000000 0.048080 0.023230 0.000000 0.000000 0.000000 0.000000 0.809542 0.009578 0.000000 0.082261 
0.000000 0.000000 0.114810 0.000000 0.000000 0.000000 0.268925 0.022926 0.202795 0.390544 0.000000 0.000001 
0.000000 0.000000 0.008451 0.243993 0.000000 0.112874 0.000000 0.000000 0.140993 0.196684 0.047740 0.249267 
0.000000 0.000000 0.054170 0.000000 0.000000 0.000000 0.487807 0.000000 0.432735 0.000000 0.000000 0.025289 
0.000000 0.000000 0.407319 0.008023 0.099392 0.000000 0.000000 0.000000 0.198600 0.000000 0.000000 0.286666 
0.000000 0.051600 0.007554 0.009712 0.000000 0.487510 0.000000 0.000000 0.219298 0.000000 0.000000 0.224326 
0.000000 0.021887 0.013123 0.000000 0.125822 0.536337 0.027300 0.000000 0.073145 0.000000 0.000000 0.202386 
0.000000 0.000000 0.043930 0.000000 0.041696 0.080724 0.030810 0.049646 0.068928 0.646139 0.038128 0.000001 
0.215378 0.043429 0.002220 0.000000 0.000000 0.381660 0.000000 0.000000 0.011831 0.005963 0.339518 0.000001 
0.335954 0.000000 0.014325 0.136321 0.223580 0.000000 0.046605 0.000000 0.118126 0.125087 0.000000 0.000001 
0.147529 0.000000 0.614024 0.000000 0.000000 0.000000 0.048784 0.000000 0.174526 0.000000 0.000000 0.015137 
0.018632 0.047573 0.014053 0.000000 0.020574 0.677678 0.024490 0.000000 0.057086 0.000000 0.000000 0.139913 
0.000000 0.000000 0.046866 0.107995 0.249680 0.000000 0.043088 0.000000 0.142516 0.335212 0.074642 0.000001 
0.000000 0.000000 0.006667 0.000000 0.000000 0.000000 0.000000 0.000000 0.014068 0.000000 0.979264 0.000000 
0.000000 0.000000 0.000003 0.000000 0.059344 0.000000 0.041342 0.000000 0.133416 0.000000 0.004131 0.761763 
0.000000 0.000000 0.524840 0.000000 0.000000 0.308965 0.000000 0.000000 0.157143 0.000000 0.000000 0.009052 
0.000000 0.014156 0.053089 0.000000 0.000000 0.000000 0.512642 0.000000 0.230847 0.170096 0.000000 0.019169 
0.024483 0.045576 0.000006 0.000000 0.000000 0.721015 0.000000 0.000000 0.136074 0.000000 0.000000 0.072845 
0.000000 0.000000 0.493282 0.223474 0.052985 0.005870 0.008783 0.014504 0.167489 0.033613 0.000000 0.000001 
0.060350 0.000000 0.135699 0.057831 0.175984 0.179451 0.106881 0.000000 0.153411 0.130393 0.000000 0.000001 
0.013858 0.000000 0.000004 0.769580 0.000000 0.000000 0.000000 0.020400 0.100000 0.000000 0.096158 0.000000 
0.077967 0.024028 0.000003 0.000000 0.000000 0.000000 0.015901 0.008779 0.020282 0.000000 0.725279 0.127761 
0.091814 0.011104 0.000004 0.000000 0.072244 0.000000 0.000000 0.000000 0.185285 0.000000 0.000000 0.639549 
0.000000 0.010300 0.033403 0.000000 0.265600 0.000000 0.106402 0.000000 0.200636 0.000000 0.000000 0.383659 
0.713360 0.000000 0.000003 0.000000 0.000000 0.000000 0.037077 0.000000 0.026584 0.005668 0.217306 0.000000 
0.581161 0.000000 0.258195 0.039131 0.000000 0.000000 0.000000 0.000000 0.040725 0.006085 0.066358 0.008345 
0.000000 0.000000 0.000003 0.000000 0.000000 0.000000 0.000000 0.007048 0.000203 0.986077 0.000000 0.006668 
0.000000 0.000000 0.000003 0.578920 0.033364 0.000000 0.000000 0.000000 0.102061 0.000000 0.101178 0.184474 
0.000000 0.000000 0.024151 0.268037 0.131734 0.010648 0.027728 0.000000 0.136523 0.401178 0.000000 0.000001 
0.355271 0.019426 0.353901 0.035620 0.000000 0.000000 0.000000 0.000000 0.096288 0.139494 0.000000 0.000000 
0.000000 0.000000 0.021706 0.030755 0.032907 0.137630 0.000000 0.000000 0.660712 0.000000 0.087152 0.029139 
0.253226 0.000000 0.023265 0.037331 0.000000 0.161069 0.101468 0.000000 0.391824 0.000000 0.000000 0.031817 
0.158830 0.000000 0.188496 0.000000 0.000000 0.000000 0.113351 0.000000 0.100070 0.018195 0.410659 0.010399 
0.007030 0.000000 0.314486 0.000000 0.180092 0.039533 0.211893 0.000000 0.246965 0.000000 0.000000 0.000001 
0.000000 0.000000 0.529122 0.021845 0.112006 0.033950 0.000000 0.031332 0.195472 0.000000 0.000000 0.076272 
0.000000 0.000000 0.000003 0.000000 0.000000 0.143310 0.011362 0.009072 0.013185 0.022631 0.800436 0.000001 
0.037885 0.077983 0.005841 0.000000 0.000000 0.696636 0.034439 0.000000 0.023162 0.077106 0.046948 0.000001 
0.008235 0.000000 0.058558 0.063018 0.025266 0.339957 0.000000 0.000000 0.070291 0.434675 0.000000 0.000001 
0.000000 0.000000 0.028859 0.000000 0.107036 0.000000 0.000000 0.000000 0.633760 0.000000 0.140262 0.090083 
0.000000 0.000000 0.000003 0.055795 0.089275 0.334384 0.000000 0.020614 0.101819 0.000000 0.107329 0.290781 
0.000000 0.000000 0.219572 0.536935 0.000000 0.000000 0.020496 0.057242 0.128856 0.000000 0.036898 0.000000 
0.000000 0.000000 0.109533 0.000000 0.000000 0.341208 0.009945 0.007922 0.040486 0.482787 0.000000 0.008118 
0.000000 0.000000 0.067933 0.000000 0.025689 0.000000 0.310382 0.000000 0.519405 0.024107 0.037597 0.014888 
0.000000 0.000000 0.015637 0.028297 0.000000 0.000000 0.000000 0.000000 0.888336 0.000000 0.000000 0.067730 
0.836764 0.028704 0.010252 0.003007 0.038150 0.000000 0.034309 0.000000 0.038615 0.000000 0.000000 0.010198 
0.000000 0.000000 0.048606 0.000000 0.000000 0.037605 0.421108 0.000000 0.250691 0.016141 0.055811 0.170037 
0.054184 0.000000 0.000004 0.000000 0.072394 0.137878 0.021839 0.000000 0.082904 0.032522 0.026074 0.572200 
0.026794 0.000000 0.000003 0.563597 0.000000 0.051421 0.019192 0.000000 0.085227 0.175665 0.078100 0.000001 
0.000000 0.000000 0.010678 0.000000 0.047069 0.230419 0.000000 0.000000 0.195030 0.037614 0.000000 0.479189 
0.000000 0.000000 0.029185 0.000000 0.000000 0.000000 0.219526 0.000000 0.209021 0.000000 0.297506 0.244762 
0.000000 0.081499 0.000004 0.000000 0.000000 0.875240 0.000000 0.006727 0.011602 0.015809 0.009118 0.000000 
0.000000 0.043588 0.072716 0.000000 0.124650 0.379704 0.150446 0.000000 0.172702 0.000000 0.000000 0.056194 
0.000000 0.000000 0.000003 0.394208 0.000000 0.000000 0.000000 0.014234 0.511961 0.000000 0.044791 0.034803 
0.705995 0.032971 0.013851 0.012534 0.000000 0.000000 0.145131 0.000000 0.072403 0.000000 0.000000 0.017116 
0.000000 0.000000 0.003182 0.000000 0.000000 0.000000 0.052769 0.000000 0.022231 0.000000 0.921818 0.000000 
0.040269 0.014607 0.006557 0.498469 0.066120 0.087884 0.059028 0.015180 0.076522 0.085306 0.050057 0.000001 
0.000000 0.029047 0.024509 0.023309 0.000000 0.084024 0.000000 0.000000 0.762954 0.006596 0.000000 0.069562 
0.133390 0.056485 0.060422 0.000000 0.408434 0.000000 0.079522 0.000000 0.176489 0.046233 0.039025 0.000001 
0.000000 0.000000 0.000003 0.000000 0.053249 0.000000 0.067939 0.000000 0.092811 0.306470 0.218750 0.260778 
0.000000 0.029272 0.057933 0.010691 0.000000 0.105759 0.000000 0.000000 0.014338 0.770910 0.000000 0.011097 
0.000000 0.045277 0.031551 0.000000 0.000000 0.902126 0.000000 0.000000 0.021046 0.000000 0.000000 0.000000 
0.397079 0.000000 0.455899 0.000000 0.000000 0.000000 0.000000 0.000000 0.147022 0.000000 0.000000 0.000000 
0.000000 0.008672 0.000003 0.000000 0.041449 0.000000 0.000000 0.000000 0.063384 0.211991 0.000000 0.674501 
0.000000 0.000000 0.192331 0.000000 0.000000 0.558900 0.118213 0.000000 0.123261 0.000000 0.000000 0.007296 
0.011893 0.000000 0.025296 0.186864 0.020989 0.000000 0.000000 0.009520 0.021591 0.723846 0.000000 0.000001 
0.000000 0.000000 0.780420 0.019155 0.000000 0.000000 0.000000 0.000000 0.200425 0.000000 0.000000 0.000001 
0.000000 0.000000 0.000003 0.000000 0.000000 0.000000 0.000000 0.000000 0.010619 0.980958 0.008419 0.000001 
0.639731 0.000000 0.000004 0.000000 0.012015 0.000000 0.051551 0.000000 0.058811 0.193056 0.044833 0.000001 
0.000000 0.000000 0.203375 0.000000 0.000000 0.000000 0.371957 0.000000 0.240873 0.000000 0.097632 0.086163 
0.012237 0.000000 0.007137 0.000000 0.024123 0.000000 0.000000 0.000000 0.541637 0.000000 0.000000 0.414867 
0.133916 0.000000 0.518866 0.000000 0.000000 0.000000 0.000000 0.000000 0.154281 0.145272 0.028169 0.019496 
0.000000 0.000000 0.067814 0.000000 0.175969 0.520322 0.031844 0.000000 0.099121 0.104930 0.000000 0.000001 
0.000000 0.000000 0.052082 0.009997 0.121590 0.224065 0.029775 0.000000 0.476956 0.000000 0.000000 0.085536 
0.365946 0.000000 0.021529 0.000000 0.000000 0.000000 0.270950 0.000000 0.253639 0.075322 0.000000 0.012613 
0.564613 0.000000 0.029260 0.000000 0.232502 0.000000 0.054128 0.000000 0.119497 0.000000 0.000000 0.000001 
0.000000 0.000000 0.000003 0.019195 0.053659 0.000000 0.000000 0.000000 0.211046 0.000000 0.031676 0.684420 
0.000000 0.000000 0.000003 0.512082 0.017367 0.212437 0.000000 0.016471 0.194309 0.000000 0.047331 0.000001 
0.171104 0.000000 0.042765 0.171242 0.000000 0.000000 0.377904 0.000000 0.217414 0.000000 0.000000 0.019571 
0.000000 0.000000 0.057283 0.000000 0.000000 0.168809 0.000000 0.000000 0.007285 0.739054 0.000000 0.027569 
0.048468 0.000000 0.000003 0.000000 0.273927 0.000000 0.072145 0.037700 0.099521 0.000000 0.468234 0.000001 
0.000000 0.000000 0.035526 0.294975 0.069785 0.000000 0.000000 0.000000 0.052680 0.531092 0.000000 0.015942 
0.841060 0.038261 0.017656 0.000000 0.050685 0.016416 0.000000 0.008104 0.027818 0.000000 0.000000 0.000000 
0.352117 0.000000 0.014835 0.000000 0.020282 0.000000 0.224191 0.000000 0.172437 0.000000 0.000000 0.216140 
0.000000 0.005866 0.030112 0.040340 0.000000 0.000000 0.000000 0.000000 0.806030 0.000000 0.000000 0.117652 
0.080155 0.000000 0.000003 0.033048 0.000000 0.000000 0.000000 0.028015 0.010678 0.830114 0.000000 0.017988 
0.000000 0.000000 0.055361 0.472265 0.000000 0.000000 0.000000 0.021292 0.066328 0.145885 0.228691 0.010178 
0.000000 0.000000 0.000004 0.140874 0.000000 0.445594 0.000000 0.000000 0.288965 0.050057 0.045924 0.028582 
0.843960 0.055902 0.044603 0.000000 0.000000 0.027395 0.014179 0.000000 0.013960 0.000000 0.000000 0.000001 
0.000000 0.000000 0.618132 0.027430 0.127326 0.000000 0.042276 0.000000 0.184835 0.000000 0.000000 0.000001 
0.000000 0.000000 0.499286 0.000000 0.000000 0.142920 0.000000 0.000000 0.145989 0.006050 0.205754 0.000001 
0.873006 0.025420 0.000003 0.000000 0.000000 0.000000 0.000000 0.000000 0.023830 0.000000 0.000000 0.077741 
0.000000 0.000000 0.009337 0.021492 0.000000 0.000000 0.176330 0.000000 0.247455 0.464108 0.000000 0.081278 
0.000000 0.000000 0.000003 0.251638 0.041910 0.036269 0.000000 0.000000 0.049399 0.571312 0.028400 0.021069 
0.000000 0.000000 0.000004 0.756231 0.000000 0.000000 0.000000 0.047906 0.101539 0.000000 0.066403 0.027917 
0.000000 0.000000 0.040977 0.000000 0.000000 0.000000 0.481546 0.000000 0.454493 0.000000 0.000000 0.022984 
0.000000 0.000000 0.077688 0.000000 0.562999 0.000000 0.125900 0.000000 0.212326 0.021087 0.000000 0.000001 
0.152211 0.030173 0.000003 0.026303 0.000000 0.636830 0.016656 0.000000 0.030793 0.000000 0.000000 0.107031 
0.000000 0.000000 0.571066 0.186656 0.000000 0.048650 0.000000 0.000000 0.158418 0.000000 0.000000 0.035210 
0.023620 0.000000 0.005440 0.584314 0.000000 0.000000 0.080661 0.033149 0.124041 0.000000 0.148774 0.000001 
0.000000 0.038761 0.000003 0.000000 0.022074 0.201629 0.000000 0.000000 0.141983 0.000000 0.066378 0.529173 
0.924489 0.044200 0.000002 0.000000 0.000000 0.000000 0.000000 0.000000 0.007595 0.023713 0.000000 0.000001 
0.065509 0.000000 0.014585 0.000000 0.037313 0.055647 0.130898 0.000000 0.199666 0.000000 0.000000 0.496382 
0.398525 0.053350 0.008347 0.207074 0.000000 0.173871 0.000000 0.000000 0.139741 0.000000 0.000000 0.019091 
0.800196 0.015658 0.036574 0.000000 0.000000 0.000000 0.078517 0.000000 0.038755 0.000000 0.000000 0.030300 
0.217821 0.000000 0.000003 0.021130 0.023532 0.046943 0.000000 0.000000 0.046910 0.213048 0.018612 0.412001 
0.000000 0.053432 0.000003 0.000000 0.000000 0.766072 0.000000 0.000000 0.104959 0.000000 0.000000 0.075534 
0.000000 0.060730 0.000004 0.182984 0.042769 0.677190 0.005863 0.000000 0.030460 0.000000 0.000000 0.000001 
0.000000 0.000000 0.056018 0.000000 0.000000 0.231026 0.066735 0.000000 0.551028 0.000000 0.032615 0.062579 
0.000000 0.000000 0.040083 0.404658 0.292379 0.008441 0.067450 0.000000 0.172652 0.000000 0.000000 0.014337 
0.076064 0.040434 0.007842 0.000000 0.000000 0.166737 0.127552 0.000000 0.511753 0.000000 0.032714 0.036904 
