-3926267.578750
0
0.004361 0.004622 0.000704 0.003062 0.000955 0.001748 0.000220 0.001938 0.033799 0.016008 0.151163 0.014748 0.001944 0.003078 0.000453 0.006391 0.012515 0.006207 0.018536 0.005850 0.000000 0.001824 0.000612 0.002827 0.006595 0.013605 0.004824 0.030826 0.000000 0.000000 0.000000 0.000055 0.014690 0.013954 0.100652 0.012451 0.000000 0.001685 0.000218 0.000621 0.005461 0.004248 0.017994 0.004845 0.000000 0.002856 0.003202 0.005273 0.003889 0.004504 0.000807 0.006110 0.000000 0.002520 0.000000 0.000829 0.047238 0.055128 0.129202 0.037500 0.000000 0.001364 0.000493 0.001606 0.013293 0.006819 0.009191 0.008415 0.000000 0.000775 0.000861 0.001453 0.004996 0.005449 0.001707 0.007061 0.000000 0.000233 0.000055 0.000000 0.003612 0.005791 0.057750 0.003828 0.002019 0.001100 0.000000 0.001231 0.007326 0.004414 0.010953 0.004482 0.000447 0.001367 0.001119 0.005444 
0.000554 0.000628 0.000111 0.006122 0.000264 0.000154 0.000000 0.000057 0.000001 0.002753 0.012148 0.004597 0.001364 0.000000 0.000096 0.003570 0.008874 0.007259 0.005504 0.008709 0.019202 0.005924 0.001873 0.021395 0.001851 0.000000 0.000219 0.010759 0.000000 0.000000 0.000000 0.000000 0.001347 0.002474 0.009724 0.003144 0.000161 0.000000 0.000070 0.000590 0.004132 0.004397 0.005007 0.009380 0.013876 0.003685 0.005965 0.042671 0.001411 0.001622 0.000114 0.006380 0.000000 0.000262 0.000000 0.000492 0.000001 0.011837 0.022144 0.014906 0.000000 0.000145 0.000000 0.000445 0.007657 0.011856 0.007300 0.014796 0.002927 0.001570 0.001194 0.010069 0.033662 0.007121 0.002080 0.221849 0.000000 0.000000 0.000000 0.000000 0.003182 0.019362 0.145000 0.030986 0.003715 0.000786 0.002329 0.003871 0.007815 0.013686 0.008811 0.021086 0.034463 0.010858 0.003508 0.078091 
0.029108 0.023525 0.006043 0.021209 0.013038 0.006949 0.002461 0.011652 0.016753 0.008005 0.006654 0.014250 0.010750 0.007975 0.012022 0.015004 0.020165 0.008259 0.014851 0.019773 0.004646 0.001164 0.006192 0.003946 0.027683 0.026742 0.003247 0.023584 0.009817 0.008841 0.003139 0.012341 0.014294 0.009215 0.005340 0.017973 0.009079 0.012257 0.018299 0.016583 0.009560 0.011192 0.011208 0.014873 0.002784 0.003651 0.008329 0.008511 0.022703 0.019954 0.006365 0.018005 0.006471 0.006414 0.002129 0.009061 0.009509 0.005560 0.002857 0.008540 0.007154 0.005840 0.009784 0.009415 0.008074 0.005457 0.007129 0.008069 0.002220 0.001238 0.007628 0.005545 0.023770 0.024191 0.003724 0.025595 0.006581 0.010007 0.001596 0.011637 0.004392 0.006266 0.000019 0.007569 0.012449 0.008251 0.009630 0.016135 0.009101 0.008131 0.005409 0.012224 0.005311 0.003549 0.007210 0.009198 
0.000039 0.000311 0.000000 0.000302 0.000000 0.000000 0.000043 0.000516 0.003009 0.012341 0.001286 0.004092 0.000494 0.000507 0.000877 0.001966 0.000869 0.000264 0.000704 0.001147 0.000000 0.000000 0.000512 0.000134 0.000561 0.000073 0.000000 0.000801 0.000115 0.000237 0.000473 0.000240 0.049392 0.058006 0.013397 0.048255 0.000032 0.000891 0.000374 0.001223 0.000665 0.000465 0.000438 0.002351 0.000000 0.000545 0.000346 0.000437 0.000237 0.000000 0.000000 0.000000 0.000000 0.000233 0.000000 0.000000 0.003294 0.012560 0.000424 0.010526 0.000000 0.000000 0.000267 0.000281 0.000104 0.000000 0.000086 0.004614 0.000000 0.000000 0.001190 0.000330 0.007080 0.004532 0.001001 0.005731 0.016675 0.000670 0.000896 0.030867 0.254026 0.197516 0.077086 0.149351 0.000552 0.000906 0.000581 0.002879 0.001220 0.001171 0.001388 0.001367 0.000000 0.000638 0.000698 0.000291 
0.365715 0.002467 0.437351 0.194468 
0.000032 0.004383 0.012350 0.983235 
0.119308 0.007831 0.819478 0.053382 
0.020603 0.286230 0.081258 0.611909 
0.057955 0.908091 0.005763 0.028191 
0.273319 0.255553 0.333134 0.137994 
0.000028 0.019211 0.976635 0.004126 
0.049603 0.015669 0.536062 0.398666 
0.013955 0.009820 0.770475 0.205750 
0.361467 0.028080 0.573867 0.036587 
0.011671 0.898371 0.089803 0.000155 
0.299464 0.036996 0.622785 0.040754 
0.031891 0.000004 0.956112 0.011993 
0.200855 0.347843 0.450779 0.000522 
0.236155 0.000003 0.556877 0.206964 
0.072106 0.417038 0.473447 0.037409 
0.000029 0.915097 0.069887 0.014986 
0.007701 0.154713 0.837533 0.000053 
0.060352 0.000004 0.039282 0.900361 
0.000032 0.197037 0.798739 0.004191 
0.014522 0.072630 0.447309 0.465538 
0.223521 0.632578 0.083741 0.060160 
0.018865 0.198422 0.782608 0.000105 
0.000029 0.000004 0.945005 0.054962 
0.000032 0.335477 0.006091 0.658399 
0.491147 0.021494 0.402619 0.084740 
0.014258 0.098594 0.099296 0.787852 
0.183561 0.240455 0.355538 0.220446 
0.012458 0.205525 0.358675 0.423341 
0.009177 0.196183 0.159675 0.634965 
0.000028 0.084464 0.132470 0.783037 
0.036134 0.009590 0.668239 0.286037 
0.136691 0.046898 0.786487 0.029924 
0.088717 0.392132 0.450312 0.068839 
0.000029 0.000004 0.012336 0.987631 
0.833118 0.000005 0.055103 0.111774 
0.520270 0.011267 0.414886 0.053577 
0.128613 0.304665 0.521235 0.045487 
0.000024 0.000004 0.792041 0.207930 
0.561814 0.012725 0.366097 0.059364 
0.185762 0.009671 0.677230 0.127337 
0.286462 0.011582 0.639973 0.061983 
0.000033 0.375147 0.618763 0.006058 
0.028432 0.016603 0.954858 0.000107 
0.125805 0.026410 0.071903 0.775882 
0.040524 0.041038 0.028489 0.889949 
0.329274 0.010268 0.373887 0.286570 
0.042025 0.000004 0.936421 0.021551 
0.313345 0.051222 0.621218 0.014215 
0.000028 0.085728 0.897424 0.016820 
0.046471 0.058571 0.828120 0.066838 
0.474491 0.054964 0.441238 0.029306 
0.017738 0.062610 0.229471 0.690181 
0.004298 0.036841 0.028497 0.930365 
0.019225 0.000005 0.980667 0.000103 
0.000025 0.000004 0.993908 0.006063 
0.919093 0.000004 0.058258 0.022645 
0.158173 0.062331 0.740624 0.038873 
0.010228 0.000004 0.016007 0.973760 
0.305055 0.018900 0.628824 0.047221 
0.148690 0.748216 0.064755 0.038338 
0.994413 0.000004 0.002960 0.002623 
0.036849 0.298100 0.646493 0.018558 
0.418716 0.037781 0.429399 0.114103 
0.000022 0.000003 0.976945 0.023030 
0.131826 0.170155 0.675893 0.022127 
0.000025 0.956802 0.016140 0.027032 
0.075273 0.000004 0.898957 0.025766 
0.000029 0.032583 0.607971 0.359418 
0.000031 0.109047 0.839590 0.051332 
0.191259 0.026487 0.381041 0.401213 
0.460598 0.012963 0.491531 0.034909 
0.120447 0.375122 0.501917 0.002514 
0.182307 0.698921 0.096408 0.022364 
0.509514 0.106402 0.201764 0.182320 
0.000028 0.998456 0.001385 0.000130 
0.327387 0.074738 0.399345 0.198530 
0.230705 0.037992 0.665317 0.065986 
0.018462 0.000004 0.791920 0.189614 
0.649410 0.026670 0.032767 0.291152 
0.287049 0.000004 0.681620 0.031326 
0.837460 0.016228 0.119970 0.026342 
0.024897 0.936064 0.030107 0.008932 
0.033126 0.224285 0.504538 0.238051 
0.029056 0.006052 0.205856 0.759037 
0.000027 0.017674 0.461456 0.520843 
0.745645 0.030127 0.182081 0.042147 
0.596505 0.003163 0.121635 0.278698 
0.203877 0.505814 0.134231 0.156078 
0.000031 0.105073 0.749842 0.145054 
0.124535 0.019636 0.761207 0.094622 
0.010160 0.039094 0.043654 0.907091 
0.429659 0.096603 0.156041 0.317697 
0.023063 0.807087 0.136848 0.033002 
0.004678 0.056706 0.065533 0.873083 
0.715307 0.049357 0.166402 0.068934 
0.050831 0.006236 0.893085 0.049848 
0.755084 0.023516 0.169367 0.052033 
0.659903 0.199888 0.120714 0.019495 
0.000028 0.000004 0.514980 0.484988 
0.074557 0.031514 0.646697 0.247232 
0.038847 0.080416 0.773183 0.107554 
0.079379 0.161530 0.733935 0.025156 
0.000030 0.327134 0.664021 0.008815 
0.000026 0.058641 0.831413 0.109919 
0.002095 0.000004 0.041099 0.956801 
0.441335 0.367627 0.190928 0.000110 
0.094134 0.041800 0.852175 0.011891 
0.029380 0.005766 0.029134 0.935720 
0.046356 0.335857 0.144385 0.473401 
0.119374 0.150838 0.690445 0.039344 
0.194367 0.090421 0.517441 0.197772 
0.227661 0.044060 0.692795 0.035484 
0.658593 0.000004 0.308714 0.032689 
0.003003 0.000004 0.011118 0.985876 
0.186668 0.000004 0.802851 0.010476 
0.738674 0.018619 0.126575 0.116132 
0.670140 0.137542 0.106097 0.086221 
0.504210 0.000004 0.474979 0.020807 
0.096608 0.000005 0.018457 0.884931 
0.607258 0.101565 0.227140 0.064037 
0.000026 0.158963 0.838066 0.002945 
0.009190 0.000004 0.175036 0.815770 
0.016559 0.191876 0.736986 0.054578 
0.054170 0.678726 0.085272 0.181832 
0.031611 0.496516 0.019147 0.452726 
0.502509 0.021233 0.418207 0.058051 
0.132794 0.277042 0.430170 0.159993 
0.097464 0.405490 0.459843 0.037203 
0.010435 0.172086 0.811107 0.006371 
0.014103 0.008560 0.463970 0.513367 
0.584576 0.000004 0.323146 0.092274 
0.051283 0.000004 0.774260 0.174453 
0.141435 0.000004 0.771541 0.087020 
0.106417 0.044261 0.836260 0.013062 
0.003456 0.000003 0.984388 0.012152 
0.306379 0.000004 0.568951 0.124666 
0.047256 0.156006 0.794960 0.001779 
0.121828 0.291755 0.409648 0.176769 
0.126740 0.000004 0.694198 0.179058 
0.019419 0.023078 0.174404 0.783099 
0.011846 0.020812 0.189051 0.778291 
0.382815 0.000004 0.030294 0.586887 
0.023216 0.263376 0.707398 0.006009 
0.209552 0.083498 0.657652 0.049298 
0.024009 0.225096 0.480093 0.270802 
0.116224 0.290644 0.541075 0.052056 
0.023698 0.240897 0.735316 0.000089 
0.287951 0.000004 0.676152 0.035894 
0.000031 0.277445 0.189143 0.533381 
0.012305 0.000003 0.285355 0.702337 
0.023257 0.000004 0.711282 0.265457 
0.164682 0.128730 0.681270 0.025317 
0.131883 0.009768 0.038229 0.820119 
0.711333 0.000004 0.284845 0.003818 
0.000025 0.000003 0.958896 0.041076 
0.052086 0.000004 0.837305 0.110605 
0.060438 0.701103 0.219284 0.019175 
0.029441 0.940443 0.027425 0.002692 
0.203329 0.000004 0.788397 0.008270 
0.563573 0.000004 0.408675 0.027748 
0.031789 0.038471 0.908576 0.021165 
0.000029 0.476045 0.504158 0.019768 
0.262789 0.182503 0.397938 0.156769 
0.004105 0.000004 0.962272 0.033618 
0.018705 0.176665 0.802570 0.002060 
0.000031 0.000003 0.451626 0.548340 
0.005264 0.000004 0.407589 0.587143 
0.049268 0.708678 0.122442 0.119611 
0.332808 0.010156 0.014427 0.642609 
0.225823 0.143263 0.281339 0.349575 
0.000025 0.373904 0.515858 0.110214 
0.004843 0.000004 0.239961 0.755192 
0.263302 0.386663 0.316453 0.033582 
0.983646 0.005715 0.008139 0.002501 
0.008578 0.000005 0.981913 0.009505 
0.000029 0.321474 0.377207 0.301289 
0.000030 0.180684 0.763661 0.055625 
0.006073 0.000003 0.197837 0.796087 
0.223191 0.339849 0.418435 0.018526 
0.098556 0.208981 0.412543 0.279921 
0.799391 0.006369 0.125782 0.068457 
0.730455 0.000003 0.187632 0.081909 
0.006064 0.000004 0.892054 0.101878 
0.033740 0.000003 0.933922 0.032335 
0.258422 0.000004 0.064986 0.676587 
0.124966 0.196783 0.147193 0.531058 
0.000025 0.981739 0.005272 0.012965 
0.637857 0.000004 0.323042 0.039098 
0.299053 0.435054 0.214001 0.051891 
0.051122 0.394340 0.219927 0.334611 
0.111422 0.000004 0.737106 0.151468 
0.047149 0.010944 0.526666 0.415241 
0.417054 0.118907 0.325822 0.138216 
0.021909 0.139226 0.767999 0.070866 
0.034733 0.309193 0.624410 0.031664 
0.788725 0.017674 0.024408 0.169193 
0.037895 0.069955 0.053768 0.838382 
0.063391 0.462705 0.074526 0.399378 
0.150504 0.010161 0.825230 0.014105 
0.145964 0.000004 0.471185 0.382848 
0.528222 0.191982 0.253185 0.026611 
0.010608 0.534690 0.071986 0.382715 
0.046860 0.041651 0.908553 0.002936 
0.049247 0.000004 0.945974 0.004775 
0.020200 0.000583 0.122236 0.856981 
0.048795 0.000004 0.875745 0.075456 
0.023741 0.000004 0.755695 0.220560 
0.582203 0.172753 0.108817 0.136227 
0.000029 0.013705 0.730637 0.255629 
0.268310 0.000004 0.713829 0.017858 
0.010105 0.022175 0.007936 0.959784 
0.022777 0.021756 0.499764 0.455702 
0.410884 0.018610 0.546568 0.023937 
0.017440 0.000004 0.243914 0.738642 
0.912512 0.000004 0.080523 0.006961 
0.520682 0.097650 0.176155 0.205512 
0.035690 0.020266 0.830919 0.113125 
0.157201 0.079055 0.556020 0.207725 
0.233496 0.287011 0.466016 0.013477 
0.018173 0.792341 0.026543 0.162943 
0.005153 0.026715 0.021404 0.946728 
0.000029 0.314962 0.344223 0.340785 
0.000031 0.186545 0.793793 0.019631 
0.000027 0.103262 0.323358 0.573353 
0.192386 0.753165 0.023568 0.030881 
0.015954 0.414895 0.569078 0.000073 
0.016401 0.966591 0.002465 0.014543 
0.065469 0.190792 0.110969 0.632770 
0.078237 0.062385 0.833793 0.025585 
0.005327 0.008239 0.975174 0.011261 
0.035674 0.460338 0.396116 0.107873 
0.031824 0.144667 0.249751 0.573758 
0.035980 0.000004 0.716786 0.247230 
0.000029 0.075342 0.540016 0.384613 
0.073849 0.009740 0.347341 0.569070 
0.054310 0.000004 0.945572 0.000114 
0.490886 0.010745 0.212800 0.285569 
0.182318 0.000004 0.623323 0.194355 
0.000026 0.751173 0.041088 0.207713 
0.583625 0.011200 0.340749 0.064427 
0.313595 0.566427 0.094165 0.025813 
0.010871 0.024496 0.075740 0.888893 
0.001972 0.000004 0.634727 0.363298 
0.049118 0.012330 0.927772 0.010781 
0.043097 0.850662 0.024769 0.081472 
0.663213 0.198487 0.104299 0.034001 
0.154559 0.044787 0.311845 0.488808 
0.000024 0.032514 0.057835 0.909628 
0.054618 0.329491 0.615816 0.000075 
0.180515 0.322261 0.356803 0.140421 
0.002538 0.000003 0.116050 0.881408 
0.028252 0.470488 0.485482 0.015778 
0.279428 0.571765 0.077237 0.071570 
0.741194 0.045311 0.156642 0.056854 
0.003690 0.000004 0.964610 0.031697 
0.135873 0.045022 0.775086 0.044018 
0.020248 0.000004 0.154232 0.825516 
0.166204 0.322724 0.457524 0.053548 
0.675000 0.017766 0.233559 0.073675 
0.043649 0.000003 0.699079 0.257269 
0.000031 0.013073 0.013559 0.973337 
0.000026 0.000003 0.866052 0.133919 
0.194950 0.000004 0.170497 0.634549 
0.000026 0.023554 0.169929 0.806492 
0.048311 0.187773 0.495366 0.268550 
0.000022 0.000004 0.175908 0.824065 
0.150804 0.002089 0.051883 0.795224 
0.030253 0.014085 0.712193 0.243468 
0.479950 0.017038 0.438974 0.064038 
0.033980 0.000004 0.677137 0.288880 
0.000022 0.000003 0.423221 0.576754 
0.986090 0.006092 0.007746 0.000073 
0.702595 0.000004 0.273439 0.023962 
0.589951 0.095442 0.275926 0.038682 
0.000030 0.259051 0.723328 0.017591 
0.005806 0.848898 0.073853 0.071443 
0.916878 0.016611 0.056316 0.010195 
0.286030 0.018520 0.685155 0.010295 
0.123403 0.031306 0.806889 0.038402 
0.901644 0.000004 0.093511 0.004841 
0.240133 0.041595 0.697213 0.021058 
0.082336 0.029685 0.330961 0.557018 
0.015760 0.000004 0.907762 0.076474 
0.000025 0.042068 0.953171 0.004736 
0.014617 0.000003 0.643902 0.341477 
0.429719 0.005207 0.038699 0.526375 
0.000029 0.212162 0.692742 0.095067 
0.030879 0.001926 0.642690 0.324505 
0.059706 0.000004 0.068018 0.872273 
0.354272 0.274189 0.371449 0.000090 
0.362615 0.042517 0.372028 0.222839 
0.038786 0.639729 0.148511 0.172974 
0.207580 0.286706 0.505656 0.000058 
0.034590 0.084473 0.872397 0.008540 
0.513212 0.106531 0.345046 0.035211 
0.000026 0.450856 0.548974 0.000145 
0.000027 0.331181 0.597759 0.071033 
0.002476 0.000004 0.319972 0.677547 
0.000031 0.000005 0.993734 0.006230 
0.008207 0.113653 0.044989 0.833151 
0.456675 0.073169 0.454743 0.015413 
0.064511 0.029601 0.687605 0.218284 
0.160028 0.492048 0.064230 0.283693 
0.878025 0.000004 0.065417 0.056555 
0.006886 0.000004 0.452429 0.540681 
0.000031 0.417602 0.560398 0.021969 
0.013459 0.000004 0.069335 0.917203 
0.054089 0.022513 0.625441 0.297957 
0.755864 0.000004 0.220442 0.023690 
0.153703 0.047099 0.736227 0.062970 
0.830105 0.000004 0.159362 0.010529 
0.803926 0.000004 0.127084 0.068985 
0.061574 0.000004 0.909769 0.028652 
0.004073 0.319371 0.000556 0.676000 
0.033787 0.000004 0.928382 0.037828 
0.021085 0.042089 0.922294 0.014532 
0.086009 0.596132 0.022568 0.295291 
0.056799 0.295668 0.024268 0.623266 
0.296591 0.019098 0.056430 0.627882 
0.708673 0.043168 0.186990 0.061169 
0.781162 0.010639 0.161934 0.046265 
0.035265 0.015565 0.944394 0.004776 
0.268981 0.024265 0.635881 0.070873 
0.039778 0.018678 0.917458 0.024086 
0.178553 0.153645 0.628147 0.039655 
0.442257 0.138294 0.399060 0.020389 
0.649700 0.024893 0.288516 0.036892 
0.000028 0.000003 0.898367 0.101602 
0.231369 0.005830 0.685204 0.077597 
0.022657 0.475010 0.491940 0.010394 
0.124993 0.203268 0.606178 0.065561 
0.037956 0.398413 0.411053 0.152578 
0.306918 0.010798 0.322580 0.359704 
0.066967 0.016583 0.830200 0.086250 
0.156203 0.770039 0.065567 0.008191 
0.018456 0.205791 0.224230 0.551523 
0.000030 0.000005 0.985938 0.014027 
0.228718 0.194062 0.173524 0.403696 
0.285825 0.012579 0.681716 0.019880 
0.377737 0.265440 0.148617 0.208206 
0.017820 0.421176 0.560930 0.000075 
0.106156 0.323388 0.568052 0.002405 
0.000026 0.275653 0.519300 0.205022 
0.053495 0.000003 0.068065 0.878436 
0.112624 0.034416 0.817293 0.035667 
0.030045 0.000004 0.840777 0.129175 
0.001392 0.583799 0.001330 0.413479 
0.073967 0.000004 0.915224 0.010805 
0.711393 0.016500 0.216465 0.055642 
0.650882 0.021666 0.083591 0.243861 
0.042461 0.083438 0.629667 0.244435 
0.009400 0.835228 0.141111 0.014262 
0.248013 0.041103 0.702962 0.007921 
0.034006 0.000004 0.652516 0.313474 
0.146863 0.057662 0.768503 0.026971 
0.064048 0.012155 0.910607 0.013190 
0.041706 0.000004 0.941173 0.017118 
0.019753 0.501051 0.412317 0.066879 
0.700968 0.036202 0.189154 0.073677 
0.037526 0.000003 0.322506 0.639964 
0.744950 0.030408 0.099215 0.125427 
0.005645 0.130094 0.260311 0.603950 
0.256792 0.020034 0.330413 0.392761 
0.891358 0.042877 0.060805 0.004960 
0.032547 0.018121 0.937462 0.011870 
0.151615 0.244320 0.513507 0.090557 
0.060223 0.381774 0.553142 0.004860 
0.668988 0.100833 0.129584 0.100595 
0.562937 0.016689 0.321027 0.099347 
0.842660 0.000004 0.148285 0.009050 
0.556219 0.012605 0.327085 0.104091 
0.014806 0.000004 0.507001 0.478189 
0.108558 0.043402 0.199497 0.648543 
0.022462 0.007703 0.896089 0.073745 
0.362212 0.047252 0.422939 0.167596 
0.398589 0.004783 0.486513 0.110114 
0.000029 0.541049 0.456512 0.002410 
0.032191 0.014866 0.255989 0.696954 
0.064129 0.701371 0.198167 0.036333 
0.039068 0.086275 0.028045 0.846612 
0.018993 0.414244 0.552713 0.014051 
0.016222 0.000004 0.479525 0.504249 
0.032034 0.009221 0.925931 0.032813 
0.388758 0.175215 0.414446 0.021582 
0.286507 0.030989 0.634926 0.047579 
0.246002 0.092634 0.642043 0.019321 
0.000030 0.436773 0.542904 0.020293 
0.052488 0.541636 0.405814 0.000062 
0.000031 0.000004 0.919698 0.080267 
0.162719 0.356282 0.480219 0.000779 
0.033737 0.000004 0.948742 0.017516 
0.306620 0.000004 0.684414 0.008963 
0.049725 0.019799 0.930393 0.000083 
0.292996 0.000004 0.299106 0.407893 
0.358733 0.000004 0.313827 0.327437 
0.978104 0.005238 0.001225 0.015433 
0.049225 0.027196 0.495097 0.428482 
0.000023 0.027783 0.192545 0.779648 
0.053765 0.486017 0.349230 0.110989 
0.000027 0.089536 0.891684 0.018753 
0.020969 0.113128 0.604759 0.261144 
0.716071 0.000004 0.247018 0.036907 
0.007716 0.000004 0.274971 0.717310 
0.242049 0.187470 0.491385 0.079095 
0.765058 0.083161 0.096835 0.054945 
0.000030 0.011351 0.961667 0.026953 
0.022486 0.102039 0.851050 0.024424 
0.081761 0.000004 0.416314 0.501921 
0.504897 0.050854 0.396581 0.047668 
0.048903 0.030056 0.130001 0.791039 
0.265970 0.039802 0.680425 0.013802 
0.240252 0.000004 0.749249 0.010495 
0.032323 0.000004 0.315352 0.652320 
0.468462 0.005250 0.494383 0.031905 
0.124092 0.025815 0.783881 0.066211 
0.186339 0.016852 0.762134 0.034675 
0.048179 0.017115 0.934595 0.000110 
0.037905 0.000004 0.926662 0.035429 
0.011550 0.009598 0.134546 0.844306 
0.023613 0.113532 0.176835 0.686019 
0.000030 0.462397 0.537519 0.000054 
0.000035 0.000005 0.993692 0.006268 
0.000027 0.381948 0.617935 0.000091 
0.000030 0.000003 0.400535 0.599431 
0.000021 0.385508 0.465706 0.148766 
0.098997 0.007631 0.891820 0.001553 
0.045239 0.031240 0.920412 0.003109 
0.049189 0.369509 0.555845 0.025456 
0.005266 0.445865 0.537414 0.011455 
0.041967 0.225563 0.184991 0.547479 
0.602033 0.000004 0.138534 0.259429 
0.000030 0.142512 0.729600 0.127857 
0.924866 0.000004 0.044173 0.030956 
0.041991 0.186093 0.399287 0.372629 
0.736486 0.013531 0.193215 0.056768 
0.016412 0.054852 0.040870 0.887866 
0.023640 0.000004 0.803158 0.173199 
0.000025 0.045770 0.914398 0.039808 
0.083135 0.011446 0.900808 0.004611 
0.143477 0.047840 0.802014 0.006669 
0.315902 0.000004 0.671200 0.012894 
0.039737 0.034139 0.926032 0.000091 
0.680710 0.000004 0.280029 0.039258 
0.068382 0.011908 0.870440 0.049269 
0.000023 0.000004 0.632904 0.367069 
0.691720 0.038131 0.250201 0.019948 
0.123436 0.171635 0.659247 0.045681 
0.149795 0.000004 0.826227 0.023974 
0.000026 0.046674 0.912578 0.040722 
0.130229 0.049562 0.655188 0.165021 
0.046693 0.025504 0.927727 0.000076 
0.367747 0.038388 0.369553 0.224312 
0.000028 0.157305 0.756787 0.085880 
0.011893 0.002183 0.038904 0.947019 
0.502834 0.000004 0.446179 0.050982 
0.040878 0.687696 0.248982 0.022444 
0.272383 0.000004 0.360957 0.366656 
0.443950 0.000004 0.137923 0.418123 
0.000030 0.155876 0.089341 0.754753 
0.033200 0.000004 0.913645 0.053151 
0.134174 0.674744 0.173532 0.017550 
0.000029 0.269297 0.730596 0.000078 
0.638185 0.020524 0.131040 0.210250 
0.183236 0.100351 0.190684 0.525729 
0.135458 0.282945 0.571004 0.010594 
0.001609 0.000003 0.259661 0.738727 
0.066593 0.113120 0.268616 0.551670 
0.036443 0.000004 0.885907 0.077646 
0.317790 0.135834 0.506891 0.039485 
0.232240 0.000004 0.698973 0.068783 
0.277227 0.000004 0.033643 0.689126 
0.192156 0.050917 0.518032 0.238895 
0.000028 0.027715 0.964982 0.007274 
0.279230 0.021944 0.671576 0.027250 
0.051275 0.055947 0.865015 0.027763 
0.040265 0.037539 0.089318 0.832878 
0.000029 0.021670 0.951955 0.026346 
0.598253 0.201136 0.200488 0.000124 
0.001345 0.528833 0.469709 0.000113 
0.696902 0.147046 0.108502 0.047550 
0.056721 0.003111 0.016293 0.923875 
0.010532 0.400117 0.426760 0.162591 
0.167505 0.000004 0.802519 0.029973 
0.000028 0.434606 0.508458 0.056908 
0.025557 0.307517 0.179741 0.487186 
0.056911 0.362742 0.575168 0.005179 
0.784560 0.039390 0.122148 0.053902 
0.088647 0.047426 0.862090 0.001836 
0.022483 0.399643 0.431925 0.145949 
0.000032 0.000004 0.964968 0.034996 
0.033208 0.125601 0.262931 0.578260 
0.010197 0.000004 0.034615 0.955184 
0.067495 0.000003 0.613043 0.319458 
0.048138 0.418030 0.533787 0.000045 
0.284799 0.000004 0.678811 0.036386 
0.275359 0.000004 0.086302 0.638335 
0.795813 0.037184 0.100254 0.066749 
0.070951 0.000004 0.853265 0.075779 
0.804394 0.077165 0.103402 0.015039 
0.306615 0.211621 0.755191 0.387055 
