-3845874.485607
0
0.016580 0.010239 0.000000 0.012725 0.006629 0.000000 0.003875 0.013359 0.039203 0.010088 0.082163 0.003451 0.000000 0.008392 0.007440 0.037892 0.048085 0.019381 0.011536 0.015352 0.000000 0.000000 0.004579 0.000001 0.000002 0.000000 0.006753 0.000014 0.000000 0.000000 0.000000 0.000000 0.032695 0.004572 0.032867 0.025278 0.000000 0.000000 0.000000 0.000001 0.029306 0.016439 0.015995 0.006113 0.000000 0.000000 0.000001 0.000000 0.000001 0.015930 0.000000 0.023907 0.000000 0.000000 0.000000 0.000000 0.046283 0.046967 0.061583 0.022289 0.000000 0.000000 0.002260 0.000000 0.016938 0.000000 0.010786 0.035665 0.000000 0.000000 0.005569 0.000000 0.002009 0.021613 0.000000 0.010965 0.014872 0.012437 0.000000 0.024263 0.001166 0.020566 0.001606 0.013078 0.007548 0.000001 0.000000 0.010358 0.000002 0.011445 0.000004 0.007419 0.000000 0.005906 0.000002 0.025554 
0.000568 0.000949 0.000000 0.008575 0.000283 0.000000 0.000000 0.000000 0.000009 0.002429 0.012854 0.004786 0.000000 0.000000 0.000000 0.001375 0.003662 0.005244 0.002242 0.004144 0.000000 0.004126 0.001381 0.014244 0.002461 0.000000 0.000491 0.015446 0.000000 0.000000 0.000000 0.000000 0.001124 0.002052 0.010744 0.003944 0.000000 0.000000 0.000000 0.000724 0.000495 0.002449 0.001929 0.001748 0.001989 0.002123 0.003226 0.018584 0.001065 0.001835 0.000143 0.007992 0.000000 0.000000 0.000000 0.000364 0.000000 0.013464 0.027349 0.015956 0.000000 0.000166 0.000000 0.000626 0.006214 0.010293 0.005378 0.012670 0.000000 0.002145 0.000960 0.002854 0.037351 0.010504 0.003148 0.306500 0.000000 0.000000 0.000000 0.000000 0.004695 0.022317 0.215501 0.039512 0.000000 0.001062 0.000000 0.003056 0.003208 0.010514 0.006398 0.009598 0.005019 0.009807 0.001993 0.063944 
0.001292 0.000132 0.063471 0.000141 0.000075 0.000005 0.000000 0.029239 0.003199 0.004355 0.001364 0.005424 0.000026 0.000132 0.000034 0.000126 0.004878 0.000332 0.003082 0.000663 0.000000 0.785533 0.000164 0.000092 0.000234 0.000003 0.000000 0.000911 0.000000 0.000004 0.000000 0.000001 0.008373 0.006826 0.009398 0.007724 0.000000 0.000027 0.000002 0.000095 0.000687 0.000325 0.002677 0.001228 0.000000 0.000023 0.000112 0.000056 0.000120 0.000133 0.000000 0.000069 0.000000 0.000007 0.000000 0.000006 0.000132 0.004898 0.000136 0.005481 0.000000 0.000001 0.000005 0.000005 0.002112 0.000046 0.000970 0.001489 0.000000 0.000000 0.000064 0.000003 0.001843 0.004725 0.000000 0.003410 0.000000 0.000001 0.000000 0.000003 0.005547 0.008854 0.005664 0.008285 0.000002 0.000070 0.000001 0.000134 0.000195 0.001559 0.000432 0.000826 0.000000 0.000007 0.000215 0.000082 
0.000199 0.000367 0.000000 0.000243 0.000000 0.000000 0.000000 0.000753 0.006757 0.003289 0.003372 0.003139 0.000000 0.000000 0.000649 0.000230 0.001220 0.000427 0.000868 0.001626 0.000000 0.000000 0.000466 0.000548 0.000000 0.000000 0.000000 0.000384 0.000000 0.000198 0.000000 0.000000 0.015425 0.003774 0.004602 0.007927 0.000148 0.000453 0.000000 0.000785 0.000540 0.000242 0.000315 0.000211 0.000000 0.000000 0.000000 0.000000 0.000294 0.000000 0.000000 0.000000 0.000000 0.000000 0.000000 0.000288 0.007499 0.002233 0.000000 0.002957 0.000000 0.000000 0.000000 0.000000 0.000012 0.000000 0.000002 0.000344 0.000127 0.000000 0.000162 0.000133 0.015278 0.006902 0.002194 0.011632 0.037317 0.000000 0.001660 0.067903 0.423591 0.082549 0.047322 0.228627 0.000000 0.000000 0.000000 0.000000 0.000000 0.000252 0.000473 0.000826 0.000000 0.000000 0.000266 0.000000 
0.029424 0.000004 0.051968 0.000004 0.037192 0.000000 0.000000 0.000006 0.055445 0.024423 0.000109 0.019902 0.016668 0.005454 0.053290 0.000004 0.000600 0.000013 0.027744 0.000036 0.000000 0.000000 0.021357 0.000002 0.000008 0.000000 0.000000 0.041277 0.000000 0.012107 0.000000 0.000000 0.025470 0.037642 0.033178 0.002257 0.000000 0.055156 0.000000 0.000003 0.000032 0.000013 0.076206 0.000072 0.000000 0.000001 0.027069 0.000002 0.000004 0.000005 0.000000 0.000002 0.000000 0.000000 0.000000 0.000000 0.000005 0.001515 0.049065 0.005766 0.000000 0.000000 0.000000 0.000000 0.027103 0.033096 0.028532 0.000736 0.000000 0.000000 0.000002 0.000000 0.000727 0.001346 0.000000 0.001395 0.000000 0.000000 0.000000 0.125850 0.006314 0.014380 0.001350 0.016886 0.000000 0.000002 0.000000 0.000004 0.000007 0.008064 0.000017 0.001057 0.000000 0.000000 0.022625 0.000003 
0.000003 0.000611 0.000000 0.000677 0.000000 0.000000 0.000000 0.000429 0.000161 0.019303 0.000170 0.005057 0.001019 0.000941 0.001075 0.003819 0.000440 0.000230 0.000911 0.001056 0.000000 0.000000 0.000633 0.000000 0.001256 0.000718 0.000000 0.001673 0.000000 0.000364 0.000679 0.000287 0.074696 0.100571 0.020823 0.080063 0.000000 0.001412 0.000918 0.001657 0.000975 0.000854 0.000646 0.004215 0.000000 0.001058 0.000735 0.001275 0.000285 0.000078 0.000000 0.000000 0.000000 0.000408 0.000000 0.000000 0.000000 0.021051 0.000770 0.016799 0.000000 0.000000 0.000672 0.000740 0.000162 0.000000 0.000400 0.007945 0.000000 0.000000 0.001949 0.000935 0.001047 0.002037 0.000000 0.001425 0.000000 0.001055 0.000000 0.000000 0.116783 0.291097 0.099453 0.083318 0.001257 0.001413 0.001226 0.005099 0.002179 0.001715 0.001882 0.002175 0.000000 0.001113 0.001125 0.000999 
0.001633 0.003169 0.000952 0.002258 0.001027 0.000858 0.000000 0.001658 0.031313 0.016000 0.089120 0.015257 0.000000 0.003842 0.000000 0.005404 0.007040 0.005365 0.023575 0.002001 0.000000 0.001379 0.000438 0.002513 0.009548 0.023676 0.009537 0.059600 0.000000 0.000000 0.000000 0.000000 0.008247 0.008424 0.088484 0.009260 0.000000 0.002354 0.000657 0.000839 0.006038 0.003841 0.028082 0.003463 0.000210 0.003758 0.005101 0.009423 0.000000 0.005414 0.001954 0.009389 0.000000 0.002948 0.000000 0.001442 0.064972 0.078520 0.139056 0.055950 0.000000 0.002677 0.000562 0.002098 0.010945 0.006002 0.011542 0.004034 0.000000 0.001603 0.001059 0.003391 0.001648 0.002922 0.000000 0.006018 0.000000 0.000000 0.000000 0.000000 0.005917 0.005966 0.037312 0.004476 0.000000 0.000823 0.000000 0.000887 0.005587 0.003360 0.011023 0.003094 0.001055 0.001903 0.000583 0.008525 
0.014703 0.011327 0.000000 0.009125 0.033833 0.017714 0.009130 0.033016 0.018776 0.009545 0.000007 0.013823 0.006159 0.005095 0.004747 0.000000 0.010892 0.010894 0.010625 0.014291 0.000000 0.001863 0.011887 0.008212 0.011979 0.011883 0.002738 0.007283 0.023011 0.017685 0.006410 0.035705 0.018826 0.009715 0.002717 0.017245 0.006540 0.009357 0.008952 0.011283 0.008017 0.016556 0.007112 0.011238 0.000000 0.007710 0.011129 0.005998 0.000000 0.005706 0.000000 0.007483 0.018372 0.013068 0.001973 0.025887 0.023927 0.011831 0.000000 0.013114 0.002783 0.003991 0.007896 0.005010 0.007445 0.005437 0.006161 0.005357 0.005729 0.007863 0.021437 0.006159 0.002731 0.015530 0.000000 0.000626 0.024709 0.031233 0.004399 0.049598 0.013867 0.021019 0.002142 0.009737 0.000000 0.008897 0.003141 0.009105 0.010031 0.013181 0.007099 0.009246 0.000000 0.007957 0.013736 0.010627 
0.009271 0.004319 0.000388 0.003512 0.004006 0.002477 0.000000 0.002953 0.007396 0.006470 0.010291 0.007076 0.011720 0.003149 0.005871 0.017651 0.025933 0.011009 0.018811 0.024216 0.035298 0.005623 0.004842 0.020679 0.008121 0.003735 0.000000 0.006901 0.001828 0.001962 0.000000 0.003860 0.010117 0.006762 0.007820 0.008507 0.004874 0.003399 0.004445 0.004890 0.016553 0.012648 0.016645 0.029145 0.022791 0.006978 0.013442 0.054875 0.011603 0.008393 0.000000 0.007159 0.000731 0.003009 0.000000 0.004320 0.007025 0.007113 0.008771 0.010523 0.003193 0.002630 0.002540 0.002440 0.009385 0.010344 0.010132 0.013520 0.007759 0.000559 0.004985 0.019243 0.021759 0.003479 0.000000 0.032069 0.003183 0.002608 0.000000 0.004286 0.004501 0.008732 0.004878 0.009780 0.021009 0.001823 0.014086 0.011991 0.016539 0.014714 0.010247 0.033716 0.055717 0.008222 0.008983 0.059042 
0.037055 0.030458 0.019192 0.023451 0.009349 0.005310 0.003407 0.005580 0.011587 0.007406 0.001021 0.004291 0.004099 0.002873 0.009640 0.001598 0.007108 0.001651 0.007762 0.002909 0.000000 0.000000 0.001292 0.000000 0.048796 0.064196 0.010014 0.043548 0.010849 0.009470 0.006885 0.009654 0.020730 0.014935 0.007181 0.019388 0.007441 0.010679 0.035791 0.010669 0.005304 0.002228 0.010263 0.004937 0.000000 0.001327 0.004569 0.001312 0.039720 0.043513 0.023467 0.025809 0.007637 0.009150 0.006700 0.006143 0.008714 0.007761 0.000000 0.008474 0.007408 0.004624 0.015014 0.003511 0.005935 0.000000 0.004196 0.001236 0.000000 0.000000 0.001744 0.000000 0.033809 0.055698 0.011371 0.039498 0.003388 0.010309 0.003281 0.005021 0.002303 0.006504 0.000470 0.007597 0.003871 0.004535 0.008153 0.002745 0.002239 0.001411 0.003866 0.001747 0.000000 0.000000 0.002887 0.001330 
0.006661 0.006462 0.001634 0.002992 0.000000 0.002599 0.000000 0.000000 0.030261 0.015443 0.213812 0.011278 0.003684 0.000000 0.000000 0.002801 0.008647 0.003973 0.009291 0.007334 0.001621 0.000000 0.000000 0.003653 0.004780 0.007588 0.000000 0.006304 0.000000 0.000000 0.000000 0.000000 0.021577 0.021480 0.115529 0.016831 0.000000 0.000000 0.000000 0.000000 0.000002 0.002431 0.005258 0.005924 0.000000 0.002395 0.001609 0.002478 0.006110 0.003682 0.000000 0.000000 0.000000 0.002607 0.000000 0.000000 0.023654 0.030345 0.124277 0.017734 0.000000 0.000000 0.000000 0.000000 0.009427 0.007051 0.003677 0.008083 0.000000 0.000000 0.000000 0.000000 0.012208 0.008860 0.002415 0.012810 0.000000 0.000000 0.000000 0.000000 0.016695 0.017000 0.096969 0.013465 0.004728 0.000887 0.000000 0.000000 0.008144 0.003713 0.009930 0.005564 0.001444 0.000000 0.002187 0.000000 
0.007043 0.000000 0.000000 0.000000 0.014457 0.009969 0.003847 0.013973 0.022799 0.016963 0.006851 0.017996 0.006573 0.006029 0.011456 0.003189 0.047409 0.016671 0.040015 0.033101 0.000000 0.003880 0.004665 0.002801 0.002409 0.000000 0.004062 0.004052 0.008980 0.009833 0.004751 0.012480 0.030853 0.024504 0.010781 0.022633 0.003586 0.000000 0.010164 0.004275 0.016805 0.013882 0.023004 0.021362 0.000000 0.004205 0.006839 0.009447 0.008528 0.007206 0.005118 0.005162 0.007378 0.007529 0.002030 0.007635 0.028168 0.023072 0.000000 0.024198 0.008681 0.002937 0.008945 0.000000 0.020910 0.010869 0.018543 0.016733 0.000829 0.000000 0.006862 0.000346 0.012138 0.012356 0.006806 0.009376 0.000000 0.010943 0.002261 0.000000 0.012402 0.027635 0.008556 0.011186 0.005595 0.006226 0.006778 0.001568 0.025114 0.017307 0.020119 0.020389 0.000000 0.006769 0.006354 0.009847 
0.000066 0.000004 0.000000 0.000004 0.000002 0.004829 0.000000 0.005640 0.050639 0.000499 0.047878 0.043483 0.014841 0.005917 0.000001 0.000003 0.012369 0.000012 0.000345 0.000031 0.000000 0.035263 0.000004 0.011595 0.015212 0.000000 0.000000 0.000047 0.000000 0.000000 0.000000 0.000000 0.001226 0.069990 0.145881 0.004963 0.000000 0.012994 0.000000 0.000003 0.013431 0.000013 0.000537 0.000064 0.000000 0.000001 0.000003 0.000002 0.055865 0.000004 0.000000 0.000002 0.000000 0.000000 0.000000 0.000000 0.089310 0.006212 0.115345 0.012520 0.000000 0.000000 0.000000 0.000000 0.079850 0.000001 0.013231 0.000127 0.000000 0.000000 0.000002 0.000000 0.000150 0.002840 0.036768 0.000706 0.000000 0.000000 0.000000 0.000000 0.040018 0.014393 0.033475 0.001207 0.000000 0.000002 0.000000 0.000004 0.000006 0.000108 0.000013 0.000041 0.000000 0.000000 0.000006 0.000002 
0.054107 0.000005 0.000000 0.000005 0.010483 0.000000 0.000000 0.000007 0.008360 0.032079 0.000188 0.008623 0.000001 0.018779 0.000001 0.000005 0.047111 0.000015 0.011044 0.000045 0.000000 0.000000 0.000006 0.007422 0.000009 0.000000 0.000000 0.000059 0.037301 0.000000 0.018536 0.023701 0.092320 0.049026 0.006869 0.037881 0.000000 0.000001 0.000000 0.044509 0.009446 0.000017 0.028664 0.054579 0.000000 0.000001 0.000005 0.000002 0.035773 0.000006 0.000000 0.024260 0.013834 0.000000 0.000000 0.000000 0.000005 0.008374 0.000006 0.001556 0.000000 0.000000 0.000000 0.032360 0.013907 0.026986 0.000066 0.010765 0.000000 0.000000 0.000002 0.000000 0.000214 0.023526 0.000000 0.000641 0.000000 0.000000 0.012271 0.000000 0.005369 0.004498 0.017408 0.001838 0.000000 0.032739 0.020091 0.041479 0.031651 0.018086 0.021020 0.000042 0.000000 0.000000 0.000008 0.000003 
0.037804 0.035907 0.001905 0.036354 0.009019 0.004389 0.000000 0.009862 0.018790 0.005527 0.018110 0.022405 0.014174 0.013702 0.014955 0.027182 0.016406 0.007494 0.009653 0.022805 0.002550 0.000000 0.007243 0.002162 0.032346 0.023388 0.000000 0.029026 0.006851 0.006671 0.000000 0.007923 0.002931 0.002114 0.006021 0.019072 0.012811 0.019743 0.016085 0.028625 0.004759 0.011677 0.004420 0.010879 0.001695 0.002148 0.006807 0.003388 0.023484 0.014323 0.000000 0.022991 0.003086 0.002572 0.000000 0.006532 0.000000 0.000418 0.010056 0.005528 0.008119 0.008771 0.008930 0.019788 0.004498 0.006061 0.004518 0.009366 0.000683 0.000704 0.007040 0.005777 0.028143 0.015568 0.000000 0.039373 0.004818 0.003582 0.000000 0.006342 0.007078 0.003507 0.004574 0.011898 0.016089 0.012932 0.008631 0.030727 0.004683 0.005940 0.000989 0.009788 0.000000 0.002761 0.005667 0.005881 
0.028630 0.000000 0.000000 0.122500 0.000000 0.033272 0.042215 0.000000 0.022330 0.185470 0.297652 0.000000 0.040008 0.000000 0.227924 
0.000000 0.000000 0.000000 0.981475 0.000000 0.000000 0.000000 0.000000 0.004213 0.011478 0.002800 0.000000 0.000000 0.000000 0.000034 
0.000000 0.000000 0.000000 0.021600 0.020043 0.013750 0.088955 0.043202 0.048206 0.083049 0.000000 0.220112 0.000000 0.000000 0.461083 
0.000000 0.286385 0.000000 0.028254 0.000000 0.586909 0.000000 0.000000 0.010566 0.040723 0.005297 0.026475 0.000000 0.015338 0.000054 
0.000000 0.924891 0.000000 0.000000 0.000000 0.015345 0.000000 0.000000 0.000006 0.010400 0.035201 0.000000 0.014108 0.000000 0.000049 
0.000000 0.000000 0.000000 0.013703 0.000000 0.159129 0.258617 0.000000 0.508110 0.000001 0.000000 0.000000 0.000000 0.000000 0.060440 
0.000000 0.000000 0.000000 0.000000 0.000000 0.003232 0.000000 0.025141 0.171724 0.754682 0.008869 0.000000 0.000000 0.000000 0.036352 
0.025870 0.000000 0.000000 0.317839 0.000000 0.037832 0.000000 0.000000 0.055117 0.000001 0.000000 0.366976 0.000000 0.000000 0.196366 
0.000000 0.012682 0.000000 0.153510 0.000000 0.000000 0.008737 0.304373 0.074630 0.029163 0.000000 0.126384 0.000000 0.043619 0.246902 
0.000000 0.026236 0.000000 0.000000 0.000000 0.041095 0.321283 0.037393 0.031763 0.243949 0.047665 0.000000 0.000000 0.000000 0.250615 
0.000000 0.860778 0.000000 0.000000 0.000000 0.000000 0.000000 0.000000 0.064225 0.066427 0.000000 0.000000 0.000000 0.000000 0.008569 
0.000000 0.048673 0.000000 0.010471 0.000000 0.000000 0.297387 0.378226 0.047623 0.044567 0.018536 0.000000 0.000000 0.000000 0.154517 
0.000000 0.000000 0.000000 0.000000 0.000000 0.000000 0.015176 0.103552 0.027321 0.222400 0.000000 0.000000 0.000000 0.024462 0.607089 
0.048711 0.028879 0.000000 0.000000 0.000000 0.000000 0.044349 0.012157 0.623832 0.007611 0.138150 0.000000 0.000000 0.000000 0.096310 
0.037562 0.000000 0.000000 0.019385 0.000000 0.182263 0.000000 0.000000 0.000006 0.447790 0.192952 0.027274 0.015154 0.000000 0.077614 
0.034671 0.381326 0.000000 0.000000 0.000000 0.005036 0.000000 0.154015 0.040760 0.000001 0.000000 0.190678 0.012876 0.000000 0.180636 
0.000000 0.916283 0.000000 0.005364 0.000000 0.000000 0.000000 0.007893 0.000005 0.023702 0.000000 0.000000 0.000000 0.000000 0.046754 
0.000000 0.000000 0.000000 0.000000 0.000000 0.000000 0.000000 0.068178 0.501571 0.354981 0.000000 0.000000 0.000000 0.000000 0.075271 
0.000000 0.000000 0.000000 0.010435 0.000000 0.915423 0.015342 0.000000 0.004125 0.026825 0.027801 0.000000 0.000000 0.000000 0.000048 
0.000000 0.000000 0.000000 0.008343 0.000000 0.000000 0.000000 0.000000 0.561986 0.283337 0.000000 0.046839 0.000000 0.000000 0.099495 
0.000000 0.000000 0.000000 0.467326 0.000000 0.000000 0.019192 0.000000 0.175118 0.118589 0.000000 0.000000 0.000000 0.000000 0.219775 
0.000000 0.577462 0.000000 0.029840 0.000000 0.000000 0.000000 0.000000 0.105292 0.042228 0.199862 0.000000 0.020541 0.000000 0.024777 
0.000000 0.000000 0.000000 0.000000 0.000000 0.000000 0.016234 0.000000 0.498310 0.042204 0.000000 0.000000 0.000000 0.000000 0.443252 
0.000000 0.000000 0.000000 0.000000 0.000000 0.037765 0.000000 0.331853 0.048451 0.430364 0.000000 0.000000 0.000000 0.000000 0.151566 
0.000000 0.336327 0.000000 0.017815 0.000000 0.644232 0.000000 0.000000 0.000005 0.000001 0.000000 0.000000 0.000000 0.001572 0.000047 
0.073182 0.000000 0.000000 0.017614 0.000000 0.029547 0.124971 0.000000 0.049310 0.000001 0.249412 0.319752 0.000000 0.000000 0.136212 
0.000000 0.000000 0.000000 0.006955 0.000000 0.818185 0.000000 0.000000 0.145651 0.000001 0.006512 0.000000 0.000000 0.000000 0.022696 
0.000000 0.260907 0.000000 0.000000 0.000000 0.217926 0.000000 0.000000 0.000006 0.281194 0.151897 0.000000 0.013741 0.000000 0.074330 
0.000000 0.000000 0.000000 0.000000 0.008684 0.462888 0.000000 0.029113 0.358660 0.000001 0.000000 0.054802 0.000000 0.000000 0.085852 
0.000000 0.206279 0.000000 0.000000 0.000000 0.647337 0.000000 0.000000 0.011086 0.135248 0.000000 0.000000 0.000000 0.000000 0.000050 
0.000000 0.000000 0.000000 0.780027 0.000000 0.000000 0.000000 0.026337 0.153044 0.000001 0.000000 0.000000 0.000000 0.000000 0.040591 
0.000000 0.000000 0.001067 0.000000 0.000000 0.309963 0.000000 0.054071 0.033376 0.047077 0.006579 0.004756 0.000000 0.000000 0.543111 
0.024879 0.000000 0.000000 0.000000 0.020195 0.000000 0.055841 0.000000 0.108203 0.000001 0.000000 0.555373 0.000000 0.000000 0.235508 
0.042014 0.332441 0.000000 0.025129 0.000000 0.000000 0.000000 0.000000 0.063797 0.000001 0.000000 0.345395 0.014656 0.000000 0.176566 
0.000000 0.000000 0.000000 0.011243 0.000000 0.988727 0.000000 0.000000 0.000004 0.000001 0.000000 0.000000 0.000000 0.000000 0.000025 
0.000000 0.000000 0.000000 0.000000 0.000000 0.135539 0.742424 0.000000 0.000006 0.018513 0.038018 0.065444 0.000000 0.000000 0.000056 
0.060026 0.000000 0.000000 0.000000 0.000000 0.016536 0.021529 0.000000 0.017310 0.000001 0.454870 0.062948 0.000000 0.012116 0.354664 
0.000000 0.235084 0.000000 0.010196 0.016820 0.000000 0.059702 0.000000 0.080539 0.000001 0.000000 0.435143 0.000000 0.000000 0.162514 
0.000000 0.000000 0.000000 0.000000 0.000000 0.182245 0.000000 0.433640 0.066886 0.101297 0.000000 0.000000 0.000000 0.032893 0.183039 
0.136326 0.000000 0.002798 0.000000 0.000000 0.000000 0.000000 0.142642 0.037784 0.000001 0.515192 0.000000 0.000000 0.000000 0.165256 
0.000000 0.000000 0.000000 0.113657 0.000000 0.000000 0.122162 0.000000 0.065803 0.035381 0.071093 0.000000 0.013464 0.000000 0.578440 
0.000000 0.000000 0.000000 0.017107 0.000000 0.000000 0.029121 0.349569 0.058436 0.064146 0.254539 0.025137 0.000000 0.025299 0.176646 
0.000000 0.000000 0.000000 0.000000 0.000000 0.020044 0.000000 0.000000 0.794149 0.019607 0.000000 0.038166 0.000000 0.000000 0.128035 
0.000000 0.000000 0.000000 0.000000 0.000000 0.000000 0.000000 0.000000 0.084413 0.242402 0.000000 0.000000 0.021820 0.000000 0.651364 
0.028808 0.000000 0.000000 0.733077 0.000000 0.007778 0.000000 0.000000 0.034791 0.005740 0.131156 0.031954 0.000000 0.000000 0.026698 
0.000000 0.037310 0.000000 0.246344 0.000000 0.648639 0.037121 0.000000 0.008143 0.000001 0.000000 0.010668 0.000000 0.000000 0.011773 
0.052544 0.000000 0.000000 0.086188 0.000000 0.181773 0.050652 0.000000 0.063306 0.224861 0.250193 0.000000 0.000000 0.050682 0.039802 
0.000000 0.000000 0.000000 0.000000 0.000000 0.000000 0.036608 0.451475 0.079822 0.046141 0.000000 0.000000 0.000000 0.000000 0.385954 
0.085993 0.023474 0.000000 0.000000 0.000000 0.000000 0.000000 0.000000 0.020994 0.025584 0.257639 0.009711 0.013414 0.000000 0.563192 
0.000000 0.000000 0.000000 0.000000 0.000000 0.000000 0.000000 0.305626 0.320657 0.128720 0.000000 0.053685 0.000000 0.000000 0.191313 
0.000000 0.037677 0.000000 0.007056 0.012493 0.068101 0.000000 0.000000 0.040875 0.040006 0.000000 0.000000 0.017445 0.000000 0.776346 
0.000000 0.080166 0.000000 0.021393 0.000000 0.000000 0.457147 0.000000 0.000005 0.411015 0.030225 0.000000 0.000000 0.000000 0.000049 
0.000000 0.095664 0.000000 0.652783 0.019312 0.000000 0.000000 0.000000 0.000005 0.194401 0.019613 0.000000 0.000000 0.018169 0.000052 
0.000000 0.022545 0.000000 0.068213 0.000000 0.875950 0.000000 0.000000 0.014383 0.000001 0.000000 0.018863 0.000000 0.000000 0.000045 
0.000000 0.000000 0.000000 0.000000 0.016293 0.000000 0.000000 0.000000 0.000005 0.928168 0.018869 0.000000 0.000000 0.000000 0.036664 
0.000000 0.000000 0.000000 0.000000 0.000000 0.000000 0.000000 0.000000 0.000005 0.903072 0.000000 0.026460 0.000000 0.000000 0.070463 
0.000000 0.000000 0.000000 0.015372 0.000000 0.000000 0.891334 0.000000 0.000005 0.014409 0.007219 0.000000 0.025861 0.000000 0.045799 
0.086791 0.041092 0.000000 0.000000 0.029292 0.000000 0.022959 0.000000 0.063789 0.000001 0.000000 0.548633 0.000000 0.000000 0.207443 
0.000000 0.000000 0.000000 0.006138 0.000000 0.989576 0.000000 0.000000 0.000005 0.000001 0.004230 0.000000 0.000000 0.000000 0.000050 
0.074272 0.000000 0.000000 0.000000 0.024518 0.000000 0.000000 0.000000 0.085694 0.004246 0.169893 0.463232 0.000000 0.000000 0.178145 
0.000000 0.734509 0.000000 0.000000 0.000000 0.014394 0.000000 0.016567 0.017662 0.013089 0.132588 0.038586 0.000000 0.000000 0.032605 
0.000000 0.000000 0.000000 0.000000 0.000000 0.000000 0.926749 0.000000 0.000005 0.000001 0.052809 0.000000 0.020389 0.000000 0.000047 
0.000000 0.075414 0.000000 0.009661 0.000000 0.000000 0.000000 0.000000 0.460391 0.030851 0.016289 0.159866 0.000000 0.000000 0.247528 
0.062661 0.000000 0.000000 0.012435 0.000000 0.059791 0.000000 0.209195 0.077431 0.017453 0.395796 0.000000 0.000000 0.000000 0.165239 
0.000000 0.000000 0.000000 0.000000 0.000000 0.000000 0.000000 0.423647 0.050069 0.314989 0.000000 0.000000 0.000000 0.000000 0.211295 
0.000000 0.000000 0.000000 0.000000 0.021904 0.008900 0.091153 0.000000 0.396491 0.000001 0.000000 0.324849 0.000000 0.000000 0.156703 
0.000000 0.958105 0.000000 0.000000 0.000000 0.021129 0.000000 0.000000 0.000006 0.020706 0.000000 0.000000 0.000000 0.000000 0.000054 
0.000000 0.007614 0.000000 0.020045 0.000000 0.000000 0.075056 0.000000 0.019157 0.446005 0.000000 0.030876 0.000000 0.000000 0.401248 
0.000000 0.000000 0.000000 0.319543 0.012645 0.000000 0.000000 0.315649 0.155700 0.041128 0.000000 0.033480 0.000000 0.000000 0.121855 
0.000000 0.000000 0.000000 0.000000 0.000000 0.075705 0.010594 0.000000 0.331638 0.555705 0.000000 0.000000 0.000000 0.000000 0.026358 
0.000000 0.000000 0.000000 0.346212 0.027836 0.000000 0.000000 0.000000 0.053560 0.000001 0.161627 0.243042 0.000000 0.000000 0.167722 
0.062058 0.007621 0.000000 0.000000 0.016799 0.000000 0.000000 0.000000 0.031546 0.399884 0.438659 0.000000 0.000000 0.000000 0.043432 
0.000000 0.045626 0.000000 0.000000 0.000000 0.000000 0.000000 0.037174 0.644694 0.000001 0.095669 0.000000 0.021623 0.000000 0.155214 
0.000000 0.686434 0.000000 0.000000 0.000000 0.000000 0.142453 0.025096 0.007395 0.000001 0.020345 0.079587 0.000000 0.000000 0.038689 
0.000000 0.000000 0.000000 0.170108 0.000000 0.000000 0.524516 0.012135 0.197407 0.022090 0.017260 0.000000 0.000000 0.000000 0.056484 
0.000000 0.998081 0.001850 0.000000 0.000000 0.000000 0.000000 0.000000 0.000005 0.000001 0.000000 0.000000 0.000000 0.000000 0.000062 
0.055905 0.046397 0.000000 0.000000 0.009802 0.174716 0.000000 0.000000 0.041093 0.045612 0.208636 0.298152 0.000000 0.000000 0.119686 
0.025470 0.000000 0.000000 0.000000 0.000000 0.074324 0.000000 0.000000 0.058730 0.033357 0.208771 0.000000 0.000000 0.023181 0.576167 
0.000000 0.000000 0.001486 0.181950 0.000000 0.000000 0.000000 0.000000 0.000006 0.129393 0.000000 0.033556 0.000000 0.000000 0.653609 
0.000000 0.024671 0.000000 0.264212 0.000000 0.000000 0.625347 0.006733 0.000006 0.027649 0.051326 0.000000 0.000000 0.000000 0.000055 
0.109740 0.000000 0.000000 0.000000 0.011045 0.000000 0.142634 0.045584 0.075491 0.000001 0.014617 0.369487 0.000000 0.071459 0.159940 
0.022380 0.000000 0.001102 0.000000 0.000000 0.000000 0.480526 0.000000 0.000006 0.000001 0.349381 0.044714 0.000000 0.000000 0.101890 
0.000000 0.951098 0.000000 0.000000 0.000000 0.000000 0.011258 0.000000 0.000006 0.037583 0.000000 0.000000 0.000000 0.000000 0.000056 
0.000000 0.000000 0.000000 0.000000 0.000000 0.281476 0.027617 0.049075 0.454861 0.096911 0.000000 0.000000 0.000000 0.012893 0.077168 
0.000000 0.000000 0.000000 0.011572 0.000000 0.775751 0.000000 0.000000 0.019707 0.022789 0.008859 0.000000 0.000000 0.000000 0.161322 
0.000000 0.000000 0.000000 0.000000 0.023366 0.537338 0.000000 0.000000 0.084065 0.327689 0.000000 0.000000 0.000000 0.000000 0.027542 
0.100674 0.000000 0.000000 0.000000 0.000000 0.000000 0.060186 0.052355 0.031077 0.008766 0.642661 0.034274 0.000000 0.000000 0.070008 
0.076344 0.000000 0.000000 0.000000 0.000000 0.250126 0.000000 0.000000 0.000006 0.000001 0.526757 0.000000 0.031833 0.035670 0.079263 
0.000000 0.426097 0.000000 0.128005 0.000000 0.000000 0.211266 0.034403 0.148864 0.000001 0.000000 0.000000 0.000000 0.000000 0.051364 
0.000000 0.000000 0.000000 0.022517 0.000000 0.149015 0.000000 0.000000 0.285636 0.461959 0.000000 0.000000 0.000000 0.000000 0.080873 
0.126958 0.000000 0.000000 0.031925 0.004997 0.030061 0.000000 0.000000 0.084111 0.040079 0.000000 0.443998 0.000000 0.000000 0.237871 
0.015981 0.036923 0.000000 0.825992 0.000000 0.066230 0.000000 0.000000 0.009982 0.008611 0.000000 0.019986 0.000000 0.000000 0.016296 
0.005919 0.000000 0.000000 0.000000 0.007351 0.322585 0.000000 0.000000 0.154132 0.012823 0.390560 0.028414 0.019993 0.000000 0.058223 
0.000000 0.677947 0.000000 0.000000 0.000000 0.025257 0.000000 0.000000 0.194892 0.000001 0.000000 0.044882 0.000000 0.000000 0.057019 
0.010867 0.000000 0.000000 0.870326 0.000000 0.000000 0.000000 0.000000 0.087052 0.017299 0.000000 0.000000 0.000000 0.000000 0.014457 
0.085617 0.000000 0.000000 0.009224 0.000000 0.000000 0.000000 0.000000 0.053037 0.008937 0.606210 0.053355 0.089115 0.000000 0.094504 
0.000000 0.000000 0.000000 0.026886 0.000000 0.000000 0.000000 0.201783 0.086696 0.036932 0.026063 0.102539 0.000000 0.000000 0.519102 
0.062698 0.000000 0.000000 0.000000 0.000000 0.000000 0.000000 0.000000 0.020692 0.000001 0.701513 0.051197 0.034145 0.000000 0.129753 
0.000000 0.200961 0.000000 0.006888 0.000000 0.000000 0.585911 0.000000 0.008879 0.000001 0.016474 0.129757 0.000000 0.000000 0.051128 
0.000000 0.000000 0.000000 0.454768 0.000000 0.025609 0.000000 0.000000 0.000005 0.223377 0.000000 0.000000 0.000000 0.000000 0.296240 
0.000000 0.031803 0.000000 0.222582 0.000000 0.000000 0.000000 0.000000 0.067323 0.494210 0.073953 0.000000 0.017854 0.000000 0.092275 
0.000000 0.000000 0.000000 0.000000 0.000000 0.132410 0.000000 0.000000 0.173285 0.051604 0.000000 0.050051 0.017657 0.020619 0.554373 
0.073999 0.000000 0.000000 0.000000 0.000000 0.013211 0.000000 0.033193 0.372440 0.000001 0.000000 0.319651 0.000000 0.000000 0.187504 
0.000000 0.077917 0.000000 0.008821 0.000000 0.000000 0.000000 0.000000 0.542973 0.019693 0.000000 0.016379 0.000000 0.000000 0.334218 
0.000000 0.057183 0.002993 0.000000 0.000000 0.073175 0.000000 0.533472 0.066847 0.086463 0.000000 0.000000 0.000000 0.000000 0.179868 
0.000000 0.003018 0.000000 0.014736 0.000000 0.950587 0.000000 0.000000 0.000005 0.006754 0.000000 0.024846 0.000000 0.000000 0.000053 
0.000000 0.183643 0.000000 0.000000 0.000000 0.000000 0.407443 0.000000 0.342758 0.012253 0.026814 0.000000 0.000000 0.000000 0.027089 
0.045021 0.000000 0.000000 0.000000 0.019423 0.000000 0.000000 0.000000 0.062716 0.034442 0.028471 0.302573 0.000000 0.000000 0.507354 
0.009054 0.000000 0.000000 0.000000 0.000000 0.952142 0.000000 0.000000 0.005541 0.000001 0.011311 0.021895 0.000000 0.000000 0.000056 
0.000000 0.343357 0.000000 0.000000 0.000000 0.479830 0.000000 0.000000 0.000006 0.063599 0.025929 0.000000 0.000000 0.000000 0.087279 
0.024693 0.104551 0.000000 0.000000 0.014030 0.000000 0.000000 0.082475 0.079598 0.022989 0.041485 0.412827 0.000000 0.000000 0.217353 
0.000000 0.039298 0.000000 0.150050 0.000000 0.000000 0.038589 0.000000 0.090437 0.000001 0.092549 0.408113 0.000000 0.000000 0.180963 
0.047299 0.000000 0.000000 0.000000 0.035130 0.000000 0.123728 0.000000 0.088147 0.000001 0.000000 0.496397 0.000000 0.000000 0.209298 
0.086732 0.000000 0.000000 0.000000 0.000000 0.000000 0.141663 0.000000 0.000006 0.217822 0.455090 0.000000 0.035101 0.000000 0.063585 
0.000000 0.000000 0.000000 0.983034 0.000000 0.000000 0.000000 0.002629 0.000004 0.009078 0.005204 0.000000 0.000000 0.000000 0.000051 
0.057609 0.000000 0.000000 0.000000 0.000000 0.000000 0.000000 0.000000 0.021214 0.497757 0.133643 0.134535 0.000000 0.000000 0.155241 
0.094810 0.000000 0.001803 0.014835 0.000000 0.048554 0.000000 0.000000 0.007115 0.034849 0.719539 0.000000 0.000000 0.028370 0.050125 
0.089782 0.113534 0.000000 0.000000 0.006159 0.037867 0.000000 0.000000 0.000006 0.001660 0.613886 0.045109 0.018815 0.000000 0.073181 
0.000000 0.000000 0.000000 0.000000 0.000000 0.000000 0.415616 0.206564 0.040784 0.037572 0.085902 0.000000 0.026965 0.000000 0.186597 
0.000000 0.000000 0.000000 0.014687 0.000000 0.903222 0.056489 0.000000 0.004046 0.000001 0.014642 0.000000 0.006863 0.000000 0.000051 
0.073698 0.022239 0.000000 0.000000 0.000000 0.029514 0.000000 0.000000 0.113519 0.013662 0.589277 0.000000 0.000000 0.000000 0.158092 
0.000000 0.183539 0.000000 0.000000 0.000000 0.000000 0.000000 0.000000 0.000006 0.760788 0.000000 0.000000 0.000000 0.000000 0.055668 
0.000000 0.000000 0.000894 0.000000 0.000000 0.829946 0.008392 0.026374 0.007257 0.000001 0.000000 0.000000 0.000000 0.007473 0.119662 
0.000000 0.190397 0.000000 0.000000 0.000000 0.015098 0.000000 0.485321 0.055170 0.039024 0.007590 0.015233 0.000000 0.000000 0.192167 
0.000000 0.683303 0.000000 0.149032 0.000000 0.000000 0.000000 0.000000 0.019364 0.022118 0.030589 0.000000 0.023496 0.000000 0.072097 
0.000000 0.513320 0.001725 0.000000 0.000000 0.451594 0.000000 0.018325 0.000005 0.000001 0.014977 0.000000 0.000000 0.000000 0.000052 
0.031405 0.000000 0.000706 0.015860 0.000000 0.000000 0.093496 0.060781 0.017386 0.058812 0.380619 0.137262 0.000000 0.000000 0.203674 
0.000000 0.237865 0.000000 0.113396 0.000000 0.000000 0.042715 0.000000 0.045743 0.038395 0.037597 0.349382 0.000000 0.000000 0.134907 
0.047777 0.346324 0.000000 0.000000 0.019040 0.000000 0.000000 0.000000 0.046087 0.000001 0.000000 0.373830 0.000000 0.000000 0.166940 
0.000000 0.181026 0.000000 0.000000 0.000000 0.000000 0.000000 0.000000 0.000006 0.540941 0.000000 0.041825 0.000000 0.000000 0.236202 
0.017912 0.000000 0.000000 0.454185 0.000000 0.027444 0.000000 0.076541 0.036496 0.009665 0.000000 0.145861 0.000000 0.000000 0.231894 
0.029155 0.000000 0.000000 0.077433 0.000000 0.000000 0.548847 0.029432 0.019684 0.017184 0.048107 0.000000 0.000000 0.000000 0.230157 
0.000000 0.000000 0.000000 0.097087 0.000000 0.080709 0.000000 0.000000 0.021527 0.049759 0.029691 0.000000 0.000000 0.000000 0.721227 
0.075595 0.000000 0.000000 0.042035 0.016102 0.000000 0.000000 0.047211 0.059879 0.000001 0.000000 0.512280 0.035439 0.000000 0.211459 
0.000000 0.000000 0.000000 0.004258 0.000000 0.000000 0.000000 0.000000 0.102553 0.090183 0.095526 0.000000 0.007812 0.000000 0.699667 
0.000000 0.000000 0.000000 0.004360 0.000000 0.000000 0.016698 0.119187 0.028502 0.691839 0.000000 0.046049 0.000000 0.000000 0.093366 
0.000000 0.000000 0.000000 0.000000 0.028588 0.115034 0.218793 0.038315 0.013822 0.210611 0.037969 0.219267 0.000000 0.000000 0.117601 
0.019624 0.109329 0.000000 0.000000 0.000000 0.000000 0.022519 0.000000 0.088431 0.062010 0.000000 0.028785 0.000000 0.000000 0.669301 
0.000000 0.232128 0.000000 0.000000 0.013868 0.158593 0.000000 0.000000 0.076865 0.000001 0.000000 0.302908 0.049167 0.036255 0.130215 
0.093802 0.000000 0.000000 0.128393 0.015543 0.000000 0.031626 0.000000 0.065219 0.024238 0.000000 0.449237 0.000000 0.000000 0.191942 
0.000000 0.000000 0.000000 0.063245 0.023740 0.723423 0.000000 0.000000 0.044447 0.034326 0.000000 0.110760 0.000000 0.000000 0.000059 
0.000000 0.028091 0.000000 0.014930 0.010818 0.756867 0.000000 0.085015 0.007992 0.007909 0.000000 0.000000 0.000000 0.034467 0.053911 
0.000000 0.000000 0.000000 0.019424 0.000000 0.608141 0.301684 0.000000 0.002303 0.000001 0.020235 0.036770 0.011388 0.000000 0.000054 
0.000000 0.000000 0.000000 0.000000 0.000000 0.000000 0.033794 0.199778 0.603321 0.025574 0.000000 0.000000 0.000000 0.000000 0.137534 
0.000000 0.000000 0.000000 0.015171 0.000000 0.028916 0.000000 0.000000 0.208222 0.442069 0.215653 0.000000 0.000000 0.000000 0.089969 
0.000000 0.000000 0.000000 0.260624 0.000000 0.000000 0.000000 0.028638 0.430663 0.000001 0.018871 0.161263 0.000000 0.000000 0.099939 
0.057828 0.000000 0.000000 0.052055 0.000000 0.000000 0.000000 0.000000 0.553313 0.000001 0.097701 0.011265 0.000000 0.000000 0.227837 
0.000000 0.013789 0.000000 0.000000 0.000000 0.000000 0.000000 0.050680 0.525192 0.000001 0.016968 0.039390 0.000000 0.021321 0.332661 
0.034525 0.000000 0.000000 0.000000 0.000000 0.000000 0.000000 0.272444 0.061494 0.140010 0.249856 0.073339 0.000000 0.017468 0.150864 
0.000000 0.166974 0.000000 0.388511 0.012141 0.129725 0.000000 0.028352 0.207128 0.000001 0.000000 0.000000 0.000000 0.011227 0.055941 
0.000000 0.000000 0.000000 0.690079 0.000000 0.000000 0.000000 0.000000 0.009586 0.213995 0.000000 0.000000 0.024804 0.000000 0.061535 
0.000000 0.000000 0.000000 0.000000 0.028570 0.265505 0.000000 0.183037 0.038319 0.034661 0.000000 0.000000 0.000000 0.000000 0.449908 
0.000000 0.000000 0.000000 0.000000 0.026994 0.000000 0.116560 0.049059 0.289141 0.000001 0.000000 0.365084 0.000000 0.000000 0.153162 
0.000000 0.005279 0.000000 0.792440 0.000000 0.000000 0.156166 0.012383 0.000005 0.000001 0.000000 0.000000 0.008160 0.000000 0.025566 
0.000000 0.000000 0.000000 0.000000 0.000000 0.000000 0.699162 0.027225 0.027078 0.185856 0.029307 0.000000 0.000000 0.000000 0.031372 
0.000000 0.000000 0.000000 0.000000 0.033606 0.009995 0.000000 0.465479 0.055994 0.214813 0.000000 0.007283 0.000000 0.000000 0.212831 
0.021365 0.000000 0.000000 0.030657 0.038513 0.056866 0.000000 0.000000 0.047395 0.293567 0.000000 0.320537 0.000000 0.000000 0.191101 
0.000000 0.652463 0.000000 0.000000 0.018040 0.000000 0.000000 0.011023 0.032094 0.000001 0.000000 0.188241 0.020783 0.000000 0.077355 
0.000000 0.930402 0.000000 0.000000 0.000000 0.000000 0.020302 0.000000 0.022244 0.016321 0.000000 0.000000 0.000000 0.000000 0.010731 
0.015619 0.000000 0.000000 0.000000 0.000000 0.000000 0.000000 0.000000 0.000006 0.757276 0.183625 0.031000 0.000000 0.000000 0.012474 
0.029755 0.000000 0.000000 0.004669 0.021582 0.000000 0.456195 0.000000 0.031816 0.000001 0.000000 0.343785 0.000000 0.000000 0.112198 
0.000000 0.011582 0.000000 0.000000 0.000000 0.025313 0.000000 0.026950 0.050392 0.057694 0.000000 0.000000 0.023865 0.000000 0.804204 
0.000000 0.401098 0.000000 0.000000 0.000000 0.000000 0.000000 0.262358 0.149935 0.019608 0.000000 0.008426 0.000000 0.000000 0.158575 
0.055450 0.198422 0.000000 0.111949 0.000000 0.000000 0.000000 0.000000 0.000006 0.281704 0.239873 0.000000 0.000000 0.000000 0.112596 
0.000000 0.000000 0.000000 0.000000 0.014888 0.000000 0.000000 0.471528 0.066289 0.041884 0.000000 0.007677 0.000000 0.000000 0.397735 
0.037707 0.000000 0.000000 0.000000 0.000000 0.006556 0.000000 0.000000 0.473279 0.317591 0.000000 0.050978 0.000000 0.000000 0.113890 
0.010256 0.000000 0.000000 0.535785 0.000000 0.000000 0.000000 0.000000 0.012527 0.249154 0.000000 0.000000 0.000000 0.000000 0.192278 
0.017531 0.000000 0.000000 0.558604 0.023465 0.000000 0.000000 0.000000 0.017252 0.224768 0.000000 0.109372 0.000000 0.000000 0.049007 
0.000000 0.672644 0.000000 0.084440 0.000000 0.000000 0.036811 0.021819 0.075316 0.000001 0.000000 0.046560 0.000000 0.000000 0.062408 
0.000000 0.000000 0.000000 0.414339 0.000000 0.224645 0.303643 0.000000 0.000006 0.000001 0.030531 0.000000 0.017628 0.000000 0.009208 
0.043559 0.121743 0.000000 0.008861 0.000000 0.329570 0.000000 0.000000 0.012877 0.003855 0.132451 0.234922 0.000000 0.000000 0.112162 
0.000000 0.000000 0.000000 0.000000 0.000000 0.148480 0.000000 0.050315 0.702360 0.013775 0.000000 0.000000 0.000000 0.000000 0.085069 
0.000000 0.000000 0.000000 0.712572 0.008002 0.028592 0.000000 0.027100 0.019626 0.157207 0.007597 0.000000 0.000000 0.000000 0.039305 
0.000000 0.332074 0.000000 0.000000 0.008538 0.000000 0.080953 0.000000 0.050330 0.000001 0.118705 0.268688 0.000000 0.000000 0.140711 
0.024826 0.000000 0.000000 0.000000 0.000000 0.000000 0.946210 0.000000 0.000006 0.000001 0.000000 0.000000 0.028901 0.000000 0.000056 
0.000000 0.009286 0.000000 0.000000 0.013310 0.000000 0.010009 0.041919 0.005612 0.842402 0.000000 0.000000 0.000000 0.000000 0.077462 
0.000000 0.000000 0.000000 0.311219 0.000000 0.000000 0.000000 0.000000 0.598197 0.007160 0.000000 0.000000 0.000000 0.000000 0.083424 
0.000000 0.170065 0.000000 0.000000 0.000000 0.015666 0.000000 0.506164 0.066268 0.048046 0.000000 0.000000 0.000000 0.000000 0.193791 
0.000000 0.000000 0.000000 0.760309 0.000000 0.030486 0.000000 0.000000 0.002803 0.077166 0.000000 0.000000 0.000000 0.000000 0.129237 
0.030622 0.032645 0.000000 0.007270 0.000000 0.000000 0.000000 0.021744 0.601163 0.013539 0.211419 0.000000 0.000000 0.000000 0.081597 
0.000000 0.127460 0.000000 0.184344 0.000000 0.058496 0.000000 0.072483 0.153024 0.000001 0.070549 0.196973 0.000000 0.000000 0.136669 
0.120456 0.000000 0.000000 0.000000 0.000000 0.013323 0.026453 0.000000 0.003410 0.000001 0.700405 0.000000 0.027022 0.022872 0.086059 
0.000000 0.000000 0.000000 0.000000 0.000000 0.101196 0.691440 0.021779 0.000006 0.154240 0.031288 0.000000 0.000000 0.000000 0.000051 
0.026914 0.000000 0.000000 0.009335 0.000000 0.094380 0.000000 0.000000 0.015473 0.715790 0.000000 0.000000 0.000000 0.024838 0.113270 
0.049433 0.000000 0.000000 0.010475 0.000000 0.000000 0.000000 0.052955 0.041210 0.437930 0.000000 0.249983 0.000000 0.000000 0.158014 
0.000000 0.008742 0.000000 0.000000 0.000000 0.713819 0.219592 0.030770 0.000005 0.000001 0.000000 0.000000 0.000000 0.027018 0.000053 
0.000000 0.009000 0.000000 0.000000 0.008517 0.585234 0.061317 0.000000 0.295853 0.000001 0.040025 0.000000 0.000000 0.000000 0.000053 
0.000000 0.991447 0.000000 0.000000 0.000000 0.000000 0.000000 0.000000 0.000005 0.008511 0.000000 0.000000 0.000000 0.000000 0.000037 
0.017792 0.000000 0.000000 0.000000 0.000000 0.000000 0.042588 0.000000 0.000005 0.207110 0.564977 0.048014 0.025934 0.000000 0.093581 
0.059348 0.396701 0.000000 0.012974 0.000000 0.000000 0.000000 0.000000 0.024496 0.000001 0.228462 0.129253 0.015735 0.000000 0.133030 
0.000000 0.139727 0.000000 0.000000 0.000000 0.375518 0.000000 0.000000 0.407651 0.000001 0.032730 0.000000 0.000000 0.000000 0.044373 
0.000000 0.000000 0.000000 0.138653 0.000000 0.000000 0.080046 0.000000 0.023156 0.011701 0.022027 0.045364 0.010931 0.000000 0.668123 
0.000000 0.000000 0.000000 0.160221 0.000000 0.256700 0.000000 0.108740 0.028438 0.033514 0.033488 0.000000 0.000000 0.000000 0.378899 
0.000000 0.017735 0.000000 0.000000 0.000000 0.163026 0.405777 0.107210 0.217634 0.032221 0.000000 0.000000 0.000000 0.000000 0.056398 
0.000000 0.000000 0.000000 0.043773 0.000000 0.000000 0.007002 0.175105 0.357489 0.000001 0.000000 0.214983 0.000000 0.000000 0.201646 
0.000000 0.019110 0.000000 0.035677 0.000000 0.000000 0.000000 0.000000 0.626768 0.079993 0.026439 0.104923 0.000000 0.000000 0.107090 
0.053224 0.024939 0.000000 0.142793 0.000000 0.000000 0.748035 0.008682 0.000005 0.000001 0.000000 0.000000 0.022272 0.000000 0.000048 
0.000000 0.077195 0.000000 0.759037 0.000000 0.052434 0.047286 0.032898 0.007029 0.005057 0.000000 0.000000 0.000000 0.000000 0.019065 
