-3846742.328226
0
0.039628 0.037623 0.000000 0.037436 0.005285 0.002505 0.000000 0.006763 0.019334 0.005130 0.022972 0.023637 0.015384 0.014842 0.015649 0.030744 0.018443 0.006802 0.009849 0.023528 0.005346 0.000623 0.006478 0.002302 0.033335 0.024004 0.000000 0.030322 0.004590 0.005145 0.000000 0.004213 0.001598 0.002659 0.008830 0.018998 0.013416 0.020423 0.015677 0.030172 0.005186 0.011039 0.005322 0.011205 0.003037 0.001319 0.006808 0.005137 0.026523 0.014815 0.000000 0.024033 0.000000 0.000000 0.000000 0.004084 0.000000 0.000064 0.014500 0.005455 0.008900 0.008900 0.008891 0.020701 0.005009 0.005873 0.004503 0.009909 0.000000 0.000000 0.005451 0.006364 0.030654 0.014279 0.000000 0.039883 0.000000 0.000000 0.000000 0.000000 0.005132 0.002015 0.000000 0.011282 0.017144 0.013388 0.009231 0.032715 0.004568 0.005730 0.000876 0.010726 0.002399 0.001615 0.004870 0.006779 
0.000000 0.000000 0.000000 0.000000 0.000000 0.000000 0.000000 0.000347 0.000001 0.019752 0.000001 0.004909 0.000963 0.001009 0.001022 0.003700 0.000507 0.000002 0.000950 0.000987 0.000000 0.000000 0.000606 0.000000 0.001101 0.000667 0.000000 0.001700 0.000000 0.000000 0.000804 0.000000 0.076457 0.102891 0.021121 0.079923 0.000000 0.001360 0.000907 0.001847 0.000974 0.000002 0.000853 0.004642 0.000000 0.001103 0.000635 0.001375 0.000001 0.000000 0.000000 0.000001 0.000000 0.000337 0.000000 0.000000 0.000000 0.021230 0.000000 0.016603 0.000000 0.000000 0.000626 0.000000 0.000001 0.000000 0.000380 0.007637 0.000000 0.000000 0.001677 0.000969 0.000924 0.001944 0.000000 0.001340 0.000000 0.000968 0.000000 0.000000 0.115852 0.295374 0.097533 0.083807 0.001208 0.001559 0.001203 0.005195 0.002357 0.001769 0.002034 0.002181 0.000000 0.000000 0.001136 0.001036 
0.000010 0.008339 0.000000 0.031968 0.000002 0.000003 0.000000 0.000011 0.000044 0.000407 0.000023 0.003322 0.000002 0.000001 0.000002 0.000029 0.000526 0.012988 0.000075 0.000200 0.000000 0.000000 0.000008 0.000001 0.000062 0.000001 0.000000 0.000019 0.000000 0.000001 0.000000 0.000000 0.009581 0.006377 0.005590 0.096636 0.000000 0.000004 0.000000 0.000004 0.000065 0.050738 0.000025 0.000098 0.000000 0.000001 0.000006 0.000003 0.010585 0.000012 0.000000 0.000031 0.000000 0.000003 0.000000 0.000000 0.000000 0.001129 0.025100 0.029899 0.000000 0.000000 0.000000 0.031018 0.000041 0.000003 0.000029 0.034418 0.000000 0.000000 0.000009 0.000000 0.001169 0.000701 0.000000 0.004128 0.000000 0.000000 0.000000 0.000000 0.197371 0.008114 0.365400 0.005015 0.000000 0.000000 0.000002 0.000065 0.000047 0.000046 0.000008 0.000053 0.000000 0.058387 0.000010 0.000032 
0.000321 0.000507 0.000000 0.000256 0.000000 0.000000 0.000000 0.000654 0.006794 0.003347 0.002880 0.003120 0.000000 0.000000 0.000699 0.000284 0.001235 0.000446 0.000806 0.001770 0.000000 0.000000 0.000505 0.000528 0.000318 0.000000 0.000000 0.000536 0.000000 0.000200 0.000000 0.000000 0.015572 0.004186 0.004643 0.008212 0.000000 0.000679 0.000000 0.000883 0.000493 0.000258 0.000246 0.000254 0.000000 0.000000 0.000000 0.000000 0.000261 0.000000 0.000000 0.000001 0.000000 0.000000 0.000000 0.000275 0.007349 0.001968 0.000000 0.002794 0.000000 0.000000 0.000000 0.000000 0.000001 0.000000 0.000001 0.000389 0.000122 0.000000 0.000167 0.000142 0.015267 0.006718 0.002085 0.011995 0.037499 0.000000 0.001456 0.067568 0.421430 0.083496 0.048645 0.227936 0.000000 0.000000 0.000000 0.000002 0.000001 0.000221 0.000393 0.000863 0.000000 0.000000 0.000320 0.000001 
0.024432 0.020694 0.002574 0.019107 0.026608 0.013149 0.005601 0.025335 0.018332 0.007998 0.003268 0.015909 0.009001 0.008160 0.008229 0.008476 0.011870 0.009547 0.010069 0.017012 0.000000 0.001095 0.010587 0.005667 0.020790 0.018133 0.002098 0.016023 0.017922 0.013745 0.004218 0.026730 0.013202 0.006992 0.002762 0.017296 0.008694 0.013697 0.013050 0.018098 0.006554 0.014819 0.006365 0.011542 0.000000 0.006091 0.009589 0.004911 0.008275 0.009773 0.000000 0.013705 0.014262 0.010100 0.001407 0.019927 0.014859 0.006448 0.000000 0.009407 0.004657 0.005983 0.008618 0.009511 0.006034 0.005878 0.005378 0.006355 0.004340 0.004968 0.016040 0.006196 0.012118 0.016875 0.000000 0.013465 0.019882 0.022384 0.002383 0.035718 0.010056 0.013163 0.000000 0.009089 0.006519 0.010353 0.004839 0.016488 0.007940 0.010420 0.004818 0.009211 0.000000 0.006568 0.011303 0.008242 
0.010529 0.009176 0.001736 0.005067 0.000000 0.001981 0.000000 0.000000 0.030742 0.014908 0.205675 0.009655 0.004630 0.001413 0.000000 0.007271 0.014503 0.005566 0.008433 0.010343 0.001747 0.001745 0.001130 0.003569 0.005782 0.006184 0.000000 0.000001 0.000000 0.000000 0.000000 0.000000 0.021633 0.020114 0.107832 0.019522 0.000000 0.001438 0.000000 0.000043 0.003244 0.004312 0.004321 0.007256 0.000000 0.001997 0.001246 0.000000 0.005415 0.004104 0.000000 0.003270 0.000000 0.002362 0.000000 0.000000 0.022829 0.025159 0.113474 0.013192 0.000000 0.000000 0.000000 0.000000 0.011457 0.006643 0.003485 0.012240 0.000000 0.000000 0.000849 0.000000 0.013879 0.008348 0.000000 0.015071 0.002194 0.000000 0.000000 0.000000 0.015246 0.018607 0.090957 0.014294 0.006426 0.000000 0.000000 0.002540 0.006370 0.004734 0.008610 0.006512 0.001139 0.000757 0.002369 0.002723 
0.012562 0.006414 0.000000 0.019621 0.014985 0.011145 0.006968 0.032829 0.028521 0.000264 0.044545 0.033769 0.000000 0.008856 0.027771 0.016430 0.013779 0.007616 0.000016 0.000041 0.000000 0.000000 0.000002 0.000000 0.003183 0.000000 0.000000 0.000004 0.012179 0.003323 0.007371 0.012646 0.051833 0.033816 0.012549 0.005679 0.014505 0.000001 0.009274 0.017691 0.011327 0.003742 0.000006 0.000023 0.000000 0.000000 0.000001 0.000001 0.049867 0.028935 0.004336 0.007894 0.002887 0.000001 0.000000 0.000000 0.000000 0.017782 0.000000 0.009912 0.001536 0.000000 0.014419 0.018596 0.010687 0.000001 0.009837 0.004949 0.000000 0.000000 0.000002 0.000000 0.000641 0.061069 0.039177 0.007689 0.000000 0.017890 0.009616 0.044059 0.036778 0.008790 0.015611 0.017327 0.000000 0.022717 0.012345 0.012955 0.019989 0.006395 0.000001 0.000011 0.000000 0.000000 0.000002 0.000008 
0.000007 0.016156 0.000000 0.000002 0.000001 0.011357 0.000000 0.000008 0.000025 0.025752 0.000013 0.010889 0.000001 0.000001 0.000001 0.000017 0.003863 0.000046 0.000041 0.002566 0.000000 0.002081 0.000005 0.016824 0.000041 0.000000 0.000000 0.000010 0.026478 0.028854 0.000000 0.022747 0.039732 0.016315 0.003810 0.075681 0.000000 0.000003 0.004277 0.000002 0.000041 0.000045 0.000016 0.003062 0.000000 0.000001 0.012098 0.000002 0.000017 0.000009 0.000000 0.003898 0.006723 0.014776 0.000000 0.000000 0.000000 0.026135 0.000000 0.013959 0.010786 0.000000 0.000000 0.027963 0.010336 0.000002 0.000019 0.003176 0.000000 0.006959 0.037965 0.000000 0.001801 0.004662 0.000000 0.006608 0.000000 0.016005 0.025236 0.000000 0.093076 0.158359 0.077355 0.094052 0.000000 0.000000 0.015143 0.011904 0.000029 0.004843 0.000005 0.000031 0.000000 0.000000 0.000007 0.005285 
0.005181 0.000000 0.000000 0.000000 0.003508 0.002131 0.000000 0.002628 0.004555 0.005708 0.003871 0.004382 0.011941 0.000000 0.004000 0.016889 0.027707 0.010934 0.019108 0.023579 0.043636 0.006128 0.004740 0.025030 0.004128 0.000695 0.000000 0.002221 0.001769 0.001476 0.000000 0.004469 0.011294 0.007157 0.004041 0.006358 0.003989 0.000936 0.001503 0.000000 0.019229 0.012881 0.019370 0.032299 0.027722 0.007656 0.015575 0.066292 0.009901 0.007627 0.000000 0.004233 0.000000 0.003137 0.000000 0.004978 0.007861 0.007461 0.004744 0.011392 0.000000 0.001177 0.001832 0.000000 0.009231 0.010601 0.010420 0.014041 0.009404 0.000703 0.005469 0.022470 0.021264 0.001196 0.000000 0.029480 0.004323 0.003709 0.000000 0.005643 0.002986 0.008926 0.000000 0.009260 0.021263 0.000000 0.015249 0.009131 0.018674 0.017128 0.012148 0.038829 0.067682 0.008536 0.010258 0.070916 
0.037890 0.031090 0.019426 0.024083 0.009589 0.005169 0.002977 0.005348 0.011667 0.007463 0.000001 0.004491 0.004541 0.003220 0.009731 0.002424 0.007290 0.001705 0.007628 0.003364 0.000000 0.000000 0.001666 0.000000 0.048718 0.063182 0.009393 0.043372 0.011036 0.009608 0.006254 0.009946 0.020006 0.014286 0.006412 0.019708 0.007478 0.011428 0.035422 0.011481 0.005175 0.002566 0.010379 0.005390 0.000000 0.001407 0.004804 0.001379 0.038792 0.042365 0.023017 0.025962 0.007893 0.009226 0.006448 0.006410 0.008106 0.007043 0.000000 0.008058 0.007478 0.004828 0.014710 0.004182 0.005799 0.000829 0.004035 0.001529 0.000000 0.000000 0.002092 0.000000 0.033875 0.054133 0.010159 0.039876 0.004002 0.010237 0.002999 0.005276 0.001795 0.006367 0.000000 0.007575 0.004326 0.004832 0.008152 0.003960 0.002091 0.001576 0.003739 0.001951 0.000000 0.000000 0.003163 0.001517 
0.001823 0.003299 0.000823 0.002464 0.001009 0.000915 0.000000 0.001672 0.031759 0.015807 0.092148 0.015607 0.000673 0.003855 0.000000 0.005263 0.007274 0.005247 0.022972 0.001988 0.000000 0.001621 0.000416 0.002537 0.009718 0.023252 0.009059 0.057805 0.000000 0.000000 0.000000 0.000000 0.008500 0.009898 0.090226 0.009443 0.000000 0.002548 0.000000 0.000827 0.005903 0.003748 0.027111 0.003326 0.000000 0.003630 0.004926 0.009196 0.002229 0.005295 0.001848 0.009115 0.000000 0.002862 0.000000 0.001461 0.064102 0.076155 0.138105 0.054261 0.000000 0.002586 0.000562 0.002038 0.011947 0.005925 0.011377 0.004087 0.000000 0.001377 0.000979 0.003000 0.001640 0.003039 0.000962 0.005519 0.000000 0.000000 0.000000 0.000000 0.006630 0.006594 0.039189 0.004629 0.000000 0.000785 0.000000 0.000870 0.005482 0.003221 0.010843 0.002921 0.000000 0.001840 0.000562 0.007676 
0.000645 0.001048 0.000287 0.008636 0.000274 0.000000 0.000000 0.000108 0.000001 0.002361 0.012496 0.005049 0.000000 0.000000 0.000000 0.001302 0.003652 0.005164 0.002215 0.004134 0.000000 0.004173 0.001368 0.014241 0.002668 0.000351 0.000487 0.015601 0.000000 0.000000 0.000000 0.000000 0.001073 0.002333 0.010925 0.003902 0.000000 0.000000 0.000000 0.000842 0.000484 0.002395 0.001906 0.001714 0.002036 0.002128 0.003253 0.018597 0.001432 0.001909 0.000175 0.007979 0.000000 0.000215 0.000000 0.000383 0.000000 0.013275 0.027239 0.015917 0.000000 0.000179 0.000000 0.000702 0.006482 0.010218 0.005382 0.012522 0.000000 0.002063 0.000930 0.002890 0.037430 0.010575 0.003325 0.304629 0.000000 0.000000 0.000000 0.000000 0.004934 0.022300 0.215445 0.039336 0.000000 0.001170 0.000000 0.003123 0.003221 0.010471 0.006394 0.009579 0.005033 0.009854 0.001992 0.063448 
0.011502 0.000000 0.000000 0.000000 0.009168 0.005813 0.003060 0.010567 0.026981 0.016362 0.015516 0.018635 0.008771 0.005108 0.009779 0.009666 0.056013 0.012821 0.038979 0.028868 0.000000 0.003140 0.004435 0.003910 0.000195 0.000000 0.004991 0.002306 0.007407 0.008098 0.004030 0.009550 0.031345 0.028069 0.014201 0.024624 0.003766 0.002000 0.000000 0.000000 0.020222 0.011819 0.032467 0.018160 0.002120 0.000000 0.009338 0.011137 0.008464 0.005044 0.005222 0.005103 0.001582 0.003475 0.002007 0.007054 0.037505 0.029549 0.017733 0.031000 0.002534 0.000000 0.009134 0.000000 0.020911 0.009737 0.017083 0.019405 0.000000 0.000000 0.006725 0.000000 0.015541 0.005432 0.000000 0.008384 0.000000 0.009813 0.000000 0.000000 0.006466 0.029349 0.000000 0.012654 0.000000 0.006364 0.004002 0.001414 0.023560 0.021163 0.023602 0.021008 0.005329 0.000000 0.007083 0.014630 
0.000001 0.000001 0.011156 0.000000 0.024884 0.014144 0.000000 0.009883 0.019964 0.021021 0.000749 0.008999 0.001718 0.013124 0.021892 0.000004 0.015907 0.030624 0.042731 0.046604 0.000000 0.003945 0.007211 0.000000 0.012973 0.000000 0.000000 0.029638 0.000000 0.008723 0.000000 0.003554 0.015446 0.001579 0.020723 0.009636 0.000000 0.003406 0.042066 0.020598 0.007373 0.020251 0.002591 0.034032 0.000000 0.016835 0.000001 0.012918 0.000003 0.012016 0.000000 0.014006 0.020887 0.016295 0.000000 0.000000 0.000000 0.008733 0.000000 0.001664 0.030775 0.014583 0.000000 0.000000 0.023082 0.019492 0.025622 0.012973 0.004623 0.000000 0.000001 0.006005 0.001005 0.023602 0.016332 0.012296 0.000000 0.000000 0.000000 0.015269 0.014367 0.008350 0.000000 0.002349 0.035884 0.000000 0.015805 0.010750 0.017847 0.000006 0.000001 0.018877 0.000000 0.028201 0.003195 0.008197 
0.164295 0.028834 0.012551 0.120023 0.026429 0.301284 0.047738 0.000000 0.013417 0.185693 0.099736 0.000000 0.000000 0.000000 
0.000002 0.000000 0.000000 0.982916 0.000001 0.000000 0.000000 0.000000 0.003567 0.010203 0.003310 0.000000 0.000000 0.000000 
0.349425 0.009486 0.015628 0.021964 0.173541 0.000000 0.000000 0.000000 0.016606 0.103471 0.069552 0.000000 0.202975 0.037351 
0.000003 0.589125 0.011691 0.017870 0.020137 0.009519 0.000000 0.000000 0.005649 0.036924 0.000000 0.286812 0.000000 0.022270 
0.000003 0.017768 0.000000 0.000000 0.000001 0.024937 0.000000 0.000000 0.000001 0.006637 0.026695 0.923958 0.000000 0.000000 
0.125023 0.152954 0.000000 0.017338 0.000001 0.000000 0.000000 0.000000 0.401318 0.000001 0.259981 0.000000 0.043385 0.000000 
0.000003 0.006471 0.000000 0.000000 0.034703 0.021273 0.000000 0.000000 0.137900 0.780057 0.000000 0.000000 0.000000 0.019593 
0.130914 0.041836 0.000000 0.317695 0.102125 0.000000 0.025878 0.000000 0.028375 0.000001 0.000000 0.000000 0.296339 0.056838 
0.093641 0.000000 0.022716 0.148032 0.479317 0.000000 0.025500 0.000000 0.059370 0.021413 0.000000 0.000000 0.150010 0.000000 
0.192190 0.041041 0.000000 0.000000 0.094538 0.035237 0.000000 0.000000 0.021237 0.247457 0.336065 0.032235 0.000000 0.000000 
0.000003 0.000000 0.000000 0.000000 0.010115 0.000000 0.000000 0.000000 0.051992 0.068922 0.000000 0.868968 0.000000 0.000000 
0.000003 0.000000 0.000000 0.000000 0.519623 0.000000 0.027443 0.030698 0.044702 0.000001 0.327207 0.050323 0.000000 0.000000 
0.483068 0.000000 0.000000 0.000000 0.246464 0.000000 0.000000 0.009662 0.000001 0.230939 0.000000 0.015253 0.014614 0.000000 
0.135455 0.000000 0.000000 0.000000 0.040554 0.158715 0.000000 0.000000 0.494770 0.000001 0.072276 0.037119 0.000000 0.061110 
0.035119 0.173964 0.010079 0.016187 0.000001 0.210638 0.047320 0.000000 0.000001 0.456565 0.021661 0.000000 0.028466 0.000000 
0.081381 0.000000 0.000000 0.000000 0.259739 0.021763 0.000000 0.014893 0.024669 0.000001 0.000000 0.384220 0.190287 0.023047 
0.030168 0.000000 0.000000 0.004097 0.024724 0.000000 0.000000 0.000000 0.000001 0.020321 0.000000 0.920689 0.000000 0.000000 
0.072823 0.000000 0.000000 0.000000 0.090617 0.026318 0.000000 0.000000 0.389998 0.358799 0.000000 0.000000 0.000000 0.061445 
0.000003 0.896787 0.015386 0.010556 0.000001 0.028396 0.000000 0.000000 0.002614 0.029096 0.017161 0.000000 0.000000 0.000000 
0.135209 0.000000 0.000000 0.010885 0.000001 0.024854 0.000000 0.000000 0.452424 0.300571 0.000000 0.000000 0.023379 0.052676 
0.222574 0.000000 0.000000 0.473496 0.000001 0.000000 0.000000 0.000000 0.130837 0.123197 0.019708 0.000000 0.000000 0.030187 
0.018587 0.000000 0.000000 0.029062 0.000001 0.186436 0.012173 0.000000 0.073834 0.032608 0.048480 0.582501 0.000000 0.016319 
0.468967 0.000000 0.000000 0.006091 0.033579 0.000000 0.000000 0.000000 0.380229 0.025534 0.019253 0.012981 0.000000 0.053367 
0.000003 0.044117 0.000000 0.000000 0.476886 0.000000 0.000000 0.000000 0.042431 0.417999 0.018563 0.000000 0.000000 0.000000 
0.000003 0.624292 0.023801 0.017056 0.000001 0.000000 0.000000 0.002891 0.000001 0.000001 0.000000 0.331955 0.000000 0.000000 
0.095784 0.000000 0.000000 0.019661 0.045501 0.272041 0.015777 0.035173 0.020572 0.000001 0.134315 0.000000 0.312467 0.048708 
0.044065 0.794777 0.021618 0.008779 0.000001 0.010208 0.000000 0.000000 0.120550 0.000001 0.000000 0.000000 0.000000 0.000000 
0.042442 0.215108 0.000000 0.000000 0.000001 0.174724 0.000000 0.000000 0.000001 0.304678 0.000000 0.263047 0.000000 0.000000 
0.101133 0.455832 0.014178 0.000000 0.060945 0.000000 0.000000 0.000000 0.289574 0.000001 0.000000 0.000000 0.033764 0.044572 
0.000003 0.641906 0.000000 0.000000 0.000001 0.000000 0.000000 0.000000 0.008452 0.137861 0.000000 0.211778 0.000000 0.000000 
0.039779 0.000000 0.000000 0.781353 0.046981 0.005621 0.000000 0.000000 0.126265 0.000001 0.000000 0.000000 0.000000 0.000000 
0.456782 0.277218 0.000000 0.013243 0.130069 0.000000 0.000000 0.040128 0.000001 0.037240 0.000000 0.000000 0.000000 0.045319 
0.141283 0.000000 0.000000 0.000000 0.111815 0.000000 0.028857 0.000000 0.044824 0.000001 0.028388 0.031703 0.439551 0.173579 
0.141444 0.000000 0.000000 0.025500 0.054976 0.000000 0.036396 0.000000 0.033259 0.000001 0.000000 0.343397 0.323265 0.041763 
0.000002 0.968917 0.007485 0.011499 0.000001 0.000000 0.000000 0.012095 0.000001 0.000001 0.000000 0.000000 0.000000 0.000000 
0.000003 0.134659 0.000000 0.000000 0.000001 0.000000 0.000000 0.000000 0.011401 0.011468 0.769542 0.004876 0.059014 0.009037 
0.280410 0.018289 0.000000 0.000000 0.100190 0.474976 0.015455 0.000000 0.000001 0.000001 0.073970 0.000000 0.036709 0.000000 
0.115534 0.000000 0.000000 0.006420 0.052190 0.000000 0.023082 0.016960 0.039985 0.000001 0.029361 0.246284 0.356730 0.113453 
0.000003 0.195285 0.000000 0.000000 0.643711 0.000000 0.000000 0.000000 0.056900 0.073097 0.000000 0.000000 0.014709 0.016295 
0.039434 0.000000 0.000000 0.000000 0.228883 0.564007 0.050561 0.000000 0.035822 0.000001 0.058479 0.000000 0.000000 0.022814 
0.495563 0.000000 0.000000 0.116203 0.110038 0.076797 0.000000 0.000000 0.033654 0.029266 0.127190 0.000000 0.000000 0.011289 
0.000003 0.000000 0.000000 0.019032 0.510398 0.262438 0.000000 0.000000 0.040922 0.058757 0.040580 0.010740 0.057130 0.000000 
0.215521 0.000000 0.022192 0.000000 0.000001 0.009071 0.000000 0.000000 0.631968 0.019430 0.000000 0.000000 0.070118 0.031700 
0.560048 0.000000 0.000000 0.000000 0.092345 0.000000 0.007898 0.000000 0.042569 0.245895 0.000000 0.014449 0.000000 0.036795 
0.030139 0.000000 0.000000 0.740455 0.000001 0.148423 0.000000 0.000000 0.025390 0.010550 0.000000 0.000000 0.045043 0.000000 
0.013432 0.626284 0.012396 0.246736 0.000001 0.000000 0.000000 0.016423 0.007408 0.000001 0.041328 0.035990 0.000000 0.000000 
0.045598 0.191466 0.000000 0.083133 0.000001 0.261820 0.022148 0.000000 0.049658 0.228164 0.085710 0.000000 0.000000 0.032302 
0.152353 0.000000 0.000000 0.000000 0.693296 0.000000 0.035155 0.000000 0.064777 0.000001 0.054418 0.000000 0.000000 0.000000 
0.472224 0.000000 0.000000 0.000000 0.101770 0.259484 0.043326 0.000000 0.000001 0.000001 0.061239 0.033860 0.000000 0.028096 
0.079124 0.010556 0.000000 0.000000 0.444911 0.000000 0.000000 0.000000 0.248779 0.106548 0.000000 0.009630 0.052627 0.047826 
0.662971 0.062006 0.000000 0.015459 0.103278 0.011342 0.000000 0.000000 0.000001 0.053404 0.000000 0.051428 0.000000 0.040111 
0.000003 0.000000 0.000000 0.021546 0.000001 0.000000 0.000000 0.000000 0.000001 0.406863 0.487902 0.083684 0.000000 0.000000 
0.000003 0.000000 0.000000 0.656335 0.000001 0.022916 0.000000 0.000000 0.000001 0.206621 0.000000 0.092089 0.022034 0.000000 
0.000003 0.854264 0.020836 0.070420 0.000001 0.000000 0.000000 0.000000 0.014250 0.000001 0.000000 0.021761 0.000000 0.018465 
0.000003 0.000000 0.000000 0.000000 0.012757 0.028368 0.000000 0.000000 0.000001 0.958871 0.000000 0.000000 0.000000 0.000000 
0.000003 0.000000 0.000000 0.000000 0.000001 0.000000 0.051233 0.000000 0.000001 0.917415 0.000000 0.000000 0.031348 0.000000 
0.032932 0.000000 0.000000 0.016317 0.000001 0.000000 0.000000 0.000000 0.000001 0.020163 0.913847 0.000000 0.016739 0.000000 
0.123449 0.000000 0.000000 0.000000 0.123962 0.025560 0.000000 0.000000 0.022070 0.012904 0.000000 0.055851 0.480472 0.155732 
0.000003 0.959747 0.023615 0.006210 0.000001 0.004235 0.000000 0.000000 0.000001 0.000001 0.000000 0.000000 0.006188 0.000000 
0.114921 0.000000 0.000000 0.000000 0.068884 0.163992 0.074992 0.000000 0.052255 0.000001 0.033432 0.000000 0.382847 0.108675 
0.000003 0.000000 0.006186 0.000000 0.030469 0.141351 0.000000 0.008922 0.012539 0.018944 0.000000 0.740090 0.032604 0.008891 
0.000003 0.000000 0.000000 0.000000 0.000001 0.042378 0.000000 0.000000 0.000002 0.006468 0.951147 0.000000 0.000000 0.000000 
0.264742 0.000000 0.000000 0.000000 0.033562 0.015929 0.000000 0.034636 0.358786 0.035979 0.000000 0.083268 0.122318 0.050780 
0.039240 0.059720 0.000000 0.011660 0.319987 0.413752 0.039160 0.000000 0.066903 0.000001 0.049577 0.000000 0.000000 0.000000 
0.000003 0.000000 0.000000 0.000000 0.603960 0.000000 0.024129 0.000000 0.040228 0.289601 0.000000 0.000000 0.042078 0.000000 
0.140771 0.000000 0.024565 0.000000 0.065513 0.000000 0.000000 0.000000 0.305466 0.020224 0.071640 0.000000 0.294404 0.077417 
0.000003 0.020314 0.000000 0.000000 0.000001 0.000000 0.000000 0.000000 0.000001 0.018411 0.000000 0.961270 0.000000 0.000000 
0.315246 0.000000 0.000000 0.020927 0.084874 0.000000 0.000000 0.000000 0.000001 0.460600 0.074452 0.018874 0.000000 0.025026 
0.000003 0.000000 0.000000 0.325638 0.449673 0.000000 0.000000 0.000000 0.124065 0.027256 0.015334 0.000000 0.047356 0.010676 
0.047108 0.071351 0.009121 0.000000 0.000001 0.000000 0.000000 0.000000 0.273933 0.575989 0.022497 0.000000 0.000000 0.000000 
0.118202 0.000000 0.000000 0.352633 0.068015 0.166647 0.000000 0.000000 0.024256 0.000001 0.000000 0.000000 0.194722 0.075525 
0.000003 0.000000 0.000000 0.000000 0.000001 0.461950 0.000000 0.000000 0.022872 0.424723 0.047356 0.000000 0.000000 0.043096 
0.200623 0.000000 0.000000 0.000000 0.068469 0.134057 0.000000 0.000000 0.520018 0.000001 0.000000 0.052822 0.000000 0.024011 
0.000003 0.000000 0.000000 0.000000 0.051701 0.020127 0.000000 0.000000 0.008492 0.011792 0.136345 0.692909 0.071005 0.007625 
0.058149 0.000000 0.000000 0.170795 0.034470 0.000000 0.000000 0.000000 0.167308 0.021146 0.548132 0.000000 0.000000 0.000000 
0.000003 0.000000 0.000000 0.000000 0.000001 0.000000 0.000000 0.000000 0.000001 0.000000 0.000000 0.999995 0.000000 0.000000 
0.098080 0.155924 0.000000 0.020407 0.000001 0.221872 0.000000 0.000000 0.008871 0.064203 0.000000 0.050183 0.305487 0.074972 
0.504266 0.076521 0.000000 0.000000 0.099514 0.232756 0.000000 0.000000 0.027980 0.042745 0.000000 0.000000 0.016217 0.000000 
0.572315 0.000000 0.000000 0.191437 0.078240 0.000000 0.000000 0.000000 0.000001 0.147222 0.000000 0.000000 0.000000 0.010785 
0.000003 0.000000 0.000000 0.266134 0.013542 0.000000 0.000000 0.000000 0.009041 0.013315 0.671091 0.026875 0.000000 0.000000 
0.110161 0.000000 0.000000 0.000000 0.141063 0.047400 0.080281 0.000000 0.042781 0.000001 0.126895 0.000000 0.395553 0.055865 
0.064619 0.000000 0.000000 0.000000 0.035353 0.342011 0.000000 0.000000 0.000001 0.000001 0.520089 0.004732 0.033195 0.000000 
0.000003 0.000000 0.000000 0.000000 0.004335 0.000000 0.000000 0.000000 0.000001 0.029081 0.011826 0.954754 0.000000 0.000000 
0.121549 0.283677 0.000000 0.000000 0.070705 0.000000 0.000000 0.000000 0.360583 0.093823 0.029670 0.000000 0.039993 0.000000 
0.162943 0.744937 0.000000 0.024152 0.000001 0.007272 0.000000 0.027565 0.010746 0.022385 0.000000 0.000000 0.000000 0.000000 
0.000003 0.532325 0.000000 0.000000 0.000001 0.000000 0.039887 0.000000 0.071000 0.334043 0.000000 0.000000 0.000000 0.022741 
0.000003 0.000000 0.000000 0.000000 0.087299 0.652216 0.047194 0.000000 0.024878 0.000001 0.142960 0.000000 0.045448 0.000000 
0.046208 0.250640 0.000000 0.000000 0.000001 0.578814 0.050658 0.000000 0.000001 0.000001 0.052294 0.000000 0.000000 0.021383 
0.043709 0.000000 0.000000 0.128199 0.058013 0.000000 0.000000 0.000000 0.125428 0.000001 0.215516 0.429134 0.000000 0.000000 
0.086182 0.147049 0.000000 0.024543 0.000001 0.017490 0.000000 0.000000 0.236149 0.488586 0.000000 0.000000 0.000000 0.000000 
0.202737 0.034277 0.000000 0.036507 0.054681 0.022842 0.025312 0.000000 0.041117 0.039796 0.000000 0.000000 0.428528 0.114203 
0.027954 0.057977 0.000000 0.831731 0.000001 0.000000 0.000000 0.000000 0.002308 0.000001 0.000000 0.039942 0.040086 0.000000 
0.030279 0.320071 0.000000 0.000000 0.022840 0.417942 0.020371 0.000000 0.123387 0.016361 0.031382 0.000000 0.000000 0.017368 
0.075292 0.000000 0.000000 0.000000 0.000001 0.000000 0.000000 0.033216 0.154383 0.000001 0.000000 0.684017 0.053091 0.000000 
0.025426 0.000000 0.000000 0.872364 0.000001 0.009583 0.000000 0.000000 0.072624 0.020003 0.000000 0.000000 0.000000 0.000000 
0.057959 0.000000 0.029134 0.000000 0.000001 0.634076 0.064473 0.000000 0.039859 0.000001 0.113586 0.000000 0.060912 0.000000 
0.358527 0.000000 0.000000 0.032914 0.373138 0.034309 0.000000 0.000000 0.058239 0.042895 0.000000 0.000000 0.079644 0.020334 
0.080447 0.000000 0.000000 0.000000 0.034677 0.761625 0.020806 0.000000 0.012873 0.000001 0.050856 0.000000 0.038716 0.000000 
0.038647 0.000000 0.010581 0.000000 0.000001 0.000000 0.021014 0.000000 0.000001 0.000001 0.582622 0.203303 0.123643 0.020187 
0.243742 0.000000 0.000000 0.455980 0.011760 0.000000 0.000000 0.044913 0.000001 0.243606 0.000000 0.000000 0.000000 0.000000 
0.054687 0.000000 0.000000 0.219693 0.000001 0.059824 0.050755 0.000000 0.054231 0.489900 0.035305 0.035603 0.000000 0.000000 
0.497741 0.140094 0.000000 0.000000 0.080387 0.015904 0.000000 0.000000 0.131399 0.085484 0.000000 0.000000 0.048991 0.000000 
0.183615 0.023719 0.000000 0.000000 0.114351 0.022763 0.000000 0.000000 0.285162 0.000001 0.000000 0.000000 0.309453 0.060936 
0.354878 0.000000 0.000000 0.011203 0.000001 0.000000 0.000000 0.000000 0.416115 0.010794 0.000000 0.093720 0.000000 0.113288 
0.000003 0.074688 0.000000 0.000000 0.716176 0.000000 0.065191 0.000000 0.058795 0.012854 0.000000 0.064185 0.008108 0.000000 
0.000003 0.929043 0.018578 0.008235 0.000001 0.000000 0.014509 0.011714 0.000001 0.000001 0.000000 0.004919 0.000000 0.012997 
0.060651 0.000000 0.000000 0.000000 0.000001 0.000000 0.000000 0.000000 0.282879 0.016850 0.440827 0.191052 0.000000 0.007741 
0.411547 0.000000 0.000000 0.000000 0.115827 0.000000 0.069946 0.000000 0.016226 0.014948 0.014201 0.040301 0.249185 0.067819 
0.000003 0.927946 0.005640 0.003555 0.000001 0.020129 0.000000 0.019403 0.004149 0.000001 0.000000 0.000000 0.019173 0.000000 
0.064583 0.464004 0.000000 0.010992 0.000001 0.027704 0.000000 0.000000 0.000001 0.067496 0.000000 0.345673 0.000000 0.019546 
0.122504 0.000000 0.000000 0.003184 0.183591 0.031093 0.035117 0.000000 0.041343 0.023705 0.000000 0.119213 0.354511 0.085738 
0.157664 0.000000 0.000000 0.148729 0.000001 0.099660 0.000000 0.018450 0.038546 0.000001 0.000000 0.049549 0.358501 0.128900 
0.125627 0.000000 0.000000 0.000000 0.100282 0.000000 0.049289 0.000000 0.035978 0.000001 0.110072 0.034038 0.409347 0.135365 
0.025708 0.000000 0.000000 0.000000 0.000001 0.478295 0.051474 0.000000 0.000001 0.215518 0.229003 0.000000 0.000000 0.000000 
0.000003 0.000000 0.000000 0.983058 0.000001 0.006234 0.000000 0.000000 0.000001 0.010703 0.000000 0.000000 0.000000 0.000000 
0.130815 0.000000 0.000000 0.000000 0.000001 0.156598 0.000000 0.000000 0.000001 0.520225 0.000000 0.000000 0.149585 0.042776 
0.000003 0.058960 0.000000 0.000000 0.000001 0.733632 0.077092 0.000000 0.013638 0.031774 0.084898 0.000000 0.000000 0.000000 
0.028179 0.037164 0.000000 0.000000 0.000001 0.633795 0.042341 0.000000 0.000001 0.000001 0.087233 0.112887 0.036235 0.022164 
0.061684 0.000000 0.000000 0.000000 0.324418 0.092736 0.000000 0.000000 0.036614 0.036081 0.448467 0.000000 0.000000 0.000000 
0.000003 0.897821 0.000000 0.000000 0.000001 0.000000 0.018248 0.008326 0.003750 0.000001 0.071851 0.000000 0.000000 0.000000 
0.128230 0.025863 0.000000 0.000000 0.027001 0.618199 0.032176 0.000000 0.089903 0.000001 0.052980 0.025648 0.000000 0.000000 
0.000003 0.000000 0.000000 0.000000 0.000001 0.000000 0.034281 0.000000 0.000001 0.777225 0.000000 0.188490 0.000000 0.000000 
0.097622 0.810660 0.016341 0.000000 0.049085 0.000000 0.000000 0.000000 0.000001 0.000001 0.000000 0.000000 0.026290 0.000000 
0.000003 0.000000 0.000000 0.000000 0.654865 0.017462 0.000000 0.037496 0.043671 0.014850 0.000000 0.190584 0.041070 0.000000 
0.060183 0.000000 0.000000 0.150253 0.017206 0.055488 0.000000 0.000000 0.011826 0.019357 0.000000 0.685688 0.000000 0.000000 
0.000003 0.445221 0.000000 0.000000 0.023684 0.012562 0.000000 0.000000 0.000001 0.000001 0.000000 0.518529 0.000000 0.000000 
0.120382 0.000000 0.000000 0.015345 0.133878 0.372023 0.026718 0.000000 0.000001 0.060405 0.130249 0.015514 0.125483 0.000000 
0.075201 0.000000 0.000000 0.111499 0.074460 0.051316 0.000000 0.000000 0.019948 0.057559 0.000000 0.249407 0.311028 0.049583 
0.119552 0.000000 0.000000 0.000000 0.049369 0.000000 0.045923 0.000000 0.000001 0.000001 0.000000 0.359899 0.327200 0.098056 
0.190490 0.000000 0.000000 0.000000 0.000001 0.000000 0.011447 0.000000 0.000001 0.577151 0.000000 0.186966 0.000000 0.033944 
0.164396 0.000000 0.000000 0.462584 0.142991 0.000000 0.000000 0.037679 0.018536 0.010326 0.000000 0.000000 0.134034 0.029454 
0.178816 0.000000 0.000000 0.078801 0.091588 0.046756 0.000000 0.000000 0.014643 0.021507 0.567890 0.000000 0.000000 0.000000 
0.630833 0.080859 0.000000 0.103183 0.115789 0.021757 0.000000 0.000000 0.000001 0.047577 0.000000 0.000000 0.000000 0.000000 
0.110474 0.000000 0.000000 0.045047 0.135987 0.037468 0.065028 0.000000 0.027094 0.000001 0.000000 0.000000 0.420702 0.158201 
0.594124 0.000000 0.019994 0.000000 0.136153 0.093284 0.000000 0.000000 0.061410 0.095034 0.000000 0.000000 0.000000 0.000000 
0.000003 0.000000 0.000000 0.000000 0.157901 0.000000 0.061589 0.000000 0.025344 0.686354 0.020140 0.000000 0.028516 0.020153 
0.061556 0.106976 0.000000 0.009015 0.095651 0.034653 0.015960 0.000000 0.000001 0.223668 0.213533 0.000000 0.215754 0.023234 
0.578777 0.000000 0.000000 0.000000 0.138663 0.000000 0.000000 0.000000 0.050977 0.060351 0.026699 0.124311 0.000000 0.020222 
0.111597 0.153400 0.000000 0.000000 0.020188 0.014395 0.042808 0.019547 0.043815 0.000001 0.000000 0.235540 0.281820 0.076889 
0.130354 0.000000 0.000000 0.134532 0.104853 0.041637 0.000000 0.000000 0.026840 0.037753 0.000000 0.000000 0.416943 0.107087 
0.000003 0.713572 0.000000 0.071027 0.036207 0.000000 0.000000 0.000000 0.027367 0.029749 0.000000 0.000000 0.089979 0.032096 
0.012238 0.763560 0.000000 0.000000 0.138327 0.000000 0.028617 0.000000 0.000001 0.000001 0.000000 0.031936 0.025320 0.000000 
0.000003 0.604927 0.000000 0.019808 0.000001 0.000000 0.000000 0.000000 0.003108 0.000001 0.328609 0.000000 0.029299 0.014244 
0.129924 0.000000 0.000000 0.000000 0.285761 0.000000 0.000000 0.020701 0.494493 0.000001 0.056932 0.000000 0.000000 0.012188 
0.064370 0.028421 0.000000 0.016518 0.000001 0.218696 0.000000 0.000000 0.159522 0.462247 0.022805 0.000000 0.000000 0.027420 
0.105932 0.000000 0.000000 0.261958 0.079061 0.022095 0.000000 0.000000 0.336358 0.000001 0.000000 0.012612 0.129849 0.052136 
0.280778 0.000000 0.011774 0.051425 0.023339 0.131658 0.000000 0.000000 0.449810 0.000001 0.000000 0.000000 0.029359 0.021856 
0.323311 0.000000 0.000000 0.000000 0.137783 0.029110 0.000000 0.000000 0.418314 0.000001 0.000000 0.029067 0.015815 0.046599 
0.000003 0.000000 0.014056 0.000000 0.419761 0.273214 0.000000 0.000000 0.047951 0.144905 0.000000 0.000000 0.100110 0.000000 
0.069995 0.128726 0.000000 0.391459 0.054406 0.000000 0.000000 0.000000 0.163718 0.000001 0.000000 0.171943 0.019752 0.000000 
0.052864 0.000000 0.000000 0.693908 0.000001 0.000000 0.000000 0.000000 0.004810 0.221928 0.026488 0.000000 0.000000 0.000000 
0.316190 0.259082 0.000000 0.015222 0.327662 0.000000 0.000000 0.000000 0.017826 0.021283 0.000000 0.000000 0.000000 0.042734 
0.104590 0.000000 0.000000 0.000000 0.119355 0.000000 0.000000 0.026885 0.210685 0.008148 0.107633 0.011983 0.278821 0.131901 
0.015309 0.000000 0.000000 0.792992 0.021644 0.000000 0.000000 0.000000 0.000001 0.000001 0.163980 0.006073 0.000000 0.000000 
0.000003 0.000000 0.000000 0.000000 0.044245 0.000000 0.000000 0.000000 0.029836 0.193989 0.731927 0.000000 0.000000 0.000000 
0.000003 0.000000 0.000000 0.000000 0.647862 0.000000 0.000000 0.032037 0.041533 0.202445 0.000000 0.000000 0.076119 0.000000 
0.109924 0.053926 0.016471 0.028929 0.111572 0.000000 0.000000 0.000000 0.018968 0.317942 0.000000 0.000000 0.272437 0.069832 
0.000003 0.000000 0.000000 0.000000 0.067688 0.000000 0.000000 0.000000 0.018194 0.024394 0.000000 0.667711 0.154572 0.067438 
0.006191 0.000000 0.000000 0.000000 0.006060 0.000000 0.000000 0.000000 0.018338 0.014766 0.020135 0.934510 0.000000 0.000000 
0.000003 0.000000 0.000000 0.000000 0.000001 0.170449 0.024639 0.000000 0.000001 0.754923 0.045128 0.004856 0.000000 0.000000 
0.065129 0.000000 0.000000 0.000000 0.059585 0.000000 0.028942 0.016989 0.008244 0.000001 0.456504 0.000000 0.279513 0.085094 
0.662635 0.027113 0.000000 0.000000 0.164145 0.000000 0.000000 0.000000 0.000001 0.047963 0.000000 0.032627 0.000000 0.065516 
0.041870 0.000000 0.000000 0.000000 0.403872 0.000000 0.000000 0.000000 0.119995 0.000001 0.000000 0.413549 0.020715 0.000000 
0.083674 0.000000 0.000000 0.112462 0.000001 0.221835 0.042433 0.000000 0.000001 0.275329 0.063397 0.200868 0.000000 0.000000 
0.150112 0.000000 0.007695 0.000000 0.736227 0.000000 0.044921 0.000000 0.061045 0.000001 0.000000 0.000000 0.000000 0.000000 
0.145031 0.000000 0.000000 0.004529 0.000001 0.023540 0.000000 0.000000 0.371104 0.333315 0.000000 0.012014 0.075487 0.034979 
0.167726 0.000000 0.000000 0.538076 0.000001 0.000000 0.023336 0.000000 0.000001 0.246464 0.000000 0.000000 0.000000 0.024396 
0.000003 0.000000 0.000000 0.562350 0.027433 0.000000 0.015141 0.000000 0.008876 0.243916 0.000000 0.000000 0.109489 0.032792 
0.043571 0.000000 0.000000 0.083554 0.053714 0.000000 0.000000 0.000000 0.057121 0.000001 0.029930 0.681540 0.050570 0.000000 
0.000003 0.219447 0.000000 0.410913 0.000001 0.000000 0.020423 0.000000 0.000001 0.000001 0.337259 0.011952 0.000000 0.000000 
0.072009 0.321783 0.000000 0.000000 0.044824 0.147401 0.000000 0.026349 0.000001 0.018509 0.000000 0.125877 0.207916 0.035331 
0.152339 0.158393 0.000000 0.000000 0.078363 0.000000 0.000000 0.000000 0.580406 0.012364 0.000000 0.000000 0.000000 0.018135 
0.000003 0.000000 0.008963 0.726174 0.044080 0.000000 0.029466 0.000000 0.018490 0.161190 0.011633 0.000000 0.000000 0.000000 
0.095489 0.000000 0.009913 0.000000 0.056701 0.116069 0.000000 0.000000 0.023397 0.000001 0.075711 0.336808 0.215997 0.069914 
0.000003 0.000000 0.000000 0.000000 0.004403 0.000000 0.000000 0.000000 0.000001 0.000001 0.970016 0.010190 0.015386 0.000000 
0.022543 0.000000 0.000000 0.000000 0.053549 0.000000 0.000000 0.000000 0.000001 0.861929 0.016550 0.012391 0.018994 0.014043 
0.164438 0.000000 0.000000 0.310625 0.000001 0.018733 0.000000 0.000000 0.479441 0.000001 0.000000 0.011676 0.015085 0.000000 
0.000003 0.000000 0.000000 0.000000 0.660667 0.000000 0.000000 0.050343 0.054002 0.008474 0.013439 0.168329 0.000000 0.044743 
0.097574 0.000000 0.013168 0.769895 0.000001 0.000000 0.040793 0.000000 0.000001 0.078567 0.000000 0.000000 0.000000 0.000000 
0.126818 0.000000 0.000000 0.000000 0.034441 0.242034 0.000000 0.000000 0.448991 0.000001 0.000000 0.045654 0.053543 0.048519 
0.080049 0.052694 0.000000 0.182573 0.135014 0.071268 0.000000 0.019729 0.112669 0.000001 0.000000 0.135037 0.145418 0.065548 
0.036505 0.012310 0.000000 0.000000 0.000001 0.732953 0.073571 0.000000 0.008203 0.000001 0.127955 0.000000 0.000000 0.008501 
0.000003 0.089547 0.000000 0.000000 0.018869 0.000000 0.000000 0.017525 0.006155 0.145555 0.722346 0.000000 0.000000 0.000000 
0.099615 0.096317 0.000000 0.010552 0.015554 0.000000 0.000000 0.000000 0.000001 0.722140 0.000000 0.000000 0.055821 0.000000 
0.093073 0.000000 0.000000 0.008122 0.090080 0.000000 0.035922 0.013826 0.021292 0.437191 0.000000 0.000000 0.210853 0.089641 
0.000003 0.698603 0.012094 0.000000 0.049517 0.000000 0.000000 0.012246 0.000001 0.000001 0.221267 0.006270 0.000000 0.000000 
0.036077 0.581483 0.000000 0.000000 0.000001 0.042590 0.000000 0.000000 0.234449 0.000001 0.070627 0.012242 0.000000 0.022531 
0.000002 0.000000 0.000000 0.000000 0.000001 0.000000 0.000000 0.000000 0.000001 0.006278 0.000000 0.993717 0.000000 0.000000 
0.037367 0.000000 0.000000 0.000000 0.000001 0.571856 0.026880 0.000000 0.000001 0.229869 0.112094 0.000000 0.021931 0.000000 
0.080737 0.000000 0.018107 0.000000 0.061108 0.272250 0.008869 0.000000 0.011428 0.000001 0.000000 0.398178 0.121050 0.028271 
0.089283 0.372544 0.000000 0.000000 0.000001 0.043506 0.000000 0.000000 0.325284 0.000001 0.000000 0.146802 0.000000 0.022579 
0.564958 0.000000 0.009967 0.141508 0.104493 0.016072 0.000000 0.000000 0.000001 0.022670 0.090743 0.000000 0.000000 0.049588 
0.283600 0.243634 0.021912 0.160364 0.213085 0.032203 0.000000 0.000000 0.013651 0.031551 0.000000 0.000000 0.000000 0.000000 
0.029388 0.161049 0.000000 0.000000 0.158531 0.000000 0.000000 0.000000 0.166657 0.000001 0.416700 0.023824 0.000000 0.043850 
0.127235 0.013972 0.000000 0.039949 0.273787 0.000000 0.032010 0.000000 0.282995 0.000001 0.000000 0.009347 0.177142 0.043562 
0.173908 0.000000 0.000000 0.035129 0.000001 0.029811 0.023333 0.000000 0.493229 0.073678 0.000000 0.034372 0.094671 0.041868 
0.000003 0.000000 0.000000 0.146295 0.000001 0.000000 0.000000 0.000000 0.000001 0.011974 0.784225 0.025764 0.031737 0.000000 
0.000003 0.047643 0.000000 0.762821 0.055219 0.000000 0.000000 0.000000 0.005938 0.000001 0.051186 0.077189 0.000000 0.000000 
0.047474 0.000000 0.000000 0.348008 0.023014 0.067798 0.000000 0.000000 0.050647 0.000001 0.000000 0.441475 0.021584 0.000000 
0.541224 0.000000 0.000000 0.010177 0.079689 0.000000 0.000000 0.000000 0.000001 0.103012 0.129108 0.013217 0.084168 0.039405 
0.062829 0.000000 0.000000 0.343318 0.000001 0.064795 0.000000 0.000000 0.000001 0.335012 0.102966 0.000000 0.091078 0.000000 
0.075104 0.000000 0.000000 0.000000 0.078859 0.549212 0.000000 0.000000 0.227435 0.000001 0.041830 0.015800 0.011760 0.000000 
0.022228 0.000000 0.000000 0.344055 0.016302 0.000000 0.000000 0.000000 0.091013 0.000001 0.012396 0.487209 0.000000 0.026796 
0.310983 0.000000 0.000000 0.000000 0.501366 0.000000 0.010198 0.000000 0.049088 0.000001 0.029879 0.036416 0.062070 0.000000 
0.745859 0.000000 0.000000 0.003555 0.168338 0.018733 0.000000 0.000000 0.000001 0.053945 0.000000 0.000000 0.000000 0.009569 
0.000003 0.839649 0.029523 0.000000 0.058018 0.007493 0.000000 0.000000 0.009663 0.018851 0.000000 0.000000 0.036799 0.000000 
0.000003 0.000000 0.000000 0.039660 0.625892 0.014226 0.000000 0.003343 0.052988 0.186971 0.058608 0.018309 0.000000 0.000000 
0.000003 0.054342 0.000000 0.142262 0.025299 0.000000 0.000000 0.000000 0.006993 0.661421 0.038234 0.032250 0.039196 0.000000 
0.016193 0.026305 0.000000 0.047502 0.035040 0.535669 0.068640 0.000000 0.000001 0.000001 0.100531 0.170119 0.000000 0.000000 
0.123244 0.000000 0.000000 0.232005 0.000001 0.000000 0.030133 0.000000 0.008843 0.539926 0.000000 0.043179 0.022670 0.000000 
0.047801 0.000000 0.000000 0.000000 0.311778 0.000000 0.011634 0.013751 0.028726 0.276184 0.302962 0.000000 0.000000 0.007163 
0.000003 0.000000 0.000000 0.950447 0.000001 0.000000 0.008637 0.000000 0.004135 0.000001 0.017043 0.019733 0.000000 0.000000 
0.079662 0.000000 0.000000 0.421873 0.214972 0.000000 0.015389 0.000000 0.064710 0.064876 0.013216 0.000000 0.125302 0.000000 
0.408844 0.000000 0.000000 0.000000 0.107077 0.396813 0.000000 0.000000 0.000001 0.046497 0.040768 0.000000 0.000000 0.000000 
0.000003 0.702629 0.014966 0.026607 0.207062 0.017272 0.000000 0.000000 0.014628 0.016833 0.000000 0.000000 0.000000 0.000000 
0.000003 0.000000 0.000000 0.000000 0.075441 0.000000 0.000000 0.000000 0.000002 0.000001 0.917026 0.007528 0.000000 0.000000 
0.000003 0.047112 0.000000 0.095751 0.082503 0.484836 0.045871 0.000000 0.007516 0.000001 0.070914 0.086817 0.049505 0.029171 
0.658147 0.000000 0.000000 0.113825 0.102180 0.000000 0.000000 0.000000 0.000001 0.057642 0.000000 0.026580 0.000000 0.041626 
0.125384 0.135073 0.021922 0.034829 0.047141 0.000000 0.014224 0.017313 0.036155 0.015055 0.046339 0.045024 0.363177 0.098365 
