-3867875.885109
0
0.003992 0.004334 0.000636 0.002625 0.000807 0.001716 0.000000 0.001884 0.034794 0.015953 0.155717 0.014902 0.002041 0.003083 0.000276 0.006486 0.012594 0.006262 0.018446 0.006035 0.000156 0.001714 0.000572 0.002654 0.006299 0.013584 0.004978 0.031504 0.000000 0.000000 0.000000 0.000000 0.013664 0.012763 0.102804 0.011591 0.000000 0.001579 0.000000 0.000415 0.005424 0.004319 0.017895 0.004993 0.000000 0.002881 0.003214 0.004862 0.003544 0.004270 0.000700 0.005955 0.000000 0.002479 0.000000 0.000743 0.048242 0.055826 0.132356 0.037686 0.000000 0.001327 0.000000 0.001513 0.013295 0.006732 0.009043 0.008184 0.000000 0.000769 0.000799 0.001445 0.004345 0.004862 0.001591 0.003913 0.000000 0.000000 0.000000 0.000000 0.005743 0.004735 0.056454 0.004607 0.002357 0.001009 0.000000 0.001056 0.007296 0.004288 0.010748 0.004480 0.000255 0.001289 0.001102 0.004511 
0.010831 0.005886 0.000000 0.005532 0.008197 0.004723 0.000313 0.007637 0.012103 0.008071 0.009654 0.012019 0.012457 0.005466 0.008470 0.018560 0.032843 0.014176 0.023787 0.030822 0.022940 0.004734 0.006930 0.016273 0.007523 0.002926 0.000000 0.006263 0.003524 0.003898 0.000000 0.007105 0.011142 0.006857 0.006290 0.010635 0.005651 0.004922 0.004572 0.007759 0.016734 0.015980 0.017037 0.028150 0.014567 0.006998 0.012937 0.038705 0.009693 0.006391 0.000000 0.007397 0.001958 0.003597 0.000000 0.006533 0.010642 0.008014 0.006892 0.012130 0.004431 0.003477 0.003464 0.004282 0.011792 0.011662 0.012210 0.015668 0.006755 0.001118 0.007765 0.015841 0.017989 0.003031 0.000000 0.020316 0.004322 0.004896 0.000000 0.007962 0.005423 0.008806 0.000000 0.009071 0.018772 0.004077 0.012023 0.014362 0.018927 0.017268 0.011371 0.031345 0.032907 0.009049 0.010034 0.043734 
0.000000 0.000287 0.000000 0.000383 0.000000 0.000000 0.000000 0.000329 0.000000 0.020018 0.000004 0.004754 0.000878 0.000809 0.001000 0.003194 0.000715 0.000204 0.000983 0.000979 0.000000 0.000056 0.000538 0.000000 0.000927 0.000513 0.000000 0.001290 0.000272 0.000296 0.000937 0.000349 0.078519 0.103459 0.020928 0.080859 0.000000 0.001088 0.000798 0.001456 0.001004 0.000732 0.000900 0.004633 0.000000 0.001011 0.000661 0.001122 0.000218 0.000000 0.000000 0.000000 0.000000 0.000411 0.000000 0.000000 0.000000 0.021383 0.000511 0.016681 0.000000 0.000000 0.000639 0.000546 0.000224 0.000000 0.000398 0.008134 0.000000 0.000055 0.001834 0.000717 0.000827 0.002222 0.000000 0.001182 0.000000 0.001159 0.000000 0.000000 0.114847 0.287956 0.100427 0.082365 0.001036 0.001453 0.001255 0.004802 0.002526 0.001892 0.002181 0.002105 0.000000 0.001102 0.001112 0.000914 
0.037644 0.032390 0.009316 0.029336 0.014496 0.007486 0.003744 0.012642 0.017419 0.007158 0.005752 0.014353 0.008414 0.008543 0.012714 0.011501 0.011151 0.004601 0.008424 0.011449 0.000000 0.000000 0.005136 0.000216 0.037777 0.039264 0.004995 0.032639 0.012615 0.010866 0.004792 0.014075 0.013460 0.008434 0.005486 0.019897 0.010110 0.015543 0.025061 0.020312 0.004796 0.007337 0.007442 0.006695 0.000000 0.001830 0.005613 0.000464 0.028719 0.026621 0.009858 0.023292 0.008594 0.007483 0.003282 0.009553 0.007619 0.004832 0.002552 0.007310 0.007902 0.006639 0.012878 0.011623 0.005978 0.002768 0.004378 0.004522 0.000000 0.001253 0.006635 0.001241 0.028021 0.035705 0.005815 0.033210 0.007036 0.012125 0.002622 0.012509 0.002420 0.002966 0.000000 0.007536 0.007525 0.010011 0.007367 0.015936 0.003383 0.003637 0.002763 0.003591 0.000000 0.001258 0.005057 0.000592 
0.000000 0.000258 0.000000 0.000001 0.000000 0.000000 0.000000 0.000788 0.007040 0.003435 0.003669 0.003338 0.000000 0.000000 0.000705 0.000334 0.001346 0.000509 0.000856 0.001778 0.000000 0.000000 0.000544 0.000597 0.000001 0.000000 0.000000 0.000142 0.000000 0.000184 0.000000 0.000000 0.016072 0.004843 0.004912 0.008763 0.000000 0.000559 0.000000 0.000832 0.000584 0.000310 0.000267 0.000286 0.000000 0.000000 0.000000 0.000001 0.000128 0.000000 0.000000 0.000000 0.000000 0.000000 0.000000 0.000000 0.007659 0.002316 0.000749 0.003056 0.000000 0.000000 0.000000 0.000000 0.000001 0.000000 0.000000 0.000470 0.000138 0.000000 0.000341 0.000191 0.014549 0.006296 0.001941 0.010763 0.037497 0.000000 0.001624 0.068516 0.419939 0.084549 0.047257 0.226861 0.000000 0.000086 0.000000 0.000001 0.000001 0.000404 0.000512 0.000908 0.000000 0.000000 0.000295 0.000001 
0.000654 0.001036 0.000345 0.008588 0.000184 0.000091 0.000000 0.000065 0.000000 0.002346 0.012986 0.004668 0.000000 0.000000 0.000000 0.001007 0.003528 0.005085 0.001984 0.004041 0.000000 0.004211 0.001307 0.014353 0.002593 0.000246 0.000436 0.014779 0.000000 0.000000 0.000000 0.000000 0.001113 0.002274 0.011035 0.003839 0.000000 0.000000 0.000096 0.000660 0.000402 0.002248 0.001728 0.001682 0.001872 0.001992 0.003042 0.018134 0.001422 0.002029 0.000293 0.007824 0.000000 0.000240 0.000000 0.000352 0.000000 0.012836 0.026845 0.015267 0.000000 0.000111 0.000000 0.000479 0.006513 0.010153 0.005206 0.012595 0.000000 0.001898 0.000819 0.002577 0.038851 0.011356 0.003495 0.309052 0.000000 0.000000 0.000000 0.000000 0.004285 0.021291 0.217491 0.039560 0.000000 0.000979 0.000000 0.002733 0.003224 0.010349 0.006425 0.009579 0.004547 0.009537 0.001960 0.063172 
0.373927 0.042078 0.056401 0.378090 0.126008 0.023496 
0.000016 0.004037 0.000004 0.013788 0.982153 0.000001 
0.118134 0.266401 0.035207 0.555890 0.024367 0.000001 
0.004663 0.025717 0.597294 0.064245 0.022349 0.285732 
0.051086 0.000177 0.022277 0.006935 0.000001 0.919524 
0.245123 0.580932 0.152171 0.007443 0.014330 0.000001 
0.000019 0.157621 0.022184 0.820175 0.000001 0.000001 
0.045948 0.321003 0.084752 0.239059 0.309237 0.000001 
0.015544 0.321865 0.033889 0.458627 0.170074 0.000001 
0.352693 0.074882 0.046582 0.489763 0.000001 0.036079 
0.000019 0.063709 0.000004 0.067171 0.000001 0.869096 
0.300124 0.201900 0.011587 0.433699 0.029933 0.022757 
0.032783 0.148701 0.011615 0.800836 0.006064 0.000001 
0.192880 0.690465 0.000005 0.048316 0.000001 0.068333 
0.224860 0.005066 0.216495 0.539211 0.014366 0.000001 
0.056800 0.287810 0.042453 0.266379 0.000001 0.346557 
0.000017 0.000891 0.000004 0.071085 0.006486 0.921517 
0.018224 0.523431 0.005293 0.453051 0.000001 0.000001 
0.040785 0.003796 0.911984 0.029557 0.008293 0.005586 
0.006184 0.604862 0.000005 0.363610 0.007566 0.017773 
0.020596 0.219806 0.000004 0.280730 0.460601 0.018263 
0.210712 0.105115 0.012649 0.048097 0.031445 0.591982 
0.019677 0.634205 0.000004 0.319366 0.005071 0.021677 
0.000018 0.132787 0.056300 0.802173 0.008721 0.000001 
0.000016 0.000144 0.643168 0.000846 0.019362 0.336465 
0.457451 0.258916 0.084434 0.184500 0.014698 0.000001 
0.009539 0.169088 0.818025 0.003346 0.000001 0.000001 
0.159533 0.000153 0.231083 0.336959 0.000001 0.272271 
0.000020 0.465956 0.468382 0.065641 0.000001 0.000001 
0.000018 0.007788 0.643856 0.139483 0.000001 0.208855 
0.000018 0.188391 0.000004 0.028452 0.783134 0.000001 
0.028687 0.161734 0.291531 0.498722 0.019325 0.000001 
0.111987 0.528332 0.048418 0.311261 0.000001 0.000001 
0.067679 0.359147 0.056251 0.197157 0.016026 0.303740 
0.000012 0.000096 0.987746 0.000429 0.011717 0.000001 
0.790156 0.031763 0.134114 0.037936 0.000001 0.006031 
0.510700 0.102023 0.048594 0.309773 0.011589 0.017319 
0.101859 0.429272 0.057003 0.201971 0.000001 0.209894 
0.000014 0.260136 0.192158 0.521600 0.026092 0.000001 
0.554196 0.142780 0.038018 0.238980 0.026026 0.000001 
0.199515 0.186907 0.000005 0.495304 0.118268 0.000001 
0.291669 0.201215 0.020410 0.443176 0.043530 0.000001 
0.000020 0.881500 0.013976 0.066729 0.000001 0.037773 
0.029171 0.187642 0.000005 0.770557 0.000001 0.012624 
0.142304 0.064169 0.000005 0.033343 0.760177 0.000001 
0.033823 0.017903 0.643432 0.015066 0.251501 0.038275 
0.316589 0.081110 0.221811 0.298052 0.082438 0.000001 
0.038692 0.312871 0.008161 0.622970 0.017305 0.000001 
0.313458 0.144295 0.000005 0.478291 0.011527 0.052424 
0.000018 0.525853 0.029666 0.444462 0.000001 0.000001 
0.043823 0.180197 0.050697 0.651954 0.021725 0.051603 
0.464850 0.000122 0.007437 0.424219 0.016945 0.086427 
0.022634 0.000112 0.000005 0.221420 0.658910 0.096920 
0.000020 0.031215 0.870294 0.004097 0.071875 0.022499 
0.000023 0.000073 0.006201 0.981342 0.000001 0.012361 
0.000016 0.000153 0.017449 0.982381 0.000001 0.000001 
0.910540 0.008679 0.000004 0.056173 0.016269 0.008336 
0.128513 0.487183 0.062444 0.306219 0.000001 0.015640 
0.006755 0.000187 0.984047 0.002489 0.006521 0.000001 
0.272008 0.388882 0.063439 0.275669 0.000001 0.000001 
0.133321 0.054641 0.032435 0.049288 0.000001 0.730314 
0.982957 0.006727 0.000004 0.010310 0.000001 0.000001 
0.030201 0.650213 0.019834 0.201714 0.006702 0.091336 
0.407950 0.179837 0.086889 0.275651 0.037826 0.011847 
0.000015 0.194373 0.021833 0.775138 0.008641 0.000001 
0.115818 0.688302 0.040576 0.155302 0.000001 0.000001 
0.000015 0.000165 0.023251 0.018029 0.000001 0.958540 
0.076432 0.066931 0.000005 0.812425 0.023106 0.021102 
0.000020 0.318893 0.000005 0.328135 0.352948 0.000001 
0.000019 0.302538 0.078836 0.590668 0.000001 0.027938 
0.199364 0.232803 0.034711 0.181318 0.351804 0.000001 
0.445670 0.014645 0.044365 0.453298 0.000001 0.042022 
0.110164 0.732540 0.005398 0.069399 0.000001 0.082497 
0.170672 0.064949 0.015535 0.071409 0.000001 0.677435 
0.523923 0.235248 0.000004 0.073118 0.167707 0.000001 
0.000017 0.000155 0.000005 0.000701 0.000001 0.999122 
0.288349 0.239384 0.225447 0.200846 0.000001 0.045974 
0.219516 0.177151 0.089156 0.487592 0.000001 0.026585 
0.023082 0.110523 0.000004 0.669078 0.181660 0.015653 
0.665044 0.005442 0.000004 0.036774 0.261984 0.030753 
0.251523 0.401704 0.043128 0.303643 0.000001 0.000001 
0.820878 0.035715 0.022622 0.094960 0.004283 0.021542 
0.012415 0.000158 0.000005 0.034511 0.000001 0.952910 
0.019218 0.515576 0.283961 0.170845 0.000001 0.010398 
0.017486 0.042387 0.780923 0.152004 0.000001 0.007200 
0.000016 0.083423 0.539905 0.376654 0.000001 0.000001 
0.724907 0.074142 0.036850 0.127131 0.009974 0.026998 
0.553343 0.031312 0.294694 0.091654 0.015925 0.013073 
0.197910 0.188416 0.000004 0.051823 0.129405 0.432441 
0.000019 0.264024 0.155267 0.536359 0.014117 0.030213 
0.100618 0.466133 0.082719 0.325419 0.025110 0.000001 
0.010108 0.025760 0.061450 0.031490 0.833863 0.037329 
0.386095 0.178948 0.352672 0.054415 0.007522 0.020349 
0.000020 0.256997 0.030230 0.027517 0.000001 0.685235 
0.003113 0.095277 0.000004 0.029150 0.872455 0.000001 
0.695214 0.103844 0.059723 0.098642 0.018111 0.024466 
0.051077 0.310189 0.010493 0.586784 0.041457 0.000001 
0.734193 0.075237 0.048078 0.111051 0.010357 0.021084 
0.641250 0.074024 0.006763 0.081513 0.006369 0.190081 
0.000021 0.019526 0.000005 0.490994 0.468739 0.020715 
0.085888 0.055108 0.009597 0.578585 0.217185 0.053638 
0.032633 0.328442 0.133380 0.481814 0.000001 0.023731 
0.058602 0.717171 0.046496 0.177729 0.000001 0.000001 
0.000019 0.670775 0.000004 0.212720 0.008860 0.107622 
0.000016 0.285211 0.086216 0.564421 0.033467 0.030668 
0.000024 0.003868 0.954682 0.023726 0.013355 0.004345 
0.415923 0.362194 0.000004 0.022473 0.000001 0.199405 
0.089312 0.331092 0.025659 0.537756 0.000001 0.016179 
0.018494 0.019172 0.947345 0.010731 0.004259 0.000001 
0.029621 0.012854 0.480216 0.131074 0.000001 0.346235 
0.100091 0.422427 0.052314 0.340712 0.000001 0.084455 
0.180344 0.396023 0.055641 0.195652 0.139678 0.032663 
0.198807 0.447079 0.050619 0.303493 0.000001 0.000001 
0.645080 0.010331 0.037358 0.289322 0.000001 0.017908 
0.000019 0.000075 0.000004 0.015946 0.983955 0.000001 
0.187227 0.065350 0.023627 0.706951 0.000001 0.016844 
0.709738 0.017124 0.104186 0.114400 0.023692 0.030860 
0.637538 0.042221 0.082379 0.084869 0.011945 0.141049 
0.497710 0.153543 0.010632 0.326577 0.011538 0.000001 
0.071371 0.006043 0.899118 0.008654 0.014814 0.000001 
0.579571 0.159361 0.069480 0.119444 0.007046 0.065098 
0.000016 0.000105 0.010644 0.803483 0.000001 0.185751 
0.000023 0.050585 0.832654 0.116736 0.000001 0.000001 
0.011844 0.265871 0.033790 0.509167 0.022368 0.156960 
0.050783 0.041027 0.000004 0.071235 0.151822 0.685129 
0.013748 0.000141 0.441627 0.019560 0.013619 0.511305 
0.495043 0.116983 0.037718 0.303772 0.022553 0.023930 
0.123501 0.284966 0.042397 0.222355 0.106059 0.220722 
0.072872 0.359213 0.051698 0.205267 0.000001 0.310950 
0.008294 0.021512 0.013877 0.766092 0.000001 0.190224 
0.017603 0.203508 0.044229 0.273922 0.460736 0.000001 
0.593839 0.088347 0.000004 0.235788 0.082021 0.000001 
0.054817 0.137716 0.069295 0.630636 0.107536 0.000001 
0.117601 0.459887 0.050456 0.330563 0.041493 0.000001 
0.106905 0.230714 0.000005 0.619017 0.012938 0.030422 
0.000024 0.065620 0.014296 0.913895 0.006164 0.000001 
0.293136 0.128993 0.144529 0.433341 0.000001 0.000001 
0.044970 0.245283 0.000004 0.582402 0.004764 0.122576 
0.087951 0.317770 0.207196 0.178612 0.000001 0.208471 
0.112713 0.413620 0.058455 0.296995 0.118217 0.000001 
0.000022 0.120124 0.734836 0.073563 0.071453 0.000001 
0.005289 0.061978 0.751448 0.121878 0.044281 0.015126 
0.341464 0.009360 0.609988 0.021117 0.018070 0.000001 
0.029872 0.761438 0.013382 0.189939 0.005367 0.000001 
0.206099 0.185501 0.048450 0.503308 0.011891 0.044751 
0.025017 0.603530 0.016480 0.079505 0.257532 0.017936 
0.115737 0.688450 0.000004 0.103326 0.054228 0.038255 
0.023057 0.703575 0.000005 0.232929 0.000001 0.040433 
0.282513 0.197187 0.033732 0.476603 0.009963 0.000001 
0.000019 0.254847 0.125745 0.050225 0.393807 0.175358 
0.021510 0.010696 0.000004 0.275777 0.692012 0.000001 
0.017059 0.171225 0.242916 0.531966 0.036833 0.000001 
0.141753 0.597608 0.040539 0.220099 0.000001 0.000001 
0.156781 0.002168 0.000004 0.039727 0.787921 0.013399 
0.703693 0.041860 0.000004 0.246169 0.000001 0.008273 
0.000016 0.224575 0.030025 0.727552 0.017831 0.000001 
0.044569 0.236574 0.103760 0.593085 0.022010 0.000001 
0.042864 0.192041 0.023262 0.112031 0.000001 0.629801 
0.021155 0.029458 0.000004 0.019805 0.000001 0.929577 
0.189218 0.000068 0.019439 0.768972 0.000001 0.022303 
0.528150 0.243028 0.030846 0.197974 0.000001 0.000001 
0.030326 0.206163 0.013951 0.705911 0.011942 0.031707 
0.000017 0.309627 0.000004 0.291934 0.015403 0.383015 
0.263693 0.009787 0.023176 0.378944 0.111398 0.213003 
0.000020 0.306047 0.017843 0.655294 0.020795 0.000001 
0.020186 0.527040 0.012311 0.419858 0.000001 0.020604 
0.007726 0.031504 0.000005 0.422631 0.538134 0.000001 
0.014767 0.064309 0.016901 0.342406 0.561615 0.000001 
0.037928 0.142147 0.009966 0.059294 0.083973 0.666692 
0.339450 0.002007 0.215443 0.016613 0.413995 0.012492 
0.187425 0.170420 0.378866 0.149344 0.000001 0.113945 
0.000015 0.768391 0.142074 0.058397 0.000001 0.031122 
0.006167 0.026193 0.000005 0.222412 0.740397 0.004827 
0.239285 0.238442 0.041172 0.162251 0.000001 0.318849 
0.962796 0.010929 0.000005 0.017412 0.000001 0.008857 
0.000020 0.007273 0.017519 0.959908 0.000001 0.015280 
0.000020 0.634139 0.000004 0.025790 0.301095 0.038952 
0.000018 0.278896 0.030045 0.523273 0.026981 0.140788 
0.009138 0.011781 0.000005 0.195760 0.783315 0.000001 
0.204584 0.655223 0.020081 0.037487 0.006258 0.076368 
0.090169 0.341700 0.086888 0.169302 0.187914 0.124027 
0.773864 0.038256 0.067898 0.095536 0.011501 0.012946 
0.710359 0.007147 0.097668 0.184823 0.000001 0.000001 
0.000021 0.019839 0.119008 0.850380 0.000001 0.010751 
0.036656 0.173632 0.036840 0.746590 0.006280 0.000001 
0.212142 0.011874 0.719874 0.051998 0.000001 0.004111 
0.093162 0.295774 0.578415 0.005579 0.000001 0.027068 
0.000015 0.000159 0.004241 0.004569 0.000001 0.991016 
0.616735 0.004680 0.047114 0.300957 0.000001 0.030514 
0.280358 0.144410 0.036073 0.130132 0.013453 0.395574 
0.031743 0.432552 0.368558 0.001244 0.000001 0.165903 
0.120704 0.169385 0.000004 0.557799 0.141266 0.010841 
0.045357 0.114997 0.246961 0.406257 0.174692 0.011737 
0.388228 0.294896 0.151164 0.135719 0.012167 0.017827 
0.016387 0.635578 0.037205 0.265404 0.045426 0.000001 
0.032700 0.732771 0.000004 0.150193 0.034481 0.049852 
0.795739 0.000197 0.000004 0.031752 0.144601 0.027706 
0.044858 0.025003 0.000006 0.046928 0.803994 0.079212 
0.065644 0.106403 0.000005 0.035733 0.352660 0.439555 
0.155536 0.187217 0.000005 0.635991 0.014339 0.006912 
0.176101 0.023324 0.028358 0.426731 0.327588 0.017897 
0.503415 0.348689 0.038696 0.054518 0.000001 0.054681 
0.000020 0.140943 0.000004 0.022878 0.343577 0.492578 
0.045409 0.315835 0.005583 0.610314 0.000001 0.022859 
0.051311 0.169765 0.000004 0.769134 0.009785 0.000001 
0.012008 0.046933 0.855464 0.064954 0.020640 0.000001 
0.051378 0.216684 0.023566 0.652370 0.056002 0.000001 
0.026241 0.007764 0.079735 0.713814 0.128907 0.043539 
0.564479 0.014319 0.067674 0.103368 0.060574 0.189586 
0.000020 0.023623 0.014742 0.687242 0.222863 0.051510 
0.276064 0.101386 0.013851 0.600147 0.008552 0.000001 
0.010571 0.007542 0.000004 0.008820 0.951751 0.021312 
0.028876 0.233456 0.008253 0.294989 0.434426 0.000001 
0.408888 0.076524 0.012688 0.456028 0.010478 0.035392 
0.011642 0.067306 0.702874 0.164609 0.053568 0.000001 
0.899731 0.020663 0.006180 0.073424 0.000001 0.000001 
0.511873 0.072501 0.088779 0.120217 0.109221 0.097409 
0.037496 0.168094 0.000004 0.657200 0.109990 0.027216 
0.124514 0.372699 0.205001 0.239895 0.031535 0.026355 
0.226733 0.016443 0.010865 0.436871 0.000001 0.309088 
0.011652 0.067600 0.000005 0.009466 0.127197 0.784081 
0.001713 0.041223 0.000005 0.008834 0.948225 0.000001 
0.000017 0.570039 0.390063 0.019305 0.000001 0.020576 
0.000019 0.000101 0.027927 0.758473 0.000001 0.213479 
0.000019 0.305808 0.000005 0.118286 0.575881 0.000001 
0.174170 0.051785 0.032266 0.012747 0.000001 0.729033 
0.013066 0.952945 0.000004 0.014368 0.000001 0.019615 
0.009355 0.000211 0.000005 0.004426 0.003009 0.982995 
0.040452 0.043280 0.641699 0.078754 0.012472 0.183343 
0.077034 0.435053 0.018105 0.454891 0.014917 0.000001 
0.000022 0.061685 0.019061 0.905352 0.000001 0.013879 
0.023329 0.628685 0.128032 0.042921 0.000001 0.177033 
0.039346 0.214337 0.000005 0.103987 0.541755 0.100570 
0.044321 0.213953 0.000005 0.506314 0.235406 0.000001 
0.000017 0.146530 0.363541 0.399139 0.032893 0.057880 
0.043212 0.200201 0.599527 0.157058 0.000001 0.000001 
0.057804 0.012879 0.012576 0.916740 0.000001 0.000001 
0.511115 0.042462 0.034215 0.164764 0.225697 0.021749 
0.163787 0.210096 0.191357 0.413651 0.021108 0.000001 
0.000016 0.057454 0.000005 0.025652 0.170420 0.746454 
0.543847 0.190099 0.079659 0.186393 0.000001 0.000001 
0.293090 0.087711 0.024364 0.060340 0.000001 0.534494 
0.004690 0.067871 0.873590 0.017875 0.027675 0.008299 
0.000020 0.092416 0.345055 0.528067 0.034442 0.000001 
0.049991 0.164796 0.000004 0.757501 0.013320 0.014387 
0.023050 0.004177 0.085843 0.028123 0.000001 0.858805 
0.637110 0.087394 0.033377 0.066162 0.001943 0.174014 
0.175825 0.050873 0.000004 0.259561 0.456885 0.056852 
0.000014 0.063590 0.866706 0.011061 0.058628 0.000001 
0.042948 0.871267 0.000005 0.060843 0.000001 0.024937 
0.182123 0.619011 0.000004 0.024477 0.137739 0.036645 
0.000017 0.000431 0.887135 0.102909 0.009507 0.000001 
0.022160 0.101345 0.000004 0.408168 0.010034 0.458289 
0.279038 0.012066 0.001792 0.078041 0.045606 0.583457 
0.719370 0.046805 0.045444 0.125326 0.015368 0.047686 
0.000020 0.271493 0.018101 0.691229 0.019157 0.000001 
0.108396 0.531825 0.066608 0.293170 0.000001 0.000001 
0.024120 0.000147 0.149564 0.149201 0.671958 0.005009 
0.167375 0.684379 0.000005 0.055353 0.051534 0.041355 
0.657690 0.072507 0.061753 0.170079 0.019527 0.018445 
0.059271 0.002696 0.023449 0.681752 0.217582 0.015250 
0.000022 0.000087 0.951498 0.005589 0.019113 0.023690 
0.000019 0.058349 0.087996 0.798322 0.055313 0.000001 
0.186333 0.031462 0.433115 0.135941 0.213149 0.000001 
0.000015 0.077064 0.801650 0.099720 0.021550 0.000001 
0.035803 0.000095 0.233875 0.472355 0.038480 0.219392 
0.000015 0.000269 0.000005 0.173571 0.813549 0.012591 
0.178512 0.018528 0.000005 0.042268 0.760686 0.000001 
0.036269 0.174834 0.000004 0.544643 0.236001 0.008250 
0.455127 0.217766 0.070695 0.247024 0.009388 0.000001 
0.039354 0.141171 0.080254 0.531113 0.208106 0.000001 
0.000013 0.000086 0.597398 0.402502 0.000001 0.000001 
0.969185 0.005515 0.000004 0.013828 0.000001 0.011467 
0.699283 0.046740 0.014364 0.221171 0.008930 0.009511 
0.569678 0.075202 0.042187 0.211164 0.000001 0.101768 
0.000018 0.365033 0.000005 0.444564 0.016157 0.174223 
0.000019 0.021459 0.040640 0.066053 0.020531 0.851298 
0.899625 0.018475 0.008571 0.052478 0.000001 0.020851 
0.290247 0.195061 0.003404 0.502788 0.008499 0.000001 
0.099649 0.467493 0.059900 0.372957 0.000001 0.000001 
0.891680 0.029156 0.002068 0.077095 0.000001 0.000001 
0.239083 0.107523 0.013125 0.582023 0.009790 0.048455 
0.098685 0.148621 0.013791 0.212696 0.526206 0.000001 
0.011864 0.038544 0.089960 0.842678 0.000001 0.016953 
0.000018 0.303810 0.016376 0.679795 0.000001 0.000001 
0.015381 0.000092 0.251182 0.624859 0.095321 0.013165 
0.439855 0.005975 0.155973 0.036588 0.350910 0.010699 
0.000018 0.192147 0.096451 0.523209 0.006432 0.181743 
0.014659 0.267793 0.300797 0.376632 0.040119 0.000001 
0.048599 0.000167 0.713445 0.059538 0.178250 0.000001 
0.335779 0.611701 0.000004 0.039879 0.000001 0.012636 
0.330171 0.113408 0.256884 0.266900 0.000001 0.032636 
0.026830 0.152509 0.061334 0.070701 0.092465 0.596162 
0.203300 0.727271 0.000005 0.069423 0.000001 0.000001 
0.034662 0.380776 0.000004 0.543180 0.011673 0.029704 
0.490742 0.260399 0.046994 0.165087 0.000001 0.036777 
0.000018 0.931926 0.000005 0.027411 0.000001 0.040639 
0.000018 0.824019 0.037165 0.074210 0.043583 0.021006 
0.000019 0.097349 0.511767 0.214805 0.176060 0.000001 
0.000018 0.003508 0.015925 0.980547 0.000001 0.000001 
0.000020 0.023638 0.834184 0.022990 0.013770 0.105399 
0.435154 0.290410 0.024711 0.226670 0.000001 0.023053 
0.056273 0.115929 0.242243 0.555242 0.000001 0.030312 
0.130548 0.124024 0.263266 0.019125 0.026976 0.436061 
0.880049 0.014964 0.000004 0.059332 0.045649 0.000001 
0.000021 0.029946 0.471378 0.405597 0.084535 0.008522 
0.000020 0.925804 0.011386 0.018567 0.014631 0.029591 
0.016108 0.010557 0.000004 0.059969 0.913361 0.000001 
0.034273 0.318455 0.291516 0.325032 0.030724 0.000001 
0.742557 0.080838 0.016535 0.152928 0.007142 0.000001 
0.120769 0.518568 0.085907 0.274755 0.000001 0.000001 
0.826361 0.022164 0.000004 0.138605 0.007466 0.005399 
0.784378 0.014369 0.049363 0.110238 0.022546 0.019105 
0.055454 0.308217 0.024294 0.601746 0.010287 0.000001 
0.000018 0.000121 0.000004 0.000328 0.629582 0.369946 
0.030529 0.305890 0.020662 0.620568 0.022351 0.000001 
0.012554 0.547304 0.022817 0.417323 0.000001 0.000001 
0.079330 0.072144 0.000005 0.010264 0.250047 0.588210 
0.059469 0.000139 0.000004 0.030583 0.576377 0.333426 
0.328659 0.025288 0.000005 0.043366 0.586849 0.015833 
0.687899 0.066409 0.050511 0.135042 0.015655 0.044484 
0.762194 0.042889 0.044072 0.123493 0.007888 0.019464 
0.035080 0.174453 0.000004 0.767177 0.009242 0.014043 
0.272552 0.085240 0.029555 0.542046 0.041015 0.029593 
0.039368 0.340073 0.018878 0.588886 0.012794 0.000001 
0.155659 0.651265 0.040109 0.141765 0.011201 0.000001 
0.414154 0.275842 0.027551 0.189669 0.000001 0.092782 
0.636497 0.108001 0.025738 0.198412 0.012922 0.018430 
0.000022 0.008690 0.025427 0.888802 0.077058 0.000001 
0.198047 0.431878 0.065413 0.280712 0.023949 0.000001 
0.016162 0.032422 0.000005 0.459730 0.004156 0.487524 
0.104125 0.430017 0.051551 0.269043 0.022335 0.122930 
0.029717 0.217174 0.090525 0.268024 0.058534 0.336027 
0.299783 0.181146 0.132107 0.164623 0.222340 0.000001 
0.063635 0.170298 0.078750 0.654180 0.019019 0.014118 
0.140124 0.107529 0.000004 0.028512 0.000001 0.723830 
0.008391 0.372609 0.596581 0.009689 0.000001 0.012729 
0.000019 0.097911 0.019550 0.882519 0.000001 0.000001 
0.190564 0.297337 0.453150 0.022756 0.000001 0.036192 
0.285956 0.096727 0.014349 0.569005 0.007762 0.026201 
0.339579 0.099490 0.218473 0.092936 0.006527 0.242995 
0.013387 0.917048 0.000004 0.036164 0.000001 0.033396 
0.099196 0.758310 0.019864 0.104281 0.000001 0.018349 
0.000019 0.604904 0.000004 0.162616 0.206617 0.025841 
0.039699 0.006547 0.890072 0.049688 0.013994 0.000001 
0.111023 0.367119 0.023173 0.479125 0.019560 0.000001 
0.039463 0.032720 0.000005 0.790445 0.116221 0.021146 
0.000016 0.000084 0.410300 0.000397 0.000001 0.589202 
0.076611 0.087826 0.003600 0.812522 0.008795 0.010647 
0.694304 0.018499 0.050417 0.192955 0.011445 0.032380 
0.599035 0.009515 0.263924 0.086106 0.007331 0.034090 
0.035530 0.098341 0.220399 0.518347 0.037846 0.089536 
0.000019 0.084230 0.006528 0.104468 0.000001 0.804754 
0.244533 0.035256 0.014861 0.642168 0.000001 0.063182 
0.024899 0.057625 0.338511 0.567555 0.000001 0.011408 
0.138922 0.405136 0.036282 0.417573 0.002087 0.000001 
0.061339 0.015303 0.016689 0.865968 0.002738 0.037962 
0.042369 0.166313 0.028788 0.762528 0.000001 0.000001 
0.007497 0.006670 0.074379 0.392167 0.000001 0.519287 
0.684870 0.045220 0.053949 0.147115 0.022772 0.046075 
0.028887 0.007819 0.663791 0.299502 0.000001 0.000001 
0.736563 0.051728 0.045176 0.061904 0.071824 0.032806 
0.000020 0.105751 0.000004 0.181852 0.582394 0.129979 
0.280433 0.042025 0.024910 0.279123 0.340247 0.033262 
0.874001 0.115368 0.000004 0.010625 0.000001 0.000001 
0.032885 0.188549 0.009748 0.750597 0.008026 0.010196 
0.139266 0.547027 0.116552 0.151675 0.000001 0.045478 
0.052470 0.853858 0.007809 0.053279 0.000001 0.032583 
0.656448 0.070592 0.037496 0.093364 0.056378 0.085721 
0.540597 0.050745 0.118825 0.260229 0.000001 0.029603 
0.831527 0.058339 0.003653 0.106479 0.000001 0.000001 
0.530394 0.121138 0.103022 0.216938 0.016488 0.012020 
0.005795 0.130509 0.443870 0.369576 0.050250 0.000001 
0.091491 0.124452 0.586226 0.106518 0.091313 0.000001 
0.023991 0.182552 0.000004 0.708599 0.070313 0.014541 
0.340068 0.131459 0.159579 0.304969 0.024602 0.039324 
0.411646 0.095811 0.000005 0.383070 0.096795 0.012673 
0.000018 0.636439 0.000004 0.120985 0.000001 0.242552 
0.020271 0.088380 0.724576 0.166771 0.000001 0.000001 
0.052970 0.095937 0.017069 0.148746 0.009905 0.675373 
0.039118 0.109160 0.000004 0.000286 0.835707 0.015725 
0.014434 0.868236 0.026154 0.031150 0.000001 0.060025 
0.019560 0.167008 0.024924 0.318824 0.469683 0.000001 
0.036549 0.193940 0.000005 0.736075 0.033430 0.000001 
0.381161 0.420286 0.012487 0.139950 0.010956 0.035160 
0.254660 0.416312 0.060803 0.268224 0.000001 0.000001 
0.242764 0.336024 0.007282 0.361982 0.014063 0.037885 
0.000019 0.907509 0.032773 0.016560 0.000001 0.043138 
0.040161 0.773567 0.000004 0.002227 0.000001 0.184040 
0.000019 0.000229 0.089054 0.890906 0.000001 0.019791 
0.152374 0.759297 0.001696 0.047831 0.000001 0.038801 
0.035527 0.190079 0.000004 0.752756 0.021634 0.000001 
0.307504 0.014763 0.024428 0.653304 0.000001 0.000001 
0.050061 0.180231 0.000004 0.751468 0.000001 0.018234 
0.262192 0.046690 0.445615 0.245502 0.000001 0.000001 
0.378320 0.000149 0.064759 0.300065 0.242998 0.013710 
0.971054 0.002411 0.000829 0.004312 0.007721 0.013673 
0.057822 0.310963 0.024449 0.218484 0.388281 0.000001 
0.000016 0.079552 0.000004 0.132257 0.773644 0.014528 
0.042697 0.039989 0.098496 0.316498 0.011891 0.490429 
0.000017 0.501108 0.014919 0.456584 0.013031 0.014340 
0.028073 0.378792 0.000004 0.314858 0.258828 0.019445 
0.716162 0.060931 0.013398 0.188412 0.021095 0.000001 
0.008797 0.082282 0.035034 0.199904 0.673983 0.000001 
0.230201 0.502905 0.021063 0.152142 0.058014 0.035674 
0.741640 0.035682 0.033784 0.078772 0.019561 0.090561 
0.000019 0.286583 0.023367 0.677053 0.012977 0.000001 
0.017582 0.593655 0.026469 0.352118 0.010176 0.000001 
0.105991 0.069594 0.000005 0.346862 0.477547 0.000001 
0.496278 0.122685 0.027791 0.284681 0.021165 0.047400 
0.037768 0.012034 0.795371 0.100078 0.012810 0.041939 
0.258277 0.355939 0.005383 0.369793 0.010607 0.000001 
0.243610 0.180016 0.000004 0.563197 0.013173 0.000001 
0.020388 0.067300 0.648987 0.234841 0.028484 0.000001 
0.451629 0.007574 0.035630 0.467762 0.000001 0.037404 
0.095559 0.479318 0.087344 0.337776 0.000001 0.000001 
0.184144 0.179970 0.032300 0.578280 0.008787 0.016518 
0.048095 0.182782 0.000005 0.751425 0.000001 0.017692 
0.039107 0.048180 0.000004 0.856192 0.033513 0.023005 
0.013472 0.049939 0.145255 0.095199 0.696134 0.000001 
0.027092 0.101562 0.033851 0.106492 0.627671 0.103331 
0.000019 0.923947 0.000004 0.018929 0.000001 0.057099 
0.000020 0.012073 0.016096 0.971810 0.000001 0.000001 
0.000018 0.906903 0.007325 0.064831 0.000001 0.020922 
0.000016 0.000693 0.611487 0.378764 0.000001 0.009039 
0.000015 0.752591 0.000004 0.041320 0.150935 0.055135 
0.098798 0.112085 0.006470 0.767475 0.000001 0.015171 
0.045239 0.152109 0.000004 0.764833 0.008406 0.029410 
0.044614 0.870503 0.000005 0.026495 0.022962 0.035421 
0.000020 0.944278 0.016917 0.001431 0.000001 0.037354 
0.023373 0.218611 0.507425 0.062819 0.063166 0.124606 
0.629691 0.012225 0.000005 0.126396 0.231683 0.000001 
0.000020 0.392513 0.084507 0.445472 0.059456 0.018032 
0.916392 0.017861 0.004008 0.041776 0.019963 0.000001 
0.046512 0.088111 0.000005 0.331650 0.338717 0.195007 
0.717618 0.061858 0.048688 0.137665 0.013905 0.020267 
0.009503 0.066209 0.901718 0.008544 0.007115 0.006910 
0.019727 0.092258 0.195185 0.692829 0.000001 0.000001 
0.000016 0.342795 0.017512 0.588987 0.028832 0.021858 
0.081757 0.170970 0.006720 0.724998 0.000001 0.015554 
0.145849 0.307393 0.000004 0.529073 0.011278 0.006403 
0.324813 0.088419 0.007795 0.570938 0.008035 0.000001 
0.039370 0.188412 0.000004 0.742154 0.000001 0.030059 
0.665242 0.094092 0.035538 0.196000 0.009127 0.000001 
0.064890 0.334557 0.035400 0.543601 0.021552 0.000001 
0.000017 0.240661 0.000004 0.398389 0.360929 0.000001 
0.687556 0.140989 0.000010 0.156312 0.015131 0.000001 
0.095173 0.465533 0.069188 0.279123 0.000001 0.090982 
0.127360 0.426703 0.035392 0.410544 0.000001 0.000001 
0.000017 0.326452 0.031523 0.602018 0.017865 0.022125 
0.105670 0.472893 0.105717 0.242134 0.073585 0.000001 
0.046126 0.170531 0.000004 0.757265 0.000001 0.026073 
0.381601 0.090701 0.028016 0.289871 0.178096 0.031715 
0.000017 0.390994 0.112303 0.460512 0.000001 0.036173 
0.006095 0.018838 0.947159 0.011702 0.016205 0.000001 
0.489339 0.026071 0.060403 0.398160 0.000001 0.026026 
0.031040 0.071483 0.000827 0.209131 0.008447 0.679071 
0.271166 0.209486 0.069136 0.168110 0.282100 0.000001 
0.471376 0.000105 0.000005 0.136461 0.380672 0.011382 
0.000018 0.012792 0.000005 0.084848 0.712636 0.189701 
0.026835 0.321922 0.047199 0.590409 0.013634 0.000001 
0.121707 0.010660 0.010705 0.169375 0.000001 0.687553 
0.000019 0.736175 0.000004 0.241178 0.000001 0.022623 
0.593507 0.047198 0.227403 0.096445 0.011552 0.023895 
0.195562 0.014271 0.083518 0.172218 0.410209 0.124221 
0.124735 0.037322 0.020198 0.524946 0.000001 0.292799 
0.000020 0.000084 0.671525 0.245412 0.073379 0.009580 
0.047141 0.262718 0.551287 0.093334 0.045519 0.000001 
0.038404 0.112940 0.000004 0.757452 0.072456 0.018743 
0.299156 0.478858 0.046578 0.166356 0.009051 0.000001 
0.228128 0.236100 0.035372 0.462960 0.037439 0.000001 
0.235550 0.000177 0.712957 0.027104 0.010617 0.013595 
0.150112 0.359346 0.275601 0.214939 0.000001 0.000001 
0.000018 0.274279 0.010908 0.699171 0.000001 0.015624 
0.278762 0.094864 0.017498 0.565500 0.012567 0.030809 
0.049981 0.174437 0.000004 0.693511 0.027163 0.054904 
0.053661 0.046448 0.000005 0.059392 0.802506 0.037988 
0.000019 0.124692 0.046604 0.817961 0.000001 0.010724 
0.573756 0.388208 0.006290 0.012128 0.000001 0.019617 
0.000018 0.000114 0.012128 0.451206 0.000001 0.536534 
0.673645 0.037579 0.033443 0.094712 0.012802 0.147818 
0.039675 0.011893 0.938876 0.003424 0.006131 0.000001 
0.008846 0.483161 0.038901 0.156378 0.118092 0.194622 
0.170149 0.159167 0.035710 0.630174 0.004800 0.000001 
0.000019 0.868872 0.000005 0.021163 0.056908 0.053033 
0.024778 0.043937 0.000004 0.157825 0.442397 0.331059 
0.051362 0.858472 0.014859 0.034362 0.000001 0.040944 
0.757685 0.055995 0.052011 0.087763 0.009342 0.037204 
0.083516 0.057562 0.015743 0.785806 0.000001 0.057372 
0.011856 0.560028 0.175781 0.109738 0.000001 0.142596 
0.000018 0.345038 0.020725 0.615957 0.018261 0.000001 
0.016808 0.292208 0.623564 0.060320 0.000001 0.007098 
0.010265 0.000283 0.159726 0.035440 0.794286 0.000001 
0.084034 0.103629 0.032597 0.503743 0.275996 0.000001 
0.045102 0.889506 0.000004 0.024935 0.000001 0.040453 
0.276018 0.180622 0.053997 0.489362 0.000001 0.000001 
0.239825 0.018352 0.657200 0.063405 0.021217 0.000001 
0.770106 0.024987 0.053988 0.087009 0.017739 0.046171 
0.067869 0.156593 0.081429 0.689006 0.005102 0.000001 
0.784046 0.175712 0.000004 0.021478 0.011038 0.007722 
0.281814 0.425992 0.215306 0.592032 0.162573 0.162426 
