-3968346.020982
0
0.026810 0.021694 0.005483 0.019154 0.011933 0.006438 0.002258 0.010766 0.016077 0.007883 0.007813 0.013679 0.010251 0.007425 0.011004 0.014627 0.020299 0.008505 0.015006 0.019505 0.009493 0.001828 0.005811 0.006448 0.025464 0.024740 0.003036 0.022226 0.008822 0.007954 0.002814 0.011124 0.013508 0.008843 0.005975 0.016883 0.008221 0.011279 0.016539 0.015066 0.009839 0.010982 0.011491 0.015758 0.005879 0.003953 0.008591 0.015480 0.020917 0.018379 0.005790 0.016686 0.005818 0.005974 0.001914 0.008333 0.009329 0.006253 0.004110 0.009318 0.006432 0.005404 0.008979 0.008668 0.008356 0.006188 0.007569 0.008887 0.002806 0.001180 0.007091 0.007203 0.022870 0.021745 0.003298 0.024871 0.005889 0.009077 0.001444 0.010379 0.004087 0.006899 0.000000 0.008024 0.012465 0.007541 0.009292 0.015049 0.009842 0.008900 0.006179 0.014697 0.013196 0.004192 0.007041 0.016785 
0.000000 0.000211 0.000000 0.000328 0.000000 0.000000 0.000060 0.000483 0.002621 0.012080 0.000435 0.003934 0.000465 0.000466 0.000869 0.001912 0.000817 0.000272 0.000582 0.001164 0.000000 0.000000 0.000541 0.000250 0.000495 0.000070 0.000000 0.000600 0.000122 0.000221 0.000490 0.000219 0.049008 0.057660 0.012541 0.047902 0.000000 0.000854 0.000400 0.001207 0.000642 0.000463 0.000320 0.002383 0.000000 0.000543 0.000362 0.000672 0.000217 0.000000 0.000000 0.000000 0.000000 0.000210 0.000000 0.000000 0.002742 0.012069 0.000003 0.010161 0.000000 0.000000 0.000266 0.000264 0.000050 0.000000 0.000053 0.004661 0.000000 0.000018 0.001199 0.000426 0.007643 0.004610 0.001011 0.007927 0.016664 0.000681 0.000918 0.030918 0.253423 0.197790 0.078883 0.150354 0.000562 0.000892 0.000602 0.002945 0.001226 0.001230 0.001357 0.001479 0.000000 0.000760 0.000712 0.000408 
0.002104 0.002544 0.000444 0.005016 0.000396 0.000918 0.000051 0.000838 0.021437 0.011200 0.106363 0.010892 0.000961 0.001655 0.000000 0.004111 0.009082 0.005925 0.012471 0.005218 0.000000 0.002819 0.000896 0.007384 0.004421 0.007977 0.003181 0.024729 0.000000 0.000000 0.000000 0.000000 0.009605 0.009798 0.071923 0.008851 0.000000 0.000696 0.000000 0.000443 0.003548 0.003437 0.012286 0.003650 0.000855 0.002584 0.003172 0.010719 0.002448 0.003081 0.000484 0.006486 0.000000 0.001485 0.000000 0.000471 0.031146 0.041580 0.096691 0.030342 0.000000 0.000720 0.000000 0.000957 0.010968 0.008317 0.007862 0.010197 0.000000 0.001189 0.000753 0.001957 0.017284 0.007258 0.002299 0.112419 0.000000 0.000000 0.000000 0.000000 0.003392 0.010531 0.111346 0.014779 0.000915 0.000929 0.000000 0.001747 0.005902 0.006992 0.009536 0.006870 0.002364 0.004511 0.001505 0.027681 
0.442866 0.182166 0.374968 
0.013050 0.980118 0.006832 
0.835358 0.050135 0.114507 
0.097412 0.614234 0.288353 
0.007193 0.053008 0.939800 
0.541718 0.141609 0.316672 
0.983182 0.008169 0.008649 
0.555521 0.399894 0.044585 
0.783338 0.209567 0.007095 
0.597332 0.030191 0.372477 
0.106760 0.026416 0.866824 
0.651855 0.037650 0.310495 
0.961176 0.009610 0.029214 
0.684543 0.004692 0.310765 
0.566558 0.197780 0.235661 
0.523121 0.048332 0.428547 
0.067361 0.030599 0.902039 
0.968213 0.000095 0.031692 
0.041875 0.896016 0.062109 
0.953921 0.010745 0.035335 
0.495129 0.473500 0.031371 
0.132798 0.067133 0.800068 
0.940981 0.004036 0.054983 
0.944994 0.054717 0.000289 
0.005845 0.659087 0.335069 
0.446712 0.076258 0.477030 
0.167121 0.795693 0.037186 
0.371428 0.221313 0.407259 
0.510476 0.440151 0.049373 
0.166095 0.635673 0.198232 
0.195649 0.790048 0.014303 
0.671763 0.285292 0.042945 
0.838817 0.029898 0.131285 
0.513135 0.079954 0.406910 
0.013315 0.984571 0.002115 
0.092379 0.102336 0.805285 
0.442342 0.042551 0.515108 
0.591548 0.051415 0.357036 
0.791033 0.208741 0.000226 
0.398566 0.050560 0.550874 
0.686298 0.123555 0.190147 
0.660525 0.055837 0.283637 
0.911827 0.014391 0.073782 
0.965170 0.000474 0.034356 
0.085274 0.768194 0.146532 
0.036381 0.888160 0.075459 
0.392333 0.278082 0.329585 
0.950125 0.020917 0.028958 
0.641590 0.010981 0.347429 
0.968243 0.024350 0.007408 
0.845679 0.069672 0.084648 
0.462554 0.023149 0.514297 
0.234346 0.696939 0.068714 
0.041639 0.930589 0.027772 
0.981172 0.000095 0.018733 
0.993668 0.005533 0.000799 
0.099946 0.017466 0.882588 
0.789726 0.038945 0.171329 
0.016426 0.970340 0.013234 
0.672939 0.042669 0.284392 
0.080974 0.051256 0.867770 
0.036760 0.000107 0.963133 
0.821737 0.029548 0.148716 
0.462471 0.105737 0.431792 
0.976934 0.022938 0.000128 
0.818432 0.026075 0.155493 
0.015050 0.046001 0.938949 
0.901657 0.022244 0.076099 
0.636223 0.363443 0.000334 
0.904523 0.062270 0.033207 
0.402131 0.396391 0.201478 
0.511246 0.026103 0.462651 
0.755644 0.009403 0.234954 
0.113434 0.036461 0.850105 
0.291837 0.175210 0.532953 
0.000776 0.024973 0.974251 
0.441065 0.193534 0.365401 
0.686975 0.060116 0.252909 
0.790653 0.189393 0.019954 
0.056877 0.276320 0.666803 
0.724951 0.025627 0.249423 
0.165179 0.015907 0.818914 
0.017004 0.030343 0.952654 
0.671243 0.252325 0.076432 
0.208314 0.756844 0.034842 
0.473467 0.525934 0.000599 
0.217455 0.031021 0.751524 
0.142091 0.266154 0.591755 
0.209208 0.164523 0.626269 
0.812515 0.157138 0.030347 
0.796613 0.094050 0.109336 
0.051639 0.910653 0.037708 
0.216480 0.310223 0.473297 
0.221052 0.054256 0.724693 
0.103445 0.876467 0.020088 
0.215825 0.061284 0.722891 
0.906198 0.049314 0.044488 
0.204954 0.040100 0.754947 
0.166539 0.015848 0.817614 
0.512360 0.487134 0.000506 
0.651509 0.246359 0.102132 
0.818572 0.114334 0.067094 
0.874339 0.030787 0.094874 
0.864714 0.017052 0.118234 
0.857390 0.125713 0.016896 
0.040841 0.953661 0.005498 
0.337026 0.000301 0.662674 
0.879031 0.010574 0.110395 
0.034003 0.934288 0.031710 
0.160786 0.478599 0.360615 
0.748131 0.043038 0.208831 
0.571124 0.197659 0.231217 
0.748258 0.033318 0.218424 
0.337405 0.022008 0.640587 
0.009786 0.980481 0.009733 
0.810942 0.003794 0.185264 
0.155146 0.102106 0.742747 
0.143670 0.076837 0.779493 
0.510794 0.013968 0.475238 
0.024432 0.884807 0.090761 
0.285189 0.056368 0.658443 
0.844743 0.010295 0.144962 
0.176649 0.814846 0.008505 
0.774621 0.067376 0.158003 
0.102865 0.201034 0.696101 
0.021278 0.454123 0.524599 
0.446395 0.047520 0.506085 
0.483594 0.166269 0.350136 
0.520474 0.043726 0.435800 
0.813768 0.012571 0.173660 
0.469463 0.515151 0.015386 
0.355243 0.082654 0.562103 
0.777282 0.172028 0.050690 
0.798183 0.085644 0.116173 
0.857461 0.012952 0.129587 
0.986505 0.013004 0.000491 
0.592341 0.120330 0.287329 
0.836903 0.007161 0.155936 
0.471406 0.181087 0.347507 
0.720674 0.176661 0.102665 
0.194123 0.786539 0.019338 
0.197206 0.779261 0.023533 
0.047161 0.581380 0.371458 
0.925054 0.014184 0.060762 
0.703195 0.048304 0.248501 
0.654979 0.283932 0.061089 
0.754936 0.059864 0.185200 
0.913769 0.004070 0.082161 
0.700257 0.030567 0.269177 
0.290306 0.553446 0.156248 
0.285253 0.702695 0.012052 
0.714642 0.264668 0.020690 
0.795734 0.027653 0.176613 
0.042668 0.809180 0.148152 
0.323329 0.000155 0.676516 
0.958212 0.041626 0.000162 
0.847272 0.108684 0.044045 
0.254774 0.034305 0.710921 
0.036589 0.025682 0.937729 
0.795603 0.002243 0.202154 
0.463293 0.019405 0.517302 
0.923176 0.022940 0.053884 
0.587080 0.034419 0.378501 
0.413760 0.154778 0.431462 
0.964763 0.034777 0.000459 
0.937731 0.008364 0.053906 
0.450181 0.549336 0.000483 
0.405472 0.588579 0.005949 
0.164893 0.139893 0.695214 
0.029807 0.629023 0.341170 
0.315490 0.346462 0.338047 
0.815203 0.130174 0.054623 
0.237176 0.754968 0.007856 
0.375793 0.036887 0.587320 
0.050592 0.000074 0.949334 
0.981609 0.003979 0.014412 
0.634835 0.314815 0.050350 
0.802965 0.070247 0.126788 
0.195130 0.795465 0.009405 
0.636722 0.022774 0.340504 
0.493240 0.288288 0.218472 
0.164434 0.057117 0.778449 
0.235655 0.068013 0.696332 
0.891909 0.101053 0.007037 
0.949797 0.032373 0.017830 
0.080059 0.668727 0.251214 
0.274209 0.537226 0.188565 
0.004492 0.036563 0.958945 
0.342356 0.026768 0.630875 
0.260047 0.054624 0.685329 
0.402111 0.350089 0.247801 
0.736254 0.146339 0.117406 
0.529625 0.413279 0.057096 
0.415841 0.135687 0.448471 
0.886793 0.077785 0.035422 
0.851053 0.042120 0.106827 
0.058951 0.155086 0.785963 
0.061813 0.842310 0.095877 
0.117963 0.418208 0.463829 
0.836032 0.012157 0.151811 
0.469175 0.377297 0.153528 
0.368266 0.023230 0.608504 
0.134192 0.408232 0.457577 
0.929542 0.004475 0.065983 
0.953949 0.003852 0.042199 
0.124845 0.855070 0.020085 
0.883033 0.073891 0.043076 
0.746279 0.217664 0.036057 
0.137624 0.127598 0.734778 
0.732266 0.259509 0.008225 
0.741953 0.013333 0.244714 
0.012064 0.958527 0.029409 
0.518964 0.458180 0.022856 
0.562961 0.016001 0.421038 
0.245182 0.737600 0.017218 
0.123193 0.002241 0.874566 
0.203398 0.194738 0.601864 
0.837530 0.113318 0.049152 
0.603014 0.208549 0.188437 
0.480813 0.017486 0.501701 
0.047212 0.189002 0.763786 
0.037178 0.945515 0.017307 
0.578780 0.358957 0.062263 
0.793254 0.027916 0.178830 
0.406225 0.584247 0.009527 
0.044986 0.049617 0.905397 
0.931381 0.000457 0.068162 
0.001341 0.036508 0.962150 
0.129118 0.627643 0.243240 
0.891313 0.027619 0.081068 
0.974364 0.011195 0.014442 
0.635514 0.121727 0.242759 
0.300627 0.583019 0.116354 
0.719320 0.246665 0.034014 
0.565275 0.394625 0.040100 
0.365149 0.570090 0.064762 
0.950570 0.000134 0.049296 
0.225379 0.269186 0.505435 
0.641386 0.189825 0.168790 
0.068892 0.234945 0.696163 
0.390821 0.053871 0.555308 
0.132067 0.031582 0.836351 
0.088910 0.890288 0.020802 
0.635247 0.363822 0.000931 
0.935556 0.009421 0.055023 
0.022634 0.091787 0.885578 
0.151423 0.028842 0.819735 
0.316138 0.483329 0.200533 
0.083252 0.914259 0.002489 
0.892719 0.000262 0.107019 
0.591778 0.145525 0.262697 
0.116482 0.880342 0.003175 
0.518769 0.033876 0.447356 
0.094049 0.078746 0.827206 
0.189202 0.046534 0.764264 
0.966327 0.032847 0.000826 
0.823108 0.044510 0.132382 
0.149873 0.821906 0.028221 
0.697560 0.058430 0.244010 
0.266522 0.061077 0.672400 
0.697495 0.256082 0.046424 
0.013874 0.974280 0.011847 
0.864571 0.135144 0.000285 
0.173935 0.620283 0.205782 
0.187663 0.811695 0.000642 
0.497551 0.272034 0.230415 
0.173865 0.825646 0.000489 
0.053076 0.779432 0.167492 
0.719365 0.245133 0.035502 
0.474409 0.057437 0.468154 
0.681443 0.289404 0.029153 
0.421982 0.577768 0.000250 
0.043752 0.000054 0.956194 
0.308667 0.011965 0.679368 
0.310490 0.029348 0.660163 
0.803518 0.028911 0.167571 
0.083160 0.087260 0.829580 
0.098479 0.003298 0.898223 
0.712852 0.007545 0.279602 
0.847129 0.037855 0.115016 
0.136044 0.000123 0.863832 
0.708305 0.017476 0.274219 
0.345300 0.555861 0.098839 
0.903827 0.073266 0.022907 
0.984048 0.011923 0.004029 
0.642163 0.341151 0.016686 
0.057597 0.509077 0.433326 
0.730872 0.108424 0.160704 
0.652660 0.326046 0.021294 
0.071803 0.868846 0.059351 
0.589955 0.000150 0.409894 
0.400321 0.216899 0.382780 
0.177535 0.186837 0.635627 
0.740467 0.000097 0.259436 
0.924006 0.012202 0.063792 
0.418314 0.031099 0.550586 
0.922848 0.009255 0.067897 
0.875071 0.081870 0.043059 
0.320971 0.677823 0.001207 
0.993057 0.000486 0.006457 
0.056433 0.833484 0.110082 
0.524442 0.013015 0.462543 
0.695833 0.216186 0.087980 
0.114279 0.288108 0.597613 
0.104276 0.046760 0.848964 
0.452864 0.541278 0.005858 
0.906271 0.029749 0.063980 
0.066262 0.912716 0.021023 
0.647692 0.300086 0.052222 
0.269264 0.017502 0.713234 
0.788228 0.062678 0.149095 
0.208735 0.006840 0.784424 
0.154598 0.056849 0.788553 
0.926775 0.026814 0.046410 
0.001077 0.701215 0.297708 
0.945671 0.039206 0.015123 
0.967265 0.018969 0.013765 
0.058236 0.315928 0.625836 
0.025190 0.639427 0.335383 
0.068550 0.610435 0.321015 
0.224608 0.050596 0.724795 
0.198478 0.034307 0.767215 
0.953477 0.005090 0.041433 
0.651206 0.066219 0.282575 
0.935029 0.024628 0.040344 
0.769259 0.042312 0.188429 
0.463151 0.018064 0.518785 
0.332356 0.030052 0.637592 
0.896875 0.102848 0.000277 
0.719703 0.074777 0.205520 
0.518170 0.024271 0.457559 
0.674041 0.069892 0.256066 
0.483278 0.169270 0.347452 
0.351928 0.354261 0.293812 
0.839045 0.083693 0.077261 
0.104075 0.020275 0.875650 
0.372975 0.565703 0.061322 
0.984019 0.011150 0.004831 
0.297296 0.406998 0.295706 
0.692774 0.013994 0.293232 
0.186080 0.204433 0.609487 
0.910882 0.001660 0.087458 
0.825081 0.010028 0.164891 
0.753758 0.218371 0.027871 
0.072900 0.878009 0.049091 
0.855586 0.035760 0.108654 
0.839566 0.128903 0.031531 
0.000941 0.416553 0.582506 
0.920548 0.007742 0.071711 
0.242871 0.045839 0.711290 
0.105968 0.228961 0.665071 
0.647535 0.249243 0.103223 
0.152152 0.030940 0.816908 
0.716339 0.005087 0.278574 
0.648695 0.309741 0.041563 
0.818311 0.027362 0.154327 
0.909366 0.011103 0.079531 
0.954779 0.015847 0.029374 
0.417979 0.078518 0.503503 
0.221272 0.061645 0.717083 
0.325057 0.638532 0.036411 
0.138718 0.109384 0.751897 
0.294544 0.619067 0.086389 
0.332945 0.382811 0.284244 
0.129148 0.001917 0.868935 
0.950058 0.012367 0.037575 
0.670420 0.097947 0.231634 
0.860484 0.009557 0.129958 
0.181739 0.089659 0.728602 
0.346414 0.089331 0.564255 
0.194147 0.002284 0.803570 
0.357938 0.092927 0.549136 
0.509440 0.478560 0.012000 
0.224459 0.646668 0.128874 
0.901018 0.074021 0.024962 
0.449235 0.161659 0.389106 
0.505053 0.101080 0.393867 
0.723457 0.011751 0.264793 
0.264619 0.696804 0.038577 
0.233291 0.054401 0.712309 
0.081595 0.846853 0.071553 
0.859002 0.026265 0.114733 
0.484570 0.505540 0.009891 
0.935877 0.033145 0.030978 
0.533039 0.021437 0.445525 
0.675939 0.043350 0.280711 
0.696708 0.018739 0.284552 
0.885526 0.032743 0.081732 
0.714577 0.000169 0.285254 
0.919264 0.079468 0.001268 
0.753623 0.004210 0.242168 
0.953530 0.016291 0.030179 
0.700858 0.004523 0.294618 
0.940543 0.000123 0.059334 
0.311185 0.398535 0.290279 
0.321919 0.314713 0.363368 
0.024665 0.010210 0.965124 
0.519826 0.430633 0.049541 
0.208600 0.786786 0.004614 
0.370285 0.126110 0.503605 
0.954216 0.028748 0.017036 
0.686813 0.271220 0.041967 
0.279488 0.028635 0.691878 
0.274351 0.717269 0.008379 
0.622933 0.081111 0.295955 
0.134363 0.044953 0.820683 
0.966069 0.031929 0.002001 
0.937714 0.030270 0.032016 
0.413283 0.498547 0.088171 
0.429814 0.041472 0.528714 
0.134349 0.788143 0.077508 
0.733821 0.012650 0.253529 
0.760072 0.007701 0.232227 
0.317087 0.649826 0.033087 
0.506890 0.019871 0.473240 
0.819112 0.065731 0.115157 
0.776819 0.029855 0.193326 
0.942114 0.000179 0.057707 
0.925058 0.032895 0.042046 
0.135465 0.844264 0.020271 
0.201875 0.694499 0.103626 
0.904785 0.000148 0.095067 
0.992604 0.000684 0.006712 
0.946886 0.006819 0.046295 
0.399198 0.600068 0.000733 
0.787618 0.171172 0.041210 
0.895947 0.000406 0.103647 
0.931336 0.003862 0.064802 
0.853378 0.031525 0.115098 
0.902042 0.020086 0.077872 
0.272023 0.554436 0.173542 
0.168324 0.246292 0.585384 
0.836439 0.140023 0.023538 
0.087198 0.021453 0.891349 
0.430845 0.384497 0.184657 
0.227602 0.045571 0.726827 
0.070829 0.891267 0.037904 
0.807998 0.172854 0.019148 
0.935550 0.053983 0.010467 
0.910505 0.001799 0.087696 
0.836196 0.006434 0.157370 
0.690375 0.010088 0.299537 
0.938628 0.000153 0.061219 
0.319067 0.031210 0.649723 
0.889550 0.048326 0.062124 
0.630670 0.369144 0.000186 
0.312931 0.015762 0.671306 
0.724081 0.049575 0.226344 
0.856806 0.020673 0.122521 
0.930349 0.053933 0.015719 
0.701528 0.166423 0.132049 
0.936808 0.000109 0.063083 
0.391350 0.215154 0.393496 
0.866849 0.097863 0.035288 
0.042714 0.945225 0.012061 
0.459598 0.037796 0.502607 
0.272371 0.038752 0.688878 
0.377606 0.357164 0.265230 
0.151257 0.404242 0.444501 
0.105639 0.772890 0.121470 
0.932492 0.054600 0.012908 
0.181633 0.028675 0.789692 
0.956877 0.002058 0.041065 
0.159596 0.198795 0.641609 
0.200453 0.520280 0.279267 
0.593854 0.015639 0.390507 
0.258754 0.738193 0.003053 
0.343116 0.559145 0.097739 
0.885247 0.074374 0.040379 
0.622090 0.039745 0.338165 
0.717432 0.062952 0.219616 
0.043605 0.676841 0.279553 
0.566224 0.239436 0.194341 
0.972431 0.012795 0.014774 
0.695267 0.022288 0.282445 
0.880718 0.029660 0.089622 
0.094295 0.832553 0.073152 
0.959481 0.030035 0.010484 
0.356930 0.000165 0.642904 
0.456230 0.010561 0.533209 
0.150794 0.039097 0.810109 
0.023186 0.922890 0.053923 
0.615774 0.180648 0.203578 
0.817095 0.026561 0.156344 
0.861853 0.068348 0.069799 
0.208159 0.507722 0.284120 
0.853213 0.014053 0.132735 
0.160394 0.040377 0.799229 
0.872064 0.001238 0.126698 
0.647495 0.160488 0.192017 
0.964377 0.035174 0.000449 
0.345274 0.590316 0.064410 
0.032894 0.949666 0.017440 
0.621535 0.319646 0.058819 
0.869949 0.000102 0.129949 
0.705491 0.030793 0.263715 
0.098327 0.624980 0.276692 
0.134237 0.055434 0.810329 
0.860179 0.070384 0.069437 
0.181835 0.010791 0.807374 
0.870396 0.413276 0.500567 
