-384738.853965
0
0.039741 0.047447 0.000000 0.046340 0.000000 0.000000 0.000000 0.000000 0.020044 0.001670 0.027880 0.026284 0.021516 0.016289 0.024446 0.036557 0.015894 0.008303 0.015403 0.027923 0.000000 0.000000 0.000000 0.000000 0.034127 0.000000 0.000000 0.033418 0.000000 0.000000 0.000000 0.000000 0.001995 0.000017 0.010994 0.019963 0.016224 0.021485 0.007190 0.045320 0.000000 0.016448 0.000008 0.014926 0.000000 0.000000 0.003183 0.000000 0.028971 0.014021 0.000000 0.020179 0.000000 0.000000 0.000000 0.000000 0.000003 0.000017 0.010266 0.000042 0.008309 0.009108 0.008441 0.029309 0.000002 0.004282 0.006931 0.019378 0.000000 0.000000 0.000000 0.006804 0.040248 0.005551 0.000000 0.041018 0.000000 0.000000 0.000000 0.000000 0.002509 0.001005 0.008815 0.016751 0.021680 0.020840 0.000000 0.045617 0.000004 0.000000 0.000002 0.012549 0.000000 0.000000 0.010520 0.005790 
0.001401 0.000030 0.000000 0.000920 0.000001 0.000000 0.000000 0.000002 0.004167 0.005874 0.001479 0.004228 0.000004 0.000027 0.000018 0.002139 0.000368 0.000086 0.000497 0.002117 0.000000 0.000000 0.000047 0.000048 0.001492 0.000001 0.000000 0.000819 0.000004 0.000000 0.307980 0.000021 0.011102 0.001254 0.007305 0.012421 0.000000 0.000051 0.307545 0.000043 0.000010 0.000217 0.000380 0.002475 0.000000 0.000016 0.000017 0.000036 0.002067 0.000548 0.000000 0.000079 0.000000 0.000039 0.000000 0.000000 0.000391 0.001002 0.003045 0.002426 0.000002 0.000000 0.240181 0.000019 0.000228 0.000019 0.000040 0.000082 0.000000 0.000000 0.000000 0.000001 0.002715 0.006028 0.000011 0.011276 0.000000 0.000000 0.000000 0.000000 0.010505 0.013486 0.011213 0.015165 0.000013 0.000000 0.000000 0.000154 0.000092 0.000032 0.000120 0.002235 0.000000 0.000004 0.000047 0.000098 
0.000979 0.000000 0.000000 0.008886 0.000000 0.000000 0.000000 0.000000 0.000035 0.001874 0.011804 0.005023 0.000000 0.000000 0.000000 0.002231 0.000002 0.005195 0.001766 0.004904 0.000000 0.006058 0.001957 0.012127 0.002832 0.000000 0.000000 0.014023 0.000000 0.000000 0.000000 0.000000 0.000588 0.001411 0.012101 0.004838 0.000000 0.000000 0.000000 0.000000 0.001057 0.002161 0.001361 0.004038 0.002284 0.000000 0.004409 0.018438 0.002964 0.000003 0.000000 0.005583 0.000917 0.000000 0.000000 0.000000 0.000002 0.016600 0.025310 0.016133 0.000000 0.000000 0.000000 0.000000 0.004549 0.010602 0.005775 0.013545 0.000000 0.002693 0.000000 0.003072 0.033301 0.009919 0.002300 0.319703 0.000000 0.000000 0.000000 0.000000 0.003474 0.020983 0.224403 0.035462 0.000000 0.000000 0.000000 0.001614 0.004179 0.008807 0.006855 0.008047 0.003626 0.008443 0.003559 0.065191 
0.000257 0.000020 0.000000 0.000339 0.000001 0.000000 0.000000 0.000000 0.002349 0.002387 0.000645 0.003433 0.000002 0.000006 0.000009 0.001880 0.000088 0.000041 0.000259 0.001090 0.000000 0.000000 0.000009 0.000003 0.009254 0.000000 0.000000 0.000934 0.000001 0.000001 0.000000 0.000011 0.009049 0.000901 0.010213 0.018430 0.000001 0.000010 0.000001 0.000005 0.000006 0.000136 0.000244 0.000448 0.000000 0.000006 0.000035 0.000015 0.000466 0.000113 0.000000 0.000085 0.000000 0.000007 0.000000 0.000000 0.000209 0.000540 0.001660 0.001954 0.000001 0.000027 0.000016 0.000020 0.000078 0.000009 0.000005 0.142388 0.000000 0.000000 0.000000 0.000012 0.001167 0.003011 0.000004 0.002789 0.000000 0.000000 0.000000 0.000000 0.015816 0.360280 0.080775 0.324732 0.000016 0.000002 0.000000 0.000052 0.000222 0.000010 0.000054 0.000925 0.000000 0.000001 0.000009 0.000028 
0.010827 0.005927 0.000000 0.006593 0.000000 0.000000 0.000000 0.002718 0.029327 0.014520 0.235036 0.008299 0.000000 0.000000 0.000000 0.009164 0.010395 0.002971 0.001795 0.007825 0.000429 0.002272 0.000401 0.001887 0.001891 0.000000 0.000000 0.000012 0.000000 0.000000 0.000000 0.000000 0.024917 0.013896 0.123632 0.018759 0.000000 0.000000 0.000000 0.000000 0.000000 0.000002 0.005957 0.003966 0.000000 0.002433 0.000000 0.000294 0.006691 0.003466 0.000000 0.000001 0.000000 0.003936 0.000000 0.000000 0.025390 0.021935 0.125070 0.011902 0.000000 0.000000 0.000000 0.000000 0.010115 0.001025 0.000000 0.013702 0.000000 0.000000 0.000000 0.000000 0.011374 0.011879 0.002037 0.015052 0.004667 0.000000 0.000000 0.000000 0.028081 0.019456 0.102571 0.017078 0.004470 0.000000 0.000000 0.000001 0.004533 0.000513 0.006961 0.001947 0.000000 0.000000 0.000000 0.000000 
0.024183 0.022347 0.000000 0.028172 0.032150 0.016067 0.005985 0.038011 0.017498 0.007765 0.003445 0.011586 0.008983 0.006556 0.003754 0.008576 0.000001 0.000000 0.000003 0.013421 0.000000 0.000000 0.015404 0.007429 0.031091 0.027364 0.000000 0.022785 0.018464 0.022568 0.005648 0.036004 0.005047 0.000008 0.002824 0.009868 0.005782 0.018134 0.019433 0.022812 0.000000 0.014851 0.000004 0.005676 0.000000 0.008280 0.008399 0.008078 0.009381 0.008580 0.000000 0.009577 0.014298 0.010560 0.001948 0.030462 0.012300 0.001405 0.000032 0.000030 0.005759 0.008777 0.012720 0.008236 0.002526 0.000000 0.000000 0.000001 0.000000 0.005537 0.019208 0.005665 0.012203 0.019683 0.002220 0.018200 0.023293 0.024160 0.000000 0.042991 0.008683 0.009304 0.002115 0.013352 0.007015 0.009687 0.009216 0.015634 0.004742 0.011029 0.000001 0.003437 0.000000 0.005218 0.016149 0.010211 
0.001354 0.000000 0.000000 0.000004 0.000000 0.000000 0.000000 0.000555 0.007944 0.002173 0.003448 0.002385 0.000000 0.000000 0.000209 0.000014 0.000001 0.000904 0.000901 0.000846 0.000000 0.000000 0.000477 0.000000 0.001330 0.000000 0.000000 0.000006 0.000646 0.000000 0.000000 0.001047 0.015014 0.004656 0.005538 0.006225 0.000000 0.001017 0.000000 0.000687 0.000478 0.001133 0.000003 0.000009 0.000000 0.000000 0.000000 0.000000 0.000003 0.000187 0.000304 0.000001 0.000000 0.000000 0.000000 0.000000 0.007132 0.000006 0.000369 0.002885 0.000000 0.000959 0.000756 0.000000 0.000000 0.000000 0.000000 0.000001 0.000670 0.000000 0.000000 0.000000 0.015405 0.007473 0.001809 0.012979 0.036089 0.000000 0.001460 0.067325 0.424913 0.080309 0.049173 0.229088 0.000000 0.000000 0.000000 0.000001 0.000209 0.000000 0.000000 0.000744 0.000746 0.000000 0.000000 0.000000 
0.001093 0.000102 0.000000 0.001005 0.000002 0.000000 0.000000 0.000002 0.006088 0.006016 0.000811 0.003770 0.000000 0.000000 0.000031 0.003703 0.000255 0.000247 0.000561 0.001242 0.000000 0.000000 0.000170 0.000000 0.005273 0.000000 0.000000 0.001943 0.000001 0.000001 0.000000 0.000028 0.009558 0.001207 0.008194 0.023160 0.000004 0.000023 0.000002 0.000016 0.000007 0.000711 0.000701 0.000000 0.000000 0.000000 0.000145 0.000019 0.000763 0.000674 0.000000 0.000359 0.000000 0.000045 0.000000 0.000000 0.000793 0.001256 0.002042 0.003006 0.000000 0.000068 0.000037 0.000037 0.000205 0.000017 0.000024 0.830925 0.000000 0.000000 0.000000 0.000000 0.001856 0.004458 0.000009 0.010193 0.000000 0.000000 0.000000 0.000000 0.008801 0.016546 0.015823 0.021110 0.000127 0.000022 0.000000 0.000000 0.000233 0.000080 0.000389 0.003926 0.000000 0.000000 0.000000 0.000081 
0.000003 0.000000 0.000000 0.000005 0.001323 0.000000 0.000000 0.000000 0.000108 0.024580 0.000009 0.003637 0.000000 0.000000 0.000000 0.002584 0.001870 0.000000 0.000003 0.001680 0.000000 0.000000 0.000681 0.000000 0.000087 0.002297 0.000000 0.001919 0.000000 0.000683 0.000000 0.000710 0.082357 0.106694 0.019154 0.087145 0.000000 0.000000 0.000000 0.000000 0.000000 0.000002 0.001690 0.007565 0.000000 0.000671 0.000001 0.000000 0.000005 0.000002 0.000000 0.000001 0.000000 0.000000 0.000000 0.000000 0.000002 0.019446 0.000043 0.017140 0.000000 0.000000 0.000000 0.000000 0.000001 0.000000 0.000000 0.000001 0.000000 0.000000 0.000000 0.001406 0.000017 0.001781 0.000000 0.000544 0.000000 0.001506 0.000000 0.000000 0.120702 0.297893 0.101320 0.080608 0.000000 0.000000 0.000000 0.005494 0.000001 0.000000 0.001623 0.001402 0.000000 0.000000 0.001599 0.000000 
0.000003 0.000000 0.001341 0.001621 0.000000 0.000000 0.000000 0.000000 0.030769 0.018177 0.094784 0.016037 0.000000 0.003622 0.000000 0.005633 0.009322 0.007192 0.021896 0.000017 0.000000 0.000000 0.000000 0.001812 0.011399 0.025119 0.009452 0.052308 0.000000 0.000000 0.000000 0.000000 0.008883 0.012897 0.096594 0.011293 0.000000 0.000000 0.000000 0.000000 0.008767 0.005243 0.024569 0.000012 0.000000 0.005018 0.004470 0.008623 0.000005 0.004449 0.000000 0.006594 0.000000 0.002814 0.000000 0.000000 0.072196 0.081256 0.137330 0.054424 0.000000 0.001956 0.000000 0.002155 0.013322 0.007276 0.010622 0.000001 0.000000 0.001882 0.001247 0.003107 0.000014 0.002838 0.000000 0.003412 0.000000 0.000000 0.000000 0.000000 0.005516 0.007622 0.046271 0.005473 0.000000 0.000000 0.000000 0.000001 0.005160 0.005993 0.011326 0.001987 0.000000 0.003133 0.000000 0.003744 
0.015390 0.007039 0.000000 0.000003 0.010959 0.011310 0.004158 0.005585 0.026135 0.013678 0.013270 0.029360 0.012966 0.009011 0.014816 0.009997 0.036758 0.017870 0.036680 0.023295 0.002456 0.000000 0.007129 0.002809 0.003610 0.000000 0.000000 0.000007 0.007314 0.000553 0.000000 0.005787 0.017024 0.023149 0.011864 0.015863 0.006516 0.008628 0.000000 0.010263 0.017059 0.016469 0.015225 0.020659 0.000000 0.004964 0.009676 0.006900 0.005526 0.008679 0.000000 0.013404 0.000000 0.000000 0.000000 0.007141 0.020554 0.027621 0.009543 0.028143 0.006441 0.000000 0.000000 0.005552 0.023409 0.016724 0.016549 0.021966 0.002754 0.000000 0.010641 0.000000 0.009555 0.002768 0.000000 0.015625 0.000000 0.009892 0.000000 0.013774 0.018700 0.033079 0.005853 0.016703 0.010462 0.004083 0.008899 0.014005 0.023950 0.018592 0.011475 0.021997 0.000000 0.006468 0.007553 0.009716 
0.000011 0.000001 0.013385 0.030162 0.033889 0.000000 0.000000 0.040481 0.010955 0.012499 0.000033 0.000176 0.000000 0.000000 0.000000 0.000039 0.071980 0.000001 0.000008 0.044061 0.000000 0.013077 0.000000 0.000000 0.020225 0.000000 0.020185 0.051883 0.008640 0.028439 0.013673 0.013356 0.043237 0.000020 0.000643 0.056071 0.000000 0.000000 0.052617 0.000000 0.000000 0.000005 0.038618 0.012284 0.000000 0.000000 0.000001 0.000000 0.027112 0.000006 0.010329 0.000003 0.032413 0.020349 0.006549 0.000000 0.044593 0.000020 0.020762 0.001406 0.011513 0.016844 0.029762 0.000000 0.000002 0.000000 0.000000 0.000002 0.000000 0.000000 0.000000 0.000000 0.000057 0.029687 0.026361 0.001887 0.014684 0.000000 0.012886 0.000000 0.007128 0.018266 0.002036 0.004970 0.000000 0.007031 0.000000 0.000002 0.000005 0.000000 0.022642 0.000033 0.000000 0.000000 0.000000 0.000001 
0.008656 0.007128 0.000000 0.005345 0.000000 0.000000 0.000000 0.000000 0.008594 0.005370 0.009883 0.002595 0.012523 0.003153 0.006369 0.021073 0.023209 0.009296 0.017681 0.025248 0.038537 0.006878 0.004334 0.022421 0.006638 0.000000 0.000000 0.008928 0.000000 0.000000 0.000000 0.000000 0.010389 0.004227 0.005490 0.005953 0.005592 0.002922 0.000000 0.005303 0.019326 0.011827 0.020506 0.031976 0.028008 0.008376 0.013186 0.060549 0.013343 0.007593 0.000000 0.010303 0.000000 0.001962 0.000000 0.000000 0.003625 0.001972 0.009711 0.008990 0.000000 0.001748 0.002240 0.003799 0.007427 0.010623 0.010994 0.015429 0.008677 0.000000 0.004546 0.021788 0.028897 0.005551 0.000000 0.036167 0.000000 0.000000 0.000000 0.000000 0.002149 0.006470 0.000725 0.009435 0.023564 0.003120 0.012565 0.012854 0.014911 0.020322 0.011669 0.033574 0.060636 0.007385 0.009086 0.068658 
-nan -nan -nan -nan -nan -nan -nan -nan -nan -nan -nan -nan -nan -nan -nan -nan -nan -nan -nan -nan -nan -nan -nan -nan -nan -nan -nan -nan -nan -nan -nan -nan -nan -nan -nan -nan -nan -nan -nan -nan -nan -nan -nan -nan -nan -nan -nan -nan -nan -nan -nan -nan -nan -nan -nan -nan -nan -nan -nan -nan -nan -nan -nan -nan -nan -nan -nan -nan -nan -nan -nan -nan -nan -nan -nan -nan -nan -nan -nan -nan -nan -nan -nan -nan -nan -nan -nan -nan -nan -nan -nan -nan -nan -nan -nan -nan 
0.042658 0.038489 0.019725 0.024002 0.004804 0.005544 0.002832 0.000000 0.008739 0.005170 0.000008 0.004512 0.004051 0.003475 0.011381 0.002673 0.000001 0.000000 0.008048 0.000009 0.000000 0.000000 0.000000 0.000000 0.055304 0.078390 0.008849 0.045620 0.011464 0.008582 0.005781 0.007037 0.018818 0.016005 0.007606 0.018819 0.009607 0.011435 0.038907 0.010850 0.005935 0.001126 0.006908 0.004641 0.000000 0.000000 0.005496 0.000000 0.043363 0.050232 0.023716 0.030704 0.005187 0.007861 0.005501 0.005221 0.000002 0.009022 0.002528 0.007091 0.006240 0.005297 0.013918 0.002725 0.007188 0.000000 0.003960 0.000001 0.000000 0.000000 0.000000 0.000000 0.039275 0.059451 0.008428 0.046576 0.000000 0.010992 0.002342 0.000000 0.003181 0.004476 0.000909 0.006544 0.003373 0.004889 0.008552 0.003683 0.002284 0.000000 0.000001 0.001129 0.000857 0.000000 0.000000 0.000000 
0.000000 0.000000 0.317035 0.000000 0.000000 0.000010 0.000000 0.000000 0.443605 0.000000 0.053776 0.000000 0.038808 0.000000 0.146766 
0.000000 0.000000 0.000000 0.000000 0.364973 0.306025 0.000000 0.000000 0.000000 0.000000 0.278926 0.000000 0.024590 0.000000 0.025486 
0.000000 0.000000 0.069572 0.000000 0.000000 0.424835 0.000000 0.000000 0.000000 0.000000 0.258155 0.037825 0.170708 0.000000 0.038904 
0.000000 0.000000 0.000000 0.000000 0.085097 0.085667 0.045177 0.000000 0.000000 0.000000 0.043333 0.000000 0.740709 0.000000 0.000017 
0.205966 0.000000 0.049346 0.000000 0.000000 0.057079 0.000000 0.000000 0.000000 0.496983 0.101830 0.000000 0.042253 0.000000 0.046544 
0.000000 0.000000 0.124256 0.000000 0.000000 0.021652 0.806132 0.000000 0.027944 0.000000 0.000053 0.000000 0.019943 0.000000 0.000019 
0.000000 0.000000 0.000000 0.012065 0.000000 0.045736 0.000000 0.000000 0.519018 0.260273 0.000053 0.027052 0.008724 0.000000 0.127078 
0.000000 0.000000 0.000000 0.000000 0.026863 0.357266 0.000000 0.000000 0.000000 0.000000 0.261355 0.033759 0.301119 0.000000 0.019637 
0.000000 0.000000 0.000000 0.000000 0.099431 0.523713 0.000000 0.000000 0.000000 0.060688 0.234825 0.000000 0.056708 0.000000 0.024635 
0.000000 0.000000 0.000000 0.000000 0.068268 0.078754 0.000000 0.000000 0.000000 0.246403 0.118606 0.000000 0.466162 0.000000 0.021807 
0.000000 0.000000 0.000000 0.000000 0.035662 0.515789 0.000000 0.000000 0.029866 0.090263 0.202259 0.000000 0.065080 0.000000 0.061082 
0.000000 0.000000 0.000000 0.000000 0.000000 0.040224 0.016520 0.000000 0.000000 0.000000 0.131502 0.092558 0.120091 0.000000 0.599105 
0.000000 0.000000 0.056406 0.000000 0.000000 0.025678 0.597218 0.000000 0.000000 0.114502 0.048423 0.036271 0.121485 0.000000 0.000016 
0.000000 0.000000 0.000000 0.000000 0.000000 0.030195 0.000000 0.000000 0.399182 0.322027 0.000046 0.021005 0.211926 0.000000 0.015619 
0.036803 0.000000 0.000000 0.000000 0.000000 0.044964 0.432242 0.000000 0.000000 0.000000 0.037793 0.045671 0.000030 0.000000 0.402497 
0.000000 0.000000 0.000000 0.000000 0.086761 0.031147 0.000000 0.000000 0.000000 0.208479 0.452485 0.117628 0.054616 0.000000 0.048885 
0.000000 0.000000 0.000000 0.000000 0.000000 0.081224 0.000000 0.000000 0.062689 0.053860 0.090627 0.045098 0.212590 0.000000 0.453912 
0.000000 0.000000 0.000000 0.000000 0.000000 0.000012 0.944973 0.000000 0.042817 0.000000 0.000065 0.000000 0.012122 0.000000 0.000012 
0.000000 0.000000 0.014422 0.000000 0.291797 0.000009 0.145943 0.000000 0.000000 0.399221 0.077363 0.000000 0.032578 0.000000 0.038665 
0.000000 0.000000 0.000000 0.000000 0.000000 0.000010 0.587248 0.004796 0.000000 0.201177 0.000071 0.024150 0.000042 0.000000 0.182506 
0.042652 0.000000 0.000000 0.000000 0.000000 0.015067 0.000000 0.000000 0.000000 0.000000 0.101336 0.000000 0.000029 0.000000 0.840916 
0.000000 0.000000 0.000000 0.000000 0.057498 0.000010 0.000000 0.000000 0.000000 0.000000 0.642605 0.152580 0.072968 0.000000 0.074339 
0.092350 0.000000 0.201304 0.000000 0.109350 0.026954 0.000000 0.000000 0.000000 0.349004 0.130538 0.065701 0.000033 0.000000 0.024766 
0.344015 0.000000 0.000000 0.000000 0.013275 0.124345 0.228542 0.000000 0.000000 0.000000 0.112215 0.000000 0.065418 0.000000 0.112189 
0.000000 0.000000 0.000000 0.000000 0.000000 0.070303 0.000000 0.000000 0.019668 0.258606 0.000047 0.087720 0.009760 0.000000 0.553896 
0.000000 0.000000 0.000000 0.053044 0.318844 0.000009 0.000000 0.000000 0.000000 0.000000 0.411247 0.103671 0.037298 0.000000 0.075886 
0.000000 0.000000 0.096143 0.000000 0.000000 0.000009 0.360521 0.000000 0.047698 0.000000 0.320831 0.100302 0.048152 0.000000 0.026343 
0.000000 0.000000 0.535636 0.000000 0.024863 0.032511 0.152421 0.000000 0.000000 0.000000 0.092393 0.000000 0.136079 0.000000 0.026096 
0.000000 0.000000 0.081011 0.000000 0.029471 0.018085 0.587738 0.000000 0.000000 0.000000 0.000051 0.000000 0.283628 0.000000 0.000016 
0.000000 0.000000 0.035720 0.000000 0.000000 0.145200 0.000000 0.000000 0.000000 0.000000 0.528181 0.201779 0.089103 0.000000 0.000017 
0.000000 0.000000 0.193111 0.000000 0.074743 0.099368 0.000000 0.000000 0.000000 0.000000 0.403356 0.089874 0.068281 0.000000 0.071267 
0.021798 0.000000 0.162549 0.000000 0.009502 0.000010 0.358705 0.000000 0.083201 0.000000 0.000048 0.000000 0.301152 0.000000 0.063035 
0.038817 0.000000 0.000000 0.000000 0.399544 0.000010 0.270783 0.000000 0.000000 0.108829 0.117358 0.000000 0.064640 0.000000 0.000020 
0.060812 0.000000 0.000000 0.000000 0.000000 0.062413 0.013630 0.000000 0.007444 0.240576 0.031625 0.047545 0.022109 0.000000 0.513847 
0.000000 0.000000 0.032253 0.000000 0.380567 0.213243 0.000000 0.000000 0.000000 0.000000 0.276338 0.000000 0.057547 0.000000 0.040053 
0.000000 0.000000 0.507430 0.000000 0.046293 0.000012 0.000000 0.000000 0.000000 0.000000 0.109694 0.000000 0.284610 0.000000 0.051962 
0.062545 0.000000 0.000000 0.000000 0.193649 0.344523 0.068654 0.000000 0.000000 0.000000 0.145414 0.063788 0.097477 0.000000 0.023951 
0.000000 0.000000 0.073738 0.000000 0.000000 0.000011 0.811551 0.000000 0.000000 0.000000 0.000048 0.015760 0.000034 0.000000 0.098858 
0.278804 0.000000 0.058589 0.000000 0.016053 0.159007 0.000000 0.000000 0.059398 0.000000 0.053253 0.000000 0.039077 0.000000 0.335820 
0.000000 0.000000 0.000000 0.000000 0.000000 0.000010 0.747632 0.000000 0.000000 0.000000 0.167105 0.045845 0.009145 0.000000 0.030262 
0.000000 0.000000 0.000000 0.000000 0.032161 0.038042 0.000000 0.000000 0.000000 0.683140 0.177476 0.000000 0.020819 0.000000 0.048362 
0.000000 0.000000 0.196653 0.000000 0.000000 0.076645 0.000000 0.000000 0.000000 0.726600 0.000050 0.000000 0.000035 0.000000 0.000017 
0.026836 0.000000 0.000000 0.000000 0.000000 0.119066 0.717609 0.000000 0.015985 0.000000 0.093223 0.000000 0.011243 0.000000 0.016038 
0.000000 0.000000 0.000000 0.000000 0.000000 0.064774 0.000000 0.000000 0.107935 0.187150 0.053740 0.000000 0.564258 0.000000 0.022142 
0.204195 0.000000 0.000000 0.000000 0.502809 0.073413 0.000000 0.000000 0.000000 0.047439 0.087746 0.000000 0.037701 0.000000 0.046698 
0.000000 0.000000 0.916269 0.000000 0.000000 0.011126 0.015187 0.000000 0.000000 0.000000 0.000041 0.000000 0.000024 0.000000 0.057353 
0.000000 0.000000 0.000000 0.000000 0.000000 0.487174 0.000000 0.000000 0.000000 0.000000 0.267803 0.052855 0.041362 0.000000 0.150806 
0.000000 0.000000 0.242524 0.000000 0.000000 0.000010 0.290755 0.000000 0.235807 0.055743 0.042449 0.000000 0.089186 0.000000 0.043526 
0.104075 0.000000 0.000000 0.000000 0.000000 0.120366 0.000000 0.000000 0.000000 0.000000 0.107831 0.000000 0.667712 0.000000 0.000016 
0.120228 0.000000 0.000000 0.000000 0.000000 0.016968 0.027795 0.000000 0.599423 0.088176 0.086949 0.000000 0.000024 0.000000 0.060437 
0.000000 0.000000 0.000000 0.000000 0.039941 0.080613 0.000000 0.000000 0.000000 0.000000 0.129411 0.049622 0.000031 0.000000 0.700383 
0.066888 0.000000 0.000000 0.000000 0.000000 0.072438 0.016944 0.000000 0.400599 0.000000 0.261852 0.000000 0.066538 0.000000 0.114741 
0.000000 0.000000 0.000000 0.000000 0.000000 0.077607 0.000000 0.000000 0.000000 0.142481 0.129557 0.000000 0.650340 0.000000 0.000014 
0.000000 0.000000 0.000000 0.000000 0.139404 0.073302 0.000000 0.000000 0.000000 0.000000 0.103638 0.000000 0.145101 0.000000 0.538555 
0.057899 0.000000 0.000000 0.000000 0.000000 0.000010 0.464611 0.000000 0.000000 0.068946 0.269706 0.092491 0.046318 0.000000 0.000019 
0.000000 0.000000 0.180937 0.000000 0.000000 0.033439 0.717436 0.000000 0.000000 0.052401 0.000052 0.000000 0.015720 0.000000 0.000015 
0.000000 0.000000 0.000000 0.000000 0.000000 0.056710 0.055241 0.000000 0.000000 0.000000 0.083835 0.000000 0.256318 0.000000 0.547896 
0.000000 0.000000 0.000000 0.000000 0.041677 0.083196 0.000000 0.000000 0.101142 0.000000 0.000063 0.055879 0.000034 0.000000 0.718009 
0.000000 0.000000 0.000000 0.000000 0.217982 0.073605 0.000000 0.000000 0.155879 0.309624 0.000062 0.000000 0.051183 0.000000 0.191666 
0.000000 0.000000 0.017099 0.000000 0.000000 0.093941 0.000000 0.000000 0.000000 0.037242 0.066449 0.000000 0.632596 0.000000 0.152674 
0.176410 0.000000 0.000000 0.000000 0.476273 0.090843 0.000000 0.000000 0.000000 0.000000 0.127106 0.000000 0.046720 0.000000 0.082650 
0.000000 0.000000 0.616284 0.000000 0.000000 0.000010 0.000000 0.000000 0.027160 0.182343 0.109004 0.000000 0.024354 0.000000 0.040845 
0.000000 0.000000 0.000000 0.000000 0.000000 0.036045 0.055870 0.000000 0.189445 0.589051 0.101549 0.024954 0.003065 0.000000 0.000021 
0.000000 0.000000 0.000000 0.000000 0.085656 0.051895 0.103200 0.000000 0.000000 0.000000 0.324650 0.143890 0.058017 0.000000 0.232692 
0.000000 0.000000 0.000000 0.000000 0.729217 0.000009 0.000000 0.000000 0.000000 0.071366 0.127115 0.000000 0.015997 0.000000 0.056296 
0.000000 0.000000 0.041370 0.000000 0.028776 0.029967 0.000000 0.000000 0.510686 0.000000 0.289560 0.047114 0.035553 0.000000 0.016973 
0.000000 0.000000 0.000000 0.000000 0.026955 0.053968 0.017508 0.000000 0.000000 0.787513 0.071343 0.017783 0.024912 0.000000 0.000018 
0.063994 0.000000 0.000000 0.000000 0.000000 0.152465 0.594825 0.000000 0.062693 0.078121 0.017352 0.000000 0.030531 0.000000 0.000018 
0.159443 0.000000 0.008986 0.000000 0.000000 0.095630 0.000000 0.000000 0.227337 0.177210 0.200736 0.076189 0.054451 0.000000 0.000018 
0.000000 0.000000 0.000000 0.000000 0.017989 0.076732 0.232824 0.000000 0.020714 0.000000 0.000048 0.000000 0.651676 0.000000 0.000016 
0.337116 0.000000 0.000000 0.000000 0.000000 0.076451 0.000000 0.000000 0.011134 0.086171 0.157409 0.061838 0.023870 0.000000 0.246011 
0.027594 0.000000 0.082811 0.000000 0.000000 0.251708 0.000000 0.000000 0.000000 0.234579 0.110927 0.065731 0.118396 0.000000 0.108254 
0.000000 0.000000 0.024935 0.000000 0.000000 0.046491 0.000000 0.000000 0.557289 0.225478 0.000050 0.000000 0.145741 0.000000 0.000016 
0.000000 0.001114 0.812468 0.000000 0.015160 0.000009 0.000000 0.000000 0.046277 0.077665 0.047258 0.000000 0.000029 0.000000 0.000019 
0.000000 0.000000 0.028274 0.004646 0.044819 0.000008 0.349437 0.000000 0.501435 0.000000 0.057696 0.000000 0.000031 0.000000 0.013653 
0.137996 0.000000 0.000000 0.000000 0.000000 0.018540 0.000000 0.000000 0.000000 0.703202 0.000052 0.046129 0.017570 0.000000 0.076511 
0.011646 0.000000 0.240125 0.000000 0.024138 0.019808 0.000000 0.000000 0.425491 0.039656 0.137529 0.035829 0.065760 0.000000 0.000018 
0.000000 0.000000 0.000000 0.000000 0.000000 0.073051 0.000000 0.000000 0.000000 0.000000 0.109591 0.073412 0.000033 0.000000 0.743913 
0.000000 0.000000 0.000000 0.000000 0.000000 0.006327 0.838525 0.000000 0.000000 0.000000 0.000042 0.000000 0.059198 0.000000 0.095907 
0.000000 0.000000 0.000000 0.000000 0.350498 0.000009 0.000000 0.000000 0.418917 0.042143 0.113118 0.000000 0.032275 0.000000 0.043040 
0.000000 0.000000 0.000000 0.000000 0.000000 0.000010 0.352992 0.000000 0.000000 0.000000 0.491465 0.078210 0.034822 0.000000 0.042502 
0.024225 0.000000 0.000000 0.000000 0.000000 0.000010 0.078402 0.000000 0.765349 0.058152 0.061580 0.000000 0.012266 0.000000 0.000015 
0.000000 0.005365 0.000000 0.000000 0.598070 0.000013 0.000000 0.000000 0.065439 0.108819 0.194051 0.000000 0.028208 0.000000 0.000035 
0.000000 0.000000 0.000000 0.000000 0.050800 0.000011 0.000000 0.000000 0.000000 0.869560 0.000052 0.000000 0.023316 0.000000 0.056263 
0.050224 0.000000 0.509221 0.000000 0.000000 0.160979 0.000000 0.000000 0.000000 0.000000 0.175570 0.035526 0.044618 0.000000 0.023862 
0.000000 0.000000 0.000000 0.000000 0.324178 0.081271 0.000000 0.000000 0.035343 0.000000 0.135295 0.077790 0.023133 0.000000 0.322990 
0.000000 0.000000 0.000000 0.000000 0.087831 0.078369 0.000000 0.000000 0.114523 0.264391 0.000064 0.046877 0.000031 0.000000 0.407915 
0.094596 0.000000 0.000000 0.000000 0.014263 0.000009 0.000000 0.000000 0.000000 0.000000 0.612036 0.163457 0.062340 0.000000 0.053299 
0.000000 0.000000 0.000000 0.000000 0.000000 0.150419 0.369916 0.000000 0.000000 0.000000 0.352859 0.066289 0.029275 0.000000 0.031243 
0.000000 0.000000 0.000000 0.000000 0.000000 0.153694 0.031966 0.000000 0.562296 0.000000 0.078785 0.000000 0.173242 0.000000 0.000016 
0.031849 0.000000 0.062994 0.000000 0.553934 0.000009 0.077708 0.000000 0.000000 0.122315 0.100682 0.000000 0.000027 0.000000 0.050482 
0.000000 0.000000 0.000000 0.000000 0.031850 0.063202 0.000000 0.000000 0.000000 0.000000 0.656519 0.088819 0.062386 0.000000 0.097224 
0.000000 0.000000 0.000000 0.000000 0.000000 0.257785 0.000000 0.000000 0.000000 0.571451 0.123945 0.032054 0.014748 0.000000 0.000018 
0.000000 0.000000 0.344313 0.000000 0.031365 0.051392 0.000000 0.000000 0.186053 0.063737 0.000055 0.000000 0.076270 0.000000 0.246814 
0.018450 0.000000 0.138584 0.000000 0.287171 0.000008 0.000000 0.000000 0.378228 0.000000 0.093811 0.000000 0.010698 0.000000 0.073049 
0.158475 0.000000 0.000000 0.000000 0.046331 0.000010 0.000000 0.000000 0.000000 0.000000 0.437011 0.121672 0.161226 0.000000 0.075276 
0.050683 0.000000 0.000000 0.000000 0.576669 0.013743 0.000000 0.000000 0.099186 0.098907 0.122113 0.000000 0.000034 0.000000 0.038665 
0.000000 0.000000 0.074080 0.000000 0.000000 0.065497 0.087385 0.000000 0.435721 0.000000 0.000056 0.028852 0.000034 0.000000 0.308375 
0.000000 0.000000 0.000000 0.000000 0.000000 0.068792 0.023707 0.000000 0.205766 0.000000 0.054465 0.014334 0.632918 0.000000 0.000017 
0.462634 0.000000 0.000000 0.000000 0.000000 0.187711 0.019939 0.000000 0.000000 0.000000 0.078484 0.000000 0.039976 0.000000 0.211255 
0.0592274 0.00298512 0.0712063 0.00914386 0.109139 0.217344 0.0915682 0.00149193 0.0894732 0.11334 0.295035 0.0982434 0.269405 6.00477e-05 0.240623 
