-394700.324676
0
0.024738 0.020706 0.006350 0.017419 0.012164 0.006894 0.002975 0.010725 0.015135 0.007760 0.005581 0.012553 0.010409 0.006182 0.010553 0.011793 0.019897 0.006893 0.015688 0.017931 0.009346 0.002020 0.005169 0.006367 0.026299 0.026225 0.003714 0.023516 0.008893 0.008207 0.003397 0.010554 0.015441 0.010287 0.006255 0.016946 0.007869 0.010037 0.017469 0.014092 0.009927 0.010363 0.011923 0.015761 0.006495 0.004119 0.008355 0.015681 0.021429 0.020027 0.006872 0.017150 0.006013 0.005735 0.002194 0.008629 0.009091 0.008380 0.004327 0.009613 0.005706 0.005048 0.008824 0.006343 0.009599 0.006232 0.007602 0.009081 0.002681 0.000815 0.006974 0.006273 0.023618 0.023916 0.004325 0.025160 0.004918 0.010169 0.001322 0.009699 0.002944 0.010535 0.000098 0.008012 0.011141 0.006836 0.009199 0.012971 0.010399 0.010902 0.006548 0.014127 0.013073 0.003885 0.007139 0.017352 
0.000462 0.000002 0.000000 0.000596 0.000413 0.000148 0.000000 0.000186 0.005704 0.007566 0.001308 0.002810 0.000000 0.000000 0.000454 0.000717 0.000058 0.000721 0.001327 0.001400 0.000000 0.000919 0.000451 0.000629 0.000713 0.000003 0.000000 0.000244 0.000239 0.000000 0.000000 0.000778 0.036874 0.038441 0.005509 0.031117 0.000000 0.000667 0.000000 0.000484 0.000587 0.001201 0.001076 0.002928 0.000000 0.000001 0.000537 0.000907 0.000001 0.000158 0.000188 0.000002 0.000000 0.000000 0.000000 0.000000 0.005115 0.003326 0.000026 0.005905 0.000276 0.000399 0.000559 0.000000 0.000002 0.000040 0.000001 0.002752 0.000478 0.000000 0.000000 0.000397 0.011731 0.005111 0.001112 0.023299 0.021716 0.000000 0.001066 0.040871 0.305864 0.163953 0.069856 0.175295 0.000772 0.000000 0.000000 0.001810 0.000572 0.000567 0.000745 0.002072 0.001433 0.000000 0.000200 0.004147 
0.003356 0.002235 0.000000 0.004527 0.000001 0.000835 0.000000 0.000787 0.021713 0.015668 0.108255 0.012324 0.000593 0.002015 0.000787 0.006572 0.009830 0.006242 0.012131 0.005850 0.000000 0.001923 0.001434 0.004731 0.005382 0.008563 0.003425 0.023810 0.000000 0.000000 0.000000 0.000000 0.014820 0.017089 0.080041 0.017512 0.000000 0.001244 0.000000 0.000268 0.004773 0.003875 0.013144 0.004504 0.000105 0.003721 0.003149 0.008904 0.002595 0.002390 0.000000 0.004235 0.000000 0.001920 0.000000 0.000000 0.037633 0.048536 0.097664 0.033811 0.000042 0.000827 0.000000 0.001523 0.010816 0.007682 0.007379 0.008893 0.000000 0.001557 0.001123 0.002104 0.010269 0.005532 0.000960 0.079461 0.000001 0.000000 0.000000 0.000004 0.004324 0.022042 0.103308 0.011547 0.001992 0.000000 0.000000 0.002346 0.005948 0.005554 0.009124 0.004907 0.001062 0.004059 0.002186 0.018504 
0.268844 0.425063 0.306092 
0.531718 0.049272 0.419010 
0.895988 0.038962 0.065051 
0.810595 0.049304 0.140102 
0.430901 0.000241 0.568858 
0.053158 0.924864 0.021978 
0.207119 0.418425 0.374456 
0.913742 0.020112 0.066145 
0.807179 0.021908 0.170913 
0.603492 0.007145 0.389363 
0.827739 0.052959 0.119302 
0.975078 0.024279 0.000642 
0.202075 0.640038 0.157887 
0.231757 0.279760 0.488483 
0.546026 0.453362 0.000612 
0.551678 0.034097 0.414225 
0.891552 0.048891 0.059557 
0.001196 0.993547 0.005257 
0.094782 0.167038 0.738180 
0.231597 0.602862 0.165541 
0.984556 0.003529 0.011915 
0.791158 0.030207 0.178635 
0.294150 0.007149 0.698701 
0.710178 0.249718 0.040104 
0.753449 0.006981 0.239570 
0.431943 0.112305 0.455752 
0.405655 0.485246 0.109100 
0.243145 0.232399 0.524456 
0.275933 0.645290 0.078776 
0.863164 0.043678 0.093159 
0.621733 0.049476 0.328790 
0.382600 0.494783 0.122617 
0.143255 0.314929 0.541817 
0.759683 0.018796 0.221521 
0.473159 0.038744 0.488096 
0.374174 0.020281 0.605545 
0.687889 0.105754 0.206357 
0.130354 0.866528 0.003118 
0.859584 0.053768 0.086648 
0.186604 0.786165 0.027231 
0.220120 0.000333 0.779547 
0.104286 0.000564 0.895150 
0.231118 0.766935 0.001946 
0.670092 0.049206 0.280701 
0.374017 0.029900 0.596083 
0.079806 0.053051 0.867143 
0.958096 0.038889 0.003015 
0.160280 0.570701 0.269019 
0.960006 0.007632 0.032362 
0.252979 0.552764 0.194257 
0.944096 0.002503 0.053402 
0.554419 0.394442 0.051140 
0.795223 0.001212 0.203565 
0.820368 0.013363 0.166269 
0.394965 0.499490 0.105545 
0.054790 0.820267 0.124943 
0.937312 0.059609 0.003079 
0.884680 0.072239 0.043082 
0.345317 0.094664 0.560019 
0.920011 0.000593 0.079396 
0.427041 0.037320 0.535639 
0.127805 0.032286 0.839908 
0.129953 0.182334 0.687713 
0.715615 0.140296 0.144089 
0.106945 0.045166 0.847889 
0.322338 0.487817 0.189846 
0.130834 0.019319 0.849847 
0.262758 0.672937 0.064305 
0.548159 0.177233 0.274608 
0.696702 0.257569 0.045730 
0.870726 0.006573 0.122701 
0.684436 0.010672 0.304892 
0.167987 0.448197 0.383816 
0.029057 0.059560 0.911383 
0.038112 0.851303 0.110585 
0.282600 0.000241 0.717159 
0.214297 0.383448 0.402255 
0.983172 0.007957 0.008871 
0.143787 0.855014 0.001200 
0.113327 0.354473 0.532201 
0.522555 0.408205 0.069239 
0.072525 0.786245 0.141231 
0.133772 0.088583 0.777646 
0.071657 0.000512 0.927831 
0.471357 0.039614 0.489030 
0.563026 0.046036 0.390938 
0.585221 0.060108 0.354671 
0.866890 0.032423 0.100687 
0.550532 0.421376 0.028092 
0.381415 0.542518 0.076068 
0.119838 0.128247 0.751915 
0.827783 0.044312 0.127905 
0.431594 0.011602 0.556804 
0.409800 0.153895 0.436304 
0.142064 0.325374 0.532562 
0.834764 0.031823 0.133413 
0.141590 0.088246 0.770165 
0.451353 0.528185 0.020461 
0.767504 0.189429 0.043067 
0.946951 0.030155 0.022894 
0.948495 0.445372 0.590445 
