-384570.598525
0
0.000003 0.000001 0.000000 0.008022 0.000000 0.000000 0.000000 0.000000 0.000131 0.001888 0.011772 0.005524 0.000000 0.000000 0.000000 0.002175 0.001548 0.005717 0.002478 0.004269 0.000000 0.005978 0.001987 0.012198 0.002330 0.000000 0.000000 0.014105 0.000000 0.000000 0.000000 0.000000 0.000474 0.001892 0.012693 0.004557 0.000000 0.000001 0.000000 0.000000 0.001606 0.002276 0.000025 0.003998 0.001897 0.000000 0.004509 0.018766 0.001825 0.000005 0.000000 0.005924 0.000000 0.000000 0.000000 0.000000 0.000020 0.018439 0.026764 0.017038 0.000000 0.000000 0.000000 0.000000 0.004934 0.010937 0.006200 0.011060 0.000000 0.002662 0.000000 0.003048 0.032932 0.009314 0.003389 0.319076 0.000000 0.000000 0.000000 0.000000 0.003919 0.021153 0.223495 0.035205 0.000000 0.000000 0.000000 0.001673 0.004488 0.008738 0.006885 0.008051 0.003430 0.008396 0.003178 0.065003 
0.002256 0.000001 0.000000 0.000004 0.006000 0.005095 0.000000 0.000000 0.029384 0.012260 0.016355 0.026084 0.000000 0.000000 0.018617 0.007200 0.082411 0.017003 0.051917 0.036787 0.000000 0.004959 0.000000 0.000000 0.000065 0.000000 0.000000 0.000019 0.000000 0.000000 0.000000 0.000000 0.030560 0.031445 0.014158 0.035133 0.007618 0.000002 0.015853 0.000000 0.028219 0.000002 0.026357 0.027351 0.000000 0.000000 0.000001 0.000000 0.017077 0.009364 0.000702 0.013185 0.000000 0.000000 0.000000 0.000000 0.015688 0.035465 0.021114 0.028705 0.000000 0.000000 0.000000 0.000000 0.030757 0.014598 0.024992 0.031651 0.000000 0.000000 0.000000 0.000000 0.007163 0.002998 0.011194 0.011450 0.000000 0.000000 0.005752 0.000000 0.018185 0.035613 0.004368 0.011571 0.000000 0.000000 0.000000 0.008064 0.033566 0.019994 0.023200 0.030462 0.000000 0.000000 0.000000 0.000004 
0.039474 0.045931 0.000000 0.040682 0.000000 0.000000 0.000000 0.000000 0.018462 0.001739 0.029111 0.028689 0.022089 0.017195 0.024384 0.037551 0.010602 0.008014 0.016050 0.023220 0.000000 0.000000 0.000000 0.000000 0.037423 0.012097 0.000000 0.037036 0.000000 0.000000 0.000000 0.000000 0.001389 0.000990 0.014113 0.016263 0.018302 0.022685 0.000000 0.043791 0.000015 0.015805 0.000042 0.014001 0.000000 0.000000 0.004324 0.000000 0.029809 0.014350 0.000000 0.024684 0.000000 0.000000 0.000000 0.000000 0.000039 0.002436 0.014117 0.000752 0.000000 0.007525 0.000000 0.030323 0.000390 0.004076 0.006976 0.014166 0.000000 0.000000 0.000000 0.006691 0.044940 0.002586 0.000000 0.045304 0.000000 0.000000 0.000000 0.000000 0.004561 0.001561 0.008840 0.018069 0.023450 0.020437 0.000000 0.043373 0.000013 0.000040 0.000033 0.014127 0.000000 0.000000 0.008175 0.006689 
0.000282 0.000087 0.000000 0.000335 0.000000 0.000000 0.000000 0.000000 0.008009 0.005628 0.005808 0.005910 0.000005 0.000017 0.000034 0.002252 0.004563 0.000321 0.005230 0.003358 0.000000 0.000027 0.000007 0.000006 0.002179 0.000012 0.000000 0.000673 0.000000 0.000000 0.000000 0.000000 0.006802 0.003842 0.012626 0.008469 0.000004 0.000115 0.000000 0.000006 0.000417 0.000128 0.001626 0.003517 0.000000 0.000002 0.000033 0.000007 0.000763 0.000420 0.000000 0.001563 0.000000 0.000003 0.000000 0.000000 0.001754 0.007246 0.008538 0.007262 0.000000 0.000005 0.000000 0.000003 0.001995 0.000394 0.001612 0.002761 0.000000 0.000000 0.000000 0.000027 0.002942 0.003979 0.000000 0.009590 0.000000 0.000000 0.819489 0.000000 0.008302 0.008212 0.009214 0.015005 0.000010 0.000003 0.000000 0.001502 0.000511 0.000985 0.000624 0.002670 0.000003 0.000019 0.000026 0.000229 
-nan -nan -nan -nan -nan -nan -nan -nan -nan -nan -nan -nan -nan -nan -nan -nan -nan -nan -nan -nan -nan -nan -nan -nan -nan -nan -nan -nan -nan -nan -nan -nan -nan -nan -nan -nan -nan -nan -nan -nan -nan -nan -nan -nan -nan -nan -nan -nan -nan -nan -nan -nan -nan -nan -nan -nan -nan -nan -nan -nan -nan -nan -nan -nan -nan -nan -nan -nan -nan -nan -nan -nan -nan -nan -nan -nan -nan -nan -nan -nan -nan -nan -nan -nan -nan -nan -nan -nan -nan -nan -nan -nan -nan -nan -nan -nan 
0.001687 0.000443 0.000000 0.001905 0.000001 0.000001 0.000000 0.000001 0.031823 0.027433 0.032559 0.032350 0.000035 0.000157 0.000324 0.014692 0.020518 0.003120 0.030187 0.017720 0.000000 0.000112 0.000061 0.000027 0.011889 0.000058 0.000000 0.005115 0.000000 0.000000 0.000000 0.000000 0.036878 0.027837 0.055473 0.053119 0.000030 0.000795 0.000002 0.000037 0.003393 0.000903 0.007491 0.017661 0.000000 0.000020 0.000262 0.000048 0.004690 0.003134 0.000000 0.010321 0.000000 0.000022 0.000000 0.000000 0.010172 0.042270 0.041123 0.042970 0.000000 0.000021 0.000001 0.000027 0.012239 0.002783 0.009056 0.019225 0.000000 0.000000 0.000000 0.000152 0.024161 0.021727 0.000001 0.057298 0.000002 0.000000 0.000000 0.000000 0.044558 0.054995 0.052956 0.067705 0.000049 0.000020 0.000000 0.007417 0.003369 0.006695 0.007629 0.015159 0.000021 0.000135 0.000142 0.001585 
0.009449 0.007635 0.000000 0.005009 0.000000 0.000000 0.000000 0.000000 0.008539 0.005333 0.008692 0.003077 0.012118 0.002906 0.007025 0.020173 0.023098 0.009329 0.017991 0.023938 0.039179 0.006643 0.004287 0.021685 0.007854 0.003147 0.000000 0.009465 0.000000 0.000000 0.000000 0.000000 0.010496 0.005721 0.005297 0.006110 0.006030 0.002854 0.002592 0.004916 0.019618 0.011207 0.020286 0.031577 0.025840 0.008256 0.013021 0.060173 0.013671 0.008884 0.000000 0.010871 0.000000 0.001667 0.000000 0.000000 0.003520 0.002750 0.009101 0.009635 0.000000 0.001799 0.001610 0.003377 0.007942 0.010591 0.011562 0.013277 0.008026 0.000000 0.004374 0.020985 0.029119 0.006687 0.000000 0.036674 0.000000 0.000000 0.000000 0.000000 0.002286 0.006824 0.000716 0.009398 0.023255 0.002770 0.012326 0.012177 0.015442 0.020168 0.011137 0.033843 0.059385 0.006962 0.008832 0.067787 
0.018909 0.012594 0.000000 0.017121 0.025875 0.013941 0.005707 0.027382 0.021200 0.009947 0.008691 0.018475 0.014854 0.009018 0.008322 0.011255 0.016985 0.008352 0.013074 0.023299 0.003517 0.001131 0.012806 0.007292 0.013122 0.000000 0.000000 0.009204 0.014287 0.013795 0.004037 0.021757 0.010093 0.005575 0.004594 0.012897 0.005768 0.012772 0.009173 0.019772 0.005857 0.019328 0.006829 0.013682 0.003032 0.007870 0.010472 0.012645 0.004296 0.002307 0.000000 0.008010 0.010594 0.007204 0.000000 0.018598 0.013411 0.007393 0.000533 0.007999 0.009841 0.006063 0.010302 0.008074 0.009987 0.007375 0.004396 0.008977 0.003493 0.002382 0.017411 0.004400 0.009012 0.008305 0.000000 0.015149 0.013269 0.017538 0.000000 0.030362 0.012344 0.019533 0.003716 0.014852 0.013049 0.009000 0.011473 0.017090 0.012625 0.014252 0.005944 0.012196 0.004355 0.007215 0.014044 0.015325 
0.000002 0.000000 0.000000 0.000002 0.000000 0.000000 0.000000 0.000000 0.001422 0.024322 0.001733 0.004303 0.000000 0.000000 0.000000 0.003015 0.001537 0.000003 0.000957 0.001864 0.000000 0.000000 0.000550 0.000000 0.000028 0.000000 0.000000 0.000009 0.000000 0.000000 0.000000 0.000000 0.079834 0.103438 0.021182 0.083812 0.000000 0.000001 0.000000 0.000000 0.000005 0.000001 0.001515 0.007219 0.000000 0.000999 0.000000 0.000000 0.000007 0.000003 0.000000 0.000022 0.000000 0.000000 0.000000 0.000000 0.000029 0.019576 0.003543 0.018093 0.000000 0.000000 0.000000 0.000000 0.001404 0.000003 0.000026 0.006408 0.000000 0.000000 0.000000 0.001256 0.000310 0.001431 0.000000 0.001308 0.000000 0.001463 0.000390 0.000000 0.117919 0.290563 0.102465 0.080914 0.000000 0.000000 0.000000 0.005176 0.000004 0.001329 0.001704 0.001568 0.000000 0.001129 0.001725 0.002480 
0.000002 0.001883 0.000000 0.002925 0.000000 0.000000 0.000000 0.000676 0.033607 0.011485 0.114510 0.007937 0.000000 0.000000 0.000000 0.008073 0.007859 0.000004 0.018795 0.000074 0.000000 0.001674 0.000000 0.001945 0.011888 0.031640 0.000000 0.050291 0.000000 0.000000 0.000000 0.000000 0.003640 0.015877 0.116291 0.011456 0.000000 0.000001 0.000000 0.000000 0.011462 0.000001 0.012046 0.000078 0.000000 0.006408 0.000000 0.011608 0.002744 0.005854 0.001805 0.006197 0.000000 0.004195 0.000000 0.000000 0.050022 0.094782 0.156851 0.048060 0.000000 0.000000 0.000000 0.000000 0.013506 0.000004 0.008248 0.000481 0.000000 0.002793 0.000000 0.004643 0.000527 0.002283 0.000000 0.003833 0.000000 0.000000 0.000000 0.000000 0.006780 0.008292 0.051236 0.002625 0.000000 0.000000 0.000000 0.000019 0.005978 0.004389 0.014386 0.000162 0.000000 0.001317 0.000000 0.003852 
0.012656 0.006604 0.000000 0.005650 0.000000 0.001541 0.000000 0.000000 0.030674 0.014058 0.214652 0.010934 0.002162 0.000770 0.002209 0.009692 0.014316 0.004827 0.007730 0.009308 0.001233 0.001644 0.000484 0.001963 0.002921 0.007619 0.000000 0.000008 0.000000 0.000000 0.000000 0.000000 0.022152 0.014145 0.115805 0.017234 0.000000 0.000868 0.000000 0.000000 0.003397 0.001657 0.007376 0.006287 0.000000 0.002639 0.000000 0.000000 0.006884 0.006272 0.000000 0.001258 0.000000 0.002562 0.000000 0.000000 0.025257 0.023800 0.117773 0.015290 0.000000 0.000000 0.000000 0.000000 0.012820 0.003588 0.003765 0.012432 0.000000 0.000000 0.000000 0.000000 0.011823 0.011558 0.002544 0.011708 0.002225 0.000000 0.000000 0.000000 0.023439 0.013093 0.088327 0.015082 0.005273 0.000000 0.000000 0.003043 0.007510 0.003129 0.007599 0.004952 0.000784 0.000000 0.000991 0.000002 
0.040387 0.035988 0.018747 0.024400 0.006578 0.004830 0.002617 0.002456 0.008607 0.005807 0.000235 0.003719 0.002976 0.002769 0.010356 0.001968 0.006305 0.000002 0.007504 0.001577 0.000000 0.000000 0.000000 0.000000 0.053196 0.073934 0.009579 0.045118 0.011535 0.009570 0.005976 0.007957 0.021302 0.015801 0.006929 0.022142 0.008669 0.010115 0.038996 0.009922 0.005539 0.000001 0.008928 0.004903 0.000000 0.000000 0.005101 0.000000 0.042547 0.047765 0.020889 0.028268 0.006424 0.008459 0.007002 0.005130 0.003029 0.007732 0.002814 0.006738 0.006860 0.006303 0.015177 0.001957 0.006335 0.000522 0.004038 0.000637 0.000000 0.000000 0.000000 0.000000 0.036645 0.058648 0.011322 0.044051 0.001242 0.010369 0.003596 0.000000 0.004124 0.007344 0.001089 0.006868 0.002188 0.004534 0.007726 0.003122 0.001845 0.000628 0.002399 0.000589 0.000000 0.000000 0.000000 0.000001 
0.000737 0.000000 0.000000 0.000002 0.000192 0.000000 0.000000 0.000306 0.007963 0.002367 0.004697 0.001984 0.000000 0.000000 0.000000 0.000519 0.000023 0.000726 0.000838 0.001042 0.000000 0.000000 0.000338 0.000000 0.000960 0.000000 0.000000 0.000005 0.000000 0.000000 0.000000 0.000818 0.015473 0.006268 0.006827 0.007260 0.000000 0.000855 0.000000 0.000561 0.000665 0.000832 0.000009 0.000485 0.000000 0.000000 0.000000 0.000392 0.000004 0.000262 0.000164 0.000011 0.000000 0.000000 0.000000 0.000000 0.006845 0.001044 0.000915 0.002998 0.000000 0.000000 0.000475 0.000000 0.000012 0.000002 0.000008 0.000835 0.000000 0.000000 0.000000 0.000000 0.015081 0.006516 0.000000 0.012894 0.035292 0.000000 0.000000 0.066302 0.422145 0.083515 0.050584 0.227185 0.000000 0.000000 0.000000 0.000508 0.000346 0.000006 0.000011 0.000853 0.001201 0.000000 0.000000 0.000841 
0.000005 0.000001 0.006179 0.000005 0.000000 0.000000 0.000000 0.000000 0.015423 0.036856 0.001436 0.041132 0.000000 0.017516 0.000001 0.000146 0.014028 0.029324 0.029665 0.008346 0.000000 0.000000 0.000000 0.000000 0.015197 0.000000 0.037171 0.075044 0.000000 0.000000 0.000000 0.000000 0.023888 0.001202 0.011241 0.011496 0.000000 0.009497 0.000000 0.000000 0.000010 0.025281 0.068780 0.006178 0.000000 0.000000 0.019372 0.000000 0.000016 0.000010 0.000000 0.011643 0.000000 0.000000 0.000000 0.000000 0.150833 0.043293 0.057707 0.074921 0.000000 0.008549 0.000000 0.013424 0.008217 0.028816 0.018559 0.007384 0.000000 0.000000 0.003095 0.000000 0.000400 0.005879 0.000000 0.004627 0.000000 0.000000 0.000000 0.000000 0.002929 0.002925 0.010377 0.016372 0.000000 0.002131 0.000000 0.000048 0.000011 0.006324 0.001969 0.007454 0.000000 0.007662 0.000000 0.000004 
0.307899 0.000000 0.000000 0.000000 0.000000 0.000000 0.044291 0.038458 0.460228 0.000000 0.000000 0.149123 0.000000 0.000002 
0.010628 0.000000 0.000000 0.000000 0.000000 0.000000 0.000003 0.499109 0.021006 0.056401 0.351921 0.060930 0.000000 0.000002 
0.072601 0.000000 0.000000 0.000000 0.000000 0.000000 0.119090 0.663102 0.000001 0.000000 0.000000 0.142400 0.000000 0.002806 
0.000000 0.000000 0.000000 0.000000 0.000000 0.000000 0.732588 0.124064 0.000000 0.000000 0.097100 0.000186 0.046059 0.000002 
0.050141 0.000000 0.202821 0.000000 0.000000 0.000000 0.037997 0.132285 0.000000 0.346609 0.038054 0.043483 0.000000 0.148609 
0.122375 0.000000 0.000000 0.000000 0.000000 0.000000 0.008620 0.027064 0.000001 0.000000 0.000000 0.018526 0.823413 0.000001 
0.000000 0.000000 0.000000 0.000000 0.000000 0.000000 0.000003 0.064522 0.538241 0.212602 0.000000 0.147982 0.000000 0.036650 
0.000000 0.000000 0.000000 0.000000 0.000000 0.000000 0.263185 0.564517 0.000001 0.000000 0.030803 0.089388 0.000000 0.052108 
0.000000 0.000000 0.000000 0.000000 0.000000 0.000000 0.000003 0.720099 0.000000 0.094133 0.074335 0.111428 0.000000 0.000002 
0.000000 0.025681 0.000000 0.000000 0.000000 0.000000 0.475892 0.145799 0.000000 0.188106 0.094350 0.012745 0.000000 0.057426 
0.000000 0.000000 0.000000 0.000000 0.000000 0.000000 0.000003 0.694017 0.011434 0.123713 0.000000 0.156507 0.014324 0.000002 
0.000000 0.000000 0.000000 0.000000 0.000000 0.000000 0.123895 0.153084 0.000000 0.000000 0.000000 0.656781 0.016832 0.049407 
0.057330 0.000000 0.000000 0.001959 0.000000 0.000000 0.107931 0.074263 0.000000 0.000000 0.067038 0.022116 0.590489 0.078873 
0.000000 0.000000 0.000000 0.000000 0.000000 0.000000 0.194731 0.063955 0.407044 0.283110 0.000000 0.021914 0.000000 0.029246 
0.000000 0.000000 0.036963 0.000000 0.000000 0.000000 0.000003 0.073099 0.000000 0.000000 0.000000 0.457389 0.432543 0.000002 
0.000000 0.200550 0.000000 0.000000 0.000000 0.000000 0.047304 0.276554 0.017707 0.083645 0.149577 0.076867 0.000000 0.147797 
0.000000 0.036855 0.000000 0.000000 0.000000 0.000000 0.204045 0.145500 0.051747 0.054943 0.000000 0.499581 0.007326 0.000002 
0.000000 0.000000 0.000000 0.000000 0.000000 0.000000 0.000003 0.001042 0.000001 0.000000 0.000000 0.000107 0.998846 0.000001 
0.021278 0.000000 0.000000 0.000000 0.000000 0.000000 0.028614 0.018885 0.000000 0.191584 0.412999 0.025038 0.148637 0.152965 
0.000000 0.000000 0.000000 0.000000 0.000000 0.000000 0.000003 0.013864 0.000001 0.124543 0.000000 0.191928 0.588891 0.080770 
0.000000 0.000000 0.082626 0.000000 0.000000 0.000000 0.000003 0.066726 0.000001 0.000000 0.000000 0.850641 0.000000 0.000002 
0.000000 0.328129 0.000000 0.000000 0.000000 0.000000 0.070752 0.372719 0.000000 0.000000 0.064191 0.092921 0.000000 0.071287 
0.202507 0.055809 0.000000 0.000000 0.000000 0.000000 0.000003 0.167618 0.000000 0.248641 0.165553 0.077169 0.000000 0.082701 
0.000000 0.000000 0.340814 0.000000 0.000000 0.000000 0.047718 0.237639 0.000001 0.000000 0.013827 0.132384 0.227616 0.000002 
0.000000 0.000000 0.000000 0.000000 0.000000 0.000000 0.000003 0.118619 0.011442 0.238895 0.000000 0.627618 0.000000 0.003422 
0.000000 0.155885 0.000000 0.000000 0.000000 0.000000 0.029429 0.228933 0.125964 0.000000 0.316705 0.081731 0.000000 0.061354 
0.093523 0.206666 0.000000 0.000000 0.000000 0.000000 0.038414 0.184914 0.045924 0.000000 0.000000 0.051452 0.363608 0.015498 
0.535851 0.000000 0.000000 0.000000 0.000000 0.000000 0.155246 0.085153 0.016951 0.000000 0.030461 0.030366 0.145971 0.000002 
0.085404 0.000000 0.000000 0.000000 0.000000 0.000000 0.270828 0.028813 0.000000 0.000000 0.029106 0.000162 0.585685 0.000002 
0.027240 0.192631 0.000000 0.000000 0.000000 0.000000 0.063832 0.507433 0.019197 0.000000 0.000000 0.078888 0.000000 0.110778 
0.195353 0.191692 0.000000 0.000000 0.000000 0.000000 0.046214 0.345900 0.012592 0.000000 0.078234 0.109049 0.000000 0.020967 
0.164215 0.000000 0.032888 0.000000 0.000000 0.000000 0.297978 0.004587 0.078919 0.000000 0.000000 0.058560 0.362850 0.000002 
0.000000 0.000000 0.013949 0.001178 0.000000 0.000000 0.069461 0.065999 0.000000 0.000000 0.518685 0.000212 0.274404 0.056113 
0.000000 0.000000 0.059097 0.000000 0.000000 0.000000 0.000003 0.127985 0.000001 0.218439 0.000000 0.558857 0.013168 0.022450 
0.043043 0.000000 0.000000 0.000000 0.000000 0.000000 0.034049 0.402983 0.007269 0.063220 0.389620 0.059814 0.000000 0.000002 
0.511846 0.008052 0.000000 0.000000 0.000000 0.000000 0.318355 0.060973 0.000000 0.000000 0.054754 0.032479 0.000000 0.013541 
0.000000 0.000000 0.000000 0.003657 0.000000 0.000000 0.039277 0.539670 0.000000 0.000000 0.218344 0.131222 0.067827 0.000002 
0.060379 0.000000 0.000000 0.000000 0.000000 0.000000 0.000003 0.022626 0.000000 0.000000 0.000000 0.109158 0.807831 0.000002 
0.060130 0.000000 0.289543 0.000000 0.000000 0.000000 0.014405 0.211528 0.054576 0.000000 0.003476 0.366340 0.000000 0.000002 
0.000000 0.090781 0.000000 0.000000 0.000000 0.000000 0.000003 0.100581 0.000000 0.000000 0.000000 0.044760 0.748920 0.014954 
0.010943 0.047588 0.000000 0.000000 0.000000 0.000000 0.010032 0.127104 0.000001 0.478391 0.095447 0.028300 0.000000 0.202194 
0.191376 0.000000 0.000000 0.000000 0.000000 0.000000 0.000003 0.085530 0.000000 0.592445 0.000000 0.000181 0.000000 0.130464 
0.000000 0.000000 0.000000 0.000000 0.000000 0.000000 0.000003 0.213441 0.000001 0.000000 0.000000 0.056779 0.729774 0.000002 
0.000000 0.000000 0.000000 0.000000 0.000000 0.000000 0.561934 0.118010 0.110918 0.147163 0.000000 0.013363 0.000000 0.048611 
0.000000 0.000000 0.183547 0.000000 0.000000 0.000000 0.018206 0.150496 0.000001 0.000000 0.584270 0.048666 0.000000 0.014814 
0.910559 0.000000 0.000000 0.000000 0.000000 0.000000 0.000003 0.008533 0.000000 0.000000 0.000000 0.066066 0.014837 0.000002 
0.000000 0.000000 0.000000 0.000000 0.000000 0.000000 0.000003 0.696396 0.000001 0.000000 0.000000 0.267860 0.000000 0.035740 
0.237940 0.000000 0.000000 0.000000 0.000000 0.000000 0.097433 0.020690 0.244513 0.036567 0.000000 0.046117 0.293273 0.023467 
0.000000 0.000000 0.097253 0.000000 0.000000 0.000000 0.679311 0.206842 0.005556 0.000000 0.000000 0.011036 0.000000 0.000002 
0.000000 0.029690 0.120437 0.000000 0.000000 0.000000 0.000002 0.055502 0.625688 0.059484 0.000000 0.067308 0.021381 0.020509 
0.000000 0.031304 0.000000 0.000000 0.000000 0.000000 0.000003 0.156949 0.000000 0.062401 0.000000 0.749340 0.000000 0.000002 
0.000000 0.083195 0.061333 0.000000 0.000000 0.000000 0.054871 0.255676 0.431632 0.000000 0.000000 0.113291 0.000000 0.000002 
0.000000 0.000000 0.000000 0.000000 0.000000 0.000000 0.673026 0.160786 0.005084 0.119394 0.000000 0.000118 0.000000 0.041592 
0.000000 0.000000 0.000000 0.000000 0.000000 0.000000 0.146441 0.127268 0.000001 0.000000 0.152274 0.559790 0.000000 0.014227 
0.000000 0.122615 0.000000 0.000000 0.000000 0.000000 0.033039 0.216931 0.000000 0.000000 0.034272 0.056360 0.459524 0.077258 
0.192927 0.000000 0.000000 0.000941 0.000000 0.000000 0.000003 0.044203 0.000000 0.000000 0.000000 0.006669 0.720344 0.034911 
0.000000 0.000000 0.039346 0.000000 0.000000 0.000000 0.252542 0.092513 0.000000 0.000000 0.000000 0.541819 0.055438 0.018340 
0.000000 0.000000 0.000000 0.000000 0.000000 0.000000 0.000002 0.082118 0.098207 0.000000 0.034677 0.784993 0.000000 0.000002 
0.000000 0.030613 0.000000 0.000000 0.000000 0.000000 0.021182 0.100044 0.157743 0.241151 0.216962 0.191341 0.000000 0.040963 
0.016047 0.000000 0.000000 0.000000 0.000000 0.000000 0.636128 0.152794 0.000000 0.041868 0.000000 0.153160 0.000000 0.000002 
0.011852 0.000000 0.165002 0.000000 0.000000 0.000000 0.021667 0.196317 0.000000 0.000000 0.523969 0.081190 0.000000 0.000002 
0.617789 0.063967 0.000000 0.000000 0.000000 0.000000 0.027140 0.055477 0.027753 0.161386 0.000000 0.029349 0.000000 0.017138 
0.000000 0.000000 0.000000 0.001958 0.000000 0.000000 0.000003 0.103313 0.206446 0.457943 0.015141 0.000214 0.050258 0.164726 
0.000000 0.169863 0.000000 0.000000 0.000000 0.000000 0.038613 0.259903 0.000000 0.000000 0.089461 0.291005 0.104533 0.046621 
0.014649 0.000000 0.000000 0.000000 0.000000 0.000000 0.000003 0.057899 0.037817 0.072884 0.776312 0.040434 0.000000 0.000002 
0.038955 0.117830 0.000000 0.000000 0.000000 0.000000 0.026810 0.195352 0.536260 0.000000 0.024203 0.033114 0.000000 0.027477 
0.000000 0.000000 0.000000 0.000000 0.000000 0.000000 0.013405 0.106521 0.020906 0.575358 0.095951 0.000230 0.000000 0.187629 
0.000000 0.000000 0.040619 0.000000 0.000000 0.000000 0.000003 0.171876 0.039703 0.043228 0.000000 0.068029 0.609718 0.026824 
0.000000 0.068302 0.129887 0.000000 0.000000 0.000000 0.039322 0.243529 0.240367 0.107843 0.000000 0.067758 0.000000 0.102991 
0.000000 0.000000 0.000000 0.000000 0.000000 0.000000 0.636673 0.097224 0.000001 0.000000 0.019255 0.000164 0.246681 0.000002 
0.000000 0.083121 0.315091 0.000000 0.000000 0.000000 0.000003 0.231646 0.001909 0.078881 0.000000 0.289346 0.000000 0.000002 
0.080920 0.000000 0.000000 0.000000 0.000000 0.000000 0.078565 0.406700 0.000000 0.202960 0.000000 0.192340 0.000000 0.038514 
0.022523 0.000000 0.000000 0.000000 0.000000 0.000000 0.124438 0.065359 0.566289 0.181024 0.000000 0.000221 0.000000 0.040145 
0.816880 0.000000 0.000000 0.000000 0.000000 0.000000 0.000003 0.011051 0.046930 0.000000 0.074678 0.013096 0.000000 0.037362 
0.027448 0.042125 0.000000 0.000000 0.000000 0.000000 0.000003 0.023552 0.528038 0.000000 0.000000 0.019663 0.359167 0.000002 
0.000000 0.000000 0.000000 0.000000 0.000000 0.000000 0.015567 0.090588 0.000000 0.444355 0.112959 0.142230 0.000000 0.194300 
0.236245 0.069402 0.000000 0.000000 0.000000 0.000000 0.060599 0.100697 0.438215 0.000000 0.045378 0.025400 0.000000 0.024064 
0.000000 0.000000 0.000000 0.000000 0.000000 0.000000 0.000003 0.159557 0.000001 0.000000 0.000000 0.813661 0.000000 0.026778 
0.000000 0.000000 0.000000 0.000000 0.000000 0.000000 0.052971 0.009970 0.000000 0.000000 0.000000 0.102423 0.834634 0.000002 
0.000000 0.000000 0.000000 0.000000 0.000000 0.000000 0.032299 0.068223 0.442554 0.050174 0.377448 0.029300 0.000000 0.000002 
0.000000 0.228449 0.000000 0.000000 0.000000 0.000000 0.031185 0.299688 0.000000 0.000000 0.000000 0.046144 0.358799 0.035734 
0.000000 0.000000 0.000000 0.000000 0.000000 0.000000 0.011517 0.050563 0.791882 0.026836 0.000000 0.011343 0.067627 0.040233 
0.029421 0.026538 0.000000 0.000000 0.000000 0.000000 0.000003 0.104888 0.086506 0.019365 0.702657 0.006914 0.000000 0.023708 
0.000000 0.000000 0.000000 0.000000 0.000000 0.000000 0.016782 0.000719 0.000001 0.759535 0.000000 0.039918 0.000000 0.183045 
0.513552 0.000000 0.044360 0.000000 0.000000 0.000000 0.024670 0.310913 0.000001 0.000000 0.000000 0.072963 0.000000 0.033542 
0.000000 0.000000 0.000000 0.000000 0.000000 0.000000 0.000003 0.188563 0.049377 0.000000 0.348370 0.367630 0.000000 0.046056 
0.000000 0.000000 0.000000 0.000000 0.000000 0.000000 0.000003 0.091690 0.116994 0.173192 0.092350 0.448295 0.000000 0.077476 
0.000000 0.397720 0.081323 0.000000 0.000000 0.000000 0.047249 0.366012 0.000001 0.000000 0.018089 0.089604 0.000000 0.000002 
0.000000 0.147812 0.000000 0.000000 0.000000 0.000000 0.000003 0.390092 0.000000 0.010250 0.000000 0.081557 0.370283 0.000002 
0.000000 0.000000 0.000000 0.000000 0.000000 0.000000 0.145276 0.196798 0.559843 0.000000 0.000000 0.043644 0.038718 0.015721 
0.075059 0.000000 0.000000 0.000000 0.000000 0.000000 0.000003 0.049825 0.000001 0.030326 0.658937 0.049898 0.082820 0.053131 
0.000000 0.302826 0.000000 0.000000 0.000000 0.000000 0.050023 0.433509 0.016834 0.000000 0.032216 0.109553 0.000000 0.055039 
0.000000 0.000000 0.000000 0.000000 0.000000 0.000000 0.000003 0.356790 0.000000 0.486304 0.000000 0.061684 0.000000 0.095218 
0.348469 0.000000 0.000000 0.000000 0.000000 0.000000 0.059289 0.065685 0.182623 0.000000 0.064732 0.258769 0.000000 0.020432 
0.142800 0.029147 0.028322 0.000000 0.000000 0.000000 0.000003 0.029549 0.397714 0.000000 0.304372 0.068091 0.000000 0.000002 
0.000000 0.217025 0.141279 0.000000 0.000000 0.000000 0.152783 0.303435 0.012124 0.000000 0.050604 0.098133 0.000000 0.024617 
0.006591 0.000000 0.052672 0.000000 0.000000 0.000000 0.000003 0.078425 0.122613 0.103690 0.616107 0.019898 0.000000 0.000002 
0.052749 0.000000 0.000000 0.000000 0.000000 0.000000 0.000003 0.067130 0.435315 0.000000 0.000000 0.351348 0.093453 0.000002 
0.000000 0.000000 0.000000 0.000000 0.000000 0.000000 0.630817 0.119441 0.209903 0.000000 0.000000 0.016614 0.023223 0.000002 
0.000000 0.000000 0.463975 0.000000 0.000000 0.000000 0.000003 0.289653 0.000000 0.000000 0.000000 0.230720 0.015647 0.000002 
0.113513 0.0642955 0.0514932 0.0139904 0.000755624 0.0144975 0.178634 0.500591 0.137713 0.100828 0.127123 0.378271 0.101542 0.16637 
