-384912.996037
0
0.002208 0.000000 0.000453 0.006603 0.000002 0.000001 0.000000 0.000000 0.000044 0.001957 0.013195 0.003568 0.000000 0.000000 0.000000 0.002210 0.000385 0.005881 0.002258 0.004704 0.000000 0.005334 0.001941 0.012760 0.003493 0.000001 0.001334 0.015668 0.000402 0.000000 0.000000 0.000000 0.000531 0.001957 0.012826 0.004932 0.000000 0.000000 0.000000 0.000000 0.001525 0.002244 0.000042 0.004017 0.000000 0.000000 0.004292 0.016508 0.002472 0.000000 0.000000 0.004634 0.000790 0.000000 0.000000 0.000000 0.000003 0.015215 0.027097 0.016919 0.000000 0.000000 0.000000 0.000000 0.004947 0.011704 0.005750 0.010574 0.000000 0.000000 0.000000 0.003094 0.032887 0.011176 0.002147 0.321072 0.000000 0.000000 0.000000 0.000000 0.003931 0.020569 0.233312 0.036404 0.000000 0.000000 0.000000 0.001446 0.004493 0.008664 0.007125 0.004241 0.002507 0.007013 0.003442 0.063092 
0.000000 0.000000 0.000000 0.000000 0.020983 0.006695 0.005540 0.014722 0.019647 0.010703 0.008680 0.026469 0.007564 0.004882 0.002289 0.000000 0.064362 0.019438 0.039916 0.035030 0.000000 0.003962 0.000000 0.000000 0.000000 0.000000 0.006413 0.004343 0.008647 0.008119 0.000000 0.006021 0.026553 0.025082 0.009701 0.025674 0.003944 0.000000 0.012830 0.000000 0.020636 0.011641 0.029728 0.022599 0.000000 0.006812 0.009014 0.000000 0.000000 0.003978 0.000000 0.009019 0.010405 0.005947 0.000000 0.000000 0.038565 0.032158 0.016286 0.029028 0.005959 0.000000 0.000000 0.000000 0.024631 0.017168 0.019875 0.024440 0.002082 0.000000 0.008986 0.000000 0.000001 0.006564 0.008809 0.003462 0.000000 0.012176 0.000000 0.012032 0.015992 0.044429 0.002370 0.014813 0.003746 0.000000 0.009521 0.000000 0.029586 0.013627 0.019309 0.018781 0.000000 0.004982 0.002631 0.000000 
0.000000 0.000000 0.006323 0.000000 0.000002 0.000001 0.000000 0.000000 0.014880 0.012646 0.101701 0.014721 0.000000 0.011645 0.000000 0.000000 0.018082 0.004365 0.017213 0.001821 0.000000 0.000000 0.000000 0.007890 0.019205 0.039714 0.000000 0.038906 0.000000 0.000000 0.000000 0.000000 0.027196 0.003149 0.070487 0.018331 0.000000 0.009294 0.000000 0.000000 0.000003 0.019414 0.034719 0.008257 0.000000 0.000000 0.006948 0.000000 0.000000 0.017212 0.000000 0.021379 0.000000 0.000000 0.000000 0.002929 0.099862 0.052845 0.131943 0.039206 0.000000 0.000000 0.000000 0.000000 0.006681 0.011526 0.004503 0.000006 0.000000 0.000000 0.000000 0.000000 0.000002 0.000696 0.004283 0.004290 0.000000 0.000000 0.000000 0.000001 0.001513 0.004819 0.032823 0.017792 0.000000 0.000000 0.000000 0.003982 0.014915 0.000002 0.011856 0.000017 0.000000 0.007999 0.000000 0.000001 
0.015585 0.000000 0.019324 0.000002 0.000009 0.032214 0.000000 0.000000 0.065108 0.068681 0.000134 0.009047 0.000000 0.000000 0.053427 0.000000 0.000037 0.000015 0.000508 0.000060 0.000000 0.000000 0.037043 0.000000 0.000002 0.000003 0.000000 0.000005 0.000001 0.000000 0.032060 0.018369 0.052226 0.010407 0.003070 0.029993 0.000000 0.000000 0.012646 0.000000 0.000013 0.000002 0.001479 0.000010 0.000000 0.000000 0.000015 0.000002 0.050353 0.000002 0.000000 0.000002 0.000000 0.000001 0.000000 0.037493 0.000025 0.009761 0.000702 0.052326 0.017236 0.000000 0.009348 0.000000 0.029816 0.000005 0.000021 0.000025 0.000000 0.000000 0.000001 0.000000 0.000007 0.001513 0.000000 0.031738 0.000000 0.000001 0.000000 0.000003 0.046350 0.011825 0.017308 0.005123 0.000000 0.000000 0.000000 0.020371 0.000044 0.059337 0.000025 0.043889 0.000000 0.022316 0.000001 0.071535 
0.001816 0.000000 0.000000 0.000000 0.001112 0.001526 0.000000 0.000000 0.007614 0.006746 0.012108 0.000057 0.010087 0.000000 0.003027 0.017856 0.023641 0.009304 0.017461 0.023517 0.043379 0.007115 0.006024 0.028380 0.000000 0.000000 0.000000 0.003909 0.000000 0.001790 0.000000 0.000000 0.012193 0.005148 0.006947 0.003196 0.001769 0.000000 0.000000 0.000000 0.021575 0.011130 0.022083 0.033330 0.030384 0.009257 0.014284 0.070113 0.009544 0.006556 0.000000 0.007538 0.000000 0.003064 0.000000 0.003304 0.007405 0.003607 0.012119 0.012122 0.000000 0.000000 0.000000 0.000000 0.008642 0.011901 0.011360 0.012155 0.009468 0.000000 0.005338 0.022680 0.024637 0.004581 0.000000 0.030840 0.000872 0.001062 0.000000 0.004872 0.002901 0.008736 0.001965 0.009465 0.022111 0.000000 0.014365 0.007755 0.017502 0.023867 0.013293 0.035669 0.063322 0.009416 0.009317 0.078772 
-nan -nan -nan -nan -nan -nan -nan -nan -nan -nan -nan -nan -nan -nan -nan -nan -nan -nan -nan -nan -nan -nan -nan -nan -nan -nan -nan -nan -nan -nan -nan -nan -nan -nan -nan -nan -nan -nan -nan -nan -nan -nan -nan -nan -nan -nan -nan -nan -nan -nan -nan -nan -nan -nan -nan -nan -nan -nan -nan -nan -nan -nan -nan -nan -nan -nan -nan -nan -nan -nan -nan -nan -nan -nan -nan -nan -nan -nan -nan -nan -nan -nan -nan -nan -nan -nan -nan -nan -nan -nan -nan -nan -nan -nan -nan -nan 
0.041690 0.034846 0.001811 0.033622 0.009419 0.005367 0.000000 0.013956 0.021767 0.004869 0.009914 0.023105 0.020066 0.016080 0.020603 0.023903 0.013362 0.006801 0.014545 0.022317 0.000000 0.000000 0.005876 0.000000 0.036482 0.014186 0.000585 0.032091 0.007534 0.005474 0.000000 0.010701 0.004265 0.003782 0.004827 0.019160 0.013209 0.020833 0.014699 0.036501 0.003146 0.016608 0.002502 0.014255 0.000000 0.000000 0.006735 0.000000 0.023025 0.016000 0.000000 0.019508 0.002776 0.001067 0.001755 0.006059 0.000002 0.002383 0.002489 0.001041 0.008604 0.009658 0.014315 0.018617 0.005442 0.005149 0.005506 0.010223 0.000000 0.000000 0.008586 0.004454 0.028809 0.015332 0.000000 0.031457 0.007225 0.003791 0.000000 0.008002 0.006244 0.002014 0.002109 0.014059 0.017610 0.017590 0.005327 0.031924 0.004603 0.006149 0.000002 0.008700 0.000000 0.000000 0.010899 0.000000 
0.000821 0.000000 0.000000 0.000000 0.000188 0.000569 0.000000 0.000448 0.008094 0.002454 0.003737 0.001960 0.000000 0.000000 0.000000 0.000000 0.000002 0.000858 0.000908 0.001090 0.000000 0.000000 0.000509 0.000000 0.001045 0.000000 0.000000 0.000000 0.000748 0.000000 0.000000 0.001227 0.015082 0.004662 0.005815 0.006306 0.000000 0.000849 0.000000 0.000000 0.000680 0.001316 0.000138 0.000001 0.000000 0.000000 0.000002 0.000391 0.000000 0.000279 0.000292 0.000000 0.000000 0.000000 0.000000 0.000000 0.007448 0.000473 0.000527 0.003258 0.000255 0.000912 0.000711 0.000000 0.000012 0.000000 0.000001 0.000603 0.000678 0.000000 0.000000 0.000000 0.015255 0.007427 0.001955 0.014701 0.035535 0.000000 0.000000 0.066525 0.421822 0.080321 0.050938 0.226870 0.000000 0.000000 0.000000 0.000000 0.000338 0.000001 0.000002 0.000805 0.001079 0.000000 0.000000 0.001073 
0.000000 0.000000 0.000000 0.000000 0.001010 0.000000 0.000000 0.000000 0.000065 0.022743 0.000012 0.003292 0.000000 0.000000 0.000000 0.002734 0.003056 0.000002 0.001884 0.001992 0.000000 0.000000 0.000000 0.000000 0.000000 0.002256 0.000000 0.000001 0.000000 0.000000 0.000000 0.000000 0.081065 0.106480 0.018893 0.085650 0.000000 0.000000 0.000000 0.000000 0.000002 0.000000 0.001804 0.007926 0.000000 0.000000 0.000002 0.000000 0.000000 0.000000 0.000000 0.000000 0.000000 0.000000 0.000000 0.000000 0.000003 0.018841 0.000648 0.016803 0.000000 0.000000 0.000000 0.000000 0.001001 0.000001 0.000003 0.006670 0.000000 0.000000 0.000000 0.001107 0.000001 0.001410 0.000000 0.000304 0.000000 0.002350 0.000000 0.000000 0.118561 0.297322 0.102062 0.082627 0.000000 0.000000 0.000000 0.004463 0.001210 0.000001 0.002008 0.000008 0.000000 0.000000 0.001728 0.000000 
0.000019 0.000000 0.000000 0.000019 0.000108 0.000041 0.000000 0.000003 0.002534 0.004639 0.001053 0.002517 0.000000 0.000000 0.000002 0.000004 0.000385 0.000147 0.002360 0.000531 0.000000 0.000002 0.000008 0.000000 0.000025 0.000032 0.000000 0.000055 0.000010 0.000000 0.000000 0.000002 0.005527 0.003840 0.007079 0.005324 0.000000 0.000000 0.000003 0.000000 0.000164 0.000021 0.001990 0.000131 0.000000 0.000002 0.000211 0.000019 0.000026 0.000021 0.000000 0.000025 0.000000 0.000013 0.000000 0.000003 0.000286 0.005402 0.002523 0.005380 0.000001 0.000000 0.000000 0.000000 0.001431 0.000071 0.000196 0.000238 0.000000 0.000000 0.000011 0.000000 0.000064 0.002797 0.000002 0.006205 0.000003 0.000016 0.906282 0.000036 0.005986 0.008314 0.006211 0.008301 0.000000 0.000000 0.000003 0.000014 0.000406 0.000106 0.000265 0.000485 0.000000 0.000032 0.000011 0.000028 
0.037090 0.033445 0.019812 0.021251 0.008398 0.005908 0.004006 0.003891 0.007219 0.006255 0.000013 0.001530 0.000000 0.000000 0.006880 0.000000 0.005581 0.000001 0.006720 0.000006 0.000000 0.000000 0.000000 0.000000 0.052709 0.076200 0.009869 0.043839 0.012677 0.011412 0.007666 0.009552 0.023453 0.017110 0.007768 0.021491 0.007200 0.008915 0.040229 0.005666 0.005614 0.000000 0.009297 0.003765 0.000000 0.000000 0.005005 0.000000 0.042072 0.049692 0.027188 0.028266 0.008241 0.010370 0.006690 0.006979 0.006237 0.009006 0.003952 0.008317 0.006186 0.005312 0.014073 0.000000 0.006496 0.000001 0.003450 0.000002 0.000000 0.000000 0.000000 0.000000 0.034871 0.060934 0.011691 0.040391 0.001988 0.013476 0.004122 0.002703 0.004743 0.009536 0.001614 0.006520 0.000000 0.002413 0.008673 0.000000 0.002961 0.000001 0.003387 0.000005 0.000000 0.000000 0.000000 0.000000 
0.000001 0.022300 0.000000 0.035254 0.020043 0.000004 0.000000 0.000000 0.000367 0.001987 0.000132 0.044799 0.000000 0.000000 0.000000 0.000000 0.000032 0.000016 0.001520 0.000054 0.000000 0.009287 0.000001 0.000000 0.000002 0.028981 0.000000 0.000004 0.000001 0.000000 0.000000 0.000000 0.002275 0.006202 0.023872 0.001032 0.023756 0.000000 0.008394 0.000000 0.000012 0.000001 0.030699 0.000009 0.007559 0.031957 0.010507 0.041038 0.000002 0.000002 0.000000 0.035241 0.000000 0.000001 0.000000 0.000000 0.000025 0.055211 0.004393 0.005261 0.000000 0.000000 0.000000 0.000000 0.000283 0.000005 0.012684 0.014668 0.000000 0.029546 0.009595 0.000000 0.040880 0.008896 0.000000 0.195014 0.000000 0.000001 0.000000 0.000003 0.002630 0.018784 0.005734 0.006943 0.013196 0.000000 0.000000 0.000001 0.000051 0.000008 0.000020 0.072168 0.020362 0.024902 0.000001 0.071393 
0.000334 0.000000 0.000002 0.000381 0.001829 0.000780 0.000000 0.000051 0.025823 0.041878 0.013389 0.027985 0.000000 0.000000 0.000043 0.000078 0.005468 0.002907 0.025140 0.008230 0.000000 0.000025 0.000172 0.000005 0.000491 0.000673 0.000003 0.001015 0.000175 0.000005 0.000000 0.000061 0.055336 0.042309 0.070093 0.053800 0.000003 0.000004 0.000058 0.000000 0.002571 0.000373 0.019401 0.002061 0.000000 0.000051 0.003089 0.000363 0.000473 0.000364 0.000000 0.000551 0.000004 0.000245 0.000000 0.000050 0.004409 0.060721 0.029176 0.062344 0.000021 0.000003 0.000003 0.000000 0.017953 0.001200 0.003481 0.004128 0.000000 0.000000 0.000187 0.000003 0.001298 0.029939 0.000032 0.062369 0.000054 0.000271 0.000000 0.000623 0.059598 0.086544 0.070969 0.073465 0.000006 0.000000 0.000054 0.000235 0.007278 0.001822 0.004091 0.008005 0.000000 0.000732 0.000232 0.000610 
0.000000 0.000000 0.000000 0.006934 0.044562 0.023968 0.016348 0.041831 0.016342 0.015634 0.002939 0.009465 0.000000 0.000000 0.000000 0.000000 0.000013 0.003645 0.004212 0.010678 0.000000 0.000000 0.021319 0.012592 0.007597 0.018143 0.000000 0.000002 0.024730 0.030074 0.012814 0.047659 0.013003 0.004861 0.006338 0.005209 0.000000 0.008064 0.008008 0.000000 0.001266 0.015857 0.003346 0.000004 0.000000 0.015723 0.009869 0.016673 0.000001 0.000001 0.000000 0.000001 0.022311 0.016239 0.000000 0.043877 0.029600 0.013242 0.000163 0.014252 0.000000 0.004633 0.004199 0.000000 0.008294 0.002469 0.000006 0.000008 0.006519 0.011365 0.023608 0.000000 0.000002 0.012721 0.000000 0.005245 0.026733 0.041824 0.000000 0.064980 0.016662 0.029850 0.005983 0.014447 0.000000 0.000000 0.010311 0.000000 0.011651 0.016685 0.008935 0.006945 0.000000 0.011638 0.017404 0.017473 
0.012439 0.007317 0.000000 0.005622 0.000553 0.002318 0.000770 0.002063 0.030316 0.013557 0.213544 0.011145 0.002599 0.000000 0.000975 0.010436 0.013749 0.005849 0.007617 0.010667 0.001287 0.001907 0.001182 0.001576 0.000000 0.000000 0.000000 0.000001 0.001029 0.000000 0.000000 0.000000 0.020621 0.015752 0.114358 0.016187 0.000000 0.000000 0.000000 0.000857 0.004384 0.000000 0.004767 0.005695 0.000000 0.003957 0.000002 0.003151 0.005902 0.003901 0.000000 0.000000 0.000000 0.004108 0.000000 0.000000 0.017697 0.021804 0.108576 0.013639 0.000434 0.000000 0.000000 0.001385 0.012987 0.002969 0.004026 0.013835 0.000000 0.000000 0.000931 0.000000 0.012920 0.012769 0.001627 0.015691 0.003786 0.002143 0.000000 0.003949 0.026017 0.018303 0.093121 0.015724 0.005621 0.000000 0.001239 0.002222 0.006685 0.003293 0.007589 0.004861 0.000000 0.000000 0.001998 0.000000 
0.000000 0.000000 0.000000 0.001837 0.000001 0.000000 0.000000 0.000000 0.035785 0.019875 0.093545 0.014277 0.000000 0.000000 0.000000 0.007250 0.008350 0.007785 0.022233 0.002150 0.000000 0.001806 0.000000 0.000000 0.009473 0.015833 0.013206 0.056585 0.000000 0.000000 0.000000 0.000000 0.003590 0.017171 0.102250 0.009845 0.000000 0.000000 0.000000 0.000000 0.012314 0.000000 0.020514 0.000001 0.000000 0.005904 0.003546 0.010669 0.002615 0.000000 0.002955 0.000000 0.000000 0.004638 0.000000 0.000000 0.061840 0.088024 0.135757 0.057710 0.000000 0.002925 0.000000 0.002402 0.015299 0.005674 0.012195 0.003412 0.000000 0.001794 0.001334 0.004485 0.000001 0.004985 0.000000 0.000760 0.000000 0.000000 0.000000 0.000000 0.007824 0.010386 0.050583 0.001893 0.000000 0.000000 0.000000 0.000000 0.000010 0.007471 0.011187 0.001019 0.000000 0.000987 0.000000 0.004036 
0.290164 0.000000 0.000000 0.016407 0.047801 0.000000 0.042957 0.000000 0.451928 0.000000 0.123623 0.027119 0.000000 0.000000 0.000000 0.000000 
0.000000 0.073810 0.078129 0.000000 0.028873 0.000000 0.274965 0.000000 0.017905 0.000000 0.000003 0.000000 0.000000 0.177931 0.348383 0.000000 
0.065746 0.096249 0.000000 0.000000 0.166946 0.000000 0.327726 0.000000 0.000000 0.000000 0.064945 0.000000 0.000000 0.278388 0.000000 0.000000 
0.000000 0.000000 0.000000 0.000000 0.661134 0.000000 0.200232 0.045846 0.000000 0.000000 0.000003 0.007085 0.000000 0.000000 0.085699 0.000000 
0.060670 0.000000 0.298741 0.000000 0.060855 0.000000 0.307698 0.000000 0.000000 0.000000 0.000003 0.000000 0.000000 0.018264 0.000000 0.253769 
0.112511 0.000000 0.000000 0.000000 0.016535 0.000000 0.030417 0.814988 0.024468 0.001077 0.000003 0.000000 0.000000 0.000000 0.000000 0.000000 
0.011262 0.000000 0.037743 0.000000 0.004267 0.000000 0.068012 0.000000 0.522738 0.000000 0.116853 0.000000 0.000000 0.016620 0.000000 0.222506 
0.000000 0.108703 0.044073 0.000000 0.294956 0.000000 0.281238 0.000000 0.000000 0.000000 0.034305 0.000000 0.000000 0.236725 0.000000 0.000000 
0.000000 0.048293 0.000000 0.000000 0.060912 0.000000 0.347956 0.000000 0.000000 0.000000 0.024974 0.000000 0.000000 0.350950 0.114515 0.052400 
0.000000 0.056739 0.034191 0.000000 0.409913 0.000000 0.193520 0.000000 0.000000 0.000000 0.000003 0.024984 0.000000 0.000000 0.074362 0.206288 
0.000000 0.000000 0.000000 0.000000 0.067155 0.000000 0.321178 0.000000 0.027052 0.000000 0.078719 0.000000 0.000000 0.374165 0.039124 0.092607 
0.000000 0.078860 0.000000 0.000000 0.117314 0.000000 0.201615 0.015089 0.000000 0.000000 0.587123 0.000000 0.000000 0.000000 0.000000 0.000000 
0.000000 0.058626 0.082931 0.000000 0.097850 0.000000 0.052511 0.615605 0.000000 0.002213 0.000003 0.057408 0.000000 0.000000 0.000000 0.032852 
0.000000 0.000000 0.000000 0.000000 0.160443 0.000000 0.060196 0.000000 0.396984 0.000000 0.018453 0.042187 0.000000 0.011439 0.000000 0.310299 
0.000000 0.000000 0.000000 0.000000 0.008799 0.000000 0.147689 0.433709 0.000000 0.000000 0.409803 0.000000 0.000000 0.000000 0.000000 0.000000 
0.000000 0.315526 0.110313 0.064304 0.062818 0.000000 0.190699 0.000000 0.000000 0.001886 0.036353 0.000000 0.000000 0.000000 0.084993 0.133109 
0.000000 0.046140 0.052702 0.000000 0.203878 0.000000 0.173690 0.007517 0.055098 0.000000 0.460976 0.000000 0.000000 0.000000 0.000000 0.000000 
0.000000 0.000000 0.000000 0.000000 0.000102 0.000000 0.000825 0.957758 0.041312 0.000000 0.000002 0.000000 0.000000 0.000000 0.000000 0.000000 
0.000000 0.000000 0.251067 0.000000 0.015791 0.000000 0.023974 0.148884 0.000000 0.000000 0.002293 0.042464 0.000000 0.000000 0.319604 0.195923 
0.000000 0.000000 0.000000 0.000000 0.000061 0.000000 0.037213 0.589641 0.000000 0.000000 0.180486 0.000000 0.000000 0.000000 0.000000 0.192599 
0.000000 0.000000 0.000000 0.000000 0.000055 0.000000 0.216737 0.000000 0.000000 0.000000 0.760264 0.022944 0.000000 0.000000 0.000000 0.000000 
0.000000 0.453463 0.000000 0.082938 0.094654 0.000000 0.233404 0.000000 0.000000 0.000000 0.061510 0.000000 0.000000 0.000000 0.074030 0.000000 
0.207249 0.088156 0.116420 0.000000 0.006753 0.000000 0.209573 0.000000 0.000000 0.000000 0.000003 0.000000 0.000000 0.000000 0.115412 0.256434 
0.000000 0.024853 0.000000 0.000000 0.080183 0.000000 0.568674 0.233558 0.000000 0.000000 0.050461 0.000000 0.000000 0.000000 0.042270 0.000000 
0.000000 0.000000 0.000000 0.000000 0.018726 0.000000 0.141271 0.000000 0.011635 0.000000 0.573706 0.000000 0.000000 0.000000 0.000000 0.254661 
0.000000 0.266690 0.056934 0.036143 0.048657 0.000000 0.119695 0.000000 0.111895 0.000000 0.065427 0.000000 0.000000 0.000000 0.294559 0.000000 
0.092107 0.253551 0.000000 0.047230 0.057204 0.000000 0.105167 0.364522 0.046869 0.004249 0.029101 0.000000 0.000000 0.000000 0.000000 0.000000 
0.515121 0.059753 0.000000 0.000000 0.122102 0.000000 0.084441 0.150113 0.009640 0.001076 0.000003 0.037451 0.000000 0.000000 0.020299 0.000000 
0.080028 0.000000 0.000000 0.000000 0.243182 0.000000 0.061948 0.589061 0.000000 0.000000 0.000003 0.000000 0.000000 0.000000 0.025779 0.000000 
0.034100 0.421751 0.000000 0.041593 0.092893 0.000000 0.314170 0.000000 0.000000 0.002207 0.000003 0.000000 0.000000 0.093283 0.000000 0.000000 
0.192017 0.275895 0.000000 0.000000 0.080161 0.000000 0.224089 0.000000 0.009593 0.000000 0.070671 0.000000 0.000000 0.060827 0.086747 0.000000 
0.162588 0.000000 0.000000 0.000000 0.256620 0.000000 0.093913 0.353358 0.082745 0.000000 0.039879 0.010896 0.000000 0.000000 0.000000 0.000000 
0.000000 0.000000 0.102787 0.000000 0.067705 0.000000 0.071539 0.273443 0.000000 0.001084 0.000003 0.000000 0.000000 0.000000 0.463591 0.019848 
0.000000 0.000000 0.000000 0.000000 0.019844 0.000000 0.196294 0.014284 0.000000 0.000000 0.505030 0.027651 0.000000 0.000000 0.000000 0.236896 
0.000000 0.099785 0.000000 0.000000 0.041485 0.000000 0.178117 0.000000 0.000000 0.000000 0.027433 0.067200 0.000000 0.138594 0.447386 0.000000 
0.470110 0.040691 0.000000 0.000000 0.252918 0.000000 0.085870 0.000000 0.000000 0.000000 0.000003 0.102241 0.000000 0.000000 0.048166 0.000000 
0.000000 0.029600 0.000000 0.000000 0.089925 0.000000 0.340132 0.068019 0.000000 0.005276 0.043435 0.000000 0.000000 0.202085 0.221527 0.000000 
0.060519 0.000000 0.000000 0.000000 0.004595 0.000000 0.015119 0.816924 0.000000 0.000000 0.102843 0.000000 0.000000 0.000000 0.000000 0.000000 
0.053436 0.000000 0.000000 0.000000 0.033082 0.000000 0.498237 0.000000 0.057337 0.000000 0.282717 0.040096 0.000000 0.000000 0.035097 0.000000 
0.000000 0.131578 0.000000 0.000000 0.015508 0.000000 0.071084 0.752340 0.000000 0.001979 0.027510 0.000000 0.000000 0.000000 0.000000 0.000000 
0.018804 0.088686 0.147170 0.000000 0.020962 0.000000 0.128908 0.000000 0.000000 0.000000 0.000003 0.000000 0.000000 0.011091 0.000000 0.584376 
0.152378 0.000000 0.101455 0.000000 0.000054 0.000000 0.023469 0.000000 0.000000 0.000000 0.000003 0.063762 0.000000 0.044050 0.000000 0.614828 
0.000000 0.000000 0.000000 0.000000 0.021034 0.000000 0.165202 0.715449 0.027972 0.002200 0.000003 0.000000 0.000000 0.068140 0.000000 0.000000 
0.000000 0.000000 0.090666 0.000000 0.529745 0.000000 0.157469 0.000000 0.111661 0.000000 0.010268 0.000000 0.000000 0.000000 0.000000 0.100191 
0.000000 0.000000 0.000000 0.000000 0.033405 0.000000 0.332810 0.000000 0.000000 0.000000 0.000004 0.000000 0.000000 0.000000 0.559399 0.074382 
0.913939 0.000000 0.000000 0.000000 0.000045 0.000000 0.015003 0.014620 0.000000 0.000000 0.048061 0.008332 0.000000 0.000000 0.000000 0.000000 
0.000000 0.093197 0.000000 0.000000 0.047779 0.000000 0.404287 0.000000 0.000000 0.000000 0.165302 0.000000 0.000000 0.289434 0.000000 0.000000 
0.222344 0.000000 0.000000 0.000000 0.083237 0.000000 0.048746 0.290384 0.247054 0.000000 0.025701 0.022200 0.000000 0.000000 0.000000 0.060332 
0.000000 0.000000 0.000000 0.000000 0.632566 0.000000 0.354019 0.000000 0.013412 0.000000 0.000003 0.000000 0.000000 0.000000 0.000000 0.000000 
0.000000 0.000000 0.000000 0.000000 0.000042 0.000000 0.202695 0.017743 0.620011 0.000739 0.023387 0.028717 0.000000 0.000000 0.000000 0.106664 
0.000000 0.035255 0.070293 0.000000 0.000058 0.000000 0.164235 0.000000 0.000000 0.000000 0.671472 0.035808 0.000000 0.022879 0.000000 0.000000 
0.000000 0.099043 0.000000 0.079431 0.074850 0.000000 0.268289 0.020309 0.402629 0.001715 0.053734 0.000000 0.000000 0.000000 0.000000 0.000000 
0.000000 0.085324 0.000000 0.000000 0.571088 0.000000 0.175221 0.000000 0.000000 0.000000 0.000003 0.046900 0.000000 0.000000 0.000000 0.121464 
0.000000 0.000000 0.035366 0.000000 0.155701 0.000000 0.156008 0.000000 0.000000 0.000000 0.521357 0.000000 0.000000 0.000000 0.131568 0.000000 
0.000000 0.212769 0.000000 0.000000 0.056841 0.000000 0.155112 0.470119 0.000000 0.000000 0.037362 0.000000 0.000000 0.000000 0.000000 0.067796 
0.152871 0.000000 0.000000 0.000000 0.000061 0.000000 0.024284 0.733141 0.000000 0.001077 0.000003 0.047977 0.000000 0.000000 0.000000 0.040586 
0.000000 0.000000 0.000000 0.000000 0.238875 0.000000 0.211347 0.054023 0.000000 0.000000 0.495754 0.000000 0.000000 0.000000 0.000000 0.000000 
0.000000 0.000000 0.000000 0.031157 0.000038 0.000000 0.116267 0.000000 0.089225 0.000000 0.728789 0.000000 0.000000 0.000000 0.034524 0.000000 
0.000000 0.000000 0.000000 0.000000 0.036219 0.000000 0.105491 0.000000 0.155642 0.000000 0.180920 0.000000 0.000000 0.000000 0.219029 0.302699 
0.000000 0.000000 0.000000 0.000000 0.563803 0.000000 0.238391 0.000000 0.000000 0.000000 0.117963 0.042974 0.000000 0.000000 0.000000 0.036869 
0.000000 0.000000 0.037088 0.029504 0.043567 0.000000 0.331802 0.000000 0.000000 0.000000 0.037542 0.000000 0.000000 0.000000 0.520496 0.000000 
0.576231 0.046957 0.000000 0.038073 0.027473 0.000000 0.029206 0.000000 0.026176 0.000000 0.000004 0.066751 0.000000 0.000000 0.000000 0.189129 
0.000000 0.000000 0.234987 0.000000 0.003709 0.000000 0.052052 0.049789 0.201398 0.002205 0.000003 0.000000 0.000000 0.045729 0.000000 0.410127 
0.000000 0.280313 0.000000 0.000000 0.060934 0.000000 0.150179 0.102504 0.000000 0.004725 0.263332 0.000000 0.000000 0.040994 0.097018 0.000000 
0.000000 0.000000 0.139675 0.000000 0.019161 0.000000 0.002003 0.000000 0.027832 0.000000 0.044637 0.000000 0.000000 0.000000 0.766692 0.000000 
0.039833 0.192342 0.000000 0.042552 0.042026 0.000000 0.099515 0.000000 0.515324 0.000000 0.012876 0.000000 0.000000 0.018786 0.036745 0.000000 
0.000000 0.000000 0.269940 0.032139 0.025338 0.000000 0.040531 0.018634 0.000000 0.000000 0.000003 0.000000 0.000000 0.035897 0.000000 0.577518 
0.000000 0.000000 0.089118 0.000000 0.023598 0.000000 0.171180 0.603492 0.052894 0.000000 0.000003 0.000000 0.000000 0.059715 0.000000 0.000000 
0.017570 0.134737 0.118379 0.000000 0.060845 0.000000 0.319299 0.000000 0.232024 0.000000 0.000003 0.000000 0.000000 0.039609 0.000000 0.077535 
0.000000 0.000000 0.000000 0.000000 0.583644 0.000000 0.162987 0.236035 0.017331 0.000000 0.000003 0.000000 0.000000 0.000000 0.000000 0.000000 
0.000000 0.100198 0.055193 0.000000 0.016006 0.000000 0.526716 0.000000 0.009332 0.000000 0.191700 0.047665 0.000000 0.000000 0.053189 0.000000 
0.079744 0.045751 0.072345 0.000000 0.114652 0.000000 0.247508 0.000000 0.000000 0.000000 0.136062 0.000000 0.000000 0.141024 0.000000 0.162913 
0.025368 0.000000 0.000000 0.000000 0.122926 0.000000 0.062201 0.000000 0.556761 0.000000 0.000003 0.000000 0.000000 0.016123 0.000000 0.216617 
0.815241 0.000000 0.088109 0.009209 0.030497 0.000000 0.000565 0.000000 0.050261 0.000000 0.000003 0.006115 0.000000 0.000000 0.000000 0.000000 
0.000000 0.000000 0.000000 0.000000 0.000045 0.000000 0.027770 0.355794 0.522209 0.001081 0.000004 0.036116 0.000000 0.000000 0.039542 0.017438 
0.000000 0.000000 0.190514 0.000000 0.017819 0.000000 0.171242 0.000000 0.000000 0.000000 0.083486 0.000000 0.000000 0.000000 0.000000 0.536939 
0.228425 0.088339 0.027670 0.034643 0.067983 0.000000 0.079985 0.000000 0.426009 0.000000 0.000003 0.010643 0.000000 0.000000 0.036300 0.000000 
0.000000 0.047681 0.000000 0.000000 0.015496 0.000000 0.180943 0.000000 0.000000 0.000000 0.748055 0.000000 0.000000 0.007824 0.000000 0.000000 
0.000000 0.000000 0.000000 0.000000 0.045112 0.000000 0.037654 0.837059 0.000000 0.000000 0.080174 0.000000 0.000000 0.000000 0.000000 0.000000 
0.000000 0.000000 0.106779 0.012585 0.033632 0.000000 0.055268 0.000000 0.432709 0.000000 0.000003 0.000000 0.000000 0.000000 0.359024 0.000000 
0.000000 0.314250 0.018215 0.062380 0.059144 0.000000 0.182801 0.359844 0.000000 0.003363 0.000003 0.000000 0.000000 0.000000 0.000000 0.000000 
0.000000 0.007500 0.000000 0.000000 0.024259 0.000000 0.056983 0.073025 0.772809 0.001075 0.000003 0.000000 0.000000 0.000000 0.000000 0.064345 
0.000000 0.016975 0.091216 0.063671 0.018792 0.000000 0.031870 0.000000 0.073688 0.000000 0.000003 0.000000 0.000000 0.000000 0.675405 0.028381 
0.000000 0.000000 0.228405 0.000000 0.000060 0.000000 0.019801 0.000000 0.000000 0.000000 0.025928 0.027170 0.000000 0.000000 0.000000 0.698635 
0.508037 0.101381 0.000000 0.000000 0.055837 0.000000 0.246180 0.000000 0.000000 0.000000 0.000003 0.000000 0.000000 0.088562 0.000000 0.000000 
0.000000 0.000000 0.122224 0.000000 0.028859 0.000000 0.141250 0.000000 0.051676 0.000000 0.323945 0.000000 0.000000 0.046394 0.285651 0.000000 
0.000000 0.000000 0.032762 0.035301 0.000039 0.000000 0.111746 0.000000 0.109396 0.000000 0.413049 0.000000 0.000000 0.000000 0.061083 0.236625 
0.000000 0.480816 0.000000 0.042849 0.080158 0.000000 0.320070 0.000000 0.000000 0.000000 0.041327 0.000000 0.000000 0.000000 0.034780 0.000000 
0.000000 0.240322 0.000000 0.000000 0.045827 0.000000 0.205512 0.375900 0.000000 0.000000 0.033586 0.000000 0.000000 0.098854 0.000000 0.000000 
0.000000 0.024051 0.000000 0.000000 0.155302 0.000000 0.151633 0.037049 0.559179 0.000000 0.000003 0.000000 0.000000 0.072784 0.000000 0.000000 
0.066383 0.000000 0.130269 0.020560 0.000042 0.000000 0.069144 0.077735 0.000000 0.001084 0.000004 0.000000 0.000000 0.000000 0.607378 0.027402 
0.000000 0.439927 0.000000 0.094128 0.082332 0.000000 0.270544 0.000000 0.000000 0.000000 0.064417 0.000000 0.000000 0.003388 0.045264 0.000000 
0.000000 0.000000 0.274153 0.000000 0.014687 0.000000 0.189307 0.000000 0.000000 0.001079 0.000003 0.000000 0.000000 0.180124 0.000000 0.340647 
0.324801 0.000000 0.047249 0.028331 0.055949 0.000000 0.080142 0.000000 0.178145 0.000000 0.210647 0.037257 0.000000 0.000000 0.037480 0.000000 
0.117195 0.000000 0.047633 0.028053 0.000069 0.000000 0.049687 0.000000 0.388725 0.000000 0.043099 0.034435 0.000000 0.000000 0.291104 0.000000 
0.000000 0.294561 0.000000 0.053241 0.168395 0.000000 0.363509 0.000000 0.000000 0.002982 0.046859 0.000000 0.000000 0.000000 0.070454 0.000000 
0.021535 0.000000 0.120184 0.000000 0.000074 0.000000 0.088230 0.000000 0.110886 0.000000 0.016516 0.000000 0.000000 0.000000 0.642575 0.000000 
0.042925 0.000000 0.000000 0.022687 0.000048 0.000000 0.081083 0.095483 0.427407 0.000000 0.304124 0.026242 0.000000 0.000000 0.000000 0.000000 
0.000000 0.014642 0.000000 0.000000 0.579169 0.000000 0.175398 0.021974 0.207741 0.001073 0.000003 0.000000 0.000000 0.000000 0.000000 0.000000 
0.000000 0.000000 0.000000 0.000000 0.055545 0.000000 0.750519 0.020330 0.000000 0.000000 0.133131 0.017032 0.000000 0.000000 0.023443 0.000000 
0.0888559 0.10952 0.121908 0.0522443 0.303799 0.00130359 0.450108 0.103657 0.111796 0.0345468 0.181546 0.0680622 0.0197796 0.0760886 0.112985 0.0863369 
