-384474.648874
0
0.013224 0.008043 0.000931 0.006215 0.000000 0.002091 0.000000 0.001307 0.029467 0.013965 0.218155 0.010891 0.003148 0.001863 0.002300 0.010674 0.010886 0.004576 0.005471 0.008573 0.000000 0.001635 0.001348 0.002095 0.003252 0.006245 0.000000 0.000013 0.000000 0.000000 0.000000 0.000000 0.022035 0.013119 0.114976 0.016519 0.000000 0.001709 0.000000 0.001796 0.002166 0.002406 0.005771 0.005382 0.000000 0.002525 0.000009 0.000001 0.007028 0.005749 0.000000 0.001208 0.000000 0.003045 0.000000 0.000000 0.022815 0.021464 0.116144 0.013392 0.000000 0.000000 0.000000 0.001842 0.011451 0.002891 0.002542 0.012188 0.000000 0.000000 0.000000 0.000000 0.013426 0.011193 0.001687 0.017336 0.002972 0.000000 0.000000 0.000000 0.021572 0.015073 0.092142 0.014711 0.006107 0.000000 0.000000 0.003711 0.006188 0.002281 0.006692 0.004027 0.000000 0.000001 0.001986 0.002354 
0.037611 0.032122 0.003149 0.030271 0.000000 0.000000 0.000000 0.004746 0.021219 0.004173 0.018601 0.029295 0.022465 0.017253 0.030239 0.029536 0.022214 0.010410 0.021382 0.028730 0.000000 0.000000 0.000001 0.000001 0.026828 0.000002 0.006918 0.030439 0.006016 0.000000 0.000000 0.000000 0.004792 0.004123 0.009094 0.022062 0.016422 0.017154 0.009946 0.032807 0.004713 0.016647 0.005938 0.016849 0.000000 0.000001 0.005720 0.000001 0.026469 0.017197 0.000000 0.021560 0.000000 0.000000 0.000000 0.000000 0.000003 0.004144 0.012787 0.002348 0.009632 0.006490 0.009822 0.020526 0.006411 0.007173 0.010985 0.015322 0.000000 0.000000 0.000000 0.000000 0.033683 0.008854 0.003966 0.039396 0.000000 0.000000 0.001357 0.000000 0.004238 0.001945 0.004598 0.015608 0.023350 0.016675 0.000000 0.036804 0.005709 0.003998 0.001856 0.014541 0.000000 0.000001 0.008669 0.003994 
0.000005 0.000000 0.000000 0.000007 0.000000 0.000000 0.000000 0.000002 0.000929 0.024019 0.000018 0.003864 0.000000 0.000000 0.000001 0.002410 0.002333 0.000010 0.001216 0.002041 0.000000 0.000000 0.000865 0.000000 0.000029 0.001895 0.000000 0.000606 0.000000 0.000000 0.000539 0.000000 0.080179 0.104143 0.018864 0.084650 0.000000 0.000002 0.000000 0.000001 0.000009 0.000014 0.001691 0.007695 0.000000 0.000946 0.000488 0.000001 0.000041 0.000004 0.000000 0.000025 0.000000 0.000000 0.000000 0.000000 0.000002 0.019287 0.000003 0.017716 0.000000 0.000000 0.000369 0.000000 0.001227 0.000003 0.000004 0.006781 0.000000 0.000000 0.000593 0.001628 0.000094 0.001742 0.000000 0.002462 0.000000 0.002079 0.000000 0.000000 0.116272 0.291355 0.101161 0.080183 0.001061 0.000000 0.000000 0.005153 0.000114 0.001498 0.001740 0.001970 0.000000 0.001116 0.001697 0.003144 
0.039347 0.036353 0.018417 0.024211 0.006362 0.004947 0.002370 0.000002 0.009065 0.005978 0.000025 0.004125 0.003245 0.002866 0.009653 0.002143 0.007324 0.000009 0.008046 0.001888 0.000000 0.000599 0.000001 0.000000 0.052470 0.073049 0.008925 0.044620 0.010447 0.009640 0.005614 0.007348 0.021618 0.015980 0.007593 0.021705 0.008671 0.009982 0.038454 0.009900 0.006077 0.000013 0.009535 0.005093 0.000000 0.000000 0.005041 0.000001 0.042625 0.046991 0.024788 0.028389 0.005898 0.008628 0.005797 0.005024 0.004734 0.008755 0.003797 0.008017 0.006976 0.005816 0.014096 0.002219 0.006894 0.000003 0.004354 0.001305 0.000000 0.000000 0.000000 0.000000 0.036581 0.057219 0.009883 0.042718 0.000000 0.010434 0.002428 0.000000 0.004542 0.007621 0.001113 0.006669 0.002109 0.004689 0.008131 0.002580 0.002313 0.001051 0.003174 0.001380 0.000868 0.000000 0.000000 0.000631 
0.000552 0.000057 0.000004 0.000522 0.000000 0.000011 0.000000 0.000510 0.004724 0.004267 0.001467 0.003104 0.000027 0.000153 0.000093 0.000000 0.003818 0.000906 0.002619 0.005532 0.000000 0.000080 0.000104 0.000083 0.001765 0.000135 0.000001 0.001288 0.000001 0.000000 0.000000 0.000001 0.007305 0.004902 0.009220 0.007950 0.000001 0.000409 0.000006 0.000074 0.000707 0.000431 0.001297 0.003307 0.839994 0.000075 0.000915 0.000047 0.003140 0.000269 0.000000 0.001170 0.000000 0.000071 0.000000 0.000003 0.000244 0.004423 0.000460 0.004450 0.000013 0.000056 0.000065 0.000096 0.002200 0.000187 0.000370 0.002996 0.000000 0.000000 0.000014 0.000005 0.001359 0.004559 0.000082 0.014367 0.000001 0.000000 0.000001 0.000000 0.007383 0.011245 0.008124 0.013717 0.000408 0.000000 0.000001 0.001273 0.001842 0.002491 0.001053 0.000000 0.000000 0.000072 0.000036 0.003288 
0.000007 0.000000 0.000000 0.000006 0.015259 0.009584 0.000000 0.006435 0.024812 0.018101 0.000033 0.020861 0.000000 0.000001 0.000001 0.000061 0.066045 0.020025 0.039830 0.032874 0.011189 0.005367 0.004604 0.003726 0.000028 0.000001 0.000000 0.000015 0.000000 0.006157 0.000000 0.003378 0.033387 0.026374 0.002353 0.025925 0.000000 0.000002 0.012403 0.000001 0.027069 0.008716 0.032205 0.024781 0.005834 0.005528 0.009591 0.015253 0.007563 0.000005 0.000000 0.006997 0.000000 0.003250 0.000000 0.001949 0.034875 0.027504 0.000004 0.035362 0.009280 0.000000 0.000000 0.000000 0.028375 0.019223 0.020619 0.026169 0.002673 0.000000 0.008556 0.000000 0.000113 0.004728 0.000000 0.005053 0.000000 0.008049 0.000000 0.000000 0.019222 0.040126 0.001248 0.010784 0.000003 0.000000 0.011966 0.000011 0.032352 0.025518 0.023192 0.030616 0.011403 0.007319 0.000000 0.018072 
0.001206 0.000000 0.000000 0.000005 0.000291 0.000638 0.000000 0.000594 0.007805 0.002676 0.002890 0.002449 0.000000 0.000000 0.000000 0.000389 0.000031 0.001045 0.001132 0.001283 0.000000 0.000000 0.000493 0.000000 0.001143 0.000001 0.000000 0.000007 0.000919 0.000000 0.000000 0.001389 0.016156 0.006383 0.005332 0.007611 0.000000 0.000944 0.000000 0.000706 0.000743 0.001217 0.000768 0.000579 0.000000 0.000000 0.000008 0.000495 0.000021 0.000304 0.000292 0.000013 0.000000 0.000000 0.000000 0.000000 0.007412 0.000775 0.000002 0.003256 0.000410 0.000878 0.000727 0.000000 0.000024 0.000002 0.000002 0.001009 0.000661 0.000000 0.000000 0.000000 0.015209 0.007366 0.002031 0.014030 0.034874 0.000000 0.001680 0.065734 0.415397 0.082449 0.049325 0.223953 0.000674 0.000000 0.000000 0.000503 0.000474 0.000019 0.000011 0.001105 0.001095 0.000000 0.000000 0.000952 
0.023907 0.018159 0.002288 0.021122 0.029143 0.015062 0.008670 0.031589 0.017624 0.007594 0.007823 0.015063 0.013400 0.008357 0.009072 0.010797 0.005153 0.003814 0.006573 0.016496 0.000000 0.000000 0.013466 0.007220 0.023441 0.017245 0.000000 0.016023 0.019122 0.017246 0.006686 0.029732 0.006966 0.002976 0.004479 0.010944 0.007535 0.015376 0.013810 0.019852 0.000007 0.017109 0.000097 0.009844 0.000000 0.006977 0.008482 0.008255 0.008902 0.011173 0.000000 0.011495 0.015911 0.008813 0.002480 0.023394 0.008955 0.003540 0.000002 0.002164 0.004051 0.007883 0.011988 0.007462 0.005112 0.003351 0.000003 0.003564 0.002827 0.003296 0.017367 0.007148 0.014252 0.017567 0.004183 0.019038 0.017829 0.021029 0.002016 0.037951 0.010959 0.013627 0.002743 0.015576 0.010260 0.009010 0.010202 0.016907 0.006810 0.009284 0.000011 0.005434 0.000000 0.005778 0.015351 0.008704 
0.001420 0.000000 0.000000 0.008348 0.000712 0.000000 0.000000 0.000685 0.000126 0.001996 0.012706 0.005675 0.000000 0.000000 0.001726 0.002498 0.001173 0.005568 0.002105 0.004526 0.000000 0.005755 0.002150 0.012275 0.002891 0.000001 0.001201 0.014269 0.000000 0.000000 0.000000 0.000000 0.000656 0.001792 0.012971 0.004515 0.000000 0.000003 0.000000 0.000001 0.001294 0.002542 0.001514 0.004160 0.002596 0.000001 0.004572 0.018249 0.002674 0.000007 0.000000 0.006175 0.000972 0.000000 0.000000 0.000000 0.000002 0.017221 0.027045 0.016450 0.000000 0.000001 0.000000 0.000000 0.004927 0.011000 0.005853 0.010729 0.000000 0.002678 0.000000 0.003384 0.033052 0.009862 0.002163 0.315128 0.000000 0.000000 0.000000 0.000000 0.003543 0.020570 0.220705 0.034753 0.000003 0.000000 0.000000 0.001984 0.004287 0.008655 0.006624 0.007739 0.003613 0.008261 0.003470 0.063797 
0.011503 0.009503 0.000000 0.007474 0.000000 0.000000 0.000000 0.001478 0.007745 0.004205 0.010151 0.002550 0.013976 0.004182 0.007680 0.022610 0.016667 0.007897 0.014814 0.022945 0.039675 0.005991 0.005306 0.022707 0.009322 0.002159 0.000000 0.010773 0.000000 0.000000 0.000000 0.000000 0.007177 0.002868 0.005745 0.004230 0.006854 0.004477 0.001370 0.007903 0.017058 0.012754 0.017170 0.030572 0.027396 0.008519 0.013223 0.060557 0.013221 0.008665 0.000000 0.011033 0.000000 0.001971 0.000000 0.002671 0.000002 0.000412 0.009179 0.006145 0.000000 0.002279 0.002740 0.005059 0.005384 0.009505 0.010033 0.011020 0.008047 0.000000 0.005622 0.021935 0.031303 0.006214 0.000000 0.038210 0.001823 0.000000 0.000000 0.004615 0.001967 0.004640 0.001220 0.010451 0.024922 0.004158 0.012420 0.015075 0.012697 0.018979 0.009491 0.032036 0.059474 0.007100 0.010691 0.068401 
0.000005 0.000000 0.001078 0.001875 0.000452 0.000000 0.000000 0.000938 0.030015 0.017705 0.092996 0.015638 0.000000 0.003386 0.000000 0.005562 0.011788 0.007223 0.021667 0.002535 0.000000 0.001234 0.000001 0.001921 0.011201 0.021094 0.008646 0.050655 0.000000 0.000000 0.000000 0.000000 0.009967 0.013273 0.091647 0.012101 0.000000 0.002095 0.000000 0.000000 0.009209 0.005276 0.025493 0.001999 0.000000 0.005073 0.004781 0.009381 0.001523 0.004059 0.001360 0.006869 0.000000 0.003029 0.000000 0.000502 0.071222 0.077745 0.130960 0.052013 0.000000 0.001912 0.000000 0.002138 0.013167 0.007513 0.010839 0.002858 0.000000 0.001781 0.001419 0.003025 0.000120 0.003680 0.000000 0.004435 0.000000 0.000000 0.000000 0.000000 0.006207 0.008499 0.044911 0.006037 0.000002 0.000319 0.000000 0.000007 0.005811 0.005615 0.012387 0.002668 0.000764 0.003090 0.000000 0.003599 
0.000000 0.000000 0.462353 0.149377 0.000000 0.010932 0.000000 0.020427 0.314664 0.042241 0.000005 
0.358996 0.042756 0.017092 0.000004 0.000000 0.120158 0.000000 0.402446 0.000000 0.000000 0.058547 
0.000000 0.000000 0.000000 0.058900 0.000000 0.177471 0.000000 0.551455 0.077301 0.134867 0.000006 
0.095300 0.000000 0.000000 0.000005 0.000000 0.096574 0.043609 0.055732 0.000000 0.708775 0.000006 
0.000000 0.239934 0.000000 0.023424 0.000000 0.000001 0.000000 0.099288 0.050967 0.050814 0.535573 
0.000000 0.000000 0.000000 0.000005 0.000000 0.000001 0.841586 0.020447 0.122059 0.015897 0.000005 
0.000000 0.000000 0.537372 0.140826 0.001189 0.000001 0.000000 0.055341 0.000000 0.000001 0.265271 
0.000000 0.000000 0.000000 0.021090 0.000000 0.175522 0.000000 0.458519 0.000000 0.273175 0.071693 
0.094389 0.000000 0.000000 0.000005 0.000000 0.107352 0.000000 0.666730 0.000000 0.033969 0.097554 
0.068010 0.034989 0.000000 0.000005 0.000000 0.079321 0.000000 0.082651 0.000000 0.454735 0.280290 
0.000000 0.000000 0.031980 0.047591 0.000000 0.071927 0.000000 0.647690 0.000000 0.046250 0.154562 
0.000000 0.049136 0.000000 0.638392 0.000000 0.088420 0.014746 0.107594 0.000000 0.101707 0.000005 
0.000000 0.000000 0.000000 0.000005 0.000000 0.039797 0.605916 0.063929 0.054903 0.105550 0.129900 
0.000000 0.000000 0.407809 0.015469 0.000000 0.000001 0.000000 0.044300 0.000000 0.190153 0.342269 
0.000000 0.056609 0.000000 0.431997 0.000000 0.000001 0.439304 0.072084 0.000000 0.000000 0.000006 
0.071294 0.142715 0.018016 0.039554 0.000000 0.279266 0.000000 0.171426 0.000000 0.000000 0.277729 
0.000000 0.000000 0.060029 0.489641 0.000000 0.062767 0.000000 0.122588 0.000000 0.201132 0.063842 
0.007320 0.000000 0.000000 0.000003 0.000000 0.000001 0.992635 0.000035 0.000000 0.000000 0.000005 
0.326978 0.000000 0.000000 0.037371 0.000000 0.000001 0.156809 0.000072 0.009019 0.037549 0.432201 
0.000000 0.000000 0.000000 0.199038 0.000000 0.000001 0.596709 0.000068 0.000000 0.000000 0.204183 
0.000000 0.087484 0.000000 0.845940 0.000000 0.000001 0.000000 0.060361 0.006208 0.000000 0.000006 
0.064556 0.191401 0.000000 0.064944 0.000000 0.458119 0.000000 0.172230 0.000000 0.000000 0.048749 
0.123095 0.133273 0.000000 0.031970 0.000000 0.066743 0.000000 0.076926 0.197822 0.000000 0.370170 
0.027445 0.393999 0.000000 0.099277 0.000000 0.000001 0.235078 0.173899 0.000000 0.070297 0.000006 
0.000000 0.000000 0.012052 0.618740 0.000000 0.000001 0.000000 0.101820 0.000000 0.000000 0.267387 
0.291364 0.078115 0.122441 0.057609 0.000000 0.239272 0.000000 0.137849 0.000000 0.000000 0.073351 
0.000000 0.079023 0.045299 0.033265 0.000000 0.239378 0.376073 0.099872 0.097142 0.000000 0.029948 
0.027765 0.016909 0.000000 0.017003 0.000000 0.066721 0.156607 0.041776 0.545607 0.127607 0.000005 
0.035203 0.000000 0.000000 0.000004 0.000000 0.000001 0.599118 0.002590 0.079984 0.283095 0.000005 
0.000000 0.176593 0.000000 0.000005 0.000000 0.411182 0.000000 0.340193 0.035592 0.000000 0.036435 
0.085558 0.103724 0.006312 0.072196 0.000000 0.288348 0.000000 0.226030 0.201859 0.000000 0.015972 
0.013346 0.000000 0.084896 0.060614 0.000000 0.000001 0.361653 0.000053 0.165208 0.314224 0.000006 
0.459356 0.049900 0.000000 0.000005 0.000000 0.072606 0.283960 0.000071 0.000000 0.052679 0.081424 
0.000000 0.055143 0.000000 0.555399 0.000000 0.000001 0.014364 0.106401 0.000000 0.015411 0.253281 
0.411572 0.000000 0.000000 0.019082 0.000000 0.153443 0.000000 0.311560 0.038341 0.033625 0.032378 
0.051627 0.000000 0.000000 0.041915 0.000000 0.090938 0.000000 0.000072 0.520386 0.295056 0.000006 
0.222890 0.063143 0.000000 0.034614 0.000000 0.077848 0.069052 0.460311 0.000000 0.072136 0.000006 
0.000000 0.000000 0.000000 0.104031 0.000000 0.000001 0.823432 0.006855 0.065676 0.000000 0.000005 
0.020367 0.291194 0.056197 0.333966 0.000000 0.000001 0.000000 0.198497 0.062388 0.037385 0.000005 
0.000000 0.034480 0.000000 0.025502 0.000000 0.095501 0.761157 0.058604 0.000000 0.000000 0.024757 
0.000000 0.088471 0.000000 0.000005 0.000000 0.058075 0.000000 0.080280 0.000000 0.000000 0.773169 
0.000000 0.000000 0.000000 0.000005 0.000000 0.000001 0.000000 0.073715 0.189676 0.000000 0.736603 
0.000000 0.051314 0.000000 0.000005 0.000000 0.036731 0.741665 0.170279 0.000000 0.000000 0.000005 
0.000000 0.000000 0.104375 0.013585 0.000000 0.097847 0.000000 0.053447 0.000000 0.532372 0.198373 
0.587745 0.214793 0.000000 0.021959 0.000000 0.000001 0.000000 0.108792 0.000000 0.043145 0.023564 
0.000000 0.000000 0.000000 0.058265 0.000000 0.000001 0.017016 0.000059 0.924654 0.000000 0.000005 
0.000000 0.056457 0.000000 0.161206 0.000000 0.147665 0.000000 0.617023 0.000000 0.000000 0.017648 
0.000000 0.000000 0.242449 0.047567 0.000000 0.015184 0.298116 0.000064 0.241002 0.092601 0.063015 
0.000000 0.108327 0.000000 0.000004 0.000000 0.102784 0.000000 0.105336 0.000000 0.672781 0.010766 
0.000000 0.161167 0.626883 0.043168 0.000000 0.000001 0.023000 0.046664 0.000000 0.000000 0.099117 
0.000000 0.026946 0.000000 0.732805 0.000000 0.000001 0.000000 0.160427 0.000000 0.000000 0.079821 
0.000000 0.177534 0.419321 0.074116 0.000000 0.129632 0.018162 0.137103 0.000000 0.044126 0.000005 
0.000000 0.000000 0.000000 0.000004 0.000000 0.140823 0.000000 0.071824 0.000000 0.630692 0.156656 
0.146471 0.000000 0.000000 0.552472 0.000000 0.039710 0.000000 0.104017 0.000000 0.147212 0.010117 
0.000000 0.109940 0.000000 0.023692 0.000000 0.188660 0.472552 0.113535 0.000000 0.000000 0.091619 
0.000000 0.000000 0.000000 0.000005 0.000000 0.000001 0.731349 0.029534 0.189675 0.000000 0.049436 
0.000000 0.041871 0.000000 0.546057 0.000000 0.000001 0.055906 0.078277 0.000000 0.268926 0.008962 
0.034892 0.000000 0.097998 0.769767 0.000000 0.000001 0.000000 0.097337 0.000000 0.000000 0.000005 
0.221497 0.000000 0.158981 0.189169 0.000000 0.018882 0.000000 0.078551 0.000000 0.024872 0.308048 
0.000000 0.000000 0.000000 0.152820 0.000000 0.087841 0.000000 0.070732 0.016424 0.627617 0.044565 
0.509511 0.198579 0.000000 0.052067 0.000000 0.000001 0.010789 0.138462 0.000000 0.053412 0.037180 
0.000000 0.012742 0.028401 0.027628 0.000000 0.068540 0.000000 0.027720 0.631504 0.014582 0.188882 
0.000000 0.000000 0.200786 0.000005 0.000000 0.000001 0.054333 0.092562 0.000000 0.000000 0.652313 
0.073848 0.056391 0.000000 0.266185 0.000000 0.244946 0.108039 0.192275 0.000000 0.000000 0.058315 
0.772732 0.000000 0.021866 0.048321 0.000000 0.060894 0.014426 0.000098 0.000000 0.000000 0.081662 
0.044647 0.074672 0.522062 0.015943 0.000000 0.190474 0.013721 0.100597 0.037878 0.000000 0.000006 
0.000000 0.000000 0.009559 0.000005 0.000000 0.000001 0.015906 0.090916 0.000000 0.022074 0.861540 
0.000000 0.054253 0.045302 0.023711 0.000000 0.000001 0.614312 0.157061 0.000000 0.024926 0.080434 
0.000000 0.234026 0.253622 0.000005 0.000000 0.000001 0.000000 0.203992 0.000000 0.066570 0.241785 
0.020937 0.000000 0.010829 0.000005 0.000000 0.059745 0.240347 0.030696 0.000000 0.637436 0.000005 
0.000000 0.443041 0.024072 0.238036 0.000000 0.000001 0.000000 0.154556 0.000000 0.027871 0.112424 
0.000000 0.028386 0.000000 0.133540 0.000000 0.058083 0.000000 0.339214 0.081345 0.099866 0.259567 
0.000000 0.000000 0.570425 0.000005 0.000000 0.000001 0.000000 0.044496 0.018851 0.128459 0.237763 
0.000000 0.018017 0.055016 0.000005 0.000000 0.000001 0.000000 0.006454 0.824833 0.000000 0.095673 
0.026293 0.038117 0.523363 0.000005 0.000000 0.000001 0.373953 0.000060 0.000000 0.000000 0.038207 
0.000000 0.126830 0.000000 0.099136 0.000000 0.000001 0.000000 0.037368 0.000000 0.011601 0.725064 
0.028288 0.048347 0.437514 0.000005 0.000000 0.107891 0.000000 0.055890 0.240148 0.036527 0.045391 
0.000000 0.010416 0.000000 0.796114 0.000000 0.043846 0.000000 0.149617 0.000000 0.000000 0.000006 
0.000000 0.000000 0.000000 0.096869 0.000000 0.000001 0.848168 0.000063 0.000000 0.054894 0.000005 
0.387644 0.000000 0.439728 0.017095 0.000000 0.029975 0.000000 0.037205 0.000000 0.030247 0.058106 
0.000000 0.141936 0.000000 0.000005 0.000000 0.284588 0.366428 0.161743 0.000000 0.000000 0.045300 
0.000000 0.037670 0.773638 0.000004 0.000000 0.028409 0.079946 0.017028 0.000000 0.000000 0.063305 
0.690435 0.000000 0.070913 0.000005 0.000000 0.100650 0.012908 0.054937 0.000000 0.000000 0.070151 
0.000000 0.000000 0.000000 0.053191 0.000000 0.000001 0.000000 0.000043 0.000000 0.000000 0.946765 
0.000000 0.104404 0.000000 0.000005 0.000000 0.103519 0.000000 0.252125 0.533480 0.006460 0.000006 
0.281887 0.005583 0.057049 0.343260 0.000000 0.000001 0.000000 0.164695 0.000000 0.021317 0.126208 
0.062059 0.000000 0.118294 0.437344 0.000000 0.000001 0.000000 0.099464 0.000000 0.000000 0.282837 
0.052694 0.265681 0.002445 0.051449 0.000000 0.427540 0.000000 0.200185 0.000000 0.000000 0.000005 
0.000000 0.086766 0.000000 0.000005 0.000000 0.204987 0.378600 0.296394 0.000000 0.000000 0.033247 
0.000000 0.000000 0.563282 0.000005 0.000000 0.056170 0.035724 0.173529 0.000000 0.150836 0.020453 
0.601606 0.039793 0.000000 0.045347 0.000000 0.041515 0.091127 0.000074 0.061658 0.000000 0.118879 
0.044283 0.215099 0.013043 0.064368 0.000000 0.419957 0.000000 0.219100 0.000000 0.000000 0.024150 
0.000000 0.000000 0.000000 0.000005 0.000000 0.000001 0.000000 0.356793 0.000000 0.009631 0.633571 
0.033535 0.012495 0.187588 0.243399 0.000000 0.000001 0.000000 0.054602 0.352304 0.061604 0.054473 
0.313209 0.035092 0.394682 0.067558 0.000000 0.055793 0.000000 0.000058 0.133603 0.000000 0.000006 
0.075743 0.274249 0.008778 0.061444 0.000000 0.284276 0.000000 0.177635 0.000000 0.117870 0.000006 
0.630883 0.037036 0.119006 0.017404 0.000000 0.025904 0.000000 0.056068 0.000000 0.000000 0.113698 
0.000000 0.000000 0.441230 0.340489 0.000000 0.000001 0.092369 0.069778 0.056127 0.000000 0.000005 
0.000000 0.000000 0.193324 0.026895 0.000000 0.146085 0.032901 0.000083 0.000000 0.600707 0.000005 
0.000000 0.530313 0.000000 0.175559 0.000000 0.000001 0.019910 0.233227 0.000000 0.040985 0.000005 
0.0878158 0.130959 0.0991261 0.192604 0.0014464 0.143227 0.0990054 0.306497 0.0659198 0.128287 0.19808 
