-384428.701592
0
0.009667 0.007811 0.000000 0.005053 0.000000 0.000000 0.000000 0.000000 0.006833 0.005018 0.008466 0.000604 0.011961 0.002584 0.005820 0.019883 0.018753 0.008177 0.015562 0.022164 0.041873 0.006906 0.004632 0.023542 0.008515 0.003742 0.000000 0.010124 0.000000 0.000000 0.000000 0.000000 0.009859 0.005307 0.005439 0.004889 0.005493 0.002906 0.001693 0.004779 0.019191 0.011090 0.019065 0.031675 0.027456 0.008743 0.013525 0.064444 0.013417 0.008730 0.000000 0.010537 0.000000 0.001913 0.000000 0.000000 0.002158 0.001522 0.009342 0.008555 0.000000 0.001555 0.001789 0.002968 0.006286 0.009979 0.010591 0.011690 0.008139 0.000000 0.004546 0.022087 0.030249 0.006997 0.000000 0.037815 0.000000 0.000000 0.000000 0.000000 0.003473 0.008032 0.001088 0.010478 0.023624 0.002635 0.013141 0.011127 0.014217 0.020083 0.010534 0.033765 0.065284 0.007282 0.009215 0.071914 
0.000005 0.000001 0.001879 0.001790 0.000000 0.000000 0.000000 0.000496 0.029840 0.018592 0.089037 0.014809 0.000000 0.003466 0.000000 0.004766 0.009273 0.006447 0.021433 0.000584 0.000000 0.001305 0.000002 0.001699 0.012381 0.023030 0.010310 0.054287 0.000000 0.000000 0.000000 0.000000 0.009107 0.013831 0.092279 0.011711 0.000000 0.002184 0.000000 0.000000 0.008907 0.005004 0.026037 0.000852 0.000000 0.005051 0.004715 0.009134 0.001429 0.004642 0.001583 0.007421 0.000000 0.003159 0.000000 0.000000 0.076068 0.082784 0.133326 0.055943 0.000000 0.002086 0.000000 0.001860 0.012953 0.007215 0.010793 0.001326 0.000000 0.001829 0.001252 0.003215 0.000290 0.003794 0.000000 0.003077 0.000000 0.000000 0.000000 0.000000 0.004897 0.008294 0.041975 0.005142 0.000000 0.000000 0.000000 0.000009 0.004538 0.005254 0.012006 0.001764 0.000000 0.002986 0.000002 0.002840 
0.000007 0.000803 0.000000 0.000367 0.000000 0.000000 0.000000 0.000000 0.001461 0.023935 0.000057 0.004297 0.000000 0.000000 0.000001 0.002995 0.002500 0.000004 0.002213 0.001894 0.000000 0.000000 0.000624 0.000000 0.000077 0.001813 0.000000 0.001692 0.000000 0.000000 0.000000 0.000000 0.080212 0.103423 0.019747 0.083823 0.000000 0.000003 0.000000 0.000000 0.000532 0.000015 0.002432 0.007475 0.000000 0.000940 0.000304 0.000184 0.000826 0.000018 0.000000 0.000009 0.000000 0.000000 0.000000 0.000000 0.000802 0.020150 0.002495 0.018638 0.000000 0.000000 0.000000 0.000000 0.001545 0.000001 0.000827 0.007044 0.000000 0.000000 0.000000 0.001236 0.000759 0.001754 0.000000 0.001725 0.000000 0.001700 0.000000 0.000000 0.117352 0.283717 0.098763 0.079547 0.001096 0.000000 0.000000 0.004839 0.000078 0.001585 0.002206 0.002294 0.000000 0.001070 0.001570 0.002521 
0.017167 0.011985 0.000000 0.014862 0.019709 0.010876 0.004161 0.019397 0.022497 0.009737 0.006109 0.022928 0.013336 0.008866 0.012311 0.013988 0.032164 0.011809 0.022203 0.028902 0.004049 0.001814 0.009165 0.005698 0.011197 0.000000 0.000000 0.008533 0.010340 0.010044 0.003083 0.015448 0.012618 0.007355 0.001868 0.016136 0.007336 0.011063 0.010856 0.017588 0.010410 0.016812 0.012329 0.018530 0.002828 0.005714 0.008981 0.009927 0.009359 0.005500 0.000000 0.010939 0.007626 0.004894 0.000000 0.013321 0.013854 0.008910 0.000002 0.010825 0.007423 0.004941 0.007584 0.008848 0.013780 0.010097 0.009690 0.015251 0.002605 0.001762 0.012983 0.004535 0.011551 0.007476 0.002857 0.017361 0.009107 0.012690 0.001419 0.021802 0.009010 0.015146 0.000522 0.012861 0.012357 0.008693 0.008761 0.019098 0.016486 0.015032 0.008676 0.017698 0.004310 0.005648 0.010946 0.013031 
0.001304 0.000002 0.000000 0.007831 0.000000 0.000000 0.000000 0.000000 0.000084 0.002003 0.012181 0.005550 0.000000 0.000000 0.001048 0.002072 0.001787 0.005781 0.002396 0.004567 0.000000 0.005955 0.002013 0.012097 0.002805 0.000002 0.000887 0.013366 0.000000 0.000000 0.000000 0.000000 0.000783 0.002003 0.012444 0.004560 0.000000 0.000004 0.000000 0.000001 0.001523 0.002407 0.001633 0.004266 0.002270 0.000001 0.004581 0.018768 0.002525 0.000612 0.000000 0.006085 0.000513 0.000000 0.000000 0.000000 0.000032 0.016773 0.025612 0.016403 0.000000 0.000000 0.000000 0.000000 0.005067 0.011105 0.006013 0.010892 0.000000 0.002577 0.000000 0.003123 0.032929 0.010037 0.002120 0.316608 0.000000 0.000000 0.000000 0.000000 0.004787 0.021097 0.221513 0.035486 0.000001 0.000000 0.000000 0.001482 0.004754 0.008703 0.006735 0.007997 0.003576 0.008201 0.003286 0.064380 
0.000964 0.000001 0.000000 0.000054 0.000238 0.000247 0.000000 0.000382 0.007777 0.002632 0.003459 0.002279 0.000000 0.000000 0.000000 0.000414 0.000020 0.000996 0.001117 0.001134 0.000000 0.000000 0.000378 0.000000 0.001101 0.000001 0.000000 0.000018 0.000527 0.000000 0.000000 0.000894 0.016502 0.006650 0.005673 0.007711 0.000000 0.000916 0.000000 0.000399 0.000624 0.001102 0.000734 0.000497 0.000000 0.000000 0.000003 0.000001 0.000014 0.000329 0.000239 0.000005 0.000000 0.000000 0.000000 0.000000 0.007451 0.000794 0.000004 0.003346 0.000000 0.000858 0.000666 0.000000 0.000014 0.000001 0.000008 0.001109 0.000657 0.000000 0.000000 0.000000 0.015014 0.007119 0.001840 0.012280 0.034872 0.000000 0.001499 0.065580 0.418546 0.083661 0.049501 0.225838 0.000001 0.000000 0.000000 0.000453 0.000428 0.000007 0.000054 0.000839 0.001178 0.000000 0.000001 0.000351 
0.042216 0.039753 0.017460 0.027919 0.007401 0.005152 0.002740 0.004050 0.008398 0.004919 0.000036 0.004463 0.004539 0.003862 0.010931 0.004133 0.003769 0.000002 0.006074 0.001983 0.000000 0.000000 0.000576 0.000000 0.055335 0.070798 0.008826 0.046271 0.011392 0.009809 0.005741 0.009051 0.018919 0.013859 0.004943 0.021053 0.010017 0.012119 0.036442 0.013608 0.004133 0.001607 0.006333 0.004695 0.000000 0.000000 0.005046 0.000001 0.042412 0.045450 0.020081 0.028595 0.006525 0.008440 0.006829 0.005988 0.000946 0.004869 0.000003 0.004302 0.006625 0.006787 0.014880 0.004242 0.004835 0.000001 0.002985 0.000527 0.000000 0.000000 0.000000 0.000000 0.039027 0.054970 0.009017 0.045535 0.002242 0.010621 0.002213 0.001464 0.004884 0.007493 0.000567 0.008066 0.003428 0.006225 0.007766 0.005470 0.001145 0.000244 0.001300 0.000618 0.000000 0.000000 0.001210 0.000793 
0.014522 0.009462 0.001139 0.007637 0.000000 0.001566 0.000000 0.000000 0.029311 0.013102 0.224079 0.010751 0.002799 0.001715 0.002045 0.010769 0.010719 0.004417 0.005008 0.008811 0.000000 0.001491 0.000719 0.001842 0.004816 0.007199 0.000000 0.000055 0.000000 0.000000 0.000000 0.000000 0.020092 0.010650 0.118183 0.015527 0.000000 0.001633 0.000000 0.001743 0.001453 0.002068 0.004512 0.005293 0.000000 0.002313 0.000003 0.000001 0.007556 0.006524 0.000000 0.001413 0.000000 0.002921 0.000000 0.000000 0.021250 0.020159 0.118785 0.011798 0.000000 0.000000 0.000000 0.002374 0.011029 0.002861 0.002269 0.012003 0.000000 0.000000 0.000000 0.000000 0.014526 0.012229 0.001620 0.018559 0.002858 0.000000 0.000000 0.000000 0.022349 0.010041 0.093525 0.015480 0.005791 0.000000 0.000000 0.003221 0.006055 0.001958 0.006017 0.004104 0.000000 0.000001 0.001387 0.001890 
0.033479 0.000030 0.465925 0.040476 0.315456 0.000000 0.144633 0.000001 
0.000001 0.059791 0.032176 0.516367 0.000000 0.000000 0.052836 0.338828 
0.076969 0.012292 0.000000 0.702693 0.077510 0.000000 0.130535 0.000001 
0.677576 0.000030 0.000000 0.180900 0.000000 0.043989 0.000058 0.097447 
0.029306 0.453709 0.000000 0.275533 0.057547 0.000000 0.114958 0.068947 
0.006178 0.000023 0.000000 0.031746 0.122983 0.832737 0.006333 0.000001 
0.000001 0.236443 0.543363 0.054192 0.000000 0.000000 0.145849 0.020153 
0.217559 0.073986 0.008264 0.618880 0.000000 0.000000 0.081309 0.000001 
0.000001 0.061568 0.000000 0.711701 0.000000 0.000000 0.112734 0.113995 
0.433333 0.256452 0.000000 0.218460 0.000000 0.000000 0.000069 0.091686 
0.000001 0.091868 0.011872 0.664402 0.000000 0.022704 0.165416 0.043738 
0.101020 0.029157 0.000000 0.199676 0.000000 0.015744 0.654402 0.000001 
0.096244 0.126046 0.000000 0.111053 0.057076 0.604522 0.005059 0.000001 
0.174703 0.297402 0.409206 0.070907 0.000000 0.000000 0.021356 0.026426 
0.000001 0.015546 0.000000 0.085389 0.000000 0.435317 0.463745 0.000001 
0.024560 0.322989 0.048579 0.485559 0.000000 0.000000 0.058194 0.060119 
0.187750 0.079804 0.065915 0.170821 0.000000 0.000000 0.495709 0.000001 
0.000001 0.000046 0.000000 0.000605 0.012403 0.986909 0.000034 0.000001 
0.029398 0.406811 0.000000 0.042547 0.014420 0.155056 0.010154 0.341613 
0.000001 0.205913 0.000000 0.017167 0.000000 0.592591 0.184327 0.000001 
0.000001 0.037561 0.000000 0.080815 0.000000 0.000000 0.881621 0.000001 
0.038846 0.168405 0.037746 0.681024 0.000000 0.000000 0.073978 0.000001 
0.000001 0.341705 0.000000 0.226907 0.199383 0.000000 0.067615 0.164389 
0.033109 0.000025 0.000000 0.435352 0.000000 0.221415 0.252944 0.057154 
0.006847 0.266439 0.014098 0.070530 0.000000 0.000000 0.627565 0.014520 
0.000001 0.140647 0.152754 0.396725 0.000000 0.000000 0.056936 0.252937 
0.027089 0.054444 0.083050 0.349635 0.091824 0.357424 0.036533 0.000001 
0.125374 0.000030 0.014902 0.115165 0.544876 0.147386 0.021284 0.030983 
0.260835 0.000026 0.000000 0.034953 0.081363 0.590250 0.000051 0.032522 
0.033068 0.080009 0.047001 0.747042 0.021417 0.000000 0.071462 0.000001 
0.027489 0.089725 0.043413 0.509522 0.192805 0.000000 0.092641 0.044406 
0.295023 0.000029 0.077651 0.021315 0.166095 0.361884 0.062858 0.015146 
0.062334 0.102967 0.000000 0.095659 0.000000 0.282468 0.000057 0.456514 
0.005892 0.251790 0.000000 0.123698 0.000000 0.013341 0.589008 0.016271 
0.019067 0.062574 0.020406 0.441369 0.035248 0.000000 0.049195 0.372141 
0.287706 0.038190 0.000000 0.098327 0.519906 0.000000 0.022794 0.033076 
0.024602 0.000028 0.000000 0.559532 0.000000 0.077570 0.125223 0.213044 
0.000001 0.000028 0.000000 0.002929 0.069728 0.817149 0.110165 0.000001 
0.013355 0.000027 0.044116 0.327139 0.065025 0.000000 0.499483 0.050854 
0.000001 0.034657 0.000000 0.170347 0.000000 0.760978 0.034015 0.000001 
0.000001 0.708248 0.000000 0.202244 0.013272 0.000000 0.014179 0.062055 
0.000001 0.704925 0.000000 0.095270 0.190797 0.000000 0.000069 0.008938 
0.000001 0.000023 0.000000 0.211267 0.000000 0.740561 0.048147 0.000001 
0.525117 0.199236 0.109773 0.158118 0.000000 0.000000 0.007756 0.000001 
0.020855 0.000031 0.000000 0.265636 0.000000 0.000000 0.105912 0.607566 
0.000001 0.000026 0.000000 0.002812 0.920835 0.013583 0.062742 0.000001 
0.000001 0.027470 0.000000 0.682232 0.000000 0.015038 0.275257 0.000001 
0.082531 0.060314 0.247328 0.032066 0.243623 0.293684 0.040455 0.000001 
0.641728 0.000031 0.000000 0.313223 0.000000 0.000000 0.024827 0.020191 
0.000001 0.061564 0.652062 0.146438 0.000000 0.000000 0.106618 0.033317 
0.000001 0.094345 0.000000 0.153940 0.000000 0.000000 0.751713 0.000001 
0.039220 0.000029 0.450370 0.380353 0.000000 0.000000 0.120774 0.009253 
0.614406 0.162560 0.000000 0.222984 0.000000 0.000000 0.000048 0.000001 
0.135286 0.055323 0.000000 0.129632 0.000000 0.000000 0.556393 0.123366 
0.013656 0.116649 0.000000 0.355113 0.000000 0.473411 0.041169 0.000001 
0.000001 0.044406 0.000000 0.047155 0.186538 0.721833 0.000065 0.000001 
0.240454 0.028087 0.000000 0.116576 0.000000 0.053848 0.561034 0.000001 
0.000001 0.027458 0.104267 0.052545 0.000000 0.000000 0.789329 0.026400 
0.017694 0.295706 0.167052 0.118022 0.000000 0.000000 0.184354 0.217173 
0.593652 0.052649 0.000000 0.182386 0.016238 0.000000 0.155073 0.000001 
0.023875 0.000031 0.000000 0.294707 0.000000 0.005769 0.133495 0.542122 
0.022498 0.202441 0.035976 0.086931 0.628529 0.000000 0.023624 0.000001 
0.000001 0.613569 0.199945 0.121095 0.000000 0.058961 0.000066 0.006364 
0.026554 0.126930 0.021042 0.411500 0.000000 0.105673 0.270107 0.038194 
0.013529 0.104642 0.051352 0.066604 0.000000 0.000000 0.018549 0.745323 
0.011365 0.058740 0.562161 0.297861 0.040853 0.000000 0.020742 0.008278 
0.009960 0.797833 0.000000 0.127173 0.000000 0.021160 0.000062 0.043812 
0.000001 0.071723 0.030118 0.196099 0.000000 0.623839 0.078219 0.000001 
0.014092 0.207456 0.242108 0.428716 0.015234 0.000000 0.092393 0.000001 
0.608511 0.000028 0.000000 0.122099 0.000000 0.245495 0.000060 0.023806 
0.000001 0.053570 0.000000 0.462564 0.000000 0.000000 0.404196 0.079670 
0.059469 0.220416 0.000000 0.421718 0.081990 0.000000 0.190568 0.025838 
0.110391 0.213182 0.574912 0.074058 0.023101 0.000000 0.000067 0.004289 
0.000001 0.072827 0.049738 0.024369 0.827818 0.000000 0.000066 0.025181 
0.000001 0.000033 0.535270 0.033613 0.022892 0.355002 0.010560 0.042629 
0.000001 0.646860 0.000000 0.137508 0.000000 0.000000 0.133925 0.081705 
0.049634 0.061912 0.455512 0.162471 0.238883 0.000000 0.010762 0.020825 
0.000001 0.036304 0.000000 0.151005 0.000000 0.000000 0.812689 0.000001 
0.055206 0.000032 0.000000 0.001257 0.000000 0.842194 0.101309 0.000001 
0.027622 0.060736 0.454793 0.074756 0.000000 0.000000 0.014478 0.367615 
0.000001 0.078967 0.018921 0.514569 0.000000 0.360653 0.026888 0.000001 
0.000001 0.057376 0.793657 0.076759 0.000000 0.072143 0.000062 0.000001 
0.018350 0.096003 0.107877 0.127420 0.000000 0.000000 0.000058 0.650292 
0.014757 0.895815 0.000000 0.001266 0.000000 0.000000 0.039458 0.048703 
0.000001 0.016291 0.000000 0.374410 0.525573 0.000000 0.083723 0.000001 
0.000001 0.108598 0.060068 0.195293 0.000000 0.000000 0.359239 0.276801 
0.000001 0.278720 0.123198 0.083239 0.000000 0.000000 0.449268 0.065574 
0.014653 0.070440 0.050638 0.758817 0.000000 0.000000 0.085272 0.020180 
0.000001 0.047287 0.000000 0.502039 0.000000 0.386474 0.064198 0.000001 
0.121747 0.011599 0.563004 0.224364 0.000000 0.044397 0.034888 0.000001 
0.000001 0.136636 0.024655 0.081262 0.062530 0.079080 0.024326 0.591510 
0.015219 0.117030 0.057862 0.718472 0.000000 0.000000 0.091416 0.000001 
0.000001 0.551188 0.000000 0.370507 0.000000 0.007393 0.048233 0.022678 
0.049645 0.051666 0.187370 0.068431 0.351412 0.000000 0.253168 0.038308 
0.010192 0.034039 0.413795 0.053104 0.133181 0.000000 0.065545 0.290144 
0.136139 0.053140 0.033875 0.596567 0.000000 0.000000 0.119618 0.060661 
0.000001 0.112718 0.132208 0.114854 0.000000 0.000000 0.023306 0.616913 
0.000001 0.000025 0.448284 0.049559 0.056099 0.093905 0.352127 0.000001 
0.585832 0.000029 0.213760 0.178867 0.000000 0.021446 0.000064 0.000001 
0.000001 0.000023 0.000000 0.516086 0.000000 0.014930 0.423989 0.044971 
0.152167 0.269149 0.123952 0.540522 0.0767893 0.0979314 0.313023 0.151853 
