-384525.875629
0
0.000000 0.000000 0.000000 0.000000 0.002354 0.000000 0.000000 0.000000 0.004307 0.005309 0.000000 0.000025 0.008570 0.000000 0.002993 0.017251 0.024520 0.009656 0.017762 0.024409 0.044499 0.008394 0.005233 0.027113 0.000000 0.003053 0.000000 0.001810 0.000000 0.001756 0.000000 0.000000 0.012431 0.006555 0.000007 0.002701 0.003526 0.000000 0.002258 0.000000 0.023561 0.010930 0.024911 0.034961 0.033216 0.010205 0.015086 0.075878 0.009356 0.008265 0.000000 0.008547 0.000000 0.003230 0.000000 0.002726 0.002957 0.000000 0.000000 0.010063 0.000000 0.000000 0.000000 0.000000 0.008366 0.012343 0.012194 0.012344 0.010238 0.000000 0.005462 0.025339 0.026678 0.006421 0.000000 0.035980 0.000000 0.000000 0.000000 0.002967 0.000938 0.011743 0.000001 0.007426 0.022305 0.000000 0.014469 0.005952 0.018984 0.024323 0.013830 0.039105 0.072565 0.009069 0.009113 0.081463 
0.000000 0.000000 0.000000 0.000000 0.000398 0.000000 0.000000 0.000316 0.007634 0.002144 0.002092 0.001923 0.000000 0.000000 0.000000 0.000000 0.000001 0.000656 0.000589 0.000714 0.000000 0.000000 0.000331 0.000000 0.000919 0.000000 0.000000 0.000000 0.000706 0.000000 0.000000 0.001037 0.015290 0.004645 0.005066 0.006154 0.000000 0.000795 0.000000 0.000000 0.000437 0.000825 0.000000 0.000001 0.000000 0.000000 0.000000 0.000000 0.000000 0.000000 0.000000 0.000000 0.000000 0.000000 0.000000 0.000000 0.007499 0.000000 0.000000 0.002970 0.000000 0.000000 0.000650 0.000000 0.000005 0.000000 0.000000 0.000001 0.000000 0.000000 0.000000 0.000000 0.015435 0.007416 0.002239 0.013200 0.036077 0.000000 0.001584 0.067740 0.429543 0.082017 0.050021 0.230550 0.000000 0.000000 0.000000 0.000000 0.000001 0.000004 0.000002 0.000000 0.000370 0.000000 0.000000 0.000001 
0.000003 0.000000 0.000000 0.000000 0.000032 0.000000 0.000000 0.000005 0.001807 0.006032 0.000000 0.003254 0.000000 0.000000 0.000000 0.000271 0.000000 0.000548 0.002362 0.000258 0.000000 0.000000 0.000015 0.000000 0.000005 0.000000 0.000000 0.000026 0.000005 0.000000 0.000000 0.000002 0.004142 0.006038 0.001310 0.006420 0.000000 0.000004 0.000000 0.000000 0.000761 0.000302 0.000000 0.000205 0.000000 0.000000 0.000000 0.000004 0.000199 0.000126 0.932214 0.000000 0.000000 0.000000 0.000000 0.000000 0.000060 0.000171 0.000000 0.002983 0.000000 0.000000 0.000004 0.000000 0.001614 0.000000 0.000000 0.000432 0.000000 0.000000 0.000000 0.000000 0.000468 0.001213 0.000002 0.000249 0.000000 0.000000 0.000000 0.000006 0.003933 0.010031 0.000329 0.009912 0.000000 0.000000 0.000000 0.000000 0.000483 0.000952 0.000455 0.000070 0.000000 0.000000 0.000000 0.000282 
0.039335 0.030892 0.000000 0.032874 0.009782 0.007100 0.000000 0.014596 0.023024 0.004454 0.008356 0.024742 0.025589 0.017338 0.019121 0.025163 0.015650 0.007322 0.015404 0.027377 0.001566 0.000000 0.007869 0.002098 0.032281 0.000000 0.000000 0.027570 0.006282 0.004312 0.000000 0.008803 0.002705 0.002382 0.001501 0.017818 0.014174 0.019596 0.007487 0.035099 0.002817 0.017932 0.000000 0.018150 0.000000 0.002554 0.007909 0.000000 0.020544 0.008127 0.000000 0.018076 0.002805 0.000000 0.000952 0.006168 0.000000 0.000000 0.000000 0.000810 0.008601 0.008689 0.010719 0.018227 0.005753 0.005007 0.006342 0.013298 0.002504 0.000000 0.010789 0.004721 0.026094 0.007700 0.000000 0.034258 0.009022 0.003910 0.000000 0.013359 0.010504 0.003050 0.000001 0.017791 0.021087 0.016388 0.007532 0.036627 0.005106 0.007495 0.000001 0.014754 0.000000 0.003063 0.011811 0.009290 
0.001508 0.000000 0.000000 0.008078 0.000000 0.000000 0.000000 0.000000 0.000008 0.002056 0.012250 0.005155 0.000000 0.000000 0.000000 0.001270 0.000002 0.005031 0.001064 0.002807 0.000000 0.005527 0.002013 0.011522 0.002762 0.000000 0.000000 0.015197 0.000000 0.000000 0.000000 0.000000 0.000130 0.001921 0.013272 0.004743 0.000000 0.000000 0.000000 0.000000 0.000003 0.001884 0.000000 0.002325 0.000000 0.000000 0.004054 0.016088 0.001784 0.000000 0.000000 0.005507 0.000756 0.000000 0.000000 0.000000 0.000000 0.018169 0.027551 0.016971 0.000000 0.000000 0.000000 0.000000 0.004279 0.010474 0.005187 0.010496 0.000000 0.002890 0.000000 0.000000 0.032955 0.009897 0.001963 0.329821 0.000000 0.000000 0.000000 0.000000 0.006747 0.022834 0.233441 0.037171 0.000000 0.000000 0.000000 0.001430 0.003424 0.007801 0.006271 0.006348 0.000000 0.008460 0.003057 0.063643 
0.038980 0.035948 0.020164 0.023916 0.009121 0.005865 0.004131 0.003768 0.006756 0.005617 0.000000 0.001231 0.000000 0.000870 0.008919 0.000000 0.004909 0.000003 0.005468 0.000001 0.000000 0.000000 0.000000 0.000000 0.053885 0.083490 0.009898 0.042039 0.013001 0.011851 0.007459 0.010213 0.023749 0.016793 0.004718 0.021902 0.007911 0.009372 0.042273 0.007503 0.005386 0.000001 0.008753 0.003547 0.000000 0.000000 0.004714 0.000000 0.043060 0.051557 0.024234 0.028991 0.007963 0.010805 0.006865 0.007298 0.000000 0.000000 0.000000 0.004412 0.006498 0.005866 0.015304 0.000000 0.006181 0.000000 0.002718 0.000001 0.000000 0.000000 0.000000 0.000000 0.037304 0.063317 0.011966 0.044023 0.001941 0.013185 0.003160 0.001802 0.003992 0.009424 0.001086 0.006103 0.000000 0.003449 0.008359 0.000000 0.002385 0.000006 0.002621 0.000000 0.000000 0.000000 0.000000 0.000001 
0.095391 0.039043 0.000000 0.000000 0.000001 0.000000 0.000000 0.016656 0.000110 0.080056 0.000000 0.047024 0.000000 0.009641 0.000000 0.047177 0.000020 0.014488 0.018983 0.000012 0.000000 0.000000 0.000001 0.000000 0.000000 0.000000 0.013059 0.000004 0.000000 0.000000 0.000000 0.000000 0.064245 0.013558 0.000096 0.060646 0.000000 0.000000 0.000001 0.000000 0.000026 0.000022 0.000003 0.000012 0.000000 0.000001 0.000006 0.000000 0.064780 0.000002 0.000000 0.000002 0.000000 0.000000 0.000000 0.000000 0.000005 0.000007 0.000000 0.076851 0.000000 0.000000 0.000000 0.022350 0.021565 0.000010 0.000010 0.073154 0.000000 0.000000 0.000000 0.000000 0.021153 0.000182 0.000000 0.000014 0.000000 0.032724 0.000000 0.000000 0.000819 0.010407 0.000022 0.034846 0.009726 0.000000 0.000000 0.000000 0.000011 0.028542 0.000033 0.028190 0.000000 0.000004 0.000001 0.054304 
0.000000 0.000000 0.000000 0.000000 0.046683 0.022018 0.018671 0.048263 0.016657 0.017256 0.000000 0.013189 0.000000 0.000000 0.000000 0.000001 0.008865 0.007376 0.008681 0.011199 0.000000 0.000000 0.019324 0.010166 0.000000 0.000000 0.000000 0.000001 0.026016 0.031404 0.009057 0.045951 0.014405 0.007873 0.005809 0.007713 0.000000 0.007662 0.008402 0.000000 0.004528 0.018170 0.006815 0.000002 0.000000 0.014604 0.009217 0.014702 0.000001 0.000000 0.000000 0.000000 0.027682 0.018609 0.000000 0.039466 0.035142 0.017886 0.000000 0.018050 0.000000 0.004496 0.005707 0.000000 0.010520 0.004942 0.000001 0.000002 0.000000 0.008030 0.026672 0.000000 0.000003 0.010299 0.003765 0.000002 0.022137 0.044289 0.005482 0.058601 0.013391 0.036481 0.002842 0.014882 0.000000 0.000000 0.014123 0.000000 0.016092 0.016935 0.010664 0.000000 0.000000 0.008846 0.016312 0.006964 
0.003403 0.002854 0.000000 0.003919 0.000000 0.001358 0.000000 0.000000 0.031330 0.013660 0.218180 0.009860 0.000000 0.000000 0.000000 0.006960 0.013718 0.004984 0.007819 0.006732 0.000000 0.002268 0.000000 0.002727 0.000000 0.008798 0.000000 0.003661 0.000000 0.000000 0.000000 0.000000 0.021218 0.014940 0.125975 0.015059 0.000000 0.000000 0.000000 0.000000 0.003896 0.001911 0.010088 0.004307 0.000000 0.003618 0.000000 0.003241 0.000000 0.004984 0.000000 0.000000 0.000000 0.004000 0.000000 0.000000 0.032974 0.032720 0.130576 0.018540 0.000000 0.000000 0.000000 0.000000 0.012913 0.004429 0.003883 0.008032 0.000000 0.001823 0.000364 0.000000 0.006330 0.010107 0.000000 0.012364 0.000000 0.000000 0.000000 0.000000 0.016359 0.015749 0.097420 0.011389 0.002343 0.000000 0.000000 0.000000 0.009026 0.002409 0.008983 0.003706 0.000000 0.001247 0.000843 0.000001 
0.000005 0.000000 0.000000 0.000000 0.000026 0.000000 0.000000 0.000000 0.001232 0.005569 0.000000 0.001408 0.000000 0.000000 0.000000 0.000163 0.000339 0.001115 0.002635 0.000362 0.000000 0.000000 0.000019 0.000000 0.000000 0.000005 0.000000 0.000101 0.000005 0.000001 0.000000 0.000002 0.003529 0.006735 0.000960 0.007536 0.000000 0.000002 0.000000 0.000000 0.000508 0.000792 0.000127 0.000283 0.000000 0.000000 0.000230 0.000012 0.000089 0.000039 0.000000 0.000024 0.000000 0.000000 0.000000 0.000000 0.000055 0.000093 0.000001 0.006742 0.000000 0.000000 0.000003 0.000000 0.002957 0.000337 0.000182 0.000080 0.000000 0.000000 0.000000 0.000000 0.000586 0.002510 0.000000 0.000161 0.000001 0.000004 0.921569 0.000027 0.005026 0.010361 0.000317 0.012553 0.000000 0.000000 0.000000 0.000000 0.000000 0.001473 0.000829 0.000059 0.000000 0.000000 0.000009 0.000207 
0.000000 0.000000 0.005497 0.000000 0.011854 0.007480 0.000000 0.000000 0.026801 0.015211 0.000000 0.027484 0.000000 0.000000 0.014440 0.000001 0.079358 0.020961 0.048589 0.038244 0.000000 0.004868 0.000000 0.000000 0.000000 0.000000 0.006183 0.000001 0.004794 0.000000 0.004695 0.000000 0.036389 0.031249 0.000014 0.034140 0.000000 0.000000 0.019084 0.000000 0.024734 0.007952 0.038593 0.025981 0.000000 0.000000 0.007423 0.000000 0.006678 0.008964 0.000000 0.011249 0.000000 0.000000 0.000000 0.000000 0.033924 0.035155 0.008608 0.033249 0.010330 0.000000 0.004024 0.000000 0.031203 0.020896 0.024966 0.027248 0.000000 0.000000 0.000000 0.000000 0.000004 0.007908 0.009646 0.000002 0.000000 0.000000 0.000000 0.000000 0.021329 0.045294 0.000003 0.011187 0.000000 0.000000 0.000000 0.000000 0.031904 0.020672 0.021945 0.027254 0.000000 0.004335 0.000000 0.000002 
0.000000 0.000000 0.002251 0.000000 0.000000 0.000000 0.000000 0.000000 0.029166 0.019169 0.000000 0.018821 0.000000 0.006178 0.000000 0.003483 0.007069 0.007422 0.030880 0.000001 0.000000 0.000000 0.000000 0.000000 0.022309 0.034732 0.015897 0.091416 0.000000 0.000000 0.000000 0.000000 0.000153 0.010776 0.065587 0.008579 0.000000 0.004502 0.001009 0.000000 0.011847 0.007574 0.037390 0.000001 0.000000 0.004949 0.008441 0.012700 0.003156 0.004375 0.002491 0.012791 0.000000 0.001778 0.000000 0.000000 0.101793 0.121475 0.130431 0.076752 0.000000 0.004266 0.000000 0.003532 0.012058 0.008809 0.015444 0.000001 0.000000 0.000000 0.000000 0.005780 0.000002 0.000020 0.000000 0.000001 0.000000 0.000000 0.000000 0.000000 0.000092 0.002332 0.000320 0.002113 0.000000 0.000554 0.000000 0.000000 0.000001 0.006414 0.012679 0.000000 0.000000 0.004097 0.000000 0.004138 
0.000000 0.000000 0.000000 0.000000 0.000000 0.000000 0.000000 0.000000 0.000009 0.023658 0.000000 0.002984 0.000000 0.000000 0.000000 0.001963 0.000001 0.000004 0.000033 0.000001 0.000000 0.000000 0.000792 0.000000 0.000000 0.002191 0.000000 0.000000 0.000000 0.000000 0.000000 0.000989 0.079909 0.104717 0.019620 0.084045 0.000000 0.000000 0.000000 0.000000 0.000002 0.000002 0.000000 0.006736 0.000000 0.000976 0.000001 0.000000 0.000001 0.000000 0.000000 0.000000 0.000000 0.000000 0.000000 0.000000 0.000000 0.019617 0.000000 0.017118 0.000000 0.000000 0.000000 0.000000 0.000013 0.000001 0.000001 0.005140 0.000000 0.000000 0.000000 0.001184 0.000002 0.001636 0.000000 0.000001 0.000000 0.001879 0.000000 0.000000 0.129576 0.295506 0.102031 0.087840 0.000000 0.000000 0.000000 0.004645 0.000001 0.000850 0.001250 0.000000 0.000000 0.000000 0.001411 0.001664 
0.051846 0.000000 0.000000 0.043805 0.304196 0.128684 0.000000 0.000001 0.000685 0.000000 0.028181 0.000006 0.442596 
0.025901 0.000000 0.000000 0.306421 0.000000 0.041176 0.000000 0.182045 0.387720 0.000000 0.034350 0.000006 0.022382 
0.158102 0.000000 0.000000 0.317500 0.066929 0.111215 0.000000 0.282529 0.016058 0.000000 0.047661 0.000006 0.000000 
0.595517 0.046061 0.000000 0.231975 0.000000 0.000181 0.000000 0.000001 0.126259 0.000000 0.000000 0.000006 0.000000 
0.037967 0.000000 0.000000 0.309410 0.050150 0.046300 0.000000 0.000001 0.251282 0.000000 0.000000 0.304891 0.000000 
0.018271 0.799102 0.000882 0.036762 0.116412 0.000473 0.000000 0.000001 0.000893 0.000000 0.000000 0.000004 0.027201 
0.004191 0.000000 0.000000 0.057983 0.000000 0.121504 0.000000 0.019383 0.132611 0.000000 0.000000 0.143271 0.521057 
0.277114 0.000000 0.000000 0.271075 0.000000 0.077791 0.000000 0.253052 0.048936 0.000000 0.037426 0.034606 0.000000 
0.057997 0.000000 0.000000 0.330381 0.000000 0.090199 0.000000 0.347703 0.151904 0.000000 0.000000 0.021817 0.000000 
0.383856 0.000000 0.000000 0.210157 0.000000 0.000151 0.000000 0.014002 0.212131 0.000000 0.030889 0.148814 0.000000 
0.065623 0.015531 0.000000 0.279961 0.000000 0.142324 0.000000 0.350979 0.097961 0.000000 0.000000 0.047619 0.000000 
0.101240 0.015597 0.000000 0.194216 0.000000 0.580738 0.000000 0.000001 0.000404 0.000000 0.058636 0.049168 0.000000 
0.103333 0.589327 0.000000 0.060876 0.051443 0.007596 0.000000 0.029793 0.066572 0.000000 0.025131 0.065928 0.000000 
0.168094 0.000000 0.000000 0.053899 0.000000 0.024425 0.000000 0.017149 0.173522 0.000000 0.000000 0.174244 0.388667 
0.000730 0.427376 0.000000 0.124980 0.000000 0.409197 0.000000 0.000001 0.003905 0.000000 0.012718 0.021094 0.000000 
0.055031 0.000000 0.000000 0.212523 0.000000 0.047881 0.000000 0.085162 0.203900 0.000000 0.243109 0.143087 0.009306 
0.177938 0.000000 0.000000 0.158036 0.000000 0.456019 0.000000 0.015776 0.034692 0.000000 0.037498 0.061608 0.058432 
0.011956 0.939072 0.000945 0.001541 0.000000 0.000258 0.000000 0.000000 0.011642 0.000000 0.000000 0.000005 0.034580 
0.033364 0.153626 0.000000 0.049978 0.011227 0.030854 0.000000 0.000001 0.511264 0.000000 0.000000 0.209686 0.000000 
0.005396 0.581650 0.000000 0.014693 0.000000 0.163258 0.028544 0.000001 0.061325 0.000000 0.000000 0.145133 0.000000 
0.004544 0.000000 0.000000 0.174259 0.000000 0.768819 0.000000 0.000000 0.009622 0.000000 0.000000 0.042755 0.000000 
0.087700 0.000000 0.000000 0.274277 0.000000 0.062378 0.000000 0.098866 0.098719 0.000000 0.354713 0.023347 0.000000 
0.008634 0.000000 0.000000 0.184210 0.193588 0.043627 0.000000 0.012153 0.297905 0.000000 0.075659 0.184224 0.000000 
0.050999 0.223405 0.000000 0.528169 0.000000 0.130361 0.000000 0.000001 0.056743 0.000000 0.000000 0.010322 0.000000 
0.015002 0.000000 0.000000 0.108226 0.000000 0.572477 0.000000 0.000001 0.135513 0.000000 0.000000 0.157377 0.011404 
0.038773 0.000000 0.000000 0.145013 0.000000 0.069647 0.026699 0.071553 0.327559 0.000000 0.208730 0.000006 0.112019 
0.052743 0.356108 0.000000 0.123818 0.093356 0.035792 0.000000 0.057794 0.027176 0.000000 0.206518 0.000006 0.046689 
0.141156 0.147371 0.000000 0.078578 0.518385 0.019676 0.000000 0.016420 0.038425 0.000000 0.039985 0.000005 0.000000 
0.222911 0.576311 0.000000 0.077859 0.078007 0.000099 0.000000 0.000001 0.044808 0.000000 0.000000 0.000005 0.000000 
0.084290 0.000000 0.000000 0.286394 0.036746 0.043631 0.024464 0.182973 0.016772 0.000000 0.293840 0.030890 0.000000 
0.073599 0.000000 0.000000 0.233647 0.186841 0.079815 0.000000 0.106470 0.106449 0.000000 0.213173 0.000005 0.000000 
0.243928 0.342980 0.000000 0.094075 0.158628 0.051273 0.000000 0.000000 0.028556 0.000000 0.000000 0.000005 0.080553 
0.056333 0.279389 0.000000 0.102474 0.000000 0.000141 0.060546 0.000001 0.501110 0.000000 0.000000 0.000006 0.000000 
0.017069 0.012235 0.000000 0.169389 0.000000 0.515473 0.000000 0.000001 0.131600 0.000000 0.000000 0.154233 0.000000 
0.062009 0.000000 0.000000 0.227659 0.033365 0.051938 0.000000 0.151951 0.424859 0.000000 0.048213 0.000005 0.000000 
0.277073 0.000000 0.000000 0.095820 0.492973 0.027744 0.000000 0.000001 0.069824 0.000000 0.036560 0.000006 0.000000 
0.077981 0.071255 0.000000 0.344068 0.000000 0.093760 0.000000 0.196047 0.216884 0.000000 0.000000 0.000005 0.000000 
0.009146 0.802952 0.000000 0.020738 0.061877 0.096805 0.000000 0.000001 0.000354 0.000000 0.000000 0.008128 0.000000 
0.030659 0.000000 0.000000 0.450520 0.059038 0.343402 0.000000 0.000001 0.039353 0.000000 0.000000 0.022721 0.054307 
0.009389 0.735909 0.000000 0.073968 0.000000 0.031239 0.000000 0.028702 0.024118 0.000000 0.096670 0.000006 0.000000 
0.019399 0.000000 0.000000 0.115655 0.000000 0.000156 0.000000 0.034553 0.357112 0.000000 0.054991 0.418134 0.000000 
0.012942 0.000000 0.000000 0.026478 0.183239 0.000127 0.000000 0.049491 0.303803 0.000000 0.000000 0.423920 0.000000 
0.018576 0.704142 0.000000 0.146999 0.000000 0.032025 0.000000 0.065183 0.009250 0.000000 0.000000 0.000004 0.023820 
0.483730 0.000000 0.000000 0.141762 0.000000 0.019180 0.000000 0.020452 0.110489 0.000000 0.000000 0.121222 0.103166 
0.026202 0.000000 0.000000 0.335880 0.000000 0.063836 0.000000 0.000001 0.574075 0.000000 0.000000 0.000005 0.000000 
0.029332 0.000000 0.000000 0.018349 0.895558 0.055852 0.000000 0.000001 0.000903 0.000000 0.000000 0.000005 0.000000 
0.045211 0.000000 0.000000 0.397629 0.000000 0.218599 0.000000 0.303365 0.014084 0.000000 0.000000 0.021113 0.000000 
0.086553 0.284489 0.000000 0.025769 0.230553 0.025432 0.047924 0.000001 0.029173 0.000000 0.000000 0.042794 0.227311 
0.552864 0.000000 0.000000 0.382978 0.000000 0.000114 0.000000 0.000001 0.036758 0.000000 0.000000 0.027284 0.000000 
0.000115 0.000000 0.000000 0.189392 0.000000 0.051335 0.000000 0.000001 0.055791 0.000000 0.023429 0.056315 0.623621 
0.009045 0.000000 0.000000 0.144276 0.000000 0.677736 0.000000 0.030158 0.039947 0.000000 0.032366 0.066472 0.000000 
0.062652 0.000000 0.000000 0.270429 0.000000 0.087076 0.000000 0.031664 0.013392 0.000000 0.113055 0.000005 0.421727 
0.553364 0.000000 0.000000 0.174895 0.000000 0.000090 0.056542 0.026441 0.100260 0.000000 0.000000 0.088407 0.000000 
0.134650 0.000000 0.000000 0.159747 0.000000 0.516063 0.000000 0.000001 0.153875 0.000000 0.000000 0.035664 0.000000 
0.045173 0.456052 0.000000 0.166886 0.000000 0.030611 0.000000 0.053124 0.049465 0.000000 0.147124 0.051566 0.000000 
0.021834 0.712255 0.000000 0.040005 0.171328 0.000126 0.000000 0.000001 0.015419 0.000000 0.000000 0.039033 0.000000 
0.207721 0.053739 0.000000 0.194893 0.000000 0.485456 0.000000 0.000001 0.003067 0.000000 0.000000 0.055123 0.000000 
0.000134 0.000000 0.000000 0.115720 0.000000 0.722357 0.000000 0.000001 0.034366 0.000000 0.000000 0.029708 0.097714 
0.025734 0.000000 0.000000 0.084280 0.000000 0.171848 0.039831 0.020521 0.349490 0.000000 0.000000 0.157216 0.151081 
0.531063 0.000000 0.000000 0.240080 0.000000 0.132356 0.000000 0.000001 0.048135 0.000000 0.000000 0.048366 0.000000 
0.033188 0.015705 0.000000 0.368489 0.000000 0.075435 0.000000 0.000001 0.507176 0.000000 0.000000 0.000005 0.000000 
0.057239 0.000000 0.000000 0.040155 0.597021 0.022300 0.000000 0.013310 0.093095 0.000000 0.055828 0.099936 0.021116 
0.004600 0.000000 0.000000 0.047217 0.000000 0.000129 0.000000 0.060054 0.282779 0.000000 0.000000 0.359551 0.245670 
0.054767 0.101957 0.000000 0.157884 0.000000 0.258196 0.000000 0.105357 0.106405 0.000000 0.186406 0.029027 0.000000 
0.019175 0.008935 0.000000 0.081447 0.000000 0.063480 0.000000 0.000001 0.792060 0.000000 0.000000 0.000005 0.034895 
0.038235 0.000000 0.000000 0.105956 0.042334 0.017253 0.023744 0.067538 0.047449 0.000000 0.150279 0.000006 0.507207 
0.022348 0.014785 0.000000 0.037574 0.000000 0.000120 0.000000 0.047189 0.387664 0.000000 0.029876 0.460443 0.000000 
0.021607 0.594301 0.000000 0.153560 0.000000 0.045834 0.000000 0.048419 0.034535 0.000000 0.000000 0.050250 0.051494 
0.045579 0.000000 0.000000 0.298865 0.013223 0.041306 0.000000 0.056571 0.062415 0.000000 0.095900 0.155766 0.230373 
0.531619 0.233458 0.000000 0.175825 0.000000 0.000135 0.000000 0.000001 0.053544 0.000000 0.000000 0.000006 0.005412 
0.020388 0.000000 0.000000 0.494214 0.000000 0.265336 0.000000 0.000001 0.088183 0.000000 0.064156 0.058441 0.009282 
0.108208 0.000000 0.000000 0.236390 0.070874 0.165187 0.000000 0.149738 0.135434 0.000000 0.000000 0.134168 0.000000 
0.116671 0.000000 0.000000 0.052321 0.021489 0.000139 0.000000 0.016594 0.111257 0.000000 0.000000 0.131240 0.550289 
0.032513 0.000000 0.000000 0.009025 0.792652 0.000157 0.000000 0.000001 0.058072 0.000000 0.040129 0.030566 0.036885 
0.000456 0.336078 0.000000 0.036968 0.026763 0.000174 0.000000 0.000001 0.048341 0.000000 0.035098 0.000006 0.516116 
0.012632 0.000000 0.000000 0.130212 0.000000 0.099116 0.020008 0.000001 0.333703 0.000000 0.000000 0.404329 0.000000 
0.067054 0.000000 0.000000 0.086818 0.228656 0.005535 0.000000 0.020249 0.061227 0.000000 0.098869 0.012559 0.419032 
0.007838 0.000000 0.000000 0.143761 0.000000 0.736322 0.000000 0.034677 0.007057 0.000000 0.029795 0.040550 0.000000 
0.046207 0.825973 0.000000 0.035771 0.000000 0.085545 0.000000 0.000001 0.006497 0.000000 0.000000 0.000005 0.000000 
0.033761 0.000000 0.000000 0.086297 0.000000 0.032978 0.000000 0.000001 0.412304 0.000000 0.000000 0.000006 0.434653 
0.051575 0.352671 0.000000 0.199969 0.000000 0.010969 0.000000 0.100566 0.031268 0.000000 0.230946 0.022036 0.000000 
0.011350 0.000000 0.000000 0.070972 0.000000 0.000136 0.000000 0.000001 0.018251 0.001064 0.026955 0.048131 0.823141 
0.019375 0.027459 0.000000 0.071929 0.000000 0.009954 0.070436 0.018988 0.674380 0.000000 0.049135 0.000005 0.058339 
0.014024 0.000000 0.000000 0.010444 0.000000 0.022750 0.000000 0.000001 0.413150 0.000000 0.000000 0.539631 0.000000 
0.066896 0.000000 0.000000 0.224831 0.489486 0.051286 0.000000 0.093321 0.002411 0.000000 0.046207 0.025562 0.000000 
0.020604 0.000000 0.000000 0.143875 0.000000 0.338907 0.000000 0.051759 0.329418 0.000000 0.025545 0.038948 0.050944 
0.000112 0.000000 0.000000 0.053442 0.000000 0.405650 0.062000 0.031334 0.184915 0.000000 0.000000 0.160001 0.102546 
0.066734 0.000000 0.000000 0.343112 0.000000 0.064067 0.000000 0.076688 0.066482 0.000000 0.382911 0.000005 0.000000 
0.040312 0.365538 0.000000 0.217475 0.000000 0.051836 0.000000 0.136323 0.024986 0.000000 0.155318 0.008212 0.000000 
0.142643 0.000000 0.000000 0.149080 0.000000 0.017859 0.000000 0.074873 0.010628 0.000000 0.000000 0.023850 0.581066 
0.000395 0.091718 0.000000 0.089219 0.065102 0.045324 0.023473 0.000001 0.645890 0.000000 0.038875 0.000006 0.000000 
0.068446 0.000000 0.000000 0.298764 0.000000 0.072793 0.031665 0.120756 0.075338 0.000000 0.332232 0.000006 0.000000 
0.012597 0.000000 0.000000 0.168579 0.000000 0.037092 0.000000 0.176884 0.276341 0.000000 0.000000 0.328506 0.000000 
0.072544 0.000000 0.000000 0.086099 0.330995 0.231467 0.000000 0.000001 0.065987 0.000000 0.000000 0.035500 0.177407 
0.014645 0.000000 0.000000 0.064917 0.127632 0.055362 0.035035 0.000000 0.296585 0.000000 0.027930 0.000005 0.377889 
0.139650 0.000000 0.000000 0.351637 0.000000 0.078909 0.058541 0.059245 0.095528 0.000000 0.216486 0.000005 0.000000 
0.006247 0.000000 0.000000 0.127780 0.000000 0.044551 0.019438 0.000001 0.683042 0.000000 0.000000 0.000006 0.118935 
0.008243 0.085976 0.000000 0.080594 0.061940 0.316975 0.000000 0.000001 0.000374 0.000000 0.013849 0.000006 0.432041 
0.539719 0.021920 0.000000 0.182946 0.000000 0.014593 0.000000 0.000001 0.016815 0.000000 0.000000 0.017471 0.206537 
0.028950 0.011382 0.000000 0.687614 0.000000 0.222221 0.000000 0.000001 0.040859 0.000000 0.000000 0.008973 0.000000 
0.394511 0.0973901 0.00326151 0.656012 0.0777577 0.360359 0.0292303 0.140464 0.478681 0.00163183 0.118639 0.197601 0.109384 
