-384941.739041
0
0.001171 0.000001 0.000000 0.007889 0.000299 0.000000 0.000000 0.000317 0.000036 0.001996 0.010958 0.005485 0.000000 0.000000 0.001315 0.001984 0.001671 0.005678 0.002412 0.004640 0.000000 0.005591 0.002104 0.012087 0.002896 0.000000 0.000838 0.013492 0.000000 0.000000 0.000000 0.000000 0.000778 0.002179 0.011498 0.004761 0.000000 0.000002 0.000000 0.000000 0.001552 0.002354 0.001850 0.004338 0.002423 0.000000 0.004527 0.018424 0.002332 0.000523 0.000000 0.006103 0.000500 0.000000 0.000000 0.000000 0.000005 0.016651 0.024158 0.016208 0.000000 0.000001 0.000000 0.000000 0.005031 0.010891 0.006021 0.011080 0.000000 0.002565 0.000000 0.003701 0.033476 0.009959 0.002000 0.315132 0.000000 0.000000 0.000000 0.000000 0.005891 0.022507 0.222802 0.035815 0.000003 0.000000 0.000000 0.001549 0.004660 0.008644 0.006670 0.008121 0.003421 0.008423 0.003339 0.064274 
0.041665 0.039847 0.017645 0.027409 0.006176 0.004567 0.002611 0.002487 0.007815 0.005199 0.000005 0.003519 0.003574 0.003479 0.010389 0.003288 0.002098 0.000001 0.005874 0.000034 0.000000 0.000000 0.000000 0.000000 0.056526 0.075750 0.008582 0.048946 0.011077 0.009438 0.005705 0.008230 0.019226 0.014869 0.007613 0.021329 0.009715 0.011791 0.036989 0.012661 0.004239 0.000810 0.006816 0.003792 0.000000 0.000000 0.004891 0.000002 0.042711 0.046767 0.022569 0.029172 0.006190 0.008432 0.005667 0.005376 0.002397 0.007336 0.003564 0.006081 0.006268 0.006746 0.014813 0.003763 0.004454 0.000000 0.002983 0.000013 0.000000 0.000000 0.000000 0.000774 0.039088 0.056293 0.009111 0.045586 0.001573 0.010146 0.002196 0.000000 0.004485 0.008312 0.000005 0.007687 0.002623 0.005734 0.007393 0.004462 0.000001 0.000002 0.001297 0.000011 0.000000 0.000000 0.000198 0.001039 
0.009531 0.007352 0.000000 0.004829 0.000000 0.000000 0.000000 0.000000 0.006707 0.005226 0.006500 0.000926 0.011992 0.002811 0.005844 0.019605 0.019471 0.008428 0.016286 0.022344 0.042389 0.006798 0.004641 0.023093 0.008354 0.003676 0.000001 0.010748 0.000000 0.000000 0.000000 0.000000 0.010161 0.005926 0.003781 0.005434 0.005375 0.003115 0.001834 0.004906 0.019856 0.011628 0.019437 0.031717 0.027985 0.008705 0.013760 0.064124 0.013036 0.008515 0.000000 0.010786 0.000000 0.001825 0.000000 0.001625 0.001835 0.001065 0.007401 0.008878 0.000000 0.001658 0.001821 0.003057 0.006499 0.010482 0.011134 0.011501 0.008123 0.000000 0.004752 0.023269 0.029023 0.006366 0.000001 0.038740 0.000000 0.000000 0.000000 0.000000 0.002837 0.010082 0.000008 0.010116 0.023274 0.002923 0.012922 0.011512 0.014464 0.020584 0.010819 0.034178 0.061416 0.007832 0.009052 0.071296 
0.000026 0.000001 0.000000 0.000005 0.000000 0.000000 0.000000 0.000000 0.001046 0.024007 0.000006 0.003952 0.000000 0.000000 0.000000 0.002869 0.002069 0.000002 0.001680 0.001401 0.000000 0.000001 0.000394 0.000000 0.000040 0.002208 0.000556 0.002343 0.000000 0.000000 0.000000 0.000000 0.081731 0.103866 0.019477 0.084861 0.000000 0.000002 0.000000 0.000000 0.000282 0.000008 0.002197 0.007408 0.000000 0.000722 0.000154 0.000003 0.000800 0.000009 0.000000 0.000005 0.000000 0.000000 0.000000 0.000000 0.000005 0.020519 0.002031 0.018251 0.000000 0.000001 0.000000 0.000000 0.001345 0.000000 0.000365 0.007246 0.000000 0.000000 0.000000 0.000000 0.001024 0.001680 0.000001 0.000910 0.000000 0.001596 0.000000 0.000000 0.121061 0.285867 0.099553 0.081637 0.001364 0.000000 0.000000 0.004753 0.000002 0.001145 0.002048 0.002188 0.000000 0.000000 0.001279 0.000005 
0.018950 0.013372 0.000866 0.016586 0.020904 0.011594 0.004390 0.020578 0.024211 0.009816 0.008954 0.024503 0.014206 0.009208 0.013294 0.013725 0.032546 0.011476 0.022358 0.028936 0.000000 0.001304 0.009535 0.004111 0.012483 0.000000 0.001678 0.010154 0.011050 0.010736 0.003336 0.016454 0.011663 0.005693 0.003700 0.015760 0.007496 0.011643 0.011631 0.018986 0.009269 0.016628 0.012009 0.016971 0.000000 0.005313 0.008410 0.004788 0.010193 0.006207 0.000000 0.011405 0.008150 0.005345 0.000935 0.013366 0.017186 0.011136 0.002277 0.011764 0.007967 0.005194 0.008027 0.009261 0.014477 0.009606 0.009457 0.015103 0.001893 0.001756 0.012831 0.003672 0.011398 0.008958 0.003072 0.016284 0.010271 0.013524 0.001525 0.022414 0.006934 0.008636 0.000003 0.011155 0.011590 0.008953 0.008251 0.019281 0.016419 0.013909 0.008548 0.015587 0.000000 0.005164 0.010937 0.008702 
0.005516 0.003992 0.001259 0.003814 0.000000 0.000604 0.000000 0.000427 0.031351 0.017062 0.155452 0.013748 0.000000 0.002833 0.000000 0.007256 0.010117 0.005730 0.015147 0.003801 0.000000 0.001159 0.000000 0.001326 0.009340 0.016922 0.005084 0.031927 0.000000 0.000000 0.000000 0.000000 0.013141 0.012795 0.109917 0.013021 0.000000 0.001948 0.000000 0.000000 0.005795 0.003849 0.017234 0.002228 0.000000 0.004107 0.002507 0.004953 0.003606 0.005200 0.000000 0.004446 0.000000 0.003104 0.000000 0.000000 0.055289 0.059046 0.135839 0.038677 0.000000 0.001224 0.000000 0.002090 0.012529 0.005305 0.007387 0.005511 0.000000 0.001202 0.000634 0.000000 0.004364 0.006664 0.000745 0.002446 0.000000 0.000000 0.000000 0.000000 0.006840 0.007735 0.062323 0.006363 0.001824 0.000000 0.000000 0.000977 0.005237 0.003712 0.009621 0.002131 0.000000 0.001863 0.000701 0.000002 
0.001148 0.000000 0.000000 0.000005 0.000223 0.000324 0.000000 0.000404 0.007768 0.002286 0.002925 0.002231 0.000000 0.000000 0.000000 0.000326 0.000010 0.000982 0.001067 0.001147 0.000000 0.000482 0.000383 0.000000 0.001090 0.000000 0.000000 0.000074 0.000528 0.000000 0.000000 0.000925 0.015646 0.005241 0.005089 0.006533 0.000000 0.000917 0.000000 0.000472 0.000624 0.001119 0.001036 0.000374 0.000000 0.000000 0.000242 0.000462 0.000011 0.000291 0.000253 0.000004 0.000000 0.000000 0.000000 0.000000 0.007774 0.000485 0.000048 0.003312 0.000000 0.000871 0.000678 0.000000 0.000008 0.000000 0.000006 0.000699 0.000658 0.000000 0.000000 0.000000 0.015403 0.007278 0.001885 0.013277 0.035544 0.000000 0.001481 0.066236 0.421015 0.080828 0.049453 0.226670 0.000002 0.000000 0.000000 0.000391 0.000397 0.000002 0.000016 0.000827 0.001223 0.000000 0.000003 0.000891 
0.318272 0.139124 0.039658 0.455410 0.047053 0.000482 0.000001 
0.030495 0.030028 0.016872 0.039648 0.509372 0.355251 0.018334 
0.072412 0.114573 0.137641 0.020285 0.654590 0.000498 0.000001 
0.000000 0.000141 0.696421 0.000007 0.150832 0.100937 0.051662 
0.055027 0.115373 0.068881 0.000007 0.266065 0.494646 0.000001 
0.118538 0.005908 0.010898 0.022451 0.027524 0.000320 0.814361 
0.012080 0.139001 0.004369 0.531992 0.069452 0.243105 0.000001 
0.000000 0.072159 0.270192 0.021719 0.586330 0.049599 0.000001 
0.000000 0.090417 0.047953 0.022576 0.684600 0.154453 0.000001 
0.000000 0.002129 0.460546 0.000008 0.201363 0.329006 0.006947 
0.000000 0.151255 0.049955 0.029215 0.638656 0.108304 0.022616 
0.000000 0.636700 0.117834 0.000008 0.226768 0.000870 0.017819 
0.054422 0.009418 0.106778 0.000008 0.105163 0.120376 0.603835 
0.000000 0.026439 0.189523 0.403683 0.065417 0.314938 0.000001 
0.000000 0.444357 0.000076 0.000009 0.116325 0.003259 0.435973 
0.000000 0.056067 0.073013 0.058854 0.464374 0.347691 0.000001 
0.000000 0.480787 0.202849 0.063229 0.190323 0.058826 0.003987 
0.000000 0.000072 0.000096 0.025119 0.000948 0.005373 0.968392 
0.032138 0.022660 0.042241 0.000009 0.037404 0.700079 0.165468 
0.000000 0.184919 0.000099 0.015455 0.028235 0.193377 0.577914 
0.007640 0.861521 0.005836 0.000009 0.112516 0.012478 0.000001 
0.000000 0.063226 0.100741 0.049504 0.651700 0.134828 0.000001 
0.212060 0.063106 0.009723 0.000009 0.234407 0.480694 0.000001 
0.000000 0.228044 0.070487 0.000008 0.428227 0.041173 0.232061 
0.000000 0.615711 0.017543 0.014018 0.107848 0.244878 0.000001 
0.000000 0.052190 0.044586 0.173536 0.371872 0.357815 0.000001 
0.090294 0.030794 0.061200 0.096114 0.331041 0.038222 0.352336 
0.543991 0.017382 0.134913 0.018225 0.104785 0.035100 0.145603 
0.081885 0.000116 0.266505 0.000024 0.026811 0.031751 0.592908 
0.021283 0.050324 0.100402 0.064068 0.725542 0.038380 0.000001 
0.193138 0.080274 0.076295 0.054181 0.483110 0.113002 0.000001 
0.165602 0.057788 0.296037 0.079927 0.022537 0.018865 0.359244 
0.022571 0.000153 0.071312 0.011488 0.102409 0.494944 0.297123 
0.000000 0.582666 0.026087 0.002863 0.146997 0.228433 0.012953 
0.060686 0.039424 0.050702 0.030125 0.411448 0.393437 0.014178 
0.520477 0.020920 0.296002 0.000008 0.090030 0.072562 0.000001 
0.000000 0.105782 0.073984 0.000008 0.531665 0.192861 0.095699 
0.065400 0.105849 0.000102 0.000008 0.009511 0.000345 0.818784 
0.069781 0.468581 0.040774 0.045538 0.335797 0.033919 0.005609 
0.000000 0.026022 0.010813 0.026807 0.168722 0.027454 0.740182 
0.006919 0.028373 0.038974 0.004457 0.169603 0.751674 0.000001 
0.196979 0.000152 0.000113 0.000008 0.091681 0.711066 0.000001 
0.000000 0.038977 0.011430 0.015575 0.204691 0.000354 0.728974 
0.000000 0.019018 0.545964 0.105636 0.137521 0.191859 0.000001 
0.037611 0.080387 0.039200 0.011598 0.278455 0.530923 0.021826 
0.924502 0.059601 0.000068 0.000008 0.003184 0.000617 0.012018 
0.000000 0.247068 0.038541 0.019543 0.679894 0.002748 0.012207 
0.244444 0.040052 0.086507 0.250860 0.032172 0.058222 0.287743 
0.000000 0.007873 0.672134 0.000010 0.288320 0.026835 0.004828 
0.007212 0.091451 0.000076 0.644858 0.173636 0.082766 0.000001 
0.000000 0.728652 0.008025 0.000008 0.198991 0.064323 0.000001 
0.000000 0.108504 0.075056 0.451459 0.363365 0.001615 0.000001 
0.000000 0.000116 0.638200 0.000010 0.204179 0.157494 0.000001 
0.000000 0.539030 0.149363 0.000009 0.136169 0.162762 0.012666 
0.000000 0.034748 0.046654 0.004343 0.344298 0.097485 0.472472 
0.189693 0.000188 0.000113 0.000008 0.044545 0.042653 0.722799 
0.000000 0.547665 0.250074 0.000007 0.138047 0.008493 0.055714 
0.000000 0.759198 0.000063 0.103154 0.099843 0.037741 0.000001 
0.000000 0.183578 0.037724 0.175164 0.125834 0.477699 0.000001 
0.016666 0.148419 0.606357 0.000008 0.180580 0.047968 0.000001 
0.044935 0.112631 0.042197 0.000009 0.293491 0.474885 0.031852 
0.627772 0.027548 0.036760 0.033299 0.076096 0.198525 0.000001 
0.000000 0.019791 0.005485 0.196798 0.111433 0.611238 0.055254 
0.000000 0.256573 0.061896 0.032860 0.405340 0.139115 0.104215 
0.037603 0.022966 0.020813 0.065933 0.077796 0.758531 0.016359 
0.041720 0.015261 0.046278 0.560696 0.283129 0.052915 0.000001 
0.000000 0.009534 0.039173 0.009304 0.109788 0.816752 0.015449 
0.000000 0.077290 0.022833 0.045619 0.180521 0.061439 0.612298 
0.011617 0.087429 0.062906 0.247403 0.413736 0.176908 0.000001 
0.000000 0.000147 0.626560 0.008558 0.093698 0.027697 0.243340 
0.000000 0.377048 0.030517 0.017452 0.465829 0.109154 0.000001 
0.082757 0.183372 0.097311 0.000010 0.419108 0.217442 0.000001 
0.023836 0.000193 0.128218 0.567885 0.070251 0.209617 0.000001 
0.827330 0.000171 0.000098 0.046417 0.024043 0.101941 0.000001 
0.027642 0.006870 0.000108 0.530769 0.037384 0.046640 0.350588 
0.000000 0.140409 0.032217 0.000009 0.118774 0.708591 0.000001 
0.240305 0.007336 0.069358 0.450739 0.154198 0.078063 0.000001 
0.009172 0.784169 0.008040 0.000009 0.195434 0.003175 0.000001 
0.000000 0.100151 0.053081 0.000009 0.003490 0.000664 0.842605 
0.017523 0.010923 0.036412 0.466884 0.086314 0.381942 0.000001 
0.000000 0.015469 0.059848 0.040827 0.477458 0.054950 0.351448 
0.000000 0.000142 0.019593 0.796934 0.072955 0.045739 0.064637 
0.042715 0.000172 0.023967 0.115044 0.141050 0.650592 0.026459 
0.000000 0.040815 0.046220 0.000009 0.001650 0.911305 0.000001 
0.528221 0.071425 0.034815 0.000009 0.358237 0.007292 0.000001 
0.000000 0.344067 0.021411 0.070207 0.198482 0.357749 0.008084 
0.000000 0.434327 0.000085 0.122031 0.131483 0.312073 0.000001 
0.000000 0.065774 0.084029 0.066412 0.717034 0.066750 0.000001 
0.000000 0.055486 0.037096 0.010265 0.481993 0.029890 0.385270 
0.000000 0.026983 0.147750 0.561376 0.214771 0.007345 0.041775 
0.097538 0.032207 0.004570 0.038876 0.095662 0.633818 0.097328 
0.000000 0.078543 0.084669 0.072327 0.682211 0.082249 0.000001 
0.000000 0.047863 0.014482 0.000009 0.379411 0.550407 0.007829 
0.353543 0.244316 0.057196 0.183771 0.078411 0.082763 0.000001 
0.149284 0.067544 0.016398 0.414084 0.059258 0.293431 0.000001 
0.000000 0.103028 0.188805 0.048979 0.563713 0.095475 0.000001 
0.033084 0.037209 0.009406 0.160371 0.114302 0.645628 0.000001 
0.061349 0.332899 0.000123 0.439216 0.073745 0.000181 0.092486 
0.000000 0.000164 0.604395 0.211583 0.159421 0.000728 0.023709 
0.017495 0.382368 0.041175 0.000006 0.522938 0.015996 0.020022 
0.121318 0.373062 0.337113 0.212797 0.655315 0.455857 0.145207 
