-385066.991525
0
0.004477 0.000000 0.001431 0.000000 0.039099 0.019923 0.012943 0.037743 0.016647 0.013186 0.000000 0.011681 0.000000 0.000000 0.000000 0.000000 0.011815 0.005330 0.011125 0.011495 0.000000 0.000000 0.016143 0.009055 0.009113 0.022404 0.000000 0.000000 0.022447 0.029084 0.008515 0.040968 0.018081 0.010906 0.007376 0.012385 0.000000 0.006339 0.013863 0.000000 0.005345 0.014034 0.009925 0.005856 0.000000 0.010528 0.009804 0.016417 0.000000 0.007100 0.000000 0.003382 0.020995 0.014578 0.004077 0.033831 0.035689 0.016524 0.000000 0.016449 0.000000 0.004331 0.008399 0.000000 0.011845 0.005449 0.000000 0.004347 0.004531 0.000000 0.016551 0.000000 0.000000 0.020499 0.003539 0.000000 0.021041 0.039028 0.004434 0.051270 0.017754 0.032294 0.005354 0.016978 0.000000 0.000000 0.011417 0.000000 0.015041 0.015546 0.011274 0.002936 0.003233 0.000000 0.014353 0.010448 
0.000000 0.002834 0.002344 0.000000 0.000000 0.000000 0.000000 0.000000 0.039460 0.014445 0.225428 0.008935 0.000000 0.002523 0.000000 0.000000 0.020190 0.000000 0.000001 0.004831 0.000000 0.000000 0.000000 0.002937 0.002242 0.013071 0.001743 0.005100 0.000000 0.000000 0.000000 0.000000 0.020597 0.014209 0.135878 0.001805 0.000000 0.000000 0.000000 0.000000 0.005214 0.001502 0.011587 0.005537 0.000000 0.006945 0.000000 0.003708 0.000000 0.009031 0.000000 0.000546 0.000000 0.005562 0.000000 0.000000 0.039596 0.039823 0.166069 0.011892 0.000000 0.000000 0.000000 0.000000 0.015386 0.000000 0.005670 0.000000 0.000000 0.000000 0.000000 0.000000 0.001403 0.008816 0.001972 0.015434 0.000000 0.000000 0.000000 0.000000 0.016556 0.008729 0.080544 0.001564 0.000000 0.000000 0.000000 0.000000 0.009071 0.004200 0.005070 0.000000 0.000000 0.000000 0.000000 0.000000 
0.036408 0.007689 0.000000 0.012078 0.000000 0.006125 0.000000 0.000000 0.000003 0.018953 0.167619 0.014944 0.000000 0.000000 0.000000 0.028381 0.000001 0.019926 0.030260 0.013076 0.000000 0.008766 0.000000 0.000000 0.000001 0.000000 0.000000 0.000001 0.000000 0.000000 0.000000 0.000000 0.033389 0.017803 0.072910 0.060931 0.000000 0.000000 0.000000 0.000000 0.000003 0.000001 0.000002 0.000004 0.000000 0.000000 0.000000 0.000000 0.020643 0.000000 0.000000 0.000001 0.000000 0.000000 0.000000 0.000000 0.000000 0.000041 0.000000 0.042639 0.000000 0.000000 0.000000 0.005090 0.005396 0.013684 0.000001 0.047828 0.000000 0.000000 0.000000 0.000000 0.032598 0.017175 0.000000 0.000001 0.000000 0.007775 0.000000 0.000000 0.009672 0.029434 0.125265 0.036480 0.013467 0.000000 0.000000 0.000000 0.003553 0.000001 0.019859 0.015263 0.000000 0.004858 0.000000 0.000000 
0.025123 0.000000 0.000000 0.000000 0.000000 0.000000 0.000000 0.013969 0.000007 0.040129 0.000000 0.000041 0.000000 0.021429 0.000000 0.000000 0.000002 0.000002 0.000019 0.000013 0.000000 0.020203 0.000000 0.000000 0.027746 0.051553 0.066762 0.186312 0.000000 0.000000 0.000000 0.000000 0.000283 0.011276 0.000097 0.000394 0.000000 0.033862 0.010921 0.000000 0.020984 0.000002 0.000004 0.000012 0.000000 0.000000 0.000001 0.000001 0.037674 0.000001 0.021127 0.000003 0.000000 0.000000 0.000000 0.000000 0.000000 0.080704 0.076505 0.086222 0.000000 0.029790 0.000000 0.018355 0.000031 0.018688 0.017253 0.000004 0.000000 0.000000 0.000000 0.000000 0.000002 0.013685 0.000000 0.000004 0.000000 0.000000 0.000000 0.000000 0.000153 0.048287 0.000017 0.002778 0.000000 0.006448 0.000000 0.000000 0.000019 0.000004 0.011094 0.000003 0.000000 0.000000 0.000000 0.000000 
0.000000 0.014242 0.000000 0.000000 0.000000 0.000000 0.000000 0.000000 0.000010 0.000292 0.000000 0.042372 0.000000 0.000000 0.000000 0.038836 0.000002 0.000003 0.000024 0.000015 0.000000 0.000000 0.000000 0.000000 0.000005 0.000000 0.000000 0.000002 0.000000 0.000000 0.000000 0.000000 0.007427 0.108863 0.033283 0.000430 0.000000 0.000000 0.000000 0.000000 0.000011 0.000002 0.000006 0.000014 0.000000 0.000000 0.000001 0.000001 0.000000 0.000001 0.000000 0.000004 0.000000 0.000000 0.000000 0.000000 0.000000 0.081197 0.006766 0.000992 0.000000 0.000000 0.000000 0.000000 0.017406 0.000004 0.000004 0.075286 0.000000 0.000000 0.000000 0.000000 0.000002 0.000074 0.000000 0.000004 0.000000 0.000000 0.000000 0.000000 0.000172 0.361351 0.008792 0.136501 0.000000 0.000000 0.000000 0.000000 0.016283 0.000004 0.000027 0.000004 0.000000 0.000000 0.019992 0.029291 
0.000000 0.000000 0.000000 0.000000 0.000317 0.000319 0.000000 0.000319 0.007837 0.002498 0.003747 0.001489 0.000000 0.000000 0.000000 0.000000 0.000000 0.000643 0.000714 0.001064 0.000000 0.000000 0.000347 0.000000 0.000905 0.000000 0.000000 0.000000 0.000791 0.000000 0.000000 0.001053 0.015909 0.005140 0.005525 0.006725 0.000000 0.000748 0.000000 0.000000 0.000627 0.000906 0.000000 0.000390 0.000000 0.000000 0.000000 0.000359 0.000000 0.000250 0.000309 0.000000 0.000000 0.000000 0.000000 0.000000 0.006844 0.000006 0.000000 0.002575 0.000000 0.000851 0.000671 0.000000 0.000002 0.000000 0.000000 0.000000 0.000627 0.000000 0.000000 0.000000 0.015171 0.007659 0.001880 0.013334 0.035786 0.000000 0.001715 0.066899 0.425320 0.081815 0.049652 0.227983 0.000000 0.000000 0.000000 0.000317 0.000002 0.000000 0.000002 0.000741 0.001217 0.000000 0.000000 0.000000 
0.039698 0.036912 0.019734 0.024918 0.005904 0.004583 0.002642 0.000000 0.007804 0.005305 0.000000 0.003203 0.002425 0.002491 0.010028 0.001199 0.005481 0.000000 0.007817 0.000001 0.000000 0.000000 0.000000 0.000000 0.055034 0.078974 0.010101 0.046234 0.011778 0.009943 0.006636 0.007560 0.021721 0.016397 0.005933 0.022034 0.008777 0.009535 0.040670 0.009584 0.005280 0.000000 0.009257 0.003877 0.000000 0.000000 0.004899 0.000000 0.043891 0.050767 0.025934 0.030101 0.007139 0.009505 0.006179 0.004527 0.000000 0.008477 0.000000 0.007512 0.006878 0.005831 0.015103 0.001386 0.006070 0.000000 0.003700 0.000000 0.000000 0.000000 0.000000 0.000000 0.037979 0.060668 0.010557 0.044266 0.000000 0.011177 0.002642 0.000000 0.003294 0.006492 0.000001 0.006783 0.001396 0.004183 0.007871 0.001443 0.001242 0.000000 0.002638 0.000000 0.000000 0.000000 0.000000 0.000000 
0.000000 0.000000 0.000000 0.000000 0.000000 0.000000 0.000000 0.000000 0.000001 0.026056 0.000000 0.000005 0.000000 0.000000 0.000000 0.000000 0.003115 0.000000 0.000553 0.001794 0.000000 0.000000 0.000439 0.000000 0.000000 0.000000 0.000000 0.000000 0.000000 0.000000 0.000000 0.000000 0.085654 0.106469 0.018459 0.090883 0.000000 0.000000 0.000000 0.000000 0.000001 0.000000 0.001671 0.008184 0.000000 0.001067 0.000000 0.000000 0.000000 0.000000 0.000000 0.000000 0.000000 0.000000 0.000000 0.000000 0.000000 0.016182 0.000000 0.018490 0.000000 0.000000 0.000000 0.000000 0.000004 0.000000 0.000000 0.000000 0.000000 0.000000 0.000000 0.001196 0.000000 0.000008 0.000000 0.000000 0.000000 0.001585 0.000000 0.000000 0.129086 0.294227 0.106169 0.078892 0.000000 0.000000 0.000000 0.005055 0.000002 0.001497 0.001566 0.001687 0.000000 0.000000 0.000000 0.000000 
0.000000 0.000000 0.005525 0.000000 0.014747 0.008072 0.002485 0.006805 0.026199 0.016492 0.000000 0.028565 0.009472 0.004847 0.014021 0.000000 0.075317 0.020239 0.044750 0.037515 0.000000 0.005044 0.000000 0.000000 0.000001 0.000000 0.000000 0.000000 0.004841 0.000000 0.003807 0.000000 0.035659 0.027977 0.000019 0.034050 0.000000 0.000000 0.016726 0.000000 0.023643 0.009652 0.031923 0.026114 0.000000 0.003257 0.007378 0.000000 0.009541 0.007760 0.000000 0.010611 0.007559 0.002857 0.000000 0.000000 0.027395 0.027016 0.000000 0.030368 0.010031 0.000000 0.004888 0.000000 0.029436 0.018157 0.022271 0.027721 0.000000 0.000000 0.004929 0.000000 0.000000 0.005375 0.009300 0.002397 0.000000 0.004331 0.000000 0.000000 0.022994 0.039555 0.000003 0.013658 0.002956 0.000000 0.007846 0.000000 0.031035 0.021287 0.019914 0.025457 0.000000 0.008209 0.000000 0.000000 
0.040625 0.033358 0.000000 0.035423 0.008457 0.005631 0.000000 0.012344 0.021329 0.004354 0.006439 0.024191 0.021901 0.015230 0.019972 0.027306 0.014252 0.008723 0.016213 0.027440 0.004523 0.000000 0.007008 0.003074 0.031259 0.000000 0.000000 0.028323 0.005183 0.003135 0.000000 0.006422 0.002159 0.001670 0.001092 0.017964 0.014956 0.020041 0.009364 0.035159 0.003959 0.018239 0.002656 0.017056 0.002507 0.001793 0.008019 0.003356 0.021453 0.009329 0.000000 0.019148 0.000000 0.000000 0.000000 0.006088 0.000000 0.000007 0.000000 0.000436 0.009144 0.008173 0.009616 0.018384 0.004836 0.006364 0.007489 0.013347 0.001040 0.000594 0.010116 0.006988 0.030418 0.008111 0.000000 0.038983 0.006569 0.000000 0.000000 0.008592 0.003784 0.002743 0.000001 0.013979 0.021451 0.016469 0.006049 0.037144 0.005426 0.007082 0.000001 0.017462 0.002000 0.004264 0.011652 0.013167 
0.000000 0.000000 0.000000 0.000000 0.000000 0.000000 0.000000 0.000000 0.027386 0.019022 0.000000 0.022740 0.000000 0.000000 0.000000 0.009615 0.000000 0.012874 0.039806 0.000002 0.000000 0.000000 0.000000 0.000000 0.018689 0.027060 0.012846 0.079488 0.000000 0.000000 0.000000 0.000000 0.000691 0.011294 0.068366 0.020383 0.000000 0.000000 0.000000 0.000000 0.009908 0.009020 0.040814 0.000002 0.000000 0.000000 0.008824 0.011810 0.000000 0.000000 0.000000 0.013661 0.000000 0.000000 0.000000 0.000000 0.109300 0.112545 0.119635 0.083985 0.000000 0.000000 0.000000 0.000000 0.012430 0.011077 0.013423 0.002239 0.000000 0.000000 0.002300 0.006202 0.000000 0.000008 0.000000 0.000000 0.000000 0.000000 0.000000 0.000000 0.000020 0.001687 0.022790 0.009389 0.000000 0.000000 0.000000 0.000000 0.001131 0.006293 0.015507 0.000001 0.000000 0.000000 0.000000 0.005736 
0.000000 0.000000 0.000000 0.007070 0.000000 0.000000 0.000000 0.000000 0.000001 0.000037 0.000000 0.005013 0.000000 0.000000 0.000000 0.000000 0.000000 0.005264 0.000003 0.003288 0.000000 0.005878 0.002288 0.012597 0.002670 0.000000 0.000000 0.012486 0.000000 0.000000 0.000000 0.000000 0.000028 0.000402 0.007665 0.002732 0.000000 0.000000 0.000000 0.000000 0.000001 0.002214 0.000001 0.003023 0.000000 0.000000 0.004499 0.017098 0.000000 0.000000 0.000000 0.006077 0.000922 0.000000 0.000000 0.000000 0.000000 0.015108 0.023775 0.015128 0.000000 0.000000 0.000000 0.000000 0.004130 0.011286 0.005792 0.009724 0.000000 0.000000 0.000000 0.000000 0.034983 0.010355 0.002114 0.356349 0.000000 0.000000 0.000000 0.000000 0.004477 0.020516 0.247395 0.037704 0.000000 0.000000 0.000000 0.001653 0.003774 0.008806 0.006164 0.007208 0.000000 0.000000 0.003268 0.069029 
0.000000 0.000000 0.000000 0.000000 0.000000 0.000000 0.000000 0.000000 0.003388 0.006215 0.000000 0.000005 0.009626 0.000000 0.002783 0.018439 0.024536 0.009842 0.018716 0.023673 0.044292 0.008666 0.004648 0.026465 0.000000 0.002162 0.000000 0.004683 0.000000 0.000000 0.000000 0.000000 0.012591 0.007144 0.000012 0.003946 0.003014 0.000000 0.000000 0.000000 0.023217 0.010352 0.023611 0.034661 0.032402 0.009848 0.014852 0.074347 0.010944 0.007177 0.000000 0.008248 0.000000 0.002436 0.000000 0.000000 0.002653 0.002133 0.003101 0.012734 0.000000 0.000000 0.000000 0.000000 0.008594 0.012665 0.012469 0.014911 0.009432 0.000000 0.004420 0.024971 0.027364 0.005781 0.000000 0.035597 0.000000 0.000000 0.000000 0.000000 0.002675 0.012338 0.000002 0.010135 0.022776 0.000000 0.014470 0.005350 0.017972 0.024106 0.014082 0.039167 0.073318 0.008926 0.008907 0.082011 
0.000008 0.000005 0.000000 0.000006 0.000045 0.000036 0.000000 0.000003 0.004426 0.047458 0.000000 0.017940 0.000000 0.000003 0.000000 0.000069 0.000956 0.001553 0.008336 0.006196 0.000000 0.000002 0.000023 0.000005 0.002055 0.000125 0.000000 0.001229 0.000004 0.000000 0.000000 0.000000 0.051532 0.099103 0.030516 0.067528 0.000000 0.000004 0.000006 0.000000 0.005070 0.001426 0.002977 0.005955 0.000000 0.000036 0.000452 0.000492 0.000107 0.000453 0.000000 0.001890 0.000000 0.000003 0.000000 0.000000 0.000175 0.034385 0.000119 0.102864 0.000000 0.000003 0.000003 0.000000 0.014215 0.001730 0.001880 0.002262 0.000000 0.000000 0.000003 0.000000 0.001212 0.021288 0.000032 0.001993 0.000000 0.000003 0.000000 0.000000 0.037891 0.222956 0.008607 0.165247 0.000004 0.000000 0.000005 0.000031 0.009472 0.002083 0.011648 0.001716 0.000000 0.000003 0.000004 0.000131 
0.000008 0.000005 0.000000 0.000006 0.000045 0.000036 0.000000 0.000003 0.004426 0.047458 0.000000 0.017940 0.000000 0.000003 0.000000 0.000069 0.000956 0.001553 0.008336 0.006196 0.000000 0.000002 0.000023 0.000005 0.002055 0.000125 0.000000 0.001229 0.000004 0.000000 0.000000 0.000000 0.051532 0.099103 0.030516 0.067528 0.000000 0.000004 0.000006 0.000000 0.005070 0.001426 0.002977 0.005955 0.000000 0.000036 0.000452 0.000492 0.000107 0.000453 0.000000 0.001890 0.000000 0.000003 0.000000 0.000000 0.000175 0.034385 0.000119 0.102864 0.000000 0.000003 0.000003 0.000000 0.014215 0.001730 0.001880 0.002262 0.000000 0.000000 0.000003 0.000000 0.001212 0.021288 0.000032 0.001993 0.000000 0.000003 0.000000 0.000000 0.037891 0.222956 0.008607 0.165247 0.000004 0.000000 0.000005 0.000031 0.009472 0.002083 0.011648 0.001716 0.000000 0.000003 0.000004 0.000131 
0.000000 0.000000 0.000000 0.113775 0.037370 0.000000 0.000000 0.000000 0.000026 0.000608 0.000000 0.000157 0.000000 0.000000 0.000000 0.000000 0.000006 0.000010 0.000060 0.000040 0.000000 0.000000 0.000000 0.000000 0.000013 0.000001 0.000000 0.000008 0.000000 0.000000 0.000000 0.000000 0.000615 0.002212 0.000320 0.000998 0.000000 0.000000 0.000000 0.000000 0.000031 0.000008 0.000018 0.000037 0.000000 0.000000 0.000003 0.000003 0.000001 0.000003 0.000000 0.000012 0.000000 0.000000 0.000000 0.000000 0.000001 0.000375 0.000001 0.003021 0.000000 0.000000 0.000000 0.000000 0.000131 0.000010 0.000012 0.000014 0.000000 0.336686 0.000000 0.000000 0.000007 0.000185 0.000000 0.000012 0.000000 0.000000 0.000000 0.000000 0.000427 0.008239 0.000061 0.003887 0.000000 0.000000 0.000000 0.000000 0.000068 0.000013 0.000079 0.000012 0.000000 0.490423 0.000000 0.000001 
-nan -nan -nan -nan -nan -nan -nan -nan -nan -nan -nan -nan -nan -nan -nan -nan -nan -nan -nan -nan -nan -nan -nan -nan -nan -nan -nan -nan -nan -nan -nan -nan -nan -nan -nan -nan -nan -nan -nan -nan -nan -nan -nan -nan -nan -nan -nan -nan -nan -nan -nan -nan -nan -nan -nan -nan -nan -nan -nan -nan -nan -nan -nan -nan -nan -nan -nan -nan -nan -nan -nan -nan -nan -nan -nan -nan -nan -nan -nan -nan -nan -nan -nan -nan -nan -nan -nan -nan -nan -nan -nan -nan -nan -nan -nan -nan 
0.012578 0.011914 0.000000 0.000002 0.062875 0.000005 0.140015 0.401325 0.000000 0.034116 0.000002 0.278214 0.051228 0.000000 0.000000 0.007725 0.000000 
0.237498 0.335594 0.032986 0.000002 0.000000 0.000006 0.000060 0.034212 0.034335 0.318576 0.000002 0.000000 0.000068 0.000000 0.000000 0.006662 0.000000 
0.360390 0.016202 0.000000 0.000002 0.000000 0.000005 0.061973 0.000002 0.025791 0.335452 0.000002 0.060993 0.128129 0.000000 0.000000 0.011059 0.000000 
0.025357 0.110482 0.000000 0.000002 0.000000 0.048039 0.000062 0.000002 0.000000 0.232375 0.000002 0.000000 0.583679 0.000000 0.000000 0.000000 0.000000 
0.021021 0.237430 0.000000 0.000002 0.000000 0.000005 0.047525 0.000002 0.000000 0.331046 0.297348 0.041659 0.018985 0.000000 0.000000 0.004976 0.000000 
0.004104 0.000556 0.000000 0.000002 0.019843 0.818704 0.000072 0.000002 0.000000 0.034666 0.000002 0.109761 0.012289 0.000000 0.000000 0.000000 0.000000 
0.031540 0.143501 0.000000 0.044396 0.024098 0.000005 0.114824 0.501049 0.000000 0.051894 0.084500 0.000000 0.000073 0.000000 0.000000 0.004121 0.000000 
0.331952 0.041857 0.000000 0.000002 0.000000 0.000005 0.035281 0.000002 0.000000 0.288702 0.035316 0.000000 0.257184 0.000000 0.000000 0.009699 0.000000 
0.430847 0.130094 0.019632 0.019657 0.000000 0.000004 0.000071 0.000002 0.000000 0.364580 0.000002 0.000000 0.022246 0.000000 0.000000 0.012864 0.000000 
0.042921 0.205543 0.000000 0.000002 0.000000 0.000006 0.000068 0.000002 0.028760 0.211191 0.132451 0.000000 0.375953 0.000000 0.000000 0.003103 0.000000 
0.465485 0.097853 0.000000 0.032423 0.000000 0.012279 0.059661 0.000002 0.000000 0.303020 0.000002 0.000000 0.029273 0.000000 0.000000 0.000000 0.000000 
0.059462 0.002241 0.000000 0.000002 0.000000 0.016591 0.589639 0.000002 0.062054 0.151067 0.028394 0.000000 0.090547 0.000000 0.000000 0.000000 0.000000 
0.034933 0.063666 0.000000 0.000002 0.000000 0.596110 0.000076 0.000002 0.032687 0.061736 0.063211 0.045011 0.093971 0.000000 0.000000 0.008594 0.000000 
0.026773 0.160117 0.000000 0.000002 0.015664 0.000005 0.029616 0.376298 0.000000 0.059537 0.164980 0.000000 0.164410 0.000000 0.000000 0.002598 0.000000 
0.043263 0.011015 0.000000 0.000002 0.000000 0.430676 0.415808 0.000002 0.000000 0.099182 0.000002 0.000000 0.000050 0.000000 0.000000 0.000000 0.000000 
0.113600 0.216276 0.000000 0.069142 0.000000 0.000006 0.009352 0.009566 0.270711 0.198681 0.067834 0.000000 0.044833 0.000000 0.000000 0.000000 0.000000 
0.087285 0.048368 0.000000 0.000002 0.000000 0.000006 0.454644 0.056168 0.030791 0.126895 0.024479 0.000000 0.171362 0.000000 0.000000 0.000000 0.000000 
0.000363 0.005032 0.000000 0.000001 0.022989 0.970823 0.000036 0.000002 0.000000 0.000642 0.000002 0.000000 0.000109 0.000000 0.000000 0.000000 0.000000 
0.001371 0.452993 0.062559 0.000002 0.000000 0.160005 0.023849 0.000002 0.000000 0.060996 0.195857 0.009419 0.030698 0.000000 0.000000 0.002249 0.000000 
0.016781 0.001609 0.063144 0.000002 0.000000 0.575359 0.173266 0.000002 0.000000 0.001751 0.168025 0.000000 0.000059 0.000000 0.000000 0.000000 0.000000 
0.015983 0.024797 0.000000 0.000002 0.000000 0.000005 0.811896 0.000002 0.000000 0.147236 0.000003 0.000000 0.000076 0.000000 0.000000 0.000000 0.000000 
0.120094 0.090856 0.000000 0.000002 0.000000 0.000005 0.059248 0.000002 0.371962 0.247834 0.040651 0.000000 0.069345 0.000000 0.000000 0.000000 0.000000 
0.022450 0.288430 0.000000 0.000002 0.000000 0.000005 0.039302 0.000002 0.089468 0.196112 0.177484 0.183349 0.000070 0.000000 0.000000 0.003325 0.000000 
0.044208 0.035315 0.038063 0.000004 0.000000 0.227617 0.122366 0.000002 0.000000 0.510055 0.000002 0.000000 0.022367 0.000000 0.000000 0.000000 0.000000 
0.076003 0.181830 0.000000 0.106119 0.000000 0.000006 0.551591 0.000002 0.000000 0.071347 0.000002 0.000000 0.013101 0.000000 0.000000 0.000000 0.000000 
0.090261 0.194304 0.174856 0.000002 0.079040 0.027334 0.056664 0.000002 0.208106 0.098164 0.046445 0.000000 0.024823 0.000000 0.000000 0.000000 0.000000 
0.061688 0.030769 0.000000 0.000002 0.000000 0.362434 0.027146 0.046770 0.223410 0.113184 0.004604 0.088292 0.041701 0.000000 0.000000 0.000000 0.000000 
0.027103 0.057156 0.000000 0.000002 0.000000 0.144753 0.010754 0.015024 0.038537 0.081434 0.000002 0.487512 0.133491 0.000000 0.000000 0.004233 0.000000 
0.003309 0.038891 0.000000 0.000002 0.000000 0.584602 0.000055 0.000002 0.000000 0.077584 0.000002 0.074977 0.220576 0.000000 0.000000 0.000000 0.000000 
0.227940 0.023556 0.000000 0.052050 0.000000 0.000005 0.000061 0.000002 0.317167 0.280395 0.000002 0.034368 0.064454 0.000000 0.000000 0.000000 0.000000 
0.130668 0.105679 0.000000 0.000002 0.000000 0.000005 0.076285 0.017204 0.213302 0.222294 0.000002 0.172183 0.058910 0.000000 0.000000 0.003465 0.000000 
0.000226 0.013143 0.030449 0.019332 0.000000 0.356726 0.041388 0.068745 0.000000 0.085355 0.000002 0.141974 0.241187 0.000000 0.000000 0.001473 0.000000 
0.000580 0.348291 0.167705 0.000002 0.000000 0.283766 0.000056 0.000002 0.000000 0.101641 0.041170 0.000000 0.056787 0.000000 0.000000 0.000000 0.000000 
0.045629 0.123042 0.000000 0.019002 0.000000 0.012541 0.514263 0.006543 0.000000 0.159845 0.114644 0.000000 0.000083 0.000000 0.000000 0.004409 0.000000 
0.211682 0.299810 0.156630 0.000002 0.000000 0.002872 0.017191 0.000002 0.016210 0.214286 0.000002 0.030613 0.044514 0.000000 0.000000 0.006186 0.000000 
0.009644 0.087182 0.000000 0.000002 0.000000 0.000006 0.026742 0.000002 0.034502 0.105452 0.000002 0.459981 0.268882 0.000000 0.000000 0.007603 0.000000 
0.269959 0.196489 0.000000 0.000002 0.000000 0.077327 0.043283 0.000002 0.000000 0.358323 0.000002 0.000000 0.051367 0.000000 0.000000 0.003245 0.000000 
0.008617 0.000197 0.000000 0.017763 0.000000 0.811968 0.088011 0.000002 0.000000 0.011659 0.000002 0.058452 0.003329 0.000000 0.000000 0.000000 0.000000 
0.048150 0.045521 0.000000 0.000002 0.045743 0.018325 0.357092 0.000002 0.000000 0.422280 0.000002 0.058109 0.004773 0.000000 0.000000 0.000000 0.000000 
0.047536 0.014478 0.000000 0.000002 0.000000 0.742850 0.016974 0.000002 0.090745 0.073795 0.013531 0.000000 0.000087 0.000000 0.000000 0.000000 0.000000 
0.044377 0.313276 0.024968 0.063064 0.000000 0.000004 0.000063 0.000002 0.063536 0.101975 0.370077 0.000000 0.014970 0.000000 0.000000 0.003686 0.000000 
0.047999 0.311039 0.000000 0.015483 0.000000 0.000004 0.000063 0.000002 0.000000 0.041329 0.395795 0.165023 0.013689 0.000000 0.000000 0.009572 0.000000 
0.104596 0.002276 0.000000 0.000001 0.000000 0.714406 0.008991 0.019143 0.000000 0.150515 0.000002 0.000000 0.000070 0.000000 0.000000 0.000000 0.000000 
0.050155 0.097086 0.000000 0.000002 0.000000 0.000004 0.020329 0.099718 0.000000 0.143989 0.114751 0.000000 0.473965 0.000000 0.000000 0.000000 0.000000 
0.012438 0.448789 0.137968 0.000002 0.000000 0.017263 0.028432 0.000002 0.000000 0.345444 0.000002 0.000000 0.009660 0.000000 0.000000 0.000000 0.000000 
0.000496 0.000557 0.062448 0.029647 0.000000 0.014394 0.040660 0.000002 0.000000 0.005948 0.000002 0.809220 0.027279 0.000000 0.000000 0.009346 0.000000 
0.395784 0.013591 0.000000 0.026841 0.000000 0.000006 0.147624 0.000002 0.000000 0.399814 0.000002 0.000000 0.005846 0.000000 0.000000 0.010490 0.000000 
0.006488 0.001870 0.061156 0.024230 0.051990 0.295297 0.030663 0.180900 0.000000 0.019404 0.034447 0.204923 0.082137 0.000000 0.000000 0.006494 0.000000 
0.048195 0.043355 0.000000 0.000002 0.000000 0.000006 0.000059 0.000002 0.000000 0.370319 0.000002 0.000000 0.538059 0.000000 0.000000 0.000000 0.000000 
0.000390 0.050757 0.000000 0.000002 0.092194 0.025307 0.067230 0.536813 0.000000 0.171672 0.053163 0.000000 0.000039 0.000000 0.000000 0.002431 0.000000 
0.101205 0.053740 0.000000 0.000002 0.000000 0.000005 0.697207 0.000002 0.054029 0.093736 0.000002 0.000000 0.000072 0.000000 0.000000 0.000000 0.000000 
0.058958 0.015335 0.000000 0.000002 0.000000 0.014347 0.080288 0.404569 0.115918 0.263418 0.000002 0.000000 0.047163 0.000000 0.000000 0.000000 0.000000 
0.055315 0.095095 0.000000 0.000002 0.000000 0.000005 0.000051 0.000002 0.000000 0.204126 0.081954 0.000000 0.560619 0.000000 0.000000 0.002831 0.000000 
0.068132 0.149429 0.000000 0.000002 0.000000 0.008356 0.517569 0.000002 0.000000 0.127790 0.000002 0.000000 0.128718 0.000000 0.000000 0.000000 0.000000 
0.063686 0.044375 0.000000 0.000002 0.000000 0.463499 0.028225 0.000002 0.155296 0.155216 0.056460 0.000000 0.033239 0.000000 0.000000 0.000000 0.000000 
0.006400 0.016451 0.000000 0.000002 0.000000 0.718607 0.000055 0.000002 0.000000 0.036901 0.043971 0.166856 0.010754 0.000000 0.000000 0.000000 0.000000 
0.045779 0.021009 0.000000 0.000002 0.000000 0.054442 0.509770 0.000002 0.000000 0.164418 0.000003 0.000000 0.204575 0.000000 0.000000 0.000000 0.000000 
0.060401 0.039773 0.000000 0.000002 0.000000 0.000005 0.721994 0.098211 0.000000 0.079565 0.000002 0.000000 0.000045 0.000000 0.000000 0.000000 0.000000 
0.051433 0.260655 0.097936 0.000002 0.014452 0.000005 0.167491 0.138694 0.000000 0.083251 0.164853 0.000000 0.021228 0.000000 0.000000 0.000000 0.000000 
0.035840 0.049600 0.000000 0.000002 0.000000 0.000005 0.134987 0.000002 0.000000 0.235229 0.026107 0.000000 0.518228 0.000000 0.000000 0.000000 0.000000 
0.021454 0.414540 0.100385 0.000002 0.000000 0.025118 0.059151 0.000002 0.000000 0.363025 0.000002 0.000000 0.016321 0.000000 0.000000 0.000000 0.000000 
0.016175 0.113236 0.000000 0.000002 0.035583 0.000006 0.031597 0.000002 0.048495 0.041392 0.101158 0.548297 0.053958 0.000000 0.000000 0.010099 0.000000 
0.063935 0.266933 0.000000 0.039763 0.037922 0.051247 0.000061 0.166055 0.000000 0.045638 0.326486 0.000000 0.000066 0.000000 0.000000 0.001894 0.000000 
0.135431 0.106967 0.000000 0.020083 0.000000 0.105714 0.244201 0.000002 0.213741 0.127697 0.000002 0.000000 0.043452 0.000000 0.000000 0.002710 0.000000 
0.012353 0.662234 0.142523 0.000002 0.042158 0.017359 0.026225 0.000002 0.000000 0.083424 0.000002 0.000000 0.013718 0.000000 0.000000 0.000000 0.000000 
0.080563 0.001563 0.067827 0.000003 0.022353 0.000006 0.014959 0.480127 0.130645 0.093855 0.038360 0.039351 0.030387 0.000000 0.000000 0.000000 0.000000 
0.058061 0.369828 0.000000 0.039713 0.000000 0.010692 0.000057 0.015626 0.000000 0.056206 0.420648 0.000000 0.022666 0.000000 0.000000 0.006503 0.000000 
0.079404 0.038708 0.000000 0.000002 0.000000 0.599020 0.030677 0.049818 0.000000 0.158383 0.037410 0.000000 0.006577 0.000000 0.000000 0.000000 0.000000 
0.081978 0.067473 0.000000 0.000002 0.000000 0.000005 0.037059 0.232587 0.088360 0.311995 0.151403 0.000000 0.029138 0.000000 0.000000 0.000000 0.000000 
0.024294 0.042334 0.000000 0.000002 0.000000 0.240978 0.000063 0.000002 0.000000 0.172499 0.000002 0.000000 0.519827 0.000000 0.000000 0.000000 0.000000 
0.015074 0.106762 0.000000 0.009128 0.000000 0.000004 0.270752 0.012611 0.096834 0.488765 0.000002 0.000000 0.000068 0.000000 0.000000 0.000000 0.000000 
0.208301 0.141023 0.000000 0.000002 0.000000 0.000005 0.144661 0.000002 0.000000 0.240038 0.104915 0.064083 0.088381 0.000000 0.000000 0.008589 0.000000 
0.029619 0.120579 0.000000 0.033133 0.035614 0.000006 0.000066 0.524864 0.000000 0.048602 0.081167 0.000000 0.122215 0.000000 0.000000 0.004135 0.000000 
0.002364 0.066237 0.037423 0.000002 0.000000 0.000004 0.009383 0.046960 0.000001 0.008926 0.048124 0.731843 0.041014 0.000000 0.000000 0.007718 0.000000 
0.000509 0.025973 0.028303 0.000002 0.060964 0.355226 0.009121 0.453180 0.000001 0.028091 0.017337 0.021225 0.000070 0.000000 0.000000 0.000000 0.000000 
0.012861 0.279922 0.052795 0.056629 0.000000 0.000004 0.086956 0.000002 0.000000 0.143381 0.362711 0.000000 0.004739 0.000000 0.000000 0.000000 0.000000 
0.033155 0.063829 0.000000 0.000002 0.000000 0.000005 0.000072 0.424098 0.080828 0.093850 0.025393 0.217192 0.060510 0.000000 0.000000 0.001066 0.000000 
0.104147 0.006531 0.000000 0.000002 0.000000 0.000005 0.739947 0.000002 0.030940 0.099601 0.018755 0.000000 0.000070 0.000000 0.000000 0.000000 0.000000 
0.000605 0.002774 0.000000 0.000002 0.000000 0.833508 0.088852 0.000002 0.000000 0.030431 0.000002 0.000000 0.043823 0.000000 0.000000 0.000000 0.000000 
0.023217 0.323685 0.098585 0.000002 0.000000 0.000005 0.010914 0.432210 0.000000 0.081588 0.000002 0.000000 0.029790 0.000000 0.000000 0.000000 0.000000 
0.100168 0.029945 0.000000 0.000002 0.000000 0.357537 0.000066 0.000002 0.255819 0.194989 0.027343 0.000000 0.034130 0.000000 0.000000 0.000000 0.000000 
0.014967 0.016106 0.000000 0.000003 0.014994 0.071216 0.000058 0.752294 0.000000 0.058288 0.064237 0.000000 0.007837 0.000000 0.000000 0.000000 0.000000 
0.031939 0.529648 0.189824 0.000002 0.000000 0.025999 0.000059 0.068210 0.043835 0.076304 0.000002 0.010316 0.023862 0.000000 0.000000 0.000000 0.000000 
0.000157 0.426507 0.000000 0.097450 0.000000 0.000005 0.000088 0.000002 0.000000 0.010912 0.426070 0.000000 0.028721 0.000000 0.000000 0.010088 0.000000 
0.139963 0.030148 0.000000 0.038657 0.000000 0.000005 0.000068 0.000002 0.045281 0.238410 0.000002 0.455036 0.048881 0.000000 0.000000 0.003546 0.000000 
0.114438 0.298820 0.041905 0.000002 0.000000 0.000005 0.325103 0.055871 0.027418 0.125796 0.000002 0.000000 0.010640 0.000000 0.000000 0.000000 0.000000 
0.075893 0.124516 0.077547 0.012085 0.000000 0.000005 0.405347 0.099434 0.000000 0.050449 0.154676 0.000000 0.000049 0.000000 0.000000 0.000000 0.000000 
0.092845 0.068558 0.000000 0.000002 0.000000 0.000005 0.057299 0.000002 0.418906 0.315298 0.000002 0.000000 0.047082 0.000000 0.000000 0.000000 0.000000 
0.190026 0.025915 0.000000 0.016202 0.000000 0.368392 0.000073 0.000002 0.168510 0.215179 0.000002 0.000000 0.015699 0.000000 0.000000 0.000000 0.000000 
0.119265 0.016576 0.000000 0.000002 0.000000 0.026888 0.000072 0.552245 0.000000 0.156507 0.000003 0.000000 0.128442 0.000000 0.000000 0.000000 0.000000 
0.009136 0.458155 0.222594 0.000002 0.000000 0.096080 0.024874 0.000002 0.000000 0.088159 0.042450 0.058492 0.000055 0.000000 0.000000 0.000000 0.000000 
0.135083 0.064255 0.000000 0.000003 0.000000 0.000005 0.069760 0.016377 0.349322 0.290470 0.024067 0.000000 0.050657 0.000000 0.000000 0.000000 0.000000 
0.229776 0.251841 0.000000 0.000002 0.000000 0.000005 0.018817 0.000002 0.000000 0.174292 0.323129 0.000000 0.000058 0.000000 0.000000 0.002078 0.000000 
0.029564 0.063316 0.022311 0.000002 0.000000 0.000005 0.231339 0.178342 0.000000 0.072736 0.028236 0.301635 0.062762 0.000000 0.000000 0.009752 0.000000 
0.000519 0.235095 0.093844 0.000002 0.041114 0.000005 0.055881 0.359361 0.000000 0.079043 0.000002 0.119507 0.014216 0.000000 0.000000 0.001412 0.000000 
0.078859 0.052195 0.062568 0.000002 0.000000 0.000006 0.069081 0.000002 0.251324 0.347886 0.014472 0.000000 0.123605 0.000000 0.000000 0.000000 0.000000 
0.023050 0.511594 0.208252 0.000002 0.000000 0.000006 0.019148 0.116114 0.000000 0.121757 0.000002 0.000000 0.000076 0.000000 0.000000 0.000000 0.000000 
0.044641 0.000312 0.000000 0.000002 0.000000 0.085849 0.309840 0.426243 0.000000 0.068141 0.000002 0.063236 0.000077 0.000000 0.000000 0.001657 0.000000 
0.052002 0.018636 0.000000 0.000002 0.000000 0.022275 0.000071 0.197757 0.000000 0.182382 0.000002 0.000000 0.526872 0.000000 0.000000 0.000000 0.000000 
0.017123 0.040949 0.000000 0.000002 0.000000 0.024735 0.226185 0.000002 0.000000 0.690940 0.000002 0.000000 0.000062 0.000000 0.000000 0.000000 0.000000 
0.440903 0.445646 0.0889625 0.169381 0.0720083 0.195827 0.31363 0.165789 0.13599 0.550996 0.170233 0.108575 0.31455 0.012395 0.0124794 0.0985076 2.05437e-05 
