-390972.477862
0
0.001006 0.000243 0.000000 0.000629 0.000557 0.000240 0.000000 0.000262 0.006045 0.007829 0.001659 0.002900 0.000002 0.000001 0.000418 0.000524 0.000093 0.000650 0.001301 0.001161 0.000000 0.000420 0.000409 0.000002 0.000885 0.000000 0.000000 0.000242 0.000381 0.000000 0.000000 0.000952 0.038317 0.039775 0.005970 0.032693 0.000000 0.000813 0.000000 0.000743 0.000413 0.001099 0.000936 0.002574 0.000000 0.000002 0.000397 0.000259 0.000013 0.000211 0.000197 0.000006 0.000000 0.000000 0.000000 0.000000 0.005495 0.003495 0.000154 0.005890 0.000342 0.000529 0.000678 0.000001 0.000010 0.000005 0.000006 0.002454 0.000248 0.000000 0.000002 0.000002 0.010948 0.005384 0.001206 0.013658 0.022257 0.000060 0.001058 0.041903 0.313084 0.167596 0.066326 0.177495 0.000465 0.000000 0.000000 0.001866 0.000490 0.000025 0.000480 0.001056 0.000734 0.000001 0.000057 0.001311 
0.002368 0.001010 0.000000 0.005382 0.001438 0.000340 0.000000 0.000558 0.003105 0.004078 0.007777 0.004995 0.005733 0.000557 0.003414 0.011851 0.014390 0.008965 0.010526 0.017095 0.024471 0.006752 0.004653 0.019727 0.002046 0.000000 0.000000 0.008597 0.000133 0.000000 0.000114 0.000502 0.004327 0.003675 0.005599 0.005139 0.002039 0.000325 0.000000 0.001222 0.011402 0.007968 0.011486 0.019780 0.017179 0.005779 0.009670 0.045395 0.004088 0.000883 0.000000 0.006701 0.000508 0.000000 0.000000 0.000000 0.000475 0.009093 0.012558 0.014082 0.000454 0.000705 0.000000 0.001167 0.006928 0.013182 0.009950 0.014763 0.005167 0.001762 0.003983 0.014119 0.027835 0.005495 0.000758 0.165386 0.000000 0.000000 0.000000 0.001313 0.001719 0.018042 0.094426 0.021261 0.013261 0.001142 0.005943 0.007204 0.012377 0.018250 0.010633 0.026905 0.036887 0.009813 0.007102 0.072121 
0.030347 0.025853 0.007841 0.021199 0.014852 0.008531 0.003824 0.013256 0.017253 0.008199 0.004834 0.014256 0.010400 0.007281 0.012216 0.009867 0.018872 0.005634 0.015209 0.015657 0.000000 0.000482 0.004858 0.001701 0.032861 0.033262 0.004693 0.027860 0.011287 0.010550 0.004311 0.013231 0.017765 0.011834 0.006499 0.020027 0.009115 0.012432 0.022456 0.017156 0.007586 0.009807 0.010307 0.011815 0.000000 0.002812 0.007023 0.002556 0.026025 0.025085 0.008832 0.019835 0.007480 0.007154 0.002821 0.010708 0.010216 0.008663 0.003168 0.008470 0.007112 0.006067 0.011282 0.007417 0.009697 0.003995 0.006180 0.006930 0.001057 0.000690 0.007126 0.001887 0.023933 0.029817 0.005517 0.019501 0.006429 0.012439 0.001725 0.012013 0.005231 0.010887 0.000084 0.007954 0.008150 0.008226 0.008906 0.013480 0.008236 0.007130 0.004606 0.007570 0.000000 0.002016 0.006367 0.002217 
0.004316 0.003102 0.000519 0.003534 0.000001 0.001265 0.000000 0.001366 0.029144 0.019973 0.137920 0.015087 0.001034 0.003246 0.000545 0.007899 0.012154 0.006308 0.015482 0.006262 0.000000 0.001079 0.001116 0.001620 0.006750 0.011847 0.004579 0.027954 0.000000 0.000000 0.000000 0.000001 0.018964 0.021464 0.101742 0.020981 0.000000 0.001995 0.000000 0.000693 0.005704 0.004530 0.016244 0.004249 0.000000 0.004260 0.002584 0.004679 0.002578 0.003420 0.000000 0.003760 0.000000 0.002845 0.000000 0.000618 0.050663 0.059191 0.120649 0.039245 0.000000 0.001084 0.000000 0.002240 0.012819 0.006062 0.007498 0.007895 0.000000 0.001205 0.001270 0.001909 0.002820 0.004236 0.000663 0.003274 0.000000 0.000960 0.000000 0.000006 0.004712 0.020359 0.065288 0.005439 0.002361 0.000000 0.000000 0.002499 0.006300 0.004413 0.009863 0.003205 0.000000 0.002311 0.001894 0.002254 
0.413676 0.335165 0.189161 0.061998 
0.048490 0.069984 0.477084 0.404441 
0.020094 0.256031 0.721216 0.002659 
0.041829 0.627348 0.243303 0.087519 
0.000284 0.125163 0.356212 0.518341 
0.880651 0.092132 0.024494 0.002723 
0.426645 0.007107 0.199365 0.366883 
0.010067 0.304017 0.635094 0.050822 
0.016000 0.095062 0.722787 0.166150 
0.006200 0.421220 0.247786 0.324794 
0.045018 0.086685 0.751725 0.116572 
0.017140 0.080865 0.901515 0.000479 
0.620086 0.164647 0.100189 0.115078 
0.276856 0.185175 0.095826 0.442144 
0.444666 0.000313 0.554493 0.000528 
0.031685 0.108261 0.444665 0.415388 
0.039272 0.154864 0.754981 0.050883 
0.993800 0.001072 0.000916 0.004213 
0.177683 0.056965 0.062183 0.703169 
0.608502 0.000869 0.230049 0.160580 
0.000359 0.015902 0.982544 0.001195 
0.024066 0.153303 0.640640 0.181991 
0.007991 0.225845 0.236295 0.529869 
0.235751 0.086321 0.641708 0.036220 
0.003969 0.016114 0.749380 0.230537 
0.115110 0.076200 0.359490 0.449200 
0.459342 0.198381 0.282662 0.059615 
0.200061 0.659621 0.080413 0.059905 
0.597487 0.320954 0.053330 0.028229 
0.033193 0.191551 0.700577 0.074679 
0.041714 0.326545 0.469720 0.162020 
0.439241 0.409105 0.131218 0.020436 
0.322035 0.087816 0.088205 0.501945 
0.014691 0.024606 0.752477 0.208225 
0.038232 0.133287 0.391732 0.436748 
0.011882 0.802208 0.092570 0.093340 
0.099182 0.109725 0.598351 0.192742 
0.850812 0.027355 0.121241 0.000592 
0.041974 0.120836 0.799507 0.037684 
0.778696 0.023591 0.168396 0.029318 
0.000732 0.043736 0.171829 0.783702 
0.002350 0.194101 0.066032 0.737517 
0.756393 0.026254 0.215477 0.001876 
0.038104 0.533386 0.223365 0.205146 
0.032864 0.072570 0.330620 0.563946 
0.036382 0.864634 0.043482 0.055503 
0.026670 0.069559 0.901488 0.002284 
0.537407 0.292176 0.071788 0.098629 
0.002130 0.570253 0.420937 0.006680 
0.554902 0.005708 0.246528 0.192862 
0.000464 0.013764 0.940168 0.045604 
0.374418 0.110182 0.472330 0.043070 
0.000412 0.609665 0.239292 0.150631 
0.007684 0.122987 0.731945 0.137384 
0.489187 0.078678 0.324645 0.107489 
0.778292 0.150616 0.021953 0.049138 
0.048514 0.199848 0.750972 0.000665 
0.070991 0.002104 0.894441 0.032464 
0.099109 0.031312 0.311355 0.558223 
0.000235 0.543093 0.426420 0.030251 
0.037954 0.085407 0.379798 0.496841 
0.028297 0.666055 0.054012 0.251636 
0.189314 0.001567 0.103393 0.705727 
0.133150 0.069492 0.649042 0.148315 
0.054593 0.046283 0.082814 0.816310 
0.476369 0.129139 0.236306 0.158185 
0.022506 0.031784 0.097285 0.848426 
0.666017 0.033260 0.239938 0.060784 
0.172396 0.100839 0.466366 0.260399 
0.239108 0.564174 0.181962 0.014756 
0.002299 0.050735 0.833798 0.113168 
0.006436 0.198298 0.561366 0.233900 
0.442610 0.147446 0.062393 0.347551 
0.049728 0.794487 0.002333 0.153451 
0.850596 0.019735 0.029572 0.100096 
0.000301 0.024193 0.251218 0.724288 
0.382738 0.331106 0.112727 0.173430 
0.001453 0.015813 0.981968 0.000766 
0.842935 0.037530 0.118956 0.000579 
0.361193 0.040906 0.080027 0.517875 
0.394687 0.104499 0.427996 0.072818 
0.778881 0.018548 0.050886 0.151685 
0.095564 0.061148 0.105325 0.737963 
0.000546 0.018585 0.051344 0.929525 
0.025492 0.620416 0.307506 0.046586 
0.046726 0.030376 0.545077 0.377822 
0.063734 0.000883 0.586860 0.348524 
0.024537 0.135650 0.731471 0.108342 
0.407404 0.082278 0.478585 0.031734 
0.518262 0.185832 0.241400 0.054505 
0.139889 0.081050 0.108208 0.670853 
0.036549 0.141879 0.689977 0.131596 
0.013098 0.022415 0.386566 0.577920 
0.149845 0.393024 0.322733 0.134398 
0.335991 0.143180 0.110961 0.409868 
0.023405 0.223426 0.638797 0.114371 
0.100704 0.029326 0.127693 0.742277 
0.510608 0.040975 0.444757 0.003661 
0.165501 0.588510 0.239342 0.006646 
0.019544 0.076263 0.893452 0.010741 
0.454116 0.515095 0.869584 0.519222 
