-384391.084332
0
0.000006 0.000000 0.000000 0.000000 0.000628 0.000001 0.000000 0.000000 0.000943 0.023971 0.000002 0.003750 0.000000 0.000000 0.000000 0.002951 0.001564 0.000007 0.001040 0.001753 0.000000 0.000001 0.000873 0.000000 0.000000 0.001540 0.000000 0.000000 0.000000 0.000000 0.000000 0.000957 0.080076 0.104277 0.019607 0.084382 0.000000 0.000000 0.000000 0.000000 0.000037 0.000008 0.001542 0.007462 0.000000 0.000875 0.000003 0.000003 0.000001 0.000007 0.000000 0.000001 0.000000 0.000000 0.000000 0.000000 0.000010 0.019293 0.000710 0.017501 0.000000 0.000000 0.000000 0.000000 0.001280 0.000003 0.000003 0.006471 0.000000 0.000000 0.000000 0.001144 0.000012 0.001712 0.000000 0.001121 0.000000 0.002175 0.000000 0.000000 0.118856 0.291752 0.102307 0.081506 0.001065 0.000000 0.000000 0.005109 0.000045 0.001430 0.001631 0.001704 0.000000 0.000854 0.001659 0.002376 
0.000819 0.000000 0.000000 0.007699 0.000712 0.000002 0.000000 0.000460 0.000082 0.002018 0.011293 0.005240 0.000000 0.000000 0.000695 0.001987 0.001540 0.005671 0.002267 0.004506 0.000000 0.005621 0.002243 0.012291 0.002452 0.000001 0.001010 0.013742 0.000000 0.000000 0.000000 0.000000 0.000765 0.001961 0.012013 0.004508 0.000000 0.000000 0.000000 0.000000 0.001461 0.002436 0.001846 0.004186 0.002351 0.000002 0.004726 0.018701 0.002295 0.000010 0.000000 0.005855 0.000654 0.000000 0.000000 0.000000 0.000010 0.017063 0.025297 0.016715 0.000000 0.000000 0.000000 0.000000 0.004912 0.011198 0.005985 0.010899 0.000000 0.002606 0.000000 0.003016 0.032912 0.009909 0.001954 0.318259 0.000000 0.000000 0.000000 0.000000 0.003929 0.021325 0.222828 0.035035 0.000000 0.000000 0.000000 0.001678 0.004570 0.008896 0.006866 0.008043 0.003708 0.008375 0.003358 0.064534 
0.005792 0.000000 0.000000 0.000000 0.012454 0.007747 0.000000 0.003781 0.027550 0.015903 0.000004 0.030305 0.011250 0.007147 0.014844 0.004189 0.071296 0.020403 0.043741 0.038710 0.000000 0.004370 0.001980 0.000001 0.000001 0.000001 0.000000 0.000000 0.002740 0.000000 0.000000 0.000000 0.032152 0.026333 0.000788 0.031888 0.006384 0.000000 0.014512 0.000000 0.022501 0.010945 0.029078 0.026222 0.000000 0.002815 0.008218 0.000004 0.010406 0.004793 0.000000 0.010513 0.006149 0.001659 0.000000 0.000000 0.023752 0.024037 0.000003 0.029449 0.010680 0.000000 0.004411 0.000000 0.027630 0.018121 0.021967 0.028369 0.002287 0.000000 0.006481 0.000000 0.002191 0.002589 0.007604 0.008402 0.000000 0.000000 0.004704 0.000000 0.021947 0.042101 0.000002 0.014719 0.007024 0.002923 0.006810 0.007242 0.029439 0.020554 0.018521 0.027109 0.000000 0.004525 0.000002 0.004832 
0.036719 0.034702 0.000000 0.035674 0.009855 0.005445 0.000000 0.015323 0.020680 0.004403 0.010825 0.023079 0.018877 0.014209 0.018289 0.023607 0.013176 0.007477 0.014361 0.024425 0.001715 0.000000 0.005991 0.002204 0.036100 0.012083 0.000000 0.030168 0.007369 0.005509 0.000000 0.010240 0.003512 0.003013 0.003716 0.016969 0.012370 0.020037 0.010399 0.035972 0.003140 0.016834 0.002620 0.014234 0.001292 0.002293 0.007550 0.001829 0.020201 0.013396 0.000000 0.019979 0.002891 0.000000 0.001665 0.006362 0.000006 0.002308 0.000001 0.001096 0.008401 0.008571 0.010682 0.019141 0.005135 0.005427 0.005797 0.011529 0.002100 0.002483 0.009667 0.005293 0.027639 0.011834 0.000000 0.034211 0.008922 0.006171 0.000000 0.010904 0.004450 0.002654 0.000001 0.014185 0.018664 0.015774 0.006076 0.032803 0.005121 0.006194 0.000008 0.012340 0.000000 0.002661 0.010790 0.008181 
0.000951 0.000000 0.000000 0.000000 0.000379 0.000460 0.000000 0.000446 0.007656 0.002297 0.003206 0.002079 0.000000 0.000000 0.000000 0.000003 0.000022 0.000826 0.000887 0.001029 0.000000 0.000391 0.000410 0.000000 0.000956 0.000001 0.000000 0.000000 0.000745 0.000000 0.000000 0.001067 0.015476 0.004978 0.005289 0.006527 0.000000 0.000858 0.000000 0.000000 0.000717 0.001026 0.000656 0.000327 0.000000 0.000001 0.000002 0.000548 0.000000 0.000302 0.000298 0.000001 0.000000 0.000000 0.000000 0.000000 0.007261 0.000329 0.000001 0.003037 0.000000 0.000874 0.000678 0.000000 0.000020 0.000001 0.000002 0.000753 0.000660 0.000000 0.000000 0.000000 0.015493 0.007504 0.001914 0.013454 0.035561 0.000000 0.001504 0.066591 0.421670 0.081182 0.050133 0.227195 0.000000 0.000000 0.000000 0.000000 0.000408 0.000016 0.000011 0.000879 0.001192 0.000001 0.000001 0.000859 
0.038283 0.034168 0.021782 0.022042 0.006768 0.005207 0.003354 0.000000 0.008331 0.006254 0.000002 0.002685 0.001991 0.001934 0.008647 0.000002 0.006383 0.000005 0.007559 0.000096 0.000000 0.000547 0.000001 0.000000 0.052589 0.075264 0.010328 0.045340 0.011612 0.009847 0.007287 0.007573 0.022655 0.016824 0.008614 0.021899 0.007950 0.009012 0.040145 0.006752 0.005878 0.000005 0.010015 0.004201 0.000000 0.000001 0.004882 0.000002 0.043543 0.049610 0.026273 0.028773 0.007096 0.010323 0.006129 0.005363 0.005862 0.010203 0.005726 0.008677 0.006449 0.005525 0.014484 0.000000 0.006745 0.000002 0.004078 0.000011 0.000000 0.000000 0.000000 0.000000 0.036037 0.060309 0.011040 0.042000 0.000000 0.011107 0.003425 0.000000 0.004729 0.008337 0.000001 0.006220 0.000000 0.003535 0.007839 0.000000 0.002080 0.000467 0.003194 0.000028 0.000000 0.000003 0.000001 0.000057 
0.004863 0.000000 0.005855 0.000000 0.045172 0.023109 0.019019 0.045762 0.015329 0.014791 0.000004 0.008574 0.000000 0.000000 0.000000 0.000004 0.009619 0.004568 0.006670 0.010389 0.000000 0.000001 0.018754 0.010301 0.001340 0.012065 0.006240 0.000000 0.025853 0.030499 0.013502 0.043906 0.016200 0.007539 0.004149 0.008025 0.000000 0.008290 0.013497 0.000000 0.004725 0.014863 0.006535 0.005705 0.000000 0.012457 0.009134 0.015523 0.000001 0.003421 0.000000 0.000002 0.021230 0.018042 0.000000 0.039961 0.033769 0.012680 0.000002 0.013879 0.000000 0.004691 0.007614 0.000000 0.010973 0.004672 0.000006 0.000029 0.000000 0.000000 0.019315 0.000000 0.000020 0.019593 0.005182 0.001785 0.023359 0.042065 0.000000 0.060693 0.017762 0.030257 0.000002 0.014839 0.000000 0.000000 0.013282 0.000001 0.014993 0.016222 0.010534 0.003094 0.000000 0.008518 0.017083 0.007596 
0.010115 0.004459 0.000000 0.003163 0.000003 0.001974 0.000000 0.000000 0.029728 0.015052 0.213971 0.011353 0.001824 0.000828 0.000916 0.008746 0.014501 0.005357 0.008088 0.009043 0.000864 0.001910 0.000865 0.002032 0.000000 0.004969 0.000000 0.000000 0.000000 0.000000 0.000000 0.000000 0.023450 0.014596 0.115040 0.017111 0.000000 0.000000 0.000000 0.000000 0.003606 0.001957 0.008223 0.005928 0.000000 0.002843 0.000003 0.002330 0.005400 0.004617 0.000000 0.000001 0.000000 0.003305 0.000000 0.000000 0.026974 0.025889 0.118090 0.017122 0.000000 0.000000 0.000000 0.000000 0.012856 0.004146 0.003970 0.012649 0.000000 0.000000 0.000000 0.000000 0.010666 0.010043 0.001662 0.014637 0.000000 0.000000 0.000000 0.000000 0.022333 0.016970 0.093211 0.015070 0.004523 0.000000 0.000000 0.001513 0.007793 0.003635 0.008210 0.005223 0.000000 0.000940 0.000971 0.002733 
0.000005 0.000000 0.000000 0.001421 0.000003 0.000001 0.000000 0.000883 0.030325 0.018089 0.092870 0.015675 0.000000 0.003670 0.000000 0.005731 0.010479 0.007028 0.021389 0.002126 0.000000 0.001028 0.000002 0.002092 0.010491 0.019387 0.009016 0.052220 0.000000 0.000000 0.000000 0.000000 0.009106 0.012918 0.093556 0.011743 0.000000 0.002116 0.000000 0.000000 0.008636 0.005525 0.025236 0.001664 0.000000 0.005153 0.004912 0.009361 0.000001 0.002910 0.000000 0.006429 0.000000 0.002944 0.000000 0.000000 0.073236 0.080394 0.135973 0.053511 0.000000 0.002045 0.000000 0.002054 0.012858 0.007274 0.010499 0.002461 0.000000 0.002027 0.001509 0.003357 0.000009 0.001903 0.000000 0.003528 0.000000 0.000000 0.000000 0.000000 0.006043 0.008789 0.047249 0.006082 0.000000 0.000000 0.000000 0.000000 0.005312 0.005493 0.011646 0.002463 0.000906 0.003048 0.000412 0.003780 
0.002472 0.000000 0.000000 0.000000 0.002010 0.001378 0.000000 0.000000 0.006526 0.006309 0.007532 0.000082 0.010244 0.000000 0.002999 0.017500 0.023826 0.009228 0.017417 0.023354 0.044984 0.007539 0.005662 0.025879 0.000001 0.000001 0.000000 0.002771 0.000000 0.001667 0.000000 0.000000 0.012568 0.006697 0.004926 0.003962 0.003632 0.000000 0.000797 0.000000 0.021732 0.010969 0.022335 0.033826 0.030185 0.009904 0.014328 0.070913 0.010066 0.006321 0.000000 0.007783 0.000000 0.003404 0.000000 0.002990 0.005683 0.002474 0.009395 0.011146 0.000000 0.000000 0.000000 0.000000 0.008502 0.011612 0.011793 0.012626 0.009092 0.000000 0.005313 0.022899 0.026029 0.005552 0.000000 0.033042 0.000000 0.000000 0.000000 0.004059 0.003572 0.011442 0.000001 0.009243 0.022348 0.000000 0.014513 0.006862 0.017633 0.023482 0.013404 0.036590 0.069905 0.008585 0.009271 0.077211 
0.459619 0.311723 0.000000 0.044342 0.000000 0.141779 0.000002 0.000001 0.000010 0.042524 
0.022652 0.000000 0.033339 0.317360 0.000000 0.000057 0.197455 0.374331 0.041878 0.012929 
0.000000 0.081040 0.079025 0.360021 0.000000 0.055722 0.277848 0.000001 0.000011 0.146333 
0.000000 0.000000 0.000000 0.216354 0.045060 0.000059 0.000002 0.101064 0.000010 0.637451 
0.000000 0.051646 0.000000 0.330579 0.000000 0.048029 0.000002 0.014194 0.522665 0.032884 
0.022793 0.117048 0.000000 0.034245 0.815813 0.000063 0.000002 0.000001 0.000008 0.010026 
0.534497 0.000000 0.000000 0.063710 0.000000 0.133150 0.011079 0.000001 0.257530 0.000033 
0.004960 0.000000 0.029333 0.314787 0.000000 0.027022 0.259236 0.000001 0.077001 0.287660 
0.000000 0.000000 0.000000 0.399488 0.000000 0.000062 0.361141 0.112764 0.075654 0.050891 
0.000000 0.000000 0.034355 0.204712 0.000000 0.015123 0.000002 0.077754 0.262380 0.405675 
0.026554 0.000000 0.000000 0.333225 0.000000 0.070351 0.375908 0.052680 0.085455 0.055828 
0.000000 0.000000 0.065513 0.175004 0.014732 0.605168 0.034357 0.000001 0.000010 0.105215 
0.000000 0.053399 0.019741 0.057504 0.601833 0.009801 0.028809 0.000001 0.126095 0.102817 
0.401528 0.000000 0.000000 0.057673 0.000000 0.033343 0.010117 0.000001 0.327539 0.169799 
0.000000 0.000000 0.000000 0.139083 0.436573 0.410993 0.013315 0.000001 0.000010 0.000024 
0.000000 0.000000 0.282806 0.160236 0.000000 0.060453 0.091239 0.093911 0.262285 0.049070 
0.061432 0.000000 0.025254 0.153464 0.000000 0.463665 0.047622 0.000001 0.058891 0.189671 
0.033397 0.000000 0.000000 0.000923 0.958132 0.000031 0.000001 0.007476 0.000009 0.000031 
0.000000 0.010582 0.000000 0.034555 0.152679 0.044727 0.000002 0.343129 0.389738 0.024589 
0.000000 0.000000 0.000000 0.031273 0.589368 0.181123 0.000002 0.000001 0.198208 0.000025 
0.000000 0.012412 0.000000 0.188046 0.000000 0.795846 0.000002 0.000001 0.000010 0.003683 
0.000000 0.000000 0.403310 0.202410 0.000000 0.072581 0.104262 0.059929 0.078293 0.079214 
0.000000 0.196933 0.071112 0.180065 0.000000 0.047129 0.011486 0.143053 0.350195 0.000027 
0.000000 0.000000 0.024670 0.568483 0.232269 0.079532 0.000002 0.051655 0.000010 0.043378 
0.008872 0.000000 0.000000 0.101891 0.000000 0.589501 0.038699 0.031925 0.219843 0.009268 
0.115333 0.000000 0.222194 0.108319 0.000000 0.072210 0.080621 0.304582 0.063067 0.033673 
0.043042 0.095904 0.248343 0.074617 0.366826 0.041558 0.048239 0.000001 0.036723 0.044747 
0.000000 0.542093 0.050273 0.075328 0.152871 0.017741 0.012495 0.033533 0.000010 0.115656 
0.000000 0.081512 0.000000 0.065276 0.586306 0.000048 0.000002 0.034390 0.000009 0.232457 
0.000000 0.036970 0.355192 0.259991 0.000000 0.024715 0.192642 0.000001 0.052277 0.078212 
0.009714 0.195192 0.221004 0.201413 0.000000 0.077030 0.116088 0.087302 0.029162 0.063095 
0.079113 0.167719 0.000000 0.090861 0.354041 0.048632 0.000001 0.014265 0.000010 0.245357 
0.000000 0.000000 0.000000 0.106351 0.279450 0.000057 0.000002 0.480964 0.077510 0.055667 
0.000000 0.000000 0.000000 0.200416 0.016691 0.525181 0.000002 0.004795 0.241905 0.011010 
0.000000 0.035164 0.057885 0.223779 0.000000 0.023718 0.158153 0.432237 0.014322 0.054741 
0.000000 0.516206 0.036872 0.089140 0.000000 0.027637 0.000002 0.048359 0.016040 0.265744 
0.000000 0.000000 0.030206 0.357808 0.073246 0.050469 0.198488 0.219971 0.000009 0.069803 
0.000000 0.063394 0.000000 0.018992 0.817930 0.099645 0.000002 0.000001 0.000009 0.000026 
0.060880 0.062833 0.000000 0.501837 0.000000 0.314641 0.000002 0.036033 0.000010 0.023765 
0.000000 0.000000 0.095979 0.062058 0.750782 0.026371 0.030357 0.000001 0.027057 0.007396 
0.000000 0.000000 0.063249 0.102312 0.000000 0.032991 0.028140 0.032100 0.728148 0.013059 
0.000000 0.187500 0.000000 0.038704 0.000000 0.015631 0.037460 0.000001 0.720677 0.000027 
0.024589 0.000000 0.000000 0.166673 0.719928 0.000064 0.078569 0.000001 0.000009 0.010167 
0.107641 0.000000 0.000000 0.140851 0.000000 0.025184 0.014038 0.000001 0.201594 0.510692 
0.000000 0.000000 0.000000 0.324003 0.000000 0.049272 0.000002 0.602778 0.000010 0.023935 
0.000000 0.920945 0.000000 0.008217 0.015503 0.055302 0.000002 0.000001 0.000009 0.000021 
0.015553 0.000000 0.032665 0.431965 0.000000 0.150195 0.314251 0.000001 0.019593 0.035778 
0.247521 0.241070 0.000000 0.052231 0.289733 0.031485 0.000002 0.000001 0.064649 0.073308 
0.000000 0.000000 0.000000 0.363342 0.004942 0.000050 0.000002 0.000001 0.031426 0.600237 
0.632460 0.000000 0.019202 0.187963 0.012272 0.045621 0.000002 0.000001 0.102461 0.000019 
0.000000 0.000000 0.027683 0.139649 0.000000 0.701074 0.067424 0.030157 0.027356 0.006657 
0.421493 0.000000 0.137403 0.251252 0.014455 0.079927 0.031938 0.000001 0.000012 0.063520 
0.000000 0.000000 0.045842 0.199802 0.000000 0.000047 0.012314 0.000001 0.162199 0.579796 
0.000000 0.000000 0.000000 0.145631 0.000000 0.524531 0.039377 0.153387 0.000010 0.137064 
0.000000 0.000000 0.174112 0.140534 0.466125 0.031583 0.048491 0.000001 0.099849 0.039306 
0.000000 0.184017 0.000000 0.038830 0.726493 0.000053 0.000002 0.000001 0.050575 0.000030 
0.000000 0.000000 0.000000 0.198274 0.056689 0.517273 0.000002 0.000001 0.000011 0.227751 
0.098893 0.000000 0.000000 0.112327 0.000000 0.726583 0.031743 0.030425 0.000009 0.000019 
0.157240 0.000000 0.000000 0.096088 0.000000 0.178450 0.028976 0.234677 0.280807 0.023762 
0.000000 0.019485 0.000000 0.243518 0.000000 0.129152 0.000002 0.000001 0.049757 0.558085 
0.000000 0.000000 0.000000 0.360944 0.013134 0.060781 0.000002 0.533966 0.000010 0.031164 
0.029304 0.622620 0.045808 0.035067 0.000000 0.032004 0.012753 0.000001 0.194629 0.027813 
0.196999 0.000000 0.017285 0.041191 0.055224 0.023994 0.039443 0.000001 0.625839 0.000024 
0.000000 0.000000 0.212432 0.131880 0.104325 0.261301 0.103822 0.074309 0.061315 0.050616 
0.029521 0.000000 0.000000 0.043810 0.000000 0.051683 0.018349 0.801354 0.043446 0.011837 
0.529329 0.040788 0.151282 0.089295 0.000000 0.020735 0.076625 0.036568 0.020129 0.035250 
0.000000 0.000000 0.000000 0.045499 0.017537 0.017460 0.046655 0.037293 0.816054 0.019502 
0.050771 0.000000 0.000000 0.173776 0.605920 0.020133 0.056863 0.000001 0.077246 0.015290 
0.237475 0.000000 0.096356 0.301980 0.000000 0.042001 0.063765 0.000001 0.212584 0.045838 
0.000000 0.000000 0.000000 0.168571 0.242649 0.000056 0.000002 0.025950 0.000010 0.562764 
0.015610 0.000000 0.072874 0.535691 0.000000 0.234337 0.000002 0.035088 0.092884 0.013514 
0.000000 0.079110 0.000000 0.256382 0.000000 0.144120 0.164755 0.021137 0.231776 0.102719 
0.564684 0.022230 0.000000 0.058596 0.000000 0.000065 0.012024 0.000001 0.229803 0.112597 
0.048379 0.819713 0.000000 0.010954 0.000000 0.012320 0.000002 0.041129 0.067475 0.000028 
0.517591 0.020862 0.027607 0.018062 0.355816 0.008418 0.000002 0.035966 0.015650 0.000026 
0.000000 0.000000 0.000000 0.157147 0.000000 0.111773 0.000002 0.033762 0.691991 0.005326 
0.435205 0.236985 0.082653 0.075065 0.000000 0.009868 0.024534 0.030663 0.050098 0.054929 
0.000000 0.010645 0.000000 0.164558 0.000000 0.750024 0.068953 0.000001 0.000010 0.005809 
0.000000 0.000000 0.000000 0.037349 0.838474 0.081295 0.000002 0.000001 0.000009 0.042870 
0.436562 0.000000 0.000000 0.060274 0.000000 0.025484 0.016215 0.395214 0.038016 0.028235 
0.000000 0.000000 0.278863 0.150546 0.357732 0.018199 0.093770 0.000001 0.056876 0.044013 
0.777445 0.000000 0.019498 0.052429 0.073907 0.000052 0.000002 0.000001 0.067617 0.009049 
0.069443 0.000000 0.027834 0.055351 0.013705 0.014534 0.038783 0.726918 0.032881 0.020550 
0.000000 0.000000 0.000000 0.004526 0.000000 0.067611 0.000001 0.004353 0.923480 0.000029 
0.000000 0.520940 0.061689 0.260810 0.000000 0.000068 0.104659 0.000001 0.021813 0.030021 
0.050594 0.000000 0.000000 0.142004 0.000000 0.332041 0.079827 0.309395 0.069911 0.016227 
0.114881 0.000000 0.000000 0.085061 0.000000 0.423219 0.047149 0.080012 0.249657 0.000021 
0.000000 0.000000 0.447810 0.276016 0.000000 0.062315 0.081883 0.072197 0.000010 0.059768 
0.000000 0.000000 0.187029 0.199971 0.373392 0.022270 0.150116 0.000001 0.037912 0.029309 
0.567493 0.000000 0.000000 0.160873 0.033230 0.000062 0.075279 0.000001 0.020836 0.142227 
0.000000 0.058857 0.000000 0.087996 0.089739 0.042570 0.000002 0.630991 0.089824 0.000022 
0.000000 0.000000 0.400599 0.237493 0.000000 0.077817 0.128175 0.057225 0.034963 0.063727 
0.000000 0.000000 0.000000 0.190296 0.000000 0.031356 0.176574 0.000001 0.596114 0.005658 
0.182710 0.349209 0.000000 0.083059 0.000000 0.232552 0.016992 0.049291 0.034070 0.052118 
0.397425 0.132434 0.000000 0.075154 0.000000 0.060378 0.000002 0.325173 0.000010 0.009424 
0.000000 0.000000 0.289290 0.334697 0.000000 0.079987 0.056306 0.097441 0.000010 0.142269 
0.113956 0.000000 0.000000 0.113980 0.000000 0.025907 0.013470 0.672452 0.060209 0.000026 
0.438769 0.058227 0.000000 0.069645 0.091550 0.318046 0.023725 0.000001 0.000007 0.000031 
0.207053 0.000000 0.037981 0.178888 0.022532 0.000066 0.000002 0.000001 0.000010 0.553468 
0.000000 0.000000 0.000000 0.755213 0.021921 0.168176 0.000002 0.034731 0.000010 0.019948 
0.107679 0.0777427 0.10069 0.553757 0.106215 0.308981 0.16443 0.143565 0.219028 0.264465 
