-384334.905592
0
0.001488 0.000563 0.000000 0.008136 0.000492 0.000000 0.000000 0.000411 0.000124 0.001987 0.012154 0.005858 0.000000 0.000001 0.000003 0.002018 0.001499 0.005781 0.002362 0.004415 0.000000 0.005446 0.002000 0.011793 0.002987 0.000006 0.000806 0.013810 0.000000 0.000000 0.000000 0.000000 0.000661 0.001975 0.012400 0.004723 0.000000 0.000043 0.000000 0.000002 0.001282 0.002421 0.001167 0.003975 0.000000 0.000000 0.004414 0.017156 0.002659 0.000551 0.000000 0.006213 0.000604 0.000000 0.000000 0.000000 0.000006 0.016899 0.025394 0.016562 0.000312 0.000002 0.000001 0.000001 0.005015 0.011104 0.005980 0.010971 0.000000 0.002629 0.000000 0.002723 0.032950 0.010078 0.002111 0.320805 0.000000 0.000000 0.000000 0.000000 0.004614 0.020973 0.224105 0.035508 0.000007 0.000000 0.000000 0.001726 0.004622 0.008563 0.006720 0.007461 0.002786 0.008225 0.003324 0.063436 
0.040847 0.036716 0.020712 0.024888 0.006644 0.005009 0.002882 0.002617 0.007986 0.005508 0.000329 0.002816 0.003073 0.002810 0.009470 0.001870 0.002646 0.000004 0.005872 0.000115 0.000000 0.000000 0.000000 0.000000 0.055221 0.077167 0.009198 0.046846 0.011932 0.010303 0.006308 0.008864 0.020239 0.015120 0.008066 0.020680 0.008603 0.010611 0.039215 0.010327 0.004660 0.000472 0.007516 0.003711 0.000000 0.000000 0.005018 0.000002 0.042391 0.048084 0.023233 0.028593 0.006893 0.009243 0.006309 0.005784 0.003430 0.008216 0.004310 0.006547 0.006299 0.006346 0.014878 0.002041 0.005020 0.000001 0.003041 0.000037 0.000000 0.000000 0.000000 0.000001 0.037259 0.059564 0.010039 0.044142 0.001819 0.011112 0.002358 0.000000 0.004389 0.007029 0.001613 0.006917 0.001950 0.004724 0.008122 0.002681 0.000340 0.000002 0.001650 0.000028 0.000000 0.000000 0.000001 0.000675 
0.000899 0.001352 0.002438 0.002435 0.000000 0.000000 0.000000 0.000587 0.029758 0.017938 0.092790 0.014858 0.000000 0.003663 0.000001 0.005668 0.008783 0.006362 0.020488 0.001066 0.000000 0.001042 0.000000 0.001685 0.012580 0.023081 0.009279 0.053352 0.000000 0.000000 0.000000 0.000000 0.009379 0.012994 0.093238 0.012048 0.000000 0.002362 0.000000 0.000001 0.008246 0.004954 0.024741 0.001036 0.000000 0.004885 0.004523 0.008138 0.001864 0.004936 0.001810 0.007236 0.000000 0.003020 0.000000 0.000000 0.072231 0.079522 0.134526 0.053514 0.000000 0.002151 0.000001 0.002249 0.012409 0.006826 0.010366 0.001724 0.000000 0.001851 0.001141 0.003048 0.000880 0.004211 0.000000 0.004378 0.000000 0.000000 0.000000 0.000000 0.006235 0.008189 0.044828 0.006108 0.000004 0.000355 0.000000 0.000026 0.004492 0.004701 0.011191 0.001754 0.000000 0.002841 0.000001 0.002730 
0.043218 0.050893 0.000000 0.043950 0.000000 0.000000 0.000000 0.000001 0.018449 0.002069 0.029848 0.023992 0.019934 0.016447 0.022456 0.033891 0.001451 0.004885 0.010406 0.020318 0.000000 0.000001 0.000001 0.000001 0.042553 0.022557 0.000000 0.038923 0.000000 0.000000 0.000000 0.000000 0.001659 0.001399 0.015041 0.017345 0.016962 0.023119 0.006594 0.044324 0.000037 0.014341 0.000088 0.010858 0.000000 0.000000 0.004043 0.000004 0.029971 0.017894 0.000000 0.022501 0.000000 0.000000 0.000000 0.000000 0.000010 0.000716 0.013687 0.000360 0.007457 0.008418 0.008654 0.028576 0.000046 0.000756 0.003935 0.011012 0.000000 0.000000 0.005358 0.006488 0.041549 0.011205 0.000000 0.045711 0.000000 0.000000 0.000000 0.000000 0.003113 0.001163 0.008563 0.015485 0.021083 0.019789 0.000000 0.042261 0.000012 0.000005 0.000020 0.009317 0.000000 0.000001 0.008484 0.004337 
0.015664 0.009306 0.000000 0.013096 0.023094 0.012599 0.004848 0.022669 0.023714 0.011387 0.006465 0.023084 0.011530 0.007881 0.011106 0.009368 0.034928 0.011643 0.023083 0.027239 0.000000 0.001404 0.010043 0.004337 0.010774 0.000002 0.001708 0.008744 0.012309 0.011934 0.003687 0.018211 0.014929 0.009897 0.003354 0.017877 0.006398 0.009945 0.012393 0.014639 0.010223 0.015847 0.013346 0.016567 0.000000 0.005877 0.008695 0.005682 0.008256 0.005475 0.000000 0.010421 0.008945 0.005790 0.001012 0.014836 0.018705 0.013253 0.001291 0.013857 0.007654 0.004794 0.007950 0.006400 0.015757 0.010356 0.009762 0.014168 0.002062 0.002033 0.012967 0.001932 0.008003 0.008545 0.003564 0.013308 0.011362 0.015003 0.001754 0.024881 0.010909 0.018882 0.001489 0.012968 0.008701 0.007149 0.009005 0.014364 0.017705 0.015266 0.009415 0.014834 0.000000 0.005802 0.010615 0.007280 
0.010003 0.008278 0.000000 0.005727 0.000000 0.000000 0.000000 0.000000 0.007657 0.005134 0.010205 0.001943 0.012528 0.003128 0.006839 0.020613 0.019282 0.008407 0.015893 0.022892 0.040662 0.006635 0.004630 0.022409 0.008589 0.003554 0.000000 0.009795 0.000000 0.000000 0.000000 0.000000 0.009716 0.005047 0.006127 0.005218 0.005836 0.003364 0.001842 0.005910 0.018843 0.011540 0.018716 0.031057 0.028283 0.008339 0.013249 0.061319 0.013317 0.008529 0.000000 0.010611 0.000000 0.001867 0.000000 0.001574 0.002097 0.001571 0.009859 0.008366 0.000000 0.001703 0.001880 0.003921 0.006530 0.010085 0.010699 0.012088 0.007894 0.000000 0.004973 0.021428 0.029900 0.006868 0.000000 0.037501 0.000000 0.000000 0.000000 0.000000 0.003452 0.007479 0.001685 0.010294 0.023516 0.003185 0.012661 0.012699 0.013966 0.019802 0.010371 0.033734 0.059587 0.007145 0.009178 0.068777 
0.012945 0.006977 0.000000 0.005527 0.000000 0.001898 0.000000 0.000223 0.029862 0.014333 0.226555 0.010837 0.002092 0.001172 0.001482 0.009449 0.011888 0.004659 0.005925 0.008377 0.000000 0.001659 0.000961 0.001944 0.002998 0.007360 0.000000 0.000492 0.000000 0.000000 0.000000 0.000000 0.022283 0.013312 0.120514 0.016289 0.000000 0.001071 0.000000 0.000002 0.002349 0.001960 0.005956 0.005327 0.000000 0.002557 0.000006 0.001399 0.006526 0.005877 0.000000 0.001054 0.000000 0.003242 0.000000 0.000000 0.024996 0.023781 0.121302 0.014382 0.000000 0.000001 0.000001 0.001203 0.011985 0.003390 0.002746 0.011968 0.000000 0.000000 0.000000 0.000001 0.012406 0.011909 0.001538 0.016086 0.000000 0.000000 0.000000 0.000000 0.014109 0.012526 0.094176 0.010946 0.005158 0.000000 0.000000 0.002372 0.006675 0.002484 0.006997 0.004231 0.000000 0.000000 0.001258 0.002034 
0.000445 0.001556 0.000000 0.000859 0.000000 0.000000 0.000000 0.000000 0.001382 0.023534 0.000161 0.004204 0.000000 0.000001 0.000637 0.003175 0.002367 0.000007 0.002014 0.002206 0.000000 0.000001 0.000603 0.000000 0.000483 0.002144 0.000000 0.001644 0.000000 0.000000 0.000000 0.000000 0.078954 0.102154 0.018781 0.083487 0.000000 0.000610 0.000777 0.000591 0.000293 0.000240 0.002020 0.007623 0.000284 0.000769 0.000453 0.000002 0.001377 0.000329 0.000000 0.000403 0.000000 0.000000 0.000000 0.000000 0.000006 0.018823 0.001042 0.017627 0.000000 0.000001 0.000579 0.000001 0.001462 0.000001 0.000708 0.007100 0.000000 0.000000 0.000000 0.001374 0.001215 0.002042 0.000000 0.002300 0.000000 0.001682 0.000000 0.000000 0.117677 0.283141 0.098270 0.080212 0.001476 0.000000 0.000000 0.005541 0.000005 0.001394 0.001844 0.002398 0.000000 0.000980 0.001726 0.002803 
0.001414 0.000271 0.000000 0.000600 0.000257 0.000400 0.000000 0.000489 0.007693 0.002624 0.002919 0.002367 0.000000 0.000001 0.000001 0.000449 0.000016 0.000974 0.001077 0.001189 0.000000 0.000497 0.000399 0.000000 0.001401 0.000002 0.000000 0.000076 0.000659 0.000000 0.000000 0.001057 0.016355 0.006543 0.005330 0.007743 0.000000 0.001003 0.000000 0.000843 0.000565 0.001171 0.000571 0.000534 0.000000 0.000000 0.000005 0.000416 0.000081 0.000365 0.000295 0.000025 0.000000 0.000000 0.000000 0.000000 0.007087 0.000769 0.000134 0.003173 0.000278 0.000936 0.000746 0.000001 0.000007 0.000001 0.000010 0.001108 0.000607 0.000000 0.000000 0.000001 0.015322 0.007329 0.001833 0.013640 0.034996 0.000000 0.001422 0.065195 0.415442 0.083327 0.049775 0.223963 0.000361 0.000000 0.000000 0.000543 0.000378 0.000001 0.000009 0.000890 0.001144 0.000000 0.000001 0.000893 
0.307700 0.135283 0.000009 0.000000 0.038838 0.049842 0.000000 0.468328 0.000000 
0.000000 0.040741 0.026883 0.045487 0.489450 0.025093 0.346398 0.008083 0.017865 
0.074625 0.124538 0.000008 0.000000 0.648820 0.152008 0.000000 0.000000 0.000000 
0.000000 0.000026 0.000009 0.000000 0.138879 0.726893 0.086785 0.000000 0.047409 
0.051147 0.000029 0.514537 0.226207 0.155702 0.052377 0.000000 0.000000 0.000000 
0.116310 0.000032 0.000007 0.000000 0.023131 0.017818 0.000000 0.000000 0.842703 
0.000000 0.133745 0.257038 0.000000 0.062747 0.000075 0.000000 0.546394 0.000000 
0.000000 0.075270 0.055367 0.000000 0.580095 0.289268 0.000000 0.000000 0.000000 
0.000000 0.112873 0.019642 0.000000 0.683323 0.056034 0.128129 0.000000 0.000000 
0.000000 0.000029 0.264768 0.000000 0.186777 0.476914 0.071512 0.000000 0.000000 
0.000000 0.162226 0.048618 0.000000 0.648135 0.054686 0.062517 0.000000 0.023817 
0.000000 0.635612 0.000009 0.000000 0.221967 0.127179 0.000000 0.000000 0.015233 
0.053227 0.000031 0.127142 0.000000 0.100713 0.111168 0.000000 0.000000 0.607719 
0.000000 0.011830 0.324522 0.000000 0.065833 0.187324 0.000000 0.410490 0.000000 
0.000000 0.425361 0.000008 0.035558 0.102193 0.000065 0.000000 0.000000 0.436815 
0.000000 0.052094 0.302466 0.000000 0.465938 0.074645 0.063378 0.041479 0.000000 
0.000000 0.478549 0.057774 0.000000 0.185629 0.214538 0.000000 0.063510 0.000000 
0.000000 0.000015 0.000009 0.000000 0.000411 0.000071 0.006167 0.000000 0.993327 
0.013508 0.016053 0.412805 0.000000 0.033886 0.039244 0.323826 0.000000 0.160676 
0.000000 0.176576 0.200754 0.000000 0.026803 0.000071 0.000000 0.000000 0.595796 
0.000000 0.820973 0.000009 0.088963 0.082409 0.007646 0.000000 0.000000 0.000000 
0.000000 0.069350 0.127333 0.000000 0.650617 0.108555 0.017856 0.026289 0.000000 
0.201735 0.034773 0.355956 0.063159 0.198966 0.009619 0.135792 0.000000 0.000000 
0.000000 0.069240 0.000009 0.386411 0.245161 0.063505 0.000000 0.000000 0.235674 
0.000000 0.607395 0.233303 0.000000 0.111422 0.015110 0.022193 0.010578 0.000000 
0.000000 0.062824 0.105858 0.000000 0.366691 0.045534 0.269376 0.149717 0.000000 
0.089979 0.031920 0.044023 0.000000 0.332755 0.064398 0.000000 0.077867 0.359058 
0.537102 0.019730 0.000009 0.000000 0.098757 0.153854 0.028133 0.011513 0.150903 
0.077938 0.000022 0.000008 0.000000 0.017910 0.277549 0.030174 0.000000 0.596398 
0.026690 0.057881 0.049836 0.000000 0.724757 0.105521 0.000000 0.035315 0.000000 
0.190892 0.088113 0.054157 0.000000 0.483404 0.087100 0.059975 0.036359 0.000000 
0.161664 0.054391 0.000009 0.008366 0.007457 0.311657 0.010080 0.079750 0.366626 
0.000000 0.000025 0.083120 0.020184 0.074756 0.073596 0.456781 0.000000 0.291538 
0.000000 0.538176 0.242875 0.065510 0.117812 0.021236 0.000000 0.000000 0.014391 
0.037691 0.055335 0.005811 0.000000 0.423961 0.060861 0.405062 0.000000 0.011279 
0.513826 0.021240 0.034043 0.000000 0.080638 0.319384 0.030870 0.000000 0.000000 
0.000000 0.093283 0.000008 0.068832 0.486118 0.080162 0.189988 0.000000 0.081609 
0.060202 0.102521 0.000008 0.000000 0.006222 0.004994 0.000000 0.000000 0.826052 
0.060934 0.326866 0.000009 0.304257 0.211724 0.039241 0.000000 0.056968 0.000000 
0.000000 0.026811 0.029599 0.000000 0.169532 0.011734 0.000000 0.000000 0.762325 
0.008848 0.011788 0.724399 0.000000 0.183575 0.028130 0.043260 0.000000 0.000000 
0.184481 0.000026 0.716909 0.000000 0.085465 0.013119 0.000000 0.000000 0.000000 
0.000000 0.027417 0.000007 0.037701 0.180033 0.013137 0.000000 0.000000 0.741706 
0.000000 0.000031 0.197165 0.000000 0.133970 0.560821 0.000000 0.108013 0.000000 
0.000000 0.028682 0.015379 0.195558 0.161351 0.037895 0.544953 0.000000 0.016183 
0.925454 0.058560 0.000008 0.000000 0.001354 0.000060 0.000000 0.000000 0.014564 
0.000000 0.240153 0.000009 0.048136 0.657414 0.043066 0.000000 0.000000 0.011222 
0.237343 0.031299 0.063599 0.004651 0.023293 0.095121 0.000000 0.249490 0.295204 
0.000000 0.000025 0.000009 0.094880 0.230456 0.674629 0.000000 0.000000 0.000000 
0.000000 0.036777 0.091172 0.117412 0.095176 0.000049 0.000000 0.645824 0.013589 
0.000000 0.729377 0.038581 0.000000 0.201802 0.008321 0.021918 0.000000 0.000000 
0.000000 0.086495 0.000008 0.077059 0.308956 0.075484 0.000000 0.451997 0.000000 
0.000000 0.000022 0.153039 0.000000 0.185298 0.661641 0.000000 0.000000 0.000000 
0.000000 0.544101 0.000009 0.000000 0.151640 0.154823 0.143625 0.000000 0.005802 
0.000000 0.031703 0.104577 0.000000 0.342444 0.049360 0.000000 0.000000 0.471915 
0.176297 0.000027 0.046406 0.000000 0.033537 0.013181 0.000000 0.000000 0.730552 
0.000000 0.527800 0.000009 0.038761 0.114961 0.262852 0.000000 0.000000 0.055617 
0.000000 0.765695 0.000008 0.000000 0.101235 0.000055 0.031828 0.101179 0.000000 
0.000000 0.179056 0.278085 0.000000 0.122899 0.030972 0.223158 0.165831 0.000000 
0.015286 0.146170 0.039130 0.000000 0.160388 0.639026 0.000000 0.000000 0.000000 
0.000000 0.056169 0.000009 0.196392 0.182766 0.048827 0.492480 0.000000 0.023356 
0.617667 0.019079 0.201781 0.000000 0.075837 0.050026 0.000000 0.035610 0.000000 
0.000000 0.000025 0.623403 0.000000 0.118094 0.002456 0.000000 0.200046 0.055976 
0.000000 0.262287 0.088526 0.000000 0.417662 0.062502 0.054445 0.003889 0.110689 
0.000000 0.036024 0.069087 0.000000 0.055103 0.021316 0.764435 0.041294 0.012741 
0.038950 0.017146 0.044268 0.000000 0.275839 0.046493 0.015784 0.561519 0.000000 
0.000000 0.000026 0.821456 0.000000 0.118403 0.024672 0.016182 0.000000 0.019261 
0.000000 0.043946 0.064200 0.061756 0.149637 0.022168 0.000000 0.032643 0.625648 
0.000000 0.039817 0.198511 0.135005 0.318552 0.060666 0.000000 0.247450 0.000000 
0.000000 0.000026 0.000008 0.000000 0.085475 0.647833 0.017113 0.000000 0.249544 
0.000000 0.225445 0.091211 0.351017 0.286520 0.028407 0.000000 0.017400 0.000000 
0.080653 0.180491 0.198964 0.000000 0.405286 0.107441 0.027165 0.000000 0.000000 
0.021092 0.000025 0.221468 0.000000 0.060525 0.121001 0.000000 0.575889 0.000000 
0.816255 0.000028 0.075678 0.000000 0.016499 0.020999 0.020476 0.050063 0.000000 
0.020835 0.000031 0.018208 0.000000 0.031709 0.000071 0.033398 0.535971 0.359776 
0.000000 0.080840 0.697694 0.106455 0.075595 0.016802 0.022613 0.000000 0.000000 
0.233088 0.004986 0.067075 0.000000 0.143041 0.078243 0.015954 0.457614 0.000000 
0.000000 0.792012 0.000009 0.000000 0.198387 0.009592 0.000000 0.000000 0.000000 
0.000000 0.095044 0.000008 0.000000 0.000921 0.056229 0.000000 0.000000 0.847798 
0.000000 0.019976 0.047574 0.000000 0.068946 0.035940 0.370436 0.457127 0.000000 
0.000000 0.026931 0.064433 0.000000 0.476078 0.061984 0.000000 0.000000 0.370574 
0.000000 0.000023 0.061925 0.000000 0.058921 0.010163 0.000000 0.798789 0.070180 
0.000000 0.000031 0.071435 0.000000 0.121789 0.030721 0.665209 0.087439 0.023375 
0.000000 0.030644 0.948632 0.000000 0.001090 0.019634 0.000000 0.000000 0.000000 
0.514024 0.051222 0.000009 0.056129 0.322246 0.056369 0.000000 0.000000 0.000000 
0.000000 0.354275 0.066332 0.000000 0.209695 0.020652 0.291299 0.057747 0.000000 
0.000000 0.430440 0.257820 0.000000 0.122375 0.000054 0.069123 0.120187 0.000000 
0.000000 0.071601 0.022944 0.015851 0.708709 0.097818 0.043011 0.040066 0.000000 
0.000000 0.059396 0.032839 0.000000 0.486258 0.038243 0.000000 0.000000 0.383264 
0.000000 0.026915 0.008947 0.000000 0.206463 0.149862 0.000000 0.566143 0.041671 
0.064338 0.026028 0.115864 0.021878 0.072350 0.004983 0.593120 0.000000 0.101437 
0.000000 0.085887 0.093582 0.000000 0.675575 0.096121 0.000000 0.048834 0.000000 
0.000000 0.034218 0.567130 0.000000 0.385055 0.013597 0.000000 0.000000 0.000000 
0.345363 0.242648 0.034126 0.000000 0.075697 0.069319 0.045500 0.187347 0.000000 
0.131968 0.056682 0.025849 0.020608 0.043663 0.017644 0.286313 0.417273 0.000000 
0.000000 0.075108 0.043714 0.126867 0.479055 0.197530 0.042734 0.034992 0.000000 
0.000000 0.014659 0.082048 0.046349 0.083089 0.010155 0.628876 0.131293 0.003532 
0.057371 0.332794 0.000007 0.000000 0.068357 0.000098 0.000000 0.446630 0.094743 
0.000000 0.000027 0.000008 0.000000 0.146353 0.619035 0.000000 0.212074 0.022503 
0.000000 0.163904 0.000007 0.509348 0.265043 0.040707 0.000000 0.000000 0.020992 
0.0723667 0.265987 0.214493 0.0599568 0.524666 0.319288 0.107549 0.110992 0.121206 
