-384421.340901
0
0.000945 0.000000 0.000000 0.000002 0.000000 0.000000 0.000000 0.000000 0.007382 0.002543 0.003199 0.002021 0.000000 0.000000 0.000000 0.000240 0.000009 0.000764 0.000750 0.000749 0.000000 0.000000 0.000000 0.000000 0.000933 0.000000 0.000000 0.000037 0.000000 0.000000 0.000000 0.000000 0.016693 0.006673 0.005621 0.007807 0.000000 0.000671 0.000000 0.000000 0.000600 0.000698 0.000001 0.000253 0.000000 0.000000 0.000002 0.000000 0.000004 0.000173 0.000297 0.000003 0.000000 0.000000 0.000000 0.000000 0.006687 0.000567 0.000001 0.002987 0.000000 0.000867 0.000391 0.000000 0.000014 0.000001 0.000005 0.000830 0.000000 0.000000 0.000000 0.000000 0.015422 0.007213 0.001877 0.014349 0.035197 0.000000 0.001573 0.065559 0.422147 0.085089 0.051678 0.227594 0.000001 0.000000 0.000000 0.000002 0.000007 0.000008 0.000008 0.000854 0.000000 0.000000 0.000000 0.000000 
0.001032 0.000001 0.000000 0.008425 0.000000 0.000000 0.000000 0.000000 0.000075 0.001852 0.012172 0.005095 0.000000 0.000000 0.000763 0.002106 0.000026 0.005391 0.001692 0.003684 0.000000 0.005847 0.002147 0.012347 0.002960 0.000000 0.000773 0.014435 0.000000 0.000000 0.000000 0.000000 0.000317 0.001779 0.012746 0.004235 0.000000 0.000000 0.000000 0.000000 0.001079 0.002314 0.000002 0.003616 0.000000 0.000000 0.004451 0.018183 0.002471 0.000012 0.000000 0.005891 0.000356 0.000000 0.000000 0.000000 0.000007 0.017011 0.026940 0.016491 0.000000 0.000000 0.000000 0.000000 0.004475 0.010887 0.005639 0.010568 0.000000 0.002595 0.000000 0.002954 0.033133 0.009850 0.001709 0.323143 0.000000 0.000000 0.000000 0.000000 0.003211 0.020957 0.227512 0.035163 0.000001 0.000000 0.000000 0.001687 0.004000 0.008454 0.006542 0.007535 0.003572 0.008489 0.003137 0.066061 
0.040739 0.046950 0.000000 0.041883 0.000000 0.000000 0.000000 0.004558 0.020035 0.002640 0.022937 0.026656 0.022090 0.016840 0.025574 0.033841 0.012879 0.007784 0.015982 0.026005 0.000000 0.000000 0.000000 0.000000 0.035495 0.012619 0.000000 0.033287 0.000000 0.000000 0.000000 0.000000 0.002330 0.002549 0.012514 0.017868 0.015556 0.022265 0.007401 0.039997 0.002135 0.014877 0.000003 0.014197 0.000000 0.000001 0.004806 0.000000 0.028621 0.015672 0.000000 0.023071 0.000000 0.000000 0.000000 0.000000 0.000010 0.002817 0.013411 0.000614 0.008121 0.007917 0.006534 0.026534 0.003664 0.004648 0.007133 0.014324 0.000000 0.000000 0.006160 0.000000 0.041825 0.006874 0.000000 0.041033 0.003136 0.000000 0.000000 0.000000 0.003284 0.001365 0.003242 0.016102 0.022943 0.018229 0.000000 0.042507 0.001120 0.001661 0.000020 0.013252 0.000000 0.000001 0.008860 0.000000 
0.006992 0.004591 0.000000 0.002130 0.000000 0.000000 0.000000 0.000000 0.007174 0.005262 0.008462 0.001205 0.011953 0.002066 0.005426 0.019791 0.023840 0.009451 0.018148 0.023787 0.043284 0.007302 0.003948 0.024233 0.005466 0.002823 0.000000 0.007748 0.000000 0.000000 0.000000 0.000000 0.010774 0.005507 0.005166 0.004781 0.005331 0.000000 0.001935 0.000000 0.020978 0.011020 0.022095 0.033408 0.028266 0.008760 0.013840 0.065620 0.012946 0.008796 0.000000 0.010297 0.000000 0.001591 0.000000 0.000000 0.002929 0.002367 0.009750 0.010190 0.000000 0.000000 0.000000 0.001955 0.007978 0.011451 0.012118 0.013223 0.008402 0.000000 0.000000 0.022643 0.028935 0.006163 0.000000 0.037616 0.000000 0.000000 0.000000 0.000000 0.002348 0.006686 0.000352 0.009173 0.023979 0.000000 0.013252 0.010400 0.016151 0.021471 0.011818 0.035859 0.065718 0.007650 0.008642 0.074590 
0.000013 0.000001 0.000000 0.001131 0.000000 0.000000 0.000000 0.000879 0.028841 0.019539 0.000002 0.018725 0.000000 0.006372 0.000001 0.004043 0.008248 0.008274 0.029902 0.000057 0.000000 0.000000 0.000000 0.000000 0.019052 0.032202 0.014581 0.085211 0.000000 0.000000 0.000000 0.000000 0.001573 0.011573 0.070380 0.009132 0.000000 0.004259 0.001181 0.000000 0.011361 0.007782 0.036790 0.000059 0.000000 0.005547 0.007988 0.011585 0.000006 0.003612 0.000000 0.012143 0.000000 0.002451 0.000000 0.000000 0.099502 0.111392 0.137265 0.074980 0.000000 0.003878 0.000000 0.003714 0.012442 0.009367 0.015003 0.000016 0.000000 0.003255 0.001741 0.005072 0.000101 0.000100 0.000000 0.000933 0.000000 0.000000 0.000000 0.000000 0.000398 0.004744 0.010608 0.002370 0.000001 0.000704 0.000000 0.000003 0.002869 0.006430 0.013327 0.000758 0.000000 0.004534 0.000000 0.000000 
0.008333 0.004596 0.002356 0.003963 0.000000 0.001330 0.000000 0.000000 0.030386 0.015112 0.220243 0.010426 0.000000 0.000000 0.000000 0.008018 0.011951 0.004371 0.007005 0.005724 0.000000 0.002139 0.000000 0.002210 0.003061 0.010228 0.000993 0.004753 0.000000 0.000000 0.000000 0.000000 0.022022 0.014234 0.122197 0.016357 0.000000 0.000000 0.000000 0.000000 0.003356 0.001296 0.008589 0.004001 0.000000 0.003030 0.000001 0.001879 0.005929 0.006619 0.001238 0.000004 0.000000 0.003385 0.000000 0.000000 0.030315 0.029749 0.127177 0.018850 0.000000 0.000000 0.000000 0.000000 0.012523 0.003448 0.003452 0.009469 0.000000 0.000000 0.000000 0.000000 0.008116 0.011921 0.002026 0.012138 0.000000 0.000000 0.000000 0.000000 0.017641 0.012831 0.092968 0.012289 0.002902 0.000000 0.000000 0.000002 0.007021 0.002365 0.007830 0.003272 0.000000 0.000000 0.000355 0.000000 
0.000013 0.000891 0.000000 0.000003 0.000000 0.000000 0.000000 0.000000 0.000863 0.023383 0.000001 0.003976 0.000000 0.000000 0.000000 0.002936 0.000838 0.000007 0.000643 0.001618 0.000000 0.000000 0.000000 0.000000 0.000019 0.000000 0.000000 0.001482 0.000000 0.000000 0.000000 0.000000 0.079027 0.103053 0.019576 0.083517 0.000000 0.000000 0.000000 0.000000 0.000021 0.000019 0.000002 0.007114 0.000000 0.000725 0.000003 0.000000 0.000005 0.000007 0.000000 0.000005 0.000000 0.000000 0.000000 0.000000 0.000007 0.019230 0.001541 0.017835 0.000000 0.000000 0.000000 0.000000 0.001016 0.000003 0.000013 0.006324 0.000000 0.000000 0.000000 0.001402 0.000725 0.001451 0.000000 0.004020 0.000000 0.001435 0.000000 0.000000 0.121965 0.290151 0.103671 0.083371 0.000001 0.000000 0.000000 0.005308 0.000007 0.001158 0.001396 0.001545 0.000000 0.001112 0.001818 0.003746 
0.040314 0.036216 0.019448 0.024395 0.007251 0.005039 0.002884 0.002738 0.008488 0.005612 0.000001 0.003961 0.003558 0.003130 0.010347 0.002098 0.005954 0.000005 0.007331 0.001448 0.000000 0.000000 0.000000 0.000000 0.053739 0.075478 0.009145 0.044730 0.012032 0.010113 0.006383 0.008602 0.021160 0.015547 0.005818 0.021728 0.009170 0.010133 0.039507 0.010282 0.005327 0.000799 0.008683 0.004838 0.000000 0.000000 0.005037 0.000000 0.043049 0.048254 0.022397 0.028957 0.006794 0.008856 0.006203 0.005296 0.002217 0.006824 0.000001 0.006089 0.006730 0.006146 0.014960 0.002093 0.006064 0.000002 0.003843 0.000014 0.000000 0.000000 0.000000 0.000000 0.036886 0.058833 0.010851 0.043157 0.001446 0.010862 0.002572 0.000000 0.004352 0.007196 0.000065 0.006800 0.002440 0.004711 0.008139 0.003145 0.001873 0.000563 0.002231 0.000620 0.000000 0.000000 0.000000 0.000000 
0.010021 0.000001 0.000000 0.000005 0.009132 0.005315 0.000000 0.001909 0.023622 0.015535 0.000002 0.029828 0.012029 0.007546 0.018185 0.007750 0.069540 0.020659 0.044735 0.037303 0.000000 0.004064 0.000000 0.000000 0.000030 0.000000 0.004503 0.000716 0.003456 0.000000 0.003361 0.000000 0.031839 0.027547 0.001405 0.033359 0.007068 0.000000 0.014814 0.000000 0.022079 0.009490 0.029619 0.026482 0.000000 0.002732 0.007123 0.000000 0.014000 0.007808 0.000000 0.012415 0.004236 0.000000 0.000000 0.000000 0.022635 0.024577 0.000003 0.028210 0.009446 0.000000 0.001422 0.000000 0.026784 0.018870 0.022927 0.028578 0.000000 0.000000 0.000000 0.000000 0.009261 0.003731 0.007922 0.012507 0.000000 0.000000 0.000000 0.000000 0.019874 0.039154 0.000513 0.014693 0.010224 0.000000 0.005519 0.008411 0.028153 0.019734 0.018158 0.028364 0.000000 0.003576 0.000000 0.005494 
-nan -nan -nan -nan -nan -nan -nan -nan -nan -nan -nan -nan -nan -nan -nan -nan -nan -nan -nan -nan -nan -nan -nan -nan -nan -nan -nan -nan -nan -nan -nan -nan -nan -nan -nan -nan -nan -nan -nan -nan -nan -nan -nan -nan -nan -nan -nan -nan -nan -nan -nan -nan -nan -nan -nan -nan -nan -nan -nan -nan -nan -nan -nan -nan -nan -nan -nan -nan -nan -nan -nan -nan -nan -nan -nan -nan -nan -nan -nan -nan -nan -nan -nan -nan -nan -nan -nan -nan -nan -nan -nan -nan -nan -nan -nan -nan 
0.017318 0.013510 0.000000 0.018226 0.025163 0.013730 0.005869 0.026732 0.020835 0.009544 0.009768 0.017027 0.011457 0.007504 0.007280 0.011539 0.015656 0.007518 0.012429 0.022128 0.004813 0.001122 0.014500 0.007998 0.015412 0.000000 0.000000 0.011063 0.013992 0.014466 0.003119 0.023155 0.009037 0.004830 0.003565 0.012059 0.005450 0.014565 0.008201 0.021488 0.005662 0.018085 0.006946 0.013816 0.004401 0.007422 0.009618 0.014162 0.005046 0.002991 0.000000 0.008798 0.009546 0.007462 0.001068 0.019479 0.014396 0.006508 0.000001 0.007499 0.005562 0.006615 0.010609 0.009151 0.008833 0.006311 0.003869 0.008465 0.003950 0.002485 0.018808 0.006338 0.009110 0.009230 0.000000 0.015071 0.014156 0.018466 0.001818 0.032037 0.011614 0.017325 0.002115 0.014746 0.010050 0.010105 0.010556 0.017405 0.012234 0.013827 0.005842 0.012018 0.006510 0.006808 0.014679 0.018308 
0.009532 0.000905 0.000000 0.003201 0.000000 0.000004 0.000000 0.000038 0.029824 0.030888 0.001627 0.031873 0.000118 0.000458 0.000610 0.020422 0.012332 0.006405 0.029004 0.017199 0.000000 0.000049 0.000000 0.000006 0.011213 0.000181 0.000037 0.023532 0.000000 0.000000 0.000000 0.000000 0.037048 0.040671 0.046528 0.060421 0.000084 0.000087 0.000539 0.000000 0.011237 0.010381 0.001756 0.017517 0.000000 0.000321 0.002524 0.000184 0.004530 0.006402 0.000000 0.004910 0.000002 0.000057 0.000000 0.000000 0.005919 0.039545 0.001912 0.042982 0.000005 0.000053 0.000045 0.000060 0.015543 0.002819 0.008062 0.010182 0.000000 0.000000 0.000000 0.000061 0.034652 0.021571 0.000047 0.074958 0.000005 0.000000 0.000000 0.000000 0.042686 0.070655 0.027036 0.078591 0.000837 0.000003 0.000006 0.003004 0.006305 0.010307 0.007884 0.018689 0.000000 0.000362 0.000316 0.000240 
0.000000 0.301214 0.000000 0.042941 0.000004 0.000049 0.459457 0.145445 0.016737 0.000000 0.034152 0.000000 
0.000000 0.000000 0.040868 0.000003 0.000004 0.387167 0.025785 0.039540 0.030271 0.000000 0.476362 0.000000 
0.000000 0.074758 0.000000 0.084563 0.010192 0.000055 0.000000 0.129736 0.054930 0.000000 0.645766 0.000000 
0.046841 0.000000 0.066414 0.657280 0.000004 0.088039 0.000000 0.000100 0.000000 0.000000 0.141322 0.000000 
0.000000 0.053987 0.210991 0.044644 0.313426 0.220360 0.000000 0.031855 0.000000 0.000000 0.124736 0.000000 
0.820654 0.119733 0.000000 0.000006 0.000003 0.000052 0.006015 0.001316 0.000000 0.000000 0.052220 0.000000 
0.000000 0.000000 0.000000 0.000003 0.150330 0.119296 0.532252 0.138292 0.000000 0.000000 0.059827 0.000000 
0.000000 0.000000 0.000000 0.239594 0.053434 0.023534 0.008670 0.081385 0.000000 0.000000 0.593383 0.000000 
0.000000 0.000000 0.000000 0.000004 0.038258 0.137724 0.000000 0.106001 0.000000 0.000000 0.718012 0.000000 
0.000000 0.000000 0.051835 0.426067 0.150865 0.185267 0.000000 0.000118 0.045290 0.000000 0.140558 0.000000 
0.009108 0.000000 0.000000 0.000004 0.060217 0.078449 0.020284 0.153124 0.000000 0.000000 0.678813 0.000000 
0.014292 0.000000 0.000000 0.099511 0.025089 0.000046 0.000000 0.649997 0.073606 0.000000 0.137458 0.000000 
0.597291 0.049334 0.000000 0.108254 0.075008 0.055480 0.000000 0.012098 0.009059 0.000000 0.093476 0.000000 
0.000000 0.000000 0.000000 0.173095 0.190257 0.145923 0.400785 0.024314 0.000000 0.000000 0.065625 0.000000 
0.433007 0.000000 0.043234 0.000004 0.009941 0.000063 0.000000 0.440743 0.000000 0.000000 0.073007 0.000000 
0.000000 0.000000 0.000000 0.027156 0.157479 0.197160 0.007163 0.067987 0.281198 0.000000 0.261856 0.000000 
0.000000 0.000000 0.000000 0.187014 0.045617 0.028372 0.059791 0.498818 0.038136 0.000000 0.142252 0.000000 
0.970204 0.000000 0.000000 0.000012 0.000004 0.007472 0.000000 0.000050 0.000000 0.000000 0.022257 0.000000 
0.154544 0.017309 0.025086 0.035255 0.229496 0.497508 0.000000 0.006009 0.007761 0.000000 0.027032 0.000000 
0.586756 0.000000 0.000000 0.000006 0.149692 0.057380 0.000000 0.171615 0.000000 0.000000 0.034549 0.000000 
0.000000 0.010914 0.092707 0.000004 0.021228 0.000062 0.000000 0.828687 0.000000 0.000000 0.046397 0.000000 
0.000000 0.000000 0.000000 0.045194 0.044477 0.089793 0.000000 0.090171 0.397244 0.000000 0.333120 0.000000 
0.000000 0.198086 0.072451 0.000004 0.201874 0.281784 0.000000 0.044742 0.082859 0.000000 0.118200 0.000000 
0.230514 0.000000 0.383405 0.050788 0.000004 0.021664 0.000000 0.109282 0.000000 0.000000 0.204342 0.000000 
0.000000 0.000000 0.000000 0.000004 0.143101 0.133877 0.009752 0.612666 0.000000 0.000000 0.100599 0.000000 
0.000000 0.000000 0.000000 0.000004 0.022706 0.324909 0.116806 0.072334 0.252293 0.000000 0.210949 0.000000 
0.389498 0.094458 0.000000 0.027892 0.020109 0.019540 0.000000 0.045385 0.249554 0.000000 0.153564 0.000000 
0.153012 0.530805 0.000000 0.127347 0.000004 0.029935 0.000000 0.025458 0.051349 0.000000 0.082090 0.000000 
0.587290 0.075159 0.024581 0.246930 0.000004 0.028093 0.000000 0.000075 0.000000 0.000000 0.037869 0.000000 
0.000000 0.038551 0.000000 0.028874 0.055699 0.000066 0.000000 0.064745 0.335717 0.000000 0.476348 0.000000 
0.000000 0.193128 0.000000 0.030273 0.000004 0.104180 0.006805 0.101570 0.232195 0.000000 0.331844 0.000000 
0.362427 0.157941 0.059403 0.274108 0.000004 0.009934 0.076937 0.053807 0.000000 0.000000 0.005438 0.000000 
0.282303 0.000000 0.054568 0.064477 0.017386 0.491588 0.000000 0.000088 0.035573 0.000000 0.054017 0.000000 
0.012681 0.000000 0.049287 0.013290 0.144535 0.117147 0.000000 0.556005 0.000000 0.000000 0.107055 0.000000 
0.000000 0.043256 0.000000 0.015534 0.000004 0.415894 0.000000 0.051615 0.083572 0.000000 0.390124 0.000000 
0.000000 0.505700 0.020147 0.276818 0.000004 0.054409 0.000000 0.027641 0.053525 0.000000 0.061756 0.000000 
0.070950 0.000000 0.050230 0.000004 0.000004 0.210923 0.000000 0.100190 0.000000 0.000000 0.567698 0.000000 
0.807932 0.060352 0.000000 0.000005 0.000004 0.000042 0.000000 0.098926 0.000000 0.000000 0.032739 0.000000 
0.000000 0.065257 0.288096 0.015469 0.000004 0.018018 0.055855 0.353258 0.000000 0.000000 0.204042 0.000000 
0.743461 0.000000 0.000000 0.000004 0.011733 0.015957 0.000000 0.036342 0.094472 0.000000 0.098031 0.000000 
0.000000 0.015674 0.000000 0.005237 0.446910 0.318152 0.000000 0.013653 0.082161 0.000000 0.118212 0.000000 
0.000000 0.184244 0.000000 0.000004 0.447511 0.286774 0.000000 0.000094 0.000000 0.000000 0.081373 0.000000 
0.730474 0.000000 0.025798 0.000004 0.000003 0.000057 0.000000 0.036473 0.000000 0.000000 0.207191 0.000000 
0.000000 0.000000 0.000000 0.525331 0.120346 0.082550 0.108625 0.022646 0.000000 0.000000 0.140501 0.000000 
0.000000 0.000000 0.240978 0.026556 0.000004 0.571847 0.000000 0.017582 0.000000 0.000000 0.143032 0.000000 
0.015932 0.915117 0.000000 0.000003 0.000004 0.000056 0.000000 0.059622 0.000000 0.000000 0.009265 0.000000 
0.000000 0.000000 0.000000 0.000003 0.028162 0.000055 0.011776 0.261097 0.000000 0.000000 0.698906 0.000000 
0.290146 0.229663 0.023185 0.088248 0.045533 0.020367 0.246243 0.031816 0.000000 0.000000 0.024798 0.000000 
0.000000 0.000000 0.174426 0.603658 0.000005 0.000064 0.012035 0.000091 0.000000 0.000000 0.209721 0.000000 
0.019272 0.000000 0.125301 0.000003 0.055293 0.038403 0.622090 0.056453 0.039399 0.000000 0.043786 0.000000 
0.000000 0.000000 0.000000 0.000004 0.034798 0.043807 0.000000 0.745321 0.041886 0.000000 0.134185 0.000000 
0.000000 0.000000 0.092160 0.044024 0.000004 0.000064 0.427973 0.101148 0.130606 0.000000 0.204020 0.000000 
0.000000 0.000000 0.043333 0.594000 0.088709 0.068262 0.000000 0.000076 0.045901 0.000000 0.159720 0.000000 
0.000000 0.000000 0.000000 0.136673 0.000004 0.158582 0.000000 0.561022 0.000000 0.000000 0.143718 0.000000 
0.460068 0.000000 0.027859 0.024346 0.061759 0.038249 0.000000 0.036820 0.160262 0.000000 0.190636 0.000000 
0.714765 0.180809 0.000000 0.000005 0.041813 0.005808 0.000000 0.000087 0.000000 0.000000 0.056713 0.000000 
0.055134 0.000000 0.058035 0.226828 0.024897 0.000046 0.000000 0.530085 0.000000 0.000000 0.104974 0.000000 
0.000000 0.000000 0.000000 0.000003 0.000004 0.043368 0.099669 0.780663 0.000000 0.000000 0.076292 0.000000 
0.000000 0.000000 0.000000 0.019628 0.153576 0.349487 0.156143 0.184958 0.033281 0.000000 0.102926 0.000000 
0.000000 0.019565 0.074004 0.563913 0.032966 0.011734 0.000000 0.139157 0.000000 0.000000 0.158661 0.000000 
0.016930 0.006373 0.236041 0.027494 0.000004 0.494579 0.000000 0.045269 0.000000 0.000000 0.173310 0.000000 
0.000000 0.613595 0.000000 0.026352 0.111317 0.085847 0.027709 0.025540 0.060378 0.000000 0.049261 0.000000 
0.049631 0.000000 0.000000 0.000003 0.377966 0.266985 0.200319 0.004983 0.000000 0.000000 0.100112 0.000000 
0.105880 0.000000 0.000000 0.030753 0.040339 0.099903 0.000000 0.284115 0.202485 0.000000 0.236524 0.000000 
0.000000 0.000000 0.036622 0.018127 0.000004 0.813116 0.044313 0.019030 0.004934 0.000000 0.063853 0.000000 
0.000000 0.033759 0.000000 0.014147 0.000004 0.046959 0.527675 0.031027 0.174700 0.000000 0.171730 0.000000 
0.011139 0.000000 0.000000 0.016890 0.500990 0.357566 0.010930 0.000096 0.000000 0.000000 0.102389 0.000000 
0.638356 0.000000 0.042784 0.000004 0.053690 0.025528 0.000000 0.052707 0.000000 0.000000 0.186931 0.000000 
0.000000 0.004065 0.138703 0.027324 0.163616 0.045000 0.240056 0.056900 0.088555 0.000000 0.235781 0.000000 
0.240636 0.000000 0.000000 0.576384 0.000004 0.022655 0.000000 0.000119 0.000000 0.000000 0.160202 0.000000 
0.000000 0.000000 0.356007 0.000004 0.045856 0.059237 0.006851 0.260131 0.097482 0.000000 0.174431 0.000000 
0.000000 0.079327 0.000000 0.067220 0.137927 0.118700 0.000000 0.184326 0.000000 0.000000 0.412501 0.000000 
0.000000 0.000000 0.000000 0.121221 0.138648 0.099840 0.568868 0.000117 0.000000 0.000000 0.071305 0.000000 
0.000000 0.799043 0.000000 0.015273 0.036602 0.056331 0.044151 0.000115 0.042035 0.000000 0.006450 0.000000 
0.358328 0.000000 0.000000 0.000005 0.000005 0.048162 0.518833 0.014336 0.040035 0.000000 0.020296 0.000000 
0.000000 0.000000 0.099599 0.017280 0.424528 0.315287 0.000000 0.090799 0.000000 0.000000 0.052507 0.000000 
0.000000 0.227554 0.000000 0.050826 0.022967 0.054421 0.434270 0.017561 0.087933 0.000000 0.104468 0.000000 
0.000000 0.007596 0.000000 0.000004 0.021850 0.000063 0.000000 0.803210 0.033401 0.000000 0.133876 0.000000 
0.831151 0.000000 0.000000 0.051112 0.000004 0.000071 0.000000 0.095197 0.000000 0.000000 0.022465 0.000000 
0.000000 0.000000 0.024395 0.031076 0.000004 0.404135 0.441478 0.015832 0.019701 0.000000 0.063380 0.000000 
0.356334 0.000000 0.000000 0.017886 0.037056 0.021410 0.000000 0.042460 0.265660 0.000000 0.259193 0.000000 
0.065321 0.000000 0.009827 0.000004 0.056060 0.013708 0.779392 0.000095 0.022283 0.000000 0.053310 0.000000 
0.017903 0.014670 0.000000 0.013318 0.000004 0.691170 0.072033 0.000102 0.091019 0.000000 0.099781 0.000000 
0.000000 0.000000 0.000000 0.024026 0.569319 0.381965 0.000000 0.023801 0.000000 0.000000 0.000889 0.000000 
0.000000 0.510742 0.039186 0.000004 0.018739 0.000054 0.000000 0.060448 0.065523 0.000000 0.305302 0.000000 
0.000000 0.000000 0.000000 0.000004 0.028824 0.335984 0.051093 0.361022 0.031134 0.000000 0.191939 0.000000 
0.000000 0.000000 0.000000 0.000003 0.161098 0.185051 0.117911 0.439653 0.000000 0.000000 0.096283 0.000000 
0.000000 0.000000 0.087530 0.033670 0.000004 0.061775 0.000000 0.075851 0.453505 0.000000 0.287665 0.000000 
0.370381 0.000000 0.000000 0.000004 0.027723 0.011714 0.000000 0.067599 0.170836 0.000000 0.351743 0.000000 
0.000000 0.000000 0.000000 0.125810 0.018775 0.000060 0.592705 0.035534 0.000000 0.000000 0.227115 0.000000 
0.093588 0.069930 0.059053 0.000004 0.023193 0.640298 0.000000 0.017931 0.051334 0.000000 0.044669 0.000000 
0.000000 0.000000 0.007390 0.025171 0.018977 0.067680 0.000000 0.104710 0.406296 0.000000 0.369775 0.000000 
0.000000 0.000000 0.000000 0.000003 0.351614 0.253905 0.000000 0.044258 0.000000 0.000000 0.350219 0.000000 
0.000000 0.340059 0.000000 0.061176 0.024386 0.064287 0.184838 0.256375 0.000000 0.000000 0.068879 0.000000 
0.000000 0.130276 0.048314 0.009949 0.000004 0.298728 0.399361 0.050932 0.039056 0.000000 0.023381 0.000000 
0.000000 0.000000 0.158237 0.131383 0.000004 0.082277 0.000000 0.090977 0.283821 0.000000 0.253301 0.000000 
0.000000 0.000000 0.081055 0.005828 0.000004 0.694950 0.126878 0.007965 0.003366 0.000000 0.079953 0.000000 
0.088292 0.053979 0.000000 0.000004 0.000004 0.000039 0.441348 0.347290 0.000000 0.000000 0.069043 0.000000 
0.000000 0.000000 0.000000 0.576597 0.000004 0.000050 0.229190 0.019442 0.000000 0.000000 0.174717 0.000000 
0.018289 0.011607 0.521097 0.000004 0.000004 0.000050 0.000000 0.200220 0.000000 0.000000 0.248727 0.000000 
0.106934 0.0865147 0.0970256 0.187012 0.188621 0.305206 0.116964 0.344325 0.133602 1.59077e-13 0.542944 0.0252828 
