-385850.686046
0
0.037925 0.033947 0.012287 0.027415 0.012343 0.007334 0.005972 0.009743 0.012681 0.006491 0.002193 0.009788 0.006243 0.005766 0.011813 0.005270 0.007382 0.001424 0.008862 0.005078 0.000000 0.000000 0.002050 0.000000 0.045310 0.050423 0.006959 0.038220 0.014363 0.011789 0.006397 0.013760 0.017364 0.012570 0.006842 0.021482 0.009527 0.013624 0.031258 0.017379 0.004440 0.004072 0.007061 0.005434 0.000000 0.000525 0.005148 0.000001 0.033387 0.034613 0.013843 0.024768 0.008470 0.008327 0.004405 0.009753 0.005773 0.008588 0.003137 0.006787 0.007895 0.007094 0.014170 0.006415 0.006556 0.001274 0.003820 0.002104 0.000000 0.000000 0.002248 0.000440 0.030388 0.043557 0.008649 0.037722 0.005001 0.014231 0.002694 0.006102 0.004837 0.008416 0.000196 0.008408 0.003820 0.007939 0.007224 0.009038 0.002751 0.001733 0.002273 0.001645 0.000000 0.000506 0.002946 0.000099 
0.004724 0.002764 0.000325 0.003588 0.000000 0.001394 0.000000 0.001782 0.032466 0.017188 0.150840 0.015609 0.001285 0.003252 0.000658 0.008114 0.012897 0.006957 0.016534 0.006488 0.000000 0.001263 0.001229 0.001763 0.007138 0.012282 0.004815 0.029135 0.000000 0.000000 0.000000 0.000000 0.013020 0.012325 0.105638 0.013407 0.000000 0.002272 0.000000 0.000865 0.006153 0.005161 0.017226 0.003458 0.000000 0.004493 0.002814 0.005061 0.002212 0.003370 0.000000 0.003832 0.000000 0.003029 0.000000 0.000000 0.055847 0.058062 0.130016 0.038254 0.000001 0.001270 0.000000 0.002574 0.013339 0.006015 0.007747 0.007109 0.000000 0.001415 0.001738 0.001851 0.002980 0.004118 0.000478 0.001246 0.000000 0.000496 0.000000 0.000000 0.006261 0.008671 0.060063 0.006162 0.002550 0.000000 0.000000 0.002426 0.006633 0.004815 0.010063 0.003277 0.000000 0.002141 0.001892 0.001660 
0.001741 0.000273 0.000531 0.007861 0.000000 0.000001 0.000000 0.000001 0.000049 0.001977 0.012207 0.004059 0.000000 0.000000 0.000978 0.001859 0.000681 0.005069 0.002038 0.003905 0.000000 0.005930 0.001776 0.012734 0.003727 0.002370 0.001090 0.014751 0.000230 0.000000 0.000161 0.000001 0.000894 0.002374 0.012557 0.004722 0.000000 0.000007 0.000000 0.000004 0.001589 0.002102 0.001970 0.004288 0.002479 0.000001 0.004556 0.020486 0.003069 0.001440 0.000000 0.006797 0.000507 0.000000 0.000000 0.000000 0.000021 0.016381 0.025604 0.015961 0.000345 0.000001 0.000000 0.000000 0.004409 0.010335 0.005742 0.010146 0.000000 0.002283 0.000001 0.003093 0.034985 0.011462 0.002220 0.313635 0.000000 0.000001 0.000000 0.000000 0.005375 0.021621 0.216213 0.035561 0.000002 0.000000 0.000000 0.001171 0.004118 0.008358 0.006446 0.008009 0.004473 0.008011 0.002835 0.065340 
0.010813 0.007398 0.000000 0.007545 0.012122 0.006268 0.000000 0.011142 0.017206 0.008350 0.011097 0.015088 0.014194 0.006170 0.009390 0.017970 0.032047 0.012513 0.022347 0.030886 0.018630 0.003994 0.008332 0.013360 0.006855 0.000838 0.000000 0.007853 0.003178 0.004654 0.000000 0.007241 0.010642 0.005516 0.005374 0.009094 0.006227 0.006107 0.003784 0.010293 0.015543 0.016660 0.017162 0.026274 0.012231 0.008048 0.011639 0.031779 0.009395 0.005167 0.000000 0.009300 0.003402 0.002984 0.000000 0.007516 0.012013 0.007096 0.007323 0.012144 0.003420 0.002829 0.003420 0.005985 0.012436 0.011925 0.011642 0.016300 0.005442 0.001587 0.011456 0.011973 0.017527 0.004093 0.000000 0.018702 0.005452 0.004824 0.000000 0.015133 0.005309 0.009703 0.000138 0.010519 0.018673 0.005743 0.011162 0.016430 0.018399 0.019771 0.011142 0.027418 0.026590 0.007352 0.010928 0.036384 
0.000367 0.001148 0.000000 0.000749 0.000000 0.000001 0.000000 0.000001 0.001642 0.023867 0.000057 0.004634 0.000000 0.000391 0.000981 0.003188 0.003131 0.000287 0.002430 0.002065 0.000000 0.000000 0.000643 0.000000 0.000106 0.001790 0.000672 0.002626 0.000000 0.000000 0.000811 0.000791 0.080384 0.101992 0.018528 0.084254 0.000000 0.000330 0.000000 0.000543 0.000545 0.000347 0.002561 0.007758 0.000000 0.001040 0.000595 0.000001 0.001067 0.000008 0.000000 0.000003 0.000000 0.000000 0.000000 0.000000 0.000301 0.020688 0.001585 0.018437 0.000284 0.000001 0.000532 0.000000 0.001868 0.000492 0.000850 0.007616 0.000000 0.000000 0.000305 0.001048 0.001092 0.001862 0.000000 0.001254 0.000000 0.001989 0.000000 0.000000 0.114785 0.280386 0.095819 0.077822 0.001784 0.000000 0.000000 0.005212 0.000494 0.001706 0.002214 0.002685 0.000000 0.000904 0.001602 0.002046 
0.001226 0.000005 0.000000 0.000193 0.000468 0.000333 0.000000 0.000359 0.008062 0.002658 0.003117 0.002743 0.000000 0.000000 0.000004 0.000413 0.000010 0.000920 0.001222 0.001203 0.000000 0.000382 0.000386 0.000000 0.001035 0.000007 0.000000 0.000074 0.000771 0.000000 0.000000 0.000922 0.016502 0.006575 0.005425 0.007583 0.000000 0.000848 0.000000 0.000632 0.000595 0.001199 0.000996 0.000529 0.000000 0.000000 0.000237 0.000299 0.000008 0.000277 0.000234 0.000002 0.000000 0.000000 0.000000 0.000000 0.008129 0.001110 0.000202 0.003377 0.000327 0.000922 0.000698 0.000000 0.000012 0.000004 0.000006 0.000945 0.000636 0.000000 0.000000 0.000003 0.014939 0.006850 0.001999 0.012227 0.035569 0.000000 0.001728 0.065707 0.415099 0.083320 0.049415 0.224165 0.000001 0.000000 0.000000 0.000562 0.000536 0.000008 0.000020 0.000883 0.001132 0.000001 0.000004 0.001007 
0.157805 0.000063 0.328762 0.045504 0.467864 0.000001 
0.255049 0.387490 0.007385 0.285643 0.030430 0.034002 
0.337333 0.000067 0.063675 0.573802 0.012313 0.012811 
0.006084 0.065772 0.042236 0.845016 0.000001 0.040891 
0.220025 0.512344 0.053897 0.213731 0.000001 0.000002 
0.014763 0.000057 0.120556 0.026629 0.000001 0.837994 
0.184544 0.251488 0.012557 0.005560 0.545849 0.000002 
0.228067 0.039864 0.000001 0.708770 0.023296 0.000002 
0.373060 0.164134 0.000001 0.437777 0.012271 0.012757 
0.039549 0.298943 0.034648 0.626857 0.000001 0.000002 
0.444710 0.117045 0.000001 0.381583 0.019060 0.037602 
0.770446 0.000065 0.000001 0.212913 0.000001 0.016575 
0.035244 0.110599 0.064223 0.183956 0.000001 0.605978 
0.032804 0.306052 0.028046 0.226721 0.406376 0.000002 
0.542936 0.000085 0.000001 0.019408 0.000001 0.437569 
0.187370 0.365828 0.000001 0.385359 0.061441 0.000002 
0.576775 0.048395 0.000001 0.306158 0.068669 0.000002 
0.000234 0.003840 0.000001 0.000490 0.000001 0.995434 
0.048649 0.703150 0.040163 0.040944 0.000001 0.167093 
0.216896 0.191624 0.000001 0.000593 0.000001 0.590885 
0.975134 0.000089 0.017217 0.007558 0.000001 0.000001 
0.225899 0.145530 0.000001 0.575948 0.052619 0.000002 
0.172642 0.510599 0.202852 0.113904 0.000001 0.000002 
0.406353 0.039645 0.000001 0.317411 0.000001 0.236589 
0.714534 0.246417 0.000001 0.025319 0.013727 0.000002 
0.176611 0.380257 0.000001 0.263595 0.162364 0.017171 
0.104577 0.037452 0.080349 0.315814 0.093881 0.367927 
0.026275 0.020799 0.562406 0.226704 0.016961 0.146856 
0.000474 0.015478 0.113933 0.288732 0.000001 0.581382 
0.259010 0.045484 0.000001 0.623050 0.072453 0.000002 
0.230241 0.121882 0.178345 0.410941 0.058589 0.000002 
0.055057 0.000078 0.207914 0.313399 0.073390 0.350161 
0.035308 0.505028 0.029232 0.122914 0.000001 0.307517 
0.693350 0.229627 0.015084 0.049066 0.000001 0.012873 
0.201842 0.414412 0.047693 0.287689 0.022783 0.025582 
0.016627 0.049449 0.563331 0.370591 0.000001 0.000002 
0.317644 0.198937 0.000001 0.379629 0.000001 0.103788 
0.114887 0.000054 0.066011 0.000409 0.000001 0.818638 
0.666974 0.034972 0.070937 0.173513 0.044216 0.009388 
0.081558 0.029037 0.000001 0.115590 0.012658 0.761155 
0.105140 0.777150 0.007869 0.109838 0.000001 0.000002 
0.057210 0.725892 0.189150 0.027746 0.000001 0.000002 
0.124315 0.000065 0.000001 0.124298 0.000001 0.751319 
0.028724 0.155917 0.044791 0.674947 0.095619 0.000001 
0.213363 0.562248 0.033306 0.160451 0.000001 0.030632 
0.054970 0.000066 0.932913 0.000420 0.000001 0.011630 
0.562458 0.000082 0.000001 0.400708 0.011543 0.025208 
0.041706 0.048478 0.262262 0.106523 0.249577 0.291454 
0.055173 0.000071 0.016471 0.928283 0.000001 0.000002 
0.172417 0.096457 0.000001 0.059557 0.652068 0.019501 
0.891775 0.064414 0.000001 0.043807 0.000001 0.000002 
0.232338 0.000079 0.000001 0.298064 0.450715 0.018803 
0.001881 0.125262 0.037146 0.835708 0.000001 0.000001 
0.625227 0.145782 0.026606 0.195494 0.000001 0.006889 
0.132056 0.105467 0.000001 0.278255 0.000001 0.484220 
0.012870 0.038852 0.185064 0.031768 0.000001 0.731445 
0.618363 0.000068 0.013210 0.319460 0.000001 0.048898 
0.853323 0.028243 0.017382 0.000300 0.100750 0.000002 
0.261845 0.494451 0.000001 0.064632 0.179069 0.000002 
0.174664 0.015681 0.058760 0.750893 0.000001 0.000001 
0.253185 0.498272 0.039858 0.172998 0.000001 0.035686 
0.041257 0.198142 0.629441 0.095146 0.036012 0.000002 
0.077684 0.640112 0.000001 0.024534 0.190893 0.066776 
0.437187 0.151079 0.000001 0.271874 0.026920 0.112939 
0.069125 0.773564 0.040017 0.034579 0.059504 0.023211 
0.083307 0.057326 0.031983 0.242474 0.574714 0.010195 
0.067744 0.846112 0.000001 0.063153 0.000001 0.022989 
0.166296 0.063695 0.000001 0.106783 0.035934 0.627290 
0.247192 0.190400 0.000001 0.303828 0.258578 0.000002 
0.006862 0.000084 0.034491 0.728491 0.000001 0.230071 
0.605051 0.117626 0.000001 0.259733 0.017587 0.000001 
0.355999 0.225825 0.077307 0.336760 0.000001 0.004108 
0.012140 0.202236 0.036577 0.170883 0.578163 0.000002 
0.001099 0.102223 0.829806 0.016232 0.050638 0.000001 
0.019339 0.050227 0.025000 0.005471 0.535978 0.363985 
0.220498 0.735140 0.000001 0.044358 0.000001 0.000002 
0.040736 0.075649 0.237169 0.180457 0.465987 0.000002 
0.957419 0.000077 0.012025 0.030477 0.000001 0.000002 
0.098741 0.000064 0.000001 0.058606 0.000001 0.842587 
0.047380 0.391792 0.019126 0.064481 0.461657 0.015564 
0.151848 0.059327 0.000001 0.389948 0.035516 0.363359 
0.015661 0.047937 0.000001 0.050444 0.807933 0.078024 
0.064575 0.673725 0.039599 0.075735 0.109375 0.036991 
0.051672 0.928043 0.012175 0.008108 0.000001 0.000002 
0.181543 0.000081 0.506307 0.304483 0.000001 0.007585 
0.482753 0.371901 0.010325 0.056990 0.066144 0.011886 
0.540504 0.321701 0.013409 0.000628 0.123756 0.000002 
0.244023 0.069893 0.000001 0.614995 0.071086 0.000001 
0.212791 0.028134 0.000001 0.354966 0.000001 0.404107 
0.082572 0.000081 0.000001 0.297535 0.570313 0.049497 
0.094901 0.657014 0.097905 0.012192 0.033796 0.104191 
0.261804 0.091206 0.000001 0.569681 0.077307 0.000002 
0.239604 0.577278 0.000001 0.165554 0.000001 0.017562 
0.289559 0.076995 0.375774 0.068296 0.189374 0.000002 
0.097625 0.300629 0.151113 0.024878 0.425754 0.000002 
0.271434 0.093335 0.000001 0.583104 0.052123 0.000002 
0.104797 0.671836 0.030927 0.026698 0.145284 0.020458 
0.390655 0.000044 0.066227 0.000873 0.449212 0.092990 
0.019153 0.000050 0.027391 0.732073 0.205482 0.015851 
0.637417 0.015924 0.011920 0.310564 0.000001 0.024175 
0.513339 0.321038 0.155082 0.481812 0.144689 0.162245 
