-388306.532749
0
0.001406 0.000000 0.000000 0.000636 0.000537 0.000304 0.000000 0.000439 0.007989 0.002693 0.003303 0.002828 0.000000 0.000000 0.000002 0.000333 0.000020 0.000839 0.001392 0.001077 0.000000 0.000565 0.000338 0.000000 0.001211 0.000000 0.000000 0.000235 0.000625 0.000000 0.000000 0.000950 0.016329 0.006261 0.005499 0.007569 0.000000 0.000928 0.000000 0.000749 0.000478 0.001433 0.000889 0.000719 0.000000 0.000002 0.000350 0.000429 0.000005 0.000234 0.000288 0.000001 0.000000 0.000000 0.000000 0.000000 0.008133 0.001488 0.000593 0.003539 0.000332 0.000838 0.000659 0.000000 0.000010 0.000006 0.000006 0.001164 0.000495 0.000000 0.000001 0.000003 0.015109 0.006623 0.001745 0.016859 0.035235 0.000000 0.001468 0.065511 0.411029 0.082567 0.050570 0.221985 0.000008 0.000000 0.000000 0.000642 0.000659 0.000008 0.000133 0.000737 0.000894 0.000001 0.000003 0.001062 
0.004988 0.003268 0.000662 0.003996 0.000330 0.001433 0.000419 0.001657 0.031541 0.016963 0.148560 0.015473 0.001152 0.003392 0.000619 0.007708 0.012281 0.006668 0.016068 0.006317 0.000000 0.001217 0.001147 0.001879 0.007722 0.012821 0.004714 0.029478 0.000630 0.000000 0.000000 0.000393 0.012584 0.011917 0.103615 0.012996 0.000000 0.002362 0.000000 0.000908 0.005936 0.004916 0.016930 0.003478 0.000000 0.004374 0.002805 0.005109 0.002713 0.003936 0.000433 0.004210 0.000000 0.003038 0.000000 0.000765 0.054665 0.057422 0.128047 0.038052 0.000000 0.001321 0.000000 0.002429 0.013258 0.006194 0.007812 0.007047 0.000000 0.001284 0.001347 0.001865 0.003918 0.004938 0.000815 0.004702 0.000000 0.000612 0.000000 0.000001 0.006424 0.008710 0.060139 0.006877 0.002272 0.000435 0.000000 0.002135 0.006764 0.004391 0.009970 0.003280 0.000000 0.002310 0.001687 0.002355 
0.001840 0.000000 0.000000 0.005277 0.001047 0.000000 0.000000 0.000000 0.002880 0.003169 0.009917 0.004610 0.005315 0.000000 0.003161 0.011448 0.013265 0.008908 0.010000 0.016265 0.024467 0.007163 0.004459 0.020510 0.001700 0.000000 0.000000 0.008960 0.000000 0.000000 0.000000 0.000001 0.001657 0.000485 0.006205 0.001604 0.001783 0.000000 0.000000 0.000563 0.011364 0.007617 0.011428 0.019128 0.016898 0.005720 0.009749 0.047219 0.003634 0.000543 0.000000 0.006613 0.000428 0.000000 0.000000 0.000000 0.000520 0.008722 0.015460 0.013522 0.000368 0.000515 0.000000 0.000872 0.006786 0.013345 0.009950 0.014135 0.005107 0.001870 0.003634 0.014389 0.029301 0.005560 0.000753 0.177408 0.000000 0.000000 0.000000 0.001709 0.002523 0.010227 0.098533 0.023436 0.013212 0.000783 0.005755 0.006441 0.012366 0.018097 0.010761 0.026865 0.037043 0.009986 0.006874 0.076173 
0.029234 0.025029 0.007431 0.020498 0.014357 0.008299 0.003421 0.012815 0.016906 0.008053 0.004325 0.013942 0.010427 0.007247 0.012021 0.010085 0.019160 0.005941 0.015289 0.016219 0.001470 0.000710 0.004951 0.002419 0.031485 0.031755 0.004494 0.026839 0.010491 0.010073 0.003978 0.012663 0.017040 0.011711 0.005968 0.019180 0.008929 0.012048 0.021440 0.016717 0.007910 0.009904 0.010465 0.012564 0.001146 0.002993 0.007204 0.004141 0.025083 0.024050 0.008206 0.019301 0.007205 0.006852 0.002693 0.010171 0.009898 0.008205 0.002907 0.008514 0.006931 0.005838 0.010928 0.007270 0.009621 0.004472 0.006400 0.007457 0.001311 0.000732 0.007144 0.002363 0.024003 0.028742 0.005335 0.022997 0.006442 0.011687 0.001735 0.012252 0.006989 0.011554 0.000273 0.008806 0.008623 0.007831 0.008937 0.013457 0.008684 0.007770 0.004956 0.008623 0.002254 0.002327 0.006473 0.004314 
0.000010 0.001127 0.000000 0.000534 0.000065 0.000000 0.000000 0.000000 0.001714 0.023182 0.000074 0.004492 0.000000 0.000115 0.000622 0.003058 0.002524 0.000577 0.002530 0.002258 0.000000 0.000002 0.000697 0.000000 0.000011 0.000000 0.000422 0.002157 0.000000 0.000000 0.000685 0.000711 0.078084 0.099855 0.019137 0.082618 0.000000 0.000000 0.000000 0.000284 0.000820 0.000705 0.002379 0.007176 0.000000 0.000688 0.000527 0.000891 0.000873 0.000002 0.000000 0.000001 0.000000 0.000000 0.000000 0.000000 0.000788 0.021016 0.003303 0.018582 0.000000 0.000002 0.000000 0.000000 0.001602 0.000959 0.000944 0.007580 0.000000 0.000000 0.000201 0.001026 0.001352 0.002073 0.000002 0.006672 0.000000 0.001641 0.000000 0.000001 0.111733 0.276629 0.106292 0.078383 0.001409 0.000000 0.000000 0.004700 0.000013 0.001493 0.002288 0.002444 0.000000 0.000789 0.001271 0.003207 
0.000002 0.000176 0.289640 0.191156 0.519026 
0.032793 0.399259 0.047949 0.497458 0.022541 
0.014506 0.000332 0.221621 0.763540 0.000001 
0.039442 0.085651 0.591234 0.283673 0.000001 
0.000002 0.526247 0.107852 0.365899 0.000001 
0.867369 0.000182 0.091749 0.026335 0.014365 
0.000002 0.243400 0.000054 0.209017 0.547527 
0.003760 0.050361 0.258860 0.687018 0.000001 
0.011444 0.169515 0.063436 0.755604 0.000001 
0.002318 0.327656 0.392644 0.277382 0.000001 
0.038384 0.121141 0.053865 0.786609 0.000001 
0.010653 0.000136 0.036432 0.952778 0.000001 
0.611536 0.123049 0.158708 0.106706 0.000001 
0.000002 0.319486 0.164889 0.111584 0.404039 
0.433344 0.000146 0.000037 0.566472 0.000001 
0.000002 0.393809 0.078950 0.475201 0.052037 
0.000002 0.045884 0.112207 0.787610 0.054298 
0.998942 0.000287 0.000066 0.000704 0.000001 
0.169757 0.726086 0.050749 0.053408 0.000001 
0.591688 0.178606 0.000046 0.229659 0.000001 
0.000001 0.009756 0.000081 0.990161 0.000001 
0.000002 0.170780 0.111724 0.682428 0.035067 
0.000002 0.532695 0.214326 0.243893 0.009085 
0.226916 0.041043 0.057455 0.674585 0.000001 
0.000002 0.233057 0.000055 0.766886 0.000001 
0.015912 0.399042 0.051408 0.377864 0.155774 
0.370923 0.053237 0.176610 0.305589 0.093641 
0.160995 0.052971 0.644276 0.096610 0.045148 
0.590177 0.026719 0.313512 0.069591 0.000001 
0.000002 0.062159 0.144188 0.741385 0.052267 
0.005804 0.145337 0.293018 0.497891 0.057949 
0.359558 0.012654 0.394069 0.148745 0.084975 
0.306898 0.523083 0.080377 0.089641 0.000001 
0.008414 0.213482 0.000067 0.778036 0.000001 
0.025820 0.432401 0.113247 0.409122 0.019411 
0.000002 0.085655 0.780490 0.113752 0.020101 
0.095239 0.198864 0.082185 0.623711 0.000001 
0.853626 0.000147 0.021009 0.125217 0.000001 
0.005818 0.036033 0.090697 0.821005 0.046447 
0.765711 0.033637 0.013872 0.183408 0.003372 
0.000002 0.794358 0.033431 0.172209 0.000001 
0.000002 0.755147 0.186036 0.058814 0.000001 
0.748529 0.000160 0.016381 0.234929 0.000001 
0.000001 0.173980 0.488928 0.248033 0.089058 
0.029075 0.570813 0.056371 0.343740 0.000001 
0.015128 0.043179 0.849030 0.054633 0.038031 
0.020540 0.005412 0.033292 0.940754 0.000001 
0.304263 0.066053 0.273559 0.080186 0.275938 
0.000002 0.000215 0.523092 0.476690 0.000001 
0.009886 0.086509 0.000051 0.246160 0.657394 
0.000002 0.050129 0.000055 0.949814 0.000001 
0.019118 0.004435 0.068559 0.470325 0.437563 
0.000002 0.146129 0.568750 0.285119 0.000001 
0.000002 0.139943 0.091500 0.768554 0.000001 
0.476609 0.118212 0.058768 0.346410 0.000001 
0.770880 0.053464 0.152734 0.022921 0.000001 
0.042967 0.000152 0.163176 0.793704 0.000001 
0.000002 0.020156 0.000046 0.882140 0.097656 
0.000002 0.488418 0.011977 0.323303 0.176300 
0.000001 0.026631 0.499943 0.473424 0.000001 
0.033989 0.504769 0.068378 0.392863 0.000001 
0.000002 0.226561 0.640723 0.062472 0.070242 
0.065024 0.644873 0.000051 0.099139 0.190914 
0.112102 0.150808 0.033159 0.688717 0.015214 
0.022635 0.793182 0.039353 0.081344 0.063486 
0.016578 0.069803 0.092137 0.249628 0.571854 
0.022144 0.870381 0.025344 0.082131 0.000001 
0.629144 0.063172 0.018390 0.259046 0.030248 
0.000002 0.197459 0.067244 0.486669 0.248626 
0.228807 0.010893 0.534631 0.225668 0.000001 
0.000002 0.118744 0.000080 0.876292 0.004882 
0.000002 0.235051 0.173766 0.591181 0.000001 
0.010110 0.214303 0.126861 0.079272 0.569454 
0.000002 0.129085 0.766161 0.004674 0.100079 
0.370829 0.048958 0.000077 0.035167 0.544969 
0.000001 0.734159 0.008912 0.256927 0.000001 
0.000002 0.089872 0.285625 0.126525 0.497976 
0.000002 0.000188 0.000063 0.990713 0.009034 
0.838029 0.000118 0.033765 0.128087 0.000001 
0.015968 0.399700 0.033088 0.085850 0.465393 
0.362183 0.077979 0.077250 0.461449 0.021139 
0.074292 0.045890 0.000096 0.062623 0.817099 
0.037291 0.690562 0.051519 0.107940 0.112688 
0.000002 0.953953 0.013635 0.032410 0.000001 
0.009562 0.038712 0.593912 0.333255 0.024560 
0.004451 0.358539 0.000072 0.567195 0.069743 
0.000002 0.297776 0.000046 0.580577 0.121599 
0.000002 0.093602 0.086544 0.767339 0.052513 
0.395529 0.036973 0.057351 0.510147 0.000001 
0.054068 0.005937 0.138541 0.249193 0.552261 
0.107766 0.670042 0.073490 0.105275 0.043426 
0.000002 0.114224 0.096752 0.729308 0.059715 
0.013101 0.585905 0.000071 0.400922 0.000001 
0.000002 0.090572 0.352871 0.330033 0.226522 
0.000002 0.303957 0.128464 0.118188 0.449388 
0.000002 0.106442 0.179820 0.680771 0.032966 
0.016283 0.679749 0.019760 0.130251 0.153957 
0.094318 0.000081 0.015144 0.432059 0.458398 
0.021161 0.000143 0.526259 0.261792 0.190644 
0.018762 0.016825 0.047170 0.917243 0.000000 
0.165083 0.375819 0.31246 0.718412 0.141872 
