-202325.733622
0
0.000001 0.000007 0.000000 0.000000 0.057923 0.025492 0.025946 0.045400 0.013200 0.010109 0.000334 0.016640 0.000000 0.000000 0.000000 0.000004 0.000009 0.000002 0.000002 0.000000 0.000000 0.000000 0.000000 0.000001 0.000002 0.000000 0.000000 0.000005 0.046780 0.034582 0.000000 0.060183 0.042871 0.012772 0.000942 0.009597 0.000000 0.000000 0.000000 0.000000 0.000005 0.000001 0.006959 0.000064 0.000000 0.000000 0.028738 0.000000 0.000016 0.000011 0.000000 0.000002 0.034895 0.025468 0.008732 0.028839 0.057775 0.023426 0.000071 0.022960 0.000000 0.000000 0.000000 0.000000 0.014389 0.017295 0.000008 0.000013 0.000000 0.000000 0.033126 0.000000 0.000067 0.032122 0.012303 0.000354 0.025921 0.050396 0.008872 0.066932 0.003935 0.036690 0.001828 0.008655 0.000000 0.000000 0.000000 0.000000 0.000008 0.013314 0.015427 0.000000 0.000000 0.000000 0.017570 0.000000 
0.000001 0.000006 0.000000 0.000000 0.000000 0.000000 0.000000 0.000000 0.035261 0.012763 0.096307 0.014982 0.000000 0.003777 0.000000 0.001235 0.005288 0.004129 0.024254 0.000000 0.000000 0.000736 0.000000 0.002901 0.006186 0.020238 0.013934 0.053853 0.000000 0.000000 0.000000 0.000000 0.012614 0.012596 0.096944 0.007248 0.000000 0.000000 0.000000 0.000000 0.006630 0.001862 0.028538 0.001576 0.000000 0.003389 0.004469 0.008041 0.001184 0.006344 0.000000 0.010298 0.000000 0.002635 0.000000 0.000905 0.064072 0.084730 0.141615 0.061976 0.000000 0.003786 0.000000 0.001061 0.010188 0.007830 0.012517 0.003398 0.000000 0.000000 0.001294 0.002842 0.000415 0.004349 0.000000 0.003284 0.000000 0.000003 0.000000 0.000000 0.007344 0.006903 0.043938 0.003603 0.000000 0.000000 0.000000 0.000000 0.007286 0.004765 0.010050 0.002854 0.000000 0.001775 0.001363 0.005633 
0.000001 0.000005 0.000000 0.000000 0.000000 0.000000 0.000000 0.000000 0.004777 0.013843 0.008307 0.000013 0.000000 0.000000 0.001482 0.004238 0.003086 0.000001 0.000001 0.000000 0.000000 0.000001 0.000000 0.000001 0.000002 0.002081 0.000000 0.000005 0.000000 0.000000 0.000000 0.000000 0.073213 0.108252 0.031030 0.079431 0.000000 0.000000 0.000000 0.000000 0.000005 0.000000 0.001492 0.007351 0.000000 0.000000 0.000002 0.000000 0.003818 0.000008 0.000000 0.000002 0.000000 0.000003 0.000000 0.000000 0.000084 0.021750 0.000091 0.017199 0.000000 0.000000 0.000000 0.000000 0.003457 0.000012 0.000010 0.010173 0.000000 0.000000 0.003057 0.000000 0.000070 0.000129 0.000001 0.000440 0.000000 0.003285 0.000000 0.000000 0.129102 0.270597 0.105009 0.082859 0.000000 0.000000 0.000000 0.000000 0.004102 0.001454 0.004666 0.000000 0.000000 0.000000 0.000001 0.000000 
0.000001 0.001625 0.000000 0.010457 0.000746 0.000000 0.000000 0.000000 0.000018 0.004065 0.016025 0.003449 0.000000 0.000000 0.000000 0.001207 0.000005 0.005180 0.000461 0.003931 0.000000 0.003950 0.001031 0.010851 0.003666 0.000000 0.000000 0.016889 0.000000 0.000000 0.000000 0.000000 0.002293 0.000708 0.011165 0.005996 0.000000 0.000000 0.000000 0.000000 0.000001 0.001966 0.000095 0.001536 0.000000 0.001566 0.003528 0.014007 0.001071 0.001352 0.000000 0.007732 0.000000 0.000004 0.000000 0.000000 0.000010 0.015366 0.021836 0.011718 0.000000 0.000000 0.000000 0.000314 0.006404 0.011616 0.004432 0.013190 0.000000 0.001839 0.001967 0.001203 0.039033 0.012388 0.002388 0.322161 0.000000 0.000340 0.000000 0.000000 0.003292 0.025891 0.222205 0.035502 0.000000 0.001150 0.000000 0.002198 0.002040 0.008817 0.006234 0.010577 0.000000 0.010287 0.001944 0.067084 
0.029956 0.021073 0.003034 0.024292 0.010694 0.006890 0.000000 0.012828 0.021039 0.011112 0.015137 0.022788 0.010834 0.012385 0.013276 0.014306 0.026106 0.012499 0.022318 0.024800 0.000000 0.001704 0.011244 0.002299 0.022128 0.015759 0.001989 0.020009 0.005963 0.004496 0.002859 0.008375 0.010999 0.008815 0.007218 0.023055 0.008374 0.015064 0.013349 0.021830 0.009904 0.014967 0.010432 0.014392 0.000000 0.005038 0.005242 0.003848 0.016070 0.012764 0.000000 0.017642 0.002949 0.002730 0.000000 0.009605 0.007715 0.004671 0.006616 0.009012 0.007696 0.007921 0.010909 0.012443 0.009689 0.004030 0.009367 0.012588 0.000826 0.002322 0.006375 0.004476 0.020762 0.014059 0.000000 0.031727 0.006126 0.007163 0.000000 0.007547 0.009024 0.007583 0.004932 0.013476 0.011185 0.013205 0.009761 0.023009 0.011203 0.008322 0.003466 0.013872 0.000000 0.005744 0.006977 0.007723 
0.002555 0.002728 0.000000 0.000000 0.000000 0.000000 0.000000 0.000000 0.004310 0.002214 0.013736 0.000005 0.014510 0.000000 0.004098 0.018701 0.030013 0.008071 0.016260 0.019819 0.038929 0.008850 0.000000 0.025874 0.000001 0.000000 0.000000 0.003668 0.000000 0.000000 0.000000 0.003118 0.010587 0.006190 0.006784 0.005103 0.005268 0.000000 0.001576 0.000000 0.019224 0.006707 0.016705 0.027530 0.030956 0.005077 0.014640 0.074114 0.004487 0.008337 0.000000 0.004689 0.000000 0.003581 0.000000 0.000000 0.007362 0.008920 0.011699 0.019083 0.000000 0.000000 0.000000 0.000000 0.008500 0.013529 0.010093 0.016210 0.010625 0.000000 0.002745 0.025333 0.021825 0.000830 0.000000 0.032985 0.000000 0.000002 0.000000 0.004153 0.006555 0.012084 0.009427 0.007823 0.021174 0.000000 0.014267 0.009439 0.018086 0.016854 0.013244 0.042464 0.070274 0.011287 0.009606 0.074505 
0.006033 0.008298 0.001267 0.002082 0.000000 0.001066 0.000000 0.000000 0.032286 0.017178 0.211731 0.009573 0.003385 0.000000 0.000000 0.005420 0.009731 0.010668 0.006529 0.011600 0.000000 0.002104 0.000000 0.003310 0.005852 0.000000 0.000000 0.000003 0.000000 0.000000 0.000000 0.000000 0.021251 0.020886 0.110489 0.017439 0.000000 0.000000 0.000000 0.000000 0.001663 0.004108 0.007850 0.002283 0.000000 0.000000 0.000001 0.000000 0.005640 0.005168 0.000000 0.000001 0.000000 0.001381 0.000000 0.000000 0.030431 0.030657 0.139552 0.021129 0.000000 0.000000 0.000000 0.000000 0.013287 0.007719 0.002929 0.011483 0.000000 0.000000 0.000002 0.000000 0.004913 0.013473 0.004484 0.002901 0.000000 0.002306 0.000830 0.000000 0.011694 0.017986 0.093726 0.009888 0.004635 0.000000 0.000000 0.000000 0.008088 0.005668 0.013156 0.000000 0.002787 0.000000 0.000000 0.000000 
0.032798 0.035531 0.023017 0.028782 0.000000 0.002951 0.000000 0.000000 0.006496 0.008421 0.001871 0.000008 0.006813 0.002547 0.013284 0.000003 0.000007 0.000001 0.000001 0.000000 0.000000 0.000000 0.000000 0.000001 0.059897 0.084886 0.011367 0.067169 0.009413 0.007724 0.009784 0.000000 0.019312 0.016408 0.007804 0.018042 0.005802 0.005799 0.042848 0.012161 0.004125 0.000001 0.005201 0.005226 0.000000 0.000000 0.000001 0.000000 0.042261 0.039661 0.039792 0.028907 0.003161 0.011868 0.009150 0.000000 0.001203 0.007966 0.003065 0.005683 0.004477 0.002781 0.011220 0.000000 0.003192 0.000009 0.007053 0.000009 0.000000 0.000000 0.000002 0.000000 0.040813 0.071102 0.013771 0.043815 0.000000 0.006621 0.004428 0.000000 0.001180 0.008623 0.012156 0.011681 0.000000 0.000000 0.008804 0.000000 0.000005 0.000013 0.000023 0.000000 0.000000 0.000000 0.000001 0.000000 
0.001026 0.002346 0.000000 0.000000 0.001475 0.000925 0.000000 0.000000 0.008203 0.001513 0.001685 0.005440 0.000000 0.000000 0.000000 0.000003 0.002273 0.000001 0.000001 0.000000 0.000000 0.000000 0.000000 0.000001 0.000001 0.000000 0.000000 0.000004 0.000000 0.000000 0.000000 0.000000 0.015240 0.002681 0.003606 0.009259 0.000000 0.000000 0.000000 0.000000 0.001527 0.000001 0.002448 0.001294 0.000000 0.000000 0.000001 0.000000 0.000011 0.000008 0.000000 0.000002 0.000000 0.000002 0.000000 0.000000 0.005018 0.005795 0.000268 0.002513 0.000000 0.000000 0.000000 0.000000 0.000053 0.000010 0.000004 0.000008 0.000000 0.000000 0.000002 0.000000 0.012694 0.002083 0.001279 0.011589 0.043556 0.000002 0.000769 0.068269 0.424137 0.083722 0.034212 0.242988 0.000000 0.000000 0.000000 0.000000 0.000004 0.000012 0.000032 0.000000 0.000000 0.000000 0.000001 0.000000 
0.000000 0.919728 0.000000 0.000000 0.049773 0.025367 0.000000 0.005132 0.000000 
0.000000 0.000000 0.000000 0.000000 0.193488 0.473308 0.000000 0.048471 0.284733 
0.054808 0.000000 0.457005 0.000000 0.111348 0.000044 0.000000 0.376795 0.000000 
0.000000 0.000000 0.000000 0.881171 0.041418 0.077408 0.000000 0.000003 0.000000 
0.000000 0.059217 0.000000 0.000000 0.173505 0.024072 0.334876 0.000002 0.408328 
0.000000 0.000000 0.000000 0.000000 0.332642 0.667356 0.000000 0.000002 0.000000 
0.019627 0.000000 0.000000 0.000000 0.949287 0.031084 0.000000 0.000003 0.000000 
0.088607 0.000000 0.000000 0.078052 0.524010 0.100123 0.056222 0.000002 0.152984 
0.234902 0.000000 0.000000 0.000000 0.601301 0.039712 0.000000 0.000002 0.124082 
0.000000 0.000000 0.000000 0.000000 0.340396 0.659602 0.000000 0.000002 0.000000 
0.069984 0.360027 0.000000 0.000000 0.399830 0.086515 0.000000 0.066440 0.017204 
0.004391 0.000000 0.000000 0.000000 0.161775 0.061704 0.716663 0.039310 0.016156 
0.056492 0.000000 0.000000 0.082149 0.313277 0.057715 0.000000 0.490367 0.000000 
0.000000 0.184085 0.000000 0.019141 0.428983 0.028255 0.000000 0.050065 0.289471 
0.000000 0.260952 0.000000 0.000000 0.011933 0.000028 0.000000 0.008895 0.718191 
0.143278 0.000000 0.000000 0.068275 0.548859 0.146553 0.076856 0.007062 0.009118 
0.000000 0.000000 0.000000 0.000000 0.305832 0.660247 0.000000 0.006399 0.027522 
0.071005 0.000000 0.342946 0.000000 0.418445 0.070757 0.000000 0.096847 0.000000 
0.000000 0.000000 0.225813 0.402035 0.050956 0.005247 0.000000 0.003283 0.312666 
0.082624 0.000000 0.243907 0.000000 0.449158 0.087643 0.065037 0.006664 0.064968 
0.000000 0.000000 0.000000 0.000000 0.330607 0.642675 0.026716 0.000002 0.000000 
0.000000 0.000000 0.000000 0.032279 0.155758 0.000343 0.805181 0.006438 0.000000 
0.000000 0.078943 0.000000 0.000000 0.407579 0.185750 0.307940 0.019788 0.000000 
0.012806 0.000000 0.000000 0.022488 0.320895 0.009287 0.591813 0.000002 0.042709 
0.000000 0.000000 0.651915 0.088548 0.114613 0.052758 0.092164 0.000002 0.000000 
0.033656 0.000000 0.000000 0.000000 0.352272 0.387311 0.226760 0.000002 0.000000 
0.095018 0.000000 0.000000 0.000000 0.294008 0.000081 0.055555 0.555339 0.000000 
0.077648 0.172779 0.000000 0.000000 0.620671 0.115973 0.000000 0.012929 0.000000 
0.016386 0.000000 0.000000 0.000000 0.861594 0.054489 0.018004 0.049527 0.000000 
0.171332 0.067628 0.041692 0.000000 0.528848 0.128209 0.038223 0.024069 0.000000 
0.041492 0.000000 0.000000 0.000000 0.205664 0.008150 0.000000 0.019270 0.725423 
0.000000 0.000000 0.000000 0.285940 0.152643 0.031966 0.529449 0.000002 0.000000 
0.044504 0.096573 0.000000 0.000000 0.310743 0.051621 0.496557 0.000002 0.000000 
0.000000 0.000000 0.000000 0.837047 0.115585 0.041262 0.000000 0.006106 0.000000 
0.093868 0.000000 0.000000 0.000000 0.209350 0.114396 0.000000 0.264084 0.318301 
0.190169 0.037002 0.000000 0.030740 0.549278 0.176102 0.000000 0.016708 0.000000 
0.029846 0.206399 0.075067 0.000000 0.539590 0.072399 0.000000 0.076700 0.000000 
0.287406 0.000000 0.000000 0.000000 0.557927 0.121886 0.000000 0.032781 0.000000 
0.000000 0.000000 0.000000 0.000000 0.808797 0.042775 0.097214 0.051214 0.000000 
0.000000 0.000000 0.576170 0.000000 0.166881 0.063476 0.127358 0.066114 0.000000 
0.000000 0.000000 0.117158 0.022002 0.778362 0.043670 0.000000 0.038808 0.000000 
0.144142 0.000000 0.000000 0.018912 0.414102 0.025814 0.019510 0.377519 0.000000 
0.250556 0.000000 0.000000 0.000000 0.715254 0.034188 0.000000 0.000002 0.000000 
0.000000 0.000000 0.000000 0.284447 0.225961 0.489590 0.000000 0.000002 0.000000 
0.000000 0.051552 0.000000 0.658636 0.066094 0.044306 0.000000 0.179412 0.000000 
0.000000 0.000000 0.000000 0.936534 0.031595 0.021867 0.000000 0.010003 0.000000 
0.000000 0.766388 0.000000 0.000000 0.056271 0.000044 0.166234 0.011062 0.000000 
0.234610 0.000000 0.027415 0.000000 0.605357 0.079861 0.000000 0.052757 0.000000 
0.071662 0.259339 0.000000 0.044968 0.089536 0.000052 0.000000 0.534443 0.000000 
0.000000 0.000000 0.000000 0.936082 0.002735 0.053172 0.000000 0.008011 0.000000 
0.117475 0.0530959 0.0351521 0.0786061 0.638097 0.31143 0.085049 0.17089 0.0569509 
