-202809.989981
0
0.049507 0.034014 0.000000 0.043981 0.004302 0.000897 0.000000 0.002078 0.019214 0.005886 0.033159 0.024099 0.013297 0.013769 0.018382 0.026089 0.022187 0.009974 0.015060 0.027920 0.000000 0.000003 0.008936 0.000002 0.027109 0.022384 0.000000 0.025378 0.002758 0.000000 0.000000 0.002482 0.001168 0.004010 0.011077 0.018672 0.010584 0.014691 0.015267 0.036000 0.003695 0.006815 0.005830 0.010006 0.000000 0.000004 0.000002 0.000002 0.029741 0.009663 0.000000 0.020203 0.000000 0.000011 0.000000 0.005812 0.000176 0.000655 0.014109 0.003010 0.009346 0.011082 0.011312 0.025793 0.005937 0.000272 0.007890 0.007989 0.000000 0.000000 0.001500 0.000000 0.034800 0.010528 0.000022 0.055845 0.000000 0.000011 0.000000 0.000000 0.007469 0.001810 0.011783 0.013485 0.013065 0.015479 0.013593 0.036964 0.004718 0.003996 0.000065 0.011229 0.000000 0.004508 0.005394 0.000048 
0.001016 0.002159 0.000000 0.010452 0.000758 0.000260 0.000000 0.000316 0.000077 0.004229 0.015623 0.003854 0.000006 0.000031 0.000437 0.002175 0.002186 0.005606 0.001990 0.005140 0.000000 0.004050 0.001278 0.011346 0.004140 0.000548 0.000000 0.016348 0.000000 0.000000 0.000000 0.000000 0.002780 0.001162 0.010783 0.006342 0.000337 0.000557 0.000008 0.000912 0.000208 0.002512 0.000948 0.002989 0.001731 0.001729 0.003954 0.015655 0.001604 0.002062 0.000000 0.007825 0.000000 0.000394 0.000000 0.000000 0.000029 0.014858 0.020977 0.011985 0.000004 0.000213 0.000004 0.000517 0.006646 0.011408 0.004791 0.013459 0.000000 0.001874 0.002051 0.002224 0.038063 0.012087 0.002166 0.305627 0.000000 0.000420 0.000000 0.000386 0.003538 0.024843 0.209430 0.033921 0.000416 0.001572 0.000008 0.002981 0.002911 0.009268 0.006561 0.011975 0.005129 0.010355 0.002320 0.066464 
0.002248 0.002663 0.000000 0.001054 0.002314 0.001526 0.000000 0.000002 0.009017 0.002664 0.002661 0.006055 0.000004 0.000058 0.000055 0.000413 0.003539 0.001497 0.000134 0.000084 0.000000 0.000002 0.000016 0.000001 0.000312 0.000204 0.000000 0.001985 0.000000 0.000000 0.000000 0.000001 0.015596 0.003235 0.004356 0.009957 0.000003 0.000542 0.000024 0.000737 0.002355 0.000026 0.003370 0.002141 0.000000 0.000001 0.000001 0.000001 0.000152 0.000723 0.000000 0.000376 0.000000 0.000007 0.000000 0.000000 0.006233 0.006980 0.001669 0.003756 0.000007 0.000965 0.000005 0.000005 0.000245 0.000738 0.000138 0.000286 0.000000 0.001798 0.000003 0.000000 0.012331 0.002567 0.001101 0.011783 0.043067 0.000007 0.000000 0.067061 0.406946 0.081080 0.033215 0.234031 0.000048 0.000020 0.000009 0.000075 0.000160 0.000058 0.000318 0.000375 0.000000 0.000781 0.000011 0.000016 
0.002379 0.000305 0.000000 0.002297 0.000020 0.000007 0.000000 0.002961 0.005881 0.012395 0.007040 0.003285 0.000006 0.000734 0.003024 0.005322 0.003052 0.000149 0.000221 0.003113 0.000000 0.001174 0.001967 0.000001 0.004131 0.003993 0.000000 0.003012 0.000000 0.000000 0.000000 0.001799 0.064522 0.099065 0.028000 0.072175 0.001984 0.001805 0.002389 0.002572 0.000555 0.000023 0.001700 0.007436 0.000000 0.001067 0.002051 0.000001 0.005457 0.000487 0.002361 0.000699 0.000000 0.000008 0.000000 0.000000 0.000298 0.017225 0.000548 0.014921 0.001142 0.000030 0.002046 0.002121 0.002786 0.000150 0.001315 0.008072 0.000000 0.000000 0.004084 0.000000 0.001554 0.000751 0.000620 0.003286 0.000000 0.004187 0.000000 0.000000 0.119849 0.250034 0.099777 0.078013 0.001971 0.000410 0.002455 0.004411 0.004174 0.002225 0.003302 0.002014 0.000000 0.001585 0.001966 0.000052 
0.011781 0.009004 0.000000 0.006439 0.003255 0.000007 0.000000 0.003541 0.009258 0.004382 0.013496 0.006405 0.014425 0.003884 0.007104 0.018832 0.028189 0.009327 0.017322 0.021908 0.028714 0.006845 0.005534 0.019812 0.004914 0.003722 0.000000 0.009114 0.000000 0.000000 0.000000 0.004198 0.009457 0.006477 0.006468 0.010025 0.006776 0.005421 0.005724 0.005701 0.016793 0.009237 0.014483 0.023858 0.021634 0.005332 0.012190 0.057093 0.008751 0.009770 0.000000 0.008947 0.000000 0.002786 0.000000 0.003830 0.006536 0.006786 0.009875 0.015663 0.002869 0.002421 0.003865 0.004105 0.008668 0.010286 0.010098 0.014542 0.009456 0.000000 0.003441 0.020497 0.023138 0.003893 0.000002 0.034624 0.000000 0.002125 0.000000 0.003801 0.006540 0.009599 0.007217 0.009196 0.019370 0.001433 0.014660 0.015095 0.015849 0.013878 0.009369 0.034280 0.049838 0.010097 0.009019 0.055705 
0.010476 0.010667 0.001701 0.006543 0.000005 0.001843 0.000000 0.000002 0.031250 0.016767 0.188270 0.011429 0.004246 0.000844 0.001910 0.006832 0.013055 0.011397 0.009396 0.013973 0.000000 0.001830 0.001185 0.003030 0.008398 0.003673 0.000000 0.004160 0.000000 0.000000 0.000000 0.000000 0.018858 0.018412 0.098030 0.018095 0.000002 0.001475 0.001688 0.001470 0.002726 0.005922 0.008091 0.003683 0.000000 0.001424 0.000001 0.001282 0.007491 0.006563 0.000000 0.003932 0.000000 0.001174 0.000000 0.000000 0.025794 0.027001 0.122882 0.019420 0.000009 0.000496 0.000005 0.000003 0.012909 0.007046 0.004125 0.012367 0.000000 0.000000 0.000002 0.000000 0.008021 0.013235 0.003218 0.012377 0.000738 0.001782 0.000878 0.000000 0.009606 0.015029 0.085274 0.009872 0.005635 0.003153 0.001617 0.003562 0.008681 0.006086 0.011839 0.001889 0.000000 0.000038 0.000008 0.002200 
0.000209 0.000573 0.000000 0.000949 0.000827 0.000006 0.000000 0.001482 0.034270 0.009670 0.090719 0.016567 0.000008 0.004791 0.000131 0.001890 0.003783 0.003273 0.022740 0.000080 0.000000 0.000947 0.000054 0.003004 0.007675 0.022244 0.014732 0.057960 0.000000 0.000000 0.000000 0.000000 0.010025 0.011764 0.097498 0.007265 0.000001 0.000749 0.000007 0.001553 0.006768 0.002555 0.026674 0.001962 0.000000 0.003939 0.006306 0.008321 0.001894 0.006407 0.000000 0.010848 0.000000 0.002506 0.000000 0.001764 0.062803 0.083334 0.143159 0.061035 0.000351 0.004234 0.000003 0.002200 0.009589 0.006348 0.012217 0.002240 0.000000 0.000000 0.002048 0.003140 0.001405 0.004681 0.000006 0.004320 0.000000 0.000314 0.000000 0.000000 0.006239 0.005791 0.041840 0.003032 0.000077 0.000038 0.000018 0.000685 0.006237 0.004418 0.007752 0.003142 0.000000 0.002068 0.002094 0.005748 
0.010810 0.000452 0.000000 0.002397 0.000018 0.005221 0.000000 0.000003 0.026296 0.027661 0.027870 0.012520 0.005169 0.007006 0.013932 0.016943 0.060142 0.019811 0.049100 0.038420 0.000000 0.000003 0.005965 0.000002 0.001365 0.000104 0.000000 0.004880 0.000000 0.000000 0.002741 0.000001 0.039576 0.020315 0.013518 0.038110 0.000003 0.005768 0.005236 0.010286 0.017014 0.003727 0.025549 0.020593 0.000000 0.000004 0.000002 0.000003 0.010532 0.001399 0.000000 0.010501 0.000000 0.008021 0.000000 0.000000 0.024835 0.024961 0.018591 0.024531 0.011432 0.003159 0.010028 0.000008 0.021003 0.014619 0.016152 0.034681 0.000000 0.000000 0.000005 0.000000 0.011660 0.003002 0.009702 0.018261 0.000000 0.000013 0.000000 0.000000 0.007858 0.022779 0.007282 0.005701 0.014758 0.012479 0.005844 0.005211 0.025128 0.016470 0.019636 0.026628 0.000000 0.001832 0.003685 0.009079 
0.031865 0.032432 0.020873 0.027321 0.006280 0.003917 0.000000 0.000002 0.008053 0.010360 0.005211 0.000532 0.006891 0.002719 0.013014 0.000197 0.004740 0.000128 0.003587 0.000098 0.000000 0.000001 0.000008 0.000001 0.053690 0.075601 0.010257 0.062377 0.009960 0.010694 0.008852 0.003044 0.020974 0.016709 0.008032 0.019379 0.004772 0.005668 0.040132 0.011227 0.004087 0.000020 0.006532 0.005785 0.000000 0.000002 0.000001 0.000001 0.039775 0.036573 0.034734 0.028195 0.005692 0.011974 0.008865 0.000000 0.004557 0.009449 0.004265 0.007286 0.004980 0.002962 0.010408 0.000004 0.005035 0.001368 0.007876 0.002185 0.000000 0.000000 0.000002 0.000000 0.039982 0.065726 0.011534 0.043781 0.000000 0.008541 0.000000 0.000000 0.001396 0.009934 0.012186 0.011253 0.001547 0.001461 0.008696 0.000303 0.000316 0.000077 0.000129 0.000866 0.000000 0.000027 0.000011 0.000023 
0.020002 0.017005 0.004572 0.017925 0.024572 0.014391 0.006350 0.026674 0.018667 0.008631 0.005591 0.022899 0.008832 0.010586 0.008028 0.005918 0.011564 0.008202 0.012796 0.013801 0.000000 0.001900 0.008467 0.002446 0.021194 0.014694 0.003451 0.015836 0.019772 0.014272 0.003933 0.024276 0.016686 0.009407 0.004995 0.017514 0.007907 0.012535 0.010759 0.016320 0.007467 0.015962 0.008218 0.010022 0.000000 0.005471 0.012932 0.002351 0.008681 0.012860 0.000000 0.013175 0.012192 0.008046 0.001964 0.017602 0.020213 0.009010 0.002447 0.012250 0.004216 0.006351 0.008511 0.009304 0.009189 0.006303 0.005411 0.005818 0.000000 0.002988 0.016100 0.005039 0.011955 0.022678 0.001345 0.017495 0.014866 0.020702 0.003828 0.026436 0.007233 0.013965 0.002573 0.012867 0.005826 0.010555 0.005755 0.015990 0.007446 0.009258 0.005384 0.007577 0.000000 0.005103 0.010668 0.007034 
0.000000 0.000000 0.000000 0.000000 0.044794 0.000000 0.949945 0.000000 0.005246 0.000015 
0.000000 0.000000 0.299871 0.000000 0.639185 0.000000 0.000000 0.000000 0.060927 0.000017 
0.000000 0.000000 0.000000 0.500996 0.000018 0.000000 0.000000 0.000000 0.390668 0.108318 
0.000000 0.931205 0.000000 0.000000 0.062129 0.000000 0.006652 0.000000 0.000001 0.000014 
0.000000 0.000000 0.424360 0.000000 0.041443 0.390685 0.042136 0.025305 0.000001 0.076071 
0.000000 0.000000 0.000000 0.000000 0.918738 0.000000 0.000000 0.000000 0.000001 0.081262 
0.575610 0.000000 0.000000 0.000000 0.085317 0.000000 0.000000 0.000000 0.000001 0.339072 
0.000000 0.097600 0.156905 0.000000 0.110702 0.029088 0.000000 0.243504 0.000001 0.362201 
0.000000 0.000000 0.131376 0.000000 0.061420 0.000000 0.000000 0.000000 0.000001 0.807203 
0.000000 0.000000 0.000000 0.000000 0.926657 0.011034 0.000000 0.000000 0.000001 0.062308 
0.000000 0.000000 0.018990 0.000000 0.093190 0.032093 0.284965 0.241178 0.086502 0.243082 
0.000000 0.000000 0.020053 0.000000 0.087411 0.818171 0.000000 0.000000 0.030171 0.044194 
0.055408 0.084738 0.000000 0.000000 0.093167 0.000000 0.000000 0.000000 0.533677 0.233012 
0.323991 0.000000 0.314084 0.000000 0.076238 0.000000 0.198545 0.000000 0.087120 0.000022 
0.000000 0.000000 0.740191 0.000000 0.000012 0.047937 0.204954 0.000000 0.006894 0.000012 
0.000000 0.087764 0.011766 0.000000 0.139628 0.036199 0.000000 0.321864 0.012195 0.390584 
0.000000 0.000000 0.036973 0.000000 0.914906 0.028342 0.000000 0.000000 0.019759 0.000020 
0.000000 0.000000 0.000000 0.338544 0.071661 0.000000 0.000000 0.237837 0.127551 0.224407 
0.000000 0.418585 0.324957 0.256421 0.000020 0.000000 0.000000 0.000000 0.000001 0.000016 
0.000000 0.000000 0.083086 0.228541 0.087671 0.037846 0.000000 0.289333 0.000001 0.273523 
0.000000 0.000000 0.000000 0.000000 0.880358 0.039597 0.000000 0.000000 0.000001 0.080044 
0.000000 0.000000 0.000000 0.015961 0.038373 0.893721 0.000000 0.000000 0.005261 0.046684 
0.000000 0.000000 0.011995 0.000000 0.300014 0.382100 0.063519 0.000000 0.031236 0.211136 
0.069966 0.000000 0.047818 0.000000 0.032169 0.701439 0.000000 0.000000 0.000001 0.148607 
0.000000 0.088231 0.011099 0.711391 0.068823 0.113321 0.000000 0.000000 0.007119 0.000017 
0.000000 0.000000 0.000000 0.000000 0.491374 0.241960 0.000000 0.108774 0.000001 0.157891 
0.043920 0.000000 0.000000 0.000000 0.003442 0.059125 0.000000 0.000000 0.608507 0.285006 
0.000000 0.000000 0.000000 0.000000 0.132269 0.000000 0.107725 0.385319 0.041110 0.333577 
0.416455 0.000000 0.006446 0.000000 0.131724 0.000000 0.000000 0.045388 0.046571 0.353417 
0.000000 0.000000 0.000000 0.034559 0.141685 0.081005 0.000000 0.203872 0.027543 0.511336 
0.060392 0.000000 0.752030 0.000000 0.013215 0.000000 0.000000 0.000000 0.011609 0.162754 
0.000000 0.290604 0.000000 0.000000 0.041409 0.620272 0.000000 0.000000 0.000001 0.047715 
0.000000 0.000000 0.000000 0.000000 0.089508 0.608885 0.075459 0.000000 0.000001 0.226147 
0.055697 0.898333 0.000000 0.000000 0.000024 0.000000 0.000000 0.000000 0.007698 0.038247 
0.000000 0.000000 0.332568 0.000000 0.151846 0.000000 0.000000 0.000000 0.272316 0.243269 
0.000000 0.036907 0.000000 0.000000 0.242985 0.034727 0.000000 0.061895 0.016783 0.606704 
0.000000 0.022156 0.000000 0.057985 0.101035 0.000000 0.154817 0.277773 0.125675 0.260560 
0.000000 0.000000 0.000000 0.000000 0.163966 0.014091 0.000000 0.000000 0.010298 0.811644 
0.448222 0.000000 0.000000 0.000000 0.083875 0.051883 0.036179 0.099148 0.025793 0.254901 
0.029596 0.000000 0.000000 0.633599 0.101582 0.160737 0.000000 0.000000 0.074468 0.000018 
0.454235 0.000000 0.000000 0.149088 0.105385 0.000000 0.000000 0.000000 0.025612 0.265681 
0.000000 0.020621 0.010063 0.000000 0.037984 0.030438 0.000000 0.000000 0.408944 0.491949 
0.000000 0.000000 0.000000 0.000000 0.073870 0.000000 0.000000 0.000000 0.000001 0.926130 
0.000000 0.304640 0.008322 0.000000 0.654238 0.000000 0.000000 0.000000 0.000001 0.032800 
0.000000 0.702520 0.000000 0.000000 0.019081 0.021433 0.030771 0.000000 0.198914 0.027281 
0.000000 0.989220 0.000000 0.000000 0.000019 0.000000 0.000000 0.000000 0.010743 0.000018 
0.000000 0.000000 0.009325 0.000000 0.000018 0.224078 0.751387 0.000000 0.015171 0.000021 
0.000000 0.000000 0.000000 0.040174 0.116961 0.000000 0.000000 0.000000 0.025293 0.817572 
0.000000 0.042366 0.000000 0.000000 0.000020 0.000000 0.255436 0.000000 0.580415 0.121763 
0.000000 0.993659 0.000000 0.000000 0.000023 0.000000 0.000000 0.000000 0.006305 0.000013 
0.0353638 0.0571251 0.0762385 0.0354952 0.257546 0.107423 0.0470382 0.0434979 0.146032 0.239644 
