-1933435.682896
0
0.048291 0.039279 0.004401 0.034153 0.011662 0.006495 0.000944 0.013790 0.018003 0.004175 0.011526 0.024872 0.017138 0.016527 0.019233 0.026654 0.013722 0.007126 0.007952 0.023338 0.000000 0.000000 0.009214 0.000000 0.039620 0.029425 0.001641 0.018683 0.009433 0.008517 0.001072 0.011783 0.004701 0.002495 0.000001 0.021583 0.013004 0.019944 0.025567 0.033839 0.002475 0.009087 0.001422 0.006595 0.000000 0.002194 0.008649 0.000000 0.026610 0.017815 0.000000 0.017154 0.004888 0.003620 0.001641 0.007794 0.000000 0.000000 0.000000 0.005303 0.013088 0.009556 0.013086 0.023404 0.000000 0.002978 0.000000 0.006156 0.000000 0.000000 0.008083 0.003719 0.031888 0.019087 0.002732 0.037792 0.000000 0.004984 0.000000 0.005434 0.000000 0.000000 0.000000 0.007958 0.016125 0.012238 0.010506 0.033124 0.000000 0.002529 0.000000 0.008222 0.000000 0.001951 0.010309 0.000000 
0.000000 0.000000 0.000000 0.000000 0.000000 0.000000 0.000000 0.000000 0.000002 0.010785 0.000000 0.000000 0.001233 0.000000 0.000000 0.002531 0.000000 0.000000 0.000000 0.000000 0.000000 0.000000 0.000815 0.000000 0.000000 0.000000 0.000000 0.001345 0.000000 0.000000 0.001017 0.000000 0.079872 0.103025 0.024797 0.078287 0.000000 0.000000 0.000000 0.001002 0.000000 0.000000 0.000000 0.003392 0.000000 0.001514 0.000000 0.000000 0.000000 0.000000 0.000000 0.000000 0.000000 0.000000 0.000000 0.000000 0.000000 0.014385 0.000000 0.015219 0.000000 0.000000 0.000000 0.000000 0.000000 0.000000 0.000000 0.008297 0.000000 0.000207 0.001544 0.000000 0.000000 0.000000 0.000000 0.000000 0.000000 0.001292 0.000000 0.000000 0.117761 0.318885 0.116670 0.080511 0.000000 0.001182 0.000000 0.004466 0.001996 0.000000 0.002054 0.002009 0.000000 0.000579 0.001070 0.002258 
0.000000 0.001171 0.000000 0.000000 0.000893 0.000000 0.000737 0.000267 0.007908 0.012915 0.038576 0.000000 0.000000 0.010774 0.000000 0.010085 0.006959 0.004325 0.001977 0.004115 0.000000 0.000000 0.000746 0.001711 0.012464 0.008381 0.002481 0.000000 0.000000 0.000000 0.000000 0.001036 0.000000 0.000000 0.013117 0.005970 0.001258 0.004712 0.000000 0.000000 0.000000 0.000282 0.005131 0.000000 0.000000 0.001295 0.000000 0.005293 0.001632 0.009530 0.002838 0.027412 0.001539 0.000000 0.000000 0.001782 0.053417 0.188523 0.255263 0.098215 0.000000 0.004092 0.003209 0.004182 0.015422 0.065581 0.016337 0.007310 0.000000 0.003447 0.005577 0.023732 0.003939 0.000000 0.002576 0.000000 0.000000 0.002852 0.000000 0.000000 0.005758 0.004916 0.017196 0.000000 0.000000 0.000000 0.000000 0.000000 0.000850 0.005885 0.000000 0.000000 0.000000 0.000000 0.000000 0.002407 
0.000000 0.000753 0.000000 0.000000 0.004366 0.000000 0.000000 0.005308 0.001356 0.000000 0.000000 0.000000 0.000000 0.000978 0.000000 0.000565 0.000000 0.000000 0.000000 0.000000 0.000000 0.000231 0.000000 0.000000 0.000000 0.000000 0.000000 0.000000 0.006784 0.001381 0.000262 0.006925 0.000000 0.000000 0.000002 0.000000 0.000000 0.000000 0.000000 0.000000 0.000000 0.000000 0.000000 0.000000 0.000000 0.000000 0.000000 0.000000 0.000000 0.001111 0.000000 0.000000 0.000598 0.001238 0.000000 0.003148 0.000000 0.000000 0.000000 0.000002 0.000000 0.000000 0.000000 0.000000 0.000000 0.000000 0.000000 0.000000 0.000000 0.000529 0.000000 0.000000 0.057020 0.019417 0.002391 0.018502 0.321986 0.079522 0.011006 0.379968 0.069549 0.004490 0.000000 0.000000 0.000000 0.000000 0.000000 0.000000 0.000609 0.000000 0.000000 0.000000 0.000000 0.000000 0.000000 0.000000 
0.001367 0.000000 0.000000 0.000000 0.002832 0.001607 0.000000 0.001753 0.009480 0.000000 0.000000 0.000000 0.005588 0.006344 0.002732 0.002129 0.062443 0.039730 0.065998 0.028793 0.000000 0.001825 0.000934 0.003035 0.008670 0.006486 0.003492 0.000000 0.001305 0.001351 0.000000 0.000000 0.023136 0.003466 0.005039 0.017364 0.000000 0.006962 0.000000 0.000000 0.038883 0.047156 0.055755 0.039457 0.000000 0.005382 0.003699 0.006201 0.002344 0.006516 0.003189 0.000000 0.000486 0.001429 0.000000 0.000000 0.015663 0.004155 0.000000 0.010698 0.000131 0.004249 0.000000 0.000000 0.071307 0.030104 0.050057 0.047668 0.000000 0.000373 0.000000 0.002532 0.000000 0.009723 0.002355 0.000000 0.002846 0.002517 0.000000 0.000000 0.001033 0.000000 0.000000 0.000000 0.005201 0.014063 0.002702 0.003740 0.060586 0.041355 0.040747 0.043597 0.000000 0.003417 0.000743 0.004081 
0.000000 0.000000 0.000000 0.000000 0.000001 0.000000 0.000000 0.000005 0.000296 0.000001 0.000004 0.000000 0.000000 0.000000 0.000000 0.000001 0.000000 0.000001 0.000000 0.000004 0.000000 0.000000 0.000000 0.000001 0.000001 0.000000 0.000000 0.000000 0.000000 0.000000 0.000000 0.000000 0.000067 0.000000 0.000412 0.000036 0.000000 0.000000 0.000000 0.000000 0.000000 0.000000 0.000000 0.000033 0.000000 0.000007 0.000001 0.000004 0.000001 0.000043 0.000000 0.000000 0.000000 0.000000 0.000000 0.000000 0.000015 0.000002 0.000000 0.000364 0.000000 0.000000 0.000000 0.000000 0.000000 0.000000 0.000000 0.000007 0.000000 0.000000 0.000000 0.000000 0.000003 0.000034 0.000000 0.000004 0.000000 0.000001 0.998613 0.000000 0.000000 0.000012 0.000001 0.000000 0.000000 0.000000 0.000000 0.000000 0.000001 0.000004 0.000001 0.000000 0.000000 0.000000 0.000000 0.000018 
0.039421 0.032149 0.025524 0.022566 0.011000 0.004416 0.003475 0.000000 0.008686 0.002064 0.000000 0.000000 0.002889 0.000000 0.007010 0.000000 0.005965 0.000000 0.007113 0.000000 0.000000 0.000000 0.000000 0.000000 0.057445 0.076748 0.012183 0.049866 0.010954 0.010053 0.007051 0.010897 0.025024 0.010816 0.008900 0.016159 0.007730 0.009372 0.042936 0.007319 0.004963 0.000000 0.012243 0.004253 0.000000 0.000710 0.004382 0.001219 0.044261 0.051117 0.031363 0.026825 0.009153 0.011722 0.008564 0.006591 0.006027 0.002909 0.000000 0.002160 0.006447 0.005289 0.015692 0.000000 0.005222 0.000000 0.003465 0.000000 0.000000 0.000000 0.000000 0.000000 0.037110 0.070883 0.014620 0.039249 0.000000 0.013307 0.004321 0.000000 0.000000 0.000000 0.000000 0.000000 0.001294 0.003857 0.008303 0.000000 0.001702 0.000000 0.003401 0.000000 0.000000 0.000000 0.000000 0.001646 
0.001118 0.000000 0.000000 0.007936 0.001185 0.000000 0.000000 0.001084 0.000002 0.000000 0.012653 0.004384 0.000000 0.000000 0.000000 0.000000 0.000000 0.003471 0.000000 0.001538 0.000000 0.005004 0.002846 0.013100 0.003559 0.000000 0.000000 0.015758 0.000000 0.000526 0.000415 0.000000 0.000000 0.000000 0.013982 0.000883 0.000000 0.000000 0.000000 0.000000 0.000000 0.000000 0.000000 0.001074 0.001094 0.000829 0.003892 0.019759 0.001741 0.000000 0.000000 0.005730 0.000000 0.000000 0.000000 0.000000 0.000000 0.000000 0.019362 0.010173 0.000000 0.000000 0.000000 0.000000 0.003855 0.006791 0.002547 0.012659 0.000000 0.002540 0.000000 0.000000 0.043201 0.010683 0.001936 0.343731 0.000000 0.000000 0.000000 0.000000 0.000000 0.020047 0.242944 0.037208 0.000000 0.000000 0.000000 0.001589 0.001026 0.010683 0.007500 0.008570 0.003977 0.010067 0.001867 0.073483 
0.000000 0.006039 0.000000 0.047242 0.000000 0.000000 0.000000 0.000000 0.036367 0.022323 0.066904 0.030255 0.000000 0.000000 0.000000 0.000000 0.000000 0.003126 0.000000 0.000743 0.000000 0.002625 0.000731 0.006871 0.004524 0.012326 0.000000 0.194389 0.000000 0.000000 0.000000 0.000000 0.000000 0.000000 0.036803 0.010079 0.000000 0.003344 0.000000 0.003737 0.000000 0.004887 0.000000 0.002449 0.000000 0.003267 0.000000 0.008507 0.002667 0.016066 0.000000 0.102054 0.000000 0.000000 0.000000 0.000000 0.058257 0.020304 0.080108 0.044015 0.000000 0.002738 0.000000 0.000000 0.005115 0.000000 0.006136 0.008512 0.000000 0.002128 0.000000 0.000000 0.000000 0.026876 0.000000 0.075748 0.000000 0.000000 0.000000 0.000000 0.000000 0.011376 0.000000 0.010150 0.000000 0.001228 0.000000 0.001712 0.000000 0.006346 0.003201 0.001547 0.000000 0.002086 0.000441 0.003651 
0.000000 0.000000 0.000000 0.000000 0.000000 0.000000 0.000000 0.002965 0.042119 0.006088 0.122803 0.011798 0.000000 0.000000 0.000000 0.005112 0.000000 0.001784 0.024327 0.000000 0.000000 0.002125 0.000000 0.001615 0.007732 0.032980 0.012012 0.067900 0.000000 0.000000 0.000000 0.000000 0.007603 0.000000 0.130066 0.000000 0.000000 0.000000 0.000000 0.000000 0.002913 0.000000 0.031516 0.000000 0.000000 0.004466 0.008555 0.008801 0.000000 0.003628 0.000000 0.000000 0.000000 0.004577 0.000000 0.000000 0.083182 0.073288 0.147330 0.053875 0.000000 0.000000 0.000000 0.000000 0.000000 0.000000 0.007790 0.000000 0.000000 0.000000 0.000000 0.000000 0.000000 0.000000 0.001556 0.000000 0.000000 0.000000 0.000000 0.000000 0.008801 0.000000 0.058962 0.000000 0.000000 0.000000 0.000000 0.000000 0.001737 0.000000 0.009106 0.000000 0.000000 0.001735 0.001815 0.007340 
0.000000 0.000000 0.000000 0.000000 0.000000 0.000561 0.000000 0.000000 0.007311 0.001109 0.003674 0.000000 0.000000 0.000000 0.000000 0.000000 0.001225 0.000000 0.000487 0.001272 0.000000 0.000000 0.000000 0.000000 0.000000 0.000000 0.000000 0.000000 0.000000 0.000000 0.000000 0.000000 0.015527 0.000000 0.005326 0.007236 0.000000 0.000538 0.000000 0.000000 0.000408 0.000000 0.000000 0.001235 0.000000 0.000000 0.000000 0.000000 0.000000 0.000000 0.000000 0.000000 0.000000 0.000000 0.000000 0.000000 0.005477 0.000000 0.000000 0.002025 0.000000 0.000000 0.000000 0.000000 0.000000 0.000000 0.000000 0.000000 0.000000 0.000000 0.000000 0.000000 0.014188 0.006121 0.002065 0.014222 0.041107 0.000000 0.000000 0.071739 0.433331 0.079195 0.051582 0.232429 0.000000 0.000000 0.000000 0.000000 0.000000 0.000610 0.000000 0.000000 0.000000 0.000000 0.000000 0.000000 
0.003947 0.000000 0.000000 0.000000 0.003031 0.000928 0.000000 0.002754 0.006363 0.000000 0.011076 0.000000 0.013900 0.001905 0.006109 0.022314 0.027643 0.006454 0.012895 0.029628 0.054924 0.009507 0.006611 0.031562 0.000269 0.000000 0.000000 0.000000 0.000000 0.000760 0.000000 0.001875 0.007996 0.000000 0.009324 0.000000 0.005769 0.000000 0.001234 0.000000 0.014807 0.004120 0.012891 0.038935 0.038665 0.008353 0.015216 0.084742 0.012477 0.003690 0.000000 0.002979 0.000000 0.003140 0.000000 0.005651 0.000000 0.000000 0.000000 0.004223 0.001899 0.000000 0.001207 0.000000 0.000000 0.004476 0.000706 0.007781 0.012388 0.000000 0.003383 0.026971 0.030971 0.000000 0.000000 0.041430 0.000000 0.000000 0.000000 0.000000 0.000000 0.003971 0.000000 0.000000 0.030988 0.000000 0.020972 0.010686 0.011416 0.011311 0.004926 0.042565 0.082108 0.011986 0.011200 0.097996 
0.011410 0.011806 0.000000 0.002181 0.000000 0.004101 0.000000 0.002526 0.036583 0.000000 0.314439 0.002972 0.003385 0.000000 0.000000 0.008044 0.013722 0.000000 0.000000 0.007824 0.003121 0.003285 0.000000 0.005101 0.000000 0.000000 0.000000 0.000000 0.000000 0.000000 0.000000 0.000000 0.021816 0.000000 0.163976 0.005645 0.000000 0.000000 0.000000 0.000000 0.000000 0.000000 0.000000 0.003167 0.000000 0.000000 0.000000 0.000000 0.006345 0.004065 0.000000 0.000000 0.000000 0.000000 0.000000 0.000000 0.019417 0.000000 0.141684 0.000003 0.000000 0.000000 0.000000 0.000000 0.005552 0.000000 0.000000 0.008025 0.000000 0.000000 0.000000 0.000000 0.014637 0.010496 0.000000 0.000000 0.000000 0.000000 0.000000 0.000000 0.000000 0.000000 0.143089 0.000000 0.005543 0.000000 0.000000 0.000000 0.006268 0.000000 0.009771 0.000000 0.000000 0.000000 0.000000 0.000000 
0.000000 0.000000 0.000000 0.000000 0.000000 0.000000 0.000000 0.001240 0.023666 0.117255 0.000000 0.066928 0.000000 0.000000 0.001278 0.000000 0.000000 0.001480 0.000000 0.000000 0.000000 0.000000 0.000000 0.000000 0.000000 0.000000 0.000000 0.000000 0.000000 0.000000 0.000960 0.000000 0.035536 0.164699 0.011138 0.085674 0.000000 0.000366 0.000000 0.000000 0.000000 0.000000 0.000000 0.000775 0.000000 0.000000 0.001118 0.000563 0.000000 0.000443 0.000000 0.000000 0.000000 0.000000 0.000000 0.000000 0.026933 0.098129 0.000000 0.054619 0.000000 0.000000 0.000000 0.000000 0.000000 0.000000 0.000000 0.001764 0.000000 0.000000 0.001318 0.000000 0.000000 0.002256 0.000000 0.000638 0.000000 0.001185 0.000000 0.000000 0.025211 0.171928 0.006957 0.094319 0.000000 0.000000 0.000000 0.000000 0.000000 0.001085 0.000000 0.000000 0.000000 0.000000 0.000000 0.000540 
0.000000 0.000000 0.000000 0.000000 0.065336 0.033784 0.017892 0.058063 0.036313 0.000000 0.000000 0.000000 0.000000 0.000000 0.000000 0.000000 0.000000 0.000000 0.000000 0.017261 0.000000 0.000000 0.015055 0.017246 0.000000 0.000000 0.000000 0.000000 0.034590 0.030197 0.015365 0.059181 0.040615 0.000000 0.008924 0.000000 0.004161 0.006131 0.000000 0.007394 0.000000 0.005738 0.000000 0.007499 0.000000 0.008592 0.021788 0.010678 0.000000 0.007868 0.000000 0.003594 0.032341 0.029530 0.000000 0.041055 0.034324 0.005290 0.000000 0.011106 0.000000 0.002139 0.013426 0.000000 0.000000 0.000000 0.000000 0.000000 0.007550 0.012051 0.035572 0.007005 0.000000 0.017266 0.000000 0.000000 0.020689 0.048658 0.008559 0.058163 0.000000 0.006497 0.000000 0.000000 0.000000 0.002501 0.000000 0.000000 0.000000 0.011936 0.000000 0.000000 0.000000 0.016689 0.021409 0.022981 
0.060649 0.366721 0.059036 0.026297 0.050992 0.000000 0.107400 0.000000 0.025368 0.000000 0.030223 0.022212 0.069584 0.161392 0.020125 
0.126726 0.000000 0.083394 0.015642 0.136080 0.000000 0.018836 0.395133 0.025541 0.000000 0.077605 0.032915 0.000000 0.043817 0.044311 
0.017095 0.244087 0.242704 0.000001 0.046982 0.001001 0.000001 0.269736 0.032184 0.021214 0.100932 0.007298 0.000000 0.016762 0.000000 
0.142243 0.362203 0.009637 0.000002 0.137357 0.000000 0.000001 0.000000 0.030044 0.065655 0.036692 0.051910 0.000000 0.103096 0.061160 
0.105924 0.000000 0.030639 0.029348 0.144076 0.000000 0.092557 0.000000 0.039120 0.426258 0.028852 0.006260 0.047264 0.049701 0.000000 
0.075978 0.000000 0.072965 0.000002 0.047539 0.000000 0.136855 0.214683 0.316947 0.042571 0.012313 0.000096 0.000000 0.080051 0.000000 
0.348934 0.000000 0.020227 0.093344 0.098423 0.000000 0.026400 0.000000 0.064302 0.100241 0.022586 0.024167 0.025596 0.146546 0.029236 
0.093477 0.000000 0.054666 0.009025 0.074100 0.000000 0.017812 0.012091 0.225686 0.037907 0.060155 0.328989 0.000000 0.086092 0.000000 
0.195538 0.000000 0.005174 0.014200 0.027113 0.000000 0.665746 0.000000 0.025012 0.000000 0.007635 0.008185 0.000000 0.051397 0.000000 
0.088833 0.104089 0.116417 0.049003 0.358768 0.000000 0.155935 0.000000 0.058694 0.000000 0.027054 0.005093 0.000000 0.036114 0.000000 
0.090852 0.000000 0.058789 0.000001 0.047801 0.000000 0.000001 0.000000 0.256805 0.233852 0.014210 0.004861 0.000000 0.254694 0.038134 
0.124324 0.451514 0.014398 0.000002 0.130413 0.000000 0.000001 0.000000 0.020949 0.000000 0.030140 0.077497 0.000000 0.052880 0.097881 
0.024824 0.076218 0.076076 0.046339 0.062819 0.000000 0.088286 0.000000 0.001568 0.522920 0.012264 0.012218 0.000000 0.076467 0.000000 
0.160612 0.000000 0.474200 0.004348 0.091382 0.000000 0.000001 0.016334 0.102086 0.000000 0.015062 0.014720 0.050219 0.045363 0.025674 
0.170342 0.000000 0.054749 0.023504 0.510224 0.000000 0.000001 0.000000 0.035150 0.000000 0.039761 0.102342 0.000000 0.041399 0.022528 
0.327588 0.056620 0.094153 0.000002 0.061931 0.000000 0.000001 0.000000 0.045109 0.354713 0.007624 0.021902 0.003539 0.026816 0.000000 
0.134984 0.000000 0.149159 0.000002 0.078026 0.000000 0.259334 0.175646 0.052751 0.000000 0.045444 0.068447 0.000000 0.036206 0.000000 
0.118499 0.000000 0.197539 0.104003 0.114595 0.000000 0.000001 0.000000 0.048954 0.042178 0.031109 0.309629 0.000000 0.033493 0.000000 
0.091280 0.000000 0.025883 0.000001 0.053837 0.000000 0.053575 0.000000 0.070577 0.147532 0.021872 0.084115 0.000000 0.408816 0.042512 
0.248165 0.032204 0.315264 0.007327 0.070134 0.000000 0.000001 0.000000 0.078399 0.000000 0.041344 0.013837 0.000000 0.193324 0.000000 
0.074798 0.053258 0.060672 0.036649 0.016838 0.000000 0.000001 0.000000 0.075768 0.000000 0.054400 0.000073 0.000000 0.627542 0.000000 
0.270808 0.000000 0.086477 0.006114 0.141116 0.000000 0.000001 0.000000 0.050607 0.000000 0.015666 0.394027 0.022255 0.012930 0.000000 
0.181723 0.044973 0.041296 0.000001 0.205793 0.000000 0.398957 0.000000 0.083027 0.000000 0.024411 0.000106 0.000000 0.019714 0.000000 
0.019433 0.542778 0.004474 0.000001 0.019134 0.000000 0.000001 0.000000 0.001449 0.000000 0.253330 0.000100 0.000000 0.159298 0.000000 
0.034309 0.000000 0.076626 0.006888 0.072113 0.000000 0.000001 0.619687 0.018621 0.057989 0.019822 0.027256 0.031474 0.035214 0.000000 
0.024012 0.000000 0.028446 0.000002 0.013259 0.000000 0.000001 0.000000 0.006759 0.000000 0.013771 0.012549 0.025145 0.876056 0.000000 
0.312745 0.000000 0.039289 0.011283 0.082523 0.000000 0.199228 0.000000 0.140294 0.000000 0.009947 0.026440 0.000000 0.046601 0.131649 
0.022949 0.402073 0.154134 0.000001 0.044136 0.000000 0.000001 0.000000 0.081840 0.000000 0.132888 0.049422 0.011418 0.101136 0.000000 
0.168182 0.188532 0.018550 0.007250 0.096114 0.000000 0.000001 0.000000 0.017289 0.273606 0.017407 0.012595 0.000000 0.075170 0.125302 
0.217198 0.000000 0.045522 0.078651 0.156435 0.000000 0.000001 0.000000 0.017718 0.000000 0.032403 0.063786 0.249120 0.109234 0.029931 
0.481203 0.044858 0.013583 0.026125 0.053122 0.000000 0.019064 0.000000 0.062475 0.000000 0.254388 0.034649 0.000000 0.010534 0.000000 
0.106064 0.000000 0.048049 0.049525 0.029327 0.000000 0.000001 0.000000 0.022644 0.128771 0.044297 0.014890 0.000000 0.524286 0.032146 
0.021064 0.000000 0.451561 0.005112 0.108447 0.000000 0.000001 0.020735 0.140995 0.024288 0.004648 0.000179 0.146844 0.076128 0.000000 
0.102539 0.000000 0.083035 0.294960 0.163557 0.000000 0.000001 0.000000 0.008613 0.000000 0.099615 0.162863 0.000000 0.053887 0.030929 
0.108876 0.000000 0.017844 0.335187 0.089364 0.004494 0.015801 0.000000 0.010953 0.000000 0.206193 0.014513 0.000000 0.113740 0.083033 
0.064244 0.000000 0.105780 0.000002 0.042396 0.000000 0.211047 0.033388 0.066118 0.000000 0.020752 0.003417 0.008371 0.427035 0.017451 
0.027264 0.000000 0.201134 0.237386 0.090836 0.000000 0.006354 0.000000 0.308731 0.000000 0.054333 0.000074 0.020831 0.053057 0.000000 
0.016238 0.094377 0.165558 0.092686 0.037613 0.000000 0.000001 0.244008 0.028808 0.000000 0.252184 0.007419 0.029360 0.031746 0.000000 
0.135362 0.000000 0.052214 0.000001 0.079726 0.000000 0.000001 0.000000 0.177048 0.000000 0.039599 0.031694 0.022307 0.449821 0.012226 
0.106006 0.000000 0.133363 0.000001 0.552322 0.000000 0.109676 0.000000 0.010314 0.000000 0.030320 0.017708 0.000000 0.040288 0.000000 
0.125120 0.000000 0.045780 0.002184 0.045337 0.000000 0.264272 0.000000 0.130159 0.000000 0.037063 0.009235 0.245943 0.094908 0.000000 
0.117035 0.000000 0.000506 0.000001 0.160537 0.002916 0.000001 0.000000 0.014480 0.009594 0.446592 0.205537 0.000000 0.034466 0.008334 
0.052192 0.049922 0.226383 0.000001 0.214982 0.000000 0.000001 0.030115 0.030890 0.070101 0.003608 0.004580 0.000000 0.299925 0.017300 
0.118089 0.000000 0.099641 0.000002 0.111911 0.000000 0.000001 0.000000 0.391457 0.000000 0.015336 0.148649 0.024398 0.075015 0.015499 
0.138429 0.000000 0.049966 0.003781 0.086847 0.000000 0.144739 0.000000 0.048274 0.060082 0.024042 0.094266 0.265927 0.083647 0.000000 
0.578641 0.000000 0.016683 0.013987 0.074192 0.000000 0.000001 0.058511 0.117072 0.000000 0.011126 0.055096 0.011435 0.023624 0.039631 
0.049241 0.000000 0.449380 0.000002 0.212506 0.000000 0.016525 0.000000 0.147438 0.000000 0.007862 0.000115 0.000000 0.116931 0.000000 
0.074281 0.000000 0.201034 0.004941 0.235345 0.000000 0.000001 0.000000 0.030058 0.000000 0.013928 0.017592 0.028619 0.364630 0.029568 
0.063253 0.546174 0.022868 0.226147 0.017551 0.000000 0.000001 0.000000 0.001202 0.000000 0.090474 0.011437 0.000000 0.020893 0.000000 
0.170311 0.000000 0.001980 0.000002 0.087038 0.000000 0.013618 0.484973 0.010224 0.000000 0.021493 0.014400 0.000000 0.090453 0.105507 
0.124320 0.000000 0.073323 0.196589 0.064583 0.000000 0.000001 0.000000 0.287457 0.075523 0.043061 0.040299 0.000000 0.071167 0.023679 
0.120598 0.000000 0.043636 0.000001 0.082295 0.000000 0.000001 0.000000 0.071681 0.332338 0.266348 0.031053 0.000000 0.052050 0.000000 
0.071891 0.077130 0.025114 0.541355 0.014446 0.000000 0.196502 0.000000 0.007075 0.000000 0.059420 0.000091 0.000000 0.006975 0.000000 
0.188167 0.018175 0.049197 0.000001 0.015794 0.000000 0.000001 0.000000 0.081647 0.012253 0.480625 0.121016 0.000000 0.033123 0.000000 
0.429950 0.095044 0.060287 0.007316 0.109225 0.000000 0.000001 0.000000 0.002458 0.037558 0.070936 0.021336 0.039342 0.042073 0.084474 
0.289475 0.000000 0.008591 0.000001 0.082236 0.001001 0.000001 0.000000 0.024834 0.000000 0.383047 0.139609 0.043611 0.027594 0.000000 
0.397858 0.000000 0.018653 0.011441 0.096168 0.000000 0.016558 0.000000 0.044686 0.036953 0.346330 0.014699 0.000000 0.016654 0.000000 
0.065746 0.000000 0.102843 0.052674 0.042324 0.000000 0.000001 0.038636 0.471139 0.000000 0.034884 0.112875 0.000000 0.078878 0.000000 
0.297260 0.000000 0.212278 0.026090 0.120974 0.000000 0.000001 0.000000 0.066927 0.000000 0.034389 0.040190 0.000000 0.050756 0.151135 
0.385114 0.000000 0.046502 0.010444 0.196966 0.000000 0.020731 0.010825 0.025393 0.000000 0.023644 0.068191 0.024118 0.104373 0.083699 
0.067780 0.661845 0.019936 0.000002 0.013353 0.000000 0.094349 0.000000 0.046774 0.000000 0.052837 0.000110 0.000000 0.043014 0.000000 
0.216463 0.000000 0.019007 0.000001 0.006171 0.000000 0.148309 0.000000 0.022158 0.000000 0.014849 0.009618 0.005345 0.558078 0.000000 
0.189861 0.000000 0.016211 0.043107 0.173751 0.000000 0.116001 0.000000 0.042069 0.000000 0.141796 0.035845 0.000000 0.068684 0.172673 
0.040108 0.000000 0.071874 0.000001 0.022355 0.000000 0.006184 0.000000 0.008031 0.102240 0.292748 0.000077 0.000000 0.447001 0.009379 
0.140151 0.173933 0.000645 0.000002 0.045135 0.000000 0.516938 0.000000 0.001741 0.038083 0.052568 0.000093 0.000000 0.030713 0.000000 
0.010320 0.428648 0.015690 0.000001 0.036960 0.000000 0.000001 0.278593 0.006461 0.000000 0.164554 0.000131 0.000000 0.058641 0.000000 
0.105957 0.000000 0.047832 0.000002 0.127372 0.000000 0.073592 0.154963 0.039925 0.000000 0.033757 0.319324 0.000000 0.097276 0.000000 
0.082681 0.000000 0.140617 0.000001 0.479859 0.000000 0.175038 0.000000 0.003833 0.000000 0.023452 0.010304 0.033926 0.050288 0.000000 
0.072423 0.000000 0.032146 0.072102 0.038464 0.000000 0.000001 0.000000 0.027270 0.000000 0.510687 0.016011 0.143254 0.059595 0.028047 
0.148548 0.000000 0.028931 0.004951 0.052992 0.000000 0.586763 0.000000 0.092106 0.000000 0.022309 0.006357 0.000000 0.032327 0.024716 
0.404883 0.029616 0.045812 0.007330 0.074355 0.000000 0.045219 0.261922 0.046543 0.000000 0.002345 0.068085 0.000000 0.013891 0.000000 
0.515302 0.000000 0.031839 0.025881 0.254130 0.000000 0.000001 0.000000 0.083026 0.000000 0.032631 0.027585 0.009020 0.020584 0.000000 
0.072522 0.000000 0.074385 0.133353 0.137033 0.000000 0.000001 0.000000 0.017702 0.149356 0.040401 0.017538 0.000000 0.357709 0.000000 
0.050981 0.000000 0.021344 0.000001 0.039369 0.000000 0.000001 0.000000 0.008526 0.061100 0.021468 0.002162 0.180515 0.614533 0.000000 
0.105209 0.031431 0.036689 0.008089 0.065475 0.000000 0.045021 0.000000 0.035010 0.000000 0.224061 0.278029 0.108237 0.050039 0.012712 
0.170997 0.000000 0.007276 0.056091 0.508918 0.000000 0.000001 0.000000 0.025031 0.000000 0.039154 0.169259 0.000000 0.023273 0.000000 
0.302681 0.000000 0.027622 0.000001 0.229238 0.000000 0.026957 0.106221 0.007430 0.117381 0.004668 0.057068 0.000000 0.064644 0.056088 
0.244406 0.087209 0.010648 0.000001 0.401800 0.000000 0.000001 0.000000 0.019175 0.044669 0.025354 0.025396 0.000000 0.067050 0.074290 
0.013752 0.000000 0.000947 0.618045 0.022253 0.000000 0.024454 0.173114 0.025687 0.000000 0.086656 0.005107 0.008994 0.020991 0.000000 
0.179743 0.000000 0.104411 0.000001 0.106043 0.000000 0.114264 0.000000 0.001966 0.320918 0.011900 0.033137 0.000000 0.032915 0.094702 
0.219741 0.000000 0.007381 0.010529 0.079834 0.000000 0.508986 0.000000 0.001077 0.032749 0.001604 0.080901 0.000000 0.057199 0.000000 
0.292547 0.028734 0.037722 0.000002 0.172020 0.000000 0.000001 0.000000 0.038708 0.000000 0.105612 0.067040 0.055824 0.064125 0.137665 
0.465180 0.000000 0.072624 0.000002 0.052114 0.000000 0.055780 0.000000 0.150410 0.000000 0.025296 0.049934 0.081503 0.047157 0.000000 
0.001506 0.000000 0.001538 0.000001 0.002216 0.001970 0.005696 0.000000 0.000944 0.000000 0.949072 0.000218 0.000000 0.036840 0.000000 
0.476777 0.000000 0.070385 0.004199 0.085075 0.000000 0.016294 0.000000 0.095258 0.157277 0.037738 0.034195 0.000000 0.022802 0.000000 
0.179407 0.000000 0.013112 0.011618 0.021756 0.000000 0.662903 0.000000 0.064478 0.000000 0.003146 0.004420 0.000000 0.039158 0.000000 
0.301513 0.000000 0.062081 0.014181 0.103007 0.000000 0.043717 0.000000 0.052645 0.000000 0.015171 0.034567 0.326242 0.046877 0.000000 
0.028832 0.459908 0.039383 0.095480 0.024759 0.000000 0.009487 0.000000 0.025255 0.160490 0.006079 0.000151 0.000000 0.150176 0.000000 
0.098172 0.301378 0.020034 0.000002 0.094347 0.000000 0.053048 0.000000 0.010366 0.024217 0.031958 0.322360 0.000000 0.044118 0.000000 
0.128108 0.000000 0.035481 0.066849 0.308052 0.000000 0.012821 0.000000 0.135143 0.000000 0.022456 0.265378 0.000000 0.025712 0.000000 
0.078444 0.000000 0.203447 0.000002 0.140614 0.000000 0.000001 0.144654 0.309303 0.000000 0.006657 0.011537 0.025970 0.079369 0.000000 
0.191492 0.000000 0.003892 0.000002 0.489277 0.000000 0.000001 0.000000 0.022649 0.000000 0.023472 0.194137 0.000000 0.075078 0.000000 
0.215201 0.457624 0.086682 0.000001 0.026801 0.000000 0.000001 0.053398 0.036396 0.000000 0.006110 0.013708 0.039126 0.064950 0.000000 
0.069551 0.000000 0.000283 0.599005 0.158307 0.000000 0.041070 0.000000 0.009479 0.000000 0.094736 0.000082 0.000000 0.027487 0.000000 
0.076305 0.000000 0.052165 0.000001 0.018289 0.000000 0.011735 0.045032 0.000837 0.058265 0.111510 0.027543 0.000000 0.588681 0.009639 
0.685748 0.000000 0.008222 0.003918 0.055271 0.000000 0.016934 0.000000 0.066631 0.000000 0.017125 0.055774 0.044354 0.046022 0.000000 
0.297851 0.000000 0.139974 0.164712 0.111458 0.000000 0.000001 0.015932 0.088356 0.055417 0.058214 0.023390 0.000000 0.044694 0.000000 
0.022686 0.142112 0.032010 0.184169 0.027596 0.000000 0.094292 0.222454 0.000914 0.000000 0.221332 0.000145 0.000000 0.052291 0.000000 
0.103604 0.037602 0.006071 0.038691 0.015576 0.000000 0.105544 0.000000 0.026992 0.000000 0.575776 0.033620 0.000000 0.044058 0.012467 
0.343284 0.000000 0.044078 0.006076 0.104789 0.000000 0.000001 0.000000 0.021510 0.207739 0.020502 0.022587 0.000000 0.061426 0.168008 
0.274536 0.000000 0.048706 0.000001 0.223881 0.000000 0.037529 0.021616 0.019929 0.000000 0.105519 0.079909 0.018497 0.095977 0.073899 
0.026249 0.000000 0.010851 0.461555 0.116693 0.000000 0.008509 0.098197 0.000413 0.000000 0.095508 0.012311 0.007516 0.162197 0.000000 
0.186569 0.000000 0.016980 0.000001 0.270268 0.000000 0.334601 0.010842 0.035098 0.000000 0.018085 0.024985 0.000000 0.057096 0.045474 
0.190678 0.000000 0.135595 0.011372 0.050697 0.000000 0.000001 0.000000 0.346884 0.000000 0.111383 0.102347 0.000000 0.051044 0.000000 
0.099470 0.086895 0.001571 0.000001 0.148257 0.001590 0.027919 0.000000 0.030235 0.020312 0.054239 0.020209 0.045105 0.446498 0.017700 
0.035499 0.034128 0.028262 0.224765 0.253338 0.000000 0.016852 0.253231 0.023007 0.000000 0.056573 0.037595 0.000000 0.036751 0.000000 
0.010787 0.000000 0.296602 0.000001 0.050199 0.000000 0.000001 0.000000 0.107193 0.000000 0.056908 0.000092 0.000000 0.478217 0.000000 
0.181336 0.000000 0.266034 0.008595 0.092407 0.000000 0.000001 0.233388 0.090655 0.000000 0.009340 0.024350 0.000000 0.041361 0.052533 
0.054068 0.000000 0.023600 0.000001 0.030853 0.000000 0.013117 0.000000 0.019330 0.000000 0.515195 0.170684 0.000000 0.173150 0.000000 
0.118439 0.000000 0.069303 0.000002 0.092340 0.000000 0.000001 0.027754 0.007435 0.039831 0.055188 0.032851 0.240851 0.268170 0.047836 
0.404543 0.000000 0.057262 0.165624 0.023246 0.000000 0.175907 0.000000 0.084064 0.026884 0.028807 0.009079 0.000000 0.024584 0.000000 
0.443283 0.000000 0.028802 0.106982 0.166962 0.000000 0.000001 0.014785 0.041780 0.000000 0.018479 0.041818 0.019782 0.076603 0.040724 
0.079044 0.134446 0.036042 0.000001 0.399455 0.000000 0.000001 0.100649 0.061530 0.064605 0.012485 0.000120 0.025179 0.086443 0.000000 
0.098229 0.000000 0.028613 0.000001 0.262062 0.000000 0.000001 0.319326 0.038766 0.000000 0.019626 0.203378 0.000000 0.029997 0.000000 
0.094333 0.000000 0.199913 0.000002 0.128382 0.000000 0.000001 0.000000 0.042734 0.000000 0.019333 0.123090 0.178970 0.213242 0.000000 
0.030020 0.124865 0.066738 0.031429 0.023088 0.000000 0.000001 0.351430 0.152788 0.000000 0.023764 0.062604 0.000000 0.133271 0.000000 
0.396818 0.000000 0.009001 0.004751 0.121541 0.000000 0.000001 0.000000 0.026058 0.000000 0.052753 0.327124 0.035716 0.026236 0.000000 
0.138869 0.000000 0.045496 0.257864 0.178153 0.000000 0.074134 0.000000 0.016041 0.000000 0.053016 0.161852 0.017131 0.057444 0.000000 
0.077933 0.000000 0.011207 0.435699 0.118280 0.000000 0.015110 0.000000 0.009171 0.059264 0.116381 0.066934 0.000000 0.064005 0.026015 
0.215028 0.086893 0.020813 0.008799 0.154528 0.000000 0.266944 0.000000 0.008890 0.043016 0.012393 0.139731 0.000000 0.042965 0.000000 
0.222973 0.000000 0.018905 0.004972 0.056460 0.000000 0.463351 0.000000 0.012180 0.000000 0.016359 0.054051 0.000000 0.037601 0.113149 
0.069519 0.185319 0.045032 0.000001 0.069173 0.000000 0.028186 0.026768 0.001159 0.095896 0.105673 0.000190 0.288012 0.085070 0.000000 
0.078350 0.000000 0.011161 0.634654 0.039377 0.000000 0.058983 0.000000 0.009202 0.030010 0.109659 0.015431 0.000000 0.013173 0.000000 
0.207567 0.000000 0.087224 0.000002 0.094287 0.000000 0.000001 0.000000 0.039629 0.497698 0.009134 0.013656 0.000000 0.050803 0.000000 
0.123415 0.474323 0.065642 0.000001 0.061006 0.000000 0.000001 0.000000 0.032276 0.066275 0.006448 0.083834 0.000000 0.086779 0.000000 
0.204698 0.000000 0.019839 0.137811 0.288528 0.000000 0.022327 0.000000 0.021616 0.000000 0.035509 0.084270 0.022638 0.066678 0.096086 
0.337710 0.000000 0.035829 0.012806 0.076143 0.000000 0.255776 0.000000 0.029522 0.000000 0.011703 0.029050 0.122022 0.061223 0.028216 
0.083626 0.000000 0.087732 0.000001 0.140191 0.000000 0.012423 0.213372 0.037157 0.021638 0.011652 0.014995 0.315374 0.061838 0.000000 
0.037156 0.000000 0.031943 0.034343 0.241728 0.000000 0.000001 0.023870 0.113335 0.000000 0.038050 0.002897 0.010873 0.465804 0.000000 
0.025015 0.000000 0.024050 0.000001 0.047956 0.001001 0.000001 0.000000 0.046887 0.000000 0.813968 0.004150 0.000000 0.036971 0.000000 
0.331654 0.000000 0.018983 0.037544 0.125398 0.000000 0.000001 0.019245 0.046153 0.000000 0.010285 0.049661 0.047512 0.071562 0.242000 
0.080301 0.000000 0.048742 0.000002 0.035061 0.000000 0.177915 0.000000 0.137645 0.000000 0.468045 0.014988 0.000000 0.037303 0.000000 
0.076659 0.071785 0.086458 0.060757 0.012370 0.000000 0.000001 0.000000 0.260222 0.000000 0.027563 0.000146 0.000000 0.394972 0.009067 
0.177520 0.074069 0.007495 0.000002 0.473909 0.000000 0.000001 0.000000 0.060407 0.000000 0.027116 0.013696 0.100687 0.065098 0.000000 
0.056500 0.000000 0.305846 0.000002 0.071585 0.000000 0.025858 0.066778 0.064851 0.169642 0.045986 0.025198 0.000000 0.167754 0.000000 
0.116474 0.000000 0.084625 0.019598 0.120886 0.000000 0.000001 0.129280 0.045524 0.000000 0.030206 0.362813 0.000000 0.080395 0.010198 
0.124119 0.000000 0.010508 0.000002 0.514773 0.000000 0.006677 0.000000 0.007088 0.000000 0.225381 0.037530 0.029647 0.044275 0.000000 
0.416364 0.104169 0.059974 0.111654 0.148275 0.000000 0.000001 0.000000 0.025722 0.000000 0.041977 0.061688 0.000000 0.030177 0.000000 
0.270883 0.078366 0.018740 0.032986 0.173683 0.000000 0.009406 0.000000 0.011641 0.037339 0.017916 0.042960 0.021153 0.259663 0.025263 
0.169515 0.000000 0.008338 0.010596 0.117716 0.000000 0.519671 0.000000 0.018796 0.000000 0.008771 0.051498 0.006767 0.044510 0.043824 
0.093425 0.000000 0.051470 0.000001 0.213256 0.000000 0.118286 0.015091 0.115266 0.070890 0.020943 0.218372 0.020550 0.062450 0.000000 
0.220051 0.000000 0.009094 0.029607 0.036267 0.000000 0.549101 0.000000 0.035814 0.023095 0.008120 0.011008 0.000000 0.045964 0.031880 
0.044834 0.000000 0.005232 0.000002 0.001538 0.000000 0.000001 0.000000 0.008102 0.000000 0.855988 0.003890 0.000000 0.080413 0.000000 
0.611431 0.000000 0.077291 0.000002 0.056872 0.000000 0.052422 0.000000 0.047109 0.000000 0.008512 0.060856 0.000000 0.024679 0.060826 
0.239598 0.000000 0.099409 0.129626 0.151104 0.000000 0.022707 0.000000 0.041894 0.038523 0.030025 0.033963 0.000000 0.047097 0.166054 
0.084558 0.066459 0.042918 0.000002 0.126447 0.000000 0.047456 0.442339 0.005159 0.000000 0.019187 0.150359 0.000000 0.015114 0.000000 
0.033869 0.126600 0.025458 0.017954 0.079007 0.000000 0.000001 0.000000 0.022659 0.010463 0.004525 0.066482 0.045840 0.555516 0.011625 
0.282987 0.000000 0.004014 0.000001 0.313121 0.000000 0.000001 0.024507 0.004890 0.113813 0.009700 0.052491 0.000000 0.076566 0.117909 
0.083951 0.179547 0.060697 0.000002 0.345477 0.000000 0.015619 0.000000 0.029526 0.104698 0.019721 0.006670 0.090046 0.064046 0.000000 
0.230594 0.088260 0.028073 0.000002 0.209878 0.000000 0.057066 0.000000 0.018407 0.000000 0.018308 0.190897 0.037502 0.067603 0.053410 
0.041289 0.000000 0.001689 0.628418 0.057687 0.000000 0.014442 0.080228 0.029313 0.000000 0.092513 0.003296 0.000000 0.051125 0.000000 
0.079835 0.000000 0.584913 0.000002 0.111437 0.000000 0.017526 0.011545 0.070518 0.000000 0.016047 0.023087 0.052845 0.032244 0.000000 
0.134307 0.000000 0.033802 0.006723 0.032761 0.000000 0.552060 0.186817 0.020220 0.000000 0.007482 0.001942 0.000000 0.023886 0.000000 
0.133252 0.056558 0.071468 0.000002 0.039244 0.000000 0.000001 0.000000 0.175661 0.000000 0.055512 0.061470 0.000000 0.397437 0.009394 
0.238030 0.215592 0.005036 0.000001 0.188542 0.000000 0.017999 0.000000 0.023438 0.000000 0.032361 0.052914 0.053692 0.105097 0.067298 
0.177521 0.000000 0.081186 0.000001 0.118214 0.000000 0.000001 0.000000 0.111978 0.300415 0.068141 0.022777 0.000000 0.081053 0.038714 
0.142129 0.522784 0.010083 0.014695 0.026780 0.000000 0.154360 0.000000 0.026979 0.000000 0.006780 0.007983 0.029117 0.058310 0.000000 
0.022721 0.292594 0.056539 0.000002 0.069919 0.000000 0.000001 0.000000 0.235130 0.000000 0.267128 0.003686 0.000000 0.052280 0.000000 
0.065527 0.032107 0.401978 0.000001 0.064448 0.000000 0.000001 0.153184 0.063938 0.000000 0.087439 0.047002 0.000000 0.032566 0.051808 
0.031451 0.000000 0.055843 0.000001 0.023377 0.003004 0.000001 0.000000 0.013283 0.135077 0.472845 0.005446 0.000000 0.259670 0.000000 
0.149729 0.463991 0.050109 0.000002 0.075674 0.000000 0.000001 0.000000 0.001724 0.000000 0.034242 0.098645 0.000000 0.061271 0.064612 
0.113914 0.000000 0.058831 0.000001 0.466588 0.000000 0.000001 0.060061 0.054587 0.000000 0.024333 0.029296 0.000000 0.192387 0.000000 
0.048260 0.000000 0.125168 0.228899 0.052465 0.000000 0.038407 0.062339 0.229566 0.052818 0.049764 0.000096 0.000000 0.112218 0.000000 
0.109226 0.000000 0.032801 0.018609 0.070087 0.000000 0.411783 0.236158 0.034006 0.000000 0.008747 0.025076 0.019701 0.033805 0.000000 
0.415227 0.120330 0.038411 0.005519 0.074448 0.000000 0.000001 0.000000 0.192513 0.000000 0.017395 0.019265 0.023426 0.058839 0.034627 
0.208178 0.000000 0.037964 0.000002 0.030197 0.000000 0.000001 0.000000 0.031389 0.000000 0.009717 0.029790 0.010264 0.618665 0.023833 
0.027426 0.000000 0.136760 0.000000 0.081733 0.000000 0.000001 0.000000 0.058611 0.586884 0.000539 0.009757 0.042132 0.056157 0.000000 
0.031504 0.000000 0.553052 0.000001 0.084826 0.000000 0.027222 0.000000 0.118593 0.000000 0.125676 0.004891 0.000000 0.054236 0.000000 
0.066335 0.000000 0.311502 0.007346 0.072571 0.000000 0.285479 0.014369 0.064074 0.000000 0.046216 0.073483 0.000000 0.041816 0.016808 
0.320054 0.028353 0.021592 0.017204 0.021940 0.000000 0.000001 0.000000 0.076648 0.000000 0.448774 0.026063 0.009273 0.030096 0.000000 
0.311509 0.000000 0.003570 0.017892 0.104829 0.000000 0.010400 0.000000 0.021386 0.000000 0.244483 0.032286 0.000000 0.059978 0.193668 
0.117535 0.000000 0.022798 0.019227 0.397583 0.000000 0.013047 0.064775 0.006867 0.057310 0.230912 0.012733 0.000000 0.057211 0.000000 
0.141467 0.000000 0.281996 0.208342 0.100924 0.000000 0.000001 0.000000 0.075222 0.000000 0.047671 0.080671 0.000000 0.019631 0.044075 
0.262062 0.000000 0.047788 0.009754 0.279826 0.000000 0.000001 0.000000 0.019379 0.000000 0.037254 0.059655 0.060992 0.111028 0.112260 
0.091932 0.125910 0.012344 0.028108 0.359061 0.000000 0.022252 0.000000 0.021147 0.000000 0.103123 0.048590 0.000000 0.187533 0.000000 
0.124984 0.043460 0.131080 0.000002 0.118154 0.000000 0.000001 0.000000 0.310869 0.040137 0.010734 0.035416 0.000000 0.128247 0.056916 
0.029403 0.000000 0.584600 0.000002 0.098530 0.000000 0.033866 0.046376 0.075647 0.000000 0.012976 0.005261 0.071353 0.041985 0.000000 
0.210080 0.000000 0.252242 0.016423 0.130033 0.000000 0.000001 0.066022 0.055526 0.000000 0.032081 0.039469 0.000000 0.068619 0.129504 
0.014917 0.000000 0.078299 0.516294 0.082341 0.000000 0.000001 0.000000 0.130697 0.035609 0.103699 0.005647 0.000000 0.032496 0.000000 
0.022037 0.763018 0.017200 0.000002 0.109987 0.000000 0.000001 0.000000 0.000408 0.000000 0.016901 0.006022 0.000000 0.064423 0.000000 
0.026089 0.000000 0.153346 0.000001 0.012446 0.000000 0.000001 0.026052 0.486943 0.000000 0.210809 0.002785 0.000000 0.081527 0.000000 
0.093246 0.000000 0.116611 0.100993 0.075533 0.000000 0.017659 0.000000 0.007625 0.085250 0.126896 0.082478 0.248720 0.044988 0.000000 
0.030653 0.602322 0.153481 0.000000 0.033403 0.000000 0.000001 0.000000 0.025899 0.000000 0.010950 0.000133 0.000000 0.143157 0.000000 
0.218589 0.147616 0.001500 0.000002 0.143082 0.000000 0.047070 0.017964 0.006827 0.000000 0.136635 0.044855 0.000000 0.080439 0.155421 
0.190108 0.000000 0.011705 0.000002 0.110409 0.000000 0.000001 0.000000 0.021342 0.000000 0.388921 0.032907 0.011545 0.115264 0.117795 
0.426876 0.000000 0.049541 0.000001 0.194126 0.000000 0.000001 0.000000 0.094508 0.043340 0.029182 0.042888 0.020201 0.067223 0.032112 
0.100575 0.510671 0.035671 0.042544 0.084577 0.000000 0.018689 0.000000 0.005057 0.000000 0.051421 0.021595 0.000000 0.094149 0.035051 
0.352736 0.100037 0.057590 0.005519 0.096334 0.000000 0.000001 0.016282 0.127428 0.000000 0.013198 0.168081 0.000000 0.062793 0.000000 
0.167027 0.212963 0.027452 0.000002 0.124423 0.000000 0.000001 0.016458 0.012245 0.000000 0.112378 0.157036 0.018548 0.102191 0.049274 
0.097279 0.000000 0.020450 0.000002 0.069735 0.002002 0.000001 0.168359 0.046823 0.000000 0.379274 0.194557 0.000000 0.021519 0.000000 
0.437085 0.000000 0.090061 0.000002 0.069044 0.000000 0.000001 0.000000 0.250701 0.037846 0.046795 0.047436 0.000000 0.021029 0.000000 
0.015358 0.000000 0.234314 0.391575 0.028597 0.000000 0.000001 0.010179 0.149625 0.046008 0.035674 0.003403 0.000000 0.070965 0.014299 
0.305484 0.000000 0.008657 0.000001 0.057227 0.000000 0.000001 0.000000 0.052472 0.072875 0.006183 0.022562 0.191609 0.282928 0.000000 
0.001856 0.000000 0.162637 0.000001 0.021268 0.000000 0.000001 0.000000 0.525530 0.031753 0.019021 0.000113 0.000000 0.237820 0.000000 
0.128019 0.054374 0.051933 0.013420 0.175391 0.000000 0.012244 0.000000 0.189918 0.000000 0.032968 0.017082 0.000000 0.300030 0.024622 
0.114954 0.000000 0.013084 0.000002 0.021413 0.000000 0.024368 0.090472 0.032760 0.000000 0.540406 0.029197 0.000000 0.014085 0.119259 
0.110607 0.221435 0.003116 0.000002 0.125085 0.000000 0.000001 0.000000 0.015279 0.000000 0.028785 0.380143 0.047573 0.049894 0.018079 
0.006540 0.155371 0.041384 0.000002 0.008953 0.000000 0.009417 0.064193 0.000903 0.000000 0.013781 0.007804 0.015889 0.675764 0.000000 
