-1938521.953246
0
0.000000 0.000000 0.000000 0.000000 0.000000 0.000000 0.000000 0.000733 0.014644 0.078478 0.000000 0.041310 0.000589 0.000000 0.001145 0.001187 0.000000 0.000636 0.000000 0.000000 0.000000 0.000000 0.000000 0.000000 0.000000 0.000619 0.000219 0.000000 0.000000 0.000000 0.000979 0.000000 0.056592 0.154102 0.017356 0.089849 0.000000 0.000362 0.000000 0.000000 0.000000 0.000000 0.000000 0.001602 0.000000 0.000562 0.000944 0.000486 0.000000 0.000064 0.000000 0.000000 0.000000 0.000220 0.000000 0.000000 0.016184 0.065969 0.000000 0.040731 0.000000 0.000000 0.000000 0.000000 0.000000 0.000000 0.000000 0.003808 0.000000 0.000000 0.001567 0.000000 0.000001 0.001202 0.000000 0.000000 0.000000 0.001467 0.000193 0.000000 0.033962 0.245557 0.036211 0.085515 0.000000 0.000000 0.000000 0.002093 0.000000 0.000563 0.000641 0.000324 0.000000 0.000000 0.000413 0.000924 
0.000000 0.000000 0.000196 0.000000 0.000000 0.000308 0.000275 0.000000 0.006316 0.001270 0.000000 0.000607 0.000000 0.000000 0.000000 0.000000 0.000812 0.000000 0.000427 0.001174 0.000000 0.000000 0.000000 0.000000 0.000000 0.000000 0.000000 0.002389 0.000000 0.000000 0.000000 0.000000 0.016791 0.000000 0.004321 0.007846 0.000000 0.000578 0.000000 0.000000 0.000454 0.000000 0.000000 0.001539 0.000000 0.000000 0.000255 0.000000 0.000000 0.000000 0.000000 0.000000 0.000000 0.000000 0.000000 0.000000 0.004927 0.000000 0.000000 0.001622 0.000000 0.000000 0.000000 0.000446 0.000000 0.000000 0.000000 0.000585 0.000000 0.000000 0.000000 0.000143 0.012184 0.005635 0.001911 0.012883 0.033835 0.000000 0.001629 0.061787 0.441553 0.088004 0.056385 0.229989 0.000000 0.000324 0.000000 0.000000 0.000000 0.000598 0.000000 0.000000 0.000000 0.000000 0.000000 0.000000 
0.001840 0.000000 0.000000 0.000000 0.002497 0.001143 0.000000 0.002138 0.008819 0.000000 0.000000 0.002524 0.005885 0.007637 0.003326 0.004652 0.060894 0.038789 0.065730 0.029544 0.000000 0.001435 0.001623 0.002812 0.008375 0.004257 0.003306 0.000000 0.000653 0.000980 0.000000 0.000000 0.021387 0.004260 0.003135 0.016646 0.000000 0.007539 0.000000 0.002402 0.038408 0.045669 0.056983 0.038699 0.000000 0.005404 0.004251 0.006034 0.001463 0.004651 0.000000 0.000000 0.000331 0.000766 0.000000 0.000000 0.016966 0.007215 0.000000 0.012513 0.000566 0.004329 0.000000 0.001263 0.071384 0.032709 0.050848 0.047170 0.000000 0.000000 0.000000 0.003196 0.000667 0.005937 0.002078 0.000000 0.000000 0.002024 0.000000 0.000000 0.004196 0.000000 0.000000 0.000000 0.006173 0.014599 0.000000 0.006310 0.059933 0.040949 0.039608 0.043037 0.000000 0.003612 0.001203 0.004625 
0.000000 0.001028 0.000000 0.000000 0.004847 0.000414 0.000000 0.005452 0.001502 0.000000 0.000000 0.000001 0.000878 0.001236 0.000000 0.000861 0.000000 0.000000 0.000000 0.000000 0.000000 0.000000 0.000000 0.000000 0.000000 0.000000 0.000000 0.000000 0.006934 0.001541 0.000396 0.007198 0.001363 0.000000 0.000003 0.000004 0.000000 0.000000 0.000000 0.000000 0.000000 0.000000 0.000000 0.000001 0.000000 0.000000 0.000000 0.000000 0.000000 0.000999 0.000000 0.000000 0.000753 0.001393 0.000000 0.003402 0.000716 0.000000 0.000000 0.000004 0.000000 0.000298 0.000000 0.000000 0.000000 0.000714 0.000000 0.000421 0.000000 0.000609 0.000000 0.000000 0.056595 0.019536 0.002332 0.018335 0.317776 0.080311 0.011139 0.380082 0.068397 0.001583 0.000000 0.000000 0.000000 0.000000 0.000000 0.000000 0.000778 0.000000 0.000000 0.000167 0.000000 0.000000 0.000000 0.000000 
0.041060 0.033354 0.023666 0.025256 0.008244 0.002944 0.002520 0.001742 0.008427 0.003965 0.000000 0.000990 0.003536 0.001847 0.007574 0.000000 0.006142 0.000000 0.007408 0.000000 0.000000 0.000000 0.000000 0.000000 0.058591 0.078821 0.012106 0.055486 0.009347 0.008754 0.005679 0.008246 0.022557 0.012867 0.008745 0.017865 0.007896 0.009821 0.041528 0.008934 0.004757 0.000000 0.012252 0.004340 0.000000 0.000569 0.003913 0.000000 0.044639 0.050148 0.030331 0.028863 0.007600 0.010097 0.007014 0.004732 0.005568 0.001392 0.000000 0.002495 0.007016 0.005470 0.015224 0.000000 0.005062 0.000000 0.003562 0.000995 0.000000 0.000000 0.000000 0.000000 0.037689 0.068869 0.013668 0.041785 0.000000 0.010984 0.003519 0.000000 0.000000 0.000000 0.000000 0.002855 0.000000 0.004424 0.009008 0.000000 0.001901 0.000000 0.003340 0.000000 0.000000 0.000000 0.000000 0.000000 
0.037567 0.031367 0.001472 0.028959 0.022320 0.011705 0.003799 0.021446 0.022523 0.005089 0.010547 0.022757 0.014733 0.013278 0.016037 0.023301 0.013407 0.007203 0.006448 0.024999 0.002832 0.000773 0.010817 0.003727 0.027932 0.017228 0.000000 0.018586 0.013610 0.012369 0.003239 0.020622 0.007872 0.000000 0.000418 0.017270 0.011929 0.017651 0.018377 0.029530 0.002817 0.009852 0.000000 0.008629 0.001521 0.003601 0.011156 0.005601 0.019261 0.013721 0.000000 0.017562 0.009806 0.007689 0.001162 0.013980 0.004098 0.000000 0.000000 0.006911 0.010545 0.008048 0.012847 0.020474 0.000000 0.002365 0.000000 0.005962 0.001387 0.002255 0.014123 0.005371 0.024209 0.015982 0.001432 0.031545 0.000000 0.009790 0.000582 0.005907 0.000000 0.000000 0.000000 0.009074 0.015593 0.011012 0.010197 0.028944 0.000000 0.005203 0.000000 0.009408 0.000000 0.004889 0.012771 0.008977 
0.000556 0.000000 0.000000 0.008457 0.000000 0.000000 0.000000 0.000000 0.000004 0.000000 0.009678 0.002435 0.000000 0.000000 0.000000 0.000000 0.000000 0.003688 0.000000 0.001684 0.000000 0.005157 0.002901 0.012570 0.003530 0.000000 0.000000 0.013647 0.000000 0.000000 0.000000 0.000000 0.000002 0.000000 0.011387 0.001633 0.000000 0.000000 0.000000 0.000607 0.000000 0.000000 0.000000 0.001495 0.000000 0.000606 0.003045 0.018829 0.001585 0.000453 0.000000 0.006791 0.000000 0.000000 0.000000 0.000000 0.000001 0.000000 0.022723 0.009905 0.000000 0.000000 0.000000 0.000000 0.004777 0.009328 0.003104 0.014283 0.000000 0.002566 0.000000 0.001252 0.041204 0.010394 0.001717 0.339043 0.000000 0.000000 0.000000 0.000000 0.000000 0.023161 0.250899 0.036918 0.000000 0.000000 0.000000 0.002412 0.001941 0.010906 0.007844 0.009139 0.003508 0.009805 0.001558 0.070871 
0.007282 0.001106 0.000000 0.002210 0.000000 0.000000 0.000000 0.000000 0.004251 0.000000 0.007589 0.000001 0.014465 0.003502 0.006723 0.022601 0.029509 0.007642 0.013780 0.029836 0.050864 0.008803 0.005984 0.032021 0.005178 0.000000 0.000000 0.000000 0.000000 0.000000 0.000000 0.000000 0.005980 0.000000 0.005831 0.001855 0.006249 0.000254 0.002548 0.000000 0.015551 0.005678 0.013065 0.039710 0.037046 0.007742 0.014520 0.082279 0.014618 0.005078 0.000000 0.003563 0.000000 0.001027 0.000000 0.003236 0.000001 0.000000 0.000000 0.002713 0.002605 0.000675 0.001768 0.000000 0.000000 0.006174 0.002760 0.009718 0.012425 0.000000 0.000000 0.026714 0.031788 0.000609 0.000000 0.039687 0.000000 0.000000 0.000000 0.000000 0.000000 0.000187 0.000000 0.001076 0.030964 0.000000 0.022803 0.011931 0.013356 0.011829 0.006349 0.043036 0.088018 0.011149 0.010358 0.092129 
0.000000 0.002856 0.000000 0.020765 0.000000 0.000000 0.000000 0.000000 0.026157 0.026333 0.048562 0.021235 0.000000 0.004405 0.000000 0.004028 0.002259 0.003833 0.001574 0.001542 0.000000 0.001075 0.000621 0.003699 0.007756 0.011233 0.001837 0.096316 0.000000 0.000000 0.000000 0.000000 0.000000 0.003447 0.023414 0.008595 0.000297 0.003826 0.000000 0.001487 0.000000 0.002746 0.002311 0.000298 0.000000 0.002187 0.000000 0.007320 0.001108 0.011878 0.000000 0.057481 0.000000 0.000000 0.000000 0.000436 0.066632 0.124642 0.171566 0.081883 0.000000 0.003365 0.000990 0.001988 0.008595 0.031086 0.011545 0.006001 0.000000 0.002638 0.002769 0.011195 0.000001 0.011553 0.000705 0.027844 0.000000 0.000701 0.000000 0.000000 0.002635 0.003605 0.000000 0.007128 0.000000 0.000309 0.000000 0.000000 0.000000 0.005327 0.001410 0.000000 0.000000 0.000970 0.000000 0.000000 
0.005191 0.006124 0.000000 0.000000 0.000000 0.002333 0.000000 0.003412 0.037784 0.008297 0.222732 0.008995 0.001413 0.001943 0.000000 0.008373 0.008377 0.001360 0.012914 0.003698 0.000000 0.002629 0.000366 0.002860 0.005084 0.016881 0.005439 0.008928 0.000000 0.000000 0.000000 0.000000 0.015255 0.009224 0.155526 0.007134 0.000000 0.000000 0.000000 0.000000 0.000000 0.000000 0.016450 0.000845 0.000000 0.002980 0.004581 0.001277 0.004103 0.003127 0.000000 0.000000 0.000000 0.003322 0.000000 0.001555 0.041604 0.033698 0.144716 0.021184 0.000000 0.000292 0.000000 0.000730 0.004124 0.000000 0.000000 0.004097 0.000000 0.000000 0.000000 0.000000 0.007646 0.003587 0.001824 0.000001 0.000000 0.000000 0.000000 0.000000 0.003477 0.000000 0.108352 0.000000 0.001937 0.000000 0.000000 0.000000 0.004791 0.000000 0.009489 0.000000 0.000000 0.000674 0.002082 0.005185 
0.452909 0.102356 0.056463 0.020442 0.107968 0.080179 0.000001 0.022465 0.035424 0.121792 
0.040825 0.072092 0.131811 0.024868 0.028045 0.162430 0.385788 0.032460 0.100720 0.020960 
0.205286 0.150732 0.058433 0.000030 0.012673 0.012661 0.287964 0.012313 0.216269 0.043639 
0.398622 0.108329 0.142327 0.000063 0.007676 0.197942 0.000001 0.047940 0.021029 0.076070 
0.028575 0.032541 0.154402 0.029358 0.123734 0.067962 0.000001 0.007187 0.217287 0.338953 
0.063193 0.012306 0.042610 0.000089 0.186158 0.067134 0.235338 0.000094 0.359919 0.033161 
0.134320 0.019324 0.096795 0.096909 0.068884 0.357321 0.000001 0.016640 0.121219 0.088587 
0.078143 0.055571 0.058978 0.011414 0.039411 0.101724 0.019998 0.330654 0.273945 0.030163 
0.039595 0.006681 0.024713 0.014767 0.692706 0.196888 0.000001 0.000169 0.024197 0.000283 
0.124534 0.046212 0.371123 0.048863 0.188097 0.053848 0.000001 0.005793 0.145354 0.016175 
0.224505 0.014013 0.043787 0.003065 0.027023 0.116466 0.000001 0.007555 0.427351 0.136234 
0.402442 0.122826 0.131716 0.003293 0.014313 0.199163 0.033479 0.067410 0.003411 0.021946 
0.118523 0.033130 0.072454 0.043326 0.096531 0.006784 0.000001 0.015882 0.253117 0.360251 
0.033386 0.014250 0.103083 0.008743 0.020053 0.164462 0.012720 0.013624 0.533895 0.095783 
0.036735 0.034816 0.505947 0.029844 0.051041 0.152430 0.000001 0.100612 0.082563 0.006013 
0.068115 0.018563 0.074014 0.000065 0.054573 0.265800 0.000001 0.017547 0.229441 0.271881 
0.031751 0.035843 0.081812 0.008763 0.271804 0.117543 0.174832 0.069315 0.207552 0.000785 
0.029071 0.030984 0.118758 0.104845 0.001916 0.115034 0.000001 0.308110 0.253168 0.038113 
0.388909 0.019439 0.049615 0.000052 0.060568 0.147639 0.000001 0.079322 0.175698 0.078758 
0.202763 0.043623 0.082551 0.008730 0.015292 0.237441 0.000001 0.000215 0.395385 0.013998 
0.659088 0.047195 0.015176 0.038777 0.011101 0.065151 0.000001 0.000067 0.162671 0.000773 
0.016765 0.012709 0.134701 0.007929 0.032587 0.226015 0.007182 0.406286 0.120144 0.035683 
0.050072 0.030515 0.207592 0.000022 0.450097 0.156441 0.005687 0.000097 0.072102 0.027375 
0.584009 0.364882 0.024801 0.000037 0.000610 0.016139 0.003432 0.000104 0.002495 0.003490 
0.024975 0.019114 0.073242 0.008171 0.001640 0.027908 0.613560 0.030714 0.111572 0.089104 
0.862828 0.002095 0.010736 0.002600 0.006000 0.014360 0.000001 0.012050 0.070974 0.018355 
0.043146 0.005674 0.072388 0.025808 0.250317 0.436301 0.000001 0.021405 0.143286 0.001672 
0.418069 0.206224 0.053197 0.000038 0.012782 0.015864 0.028937 0.045071 0.166205 0.053615 
0.232624 0.052222 0.103767 0.018414 0.036314 0.241029 0.000001 0.009390 0.122134 0.184105 
0.086517 0.030690 0.147052 0.083126 0.021774 0.246336 0.000001 0.055327 0.023824 0.305352 
0.039836 0.261212 0.052527 0.027662 0.091034 0.450244 0.017722 0.011313 0.038144 0.010307 
0.508343 0.032061 0.031902 0.055974 0.017722 0.116939 0.000001 0.009187 0.162925 0.064947 
0.059549 0.004448 0.114291 0.006842 0.001350 0.030190 0.013867 0.005479 0.543278 0.220707 
0.048054 0.095275 0.165881 0.304775 0.008728 0.121014 0.000001 0.157813 0.097502 0.000955 
0.119468 0.187013 0.085689 0.367562 0.015992 0.178171 0.000001 0.010519 0.033037 0.002548 
0.404844 0.013486 0.040253 0.003733 0.211128 0.087623 0.022373 0.000170 0.214078 0.002311 
0.040268 0.053610 0.091661 0.240143 0.028670 0.017078 0.019952 0.000074 0.483084 0.025459 
0.096446 0.273039 0.040014 0.095715 0.003245 0.017365 0.245112 0.012830 0.166566 0.049668 
0.417142 0.034684 0.069434 0.000065 0.034516 0.141119 0.000001 0.028459 0.266934 0.007645 
0.034940 0.028364 0.572261 0.001539 0.139505 0.057001 0.000001 0.018380 0.147300 0.000709 
0.076559 0.033179 0.042625 0.004963 0.316066 0.103288 0.011490 0.010697 0.112031 0.289102 
0.034637 0.440652 0.153209 0.004952 0.006782 0.131046 0.000001 0.199900 0.003762 0.025059 
0.323943 0.013524 0.225593 0.000086 0.007143 0.062532 0.014969 0.006709 0.288643 0.056857 
0.064587 0.011992 0.101718 0.003141 0.057394 0.119982 0.024950 0.146508 0.439912 0.029816 
0.061611 0.024392 0.080177 0.005048 0.164814 0.134018 0.000001 0.092615 0.075693 0.361631 
0.022847 0.009025 0.066177 0.017708 0.080115 0.603441 0.060745 0.031729 0.075643 0.032569 
0.102084 0.007589 0.231950 0.000096 0.024672 0.048332 0.000001 0.000133 0.574594 0.010547 
0.345955 0.005113 0.241304 0.011523 0.011824 0.090833 0.000001 0.015459 0.252688 0.025299 
0.429963 0.226746 0.022246 0.204424 0.012470 0.049442 0.021816 0.006196 0.001499 0.025197 
0.089797 0.015296 0.077410 0.015452 0.024125 0.274893 0.471239 0.009252 0.013547 0.008989 
0.058338 0.039366 0.058122 0.200952 0.026728 0.156102 0.021269 0.034096 0.360637 0.044390 
0.026912 0.271204 0.089576 0.000049 0.023243 0.091612 0.000001 0.030840 0.246176 0.220387 
0.059767 0.075822 0.015746 0.540490 0.204551 0.056247 0.021101 0.000078 0.017892 0.008304 
0.041113 0.484697 0.013555 0.000058 0.020621 0.184369 0.000001 0.115729 0.112187 0.027670 
0.119675 0.083637 0.115189 0.018010 0.009723 0.498295 0.012007 0.000158 0.046247 0.097058 
0.021862 0.384547 0.080730 0.000052 0.017968 0.286754 0.000001 0.131427 0.017889 0.058769 
0.014184 0.344463 0.097740 0.010020 0.078786 0.366663 0.000001 0.000137 0.057637 0.030369 
0.068966 0.031759 0.033312 0.053927 0.003818 0.077925 0.073126 0.115290 0.540706 0.001169 
0.046287 0.029439 0.123371 0.050160 0.025705 0.404762 0.000001 0.036202 0.283133 0.000939 
0.104657 0.018038 0.193408 0.021526 0.052744 0.453068 0.000001 0.056709 0.064628 0.035220 
0.552806 0.175275 0.018736 0.000022 0.118886 0.051784 0.037499 0.000085 0.006553 0.038353 
0.537118 0.008972 0.004684 0.000131 0.179298 0.191723 0.000001 0.005203 0.071936 0.000935 
0.074209 0.124791 0.165088 0.074555 0.118108 0.361160 0.000001 0.030416 0.035146 0.016526 
0.441163 0.279170 0.022936 0.000056 0.016642 0.035339 0.000001 0.000070 0.143280 0.061343 
0.166451 0.086254 0.048975 0.000042 0.555025 0.098726 0.008504 0.000091 0.001679 0.034254 
0.368627 0.253360 0.037496 0.000027 0.005339 0.012264 0.314243 0.004695 0.003595 0.000355 
0.096075 0.025198 0.117737 0.005103 0.083590 0.105898 0.150326 0.317084 0.082956 0.016033 
0.041651 0.023265 0.496443 0.000065 0.194697 0.042294 0.000001 0.010606 0.137854 0.053124 
0.046731 0.498528 0.029592 0.091477 0.005210 0.096720 0.000001 0.014305 0.034535 0.182900 
0.029405 0.017898 0.049459 0.009318 0.622007 0.174664 0.000001 0.000147 0.083604 0.013496 
0.036761 0.006818 0.072376 0.006659 0.090871 0.381230 0.263675 0.057420 0.060714 0.023474 
0.019681 0.029155 0.255698 0.027977 0.076317 0.491353 0.000001 0.000178 0.080803 0.018836 
0.342847 0.032570 0.144807 0.134335 0.003730 0.063095 0.000001 0.014660 0.187921 0.076035 
0.598505 0.015024 0.036082 0.000056 0.013303 0.031429 0.000001 0.000799 0.067443 0.237359 
0.066786 0.226843 0.054491 0.015734 0.051712 0.122155 0.000001 0.279541 0.041995 0.140743 
0.020298 0.035725 0.506537 0.057915 0.031344 0.151024 0.000001 0.171251 0.024867 0.001037 
0.055803 0.003762 0.229656 0.006118 0.066703 0.322711 0.095125 0.053525 0.087274 0.079324 
0.140441 0.039068 0.406145 0.006795 0.021978 0.299151 0.000001 0.019315 0.029172 0.037934 
0.019090 0.085165 0.018234 0.620905 0.030400 0.012295 0.172574 0.007941 0.016034 0.017361 
0.020496 0.013503 0.116214 0.011542 0.135263 0.230681 0.000001 0.035200 0.221819 0.215281 
0.051217 0.001026 0.079231 0.010820 0.528771 0.213725 0.000001 0.072676 0.026481 0.016051 
0.085972 0.101825 0.166235 0.023600 0.026674 0.406842 0.000001 0.058481 0.052221 0.078150 
0.041234 0.020289 0.046524 0.003576 0.116542 0.453326 0.013249 0.031402 0.170508 0.103350 
0.039708 0.944809 0.001825 0.000053 0.005132 0.001631 0.000001 0.000059 0.001443 0.005338 
0.012523 0.039098 0.089387 0.004896 0.085678 0.445134 0.000001 0.009372 0.202871 0.111040 
0.026988 0.002232 0.018485 0.011993 0.697086 0.183557 0.000001 0.000126 0.057003 0.002529 
0.026115 0.015153 0.101469 0.013952 0.071916 0.300031 0.000001 0.029317 0.047911 0.394133 
0.523441 0.092177 0.033677 0.082919 0.021890 0.013628 0.018112 0.000161 0.069628 0.144367 
0.279277 0.081545 0.093414 0.000028 0.072369 0.069243 0.043885 0.314425 0.005233 0.040581 
0.020385 0.020787 0.296602 0.067193 0.063851 0.102138 0.000001 0.271637 0.140205 0.017202 
0.064946 0.002669 0.139135 0.002732 0.046555 0.052875 0.164301 0.012899 0.472656 0.041232 
0.074766 0.015595 0.486745 0.005634 0.017480 0.176620 0.000001 0.199984 0.022513 0.000661 
0.426386 0.084814 0.038728 0.000011 0.022754 0.188881 0.087161 0.010209 0.057829 0.083226 
0.028096 0.091621 0.156048 0.602802 0.071775 0.046986 0.000001 0.000089 0.002442 0.000139 
0.586269 0.103218 0.018769 0.000067 0.018500 0.080130 0.025578 0.027059 0.114022 0.026387 
0.040730 0.014669 0.053793 0.004890 0.100134 0.671418 0.000001 0.017257 0.036014 0.061093 
0.037750 0.056819 0.119695 0.164911 0.031758 0.273470 0.016489 0.014782 0.240552 0.043776 
0.155897 0.249641 0.028537 0.185632 0.094470 0.023464 0.232461 0.000149 0.010367 0.019383 
0.068566 0.572943 0.014286 0.052378 0.123133 0.107753 0.000001 0.030922 0.015234 0.014785 
0.050398 0.016986 0.111063 0.027970 0.029384 0.467181 0.000001 0.016292 0.146536 0.134189 
0.090468 0.100942 0.220703 0.007412 0.060766 0.334847 0.014236 0.071016 0.067990 0.031620 
0.168490 0.085622 0.114767 0.468039 0.019979 0.011213 0.089764 0.016077 0.011398 0.014652 
0.052675 0.015605 0.269466 0.004557 0.370040 0.215210 0.000001 0.021477 0.039463 0.011505 
0.041226 0.105363 0.046392 0.015614 0.029340 0.188258 0.017530 0.102397 0.441329 0.012550 
0.511471 0.064061 0.144065 0.000039 0.043293 0.114065 0.000001 0.016691 0.044738 0.061575 
0.060740 0.061828 0.250380 0.226626 0.031736 0.026512 0.258162 0.038792 0.042580 0.002644 
0.445643 0.050136 0.057458 0.000053 0.004887 0.015739 0.000001 0.000116 0.423748 0.002219 
0.032794 0.008246 0.095286 0.015493 0.028582 0.211446 0.231630 0.022425 0.353178 0.000920 
0.171635 0.489721 0.026148 0.012748 0.017379 0.050255 0.000001 0.169056 0.057778 0.005279 
0.253558 0.044963 0.085288 0.010284 0.002450 0.161165 0.021135 0.033548 0.069404 0.318206 
0.019726 0.029358 0.025420 0.164210 0.243708 0.367641 0.000001 0.000112 0.134949 0.014875 
0.074572 0.015182 0.159103 0.111171 0.072258 0.437896 0.008375 0.035923 0.056000 0.029520 
0.188021 0.033709 0.401752 0.000026 0.027446 0.059993 0.112681 0.000121 0.093726 0.082524 
0.028506 0.018790 0.255401 0.000051 0.019827 0.084232 0.320235 0.208290 0.056745 0.007922 
0.188256 0.013630 0.125869 0.003402 0.001501 0.090646 0.000001 0.116971 0.230423 0.229301 
0.221501 0.046400 0.018950 0.028739 0.001021 0.042364 0.375428 0.057445 0.181840 0.026312 
0.025873 0.048772 0.107587 0.007776 0.075317 0.337314 0.000001 0.333065 0.015716 0.048580 
0.054003 0.049243 0.175077 0.260054 0.092039 0.121280 0.000001 0.163857 0.058845 0.025601 
0.069499 0.107343 0.116683 0.447266 0.031132 0.081854 0.000001 0.066447 0.046418 0.033356 
0.111461 0.025433 0.156150 0.007963 0.286839 0.202079 0.016210 0.127521 0.026839 0.039505 
0.031884 0.011616 0.051578 0.020207 0.473369 0.320025 0.000001 0.050271 0.039584 0.001465 
0.219421 0.141388 0.074629 0.000039 0.036503 0.059605 0.026097 0.007900 0.010825 0.423591 
0.011800 0.108243 0.038827 0.636881 0.071057 0.071125 0.000001 0.012612 0.029591 0.019865 
0.029689 0.014374 0.109217 0.000076 0.030386 0.160894 0.000001 0.009167 0.317700 0.328496 
0.475220 0.089644 0.070447 0.000013 0.015968 0.105829 0.030489 0.074854 0.067078 0.070457 
0.061536 0.029862 0.281488 0.154816 0.043286 0.282569 0.000001 0.078374 0.035717 0.032352 
0.051967 0.009257 0.073202 0.016571 0.287052 0.357124 0.000001 0.015168 0.034727 0.154931 
0.036371 0.011316 0.134814 0.000049 0.024284 0.078327 0.221100 0.018035 0.077889 0.397814 
0.448804 0.027170 0.232417 0.037195 0.020938 0.026694 0.023309 0.003001 0.177140 0.003332 
0.033076 0.814435 0.045821 0.000050 0.007114 0.018963 0.000001 0.004672 0.071196 0.004672 
0.072486 0.003492 0.115938 0.069695 0.011720 0.566384 0.011302 0.040190 0.045288 0.063506 
0.025801 0.460265 0.031832 0.008681 0.215703 0.070456 0.000001 0.015526 0.156305 0.015430 
0.427101 0.035017 0.006178 0.061730 0.016355 0.087113 0.000001 0.000160 0.360128 0.006218 
0.116662 0.035879 0.465899 0.003316 0.054618 0.136873 0.014290 0.011416 0.031429 0.129616 
0.141462 0.041892 0.088032 0.004688 0.034925 0.052826 0.051027 0.026183 0.441085 0.117880 
0.073114 0.027845 0.111350 0.022211 0.016387 0.119453 0.126594 0.366188 0.136013 0.000846 
0.043608 0.211647 0.518187 0.011386 0.055209 0.069296 0.000001 0.038878 0.008419 0.043369 
0.116150 0.061183 0.154966 0.107741 0.049398 0.373928 0.019082 0.044951 0.071742 0.000858 
0.322138 0.025907 0.174728 0.035002 0.039847 0.275769 0.000001 0.033226 0.040004 0.053377 
0.039750 0.005056 0.113867 0.017502 0.540967 0.204806 0.000001 0.047431 0.019974 0.010646 
0.054625 0.020871 0.205339 0.000066 0.149410 0.082707 0.017724 0.219336 0.176378 0.073544 
0.041385 0.005126 0.033753 0.034586 0.586618 0.234245 0.000001 0.007699 0.037606 0.018981 
0.088154 0.816856 0.002137 0.029508 0.007463 0.036205 0.000001 0.003193 0.012942 0.003541 
0.022272 0.006104 0.060769 0.007320 0.109213 0.643786 0.000001 0.029910 0.108678 0.011947 
0.045170 0.023218 0.151185 0.157854 0.030702 0.377270 0.000001 0.027963 0.154038 0.032599 
0.066831 0.028054 0.121951 0.001424 0.058507 0.076461 0.450085 0.151423 0.025252 0.020011 
0.657447 0.014761 0.075148 0.018517 0.001129 0.045198 0.000001 0.064215 0.068259 0.055326 
0.071781 0.007990 0.315845 0.008197 0.032821 0.372106 0.008932 0.051041 0.051361 0.079926 
0.207678 0.051168 0.353088 0.000049 0.040417 0.057285 0.000001 0.007293 0.081192 0.201830 
0.140524 0.030262 0.202178 0.007517 0.082433 0.262249 0.000001 0.189411 0.016524 0.068902 
0.053191 0.087454 0.053766 0.631969 0.025036 0.037750 0.079932 0.003938 0.022065 0.004899 
0.023089 0.017228 0.133627 0.001641 0.021857 0.077534 0.000001 0.031229 0.586880 0.106915 
0.014415 0.007158 0.029655 0.007412 0.580632 0.115475 0.179671 0.004109 0.060299 0.001174 
0.419815 0.052442 0.034433 0.004387 0.015315 0.147212 0.013073 0.054066 0.252490 0.006770 
0.272072 0.077868 0.181771 0.000069 0.049574 0.281039 0.000001 0.048798 0.003291 0.085517 
0.056552 0.075028 0.122474 0.000066 0.025110 0.192996 0.000001 0.020730 0.302523 0.204519 
0.455012 0.117445 0.031660 0.000056 0.171493 0.125619 0.044907 0.000151 0.001755 0.051900 
0.268286 0.332730 0.072494 0.000062 0.006632 0.024830 0.035458 0.001712 0.246033 0.011763 
0.054821 0.091225 0.072092 0.008009 0.004878 0.118383 0.142000 0.047451 0.443043 0.018098 
0.255424 0.454829 0.028173 0.008289 0.007231 0.018824 0.000001 0.006478 0.147241 0.073509 
0.432697 0.123760 0.085140 0.000051 0.013954 0.185428 0.030497 0.089121 0.007915 0.031438 
0.182511 0.022221 0.467615 0.000095 0.033200 0.091078 0.052719 0.028268 0.120931 0.001363 
0.092902 0.049976 0.052042 0.229689 0.062473 0.042202 0.070404 0.000099 0.359070 0.041143 
0.023769 0.008006 0.065195 0.019616 0.440337 0.094688 0.230451 0.027840 0.054195 0.035903 
0.157019 0.036340 0.069210 0.006980 0.055888 0.437950 0.025829 0.008115 0.152652 0.050017 
0.596529 0.002732 0.027507 0.003751 0.024272 0.214759 0.000001 0.020021 0.108921 0.001506 
0.026424 0.003534 0.086690 0.000008 0.014814 0.004319 0.000001 0.014691 0.408730 0.440788 
0.037327 0.129684 0.102141 0.000059 0.030133 0.032774 0.012120 0.005422 0.649545 0.000795 
0.025476 0.045038 0.082993 0.011824 0.273915 0.083377 0.018811 0.071241 0.385088 0.002238 
0.043575 0.457269 0.023550 0.016300 0.022497 0.342612 0.000001 0.000215 0.066078 0.027903 
0.054878 0.229844 0.098927 0.053418 0.022358 0.490325 0.000001 0.026064 0.023663 0.000522 
0.054920 0.224551 0.401545 0.023360 0.048472 0.087038 0.057031 0.012605 0.044534 0.045944 
0.013311 0.045674 0.108704 0.218190 0.009210 0.170730 0.000001 0.076187 0.328704 0.029291 
0.104895 0.029007 0.276116 0.027204 0.015844 0.354800 0.000001 0.049573 0.061613 0.080947 
0.288681 0.123469 0.359548 0.029203 0.058787 0.057060 0.000001 0.052193 0.029249 0.001808 
0.149914 0.013382 0.111420 0.007485 0.032775 0.177327 0.028705 0.030112 0.412801 0.036078 
0.031258 0.010829 0.113413 0.003103 0.026798 0.044532 0.037224 0.006659 0.608888 0.117296 
0.063412 0.026322 0.135784 0.036263 0.013233 0.310747 0.064167 0.038330 0.311126 0.000617 
0.030949 0.102397 0.081357 0.522148 0.011745 0.009174 0.000001 0.005838 0.209457 0.026933 
0.682817 0.140709 0.117887 0.000010 0.003172 0.018510 0.017904 0.005884 0.004014 0.009093 
0.065363 0.207890 0.012294 0.000041 0.009267 0.029397 0.059789 0.002985 0.602049 0.010924 
0.028840 0.126519 0.079067 0.104571 0.029323 0.073580 0.000001 0.084328 0.100700 0.373072 
0.622286 0.138085 0.049600 0.000008 0.001610 0.027741 0.000001 0.000123 0.115684 0.044861 
0.205613 0.158914 0.140296 0.022653 0.059865 0.345009 0.023814 0.039112 0.003537 0.001186 
0.120181 0.356862 0.104682 0.034170 0.010367 0.294700 0.000001 0.026803 0.028266 0.023968 
0.059004 0.030474 0.191295 0.000091 0.067011 0.431919 0.000001 0.027648 0.134166 0.058392 
0.497247 0.153355 0.090500 0.034728 0.026968 0.116064 0.027637 0.016193 0.004479 0.032829 
0.142175 0.028712 0.092426 0.004389 0.036066 0.348300 0.042163 0.152574 0.144826 0.008368 
0.275389 0.146623 0.124826 0.007485 0.003582 0.210253 0.030496 0.146158 0.013629 0.041559 
0.018881 0.364965 0.062916 0.016163 0.011783 0.091322 0.170960 0.195875 0.057858 0.009277 
0.017149 0.042053 0.069233 0.003807 0.070581 0.419681 0.016548 0.028852 0.299309 0.032787 
0.060251 0.033933 0.033668 0.400449 0.000961 0.022596 0.016250 0.002987 0.395890 0.033013 
0.258499 0.003429 0.051605 0.000023 0.001950 0.316183 0.011986 0.012321 0.090325 0.253679 
0.200195 0.016144 0.024114 0.000020 0.011180 0.004421 0.036928 0.000109 0.699303 0.007587 
0.323819 0.038129 0.168344 0.016619 0.042692 0.144871 0.000001 0.015603 0.241350 0.008571 
0.014025 0.513679 0.014726 0.043980 0.025937 0.221740 0.089189 0.027573 0.029820 0.019331 
0.221448 0.065396 0.114415 0.000043 0.000568 0.132101 0.027711 0.369643 0.002234 0.066442 
0.817780 0.021168 0.009866 0.000041 0.010148 0.008127 0.057257 0.008183 0.048597 0.018833 
0.178626 0.188180 0.064216 0.011927 0.011428 0.054990 0.037612 0.012665 0.211283 0.229073 
0.163812 0.016673 0.018102 0.000094 0.104962 0.083036 0.033600 0.000097 0.523333 0.056290 
0.034143 0.007965 0.042487 0.008211 0.293305 0.410863 0.000001 0.012970 0.139379 0.050676 
0.013768 0.008576 0.048855 0.014142 0.555069 0.304478 0.006659 0.018488 0.020878 0.009087 
0.067966 0.063797 0.063098 0.014734 0.060645 0.045317 0.000001 0.014316 0.335027 0.335101 
0.037049 0.019978 0.616248 0.005893 0.049770 0.117923 0.000001 0.139957 0.009121 0.004059 
0.048570 0.171272 0.109559 0.117452 0.016543 0.440620 0.000001 0.021050 0.033735 0.041198 
0.092817 0.043753 0.214702 0.014751 0.017801 0.249972 0.000001 0.027044 0.298476 0.040684 
0.076278 0.054208 0.118810 0.006538 0.000938 0.131204 0.012013 0.356939 0.031416 0.211657 
0.093917 0.049592 0.052581 0.072443 0.105069 0.012551 0.036794 0.057761 0.418677 0.100615 
0.049316 0.011267 0.107352 0.013233 0.332980 0.165306 0.000001 0.000117 0.314841 0.005588 
0.228436 0.020993 0.385952 0.003368 0.062828 0.026720 0.000001 0.013900 0.239085 0.018717 
0.146851 0.017446 0.375569 0.188776 0.025662 0.194999 0.000001 0.021337 0.027492 0.001867 
0.080975 0.007136 0.088791 0.005585 0.065573 0.127405 0.000001 0.031613 0.497170 0.095751 
0.064602 0.025781 0.223128 0.007502 0.043901 0.289170 0.024883 0.061141 0.199831 0.060059 
0.670269 0.234886 0.023275 0.000028 0.000570 0.028804 0.033365 0.000180 0.002038 0.006586 
0.022448 0.028169 0.031301 0.010857 0.011485 0.051501 0.778747 0.000147 0.062175 0.003169 
0.066774 0.004723 0.062873 0.000788 0.038423 0.087746 0.382941 0.021878 0.307098 0.026756 
0.824156 0.075132 0.008050 0.000035 0.006456 0.002462 0.000001 0.000229 0.067075 0.016405 
0.187694 0.175282 0.062057 0.000061 0.041370 0.080197 0.031291 0.000170 0.022041 0.399838 
0.026519 0.058108 0.071516 0.304156 0.178474 0.312669 0.000001 0.008839 0.034843 0.004876 
0.032268 0.011879 0.155840 0.024717 0.027056 0.214409 0.000001 0.002780 0.463452 0.067598 
0.026310 0.187704 0.000656 0.739067 0.005482 0.011449 0.009020 0.002094 0.014556 0.003663 
0.039056 0.181089 0.035614 0.165021 0.008407 0.029733 0.480895 0.012946 0.036349 0.010891 
0.736832 0.003445 0.015120 0.010817 0.011109 0.043083 0.000001 0.000088 0.098656 0.080849 
0.694913 0.053443 0.025606 0.011735 0.012112 0.117904 0.000001 0.000119 0.083593 0.000574 
0.175604 0.049103 0.152488 0.000045 0.013026 0.107010 0.047081 0.015556 0.430389 0.009698 
0.016477 0.528601 0.035022 0.004009 0.036579 0.230393 0.065313 0.019228 0.045737 0.018643 
0.068708 0.024738 0.180015 0.003481 0.132959 0.218091 0.000001 0.048235 0.135160 0.188613 
0.028136 0.025549 0.188789 0.006575 0.329594 0.136989 0.133749 0.001509 0.139618 0.009493 
0.085144 0.139099 0.035403 0.000049 0.055686 0.429822 0.050545 0.024257 0.169817 0.010179 
0.055871 0.629536 0.022956 0.009475 0.149274 0.062483 0.000001 0.024846 0.022725 0.022833 
0.020266 0.221089 0.017280 0.008069 0.310063 0.135499 0.000001 0.043860 0.132345 0.111527 
0.300943 0.114040 0.176531 0.014647 0.025937 0.031443 0.000001 0.011429 0.030672 0.294357 
0.034877 0.011492 0.114154 0.023980 0.000630 0.168557 0.000001 0.511477 0.133318 0.001513 
0.101173 0.014734 0.207947 0.008509 0.111288 0.434028 0.009192 0.012816 0.077734 0.022580 
0.025423 0.612899 0.030883 0.000054 0.115933 0.033653 0.000001 0.014960 0.134395 0.031798 
0.164743 0.023858 0.213193 0.016592 0.061392 0.387174 0.000001 0.040031 0.047393 0.045623 
0.017079 0.023966 0.178835 0.000082 0.021349 0.038759 0.014027 0.017966 0.679098 0.008840 
0.085524 0.018464 0.235080 0.014689 0.043257 0.397090 0.000001 0.104206 0.042208 0.059481 
0.151973 0.052288 0.300047 0.015596 0.047424 0.268099 0.016871 0.051122 0.017477 0.079102 
0.047104 0.012503 0.665701 0.014818 0.048339 0.144009 0.000001 0.047078 0.015159 0.005287 
0.308745 0.092138 0.382658 0.000030 0.131909 0.046851 0.025799 0.011025 0.000585 0.000261 
0.034411 0.074455 0.208069 0.004894 0.019745 0.275519 0.227521 0.015549 0.037285 0.102553 
0.045504 0.002650 0.158101 0.027333 0.153468 0.262862 0.000001 0.089804 0.205715 0.054562 
0.039144 0.012409 0.235272 0.010853 0.466024 0.173484 0.000001 0.000252 0.014779 0.047782 
0.088522 0.009533 0.362959 0.009162 0.014927 0.164394 0.009422 0.009916 0.328616 0.002549 
0.108012 0.020773 0.067547 0.000031 0.027291 0.008559 0.035655 0.000121 0.730260 0.001751 
0.088770 0.048205 0.070654 0.149416 0.024118 0.141382 0.000001 0.008908 0.280297 0.188249 
0.029665 0.032208 0.095023 0.106293 0.050591 0.378363 0.011383 0.090414 0.038410 0.167649 
0.380339 0.100141 0.116974 0.000031 0.013247 0.102612 0.063472 0.200974 0.002969 0.019241 
0.069252 0.025228 0.018010 0.042109 0.027993 0.027868 0.067205 0.013087 0.702601 0.006648 
0.080120 0.026119 0.207821 0.106687 0.025586 0.315119 0.000001 0.156312 0.041983 0.040253 
0.206161 0.489754 0.025447 0.185949 0.001128 0.034612 0.004373 0.014284 0.028611 0.009681 
0.001459 0.019560 0.073333 0.003574 0.114213 0.694850 0.000001 0.022430 0.027647 0.042933 
0.023361 0.004565 0.035749 0.012858 0.690743 0.166140 0.027106 0.000121 0.030125 0.009233 
0.060877 0.240936 0.030746 0.000064 0.286638 0.078021 0.000001 0.000097 0.272222 0.030398 
0.067436 0.170541 0.205737 0.007215 0.021850 0.176584 0.000001 0.018292 0.202281 0.130063 
0.014024 0.088490 0.045328 0.677278 0.027613 0.052066 0.046893 0.011852 0.025398 0.011059 
0.061478 0.156012 0.054948 0.021994 0.480378 0.133055 0.000001 0.000074 0.028098 0.063961 
0.038208 0.137347 0.045582 0.018980 0.072478 0.546822 0.000001 0.027710 0.080177 0.032694 
0.158173 0.017720 0.026014 0.000030 0.011905 0.031754 0.043317 0.006878 0.632263 0.071947 
0.046686 0.008647 0.157933 0.012688 0.037361 0.145874 0.000001 0.251888 0.202736 0.136186 
0.283049 0.019920 0.144774 0.018838 0.152553 0.208313 0.000001 0.006010 0.113258 0.053283 
0.037277 0.009595 0.191491 0.005907 0.078314 0.209427 0.000001 0.384883 0.033157 0.049947 
0.168693 0.017761 0.016518 0.009712 0.608991 0.155796 0.010511 0.000087 0.005407 0.006524 
0.089044 0.097140 0.073029 0.000046 0.095579 0.534001 0.000001 0.034419 0.021969 0.054771 
0.476688 0.290875 0.039649 0.000044 0.010952 0.036271 0.000001 0.010642 0.039609 0.095268 
0.060663 0.012492 0.636518 0.002125 0.055428 0.078491 0.113693 0.013311 0.020484 0.006797 
0.207690 0.220091 0.080121 0.036926 0.011496 0.332348 0.000001 0.030154 0.043934 0.037239 
0.087553 0.006479 0.218627 0.007339 0.060419 0.313252 0.009509 0.032222 0.237818 0.026783 
0.047437 0.125049 0.599100 0.085288 0.028574 0.074717 0.000001 0.002722 0.036755 0.000357 
0.276118 0.576706 0.012080 0.000037 0.000926 0.021685 0.012554 0.000100 0.095754 0.004040 
0.103944 0.684409 0.034957 0.000057 0.005431 0.062145 0.000001 0.000101 0.069999 0.038955 
0.052053 0.684214 0.166979 0.015225 0.000753 0.038272 0.000001 0.004900 0.003085 0.034518 
0.247018 0.077941 0.124630 0.026612 0.058882 0.347436 0.025963 0.039765 0.009467 0.042286 
0.639517 0.003918 0.042659 0.000044 0.002485 0.058089 0.038790 0.148761 0.050361 0.015375 
0.048817 0.001511 0.108998 0.004922 0.024887 0.603649 0.000001 0.026819 0.138806 0.041589 
0.174058 0.007400 0.027827 0.000004 0.007742 0.001688 0.045030 0.000082 0.734968 0.001202 
0.031090 0.191662 0.051072 0.545585 0.001682 0.063291 0.000001 0.083938 0.024561 0.007117 
0.016563 0.072328 0.048957 0.198185 0.044306 0.333921 0.242601 0.003734 0.038620 0.000785 
0.268876 0.040549 0.148018 0.032079 0.011140 0.185440 0.014130 0.108144 0.154478 0.037146 
0.023691 0.009506 0.106528 0.005756 0.005350 0.612096 0.018168 0.107049 0.083622 0.028235 
0.558751 0.138860 0.071801 0.016546 0.009584 0.028628 0.127688 0.000160 0.011965 0.036017 
0.033864 0.015272 0.105562 0.009151 0.071108 0.314321 0.000001 0.139617 0.261777 0.049327 
0.074422 0.046904 0.033816 0.074309 0.032119 0.042633 0.000001 0.003862 0.541313 0.150621 
0.077487 0.027016 0.089285 0.007197 0.096762 0.526659 0.000001 0.015480 0.128990 0.031124 
0.050215 0.005512 0.169860 0.016026 0.068625 0.162918 0.000001 0.047747 0.280768 0.198326 
0.034487 0.471583 0.189283 0.061361 0.145217 0.059116 0.011299 0.000105 0.014094 0.013455 
0.080660 0.009120 0.099721 0.000067 0.026842 0.005602 0.051807 0.000090 0.605702 0.120389 
0.067243 0.169526 0.106305 0.090347 0.043171 0.293979 0.000001 0.025899 0.042172 0.161358 
0.054624 0.050884 0.103231 0.003806 0.128772 0.053165 0.000001 0.006303 0.410776 0.188438 
0.029253 0.178319 0.381423 0.010041 0.107056 0.188486 0.052375 0.014406 0.026791 0.011851 
0.145917 0.171915 0.134816 0.008011 0.165641 0.046272 0.038102 0.000107 0.180940 0.108279 
0.310499 0.105977 0.305039 0.000022 0.026718 0.033833 0.044741 0.008884 0.135598 0.028690 
0.046507 0.363927 0.004108 0.018393 0.115308 0.148184 0.011446 0.000118 0.288855 0.003153 
0.034182 0.631721 0.027335 0.019166 0.049600 0.085687 0.006291 0.044795 0.080643 0.020581 
0.124491 0.017204 0.107207 0.047607 0.035415 0.563291 0.000001 0.061366 0.016821 0.026598 
0.160209 0.111045 0.048664 0.000037 0.010957 0.008087 0.029008 0.006796 0.547609 0.077587 
0.064812 0.142566 0.501516 0.000049 0.112500 0.125829 0.000001 0.019746 0.031853 0.001128 
0.018417 0.187097 0.072447 0.023780 0.011358 0.246428 0.280251 0.017464 0.069383 0.073376 
0.431006 0.024918 0.043363 0.000041 0.106190 0.041581 0.000001 0.006460 0.154277 0.192162 
0.137431 0.053641 0.134448 0.015840 0.012135 0.417587 0.000001 0.117682 0.109937 0.001297 
0.053209 0.050828 0.164236 0.072407 0.008142 0.122952 0.000001 0.004594 0.463078 0.060552 
0.074412 0.027981 0.163533 0.007530 0.030554 0.214971 0.012939 0.287867 0.108759 0.071454 
0.078220 0.009872 0.077775 0.040652 0.194933 0.217867 0.000001 0.009305 0.307431 0.063945 
0.030412 0.019145 0.099739 0.008079 0.314767 0.092124 0.000001 0.000166 0.433616 0.001950 
0.531640 0.157175 0.067487 0.000013 0.009034 0.030548 0.030447 0.000101 0.074415 0.099140 
0.010807 0.073560 0.033557 0.374223 0.075129 0.374766 0.000001 0.002654 0.021753 0.033550 
0.516959 0.003366 0.211893 0.004950 0.003855 0.045548 0.000001 0.045336 0.142169 0.025923 
0.102291 0.066124 0.131750 0.002445 0.027560 0.107545 0.042906 0.000118 0.259383 0.259877 
0.028816 0.722969 0.008567 0.006131 0.011653 0.008682 0.000001 0.000079 0.097106 0.115996 
0.171614 0.015227 0.473253 0.020015 0.048993 0.140368 0.000001 0.027736 0.102173 0.000620 
0.025166 0.011026 0.112494 0.003729 0.063570 0.351074 0.124699 0.251291 0.026425 0.030526 
0.028555 0.050415 0.013962 0.014352 0.748711 0.126669 0.000001 0.000082 0.004893 0.012360 
0.012829 0.023967 0.045178 0.000110 0.000634 0.008236 0.659665 0.000110 0.242027 0.007246 
0.351026 0.191925 0.088254 0.050185 0.015975 0.121842 0.008836 0.022531 0.057383 0.092043 
0.055310 0.017074 0.167191 0.002723 0.076958 0.168119 0.013305 0.046294 0.443378 0.009649 
0.088065 0.142508 0.030748 0.617356 0.018960 0.051973 0.013588 0.005159 0.005946 0.025696 
0.063249 0.100762 0.063194 0.006963 0.014924 0.093197 0.007214 0.022413 0.059239 0.568846 
0.071429 0.029241 0.123204 0.190141 0.071826 0.155747 0.000001 0.034402 0.284387 0.039623 
0.242363 0.123218 0.089952 0.041764 0.060458 0.306883 0.000001 0.023415 0.044702 0.067244 
0.027822 0.029391 0.050267 0.008445 0.036924 0.550257 0.009982 0.023644 0.207918 0.055351 
0.027739 0.139574 0.020070 0.066297 0.504878 0.078479 0.016087 0.027268 0.113111 0.006496 
0.047538 0.025090 0.077366 0.000064 0.082644 0.351766 0.000001 0.016976 0.199279 0.199275 
0.027840 0.024474 0.102302 0.050014 0.055844 0.501569 0.000001 0.016636 0.190770 0.030549 
0.114900 0.292102 0.085718 0.195361 0.019541 0.070908 0.000001 0.065048 0.124711 0.031710 
0.317014 0.020581 0.106043 0.005843 0.001202 0.143405 0.000001 0.239545 0.049126 0.117240 
0.082599 0.023102 0.220865 0.000070 0.018581 0.051941 0.007296 0.093733 0.347500 0.154313 
0.075210 0.013244 0.064407 0.017710 0.273333 0.113950 0.000001 0.007506 0.052146 0.382493 
0.625435 0.224006 0.017419 0.008964 0.019849 0.036406 0.000001 0.006235 0.049206 0.012479 
0.047505 0.023159 0.165269 0.047819 0.011986 0.076379 0.412602 0.073616 0.079390 0.062275 
0.039635 0.031264 0.175884 0.052422 0.019131 0.484512 0.000001 0.018625 0.121226 0.057299 
0.033044 0.045899 0.107974 0.084037 0.015876 0.083706 0.339059 0.022523 0.164675 0.103207 
0.008463 0.042612 0.101724 0.062870 0.076450 0.613430 0.008365 0.014535 0.058112 0.013439 
0.026514 0.050730 0.072593 0.114382 0.198085 0.135352 0.007015 0.000120 0.351174 0.044035 
0.039609 0.436007 0.055566 0.051778 0.019319 0.010608 0.000001 0.011675 0.180467 0.194969 
0.038173 0.012589 0.328642 0.006456 0.202415 0.049407 0.000001 0.012562 0.192954 0.156801 
0.409572 0.020982 0.014975 0.000024 0.009675 0.017316 0.015530 0.000084 0.510961 0.000881 
0.041851 0.021480 0.097432 0.095924 0.000999 0.106789 0.000001 0.234721 0.276342 0.124462 
0.130529 0.043312 0.121894 0.053929 0.031719 0.540016 0.000001 0.043168 0.018101 0.017332 
0.292281 0.015876 0.059682 0.038182 0.137419 0.387952 0.000001 0.019449 0.031886 0.017272 
0.079085 0.068613 0.024651 0.239632 0.009225 0.018391 0.402848 0.018005 0.017837 0.121714 
0.070644 0.009547 0.142820 0.000096 0.000898 0.107271 0.011792 0.285034 0.336861 0.035037 
0.072118 0.020916 0.091039 0.000058 0.034884 0.051947 0.031900 0.084912 0.611507 0.000718 
0.161475 0.036930 0.131195 0.015559 0.012733 0.080346 0.021501 0.004819 0.407726 0.127717 
