-1936249.986519
0
0.000000 0.000000 0.000000 0.000000 0.000000 0.000000 0.000000 0.000000 0.000001 0.000000 0.000000 0.000000 0.001552 0.000313 0.000678 0.003361 0.000000 0.000000 0.000000 0.000000 0.000000 0.000000 0.001015 0.000000 0.000770 0.000426 0.000000 0.000000 0.000000 0.000000 0.001023 0.000000 0.082305 0.098266 0.025667 0.077087 0.000000 0.000543 0.000000 0.001624 0.000000 0.000000 0.000000 0.003533 0.000000 0.001734 0.000000 0.000702 0.000000 0.000000 0.000000 0.000000 0.000000 0.000626 0.000000 0.000000 0.000000 0.010899 0.000000 0.013345 0.000000 0.000000 0.000000 0.000857 0.000000 0.000000 0.000000 0.008565 0.000000 0.000000 0.001861 0.000422 0.000000 0.000003 0.000000 0.000000 0.000000 0.001326 0.000336 0.000000 0.121030 0.323195 0.121298 0.077105 0.000507 0.001356 0.000385 0.005312 0.001972 0.000000 0.002074 0.002349 0.000000 0.000711 0.001355 0.002508 
0.000977 0.000000 0.000000 0.008617 0.000654 0.000000 0.000000 0.000000 0.000001 0.000000 0.009536 0.004219 0.000000 0.000000 0.000000 0.000000 0.000000 0.003886 0.000000 0.001901 0.000000 0.005269 0.002834 0.013033 0.003537 0.000000 0.000000 0.012909 0.000000 0.000222 0.000000 0.000000 0.000002 0.000000 0.010253 0.001577 0.000000 0.000000 0.000000 0.000506 0.000000 0.000000 0.000000 0.001441 0.000904 0.000542 0.003254 0.019341 0.001873 0.000522 0.000000 0.006269 0.000000 0.000000 0.000000 0.000000 0.000000 0.002296 0.021344 0.011079 0.000000 0.000000 0.000000 0.000000 0.004803 0.009055 0.003165 0.013476 0.000000 0.002483 0.000000 0.001236 0.042628 0.010801 0.002002 0.346727 0.000000 0.000000 0.000000 0.000000 0.000000 0.020878 0.237525 0.038357 0.000000 0.000000 0.000000 0.002233 0.001539 0.010973 0.007496 0.008975 0.003672 0.009835 0.001603 0.071736 
0.002611 0.008364 0.000000 0.000000 0.000000 0.001199 0.000000 0.002243 0.040498 0.009431 0.223673 0.010868 0.000000 0.000000 0.000000 0.006946 0.008416 0.001454 0.012471 0.003067 0.000000 0.003753 0.000000 0.002930 0.005290 0.018628 0.005907 0.015784 0.000000 0.000000 0.000000 0.000000 0.014640 0.008339 0.156934 0.007342 0.000000 0.000000 0.000000 0.001093 0.000000 0.000000 0.016234 0.001278 0.000000 0.002835 0.003680 0.001943 0.004960 0.004076 0.002059 0.000000 0.000000 0.002721 0.000000 0.000000 0.045810 0.037923 0.145933 0.024456 0.000000 0.000540 0.000000 0.000000 0.004595 0.000000 0.000541 0.003791 0.000000 0.000000 0.000000 0.000000 0.006295 0.005103 0.000000 0.000000 0.000000 0.000000 0.000000 0.000000 0.000000 0.000000 0.094366 0.000000 0.000000 0.000000 0.000000 0.000000 0.003738 0.000000 0.009881 0.000000 0.000000 0.000000 0.001600 0.003762 
0.000000 0.000000 0.000000 0.000000 0.000000 0.000000 0.000000 0.001103 0.023971 0.119136 0.000000 0.066684 0.000000 0.000000 0.001186 0.000000 0.000000 0.001459 0.000000 0.000000 0.000000 0.000000 0.000000 0.000000 0.000000 0.000410 0.000387 0.000000 0.000000 0.000000 0.000788 0.000000 0.035029 0.164659 0.009939 0.085245 0.000000 0.000472 0.000000 0.000000 0.000000 0.000000 0.000000 0.001020 0.000000 0.000000 0.001202 0.000877 0.000000 0.000377 0.000000 0.000000 0.000000 0.000000 0.000000 0.000000 0.027922 0.096359 0.000417 0.055287 0.000000 0.000000 0.000000 0.000000 0.000000 0.000571 0.000739 0.001735 0.000000 0.000000 0.001171 0.000000 0.000000 0.002263 0.000000 0.000000 0.000000 0.001216 0.000000 0.000000 0.023149 0.175267 0.002554 0.095862 0.000000 0.000000 0.000000 0.000000 0.000000 0.001165 0.000000 0.000000 0.000000 0.000000 0.000000 0.000377 
0.000000 0.001082 0.000000 0.000000 0.004716 0.000379 0.000000 0.005454 0.001218 0.000000 0.000000 0.000000 0.000899 0.001233 0.000000 0.000900 0.000000 0.000000 0.000000 0.000000 0.000000 0.000267 0.000000 0.000000 0.000000 0.000000 0.000000 0.000000 0.006992 0.001525 0.000411 0.007193 0.001915 0.000000 0.000000 0.000005 0.000000 0.000000 0.000000 0.000000 0.000000 0.000000 0.000000 0.000000 0.000000 0.000000 0.000000 0.000000 0.000000 0.000994 0.000000 0.000000 0.000699 0.001381 0.000000 0.003414 0.000000 0.000000 0.000000 0.000005 0.000000 0.000273 0.000000 0.000000 0.000000 0.000612 0.000000 0.000385 0.000000 0.000614 0.000000 0.000000 0.056013 0.019260 0.002298 0.017704 0.316548 0.080794 0.011148 0.378521 0.070359 0.004196 0.000000 0.000000 0.000000 0.000000 0.000000 0.000000 0.000589 0.000000 0.000000 0.000000 0.000000 0.000000 0.000000 0.000000 
0.002102 0.000000 0.000000 0.000000 0.002271 0.001071 0.000000 0.001762 0.008605 0.000000 0.000000 0.000506 0.006071 0.007643 0.003217 0.004383 0.061247 0.038824 0.065964 0.029493 0.000000 0.001726 0.001372 0.002868 0.008486 0.004772 0.003371 0.000000 0.000604 0.000899 0.000000 0.000000 0.021994 0.002892 0.003198 0.016620 0.000000 0.007422 0.000000 0.002303 0.038723 0.045651 0.057391 0.038704 0.000000 0.005273 0.004149 0.006892 0.001873 0.004930 0.000000 0.000000 0.000000 0.000000 0.000000 0.000000 0.016724 0.006532 0.000000 0.012145 0.000000 0.004301 0.000000 0.001091 0.071623 0.032671 0.051126 0.046731 0.000000 0.000000 0.000000 0.003091 0.001068 0.006583 0.002420 0.000000 0.003180 0.002422 0.000000 0.000000 0.003782 0.000000 0.000000 0.000000 0.006201 0.014502 0.002660 0.006036 0.058878 0.040969 0.039793 0.042751 0.000000 0.003577 0.000000 0.003873 
0.000000 0.000000 0.000000 0.024513 0.000000 0.000000 0.000381 0.000000 0.018826 0.018670 0.016329 0.014521 0.000000 0.005619 0.000000 0.004167 0.000909 0.003777 0.000000 0.001179 0.000000 0.000000 0.000764 0.004047 0.008479 0.009978 0.000941 0.110754 0.000000 0.000000 0.000000 0.000000 0.000001 0.000000 0.000000 0.008033 0.000297 0.004395 0.000000 0.000000 0.000000 0.003215 0.000000 0.000000 0.000000 0.002251 0.000000 0.008622 0.000000 0.013244 0.000000 0.069386 0.000535 0.000000 0.000000 0.000829 0.064540 0.130269 0.180183 0.086471 0.000000 0.003785 0.001308 0.002330 0.009410 0.037343 0.013323 0.007531 0.000000 0.003245 0.003157 0.013720 0.000000 0.012277 0.001191 0.037380 0.000000 0.001107 0.000000 0.000000 0.007091 0.013713 0.000000 0.005605 0.000000 0.000000 0.000000 0.000000 0.000000 0.006288 0.000000 0.000287 0.000000 0.001418 0.000000 0.002365 
0.008066 0.002075 0.000000 0.003618 0.000000 0.000000 0.000000 0.000646 0.004537 0.000000 0.005249 0.000651 0.014854 0.003863 0.007144 0.023059 0.028190 0.006998 0.012391 0.029596 0.053920 0.009274 0.006159 0.031797 0.005543 0.000000 0.000000 0.000000 0.000000 0.000000 0.000000 0.000000 0.005216 0.000000 0.003445 0.001641 0.006510 0.000784 0.003096 0.000000 0.014929 0.004867 0.011034 0.039040 0.036876 0.007843 0.014264 0.084704 0.014662 0.005207 0.000000 0.005038 0.000000 0.001372 0.000000 0.003741 0.000000 0.000000 0.000000 0.003655 0.003191 0.000875 0.002038 0.000000 0.000000 0.006100 0.001778 0.009138 0.015326 0.000000 0.001893 0.026824 0.032900 0.000408 0.000000 0.044158 0.000000 0.000000 0.000000 0.000000 0.000000 0.000000 0.000000 0.000169 0.031843 0.000000 0.021196 0.012570 0.011765 0.011370 0.005067 0.042385 0.078211 0.011233 0.011199 0.092808 
0.038834 0.032326 0.001797 0.030045 0.023116 0.012365 0.003895 0.022209 0.022432 0.004150 0.008982 0.023215 0.014905 0.013937 0.016191 0.023589 0.013032 0.007343 0.006386 0.025284 0.000000 0.000000 0.011095 0.002721 0.028691 0.017742 0.000000 0.019886 0.014144 0.012832 0.003422 0.021379 0.008856 0.000000 0.000000 0.018087 0.012041 0.018231 0.018925 0.030665 0.002387 0.010337 0.000000 0.007386 0.000000 0.003373 0.011028 0.000000 0.019228 0.014012 0.000000 0.018515 0.010086 0.008272 0.001221 0.014525 0.004089 0.000000 0.000000 0.006877 0.010973 0.008307 0.013199 0.020487 0.000000 0.002714 0.000000 0.006278 0.000000 0.002425 0.014286 0.004563 0.023891 0.016683 0.001853 0.031412 0.000000 0.010726 0.000844 0.009170 0.000000 0.000000 0.000000 0.007922 0.013937 0.011470 0.008352 0.029998 0.000655 0.005108 0.000000 0.008124 0.000000 0.004758 0.012832 0.004947 
0.000000 0.000000 0.000000 0.000000 0.000000 0.000410 0.000000 0.000000 0.007198 0.001400 0.000000 0.000000 0.000000 0.000000 0.000000 0.000000 0.000891 0.000000 0.000415 0.001268 0.000000 0.000000 0.000000 0.000000 0.000000 0.000000 0.000000 0.002577 0.000000 0.000000 0.000000 0.000000 0.014645 0.000000 0.003207 0.007378 0.000000 0.000500 0.000000 0.000000 0.000470 0.000000 0.000000 0.001297 0.000000 0.000000 0.000222 0.000000 0.000000 0.000000 0.000000 0.000000 0.000000 0.000000 0.000000 0.000000 0.005782 0.000000 0.000000 0.002126 0.000000 0.000000 0.000000 0.000198 0.000000 0.000000 0.000000 0.000001 0.000000 0.000000 0.000000 0.000085 0.013980 0.006258 0.002222 0.015094 0.040714 0.000000 0.001816 0.071577 0.434563 0.080527 0.047903 0.234611 0.000000 0.000000 0.000000 0.000000 0.000000 0.000660 0.000000 0.000000 0.000000 0.000000 0.000000 0.000000 
0.041760 0.034359 0.023599 0.026316 0.008798 0.003284 0.002438 0.002415 0.008745 0.001349 0.000000 0.000260 0.004099 0.002300 0.008024 0.000000 0.006005 0.000000 0.006791 0.000000 0.000000 0.000000 0.000000 0.000000 0.058457 0.077805 0.011703 0.056103 0.009721 0.008994 0.005672 0.008732 0.021791 0.009185 0.007936 0.016556 0.008188 0.010244 0.041763 0.009895 0.004484 0.000000 0.011236 0.004368 0.000000 0.000704 0.004089 0.001468 0.044613 0.049755 0.028221 0.029618 0.007664 0.010231 0.007050 0.005256 0.005254 0.000000 0.000000 0.002071 0.007374 0.005666 0.015270 0.002436 0.004440 0.000000 0.003093 0.000631 0.000000 0.000000 0.000000 0.000000 0.038071 0.068256 0.013451 0.043790 0.000000 0.011144 0.003455 0.000000 0.000000 0.000000 0.000000 0.001413 0.002852 0.004684 0.008659 0.000000 0.000950 0.000000 0.002810 0.000000 0.000000 0.000000 0.001228 0.000961 
0.357266 0.000000 0.104988 0.171769 0.029683 0.051036 0.055248 0.021728 0.076863 0.028926 0.102493 
0.000000 0.390616 0.041034 0.044404 0.021335 0.135025 0.076537 0.034023 0.155792 0.074209 0.027025 
0.235210 0.253353 0.067774 0.026069 0.000005 0.053430 0.233336 0.011177 0.010184 0.100047 0.009415 
0.349233 0.000000 0.055821 0.127495 0.009456 0.139256 0.042858 0.053681 0.189428 0.030181 0.002591 
0.000000 0.000000 0.384580 0.035648 0.027377 0.153992 0.164128 0.008983 0.073731 0.034038 0.117523 
0.000000 0.228101 0.095017 0.073863 0.000007 0.044574 0.299583 0.000160 0.065454 0.010322 0.182919 
0.000000 0.000000 0.121615 0.145913 0.094124 0.097862 0.075962 0.025249 0.347008 0.023030 0.069238 
0.000000 0.012209 0.083415 0.087854 0.008789 0.065523 0.215594 0.336714 0.089319 0.057922 0.042662 
0.000000 0.000000 0.001816 0.056909 0.014108 0.029845 0.018427 0.006286 0.159167 0.006507 0.706934 
0.096916 0.000000 0.026951 0.044733 0.049434 0.369688 0.146678 0.005130 0.053156 0.025260 0.182054 
0.000000 0.000000 0.214315 0.238606 0.000009 0.044416 0.333206 0.010645 0.118642 0.020031 0.020130 
0.440812 0.000000 0.010961 0.079646 0.016194 0.122892 0.019636 0.082329 0.194279 0.020596 0.012656 
0.052235 0.000000 0.404715 0.081039 0.044046 0.071936 0.205404 0.015570 0.009155 0.024432 0.091470 
0.000000 0.000000 0.159816 0.034764 0.007069 0.102376 0.482359 0.016802 0.166929 0.013382 0.016503 
0.000000 0.000000 0.023333 0.044852 0.025690 0.508635 0.060833 0.105157 0.146597 0.035753 0.049150 
0.041271 0.000000 0.306465 0.032818 0.000007 0.073668 0.195408 0.024542 0.269231 0.011242 0.045349 
0.000000 0.172466 0.025544 0.038660 0.006748 0.084892 0.184323 0.071689 0.105319 0.035851 0.274510 
0.000000 0.000000 0.071770 0.031615 0.103749 0.123158 0.221243 0.312499 0.105464 0.029119 0.001383 
0.000000 0.000000 0.127830 0.406661 0.000005 0.050765 0.100704 0.087906 0.131570 0.026204 0.068355 
0.000000 0.000000 0.081466 0.212516 0.005209 0.081894 0.316420 0.012327 0.230009 0.047756 0.012403 
0.055539 0.000000 0.033360 0.617591 0.035569 0.015303 0.104335 0.000117 0.072860 0.055626 0.009701 
0.007160 0.000000 0.058449 0.010652 0.006014 0.141990 0.103946 0.416853 0.210603 0.012322 0.032011 
0.028422 0.000000 0.038803 0.035763 0.000003 0.210259 0.064405 0.000171 0.144334 0.024734 0.453105 
0.529368 0.000000 0.002686 0.178799 0.000007 0.019501 0.005666 0.000135 0.008941 0.254144 0.000753 
0.000000 0.616887 0.114458 0.030475 0.006926 0.073650 0.078373 0.033129 0.024774 0.020064 0.001263 
0.000000 0.000000 0.045401 0.870208 0.000008 0.011421 0.019423 0.014808 0.014962 0.016385 0.007385 
0.000000 0.000000 0.023883 0.048543 0.023764 0.073173 0.121879 0.036434 0.412834 0.005998 0.253492 
0.381423 0.000000 0.057202 0.122718 0.000007 0.046998 0.185821 0.049327 0.012460 0.132083 0.011959 
0.187216 0.000000 0.185191 0.080659 0.021360 0.099196 0.127784 0.019439 0.235905 0.015239 0.028011 
0.000000 0.009246 0.312880 0.090732 0.080539 0.150194 0.003797 0.065597 0.240315 0.035109 0.011591 
0.029940 0.013738 0.019737 0.021739 0.020348 0.050977 0.031928 0.030824 0.430413 0.257467 0.092889 
0.000000 0.000000 0.109717 0.530484 0.052377 0.032470 0.080163 0.016513 0.113383 0.045875 0.019018 
0.000000 0.000000 0.294783 0.060400 0.005747 0.115311 0.477863 0.007377 0.032953 0.004605 0.000960 
0.000000 0.000000 0.017357 0.055567 0.301763 0.167869 0.076168 0.164803 0.112168 0.096446 0.007859 
0.000000 0.000000 0.013612 0.117925 0.361047 0.086411 0.016036 0.022492 0.162666 0.200219 0.019593 
0.000000 0.032547 0.047767 0.422916 0.000009 0.043913 0.132353 0.004018 0.071071 0.023830 0.221577 
0.000000 0.000000 0.103439 0.048812 0.239602 0.090725 0.415277 0.000125 0.024602 0.051772 0.025645 
0.092626 0.235282 0.071761 0.031243 0.093133 0.040302 0.157584 0.009430 0.017080 0.249392 0.002168 
0.000000 0.013102 0.063789 0.436184 0.000006 0.072303 0.176319 0.030840 0.130074 0.038990 0.038393 
0.000000 0.000000 0.016308 0.041103 0.000006 0.572743 0.132152 0.018251 0.058124 0.027048 0.134265 
0.004526 0.013234 0.311074 0.077678 0.001826 0.045694 0.079757 0.013045 0.099180 0.037862 0.316122 
0.000000 0.000000 0.031072 0.033937 0.000007 0.158714 0.001170 0.202449 0.119540 0.446254 0.006858 
0.047488 0.015977 0.107383 0.297856 0.000007 0.226054 0.223108 0.006584 0.066457 0.007053 0.002033 
0.000000 0.012075 0.104326 0.071711 0.000010 0.104819 0.367052 0.151024 0.115181 0.014008 0.059794 
0.000000 0.000000 0.386021 0.066518 0.000010 0.084418 0.038651 0.098644 0.134495 0.031653 0.159591 
0.000000 0.060439 0.049664 0.027100 0.015867 0.064872 0.058349 0.055947 0.575781 0.010059 0.081921 
0.000000 0.000000 0.085636 0.108277 0.000009 0.229224 0.501423 0.000171 0.049767 0.005013 0.020480 
0.000000 0.000000 0.083178 0.369337 0.008725 0.243316 0.164540 0.018145 0.093172 0.011573 0.008015 
0.521492 0.000000 0.015743 0.050168 0.224801 0.018148 0.011335 0.009759 0.042706 0.090493 0.015356 
0.000000 0.483216 0.016845 0.088954 0.012764 0.076757 0.002450 0.015330 0.260506 0.018800 0.024379 
0.000000 0.011478 0.105950 0.068775 0.200033 0.056728 0.300378 0.041496 0.154677 0.038009 0.022476 
0.000000 0.000000 0.273340 0.045433 0.000006 0.090235 0.181284 0.033803 0.093237 0.265302 0.017360 
0.071281 0.000000 0.010502 0.014503 0.545818 0.017636 0.025289 0.000139 0.045835 0.056990 0.212008 
0.000000 0.000000 0.051519 0.042287 0.000006 0.015603 0.087990 0.122768 0.173977 0.484706 0.021143 
0.093652 0.000000 0.096321 0.046479 0.015875 0.110083 0.053172 0.023424 0.486606 0.067216 0.007171 
0.000000 0.000000 0.067593 0.024305 0.000006 0.082341 0.007722 0.143854 0.271854 0.385191 0.017133 
0.000000 0.000000 0.044114 0.017304 0.000007 0.098577 0.044308 0.011894 0.351964 0.351591 0.080240 
0.000000 0.062180 0.083511 0.078779 0.052674 0.034282 0.457943 0.117613 0.078363 0.030218 0.004436 
0.000000 0.000000 0.034920 0.051347 0.046740 0.121805 0.249558 0.046558 0.398970 0.028401 0.021700 
0.019679 0.000000 0.050213 0.092800 0.018568 0.191239 0.047110 0.078691 0.433576 0.017095 0.051029 
0.626584 0.000000 0.020680 0.078875 0.000007 0.013580 0.038825 0.000177 0.052695 0.054487 0.114089 
0.000000 0.000000 0.024391 0.557088 0.000005 0.006993 0.016572 0.010761 0.172679 0.016458 0.195052 
0.009747 0.000000 0.028472 0.067921 0.069113 0.164485 0.022445 0.046515 0.343309 0.129165 0.118827 
0.000000 0.000000 0.101793 0.456692 0.000006 0.024839 0.072964 0.000123 0.040934 0.289338 0.013310 
0.160397 0.000000 0.032206 0.053466 0.000007 0.052436 0.002329 0.000144 0.083613 0.052196 0.563205 
0.405957 0.282522 0.000914 0.082440 0.000005 0.033525 0.017458 0.000267 0.006273 0.165576 0.005062 
0.000000 0.153046 0.039248 0.100864 0.000009 0.126315 0.050239 0.319621 0.090666 0.032024 0.087966 
0.000000 0.000000 0.074236 0.048805 0.000004 0.498924 0.115335 0.011823 0.038077 0.020593 0.192204 
0.000000 0.000000 0.191963 0.045023 0.077430 0.031002 0.017360 0.018282 0.098424 0.515937 0.004579 
0.000000 0.000000 0.031311 0.039194 0.008136 0.055417 0.062954 0.006841 0.137981 0.018290 0.639876 
0.021327 0.259961 0.036222 0.021978 0.005040 0.071942 0.052861 0.072085 0.363902 0.003522 0.091160 
0.000000 0.000000 0.032911 0.022584 0.023963 0.254671 0.067854 0.024687 0.463690 0.030778 0.078864 
0.000000 0.000000 0.125241 0.357295 0.131654 0.148767 0.111215 0.017622 0.062897 0.041528 0.003780 
0.029370 0.000000 0.263960 0.572955 0.000005 0.037981 0.018306 0.002912 0.041022 0.020926 0.012563 
0.052245 0.000000 0.153083 0.030093 0.011027 0.057950 0.031552 0.283073 0.118477 0.216880 0.045620 
0.000000 0.000000 0.008259 0.024331 0.054168 0.507771 0.017256 0.175931 0.146395 0.037338 0.028552 
0.000000 0.098140 0.100811 0.065339 0.002648 0.230631 0.056054 0.064307 0.312599 0.005322 0.064148 
0.082549 0.000000 0.040515 0.072960 0.003575 0.403371 0.027942 0.026990 0.299027 0.025929 0.017144 
0.000000 0.177405 0.022041 0.018424 0.619724 0.019558 0.008691 0.005740 0.010330 0.085238 0.032848 
0.000000 0.000000 0.252386 0.024882 0.009115 0.115267 0.183910 0.043919 0.227037 0.014157 0.129326 
0.000000 0.000000 0.028870 0.061162 0.009627 0.085153 0.011207 0.078456 0.187600 0.001300 0.536624 
0.044387 0.000000 0.086692 0.054049 0.019473 0.163909 0.043622 0.073509 0.398231 0.094475 0.021653 
0.000000 0.009915 0.134421 0.043821 0.000009 0.045171 0.139583 0.049024 0.439361 0.023460 0.115235 
0.000000 0.000000 0.007389 0.034978 0.000006 0.001747 0.000612 0.000118 0.001590 0.948966 0.004595 
0.000000 0.000000 0.147710 0.021036 0.000009 0.088816 0.161261 0.032499 0.421840 0.041034 0.085795 
0.000000 0.000000 0.015285 0.044132 0.011639 0.025209 0.038515 0.004277 0.138051 0.001654 0.721238 
0.000000 0.006734 0.407273 0.029610 0.010989 0.103269 0.021342 0.040337 0.298295 0.018815 0.063336 
0.430537 0.000000 0.132613 0.182069 0.095136 0.031055 0.090279 0.000341 0.009994 0.009196 0.018779 
0.285726 0.000000 0.034540 0.067071 0.000007 0.093425 0.021556 0.330586 0.064694 0.031670 0.070725 
0.000000 0.000000 0.043375 0.026187 0.065090 0.300750 0.112512 0.274550 0.094317 0.020495 0.062723 
0.000000 0.154120 0.118876 0.074752 0.001859 0.138679 0.398358 0.013339 0.056986 0.001945 0.041087 
0.012039 0.000000 0.006510 0.067405 0.000008 0.492442 0.015554 0.204908 0.167352 0.017265 0.016517 
0.435402 0.053191 0.070288 0.090757 0.000004 0.029744 0.092811 0.015311 0.187771 0.004992 0.019729 
0.000000 0.000000 0.000381 0.028401 0.599995 0.159012 0.001727 0.000139 0.046323 0.095288 0.068736 
0.000000 0.042996 0.068454 0.592294 0.000006 0.020186 0.039552 0.029849 0.072886 0.113910 0.019867 
0.000000 0.000000 0.074849 0.045814 0.000010 0.051833 0.019890 0.054604 0.626639 0.019359 0.107002 
0.000000 0.010542 0.083518 0.043070 0.162120 0.119795 0.201452 0.025849 0.264907 0.057300 0.031447 
0.129303 0.221259 0.021219 0.065438 0.185209 0.028066 0.014681 0.000253 0.021937 0.220651 0.091985 
0.033333 0.000000 0.020418 0.049017 0.038847 0.014913 0.008512 0.034182 0.102249 0.574794 0.123735 
0.000000 0.000000 0.164435 0.060029 0.024737 0.109583 0.108381 0.035687 0.454902 0.018415 0.023830 
0.000000 0.017470 0.050364 0.096616 0.000007 0.220064 0.041322 0.085977 0.320053 0.108144 0.059982 
0.000000 0.100057 0.018482 0.162566 0.464218 0.115867 0.001895 0.014589 0.010064 0.093012 0.019250 
0.000000 0.000000 0.024431 0.059894 0.000009 0.271340 0.023324 0.030363 0.196014 0.019423 0.375202 
0.000000 0.000000 0.085168 0.051438 0.011852 0.046732 0.374480 0.112022 0.181960 0.105648 0.030701 
0.090860 0.000000 0.078300 0.436135 0.000005 0.143518 0.016858 0.020230 0.109578 0.057875 0.046642 
0.030213 0.256911 0.010995 0.039799 0.226053 0.251851 0.036927 0.036088 0.025513 0.055071 0.030579 
0.000000 0.000000 0.083274 0.473119 0.000005 0.058448 0.312675 0.000130 0.016305 0.054751 0.001292 
0.000000 0.226310 0.044593 0.038131 0.014049 0.095017 0.315349 0.027143 0.206909 0.006505 0.025993 
0.000000 0.000000 0.022885 0.174290 0.000007 0.030419 0.023952 0.170991 0.043952 0.511865 0.021641 
0.000000 0.029392 0.340807 0.254992 0.006668 0.090754 0.020630 0.039095 0.161111 0.054894 0.001656 
0.000000 0.000000 0.036270 0.025368 0.162503 0.027078 0.114498 0.007313 0.350355 0.028001 0.248611 
0.000000 0.014652 0.043280 0.076849 0.107828 0.161938 0.037128 0.044837 0.425449 0.017499 0.070539 
0.125669 0.103693 0.098354 0.092400 0.000006 0.398609 0.085834 0.000200 0.064612 0.011625 0.018998 
0.000000 0.322938 0.022339 0.031260 0.000004 0.257944 0.041928 0.210545 0.075642 0.017790 0.019610 
0.000000 0.000000 0.277559 0.202951 0.000009 0.131181 0.153863 0.123678 0.089810 0.019550 0.001398 
0.117471 0.363515 0.058630 0.133711 0.030717 0.019233 0.155652 0.057500 0.038800 0.023958 0.000814 
0.000000 0.000000 0.058889 0.027719 0.003032 0.113851 0.005958 0.347836 0.310469 0.054074 0.078170 
0.000000 0.000000 0.041582 0.060140 0.258114 0.180652 0.037589 0.167208 0.108496 0.050847 0.095373 
0.023593 0.000000 0.044527 0.050848 0.446226 0.117287 0.035386 0.068954 0.080017 0.103628 0.029533 
0.078603 0.000000 0.043989 0.054990 0.007894 0.157832 0.029245 0.140035 0.183335 0.012320 0.291757 
0.000000 0.000000 0.012578 0.043449 0.018271 0.056215 0.024765 0.058651 0.297408 0.011959 0.476704 
0.201542 0.022279 0.413800 0.060635 0.000006 0.071644 0.013560 0.012606 0.064617 0.106827 0.032483 
0.000000 0.000000 0.027240 0.014587 0.635167 0.040248 0.021233 0.015829 0.063649 0.108267 0.073779 
0.000000 0.000000 0.388601 0.036879 0.000006 0.108797 0.248897 0.014549 0.169455 0.013144 0.019671 
0.452657 0.000000 0.054901 0.116125 0.000004 0.063797 0.105239 0.084678 0.101676 0.006147 0.014776 
0.000000 0.000000 0.046257 0.068777 0.151806 0.283271 0.015832 0.089501 0.270467 0.031856 0.042232 
0.000000 0.000000 0.169278 0.058212 0.014359 0.075325 0.015990 0.031195 0.329629 0.012068 0.293944 
0.000000 0.226915 0.415701 0.042838 0.000005 0.136235 0.043316 0.021226 0.082397 0.012942 0.018425 
0.000000 0.033227 0.042299 0.453646 0.033319 0.236521 0.113128 0.002851 0.024736 0.038548 0.021725 
0.000000 0.000000 0.019683 0.034977 0.000006 0.047223 0.051582 0.005022 0.020790 0.814817 0.005900 
0.000000 0.017156 0.077503 0.075630 0.066636 0.114787 0.025993 0.062523 0.544683 0.005288 0.009800 
0.000000 0.000000 0.044148 0.037075 0.000007 0.034385 0.123705 0.016467 0.062101 0.464170 0.217943 
0.000000 0.011674 0.073961 0.435179 0.058256 0.006854 0.264186 0.000235 0.087869 0.045611 0.016175 
0.075371 0.010543 0.133055 0.059250 0.000008 0.466770 0.027371 0.013787 0.144339 0.024875 0.044630 
0.000000 0.047021 0.191333 0.159350 0.000009 0.089539 0.354928 0.028332 0.053461 0.046166 0.029860 
0.000000 0.128648 0.020232 0.081322 0.020478 0.118512 0.108304 0.370933 0.106448 0.028860 0.016264 
0.000000 0.000000 0.048100 0.042916 0.000007 0.517510 0.003153 0.041159 0.071134 0.223609 0.052412 
0.101455 0.000000 0.005184 0.036209 0.107656 0.150358 0.079595 0.064052 0.366054 0.041648 0.047788 
0.070782 0.000000 0.069783 0.264869 0.033247 0.172341 0.017942 0.044925 0.266876 0.020392 0.038842 
0.000000 0.000000 0.020616 0.049239 0.016101 0.119130 0.008918 0.053969 0.173510 0.006055 0.552460 
0.000000 0.014866 0.108582 0.061654 0.000006 0.212250 0.138534 0.221996 0.070288 0.020179 0.151646 
0.000000 0.000000 0.030569 0.051702 0.033497 0.039320 0.023668 0.012112 0.202500 0.005835 0.600798 
0.000000 0.000000 0.009273 0.080144 0.000007 0.001981 0.005101 0.004580 0.034781 0.854051 0.010081 
0.000000 0.000000 0.028272 0.027835 0.004665 0.056251 0.092690 0.062103 0.612006 0.006101 0.110078 
0.000000 0.000000 0.058287 0.049050 0.155014 0.150064 0.127536 0.040988 0.368062 0.023805 0.027195 
0.062140 0.440863 0.026708 0.020904 0.000010 0.125532 0.026914 0.152437 0.069635 0.018431 0.056426 
0.133756 0.000000 0.076079 0.543337 0.019339 0.074391 0.034735 0.067535 0.044501 0.005306 0.001020 
0.000000 0.013662 0.094930 0.078786 0.003815 0.315587 0.026685 0.068668 0.356413 0.010735 0.030720 
0.172809 0.000000 0.203164 0.067052 0.000007 0.350527 0.082577 0.006979 0.067094 0.020350 0.029443 
0.091191 0.000000 0.065500 0.070020 0.007085 0.204707 0.019578 0.197850 0.253879 0.013098 0.077091 
0.000000 0.083690 0.009910 0.049824 0.629374 0.054306 0.014736 0.004111 0.036941 0.091377 0.025730 
0.000000 0.000000 0.167482 0.019695 0.000009 0.133411 0.540030 0.026899 0.078094 0.014042 0.020340 
0.000000 0.180856 0.013306 0.028519 0.006949 0.037021 0.043567 0.004110 0.085026 0.006307 0.594339 
0.000000 0.025416 0.059880 0.428248 0.000008 0.036390 0.169879 0.057225 0.142451 0.064285 0.016218 
0.213201 0.000000 0.079731 0.104889 0.003545 0.179061 0.005061 0.058404 0.277814 0.034892 0.043402 
0.000000 0.000000 0.262280 0.072609 0.000007 0.121775 0.232942 0.025580 0.196286 0.071954 0.016568 
0.498359 0.000000 0.047034 0.087216 0.013784 0.027512 0.011296 0.007621 0.108068 0.009331 0.189780 
0.284407 0.000000 0.039174 0.050926 0.000008 0.067432 0.253183 0.004182 0.021282 0.273172 0.006233 
0.027274 0.129389 0.080160 0.033958 0.005366 0.070714 0.402447 0.050627 0.112425 0.084057 0.003583 
0.000000 0.000000 0.109224 0.263150 0.000007 0.029646 0.090416 0.007002 0.022181 0.472148 0.006226 
0.431672 0.000000 0.009866 0.094797 0.000011 0.079337 0.040543 0.100080 0.183017 0.048924 0.011753 
0.000000 0.061388 0.024438 0.190893 0.000006 0.467526 0.084652 0.028865 0.088312 0.021792 0.032127 
0.000000 0.066205 0.100322 0.105918 0.228636 0.053329 0.293548 0.000168 0.040378 0.048669 0.062828 
0.000000 0.231976 0.050500 0.036360 0.018922 0.071437 0.033770 0.027873 0.076675 0.007759 0.444729 
0.100583 0.015968 0.074379 0.073181 0.007156 0.066259 0.138361 0.020847 0.430510 0.019974 0.052782 
0.000000 0.000000 0.032692 0.613381 0.000007 0.029290 0.044462 0.031725 0.200000 0.014579 0.033864 
0.000000 0.000000 0.523195 0.034913 0.000002 0.088200 0.322377 0.014429 0.010200 0.003698 0.002987 
0.000000 0.000000 0.062358 0.044351 0.000006 0.102773 0.604390 0.005247 0.029070 0.122486 0.029318 
0.000000 0.000000 0.058867 0.037149 0.010021 0.085674 0.340316 0.075348 0.066236 0.044108 0.282280 
0.000000 0.000000 0.043126 0.041653 0.000007 0.019580 0.049976 0.023113 0.321932 0.474511 0.026101 
0.000000 0.000000 0.005334 0.061631 0.043760 0.096433 0.012448 0.043105 0.476686 0.239052 0.021553 
0.000000 0.061716 0.056821 0.058985 0.015176 0.403947 0.028595 0.013780 0.084570 0.230743 0.045666 
0.000000 0.000000 0.071917 0.017597 0.216644 0.107823 0.291017 0.081932 0.165860 0.041643 0.005568 
0.000000 0.000000 0.102767 0.111690 0.022758 0.274236 0.030515 0.064810 0.347806 0.033678 0.011739 
0.124132 0.000000 0.007077 0.192312 0.027917 0.358511 0.023297 0.052671 0.053350 0.101460 0.059275 
0.000000 0.024543 0.105771 0.158936 0.005189 0.112041 0.338983 0.036818 0.171225 0.015435 0.031060 
0.000000 0.020712 0.202179 0.030433 0.000011 0.111494 0.544716 0.007704 0.050043 0.011047 0.021661 
0.000000 0.062532 0.030389 0.068295 0.033258 0.134806 0.283217 0.045351 0.305144 0.026383 0.010624 
0.000000 0.000000 0.062779 0.030688 0.521415 0.080968 0.175574 0.005948 0.012405 0.100762 0.009462 
0.718684 0.000000 0.000933 0.115275 0.000007 0.109167 0.014968 0.005755 0.011643 0.017851 0.005716 
0.000000 0.047129 0.115109 0.077676 0.000005 0.010636 0.497951 0.003668 0.041357 0.201451 0.005018 
0.000000 0.000000 0.391892 0.029960 0.100819 0.081841 0.072164 0.089177 0.079253 0.132116 0.022779 
0.582522 0.000000 0.027265 0.174216 0.000001 0.040393 0.146324 0.000168 0.011453 0.009111 0.008547 
0.162010 0.000000 0.003311 0.085284 0.021785 0.136108 0.005584 0.058316 0.340022 0.126488 0.061092 
0.000000 0.000000 0.036516 0.118750 0.020739 0.103867 0.009392 0.043226 0.279102 0.375756 0.012652 
0.000000 0.000000 0.086001 0.067441 0.000006 0.190619 0.102251 0.047178 0.409761 0.029113 0.067628 
0.489915 0.000000 0.016637 0.124747 0.047428 0.084676 0.026345 0.020740 0.113969 0.047994 0.027549 
0.084580 0.025206 0.033833 0.075295 0.004264 0.092123 0.129646 0.172832 0.330178 0.014902 0.037141 
0.207097 0.015205 0.039981 0.115056 0.008869 0.122583 0.020549 0.160404 0.201034 0.106476 0.002747 
0.000000 0.172343 0.024532 0.022335 0.000008 0.065903 0.039789 0.198840 0.085450 0.378193 0.012608 
0.000000 0.000000 0.084547 0.020896 0.000008 0.065928 0.255955 0.051935 0.403440 0.043292 0.073999 
0.000000 0.000000 0.094152 0.061844 0.400763 0.033085 0.347100 0.004130 0.024697 0.033544 0.000686 
0.029355 0.019686 0.280954 0.241505 0.000003 0.052334 0.042158 0.022189 0.307102 0.002860 0.001854 
0.000000 0.025679 0.125836 0.227797 0.000003 0.025281 0.563392 0.000185 0.006771 0.013622 0.011435 
0.000000 0.010082 0.058691 0.329046 0.012823 0.170061 0.171053 0.017445 0.139166 0.046573 0.045061 
0.000000 0.092986 0.028324 0.014552 0.030930 0.014272 0.019674 0.033950 0.217108 0.522999 0.025204 
0.217740 0.000000 0.068190 0.052509 0.000008 0.117810 0.003615 0.381734 0.126584 0.031338 0.000471 
0.150942 0.064863 0.038060 0.680007 0.000007 0.008747 0.018877 0.007643 0.007469 0.014284 0.009100 
0.000000 0.039650 0.268402 0.190706 0.000008 0.064522 0.146559 0.017743 0.058944 0.202892 0.010573 
0.000000 0.027261 0.142801 0.180520 0.000008 0.020013 0.427080 0.000174 0.078819 0.015446 0.107878 
0.000000 0.000000 0.077100 0.042251 0.005795 0.043290 0.109834 0.030332 0.383896 0.008954 0.298548 
0.009362 0.000000 0.016523 0.009669 0.013098 0.052348 0.018310 0.031109 0.274608 0.007326 0.567647 
0.000000 0.000000 0.394889 0.071694 0.011925 0.064482 0.269510 0.015046 0.052320 0.067427 0.052708 
0.000000 0.000000 0.010877 0.040437 0.000008 0.618434 0.003158 0.143632 0.113609 0.023339 0.046505 
0.000000 0.000000 0.053674 0.050450 0.110157 0.108654 0.016967 0.039349 0.424956 0.179147 0.016646 
0.000000 0.000000 0.087207 0.100322 0.010923 0.214216 0.248800 0.033447 0.246849 0.045322 0.012914 
0.000000 0.015280 0.225922 0.074749 0.000009 0.126471 0.008826 0.360711 0.123441 0.063849 0.000742 
0.000000 0.030289 0.174452 0.102998 0.070745 0.054266 0.342247 0.057543 0.013720 0.050826 0.102912 
0.000000 0.000000 0.043615 0.061503 0.012055 0.110978 0.274536 0.000198 0.150891 0.008918 0.337307 
0.000000 0.000000 0.068796 0.235470 0.000006 0.386407 0.176733 0.014346 0.031344 0.025505 0.061393 
0.000000 0.000000 0.013613 0.146136 0.184552 0.376019 0.012382 0.026441 0.190966 0.023981 0.025911 
0.000000 0.000000 0.175224 0.089562 0.004242 0.089595 0.412334 0.035658 0.125634 0.006320 0.061430 
0.007551 0.021759 0.091109 0.061774 0.003971 0.223398 0.169749 0.073459 0.280973 0.026104 0.040153 
0.673160 0.000000 0.003781 0.164863 0.000007 0.015213 0.009791 0.001484 0.021954 0.107663 0.002084 
0.000000 0.784695 0.016969 0.020957 0.009371 0.031793 0.046764 0.000256 0.049101 0.029748 0.010346 
0.000000 0.379969 0.080382 0.072344 0.000008 0.064771 0.254740 0.023437 0.082594 0.004255 0.037501 
0.132937 0.000000 0.039281 0.706978 0.000005 0.006258 0.034629 0.001171 0.004114 0.068032 0.006596 
0.211277 0.025866 0.388156 0.026577 0.000008 0.060978 0.030517 0.000473 0.087401 0.133990 0.034756 
0.000000 0.000000 0.015093 0.032021 0.301549 0.072484 0.022631 0.019824 0.298099 0.058863 0.179436 
0.000000 0.000000 0.118729 0.033522 0.023034 0.153659 0.417102 0.012844 0.209240 0.009387 0.022483 
0.000000 0.011724 0.007654 0.022969 0.736116 0.000787 0.009939 0.002045 0.012390 0.191498 0.004877 
0.049460 0.479295 0.019497 0.005194 0.163120 0.036035 0.034386 0.011144 0.028039 0.167219 0.006609 
0.013119 0.000000 0.118979 0.727411 0.007956 0.015233 0.040814 0.000177 0.045984 0.018799 0.011529 
0.160357 0.005746 0.010589 0.561671 0.012638 0.025300 0.062343 0.000246 0.112554 0.035710 0.012845 
0.130105 0.021126 0.067280 0.064704 0.000008 0.146120 0.406884 0.020538 0.109356 0.025271 0.008607 
0.000000 0.069255 0.031737 0.020812 0.000006 0.035609 0.030096 0.025355 0.222256 0.529095 0.035778 
0.000000 0.000000 0.214889 0.078623 0.000008 0.182162 0.096637 0.056461 0.212397 0.027862 0.130961 
0.000000 0.129629 0.034595 0.040344 0.003815 0.191933 0.111921 0.009500 0.117445 0.025724 0.335094 
0.071203 0.039213 0.038015 0.030574 0.000006 0.032162 0.154320 0.041662 0.417326 0.121656 0.053863 
0.061258 0.000000 0.027714 0.024209 0.000007 0.023843 0.019272 0.025294 0.055557 0.612353 0.150493 
0.000000 0.000000 0.138319 0.029478 0.000007 0.020775 0.102499 0.047084 0.121562 0.226025 0.314251 
0.000000 0.000000 0.311915 0.291963 0.008052 0.178404 0.004125 0.012976 0.038908 0.131708 0.021948 
0.000000 0.000000 0.023186 0.037504 0.022522 0.124444 0.110631 0.517114 0.152525 0.011549 0.000524 
0.000000 0.012915 0.042707 0.107384 0.004213 0.208443 0.051123 0.036883 0.399626 0.018426 0.118281 
0.000000 0.000000 0.059401 0.039663 0.000006 0.032959 0.098773 0.015004 0.033900 0.608037 0.112256 
0.029964 0.000000 0.061877 0.145327 0.012995 0.211737 0.023542 0.055707 0.374727 0.022911 0.061212 
0.000000 0.000000 0.085561 0.022810 0.000008 0.176602 0.623440 0.017539 0.039609 0.016907 0.017525 
0.016450 0.000000 0.073984 0.076574 0.011416 0.235329 0.023358 0.119096 0.384584 0.018236 0.040972 
0.138187 0.000000 0.074588 0.042864 0.015430 0.296483 0.029007 0.065242 0.267377 0.028501 0.042321 
0.000000 0.000000 0.013296 0.050923 0.010172 0.666026 0.007018 0.052205 0.138297 0.015355 0.046709 
0.317539 0.000000 0.000469 0.075406 0.000006 0.383080 0.000738 0.013410 0.039922 0.028510 0.140920 
0.000000 0.232671 0.115748 0.038591 0.000007 0.207429 0.018683 0.025228 0.268835 0.078076 0.014732 
0.000000 0.000000 0.087045 0.048470 0.025258 0.160129 0.174161 0.098971 0.250284 0.003031 0.152651 
0.000000 0.000000 0.056751 0.049616 0.008424 0.238082 0.004697 0.008757 0.142779 0.014066 0.476827 
0.000000 0.000000 0.055023 0.100567 0.005983 0.361908 0.274720 0.014899 0.164934 0.009874 0.012091 
0.000000 0.018978 0.113079 0.127987 0.000004 0.068922 0.617578 0.000198 0.009927 0.016399 0.026929 
0.067301 0.000000 0.214599 0.035041 0.150437 0.066200 0.259222 0.016126 0.144089 0.032150 0.014835 
0.000000 0.014577 0.180577 0.031783 0.103353 0.096266 0.021311 0.105600 0.361710 0.035163 0.049659 
0.406547 0.020480 0.017554 0.071358 0.000008 0.115766 0.014847 0.213846 0.095841 0.030679 0.013073 
0.000000 0.049235 0.121721 0.081898 0.041558 0.017714 0.594804 0.013914 0.032515 0.022409 0.024232 
0.000000 0.000000 0.057142 0.083281 0.103114 0.208165 0.022052 0.171593 0.300691 0.030460 0.023502 
0.000000 0.015560 0.018186 0.198459 0.169671 0.025963 0.007222 0.013887 0.034782 0.513544 0.002725 
0.000000 0.000000 0.053542 0.004167 0.000009 0.074267 0.016588 0.046184 0.668110 0.022538 0.114594 
0.000000 0.027878 0.019211 0.037701 0.012355 0.044325 0.017072 0.000221 0.120489 0.004303 0.716445 
0.000000 0.000000 0.075111 0.069472 0.000007 0.033492 0.227016 0.000144 0.063435 0.237138 0.294185 
0.000000 0.000000 0.167030 0.077662 0.000007 0.205518 0.157577 0.022158 0.180981 0.175291 0.013775 
0.000000 0.048700 0.016562 0.010972 0.675829 0.046365 0.021176 0.012589 0.049968 0.089360 0.028480 
0.000000 0.000000 0.078058 0.068820 0.016213 0.060457 0.007834 0.000118 0.117911 0.163570 0.487019 
0.000000 0.000000 0.051012 0.044983 0.012289 0.044368 0.058737 0.048314 0.525675 0.141928 0.072694 
0.000000 0.033642 0.182876 0.168731 0.000004 0.025901 0.515670 0.007537 0.036722 0.016621 0.012294 
0.000000 0.000000 0.176622 0.055357 0.010898 0.163763 0.155288 0.253684 0.144680 0.009248 0.030460 
0.000000 0.000000 0.089963 0.303949 0.015750 0.149113 0.048619 0.010286 0.192229 0.026930 0.163162 
0.023375 0.000000 0.055545 0.019722 0.004114 0.198654 0.029497 0.393321 0.192069 0.006629 0.077074 
0.108941 0.000000 0.007671 0.087581 0.011135 0.020580 0.006198 0.000153 0.131172 0.001441 0.625127 
0.055924 0.000000 0.060340 0.046326 0.000006 0.070083 0.018482 0.060971 0.504883 0.085665 0.097321 
0.245205 0.000000 0.098206 0.284849 0.000006 0.036736 0.033734 0.011728 0.035513 0.246575 0.007445 
0.000000 0.118685 0.013167 0.063797 0.000006 0.632137 0.010528 0.013084 0.085294 0.013753 0.049549 
0.000000 0.000000 0.057017 0.206857 0.026890 0.079348 0.013879 0.047696 0.312953 0.240057 0.015304 
0.000000 0.000000 0.071319 0.098741 0.004299 0.215861 0.191455 0.049007 0.299777 0.007746 0.061796 
0.000000 0.000000 0.003055 0.052350 0.078855 0.598342 0.030537 0.006943 0.073391 0.130522 0.026005 
0.316938 0.000000 0.012723 0.052842 0.000006 0.011024 0.105427 0.000177 0.015035 0.485096 0.000733 
0.000000 0.000000 0.055959 0.105547 0.000006 0.036998 0.044316 0.000211 0.062182 0.688454 0.006327 
0.000000 0.000000 0.036198 0.046538 0.000007 0.168255 0.001157 0.005476 0.039915 0.701115 0.001338 
0.209571 0.000000 0.036519 0.088475 0.029924 0.119090 0.021009 0.062206 0.340466 0.034553 0.058187 
0.000000 0.063806 0.038606 0.626822 0.000004 0.044566 0.010733 0.146913 0.052293 0.011582 0.004676 
0.000000 0.000000 0.067399 0.053294 0.003198 0.109885 0.111184 0.046149 0.582168 0.001935 0.024788 
0.000000 0.034045 0.119341 0.193086 0.000001 0.028510 0.612729 0.000136 0.004536 0.004879 0.002739 
0.035395 0.000000 0.011627 0.006374 0.544576 0.051385 0.023043 0.086501 0.059997 0.179967 0.001135 
0.000000 0.245039 0.006629 0.018145 0.194716 0.048225 0.031931 0.015763 0.320915 0.074020 0.044616 
0.201909 0.000000 0.046564 0.097496 0.035380 0.141375 0.166029 0.118971 0.179769 0.004627 0.007879 
0.000000 0.016181 0.046718 0.027903 0.003592 0.105181 0.064832 0.136013 0.583492 0.011121 0.004966 
0.517021 0.089767 0.028686 0.176628 0.031882 0.066641 0.030583 0.000355 0.020222 0.027696 0.010520 
0.000000 0.000000 0.086776 0.037686 0.007067 0.107526 0.225615 0.152712 0.298421 0.014894 0.069304 
0.000000 0.000000 0.232423 0.076666 0.072915 0.033881 0.463678 0.005000 0.042302 0.046436 0.026699 
0.013814 0.000000 0.051784 0.070889 0.004373 0.087765 0.106794 0.032562 0.510461 0.026402 0.095156 
0.000000 0.000000 0.243194 0.062607 0.014313 0.171406 0.225055 0.051792 0.165714 0.005550 0.060369 
0.000000 0.013602 0.019476 0.036130 0.048596 0.191337 0.006055 0.000176 0.053292 0.484046 0.147291 
0.000000 0.043555 0.226514 0.100436 0.000005 0.100120 0.489649 0.000152 0.009993 0.005123 0.024453 
0.023003 0.000000 0.173272 0.051446 0.085048 0.106540 0.026531 0.035438 0.289410 0.169958 0.039355 
0.000000 0.000000 0.257387 0.064995 0.000008 0.104667 0.333898 0.007316 0.054923 0.052732 0.124075 
0.000000 0.054281 0.019285 0.033015 0.000007 0.380637 0.017621 0.021297 0.183210 0.185800 0.104847 
0.000000 0.040986 0.148630 0.156772 0.000008 0.137016 0.123033 0.000181 0.045229 0.181014 0.167132 
0.288415 0.022889 0.041972 0.085744 0.000005 0.298413 0.147021 0.010789 0.029411 0.051392 0.023949 
0.000000 0.000000 0.052521 0.056169 0.003882 0.004585 0.239444 0.005624 0.142883 0.375355 0.119538 
0.000000 0.000000 0.039065 0.034443 0.000007 0.029103 0.060848 0.049131 0.083149 0.654449 0.049805 
0.026153 0.000000 0.036508 0.106122 0.045112 0.104272 0.005762 0.089583 0.532471 0.015881 0.038136 
0.000000 0.021311 0.167929 0.184920 0.000005 0.048014 0.446276 0.006691 0.012795 0.108758 0.003301 
0.000000 0.000000 0.008905 0.070694 0.000005 0.502265 0.020086 0.021484 0.123387 0.143850 0.109324 
0.000000 0.282428 0.090305 0.022527 0.017153 0.071372 0.050398 0.028168 0.239951 0.191413 0.006286 
0.043687 0.006292 0.232350 0.404843 0.000005 0.045138 0.088707 0.006317 0.044369 0.024213 0.104078 
0.074036 0.000000 0.012620 0.076325 0.014343 0.132532 0.104230 0.132742 0.404969 0.039253 0.008950 
0.000000 0.000000 0.125251 0.066951 0.070697 0.164539 0.392666 0.006529 0.125101 0.046588 0.001676 
0.032484 0.000000 0.094911 0.050711 0.005286 0.165587 0.090673 0.300756 0.206566 0.024823 0.028203 
0.019331 0.000000 0.100689 0.066167 0.039484 0.079086 0.275146 0.010222 0.214707 0.005244 0.189925 
