-1933819.367714
0
0.011333 0.006553 0.000000 0.000000 0.075229 0.030780 0.020335 0.065616 0.029300 0.000000 0.000000 0.005781 0.001861 0.002266 0.000000 0.000000 0.000000 0.000000 0.000000 0.007721 0.000000 0.000000 0.016710 0.020012 0.000000 0.000000 0.000000 0.000000 0.037054 0.031453 0.014547 0.063611 0.028275 0.000000 0.000000 0.000000 0.006289 0.013598 0.010275 0.018310 0.000000 0.011432 0.000000 0.005290 0.000000 0.010312 0.022902 0.004480 0.000000 0.007428 0.000000 0.000000 0.036356 0.030175 0.006280 0.047401 0.024096 0.000000 0.000000 0.000005 0.000000 0.005666 0.011625 0.004976 0.000000 0.000000 0.000000 0.000000 0.000000 0.013742 0.041814 0.009257 0.000000 0.019018 0.000000 0.000000 0.000000 0.049962 0.006514 0.041665 0.000000 0.000000 0.000000 0.000000 0.000000 0.008225 0.000000 0.000000 0.000000 0.012947 0.000000 0.000000 0.000000 0.014456 0.024420 0.012650 
0.047194 0.039135 0.000000 0.039942 0.009744 0.006010 0.000000 0.010208 0.017133 0.004332 0.006472 0.028249 0.017892 0.017367 0.018093 0.031416 0.012666 0.007959 0.006965 0.026492 0.005015 0.000000 0.009542 0.000000 0.038256 0.024547 0.000000 0.026590 0.007695 0.007076 0.000000 0.011010 0.000000 0.000000 0.000000 0.020750 0.012955 0.020116 0.018023 0.032498 0.002542 0.009989 0.000000 0.008329 0.002730 0.002463 0.008862 0.005631 0.022303 0.013602 0.000000 0.022152 0.003361 0.000000 0.000000 0.007064 0.000000 0.000000 0.000000 0.007393 0.011840 0.009515 0.011285 0.026191 0.000000 0.004299 0.000000 0.007579 0.000000 0.000000 0.008249 0.006196 0.029474 0.013722 0.000000 0.042884 0.000000 0.000000 0.000000 0.004710 0.000000 0.000000 0.000000 0.010196 0.018132 0.012205 0.010527 0.040200 0.000000 0.003115 0.000000 0.011046 0.000000 0.002201 0.009788 0.008881 
0.004414 0.006426 0.000000 0.000000 0.000000 0.000000 0.000000 0.002845 0.035673 0.003390 0.275030 0.004394 0.001510 0.000000 0.000000 0.007539 0.011421 0.001583 0.003947 0.004669 0.000000 0.003293 0.000000 0.004960 0.001407 0.005908 0.001284 0.004775 0.000000 0.000000 0.000000 0.000000 0.019491 0.002922 0.153465 0.006675 0.000000 0.000000 0.000000 0.000000 0.000000 0.000000 0.003111 0.001241 0.000000 0.002404 0.000000 0.000000 0.004602 0.004630 0.000000 0.000000 0.000000 0.002850 0.000000 0.000000 0.029347 0.027852 0.158979 0.014609 0.000000 0.000000 0.000000 0.000000 0.006593 0.000000 0.000000 0.005904 0.000000 0.000000 0.000000 0.000000 0.007826 0.006385 0.001954 0.000000 0.000000 0.000000 0.000000 0.000000 0.009954 0.000000 0.126784 0.000000 0.001755 0.000000 0.000000 0.000000 0.006010 0.000000 0.008663 0.000000 0.000000 0.000000 0.001526 0.000000 
0.000542 0.000000 0.000000 0.007713 0.000806 0.000000 0.000000 0.000000 0.000003 0.000000 0.000000 0.003798 0.000000 0.000000 0.000000 0.000000 0.000000 0.003710 0.000480 0.002242 0.000000 0.005119 0.003180 0.013379 0.003230 0.000000 0.000000 0.014853 0.000000 0.000407 0.000000 0.000000 0.000000 0.000000 0.006869 0.000000 0.000000 0.000000 0.000000 0.000000 0.000000 0.000000 0.000000 0.001299 0.001386 0.000529 0.003929 0.021720 0.001303 0.000000 0.000000 0.006245 0.000000 0.000000 0.000000 0.000000 0.000000 0.000000 0.017433 0.012098 0.000000 0.000000 0.000000 0.000000 0.003563 0.008594 0.002707 0.012982 0.000000 0.002812 0.000000 0.000000 0.044518 0.010006 0.001935 0.353860 0.000000 0.000000 0.000000 0.000000 0.000000 0.020514 0.243344 0.038467 0.000000 0.000000 0.000000 0.001422 0.000000 0.011105 0.007036 0.009091 0.004991 0.010503 0.001708 0.078570 
0.000873 0.000000 0.000000 0.000000 0.003589 0.000000 0.000000 0.003594 0.002720 0.000000 0.000000 0.000000 0.013809 0.000000 0.003987 0.020241 0.022784 0.003933 0.009225 0.024849 0.058945 0.009425 0.006608 0.036986 0.000000 0.000000 0.000000 0.000000 0.000000 0.000000 0.000000 0.000000 0.005930 0.000000 0.005442 0.000000 0.005414 0.000000 0.000000 0.000000 0.014657 0.002674 0.013041 0.040192 0.042156 0.009200 0.016435 0.091269 0.012401 0.003280 0.000000 0.000000 0.000000 0.004125 0.000000 0.006625 0.000000 0.000000 0.000000 0.003145 0.000000 0.000000 0.000000 0.000000 0.000000 0.005002 0.000000 0.005146 0.017226 0.000000 0.003978 0.031386 0.030785 0.000000 0.000000 0.042473 0.000000 0.000000 0.000000 0.000000 0.000000 0.006048 0.000000 0.000000 0.031795 0.000000 0.021452 0.007604 0.010187 0.010609 0.003915 0.043883 0.100674 0.012463 0.012108 0.105711 
0.000000 0.000000 0.000000 0.000000 0.000456 0.000744 0.000000 0.000000 0.006924 0.000712 0.000000 0.000000 0.000000 0.000000 0.000000 0.000000 0.001261 0.000000 0.000573 0.001654 0.000000 0.000000 0.000000 0.000000 0.000000 0.000000 0.000000 0.000283 0.000000 0.000000 0.000000 0.000000 0.015171 0.000000 0.003435 0.006980 0.000000 0.000469 0.000000 0.000000 0.000410 0.000000 0.000000 0.001310 0.000000 0.000000 0.000239 0.000000 0.000000 0.000000 0.000000 0.000000 0.000000 0.000000 0.000000 0.000000 0.005831 0.000000 0.000000 0.002690 0.000000 0.000000 0.000000 0.000000 0.000000 0.000000 0.000000 0.000000 0.000000 0.000000 0.000000 0.000315 0.013792 0.005711 0.002111 0.013963 0.040217 0.000000 0.001889 0.071505 0.437895 0.079810 0.048024 0.234936 0.000000 0.000000 0.000000 0.000000 0.000000 0.000687 0.000000 0.000000 0.000000 0.000000 0.000000 0.000000 
0.000000 0.000687 0.000000 0.000000 0.004321 0.000639 0.000000 0.005441 0.001166 0.000000 0.000000 0.000000 0.000958 0.001179 0.000000 0.000946 0.000000 0.000000 0.000000 0.000000 0.000000 0.000000 0.000000 0.000000 0.000000 0.000000 0.000000 0.000000 0.006777 0.001496 0.000307 0.007015 0.001845 0.000000 0.000000 0.000000 0.000000 0.000000 0.000000 0.000000 0.000000 0.000000 0.000000 0.000000 0.000000 0.000000 0.000000 0.000000 0.000000 0.001048 0.000000 0.000000 0.000570 0.001481 0.000000 0.003161 0.000000 0.000000 0.000000 0.000002 0.000000 0.000235 0.000000 0.000000 0.000000 0.000000 0.000000 0.000000 0.000000 0.000753 0.000000 0.000000 0.056676 0.019233 0.002369 0.018309 0.319709 0.079469 0.010702 0.378173 0.070422 0.004454 0.000000 0.000000 0.000000 0.000000 0.000000 0.000000 0.000457 0.000000 0.000000 0.000000 0.000000 0.000000 0.000000 0.000000 
0.001321 0.000000 0.000000 0.000000 0.002931 0.001476 0.000000 0.002140 0.008451 0.000000 0.000000 0.000000 0.005776 0.007467 0.002675 0.002787 0.058634 0.039966 0.064851 0.027952 0.000000 0.001547 0.001396 0.003602 0.008411 0.004333 0.003008 0.000000 0.001077 0.001155 0.000000 0.000000 0.019984 0.001363 0.000000 0.017597 0.000000 0.007509 0.000000 0.001119 0.039650 0.049756 0.058499 0.039945 0.000000 0.005646 0.003647 0.006722 0.000873 0.005214 0.000000 0.000000 0.000447 0.000000 0.000000 0.000000 0.014313 0.005022 0.000000 0.010166 0.000000 0.004448 0.000000 0.000000 0.073240 0.034163 0.052656 0.049306 0.000000 0.000000 0.000000 0.003384 0.000000 0.008251 0.001605 0.000000 0.003811 0.003309 0.000000 0.000000 0.002837 0.000000 0.000000 0.000000 0.005409 0.014931 0.002498 0.005311 0.063934 0.042890 0.040936 0.044444 0.000000 0.003207 0.001005 0.000000 
0.012352 0.000000 0.000000 0.000000 0.000000 0.017885 0.000000 0.009839 0.037847 0.000000 0.000000 0.000000 0.014533 0.012909 0.029889 0.023492 0.073404 0.018455 0.041795 0.067598 0.000000 0.006900 0.010397 0.003257 0.000000 0.000000 0.000000 0.000000 0.007425 0.008927 0.003257 0.008287 0.039664 0.000000 0.000000 0.003481 0.008493 0.000000 0.017430 0.013036 0.010690 0.000000 0.000000 0.025917 0.000000 0.000000 0.010791 0.028425 0.023162 0.012710 0.000000 0.020247 0.000000 0.010230 0.000000 0.000000 0.029017 0.000000 0.000000 0.029511 0.022701 0.000000 0.015573 0.000000 0.000000 0.000000 0.000000 0.012106 0.009420 0.000000 0.000000 0.000000 0.030668 0.000000 0.006129 0.037007 0.000000 0.005865 0.000000 0.005420 0.000000 0.000000 0.000000 0.000000 0.024902 0.000000 0.017981 0.008763 0.000000 0.010168 0.006719 0.022523 0.012391 0.013299 0.007908 0.039205 
0.000000 0.003304 0.000000 0.039682 0.000000 0.000000 0.000000 0.000000 0.030058 0.021914 0.044789 0.024513 0.000000 0.000000 0.000000 0.000000 0.001616 0.003650 0.000969 0.001391 0.000000 0.001889 0.000000 0.005987 0.005761 0.011247 0.000741 0.164684 0.000000 0.000000 0.000000 0.000000 0.000000 0.000000 0.022875 0.009233 0.000000 0.003438 0.000000 0.001939 0.000000 0.004121 0.000000 0.002039 0.000000 0.002863 0.000000 0.009421 0.000000 0.015614 0.001115 0.094218 0.000000 0.000000 0.000000 0.000000 0.062192 0.061403 0.115326 0.060286 0.000000 0.002858 0.000000 0.000000 0.007521 0.016941 0.009000 0.008455 0.000000 0.002777 0.001424 0.004336 0.000000 0.021694 0.000000 0.061755 0.000000 0.000000 0.000000 0.000000 0.000000 0.012154 0.000000 0.008591 0.000000 0.000929 0.000000 0.001053 0.000000 0.006839 0.002321 0.001300 0.000000 0.001773 0.000000 0.000000 
0.000000 0.000000 0.000000 0.000000 0.000000 0.000000 0.000000 0.000000 0.000003 0.010704 0.000000 0.000000 0.001326 0.000000 0.000397 0.002936 0.000000 0.000000 0.000000 0.000000 0.000000 0.000000 0.000586 0.000000 0.000000 0.000000 0.000000 0.000000 0.000000 0.000000 0.000965 0.000000 0.079353 0.102770 0.024950 0.078289 0.000000 0.000424 0.000000 0.000999 0.000000 0.000000 0.000000 0.003372 0.000000 0.001558 0.000000 0.000649 0.000000 0.000000 0.000000 0.000000 0.000000 0.000501 0.000000 0.000000 0.000000 0.015280 0.000000 0.015208 0.000000 0.000000 0.000000 0.000440 0.000000 0.000000 0.000000 0.008242 0.000000 0.000400 0.001794 0.000000 0.000000 0.000000 0.000000 0.000000 0.000000 0.001326 0.000000 0.000000 0.117253 0.317928 0.115996 0.079981 0.000000 0.001240 0.000267 0.004861 0.001932 0.000000 0.001915 0.002087 0.000000 0.000607 0.001205 0.002257 
0.000000 0.116206 0.000000 0.000000 0.000000 0.000000 0.000000 0.000001 0.172004 0.000000 0.000000 0.000000 0.000000 0.000000 0.000000 0.000000 0.000001 0.000001 0.000001 0.000002 0.000000 0.046012 0.153322 0.000000 0.000000 0.000000 0.000000 0.000000 0.000000 0.000000 0.000000 0.000000 0.000005 0.000000 0.000001 0.030479 0.000000 0.000001 0.000000 0.225228 0.000000 0.000000 0.000000 0.000011 0.000000 0.000002 0.000001 0.000002 0.256560 0.000005 0.000000 0.000000 0.000000 0.000000 0.000000 0.000000 0.000006 0.000000 0.000000 0.000137 0.000000 0.000000 0.000000 0.000000 0.000000 0.000000 0.000000 0.000002 0.000000 0.000000 0.000000 0.000000 0.000001 0.000004 0.000000 0.000000 0.000000 0.000000 0.000000 0.000000 0.000000 0.000000 0.000000 0.000000 0.000000 0.000000 0.000000 0.000000 0.000000 0.000002 0.000000 0.000000 0.000000 0.000001 0.000001 0.000001 
0.000000 0.001584 0.000000 0.000000 0.000000 0.000000 0.000656 0.000000 0.004080 0.012905 0.012360 0.000000 0.000000 0.014750 0.000000 0.012529 0.005045 0.004336 0.000000 0.003820 0.000000 0.000000 0.000000 0.000903 0.014739 0.008979 0.002196 0.000000 0.000000 0.000000 0.000000 0.000000 0.000000 0.000000 0.000000 0.005851 0.002129 0.005521 0.002444 0.000000 0.000000 0.000000 0.006320 0.000000 0.000000 0.000860 0.000000 0.000000 0.002187 0.010242 0.001867 0.030882 0.002238 0.000000 0.000000 0.002318 0.053784 0.206224 0.268092 0.106065 0.000000 0.003985 0.005298 0.005834 0.015318 0.073467 0.017921 0.006382 0.000000 0.004179 0.005923 0.029020 0.003701 0.000000 0.003407 0.000000 0.000000 0.003662 0.000000 0.000000 0.004984 0.004776 0.000000 0.000000 0.000000 0.000000 0.000000 0.000000 0.000000 0.006235 0.000000 0.000000 0.000000 0.000000 0.000000 0.000000 
0.000000 0.000000 0.000000 0.000000 0.000000 0.000000 0.000000 0.002183 0.041367 0.012257 0.000000 0.018521 0.000000 0.000000 0.000000 0.004254 0.000000 0.003266 0.038170 0.000000 0.000000 0.000000 0.000991 0.000000 0.012860 0.048524 0.017751 0.101656 0.000000 0.000000 0.000000 0.000000 0.000000 0.000000 0.096509 0.000000 0.000000 0.002462 0.000000 0.000000 0.006580 0.000000 0.051052 0.000000 0.000000 0.004762 0.014194 0.016124 0.000000 0.003503 0.000000 0.000000 0.000000 0.004635 0.000000 0.000000 0.113855 0.110177 0.138562 0.082288 0.000000 0.005088 0.000000 0.000000 0.000000 0.000000 0.014705 0.000000 0.000000 0.000000 0.000000 0.000000 0.000000 0.000000 0.001160 0.000000 0.000000 0.000000 0.000000 0.000000 0.000000 0.000000 0.000000 0.000000 0.000000 0.000000 0.000000 0.000000 0.000000 0.000000 0.008613 0.000000 0.003429 0.003120 0.001473 0.015910 
0.041471 0.033276 0.025632 0.023857 0.011878 0.004970 0.003826 0.005235 0.009403 0.000000 0.000000 0.000000 0.004244 0.002588 0.008439 0.000000 0.006132 0.000000 0.006410 0.000000 0.000000 0.000000 0.000000 0.000000 0.057181 0.074086 0.011803 0.048329 0.011439 0.010621 0.006771 0.011778 0.023829 0.008140 0.007455 0.015778 0.008428 0.010518 0.042285 0.010048 0.004149 0.000000 0.010801 0.003935 0.000000 0.000833 0.005016 0.000000 0.043680 0.049609 0.027056 0.026439 0.009514 0.012536 0.007132 0.007306 0.005311 0.000000 0.000000 0.001764 0.007347 0.005620 0.016149 0.002557 0.003380 0.000000 0.002370 0.000000 0.000000 0.000000 0.001319 0.000000 0.037620 0.067993 0.014206 0.040495 0.000000 0.014300 0.003440 0.000000 0.000000 0.000000 0.000000 0.000000 0.002683 0.004541 0.008655 0.000000 0.000000 0.000000 0.002188 0.000000 0.000000 0.000378 0.002186 0.001639 
0.000000 0.000000 0.000000 0.000000 0.000377 0.000000 0.000000 0.001129 0.023948 0.118256 0.000000 0.068302 0.000000 0.000000 0.001377 0.000000 0.000000 0.001508 0.000000 0.000000 0.000000 0.000000 0.000000 0.000000 0.000000 0.000000 0.000484 0.000000 0.000000 0.000000 0.000889 0.000000 0.034341 0.165515 0.009590 0.086368 0.000000 0.000303 0.000000 0.000000 0.000000 0.000000 0.000000 0.000829 0.000000 0.000000 0.001143 0.000735 0.000000 0.000000 0.000000 0.000000 0.000000 0.000000 0.000000 0.000000 0.028099 0.102722 0.000000 0.056843 0.000000 0.000000 0.000000 0.000000 0.000000 0.000000 0.000668 0.001615 0.000000 0.000000 0.001469 0.000000 0.000000 0.001846 0.000000 0.000000 0.000000 0.001422 0.000000 0.000000 0.021152 0.172338 0.000000 0.093654 0.000000 0.000000 0.000000 0.000000 0.000000 0.001199 0.000000 0.000000 0.000000 0.000000 0.000000 0.001878 
0.015398 0.048852 0.093361 0.000000 0.019414 0.029587 0.028264 0.053780 0.000000 0.026857 0.367998 0.000000 0.033578 0.000000 0.121293 0.161619 
0.041997 0.077442 0.046589 0.384640 0.003184 0.074456 0.018633 0.124067 0.066131 0.021232 0.000000 0.000000 0.053872 0.000000 0.039532 0.048223 
0.000001 0.011121 0.057348 0.268354 0.000038 0.102249 0.000006 0.051452 0.000000 0.041544 0.237938 0.000000 0.200842 0.000000 0.007216 0.021892 
0.053321 0.108653 0.035354 0.000000 0.028614 0.029982 0.007027 0.119985 0.065439 0.027585 0.375512 0.000000 0.000002 0.049414 0.004073 0.095039 
0.012376 0.069999 0.257962 0.000000 0.000030 0.031694 0.027679 0.138668 0.000000 0.053339 0.000000 0.000000 0.000002 0.249809 0.112310 0.046132 
0.000001 0.064455 0.050235 0.207628 0.000020 0.013290 0.000008 0.044735 0.000000 0.356379 0.000000 0.000000 0.000002 0.030107 0.155512 0.077629 
0.039994 0.315720 0.092668 0.000000 0.011521 0.022309 0.095598 0.094883 0.000000 0.049753 0.000000 0.000000 0.000002 0.062672 0.066672 0.148209 
0.007060 0.091397 0.059958 0.000000 0.306681 0.059570 0.008795 0.081769 0.000000 0.262617 0.000000 0.000000 0.000002 0.000000 0.036758 0.085393 
0.000001 0.131702 0.000870 0.000000 0.000031 0.007085 0.014669 0.038131 0.000000 0.031569 0.000000 0.000000 0.000002 0.000000 0.716190 0.059749 
0.000001 0.060950 0.018383 0.000000 0.007094 0.026443 0.048840 0.354746 0.000000 0.064686 0.101998 0.000000 0.087588 0.000000 0.185112 0.044159 
0.038222 0.076735 0.144642 0.000000 0.005697 0.020149 0.000009 0.040764 0.000000 0.297968 0.000000 0.000000 0.000002 0.110012 0.016099 0.249700 
0.088564 0.111756 0.012640 0.000000 0.070614 0.025035 0.008866 0.129380 0.000000 0.024408 0.457801 0.000000 0.000002 0.000000 0.015226 0.055707 
0.000001 0.009871 0.236230 0.000000 0.000032 0.016134 0.045756 0.055716 0.000000 0.001677 0.086182 0.000000 0.051152 0.343006 0.091657 0.062586 
0.033257 0.117730 0.116546 0.019559 0.014068 0.013488 0.006178 0.094466 0.000000 0.110365 0.000000 0.000000 0.392502 0.000000 0.034240 0.047602 
0.019822 0.114814 0.021069 0.000000 0.079773 0.036363 0.024554 0.485014 0.051837 0.026983 0.000000 0.000000 0.037186 0.000000 0.054327 0.048256 
0.007662 0.282884 0.202607 0.000000 0.010557 0.009267 0.000011 0.054225 0.000000 0.032390 0.053774 0.000000 0.065225 0.201717 0.050573 0.029109 
0.000001 0.101083 0.021772 0.173572 0.057529 0.037178 0.007340 0.085911 0.000000 0.065642 0.000000 0.000000 0.117492 0.000000 0.290385 0.042096 
0.000001 0.125865 0.052134 0.000000 0.279239 0.030124 0.105601 0.125114 0.000000 0.048510 0.000000 0.000000 0.161360 0.031371 0.007363 0.033318 
0.040873 0.059725 0.081802 0.000000 0.064024 0.028166 0.000005 0.048742 0.033991 0.084397 0.000000 0.000000 0.000002 0.085463 0.069226 0.403584 
0.000001 0.247951 0.058287 0.000000 0.000033 0.041762 0.008097 0.072608 0.000000 0.072534 0.027540 0.000000 0.252747 0.000000 0.019900 0.198540 
0.000001 0.075244 0.025808 0.000000 0.000014 0.056261 0.037304 0.014652 0.000000 0.078161 0.065784 0.000000 0.027876 0.000000 0.005991 0.612905 
0.000001 0.280449 0.053274 0.000000 0.344906 0.012798 0.006853 0.155867 0.000000 0.037479 0.000000 0.000000 0.061932 0.000000 0.031483 0.014958 
0.000001 0.119149 0.029908 0.000000 0.000021 0.026266 0.000004 0.210992 0.000000 0.091544 0.025991 0.008378 0.000002 0.000000 0.446031 0.041712 
0.000000 0.015938 0.002418 0.000000 0.000019 0.253310 0.000008 0.018966 0.000000 0.005336 0.550751 0.000000 0.000002 0.000000 0.000670 0.152582 
0.000000 0.030944 0.100491 0.603413 0.020247 0.018623 0.007281 0.073609 0.000000 0.020698 0.000000 0.006072 0.051167 0.031385 0.000989 0.035078 
0.000000 0.015327 0.042525 0.000000 0.010709 0.018886 0.000008 0.012748 0.000000 0.005170 0.000000 0.000000 0.016494 0.000000 0.011417 0.866715 
0.130746 0.248697 0.012302 0.000000 0.020281 0.007663 0.020127 0.087592 0.000000 0.164337 0.000000 0.000000 0.000002 0.000000 0.255009 0.053244 
0.000001 0.012752 0.041665 0.000000 0.047092 0.132102 0.000008 0.045029 0.000000 0.094656 0.401868 0.000000 0.107803 0.000000 0.014168 0.102856 
0.118031 0.139238 0.108610 0.000000 0.000034 0.015469 0.015934 0.089211 0.000000 0.008496 0.208468 0.000000 0.000002 0.205787 0.029060 0.061658 
0.022210 0.159037 0.293765 0.000000 0.027509 0.027080 0.081967 0.137751 0.108403 0.003255 0.000000 0.000000 0.000002 0.000000 0.030511 0.108510 
0.000001 0.452306 0.021438 0.000000 0.014977 0.246788 0.032401 0.055362 0.000000 0.040252 0.042558 0.000000 0.000002 0.000000 0.076944 0.016969 
0.034491 0.085907 0.073170 0.000000 0.007160 0.051512 0.049798 0.027557 0.000000 0.023113 0.000000 0.000000 0.029079 0.076152 0.021502 0.520558 
0.000001 0.019776 0.233769 0.025392 0.005426 0.002958 0.005496 0.108927 0.000000 0.165821 0.000000 0.000000 0.355406 0.000000 0.002233 0.074794 
0.031618 0.098846 0.016349 0.000000 0.146233 0.098225 0.297384 0.167629 0.000000 0.003868 0.000000 0.000000 0.071144 0.000000 0.012937 0.055767 
0.070307 0.066695 0.016019 0.000000 0.004731 0.200531 0.348273 0.084116 0.043534 0.014015 0.000000 0.000000 0.000002 0.000000 0.033094 0.118682 
0.011753 0.042902 0.035044 0.035867 0.000032 0.025481 0.000010 0.046489 0.000000 0.067901 0.000000 0.000000 0.072815 0.000000 0.235333 0.426373 
0.000001 0.020879 0.062749 0.000000 0.000027 0.052292 0.240459 0.089167 0.000000 0.361416 0.000000 0.004156 0.100356 0.000000 0.015569 0.052929 
0.000001 0.006573 0.068834 0.240375 0.004388 0.250700 0.093175 0.039950 0.000000 0.034691 0.090842 0.000000 0.128864 0.000000 0.007273 0.034335 
0.015505 0.115778 0.054707 0.000000 0.024319 0.042744 0.000007 0.078522 0.000000 0.188803 0.000000 0.000000 0.000002 0.000000 0.034370 0.445242 
0.000001 0.077556 0.014815 0.000000 0.018268 0.028644 0.000007 0.544737 0.000000 0.006410 0.000000 0.000000 0.119296 0.000000 0.144217 0.046051 
0.000001 0.089725 0.287257 0.000000 0.008824 0.031950 0.003856 0.049689 0.000000 0.126913 0.000000 0.000000 0.000002 0.000000 0.309216 0.092566 
0.014129 0.116906 0.029573 0.000000 0.180909 0.442864 0.000008 0.164604 0.000000 0.001649 0.000000 0.000000 0.000001 0.000000 0.013084 0.036273 
0.020054 0.045295 0.073146 0.033672 0.000043 0.006582 0.000006 0.212322 0.000000 0.035030 0.048743 0.000000 0.186227 0.035945 0.002531 0.300404 
0.017135 0.108109 0.064989 0.000000 0.134922 0.015473 0.000010 0.113342 0.000000 0.435500 0.000000 0.000000 0.000002 0.000000 0.037201 0.073316 
0.000001 0.104456 0.347327 0.000000 0.074355 0.019184 0.004719 0.087876 0.039645 0.062251 0.000000 0.000000 0.000002 0.000000 0.174295 0.085889 
0.056254 0.531457 0.044092 0.048742 0.029844 0.009273 0.016963 0.073672 0.000000 0.083010 0.000000 0.000000 0.000002 0.000000 0.077800 0.028891 
0.011383 0.028729 0.053386 0.011861 0.000029 0.006367 0.000008 0.211836 0.000000 0.169677 0.000000 0.000000 0.362410 0.000000 0.024342 0.119970 
0.028889 0.056775 0.065724 0.000000 0.016218 0.015310 0.006581 0.230781 0.000000 0.029291 0.000000 0.000000 0.162524 0.000000 0.020549 0.367357 
0.000001 0.038630 0.011151 0.000000 0.007558 0.089952 0.227248 0.019873 0.000000 0.000742 0.543562 0.006439 0.013494 0.000000 0.016986 0.024364 
0.102921 0.151089 0.029549 0.472223 0.000033 0.019237 0.008231 0.085975 0.000000 0.001455 0.000000 0.000000 0.000002 0.000000 0.035678 0.093607 
0.027601 0.126240 0.070381 0.000000 0.032025 0.040139 0.199884 0.060630 0.000000 0.337205 0.000000 0.000000 0.000002 0.023416 0.011650 0.070826 
0.000001 0.112412 0.162916 0.000000 0.019985 0.267185 0.000007 0.075284 0.000000 0.075198 0.000000 0.000000 0.000002 0.222347 0.015671 0.048991 
0.000001 0.043028 0.009511 0.000000 0.000020 0.057329 0.543475 0.018526 0.000000 0.005020 0.073618 0.000000 0.017680 0.000000 0.219007 0.012785 
0.000001 0.182386 0.041332 0.000000 0.101917 0.482722 0.000008 0.023448 0.000000 0.080280 0.000000 0.000000 0.017698 0.000000 0.024791 0.045416 
0.096820 0.390194 0.087085 0.000000 0.000029 0.066988 0.013920 0.114438 0.000000 0.000970 0.093664 0.000000 0.049767 0.000000 0.036810 0.049315 
0.000001 0.283213 0.068784 0.000000 0.115038 0.379640 0.000007 0.086201 0.000000 0.002664 0.000000 0.000000 0.000002 0.000000 0.035412 0.029038 
0.013758 0.322984 0.042122 0.000000 0.000024 0.341084 0.008724 0.095786 0.017688 0.040994 0.000000 0.000000 0.005701 0.000000 0.087607 0.023529 
0.000000 0.090255 0.030970 0.037522 0.100108 0.035133 0.053507 0.043353 0.000000 0.533299 0.000000 0.000000 0.000002 0.000000 0.000710 0.075141 
0.155307 0.229578 0.023268 0.000000 0.036785 0.033640 0.034213 0.121352 0.000000 0.065782 0.000000 0.000000 0.186941 0.000000 0.056313 0.056821 
0.077584 0.289698 0.052940 0.000000 0.025966 0.022529 0.016019 0.173936 0.125019 0.010092 0.000000 0.000000 0.027922 0.000000 0.069660 0.108634 
0.000001 0.046624 0.016131 0.000000 0.000021 0.053983 0.000008 0.015531 0.000000 0.049620 0.655773 0.000000 0.000002 0.000000 0.112845 0.049462 
0.000001 0.181877 0.024750 0.000000 0.003742 0.019256 0.000006 0.008653 0.000000 0.011590 0.000000 0.000000 0.006916 0.000000 0.188347 0.554862 
0.157966 0.131550 0.018746 0.000000 0.026541 0.137760 0.054206 0.165903 0.035276 0.030172 0.000000 0.000000 0.000002 0.013152 0.153180 0.075546 
0.010623 0.025086 0.068746 0.000000 0.000016 0.295576 0.000006 0.019929 0.000000 0.011610 0.000000 0.000000 0.049921 0.053627 0.018440 0.446418 
0.000001 0.062972 0.028898 0.000000 0.000021 0.054700 0.000008 0.056919 0.000000 0.001597 0.159967 0.000000 0.000002 0.000000 0.579994 0.054921 
0.000001 0.007526 0.003217 0.274683 0.000022 0.163807 0.000006 0.035322 0.000000 0.018686 0.431623 0.000000 0.000002 0.000000 0.005057 0.060049 
0.000001 0.098461 0.039091 0.149262 0.285465 0.028930 0.003072 0.138788 0.000000 0.035702 0.000000 0.000000 0.020360 0.000000 0.098256 0.102613 
0.000000 0.058371 0.061647 0.000000 0.008242 0.020785 0.000004 0.477279 0.000000 0.001806 0.000000 0.000000 0.114766 0.000000 0.201840 0.055259 
0.022118 0.069418 0.180193 0.000000 0.015219 0.502627 0.077634 0.037616 0.000000 0.021050 0.000000 0.000000 0.000002 0.000000 0.014821 0.059302 
0.000001 0.100208 0.016505 0.000000 0.000028 0.019362 0.008250 0.062047 0.000000 0.104947 0.000000 0.000000 0.000002 0.000000 0.648191 0.040458 
0.012451 0.374436 0.043620 0.247350 0.045734 0.002480 0.007485 0.077827 0.000000 0.022080 0.023994 0.000000 0.023756 0.000000 0.096091 0.022697 
0.000001 0.491039 0.034474 0.000000 0.000028 0.027263 0.028144 0.254233 0.000000 0.060549 0.000000 0.000000 0.008058 0.000000 0.068997 0.027216 
0.000001 0.070239 0.078584 0.000000 0.011601 0.045977 0.134166 0.133169 0.000000 0.016283 0.000000 0.000000 0.045746 0.110517 0.001385 0.352332 
0.000001 0.041490 0.249984 0.000000 0.000027 0.022977 0.000006 0.042160 0.000000 0.016016 0.000000 0.000000 0.000002 0.000000 0.019884 0.607452 
0.013949 0.106264 0.145323 0.000000 0.252059 0.218111 0.011030 0.074864 0.000000 0.035386 0.030620 0.000000 0.000002 0.000000 0.060946 0.051447 
0.000001 0.170593 0.005535 0.000000 0.150184 0.036749 0.057516 0.501371 0.000000 0.010164 0.000000 0.000000 0.000002 0.020898 0.022934 0.024054 
0.052341 0.196164 0.077260 0.095689 0.018060 0.006450 0.000011 0.198091 0.132604 0.004172 0.000000 0.000000 0.000002 0.074603 0.075068 0.069483 
0.079529 0.225437 0.030911 0.000000 0.015575 0.027282 0.000009 0.394548 0.000000 0.002881 0.087712 0.000000 0.000002 0.044342 0.022545 0.069227 
0.000001 0.010262 0.023090 0.172103 0.000040 0.083548 0.620825 0.022130 0.000000 0.017852 0.000000 0.000000 0.000002 0.000000 0.030752 0.019396 
0.096393 0.129138 0.148587 0.000000 0.021131 0.016909 0.000010 0.095925 0.025242 0.001400 0.000000 0.000000 0.069533 0.228425 0.134161 0.033147 
0.000001 0.128639 0.023223 0.000000 0.054006 0.001475 0.010963 0.079045 0.062590 0.001068 0.000000 0.000000 0.000002 0.017021 0.559092 0.062875 
0.139691 0.218228 0.085348 0.000000 0.050151 0.100710 0.010312 0.168872 0.032287 0.034162 0.025054 0.000000 0.008746 0.000000 0.051410 0.075029 
0.000001 0.445407 0.120843 0.000000 0.027058 0.020023 0.003899 0.055075 0.000000 0.139633 0.000000 0.000000 0.021901 0.000000 0.114649 0.051511 
0.000001 0.000605 0.005757 0.000000 0.000012 0.950384 0.000007 0.001195 0.000000 0.000409 0.000000 0.000000 0.000001 0.000000 0.006055 0.035574 
0.018716 0.452446 0.103049 0.000000 0.000031 0.036125 0.005388 0.084127 0.000000 0.074570 0.000000 0.000000 0.033664 0.099240 0.065704 0.026941 
0.000001 0.113055 0.007954 0.000000 0.000024 0.002181 0.012199 0.031125 0.000000 0.068412 0.000000 0.000000 0.000002 0.000000 0.718196 0.046851 
0.012690 0.283377 0.386672 0.000000 0.025764 0.008511 0.014815 0.106645 0.000000 0.034388 0.000000 0.000000 0.000002 0.000000 0.080431 0.046705 
0.000001 0.016030 0.087386 0.000000 0.000025 0.008094 0.096052 0.021984 0.000000 0.031832 0.461054 0.000000 0.017511 0.092410 0.017639 0.149982 
0.000001 0.083738 0.030875 0.000000 0.278388 0.031608 0.000008 0.099982 0.033766 0.014533 0.297005 0.000000 0.008668 0.000000 0.071640 0.049788 
0.000001 0.112549 0.030938 0.000000 0.238577 0.019215 0.067379 0.312722 0.000000 0.137289 0.000000 0.000000 0.000002 0.000000 0.052466 0.028862 
0.000001 0.054933 0.082215 0.139970 0.009043 0.003734 0.002581 0.138598 0.000000 0.353993 0.000000 0.000000 0.095520 0.000000 0.038581 0.080830 
0.000001 0.199651 0.012898 0.000000 0.169634 0.020518 0.000009 0.491908 0.000000 0.010255 0.000000 0.000000 0.000002 0.000000 0.017223 0.077902 
0.000001 0.203849 0.064972 0.049443 0.008330 0.007961 0.000006 0.027971 0.000000 0.026602 0.454848 0.000000 0.064246 0.000000 0.024379 0.067391 
0.000001 0.046852 0.000282 0.000000 0.000018 0.094498 0.600508 0.157431 0.000000 0.002836 0.000000 0.000000 0.000001 0.000000 0.067607 0.029964 
0.009733 0.064883 0.052208 0.045997 0.022082 0.116790 0.000007 0.019361 0.000000 0.000851 0.000000 0.000000 0.037011 0.019324 0.025096 0.586655 
0.000001 0.673683 0.072814 0.000000 0.011139 0.013341 0.006754 0.057634 0.000000 0.018843 0.000000 0.000000 0.000002 0.000000 0.093840 0.051949 
0.000001 0.283445 0.063323 0.011201 0.008899 0.056132 0.167559 0.113647 0.000000 0.088203 0.000000 0.000000 0.102522 0.021872 0.035076 0.048120 
0.007418 0.006996 0.022998 0.213753 0.000026 0.220574 0.181505 0.030290 0.000000 0.000818 0.138551 0.000000 0.018542 0.000000 0.101635 0.056894 
0.010942 0.083187 0.018498 0.000000 0.026309 0.571523 0.040114 0.018317 0.000000 0.013579 0.033512 0.000000 0.000002 0.000000 0.133681 0.050336 
0.173197 0.274537 0.113319 0.000000 0.019431 0.019741 0.017329 0.101580 0.000000 0.014192 0.000000 0.000000 0.021673 0.131991 0.046320 0.066689 
0.060014 0.165035 0.045692 0.014121 0.027957 0.105747 0.000008 0.184368 0.179130 0.008552 0.000000 0.000000 0.029439 0.000000 0.078790 0.101148 
0.000000 0.017928 0.020154 0.097098 0.008969 0.093910 0.463393 0.115093 0.000000 0.000402 0.000000 0.000000 0.000002 0.000000 0.018845 0.164206 
0.035473 0.123464 0.021397 0.000000 0.013424 0.018512 0.000009 0.261076 0.045688 0.030401 0.000000 0.000000 0.000002 0.000000 0.384220 0.066335 
0.000001 0.208982 0.048485 0.000000 0.084157 0.105503 0.012943 0.052941 0.000000 0.394137 0.000000 0.000000 0.027410 0.000000 0.012994 0.052445 
0.020954 0.083831 0.068210 0.000000 0.015191 0.057123 0.000006 0.145750 0.000000 0.025978 0.096928 0.000000 0.000002 0.000000 0.050483 0.435545 
0.000001 0.024700 0.017821 0.248467 0.032035 0.054735 0.225872 0.251920 0.000000 0.027187 0.032798 0.000000 0.010630 0.000000 0.033672 0.040162 
0.007783 0.004545 0.061181 0.000000 0.000026 0.059275 0.000005 0.051694 0.000000 0.127942 0.000000 0.000000 0.209928 0.000000 0.000735 0.476887 
0.057209 0.148713 0.036094 0.230326 0.015652 0.008816 0.011713 0.095097 0.000000 0.106299 0.000000 0.000000 0.212557 0.000000 0.033586 0.043938 
0.000001 0.049572 0.022059 0.000000 0.154877 0.509850 0.000008 0.036433 0.000000 0.021248 0.000000 0.000000 0.000002 0.000000 0.027222 0.178729 
0.042291 0.106164 0.313375 0.026106 0.030752 0.049183 0.005895 0.093543 0.000000 0.004708 0.000000 0.000000 0.036120 0.000000 0.024754 0.267109 
0.000001 0.367979 0.020701 0.000000 0.000019 0.027567 0.169087 0.022857 0.000000 0.064881 0.000000 0.000000 0.024603 0.045942 0.227482 0.028881 
0.040126 0.369108 0.049399 0.000000 0.025658 0.017573 0.110719 0.156313 0.040915 0.024755 0.000000 0.000000 0.007141 0.000000 0.076299 0.081994 
0.000001 0.070195 0.080584 0.098238 0.000024 0.012875 0.000007 0.390955 0.000000 0.066943 0.131709 0.000000 0.000002 0.041081 0.017027 0.090359 
0.000001 0.099615 0.033821 0.308486 0.178060 0.017826 0.000005 0.266266 0.000000 0.043990 0.000000 0.000000 0.000002 0.000000 0.018243 0.033683 
0.000001 0.094343 0.242233 0.000000 0.112937 0.017250 0.000012 0.128258 0.000000 0.038710 0.000000 0.000000 0.140481 0.000000 0.014333 0.211444 
0.000001 0.040004 0.050247 0.339633 0.052260 0.025788 0.031731 0.026798 0.000000 0.174440 0.115341 0.000000 0.000002 0.000000 0.000988 0.142767 
0.000001 0.381325 0.059625 0.000000 0.281219 0.048047 0.006575 0.129596 0.000000 0.001707 0.000000 0.000000 0.000002 0.000000 0.062409 0.029496 
0.000001 0.120226 0.037517 0.000000 0.144164 0.049610 0.260481 0.182718 0.000000 0.007287 0.000000 0.000000 0.031256 0.000000 0.105149 0.061592 
0.022586 0.068352 0.024358 0.000000 0.058276 0.102922 0.442989 0.113613 0.000000 0.002562 0.030367 0.000000 0.000002 0.059076 0.029885 0.045011 
0.000001 0.141607 0.042897 0.000000 0.096430 0.014034 0.008478 0.146637 0.086757 0.009583 0.072338 0.000000 0.012789 0.000000 0.307312 0.061138 
0.099059 0.168131 0.008671 0.000000 0.047455 0.013387 0.014179 0.064250 0.000000 0.002207 0.000000 0.000000 0.000002 0.032884 0.503248 0.046527 
0.000001 0.068596 0.381884 0.022394 0.005196 0.103661 0.000007 0.069021 0.000000 0.001434 0.182955 0.000000 0.011834 0.023564 0.044996 0.084457 
0.000001 0.070640 0.019120 0.000000 0.007169 0.107269 0.638611 0.039895 0.000000 0.005316 0.000000 0.000000 0.000002 0.027146 0.069863 0.014968 
0.000001 0.202947 0.242753 0.000000 0.000029 0.012652 0.000008 0.083914 0.000000 0.038647 0.000000 0.000000 0.054949 0.306662 0.010267 0.047171 
0.000001 0.093132 0.037716 0.000000 0.060684 0.007090 0.000005 0.056402 0.040693 0.033565 0.479546 0.000000 0.041378 0.052055 0.015397 0.082338 
0.075985 0.112789 0.042653 0.000000 0.039100 0.032591 0.144017 0.254877 0.148796 0.018567 0.000000 0.000000 0.000002 0.000000 0.058067 0.072556 
0.029834 0.269233 0.154553 0.000000 0.017386 0.008198 0.015788 0.084284 0.000000 0.023259 0.000000 0.026462 0.000002 0.000000 0.303146 0.067855 
0.000001 0.084821 0.395373 0.207784 0.012498 0.007107 0.000010 0.138680 0.000000 0.037908 0.000000 0.000000 0.025406 0.000000 0.030882 0.059531 
0.000001 0.038997 0.035607 0.025912 0.000031 0.041810 0.033201 0.234927 0.000000 0.118652 0.000000 0.000000 0.000002 0.000000 0.011091 0.459769 
0.000001 0.021831 0.013016 0.000000 0.003422 0.809612 0.000007 0.047761 0.000000 0.058744 0.000000 0.000000 0.000002 0.000000 0.006010 0.039594 
0.237620 0.251812 0.070659 0.017439 0.036579 0.007084 0.052003 0.123823 0.026987 0.040041 0.000000 0.000000 0.000002 0.000000 0.056026 0.079927 
0.000001 0.058433 0.023684 0.000000 0.011750 0.462394 0.000008 0.038279 0.000000 0.164389 0.000000 0.000000 0.000002 0.000000 0.200005 0.041054 
0.008378 0.071696 0.037564 0.000000 0.000025 0.031036 0.062172 0.010924 0.000000 0.297869 0.067735 0.000000 0.000002 0.000000 0.015927 0.396671 
0.000001 0.170888 0.121326 0.000000 0.008782 0.023670 0.000009 0.461784 0.000000 0.045137 0.079351 0.000000 0.000002 0.000000 0.028718 0.060332 
0.009170 0.036254 0.124514 0.067745 0.020874 0.046781 0.000010 0.071963 0.000000 0.077129 0.000000 0.000000 0.244155 0.099528 0.034791 0.167085 
0.012386 0.107100 0.022760 0.126833 0.321022 0.029608 0.019984 0.130931 0.014511 0.049837 0.000000 0.000000 0.059829 0.000000 0.024136 0.081064 
0.000000 0.096271 0.047362 0.000000 0.030986 0.220175 0.000009 0.509597 0.000000 0.000933 0.000000 0.000000 0.000002 0.000000 0.045834 0.048831 
0.000001 0.362396 0.007279 0.000000 0.037349 0.040247 0.113803 0.146672 0.022938 0.009633 0.105961 0.000000 0.054435 0.000000 0.066249 0.033039 
0.030789 0.213159 0.067361 0.000000 0.018026 0.020836 0.033196 0.162705 0.060725 0.010816 0.068642 0.000000 0.000002 0.000000 0.044046 0.269699 
0.025369 0.111950 0.019204 0.000000 0.038807 0.006389 0.015128 0.121514 0.023771 0.012764 0.000000 0.000000 0.000002 0.000000 0.571438 0.053666 
0.000001 0.093029 0.083866 0.008426 0.194239 0.020435 0.000007 0.218087 0.000000 0.137839 0.000000 0.000000 0.000002 0.042248 0.137601 0.064220 
0.027853 0.153447 0.024105 0.000000 0.006898 0.006066 0.032624 0.046823 0.000000 0.040097 0.000000 0.000000 0.000002 0.000000 0.606895 0.055190 
0.000000 0.036147 0.009192 0.000000 0.003453 0.853028 0.000008 0.001736 0.000000 0.005796 0.000000 0.000000 0.000002 0.000000 0.009923 0.080714 
0.074444 0.556587 0.029339 0.000000 0.026378 0.005805 0.004845 0.062961 0.000000 0.017979 0.000000 0.000000 0.059638 0.000000 0.129843 0.032182 
0.169586 0.189609 0.043031 0.000000 0.027035 0.027739 0.139517 0.151851 0.000000 0.038387 0.000000 0.000000 0.071024 0.031597 0.057182 0.053441 
0.000001 0.061092 0.040415 0.426677 0.131514 0.018630 0.000011 0.135102 0.000000 0.002108 0.062899 0.009649 0.023615 0.000000 0.068132 0.020155 
0.012348 0.034967 0.073572 0.000000 0.057878 0.006910 0.018180 0.081558 0.000000 0.029973 0.136750 0.000000 0.000002 0.000000 0.004430 0.543431 
0.097121 0.133085 0.061233 0.016039 0.000028 0.013408 0.000011 0.257756 0.232083 0.001397 0.000000 0.000000 0.000002 0.069824 0.038756 0.079258 
0.000001 0.072133 0.161482 0.000000 0.003478 0.019115 0.000008 0.339754 0.000000 0.029432 0.180937 0.000000 0.033227 0.062869 0.034651 0.062914 
0.032478 0.148582 0.066036 0.000000 0.127879 0.015396 0.006018 0.186665 0.153976 0.010309 0.081295 0.000000 0.000002 0.000000 0.092640 0.078726 
0.000001 0.033376 0.009945 0.080781 0.000036 0.090235 0.631059 0.055717 0.000000 0.021463 0.000000 0.000000 0.000002 0.000000 0.026246 0.051138 
0.000001 0.062041 0.127054 0.017418 0.026496 0.015105 0.000010 0.113847 0.000000 0.071746 0.000000 0.000000 0.496096 0.000000 0.036366 0.033820 
0.000001 0.066839 0.012099 0.178678 0.000031 0.006665 0.006738 0.043021 0.000000 0.034282 0.000000 0.000000 0.018319 0.000000 0.600475 0.032852 
0.013749 0.134608 0.046761 0.009748 0.046305 0.060739 0.000010 0.043279 0.000000 0.183506 0.030763 0.000000 0.000002 0.000000 0.012834 0.417695 
0.053948 0.164964 0.072597 0.000000 0.022211 0.039899 0.000010 0.164069 0.102178 0.006061 0.208893 0.000000 0.000002 0.000000 0.060514 0.104651 
0.043196 0.152604 0.163348 0.000000 0.011388 0.071480 0.000007 0.111126 0.000000 0.124591 0.000000 0.004508 0.026510 0.191663 0.020100 0.079480 
0.000001 0.120491 0.042755 0.000000 0.000029 0.008066 0.014854 0.029833 0.000000 0.018005 0.519603 0.000000 0.000002 0.000000 0.183720 0.062643 
0.000001 0.025979 0.005542 0.000000 0.002163 0.254557 0.006758 0.063134 0.000000 0.268225 0.311426 0.000000 0.000002 0.024345 0.001251 0.036617 
0.047406 0.029328 0.061868 0.151613 0.039946 0.090723 0.000008 0.063175 0.023362 0.070296 0.024187 0.000000 0.338035 0.000000 0.020489 0.039564 
0.000001 0.029080 0.064890 0.000000 0.000051 0.479587 0.000007 0.020683 0.000000 0.012779 0.000000 0.000000 0.036412 0.095091 0.006380 0.255039 
0.065019 0.107953 0.008999 0.000000 0.089894 0.030316 0.005482 0.080052 0.000000 0.001041 0.469608 0.000000 0.042198 0.000000 0.034264 0.065173 
0.010603 0.079582 0.020999 0.059837 0.024037 0.023194 0.000007 0.461409 0.000000 0.059194 0.000000 0.000000 0.030681 0.000000 0.034656 0.195801 
0.000001 0.030303 0.064949 0.057859 0.000021 0.049096 0.229799 0.055162 0.000000 0.279273 0.000000 0.000000 0.052546 0.006973 0.061331 0.112688 
0.000001 0.071570 0.048161 0.225774 0.019058 0.007228 0.019122 0.078073 0.000000 0.039372 0.000000 0.000000 0.007170 0.000000 0.442371 0.042101 
0.038312 0.388920 0.055661 0.000000 0.013661 0.016094 0.008603 0.071711 0.000000 0.181285 0.116132 0.000000 0.000002 0.000000 0.044849 0.064771 
0.023613 0.182214 0.032875 0.000000 0.017014 0.016707 0.000008 0.031975 0.000000 0.016680 0.000000 0.000000 0.020777 0.000000 0.040894 0.617244 
0.000001 0.017234 0.327622 0.000000 0.004669 0.001801 0.000002 0.066285 0.000000 0.065488 0.000000 0.000000 0.083377 0.374500 0.007542 0.051479 
0.000000 0.014975 0.031878 0.019888 0.000041 0.123553 0.000007 0.083875 0.014718 0.143790 0.000000 0.000000 0.482141 0.000000 0.030108 0.055026 
0.000001 0.022722 0.036692 0.016307 0.060015 0.044790 0.009359 0.070353 0.039068 0.078522 0.000000 0.000000 0.260258 0.000000 0.314724 0.047191 
0.018969 0.287775 0.040430 0.000000 0.000034 0.460140 0.011266 0.024231 0.018757 0.057809 0.000000 0.000000 0.000002 0.000000 0.033059 0.047528 
0.208654 0.255063 0.009401 0.000000 0.026728 0.241341 0.029278 0.104810 0.000000 0.015387 0.000000 0.000000 0.000002 0.000000 0.042002 0.067334 
0.000001 0.092541 0.047009 0.064794 0.004450 0.227505 0.017667 0.393564 0.000000 0.002973 0.000000 0.000000 0.000002 0.039134 0.047426 0.062933 
0.047088 0.129943 0.054785 0.000000 0.072619 0.044379 0.213126 0.103977 0.000000 0.072932 0.000000 0.000000 0.225283 0.000000 0.012798 0.023070 
0.076835 0.153260 0.086345 0.000000 0.015468 0.033503 0.018579 0.228556 0.202965 0.008172 0.000000 0.000000 0.023701 0.000000 0.036004 0.116611 
0.000001 0.074240 0.007223 0.000000 0.041399 0.100998 0.028200 0.354577 0.000000 0.023151 0.131556 0.000000 0.000002 0.000000 0.050299 0.188354 
0.048066 0.066948 0.065467 0.000000 0.013118 0.013922 0.003316 0.093876 0.093333 0.372246 0.026233 0.000000 0.032336 0.000000 0.026731 0.144409 
0.015353 0.011916 0.149398 0.057463 0.000064 0.010069 0.000010 0.102708 0.000000 0.089064 0.000000 0.000000 0.493923 0.000000 0.026944 0.043088 
0.135053 0.159485 0.019115 0.071483 0.037810 0.030802 0.023891 0.131660 0.000000 0.069038 0.000000 0.000000 0.219161 0.000000 0.029035 0.073467 
0.000001 0.011015 0.035302 0.000000 0.004023 0.101424 0.520388 0.078746 0.000000 0.151997 0.000000 0.000000 0.034592 0.024725 0.006082 0.031706 
0.000001 0.011137 0.000460 0.000000 0.005247 0.018248 0.000008 0.109097 0.000000 0.000778 0.766095 0.000000 0.016176 0.000000 0.009123 0.063631 
