-1940770.943568
0
0.019327 0.013226 0.000000 0.013398 0.013861 0.007876 0.000888 0.017342 0.017366 0.003393 0.015626 0.018145 0.017699 0.011276 0.013561 0.032068 0.024029 0.010696 0.009635 0.037840 0.023519 0.004477 0.013064 0.017349 0.009546 0.000738 0.000000 0.000000 0.005461 0.006141 0.000522 0.012113 0.005262 0.000000 0.003966 0.009578 0.010100 0.009622 0.006622 0.017336 0.008151 0.010503 0.000000 0.024448 0.016012 0.006553 0.014935 0.039381 0.013016 0.003930 0.000000 0.007208 0.002550 0.003973 0.000000 0.010800 0.000383 0.000000 0.000000 0.006570 0.007397 0.004354 0.006342 0.013123 0.000000 0.004593 0.000000 0.009127 0.006685 0.002277 0.013112 0.017395 0.024808 0.000196 0.000000 0.028029 0.000000 0.002881 0.000000 0.004528 0.000000 0.001973 0.000000 0.007596 0.026231 0.004885 0.015186 0.029362 0.005792 0.010102 0.000000 0.027935 0.033761 0.009937 0.015394 0.045916 
0.000000 0.000000 0.000000 0.000000 0.000315 0.000000 0.000000 0.000670 0.014837 0.078406 0.000000 0.041752 0.000748 0.000000 0.001258 0.001399 0.000000 0.000703 0.000000 0.000000 0.000000 0.000000 0.000295 0.000000 0.000000 0.000468 0.000171 0.000000 0.000000 0.000000 0.001058 0.000000 0.056172 0.153487 0.017234 0.089798 0.000000 0.000399 0.000000 0.000000 0.000000 0.000000 0.000000 0.001637 0.000000 0.000579 0.000975 0.000255 0.000000 0.000000 0.000000 0.000000 0.000000 0.000261 0.000000 0.000000 0.016405 0.066126 0.000000 0.040746 0.000000 0.000000 0.000000 0.000000 0.000000 0.000000 0.000000 0.003829 0.000000 0.000000 0.001722 0.000000 0.000151 0.001136 0.000000 0.000000 0.000000 0.001533 0.000000 0.000000 0.034079 0.244500 0.035984 0.085541 0.000259 0.000145 0.000000 0.002432 0.000000 0.000590 0.000686 0.000366 0.000000 0.000000 0.000580 0.000313 
0.045272 0.038321 0.013676 0.032009 0.015053 0.006825 0.004039 0.008903 0.014339 0.004749 0.002430 0.009435 0.007056 0.006188 0.011457 0.005268 0.005960 0.000242 0.005382 0.004655 0.000000 0.000000 0.002563 0.000000 0.050636 0.055648 0.006989 0.045543 0.013488 0.011914 0.005667 0.015340 0.017491 0.008113 0.005638 0.019427 0.010084 0.015128 0.035409 0.020470 0.002718 0.002261 0.006534 0.003308 0.000000 0.001123 0.005913 0.000000 0.035749 0.036997 0.014537 0.027185 0.010856 0.010028 0.004742 0.008956 0.005324 0.000000 0.000000 0.003551 0.009291 0.007415 0.015956 0.010267 0.001790 0.000000 0.001297 0.001188 0.000000 0.000000 0.004186 0.000000 0.032682 0.049954 0.008853 0.039570 0.000000 0.011746 0.002536 0.000000 0.000000 0.000000 0.000000 0.005769 0.004867 0.008496 0.007868 0.010221 0.000000 0.000000 0.000800 0.000000 0.000000 0.000556 0.004104 0.000000 
0.000000 0.000000 0.000000 0.000000 0.000000 0.000340 0.000336 0.000000 0.006597 0.001451 0.001636 0.000838 0.000000 0.000000 0.000000 0.000000 0.000902 0.000000 0.000516 0.001549 0.000000 0.000000 0.000000 0.000000 0.000000 0.000000 0.000000 0.002525 0.000000 0.000000 0.000000 0.000000 0.016904 0.000000 0.005074 0.008194 0.000000 0.000772 0.000000 0.000456 0.000425 0.000000 0.000000 0.001564 0.000000 0.000000 0.000335 0.000000 0.000000 0.000000 0.000000 0.000000 0.000000 0.000000 0.000000 0.000000 0.005156 0.000000 0.000000 0.001782 0.000000 0.000000 0.000000 0.000639 0.000000 0.000000 0.000000 0.000606 0.000000 0.000000 0.000000 0.000132 0.011597 0.005261 0.001834 0.012080 0.029894 0.000000 0.001587 0.058461 0.441740 0.088728 0.057579 0.231064 0.000000 0.000508 0.000000 0.000303 0.000000 0.000635 0.000000 0.000000 0.000000 0.000000 0.000000 0.000000 
0.002767 0.000000 0.000000 0.000000 0.003017 0.001552 0.000000 0.002476 0.008861 0.000000 0.000000 0.002172 0.006031 0.007642 0.003511 0.004529 0.059517 0.038097 0.064838 0.028513 0.000000 0.001254 0.001676 0.002568 0.009375 0.005667 0.002327 0.000000 0.001492 0.001274 0.000000 0.000000 0.020843 0.003898 0.002848 0.016517 0.000000 0.007458 0.000000 0.002850 0.038188 0.045284 0.058965 0.037824 0.000000 0.005303 0.004275 0.005469 0.002006 0.005115 0.000000 0.000000 0.000818 0.000888 0.000000 0.000000 0.017178 0.006877 0.000000 0.011941 0.000689 0.004465 0.000000 0.001173 0.069126 0.031787 0.050093 0.046327 0.000000 0.000340 0.000000 0.003120 0.001571 0.006754 0.001569 0.000000 0.000561 0.002601 0.000000 0.000000 0.006278 0.000000 0.000000 0.000001 0.006010 0.015115 0.002896 0.006223 0.058133 0.040196 0.040956 0.041747 0.000000 0.003489 0.001347 0.003731 
0.000000 0.001059 0.000000 0.000000 0.005108 0.000461 0.000000 0.005716 0.001891 0.000000 0.000000 0.000303 0.000988 0.001395 0.000000 0.001062 0.000000 0.000000 0.000000 0.000000 0.000000 0.000000 0.000000 0.000000 0.000000 0.000000 0.000000 0.000000 0.007108 0.001640 0.000421 0.007653 0.001641 0.000000 0.000004 0.000005 0.000000 0.000000 0.000000 0.000000 0.000000 0.000000 0.000000 0.000001 0.000000 0.000000 0.000000 0.000000 0.000000 0.000816 0.000000 0.000000 0.000762 0.001408 0.000000 0.003560 0.001016 0.000000 0.000000 0.000006 0.000000 0.000401 0.000000 0.000000 0.000000 0.000653 0.000000 0.000485 0.000000 0.000882 0.000000 0.000000 0.054989 0.018411 0.002228 0.017827 0.308058 0.078547 0.010717 0.375123 0.077453 0.004033 0.000000 0.005209 0.000000 0.000000 0.000000 0.000000 0.000653 0.000000 0.000000 0.000305 0.000000 0.000000 0.000000 0.000000 
0.000577 0.000000 0.000000 0.008647 0.000000 0.000000 0.000000 0.000000 0.000004 0.000000 0.000000 0.001412 0.000000 0.000000 0.000000 0.000000 0.000000 0.003623 0.000000 0.001307 0.000000 0.005455 0.002541 0.013586 0.003970 0.000000 0.000000 0.015723 0.000000 0.000228 0.000000 0.000000 0.000001 0.000000 0.007023 0.001652 0.000000 0.000000 0.000000 0.000000 0.000000 0.000000 0.000000 0.002183 0.001031 0.000537 0.002904 0.021130 0.001916 0.001472 0.000000 0.007499 0.000000 0.000000 0.000000 0.000000 0.000002 0.000000 0.019132 0.010007 0.000000 0.000000 0.000000 0.000000 0.005012 0.009636 0.003552 0.014312 0.000000 0.002395 0.000000 0.001531 0.042427 0.011920 0.001859 0.341186 0.000000 0.000000 0.000000 0.000000 0.000000 0.024240 0.248295 0.037127 0.000000 0.000000 0.000000 0.001749 0.002227 0.011121 0.008274 0.009818 0.004344 0.009840 0.001291 0.074278 
0.005858 0.006750 0.000000 0.000000 0.000000 0.002737 0.000000 0.003753 0.038007 0.008164 0.224585 0.009864 0.001538 0.002204 0.000000 0.008708 0.008328 0.001671 0.012806 0.004043 0.000000 0.002569 0.000000 0.002153 0.005015 0.015971 0.004880 0.008506 0.000000 0.000000 0.000000 0.000000 0.014740 0.008538 0.154450 0.007423 0.000000 0.000000 0.000000 0.000000 0.000000 0.000000 0.016087 0.000285 0.000000 0.002930 0.004494 0.000000 0.003800 0.002504 0.000000 0.000000 0.000000 0.003306 0.000000 0.001699 0.040870 0.034229 0.146620 0.021198 0.000000 0.000121 0.000862 0.001754 0.004182 0.000000 0.000000 0.004266 0.000000 0.000000 0.000000 0.000000 0.007429 0.002631 0.001573 0.000000 0.000000 0.000000 0.000000 0.000000 0.003523 0.000000 0.110273 0.000001 0.001719 0.000000 0.000000 0.000000 0.004607 0.000000 0.009643 0.000000 0.000000 0.000459 0.002154 0.003519 
0.000000 0.003143 0.000000 0.020900 0.000312 0.000000 0.000380 0.000000 0.025697 0.025589 0.047537 0.020653 0.000000 0.004612 0.000000 0.004307 0.002738 0.004232 0.001983 0.002105 0.000000 0.001080 0.000836 0.003826 0.008165 0.011653 0.001939 0.095384 0.000000 0.000000 0.000000 0.000250 0.000000 0.002594 0.022585 0.008100 0.000498 0.003948 0.000000 0.001747 0.000000 0.003103 0.002717 0.000676 0.000000 0.002233 0.000227 0.007591 0.001556 0.012141 0.001012 0.056982 0.000581 0.000000 0.000000 0.000640 0.065955 0.122550 0.168571 0.080752 0.000000 0.003506 0.001092 0.001933 0.008768 0.030887 0.011589 0.006333 0.000000 0.002848 0.002822 0.011023 0.000486 0.012163 0.000707 0.031334 0.000000 0.000821 0.000000 0.000000 0.000000 0.001809 0.000000 0.005772 0.000000 0.000405 0.000000 0.000000 0.000158 0.005624 0.001702 0.000536 0.000000 0.001211 0.000000 0.002393 
0.050785 0.452209 0.153505 0.102104 0.060893 0.022228 0.000001 0.120271 0.038004 
0.127805 0.040171 0.096462 0.071578 0.128465 0.026943 0.374182 0.032838 0.101556 
0.015052 0.204327 0.011104 0.153633 0.056926 0.000051 0.285296 0.055239 0.218373 
0.143998 0.399914 0.107576 0.105670 0.146166 0.003129 0.000001 0.073891 0.019655 
0.018776 0.030090 0.167927 0.031934 0.162632 0.030614 0.000001 0.336201 0.221824 
0.001535 0.065465 0.234550 0.013787 0.047115 0.000288 0.231421 0.042524 0.363316 
0.154442 0.138451 0.276593 0.016557 0.102036 0.101775 0.000001 0.089087 0.121058 
0.398522 0.069311 0.040073 0.053954 0.091327 0.010634 0.040561 0.023393 0.272225 
0.019817 0.039906 0.845021 0.005147 0.047156 0.016810 0.000001 0.000219 0.025925 
0.010800 0.125822 0.223914 0.044006 0.379109 0.050631 0.000001 0.016010 0.149705 
0.050355 0.229196 0.090301 0.015214 0.044971 0.003769 0.000001 0.135299 0.430895 
0.192434 0.402591 0.085214 0.120220 0.133582 0.007411 0.033596 0.020598 0.004353 
0.019322 0.119041 0.089142 0.032938 0.074868 0.044775 0.000001 0.356908 0.263005 
0.087210 0.036702 0.103285 0.017052 0.101648 0.009473 0.000001 0.107382 0.537245 
0.200971 0.035994 0.094768 0.032740 0.514138 0.030694 0.000001 0.002244 0.088451 
0.133885 0.069213 0.197167 0.020257 0.077227 0.000478 0.000001 0.270209 0.231564 
0.098708 0.032810 0.332055 0.035183 0.093850 0.009853 0.182292 0.000715 0.214534 
0.402672 0.025309 0.004608 0.027348 0.136353 0.105541 0.013253 0.025417 0.259499 
0.164907 0.386358 0.117206 0.020453 0.052801 0.000094 0.000001 0.074227 0.183953 
0.106480 0.207983 0.137973 0.044315 0.080940 0.010449 0.000001 0.012985 0.398873 
0.008599 0.666463 0.055423 0.045698 0.018621 0.041111 0.000001 0.000683 0.163402 
0.561405 0.011212 0.068387 0.011060 0.168275 0.007780 0.024641 0.021835 0.125404 
0.002950 0.050268 0.579535 0.031656 0.230162 0.000045 0.000001 0.031365 0.074017 
0.005198 0.581923 0.007598 0.368945 0.024959 0.000064 0.006672 0.001786 0.002855 
0.046706 0.024869 0.006016 0.018889 0.071725 0.008431 0.607442 0.110696 0.105226 
0.019884 0.864991 0.010958 0.001662 0.010816 0.002699 0.000001 0.018055 0.070934 
0.162790 0.042590 0.525226 0.005523 0.083560 0.028820 0.000001 0.001148 0.150342 
0.056387 0.414271 0.009134 0.208007 0.053575 0.000064 0.037938 0.048707 0.171916 
0.118122 0.236124 0.171778 0.050909 0.103591 0.021001 0.000001 0.179533 0.118942 
0.223818 0.087205 0.098643 0.027692 0.143400 0.087750 0.000001 0.300003 0.031487 
0.204611 0.039516 0.349144 0.264002 0.055451 0.033146 0.003974 0.010575 0.039581 
0.058078 0.514035 0.078145 0.030109 0.032991 0.058974 0.000001 0.064844 0.162824 
0.019886 0.063948 0.011386 0.006578 0.112756 0.006993 0.000001 0.227352 0.551099 
0.258152 0.044591 0.020514 0.084739 0.172342 0.311825 0.009038 0.000439 0.098360 
0.089498 0.121957 0.103724 0.176744 0.088010 0.382990 0.000001 0.001475 0.035601 
0.008758 0.405092 0.274836 0.013950 0.048659 0.004434 0.022165 0.001981 0.220125 
0.001585 0.043701 0.036231 0.053676 0.091155 0.246831 0.000001 0.037851 0.488968 
0.014082 0.096777 0.010181 0.269795 0.040282 0.100299 0.244501 0.058955 0.165128 
0.092565 0.421503 0.103491 0.033757 0.070366 0.002270 0.000001 0.006795 0.269252 
0.032713 0.037213 0.164911 0.026102 0.585057 0.002067 0.000001 0.000526 0.151410 
0.023378 0.077228 0.392277 0.032578 0.051971 0.005940 0.014988 0.287801 0.113839 
0.300945 0.026396 0.030548 0.441747 0.165145 0.010176 0.000001 0.018411 0.006632 
0.050720 0.328308 0.023360 0.014590 0.223986 0.000168 0.000001 0.061685 0.297181 
0.216675 0.063645 0.084283 0.013005 0.112934 0.002929 0.032842 0.024899 0.448788 
0.169092 0.059163 0.219201 0.023793 0.085384 0.005578 0.000001 0.355486 0.082302 
0.302354 0.021207 0.419092 0.009896 0.066431 0.019426 0.051432 0.031493 0.078669 
0.006532 0.107463 0.048287 0.007708 0.235340 0.001416 0.000001 0.009725 0.583527 
0.061338 0.350279 0.044621 0.004344 0.244437 0.012386 0.000001 0.025737 0.256858 
0.024692 0.430028 0.039484 0.221695 0.023844 0.211819 0.022231 0.024783 0.001425 
0.148435 0.091809 0.167458 0.014403 0.074127 0.017925 0.448889 0.024792 0.012161 
0.118894 0.060189 0.090077 0.036496 0.056208 0.207425 0.017158 0.044396 0.369156 
0.080885 0.027093 0.060184 0.274120 0.090600 0.000098 0.000001 0.214986 0.252032 
0.000936 0.060047 0.252466 0.061258 0.022288 0.552429 0.023954 0.009611 0.017010 
0.232039 0.038685 0.081543 0.479901 0.019506 0.009442 0.000001 0.021727 0.117157 
0.254196 0.123185 0.261928 0.083705 0.109166 0.022651 0.000001 0.098611 0.046557 
0.311946 0.017786 0.126934 0.387800 0.081829 0.000127 0.000001 0.050839 0.022737 
0.129729 0.012393 0.303855 0.343460 0.106945 0.016631 0.000001 0.028424 0.058562 
0.166613 0.068876 0.015548 0.032629 0.038417 0.054592 0.078766 0.000791 0.543767 
0.234607 0.046039 0.222099 0.029412 0.124817 0.054960 0.000001 0.000532 0.287532 
0.305764 0.105587 0.255348 0.017210 0.190714 0.023687 0.000001 0.030672 0.071018 
0.002157 0.550212 0.158592 0.178253 0.024537 0.000036 0.040073 0.039373 0.006767 
0.054469 0.543009 0.310452 0.006140 0.008894 0.001412 0.000001 0.000879 0.074744 
0.175443 0.073317 0.324547 0.122406 0.172759 0.080810 0.000001 0.012184 0.038532 
0.004321 0.443691 0.038570 0.281320 0.024617 0.001130 0.000001 0.062589 0.143762 
0.000995 0.165195 0.633646 0.086021 0.063287 0.000083 0.016969 0.032001 0.001804 
0.003604 0.368588 0.010660 0.256636 0.038460 0.000045 0.313600 0.003239 0.005167 
0.385583 0.086372 0.085781 0.023715 0.139722 0.003954 0.177888 0.015091 0.081894 
0.018592 0.043678 0.217714 0.020827 0.505215 0.000092 0.000001 0.054048 0.139834 
0.056595 0.046966 0.056642 0.492488 0.031796 0.100445 0.000001 0.179118 0.035949 
0.013412 0.029972 0.758864 0.016694 0.070601 0.010610 0.000001 0.014603 0.085243 
0.257214 0.034801 0.274205 0.006684 0.072021 0.008772 0.253046 0.029868 0.063389 
0.190373 0.018370 0.364987 0.029556 0.266114 0.030375 0.000001 0.019352 0.080871 
0.046582 0.346576 0.029575 0.028799 0.145823 0.138604 0.000001 0.074875 0.189166 
0.006141 0.601567 0.034380 0.016012 0.038367 0.000122 0.000001 0.237368 0.066042 
0.384332 0.055825 0.062742 0.227489 0.067353 0.017195 0.005681 0.130887 0.048495 
0.279309 0.017393 0.066369 0.032923 0.516203 0.059152 0.000001 0.000508 0.028141 
0.216424 0.055480 0.224295 0.003174 0.231791 0.007646 0.090468 0.079556 0.091166 
0.154565 0.143647 0.173474 0.036797 0.416083 0.009052 0.000001 0.037716 0.028665 
0.006172 0.018973 0.038273 0.068844 0.019462 0.635759 0.174965 0.024133 0.013419 
0.127679 0.020934 0.262172 0.013500 0.123223 0.013899 0.000001 0.210825 0.227768 
0.129692 0.048858 0.662614 0.000699 0.101763 0.012280 0.000001 0.015760 0.028333 
0.267378 0.086441 0.222715 0.100061 0.164573 0.028128 0.000001 0.076325 0.054378 
0.226075 0.040827 0.376033 0.021591 0.048291 0.005902 0.000001 0.106759 0.174521 
0.000518 0.039229 0.005842 0.940960 0.001667 0.009878 0.000001 0.000464 0.001442 
0.221815 0.012706 0.311499 0.040057 0.088338 0.006304 0.000001 0.104310 0.214969 
0.012036 0.026073 0.841449 0.001425 0.042882 0.013567 0.000001 0.002226 0.060341 
0.154378 0.025614 0.239873 0.014663 0.107709 0.016081 0.000001 0.394467 0.047215 
0.005164 0.522840 0.027436 0.089990 0.033890 0.085955 0.019700 0.143050 0.071975 
0.363863 0.267925 0.064783 0.079143 0.113805 0.000040 0.068347 0.034728 0.007367 
0.360575 0.018914 0.063379 0.017508 0.312918 0.067975 0.000001 0.011717 0.147014 
0.022930 0.068190 0.075583 0.003614 0.141565 0.003294 0.160470 0.049240 0.475113 
0.321734 0.070186 0.056013 0.012815 0.498761 0.005354 0.009815 0.000281 0.025042 
0.078718 0.427380 0.143367 0.087087 0.041853 0.000019 0.080767 0.089012 0.051797 
0.002331 0.028640 0.105844 0.076647 0.165338 0.618550 0.000001 0.000120 0.002528 
0.071585 0.588550 0.050295 0.099686 0.018545 0.003724 0.024951 0.025666 0.116998 
0.307555 0.039324 0.474592 0.015358 0.055627 0.008894 0.000001 0.058297 0.040352 
0.144754 0.038739 0.170702 0.055604 0.121214 0.170657 0.006633 0.047740 0.243956 
0.001690 0.154721 0.111330 0.244545 0.029740 0.191160 0.230634 0.026873 0.009306 
0.064360 0.066620 0.189885 0.570135 0.021037 0.059984 0.000001 0.010989 0.016989 
0.229522 0.051741 0.282378 0.016322 0.108564 0.032628 0.000001 0.132664 0.146180 
0.256595 0.090398 0.207209 0.099750 0.222025 0.011038 0.011530 0.027030 0.074426 
0.019943 0.167332 0.021975 0.073071 0.116790 0.479025 0.093265 0.017129 0.011471 
0.070096 0.053219 0.512531 0.013740 0.288968 0.007107 0.000001 0.011337 0.043002 
0.212685 0.041527 0.099524 0.106535 0.047490 0.017164 0.017635 0.010151 0.447289 
0.060843 0.511919 0.107404 0.065561 0.148467 0.000073 0.000001 0.060776 0.044957 
0.049035 0.059693 0.036065 0.055134 0.253897 0.230731 0.262375 0.010689 0.042381 
0.002686 0.447982 0.009039 0.052483 0.055214 0.000101 0.000001 0.001287 0.431206 
0.125563 0.033211 0.134084 0.009489 0.093437 0.016628 0.223427 0.000941 0.363221 
0.200528 0.164398 0.017891 0.480085 0.038291 0.018358 0.023342 0.000774 0.056334 
0.114195 0.255733 0.082168 0.044018 0.087680 0.011520 0.019634 0.316197 0.068855 
0.087541 0.018959 0.502878 0.026420 0.042432 0.169746 0.000001 0.015310 0.136714 
0.223823 0.075048 0.316980 0.013511 0.166968 0.115007 0.000001 0.033016 0.055645 
0.006804 0.189903 0.059528 0.033245 0.416830 0.000047 0.112015 0.087558 0.094071 
0.256831 0.024392 0.021326 0.016544 0.268340 0.000074 0.343787 0.014533 0.054173 
0.196510 0.185638 0.011592 0.014150 0.127330 0.003263 0.000001 0.226156 0.235361 
0.081788 0.220471 0.005266 0.046409 0.021078 0.029408 0.376520 0.039329 0.179730 
0.558143 0.019817 0.175251 0.045263 0.122265 0.008435 0.011188 0.037982 0.021656 
0.247472 0.051673 0.122211 0.041949 0.187684 0.265765 0.000001 0.022035 0.061210 
0.123734 0.067577 0.053978 0.097020 0.118066 0.457968 0.000001 0.030908 0.050748 
0.218531 0.107735 0.379923 0.023564 0.170063 0.008951 0.025759 0.033368 0.032107 
0.131173 0.031886 0.686119 0.010227 0.074227 0.023214 0.000001 0.001057 0.042096 
0.027909 0.219161 0.071852 0.142636 0.077181 0.000070 0.027375 0.423909 0.009907 
0.038126 0.011416 0.110919 0.092482 0.042437 0.654952 0.000001 0.019342 0.030325 
0.066677 0.031453 0.125758 0.016087 0.113633 0.000273 0.000001 0.328856 0.317263 
0.144641 0.472503 0.046139 0.090986 0.072681 0.000020 0.034787 0.067344 0.070898 
0.250931 0.060861 0.147978 0.025374 0.284233 0.161090 0.000001 0.027633 0.041899 
0.115838 0.051915 0.525765 0.008419 0.087968 0.019205 0.000001 0.154619 0.036271 
0.062229 0.036801 0.055030 0.011776 0.135455 0.000115 0.217071 0.403701 0.077823 
0.007829 0.451946 0.031403 0.025710 0.237138 0.038595 0.022778 0.003652 0.180948 
0.011201 0.032636 0.018158 0.816558 0.045973 0.002990 0.000001 0.000927 0.071557 
0.321606 0.070967 0.303685 0.003099 0.111743 0.075714 0.000001 0.063367 0.049818 
0.021666 0.027663 0.261556 0.451614 0.039947 0.015275 0.012916 0.011782 0.157581 
0.038313 0.433031 0.055644 0.034294 0.005248 0.064626 0.000001 0.004208 0.364634 
0.045383 0.118997 0.139774 0.033586 0.483627 0.004008 0.014601 0.131545 0.028479 
0.053852 0.144067 0.047383 0.043287 0.088467 0.005182 0.048034 0.119293 0.450434 
0.448597 0.062658 0.018164 0.026135 0.136410 0.020888 0.153270 0.000463 0.133415 
0.078560 0.043204 0.080698 0.209681 0.523598 0.013417 0.000001 0.040255 0.010587 
0.221290 0.116434 0.241028 0.058726 0.159630 0.112260 0.017091 0.000600 0.072942 
0.179365 0.325828 0.164492 0.023776 0.175438 0.037770 0.000001 0.050959 0.042371 
0.091148 0.038926 0.680383 0.003415 0.135626 0.019492 0.000001 0.009939 0.021071 
0.277320 0.051065 0.147475 0.018513 0.222696 0.000099 0.034534 0.064356 0.183943 
0.033673 0.040993 0.768237 0.003487 0.055496 0.037279 0.000001 0.019439 0.041397 
0.012498 0.088248 0.032202 0.808597 0.003111 0.041041 0.000001 0.000698 0.013604 
0.333732 0.020401 0.446178 0.006406 0.055359 0.011317 0.000001 0.009253 0.117353 
0.190234 0.043763 0.235530 0.020204 0.155250 0.166024 0.000001 0.031450 0.157543 
0.190917 0.062270 0.066983 0.026291 0.131489 0.001927 0.465007 0.033387 0.021730 
0.107400 0.654142 0.005841 0.014636 0.074338 0.018949 0.000001 0.050739 0.073955 
0.256149 0.073111 0.208188 0.007410 0.312736 0.008636 0.000001 0.079499 0.054270 
0.021314 0.209575 0.071656 0.050139 0.364019 0.000086 0.000001 0.201680 0.081530 
0.351936 0.135199 0.169152 0.028098 0.211911 0.008118 0.015723 0.056997 0.022866 
0.018508 0.053320 0.045129 0.071712 0.054366 0.648319 0.078974 0.007613 0.022060 
0.065954 0.025756 0.051951 0.019469 0.132991 0.001855 0.000001 0.106160 0.595862 
0.002253 0.013445 0.668448 0.006298 0.050092 0.007916 0.185699 0.005071 0.060778 
0.130434 0.421942 0.078068 0.052691 0.036894 0.005634 0.011656 0.004844 0.257837 
0.196602 0.273677 0.181116 0.074269 0.184218 0.003436 0.000001 0.083280 0.003401 
0.099435 0.059405 0.128974 0.073926 0.126740 0.003307 0.000001 0.201638 0.306573 
0.023687 0.454161 0.262388 0.120288 0.039664 0.000121 0.044155 0.053914 0.001623 
0.007642 0.272650 0.020909 0.329358 0.072403 0.006130 0.032669 0.011301 0.246938 
0.115401 0.055926 0.046893 0.092589 0.070539 0.009889 0.136892 0.020851 0.451018 
0.014305 0.256117 0.014194 0.451467 0.028398 0.014944 0.000001 0.071191 0.149384 
0.201128 0.430166 0.083104 0.124996 0.089398 0.000103 0.032920 0.029267 0.008919 
0.068740 0.186132 0.071045 0.018469 0.474725 0.001764 0.053362 0.001043 0.124720 
0.001979 0.095541 0.092841 0.045827 0.054312 0.235340 0.067285 0.045612 0.361262 
0.023376 0.023935 0.506542 0.006225 0.083153 0.020989 0.238699 0.044160 0.052919 
0.146789 0.158994 0.350456 0.037728 0.082527 0.008430 0.015813 0.056636 0.142627 
0.109412 0.602252 0.140506 0.002035 0.027752 0.006225 0.000001 0.001099 0.110718 
0.017442 0.029184 0.006507 0.004967 0.087798 0.000013 0.000001 0.433905 0.420183 
0.017983 0.041678 0.041209 0.137710 0.099974 0.000113 0.000001 0.000967 0.660365 
0.094297 0.027723 0.309473 0.044440 0.095355 0.012554 0.023049 0.000879 0.392228 
0.163476 0.042100 0.205955 0.454440 0.017431 0.024127 0.000001 0.023513 0.068957 
0.266983 0.056242 0.262678 0.226987 0.097493 0.062623 0.000001 0.000379 0.026615 
0.039405 0.056062 0.092067 0.222163 0.414036 0.026329 0.057443 0.046875 0.045621 
0.206341 0.014065 0.041015 0.041300 0.105230 0.226446 0.000001 0.027627 0.337976 
0.251765 0.106173 0.162607 0.027379 0.276709 0.029968 0.000001 0.078291 0.067107 
0.083071 0.287328 0.077213 0.121565 0.367484 0.030850 0.000001 0.000622 0.031865 
0.120509 0.153363 0.113961 0.014723 0.108826 0.008620 0.022134 0.036523 0.421341 
0.017939 0.034904 0.047901 0.013529 0.112751 0.003179 0.029981 0.123442 0.616374 
0.204453 0.064488 0.152844 0.027174 0.134171 0.039843 0.057350 0.000468 0.319210 
0.010823 0.031708 0.013222 0.090340 0.079942 0.534893 0.000001 0.027699 0.211372 
0.011467 0.682444 0.012061 0.142624 0.119422 0.000015 0.018479 0.009837 0.003652 
0.010326 0.068287 0.027221 0.213610 0.010243 0.000073 0.052418 0.013036 0.604784 
0.143721 0.028445 0.042652 0.123459 0.079443 0.108740 0.000001 0.367939 0.105602 
0.011134 0.625838 0.011858 0.140058 0.050085 0.000012 0.000001 0.044341 0.116672 
0.213888 0.206527 0.228349 0.157611 0.142907 0.027229 0.018756 0.000632 0.004101 
0.173869 0.120711 0.156209 0.353439 0.103853 0.042323 0.000001 0.018816 0.030780 
0.229826 0.060001 0.291468 0.029097 0.193674 0.003298 0.000001 0.056151 0.136483 
0.073475 0.499671 0.082068 0.150855 0.092099 0.038303 0.025787 0.033656 0.004086 
0.362025 0.139834 0.166668 0.028664 0.097353 0.005097 0.045438 0.002301 0.152621 
0.287962 0.272750 0.063426 0.143646 0.130126 0.010452 0.037819 0.035599 0.018221 
0.259683 0.014680 0.023225 0.360620 0.070838 0.019298 0.186449 0.008530 0.056677 
0.231378 0.016641 0.291648 0.045664 0.066132 0.006570 0.000001 0.035148 0.306818 
0.011744 0.063041 0.008543 0.026127 0.032290 0.410533 0.012535 0.038511 0.396676 
0.154371 0.263097 0.178376 0.005958 0.051279 0.000077 0.000001 0.256361 0.090481 
0.001494 0.206190 0.005202 0.019669 0.018583 0.000029 0.027879 0.010872 0.710081 
0.076851 0.327695 0.117487 0.037636 0.170727 0.017902 0.000001 0.008076 0.243626 
0.149781 0.011844 0.127841 0.513025 0.012836 0.053452 0.080438 0.017100 0.033684 
0.474667 0.210298 0.002800 0.061565 0.134825 0.000062 0.055059 0.056257 0.004468 
0.013545 0.817135 0.010599 0.021702 0.008720 0.000067 0.057317 0.019698 0.051217 
0.041454 0.180728 0.033408 0.186895 0.064548 0.014962 0.035617 0.225393 0.216996 
0.005077 0.168394 0.168640 0.017742 0.022271 0.001242 0.029213 0.060933 0.526489 
0.140322 0.034900 0.556624 0.008094 0.054919 0.011813 0.000001 0.051265 0.142064 
0.074495 0.013392 0.777487 0.007251 0.071601 0.015988 0.008385 0.009288 0.022113 
0.030201 0.070428 0.079873 0.064081 0.064890 0.015891 0.000001 0.332869 0.341766 
0.233276 0.035467 0.070808 0.017636 0.623922 0.005401 0.000001 0.001873 0.011616 
0.239975 0.048535 0.239601 0.167422 0.105765 0.125844 0.000001 0.035000 0.037857 
0.170884 0.095323 0.119521 0.043492 0.210482 0.017516 0.000001 0.037868 0.304911 
0.461577 0.066616 0.004417 0.051656 0.135116 0.006602 0.037833 0.196797 0.039387 
0.064689 0.094525 0.094106 0.048538 0.054307 0.074343 0.042537 0.099362 0.427593 
0.008747 0.050786 0.459505 0.011496 0.125356 0.014549 0.000001 0.005445 0.324116 
0.023062 0.230633 0.067806 0.020230 0.390147 0.003154 0.000001 0.017725 0.247243 
0.107407 0.149558 0.124682 0.011559 0.382533 0.195147 0.000001 0.001339 0.027774 
0.092730 0.083905 0.118854 0.008801 0.089267 0.006312 0.000001 0.093667 0.506464 
0.242493 0.064650 0.151738 0.025791 0.219946 0.008301 0.021214 0.058538 0.207330 
0.015191 0.669469 0.012199 0.239798 0.023104 0.000047 0.031135 0.006972 0.002084 
0.031860 0.022366 0.032491 0.027799 0.026744 0.011945 0.758062 0.032814 0.055918 
0.057252 0.067966 0.082549 0.005623 0.062935 0.000678 0.375843 0.040151 0.307002 
0.003266 0.822539 0.006842 0.076077 0.007491 0.000061 0.000001 0.014234 0.069490 
0.037894 0.188819 0.082243 0.173322 0.063011 0.003545 0.029594 0.398661 0.022911 
0.097764 0.025163 0.387936 0.051332 0.082298 0.314922 0.000001 0.003524 0.037061 
0.103039 0.034517 0.131275 0.012928 0.155901 0.026213 0.000001 0.066796 0.469329 
0.004455 0.025911 0.013540 0.169506 0.000642 0.757684 0.010765 0.003126 0.014371 
0.030695 0.038239 0.016788 0.177143 0.033554 0.170499 0.471780 0.028623 0.032677 
0.006415 0.742548 0.041315 0.002664 0.016694 0.011375 0.000001 0.082675 0.096312 
0.047242 0.701340 0.077427 0.051675 0.025796 0.013994 0.000001 0.000482 0.082043 
0.074389 0.178655 0.051494 0.052137 0.150562 0.000088 0.041656 0.013937 0.437081 
0.128541 0.015529 0.157474 0.525888 0.035332 0.013709 0.056961 0.016597 0.049969 
0.146642 0.069091 0.242289 0.024252 0.187744 0.004300 0.000001 0.184895 0.140785 
0.016733 0.029272 0.430619 0.024736 0.202038 0.007473 0.132646 0.015765 0.140718 
0.220128 0.085230 0.294106 0.144817 0.031501 0.000107 0.041377 0.008381 0.174353 
0.043058 0.055233 0.185223 0.626134 0.029244 0.017096 0.000001 0.018860 0.025151 
0.069176 0.020786 0.390803 0.215651 0.031331 0.012624 0.016593 0.105735 0.137302 
0.027909 0.301589 0.039749 0.112800 0.177978 0.016046 0.000001 0.291512 0.032416 
0.643615 0.026589 0.002656 0.010012 0.148796 0.022459 0.015588 0.000409 0.129876 
0.184074 0.103446 0.367331 0.014619 0.217489 0.012032 0.000001 0.024104 0.076904 
0.022186 0.023802 0.133316 0.617689 0.035149 0.001518 0.000001 0.027639 0.138699 
0.249608 0.167666 0.239823 0.022067 0.208732 0.020180 0.000001 0.041066 0.050858 
0.038890 0.021436 0.024370 0.027391 0.178120 0.000145 0.000001 0.028399 0.681248 
0.336203 0.084670 0.207679 0.017213 0.236676 0.016337 0.000001 0.053118 0.048103 
0.188209 0.152945 0.174366 0.050607 0.305396 0.017271 0.015704 0.077687 0.017815 
0.133045 0.048114 0.098311 0.009880 0.673888 0.015273 0.000001 0.002778 0.018710 
0.017345 0.308823 0.158910 0.090655 0.393385 0.000049 0.030022 0.000212 0.000599 
0.159698 0.035035 0.155546 0.073566 0.206979 0.007203 0.214690 0.109689 0.037594 
0.215516 0.045203 0.278627 0.002145 0.166547 0.029042 0.000001 0.052562 0.210359 
0.019627 0.039331 0.599286 0.010382 0.255188 0.012328 0.000001 0.048276 0.015582 
0.066520 0.093899 0.106997 0.010277 0.373456 0.009996 0.000001 0.007236 0.331618 
0.001652 0.113739 0.024140 0.024465 0.064310 0.000044 0.026890 0.001758 0.743002 
0.069003 0.091051 0.096997 0.045052 0.071330 0.154375 0.000001 0.189760 0.282434 
0.292305 0.028277 0.226705 0.029786 0.097624 0.110289 0.009320 0.165369 0.040324 
0.268619 0.372830 0.028235 0.099695 0.130821 0.000050 0.080239 0.015051 0.004461 
0.025089 0.073456 0.031810 0.028087 0.014943 0.042933 0.059654 0.008989 0.715037 
0.385054 0.077650 0.110924 0.023044 0.207966 0.111279 0.000001 0.033676 0.050405 
0.036310 0.205852 0.011503 0.482347 0.025050 0.195790 0.006962 0.005799 0.030386 
0.308320 0.000930 0.521861 0.020256 0.074028 0.004985 0.000001 0.036589 0.033031 
0.001676 0.023719 0.818841 0.003033 0.062029 0.014253 0.035525 0.009196 0.031728 
0.001343 0.063901 0.344261 0.235904 0.038959 0.007501 0.000001 0.030152 0.277979 
0.129260 0.069136 0.082519 0.169083 0.202101 0.010721 0.000001 0.127482 0.209698 
0.034048 0.013662 0.053598 0.071279 0.047005 0.694659 0.048177 0.012203 0.025367 
0.001331 0.060914 0.589918 0.154286 0.074294 0.025266 0.000001 0.063593 0.030398 
0.264800 0.036509 0.375398 0.137729 0.045556 0.024251 0.000001 0.031024 0.084732 
0.015756 0.163166 0.030205 0.020773 0.024634 0.000043 0.036474 0.075369 0.633579 
0.379082 0.043605 0.048527 0.008057 0.166527 0.012004 0.000001 0.130188 0.212008 
0.056639 0.287132 0.290654 0.018661 0.157980 0.020769 0.000001 0.054527 0.113637 
0.520132 0.029679 0.115040 0.007026 0.222613 0.005133 0.023673 0.030921 0.045784 
0.001514 0.167020 0.738517 0.016069 0.037080 0.011117 0.017443 0.006313 0.004925 
0.280476 0.088330 0.383607 0.100711 0.072428 0.000104 0.000001 0.051743 0.022600 
0.029772 0.474912 0.025197 0.293819 0.039936 0.000081 0.002486 0.092185 0.041611 
0.034368 0.062360 0.093163 0.009765 0.650994 0.002670 0.114541 0.011227 0.020913 
0.202363 0.211456 0.170432 0.217524 0.076245 0.042159 0.000001 0.034320 0.045499 
0.192308 0.090764 0.211701 0.006981 0.216034 0.008522 0.000001 0.028867 0.244821 
0.022885 0.049598 0.065744 0.120633 0.614052 0.088855 0.000001 0.000286 0.037947 
0.007641 0.274776 0.011321 0.584536 0.011716 0.000065 0.010601 0.001257 0.098087 
0.025676 0.107035 0.038836 0.671936 0.035020 0.015855 0.000001 0.034814 0.070826 
0.024380 0.052244 0.013568 0.680273 0.170307 0.024282 0.000001 0.031404 0.003540 
0.209554 0.250035 0.234901 0.076493 0.126184 0.029898 0.020299 0.043786 0.008850 
0.190638 0.628568 0.009923 0.003398 0.053259 0.000070 0.050921 0.011459 0.051764 
0.277686 0.046648 0.375662 0.001799 0.113953 0.006026 0.000001 0.039870 0.138355 
0.000755 0.179859 0.001407 0.011341 0.022220 0.000007 0.036194 0.000933 0.747284 
0.131858 0.029474 0.011781 0.174631 0.053751 0.557537 0.011247 0.003241 0.026480 
0.162641 0.015368 0.227303 0.069612 0.046667 0.204822 0.227052 0.002966 0.043568 
0.246423 0.268146 0.057206 0.039610 0.144276 0.033854 0.016610 0.032651 0.161225 
0.455889 0.019100 0.276710 0.011004 0.101204 0.006197 0.015770 0.023100 0.091027 
0.005770 0.561131 0.026643 0.137073 0.074094 0.018885 0.125144 0.042045 0.009215 
0.322190 0.032563 0.196222 0.015963 0.109109 0.009952 0.000001 0.045763 0.268236 
0.013475 0.077737 0.049474 0.047215 0.033049 0.076769 0.000001 0.148640 0.553640 
0.227742 0.079132 0.402308 0.027574 0.091080 0.009736 0.000001 0.027954 0.134474 
0.136222 0.051404 0.133679 0.005589 0.172584 0.016962 0.000001 0.194699 0.288858 
0.002225 0.034556 0.188905 0.466334 0.198231 0.067526 0.015477 0.011293 0.015453 
0.001154 0.085864 0.023060 0.010797 0.096111 0.000079 0.045500 0.122283 0.615152 
0.156508 0.067746 0.200155 0.166043 0.110871 0.096095 0.000001 0.161100 0.041483 
0.013774 0.057701 0.161004 0.051595 0.107063 0.004716 0.000001 0.188817 0.415328 
0.086040 0.030022 0.210702 0.176047 0.392698 0.013210 0.049936 0.013759 0.027586 
0.001754 0.146743 0.198063 0.171120 0.139718 0.010232 0.038941 0.107874 0.185555 
0.020203 0.310791 0.039267 0.107692 0.309656 0.000036 0.044433 0.029232 0.138690 
0.042069 0.047421 0.211629 0.368016 0.007579 0.023304 0.000001 0.002020 0.297959 
0.088407 0.033159 0.083646 0.626954 0.029665 0.027124 0.011873 0.015007 0.084165 
0.356246 0.126215 0.306662 0.015366 0.102210 0.052000 0.000001 0.022998 0.018302 
0.013854 0.162337 0.004014 0.115636 0.044459 0.000063 0.021667 0.078709 0.559261 
0.061206 0.065282 0.181562 0.142231 0.515599 0.000095 0.000001 0.000638 0.033386 
0.159946 0.017137 0.123826 0.187432 0.067151 0.028870 0.262459 0.080607 0.072572 
0.014247 0.430154 0.129953 0.026653 0.047115 0.000077 0.000001 0.190639 0.161160 
0.332954 0.136009 0.210244 0.053098 0.138959 0.018158 0.000001 0.000633 0.109944 
0.052622 0.055643 0.064858 0.050228 0.167744 0.076486 0.000001 0.062306 0.470112 
0.436843 0.067730 0.071895 0.026328 0.181416 0.007412 0.029074 0.059866 0.119435 
0.056890 0.079469 0.340040 0.009505 0.091149 0.043946 0.000001 0.064990 0.314008 
0.002178 0.033039 0.379677 0.020291 0.108627 0.008748 0.000001 0.000969 0.446470 
0.006682 0.532413 0.025903 0.160292 0.070171 0.000021 0.030159 0.099082 0.075276 
0.164284 0.008693 0.286030 0.065623 0.032909 0.385562 0.000001 0.032955 0.023944 
0.078262 0.517556 0.012812 0.002843 0.215089 0.004805 0.000001 0.023947 0.144684 
0.045880 0.105416 0.080705 0.065993 0.133239 0.005047 0.037572 0.260852 0.265297 
0.001224 0.028145 0.015175 0.725076 0.008631 0.009588 0.000001 0.111379 0.100781 
0.086400 0.173799 0.118588 0.013010 0.482002 0.020862 0.000001 0.000444 0.104894 
0.462242 0.019808 0.185248 0.009843 0.126482 0.004068 0.134909 0.026939 0.030461 
0.001477 0.028017 0.847190 0.047284 0.035517 0.016702 0.007425 0.008737 0.007651 
0.002620 0.013156 0.002301 0.023907 0.040558 0.000893 0.646200 0.031664 0.238701 
0.099634 0.352370 0.060013 0.192777 0.088206 0.054595 0.000001 0.088941 0.063463 
0.130267 0.057812 0.147297 0.018209 0.169657 0.004393 0.010287 0.011829 0.450249 
0.028449 0.088081 0.045617 0.128114 0.031325 0.633742 0.013446 0.025379 0.005848 
0.064896 0.064017 0.063721 0.099847 0.066128 0.008797 0.007260 0.566218 0.059118 
0.108529 0.073123 0.143400 0.025087 0.125076 0.196518 0.000001 0.039385 0.288882 
0.139059 0.244835 0.244223 0.120866 0.096144 0.046605 0.000001 0.065681 0.042587 
0.249270 0.030312 0.363439 0.031674 0.047968 0.011419 0.000001 0.058098 0.207820 
0.028512 0.027600 0.555551 0.133791 0.037821 0.070652 0.026149 0.004987 0.114935 
0.148512 0.049132 0.293888 0.026245 0.080547 0.002086 0.000001 0.199892 0.199698 
0.237318 0.026506 0.327873 0.025079 0.106334 0.052741 0.000001 0.028747 0.195400 
0.119779 0.113054 0.031904 0.287569 0.086555 0.202547 0.000001 0.029793 0.128799 
0.362176 0.306333 0.015220 0.020900 0.121760 0.005471 0.000001 0.109312 0.058827 
0.133129 0.082902 0.016315 0.022866 0.226006 0.000114 0.016253 0.148156 0.354259 
0.026925 0.074690 0.356243 0.012325 0.073776 0.019039 0.000001 0.381724 0.055277 
0.021519 0.628107 0.036612 0.221118 0.017862 0.012736 0.000001 0.010655 0.051390 
0.125268 0.046219 0.027157 0.021326 0.165115 0.048887 0.414106 0.075452 0.076470 
0.266171 0.040702 0.257044 0.029670 0.169324 0.058307 0.000001 0.054501 0.124280 
0.071377 0.033482 0.046653 0.044063 0.106043 0.086904 0.332384 0.114723 0.164370 
0.285119 0.007549 0.421695 0.043108 0.098310 0.067221 0.000001 0.019951 0.057046 
0.015027 0.028546 0.300046 0.049943 0.082311 0.118232 0.000001 0.050815 0.355079 
0.017875 0.040172 0.018908 0.433322 0.055364 0.057267 0.000001 0.189705 0.187385 
0.019757 0.040389 0.225783 0.011456 0.339486 0.007291 0.000001 0.155661 0.200175 
0.003604 0.414939 0.016755 0.025158 0.013101 0.000040 0.000001 0.000690 0.525712 
0.330290 0.039294 0.004259 0.019330 0.107328 0.097694 0.000001 0.121116 0.280688 
0.290441 0.132160 0.318241 0.040962 0.124971 0.061012 0.000001 0.012934 0.019278 
0.167344 0.296412 0.365200 0.013659 0.064014 0.043060 0.000001 0.015962 0.034349 
0.023204 0.077928 0.014586 0.062295 0.024421 0.245481 0.401950 0.135662 0.014474 
0.366687 0.067539 0.003085 0.007583 0.164020 0.000071 0.024763 0.025405 0.340847 
0.119801 0.074100 0.033554 0.022591 0.094193 0.000081 0.034208 0.000494 0.620977 
0.049648 0.165786 0.046737 0.039487 0.128201 0.016659 0.000001 0.140913 0.412568 
0.088985 0.042177 0.059834 0.102887 0.058390 0.485332 0.030366 0.002095 0.129935 
0.125763 0.233593 0.252696 0.084484 0.076413 0.002521 0.023924 0.051036 0.149570 
0.175881 0.019780 0.136710 0.070868 0.056647 0.506470 0.000001 0.000364 0.033279 
0.150849 0.057633 0.259427 0.014283 0.070880 0.017371 0.068851 0.045979 0.314726 
0.126464 0.046376 0.216711 0.025576 0.083965 0.011088 0.009894 0.423838 0.056088 
0.032110 0.515216 0.040649 0.203556 0.007941 0.185089 0.000001 0.012748 0.002690 
0.154646 0.068844 0.198850 0.006433 0.080561 0.080389 0.000001 0.095929 0.314348 
0.047692 0.271615 0.070931 0.114967 0.428962 0.004451 0.014129 0.045970 0.001282 
0.329433 0.011166 0.443559 0.016638 0.059020 0.001886 0.000001 0.098093 0.040204 
0.010442 0.041506 0.027536 0.089187 0.043778 0.582472 0.000001 0.063299 0.141779 
0.253180 0.052309 0.328353 0.067687 0.184883 0.051858 0.000001 0.029786 0.031943 
0.028348 0.124150 0.030890 0.009620 0.118985 0.000057 0.000001 0.337268 0.350682 
0.102264 0.078597 0.629760 0.048437 0.036532 0.031808 0.023539 0.014954 0.034109 
0.103155 0.051766 0.394863 0.012947 0.135114 0.000168 0.000001 0.050828 0.251158 
0.198412 0.052068 0.175627 0.070893 0.078909 0.037059 0.000001 0.351713 0.035318 
0.056154 0.095237 0.086016 0.027872 0.414713 0.004827 0.022386 0.135584 0.157211 
0.015134 0.031311 0.035601 0.019289 0.045745 0.000089 0.528675 0.152478 0.171679 
0.001666 0.014052 0.134945 0.000706 0.036866 0.000014 0.734593 0.019545 0.057613 
0.079630 0.160144 0.082856 0.052125 0.393296 0.005363 0.000001 0.005807 0.220778 
0.038787 0.060876 0.066136 0.025392 0.134077 0.010203 0.021888 0.552696 0.089945 
0.315721 0.087660 0.244396 0.003615 0.239187 0.013563 0.000001 0.068596 0.027261 
0.056542 0.046306 0.085136 0.100947 0.638891 0.005115 0.041304 0.015447 0.010311 
0.148545 0.069343 0.113139 0.012288 0.189776 0.013834 0.055652 0.025175 0.372249 
0.104447 0.082759 0.104059 0.018211 0.093724 0.003070 0.023013 0.552603 0.018115 
0.169097 0.117288 0.024029 0.052842 0.201247 0.004047 0.065002 0.018238 0.348210 
0.294682 0.066345 0.212031 0.026256 0.195082 0.093070 0.000001 0.023605 0.088928 
0.037006 0.059142 0.057191 0.043312 0.118406 0.008292 0.000001 0.140285 0.536365 
0.060890 0.023003 0.573121 0.117661 0.063502 0.010096 0.000001 0.117437 0.034290 
0.135708 0.104307 0.223717 0.345143 0.128046 0.023234 0.000001 0.032375 0.007469 
0.000744 0.038194 0.685814 0.008405 0.047357 0.003363 0.000001 0.016147 0.199975 
0.005895 0.104794 0.022224 0.006835 0.040202 0.000010 0.023595 0.027066 0.769380 
0.013541 0.188589 0.003501 0.074189 0.025686 0.039285 0.047326 0.019791 0.588092 
0.041157 0.055253 0.074404 0.438663 0.129109 0.012786 0.000001 0.050151 0.198475 
0.017044 0.015263 0.016918 0.079794 0.019187 0.770589 0.000001 0.000420 0.080784 
0.009823 0.525329 0.049324 0.001302 0.050455 0.054952 0.000001 0.147182 0.161631 
0.138436 0.092212 0.182147 0.005506 0.285728 0.028779 0.000001 0.115536 0.151656 
0.001398 0.037781 0.632845 0.008006 0.049862 0.007878 0.014237 0.021340 0.226653 
0.308511 0.087950 0.248476 0.132789 0.116001 0.042119 0.000001 0.002412 0.061740 
0.565881 0.054840 0.035857 0.006681 0.135450 0.024701 0.122320 0.000798 0.053470 
0.454970 0.039182 0.022254 0.029131 0.170962 0.186548 0.010119 0.024186 0.062647 
0.026253 0.033250 0.009751 0.071234 0.150912 0.332571 0.007240 0.250284 0.118505 
0.082220 0.219675 0.564302 0.015720 0.054981 0.017022 0.000001 0.004259 0.041820 
0.001345 0.351871 0.008553 0.052836 0.024244 0.000012 0.078066 0.033734 0.449340 
0.005871 0.113769 0.095358 0.013702 0.080067 0.001121 0.021487 0.071909 0.596715 
0.238125 0.161465 0.197526 0.001324 0.264694 0.005877 0.000001 0.083174 0.047813 
0.112594 0.075099 0.061985 0.176273 0.115895 0.000100 0.020396 0.418854 0.018804 
0.001195 0.031424 0.584345 0.089527 0.046264 0.013802 0.000001 0.000794 0.232649 
0.056204 0.082732 0.654587 0.041324 0.047796 0.076331 0.012754 0.000365 0.027908 
