-1957447.214468
0
0.042415 0.035374 0.011117 0.030197 0.016504 0.007978 0.003755 0.012058 0.015685 0.005016 0.005724 0.012377 0.009042 0.007515 0.012274 0.010595 0.007650 0.001573 0.005980 0.008834 0.000128 0.000000 0.005003 0.000321 0.043627 0.045946 0.005815 0.036695 0.012818 0.011474 0.004997 0.016472 0.016097 0.007511 0.005666 0.018310 0.010795 0.014711 0.030460 0.021865 0.003559 0.003185 0.006021 0.004851 0.000000 0.001679 0.007246 0.000765 0.031833 0.031232 0.011651 0.025402 0.009812 0.009450 0.003855 0.010561 0.004775 0.000098 0.000000 0.004157 0.009420 0.007008 0.014453 0.012555 0.002554 0.000242 0.001779 0.002096 0.000000 0.000926 0.007106 0.000637 0.032053 0.041501 0.007410 0.037715 0.002651 0.012091 0.002239 0.005727 0.000000 0.000000 0.000000 0.005237 0.007406 0.007868 0.008334 0.015792 0.000955 0.001064 0.001489 0.001735 0.000000 0.001397 0.006412 0.001644 
0.000000 0.003572 0.000000 0.014983 0.000000 0.000000 0.000340 0.000647 0.030373 0.022713 0.097861 0.019081 0.000000 0.004227 0.000000 0.005044 0.006377 0.005302 0.007447 0.002999 0.000000 0.001295 0.000425 0.002999 0.007410 0.013025 0.003179 0.070763 0.000000 0.000000 0.000000 0.000000 0.002367 0.006145 0.058491 0.008964 0.000000 0.003081 0.000000 0.000955 0.000000 0.004239 0.009307 0.001730 0.000000 0.002512 0.001201 0.004575 0.001766 0.009823 0.000875 0.040781 0.000476 0.000763 0.000000 0.000666 0.061227 0.101757 0.163200 0.066016 0.000000 0.002811 0.000917 0.001661 0.010939 0.023901 0.011141 0.007213 0.000000 0.001932 0.002139 0.007793 0.000001 0.009724 0.001033 0.014327 0.000000 0.000464 0.000000 0.000000 0.000110 0.000333 0.014681 0.001104 0.000000 0.000715 0.000000 0.000000 0.003494 0.005322 0.005126 0.001383 0.000000 0.000756 0.000000 0.000000 
0.001860 0.001575 0.000000 0.008938 0.000202 0.000000 0.000000 0.000000 0.000004 0.000000 0.025016 0.001951 0.000000 0.000000 0.000000 0.000220 0.000000 0.002806 0.000000 0.001890 0.000000 0.005531 0.002853 0.014304 0.003796 0.000000 0.000000 0.014114 0.000000 0.000190 0.000170 0.000000 0.001878 0.000000 0.020026 0.001675 0.000000 0.000000 0.000000 0.000881 0.000000 0.000000 0.000000 0.002040 0.001109 0.000664 0.003260 0.021531 0.002597 0.001127 0.000000 0.007963 0.000000 0.000000 0.000000 0.000000 0.000002 0.000000 0.027210 0.008656 0.000000 0.000000 0.000000 0.000351 0.003490 0.007262 0.002108 0.012099 0.000000 0.001957 0.000000 0.001508 0.041708 0.010415 0.001679 0.300638 0.000000 0.000000 0.000000 0.000000 0.005893 0.023180 0.243866 0.041893 0.000000 0.000000 0.000000 0.002530 0.001307 0.009047 0.006802 0.008687 0.006024 0.009248 0.002128 0.070138 
0.000000 0.000000 0.000000 0.000000 0.000000 0.000000 0.000000 0.000486 0.013289 0.061098 0.000393 0.032882 0.000705 0.000000 0.001082 0.001248 0.000000 0.000411 0.000000 0.000505 0.000000 0.000000 0.000247 0.000000 0.000131 0.000682 0.000119 0.000000 0.000000 0.000000 0.000835 0.000000 0.053168 0.120085 0.018534 0.075537 0.000000 0.000703 0.000000 0.000512 0.000767 0.000000 0.000000 0.002166 0.000000 0.000537 0.000936 0.000301 0.000000 0.000000 0.000000 0.000000 0.000000 0.000211 0.000000 0.000000 0.013594 0.049271 0.000000 0.031788 0.000000 0.000000 0.000000 0.000383 0.000000 0.000000 0.000000 0.003625 0.000000 0.000000 0.001262 0.000000 0.000454 0.000921 0.000260 0.000014 0.000000 0.000431 0.000000 0.000000 0.102513 0.229072 0.052450 0.120084 0.000478 0.000456 0.000000 0.002014 0.000170 0.000688 0.000738 0.000537 0.000000 0.000000 0.000515 0.000714 
0.000000 0.000850 0.000000 0.000000 0.002581 0.000690 0.000255 0.002891 0.004018 0.000000 0.001448 0.000001 0.000367 0.000530 0.000000 0.000000 0.001085 0.000000 0.000424 0.000958 0.000000 0.000000 0.000000 0.000000 0.000000 0.000000 0.000177 0.000962 0.003055 0.000684 0.000000 0.003192 0.004616 0.000000 0.000002 0.000002 0.000000 0.000142 0.000000 0.000000 0.000000 0.000216 0.000000 0.000000 0.000000 0.000000 0.000000 0.000000 0.000000 0.000243 0.000000 0.000000 0.000222 0.000443 0.000000 0.001523 0.003077 0.000000 0.000000 0.000003 0.000000 0.000290 0.000000 0.000000 0.000000 0.000000 0.000000 0.000501 0.000000 0.000541 0.000000 0.000000 0.034914 0.012366 0.002374 0.014627 0.171552 0.036952 0.006258 0.223699 0.296555 0.024871 0.017340 0.120954 0.000000 0.000391 0.000000 0.000000 0.000559 0.000452 0.000000 0.000145 0.000000 0.000000 0.000000 0.000000 
0.009324 0.003943 0.000000 0.002956 0.006312 0.004112 0.000000 0.007750 0.012181 0.000661 0.006221 0.006753 0.011625 0.008923 0.007327 0.016829 0.046816 0.027101 0.042700 0.034814 0.014042 0.003326 0.005859 0.010833 0.008764 0.003426 0.000981 0.000000 0.002622 0.002769 0.000000 0.003813 0.014821 0.001527 0.004424 0.012928 0.003862 0.007708 0.002311 0.006801 0.026979 0.031001 0.033814 0.034859 0.009537 0.006364 0.009335 0.025301 0.006552 0.004077 0.000000 0.000000 0.001083 0.002113 0.000000 0.003711 0.009778 0.003272 0.000000 0.009263 0.003017 0.004080 0.002483 0.004591 0.038600 0.020467 0.027658 0.031035 0.004028 0.000628 0.004143 0.011790 0.010706 0.003257 0.000550 0.006483 0.000000 0.002533 0.000000 0.001863 0.000176 0.000000 0.000000 0.000059 0.016458 0.010692 0.009020 0.013778 0.036666 0.028317 0.023501 0.039453 0.019463 0.006859 0.007364 0.026082 
0.165220 0.151293 0.016299 0.532045 0.051961 0.083182 
0.131359 0.108999 0.409349 0.063396 0.071647 0.215250 
0.009267 0.250159 0.312016 0.324307 0.039925 0.064325 
0.135612 0.079267 0.015166 0.493761 0.026414 0.249781 
0.163492 0.545658 0.038857 0.041695 0.054671 0.155628 
0.252834 0.404911 0.251981 0.072233 0.000509 0.017532 
0.365148 0.218623 0.000048 0.123491 0.117596 0.175094 
0.100182 0.270518 0.085876 0.095907 0.039990 0.407526 
0.894796 0.025986 0.000034 0.040907 0.008123 0.030153 
0.215555 0.181473 0.000042 0.142073 0.075826 0.385032 
0.127260 0.565022 0.016120 0.232637 0.005500 0.053462 
0.132728 0.016296 0.040073 0.499847 0.037828 0.273228 
0.096739 0.603496 0.031091 0.135100 0.067484 0.066090 
0.146229 0.632751 0.023621 0.045859 0.017974 0.133566 
0.110340 0.097909 0.000043 0.047829 0.057361 0.686518 
0.261214 0.477896 0.026767 0.092594 0.003321 0.138209 
0.368764 0.206452 0.195027 0.050019 0.026590 0.153149 
0.056900 0.271965 0.034652 0.017721 0.135107 0.483654 
0.169828 0.264771 0.013738 0.389676 0.000667 0.161320 
0.202127 0.420079 0.000042 0.230932 0.022950 0.123869 
0.073441 0.180678 0.000033 0.675662 0.058314 0.011873 
0.166210 0.131006 0.057939 0.015525 0.016119 0.613203 
0.576993 0.105498 0.007701 0.091218 0.000676 0.217915 
0.006632 0.004403 0.014460 0.845571 0.103884 0.025050 
0.006218 0.173576 0.658723 0.027882 0.017437 0.116165 
0.015900 0.113547 0.000037 0.847017 0.003299 0.020200 
0.638343 0.140453 0.000043 0.039771 0.026113 0.155276 
0.015025 0.208615 0.049050 0.583116 0.048077 0.096117 
0.221675 0.285424 0.000052 0.287197 0.036600 0.169051 
0.162794 0.309834 0.052661 0.076112 0.111403 0.287196 
0.439531 0.037441 0.038789 0.122808 0.217470 0.143961 
0.111394 0.252394 0.000031 0.501429 0.076305 0.058448 
0.015292 0.763719 0.038231 0.067332 0.010001 0.105424 
0.070247 0.098066 0.017207 0.035964 0.394760 0.383754 
0.157342 0.038872 0.000039 0.128159 0.534804 0.140784 
0.302940 0.237543 0.021617 0.403159 0.001941 0.032800 
0.052407 0.532021 0.021023 0.025562 0.300784 0.068203 
0.009612 0.199343 0.282142 0.171243 0.290378 0.047281 
0.149755 0.279717 0.008670 0.436445 0.007119 0.118294 
0.138911 0.162419 0.000027 0.062719 0.012915 0.623009 
0.387819 0.392741 0.064167 0.103589 0.014877 0.036807 
0.048849 0.011829 0.048134 0.149432 0.336550 0.405206 
0.021502 0.379331 0.009599 0.330225 0.002738 0.256605 
0.152426 0.452375 0.061438 0.072343 0.005722 0.255696 
0.245497 0.399070 0.074788 0.072868 0.013043 0.194735 
0.583338 0.095277 0.074863 0.022654 0.021200 0.202668 
0.040436 0.628600 0.000041 0.108138 0.001472 0.221312 
0.044986 0.324675 0.000027 0.331806 0.013546 0.284959 
0.050252 0.015123 0.026922 0.517753 0.350966 0.038983 
0.239891 0.016684 0.477051 0.096314 0.021369 0.148690 
0.168816 0.401917 0.029215 0.040082 0.244569 0.115401 
0.072176 0.437036 0.018362 0.138934 0.194405 0.139086 
0.292604 0.036043 0.003690 0.035707 0.620009 0.011948 
0.139324 0.108687 0.056331 0.173029 0.356243 0.166387 
0.379640 0.128808 0.030220 0.171593 0.059290 0.230449 
0.195563 0.051731 0.062034 0.114318 0.295631 0.280723 
0.344982 0.072535 0.026462 0.114622 0.272816 0.168584 
0.084390 0.510688 0.117189 0.066334 0.080854 0.140545 
0.341165 0.284445 0.000032 0.047124 0.074120 0.253114 
0.377036 0.099226 0.008679 0.109660 0.029104 0.376294 
0.164689 0.037519 0.037749 0.726658 0.015555 0.017831 
0.359045 0.085480 0.000029 0.533323 0.000168 0.021955 
0.393230 0.050442 0.000039 0.107329 0.169886 0.279075 
0.041972 0.206894 0.000031 0.624832 0.109033 0.017238 
0.661636 0.021567 0.017687 0.245483 0.013960 0.039667 
0.007173 0.002144 0.327576 0.559206 0.062655 0.041247 
0.141224 0.077051 0.222753 0.102763 0.011413 0.444796 
0.192829 0.213256 0.000039 0.070022 0.007165 0.516688 
0.060767 0.176358 0.061732 0.171758 0.473487 0.055898 
0.792543 0.105718 0.000034 0.041173 0.012757 0.047774 
0.392494 0.068917 0.290564 0.035278 0.006724 0.206022 
0.439950 0.098418 0.000057 0.028519 0.051007 0.382049 
0.039497 0.296486 0.000035 0.319964 0.170091 0.173926 
0.036653 0.341711 0.000034 0.591937 0.002966 0.026698 
0.103989 0.140981 0.084780 0.142692 0.163939 0.363619 
0.093160 0.031066 0.004135 0.021787 0.089544 0.760308 
0.288681 0.162857 0.111408 0.054440 0.005556 0.377057 
0.187382 0.071248 0.000039 0.176194 0.019348 0.545788 
0.050425 0.027361 0.171641 0.011185 0.716019 0.023370 
0.313073 0.424357 0.027731 0.026117 0.021551 0.187171 
0.728940 0.044553 0.000207 0.048357 0.000899 0.177044 
0.309598 0.118527 0.028815 0.130865 0.086788 0.325406 
0.490421 0.261000 0.036910 0.053305 0.012020 0.146344 
0.003940 0.001468 0.005199 0.268098 0.716864 0.004431 
0.422514 0.304967 0.020331 0.032879 0.032711 0.186599 
0.888994 0.063151 0.000039 0.026053 0.002670 0.019093 
0.280486 0.397627 0.086732 0.027482 0.024343 0.183331 
0.029377 0.200014 0.022876 0.579408 0.133472 0.034853 
0.103669 0.023741 0.101547 0.339276 0.009282 0.422485 
0.118162 0.156156 0.011040 0.014275 0.086997 0.613370 
0.080645 0.535917 0.173408 0.066769 0.002356 0.140905 
0.090396 0.025055 0.015327 0.084057 0.011448 0.773717 
0.180623 0.125947 0.096860 0.522384 0.000556 0.073629 
0.114834 0.004310 0.000035 0.018653 0.686819 0.175350 
0.073255 0.143936 0.035872 0.661022 0.025771 0.060145 
0.646580 0.093502 0.015170 0.048212 0.010649 0.185886 
0.251278 0.286136 0.018164 0.031025 0.220107 0.193290 
0.114904 0.021420 0.249482 0.210025 0.373706 0.030463 
0.199184 0.016484 0.031043 0.231136 0.468083 0.054070 
0.409141 0.280286 0.000050 0.054752 0.041128 0.214641 
0.276711 0.095112 0.027099 0.139269 0.070578 0.391231 
0.024764 0.035832 0.082447 0.146112 0.567413 0.143432 
0.535939 0.057281 0.000046 0.068657 0.004969 0.333109 
0.185291 0.417686 0.049120 0.087573 0.083970 0.176360 
0.117278 0.121128 0.000048 0.561484 0.009083 0.190980 
0.038569 0.046882 0.252601 0.057569 0.286718 0.317661 
0.010580 0.469026 0.000039 0.475821 0.010041 0.034493 
0.192784 0.360176 0.239340 0.031935 0.020683 0.155082 
0.039480 0.030478 0.069957 0.349366 0.323116 0.187603 
0.116177 0.372121 0.048954 0.285523 0.023008 0.154217 
0.595920 0.150545 0.000044 0.007235 0.186122 0.060135 
0.429761 0.089007 0.009531 0.059209 0.123164 0.289328 
0.023954 0.189088 0.107653 0.227796 0.001389 0.450119 
0.043933 0.049757 0.374266 0.038587 0.004329 0.489128 
0.040765 0.446577 0.042839 0.189233 0.006519 0.274067 
0.029133 0.190970 0.413004 0.244483 0.049754 0.072657 
0.293578 0.044974 0.058879 0.037423 0.038215 0.526931 
0.178842 0.086975 0.000046 0.035140 0.312063 0.386934 
0.088091 0.083698 0.000040 0.052781 0.556055 0.219335 
0.442857 0.062268 0.037362 0.124371 0.011777 0.321366 
0.761724 0.044324 0.000040 0.032841 0.020799 0.140273 
0.069935 0.378409 0.075575 0.354767 0.036084 0.085229 
0.147285 0.048887 0.000033 0.002131 0.738202 0.063461 
0.154664 0.635177 0.010041 0.053955 0.004691 0.141471 
0.082830 0.119878 0.049215 0.569508 0.000430 0.178138 
0.218176 0.076865 0.000038 0.046079 0.186083 0.472760 
0.586503 0.193216 0.025046 0.051595 0.017571 0.126069 
0.056789 0.433261 0.289211 0.040766 0.002956 0.177017 
0.020448 0.215636 0.022791 0.448290 0.052147 0.240688 
0.012440 0.070963 0.000048 0.233689 0.632485 0.050374 
0.463736 0.109328 0.025965 0.053235 0.073810 0.273925 
0.259343 0.156207 0.045942 0.140595 0.360182 0.037731 
0.105579 0.365053 0.014268 0.427492 0.082092 0.005516 
0.090044 0.167716 0.028307 0.155379 0.013084 0.545469 
0.062349 0.564903 0.069540 0.173021 0.019030 0.111157 
0.062465 0.120391 0.193770 0.072430 0.038372 0.512572 
0.056990 0.048609 0.010485 0.128256 0.156361 0.599298 
0.336815 0.071746 0.016099 0.123854 0.154492 0.296994 
0.227136 0.101914 0.000050 0.331110 0.046938 0.292851 
0.735602 0.031694 0.000044 0.039107 0.011306 0.182247 
0.186324 0.238958 0.058331 0.069414 0.003876 0.443096 
0.821033 0.062500 0.000052 0.036461 0.028664 0.051291 
0.028829 0.010070 0.015701 0.281064 0.654808 0.009528 
0.640928 0.116502 0.000056 0.023918 0.008983 0.209614 
0.338693 0.191425 0.000033 0.026773 0.181399 0.261678 
0.093436 0.022698 0.506393 0.081251 0.007774 0.288449 
0.020713 0.139399 0.002654 0.649914 0.024984 0.162335 
0.268939 0.128946 0.021950 0.076623 0.009413 0.494129 
0.036721 0.297560 0.000050 0.274265 0.009920 0.381484 
0.246487 0.074245 0.037686 0.153984 0.015256 0.472341 
0.064169 0.026277 0.069164 0.038332 0.731224 0.070833 
0.066830 0.698183 0.017516 0.039188 0.012786 0.165497 
0.695555 0.063321 0.187530 0.017439 0.003968 0.032188 
0.135653 0.252424 0.031935 0.456384 0.015176 0.108428 
0.229546 0.074839 0.019404 0.337893 0.019246 0.319072 
0.161793 0.491643 0.021577 0.108043 0.041579 0.175364 
0.282782 0.037134 0.051997 0.563022 0.022602 0.042463 
0.019961 0.265143 0.046474 0.465699 0.143016 0.059707 
0.081629 0.453758 0.169393 0.098393 0.064530 0.132298 
0.013981 0.205752 0.007333 0.459148 0.282656 0.031128 
0.133590 0.026761 0.044443 0.535258 0.027655 0.232293 
0.058374 0.141191 0.041946 0.204988 0.004190 0.549311 
0.114138 0.421692 0.071008 0.073332 0.288224 0.031606 
0.534846 0.085997 0.251354 0.020863 0.018470 0.088470 
0.434813 0.192020 0.030183 0.186805 0.014162 0.142017 
0.205110 0.121010 0.000036 0.589320 0.002624 0.081900 
0.005930 0.830181 0.027644 0.045875 0.000172 0.090197 
0.041338 0.676168 0.000054 0.113541 0.076595 0.092304 
0.340127 0.393650 0.027363 0.047472 0.040806 0.150582 
0.274454 0.071889 0.038684 0.179247 0.350228 0.085496 
0.385811 0.017209 0.005387 0.123270 0.236090 0.232233 
0.063790 0.088724 0.068916 0.138703 0.179904 0.459964 
0.120693 0.355503 0.010007 0.002899 0.264831 0.246068 
0.232590 0.145866 0.009440 0.115429 0.044838 0.451837 
0.071323 0.038944 0.000045 0.359641 0.084678 0.445369 
0.172601 0.454112 0.038508 0.155811 0.011428 0.167540 
0.054261 0.743966 0.048454 0.044589 0.009242 0.099488 
0.244417 0.317020 0.060022 0.070121 0.056463 0.251957 
0.024364 0.250113 0.000050 0.012689 0.634089 0.078694 
0.005801 0.014480 0.000056 0.840654 0.005364 0.133645 
0.039347 0.591550 0.080964 0.158338 0.127097 0.002703 
0.070085 0.414180 0.073043 0.050454 0.210227 0.182010 
0.014047 0.161963 0.000046 0.772100 0.000189 0.051655 
0.303661 0.003281 0.026669 0.293590 0.100555 0.272243 
0.210984 0.041103 0.015154 0.239028 0.292164 0.201567 
0.383695 0.189126 0.006194 0.085604 0.011291 0.324090 
0.102444 0.028987 0.027151 0.607623 0.090177 0.143617 
0.298261 0.137250 0.064882 0.162582 0.009591 0.327434 
0.127706 0.042509 0.063286 0.364474 0.065613 0.336411 
0.053133 0.034605 0.257566 0.092351 0.292309 0.270037 
0.419661 0.311784 0.029502 0.036500 0.033823 0.168730 
0.036443 0.443660 0.010497 0.031451 0.449529 0.028420 
0.239404 0.345774 0.033034 0.262006 0.000182 0.119601 
0.006132 0.725145 0.050632 0.213579 0.001721 0.002791 
0.150456 0.262930 0.000050 0.343556 0.028250 0.214758 
0.177750 0.022337 0.146525 0.125258 0.450146 0.077984 
0.033739 0.037014 0.106272 0.258738 0.014385 0.549851 
0.014771 0.078934 0.057318 0.831885 0.003280 0.013812 
0.041250 0.412023 0.063239 0.280601 0.114887 0.088000 
0.193637 0.579257 0.045510 0.175131 0.001767 0.004698 
0.650388 0.184780 0.011850 0.040596 0.007502 0.104884 
0.836159 0.029129 0.011310 0.016201 0.012801 0.094399 
0.088328 0.644557 0.044054 0.107520 0.050651 0.064890 
0.082696 0.018292 0.000047 0.052884 0.015828 0.830253 
0.353618 0.069796 0.000050 0.082458 0.261128 0.232948 
0.171496 0.344420 0.005454 0.117503 0.039700 0.321426 
0.032155 0.192586 0.109122 0.092314 0.035074 0.538747 
0.115199 0.518689 0.066205 0.097792 0.113415 0.088701 
0.488376 0.339652 0.000035 0.054868 0.014884 0.102186 
0.053730 0.298068 0.000042 0.241565 0.007656 0.398939 
0.143933 0.036774 0.000034 0.124399 0.214727 0.480133 
0.167155 0.592639 0.018828 0.084288 0.007337 0.129754 
0.226236 0.259177 0.035670 0.079085 0.019993 0.379839 
0.015961 0.005018 0.030260 0.888013 0.029663 0.031085 
0.039750 0.055689 0.798829 0.031332 0.024578 0.049822 
0.106953 0.330322 0.407748 0.065462 0.000638 0.088877 
0.007739 0.099174 0.000053 0.878069 0.009957 0.005008 
0.073764 0.372508 0.085791 0.311299 0.078792 0.077845 
0.471058 0.045655 0.000030 0.008507 0.351794 0.122956 
0.182195 0.546376 0.000047 0.035277 0.035916 0.200187 
0.024658 0.019407 0.010804 0.019748 0.922854 0.002530 
0.020631 0.031345 0.509759 0.067319 0.310308 0.060639 
0.050405 0.209226 0.000027 0.718386 0.012509 0.009448 
0.112746 0.086230 0.000056 0.734796 0.023326 0.042847 
0.072113 0.458048 0.048508 0.218159 0.012708 0.190464 
0.202856 0.039608 0.112215 0.153655 0.398105 0.093562 
0.273544 0.314932 0.031333 0.089440 0.010626 0.280124 
0.436761 0.158387 0.133287 0.046666 0.017239 0.207661 
0.415291 0.151249 0.065906 0.171992 0.066015 0.129547 
0.183558 0.031465 0.036821 0.243691 0.460601 0.043865 
0.405073 0.219351 0.056924 0.090444 0.171859 0.056349 
0.026333 0.324598 0.012939 0.385292 0.058360 0.192478 
0.062282 0.118239 0.065464 0.022497 0.033223 0.698296 
0.446903 0.102412 0.003305 0.112140 0.011410 0.323829 
0.120294 0.145482 0.029970 0.194778 0.467977 0.041499 
0.329020 0.097941 0.000043 0.176261 0.024548 0.372188 
0.021247 0.733898 0.000043 0.035965 0.017714 0.191134 
0.309348 0.100720 0.000042 0.095546 0.022377 0.471968 
0.201075 0.090941 0.029616 0.190903 0.036169 0.451296 
0.088226 0.028015 0.000029 0.055261 0.022714 0.805755 
0.148387 0.001182 0.011051 0.408755 0.009991 0.420633 
0.187365 0.120706 0.256248 0.063005 0.054291 0.318384 
0.357698 0.261243 0.000044 0.042883 0.027983 0.310149 
0.612256 0.070828 0.000109 0.048308 0.011881 0.256618 
0.115223 0.357887 0.000050 0.095647 0.013718 0.417476 
0.026543 0.754221 0.046409 0.131671 0.002514 0.038643 
0.139821 0.449762 0.032543 0.086425 0.194591 0.096858 
0.328437 0.193938 0.057531 0.018205 0.135718 0.266171 
0.061776 0.007950 0.102737 0.462573 0.012076 0.352888 
0.056664 0.707841 0.082573 0.071275 0.065739 0.015908 
0.217506 0.081786 0.013437 0.067069 0.131929 0.488274 
0.017484 0.029516 0.024568 0.326979 0.554535 0.046919 
0.696309 0.067451 0.010169 0.001741 0.023386 0.200945 
0.863038 0.042405 0.027738 0.024962 0.006024 0.035832 
0.354524 0.296938 0.019369 0.170983 0.148406 0.009780 
0.104438 0.325612 0.008366 0.152859 0.118612 0.290114 
0.084495 0.035437 0.040801 0.002687 0.766864 0.069716 
0.606997 0.097078 0.000033 0.124944 0.125890 0.045058 
0.511547 0.103725 0.022481 0.083195 0.120675 0.158377 
0.050427 0.697849 0.060086 0.175811 0.001291 0.014537 
0.104940 0.327659 0.013030 0.048291 0.018845 0.487234 
0.319430 0.192131 0.000036 0.281851 0.023200 0.183353 
0.197747 0.062012 0.054205 0.034569 0.008608 0.642860 
0.778417 0.014335 0.002548 0.185461 0.003214 0.016026 
0.513947 0.070288 0.006690 0.156098 0.042650 0.210326 
0.026340 0.118002 0.018362 0.690367 0.093466 0.053463 
0.059613 0.041821 0.098128 0.079449 0.004510 0.716479 
0.257195 0.076755 0.000052 0.312022 0.167857 0.186119 
0.288717 0.273328 0.007483 0.090784 0.007563 0.332125 
0.031061 0.047174 0.000031 0.080959 0.185192 0.655583 
0.015376 0.089893 0.029532 0.581415 0.275654 0.008130 
0.034814 0.091320 0.019337 0.322939 0.489062 0.042527 
0.005901 0.029186 0.016301 0.215314 0.545823 0.187475 
0.314696 0.045257 0.033789 0.296667 0.058348 0.251243 
0.036025 0.066463 0.066660 0.627089 0.000277 0.203486 
0.524688 0.171480 0.006661 0.047457 0.001001 0.248713 
0.002142 0.749146 0.065689 0.181072 0.000088 0.001863 
0.049144 0.026242 0.023391 0.026134 0.721475 0.153613 
0.327991 0.032798 0.242746 0.012290 0.266639 0.117535 
0.119668 0.191247 0.025390 0.284013 0.050526 0.329155 
0.470474 0.099785 0.036563 0.027019 0.009209 0.356951 
0.019400 0.042539 0.125090 0.668557 0.058903 0.085510 
0.306799 0.290631 0.022132 0.039829 0.017516 0.323093 
0.068081 0.689164 0.024138 0.082038 0.115472 0.021106 
0.538872 0.152955 0.006659 0.098675 0.014870 0.187969 
0.172850 0.471699 0.025838 0.050533 0.019789 0.259292 
0.167270 0.019579 0.027832 0.157148 0.424297 0.203875 
0.025847 0.749459 0.070119 0.092939 0.001640 0.059995 
0.253919 0.189736 0.023869 0.109599 0.223838 0.199039 
0.164956 0.613681 0.011018 0.093870 0.029713 0.086762 
0.199902 0.034901 0.062369 0.090651 0.139151 0.473026 
0.190972 0.288990 0.052262 0.249979 0.091830 0.125966 
0.026848 0.180896 0.039804 0.414868 0.014227 0.323357 
0.236709 0.269754 0.034523 0.165368 0.281135 0.012512 
0.102224 0.078863 0.053949 0.196604 0.488069 0.080291 
0.482380 0.046555 0.000047 0.121291 0.057299 0.292426 
0.010720 0.628539 0.046851 0.242416 0.042038 0.029435 
0.166329 0.032215 0.000041 0.145207 0.081306 0.574903 
0.189043 0.110939 0.327755 0.063401 0.164576 0.144285 
0.138818 0.361471 0.010683 0.444900 0.001575 0.042554 
0.332651 0.102316 0.000052 0.168847 0.038542 0.357591 
0.082760 0.555257 0.000030 0.058960 0.119511 0.183482 
0.151887 0.159784 0.063084 0.084687 0.019182 0.521374 
0.393066 0.386900 0.000046 0.074262 0.043680 0.102047 
0.396283 0.463909 0.000032 0.041908 0.017100 0.080767 
0.022241 0.155245 0.032366 0.708488 0.011166 0.070493 
0.405225 0.053527 0.000048 0.001537 0.441087 0.098576 
0.013251 0.198072 0.000029 0.504968 0.005735 0.277945 
0.086541 0.498250 0.071757 0.157084 0.030600 0.155769 
0.010342 0.174655 0.025763 0.236159 0.548582 0.004499 
0.116876 0.124081 0.000036 0.175364 0.025792 0.557851 
0.307278 0.034238 0.180305 0.023298 0.006953 0.447928 
0.883791 0.013403 0.000051 0.050064 0.043519 0.009172 
0.001754 0.245966 0.683538 0.022330 0.008489 0.037924 
0.081681 0.136247 0.023162 0.465618 0.142150 0.151143 
0.193239 0.474719 0.000054 0.071429 0.010406 0.250153 
0.066727 0.029663 0.011591 0.071650 0.771054 0.049315 
0.078463 0.555979 0.090351 0.127946 0.061424 0.085837 
0.202326 0.338246 0.000043 0.050860 0.220682 0.187844 
0.301169 0.104406 0.000049 0.316864 0.102265 0.175248 
0.510303 0.242714 0.023601 0.049779 0.023675 0.149929 
0.579168 0.114996 0.034590 0.059672 0.170457 0.041117 
0.365455 0.371262 0.048920 0.071152 0.006663 0.136548 
0.454804 0.219454 0.000037 0.027520 0.071662 0.226523 
0.053682 0.145286 0.029422 0.180648 0.416949 0.174014 
0.065504 0.168032 0.031283 0.314319 0.010318 0.410543 
0.025286 0.496256 0.039569 0.107113 0.005809 0.325967 
0.363093 0.420277 0.065899 0.075188 0.022152 0.053392 
0.045246 0.066654 0.000046 0.773729 0.087541 0.026784 
0.039701 0.125377 0.446811 0.045605 0.066483 0.276023 
0.381235 0.173248 0.007292 0.043854 0.077059 0.317312 
0.066758 0.253022 0.367317 0.032610 0.125264 0.155029 
0.576627 0.069446 0.013434 0.012261 0.098554 0.229677 
0.331209 0.408649 0.007444 0.026772 0.159261 0.066666 
0.014028 0.348861 0.030478 0.161557 0.386445 0.058631 
0.207515 0.383445 0.000036 0.052000 0.011576 0.345427 
0.022064 0.528085 0.029177 0.417271 0.001364 0.002039 
0.055049 0.373471 0.043177 0.026661 0.119805 0.381837 
0.461904 0.029900 0.000041 0.144249 0.077978 0.285928 
0.472042 0.065095 0.000037 0.282887 0.041808 0.138131 
0.017538 0.103618 0.444318 0.072662 0.312826 0.049038 
0.045808 0.358050 0.049108 0.072794 0.002122 0.472117 
0.071937 0.610695 0.049977 0.089704 0.005973 0.171713 
0.059720 0.542672 0.030164 0.191475 0.030995 0.144974 
0.123857 0.135340 0.030360 0.027583 0.578650 0.104210 
0.318494 0.189729 0.034869 0.298744 0.023678 0.134488 
0.224976 0.030206 0.000046 0.004300 0.569078 0.171394 
0.350629 0.351285 0.084135 0.059372 0.021768 0.132810 
0.262002 0.433379 0.090877 0.059082 0.022430 0.132231 
0.059890 0.011253 0.003682 0.599841 0.305709 0.019625 
0.272182 0.399812 0.015323 0.054192 0.087101 0.171389 
0.048583 0.029827 0.012955 0.383392 0.035675 0.489568 
0.598385 0.128935 0.037968 0.022447 0.007037 0.205229 
0.044843 0.204391 0.000048 0.023271 0.683856 0.043590 
0.435426 0.058055 0.005247 0.074863 0.096353 0.330055 
0.037363 0.682270 0.009423 0.141405 0.000487 0.129052 
0.709462 0.042710 0.032898 0.098745 0.052548 0.063637 
0.452215 0.301112 0.000049 0.067064 0.000409 0.179152 
0.258938 0.341363 0.061282 0.080592 0.082421 0.175404 
0.062152 0.302034 0.034079 0.123030 0.013417 0.465288 
0.035590 0.281443 0.585071 0.040829 0.003946 0.053121 
0.132892 0.059340 0.758226 0.010911 0.000060 0.038570 
0.070009 0.247319 0.000037 0.199204 0.020928 0.462503 
0.062264 0.595961 0.090829 0.083491 0.022323 0.145132 
0.346043 0.104667 0.000047 0.085700 0.012088 0.451455 
0.059246 0.025602 0.038199 0.103481 0.067068 0.706405 
0.163771 0.400437 0.063149 0.071603 0.019117 0.281923 
0.138186 0.494236 0.104557 0.098302 0.007705 0.157014 
0.046870 0.365255 0.083212 0.152801 0.024445 0.327416 
0.331936 0.110092 0.004345 0.060423 0.112062 0.381141 
0.064323 0.677919 0.017133 0.087068 0.031137 0.122420 
0.588768 0.138603 0.040940 0.061196 0.094712 0.075782 
0.248699 0.030885 0.016423 0.245641 0.241441 0.216911 
0.721437 0.223495 0.000040 0.046203 0.000618 0.008207 
0.030317 0.794627 0.053222 0.108905 0.000102 0.012827 
0.019783 0.599319 0.070871 0.216118 0.078874 0.015034 
0.064091 0.240356 0.013979 0.195580 0.333242 0.152751 
0.040184 0.080828 0.000032 0.005011 0.844907 0.029038 
0.055449 0.347831 0.000039 0.484696 0.063561 0.048424 
0.218458 0.276930 0.000049 0.093849 0.031926 0.378788 
0.670421 0.255516 0.010935 0.044436 0.003361 0.015331 
0.366126 0.056320 0.000053 0.145052 0.125729 0.306719 
0.125931 0.036258 0.168597 0.054733 0.031271 0.583210 
0.081248 0.086251 0.039856 0.025057 0.219940 0.547648 
0.009605 0.357084 0.030859 0.023054 0.411583 0.167815 
0.619928 0.048786 0.000043 0.223290 0.012462 0.095491 
0.014048 0.489653 0.092837 0.398499 0.000129 0.004834 
0.108517 0.687009 0.040019 0.119385 0.002881 0.042189 
0.262227 0.141585 0.005647 0.156197 0.000639 0.433705 
0.072548 0.364984 0.104118 0.171023 0.098096 0.189231 
0.608291 0.233015 0.000031 0.071541 0.070805 0.016317 
0.700892 0.029328 0.009507 0.088740 0.099464 0.072070 
0.025124 0.631807 0.205773 0.084513 0.000134 0.052648 
0.198746 0.403106 0.038999 0.044476 0.007474 0.307199 
0.061640 0.045467 0.449055 0.107552 0.085536 0.250750 
0.021569 0.082203 0.000048 0.687036 0.027510 0.181635 
0.196191 0.044186 0.008176 0.181029 0.151465 0.418953 
0.022957 0.564931 0.184841 0.074521 0.052906 0.099845 
0.202911 0.024977 0.036190 0.042532 0.613316 0.080074 
0.459434 0.341917 0.067963 0.057843 0.006425 0.066418 
0.759440 0.017537 0.155747 0.034795 0.000126 0.032354 
0.051093 0.233534 0.092096 0.161274 0.159787 0.302216 
0.032269 0.040908 0.035376 0.192297 0.560916 0.138233 
0.089598 0.029748 0.000034 0.036810 0.275169 0.568642 
0.596985 0.154207 0.000049 0.159729 0.005639 0.083390 
0.062459 0.456400 0.000051 0.390910 0.039434 0.050746 
0.077585 0.498721 0.257630 0.035144 0.000266 0.130655 
0.248494 0.105848 0.000055 0.251403 0.041136 0.353064 
0.011808 0.205963 0.000042 0.154750 0.557149 0.070289 
0.295405 0.048144 0.000048 0.023479 0.528314 0.104610 
0.020561 0.069441 0.175407 0.668356 0.008899 0.057336 
0.328996 0.055506 0.000034 0.098169 0.038438 0.478857 
0.479438 0.022081 0.302148 0.026768 0.010050 0.159515 
0.000898 0.016056 0.034129 0.220710 0.590578 0.137630 
0.350713 0.092138 0.000031 0.011596 0.326412 0.219111 
0.037076 0.480781 0.028446 0.158013 0.218216 0.077468 
0.041199 0.579225 0.054447 0.231764 0.077267 0.016097 
0.089880 0.252468 0.171369 0.029783 0.397831 0.058668 
0.306764 0.015673 0.007749 0.644636 0.000216 0.024963 
0.002705 0.056481 0.286868 0.159527 0.437708 0.056712 
0.002186 0.075486 0.191497 0.128179 0.578212 0.024440 
0.177793 0.391986 0.013498 0.244182 0.014841 0.157700 
0.051366 0.291893 0.042411 0.244966 0.357886 0.011479 
0.053929 0.120163 0.000046 0.132693 0.130684 0.562484 
0.010283 0.126011 0.000046 0.804882 0.003716 0.055062 
0.321401 0.031229 0.102996 0.408408 0.009473 0.126492 
0.205619 0.061650 0.102313 0.033735 0.046261 0.550422 
0.254749 0.044262 0.000051 0.004752 0.599319 0.096867 
0.291219 0.109810 0.000051 0.079414 0.010545 0.508960 
0.033179 0.174649 0.030280 0.610440 0.050672 0.100781 
0.112784 0.049573 0.000027 0.051881 0.164355 0.621379 
0.007035 0.076141 0.000018 0.913110 0.002006 0.001689 
0.026674 0.108256 0.029842 0.098474 0.181480 0.555274 
0.470526 0.240943 0.061801 0.089066 0.057406 0.080259 
0.150500 0.251678 0.048072 0.330685 0.167542 0.051523 
0.265594 0.270783 0.046644 0.107666 0.102027 0.207286 
0.043036 0.018249 0.104561 0.337455 0.020558 0.476140 
0.054163 0.718603 0.052124 0.156004 0.014002 0.005105 
0.300445 0.091780 0.000050 0.138880 0.008955 0.459890 
0.073952 0.004335 0.524735 0.182704 0.000565 0.213710 
0.380740 0.200660 0.023937 0.094513 0.150298 0.149852 
0.125288 0.029877 0.004566 0.197589 0.553290 0.089389 
0.124701 0.416637 0.079409 0.058996 0.144320 0.175937 
0.105578 0.032915 0.390913 0.091093 0.144915 0.234585 
0.190168 0.341205 0.263535 0.044591 0.000545 0.159955 
0.396886 0.188766 0.024134 0.241517 0.021336 0.127361 
0.139601 0.377098 0.008912 0.085110 0.003904 0.385374 
0.021250 0.567595 0.052166 0.047183 0.007075 0.304732 
0.250636 0.493637 0.035175 0.052840 0.002220 0.165493 
0.011903 0.077672 0.000053 0.874662 0.001949 0.033761 
0.371914 0.049076 0.000032 0.453842 0.019350 0.105786 
0.099710 0.027275 0.023658 0.312286 0.419121 0.117950 
0.058835 0.158973 0.013415 0.020821 0.704688 0.043267 
0.145752 0.608495 0.000054 0.082584 0.005272 0.157843 
0.259383 0.210740 0.008574 0.117110 0.022656 0.381537 
0.337895 0.243686 0.012920 0.014642 0.343156 0.047701 
0.045917 0.712623 0.000057 0.085073 0.021507 0.134823 
0.188595 0.268819 0.089280 0.119722 0.030850 0.302735 
0.042311 0.352633 0.085761 0.453411 0.012263 0.053622 
0.321163 0.061161 0.032039 0.155131 0.077616 0.352890 
0.019531 0.299469 0.185355 0.224772 0.228539 0.042335 
0.146418 0.199735 0.519479 0.023220 0.020795 0.090354 
0.320623 0.190394 0.036997 0.053658 0.024759 0.373568 
0.104724 0.209377 0.063532 0.364763 0.007321 0.250283 
0.020499 0.533413 0.019256 0.173927 0.229116 0.023788 
0.144440 0.070978 0.279019 0.031944 0.009453 0.464166 
0.173022 0.233211 0.102987 0.050449 0.005680 0.434651 
0.034256 0.128681 0.059504 0.221616 0.511029 0.044914 
0.463698 0.068229 0.000033 0.069528 0.170427 0.228085 
0.509215 0.134055 0.018172 0.227489 0.047407 0.063662 
0.724107 0.028519 0.000046 0.078960 0.124462 0.043906 
0.054269 0.361542 0.015694 0.440950 0.009775 0.117770 
0.163869 0.069381 0.010863 0.406568 0.316466 0.032853 
0.034586 0.586326 0.017921 0.165176 0.111393 0.084598 
0.005808 0.293845 0.046054 0.301591 0.247178 0.105524 
0.310845 0.160604 0.000055 0.035609 0.204985 0.287903 
0.433480 0.058538 0.054246 0.273057 0.002815 0.177863 
0.168996 0.046501 0.295694 0.151877 0.026655 0.310277 
0.157964 0.663546 0.017044 0.042454 0.018629 0.100364 
0.303196 0.116664 0.146480 0.412872 0.000155 0.020632 
0.133669 0.519060 0.017245 0.066262 0.014610 0.249155 
0.264221 0.009523 0.000052 0.130678 0.368022 0.227504 
0.067892 0.064873 0.000044 0.095547 0.373034 0.398610 
0.198824 0.403942 0.000041 0.034339 0.040886 0.321969 
0.302881 0.023009 0.000038 0.069644 0.146423 0.458004 
0.189832 0.067506 0.020417 0.166832 0.197258 0.358156 
0.086637 0.094196 0.083488 0.114442 0.176591 0.444646 
0.550288 0.063190 0.082685 0.076604 0.061972 0.165260 
0.057236 0.239897 0.533903 0.073371 0.000068 0.095525 
0.238428 0.494618 0.012232 0.071118 0.001220 0.182384 
0.518540 0.025674 0.011790 0.116355 0.293205 0.034436 
0.066334 0.044360 0.006832 0.245882 0.070581 0.566011 
0.005587 0.046072 0.274429 0.296637 0.320769 0.056507 
0.163122 0.070826 0.036456 0.458566 0.011407 0.259624 
0.033778 0.737414 0.000039 0.075563 0.051711 0.101494 
0.018754 0.057692 0.033346 0.037292 0.556474 0.296442 
0.260106 0.059394 0.048474 0.101071 0.016331 0.514623 
0.138764 0.062749 0.000046 0.654758 0.091643 0.052038 
0.086972 0.113032 0.063580 0.056851 0.095267 0.584298 
0.084985 0.678521 0.027550 0.048883 0.026998 0.133063 
0.885829 0.950346 0.292954 0.846249 0.497451 0.935524 
