-1933584.919680
0
0.000000 0.000000 0.000178 0.000000 0.000000 0.000526 0.000000 0.000000 0.007090 0.001303 0.000000 0.000296 0.000000 0.000000 0.000000 0.000000 0.000975 0.000000 0.000558 0.001343 0.000000 0.000000 0.000000 0.000000 0.000000 0.000000 0.000000 0.000000 0.000000 0.000000 0.000000 0.000000 0.014685 0.000000 0.003008 0.007222 0.000000 0.000613 0.000000 0.000000 0.000633 0.000000 0.000000 0.001406 0.000000 0.000000 0.000272 0.000000 0.000000 0.000001 0.000000 0.000000 0.000000 0.000000 0.000000 0.000000 0.005372 0.000000 0.000000 0.002369 0.000000 0.000000 0.000000 0.000000 0.000000 0.000000 0.000000 0.000000 0.000000 0.000000 0.000000 0.000223 0.013256 0.005772 0.002075 0.013745 0.036515 0.000000 0.000000 0.067246 0.442889 0.080134 0.048867 0.240761 0.000000 0.000000 0.000000 0.000000 0.000000 0.000666 0.000000 0.000000 0.000000 0.000000 0.000000 0.000000 
0.000000 0.000851 0.000000 0.000000 0.003883 0.000000 0.000000 0.004572 0.001923 0.000000 0.000000 0.000000 0.000863 0.000874 0.000000 0.000530 0.000000 0.000000 0.000000 0.000000 0.000000 0.000196 0.000000 0.000000 0.000000 0.000000 0.000000 0.000000 0.005868 0.001274 0.000000 0.006002 0.003405 0.000000 0.000000 0.000001 0.000000 0.000000 0.000000 0.000000 0.000000 0.000000 0.000000 0.000000 0.000000 0.000000 0.000000 0.000000 0.000000 0.001061 0.000000 0.000000 0.000556 0.001066 0.000000 0.002735 0.000000 0.000000 0.000000 0.000007 0.000000 0.000203 0.000000 0.000000 0.000000 0.000000 0.000000 0.000000 0.000000 0.000704 0.000000 0.000000 0.051409 0.017986 0.002378 0.017999 0.283533 0.068816 0.010271 0.341195 0.119710 0.014139 0.006221 0.029255 0.000000 0.000000 0.000000 0.000000 0.000512 0.000000 0.000000 0.000000 0.000000 0.000000 0.000000 0.000000 
0.000000 0.005724 0.000000 0.057327 0.000000 0.000000 0.000000 0.000000 0.034847 0.023383 0.018672 0.035757 0.000000 0.000000 0.000000 0.000000 0.000000 0.004098 0.000000 0.000917 0.000000 0.002674 0.000932 0.007438 0.004503 0.012251 0.000000 0.243945 0.000000 0.000000 0.000000 0.000000 0.000001 0.000000 0.000000 0.011105 0.000000 0.004080 0.000000 0.005706 0.000000 0.006832 0.000000 0.004141 0.000000 0.003581 0.000000 0.010538 0.002230 0.017863 0.000000 0.115996 0.000000 0.000000 0.000000 0.000000 0.055518 0.000000 0.043713 0.043193 0.000000 0.003157 0.000000 0.000000 0.005703 0.000000 0.007468 0.009738 0.000000 0.000000 0.000000 0.000000 0.000000 0.029815 0.000000 0.093000 0.000000 0.000000 0.000000 0.000000 0.008297 0.019788 0.000000 0.019981 0.000000 0.002105 0.000000 0.002949 0.000000 0.008012 0.001862 0.002981 0.000000 0.002913 0.000000 0.005270 
0.001562 0.000000 0.000666 0.000000 0.002699 0.001496 0.000000 0.001902 0.009865 0.000000 0.000000 0.000000 0.005612 0.006239 0.002848 0.001827 0.060895 0.038809 0.066084 0.028080 0.000000 0.001805 0.000761 0.003025 0.008965 0.007003 0.003723 0.007994 0.001360 0.001377 0.000000 0.000000 0.021217 0.000788 0.003977 0.015978 0.000000 0.006989 0.000000 0.000668 0.039650 0.046441 0.056996 0.038902 0.000000 0.005279 0.003845 0.006292 0.002359 0.006807 0.002633 0.000000 0.000531 0.001015 0.000000 0.000000 0.014667 0.003425 0.000000 0.010672 0.000435 0.004129 0.000000 0.000000 0.069821 0.029368 0.049788 0.046465 0.000000 0.000000 0.000000 0.002163 0.000000 0.010119 0.002562 0.000000 0.000000 0.001721 0.000000 0.000000 0.014798 0.000000 0.000000 0.000000 0.005356 0.013997 0.002789 0.003607 0.058915 0.040579 0.039585 0.042448 0.000000 0.003517 0.000667 0.003441 
0.040552 0.032790 0.023419 0.023590 0.011804 0.004791 0.003366 0.004963 0.009700 0.001346 0.000000 0.000000 0.003970 0.002223 0.008129 0.000000 0.005598 0.000000 0.006715 0.000000 0.000000 0.000000 0.000000 0.000000 0.057124 0.075062 0.011708 0.050807 0.011364 0.010329 0.006679 0.011448 0.023444 0.008985 0.007923 0.015807 0.008254 0.010406 0.042513 0.009694 0.004418 0.000000 0.011268 0.003969 0.000000 0.000907 0.004997 0.000947 0.042947 0.048926 0.029183 0.026510 0.009122 0.011479 0.008062 0.006889 0.005363 0.002890 0.000000 0.002755 0.007198 0.005597 0.015824 0.002181 0.004115 0.000000 0.002732 0.000000 0.000000 0.000000 0.001008 0.000000 0.036532 0.067205 0.013744 0.039770 0.000000 0.012862 0.003730 0.000000 0.000000 0.000000 0.000000 0.000498 0.002179 0.004427 0.008615 0.000000 0.000736 0.000000 0.002697 0.000000 0.000000 0.000000 0.001962 0.001249 
0.007383 0.000000 0.000000 0.000000 0.063464 0.032174 0.016790 0.058705 0.036887 0.000000 0.000000 0.001708 0.002669 0.003446 0.007207 0.000000 0.001046 0.000000 0.003225 0.019048 0.000000 0.000000 0.015922 0.015653 0.000000 0.000000 0.000000 0.000000 0.034110 0.030233 0.014611 0.056358 0.038388 0.000000 0.005946 0.000002 0.006493 0.008816 0.014643 0.014500 0.000000 0.005050 0.000000 0.006892 0.000000 0.008500 0.023423 0.010611 0.000000 0.008864 0.000000 0.000000 0.030429 0.028601 0.007776 0.039506 0.030057 0.008135 0.000000 0.013030 0.005759 0.003837 0.015062 0.000000 0.000000 0.000000 0.000000 0.000000 0.007481 0.011527 0.033908 0.006070 0.000000 0.015254 0.000000 0.000001 0.000000 0.042049 0.007082 0.041085 0.000000 0.004105 0.000000 0.000001 0.000000 0.004410 0.003956 0.000000 0.000000 0.010440 0.000000 0.000000 0.000000 0.016581 0.022571 0.018521 
0.003880 0.000000 0.000000 0.000000 0.003216 0.000876 0.000000 0.003696 0.005077 0.000000 0.000608 0.000000 0.014177 0.002548 0.006447 0.021368 0.027846 0.006505 0.012208 0.029275 0.051136 0.009518 0.006589 0.032607 0.000718 0.000000 0.000000 0.000000 0.000000 0.000984 0.000000 0.001958 0.007725 0.000000 0.000908 0.000001 0.005759 0.000000 0.002145 0.000000 0.014965 0.004531 0.011715 0.039588 0.041180 0.008243 0.015320 0.084460 0.012148 0.004049 0.000000 0.005748 0.000000 0.002814 0.000000 0.005545 0.000000 0.000000 0.000000 0.005317 0.002222 0.000000 0.001444 0.000000 0.000000 0.005766 0.001556 0.008176 0.012771 0.000000 0.003521 0.027343 0.030633 0.000002 0.000000 0.043253 0.000000 0.000000 0.000000 0.000000 0.000000 0.005369 0.000000 0.003448 0.031235 0.000000 0.021133 0.009663 0.011681 0.011841 0.005127 0.042773 0.087333 0.011944 0.011638 0.096729 
0.000000 0.001195 0.000000 0.003491 0.001402 0.000000 0.000805 0.000000 0.007406 0.013633 0.013596 0.000722 0.000000 0.010303 0.000000 0.009174 0.004137 0.004102 0.000935 0.003277 0.000000 0.000000 0.001000 0.001864 0.013634 0.010231 0.002160 0.020031 0.000000 0.000000 0.000000 0.001094 0.000001 0.000000 0.000000 0.006093 0.001280 0.005398 0.002106 0.000000 0.000000 0.000945 0.005187 0.000000 0.000000 0.001263 0.000000 0.006614 0.001491 0.010695 0.002000 0.036858 0.001705 0.000000 0.000534 0.001368 0.061179 0.194591 0.246888 0.104502 0.000000 0.004465 0.003460 0.004411 0.013599 0.060599 0.017695 0.006581 0.000000 0.004978 0.005291 0.021925 0.002615 0.002492 0.002250 0.008636 0.000000 0.002699 0.000000 0.000000 0.007132 0.007090 0.000000 0.000000 0.000000 0.000000 0.000000 0.000000 0.000000 0.005874 0.000000 0.000000 0.000000 0.000000 0.000000 0.003318 
0.003076 0.005161 0.001048 0.000000 0.000000 0.001841 0.000000 0.002798 0.041072 0.006949 0.219229 0.009333 0.000000 0.000000 0.000000 0.004881 0.008073 0.001585 0.013126 0.002556 0.000000 0.002579 0.000000 0.003154 0.004822 0.018669 0.005692 0.027236 0.000000 0.000000 0.000000 0.000000 0.015723 0.003774 0.155398 0.005484 0.000000 0.000000 0.000000 0.000000 0.000000 0.000000 0.014567 0.000000 0.000000 0.003036 0.003946 0.001641 0.004103 0.004650 0.001763 0.000000 0.000000 0.003206 0.000000 0.001300 0.046016 0.035893 0.144015 0.023797 0.000000 0.000467 0.000000 0.000000 0.005213 0.000000 0.001108 0.003866 0.000000 0.000479 0.000000 0.000000 0.004892 0.006268 0.001453 0.000000 0.000000 0.000000 0.000994 0.000000 0.010551 0.000000 0.096638 0.000000 0.000000 0.000000 0.000000 0.000000 0.004751 0.000000 0.009769 0.000000 0.000000 0.000626 0.001735 0.000000 
0.000000 0.000000 0.000000 0.000000 0.000000 0.000000 0.000000 0.001105 0.023522 0.116285 0.000000 0.067037 0.000000 0.000000 0.001360 0.000000 0.000000 0.001561 0.000000 0.000000 0.000000 0.000000 0.000000 0.000000 0.000000 0.000456 0.000448 0.001048 0.000000 0.000000 0.001056 0.000000 0.033129 0.162337 0.008467 0.084607 0.000000 0.000511 0.000000 0.000000 0.000000 0.000000 0.000000 0.000872 0.000000 0.000000 0.001187 0.001004 0.000000 0.000456 0.000000 0.000000 0.000000 0.000000 0.000000 0.000000 0.027842 0.100780 0.000000 0.056125 0.000000 0.000000 0.000000 0.000000 0.000000 0.000518 0.000784 0.001588 0.000000 0.000000 0.001296 0.000000 0.000607 0.002251 0.000000 0.000927 0.000000 0.001141 0.000000 0.000000 0.029311 0.168852 0.000000 0.099403 0.000000 0.000000 0.000000 0.000000 0.000000 0.001251 0.000000 0.000000 0.000000 0.000000 0.000000 0.000879 
0.050246 0.041589 0.003884 0.035474 0.010701 0.006253 0.000694 0.010539 0.015242 0.003289 0.010490 0.024214 0.018104 0.016447 0.018783 0.030336 0.015682 0.007831 0.006742 0.026451 0.003177 0.000000 0.009679 0.000000 0.040581 0.027408 0.000872 0.000000 0.008936 0.008129 0.000960 0.011396 0.004224 0.002669 0.000000 0.022749 0.013394 0.020023 0.022922 0.033147 0.003095 0.009672 0.000000 0.008253 0.000000 0.001837 0.008046 0.002106 0.028243 0.017433 0.000000 0.017097 0.004679 0.002771 0.000000 0.007035 0.000000 0.000000 0.000000 0.002953 0.012362 0.009388 0.013127 0.024460 0.000000 0.005145 0.000000 0.007255 0.000000 0.000000 0.007967 0.005386 0.034555 0.018525 0.002580 0.037295 0.000000 0.003749 0.000000 0.000000 0.000000 0.000000 0.000000 0.013177 0.018835 0.012369 0.010728 0.036528 0.000668 0.003121 0.000000 0.010203 0.000000 0.001879 0.009420 0.004796 
0.001156 0.000000 0.000000 0.009082 0.001231 0.000000 0.000372 0.000930 0.000002 0.000000 0.008592 0.004390 0.000000 0.000000 0.000000 0.000000 0.000000 0.003809 0.000000 0.002008 0.000000 0.004900 0.002909 0.013169 0.003599 0.000000 0.000000 0.017180 0.000000 0.000590 0.000639 0.000000 0.000001 0.000000 0.009450 0.001515 0.000000 0.000000 0.000000 0.000000 0.000000 0.000000 0.000000 0.001507 0.001170 0.000668 0.003568 0.019657 0.001759 0.000813 0.000000 0.008639 0.000000 0.000000 0.000000 0.000000 0.000000 0.000000 0.018997 0.010958 0.000000 0.000000 0.000000 0.000000 0.004653 0.008595 0.003099 0.013130 0.000000 0.002568 0.000471 0.001216 0.043296 0.011422 0.002043 0.340672 0.000000 0.000000 0.000000 0.000000 0.000000 0.020281 0.238006 0.038549 0.000000 0.000000 0.000000 0.001445 0.001390 0.011176 0.007187 0.008781 0.004251 0.010078 0.001712 0.072720 
0.000000 0.000000 0.000000 0.000000 0.000000 0.000000 0.000000 0.000000 0.000002 0.010048 0.000000 0.000000 0.001238 0.000000 0.000000 0.002637 0.000000 0.000000 0.000000 0.000000 0.000000 0.000000 0.000822 0.000000 0.000000 0.000000 0.000000 0.002048 0.000000 0.000000 0.000968 0.000000 0.077696 0.098419 0.024390 0.075317 0.000000 0.000000 0.000000 0.001067 0.000000 0.000000 0.000000 0.003318 0.000000 0.001495 0.000000 0.000000 0.000000 0.000001 0.000259 0.000000 0.000000 0.000456 0.000000 0.000000 0.000000 0.013280 0.000000 0.014502 0.000000 0.000000 0.000000 0.000000 0.000000 0.000000 0.000000 0.008019 0.000000 0.000000 0.001476 0.000000 0.000000 0.000002 0.000000 0.000000 0.000000 0.000000 0.000000 0.002425 0.133886 0.308528 0.114698 0.088350 0.000000 0.001125 0.000000 0.004408 0.001796 0.000000 0.001893 0.001823 0.000000 0.000554 0.001023 0.002030 
0.000002 0.036409 0.009318 0.051345 0.106142 0.017769 0.022087 0.046891 0.106419 0.153845 0.058012 0.000000 0.391761 
0.063867 0.025514 0.007220 0.135490 0.000000 0.055045 0.025989 0.070149 0.041456 0.047145 0.126146 0.401978 0.000000 
0.088240 0.000225 0.000479 0.047726 0.000000 0.000000 0.006424 0.231769 0.067543 0.020858 0.014792 0.274231 0.247713 
0.000002 0.013680 0.032422 0.142662 0.000000 0.066920 0.049356 0.019966 0.057444 0.109668 0.123771 0.000000 0.384111 
0.013386 0.034921 0.070095 0.156071 0.102964 0.019538 0.008680 0.097762 0.391976 0.049455 0.055150 0.000000 0.000000 
0.000002 0.002935 0.256119 0.042134 0.140674 0.000000 0.000071 0.097514 0.111987 0.080489 0.060917 0.207159 0.000000 
0.000002 0.111906 0.070237 0.099182 0.032910 0.041769 0.019343 0.030098 0.127975 0.149169 0.317409 0.000000 0.000000 
0.044116 0.014759 0.184731 0.068333 0.018388 0.009682 0.329176 0.064833 0.101553 0.086880 0.077550 0.000000 0.000000 
0.000002 0.019764 0.046366 0.034432 0.692736 0.000000 0.000146 0.004052 0.001172 0.054929 0.146401 0.000000 0.000000 
0.000002 0.062093 0.034147 0.363895 0.159519 0.000000 0.004594 0.118510 0.024530 0.042254 0.079155 0.000000 0.111303 
0.000002 0.004604 0.231261 0.047165 0.000000 0.043409 0.005173 0.103917 0.235714 0.260448 0.068307 0.000000 0.000000 
0.000002 0.014486 0.019638 0.130924 0.000000 0.097035 0.074404 0.010592 0.012481 0.055079 0.114055 0.000000 0.471303 
0.000002 0.053198 0.037909 0.070123 0.090305 0.000000 0.018866 0.162395 0.412585 0.092647 0.004787 0.000000 0.057182 
0.000002 0.011801 0.042140 0.089226 0.000000 0.026334 0.012683 0.455133 0.139971 0.049754 0.149954 0.023002 0.000000 
0.016411 0.036347 0.018039 0.513484 0.000000 0.026508 0.096685 0.052068 0.023092 0.050334 0.167032 0.000000 0.000000 
0.000002 0.004796 0.077273 0.067397 0.000000 0.008269 0.019788 0.136534 0.320000 0.038095 0.286458 0.000000 0.041388 
0.028966 0.012183 0.035732 0.082224 0.275616 0.000000 0.065002 0.147583 0.025950 0.040527 0.105064 0.181153 0.000000 
0.000002 0.127628 0.030484 0.118048 0.000000 0.000000 0.307527 0.199516 0.073620 0.036103 0.107072 0.000000 0.000000 
0.014947 0.000168 0.071623 0.058325 0.062935 0.054192 0.083815 0.038338 0.137520 0.417901 0.060236 0.000000 0.000000 
0.024091 0.014682 0.039662 0.068244 0.000000 0.000000 0.007358 0.303202 0.066278 0.188835 0.245767 0.000000 0.041881 
0.023916 0.047916 0.053932 0.013349 0.000000 0.000000 0.000048 0.053074 0.036254 0.616863 0.073114 0.000000 0.081533 
0.000002 0.012713 0.042081 0.141333 0.000000 0.000000 0.382913 0.077744 0.062532 0.007266 0.264542 0.000000 0.008875 
0.018783 0.000121 0.056942 0.210251 0.420995 0.000000 0.000075 0.034898 0.038625 0.033622 0.153649 0.000000 0.032038 
0.219571 0.006393 0.000361 0.019022 0.000000 0.000000 0.000069 0.003161 0.002778 0.159384 0.018223 0.000000 0.571037 
0.011595 0.010495 0.000440 0.071551 0.000000 0.000000 0.025676 0.071188 0.113074 0.036393 0.033180 0.626407 0.000000 
0.000002 0.003366 0.000373 0.010227 0.000000 0.000000 0.011658 0.017163 0.050895 0.881502 0.024815 0.000000 0.000000 
0.000001 0.024737 0.134167 0.081602 0.217111 0.141341 0.022449 0.045510 0.024742 0.046146 0.262193 0.000000 0.000000 
0.102906 0.005980 0.050458 0.042145 0.000000 0.000000 0.048913 0.149586 0.057129 0.101905 0.020504 0.000000 0.420475 
0.000002 0.020632 0.056994 0.105574 0.021259 0.132858 0.011924 0.072788 0.191321 0.088055 0.112983 0.000000 0.185610 
0.000002 0.102051 0.000282 0.151287 0.000000 0.025256 0.058753 0.001115 0.319187 0.103888 0.226866 0.011313 0.000000 
0.231273 0.041231 0.074947 0.052638 0.025871 0.000000 0.019995 0.009735 0.020517 0.012558 0.464604 0.000000 0.046631 
0.023052 0.062203 0.027686 0.032787 0.000000 0.036665 0.011775 0.056839 0.117389 0.539983 0.091620 0.000000 0.000000 
0.000001 0.007191 0.059810 0.102874 0.000000 0.000000 0.004211 0.425819 0.275280 0.072350 0.025303 0.027160 0.000000 
0.043381 0.344293 0.000474 0.167227 0.000000 0.032784 0.156306 0.077974 0.015890 0.057973 0.095685 0.008013 0.000000 
0.143071 0.402861 0.012835 0.090577 0.000000 0.092480 0.010191 0.011350 0.013615 0.116314 0.106706 0.000000 0.000000 
0.000002 0.006436 0.034423 0.043892 0.222052 0.011967 0.000154 0.098114 0.048365 0.441794 0.053146 0.039655 0.000000 
0.000002 0.280446 0.230992 0.086457 0.000000 0.000000 0.000055 0.211014 0.110339 0.055670 0.025024 0.000000 0.000000 
0.220926 0.112709 0.001676 0.036746 0.000000 0.000000 0.007183 0.154963 0.068798 0.030352 0.012034 0.253186 0.101427 
0.030892 0.000416 0.144273 0.075808 0.000000 0.021123 0.026447 0.047950 0.080125 0.449118 0.123848 0.000000 0.000000 
0.015659 0.004550 0.000299 0.561687 0.102379 0.000000 0.015324 0.132649 0.012836 0.048934 0.105683 0.000000 0.000000 
0.016094 0.008950 0.091984 0.045053 0.271913 0.000000 0.010658 0.019634 0.326721 0.072244 0.112737 0.000000 0.024011 
0.424142 0.014130 0.010092 0.161383 0.000000 0.017132 0.196633 0.000198 0.034910 0.034598 0.106782 0.000000 0.000000 
0.000002 0.002082 0.006526 0.220153 0.000000 0.015687 0.004189 0.225093 0.095925 0.309785 0.047675 0.032511 0.040372 
0.000002 0.005524 0.308542 0.103164 0.000000 0.019331 0.144165 0.117293 0.122480 0.073230 0.106268 0.000000 0.000000 
0.010739 0.009253 0.027047 0.083875 0.137186 0.000000 0.097313 0.010695 0.398474 0.080153 0.145265 0.000000 0.000000 
0.000002 0.022989 0.118897 0.070426 0.000000 0.051019 0.039340 0.009620 0.056627 0.023622 0.558590 0.048866 0.000000 
0.000001 0.001793 0.080277 0.212393 0.000000 0.009190 0.000078 0.451897 0.080290 0.118180 0.045900 0.000000 0.000000 
0.000002 0.012411 0.000495 0.235166 0.000000 0.027106 0.016093 0.189744 0.077016 0.367831 0.074136 0.000000 0.000000 
0.000002 0.274040 0.000245 0.018028 0.000000 0.000000 0.010295 0.016265 0.013515 0.023181 0.059237 0.000000 0.585192 
0.010765 0.013038 0.002060 0.084844 0.018149 0.106056 0.007896 0.000513 0.018264 0.093535 0.152050 0.492831 0.000000 
0.000002 0.228981 0.247978 0.058964 0.000000 0.031711 0.037350 0.094163 0.122898 0.071506 0.106448 0.000000 0.000000 
0.255007 0.000171 0.089586 0.088736 0.000000 0.000000 0.033924 0.098748 0.281605 0.053517 0.098705 0.000000 0.000000 
0.000001 0.603752 0.000555 0.017391 0.215223 0.000000 0.000066 0.021879 0.010576 0.011607 0.051765 0.000000 0.067184 
0.468977 0.004889 0.067258 0.014615 0.000000 0.000000 0.114359 0.041285 0.056498 0.037003 0.184039 0.000000 0.011076 
0.050067 0.022240 0.018060 0.109672 0.000000 0.095771 0.010180 0.051925 0.091466 0.039525 0.406382 0.000000 0.104712 
0.372626 0.004161 0.029612 0.080860 0.000000 0.000000 0.129909 0.000613 0.072322 0.024797 0.285099 0.000000 0.000000 
0.329736 0.019269 0.055772 0.097170 0.035564 0.013578 0.006445 0.021115 0.046593 0.018235 0.356522 0.000000 0.000000 
0.008054 0.066391 0.393311 0.032440 0.000000 0.000000 0.113434 0.126901 0.101831 0.077819 0.058718 0.021101 0.000000 
0.018470 0.045141 0.052680 0.123697 0.000000 0.161473 0.035153 0.216402 0.031582 0.053408 0.261992 0.000000 0.000000 
0.000002 0.024956 0.035713 0.194314 0.017885 0.095305 0.060268 0.036245 0.047364 0.087216 0.370470 0.000000 0.030262 
0.000002 0.008342 0.031278 0.013141 0.101479 0.000000 0.000079 0.020267 0.021158 0.047158 0.059300 0.000000 0.697796 
0.009895 0.001179 0.012418 0.005619 0.166036 0.000000 0.005002 0.012162 0.029085 0.559938 0.198667 0.000000 0.000000 
0.119011 0.067476 0.036506 0.176599 0.125618 0.181476 0.032978 0.007939 0.027242 0.073735 0.151420 0.000000 0.000000 
0.284204 0.000151 0.012052 0.022898 0.008599 0.011595 0.000060 0.073295 0.100763 0.456846 0.029538 0.000000 0.000000 
0.036768 0.004761 0.000423 0.055181 0.570449 0.000000 0.000074 0.000473 0.032907 0.045098 0.076763 0.000000 0.177104 
0.145499 0.000140 0.000409 0.034519 0.000000 0.000000 0.000095 0.016735 0.000877 0.060259 0.010178 0.286493 0.444796 
0.017948 0.008392 0.019545 0.128465 0.076858 0.000000 0.311511 0.033642 0.045811 0.104040 0.097807 0.155978 0.000000 
0.000002 0.003386 0.000251 0.487708 0.158666 0.000000 0.008724 0.124676 0.063831 0.042847 0.089133 0.000000 0.020774 
0.482837 0.097306 0.007417 0.031146 0.000000 0.020709 0.014161 0.008912 0.194803 0.051352 0.080390 0.010966 0.000000 
0.011514 0.011895 0.069798 0.058961 0.625584 0.010138 0.000132 0.027763 0.030902 0.038554 0.114760 0.000000 0.000000 
0.000001 0.013232 0.046249 0.072311 0.057443 0.000000 0.060161 0.031828 0.038740 0.020548 0.381798 0.258207 0.019482 
0.010517 0.039304 0.087018 0.254799 0.000000 0.000000 0.010181 0.027766 0.036184 0.023944 0.510285 0.000000 0.000000 
0.000002 0.158344 0.025082 0.145449 0.000000 0.006432 0.017344 0.091057 0.126832 0.372202 0.057257 0.000000 0.000000 
0.000002 0.003262 0.000369 0.035659 0.000000 0.000000 0.002352 0.008202 0.270688 0.578595 0.056386 0.000000 0.044484 
0.200048 0.020594 0.017139 0.061110 0.037623 0.010072 0.276495 0.016512 0.160264 0.034870 0.114459 0.000000 0.050815 
0.011396 0.072614 0.016352 0.515685 0.000000 0.000000 0.165438 0.008128 0.011907 0.030222 0.168256 0.000000 0.000000 
0.000001 0.005608 0.025800 0.234038 0.038894 0.074429 0.052529 0.044197 0.098571 0.065997 0.257945 0.101991 0.000000 
0.000002 0.010634 0.025696 0.410155 0.000000 0.084788 0.020043 0.015458 0.039854 0.073937 0.222931 0.000000 0.096502 
0.000002 0.703835 0.015613 0.021051 0.024900 0.000000 0.005154 0.000432 0.025628 0.020098 0.011279 0.172009 0.000000 
0.000002 0.007943 0.025476 0.119939 0.133264 0.109979 0.034745 0.167921 0.242513 0.034671 0.123548 0.000000 0.000000 
0.000001 0.011295 0.000355 0.086742 0.543235 0.031615 0.073948 0.008982 0.029388 0.058586 0.155853 0.000000 0.000000 
0.082829 0.019557 0.038744 0.171686 0.000000 0.150270 0.061423 0.023574 0.089850 0.058111 0.261988 0.000000 0.041968 
0.000002 0.013043 0.130215 0.044907 0.053234 0.000000 0.034215 0.064000 0.144309 0.027664 0.463485 0.000000 0.024926 
0.928506 0.014059 0.000250 0.001309 0.005271 0.000000 0.000043 0.000195 0.008624 0.031425 0.000700 0.000000 0.009618 
0.025441 0.010800 0.107213 0.084978 0.035215 0.000000 0.019655 0.097817 0.151463 0.022272 0.445143 0.000000 0.000000 
0.000001 0.014455 0.058793 0.026715 0.703975 0.000000 0.000103 0.014689 0.013764 0.039489 0.128015 0.000000 0.000000 
0.000002 0.021370 0.027535 0.101423 0.000000 0.013787 0.029383 0.003222 0.426968 0.039134 0.337176 0.000000 0.000000 
0.000001 0.104747 0.030699 0.030462 0.010799 0.000000 0.002059 0.061174 0.136834 0.170314 0.015050 0.000000 0.437859 
0.000002 0.006223 0.007118 0.095213 0.059686 0.000000 0.319651 0.016441 0.038317 0.048614 0.087770 0.000000 0.320964 
0.000002 0.080726 0.099983 0.310275 0.000000 0.000000 0.257278 0.034141 0.051570 0.030016 0.136009 0.000000 0.000000 
0.000001 0.004485 0.224972 0.134139 0.000000 0.000000 0.010663 0.208551 0.128332 0.076366 0.071524 0.140967 0.000000 
0.000002 0.009460 0.017042 0.494207 0.000000 0.000000 0.187995 0.002727 0.010084 0.073393 0.191511 0.000000 0.013578 
0.000002 0.000139 0.024697 0.025569 0.000000 0.000000 0.010543 0.077426 0.069615 0.065671 0.213208 0.054843 0.458287 
0.000002 0.691062 0.014996 0.162507 0.040725 0.000000 0.000064 0.000221 0.000408 0.030513 0.059501 0.000000 0.000000 
0.105545 0.000227 0.000314 0.018581 0.014456 0.014515 0.025255 0.048258 0.064751 0.594276 0.065476 0.048346 0.000000 
0.000002 0.017440 0.076842 0.052145 0.020307 0.000000 0.034531 0.000731 0.078239 0.046958 0.672803 0.000000 0.000000 
0.020881 0.196444 0.076138 0.112918 0.000000 0.000000 0.016626 0.143811 0.085499 0.046569 0.291965 0.009149 0.000000 
0.176225 0.216823 0.000198 0.028032 0.097158 0.000000 0.000103 0.021608 0.019602 0.053877 0.014208 0.221998 0.150167 
0.545750 0.057954 0.020755 0.015687 0.121594 0.010951 0.032205 0.000972 0.021606 0.046155 0.083979 0.000000 0.042394 
0.000002 0.026811 0.058326 0.116712 0.000000 0.190086 0.018242 0.073703 0.164642 0.068265 0.283211 0.000000 0.000000 
0.096105 0.003818 0.014936 0.225817 0.037750 0.087129 0.068540 0.037246 0.046264 0.098385 0.259507 0.024502 0.000000 
0.006335 0.540959 0.000133 0.117422 0.000000 0.000000 0.009991 0.001953 0.019360 0.170431 0.031282 0.102134 0.000000 
0.000002 0.006241 0.027660 0.278051 0.357848 0.052385 0.022820 0.013294 0.021596 0.055024 0.149488 0.000000 0.015591 
0.087405 0.021021 0.271140 0.044562 0.000000 0.000000 0.093968 0.147671 0.094156 0.052480 0.187595 0.000000 0.000000 
0.039847 0.000162 0.024850 0.147671 0.024902 0.030686 0.016632 0.000581 0.082794 0.433169 0.090557 0.000000 0.108150 
0.000002 0.267592 0.012005 0.257731 0.013406 0.000000 0.035711 0.026163 0.012831 0.038542 0.033540 0.259152 0.043324 
0.047270 0.000164 0.057006 0.049216 0.000000 0.000001 0.000063 0.280510 0.078780 0.471089 0.005835 0.000000 0.010067 
0.000002 0.016405 0.059842 0.090598 0.000000 0.058105 0.021298 0.265557 0.041760 0.041967 0.165095 0.239371 0.000000 
0.501061 0.005957 0.012291 0.030166 0.013565 0.000000 0.168346 0.015103 0.026665 0.175741 0.051103 0.000000 0.000000 
0.038300 0.010982 0.000231 0.086643 0.000000 0.041820 0.034821 0.033860 0.334608 0.261317 0.124191 0.033227 0.000000 
0.000002 0.192409 0.084199 0.023808 0.202058 0.000000 0.000089 0.065843 0.038753 0.023955 0.368883 0.000000 0.000000 
0.000001 0.125559 0.046788 0.163404 0.018789 0.049498 0.036441 0.018900 0.045965 0.075469 0.407895 0.011290 0.000000 
0.000002 0.002499 0.041842 0.409014 0.000000 0.000000 0.000086 0.042982 0.102889 0.096399 0.072758 0.103642 0.127886 
0.010142 0.001485 0.021354 0.262364 0.000000 0.000000 0.199430 0.022934 0.027526 0.033927 0.097586 0.323251 0.000000 
0.000002 0.006881 0.000546 0.121234 0.000000 0.000000 0.115406 0.159017 0.263181 0.213903 0.105065 0.014766 0.000000 
0.000002 0.040026 0.106910 0.017117 0.000000 0.000000 0.059596 0.059496 0.065733 0.137259 0.029284 0.351850 0.132726 
0.038608 0.013566 0.031381 0.117710 0.000000 0.000000 0.313825 0.000623 0.064300 0.025646 0.394340 0.000000 0.000000 
0.000002 0.303897 0.005070 0.181025 0.087213 0.000000 0.158241 0.035589 0.044813 0.063092 0.121058 0.000000 0.000000 
0.026584 0.508014 0.017815 0.121052 0.018695 0.031726 0.065249 0.023346 0.045909 0.051825 0.061154 0.000000 0.028630 
0.000002 0.014897 0.010973 0.159979 0.289935 0.000000 0.133337 0.022030 0.046452 0.052352 0.185457 0.000000 0.084585 
0.005512 0.019217 0.013232 0.063656 0.494800 0.112929 0.051231 0.012365 0.013778 0.043478 0.169802 0.000000 0.000000 
0.083789 0.004454 0.000251 0.065283 0.000000 0.000000 0.006429 0.019968 0.414103 0.057873 0.100777 0.028680 0.218390 
0.000002 0.737334 0.008436 0.041240 0.064654 0.000000 0.013232 0.016547 0.028272 0.017861 0.072421 0.000000 0.000000 
0.000002 0.004009 0.076341 0.102846 0.000000 0.000000 0.012026 0.180911 0.396883 0.048056 0.178927 0.000000 0.000000 
0.000001 0.000065 0.033311 0.064860 0.000000 0.011462 0.080984 0.079771 0.056889 0.096072 0.106745 0.000000 0.469838 
0.000002 0.169859 0.017849 0.292104 0.019774 0.107798 0.078818 0.008739 0.047184 0.072452 0.185421 0.000000 0.000000 
0.000002 0.021726 0.018655 0.074964 0.266632 0.029379 0.021533 0.010207 0.171709 0.061083 0.324111 0.000000 0.000000 
0.000002 0.003475 0.001112 0.133259 0.000000 0.000000 0.015539 0.037372 0.416280 0.053587 0.104146 0.235227 0.000000 
0.000002 0.047274 0.081743 0.240337 0.000000 0.000000 0.002579 0.030051 0.050473 0.464359 0.035952 0.025453 0.021777 
0.801082 0.006381 0.037088 0.046348 0.000000 0.000000 0.003726 0.023156 0.020739 0.037667 0.023812 0.000000 0.000000 
0.000001 0.059086 0.048515 0.124058 0.000000 0.254583 0.043743 0.008080 0.074648 0.069757 0.296174 0.021354 0.000000 
0.448339 0.008482 0.109418 0.033827 0.192101 0.000000 0.013768 0.049500 0.046206 0.039209 0.059151 0.000000 0.000000 
0.000002 0.075522 0.201899 0.007337 0.000000 0.007686 0.000089 0.084586 0.079479 0.406093 0.069911 0.000000 0.067397 
0.000002 0.010069 0.036347 0.468723 0.000000 0.000000 0.013657 0.001531 0.141120 0.058297 0.177943 0.000000 0.092312 
0.030490 0.007149 0.044875 0.079837 0.024267 0.000000 0.026519 0.328403 0.178737 0.172372 0.042701 0.064650 0.000000 
0.017107 0.027231 0.034467 0.121110 0.000000 0.012155 0.360666 0.080307 0.025888 0.082512 0.107240 0.131317 0.000000 
0.191495 0.016239 0.000328 0.517735 0.000000 0.000000 0.035046 0.003143 0.047538 0.039353 0.129421 0.000000 0.019702 
0.000002 0.138737 0.041262 0.148453 0.000000 0.000000 0.051881 0.061035 0.003954 0.025573 0.406537 0.000000 0.122567 
0.000002 0.042560 0.020218 0.175184 0.011345 0.040801 0.034760 0.011899 0.070095 0.260079 0.248659 0.000000 0.084398 
0.000002 0.019103 0.011618 0.123881 0.549623 0.036585 0.049294 0.002803 0.022087 0.049865 0.135138 0.000000 0.000000 
0.000002 0.004672 0.097788 0.214798 0.121495 0.000000 0.219883 0.065583 0.120482 0.055378 0.082829 0.000000 0.017091 
0.000001 0.038291 0.035770 0.041672 0.591326 0.028683 0.010076 0.008120 0.031551 0.049507 0.165003 0.000000 0.000000 
0.829082 0.023208 0.007576 0.001247 0.000000 0.000000 0.003706 0.001003 0.010969 0.081465 0.041743 0.000000 0.000000 
0.000002 0.010833 0.056542 0.057989 0.063768 0.074426 0.035836 0.065840 0.028055 0.024812 0.581897 0.000000 0.000000 
0.000002 0.163070 0.038676 0.154601 0.022374 0.177815 0.028648 0.101605 0.054663 0.050412 0.208134 0.000000 0.000000 
0.000002 0.006345 0.000319 0.124090 0.041400 0.000000 0.145585 0.028452 0.029150 0.015452 0.086230 0.445251 0.077723 
0.000001 0.021070 0.009170 0.076953 0.000000 0.011793 0.066322 0.016616 0.085192 0.544473 0.033181 0.000000 0.135228 
0.000001 0.007628 0.025311 0.324313 0.000000 0.143570 0.046853 0.018620 0.089340 0.081424 0.240358 0.022582 0.000000 
0.000002 0.006357 0.020090 0.349297 0.000000 0.000000 0.006576 0.063669 0.209825 0.065957 0.092592 0.000000 0.185635 
0.000002 0.011811 0.014288 0.207730 0.056436 0.051774 0.186303 0.014160 0.067838 0.067576 0.225841 0.000000 0.096242 
0.000002 0.717221 0.022569 0.057581 0.013511 0.000000 0.000214 0.000811 0.011024 0.053863 0.039955 0.083250 0.000000 
0.000002 0.005702 0.000775 0.114338 0.000000 0.000000 0.018130 0.570771 0.144679 0.036632 0.087928 0.021042 0.000000 
0.000002 0.010074 0.017962 0.039270 0.593545 0.000000 0.000200 0.028546 0.013096 0.031128 0.077245 0.188931 0.000000 
0.028975 0.010838 0.130313 0.033309 0.000000 0.000000 0.056820 0.067926 0.067166 0.403988 0.139123 0.000000 0.061543 
0.000002 0.011098 0.021672 0.185427 0.012001 0.075314 0.046909 0.000623 0.080009 0.093510 0.227995 0.000000 0.245441 
0.060525 0.000283 0.108653 0.121673 0.000000 0.051064 0.023263 0.140261 0.266725 0.082298 0.145255 0.000000 0.000000 
0.000001 0.017284 0.013208 0.028270 0.163562 0.000000 0.000138 0.003509 0.049435 0.064242 0.133737 0.010748 0.515866 
0.223402 0.016353 0.189463 0.064792 0.000000 0.000000 0.003492 0.072737 0.048162 0.051907 0.018257 0.000000 0.311434 
0.080093 0.004909 0.009899 0.063719 0.000000 0.052086 0.045081 0.392289 0.073221 0.035997 0.054988 0.158663 0.029054 
0.448805 0.016608 0.017193 0.027088 0.000000 0.000001 0.007438 0.084171 0.108607 0.266888 0.023200 0.000000 0.000000 
0.000002 0.011842 0.001853 0.078319 0.000000 0.072614 0.094934 0.048003 0.008372 0.061499 0.132549 0.000000 0.490015 
0.000002 0.005489 0.036203 0.470608 0.000000 0.008456 0.026389 0.057863 0.023367 0.187924 0.103557 0.060389 0.019754 
0.000002 0.268426 0.180712 0.050535 0.043112 0.000000 0.000076 0.138599 0.111523 0.116307 0.035503 0.055205 0.000000 
0.000002 0.024013 0.014943 0.072163 0.432967 0.000000 0.023448 0.022909 0.050876 0.038456 0.081318 0.238906 0.000000 
0.000002 0.013747 0.163064 0.067387 0.000000 0.039973 0.011327 0.036586 0.082017 0.064722 0.403830 0.000000 0.117346 
0.000002 0.005577 0.028918 0.029445 0.000000 0.027692 0.020981 0.026520 0.036364 0.616264 0.199723 0.000000 0.008515 
0.000001 0.000019 0.086457 0.081679 0.000000 0.000000 0.019968 0.235511 0.523424 0.046746 0.006195 0.000000 0.000000 
0.121201 0.000186 0.052793 0.086898 0.008941 0.000000 0.003117 0.570674 0.051673 0.054680 0.037506 0.012330 0.000000 
0.036325 0.014026 0.022123 0.077101 0.307358 0.000000 0.074438 0.305928 0.050842 0.047193 0.046774 0.017891 0.000000 
0.430852 0.025515 0.072132 0.020073 0.000000 0.016091 0.014296 0.014372 0.045032 0.032830 0.303226 0.000000 0.025580 
0.226644 0.041800 0.040203 0.106851 0.009135 0.214429 0.027609 0.000826 0.006282 0.061419 0.264803 0.000000 0.000000 
0.208806 0.030233 0.002562 0.407827 0.016259 0.000000 0.008466 0.028407 0.055412 0.064703 0.109152 0.068172 0.000000 
0.000002 0.252027 0.034634 0.100729 0.000000 0.041766 0.075059 0.264985 0.067679 0.023954 0.139165 0.000000 0.000000 
0.017209 0.026252 0.011160 0.279447 0.000000 0.115470 0.051533 0.031180 0.094634 0.114715 0.248303 0.010097 0.000000 
0.070592 0.040876 0.012314 0.365471 0.028203 0.000000 0.046715 0.013488 0.007196 0.188501 0.082187 0.000000 0.144455 
0.000002 0.008067 0.245469 0.115425 0.000000 0.059904 0.032638 0.141047 0.120254 0.152524 0.106813 0.000000 0.017858 
0.000002 0.004586 0.005138 0.096607 0.000000 0.008593 0.003676 0.566759 0.173475 0.044904 0.039741 0.056519 0.000000 
0.017272 0.032195 0.036788 0.131106 0.000000 0.137103 0.036949 0.259190 0.023821 0.071478 0.180092 0.074004 0.000000 
0.000002 0.609198 0.098102 0.082536 0.000000 0.000000 0.005292 0.088506 0.069294 0.037981 0.009087 0.000000 0.000000 
0.000001 0.000132 0.000137 0.110982 0.000000 0.000000 0.006156 0.018199 0.000532 0.068831 0.020351 0.000000 0.774678 
0.197006 0.000147 0.392522 0.004500 0.000000 0.000000 0.004659 0.168791 0.133128 0.078281 0.020965 0.000000 0.000000 
0.103811 0.121805 0.000289 0.071528 0.000000 0.000000 0.085074 0.084686 0.381759 0.037558 0.113491 0.000000 0.000000 
0.000002 0.000035 0.005828 0.034283 0.000000 0.000000 0.000088 0.154722 0.021842 0.146653 0.028108 0.000000 0.608439 
0.108549 0.021580 0.017521 0.146506 0.053144 0.165693 0.040557 0.000549 0.002513 0.078992 0.180188 0.018802 0.165407 
0.363051 0.024951 0.021673 0.110209 0.000000 0.123907 0.027367 0.001970 0.036637 0.118748 0.171488 0.000000 0.000000 
0.017148 0.004367 0.091894 0.194286 0.000000 0.047501 0.031504 0.049491 0.090088 0.069116 0.404605 0.000000 0.000000 
0.000002 0.058737 0.000398 0.086215 0.020534 0.039763 0.018387 0.029542 0.014033 0.097776 0.086720 0.006493 0.541401 
0.000002 0.011263 0.118399 0.090372 0.000000 0.000000 0.162136 0.057556 0.041281 0.059591 0.352289 0.000000 0.107112 
0.081128 0.014940 0.008426 0.123912 0.000000 0.049843 0.151056 0.017948 0.039969 0.101508 0.161681 0.018557 0.231031 
0.349526 0.023713 0.033710 0.067416 0.009121 0.000000 0.193035 0.013828 0.031142 0.024011 0.082489 0.172008 0.000000 
0.027855 0.012473 0.217534 0.069085 0.000000 0.000000 0.026655 0.104074 0.092272 0.020781 0.429270 0.000000 0.000000 
0.000001 0.431935 0.113330 0.028377 0.000000 0.012716 0.004064 0.244615 0.092395 0.062338 0.010229 0.000000 0.000000 
0.000002 0.000473 0.047556 0.051063 0.000000 0.016517 0.018646 0.000875 0.300807 0.254683 0.290867 0.000000 0.018512 
0.000002 0.001348 0.420459 0.011234 0.000000 0.000000 0.000075 0.180168 0.145120 0.240293 0.001301 0.000000 0.000000 
0.006522 0.022734 0.148253 0.174073 0.000000 0.036694 0.012972 0.049678 0.065387 0.311888 0.119352 0.000000 0.052448 
0.510480 0.030254 0.027820 0.020240 0.020817 0.116061 0.026045 0.005177 0.030298 0.015813 0.103883 0.093113 0.000000 
0.000002 0.008187 0.004691 0.119446 0.000000 0.016557 0.374999 0.000508 0.074194 0.040623 0.114835 0.000000 0.245958 
0.000002 0.001861 0.000176 0.008203 0.006029 0.000000 0.008013 0.029727 0.031188 0.661453 0.007781 0.065115 0.180452 
0.181324 0.009626 0.044476 0.068074 0.000000 0.034705 0.015680 0.100866 0.276593 0.203815 0.018605 0.046236 0.000000 
0.000002 0.003019 0.350016 0.021361 0.067643 0.025813 0.000082 0.125485 0.170058 0.190842 0.045679 0.000000 0.000000 
0.000001 0.016264 0.141338 0.042529 0.218532 0.000000 0.022079 0.037107 0.081695 0.036064 0.404390 0.000000 0.000000 
0.000002 0.019166 0.043923 0.052652 0.529527 0.000000 0.022913 0.004999 0.016124 0.005331 0.293146 0.000000 0.012216 
0.045516 0.019922 0.176868 0.059911 0.000000 0.000000 0.011205 0.100547 0.421769 0.084104 0.080157 0.000000 0.000000 
0.000002 0.010956 0.000290 0.621333 0.000000 0.000000 0.141371 0.001083 0.015272 0.051333 0.158360 0.000000 0.000000 
0.153667 0.120165 0.055451 0.117941 0.000000 0.186759 0.022765 0.000510 0.050668 0.048523 0.243550 0.000000 0.000000 
0.034563 0.011156 0.000474 0.208757 0.000000 0.098124 0.019991 0.255501 0.071911 0.106726 0.168837 0.023959 0.000000 
0.044476 0.009941 0.000380 0.125575 0.000000 0.000000 0.350817 0.001302 0.237744 0.081709 0.131890 0.016166 0.000000 
0.026296 0.085869 0.268078 0.049426 0.065629 0.000000 0.058018 0.115345 0.202216 0.108976 0.020147 0.000000 0.000000 
0.000002 0.017696 0.008758 0.100675 0.348777 0.000000 0.000092 0.250453 0.042448 0.073854 0.157244 0.000000 0.000000 
0.000002 0.007000 0.137520 0.401773 0.018071 0.000000 0.012470 0.042189 0.081679 0.256336 0.042960 0.000000 0.000000 
0.000001 0.202686 0.020728 0.380796 0.000000 0.073810 0.021336 0.001997 0.015530 0.147739 0.135377 0.000000 0.000000 
0.000001 0.003707 0.279274 0.096253 0.032582 0.062889 0.025565 0.162025 0.188438 0.094321 0.054945 0.000000 0.000000 
0.016209 0.008035 0.003918 0.223137 0.029050 0.100089 0.061999 0.172214 0.081493 0.068641 0.195963 0.039252 0.000000 
0.056094 0.010240 0.002738 0.013546 0.000000 0.000001 0.004959 0.006521 0.003429 0.137161 0.032528 0.000000 0.732784 
0.024931 0.011706 0.000406 0.035021 0.000000 0.014415 0.000098 0.043227 0.020800 0.023654 0.030775 0.794966 0.000000 
0.000001 0.001597 0.208509 0.065032 0.000000 0.023435 0.022320 0.083705 0.095966 0.074293 0.066858 0.358283 0.000000 
0.052862 0.000139 0.011650 0.005320 0.000000 0.000000 0.000137 0.014627 0.050763 0.709391 0.009200 0.000000 0.145912 
0.093142 0.015453 0.017725 0.056488 0.000000 0.000000 0.000121 0.009788 0.403157 0.021076 0.118808 0.026322 0.237921 
0.002595 0.344486 0.021842 0.077936 0.177290 0.115228 0.008547 0.010497 0.015058 0.033567 0.192954 0.000000 0.000000 
0.000002 0.031066 0.064130 0.139029 0.000000 0.000000 0.009326 0.375417 0.113591 0.038522 0.228916 0.000000 0.000000 
0.076909 0.845110 0.005252 0.000822 0.000000 0.000001 0.001450 0.007773 0.008808 0.025130 0.015075 0.013670 0.000000 
0.134644 0.190826 0.000536 0.036396 0.000000 0.000000 0.005786 0.029861 0.022795 0.005317 0.036169 0.485389 0.052282 
0.000002 0.012564 0.010984 0.013100 0.000000 0.000000 0.000078 0.029854 0.122371 0.721523 0.052841 0.000000 0.036683 
0.000002 0.018649 0.033450 0.026089 0.000000 0.039911 0.000086 0.040262 0.011544 0.544983 0.080096 0.000000 0.204926 
0.000002 0.008503 0.116925 0.136259 0.000000 0.000000 0.017345 0.311480 0.061005 0.059370 0.110041 0.025003 0.154067 
0.504517 0.021977 0.034055 0.033711 0.000000 0.000000 0.015980 0.017269 0.033854 0.020261 0.247805 0.070571 0.000000 
0.011396 0.005195 0.061937 0.185872 0.107186 0.055978 0.051574 0.047709 0.222464 0.090165 0.160523 0.000000 0.000000 
0.016198 0.009520 0.014973 0.192090 0.336742 0.000000 0.006603 0.090778 0.034593 0.045521 0.116532 0.136450 0.000000 
0.108467 0.004619 0.169996 0.032564 0.000000 0.021313 0.032200 0.057224 0.044135 0.017313 0.409276 0.014323 0.088568 
0.588947 0.014005 0.015525 0.023455 0.146671 0.000000 0.025183 0.010921 0.029447 0.019533 0.054859 0.000000 0.071455 
0.210633 0.008267 0.059443 0.022325 0.307330 0.020536 0.044523 0.059318 0.141217 0.034040 0.092367 0.000000 0.000000 
0.109979 0.017303 0.000247 0.173777 0.000000 0.000000 0.012505 0.002269 0.315061 0.305363 0.063496 0.000000 0.000000 
0.000002 0.031625 0.027542 0.123109 0.000000 0.000000 0.496421 0.086065 0.029750 0.035317 0.170169 0.000000 0.000000 
0.000002 0.016081 0.074977 0.210543 0.044631 0.027664 0.023938 0.018556 0.048776 0.102217 0.420677 0.000000 0.011939 
0.598549 0.000201 0.074913 0.032201 0.103045 0.000000 0.013473 0.044587 0.062410 0.041315 0.029305 0.000000 0.000000 
0.000002 0.012967 0.029645 0.223726 0.043683 0.152648 0.043617 0.013456 0.060203 0.140413 0.232816 0.000000 0.046824 
0.009026 0.003669 0.052810 0.162722 0.000000 0.000000 0.016756 0.598072 0.078913 0.037427 0.040604 0.000000 0.000000 
0.000002 0.015564 0.039908 0.248907 0.006568 0.146756 0.107196 0.005711 0.074497 0.076321 0.256206 0.000000 0.022365 
0.000002 0.025955 0.029576 0.298566 0.000000 0.030189 0.054421 0.014991 0.076755 0.038700 0.274624 0.000000 0.156221 
0.000001 0.020493 0.004581 0.674107 0.000000 0.000000 0.049223 0.002754 0.015786 0.057760 0.175293 0.000000 0.000000 
0.000002 0.007093 0.000227 0.386177 0.113253 0.000000 0.011680 0.000210 0.000429 0.060556 0.070137 0.000000 0.350236 
0.064196 0.006770 0.035837 0.214780 0.000000 0.042486 0.018701 0.000846 0.120208 0.043838 0.222180 0.230155 0.000000 
0.000001 0.023571 0.035216 0.159204 0.162767 0.097117 0.093569 0.145954 0.084185 0.048397 0.150019 0.000000 0.000000 
