-1944469.272860
0
0.042336 0.035900 0.011365 0.031120 0.016473 0.007805 0.003854 0.012002 0.015820 0.004829 0.006066 0.012720 0.008893 0.007529 0.012458 0.010440 0.007289 0.001268 0.005661 0.008614 0.000000 0.000000 0.005117 0.000253 0.044317 0.046580 0.005908 0.038330 0.012885 0.011643 0.005027 0.016466 0.015758 0.006790 0.006123 0.018154 0.010863 0.014934 0.031012 0.022225 0.003203 0.002947 0.005902 0.004540 0.000000 0.001640 0.007202 0.000334 0.032299 0.031816 0.011897 0.026163 0.009927 0.009290 0.003941 0.010517 0.004807 0.000000 0.000000 0.003967 0.009608 0.007148 0.014703 0.012711 0.002089 0.000000 0.001454 0.001753 0.000000 0.000954 0.007215 0.000435 0.031992 0.042115 0.007536 0.040001 0.000000 0.011020 0.002101 0.002515 0.000000 0.000000 0.000000 0.006598 0.007322 0.007885 0.008429 0.015993 0.000555 0.000616 0.001309 0.001281 0.000000 0.001381 0.006351 0.001709 
0.008695 0.003887 0.000000 0.003197 0.006312 0.003650 0.000000 0.007450 0.012001 0.001256 0.004924 0.007240 0.011406 0.008914 0.007366 0.016539 0.046563 0.027393 0.042095 0.034738 0.013943 0.003267 0.005961 0.011080 0.008895 0.003474 0.001018 0.000000 0.002594 0.002824 0.000000 0.003849 0.014539 0.002002 0.003600 0.013353 0.003708 0.007780 0.002399 0.006985 0.026700 0.031405 0.033443 0.035002 0.009721 0.006379 0.009284 0.025931 0.006454 0.004244 0.000000 0.000000 0.001064 0.002012 0.000000 0.003587 0.009993 0.002918 0.000000 0.009639 0.002990 0.004167 0.002532 0.004649 0.038841 0.020709 0.028111 0.031406 0.003902 0.000695 0.004220 0.011935 0.010308 0.003483 0.000555 0.006165 0.000000 0.002359 0.000000 0.000000 0.000000 0.000419 0.000000 0.000617 0.016212 0.010821 0.008964 0.013942 0.036591 0.028680 0.023348 0.039708 0.019418 0.007063 0.007240 0.027279 
0.000000 0.000000 0.000000 0.000000 0.000000 0.000291 0.000290 0.000000 0.006525 0.001509 0.000001 0.000963 0.000000 0.000000 0.000000 0.000000 0.001005 0.000000 0.000594 0.001632 0.000000 0.000000 0.000000 0.000000 0.000000 0.000000 0.000000 0.002081 0.000000 0.000000 0.000000 0.000000 0.016727 0.000000 0.004777 0.008186 0.000000 0.000713 0.000000 0.000000 0.000590 0.000000 0.000000 0.001557 0.000000 0.000000 0.000253 0.000000 0.000000 0.000000 0.000000 0.000000 0.000000 0.000000 0.000000 0.000000 0.005030 0.000000 0.000000 0.001785 0.000000 0.000000 0.000000 0.000489 0.000000 0.000000 0.000000 0.000855 0.000122 0.000000 0.000000 0.000000 0.011954 0.005383 0.001993 0.012259 0.034452 0.000000 0.001659 0.063718 0.438700 0.087747 0.056024 0.228888 0.000000 0.000574 0.000000 0.000000 0.000000 0.000672 0.000000 0.000000 0.000000 0.000000 0.000000 0.000000 
0.000000 0.001076 0.000000 0.000000 0.005177 0.000369 0.000000 0.005768 0.001915 0.000000 0.000001 0.000003 0.000889 0.001401 0.000000 0.000676 0.000000 0.000000 0.000000 0.000000 0.000000 0.000000 0.000000 0.000000 0.000000 0.000000 0.000000 0.000000 0.007189 0.001603 0.000416 0.007719 0.001636 0.000000 0.000007 0.000004 0.000000 0.000000 0.000000 0.000000 0.000000 0.000000 0.000000 0.000000 0.000000 0.000000 0.000000 0.000000 0.000000 0.000943 0.000000 0.000000 0.000753 0.001438 0.000000 0.003612 0.001147 0.000000 0.000000 0.000006 0.000000 0.000367 0.000000 0.000000 0.000074 0.000766 0.000000 0.000938 0.000000 0.000918 0.000000 0.000000 0.055444 0.018603 0.002335 0.018203 0.312046 0.079962 0.010688 0.378067 0.071247 0.002897 0.000000 0.001610 0.000000 0.000324 0.000000 0.000000 0.001142 0.000000 0.000000 0.000618 0.000000 0.000000 0.000000 0.000000 
0.000000 0.000000 0.000000 0.000000 0.000273 0.000000 0.000000 0.000845 0.015066 0.076999 0.002913 0.041098 0.000658 0.000000 0.001230 0.001367 0.000000 0.000635 0.000000 0.000000 0.000000 0.000000 0.000246 0.000000 0.000000 0.000751 0.000248 0.000000 0.000000 0.000000 0.001044 0.000000 0.055937 0.151309 0.018922 0.088425 0.000000 0.000397 0.000000 0.000295 0.000000 0.000000 0.000000 0.001568 0.000000 0.000596 0.001000 0.000516 0.000000 0.000000 0.000000 0.000000 0.000000 0.000335 0.000000 0.000000 0.016557 0.065636 0.001687 0.040292 0.000000 0.000000 0.000000 0.000000 0.000000 0.000000 0.000000 0.003839 0.000000 0.000000 0.001555 0.000000 0.000293 0.001146 0.000000 0.000001 0.000000 0.001511 0.000000 0.000000 0.034769 0.240668 0.038591 0.084774 0.000337 0.000000 0.000000 0.002229 0.000000 0.000568 0.000777 0.000431 0.000000 0.000000 0.000407 0.001258 
0.000000 0.003196 0.000000 0.019639 0.000296 0.000000 0.000442 0.000000 0.025546 0.023710 0.049697 0.019220 0.000000 0.004637 0.000000 0.003774 0.005449 0.005947 0.005292 0.002842 0.000000 0.001054 0.000553 0.003429 0.008501 0.012211 0.002453 0.090619 0.000000 0.000000 0.000000 0.000000 0.000001 0.001925 0.024809 0.007969 0.000327 0.004039 0.000000 0.001528 0.000808 0.005020 0.006547 0.001992 0.000000 0.002344 0.000375 0.006142 0.001602 0.012151 0.001177 0.054014 0.000659 0.000000 0.000000 0.000475 0.064676 0.117581 0.163452 0.077366 0.000000 0.003487 0.001052 0.001832 0.012368 0.031108 0.014095 0.008216 0.000000 0.002560 0.002396 0.010210 0.000001 0.012062 0.001079 0.025348 0.000000 0.000990 0.000000 0.000000 0.003580 0.000075 0.000000 0.005926 0.000000 0.001082 0.000000 0.000000 0.003048 0.007153 0.003767 0.001991 0.000000 0.001085 0.000000 0.000000 
0.006203 0.006475 0.000000 0.000000 0.000000 0.003114 0.000000 0.003811 0.039397 0.008738 0.229576 0.010621 0.001695 0.002436 0.000000 0.009393 0.008833 0.001740 0.013722 0.004414 0.000000 0.002667 0.000000 0.002586 0.004786 0.015094 0.004912 0.006258 0.000000 0.000000 0.000000 0.000000 0.014683 0.008381 0.153651 0.007210 0.000000 0.000000 0.000000 0.000000 0.000000 0.000000 0.016226 0.000643 0.000000 0.002893 0.004209 0.000000 0.003536 0.001813 0.000000 0.000000 0.000000 0.003598 0.000000 0.001920 0.041089 0.033814 0.144755 0.020517 0.000000 0.000422 0.000384 0.001664 0.004949 0.000000 0.000000 0.003968 0.000000 0.000000 0.000859 0.000000 0.007317 0.002078 0.001171 0.000002 0.000000 0.000000 0.000277 0.001146 0.004625 0.000000 0.107222 0.000041 0.001392 0.000000 0.000000 0.000381 0.005002 0.000000 0.009746 0.000000 0.000000 0.000000 0.001944 0.000000 
0.000972 0.001125 0.000000 0.009181 0.000000 0.000000 0.000000 0.000000 0.000005 0.000000 0.020286 0.002561 0.000000 0.000000 0.000000 0.000000 0.000000 0.002796 0.000000 0.001255 0.000000 0.005643 0.002800 0.014400 0.003662 0.000000 0.000000 0.014426 0.000000 0.000000 0.000000 0.000000 0.000390 0.000000 0.017608 0.001427 0.000000 0.000000 0.000000 0.000496 0.000000 0.000000 0.000000 0.001468 0.000000 0.000596 0.003228 0.022536 0.002299 0.001021 0.000000 0.008700 0.000000 0.000000 0.000000 0.000000 0.000003 0.002367 0.028510 0.010352 0.000000 0.000000 0.000000 0.000000 0.003693 0.008182 0.002427 0.012286 0.000000 0.002241 0.000000 0.001647 0.042924 0.010466 0.001627 0.322672 0.000000 0.000000 0.000000 0.000000 0.000000 0.022620 0.231966 0.035630 0.000000 0.000000 0.000000 0.002321 0.001051 0.009507 0.006795 0.008502 0.006110 0.009672 0.001756 0.075791 
0.169338 0.093233 0.102263 0.020166 0.460774 0.046404 0.107819 0.000004 
0.131300 0.219079 0.073670 0.025507 0.043016 0.109029 0.000005 0.398393 
0.009926 0.067809 0.151329 0.000016 0.213323 0.252462 0.000006 0.305130 
0.146277 0.250214 0.109553 0.000030 0.406092 0.020872 0.066957 0.000004 
0.161576 0.159428 0.032011 0.029031 0.032622 0.255597 0.329731 0.000003 
0.238604 0.021875 0.011081 0.000040 0.071861 0.405998 0.000005 0.250536 
0.350638 0.181119 0.018521 0.099404 0.141324 0.124987 0.084004 0.000003 
0.090158 0.411584 0.053235 0.012231 0.071760 0.280213 0.000006 0.080813 
0.871763 0.038627 0.005520 0.014354 0.041032 0.028698 0.000003 0.000003 
0.200165 0.386172 0.048223 0.048777 0.132662 0.183993 0.000005 0.000004 
0.116863 0.059459 0.011825 0.003698 0.237386 0.448890 0.121875 0.000004 
0.132742 0.276030 0.121348 0.005500 0.411199 0.009832 0.000006 0.043344 
0.086639 0.078522 0.031846 0.043377 0.123826 0.295138 0.340649 0.000003 
0.136314 0.131991 0.013407 0.009549 0.041533 0.567497 0.084158 0.015551 
0.101276 0.687671 0.038871 0.030481 0.037660 0.104032 0.000005 0.000004 
0.263831 0.141767 0.019048 0.000034 0.072546 0.240859 0.261912 0.000003 
0.360489 0.154594 0.035250 0.008334 0.035932 0.214038 0.000004 0.191358 
0.047193 0.479145 0.028352 0.108030 0.025810 0.271679 0.000005 0.039785 
0.163659 0.163965 0.018525 0.000028 0.398326 0.180464 0.063714 0.011318 
0.189836 0.123555 0.042943 0.009822 0.215448 0.418388 0.000005 0.000004 
0.065205 0.013536 0.044089 0.039848 0.673516 0.163799 0.000004 0.000003 
0.160851 0.615392 0.013195 0.008784 0.010560 0.121468 0.014599 0.055152 
0.568479 0.222969 0.029762 0.000011 0.056125 0.109562 0.000006 0.013086 
0.008786 0.031108 0.366304 0.000019 0.591864 0.001911 0.000004 0.000004 
0.007701 0.122142 0.019456 0.008197 0.029429 0.153509 0.000006 0.659561 
0.015629 0.024128 0.001012 0.002843 0.875979 0.080400 0.000005 0.000003 
0.613734 0.158131 0.005602 0.027309 0.044813 0.150403 0.000005 0.000004 
0.013498 0.099183 0.203975 0.000019 0.426282 0.180780 0.034197 0.042067 
0.216688 0.174112 0.051348 0.019480 0.241456 0.126172 0.170741 0.000003 
0.165969 0.292920 0.029904 0.085598 0.089637 0.025002 0.299178 0.011793 
0.453974 0.149017 0.264138 0.028000 0.038725 0.042030 0.004404 0.019711 
0.103353 0.062538 0.029087 0.057887 0.523445 0.171324 0.052363 0.000003 
0.008911 0.102633 0.002588 0.006965 0.070062 0.585623 0.207983 0.015235 
0.054739 0.378879 0.090651 0.311108 0.046194 0.098009 0.000005 0.020415 
0.137195 0.142353 0.184909 0.374721 0.123429 0.037385 0.000005 0.000003 
0.285869 0.037053 0.012030 0.003775 0.410361 0.229624 0.000005 0.021282 
0.032682 0.065689 0.051654 0.241926 0.048468 0.528743 0.008127 0.022709 
0.009773 0.051335 0.274751 0.095224 0.100498 0.178291 0.032800 0.257328 
0.139361 0.121106 0.035783 0.000035 0.427944 0.275763 0.000005 0.000004 
0.131709 0.623161 0.031782 0.000038 0.039999 0.173305 0.000004 0.000003 
0.404769 0.050912 0.031934 0.004539 0.079644 0.135549 0.274808 0.017846 
0.067240 0.416653 0.445376 0.001930 0.028705 0.003782 0.019655 0.016659 
0.018045 0.256874 0.015662 0.000037 0.334782 0.330208 0.044387 0.000004 
0.133151 0.261868 0.010807 0.003592 0.067872 0.466118 0.000005 0.056587 
0.263680 0.205071 0.024115 0.004768 0.060887 0.085331 0.346689 0.009460 
0.572919 0.209919 0.010379 0.018800 0.022250 0.071080 0.025603 0.069051 
0.030982 0.212469 0.005914 0.001327 0.115421 0.633878 0.000005 0.000004 
0.039798 0.285733 0.004390 0.012515 0.356386 0.301169 0.000005 0.000003 
0.047186 0.042143 0.226152 0.206879 0.438468 0.001428 0.017575 0.020169 
0.234537 0.153231 0.015459 0.017332 0.095604 0.007243 0.000005 0.476588 
0.139033 0.117706 0.036924 0.204397 0.063794 0.377314 0.029338 0.031494 
0.081263 0.142774 0.273110 0.000024 0.029785 0.267240 0.205802 0.000003 
0.260428 0.012455 0.072141 0.543528 0.060522 0.026418 0.000005 0.024503 
0.153625 0.173478 0.479278 0.000028 0.039525 0.103478 0.021569 0.029019 
0.384352 0.242036 0.086366 0.020013 0.125239 0.045113 0.096876 0.000004 
0.220365 0.287810 0.381028 0.000025 0.019075 0.010620 0.057312 0.023764 
0.367321 0.172643 0.350035 0.009208 0.011532 0.063493 0.025764 0.000004 
0.064504 0.145142 0.029360 0.054504 0.073050 0.524979 0.000005 0.108457 
0.322855 0.252684 0.030754 0.053099 0.048124 0.292476 0.000005 0.000003 
0.368118 0.381698 0.019897 0.023147 0.107496 0.070744 0.028895 0.000004 
0.164640 0.022428 0.174785 0.000012 0.563993 0.012223 0.026012 0.035907 
0.352092 0.026667 0.008393 0.000056 0.547221 0.065564 0.000004 0.000003 
0.387895 0.282619 0.128075 0.076788 0.074672 0.049942 0.000006 0.000003 
0.042075 0.018088 0.279165 0.000026 0.449167 0.159738 0.051738 0.000002 
0.654065 0.050651 0.084597 0.000019 0.175543 0.003193 0.027492 0.004440 
0.009236 0.049021 0.255471 0.000014 0.372172 0.001990 0.000003 0.312092 
0.137839 0.446037 0.025018 0.005458 0.089420 0.074640 0.000005 0.221583 
0.187541 0.519815 0.025878 0.000027 0.045717 0.180472 0.040546 0.000003 
0.078019 0.064067 0.495146 0.091648 0.048266 0.034343 0.177245 0.011265 
0.778614 0.053747 0.017191 0.009094 0.032148 0.109197 0.000005 0.000003 
0.384171 0.210441 0.007257 0.008735 0.035591 0.064620 0.000005 0.289180 
0.428757 0.386800 0.033466 0.028915 0.019024 0.090027 0.013007 0.000004 
0.029830 0.175310 0.031152 0.136254 0.351181 0.212266 0.064004 0.000003 
0.034761 0.034559 0.012317 0.000027 0.608624 0.082973 0.226737 0.000003 
0.120921 0.372573 0.224464 0.015776 0.056385 0.038591 0.123128 0.048163 
0.084582 0.760572 0.039603 0.059728 0.017645 0.035836 0.000004 0.002031 
0.283530 0.379837 0.004888 0.007683 0.057769 0.098540 0.067760 0.099994 
0.185466 0.546567 0.042051 0.008165 0.146606 0.043743 0.027398 0.000003 
0.038976 0.027370 0.080290 0.626848 0.020013 0.022034 0.000006 0.184463 
0.306854 0.197734 0.013373 0.012495 0.023404 0.244540 0.201596 0.000003 
0.711398 0.181625 0.000658 0.010162 0.050641 0.038546 0.000006 0.006965 
0.318994 0.333898 0.103224 0.026053 0.088527 0.051890 0.077410 0.000004 
0.489760 0.153659 0.020495 0.004995 0.041618 0.170785 0.097216 0.021471 
0.006247 0.002187 0.947343 0.000025 0.037938 0.003028 0.003229 0.000003 
0.426144 0.196014 0.040977 0.005149 0.014189 0.216428 0.101096 0.000004 
0.867082 0.027014 0.001172 0.011455 0.027214 0.066055 0.000004 0.000004 
0.304607 0.197177 0.015703 0.014576 0.026200 0.048617 0.393116 0.000004 
0.027443 0.036552 0.091187 0.083386 0.532883 0.080071 0.132226 0.016252 
0.103451 0.424751 0.079938 0.000015 0.272055 0.017084 0.000006 0.102699 
0.096965 0.615427 0.021838 0.069148 0.019222 0.164210 0.000006 0.013185 
0.068870 0.141151 0.001628 0.003270 0.074502 0.520348 0.017906 0.172325 
0.081926 0.776181 0.019369 0.005715 0.071501 0.029421 0.000004 0.015882 
0.179697 0.082400 0.083739 0.000007 0.437189 0.055520 0.072550 0.088898 
0.092555 0.174854 0.088582 0.609443 0.028850 0.005709 0.000003 0.000003 
0.072702 0.063490 0.101655 0.000032 0.601039 0.117128 0.010940 0.033015 
0.645141 0.197629 0.016641 0.007689 0.040427 0.030803 0.061666 0.000004 
0.230089 0.195842 0.057658 0.166852 0.040648 0.255796 0.036625 0.016490 
0.113915 0.033393 0.251872 0.184716 0.158117 0.018168 0.000005 0.239813 
0.215736 0.061773 0.577252 0.050578 0.067271 0.017407 0.009978 0.000004 
0.395811 0.222604 0.017485 0.031042 0.053263 0.150234 0.129560 0.000003 
0.280752 0.394657 0.103023 0.009398 0.091706 0.078904 0.021333 0.020228 
0.019332 0.141911 0.084434 0.470790 0.168806 0.023248 0.000006 0.091474 
0.525070 0.337413 0.017870 0.004024 0.056964 0.058650 0.000005 0.000004 
0.172710 0.178459 0.103357 0.016437 0.044857 0.442104 0.000005 0.042070 
0.116667 0.193615 0.064704 0.000021 0.519455 0.055336 0.050198 0.000004 
0.030800 0.314715 0.063634 0.226609 0.062504 0.045853 0.000004 0.255880 
0.008581 0.034804 0.048456 0.000027 0.457158 0.450967 0.000005 0.000003 
0.182886 0.156564 0.008028 0.016484 0.036601 0.360546 0.000005 0.238887 
0.042458 0.196552 0.478775 0.011642 0.172469 0.045768 0.000005 0.052330 
0.116401 0.163158 0.043682 0.010629 0.260943 0.069722 0.309103 0.026362 
0.565359 0.066086 0.031089 0.164922 0.021081 0.151453 0.000006 0.000004 
0.406439 0.295245 0.016189 0.112572 0.075167 0.060365 0.024792 0.009230 
0.023481 0.450415 0.036901 0.000014 0.195153 0.129202 0.064277 0.100558 
0.042218 0.493264 0.020576 0.000025 0.026328 0.051368 0.000005 0.366216 
0.037160 0.281363 0.012566 0.003746 0.192392 0.238610 0.212757 0.021406 
0.024732 0.077733 0.044784 0.029263 0.229842 0.181476 0.000005 0.412166 
0.299591 0.531168 0.048687 0.009390 0.017623 0.013423 0.036390 0.043728 
0.162434 0.386292 0.049734 0.264334 0.052926 0.064075 0.020201 0.000004 
0.073024 0.216993 0.106459 0.452772 0.069203 0.054092 0.027453 0.000003 
0.435853 0.326482 0.025616 0.008125 0.109660 0.037314 0.023323 0.033626 
0.745328 0.146578 0.011382 0.020568 0.032834 0.043302 0.000005 0.000004 
0.076544 0.097292 0.140146 0.000020 0.225344 0.016583 0.414808 0.029264 
0.125409 0.064523 0.104484 0.643973 0.011255 0.034246 0.016107 0.000003 
0.147240 0.142168 0.014305 0.000036 0.034733 0.343094 0.318422 0.000003 
0.080839 0.180438 0.087228 0.000008 0.483539 0.069061 0.054111 0.044777 
0.201334 0.473634 0.031894 0.159411 0.062020 0.045866 0.025838 0.000003 
0.585016 0.145371 0.009067 0.017320 0.053167 0.042276 0.147779 0.000004 
0.062509 0.183267 0.010917 0.000023 0.038517 0.089345 0.385292 0.230129 
0.013164 0.241240 0.028159 0.037539 0.453887 0.205834 0.000005 0.020172 
0.017114 0.050701 0.817808 0.000024 0.032729 0.081617 0.000005 0.000003 
0.444628 0.283428 0.003797 0.074263 0.071556 0.043199 0.060422 0.018706 
0.270617 0.043615 0.459282 0.004961 0.029736 0.175912 0.000005 0.015871 
0.088475 0.008143 0.029965 0.062893 0.444963 0.356079 0.000005 0.009476 
0.105919 0.544606 0.040523 0.002622 0.121009 0.059023 0.120879 0.005420 
0.057456 0.111910 0.040755 0.004738 0.150837 0.474037 0.101839 0.058428 
0.056866 0.513944 0.027229 0.023208 0.065601 0.121031 0.000004 0.192117 
0.065986 0.604486 0.217044 0.010263 0.045228 0.026287 0.030701 0.000004 
0.319584 0.298794 0.062454 0.109800 0.118029 0.072168 0.000005 0.019166 
0.221274 0.294818 0.025820 0.036903 0.331179 0.044582 0.045421 0.000004 
0.717172 0.189347 0.005035 0.017033 0.041613 0.029791 0.000005 0.000004 
0.183202 0.445995 0.020900 0.000030 0.052610 0.193210 0.054128 0.049925 
0.797718 0.060042 0.004073 0.034893 0.043167 0.051873 0.008230 0.000004 
0.039741 0.008615 0.821536 0.026602 0.088846 0.014650 0.000006 0.000004 
0.623344 0.211072 0.006338 0.010814 0.020567 0.119287 0.000005 0.008573 
0.310163 0.265278 0.024412 0.162648 0.045069 0.166235 0.026193 0.000003 
0.094921 0.292377 0.031066 0.000041 0.063953 0.019409 0.000005 0.498227 
0.018725 0.162285 0.012705 0.019796 0.666653 0.073344 0.041814 0.004678 
0.269266 0.495303 0.010651 0.008550 0.074433 0.062277 0.071689 0.007831 
0.040845 0.386041 0.052546 0.000023 0.214541 0.118453 0.187548 0.000003 
0.248960 0.473737 0.030665 0.008097 0.136052 0.021693 0.052195 0.028601 
0.047479 0.071008 0.084150 0.638844 0.054311 0.025303 0.000005 0.078900 
0.061452 0.162461 0.016107 0.001976 0.031213 0.629793 0.085605 0.011391 
0.683274 0.040358 0.006437 0.007401 0.015176 0.062825 0.000004 0.184526 
0.123576 0.112327 0.049309 0.005205 0.431968 0.248706 0.000005 0.028904 
0.240318 0.320367 0.079947 0.000032 0.277075 0.002917 0.079339 0.000004 
0.166806 0.176709 0.076309 0.000031 0.061579 0.325202 0.193361 0.000004 
0.280001 0.049964 0.117143 0.000026 0.465035 0.001747 0.042736 0.043348 
0.017930 0.066355 0.334911 0.000028 0.278504 0.270250 0.000005 0.032018 
0.084223 0.132921 0.090510 0.008259 0.059948 0.463862 0.000005 0.160273 
0.017625 0.034616 0.461482 0.003845 0.260899 0.159833 0.061697 0.000004 
0.133642 0.234573 0.122994 0.000026 0.440978 0.019070 0.000006 0.048711 
0.049976 0.549604 0.026121 0.000038 0.188340 0.141141 0.000005 0.044775 
0.092953 0.033953 0.047517 0.231575 0.100067 0.392227 0.026355 0.075354 
0.521705 0.095472 0.006917 0.019168 0.026523 0.078473 0.000006 0.251735 
0.426488 0.147982 0.037420 0.007415 0.161811 0.147118 0.047137 0.024629 
0.195667 0.083480 0.001124 0.006100 0.615391 0.098230 0.000005 0.000003 
0.003934 0.091835 0.001689 0.000005 0.034401 0.452314 0.415819 0.000003 
0.040691 0.085607 0.131615 0.000027 0.047750 0.688276 0.000005 0.006029 
0.331781 0.148502 0.042586 0.011895 0.031716 0.404536 0.000005 0.028979 
0.297610 0.094137 0.459982 0.015742 0.041658 0.062976 0.027892 0.000004 
0.393402 0.236272 0.231589 0.057395 0.056408 0.024926 0.000005 0.000003 
0.071137 0.464995 0.233834 0.022613 0.056410 0.070564 0.033918 0.046529 
0.095727 0.241353 0.043029 0.224477 0.014929 0.360612 0.000005 0.019867 
0.231316 0.451717 0.031274 0.029266 0.108065 0.072780 0.075580 0.000004 
0.065889 0.447799 0.126446 0.028779 0.290808 0.040271 0.000004 0.000003 
0.155673 0.170670 0.012140 0.008937 0.159595 0.439269 0.018878 0.034837 
0.048127 0.095712 0.009364 0.003261 0.041603 0.657609 0.106054 0.038270 
0.230285 0.248038 0.027207 0.039087 0.067358 0.321741 0.000004 0.066280 
0.010269 0.076800 0.100131 0.527292 0.033651 0.231537 0.020317 0.000004 
0.005084 0.138178 0.144414 0.000006 0.703811 0.008497 0.000005 0.000004 
0.035311 0.003087 0.206548 0.000020 0.074895 0.614229 0.000005 0.065905 
0.068057 0.190350 0.124788 0.105537 0.029654 0.103890 0.360546 0.017179 
0.011482 0.056831 0.135881 0.000005 0.637860 0.128447 0.029492 0.000003 
0.305492 0.277875 0.160511 0.024209 0.207834 0.002288 0.000005 0.021786 
0.226359 0.207435 0.358833 0.036295 0.122275 0.029687 0.019112 0.000004 
0.380846 0.328393 0.032004 0.002059 0.061378 0.143187 0.052130 0.000004 
0.101129 0.147219 0.152964 0.035656 0.508811 0.004604 0.024861 0.024756 
0.285145 0.330924 0.028473 0.005412 0.142895 0.140062 0.000005 0.067083 
0.135751 0.337305 0.145265 0.008717 0.275056 0.010758 0.032797 0.054352 
0.060483 0.277068 0.362896 0.015236 0.016006 0.048511 0.000005 0.219796 
0.407298 0.172066 0.043771 0.005826 0.017797 0.310104 0.019604 0.023533 
0.013308 0.026069 0.029613 0.405072 0.067962 0.414669 0.024273 0.019034 
0.255097 0.126485 0.003402 0.000021 0.270099 0.078471 0.255056 0.011369 
0.005725 0.002738 0.013831 0.000013 0.214740 0.721980 0.000005 0.040967 
0.132034 0.218287 0.037852 0.017348 0.333016 0.261454 0.000005 0.000004 
0.201022 0.081683 0.513480 0.045246 0.011646 0.030107 0.010191 0.106626 
0.045234 0.540570 0.065867 0.000024 0.206731 0.002733 0.047508 0.091333 
0.012738 0.018931 0.019685 0.000022 0.832337 0.056499 0.000005 0.059784 
0.042844 0.086584 0.187964 0.011529 0.185303 0.229260 0.213323 0.043194 
0.176769 0.004883 0.015128 0.000043 0.174885 0.548979 0.038251 0.041062 
0.641417 0.113645 0.007907 0.009548 0.036727 0.145974 0.044779 0.000004 
0.820366 0.102508 0.008324 0.014276 0.013761 0.028910 0.000005 0.011850 
0.086740 0.067443 0.061780 0.014583 0.074459 0.364130 0.320224 0.010641 
0.078061 0.834097 0.024699 0.005632 0.036477 0.021026 0.000005 0.000004 
0.351366 0.237294 0.172479 0.120696 0.048815 0.032434 0.036913 0.000003 
0.164614 0.320138 0.044901 0.017018 0.099506 0.324967 0.028852 0.000004 
0.045350 0.533519 0.053370 0.007088 0.066583 0.028378 0.186867 0.078846 
0.103357 0.090682 0.046622 0.073284 0.100211 0.448948 0.079094 0.057803 
0.468676 0.104043 0.009978 0.013440 0.055193 0.348661 0.000005 0.000004 
0.041513 0.400275 0.023023 0.002978 0.235788 0.296414 0.000005 0.000003 
0.127593 0.477105 0.017461 0.192223 0.153122 0.032488 0.000004 0.000003 
0.152511 0.132156 0.005489 0.006450 0.089691 0.526492 0.079766 0.007445 
0.220558 0.381205 0.027282 0.008015 0.066286 0.218978 0.047900 0.029777 
0.016094 0.036214 0.234972 0.000015 0.684367 0.001820 0.000005 0.026513 
0.043747 0.053570 0.028253 0.011368 0.026258 0.045873 0.000004 0.790926 
0.100411 0.093472 0.003998 0.000821 0.073268 0.324432 0.000005 0.403593 
0.007368 0.007725 0.072726 0.000018 0.836810 0.075345 0.000005 0.000003 
0.093976 0.086682 0.174699 0.000027 0.192336 0.027530 0.392220 0.032529 
0.438754 0.129410 0.057815 0.307889 0.025433 0.040691 0.000005 0.000003 
0.167392 0.199327 0.011670 0.025886 0.039379 0.497722 0.058621 0.000004 
0.016166 0.001565 0.181253 0.744718 0.026812 0.015276 0.000006 0.014204 
0.022022 0.063403 0.182502 0.166126 0.040603 0.031568 0.000005 0.493771 
0.045573 0.015369 0.001431 0.011117 0.751610 0.105153 0.069745 0.000002 
0.103488 0.046455 0.050113 0.012909 0.711259 0.075768 0.000004 0.000004 
0.064083 0.188465 0.050251 0.000025 0.185820 0.462755 0.000005 0.048595 
0.218061 0.100031 0.535123 0.000028 0.015093 0.048014 0.012012 0.071640 
0.283906 0.283854 0.025899 0.003496 0.071155 0.153442 0.178245 0.000004 
0.428148 0.211426 0.026420 0.006211 0.032466 0.162497 0.000005 0.132828 
0.412175 0.132949 0.141469 0.000025 0.088369 0.168409 0.000005 0.056599 
0.202261 0.055748 0.636475 0.005271 0.055734 0.028513 0.015995 0.000004 
0.420240 0.063132 0.217146 0.007248 0.022324 0.149703 0.090359 0.029849 
0.030447 0.200818 0.115597 0.013703 0.301454 0.054778 0.283199 0.000004 
0.052266 0.699360 0.011217 0.027295 0.023649 0.122008 0.000004 0.064202 
0.435773 0.327999 0.017113 0.010697 0.105529 0.086924 0.015961 0.000004 
0.140193 0.042836 0.618153 0.000025 0.024697 0.149680 0.024412 0.000004 
0.320370 0.374502 0.024770 0.019482 0.170350 0.052745 0.037778 0.000003 
0.018067 0.181009 0.024161 0.000037 0.027773 0.734099 0.000005 0.014849 
0.305743 0.472914 0.020467 0.016158 0.086275 0.046890 0.051549 0.000003 
0.208945 0.451597 0.055022 0.016224 0.156290 0.024426 0.070945 0.016551 
0.081737 0.807630 0.017308 0.015167 0.048616 0.029534 0.000004 0.000003 
0.143160 0.425302 0.096014 0.000015 0.320194 0.000819 0.000004 0.014492 
0.198989 0.321070 0.077374 0.005409 0.036285 0.042262 0.091190 0.227421 
0.341347 0.311776 0.002436 0.028983 0.048934 0.219772 0.046749 0.000003 
0.603515 0.264525 0.013327 0.010350 0.039987 0.032642 0.035651 0.000004 
0.091448 0.422274 0.011945 0.009955 0.097518 0.366851 0.000005 0.000004 
0.022101 0.030813 0.018702 0.000017 0.121611 0.769778 0.000005 0.036972 
0.123572 0.103557 0.046381 0.151674 0.095236 0.296258 0.183317 0.000004 
0.334676 0.274952 0.032167 0.107847 0.029014 0.030826 0.162850 0.027669 
0.061301 0.355914 0.098193 0.000016 0.378609 0.003338 0.000006 0.102623 
0.043224 0.014809 0.022463 0.042977 0.080544 0.717863 0.000005 0.078115 
0.204787 0.487807 0.026770 0.111487 0.078186 0.047705 0.031292 0.011967 
0.019311 0.049674 0.487655 0.187338 0.209988 0.034716 0.000006 0.011312 
0.694514 0.212478 0.021863 0.003938 0.000708 0.028535 0.037961 0.000004 
0.843301 0.045119 0.003557 0.012496 0.026045 0.041166 0.000005 0.028311 
0.354141 0.013337 0.241567 0.000028 0.067403 0.308041 0.015479 0.000004 
0.109356 0.291093 0.173038 0.007478 0.071631 0.225151 0.122251 0.000003 
0.062137 0.070372 0.084323 0.684164 0.013629 0.033851 0.000006 0.051518 
0.607847 0.052838 0.157493 0.020316 0.060370 0.047640 0.053495 0.000002 
0.521356 0.168280 0.140590 0.020733 0.036524 0.078490 0.034023 0.000004 
0.038139 0.015498 0.015323 0.000018 0.171872 0.656423 0.050348 0.052377 
0.103596 0.488569 0.010237 0.013418 0.046874 0.214016 0.123287 0.000004 
0.308070 0.189405 0.019691 0.019479 0.288814 0.132303 0.042235 0.000003 
0.198764 0.642113 0.009973 0.007191 0.029606 0.036238 0.027782 0.048332 
0.756588 0.023831 0.016690 0.009186 0.172586 0.009986 0.000005 0.011129 
0.524175 0.215691 0.100776 0.000024 0.089905 0.014958 0.054468 0.000003 
0.031230 0.059619 0.288314 0.000022 0.486112 0.046150 0.082578 0.005976 
0.054569 0.717185 0.018179 0.001459 0.065144 0.044355 0.000004 0.099104 
0.260368 0.190116 0.220250 0.038237 0.216241 0.038202 0.036582 0.000004 
0.268260 0.336210 0.007240 0.008575 0.093882 0.263555 0.010902 0.011376 
0.025762 0.655973 0.128786 0.084342 0.050368 0.054764 0.000003 0.000003 
0.017497 0.011175 0.577117 0.000018 0.282984 0.098627 0.000005 0.012578 
0.052093 0.046131 0.685381 0.000027 0.107034 0.075238 0.034092 0.000004 
0.009851 0.195064 0.691210 0.012163 0.053494 0.005271 0.032943 0.000003 
0.311866 0.255273 0.078178 0.028275 0.253310 0.008022 0.037561 0.027516 
0.035606 0.202241 0.005288 0.000035 0.640338 0.044588 0.000005 0.071898 
0.513468 0.255096 0.001885 0.005959 0.048869 0.135524 0.039195 0.000004 
0.001403 0.001987 0.004304 0.000003 0.188704 0.754286 0.000005 0.049309 
0.036937 0.150353 0.183072 0.549249 0.028872 0.026043 0.000006 0.025468 
0.312006 0.121045 0.073591 0.200173 0.016590 0.031196 0.000004 0.245395 
0.110686 0.328214 0.039567 0.034285 0.272751 0.163690 0.022848 0.027958 
0.466701 0.362647 0.013011 0.006214 0.019186 0.074659 0.028481 0.029102 
0.020172 0.089499 0.139457 0.016454 0.576026 0.029386 0.000006 0.128999 
0.295350 0.323529 0.015346 0.010535 0.033995 0.270542 0.031549 0.019152 
0.055361 0.021697 0.043376 0.075413 0.084601 0.576336 0.130395 0.012821 
0.528162 0.193259 0.028625 0.008517 0.081512 0.136863 0.023057 0.000004 
0.166929 0.261384 0.005208 0.016689 0.055190 0.307584 0.187012 0.000004 
0.181498 0.208689 0.483486 0.059429 0.034929 0.031960 0.000006 0.000004 
0.020467 0.058493 0.007863 0.000038 0.092090 0.662823 0.102997 0.055230 
0.261510 0.204817 0.170739 0.091769 0.068479 0.042632 0.160052 0.000004 
0.160026 0.086888 0.050363 0.003290 0.062005 0.459688 0.177737 0.000003 
0.204831 0.479304 0.185528 0.008736 0.031032 0.043386 0.000005 0.047178 
0.194315 0.129635 0.175753 0.006580 0.149009 0.215872 0.095716 0.033121 
0.017623 0.329233 0.109860 0.000012 0.323099 0.180257 0.000006 0.039910 
0.243476 0.009862 0.365348 0.017093 0.049956 0.296992 0.000005 0.017268 
0.113703 0.086102 0.630384 0.017222 0.034005 0.081941 0.014696 0.021947 
0.467429 0.297525 0.017409 0.050939 0.128570 0.010084 0.028040 0.000004 
0.005811 0.032622 0.109808 0.000019 0.171274 0.584590 0.061076 0.034800 
0.163683 0.580250 0.146253 0.000023 0.066725 0.043059 0.000004 0.000003 
0.197768 0.148059 0.189665 0.025379 0.018607 0.069681 0.060660 0.290182 
0.134746 0.047129 0.022341 0.000019 0.438778 0.178918 0.178065 0.000004 
0.322637 0.359699 0.055401 0.017620 0.138363 0.106271 0.000005 0.000004 
0.070372 0.184649 0.050509 0.074870 0.061466 0.506986 0.051147 0.000003 
0.153002 0.520902 0.028238 0.008644 0.069298 0.112062 0.052676 0.055178 
0.370782 0.103944 0.008624 0.041915 0.084608 0.336159 0.053965 0.000004 
0.383149 0.077286 0.017615 0.008186 0.038763 0.474993 0.000005 0.000004 
0.021761 0.075577 0.157083 0.000007 0.547513 0.086653 0.087585 0.023821 
0.381606 0.104635 0.073606 0.377326 0.008289 0.020435 0.034100 0.000004 
0.010708 0.279404 0.002360 0.005404 0.526651 0.175465 0.000006 0.000003 
0.089968 0.154647 0.069339 0.000034 0.107754 0.287653 0.250160 0.040446 
0.017260 0.004936 0.725538 0.004910 0.029440 0.107167 0.106513 0.004235 
0.101640 0.557995 0.017965 0.020560 0.175003 0.126830 0.000004 0.000003 
0.304948 0.451863 0.012225 0.005013 0.017888 0.031186 0.000006 0.176872 
0.876899 0.017128 0.048859 0.013146 0.031091 0.012868 0.000005 0.000004 
0.002317 0.040600 0.024094 0.000040 0.016513 0.243834 0.000005 0.672596 
0.086754 0.155451 0.191417 0.051693 0.359746 0.064592 0.079304 0.011043 
0.180271 0.245019 0.016668 0.004478 0.062353 0.474041 0.000005 0.017165 
0.054609 0.050653 0.139450 0.623622 0.089175 0.006374 0.022664 0.013453 
0.079348 0.108144 0.100348 0.005869 0.064831 0.063075 0.565167 0.013216 
0.174077 0.188998 0.028208 0.193823 0.076894 0.307306 0.030691 0.000004 
0.298938 0.180514 0.123137 0.043686 0.248916 0.045528 0.059278 0.000003 
0.503928 0.155440 0.030777 0.010441 0.032407 0.201642 0.053085 0.012280 
0.569463 0.046682 0.136232 0.066677 0.029758 0.124887 0.000005 0.026296 
0.372786 0.149915 0.027434 0.000033 0.050773 0.203789 0.195266 0.000004 
0.439388 0.229403 0.026937 0.051145 0.028125 0.198449 0.026550 0.000003 
0.052075 0.175358 0.288393 0.197262 0.116751 0.133813 0.019347 0.017002 
0.071372 0.407635 0.020274 0.006603 0.315871 0.047895 0.102400 0.027951 
0.022151 0.328950 0.022818 0.000032 0.088162 0.380850 0.133493 0.023545 
0.370573 0.081029 0.012219 0.017290 0.075790 0.071488 0.371606 0.000004 
0.044875 0.029865 0.224421 0.008234 0.635166 0.057430 0.000005 0.000003 
0.039409 0.277870 0.023816 0.048498 0.049453 0.110168 0.000006 0.450780 
0.368626 0.321084 0.032744 0.056153 0.041887 0.126337 0.053166 0.000004 
0.061497 0.156800 0.045874 0.085150 0.036541 0.178083 0.083952 0.352102 
0.569120 0.237225 0.046414 0.064876 0.007794 0.053007 0.021560 0.000004 
0.309274 0.067647 0.049791 0.115561 0.031994 0.384806 0.032078 0.008849 
0.019413 0.062735 0.440077 0.050194 0.041768 0.202819 0.182989 0.000004 
0.205184 0.346145 0.013947 0.005364 0.043847 0.239794 0.145716 0.000002 
0.016979 0.002580 0.018201 0.000014 0.425389 0.517471 0.000005 0.019362 
0.042784 0.380694 0.019711 0.099155 0.040113 0.280956 0.103726 0.032860 
0.446422 0.290699 0.043559 0.058670 0.134093 0.015895 0.010657 0.000003 
0.453537 0.145430 0.014403 0.041053 0.300294 0.038405 0.006873 0.000003 
0.017076 0.050199 0.067204 0.241681 0.080911 0.015142 0.105346 0.422441 
0.039871 0.469972 0.007794 0.002784 0.069510 0.358881 0.000005 0.051184 
0.055844 0.171907 0.020292 0.000031 0.078483 0.627271 0.000004 0.046167 
0.053275 0.146722 0.036407 0.015936 0.172756 0.439418 0.119469 0.016017 
0.095989 0.105953 0.110629 0.476616 0.043425 0.131356 0.000005 0.036027 
0.312882 0.138345 0.085261 0.000029 0.238058 0.155758 0.039977 0.029690 
0.196658 0.173270 0.081041 0.499589 0.019140 0.030293 0.000005 0.000004 
0.337584 0.133400 0.012834 0.016642 0.060609 0.328204 0.027913 0.082813 
0.273525 0.150002 0.025689 0.009627 0.047395 0.057249 0.419315 0.017198 
0.057726 0.022355 0.205152 0.180928 0.528464 0.005364 0.000006 0.000004 
0.252895 0.175646 0.005919 0.079481 0.072832 0.322858 0.085676 0.004694 
0.056212 0.488278 0.127241 0.000031 0.282689 0.002800 0.042745 0.000004 
0.612688 0.216377 0.019448 0.000047 0.010133 0.027758 0.099262 0.014287 
0.030130 0.044598 0.098647 0.573442 0.043332 0.150214 0.059635 0.000004 
0.429986 0.335403 0.071992 0.049100 0.052697 0.033540 0.027278 0.000004 
0.032644 0.125817 0.006160 0.000016 0.130501 0.380309 0.324550 0.000003 
0.696667 0.070605 0.048890 0.029538 0.079488 0.042256 0.000005 0.032550 
0.438257 0.183303 0.012442 0.000034 0.055224 0.268152 0.042584 0.000004 
0.257156 0.199892 0.073003 0.034602 0.053205 0.030143 0.351995 0.000003 
0.067642 0.463785 0.032107 0.003394 0.099697 0.191471 0.125328 0.016576 
0.036716 0.053845 0.018025 0.000024 0.035204 0.188912 0.108253 0.559021 
0.133361 0.043905 0.000586 0.000005 0.016898 0.049056 0.000004 0.756184 
0.062050 0.463126 0.054438 0.005023 0.166619 0.248735 0.000005 0.000004 
0.067868 0.153385 0.025357 0.009062 0.062848 0.111753 0.546633 0.023094 
0.341662 0.453542 0.006055 0.013787 0.090843 0.024826 0.069281 0.000003 
0.057470 0.715684 0.115581 0.000033 0.048045 0.032108 0.000005 0.031073 
0.148326 0.284959 0.011661 0.014015 0.074492 0.399197 0.000005 0.067345 
0.139754 0.157567 0.019620 0.000032 0.083463 0.017621 0.551581 0.030362 
0.038937 0.331614 0.053110 0.004056 0.122771 0.370866 0.000005 0.078642 
0.313291 0.384280 0.029748 0.091499 0.067493 0.092404 0.016584 0.004700 
0.059089 0.124118 0.040877 0.007860 0.065172 0.576495 0.126386 0.000004 
0.604400 0.088602 0.118512 0.005958 0.024553 0.042560 0.105922 0.009492 
0.264282 0.222201 0.351783 0.017111 0.105619 0.008289 0.030712 0.000004 
0.701459 0.011813 0.007123 0.003420 0.042894 0.233282 0.000005 0.000004 
0.025047 0.012915 0.001298 0.000004 0.113219 0.808367 0.000005 0.039145 
0.007997 0.017672 0.068993 0.038858 0.198520 0.606404 0.000005 0.061550 
0.076000 0.152929 0.445078 0.005920 0.057763 0.220724 0.041582 0.000003 
0.019354 0.027782 0.091326 0.761615 0.015700 0.084216 0.000004 0.000003 
0.049188 0.050069 0.000826 0.054277 0.532484 0.183139 0.130015 0.000003 
0.208229 0.382358 0.007482 0.028244 0.095275 0.171992 0.106416 0.000003 
0.647278 0.018257 0.006297 0.006447 0.041587 0.261028 0.000005 0.019101 
0.365942 0.310180 0.136729 0.038888 0.088417 0.059834 0.000005 0.000004 
0.120090 0.583897 0.008607 0.025920 0.057146 0.033472 0.000005 0.170865 
0.072663 0.543227 0.032883 0.187929 0.038789 0.059496 0.024817 0.040197 
0.005682 0.167718 0.079473 0.328006 0.034241 0.139931 0.244945 0.000004 
0.601206 0.101349 0.015727 0.015616 0.222951 0.043143 0.000005 0.000004 
0.011813 0.006727 0.046765 0.000005 0.366007 0.478776 0.000005 0.089902 
0.094560 0.044722 0.009100 0.001595 0.121008 0.645720 0.052783 0.030512 
0.258214 0.435138 0.001914 0.006525 0.166318 0.052932 0.078955 0.000004 
0.083110 0.201744 0.174781 0.000024 0.077570 0.021860 0.412187 0.028723 
0.600075 0.018691 0.088818 0.011088 0.035195 0.246126 0.000005 0.000003 
0.681520 0.077345 0.043308 0.073486 0.084872 0.028923 0.000004 0.010542 
0.021666 0.052858 0.004472 0.000005 0.087310 0.633440 0.000005 0.200245 
0.186881 0.307383 0.001973 0.008430 0.048385 0.367428 0.043571 0.035949 
0.062872 0.253203 0.053459 0.050938 0.098664 0.032234 0.000006 0.448624 
0.021592 0.182711 0.077048 0.007606 0.648069 0.047864 0.015107 0.000004 
0.208008 0.424461 0.232323 0.000028 0.082654 0.052518 0.000005 0.000004 
0.025941 0.097222 0.074927 0.005340 0.045504 0.572775 0.000005 0.178286 
0.179963 0.082156 0.090582 0.517354 0.063950 0.011490 0.010293 0.044211 
0.469030 0.085994 0.008803 0.006159 0.057160 0.045759 0.310156 0.016939 
0.749158 0.040368 0.001916 0.000015 0.041072 0.012414 0.000004 0.155054 
0.069993 0.308042 0.244478 0.000028 0.064938 0.053331 0.217862 0.041329 
0.051602 0.140766 0.716359 0.005793 0.028084 0.009782 0.047611 0.000004 
0.073987 0.564829 0.048870 0.230831 0.048098 0.033378 0.000004 0.000003 
0.580361 0.088002 0.014833 0.008610 0.158553 0.149631 0.000006 0.000004 
0.059179 0.051149 0.096522 0.006088 0.321483 0.223751 0.241824 0.000003 
0.072158 0.130201 0.010271 0.000005 0.026018 0.305419 0.235596 0.220332 
0.234911 0.355467 0.038565 0.028124 0.239683 0.103240 0.000005 0.000004 
0.005061 0.067172 0.099300 0.449345 0.185732 0.193381 0.000005 0.000003 
0.275286 0.107781 0.157718 0.386149 0.026878 0.046179 0.000006 0.000004 
0.020705 0.062635 0.138123 0.000009 0.525230 0.002406 0.096437 0.154455 
0.312129 0.481961 0.007899 0.037817 0.108446 0.051740 0.000005 0.000003 
0.468712 0.166926 0.005512 0.012428 0.030135 0.016784 0.000005 0.299497 
0.001247 0.145625 0.771800 0.015073 0.040018 0.026229 0.000004 0.000004 
0.328593 0.221503 0.099804 0.239855 0.015170 0.095066 0.000005 0.000003 
0.034399 0.079969 0.313588 0.000029 0.033381 0.240879 0.297752 0.000003 
0.037328 0.014016 0.165795 0.000024 0.138663 0.600933 0.000005 0.043236 
0.077118 0.061225 0.069110 0.326426 0.044120 0.066012 0.209961 0.146027 
0.300078 0.029716 0.082279 0.000008 0.569211 0.008928 0.000005 0.009776 
0.006035 0.060143 0.597182 0.000025 0.012297 0.067646 0.015244 0.241429 
0.004645 0.024848 0.607304 0.088815 0.026237 0.025399 0.080093 0.142659 
0.167756 0.152909 0.051650 0.000034 0.215217 0.392667 0.000005 0.019761 
0.054802 0.013582 0.463606 0.032403 0.100762 0.293582 0.014943 0.026320 
0.064215 0.566533 0.202270 0.000020 0.035725 0.041802 0.089433 0.000003 
0.009684 0.056207 0.001320 0.003206 0.834986 0.094589 0.000005 0.000003 
0.319246 0.131900 0.083237 0.000019 0.334797 0.003695 0.032380 0.094727 
0.210454 0.553122 0.046020 0.016880 0.018543 0.029637 0.036436 0.088908 
0.223595 0.094946 0.055521 0.541821 0.022283 0.039583 0.000006 0.022247 
0.283327 0.511096 0.017225 0.007494 0.069659 0.094658 0.016538 0.000004 
0.029397 0.101183 0.002774 0.042457 0.637776 0.155869 0.000004 0.030539 
0.108356 0.624044 0.119014 0.066211 0.028441 0.053927 0.000005 0.000002 
0.004557 0.005552 0.005254 0.000050 0.934214 0.050366 0.000005 0.000002 
0.023333 0.561593 0.241497 0.006724 0.019291 0.128427 0.000005 0.019130 
0.479122 0.095392 0.080992 0.007755 0.053328 0.080612 0.173146 0.029654 
0.137725 0.053545 0.168398 0.074268 0.262063 0.260564 0.000005 0.043431 
0.273258 0.224722 0.086868 0.042687 0.079810 0.017752 0.274902 0.000003 
0.040763 0.481105 0.099420 0.000021 0.258458 0.017836 0.000005 0.102392 
0.039341 0.006073 0.017256 0.006976 0.159507 0.728230 0.000005 0.042613 
0.294611 0.461758 0.025247 0.005671 0.121830 0.064559 0.026321 0.000004 
0.075988 0.219493 0.047673 0.000008 0.141620 0.002700 0.000005 0.512513 
0.378261 0.150648 0.151448 0.039894 0.047537 0.216019 0.000005 0.016188 
0.145873 0.089804 0.657660 0.031895 0.035647 0.021681 0.017436 0.000003 
0.122790 0.187032 0.021707 0.119054 0.073055 0.065319 0.384553 0.026489 
0.110145 0.238282 0.192161 0.015969 0.034469 0.042763 0.000005 0.366205 
0.189437 0.163674 0.010423 0.000029 0.039278 0.218902 0.139914 0.238343 
0.397083 0.139090 0.052127 0.008376 0.209535 0.083953 0.105079 0.004756 
0.133033 0.388277 0.021847 0.000027 0.065334 0.317764 0.073714 0.000004 
0.019067 0.304371 0.005777 0.003911 0.045158 0.342743 0.253714 0.025258 
0.254519 0.173804 0.010021 0.000027 0.042887 0.279951 0.238787 0.000004 
0.010829 0.036226 0.001008 0.001463 0.901516 0.048949 0.000005 0.000004 
0.352539 0.110538 0.007765 0.023101 0.467908 0.038142 0.000005 0.000003 
0.119296 0.125801 0.584111 0.021137 0.116395 0.013083 0.020173 0.000004 
