-1967711.414628
0
0.000000 0.003470 0.000000 0.015337 0.000000 0.000000 0.000282 0.000692 0.028496 0.020230 0.095608 0.017593 0.000000 0.004081 0.000000 0.004873 0.006396 0.005416 0.007536 0.003244 0.000000 0.001571 0.000572 0.003727 0.007112 0.012158 0.002931 0.069156 0.000000 0.000000 0.000000 0.000000 0.001915 0.004311 0.057352 0.007732 0.000087 0.002833 0.000000 0.000968 0.000977 0.004349 0.009131 0.001914 0.000000 0.002433 0.001309 0.005568 0.001751 0.009386 0.000732 0.039654 0.000398 0.000698 0.000000 0.000610 0.057709 0.095393 0.159198 0.062878 0.000000 0.002699 0.000816 0.001525 0.010913 0.023489 0.011033 0.007721 0.000000 0.001975 0.002039 0.007747 0.001643 0.010076 0.001009 0.029374 0.000000 0.000508 0.000000 0.000000 0.000000 0.000001 0.023449 0.002373 0.000000 0.000696 0.000000 0.000000 0.003974 0.005714 0.005444 0.002043 0.000000 0.001310 0.000305 0.002355 
0.005186 0.001457 0.000000 0.002793 0.003272 0.002184 0.000000 0.004215 0.006250 0.000000 0.007130 0.003839 0.008333 0.005765 0.004030 0.011852 0.038990 0.023447 0.035906 0.027634 0.012487 0.004329 0.004984 0.013219 0.005493 0.000105 0.000210 0.000000 0.000816 0.001412 0.000000 0.001037 0.010635 0.000000 0.005913 0.008414 0.001941 0.004835 0.000000 0.003914 0.022471 0.025834 0.028638 0.030329 0.009463 0.005295 0.007696 0.028103 0.004134 0.001482 0.000000 0.000000 0.000000 0.000572 0.000000 0.001710 0.005155 0.000317 0.000421 0.007332 0.001566 0.002320 0.000705 0.002515 0.034650 0.019117 0.024306 0.029918 0.003858 0.000942 0.002126 0.009870 0.020469 0.003457 0.000661 0.086039 0.000000 0.000103 0.000000 0.000000 0.001504 0.003948 0.057076 0.009954 0.012844 0.007885 0.006602 0.010206 0.032893 0.027068 0.022407 0.036532 0.020421 0.008286 0.005748 0.043023 
0.039715 0.032293 0.009416 0.026699 0.016519 0.008323 0.003226 0.013005 0.017878 0.006018 0.005948 0.013439 0.010223 0.008760 0.013001 0.012663 0.011609 0.003882 0.009161 0.012867 0.000959 0.000000 0.005374 0.000606 0.040298 0.041799 0.005549 0.031905 0.012381 0.010879 0.004308 0.016275 0.017877 0.009405 0.005775 0.020267 0.010612 0.014785 0.027753 0.020986 0.005318 0.005856 0.008025 0.007275 0.000000 0.002246 0.007916 0.001607 0.029439 0.028707 0.009954 0.022235 0.009250 0.009277 0.003265 0.010626 0.007074 0.002053 0.000000 0.005890 0.009147 0.007299 0.013760 0.012416 0.004494 0.001493 0.003423 0.003895 0.000000 0.000783 0.007634 0.001767 0.026892 0.036503 0.006539 0.019765 0.002251 0.012301 0.001947 0.006313 0.000000 0.002891 0.000002 0.004847 0.008908 0.008843 0.008857 0.016674 0.002754 0.002653 0.002532 0.004331 0.000000 0.001497 0.006930 0.001205 
0.000000 0.000852 0.000000 0.000000 0.002447 0.000642 0.000232 0.002705 0.003686 0.000000 0.001669 0.000001 0.000224 0.000417 0.000000 0.000000 0.000367 0.000000 0.000000 0.000636 0.000000 0.000166 0.000000 0.000000 0.000000 0.000000 0.000186 0.001257 0.002931 0.000637 0.000000 0.003089 0.004547 0.000000 0.000103 0.000003 0.000000 0.000000 0.000000 0.000000 0.000000 0.000000 0.000000 0.000000 0.000000 0.000000 0.000000 0.000000 0.000000 0.000261 0.000000 0.000000 0.000259 0.000431 0.000000 0.001413 0.002809 0.000001 0.000000 0.000002 0.000000 0.000242 0.000000 0.000000 0.000000 0.000000 0.000000 0.000504 0.000000 0.000630 0.000000 0.000000 0.035234 0.012446 0.002439 0.023145 0.167621 0.035912 0.006019 0.218804 0.292851 0.025389 0.024136 0.121518 0.000000 0.000228 0.000000 0.000000 0.000198 0.000404 0.000000 0.000000 0.000000 0.000000 0.000000 0.000303 
0.000000 0.000000 0.000000 0.000000 0.000000 0.000000 0.000000 0.000513 0.013727 0.060994 0.001144 0.033174 0.000679 0.000000 0.001128 0.001249 0.000000 0.000373 0.000000 0.000363 0.000000 0.000000 0.000239 0.000000 0.000195 0.000653 0.000203 0.000000 0.000000 0.000000 0.000795 0.000000 0.052833 0.119871 0.018980 0.075471 0.000000 0.000773 0.000000 0.000497 0.000407 0.000000 0.000000 0.001887 0.000000 0.000515 0.000931 0.000305 0.000000 0.000000 0.000000 0.000000 0.000000 0.000246 0.000000 0.000000 0.014315 0.050128 0.001074 0.032284 0.000000 0.000000 0.000000 0.000388 0.000000 0.000000 0.000000 0.003544 0.000000 0.000000 0.001237 0.000000 0.000367 0.000858 0.000200 0.000018 0.000000 0.000461 0.000000 0.000000 0.101194 0.228743 0.052594 0.118645 0.000403 0.000399 0.000000 0.002021 0.000001 0.000658 0.000712 0.000360 0.000000 0.000000 0.000400 0.000850 
0.153927 0.076934 0.187619 0.052773 0.528747 
0.164592 0.523631 0.133946 0.095368 0.082463 
0.299821 0.269029 0.006645 0.054424 0.370080 
0.077964 0.228257 0.184793 0.025951 0.483035 
0.566546 0.135955 0.201642 0.054512 0.041344 
0.481219 0.179854 0.239758 0.001243 0.097926 
0.220194 0.124699 0.425958 0.115942 0.113207 
0.288636 0.432210 0.141912 0.039771 0.097471 
0.022178 0.006054 0.932749 0.011877 0.027143 
0.184016 0.335834 0.275557 0.072797 0.131796 
0.579456 0.034667 0.145468 0.005303 0.235106 
0.018562 0.267613 0.182380 0.038092 0.493353 
0.621880 0.056996 0.115323 0.067842 0.137959 
0.652597 0.101849 0.183607 0.017357 0.044591 
0.104334 0.604799 0.195349 0.052063 0.043456 
0.491896 0.101819 0.313570 0.003047 0.089668 
0.241510 0.281816 0.383926 0.032344 0.060405 
0.282892 0.448122 0.121602 0.130822 0.016561 
0.266473 0.138664 0.202283 0.000582 0.391998 
0.428657 0.077812 0.243463 0.022062 0.228006 
0.175077 0.004044 0.082772 0.057852 0.680255 
0.142095 0.588619 0.244278 0.015049 0.009960 
0.107974 0.174697 0.638505 0.001206 0.077617 
0.003903 0.033006 0.009691 0.109345 0.844055 
0.265841 0.633026 0.002036 0.029768 0.069329 
0.103902 0.015950 0.020379 0.003117 0.856652 
0.143488 0.106550 0.695068 0.026651 0.028243 
0.217904 0.116285 0.024764 0.050050 0.590996 
0.289292 0.121387 0.281019 0.035845 0.272456 
0.324324 0.258898 0.233001 0.110160 0.073618 
0.044318 0.128376 0.486775 0.228073 0.112459 
0.248834 0.032475 0.137072 0.074941 0.506678 
0.793875 0.091680 0.032849 0.009598 0.071998 
0.102005 0.351766 0.125221 0.384258 0.036751 
0.038360 0.111971 0.199095 0.528260 0.122314 
0.249345 0.029138 0.317755 0.002397 0.401366 
0.550770 0.056052 0.064862 0.299502 0.028814 
0.253952 0.195626 0.009705 0.341115 0.199602 
0.283742 0.099992 0.171815 0.006809 0.437642 
0.170327 0.551129 0.212977 0.011363 0.054204 
0.428305 0.040701 0.404249 0.017032 0.109713 
0.014668 0.417481 0.091290 0.330575 0.145986 
0.385030 0.226068 0.056416 0.002291 0.330196 
0.474287 0.262817 0.183874 0.005774 0.073248 
0.423571 0.202850 0.284553 0.013584 0.075443 
0.107858 0.213233 0.636567 0.023944 0.018398 
0.643616 0.173145 0.074171 0.001797 0.107271 
0.331222 0.227799 0.093140 0.013098 0.334741 
0.016548 0.044948 0.059792 0.359735 0.518977 
0.063048 0.560843 0.223025 0.032037 0.121047 
0.415785 0.102148 0.196526 0.245055 0.040485 
0.448755 0.121806 0.100237 0.192535 0.136667 
0.034862 0.002984 0.304655 0.629452 0.028046 
0.119280 0.178977 0.167417 0.363958 0.170369 
0.135743 0.187831 0.454986 0.060110 0.161329 
0.060747 0.285437 0.245289 0.299514 0.109014 
0.077926 0.141410 0.398538 0.278949 0.103177 
0.552628 0.195628 0.092785 0.085257 0.073704 
0.293049 0.172331 0.423910 0.071111 0.039600 
0.101125 0.301506 0.475312 0.027782 0.094275 
0.043135 0.023929 0.177611 0.017518 0.737808 
0.078090 0.008646 0.384308 0.000177 0.528779 
0.050491 0.214972 0.473990 0.166995 0.093552 
0.204116 0.006475 0.051559 0.107368 0.630482 
0.021757 0.022163 0.698605 0.016956 0.240520 
0.041986 0.257249 0.004308 0.095529 0.600928 
0.108408 0.587307 0.180748 0.014130 0.109407 
0.219194 0.448735 0.268385 0.006295 0.057391 
0.192683 0.067960 0.072808 0.489516 0.177033 
0.103811 0.009003 0.841441 0.016509 0.029237 
0.116598 0.420338 0.398806 0.010412 0.053846 
0.098622 0.310567 0.528524 0.048386 0.013901 
0.298113 0.139256 0.073107 0.164866 0.324658 
0.338843 0.016743 0.043366 0.002614 0.598434 
0.155275 0.389528 0.147702 0.164493 0.143003 
0.036416 0.691496 0.171778 0.082418 0.017890 
0.181968 0.402171 0.355967 0.006033 0.053861 
0.070701 0.455341 0.293883 0.017666 0.162410 
0.054643 0.101282 0.046262 0.787771 0.010043 
0.436497 0.148346 0.371862 0.021474 0.021820 
0.041723 0.133452 0.791163 0.000985 0.032677 
0.123712 0.283616 0.387706 0.086103 0.118863 
0.275379 0.125015 0.538095 0.013434 0.048077 
0.001291 0.009185 0.004583 0.726838 0.258103 
0.315371 0.141166 0.483965 0.034111 0.025388 
0.057352 0.003373 0.918546 0.005546 0.015183 
0.428830 0.188271 0.326605 0.025523 0.030771 
0.205097 0.037086 0.037576 0.136002 0.584239 
0.036171 0.464804 0.148552 0.010573 0.339900 
0.157801 0.562326 0.186235 0.081806 0.011833 
0.593041 0.230771 0.090662 0.003613 0.081913 
0.025618 0.721629 0.160039 0.009712 0.083003 
0.146582 0.115599 0.196282 0.000631 0.540905 
0.004665 0.155354 0.146566 0.676356 0.017059 
0.148618 0.073988 0.084292 0.027159 0.665943 
0.095356 0.137414 0.718794 0.011920 0.036516 
0.295576 0.155076 0.305048 0.217746 0.026553 
0.058585 0.165218 0.110781 0.440041 0.225375 
0.020403 0.058831 0.212007 0.484859 0.223901 
0.284156 0.141789 0.492111 0.039910 0.042034 
0.099911 0.345317 0.353443 0.069009 0.132320 
0.045378 0.185473 0.035637 0.585618 0.147894 
0.058162 0.263900 0.619976 0.005747 0.052215 
0.437415 0.178045 0.211809 0.084833 0.087897 
0.116869 0.167376 0.148914 0.008684 0.558157 
0.082729 0.487185 0.053646 0.312566 0.063874 
0.475964 0.012858 0.018755 0.009589 0.482835 
0.410860 0.311170 0.201491 0.025853 0.050626 
0.038280 0.223653 0.057842 0.330675 0.349550 
0.387622 0.150414 0.149736 0.023024 0.289204 
0.151449 0.019920 0.638312 0.187921 0.002399 
0.090538 0.227378 0.514979 0.120519 0.046586 
0.207409 0.493028 0.065444 0.003805 0.230315 
0.100902 0.759104 0.078848 0.006813 0.054333 
0.459115 0.261104 0.082886 0.006315 0.190580 
0.278218 0.365631 0.010415 0.065694 0.280042 
0.053349 0.508789 0.372014 0.036890 0.028959 
0.088611 0.338256 0.240489 0.301935 0.030709 
0.083867 0.188551 0.130014 0.546290 0.051279 
0.066719 0.292863 0.514695 0.012014 0.113709 
0.040971 0.096289 0.821337 0.022404 0.018999 
0.404625 0.101552 0.085716 0.038603 0.369504 
0.049002 0.044238 0.169859 0.735456 0.001445 
0.647769 0.093435 0.205153 0.004527 0.049116 
0.125878 0.188581 0.112574 0.000490 0.572477 
0.078955 0.383041 0.320897 0.177752 0.039355 
0.201090 0.098216 0.638347 0.018751 0.043597 
0.512022 0.356156 0.061360 0.005305 0.065157 
0.216499 0.237667 0.041266 0.051132 0.453436 
0.070189 0.052315 0.018069 0.632844 0.226582 
0.114215 0.226989 0.542827 0.072775 0.043194 
0.170258 0.043194 0.270390 0.379083 0.137075 
0.374113 0.003421 0.107625 0.083357 0.431484 
0.169394 0.512812 0.163190 0.012508 0.142096 
0.593790 0.126371 0.078674 0.019577 0.181588 
0.147082 0.623945 0.110024 0.041160 0.077789 
0.049038 0.570937 0.114784 0.146165 0.119075 
0.074649 0.251742 0.409002 0.152267 0.112340 
0.099738 0.244520 0.290075 0.044963 0.320704 
0.030258 0.132700 0.800405 0.012351 0.024287 
0.252936 0.439431 0.238548 0.003856 0.065229 
0.059311 0.029736 0.856271 0.031582 0.023100 
0.011372 0.012327 0.031925 0.669478 0.274898 
0.116565 0.146636 0.715267 0.009978 0.011554 
0.195680 0.178775 0.430716 0.176217 0.018613 
0.095596 0.671934 0.101390 0.012613 0.118468 
0.132185 0.147111 0.042324 0.024179 0.654200 
0.135006 0.414991 0.377657 0.008093 0.064252 
0.297011 0.352102 0.084118 0.008720 0.258049 
0.078587 0.433558 0.328353 0.014612 0.144890 
0.035417 0.100610 0.072280 0.754720 0.036972 
0.722959 0.131937 0.094053 0.011775 0.039277 
0.080275 0.184779 0.696737 0.009175 0.029034 
0.260028 0.109528 0.155754 0.015404 0.459285 
0.075040 0.281610 0.298709 0.018681 0.325960 
0.506547 0.144105 0.203629 0.040819 0.104900 
0.045002 0.052673 0.304893 0.024943 0.572489 
0.280865 0.073811 0.026139 0.149005 0.470180 
0.498629 0.227119 0.091955 0.072541 0.109756 
0.207407 0.029127 0.019031 0.283622 0.460812 
0.030316 0.233440 0.175788 0.028233 0.532223 
0.148654 0.530810 0.116734 0.004940 0.198861 
0.454452 0.047655 0.118549 0.301220 0.078124 
0.121139 0.280388 0.534920 0.028196 0.035357 
0.202869 0.123197 0.477743 0.015166 0.181026 
0.115421 0.057841 0.234115 0.001804 0.590820 
0.857280 0.073928 0.020012 0.000156 0.048625 
0.693455 0.065076 0.057013 0.072263 0.112193 
0.407186 0.137613 0.369737 0.041632 0.043832 
0.080448 0.079286 0.304161 0.364319 0.171786 
0.017192 0.180637 0.461257 0.235301 0.105613 
0.098834 0.476664 0.112939 0.177457 0.134105 
0.367032 0.201014 0.172641 0.256841 0.002472 
0.149653 0.366921 0.338930 0.041962 0.102534 
0.033148 0.413221 0.120403 0.081140 0.352088 
0.472235 0.155142 0.204409 0.011382 0.156833 
0.778507 0.092446 0.070619 0.008987 0.049440 
0.333997 0.240297 0.300628 0.056606 0.068472 
0.253816 0.070108 0.036597 0.624544 0.014936 
0.009398 0.141263 0.017509 0.006227 0.825603 
0.647398 0.013690 0.036188 0.137144 0.165580 
0.438327 0.193956 0.099980 0.213142 0.054595 
0.160403 0.044631 0.023069 0.000182 0.771714 
0.004191 0.242846 0.369253 0.101071 0.282640 
0.041815 0.176927 0.259391 0.291644 0.230223 
0.192541 0.260281 0.462798 0.011124 0.073257 
0.029870 0.143817 0.130199 0.091609 0.604505 
0.148000 0.324494 0.359086 0.009729 0.158691 
0.049585 0.344457 0.177556 0.065834 0.362568 
0.075847 0.429476 0.069023 0.324737 0.100917 
0.328078 0.138642 0.466917 0.035358 0.031005 
0.454630 0.016925 0.045840 0.447799 0.034805 
0.357809 0.099780 0.280738 0.000168 0.261506 
0.764954 0.004569 0.005795 0.001815 0.222867 
0.262762 0.181405 0.187954 0.027006 0.340873 
0.044246 0.147898 0.185866 0.489520 0.132471 
0.047989 0.582801 0.094367 0.015820 0.259023 
0.093394 0.051852 0.015173 0.004051 0.835531 
0.434936 0.102942 0.054986 0.118800 0.288336 
0.618651 0.005337 0.193339 0.002078 0.180596 
0.191953 0.074920 0.692855 0.008297 0.031975 
0.028627 0.068472 0.881708 0.015986 0.005207 
0.672621 0.061988 0.101693 0.051537 0.112161 
0.022227 0.755456 0.166184 0.012906 0.043227 
0.069486 0.178331 0.424785 0.257827 0.069571 
0.355158 0.256141 0.239534 0.037342 0.111825 
0.211363 0.567351 0.092508 0.033841 0.094937 
0.548106 0.107973 0.123991 0.117007 0.102922 
0.349335 0.048603 0.539722 0.015040 0.047301 
0.295335 0.364831 0.093047 0.006991 0.239796 
0.035566 0.416616 0.215670 0.206731 0.125417 
0.609256 0.102246 0.196726 0.006891 0.084882 
0.270117 0.330645 0.305504 0.019130 0.074604 
0.005916 0.045231 0.021076 0.032441 0.895337 
0.151757 0.700882 0.021575 0.046740 0.079046 
0.420053 0.389760 0.088177 0.001895 0.100115 
0.092858 0.004444 0.008639 0.009798 0.884262 
0.404237 0.095917 0.089136 0.084709 0.326000 
0.043715 0.070517 0.533271 0.349436 0.003061 
0.557323 0.143000 0.235470 0.034021 0.030187 
0.020353 0.005591 0.025501 0.929297 0.019258 
0.100764 0.408748 0.007801 0.397128 0.085559 
0.201393 0.002964 0.057557 0.012180 0.725906 
0.083476 0.032878 0.126093 0.023127 0.734425 
0.477461 0.186108 0.102519 0.013099 0.220813 
0.058054 0.138182 0.218881 0.428324 0.156559 
0.325668 0.242675 0.338641 0.010428 0.082589 
0.179994 0.280065 0.469766 0.021008 0.049167 
0.169468 0.141484 0.448088 0.072679 0.168281 
0.037343 0.051355 0.195205 0.477949 0.238148 
0.237061 0.068492 0.421593 0.184751 0.088102 
0.330552 0.186717 0.048026 0.056812 0.377893 
0.128978 0.673628 0.143576 0.031816 0.022003 
0.104082 0.265378 0.520731 0.010679 0.099131 
0.155858 0.044731 0.127292 0.483493 0.188627 
0.097955 0.289528 0.426247 0.022681 0.163588 
0.755072 0.143935 0.049588 0.015261 0.036144 
0.100368 0.369499 0.427785 0.020858 0.081491 
0.094062 0.410178 0.282410 0.035047 0.178303 
0.029031 0.715694 0.184867 0.020333 0.050075 
0.001180 0.407494 0.197471 0.009800 0.384055 
0.168142 0.478310 0.218611 0.063566 0.071371 
0.265241 0.239748 0.438471 0.025635 0.030905 
0.069978 0.204650 0.680054 0.013206 0.032112 
0.358545 0.358891 0.180948 0.012558 0.089058 
0.790196 0.037499 0.030818 0.002533 0.138954 
0.467017 0.080353 0.170360 0.195879 0.086392 
0.206384 0.249842 0.393009 0.136814 0.013952 
0.018160 0.401048 0.101255 0.012834 0.466704 
0.760408 0.035773 0.054193 0.069401 0.080225 
0.084564 0.411845 0.317665 0.126239 0.059688 
0.030910 0.055194 0.024201 0.564260 0.325434 
0.067226 0.146768 0.762662 0.022360 0.000984 
0.044777 0.038273 0.890359 0.010055 0.016535 
0.313325 0.003971 0.360749 0.158074 0.163881 
0.332731 0.248491 0.160866 0.114817 0.143095 
0.041397 0.079961 0.096656 0.779928 0.002058 
0.097202 0.006710 0.651857 0.132569 0.111662 
0.109109 0.127222 0.566343 0.125390 0.071935 
0.742168 0.021767 0.049640 0.001505 0.184919 
0.333974 0.423547 0.185430 0.017261 0.039788 
0.192810 0.133666 0.375573 0.022221 0.275729 
0.069608 0.613624 0.281773 0.008342 0.026654 
0.011043 0.003323 0.806738 0.005231 0.173667 
0.070762 0.163607 0.580228 0.045023 0.140380 
0.119114 0.059215 0.033788 0.095611 0.692272 
0.055080 0.735416 0.128284 0.005439 0.075781 
0.074706 0.151932 0.305444 0.167032 0.300887 
0.277915 0.268424 0.364811 0.006643 0.082207 
0.049321 0.601996 0.094051 0.173380 0.081252 
0.098208 0.015558 0.016454 0.292712 0.577068 
0.094518 0.045056 0.043807 0.498041 0.318577 
0.030136 0.203514 0.015548 0.544237 0.206565 
0.048966 0.227970 0.377159 0.058914 0.286991 
0.071426 0.235236 0.059466 0.000441 0.633431 
0.174071 0.183721 0.605493 0.001042 0.035673 
0.801990 0.004203 0.002314 0.000095 0.191398 
0.029057 0.153414 0.071961 0.719545 0.026023 
0.064393 0.285772 0.326027 0.308056 0.015751 
0.196455 0.298083 0.178626 0.049060 0.277776 
0.106422 0.315892 0.550964 0.009627 0.017096 
0.062981 0.152350 0.025338 0.066761 0.692569 
0.299696 0.277739 0.372717 0.017011 0.032836 
0.710900 0.012344 0.074939 0.115997 0.085819 
0.155462 0.137369 0.606908 0.015661 0.084600 
0.484005 0.214939 0.235825 0.018702 0.046529 
0.023008 0.204047 0.198661 0.426122 0.148163 
0.795089 0.071765 0.029435 0.001696 0.102015 
0.196029 0.166511 0.312146 0.223868 0.101446 
0.630669 0.058815 0.188608 0.029513 0.092396 
0.043642 0.473794 0.262089 0.137360 0.083115 
0.305948 0.133104 0.214525 0.096003 0.250420 
0.184165 0.334137 0.057323 0.014542 0.409833 
0.289462 0.012705 0.240809 0.295767 0.161257 
0.089618 0.095762 0.114844 0.505567 0.194209 
0.044668 0.222836 0.570273 0.055926 0.106296 
0.653958 0.038731 0.013484 0.043194 0.250633 
0.034049 0.520042 0.235052 0.073989 0.136868 
0.167014 0.371123 0.181528 0.196096 0.084238 
0.367402 0.031101 0.153430 0.001212 0.446856 
0.103201 0.294950 0.409328 0.037101 0.155420 
0.568069 0.121910 0.136783 0.115168 0.058069 
0.168311 0.504970 0.227789 0.018824 0.080106 
0.394680 0.055259 0.440799 0.042695 0.066568 
0.478702 0.026669 0.440011 0.017567 0.037051 
0.160745 0.081092 0.031934 0.011710 0.714519 
0.052614 0.064173 0.441943 0.440383 0.000886 
0.197412 0.241722 0.047310 0.005745 0.507811 
0.526766 0.163435 0.114964 0.031311 0.163525 
0.183916 0.006800 0.012492 0.563080 0.233713 
0.124218 0.485245 0.192507 0.023917 0.174114 
0.060781 0.537758 0.367385 0.008813 0.025263 
0.011820 0.003041 0.898825 0.052531 0.033783 
0.331077 0.576255 0.000784 0.013939 0.077945 
0.138817 0.142531 0.113844 0.142619 0.462188 
0.486379 0.198272 0.241253 0.009191 0.064904 
0.030742 0.045325 0.082123 0.773087 0.068723 
0.596579 0.100656 0.095417 0.064022 0.143325 
0.344324 0.141503 0.251349 0.215194 0.047630 
0.103374 0.138733 0.355472 0.101894 0.300526 
0.254010 0.121540 0.556999 0.025086 0.042364 
0.124625 0.045139 0.595378 0.183075 0.051784 
0.390399 0.122879 0.408927 0.007076 0.070718 
0.222980 0.145661 0.544228 0.070070 0.017061 
0.152277 0.172793 0.080209 0.416448 0.178274 
0.169976 0.384069 0.122929 0.010162 0.312865 
0.511145 0.312811 0.064164 0.005074 0.106806 
0.451093 0.054089 0.388716 0.023793 0.082309 
0.060153 0.022781 0.052060 0.086911 0.778095 
0.187886 0.616998 0.044847 0.082507 0.067762 
0.177633 0.241969 0.474699 0.074194 0.031505 
0.322373 0.410724 0.061250 0.153248 0.052405 
0.071159 0.176076 0.651027 0.098108 0.003630 
0.421262 0.035348 0.360983 0.160229 0.022178 
0.363082 0.062137 0.021289 0.390959 0.162533 
0.388281 0.274657 0.279966 0.010909 0.046187 
0.548588 0.002559 0.021970 0.001433 0.425449 
0.383712 0.359314 0.113744 0.115581 0.027649 
0.028466 0.207846 0.563493 0.075729 0.124466 
0.062315 0.092526 0.530929 0.041097 0.273134 
0.195518 0.316085 0.008703 0.386884 0.092810 
0.373123 0.450742 0.103321 0.003568 0.069246 
0.634471 0.174910 0.091303 0.006306 0.093010 
0.563173 0.126829 0.087960 0.030127 0.191911 
0.142455 0.097338 0.151429 0.582575 0.026204 
0.199928 0.121251 0.358953 0.024550 0.295319 
0.030682 0.142094 0.261355 0.563259 0.002610 
0.377850 0.154206 0.382165 0.023588 0.062191 
0.470154 0.141374 0.297621 0.023601 0.067250 
0.008651 0.018492 0.068337 0.309386 0.595134 
0.409277 0.140253 0.313896 0.085996 0.050578 
0.025909 0.476392 0.102790 0.035122 0.359788 
0.138145 0.176707 0.661150 0.009614 0.014384 
0.207301 0.032834 0.057494 0.678314 0.024056 
0.059037 0.252418 0.536445 0.093987 0.058112 
0.700800 0.094961 0.066862 0.000477 0.136900 
0.047524 0.055381 0.747369 0.058660 0.091066 
0.305384 0.127080 0.509998 0.000480 0.057058 
0.361393 0.159826 0.313511 0.083961 0.081309 
0.308120 0.443721 0.117947 0.013486 0.116726 
0.394811 0.494500 0.011096 0.007567 0.092025 
0.150266 0.693356 0.104084 0.000207 0.052086 
0.251250 0.404337 0.137477 0.019569 0.187367 
0.634976 0.160447 0.087488 0.022773 0.094316 
0.105805 0.353465 0.460201 0.010561 0.069967 
0.027242 0.695759 0.118157 0.060775 0.098068 
0.419663 0.276691 0.212691 0.018889 0.072066 
0.535478 0.175210 0.171859 0.008125 0.109327 
0.384869 0.356681 0.077227 0.024717 0.156506 
0.111662 0.300814 0.431571 0.107643 0.048309 
0.697287 0.100763 0.084489 0.029754 0.087707 
0.151523 0.073027 0.617827 0.103450 0.054173 
0.031652 0.196563 0.294279 0.242484 0.235022 
0.223625 0.002236 0.733462 0.002004 0.038673 
0.839747 0.013724 0.029620 0.000106 0.116803 
0.645643 0.029139 0.017590 0.083390 0.224238 
0.247138 0.144856 0.087567 0.331598 0.188841 
0.081724 0.020427 0.051895 0.841045 0.004908 
0.348851 0.028238 0.070368 0.062027 0.490516 
0.280440 0.301194 0.311484 0.029498 0.077383 
0.261515 0.005477 0.689223 0.005622 0.038163 
0.056379 0.244157 0.447669 0.123673 0.128121 
0.058372 0.665389 0.188228 0.032448 0.055563 
0.093482 0.516565 0.151410 0.214803 0.023740 
0.368326 0.164609 0.032480 0.408476 0.026109 
0.046522 0.065746 0.664941 0.013381 0.209411 
0.550404 0.023341 0.012954 0.000154 0.413147 
0.719899 0.037178 0.115218 0.003088 0.124617 
0.144082 0.353163 0.356879 0.000521 0.145356 
0.396292 0.222077 0.098030 0.101808 0.181793 
0.229042 0.002097 0.631663 0.075989 0.061208 
0.029361 0.057090 0.734405 0.104710 0.074434 
0.706135 0.164843 0.021668 0.000177 0.107177 
0.418224 0.283706 0.249285 0.007138 0.041647 
0.108710 0.595526 0.060572 0.109056 0.126136 
0.074674 0.157245 0.047577 0.026531 0.693973 
0.044086 0.375686 0.261115 0.144214 0.174899 
0.621003 0.199995 0.027274 0.060597 0.091132 
0.030136 0.080378 0.226264 0.625551 0.037672 
0.373391 0.073986 0.483261 0.007614 0.061749 
0.025735 0.169659 0.761468 0.000192 0.042947 
0.252728 0.335780 0.085540 0.161811 0.164141 
0.045560 0.151606 0.048892 0.567080 0.186862 
0.032634 0.507175 0.161400 0.263709 0.035083 
0.156654 0.061529 0.625604 0.006344 0.149870 
0.460519 0.030250 0.079255 0.038443 0.391532 
0.569371 0.290506 0.077461 0.000301 0.062362 
0.103722 0.300092 0.311137 0.038946 0.246102 
0.207269 0.060814 0.022736 0.551037 0.158145 
0.048588 0.078761 0.329973 0.526773 0.015904 
0.105609 0.155835 0.021776 0.012954 0.703827 
0.057067 0.372380 0.450406 0.035968 0.084178 
0.062760 0.401688 0.477611 0.016571 0.041370 
0.020525 0.164271 0.002232 0.597585 0.215387 
0.093787 0.151461 0.428756 0.320519 0.005477 
0.497871 0.074194 0.050206 0.220641 0.157088 
0.615701 0.025376 0.039394 0.082260 0.237269 
0.299110 0.138019 0.088111 0.438161 0.036600 
0.014571 0.021439 0.324344 0.000228 0.639418 
0.099420 0.208996 0.001900 0.514275 0.175409 
0.114471 0.089879 0.001791 0.653092 0.140767 
0.402160 0.126510 0.217027 0.014156 0.240147 
0.309609 0.020822 0.052817 0.370257 0.246494 
0.121536 0.531410 0.110227 0.124272 0.112555 
0.114921 0.047761 0.017149 0.003760 0.816410 
0.047635 0.173365 0.346526 0.010971 0.421504 
0.076338 0.568243 0.279796 0.045515 0.030108 
0.044005 0.079052 0.279011 0.595655 0.002276 
0.113405 0.426292 0.384821 0.009014 0.066468 
0.175946 0.110157 0.045646 0.051131 0.617121 
0.050831 0.551166 0.195371 0.154111 0.048521 
0.066082 0.001069 0.008646 0.001856 0.922348 
0.111883 0.546007 0.073830 0.169036 0.099245 
0.260363 0.090782 0.496977 0.063429 0.088450 
0.272761 0.058555 0.161430 0.175214 0.332040 
0.283831 0.179294 0.330655 0.102769 0.103450 
0.027879 0.523287 0.089890 0.020983 0.337961 
0.758951 0.010141 0.051991 0.014635 0.164283 
0.092719 0.371434 0.404900 0.007683 0.123264 
0.074561 0.627810 0.066470 0.003078 0.228081 
0.209108 0.133170 0.417328 0.153440 0.086954 
0.029317 0.079649 0.148811 0.556564 0.185659 
0.445021 0.180809 0.163201 0.147483 0.063486 
0.090997 0.515094 0.109351 0.179044 0.105515 
0.407614 0.335740 0.190908 0.001034 0.064704 
0.194825 0.111702 0.435763 0.022473 0.235238 
0.382588 0.333162 0.202982 0.003444 0.077824 
0.584435 0.298893 0.060665 0.006900 0.049107 
0.512390 0.145863 0.288122 0.002240 0.051386 
0.068248 0.029200 0.017026 0.001760 0.883766 
0.045490 0.068676 0.420130 0.018400 0.447304 
0.028574 0.118670 0.122279 0.424628 0.305849 
0.164008 0.040138 0.069774 0.705901 0.020180 
0.624468 0.106657 0.185869 0.004569 0.078437 
0.216219 0.317765 0.338740 0.021079 0.106197 
0.253619 0.026352 0.361802 0.348029 0.010197 
0.724761 0.099356 0.070942 0.019781 0.085160 
0.289626 0.313168 0.244531 0.031334 0.121342 
0.377992 0.085374 0.049157 0.013272 0.474205 
0.065712 0.307697 0.405984 0.077404 0.143203 
0.339129 0.142532 0.018804 0.256248 0.243287 
0.305174 0.495768 0.113186 0.032299 0.053572 
0.199492 0.345028 0.385605 0.025129 0.044747 
0.221732 0.261501 0.142453 0.008055 0.366258 
0.550452 0.017565 0.027022 0.231802 0.173160 
0.114107 0.649695 0.183043 0.011825 0.041329 
0.252745 0.454794 0.236394 0.005758 0.050310 
0.143559 0.061860 0.039247 0.532484 0.222850 
0.067044 0.156570 0.550540 0.167968 0.057878 
0.141150 0.049975 0.538558 0.051305 0.219012 
0.026553 0.022749 0.754361 0.134768 0.061569 
0.367677 0.103448 0.077661 0.009494 0.441720 
0.070517 0.027838 0.176513 0.326592 0.398541 
0.607073 0.066703 0.049573 0.109710 0.166941 
0.306255 0.119919 0.015557 0.251388 0.306881 
0.162217 0.223388 0.392333 0.198285 0.023777 
0.067251 0.170946 0.489085 0.002560 0.270158 
0.093448 0.508082 0.194335 0.032342 0.171793 
0.683478 0.062823 0.194291 0.017987 0.041422 
0.145185 0.114637 0.311580 0.000229 0.428369 
0.534072 0.206449 0.183779 0.013569 0.062130 
0.008714 0.186711 0.320141 0.363188 0.121246 
0.063913 0.356131 0.124393 0.359082 0.096481 
0.416444 0.251447 0.265857 0.038516 0.027736 
0.025663 0.372618 0.406812 0.139661 0.055246 
0.070820 0.317097 0.260757 0.192410 0.158917 
0.106629 0.457626 0.146537 0.175449 0.113759 
0.074749 0.198296 0.587743 0.066971 0.072241 
0.343025 0.492558 0.040869 0.000130 0.123418 
0.509605 0.137470 0.285330 0.001083 0.066512 
0.027082 0.012268 0.550302 0.306062 0.104286 
0.044823 0.530695 0.115191 0.065610 0.243680 
0.087078 0.224938 0.004324 0.376406 0.307255 
0.074059 0.245163 0.216344 0.011354 0.453080 
0.759283 0.061145 0.057350 0.047443 0.074779 
0.062768 0.301505 0.048539 0.548896 0.038292 
0.065610 0.486576 0.336688 0.015328 0.095798 
0.059070 0.036562 0.159190 0.091944 0.653235 
0.124421 0.578677 0.152351 0.090585 0.053967 
0.701533 0.108424 0.113636 0.026002 0.050406 
0.970746 0.910922 0.976845 0.494379 0.801196 
