-1934300.834603
0
0.003658 0.005871 0.000000 0.000000 0.000000 0.001753 0.000119 0.002865 0.039799 0.007904 0.216183 0.009226 0.001052 0.002088 0.000000 0.007604 0.008212 0.001653 0.013229 0.003156 0.000000 0.002422 0.000000 0.002842 0.005203 0.017985 0.006155 0.018707 0.000000 0.000000 0.000000 0.000000 0.015131 0.006123 0.148706 0.006519 0.000000 0.000000 0.000000 0.000000 0.000000 0.000000 0.014986 0.000000 0.000000 0.002894 0.004110 0.001758 0.004161 0.004221 0.000000 0.000000 0.000000 0.003105 0.000000 0.001149 0.046905 0.039997 0.148272 0.025530 0.000000 0.000777 0.000000 0.000000 0.004722 0.001699 0.001238 0.004008 0.000000 0.000000 0.000000 0.000000 0.006275 0.004678 0.001474 0.000000 0.000000 0.000000 0.000000 0.000000 0.006093 0.000000 0.099095 0.000000 0.000000 0.000000 0.000000 0.000000 0.003949 0.000000 0.009163 0.000000 0.000000 0.000332 0.001916 0.003327 
0.000000 0.000000 0.000000 0.000000 0.001579 0.000000 0.000000 0.001304 0.004630 0.013701 0.012080 0.000000 0.000000 0.013087 0.000000 0.011621 0.004328 0.004157 0.000661 0.003366 0.000000 0.000000 0.001081 0.001501 0.012621 0.008063 0.002282 0.000000 0.000000 0.000000 0.000000 0.001256 0.000001 0.000000 0.000000 0.004944 0.001699 0.005397 0.000000 0.000000 0.000000 0.000000 0.007891 0.000000 0.000000 0.001176 0.000000 0.006218 0.000000 0.009013 0.001435 0.027766 0.002484 0.000000 0.000000 0.002245 0.059749 0.211318 0.265621 0.109613 0.000000 0.004255 0.005005 0.004966 0.014125 0.067639 0.018961 0.005676 0.000000 0.004177 0.006244 0.027143 0.002518 0.000000 0.003202 0.000000 0.000000 0.004352 0.000000 0.000000 0.003624 0.005482 0.000000 0.000000 0.000000 0.000000 0.000000 0.000000 0.000000 0.005892 0.000000 0.000000 0.000000 0.000534 0.000000 0.002316 
0.001141 0.000000 0.000000 0.008058 0.000629 0.000000 0.000000 0.000000 0.000001 0.000000 0.009934 0.003610 0.000000 0.000000 0.000000 0.000000 0.000000 0.003896 0.000000 0.001756 0.000000 0.004939 0.002807 0.012717 0.003562 0.000000 0.000000 0.013310 0.000000 0.000438 0.000000 0.000000 0.000001 0.000000 0.010521 0.001478 0.000000 0.000000 0.000000 0.000000 0.000000 0.000000 0.000000 0.001082 0.000000 0.000509 0.003315 0.018850 0.001832 0.000000 0.000000 0.006065 0.000000 0.000000 0.000000 0.000000 0.000000 0.000000 0.020944 0.010685 0.000000 0.000000 0.000000 0.000000 0.004868 0.009057 0.003247 0.013425 0.000000 0.002509 0.000000 0.000000 0.043739 0.010682 0.001923 0.347667 0.000000 0.000000 0.000000 0.000000 0.000000 0.020670 0.244141 0.037716 0.000000 0.000000 0.000000 0.001733 0.001638 0.011086 0.007505 0.008720 0.003452 0.009825 0.001486 0.072832 
0.007827 0.001035 0.000000 0.003382 0.000000 0.000000 0.000000 0.000000 0.002805 0.000000 0.002661 0.000000 0.014826 0.003614 0.006993 0.023663 0.027797 0.006367 0.011194 0.029266 0.057164 0.009135 0.006083 0.032374 0.005775 0.000000 0.000000 0.000000 0.000000 0.000000 0.000000 0.000000 0.004916 0.000000 0.001380 0.001252 0.006354 0.000000 0.002952 0.000000 0.014391 0.003857 0.010844 0.039289 0.039854 0.007807 0.014296 0.083624 0.014921 0.005317 0.000000 0.005925 0.000000 0.001012 0.000000 0.003093 0.000000 0.000000 0.000000 0.004232 0.002963 0.000488 0.001357 0.000000 0.000000 0.006449 0.001149 0.008521 0.012440 0.000000 0.001459 0.028035 0.034144 0.000000 0.000000 0.046407 0.000000 0.000000 0.000000 0.000000 0.000000 0.003843 0.000000 0.000000 0.032598 0.000000 0.021559 0.012263 0.010756 0.010912 0.004487 0.042649 0.083204 0.011324 0.010758 0.094960 
0.000000 0.004558 0.000000 0.039165 0.000000 0.000000 0.000000 0.000000 0.029423 0.021964 0.038529 0.027137 0.000000 0.000000 0.000000 0.000000 0.000837 0.003565 0.000000 0.001194 0.000000 0.001838 0.000856 0.005384 0.006723 0.012769 0.000000 0.169973 0.000000 0.000000 0.000000 0.000000 0.000000 0.000000 0.019354 0.010434 0.000000 0.004028 0.000000 0.003603 0.000000 0.004140 0.000000 0.001945 0.000000 0.002792 0.000000 0.009007 0.001996 0.015096 0.001064 0.088092 0.000000 0.000000 0.000000 0.000000 0.061652 0.060274 0.111146 0.060854 0.000000 0.003222 0.000000 0.001214 0.007111 0.015450 0.009437 0.008335 0.000000 0.002333 0.001449 0.004296 0.000000 0.020461 0.000000 0.063048 0.000000 0.000000 0.000000 0.000000 0.002170 0.014609 0.000000 0.010366 0.000000 0.001090 0.000000 0.001873 0.000000 0.006141 0.001759 0.001244 0.000000 0.001715 0.000000 0.003282 
0.042655 0.034244 0.025535 0.024962 0.009412 0.003583 0.002708 0.002947 0.008481 0.001435 0.000000 0.000000 0.004307 0.002690 0.008375 0.000000 0.005767 0.000000 0.006447 0.000000 0.000000 0.000000 0.000000 0.000000 0.059450 0.078003 0.011754 0.050471 0.010247 0.009327 0.005850 0.009262 0.021886 0.009570 0.007151 0.016605 0.008424 0.010458 0.042862 0.010225 0.004245 0.000000 0.011078 0.003801 0.000000 0.000582 0.004291 0.000000 0.044879 0.049726 0.027039 0.027274 0.007923 0.010466 0.007363 0.005445 0.004988 0.001756 0.000000 0.002382 0.007428 0.005779 0.015756 0.002858 0.004001 0.000000 0.002837 0.000000 0.000000 0.000000 0.000000 0.000000 0.039210 0.067434 0.013840 0.041911 0.003533 0.012128 0.003575 0.000000 0.000000 0.000000 0.000000 0.000684 0.003022 0.004515 0.008815 0.000662 0.000000 0.000000 0.002365 0.000000 0.000000 0.000000 0.001315 0.000000 
0.000000 0.000899 0.000000 0.000000 0.004671 0.000410 0.000000 0.005551 0.001287 0.000000 0.000000 0.000000 0.000886 0.001219 0.000000 0.001001 0.000000 0.000000 0.000000 0.000000 0.000000 0.000000 0.000000 0.000000 0.000000 0.000000 0.000000 0.000000 0.007020 0.001513 0.000414 0.007149 0.001883 0.000000 0.000000 0.000004 0.000000 0.000000 0.000000 0.000000 0.000000 0.000000 0.000000 0.000000 0.000000 0.000000 0.000000 0.000000 0.000000 0.001008 0.000000 0.000000 0.000617 0.001393 0.000000 0.003370 0.000000 0.000000 0.000000 0.000007 0.000000 0.000282 0.000000 0.000000 0.000000 0.000737 0.000000 0.000312 0.000000 0.000633 0.000000 0.000000 0.055714 0.019283 0.002286 0.017725 0.316631 0.080779 0.011139 0.378957 0.070294 0.004340 0.000000 0.000000 0.000000 0.000000 0.000000 0.000000 0.000586 0.000000 0.000000 0.000000 0.000000 0.000000 0.000000 0.000000 
0.000000 0.000000 0.000000 0.000000 0.000000 0.000000 0.000000 0.000000 0.000001 0.000000 0.000000 0.000000 0.001459 0.000000 0.000537 0.003184 0.000000 0.000000 0.000000 0.000000 0.000000 0.000000 0.000972 0.000000 0.000618 0.000630 0.000000 0.000638 0.000000 0.000000 0.000992 0.000000 0.083620 0.096391 0.026482 0.077266 0.000000 0.000481 0.000000 0.001704 0.000000 0.000000 0.000000 0.003474 0.000000 0.001733 0.000000 0.000000 0.000000 0.000000 0.000000 0.000000 0.000000 0.000541 0.000000 0.000000 0.000000 0.000000 0.000000 0.011147 0.000000 0.000000 0.000000 0.000758 0.000000 0.000000 0.000000 0.008822 0.000000 0.000000 0.001640 0.000000 0.000000 0.000000 0.000000 0.000000 0.000000 0.001173 0.000301 0.000000 0.127095 0.329360 0.124985 0.079168 0.000000 0.001394 0.000000 0.005309 0.001993 0.000000 0.002127 0.002155 0.000000 0.000618 0.001231 0.000000 
0.000000 0.000000 0.000000 0.000000 0.000367 0.000416 0.000332 0.000000 0.006682 0.000966 0.000000 0.000000 0.000000 0.000000 0.000000 0.000000 0.000903 0.000000 0.000390 0.001349 0.000000 0.000000 0.000000 0.000000 0.000000 0.000000 0.000000 0.000000 0.000000 0.000000 0.000000 0.000000 0.014575 0.000000 0.002839 0.007028 0.000000 0.000561 0.000000 0.000000 0.000440 0.000000 0.000000 0.001239 0.000000 0.000000 0.000250 0.000000 0.000000 0.000000 0.000000 0.000000 0.000000 0.000000 0.000000 0.000000 0.005432 0.000000 0.000000 0.002238 0.000000 0.000000 0.000000 0.000463 0.000000 0.000000 0.000000 0.000000 0.000000 0.000000 0.000000 0.000308 0.014180 0.005932 0.002013 0.014252 0.041728 0.000000 0.001870 0.071861 0.437147 0.079512 0.048457 0.235658 0.000000 0.000000 0.000000 0.000000 0.000000 0.000613 0.000000 0.000000 0.000000 0.000000 0.000000 0.000000 
0.000000 0.000000 0.000000 0.000000 0.000000 0.000000 0.000000 0.001147 0.022925 0.117746 0.000000 0.063344 0.000000 0.000000 0.001299 0.000000 0.000000 0.001340 0.000000 0.000000 0.000000 0.000000 0.000000 0.000000 0.000000 0.000000 0.000418 0.000000 0.000000 0.000000 0.000832 0.000000 0.035158 0.165504 0.009040 0.084815 0.000000 0.000454 0.000000 0.000000 0.000000 0.000000 0.000000 0.000823 0.000000 0.000000 0.001224 0.000951 0.000000 0.000000 0.000000 0.000000 0.000000 0.000000 0.000000 0.000000 0.027884 0.104196 0.000000 0.057186 0.000000 0.000000 0.000000 0.000000 0.000000 0.000000 0.000000 0.001575 0.000000 0.000000 0.001320 0.000000 0.000261 0.001953 0.000000 0.000000 0.000000 0.001232 0.000000 0.000000 0.023611 0.173248 0.003463 0.094686 0.000000 0.000000 0.000000 0.000000 0.000000 0.001081 0.000000 0.000000 0.000000 0.000000 0.000000 0.001282 
0.001070 0.000000 0.000000 0.000000 0.001341 0.000636 0.000000 0.000000 0.009623 0.000000 0.000000 0.001596 0.005659 0.006724 0.002924 0.003336 0.061617 0.039394 0.067280 0.029073 0.000000 0.001622 0.001088 0.003068 0.007656 0.004821 0.003011 0.001777 0.000000 0.000597 0.000000 0.000000 0.022414 0.003748 0.003587 0.017451 0.000000 0.007148 0.000000 0.000000 0.039801 0.047474 0.057081 0.039674 0.000000 0.005453 0.003922 0.006655 0.001262 0.005168 0.000000 0.000000 0.000000 0.000000 0.000000 0.000000 0.018806 0.006266 0.000000 0.012463 0.000000 0.004187 0.000000 0.000000 0.072074 0.030997 0.051748 0.048174 0.000000 0.000000 0.000000 0.002759 0.000000 0.007353 0.001708 0.000000 0.000000 0.001393 0.000000 0.000000 0.001644 0.002320 0.000000 0.000000 0.006179 0.014233 0.002613 0.005239 0.060643 0.041894 0.040943 0.043425 0.000000 0.003587 0.000683 0.003920 
0.039385 0.032356 0.000000 0.028385 0.023672 0.012742 0.003880 0.023764 0.022279 0.003428 0.008551 0.022839 0.015533 0.014614 0.016955 0.025493 0.014305 0.007917 0.007159 0.027280 0.000000 0.000400 0.011858 0.003149 0.027667 0.015210 0.000000 0.009712 0.014694 0.013177 0.003284 0.021446 0.009101 0.000000 0.000000 0.018249 0.012111 0.018742 0.017982 0.032173 0.002798 0.010743 0.000000 0.008505 0.000000 0.003580 0.011675 0.003506 0.018782 0.012448 0.000000 0.014789 0.009857 0.008246 0.000873 0.014533 0.000503 0.000000 0.000000 0.005336 0.011379 0.008451 0.012813 0.021511 0.000000 0.003886 0.000000 0.006589 0.001267 0.002476 0.014856 0.005575 0.023660 0.014190 0.001147 0.029235 0.000000 0.010746 0.000697 0.009544 0.000000 0.000000 0.000000 0.007891 0.015101 0.011783 0.008905 0.031245 0.001379 0.005433 0.000000 0.009200 0.000000 0.005134 0.013160 0.007081 
0.105352 0.033783 0.000000 0.022779 0.024037 0.110983 0.029537 0.342380 0.027446 0.183523 0.049370 0.070809 
0.037802 0.057067 0.388514 0.034096 0.022879 0.039650 0.021159 0.000000 0.075488 0.044318 0.129211 0.149816 
0.058881 0.203165 0.266096 0.011946 0.039438 0.009918 0.000006 0.225677 0.101168 0.031920 0.046218 0.005567 
0.060367 0.000002 0.000000 0.050545 0.044318 0.004967 0.010674 0.332983 0.027688 0.144130 0.138336 0.185989 
0.388594 0.047316 0.000000 0.008543 0.121907 0.117829 0.028102 0.000000 0.030251 0.039805 0.151759 0.065894 
0.069522 0.000002 0.209218 0.000158 0.375239 0.154275 0.000006 0.000000 0.010797 0.074105 0.047735 0.058943 
0.119571 0.000002 0.000000 0.021353 0.100115 0.073098 0.094615 0.000000 0.021932 0.144901 0.097184 0.327228 
0.074696 0.000002 0.000000 0.327199 0.260784 0.029498 0.008846 0.000000 0.059124 0.081442 0.074621 0.083788 
0.001004 0.000002 0.000000 0.007195 0.032216 0.711299 0.010193 0.000000 0.007863 0.054312 0.033383 0.142533 
0.020463 0.087297 0.000000 0.005363 0.065590 0.190428 0.049325 0.094015 0.027587 0.044150 0.360887 0.054894 
0.207564 0.000002 0.000000 0.005805 0.345504 0.015094 0.000012 0.000000 0.019179 0.248238 0.047440 0.111163 
0.012485 0.000002 0.000000 0.078779 0.024365 0.012929 0.017187 0.429342 0.016928 0.090212 0.121512 0.196259 
0.409201 0.109709 0.000000 0.015367 0.092566 0.095834 0.043862 0.045727 0.021865 0.091237 0.069078 0.005553 
0.132329 0.387625 0.021772 0.014807 0.108128 0.035465 0.006868 0.000000 0.015292 0.041062 0.087285 0.149367 
0.020467 0.035952 0.000000 0.098485 0.029890 0.052640 0.027607 0.000000 0.037732 0.040288 0.499013 0.157925 
0.306170 0.085727 0.000000 0.021212 0.122393 0.060890 0.000009 0.036795 0.010117 0.039072 0.068404 0.249212 
0.019233 0.115453 0.175643 0.070365 0.070413 0.291670 0.005390 0.000000 0.038264 0.038246 0.081138 0.094186 
0.067019 0.161974 0.000000 0.302071 0.068970 0.006794 0.103433 0.000000 0.030992 0.031137 0.119609 0.108001 
0.130120 0.000002 0.000000 0.079945 0.108758 0.064289 0.000006 0.000000 0.024581 0.409949 0.054984 0.127367 
0.061321 0.244474 0.000000 0.010837 0.096567 0.023206 0.005856 0.022929 0.044652 0.195007 0.068800 0.226351 
0.027328 0.024894 0.000000 0.000098 0.090996 0.008622 0.035776 0.054753 0.054591 0.619188 0.016457 0.067297 
0.060220 0.047673 0.000000 0.404445 0.062327 0.043446 0.006398 0.000000 0.014587 0.012939 0.140736 0.207229 
0.033984 0.000002 0.000000 0.000160 0.092309 0.438391 0.000004 0.027885 0.025092 0.034408 0.211559 0.136206 
0.002623 0.000002 0.000000 0.000301 0.006554 0.000950 0.000008 0.510669 0.249279 0.198153 0.020492 0.010970 
0.107369 0.053683 0.612512 0.031933 0.035406 0.002127 0.007192 0.000000 0.019638 0.031822 0.070305 0.028014 
0.044083 0.014966 0.000000 0.013570 0.007899 0.010718 0.000009 0.000000 0.015478 0.868261 0.011805 0.013211 
0.012907 0.000002 0.000000 0.028040 0.173792 0.246924 0.022831 0.000000 0.006777 0.047450 0.075811 0.385467 
0.048810 0.112118 0.000000 0.051225 0.089928 0.013361 0.000008 0.375910 0.129631 0.127049 0.041508 0.010453 
0.189539 0.049524 0.000000 0.016639 0.084272 0.036437 0.021848 0.175532 0.014154 0.091165 0.095594 0.225296 
0.317611 0.000002 0.007632 0.059828 0.002696 0.028616 0.081191 0.000000 0.031511 0.093113 0.144830 0.232970 
0.012788 0.000002 0.000000 0.026097 0.070350 0.100973 0.020272 0.038370 0.255749 0.016069 0.048710 0.410620 
0.108554 0.037785 0.000000 0.014937 0.047098 0.027572 0.052361 0.000000 0.044840 0.531788 0.031435 0.103630 
0.268671 0.347171 0.025387 0.005729 0.148205 0.003549 0.005062 0.000000 0.005116 0.066634 0.102570 0.021907 
0.015813 0.068481 0.000000 0.158005 0.009619 0.011129 0.301014 0.000000 0.098874 0.052688 0.160734 0.123642 
0.016331 0.000002 0.000000 0.016561 0.014700 0.029953 0.360873 0.000000 0.198709 0.119717 0.086131 0.157023 
0.041222 0.072790 0.034173 0.003802 0.067035 0.231503 0.000009 0.000000 0.022255 0.424040 0.042731 0.060442 
0.078204 0.099130 0.000000 0.000114 0.358620 0.018050 0.240346 0.000000 0.051700 0.047037 0.089406 0.017393 
0.066365 0.127768 0.241338 0.012224 0.033017 0.006607 0.091740 0.088917 0.250989 0.035008 0.034874 0.011152 
0.058774 0.000002 0.000000 0.029101 0.199530 0.028971 0.000007 0.000000 0.040389 0.440764 0.075825 0.126638 
0.012534 0.118804 0.000000 0.017735 0.010179 0.153705 0.000008 0.000000 0.031529 0.037228 0.551381 0.066897 
0.313367 0.000002 0.000000 0.013733 0.115174 0.308419 0.000010 0.011821 0.033776 0.072448 0.046457 0.084793 
0.032872 0.000001 0.000000 0.193374 0.006384 0.013922 0.000008 0.000000 0.442766 0.033130 0.158810 0.118734 
0.092513 0.192119 0.028023 0.004579 0.047683 0.004796 0.000010 0.040500 0.011604 0.298888 0.212335 0.066950 
0.081955 0.000002 0.000000 0.146281 0.438719 0.033074 0.001840 0.000000 0.013356 0.067526 0.108902 0.108345 
0.391627 0.000002 0.000000 0.095940 0.042480 0.164481 0.000011 0.000000 0.027371 0.069893 0.083965 0.124230 
0.037990 0.000002 0.056036 0.048701 0.114450 0.091976 0.015693 0.000000 0.010294 0.023307 0.062141 0.539411 
0.066412 0.361327 0.000000 0.000166 0.169871 0.029943 0.000008 0.000000 0.008389 0.110692 0.211709 0.041484 
0.073117 0.162005 0.000000 0.017252 0.026804 0.017326 0.008968 0.000000 0.014385 0.359624 0.228815 0.091703 
0.011504 0.017010 0.000000 0.011505 0.001431 0.018872 0.225138 0.507642 0.086402 0.062641 0.016608 0.041249 
0.016148 0.000002 0.475518 0.018589 0.006808 0.030925 0.012840 0.000000 0.018859 0.090880 0.074210 0.255222 
0.093950 0.000002 0.000000 0.038989 0.353155 0.012667 0.201406 0.000000 0.038238 0.066110 0.059224 0.136258 
0.270154 0.043251 0.000000 0.031532 0.152911 0.019874 0.000007 0.000000 0.260951 0.048012 0.088683 0.084624 
0.010629 0.015667 0.000000 0.000157 0.008399 0.220519 0.543973 0.068881 0.057363 0.016124 0.017777 0.040511 
0.049891 0.004233 0.000000 0.116620 0.102176 0.024446 0.000007 0.000000 0.479327 0.043278 0.018911 0.161111 
0.094007 0.046174 0.000000 0.018169 0.011840 0.040346 0.015809 0.089782 0.067433 0.048336 0.102036 0.466068 
0.066900 0.000002 0.000000 0.136600 0.024893 0.029577 0.000007 0.000000 0.381675 0.023239 0.080210 0.256898 
0.041940 0.000002 0.000000 0.006688 0.065402 0.087653 0.000008 0.000000 0.348173 0.018379 0.095878 0.335878 
0.039971 0.000002 0.035118 0.116898 0.552415 0.001039 0.053424 0.000000 0.033214 0.069514 0.041140 0.057265 
0.025677 0.185638 0.000000 0.041495 0.072563 0.049780 0.045401 0.000000 0.032210 0.050647 0.111165 0.385426 
0.048547 0.022219 0.010038 0.063272 0.030358 0.068911 0.018398 0.000000 0.021943 0.104203 0.187111 0.425000 
0.018586 0.000002 0.000000 0.000448 0.051874 0.107700 0.000008 0.607069 0.049217 0.099559 0.014911 0.050626 
0.024164 0.000002 0.000000 0.009310 0.022941 0.201825 0.000005 0.000000 0.013509 0.557806 0.008426 0.162012 
0.027424 0.000002 0.000000 0.038071 0.036052 0.128564 0.068919 0.006856 0.129786 0.067976 0.162550 0.333800 
0.096882 0.053303 0.000000 0.000110 0.030441 0.019635 0.000007 0.000000 0.289251 0.453608 0.022620 0.034143 
0.033624 0.000002 0.000000 0.000242 0.003551 0.567626 0.000008 0.155125 0.049401 0.058154 0.054557 0.077711 
0.000745 0.006113 0.278476 0.005435 0.013101 0.004659 0.000006 0.392744 0.163251 0.096890 0.032066 0.006514 
0.040506 0.014989 0.148845 0.311858 0.041169 0.090453 0.000011 0.000000 0.032171 0.099338 0.128674 0.091986 
0.068852 0.108891 0.000000 0.011471 0.003351 0.214345 0.000005 0.000000 0.024073 0.046362 0.481050 0.041599 
0.200048 0.000002 0.000000 0.016470 0.016071 0.011806 0.077505 0.000000 0.509398 0.048664 0.030399 0.089637 
0.022418 0.000002 0.000000 0.006673 0.100585 0.634564 0.001238 0.000000 0.021314 0.034403 0.058134 0.120669 
0.035284 0.000002 0.255523 0.066100 0.072259 0.095650 0.004620 0.016788 0.004532 0.025049 0.071259 0.352934 
0.026940 0.000002 0.000000 0.018927 0.104348 0.086587 0.025169 0.000000 0.030974 0.019847 0.249254 0.437953 
0.121223 0.063625 0.000000 0.015296 0.056884 0.008348 0.131808 0.000000 0.041601 0.355946 0.143209 0.062059 
0.271293 0.000002 0.000000 0.002970 0.013410 0.013464 0.000006 0.019096 0.019588 0.581968 0.039425 0.038778 
0.159378 0.000002 0.000000 0.272602 0.031661 0.050505 0.010749 0.043294 0.215462 0.037769 0.062609 0.115969 
0.007306 0.000002 0.000000 0.166675 0.026906 0.025165 0.056195 0.000000 0.037978 0.019880 0.506248 0.153646 
0.100066 0.026291 0.097174 0.057174 0.036700 0.077277 0.003937 0.000000 0.005145 0.065181 0.225078 0.305975 
0.041752 0.000002 0.000000 0.023020 0.034844 0.020498 0.006434 0.077778 0.025457 0.075468 0.396354 0.298393 
0.019303 0.000001 0.171554 0.007994 0.020281 0.029664 0.620339 0.000000 0.084582 0.018325 0.019380 0.008576 
0.244480 0.140863 0.000000 0.039921 0.048082 0.154324 0.008735 0.000000 0.013432 0.027085 0.107989 0.215089 
0.031779 0.000002 0.000000 0.076380 0.008238 0.546111 0.008246 0.000000 0.001470 0.061595 0.087534 0.178645 
0.090154 0.011060 0.000000 0.066470 0.038185 0.039164 0.019869 0.036539 0.094968 0.060500 0.160993 0.382097 
0.131357 0.000002 0.000000 0.045713 0.185447 0.113572 0.000010 0.000000 0.022252 0.043980 0.046266 0.411402 
0.007933 0.000001 0.000000 0.000070 0.000931 0.005728 0.000007 0.000000 0.946808 0.035598 0.001782 0.001143 
0.137532 0.042100 0.000000 0.026852 0.156611 0.096554 0.000011 0.000000 0.040141 0.020706 0.084604 0.394890 
0.009644 0.000002 0.000000 0.004690 0.067910 0.719478 0.007762 0.000000 0.002734 0.040973 0.027592 0.119216 
0.415674 0.000002 0.000000 0.036774 0.029687 0.076231 0.011850 0.000000 0.014188 0.032908 0.098720 0.283966 
0.133281 0.035873 0.000000 0.004808 0.056691 0.019461 0.095040 0.410509 0.007283 0.199674 0.029072 0.008308 
0.043064 0.000002 0.000000 0.324057 0.016741 0.071600 0.000008 0.273831 0.030326 0.075932 0.096992 0.067446 
0.035588 0.000002 0.000000 0.263345 0.138326 0.049056 0.067311 0.000000 0.020211 0.024144 0.305547 0.096469 
0.092956 0.091725 0.142837 0.013708 0.358367 0.029651 0.001462 0.000000 0.003902 0.073639 0.138843 0.052909 
0.007625 0.000002 0.000000 0.196651 0.023041 0.021974 0.003556 0.000000 0.021930 0.071163 0.487902 0.166155 
0.064192 0.059977 0.055815 0.014565 0.044072 0.030099 0.000004 0.425167 0.003986 0.096966 0.026217 0.178940 
0.000356 0.000001 0.000000 0.000139 0.005132 0.071288 0.600951 0.000000 0.094620 0.027331 0.157438 0.042744 
0.063051 0.041010 0.044447 0.027408 0.006476 0.028238 0.000007 0.000000 0.113138 0.589310 0.018578 0.068337 
0.066382 0.000002 0.000000 0.043074 0.060113 0.122590 0.000010 0.000000 0.018262 0.043048 0.047577 0.598940 
0.073112 0.097827 0.011552 0.022831 0.122797 0.048529 0.161824 0.000000 0.058257 0.043098 0.113819 0.246355 
0.018180 0.019155 0.221406 0.000268 0.001890 0.095933 0.183796 0.127662 0.218934 0.066487 0.026550 0.019740 
0.018745 0.000002 0.000000 0.033426 0.019952 0.130301 0.037842 0.035114 0.570866 0.048491 0.015370 0.089893 
0.161057 0.057693 0.000000 0.023983 0.065375 0.044098 0.024828 0.000000 0.017763 0.060070 0.103368 0.441765 
0.048560 0.027389 0.019635 0.074837 0.017625 0.072723 0.000009 0.000000 0.108150 0.094917 0.216098 0.320057 
0.019218 0.000002 0.097990 0.015717 0.000828 0.020750 0.463868 0.000000 0.093661 0.162238 0.113668 0.012061 
0.023416 0.000002 0.000000 0.027070 0.032395 0.377878 0.000009 0.000000 0.019833 0.058731 0.269316 0.191350 
0.056832 0.018782 0.000000 0.105335 0.422156 0.021862 0.012147 0.000000 0.104916 0.047950 0.051006 0.159014 
0.078035 0.000002 0.000000 0.017237 0.026722 0.046191 0.000006 0.086102 0.057263 0.438498 0.143190 0.106755 
0.009003 0.011414 0.253127 0.036144 0.030201 0.028967 0.226733 0.028822 0.055716 0.039774 0.248087 0.032011 
0.067940 0.219674 0.000000 0.000113 0.121750 0.002063 0.000006 0.000000 0.057991 0.470716 0.049805 0.009942 
0.030437 0.215942 0.232894 0.026599 0.110577 0.036512 0.013636 0.000000 0.009252 0.039519 0.084105 0.200528 
0.025419 0.000002 0.000000 0.166484 0.023348 0.024316 0.000008 0.000000 0.507940 0.177912 0.033336 0.041235 
0.345433 0.020450 0.029800 0.036698 0.003385 0.008019 0.007750 0.000000 0.050975 0.255482 0.083978 0.158030 
0.027928 0.024949 0.000000 0.004958 0.123300 0.250211 0.161420 0.000000 0.028486 0.024693 0.026046 0.328009 
0.043262 0.000002 0.012434 0.038643 0.052661 0.081870 0.108415 0.000000 0.017720 0.076228 0.158509 0.410255 
0.097761 0.005627 0.097983 0.000196 0.085868 0.016866 0.000007 0.122403 0.011261 0.094341 0.397435 0.070252 
0.022875 0.000002 0.313849 0.205851 0.050687 0.017203 0.000006 0.000000 0.019551 0.029887 0.260023 0.080065 
0.266138 0.128851 0.008860 0.114982 0.037805 0.005921 0.000012 0.000000 0.019809 0.200544 0.121818 0.095260 
0.049296 0.000002 0.347694 0.062339 0.176829 0.000836 0.031078 0.104274 0.025163 0.150296 0.020415 0.031776 
0.059351 0.000002 0.000000 0.331852 0.016618 0.089657 0.003064 0.000000 0.053267 0.025176 0.114962 0.306052 
0.042340 0.024365 0.000000 0.160227 0.014396 0.104550 0.257561 0.000000 0.051461 0.057864 0.176891 0.110346 
0.045968 0.007932 0.000000 0.065938 0.028921 0.030951 0.446446 0.018752 0.103761 0.054666 0.116222 0.080442 
0.050162 0.000002 0.000000 0.135538 0.026878 0.299310 0.006641 0.065562 0.014697 0.065559 0.158936 0.176716 
0.013866 0.000005 0.000000 0.054414 0.028997 0.492308 0.016359 0.000000 0.012286 0.044522 0.058563 0.278680 
0.427415 0.000002 0.023635 0.012989 0.005140 0.039598 0.000007 0.187510 0.102913 0.074692 0.069434 0.056666 
0.028767 0.000002 0.000000 0.014412 0.023124 0.075179 0.635273 0.000000 0.107138 0.015317 0.040766 0.060022 
0.384593 0.119268 0.000000 0.013740 0.143045 0.031945 0.000008 0.000000 0.011594 0.040435 0.101883 0.153488 
0.050183 0.058612 0.000000 0.083574 0.057037 0.018160 0.000005 0.437702 0.005149 0.127318 0.062852 0.099409 
0.048398 0.000002 0.000000 0.080551 0.017944 0.054014 0.152708 0.000000 0.031772 0.068291 0.279413 0.266907 
0.170420 0.000002 0.000000 0.026298 0.023772 0.308139 0.012858 0.000000 0.010912 0.058539 0.073403 0.315657 
0.424695 0.000002 0.220044 0.023500 0.036333 0.025348 0.000007 0.000000 0.008909 0.048374 0.134488 0.078301 
0.036976 0.000002 0.024819 0.003645 0.124725 0.012733 0.034297 0.000000 0.039662 0.454684 0.239197 0.029260 
0.016851 0.000002 0.000000 0.004513 0.060731 0.004423 0.000007 0.000000 0.807793 0.037939 0.049318 0.018423 
0.077485 0.000002 0.014373 0.053372 0.040670 0.039489 0.066935 0.000000 0.005130 0.075209 0.111481 0.515855 
0.032208 0.000002 0.000000 0.015234 0.163519 0.200674 0.000008 0.000000 0.459824 0.037856 0.037258 0.053417 
0.049979 0.000002 0.000000 0.000206 0.302666 0.012693 0.061728 0.055579 0.029418 0.401435 0.010056 0.076239 
0.131121 0.000002 0.000000 0.014423 0.047635 0.042340 0.003634 0.080640 0.022658 0.053508 0.458319 0.145720 
0.171939 0.264043 0.061221 0.025538 0.109064 0.042081 0.000011 0.000000 0.047390 0.162362 0.079393 0.036957 
0.019501 0.057823 0.127255 0.359314 0.055435 0.021588 0.020401 0.000000 0.030016 0.079992 0.119317 0.109356 
0.049015 0.000002 0.000000 0.039489 0.002538 0.055163 0.000009 0.000000 0.224660 0.039850 0.509487 0.079787 
0.003129 0.044450 0.000000 0.058121 0.042364 0.069415 0.107396 0.097043 0.042868 0.038121 0.144764 0.352329 
0.070957 0.000002 0.000000 0.039943 0.022771 0.046338 0.033765 0.066573 0.020078 0.267682 0.169204 0.262689 
0.020255 0.000002 0.000000 0.052559 0.014597 0.561466 0.014213 0.000000 0.007093 0.047209 0.121005 0.161600 
0.112902 0.000002 0.000000 0.220406 0.157191 0.136230 0.000007 0.000000 0.020607 0.061011 0.216838 0.074805 
0.028135 0.000002 0.000000 0.012023 0.041432 0.601818 0.030309 0.000000 0.006726 0.049317 0.042006 0.188232 
0.009181 0.000002 0.000000 0.003434 0.008937 0.012906 0.000008 0.000000 0.850930 0.080828 0.002188 0.031587 
0.024295 0.045493 0.000000 0.052163 0.063082 0.138503 0.003519 0.000000 0.007121 0.027270 0.050883 0.587671 
0.053716 0.085871 0.000000 0.034911 0.048172 0.047791 0.154524 0.000000 0.025450 0.048474 0.142948 0.358144 
0.026027 0.022100 0.436610 0.149594 0.007834 0.062625 0.000012 0.058273 0.020057 0.022627 0.122160 0.072081 
0.084622 0.000002 0.000000 0.064570 0.025870 0.001778 0.019605 0.122115 0.005090 0.554206 0.077621 0.044523 
0.100320 0.000002 0.012408 0.054286 0.027285 0.043159 0.006499 0.000000 0.010060 0.080101 0.310697 0.355183 
0.204192 0.039530 0.000000 0.006860 0.045576 0.036205 0.000011 0.161761 0.025259 0.071436 0.344314 0.064856 
0.071902 0.000002 0.000000 0.189024 0.017514 0.088697 0.007644 0.080307 0.014379 0.077895 0.202531 0.250105 
0.007304 0.000002 0.080919 0.003984 0.024648 0.022962 0.630053 0.000000 0.090988 0.049418 0.054355 0.035367 
0.144539 0.491071 0.018211 0.020959 0.068296 0.043321 0.000009 0.000000 0.017327 0.027534 0.114890 0.053842 
0.010108 0.016933 0.178768 0.007669 0.035625 0.600154 0.000010 0.000000 0.008694 0.027441 0.037632 0.076966 
0.053751 0.000002 0.000000 0.057930 0.201972 0.011228 0.000010 0.034127 0.059001 0.409631 0.037237 0.135112 
0.080797 0.000002 0.000000 0.051884 0.012064 0.055016 0.004929 0.202563 0.032963 0.113443 0.175601 0.270738 
0.253305 0.075650 0.000000 0.023140 0.179590 0.024027 0.000008 0.000000 0.070350 0.075088 0.119107 0.179734 
0.047013 0.000002 0.011796 0.007646 0.016244 0.187489 0.013246 0.476943 0.006705 0.103359 0.027766 0.101791 
0.019515 0.000002 0.000000 0.004053 0.280601 0.002348 0.005291 0.275047 0.255531 0.070276 0.069078 0.018258 
0.069568 0.343770 0.152541 0.046174 0.057489 0.021126 0.000010 0.024793 0.092509 0.036063 0.058969 0.096989 
0.104406 0.059755 0.000000 0.006423 0.039744 0.009800 0.000008 0.000000 0.471824 0.262230 0.028492 0.017318 
0.006727 0.048648 0.000000 0.098522 0.002618 0.028001 0.010379 0.439882 0.023165 0.097587 0.071388 0.173082 
0.019471 0.030743 0.059444 0.027583 0.063013 0.030543 0.000008 0.000000 0.024968 0.186162 0.462806 0.095258 
0.084675 0.052543 0.056959 0.000157 0.278009 0.053411 0.229501 0.000000 0.048321 0.108016 0.053725 0.034683 
0.051111 0.000002 0.229160 0.029313 0.042017 0.441886 0.017149 0.000000 0.008064 0.037586 0.073605 0.070107 
0.056600 0.000002 0.000000 0.014562 0.209603 0.049335 0.007928 0.109169 0.016803 0.065430 0.065983 0.404584 
0.031395 0.014488 0.000000 0.026648 0.035674 0.043347 0.000009 0.000000 0.014060 0.614027 0.030074 0.190279 
0.514973 0.154234 0.000000 0.013985 0.178947 0.007243 0.000001 0.000000 0.001301 0.040962 0.083269 0.005086 
0.041495 0.482958 0.014092 0.003975 0.135405 0.044421 0.000007 0.000000 0.126109 0.050793 0.091142 0.009603 
0.046764 0.260292 0.016033 0.071911 0.069026 0.311866 0.007124 0.000000 0.046279 0.041484 0.076524 0.052698 
0.037324 0.000002 0.000000 0.012850 0.079045 0.036096 0.000008 0.000000 0.470405 0.042623 0.020141 0.301506 
0.004012 0.000002 0.000000 0.034678 0.026367 0.036583 0.043906 0.000000 0.238405 0.061851 0.094091 0.460105 
0.057272 0.013887 0.061086 0.012877 0.015785 0.049251 0.016880 0.000000 0.229578 0.057139 0.394990 0.091255 
0.062534 0.225310 0.000000 0.076933 0.074199 0.014010 0.215709 0.000000 0.045530 0.018754 0.096906 0.170115 
0.103403 0.018034 0.000000 0.056670 0.014964 0.029379 0.023730 0.000000 0.033412 0.110810 0.267768 0.341829 
0.007719 0.000002 0.000000 0.050139 0.024999 0.057058 0.029254 0.117944 0.101278 0.195822 0.357809 0.057977 
0.085124 0.035843 0.000000 0.034301 0.362084 0.025532 0.006676 0.026498 0.010819 0.139112 0.112691 0.161321 
0.172509 0.485438 0.051754 0.004768 0.072562 0.040222 0.000012 0.000000 0.013683 0.036984 0.094330 0.027738 
0.019942 0.226531 0.070498 0.039087 0.067202 0.023037 0.032209 0.000000 0.029667 0.068232 0.121505 0.302091 
0.052308 0.037589 0.000000 0.005481 0.159060 0.006175 0.520801 0.000000 0.099908 0.029010 0.080842 0.008826 
0.000538 0.017208 0.000000 0.006908 0.001011 0.006990 0.000008 0.700723 0.016719 0.128589 0.108267 0.013038 
0.077183 0.009716 0.017558 0.004934 0.574011 0.002948 0.000007 0.000000 0.204892 0.074767 0.010447 0.023538 
0.390085 0.067192 0.000000 0.088055 0.007926 0.037848 0.099951 0.000000 0.129197 0.032382 0.073309 0.074055 
0.017882 0.134543 0.000000 0.000217 0.032201 0.012355 0.000002 0.573632 0.008194 0.175285 0.034242 0.011446 
0.002980 0.000002 0.009876 0.047661 0.010093 0.075865 0.021807 0.148436 0.125676 0.095296 0.134932 0.327375 
0.037247 0.000002 0.000000 0.033502 0.014784 0.026223 0.020496 0.000000 0.374707 0.118850 0.102173 0.272017 
0.081570 0.000002 0.000000 0.038450 0.131545 0.068415 0.000008 0.000000 0.029368 0.066341 0.189496 0.394805 
0.013045 0.026851 0.000000 0.021300 0.004918 0.034918 0.047783 0.476350 0.045561 0.135104 0.081263 0.112907 
0.025000 0.000002 0.016836 0.163664 0.172853 0.036645 0.005003 0.085526 0.013808 0.074370 0.095206 0.311087 
0.043422 0.005896 0.015246 0.154628 0.014344 0.014130 0.009329 0.197482 0.104950 0.123284 0.122145 0.195142 
0.022870 0.000002 0.165181 0.196717 0.054966 0.012391 0.000009 0.000000 0.376723 0.021636 0.067883 0.081621 
0.062608 0.000003 0.000000 0.044867 0.327709 0.060853 0.000009 0.000000 0.042483 0.020260 0.071460 0.369749 
0.083460 0.172948 0.000000 0.004050 0.189692 0.001124 0.400759 0.000000 0.035750 0.064366 0.029875 0.017975 
0.283726 0.000002 0.013589 0.018567 0.063541 0.003342 0.000004 0.026310 0.001781 0.243120 0.051029 0.294989 
0.092072 0.000002 0.000000 0.000180 0.640503 0.000533 0.000004 0.000000 0.016673 0.226382 0.020598 0.003053 
0.043962 0.000002 0.000000 0.015782 0.203740 0.037100 0.015801 0.037267 0.035912 0.306215 0.170450 0.133769 
0.027917 0.000002 0.091582 0.029605 0.030916 0.036264 0.030830 0.000000 0.519749 0.016089 0.014229 0.202819 
0.073019 0.000002 0.000000 0.369363 0.006295 0.000659 0.000010 0.206822 0.030802 0.058685 0.120924 0.133419 
0.028907 0.028198 0.064446 0.008238 0.002091 0.011043 0.000008 0.153812 0.013313 0.674528 0.008970 0.006445 
0.273272 0.064069 0.040383 0.015302 0.082950 0.016212 0.000010 0.000000 0.200032 0.195290 0.063319 0.049162 
0.126919 0.000002 0.000000 0.000172 0.496955 0.078018 0.000008 0.000000 0.016664 0.179506 0.023789 0.077967 
0.062058 0.000002 0.000000 0.022331 0.179580 0.282953 0.004458 0.000000 0.009358 0.035689 0.045320 0.358251 
0.014952 0.000002 0.000000 0.029986 0.034162 0.578272 0.008641 0.008444 0.008685 0.008295 0.054268 0.254293 
0.397025 0.000002 0.000000 0.014212 0.282820 0.042504 0.013117 0.000000 0.061652 0.075819 0.068015 0.044835 
0.011954 0.000002 0.000000 0.137603 0.002240 0.048114 0.003675 0.000000 0.024076 0.036647 0.606496 0.129193 
0.048502 0.000002 0.000000 0.030854 0.045121 0.032124 0.110670 0.000000 0.177950 0.048135 0.105733 0.400909 
0.075034 0.227636 0.018492 0.024432 0.023064 0.030056 0.010317 0.000000 0.047011 0.100992 0.197392 0.245573 
0.234790 0.000002 0.010267 0.350253 0.008908 0.001158 0.001856 0.000000 0.060049 0.074907 0.127710 0.130101 
0.168539 0.000002 0.000000 0.062586 0.398481 0.082230 0.071873 0.000000 0.051290 0.100576 0.055969 0.008454 
0.039382 0.216173 0.000000 0.000211 0.043423 0.373011 0.009069 0.000000 0.012631 0.066090 0.101487 0.138524 
0.058519 0.000002 0.000000 0.013078 0.194220 0.044855 0.000010 0.000000 0.030090 0.233673 0.390837 0.034717 
0.012496 0.000002 0.000000 0.023031 0.019513 0.032331 0.186376 0.000000 0.024904 0.143014 0.370354 0.187980 
0.149468 0.037361 0.000000 0.027813 0.423091 0.047029 0.004572 0.000000 0.007194 0.091326 0.095644 0.116503 
0.084206 0.151997 0.033238 0.063362 0.017510 0.063602 0.004598 0.000000 0.029355 0.064395 0.210027 0.277710 
0.004245 0.000002 0.000000 0.011168 0.009725 0.001991 0.000009 0.648336 0.102840 0.187005 0.014101 0.020579 
0.012131 0.035930 0.779535 0.000289 0.019926 0.011810 0.009167 0.000000 0.030277 0.021587 0.030577 0.048771 
0.058542 0.000002 0.354571 0.027968 0.308170 0.028908 0.000011 0.000000 0.006113 0.071107 0.067261 0.077347 
0.049275 0.000002 0.000000 0.000406 0.025883 0.006413 0.000006 0.120880 0.066067 0.718977 0.007811 0.004280 
0.400089 0.000002 0.024153 0.000531 0.029769 0.035971 0.000010 0.203156 0.128625 0.035389 0.058831 0.083475 
0.014883 0.000002 0.000000 0.015717 0.030203 0.191509 0.300988 0.000000 0.058185 0.033775 0.071618 0.283120 
0.102727 0.304256 0.000000 0.012478 0.133632 0.045425 0.022610 0.000000 0.012966 0.035446 0.138633 0.191828 
0.008328 0.000002 0.011643 0.002020 0.009822 0.006214 0.736673 0.000000 0.189099 0.024497 0.000831 0.010871 
0.016022 0.019742 0.473799 0.013781 0.023344 0.006469 0.162632 0.046259 0.167610 0.007936 0.034155 0.028250 
0.122297 0.013969 0.000000 0.000150 0.025550 0.015864 0.007493 0.000000 0.020417 0.737382 0.016382 0.040498 
0.008457 0.022474 0.000000 0.000221 0.047376 0.019775 0.012717 0.158365 0.035228 0.564408 0.024624 0.106355 
0.041646 0.232609 0.027243 0.019019 0.211832 0.002334 0.000009 0.133153 0.025366 0.062808 0.136448 0.107533 
0.030615 0.000002 0.066960 0.022421 0.044450 0.043121 0.000007 0.000000 0.526009 0.021881 0.035323 0.209209 
0.220923 0.014585 0.000000 0.052238 0.088016 0.135712 0.000010 0.000000 0.026212 0.081860 0.180401 0.200044 
0.031932 0.070321 0.132252 0.006768 0.037672 0.354183 0.000010 0.000000 0.029137 0.039919 0.187488 0.110316 
0.018050 0.000002 0.023186 0.040098 0.230494 0.053250 0.000007 0.080014 0.118544 0.022848 0.032682 0.380825 
0.028200 0.000002 0.000000 0.024601 0.027064 0.151916 0.000008 0.060852 0.606307 0.026645 0.024934 0.049473 
0.137067 0.027016 0.000000 0.044635 0.091069 0.312708 0.000008 0.000000 0.222119 0.032002 0.022938 0.110438 
0.314707 0.000002 0.000000 0.012428 0.002364 0.026858 0.009444 0.000000 0.127160 0.293708 0.174591 0.038737 
0.023778 0.064911 0.000000 0.498752 0.049927 0.000867 0.022444 0.000000 0.012606 0.034415 0.125145 0.167156 
0.037462 0.000002 0.009016 0.028130 0.083136 0.117553 0.004552 0.000000 0.019230 0.104218 0.204552 0.392149 
0.052118 0.000002 0.000000 0.013754 0.126382 0.103116 0.000007 0.000000 0.601275 0.040917 0.035658 0.026771 
0.065532 0.000002 0.000000 0.046107 0.026567 0.076738 0.012826 0.019261 0.025191 0.153678 0.208981 0.365117 
0.067927 0.509056 0.000000 0.017189 0.142713 0.023866 0.000008 0.000000 0.022530 0.029079 0.158262 0.029370 
0.077281 0.000002 0.000000 0.107958 0.031990 0.052218 0.011983 0.000000 0.022542 0.087122 0.232639 0.376266 
0.077230 0.000002 0.000000 0.059827 0.036013 0.050934 0.016818 0.129542 0.028096 0.048973 0.292644 0.259922 
0.012626 0.000002 0.000000 0.045726 0.010377 0.046899 0.012833 0.000000 0.017341 0.044735 0.654862 0.154601 
0.000434 0.000001 0.000000 0.014178 0.000734 0.143060 0.000009 0.302300 0.032385 0.084094 0.377230 0.045577 
0.109947 0.000002 0.224196 0.025712 0.043897 0.018809 0.000009 0.000000 0.078387 0.037384 0.201802 0.259855 
0.081443 0.118806 0.000000 0.093501 0.060575 0.180057 0.024367 0.000000 0.004637 0.047655 0.153082 0.235876 
0.053576 0.000002 0.000000 0.008587 0.016650 0.482477 0.006456 0.000000 0.015327 0.046060 0.236287 0.134577 
0.040814 0.000002 0.000000 0.011739 0.306113 0.011377 0.008128 0.000000 0.011821 0.094639 0.363253 0.152114 
0.072921 0.250171 0.014871 0.000178 0.426262 0.020026 0.000004 0.000000 0.020494 0.127657 0.063732 0.003683 
0.205287 0.202266 0.000000 0.016333 0.064451 0.032206 0.149462 0.066199 0.032612 0.039910 0.056141 0.135133 
0.180156 0.000002 0.000000 0.102971 0.051244 0.060027 0.103877 0.000000 0.035063 0.029695 0.094124 0.342842 
0.020860 0.000002 0.019199 0.210471 0.014980 0.017367 0.000011 0.381014 0.032494 0.092406 0.116336 0.094860 
0.069820 0.000002 0.024553 0.013958 0.697232 0.010516 0.042563 0.000000 0.025126 0.073055 0.020558 0.022618 
0.061789 0.000002 0.000000 0.159193 0.021771 0.031547 0.103714 0.000000 0.029830 0.082501 0.208002 0.301652 
0.017224 0.000002 0.014430 0.013353 0.014588 0.005170 0.169803 0.000000 0.510834 0.198138 0.026514 0.029945 
0.044663 0.000002 0.000000 0.033788 0.054266 0.137488 0.000010 0.000000 0.021742 0.003458 0.067629 0.636955 
0.014407 0.000002 0.030257 0.000231 0.036811 0.715745 0.007670 0.000000 0.005555 0.034217 0.046978 0.108125 
0.060222 0.012272 0.000000 0.000126 0.268096 0.258172 0.000008 0.000000 0.233518 0.071197 0.035319 0.061070 
0.152379 0.142398 0.000000 0.020080 0.029429 0.026834 0.000008 0.000000 0.178322 0.076469 0.192901 0.181180 
0.016471 0.013531 0.049000 0.011733 0.007691 0.032766 0.675575 0.000000 0.089063 0.011017 0.044658 0.048496 
0.080148 0.000002 0.000000 0.000123 0.007691 0.499053 0.013286 0.000000 0.163731 0.068371 0.062035 0.105560 
0.043756 0.000002 0.000000 0.039366 0.099124 0.084903 0.012223 0.000000 0.140917 0.043365 0.043281 0.493063 
0.144122 0.000002 0.000000 0.010171 0.607765 0.002340 0.000007 0.044119 0.011012 0.129949 0.027944 0.022569 
0.169358 0.108114 0.000000 0.244948 0.058692 0.041961 0.011060 0.000000 0.009506 0.054706 0.156920 0.144735 
0.090528 0.000002 0.000000 0.007746 0.056448 0.164339 0.015614 0.000000 0.026261 0.304992 0.146452 0.187618 
0.058637 0.000002 0.000000 0.379325 0.042299 0.074939 0.004487 0.016770 0.007941 0.020672 0.201586 0.193343 
0.008836 0.000002 0.000000 0.000206 0.007057 0.634531 0.007149 0.105124 0.001699 0.090291 0.024094 0.121009 
0.048092 0.000001 0.000000 0.052312 0.069722 0.100003 0.000007 0.060233 0.083118 0.039664 0.068636 0.478211 
0.100955 0.007927 0.000000 0.011657 0.025206 0.010458 0.000007 0.237207 0.242423 0.294492 0.036786 0.032883 
0.013247 0.000002 0.115712 0.012519 0.010243 0.052441 0.000010 0.000000 0.017055 0.060659 0.628539 0.089571 
0.056439 0.000002 0.000000 0.040450 0.024912 0.030740 0.026865 0.000000 0.238825 0.206028 0.077822 0.297916 
0.061339 0.010935 0.000000 0.040482 0.211117 0.059186 0.005775 0.000000 0.008300 0.100503 0.218136 0.284228 
0.002116 0.012143 0.000000 0.006583 0.019137 0.028194 0.081627 0.000000 0.130840 0.049489 0.586633 0.083239 
0.006089 0.023459 0.000000 0.000347 0.095388 0.000715 0.000006 0.308476 0.476268 0.064182 0.011771 0.013299 
