-1933442.155204
0
0.004653 0.000000 0.000000 0.000000 0.064775 0.035475 0.018118 0.060801 0.039947 0.011057 0.000000 0.007393 0.001487 0.002510 0.007728 0.000000 0.004363 0.000000 0.000000 0.019738 0.000000 0.001593 0.014916 0.016296 0.000000 0.000000 0.000000 0.000000 0.033602 0.030749 0.014902 0.058267 0.038411 0.000000 0.008894 0.000000 0.005400 0.006775 0.013288 0.010485 0.000000 0.005297 0.000000 0.007177 0.000000 0.008157 0.022622 0.011594 0.000000 0.009396 0.000000 0.000000 0.030950 0.029367 0.000000 0.040517 0.036800 0.000000 0.000000 0.014047 0.004550 0.000000 0.014176 0.000000 0.000000 0.000000 0.000000 0.000000 0.006995 0.010773 0.034558 0.000000 0.000000 0.016232 0.003067 0.000000 0.000000 0.042123 0.006469 0.033555 0.000000 0.000000 0.000000 0.000000 0.000000 0.003024 0.003451 0.000000 0.000000 0.011666 0.000000 0.000000 0.000000 0.016746 0.021847 0.023222 
0.000000 0.000000 0.000000 0.000000 0.000000 0.000711 0.000000 0.000000 0.007813 0.003934 0.000000 0.002340 0.000000 0.000000 0.000000 0.000000 0.001057 0.000000 0.000532 0.001319 0.000000 0.000000 0.000000 0.000000 0.000000 0.000000 0.000000 0.000000 0.000000 0.000000 0.000000 0.000000 0.012741 0.000000 0.002845 0.005873 0.000000 0.000569 0.000000 0.000000 0.000427 0.000000 0.000000 0.001198 0.000000 0.000000 0.000304 0.000000 0.000000 0.000000 0.000000 0.000000 0.000000 0.000000 0.000000 0.000000 0.006504 0.000000 0.000000 0.002856 0.000000 0.000000 0.000000 0.000360 0.000000 0.000000 0.000000 0.000000 0.000000 0.000000 0.000000 0.000330 0.014138 0.006170 0.002129 0.013649 0.042050 0.000000 0.001911 0.072048 0.440963 0.072130 0.043576 0.238823 0.000000 0.000000 0.000000 0.000000 0.000000 0.000701 0.000000 0.000000 0.000000 0.000000 0.000000 0.000000 
0.001166 0.000000 0.000000 0.006781 0.001153 0.000000 0.000000 0.001083 0.000003 0.000002 0.011781 0.004071 0.000000 0.000000 0.000000 0.000000 0.000000 0.003701 0.000000 0.001449 0.000000 0.004800 0.002918 0.012461 0.003856 0.000000 0.000000 0.009816 0.000000 0.000493 0.000000 0.000000 0.000000 0.000000 0.012597 0.000000 0.000000 0.000000 0.000000 0.000000 0.000000 0.000000 0.000000 0.000000 0.000000 0.000355 0.003507 0.018173 0.001532 0.000000 0.000000 0.003756 0.000000 0.000000 0.000000 0.000000 0.000000 0.005505 0.025242 0.012419 0.000000 0.000000 0.000000 0.000000 0.004743 0.009567 0.003192 0.012964 0.000000 0.002657 0.000581 0.000000 0.043462 0.010084 0.002059 0.347382 0.000000 0.000000 0.000000 0.000000 0.000000 0.016371 0.245301 0.038405 0.000000 0.000000 0.000000 0.001369 0.001092 0.010866 0.007440 0.008128 0.000000 0.010096 0.001509 0.074112 
0.048429 0.039998 0.004600 0.034503 0.011201 0.007032 0.000933 0.012239 0.018135 0.005275 0.012233 0.026266 0.016750 0.015844 0.017901 0.028269 0.012942 0.007228 0.007218 0.023944 0.000000 0.000000 0.009658 0.000000 0.039548 0.029088 0.000000 0.018891 0.009424 0.008290 0.001048 0.011451 0.003276 0.003418 0.000000 0.021748 0.012950 0.020064 0.022433 0.033527 0.002217 0.009101 0.000955 0.006680 0.000000 0.001974 0.008463 0.000000 0.026837 0.017332 0.000000 0.018077 0.005073 0.003507 0.001657 0.007394 0.000000 0.000000 0.000000 0.005035 0.012501 0.009941 0.012716 0.023801 0.000000 0.002946 0.000000 0.006079 0.000000 0.000324 0.008163 0.005309 0.031808 0.019071 0.002154 0.038512 0.000000 0.004759 0.000000 0.004566 0.000000 0.000000 0.000000 0.011869 0.016449 0.012246 0.009951 0.034734 0.000000 0.002342 0.000000 0.008372 0.000000 0.001911 0.009420 0.000000 
0.000000 0.000000 0.000000 0.000000 0.000000 0.000000 0.000000 0.000000 0.000001 0.019830 0.000000 0.003898 0.000929 0.000000 0.001092 0.002385 0.000000 0.000000 0.000000 0.000000 0.000000 0.000000 0.000000 0.000000 0.000000 0.000000 0.000000 0.000000 0.000000 0.000000 0.001549 0.000000 0.075965 0.112208 0.023853 0.079842 0.000000 0.000394 0.000000 0.000716 0.000000 0.000000 0.000000 0.003316 0.000000 0.001338 0.000000 0.000000 0.000000 0.000000 0.000000 0.000000 0.000000 0.000552 0.000000 0.000000 0.000000 0.022542 0.000000 0.018736 0.000000 0.000000 0.000000 0.000000 0.000000 0.000000 0.000000 0.008022 0.000000 0.000000 0.001536 0.000000 0.000000 0.000000 0.000000 0.000000 0.000000 0.001946 0.000000 0.000000 0.113525 0.309584 0.101725 0.083879 0.000000 0.001006 0.000000 0.003959 0.001459 0.000000 0.001686 0.001507 0.000000 0.000000 0.001019 0.000000 
0.007460 0.008318 0.000000 0.000000 0.000000 0.000000 0.000000 0.000000 0.036618 0.015059 0.270457 0.010828 0.002063 0.001477 0.000000 0.007361 0.009867 0.000475 0.002410 0.004355 0.001780 0.003278 0.000000 0.004220 0.003212 0.006806 0.001812 0.000000 0.000000 0.000000 0.000000 0.000000 0.016844 0.017691 0.147792 0.011432 0.000000 0.000000 0.000000 0.000000 0.000000 0.000000 0.002579 0.000000 0.000000 0.001942 0.000000 0.000000 0.005719 0.004253 0.000000 0.000000 0.000000 0.001921 0.000000 0.000000 0.029328 0.035384 0.148239 0.017316 0.000000 0.000000 0.000000 0.000000 0.005544 0.000000 0.000000 0.004280 0.000000 0.000000 0.000000 0.000000 0.009408 0.006565 0.001753 0.000000 0.000000 0.000000 0.000000 0.000000 0.000000 0.000000 0.115170 0.000000 0.002648 0.000000 0.000000 0.000000 0.004582 0.000000 0.008143 0.000000 0.002652 0.000000 0.000958 0.000000 
0.000000 0.000000 0.000000 0.000000 0.000303 0.000000 0.000000 0.001498 0.027603 0.131153 0.007858 0.075954 0.000000 0.000000 0.000000 0.000000 0.000000 0.001653 0.000000 0.000000 0.000000 0.000000 0.000000 0.000000 0.000000 0.000671 0.000617 0.000000 0.000000 0.000000 0.000000 0.000000 0.027886 0.174300 0.012111 0.085907 0.000000 0.000000 0.000000 0.000000 0.000000 0.000000 0.000000 0.000000 0.000000 0.000000 0.001205 0.000000 0.000000 0.000000 0.000000 0.000000 0.000000 0.000000 0.000000 0.000000 0.031560 0.110686 0.000000 0.059566 0.000000 0.000000 0.000000 0.000000 0.000000 0.000000 0.000000 0.000000 0.000000 0.000000 0.001290 0.000000 0.000534 0.002326 0.000000 0.000000 0.000000 0.000000 0.000000 0.000000 0.000000 0.149825 0.000000 0.092945 0.000000 0.000000 0.000000 0.000000 0.000000 0.000981 0.000000 0.000000 0.000000 0.000000 0.000000 0.001571 
0.000000 0.000000 0.000000 0.000000 0.000000 0.000000 0.000000 0.000000 0.005379 0.015950 0.020696 0.000000 0.000000 0.013786 0.000000 0.012815 0.005106 0.004355 0.000000 0.003925 0.000000 0.000000 0.000733 0.001290 0.013945 0.008289 0.000000 0.000000 0.000000 0.000000 0.000000 0.000000 0.000000 0.000000 0.000001 0.005195 0.002244 0.005331 0.002671 0.000000 0.000000 0.000000 0.006420 0.000000 0.000000 0.000862 0.000000 0.005300 0.001457 0.009837 0.001243 0.029328 0.002207 0.000000 0.000000 0.000000 0.054833 0.206467 0.270412 0.105631 0.000000 0.004120 0.004773 0.005350 0.014682 0.072549 0.017597 0.006261 0.000000 0.003416 0.005591 0.028996 0.004787 0.000000 0.003445 0.000000 0.000000 0.003895 0.000000 0.000000 0.000000 0.000000 0.000000 0.000000 0.000000 0.000000 0.000000 0.000000 0.000000 0.006222 0.000000 0.000000 0.000000 0.000000 0.000000 0.002607 
0.000000 0.004497 0.000000 0.035538 0.000000 0.000000 0.000000 0.000000 0.033077 0.030469 0.063222 0.030041 0.000000 0.000000 0.000000 0.000000 0.001483 0.003147 0.000375 0.001056 0.000000 0.001983 0.000619 0.005393 0.005814 0.011452 0.001589 0.147373 0.000000 0.000000 0.000000 0.000000 0.000000 0.000000 0.033305 0.009992 0.000000 0.003206 0.000000 0.002324 0.000000 0.003314 0.000000 0.001306 0.000000 0.002674 0.000000 0.007960 0.002092 0.014701 0.001249 0.083441 0.000000 0.000000 0.000000 0.000000 0.062680 0.066549 0.119459 0.060187 0.000000 0.002614 0.000000 0.000000 0.006918 0.015443 0.008043 0.007174 0.000000 0.002239 0.001438 0.004127 0.000000 0.020540 0.000000 0.056096 0.000000 0.000000 0.000000 0.000000 0.000000 0.000000 0.000000 0.012978 0.000000 0.000589 0.000000 0.000476 0.000000 0.005895 0.002164 0.000000 0.000000 0.001695 0.000000 0.000000 
0.000000 0.000000 0.000000 0.000000 0.002132 0.001292 0.000000 0.005384 0.039247 0.012262 0.000000 0.017609 0.000000 0.003248 0.000000 0.005858 0.000000 0.003334 0.035467 0.000000 0.000000 0.000000 0.001435 0.000000 0.013420 0.046463 0.016503 0.092238 0.000000 0.000000 0.000000 0.000000 0.000000 0.000000 0.091897 0.000000 0.000000 0.003649 0.000000 0.002826 0.005054 0.000000 0.047231 0.000000 0.000000 0.004507 0.013950 0.014467 0.000000 0.004692 0.004687 0.000000 0.000000 0.005355 0.000000 0.004267 0.109057 0.116545 0.140928 0.082513 0.000000 0.005142 0.002993 0.001955 0.000000 0.000000 0.013960 0.000000 0.000000 0.001821 0.000000 0.000000 0.000000 0.000000 0.001561 0.000000 0.000000 0.000000 0.001509 0.000000 0.000000 0.000000 0.000000 0.000000 0.000000 0.000000 0.000000 0.000000 0.000000 0.000000 0.007293 0.000000 0.000000 0.000000 0.002313 0.013934 
0.000753 0.000000 0.000000 0.000000 0.001914 0.000000 0.000000 0.000000 0.010536 0.005238 0.000000 0.004560 0.005168 0.006428 0.003051 0.001897 0.060720 0.038825 0.065247 0.027985 0.000000 0.001572 0.000787 0.002865 0.008359 0.006246 0.005027 0.000000 0.000727 0.000753 0.000000 0.000000 0.020520 0.010978 0.004904 0.019668 0.000000 0.006578 0.000000 0.000000 0.037805 0.045878 0.054787 0.038871 0.000000 0.005103 0.003507 0.006588 0.002358 0.006359 0.002871 0.000000 0.000000 0.000000 0.000000 0.000000 0.017780 0.012285 0.000000 0.013786 0.000000 0.003926 0.000000 0.000000 0.069302 0.030917 0.048824 0.046295 0.000000 0.000000 0.000000 0.002962 0.000000 0.009322 0.002161 0.000000 0.000000 0.001930 0.000000 0.000000 0.000000 0.000000 0.000000 0.000000 0.005117 0.013662 0.002675 0.003390 0.058752 0.040312 0.039272 0.042628 0.000000 0.003617 0.000426 0.005223 
0.004374 0.000000 0.000000 0.000000 0.003204 0.001569 0.000000 0.004505 0.006306 0.000908 0.008982 0.000000 0.013930 0.002511 0.006238 0.021878 0.027790 0.006503 0.013381 0.029181 0.053812 0.008971 0.006464 0.031477 0.001362 0.000000 0.000000 0.000000 0.000000 0.001020 0.000000 0.001784 0.006309 0.000000 0.008291 0.000000 0.005679 0.000000 0.002090 0.000000 0.014616 0.004099 0.013653 0.038785 0.038823 0.008181 0.015439 0.084231 0.012375 0.004047 0.000000 0.000657 0.000000 0.003335 0.000000 0.005640 0.000000 0.000000 0.000000 0.004877 0.002149 0.000000 0.001345 0.000000 0.000000 0.004749 0.000999 0.007944 0.012044 0.000000 0.003219 0.027138 0.031740 0.000000 0.000000 0.043659 0.000000 0.000000 0.000000 0.000000 0.000000 0.000000 0.000000 0.002075 0.030642 0.000000 0.020737 0.009848 0.011326 0.011609 0.005037 0.042334 0.080987 0.011991 0.011571 0.099580 
0.040911 0.033095 0.024802 0.022692 0.011372 0.004615 0.003532 0.004708 0.008832 0.003889 0.000000 0.000000 0.003825 0.002251 0.008092 0.000000 0.005817 0.000000 0.006319 0.000000 0.000000 0.000000 0.000000 0.000000 0.057624 0.074997 0.012000 0.043870 0.011218 0.010334 0.006867 0.011274 0.024180 0.014003 0.007210 0.017728 0.008341 0.010018 0.043343 0.009062 0.004397 0.000000 0.011014 0.003998 0.000000 0.000733 0.004659 0.000000 0.043945 0.049849 0.029597 0.024330 0.009354 0.011506 0.008458 0.006764 0.000000 0.003350 0.000000 0.001603 0.007090 0.005341 0.016015 0.001912 0.003912 0.000000 0.002464 0.000000 0.000000 0.000000 0.000000 0.000000 0.037884 0.068673 0.014295 0.038376 0.002344 0.013399 0.003658 0.000000 0.000000 0.000000 0.000000 0.002148 0.002163 0.004285 0.008693 0.000000 0.000752 0.000000 0.002658 0.000000 0.000000 0.000000 0.001719 0.001840 
0.000000 0.000985 0.000000 0.000000 0.004718 0.000807 0.000000 0.005715 0.001819 0.000002 0.000000 0.000000 0.000821 0.001140 0.000000 0.000731 0.000000 0.000000 0.000000 0.000000 0.000000 0.000202 0.000000 0.000000 0.000000 0.000000 0.000000 0.000000 0.006967 0.001553 0.000358 0.007176 0.000000 0.000000 0.000001 0.000000 0.000000 0.000000 0.000000 0.000000 0.000000 0.000000 0.000000 0.000000 0.000000 0.000000 0.000000 0.000000 0.000000 0.001148 0.000000 0.000000 0.000732 0.001398 0.000000 0.003394 0.000000 0.000000 0.000000 0.000010 0.000000 0.000230 0.000000 0.000000 0.000000 0.000000 0.000000 0.000000 0.000000 0.000629 0.000000 0.000000 0.056843 0.019618 0.002368 0.018226 0.321493 0.079556 0.010899 0.379740 0.070168 0.000000 0.000000 0.000000 0.000000 0.000000 0.000000 0.000000 0.000554 0.000000 0.000000 0.000000 0.000000 0.000000 0.000000 0.000000 
0.022858 0.025773 0.000000 0.057008 0.432490 0.083218 0.087027 0.033851 0.046222 0.000000 0.056704 0.023011 0.103572 0.028267 
0.047690 0.072018 0.384716 0.118619 0.030351 0.013706 0.010817 0.048890 0.052492 0.000000 0.139214 0.041846 0.019615 0.020026 
0.000001 0.101209 0.267671 0.013482 0.260693 0.033584 0.000000 0.181184 0.046351 0.030488 0.048255 0.017073 0.000001 0.000008 
0.065264 0.023352 0.000000 0.130498 0.438429 0.023482 0.024207 0.000000 0.047427 0.046200 0.139763 0.052407 0.000001 0.008970 
0.012196 0.033804 0.000000 0.073458 0.027660 0.251022 0.000000 0.000000 0.079853 0.252802 0.150254 0.000235 0.090878 0.027838 
0.000001 0.005228 0.215294 0.078183 0.058870 0.000021 0.015471 0.000000 0.412072 0.026862 0.050468 0.000115 0.137401 0.000015 
0.034131 0.019310 0.000000 0.348896 0.047700 0.066905 0.089299 0.000000 0.085023 0.069435 0.100245 0.022682 0.019880 0.096494 
0.000001 0.047315 0.000000 0.095848 0.064823 0.010884 0.022141 0.000000 0.318497 0.000000 0.076289 0.335302 0.017189 0.011711 
0.000001 0.010009 0.000000 0.147868 0.002430 0.000013 0.039320 0.000000 0.037609 0.000000 0.036602 0.009470 0.704676 0.012003 
0.000001 0.024795 0.000000 0.081712 0.132074 0.000022 0.000000 0.085258 0.086836 0.000000 0.371416 0.005249 0.162240 0.050396 
0.043556 0.017790 0.000000 0.080064 0.075998 0.103532 0.166855 0.000000 0.343317 0.117568 0.049056 0.002245 0.000001 0.000016 
0.096880 0.019671 0.000000 0.116333 0.502768 0.000022 0.000000 0.000000 0.038878 0.000000 0.134705 0.079724 0.000001 0.011018 
0.000001 0.015060 0.000000 0.009299 0.130881 0.238307 0.000000 0.040206 0.018166 0.361270 0.061308 0.005023 0.075053 0.045425 
0.035407 0.012733 0.017688 0.148982 0.038280 0.093735 0.000000 0.388957 0.142909 0.000000 0.100964 0.013166 0.000001 0.007177 
0.031893 0.037741 0.000000 0.166496 0.024750 0.000022 0.000000 0.033750 0.053898 0.000000 0.524262 0.099820 0.000001 0.027369 
0.000001 0.011710 0.000000 0.311311 0.071653 0.192274 0.000000 0.040073 0.064461 0.227199 0.062240 0.019061 0.000001 0.000016 
0.000001 0.031519 0.172323 0.111583 0.036163 0.000020 0.000000 0.114021 0.097230 0.000000 0.084833 0.073233 0.270989 0.008085 
0.000001 0.026086 0.000000 0.110370 0.033367 0.027539 0.000000 0.164221 0.072199 0.030250 0.119494 0.310863 0.000001 0.105609 
0.054001 0.028314 0.000000 0.073471 0.078915 0.048509 0.318903 0.000000 0.112716 0.094365 0.056079 0.083347 0.051374 0.000006 
0.000001 0.039428 0.000000 0.250852 0.086417 0.027066 0.136351 0.258496 0.103041 0.000000 0.075767 0.014147 0.000001 0.008434 
0.000001 0.062170 0.000000 0.078520 0.145046 0.000020 0.531820 0.030710 0.095994 0.000000 0.018671 0.000083 0.000001 0.036963 
0.000001 0.009312 0.000000 0.267893 0.021337 0.028958 0.000000 0.059022 0.064837 0.000000 0.144503 0.395668 0.000001 0.008468 
0.000001 0.021340 0.000000 0.165377 0.059127 0.000023 0.000000 0.000000 0.131530 0.000000 0.219658 0.000123 0.402813 0.000006 
0.000001 0.246505 0.000000 0.016352 0.622144 0.000018 0.084737 0.000000 0.008132 0.000000 0.021775 0.000327 0.000001 0.000010 
0.000001 0.019225 0.613356 0.030793 0.018018 0.068351 0.009045 0.035097 0.055977 0.030682 0.074966 0.036952 0.000001 0.007536 
0.000001 0.037193 0.000000 0.024087 0.062341 0.015307 0.796539 0.026689 0.010308 0.000000 0.014021 0.013503 0.000001 0.000011 
0.126655 0.001891 0.000000 0.293927 0.036649 0.000016 0.000000 0.000000 0.188579 0.000000 0.088887 0.027912 0.214084 0.021400 
0.000001 0.127489 0.000000 0.022153 0.467134 0.023608 0.031917 0.111574 0.115994 0.000000 0.046476 0.053643 0.000001 0.000011 
0.122579 0.012037 0.000000 0.146264 0.252650 0.097086 0.000000 0.000000 0.036563 0.207939 0.094068 0.013170 0.000001 0.017643 
0.039780 0.037304 0.000000 0.214582 0.016478 0.292620 0.061617 0.000000 0.026999 0.000000 0.167956 0.062437 0.000001 0.080226 
0.000001 0.244247 0.000000 0.478409 0.061702 0.000022 0.000000 0.000000 0.069860 0.000000 0.055474 0.035001 0.027321 0.027963 
0.031564 0.064527 0.000000 0.097961 0.047135 0.050062 0.463994 0.025636 0.037070 0.088812 0.030516 0.014584 0.000001 0.048138 
0.010917 0.001571 0.021652 0.014086 0.060899 0.211121 0.000000 0.355577 0.199948 0.000000 0.118910 0.000259 0.000001 0.005058 
0.035805 0.102227 0.009307 0.093942 0.005888 0.000022 0.040083 0.071711 0.015259 0.000000 0.170604 0.160286 0.000001 0.294865 
0.088550 0.197249 0.000000 0.096676 0.034939 0.000024 0.081395 0.000000 0.032809 0.000000 0.093586 0.013320 0.014781 0.346672 
0.018626 0.031492 0.034033 0.047483 0.046418 0.000023 0.369901 0.073065 0.104508 0.000000 0.048155 0.004097 0.222187 0.000010 
0.000001 0.045101 0.000000 0.037008 0.050271 0.023061 0.000000 0.098094 0.408589 0.000000 0.096292 0.000104 0.000001 0.241478 
0.006493 0.243827 0.239872 0.007607 0.129336 0.048072 0.000000 0.126617 0.051944 0.000000 0.039463 0.014943 0.000001 0.091824 
0.019834 0.040906 0.000000 0.134618 0.087688 0.000023 0.358507 0.000000 0.242225 0.000000 0.083591 0.032596 0.000001 0.000010 
0.000001 0.030816 0.000000 0.103167 0.026950 0.000021 0.000000 0.120286 0.020438 0.000000 0.565388 0.016869 0.116053 0.000011 
0.000001 0.025939 0.000000 0.110313 0.069517 0.272654 0.000000 0.000000 0.174349 0.000000 0.053013 0.006995 0.283563 0.003655 
0.015187 0.440619 0.000000 0.116129 0.029538 0.017372 0.000000 0.000000 0.014724 0.000000 0.163726 0.202693 0.000001 0.000010 
0.023603 0.012092 0.025835 0.046572 0.109539 0.052164 0.230195 0.192624 0.059837 0.018749 0.224295 0.004483 0.000001 0.000011 
0.014289 0.001499 0.000000 0.129135 0.073285 0.000023 0.000000 0.000000 0.508793 0.000000 0.114964 0.153538 0.000001 0.004473 
0.017570 0.025634 0.000000 0.120763 0.031769 0.339909 0.023196 0.000000 0.098674 0.000000 0.099135 0.094491 0.146330 0.002528 
0.041823 0.004964 0.054967 0.585355 0.023045 0.010968 0.000000 0.000000 0.128061 0.000000 0.074895 0.057474 0.000001 0.018447 
0.016635 0.002863 0.000000 0.040711 0.066530 0.017066 0.045782 0.366050 0.211812 0.000000 0.224109 0.000128 0.008304 0.000011 
0.034280 0.021190 0.000000 0.070758 0.056903 0.040142 0.299287 0.164879 0.044252 0.000000 0.245150 0.016295 0.000001 0.006863 
0.000001 0.088712 0.000000 0.061045 0.566826 0.007561 0.000000 0.012898 0.004548 0.000000 0.018988 0.013594 0.000001 0.225826 
0.103387 0.019260 0.472487 0.164045 0.021939 0.000020 0.063537 0.000000 0.017728 0.000000 0.084814 0.026142 0.017008 0.009632 
0.028949 0.031397 0.000000 0.121409 0.054172 0.029388 0.013972 0.000000 0.406173 0.000000 0.069682 0.044302 0.000001 0.200554 
0.000001 0.270063 0.000000 0.104268 0.027318 0.151234 0.000000 0.000000 0.111385 0.222627 0.083150 0.029943 0.000001 0.000009 
0.000001 0.052461 0.010323 0.054512 0.085592 0.000024 0.000000 0.013708 0.021942 0.000000 0.017951 0.000102 0.202134 0.541251 
0.000001 0.460393 0.000000 0.186813 0.063536 0.017339 0.000000 0.017419 0.113708 0.000000 0.018837 0.121943 0.000001 0.000011 
0.090755 0.063747 0.000000 0.420456 0.129456 0.070974 0.000000 0.055945 0.015746 0.000000 0.116155 0.021419 0.000001 0.015346 
0.000001 0.375975 0.000000 0.293387 0.024002 0.054236 0.000000 0.000000 0.027640 0.000000 0.084370 0.140378 0.000001 0.000009 
0.000001 0.335809 0.000000 0.394080 0.022947 0.020235 0.000000 0.000000 0.055002 0.026400 0.100454 0.014605 0.020265 0.010202 
0.000001 0.019752 0.031224 0.075885 0.076201 0.000018 0.000000 0.000000 0.579676 0.000000 0.042147 0.119585 0.000001 0.055510 
0.157098 0.028649 0.000000 0.283065 0.042407 0.000020 0.000000 0.186412 0.097953 0.000000 0.126737 0.040167 0.000001 0.037492 
0.089927 0.014102 0.000000 0.380317 0.057695 0.023803 0.045155 0.031277 0.045208 0.000000 0.202865 0.069536 0.021079 0.019036 
0.000001 0.049005 0.009875 0.060170 0.700122 0.000024 0.000000 0.000000 0.066743 0.000000 0.017178 0.000194 0.096676 0.000011 
0.000001 0.026969 0.000000 0.202356 0.054497 0.000020 0.494720 0.000000 0.043082 0.000000 0.010188 0.010394 0.157768 0.000006 
0.180801 0.120379 0.000000 0.168101 0.070128 0.000020 0.000000 0.000000 0.067713 0.000000 0.179648 0.034792 0.120580 0.057838 
0.014947 0.295746 0.000000 0.033655 0.070177 0.049303 0.373979 0.048516 0.022590 0.067165 0.023833 0.000080 0.000001 0.000009 
0.000001 0.050316 0.000000 0.094989 0.194562 0.019677 0.000000 0.000000 0.008779 0.031974 0.054025 0.000125 0.545539 0.000011 
0.000001 0.157808 0.279662 0.011311 0.485593 0.000014 0.000000 0.000000 0.023287 0.000000 0.037022 0.005292 0.000001 0.000008 
0.000001 0.023226 0.147257 0.101722 0.043830 0.000023 0.056853 0.019057 0.074528 0.000000 0.131206 0.324163 0.073274 0.004861 
0.000001 0.021138 0.000000 0.077547 0.037244 0.046972 0.000000 0.114929 0.016533 0.000000 0.496635 0.009762 0.179231 0.000008 
0.029056 0.493809 0.000000 0.071315 0.051837 0.177537 0.000000 0.000000 0.043724 0.000000 0.040787 0.015357 0.000001 0.076576 
0.026029 0.015484 0.000000 0.111505 0.026930 0.000020 0.000000 0.000000 0.140111 0.000000 0.061194 0.006568 0.607041 0.005117 
0.000001 0.000827 0.254771 0.395110 0.042699 0.008336 0.000000 0.010028 0.071885 0.000000 0.078204 0.074423 0.055257 0.008458 
0.000001 0.024983 0.000000 0.521122 0.020152 0.008951 0.000000 0.000000 0.106903 0.000000 0.261627 0.027058 0.000001 0.029202 
0.000001 0.049025 0.000000 0.064069 0.057777 0.058278 0.290625 0.050272 0.032992 0.107017 0.140838 0.016357 0.000001 0.132749 
0.000001 0.022853 0.000000 0.043800 0.129178 0.230583 0.480370 0.000000 0.035328 0.000000 0.047470 0.002256 0.008152 0.000009 
0.015049 0.208865 0.000000 0.103687 0.078973 0.129514 0.000000 0.000000 0.063245 0.000000 0.069819 0.277750 0.041061 0.012035 
0.000001 0.037128 0.000000 0.177187 0.013549 0.000017 0.000000 0.000000 0.028331 0.000000 0.515364 0.169875 0.000001 0.058547 
0.069400 0.005930 0.102200 0.280350 0.019977 0.057900 0.031354 0.000000 0.031397 0.074488 0.238444 0.057837 0.026913 0.003809 
0.085204 0.022228 0.000000 0.235690 0.135018 0.015943 0.000000 0.000000 0.031737 0.034954 0.410534 0.023519 0.000001 0.005171 
0.000001 0.082233 0.166684 0.010163 0.023138 0.009454 0.000000 0.000000 0.031805 0.000000 0.020784 0.011536 0.026523 0.617677 
0.103193 0.016432 0.000000 0.154065 0.021197 0.140223 0.000000 0.059469 0.012567 0.244700 0.109024 0.029202 0.107297 0.002631 
0.028616 0.000462 0.000000 0.181310 0.031921 0.001394 0.012543 0.000000 0.016811 0.041090 0.087485 0.076828 0.513163 0.008377 
0.144158 0.090917 0.000000 0.278084 0.084602 0.060778 0.000000 0.019492 0.061436 0.000000 0.179121 0.067111 0.000001 0.014299 
0.000001 0.013031 0.000000 0.466629 0.044801 0.089751 0.000000 0.011306 0.203201 0.000000 0.057479 0.051575 0.057092 0.005134 
0.000001 0.916908 0.000000 0.000876 0.067811 0.004307 0.000000 0.000000 0.003031 0.000000 0.001767 0.000061 0.005229 0.000009 
0.000001 0.038595 0.000000 0.482230 0.011534 0.080311 0.000000 0.000000 0.132921 0.123144 0.092547 0.032931 0.000001 0.005785 
0.000001 0.002281 0.000000 0.131505 0.009409 0.000018 0.018883 0.000000 0.091658 0.000000 0.030135 0.004963 0.701207 0.009938 
0.016224 0.016440 0.000000 0.309093 0.016218 0.380974 0.000000 0.000000 0.069707 0.000000 0.116039 0.031492 0.030229 0.013584 
0.000001 0.003283 0.005187 0.028227 0.524983 0.078785 0.077133 0.000000 0.042775 0.119145 0.025108 0.000228 0.000001 0.095144 
0.000001 0.029491 0.000000 0.096400 0.340196 0.009781 0.000000 0.000000 0.025384 0.030662 0.095890 0.324396 0.047788 0.000012 
0.000001 0.019435 0.000000 0.125682 0.017541 0.000023 0.000000 0.000000 0.165485 0.000000 0.314425 0.268543 0.019967 0.068897 
0.007790 0.000716 0.141089 0.078524 0.049272 0.035872 0.023507 0.088468 0.409890 0.000000 0.146687 0.016056 0.000001 0.002127 
0.000001 0.013177 0.000000 0.198888 0.049748 0.000017 0.012499 0.000000 0.026368 0.000000 0.502443 0.191141 0.000001 0.005719 
0.000001 0.004516 0.054667 0.216571 0.510916 0.051691 0.000000 0.058789 0.056336 0.000000 0.031224 0.015280 0.000001 0.000008 
0.000001 0.098390 0.000000 0.061632 0.008481 0.000009 0.012364 0.000000 0.007573 0.000000 0.162909 0.000090 0.050394 0.598155 
0.009402 0.124511 0.043627 0.071286 0.066198 0.025725 0.519002 0.044244 0.004769 0.029432 0.019620 0.028851 0.013322 0.000010 
0.000001 0.009531 0.000000 0.683513 0.034324 0.044326 0.000000 0.000000 0.077719 0.000000 0.059134 0.056484 0.028418 0.006551 
0.000001 0.051863 0.011612 0.296426 0.038753 0.038096 0.000000 0.100372 0.130535 0.021034 0.119860 0.024818 0.000001 0.166628 
0.000001 0.214085 0.219359 0.014999 0.176454 0.009001 0.021219 0.018119 0.008145 0.000000 0.028551 0.006916 0.099898 0.183253 
0.010579 0.549744 0.000000 0.093936 0.095406 0.005085 0.000000 0.000000 0.039186 0.000000 0.016349 0.034254 0.114142 0.041319 
0.171278 0.020173 0.000000 0.318916 0.024742 0.096726 0.022584 0.026391 0.046613 0.122885 0.108766 0.021674 0.000001 0.019252 
0.088990 0.104902 0.019091 0.260950 0.034214 0.024468 0.051568 0.031667 0.034748 0.000000 0.234008 0.077614 0.037769 0.000011 
0.000001 0.096871 0.098451 0.024095 0.023950 0.010601 0.138440 0.000000 0.001685 0.000000 0.120432 0.014829 0.008993 0.461652 
0.055514 0.013389 0.000000 0.163541 0.041990 0.000021 0.000000 0.000000 0.070658 0.000000 0.284455 0.025594 0.344824 0.000013 
0.000001 0.096256 0.000000 0.199133 0.051630 0.000022 0.000000 0.023488 0.454764 0.000000 0.054519 0.105792 0.000001 0.014394 
0.027468 0.060353 0.000000 0.092578 0.166526 0.048121 0.355243 0.000000 0.045208 0.000000 0.155068 0.019373 0.030054 0.000007 
0.000001 0.049528 0.245171 0.037346 0.070282 0.000020 0.000000 0.000000 0.051634 0.000000 0.257056 0.044796 0.016743 0.227422 
0.010763 0.057288 0.000000 0.005143 0.098467 0.013797 0.382086 0.228124 0.148059 0.000000 0.056162 0.000102 0.000001 0.000007 
0.055317 0.003992 0.230120 0.174884 0.039670 0.000021 0.000000 0.210404 0.144410 0.000000 0.096397 0.031019 0.000001 0.013765 
0.000001 0.513177 0.000000 0.048947 0.022471 0.004650 0.151623 0.000000 0.038535 0.000000 0.034326 0.172227 0.014032 0.000010 
0.051701 0.054672 0.025131 0.114967 0.059173 0.302713 0.186682 0.037116 0.028503 0.000000 0.100591 0.032761 0.000001 0.005988 
0.000001 0.023118 0.000000 0.399151 0.023887 0.000021 0.000000 0.000000 0.106606 0.074556 0.025283 0.006878 0.172954 0.167544 
0.040586 0.008310 0.000000 0.443269 0.053302 0.020572 0.023549 0.000000 0.078038 0.000000 0.174114 0.044883 0.000001 0.113376 
0.000001 0.010432 0.098237 0.085227 0.182775 0.061137 0.018486 0.000000 0.098177 0.032106 0.413270 0.000140 0.000001 0.000011 
0.000001 0.016566 0.309840 0.100585 0.027525 0.000021 0.000000 0.000000 0.067229 0.000000 0.267503 0.210717 0.000001 0.000011 
0.000001 0.027395 0.000000 0.098910 0.023113 0.228429 0.166028 0.142371 0.056990 0.000000 0.134345 0.122403 0.000001 0.000014 
0.000001 0.018162 0.344848 0.032052 0.176587 0.000022 0.083883 0.000000 0.216616 0.000000 0.023897 0.071228 0.000001 0.032702 
0.000001 0.045270 0.000000 0.401908 0.022022 0.038649 0.000000 0.000000 0.032997 0.000000 0.123518 0.328156 0.000001 0.007477 
0.000001 0.051175 0.000000 0.131797 0.019240 0.022930 0.032442 0.031340 0.025126 0.000000 0.183700 0.163138 0.079774 0.259338 
0.024893 0.094033 0.000000 0.082621 0.075358 0.012664 0.000000 0.000000 0.017180 0.068916 0.115600 0.065802 0.000001 0.442933 
0.012060 0.007870 0.000000 0.192417 0.118809 0.021609 0.000000 0.000000 0.041937 0.027059 0.165638 0.137546 0.265814 0.009239 
0.109979 0.012440 0.000000 0.199005 0.016271 0.000018 0.010220 0.000000 0.021896 0.030509 0.063665 0.053948 0.468789 0.013260 
0.000001 0.104112 0.027753 0.074964 0.242286 0.383821 0.000000 0.000000 0.012469 0.052372 0.076732 0.003115 0.022365 0.000010 
0.000001 0.111455 0.000000 0.071880 0.010885 0.013227 0.000000 0.000000 0.017996 0.027136 0.041188 0.014653 0.058178 0.633399 
0.000001 0.014746 0.000000 0.183063 0.029798 0.232505 0.000000 0.026911 0.071619 0.337335 0.094585 0.009423 0.000001 0.000012 
0.000001 0.004123 0.000000 0.117823 0.549233 0.024313 0.000000 0.035486 0.050550 0.071094 0.061279 0.086091 0.000001 0.000008 
0.109099 0.037299 0.000000 0.189337 0.013805 0.027942 0.038467 0.000000 0.036883 0.000000 0.298099 0.082344 0.022743 0.143982 
0.027851 0.005617 0.000000 0.329774 0.042141 0.139147 0.000000 0.000000 0.067419 0.000000 0.085103 0.029400 0.258086 0.015460 
0.008227 0.012164 0.214488 0.092240 0.023989 0.389955 0.000000 0.009979 0.078535 0.000000 0.151646 0.018768 0.000001 0.000009 
0.000001 0.038382 0.017724 0.044155 0.099316 0.000021 0.360032 0.000000 0.152874 0.000000 0.248370 0.003711 0.000001 0.035414 
0.000001 0.791352 0.000000 0.024816 0.054010 0.000023 0.000000 0.000000 0.076714 0.000000 0.049020 0.004054 0.000001 0.000009 
0.241736 0.003262 0.015292 0.318359 0.038921 0.048113 0.027142 0.000000 0.070070 0.000000 0.130682 0.050791 0.000001 0.055632 
0.000001 0.456140 0.000000 0.064668 0.036491 0.000022 0.000000 0.000000 0.196874 0.000000 0.040082 0.016199 0.189512 0.000011 
0.014457 0.029207 0.000000 0.077812 0.147859 0.000020 0.313759 0.000000 0.338644 0.000000 0.015865 0.000383 0.000001 0.061994 
0.000001 0.020848 0.000000 0.190392 0.118475 0.106938 0.000000 0.000000 0.066587 0.000000 0.479437 0.012435 0.000001 0.004885 
0.011615 0.053609 0.068556 0.039131 0.021269 0.104907 0.133999 0.239526 0.100850 0.099118 0.078717 0.023538 0.025152 0.000013 
0.014901 0.030985 0.127540 0.110174 0.016000 0.000019 0.059441 0.057675 0.070104 0.000000 0.124993 0.367534 0.000001 0.020632 
0.000001 0.207495 0.000000 0.135339 0.041760 0.037850 0.000000 0.000000 0.010641 0.000000 0.522659 0.036586 0.000001 0.007668 
0.000001 0.036221 0.000000 0.417316 0.132125 0.000017 0.000000 0.048262 0.035770 0.000000 0.154448 0.062036 0.000001 0.113802 
0.030011 0.019058 0.000000 0.274804 0.133498 0.036816 0.194196 0.000000 0.021715 0.033920 0.179481 0.041152 0.000001 0.035348 
0.045854 0.003460 0.000000 0.144403 0.030674 0.000021 0.000000 0.000000 0.050863 0.000000 0.127664 0.050866 0.532479 0.013716 
0.000001 0.015535 0.000000 0.093793 0.054528 0.056412 0.000000 0.000000 0.178993 0.042122 0.220100 0.223620 0.114882 0.000012 
0.032154 0.001647 0.000000 0.187388 0.035261 0.000022 0.000000 0.000000 0.090706 0.000000 0.044421 0.012138 0.564901 0.031361 
0.000001 0.834979 0.000000 0.044211 0.054259 0.000025 0.043962 0.000000 0.016994 0.000000 0.001636 0.003921 0.000001 0.000011 
0.063582 0.003764 0.000000 0.595081 0.020483 0.000024 0.000000 0.052207 0.072262 0.000000 0.062751 0.060558 0.063194 0.006092 
0.170730 0.024358 0.000000 0.220359 0.037494 0.022625 0.000000 0.085756 0.075270 0.000000 0.159831 0.033557 0.028490 0.141528 
0.000001 0.012136 0.435607 0.080035 0.085555 0.006341 0.000000 0.013911 0.026347 0.000000 0.126000 0.159915 0.051105 0.003048 
0.015898 0.011013 0.000000 0.030074 0.218423 0.053176 0.457100 0.000000 0.044739 0.000000 0.084677 0.067102 0.000001 0.017797 
0.137599 0.010998 0.023095 0.260164 0.028085 0.043937 0.031139 0.000000 0.017240 0.071925 0.321240 0.049276 0.000001 0.005300 
0.000001 0.020623 0.000000 0.098825 0.220878 0.157118 0.000000 0.018139 0.046343 0.079159 0.355953 0.000670 0.000001 0.002289 
0.056821 0.009183 0.000000 0.218556 0.131324 0.045617 0.017512 0.000000 0.045467 0.000000 0.219951 0.189982 0.057166 0.008420 
0.000001 0.080541 0.073512 0.037397 0.046360 0.000021 0.014228 0.000000 0.035566 0.000000 0.057490 0.007481 0.015507 0.631896 
0.000001 0.017442 0.014896 0.079232 0.029434 0.105566 0.000000 0.499247 0.087752 0.000000 0.121070 0.022335 0.023010 0.000014 
0.000001 0.007368 0.180352 0.096186 0.011208 0.000018 0.000000 0.000000 0.052559 0.031397 0.037443 0.010260 0.569923 0.003284 
0.010771 0.049650 0.000000 0.136798 0.135533 0.000022 0.318470 0.000000 0.237496 0.000000 0.043683 0.063262 0.000001 0.004314 
0.073871 0.030108 0.000000 0.230930 0.268565 0.058669 0.036345 0.000000 0.029959 0.000000 0.193533 0.053189 0.020202 0.004629 
0.043597 0.073338 0.000000 0.157313 0.028977 0.146719 0.033507 0.000000 0.170262 0.203451 0.122631 0.020195 0.000001 0.000010 
0.000001 0.003884 0.012840 0.130971 0.565359 0.032412 0.000000 0.000000 0.043308 0.000000 0.031786 0.008514 0.156107 0.014817 
0.000001 0.247624 0.000000 0.026411 0.347378 0.000019 0.000000 0.000000 0.293075 0.000000 0.072307 0.006356 0.000001 0.006829 
0.058222 0.086672 0.150367 0.052148 0.065859 0.035021 0.000000 0.337595 0.093083 0.000000 0.070938 0.050080 0.000001 0.000012 
0.000001 0.475398 0.000000 0.024102 0.050302 0.052000 0.207385 0.034242 0.026432 0.100934 0.023859 0.005334 0.000001 0.000010 
0.069252 0.022151 0.000000 0.140812 0.526951 0.000020 0.000000 0.045231 0.009185 0.000000 0.078508 0.100198 0.000001 0.007691 
0.015813 0.021057 0.049545 0.109401 0.070442 0.000020 0.112036 0.032911 0.080987 0.000000 0.477109 0.030667 0.000001 0.000012 
0.000001 0.048430 0.065248 0.043794 0.026944 0.027827 0.080807 0.042971 0.312061 0.017979 0.060133 0.000117 0.043411 0.230278 
0.000001 0.009034 0.229614 0.084114 0.008902 0.022502 0.011751 0.000000 0.080857 0.000000 0.077530 0.033204 0.424509 0.017982 
0.032865 0.006974 0.000000 0.427302 0.173111 0.019578 0.000000 0.000000 0.232253 0.000000 0.074917 0.022600 0.000001 0.010398 
0.028426 0.021862 0.000000 0.204464 0.082408 0.000021 0.531651 0.025517 0.043757 0.000000 0.033510 0.028373 0.000001 0.000010 
0.000001 0.005619 0.000000 0.007339 0.029019 0.324118 0.000000 0.056380 0.093022 0.398804 0.081979 0.003716 0.000001 0.000003 
0.000001 0.119448 0.011370 0.030274 0.055775 0.000022 0.000000 0.489229 0.171528 0.000000 0.093182 0.004349 0.024812 0.000009 
0.015008 0.049918 0.021151 0.035788 0.008290 0.014459 0.023841 0.257967 0.103732 0.000000 0.083540 0.073939 0.305464 0.006902 
0.000001 0.432647 0.000000 0.323485 0.067792 0.017439 0.000000 0.000000 0.092705 0.000000 0.023974 0.027115 0.000001 0.014839 
0.197793 0.246980 0.000000 0.292599 0.005517 0.000019 0.042929 0.000000 0.026665 0.000000 0.109408 0.032786 0.013951 0.031353 
0.008127 0.220996 0.059167 0.124760 0.049169 0.033215 0.000000 0.000000 0.021336 0.043255 0.407563 0.012253 0.000001 0.020156 
0.042648 0.047257 0.000000 0.139831 0.014945 0.035869 0.000000 0.226164 0.092105 0.000000 0.108745 0.079893 0.000001 0.212542 
0.120210 0.033918 0.000000 0.251406 0.034948 0.069395 0.062793 0.026043 0.033383 0.000000 0.290088 0.058106 0.000001 0.019709 
0.000001 0.097972 0.000000 0.091831 0.184148 0.000018 0.119437 0.000000 0.033524 0.000000 0.370775 0.048232 0.023523 0.030540 
0.062887 0.002439 0.000000 0.120156 0.107482 0.011686 0.058019 0.034769 0.430573 0.000000 0.127062 0.038403 0.000001 0.006523 
0.015693 0.012657 0.048172 0.017513 0.035806 0.131466 0.000000 0.495407 0.107212 0.000000 0.108090 0.002461 0.025505 0.000016 
0.135905 0.025646 0.064686 0.192969 0.048383 0.000019 0.017851 0.220353 0.088852 0.000000 0.137144 0.041489 0.000001 0.026703 
0.000001 0.088403 0.000000 0.012100 0.044280 0.010788 0.000000 0.029928 0.176018 0.031270 0.081367 0.005494 0.000001 0.520349 
0.000001 0.016534 0.000000 0.022645 0.821107 0.000014 0.000000 0.015713 0.002550 0.000000 0.114546 0.006878 0.000001 0.000011 
0.000001 0.184744 0.022106 0.033601 0.095818 0.000022 0.000000 0.000000 0.643301 0.000000 0.015136 0.005259 0.000001 0.000010 
0.000001 0.127507 0.000000 0.088633 0.025322 0.340570 0.000000 0.077978 0.028288 0.023178 0.083260 0.084396 0.019586 0.101279 
0.000001 0.005341 0.000000 0.029262 0.686927 0.000022 0.060222 0.133786 0.046938 0.000000 0.037329 0.000169 0.000001 0.000002 
0.159843 0.125055 0.016323 0.199628 0.197683 0.000016 0.028746 0.000000 0.011843 0.000000 0.149086 0.046398 0.050560 0.014819 
0.117251 0.372246 0.000000 0.180691 0.038175 0.017935 0.078896 0.000000 0.032116 0.000000 0.115183 0.032744 0.000001 0.014763 
0.039407 0.024573 0.000000 0.423809 0.052176 0.035666 0.000000 0.000000 0.140140 0.040871 0.202338 0.041005 0.000001 0.000014 
0.041964 0.039618 0.000000 0.095840 0.601338 0.000024 0.000000 0.028569 0.020773 0.000000 0.088675 0.022100 0.014631 0.046466 
0.000001 0.003856 0.000000 0.355535 0.157193 0.000020 0.000000 0.000000 0.200324 0.000000 0.100824 0.174248 0.000001 0.007997 
0.052058 0.100906 0.014159 0.159452 0.272531 0.022928 0.042488 0.015079 0.025822 0.000000 0.128364 0.158775 0.000001 0.007438 
0.000001 0.368204 0.167556 0.096241 0.020476 0.000023 0.000000 0.000000 0.070478 0.000000 0.070448 0.199114 0.000001 0.007457 
0.000001 0.038470 0.000000 0.443071 0.024834 0.011841 0.000000 0.000000 0.315139 0.040802 0.072100 0.049589 0.000001 0.004152 
0.012106 0.022214 0.000000 0.011149 0.072440 0.030735 0.000000 0.177494 0.237177 0.000000 0.035323 0.003549 0.000001 0.397812 
0.012660 0.002196 0.000000 0.299340 0.087310 0.241906 0.180192 0.000000 0.090047 0.000000 0.065513 0.020830 0.000001 0.000006 
0.002559 0.012302 0.015978 0.006825 0.078266 0.000021 0.153558 0.000000 0.701226 0.000000 0.029073 0.000185 0.000001 0.000006 
0.029412 0.033373 0.000000 0.130509 0.118310 0.000021 0.223442 0.000000 0.239141 0.000000 0.180557 0.017839 0.011428 0.015968 
0.109148 0.515310 0.091655 0.107644 0.024483 0.011222 0.000000 0.000000 0.041013 0.000000 0.021736 0.032846 0.026633 0.018309 
0.019649 0.029079 0.000000 0.110940 0.259105 0.052515 0.000000 0.000000 0.021779 0.000000 0.127108 0.379808 0.000001 0.000015 
0.000001 0.015861 0.062058 0.005038 0.280965 0.000024 0.558066 0.040986 0.005727 0.000000 0.010028 0.010764 0.010471 0.000011 
0.035205 0.208472 0.051948 0.022965 0.025656 0.167626 0.151732 0.024112 0.054416 0.188489 0.060621 0.008746 0.000001 0.000011 
0.028544 0.009752 0.014040 0.057833 0.082566 0.038039 0.100578 0.000000 0.563176 0.000000 0.034339 0.000149 0.070970 0.000014 
0.000001 0.002281 0.000000 0.420878 0.031237 0.028765 0.000000 0.000000 0.208848 0.000000 0.050415 0.034071 0.213592 0.009912 
0.000001 0.005081 0.000000 0.305310 0.019537 0.000022 0.000000 0.000000 0.053448 0.000000 0.056864 0.032220 0.515088 0.012429 
0.000001 0.054879 0.000000 0.069614 0.066303 0.307830 0.000000 0.000000 0.328360 0.050037 0.079115 0.006663 0.022666 0.014533 
0.018707 0.024806 0.000000 0.147636 0.019420 0.000020 0.000000 0.000000 0.013275 0.000000 0.631767 0.140285 0.000001 0.004083 
0.181037 0.171658 0.000000 0.263130 0.041423 0.022239 0.000000 0.000000 0.068342 0.000000 0.120297 0.030445 0.000001 0.101427 
0.095806 0.046116 0.017453 0.175588 0.042643 0.042503 0.051590 0.226922 0.050425 0.000000 0.220308 0.023887 0.000001 0.006759 
0.000001 0.051482 0.000000 0.131824 0.053282 0.183072 0.019064 0.000000 0.013471 0.048164 0.128303 0.365416 0.000001 0.005920 
0.000001 0.035808 0.000000 0.029446 0.103108 0.063850 0.000000 0.000000 0.435529 0.080097 0.054162 0.061232 0.062632 0.074136 
0.000001 0.013078 0.000000 0.155257 0.018879 0.014562 0.038094 0.218696 0.074015 0.000000 0.108898 0.000187 0.347372 0.010961 
0.000001 0.028220 0.000000 0.055787 0.071295 0.010099 0.159599 0.000000 0.233026 0.000000 0.404276 0.013361 0.024319 0.000016 
0.066841 0.022442 0.000000 0.151284 0.044096 0.000019 0.092093 0.000000 0.032446 0.000000 0.385330 0.023067 0.000001 0.182380 
0.060547 0.001338 0.000000 0.075568 0.066374 0.045985 0.022109 0.000000 0.464142 0.105873 0.101258 0.028496 0.025023 0.003287 
0.102008 0.019945 0.032766 0.203282 0.059626 0.043718 0.000000 0.149268 0.030083 0.035932 0.223772 0.067239 0.026670 0.005691 
0.000001 0.101023 0.000000 0.027897 0.767227 0.000020 0.062284 0.000000 0.013887 0.000000 0.014870 0.012779 0.000001 0.000011 
0.012356 0.021188 0.761117 0.027069 0.037147 0.000020 0.000000 0.016550 0.048342 0.000000 0.032331 0.025064 0.008317 0.010497 
0.025430 0.000699 0.351851 0.067913 0.055332 0.000021 0.018888 0.000000 0.357749 0.000000 0.073410 0.036808 0.010745 0.001154 
0.000001 0.075627 0.000000 0.009373 0.245470 0.000021 0.582297 0.000000 0.007530 0.070298 0.007153 0.002222 0.000001 0.000007 
0.000001 0.127448 0.021856 0.102830 0.225505 0.373561 0.000000 0.000000 0.053849 0.000000 0.070089 0.005784 0.013722 0.005353 
0.103665 0.059284 0.000000 0.216098 0.020026 0.000020 0.000000 0.000000 0.024467 0.026849 0.077683 0.014531 0.165456 0.291920 
