-1934135.164479
0
0.000000 0.000000 0.000000 0.000000 0.002258 0.000000 0.000000 0.003097 0.035583 0.011862 0.000000 0.016934 0.000000 0.002862 0.000000 0.006616 0.000000 0.003603 0.036502 0.000000 0.000000 0.001311 0.001642 0.000000 0.014133 0.046744 0.017156 0.091007 0.000000 0.000000 0.000000 0.000000 0.000000 0.000000 0.086777 0.000000 0.000000 0.003661 0.000000 0.002861 0.005295 0.000000 0.048983 0.000000 0.000000 0.004456 0.014003 0.014207 0.000000 0.006165 0.000000 0.000000 0.000000 0.004030 0.000000 0.004398 0.106655 0.118528 0.145106 0.080958 0.000000 0.005351 0.003248 0.002510 0.000000 0.000000 0.014427 0.000000 0.000000 0.002480 0.000000 0.003987 0.000000 0.000000 0.003313 0.000000 0.000000 0.000000 0.000000 0.000000 0.000000 0.000000 0.000000 0.000000 0.000000 0.000000 0.000000 0.000000 0.000000 0.000000 0.007442 0.000000 0.000000 0.003232 0.003048 0.013566 
0.009123 0.000000 0.000000 0.000000 0.073078 0.032461 0.018528 0.062782 0.028835 0.000000 0.000000 0.000000 0.000000 0.000000 0.000000 0.000000 0.000000 0.000000 0.000000 0.013684 0.000000 0.000000 0.015976 0.020411 0.000000 0.000000 0.000000 0.000000 0.035313 0.031860 0.019297 0.062278 0.036465 0.000000 0.005587 0.000000 0.005419 0.010866 0.006979 0.012966 0.000000 0.007084 0.000000 0.008691 0.000000 0.009314 0.023396 0.011962 0.000000 0.010110 0.000000 0.000000 0.036724 0.027365 0.006883 0.045632 0.025430 0.000000 0.000000 0.000001 0.000000 0.003880 0.011876 0.000000 0.000000 0.000000 0.000000 0.000000 0.009446 0.013235 0.038751 0.008437 0.000000 0.022671 0.000000 0.000000 0.000000 0.046159 0.000000 0.044627 0.000000 0.000000 0.000000 0.000000 0.000000 0.006389 0.003077 0.000000 0.000000 0.013395 0.000000 0.000000 0.000000 0.017410 0.023043 0.023107 
0.050070 0.044028 0.003986 0.040258 0.010669 0.004162 0.000000 0.010409 0.016213 0.003566 0.008972 0.026873 0.017987 0.017124 0.017421 0.028440 0.008210 0.005464 0.000000 0.021193 0.003698 0.000000 0.009257 0.000000 0.044049 0.032587 0.001686 0.027854 0.009221 0.008093 0.000000 0.010869 0.000000 0.000000 0.000000 0.021807 0.013598 0.021209 0.022662 0.034347 0.001570 0.009673 0.000000 0.006504 0.001975 0.002472 0.008265 0.000000 0.025951 0.017539 0.000000 0.020708 0.004873 0.002766 0.000000 0.007420 0.000000 0.000000 0.000000 0.006137 0.010690 0.010275 0.012098 0.026910 0.000000 0.003424 0.000000 0.005767 0.000000 0.000000 0.008778 0.005559 0.030344 0.020569 0.002210 0.040565 0.000000 0.004388 0.000000 0.000000 0.000000 0.000000 0.000000 0.008550 0.016993 0.012675 0.009843 0.037026 0.000000 0.002139 0.000000 0.008536 0.000000 0.000000 0.010828 0.000000 
0.000000 0.000000 0.000000 0.000000 0.000000 0.000000 0.022352 0.000000 0.091944 0.000000 0.000000 0.000000 0.043021 0.048396 0.056453 0.000000 0.000000 0.000000 0.000000 0.000000 0.000000 0.000000 0.000000 0.000000 0.000000 0.000000 0.000000 0.000000 0.041617 0.039073 0.000000 0.000000 0.000000 0.000000 0.000002 0.050243 0.029231 0.000000 0.117880 0.000000 0.000000 0.000000 0.000000 0.000000 0.000000 0.000000 0.000000 0.000000 0.000000 0.000003 0.061934 0.000000 0.000000 0.057635 0.017049 0.000000 0.089650 0.000000 0.000000 0.114309 0.000000 0.000000 0.018432 0.000000 0.000000 0.000000 0.000000 0.000000 0.000000 0.000000 0.000000 0.000000 0.000000 0.000001 0.000000 0.000000 0.000000 0.035703 0.037035 0.000000 0.000000 0.000000 0.000000 0.000000 0.000000 0.000000 0.000000 0.000000 0.000000 0.000000 0.000000 0.000000 0.000000 0.000000 0.028033 0.000000 
0.001329 0.000000 0.000000 0.000000 0.002306 0.000000 0.000000 0.000000 0.008163 0.000000 0.000000 0.000767 0.005129 0.006722 0.001669 0.001744 0.058344 0.041130 0.068075 0.026352 0.000000 0.001255 0.000000 0.003322 0.009459 0.005988 0.002912 0.001451 0.001022 0.000995 0.000000 0.000000 0.020605 0.002474 0.003770 0.017799 0.000000 0.007679 0.000000 0.000000 0.040478 0.051281 0.059107 0.040989 0.000000 0.005777 0.003587 0.005529 0.000000 0.004923 0.000000 0.000000 0.000000 0.000000 0.000000 0.000000 0.014877 0.005211 0.000000 0.010884 0.000000 0.004491 0.000000 0.000000 0.075274 0.033648 0.052119 0.050303 0.000000 0.000000 0.000000 0.002975 0.000000 0.008544 0.001376 0.000000 0.000000 0.000000 0.000000 0.000000 0.000000 0.000000 0.000000 0.000000 0.004946 0.015224 0.002398 0.004748 0.065440 0.044080 0.042354 0.045714 0.000000 0.003263 0.000000 0.000000 
0.002518 0.000000 0.000000 0.000000 0.003740 0.000000 0.000000 0.000000 0.002818 0.000000 0.000000 0.000000 0.016574 0.002677 0.005557 0.023650 0.019618 0.000000 0.000000 0.025448 0.061268 0.010045 0.006833 0.038329 0.000000 0.000000 0.000000 0.000000 0.000000 0.001397 0.000000 0.000000 0.000000 0.000000 0.001713 0.000000 0.007045 0.000000 0.002140 0.000000 0.013523 0.001894 0.010322 0.040477 0.043475 0.009539 0.016750 0.094568 0.009952 0.001458 0.000000 0.000000 0.000000 0.004021 0.000000 0.007014 0.000000 0.000000 0.000000 0.004877 0.000000 0.000000 0.000000 0.000000 0.000000 0.004244 0.000000 0.003918 0.015052 0.000000 0.004166 0.032759 0.030729 0.000000 0.000000 0.045161 0.000000 0.000000 0.000000 0.000000 0.000000 0.000000 0.000000 0.000000 0.032215 0.000000 0.021877 0.010875 0.009221 0.010110 0.003647 0.044549 0.106927 0.012154 0.014279 0.108876 
0.000000 0.000000 0.000000 0.000000 0.000000 0.000000 0.000000 0.000000 0.000002 0.011349 0.000000 0.000000 0.001223 0.000000 0.000000 0.002866 0.000000 0.000000 0.000000 0.000000 0.000000 0.000000 0.000861 0.000000 0.000000 0.000000 0.000000 0.000000 0.000000 0.000000 0.001144 0.000000 0.079690 0.103818 0.024986 0.078410 0.000000 0.000000 0.000000 0.000898 0.000000 0.000000 0.000000 0.003394 0.000000 0.001551 0.000000 0.000976 0.000000 0.000000 0.000000 0.000000 0.000000 0.000496 0.000000 0.000000 0.000000 0.015855 0.000000 0.015435 0.000000 0.000000 0.000000 0.000000 0.000000 0.000000 0.000000 0.008213 0.000000 0.000000 0.001734 0.000404 0.000000 0.000000 0.000000 0.000000 0.000000 0.001361 0.000000 0.000000 0.115600 0.318691 0.115831 0.079277 0.000000 0.001134 0.000000 0.004566 0.001835 0.000000 0.001927 0.002009 0.000000 0.000592 0.001195 0.002674 
0.000000 0.003399 0.000000 0.038759 0.000000 0.000000 0.000000 0.000000 0.030108 0.021715 0.040024 0.024257 0.000000 0.000524 0.000000 0.000000 0.001947 0.003956 0.002077 0.002175 0.000000 0.002199 0.000788 0.005901 0.005781 0.011257 0.001038 0.162313 0.000000 0.000000 0.000000 0.000000 0.000000 0.000000 0.021083 0.009518 0.000000 0.003286 0.000000 0.002638 0.000000 0.003711 0.000000 0.002216 0.000000 0.002826 0.000000 0.009271 0.002092 0.015618 0.003221 0.092735 0.000000 0.000000 0.000000 0.000000 0.060785 0.060701 0.113484 0.060215 0.000000 0.002750 0.000000 0.000000 0.007132 0.016325 0.008640 0.008498 0.000000 0.002608 0.001525 0.004495 0.000000 0.021280 0.000000 0.064609 0.000000 0.000000 0.000000 0.000000 0.000000 0.013994 0.000000 0.007750 0.000000 0.000817 0.000000 0.000917 0.000000 0.006631 0.002102 0.001348 0.000000 0.002180 0.000000 0.004779 
0.000000 0.000879 0.000494 0.000000 0.004545 0.000000 0.000000 0.005781 0.000976 0.000000 0.000000 0.000000 0.000717 0.000950 0.000000 0.000540 0.000000 0.000000 0.000000 0.000000 0.000000 0.000000 0.000000 0.000000 0.000000 0.000000 0.000000 0.000000 0.006760 0.001473 0.000356 0.007085 0.001929 0.000000 0.000000 0.000000 0.000000 0.000000 0.000000 0.000000 0.000000 0.000000 0.000000 0.000000 0.000000 0.000000 0.000000 0.000000 0.000000 0.001362 0.000000 0.000000 0.000672 0.001303 0.000000 0.003239 0.000000 0.000000 0.000000 0.000000 0.000000 0.000286 0.000000 0.000000 0.000000 0.000592 0.000000 0.000000 0.000000 0.000736 0.000000 0.000000 0.056646 0.019508 0.002499 0.018081 0.318586 0.079505 0.011166 0.377803 0.070291 0.004683 0.000000 0.000000 0.000000 0.000000 0.000000 0.000000 0.000559 0.000000 0.000000 0.000000 0.000000 0.000000 0.000000 0.000000 
0.000000 0.001399 0.000000 0.000000 0.001208 0.000000 0.000964 0.000000 0.004074 0.012483 0.010599 0.000000 0.000000 0.013458 0.000000 0.012529 0.006382 0.004918 0.001847 0.005205 0.000000 0.000000 0.001087 0.001602 0.014437 0.008335 0.002225 0.000000 0.000000 0.000000 0.000000 0.002110 0.000000 0.000000 0.000000 0.004636 0.002135 0.005512 0.002524 0.000000 0.000000 0.000000 0.007611 0.000000 0.000000 0.001044 0.000000 0.005941 0.001697 0.010226 0.000000 0.030317 0.002973 0.000000 0.000000 0.002279 0.053459 0.203276 0.262172 0.104246 0.000000 0.004095 0.005012 0.005679 0.014759 0.072258 0.017961 0.006913 0.000000 0.003856 0.006391 0.028249 0.004901 0.000000 0.003828 0.005548 0.000000 0.004811 0.000000 0.000000 0.000000 0.000000 0.000000 0.000000 0.000000 0.000000 0.000000 0.000000 0.000000 0.006889 0.000000 0.000000 0.000000 0.000000 0.000000 0.003941 
0.005796 0.007809 0.000000 0.000000 0.000000 0.003196 0.000000 0.003889 0.036993 0.005248 0.282846 0.005287 0.000000 0.001916 0.000000 0.006868 0.009280 0.000000 0.000000 0.000000 0.000000 0.002040 0.000000 0.004599 0.002665 0.005854 0.000000 0.000000 0.000000 0.000000 0.000000 0.000000 0.020292 0.006119 0.155842 0.008152 0.000000 0.000000 0.000000 0.000000 0.000000 0.000000 0.000000 0.000000 0.000000 0.002260 0.000000 0.000000 0.005734 0.002940 0.000000 0.000000 0.000000 0.002748 0.000000 0.000000 0.028593 0.029281 0.160747 0.016234 0.000000 0.000000 0.000000 0.000000 0.006259 0.003531 0.000000 0.005336 0.000000 0.000000 0.000000 0.000000 0.008629 0.005695 0.000000 0.000000 0.000000 0.000000 0.000000 0.000000 0.000000 0.000000 0.132937 0.000000 0.001648 0.000000 0.000000 0.000000 0.004870 0.000000 0.007868 0.000000 0.000000 0.000000 0.000000 0.000000 
0.000000 0.000000 0.000000 0.006824 0.001146 0.000000 0.000582 0.000000 0.000003 0.000000 0.000000 0.003121 0.000000 0.000000 0.000000 0.000000 0.000000 0.003563 0.000000 0.002113 0.000000 0.005299 0.003078 0.013426 0.003276 0.000000 0.000000 0.010715 0.000000 0.000649 0.000592 0.000000 0.000000 0.000000 0.006670 0.000000 0.000000 0.000000 0.000000 0.000000 0.000000 0.000000 0.000000 0.001089 0.001364 0.000436 0.004040 0.021013 0.001263 0.000000 0.000000 0.003498 0.000000 0.000000 0.000000 0.000000 0.000000 0.000000 0.016704 0.011428 0.000000 0.000000 0.000000 0.000000 0.003432 0.008576 0.002607 0.012902 0.000000 0.002737 0.000000 0.000000 0.044781 0.010172 0.002111 0.357621 0.000000 0.000000 0.000000 0.000000 0.000000 0.021563 0.248582 0.038832 0.000000 0.000000 0.000000 0.001520 0.000000 0.011008 0.007206 0.008883 0.004708 0.010565 0.002089 0.078217 
0.000000 0.000000 0.000000 0.000000 0.000472 0.000000 0.000000 0.001366 0.023397 0.117442 0.000000 0.067472 0.000000 0.000000 0.001325 0.000000 0.000000 0.001650 0.000000 0.000000 0.000000 0.000000 0.000000 0.000000 0.000000 0.000854 0.000692 0.000000 0.000000 0.000000 0.001127 0.000000 0.034310 0.164617 0.009155 0.085068 0.000000 0.000511 0.000000 0.000000 0.000000 0.000000 0.000000 0.000777 0.000000 0.000000 0.001122 0.000000 0.000000 0.000929 0.000000 0.000000 0.000000 0.000000 0.000000 0.000000 0.028204 0.103185 0.004118 0.056742 0.000000 0.000000 0.000000 0.000000 0.000000 0.001652 0.000967 0.001701 0.000000 0.000000 0.001608 0.000000 0.000000 0.002262 0.000000 0.000000 0.000000 0.001710 0.000000 0.000000 0.020969 0.171714 0.000000 0.091609 0.000000 0.000000 0.000000 0.000000 0.000000 0.001273 0.000000 0.000000 0.000000 0.000000 0.000000 0.000000 
0.016649 0.000000 0.005438 0.000000 0.002884 0.024120 0.000000 0.022106 0.024220 0.000000 0.000000 0.000000 0.000000 0.000000 0.018452 0.018589 0.084626 0.030377 0.080313 0.067509 0.000000 0.002877 0.012502 0.000000 0.000000 0.000000 0.000000 0.000000 0.000000 0.000000 0.000000 0.012074 0.047179 0.000000 0.006461 0.000000 0.000000 0.000000 0.000000 0.014273 0.016673 0.000000 0.022880 0.025439 0.000000 0.000000 0.012973 0.034833 0.038483 0.018825 0.000000 0.021041 0.000000 0.000000 0.000000 0.000000 0.000000 0.000000 0.000000 0.000001 0.026946 0.000000 0.013901 0.000000 0.000000 0.000000 0.006713 0.017235 0.000000 0.000000 0.000000 0.000000 0.040451 0.000000 0.006338 0.044342 0.000000 0.001900 0.000000 0.000000 0.000000 0.000000 0.000000 0.000000 0.029481 0.000000 0.019047 0.007059 0.000000 0.008211 0.000000 0.022187 0.000000 0.018426 0.000000 0.055961 
0.040823 0.032483 0.024783 0.022886 0.011876 0.004973 0.003718 0.004889 0.008002 0.001480 0.000000 0.000000 0.002774 0.000000 0.006994 0.000000 0.006148 0.000000 0.007499 0.000000 0.000000 0.000000 0.000000 0.000000 0.058300 0.077684 0.012008 0.048304 0.010915 0.010045 0.007495 0.011729 0.025134 0.010578 0.008017 0.015553 0.007851 0.009973 0.041812 0.008492 0.004692 0.000000 0.012013 0.004102 0.000000 0.000719 0.004685 0.000000 0.044914 0.051281 0.031062 0.026398 0.009732 0.011373 0.008345 0.007079 0.004512 0.002315 0.000000 0.000000 0.007167 0.005224 0.015908 0.000000 0.004777 0.000000 0.003151 0.000000 0.000000 0.000000 0.000000 0.000000 0.037529 0.070802 0.014486 0.039120 0.000000 0.013661 0.003452 0.000000 0.000000 0.000000 0.000000 0.000000 0.000000 0.004257 0.008608 0.000000 0.001198 0.000000 0.002963 0.000000 0.000000 0.000000 0.001257 0.000000 
0.000000 0.000000 0.000000 0.000000 0.000001 0.000000 0.000000 0.000000 0.008357 0.000000 0.000000 0.000000 0.098355 0.000000 0.054978 0.069682 0.130707 0.000000 0.000000 0.166849 0.000000 0.061765 0.000000 0.000000 0.000000 0.000000 0.057595 0.000000 0.000000 0.000000 0.000000 0.000000 0.000000 0.000000 0.000005 0.000001 0.000000 0.000000 0.000000 0.000000 0.000000 0.000000 0.000000 0.000001 0.000000 0.000000 0.000000 0.000000 0.000000 0.067388 0.000000 0.000000 0.000000 0.000000 0.000000 0.000000 0.083724 0.000000 0.000000 0.000011 0.000000 0.000000 0.000000 0.000000 0.000000 0.000000 0.000000 0.000000 0.000000 0.000000 0.000000 0.000000 0.000000 0.083371 0.043153 0.000000 0.000000 0.000000 0.000000 0.000000 0.000000 0.000000 0.000000 0.000000 0.000000 0.000000 0.000000 0.000000 0.000000 0.000000 0.074054 0.000000 0.000000 0.000000 0.000000 0.000000 
0.000000 0.000000 0.000000 0.000000 0.000317 0.000693 0.000000 0.000000 0.007207 0.000740 0.000000 0.000000 0.000000 0.000000 0.000000 0.000000 0.001369 0.000000 0.000980 0.001612 0.000000 0.000000 0.000000 0.000000 0.000000 0.000000 0.000000 0.000000 0.000000 0.000000 0.000000 0.000000 0.015379 0.000000 0.003462 0.007186 0.000000 0.000405 0.000000 0.000000 0.000487 0.000000 0.000000 0.001381 0.000000 0.000000 0.000265 0.000000 0.000000 0.000000 0.000000 0.000000 0.000000 0.000000 0.000000 0.000000 0.005513 0.000000 0.000000 0.002544 0.000000 0.000000 0.000000 0.000000 0.000000 0.000000 0.000000 0.000000 0.000000 0.000000 0.000000 0.000255 0.014058 0.005767 0.002185 0.014084 0.040284 0.000000 0.002042 0.071034 0.437429 0.080347 0.048771 0.233532 0.000000 0.000000 0.000000 0.000000 0.000000 0.000673 0.000000 0.000000 0.000000 0.000000 0.000000 0.000000 
0.000000 0.016791 0.055734 0.000000 0.052326 0.018083 0.366648 0.032492 0.028137 0.029214 0.090018 0.000000 0.160613 0.009261 0.107106 0.000000 0.033579 
0.000000 0.043855 0.091569 0.000000 0.113634 0.010698 0.000000 0.037022 0.020643 0.056948 0.041163 0.371114 0.047201 0.071587 0.017796 0.000000 0.076771 
0.000000 0.000000 0.011820 0.000000 0.050257 0.004494 0.241091 0.055948 0.000013 0.197856 0.054281 0.253293 0.018202 0.000001 0.006427 0.000000 0.106317 
0.033290 0.041900 0.101040 0.037383 0.126173 0.037258 0.376248 0.038200 0.008482 0.000000 0.034405 0.000000 0.091682 0.040692 0.000001 0.000000 0.033245 
0.259725 0.000000 0.077946 0.000000 0.141068 0.004924 0.000000 0.055688 0.029790 0.000000 0.250184 0.000000 0.040456 0.000001 0.102647 0.000000 0.037571 
0.026802 0.000000 0.071451 0.000000 0.046055 0.000039 0.000000 0.369906 0.000020 0.000000 0.052291 0.202404 0.073931 0.000001 0.141526 0.000000 0.015573 
0.057486 0.037914 0.304222 0.000000 0.090588 0.014471 0.000000 0.064049 0.097083 0.000000 0.086526 0.000000 0.148653 0.035439 0.038586 0.000000 0.024983 
0.000000 0.014570 0.088418 0.000000 0.093005 0.297141 0.000000 0.265253 0.009114 0.000000 0.061916 0.000000 0.087329 0.000001 0.021655 0.000000 0.061601 
0.000000 0.000000 0.157959 0.000000 0.023926 0.000073 0.000000 0.035172 0.015765 0.000000 0.000492 0.000000 0.054500 0.035407 0.668804 0.000000 0.007902 
0.000000 0.000000 0.069759 0.000000 0.341274 0.004069 0.103204 0.068416 0.051387 0.090510 0.016398 0.000000 0.039261 0.023703 0.162598 0.000000 0.029422 
0.117004 0.038390 0.081907 0.000000 0.044734 0.004111 0.000000 0.303922 0.000023 0.000000 0.139520 0.000000 0.246414 0.000001 0.000002 0.000000 0.023973 
0.000000 0.089943 0.115119 0.009860 0.132859 0.066943 0.457076 0.027156 0.010017 0.000000 0.010459 0.000000 0.052460 0.000001 0.000002 0.000000 0.028106 
0.359135 0.000000 0.006148 0.035366 0.060166 0.010119 0.082831 0.029583 0.044199 0.000000 0.236845 0.000000 0.059007 0.000001 0.053276 0.000000 0.023322 
0.000000 0.027694 0.149164 0.000000 0.094315 0.012353 0.000000 0.113933 0.006798 0.399780 0.117936 0.010368 0.047634 0.000001 0.000002 0.000000 0.020020 
0.000000 0.026673 0.117663 0.000000 0.472725 0.076442 0.000000 0.031899 0.028456 0.039060 0.015945 0.000000 0.047261 0.065961 0.038603 0.000000 0.039312 
0.234507 0.000000 0.294708 0.016017 0.066310 0.016326 0.057440 0.054741 0.002744 0.027550 0.193510 0.000000 0.023498 0.000001 0.000002 0.000000 0.012647 
0.000000 0.000000 0.121718 0.000000 0.085081 0.059004 0.000000 0.074348 0.008407 0.116480 0.020796 0.170330 0.040241 0.000001 0.264062 0.000000 0.039531 
0.039350 0.000000 0.110178 0.000000 0.132396 0.268057 0.000000 0.052121 0.106627 0.155830 0.050488 0.000000 0.036480 0.014622 0.000002 0.000000 0.033848 
0.075681 0.039777 0.058486 0.018056 0.044621 0.059739 0.000000 0.096997 0.000011 0.000000 0.079332 0.000000 0.403172 0.049068 0.044306 0.000000 0.030752 
0.000000 0.000000 0.227035 0.000000 0.071298 0.000080 0.026214 0.078027 0.008821 0.256712 0.054998 0.000000 0.200469 0.019006 0.010371 0.000000 0.046969 
0.000000 0.000000 0.078771 0.000000 0.017227 0.000042 0.057778 0.091647 0.036701 0.000000 0.030733 0.000000 0.627768 0.000001 0.000001 0.000000 0.059330 
0.000000 0.000000 0.258775 0.000000 0.158437 0.332902 0.010732 0.048816 0.009007 0.060136 0.048216 0.000000 0.009948 0.040677 0.009467 0.000000 0.012887 
0.000000 0.000000 0.149006 0.000000 0.196245 0.000041 0.026032 0.097068 0.000011 0.000000 0.027130 0.000000 0.036365 0.029785 0.408946 0.000000 0.029369 
0.000000 0.000000 0.018020 0.000000 0.018750 0.000035 0.548639 0.004354 0.000018 0.000000 0.001833 0.000000 0.152569 0.000001 0.000001 0.000000 0.255779 
0.031218 0.000000 0.017923 0.000000 0.065721 0.018810 0.000000 0.044266 0.007566 0.044239 0.095827 0.587701 0.032712 0.032297 0.000001 0.000000 0.021717 
0.000000 0.000000 0.022776 0.000000 0.013586 0.013397 0.000000 0.008319 0.000018 0.000000 0.041983 0.000000 0.878975 0.000001 0.000002 0.000000 0.020944 
0.000000 0.132691 0.293560 0.000000 0.092498 0.017608 0.000000 0.168899 0.021814 0.000000 0.010614 0.000000 0.051035 0.000001 0.202505 0.000000 0.008776 
0.000000 0.000000 0.022201 0.000000 0.046244 0.042362 0.401413 0.101871 0.000018 0.106965 0.042793 0.000000 0.099897 0.000001 0.000002 0.000000 0.136233 
0.218135 0.113496 0.150641 0.008172 0.091098 0.000092 0.211145 0.016898 0.017566 0.000000 0.099673 0.000000 0.054317 0.000001 0.000002 0.000000 0.018765 
0.000000 0.025464 0.167529 0.014538 0.129158 0.037913 0.000000 0.016065 0.083061 0.000000 0.278935 0.000000 0.104246 0.081847 0.000001 0.027399 0.033843 
0.000000 0.000000 0.448041 0.000000 0.048043 0.015826 0.042035 0.053099 0.031259 0.000000 0.015387 0.000000 0.016631 0.054823 0.023769 0.000000 0.251088 
0.094090 0.024725 0.089366 0.016902 0.031653 0.012064 0.000000 0.034211 0.050625 0.000000 0.071511 0.000000 0.520774 0.000001 0.000002 0.000000 0.054076 
0.000000 0.000000 0.019492 0.000000 0.110783 0.004242 0.000000 0.173943 0.004470 0.360366 0.230064 0.012328 0.072684 0.000001 0.000001 0.000000 0.011625 
0.000000 0.033027 0.095026 0.000000 0.170907 0.144910 0.000000 0.007834 0.299214 0.069874 0.015043 0.000000 0.056701 0.000001 0.007158 0.000000 0.100306 
0.000000 0.074226 0.093306 0.017644 0.084060 0.005207 0.000000 0.017174 0.350848 0.000000 0.013235 0.000000 0.115248 0.025967 0.000002 0.000000 0.203082 
0.000000 0.012265 0.062253 0.000000 0.043731 0.000076 0.000000 0.072401 0.000025 0.068583 0.033758 0.036282 0.428841 0.000001 0.213870 0.000000 0.027915 
0.000000 0.000000 0.033401 0.000000 0.086925 0.000031 0.000000 0.369820 0.241280 0.097819 0.065323 0.000000 0.050825 0.000001 0.000002 0.000000 0.054573 
0.000000 0.000000 0.010813 0.000000 0.039329 0.005227 0.093279 0.043372 0.093127 0.130375 0.066876 0.232798 0.030965 0.000001 0.000002 0.000000 0.253837 
0.000000 0.015678 0.130814 0.006145 0.080844 0.028760 0.000000 0.195759 0.000017 0.000000 0.051487 0.000000 0.443683 0.000001 0.000002 0.000000 0.046809 
0.000000 0.000000 0.089636 0.000000 0.527986 0.013954 0.000000 0.008413 0.000022 0.124366 0.010057 0.000000 0.042636 0.027020 0.120828 0.000000 0.035081 
0.000000 0.000000 0.114404 0.000000 0.048662 0.010135 0.000000 0.133106 0.003818 0.000000 0.278058 0.000000 0.085737 0.000001 0.278497 0.008956 0.038625 
0.000000 0.018931 0.116990 0.000000 0.171871 0.176450 0.000000 0.004352 0.000019 0.000000 0.027907 0.000000 0.035626 0.000001 0.000002 0.000000 0.447851 
0.022389 0.014744 0.046718 0.006428 0.210166 0.004890 0.047504 0.046929 0.000019 0.183976 0.073828 0.027006 0.301637 0.000001 0.000001 0.000000 0.013763 
0.000000 0.019949 0.114871 0.000000 0.120061 0.129750 0.000000 0.442388 0.002014 0.000000 0.066109 0.000000 0.072889 0.000001 0.015293 0.000000 0.016675 
0.000000 0.000000 0.106008 0.000000 0.084721 0.076034 0.000000 0.075483 0.005324 0.000000 0.331600 0.000000 0.079751 0.035666 0.151781 0.027282 0.026350 
0.000000 0.056233 0.551237 0.000000 0.074202 0.029694 0.000000 0.100697 0.018479 0.000000 0.036456 0.051337 0.028378 0.042584 0.000002 0.000000 0.010701 
0.000000 0.010198 0.034725 0.000000 0.206621 0.000048 0.000000 0.173389 0.000015 0.370477 0.055262 0.000000 0.120584 0.000001 0.016762 0.000000 0.011919 
0.000000 0.028306 0.053439 0.000000 0.221813 0.012752 0.000000 0.033377 0.007545 0.160761 0.062274 0.000000 0.368985 0.023588 0.008038 0.000000 0.019121 
0.000000 0.000000 0.062046 0.000000 0.019578 0.006980 0.543611 0.001888 0.227682 0.013163 0.010341 0.000000 0.021312 0.000001 0.000002 0.000000 0.093397 
0.000000 0.102360 0.157343 0.000000 0.090227 0.000085 0.000000 0.011311 0.010107 0.000000 0.024867 0.468147 0.091505 0.000001 0.023717 0.000000 0.020332 
0.000000 0.026064 0.113054 0.009422 0.064680 0.031601 0.000000 0.361502 0.200132 0.000000 0.069723 0.000000 0.069297 0.000001 0.000001 0.012505 0.042018 
0.230032 0.000000 0.106110 0.000000 0.080198 0.023248 0.000000 0.087784 0.000016 0.000000 0.154868 0.000000 0.045278 0.000001 0.000002 0.000000 0.272463 
0.000000 0.000000 0.067564 0.000000 0.016651 0.000046 0.074525 0.010726 0.545016 0.015661 0.008453 0.000000 0.009895 0.000001 0.193195 0.000000 0.058266 
0.000000 0.000000 0.179102 0.000000 0.023385 0.095577 0.000000 0.089846 0.000019 0.013424 0.041302 0.000000 0.045882 0.026515 0.000002 0.000000 0.484947 
0.000000 0.091008 0.392549 0.000000 0.107561 0.000068 0.091919 0.003424 0.016604 0.053540 0.078952 0.000000 0.049428 0.043877 0.000001 0.000000 0.071069 
0.000000 0.011558 0.276158 0.000000 0.088792 0.114678 0.000000 0.011356 0.000016 0.000000 0.062575 0.000000 0.028102 0.022651 0.000002 0.000000 0.384113 
0.000000 0.000000 0.352071 0.029691 0.090019 0.000057 0.000000 0.059715 0.011068 0.000000 0.035793 0.000000 0.022068 0.055954 0.000002 0.000000 0.343561 
0.000000 0.000000 0.081211 0.000000 0.049323 0.095703 0.000000 0.538390 0.054292 0.000000 0.037950 0.031378 0.074777 0.000001 0.000001 0.000000 0.036974 
0.000000 0.147307 0.272523 0.013482 0.126460 0.032730 0.000000 0.073782 0.037446 0.183757 0.019389 0.000000 0.056783 0.000001 0.000002 0.000000 0.036337 
0.000000 0.077981 0.319993 0.035308 0.168066 0.037207 0.011576 0.028711 0.018848 0.023801 0.043349 0.000000 0.099926 0.098816 0.000002 0.014364 0.022054 
0.000000 0.000000 0.058271 0.000000 0.015835 0.000043 0.655546 0.054247 0.000019 0.000000 0.013712 0.000000 0.044565 0.000001 0.100251 0.000000 0.057510 
0.000000 0.000000 0.214227 0.000000 0.008499 0.009197 0.000000 0.019697 0.000015 0.000000 0.021360 0.000000 0.558645 0.000001 0.146653 0.000000 0.021707 
0.000000 0.168978 0.169392 0.000000 0.169843 0.025681 0.000000 0.043641 0.056438 0.000000 0.016656 0.000000 0.075836 0.015909 0.118940 0.000000 0.138685 
0.063369 0.008376 0.027231 0.000000 0.021825 0.000035 0.000000 0.017100 0.000015 0.033607 0.066866 0.000000 0.450964 0.000001 0.012894 0.000000 0.297717 
0.000000 0.000000 0.077782 0.000000 0.041702 0.000039 0.163276 0.005426 0.000021 0.000000 0.024575 0.000000 0.046642 0.016970 0.550726 0.015704 0.057136 
0.000000 0.000000 0.011947 0.000000 0.034939 0.000047 0.430152 0.028544 0.000014 0.000000 0.001932 0.269719 0.055920 0.000001 0.000002 0.000000 0.166783 
0.000000 0.000000 0.095615 0.000000 0.141985 0.272674 0.000000 0.048917 0.005033 0.011478 0.038063 0.145707 0.105767 0.026072 0.078811 0.000000 0.029877 
0.000000 0.000000 0.080855 0.000000 0.473303 0.009230 0.000000 0.004568 0.000016 0.116139 0.056060 0.000000 0.051367 0.000001 0.180156 0.000000 0.028305 
0.000000 0.025123 0.075118 0.000000 0.042354 0.014925 0.000000 0.027215 0.077803 0.000000 0.174492 0.000000 0.055183 0.000001 0.000002 0.000000 0.507784 
0.000000 0.000000 0.122414 0.042697 0.050703 0.000069 0.000000 0.100600 0.008708 0.000000 0.015723 0.000000 0.033387 0.021086 0.583246 0.000000 0.021368 
0.000000 0.013635 0.366796 0.000000 0.076359 0.046456 0.023564 0.048102 0.010233 0.015738 0.037457 0.245378 0.022556 0.037910 0.051979 0.000000 0.003838 
0.000000 0.004709 0.485638 0.000000 0.241548 0.000066 0.000000 0.084507 0.031451 0.000000 0.028228 0.000000 0.026653 0.067608 0.000002 0.000000 0.029591 
0.108476 0.000000 0.063098 0.000000 0.134928 0.015437 0.000000 0.024306 0.134296 0.036914 0.077990 0.000000 0.355979 0.000001 0.000001 0.000000 0.048573 
0.000000 0.000000 0.056619 0.000000 0.046101 0.000056 0.000000 0.020670 0.000012 0.000000 0.238083 0.000000 0.609645 0.000001 0.000002 0.000000 0.028809 
0.000000 0.014568 0.098262 0.000000 0.079130 0.241318 0.035130 0.043265 0.011963 0.000000 0.139094 0.000000 0.047278 0.022283 0.047233 0.000000 0.220476 
0.010945 0.011851 0.169113 0.000000 0.504775 0.151530 0.000000 0.016911 0.059482 0.000000 0.004095 0.000000 0.024270 0.000001 0.007198 0.000000 0.039827 
0.068697 0.054836 0.224773 0.019690 0.190059 0.031737 0.000000 0.023054 0.004753 0.000000 0.070922 0.093844 0.068720 0.106706 0.022025 0.012576 0.007608 
0.026524 0.068147 0.202884 0.026085 0.375273 0.015398 0.085179 0.016762 0.005069 0.000000 0.028627 0.000000 0.070079 0.050636 0.000001 0.000000 0.029335 
0.000000 0.000000 0.015596 0.000000 0.022668 0.000112 0.000000 0.023551 0.621593 0.000000 0.021437 0.169386 0.017994 0.000001 0.023027 0.000000 0.084634 
0.258478 0.096146 0.148251 0.000000 0.106105 0.026155 0.000000 0.006729 0.002735 0.047609 0.140704 0.000000 0.030665 0.000001 0.115985 0.000000 0.020437 
0.000000 0.000000 0.141229 0.042714 0.067996 0.054944 0.000000 0.008942 0.013005 0.000000 0.023912 0.000000 0.060290 0.082875 0.501955 0.000000 0.002136 
0.000000 0.133033 0.242271 0.020670 0.167690 0.048804 0.022468 0.046682 0.013169 0.000000 0.081687 0.000000 0.075758 0.043983 0.000002 0.000000 0.103783 
0.000000 0.000000 0.445451 0.000000 0.059497 0.032096 0.000000 0.174826 0.007326 0.000000 0.116601 0.000000 0.051059 0.031313 0.059072 0.000000 0.022759 
0.000000 0.000000 0.000750 0.000000 0.000857 0.000022 0.000000 0.001422 0.000016 0.000000 0.005325 0.000000 0.034835 0.000001 0.005569 0.000000 0.951202 
0.123482 0.016538 0.444297 0.000000 0.086061 0.000093 0.000000 0.108600 0.005999 0.000000 0.093556 0.000000 0.025110 0.034765 0.021744 0.000000 0.039755 
0.000000 0.000000 0.154654 0.000000 0.022601 0.000071 0.000000 0.076949 0.012972 0.000000 0.006206 0.000000 0.040192 0.014437 0.668705 0.000000 0.003213 
0.000000 0.016467 0.298634 0.000000 0.118305 0.029987 0.000000 0.045428 0.015850 0.000000 0.372763 0.000000 0.039522 0.000001 0.045725 0.000000 0.017318 
0.104860 0.000000 0.013864 0.000000 0.021348 0.000046 0.461762 0.039976 0.095347 0.000000 0.087099 0.000000 0.146937 0.008027 0.009793 0.000000 0.010939 
0.020710 0.000000 0.086107 0.000000 0.104796 0.277420 0.300508 0.014074 0.000021 0.000000 0.027733 0.000000 0.045084 0.028383 0.058763 0.000000 0.036402 
0.000000 0.000000 0.130129 0.000000 0.318535 0.234885 0.000000 0.138569 0.071564 0.000000 0.030685 0.000000 0.028354 0.000001 0.026027 0.000000 0.021250 
0.000000 0.000000 0.066531 0.000000 0.140144 0.009400 0.000000 0.360294 0.002902 0.096683 0.085769 0.133122 0.079228 0.000001 0.018895 0.000000 0.007030 
0.000000 0.000000 0.203279 0.000000 0.494537 0.173369 0.012473 0.014625 0.006195 0.000000 0.007507 0.000000 0.069019 0.000001 0.000001 0.000000 0.018994 
0.000000 0.000000 0.215731 0.000000 0.032454 0.010202 0.448201 0.032147 0.000015 0.061846 0.063251 0.052111 0.066830 0.000001 0.000002 0.000000 0.017209 
0.000000 0.000000 0.065157 0.000000 0.154781 0.000038 0.000000 0.004945 0.602807 0.000000 0.000204 0.000000 0.028344 0.000001 0.048323 0.000000 0.095399 
0.026013 0.009290 0.068786 0.000000 0.021734 0.024476 0.000000 0.002398 0.000017 0.024455 0.049626 0.046515 0.592430 0.000001 0.014953 0.000000 0.119306 
0.000000 0.000000 0.651738 0.015978 0.046142 0.014614 0.000000 0.037091 0.011368 0.000000 0.061997 0.000000 0.049800 0.095323 0.000002 0.000000 0.015946 
0.000000 0.000000 0.281691 0.000000 0.111440 0.014415 0.000000 0.113893 0.169038 0.106627 0.065287 0.000000 0.047731 0.029107 0.000002 0.000000 0.060769 
0.000000 0.000000 0.015283 0.000000 0.028743 0.000058 0.137569 0.002522 0.184425 0.017980 0.022412 0.212023 0.056205 0.000001 0.100873 0.000000 0.221906 
0.000000 0.011570 0.097880 0.000000 0.018607 0.027532 0.034339 0.016978 0.040890 0.000000 0.016230 0.000000 0.047732 0.000001 0.114734 0.000000 0.573508 
0.151345 0.177226 0.292745 0.000000 0.110470 0.014698 0.000000 0.029404 0.018383 0.000000 0.106462 0.000000 0.065015 0.000001 0.011339 0.000000 0.022911 
0.000000 0.076639 0.183067 0.000000 0.169957 0.039437 0.000000 0.025680 0.000019 0.028841 0.040636 0.000000 0.103008 0.150016 0.048204 0.022486 0.112010 
0.000000 0.000000 0.018246 0.000000 0.105001 0.009365 0.000000 0.000790 0.462519 0.000000 0.018024 0.097355 0.163402 0.000001 0.011162 0.018786 0.095349 
0.000000 0.042961 0.150622 0.015109 0.252550 0.016657 0.000000 0.037341 0.000026 0.000000 0.017799 0.000000 0.060258 0.044973 0.339133 0.000000 0.022570 
0.000000 0.000000 0.201301 0.000000 0.060674 0.087970 0.000000 0.406258 0.014388 0.018371 0.051410 0.000000 0.052535 0.000001 0.000001 0.000000 0.107090 
0.000000 0.018373 0.065113 0.008283 0.121633 0.007657 0.099602 0.033080 0.000013 0.000000 0.061338 0.000000 0.429997 0.066048 0.028688 0.000000 0.060175 
0.000000 0.000000 0.026500 0.000000 0.236542 0.029442 0.030662 0.043346 0.228487 0.000000 0.016763 0.240970 0.040261 0.029356 0.020731 0.000000 0.056939 
0.000000 0.000000 0.004729 0.000000 0.048998 0.000040 0.000000 0.128237 0.000012 0.216046 0.061278 0.000000 0.477556 0.000001 0.000001 0.000000 0.063101 
0.000000 0.051250 0.152594 0.000000 0.089965 0.015261 0.000000 0.118765 0.013485 0.213663 0.033884 0.221818 0.043920 0.014984 0.018148 0.000000 0.012265 
0.000000 0.000000 0.053416 0.000000 0.039702 0.149957 0.000000 0.023834 0.000019 0.000000 0.020541 0.000000 0.178864 0.006162 0.014277 0.000000 0.513228 
0.000000 0.042892 0.116262 0.000000 0.096592 0.028662 0.000000 0.018271 0.006348 0.024945 0.305886 0.022904 0.265638 0.015131 0.000002 0.000000 0.056466 
0.054173 0.000000 0.369519 0.000000 0.018583 0.000040 0.000000 0.089848 0.170293 0.008295 0.016959 0.000000 0.027693 0.042302 0.173209 0.000000 0.029085 
0.000000 0.042920 0.377186 0.000000 0.149394 0.028722 0.000000 0.043642 0.113762 0.000000 0.044762 0.000000 0.083148 0.072025 0.025006 0.000000 0.019433 
0.031684 0.010536 0.074461 0.000000 0.389147 0.000051 0.135027 0.086793 0.000016 0.000000 0.076219 0.095840 0.085138 0.000001 0.000002 0.000000 0.015085 
0.000000 0.000000 0.107587 0.000000 0.271817 0.178812 0.000000 0.056686 0.000018 0.000000 0.029370 0.301990 0.031884 0.000001 0.000002 0.000000 0.021833 
0.000000 0.000000 0.094716 0.000000 0.134066 0.108367 0.000000 0.044825 0.002111 0.139311 0.233073 0.000000 0.211211 0.000001 0.000002 0.010387 0.021930 
0.000000 0.000000 0.036087 0.000000 0.029558 0.053320 0.115257 0.182445 0.031796 0.000000 0.049203 0.333044 0.141409 0.000001 0.000001 0.000000 0.027878 
0.000000 0.000000 0.355519 0.000000 0.119010 0.258954 0.000000 0.009832 0.009270 0.000000 0.054877 0.000000 0.030809 0.093884 0.016862 0.000000 0.050982 
0.000000 0.000000 0.128063 0.000000 0.188060 0.143872 0.000000 0.011697 0.263258 0.028393 0.036313 0.000000 0.061340 0.000001 0.087275 0.000000 0.051727 
0.056196 0.018889 0.068156 0.015700 0.105600 0.053029 0.032914 0.012273 0.445607 0.000000 0.021901 0.000000 0.041773 0.024621 0.000002 0.000000 0.103338 
0.000000 0.000000 0.161697 0.028278 0.142681 0.101688 0.074921 0.031520 0.010885 0.000000 0.039218 0.000000 0.057326 0.081559 0.254889 0.000000 0.015339 
0.031690 0.108847 0.206689 0.000000 0.064037 0.046516 0.000000 0.006464 0.014503 0.000000 0.006095 0.000000 0.042348 0.000001 0.457966 0.000000 0.014844 
0.044798 0.000000 0.075491 0.000000 0.074413 0.008149 0.188813 0.006071 0.000018 0.000000 0.368946 0.022299 0.071653 0.000001 0.028601 0.000000 0.110748 
0.028841 0.000000 0.071271 0.000000 0.035069 0.000128 0.000000 0.008602 0.638860 0.000000 0.017278 0.000000 0.013915 0.023822 0.053983 0.000000 0.108229 
0.351550 0.000000 0.184544 0.000000 0.094806 0.006457 0.000000 0.063931 0.000021 0.000000 0.235773 0.000000 0.043089 0.000001 0.000002 0.000000 0.019827 
0.055714 0.000000 0.098751 0.015272 0.061757 0.067034 0.476529 0.042353 0.000012 0.031002 0.037237 0.000000 0.081036 0.019804 0.000002 0.000000 0.013497 
0.000000 0.071342 0.149999 0.045814 0.245347 0.047190 0.000000 0.026950 0.147309 0.000000 0.036634 0.000000 0.069210 0.125248 0.000002 0.000000 0.034956 
0.000000 0.039198 0.319625 0.000000 0.087602 0.024091 0.000000 0.032204 0.016508 0.000000 0.147539 0.000000 0.063024 0.000001 0.258099 0.000000 0.012109 
0.000000 0.000000 0.089826 0.000000 0.148252 0.017938 0.000000 0.055389 0.000022 0.019254 0.384087 0.201034 0.052381 0.000001 0.016356 0.000000 0.015459 
0.000000 0.000000 0.048772 0.000000 0.234089 0.000078 0.000000 0.117653 0.034485 0.000000 0.032720 0.026280 0.461900 0.000001 0.000002 0.000000 0.044021 
0.000000 0.000000 0.024015 0.000000 0.043682 0.003297 0.000000 0.060081 0.000015 0.000000 0.011323 0.000000 0.039312 0.000001 0.000002 0.007988 0.810284 
0.000000 0.239034 0.290369 0.000000 0.119389 0.031183 0.000000 0.048905 0.056090 0.000000 0.064623 0.015386 0.079224 0.046973 0.000002 0.000000 0.008824 
0.000000 0.000000 0.067348 0.026085 0.037708 0.012718 0.000000 0.165837 0.000019 0.000000 0.024118 0.000000 0.036572 0.000001 0.165361 0.000000 0.464233 
0.000000 0.000000 0.077298 0.000000 0.007952 0.000047 0.064657 0.301199 0.064005 0.000000 0.038597 0.000000 0.400767 0.012604 0.000002 0.000000 0.032871 
0.000000 0.000000 0.191016 0.000000 0.462346 0.011793 0.084419 0.054374 0.005536 0.000000 0.112246 0.000000 0.053545 0.000001 0.000002 0.000000 0.024722 
0.099762 0.000000 0.036729 0.000000 0.072833 0.022198 0.000000 0.088259 0.000026 0.240885 0.125608 0.060152 0.166820 0.000001 0.033712 0.000000 0.053014 
0.000000 0.000000 0.100957 0.007895 0.124298 0.303557 0.000000 0.061757 0.022891 0.056567 0.021146 0.122102 0.082951 0.064629 0.000002 0.000000 0.031247 
0.000000 0.000000 0.112830 0.000000 0.489970 0.034622 0.000000 0.002452 0.011161 0.000000 0.042417 0.000000 0.047451 0.000001 0.020954 0.020796 0.217347 
0.000000 0.000000 0.388078 0.016050 0.148265 0.043512 0.109960 0.021678 0.115546 0.050884 0.003363 0.000000 0.029668 0.031159 0.000002 0.000000 0.041836 
0.000000 0.027765 0.216186 0.025840 0.154057 0.023905 0.073245 0.021786 0.034869 0.000000 0.058495 0.000000 0.264605 0.076175 0.000002 0.000000 0.023073 
0.000000 0.019788 0.139806 0.032043 0.111413 0.040492 0.000000 0.015214 0.016743 0.000000 0.016096 0.000000 0.046802 0.038277 0.515039 0.000000 0.008287 
0.042523 0.000000 0.087121 0.000000 0.219112 0.188556 0.000000 0.144928 0.000019 0.000000 0.083569 0.000000 0.062440 0.023100 0.123059 0.000000 0.025574 
0.000000 0.031632 0.196298 0.000000 0.042061 0.012121 0.000000 0.047213 0.033643 0.000000 0.020974 0.000000 0.049957 0.000001 0.558559 0.000000 0.007541 
0.000000 0.000000 0.043641 0.000000 0.001759 0.003326 0.000000 0.007493 0.000020 0.000000 0.007268 0.000000 0.080973 0.000001 0.000002 0.000000 0.855518 
0.000000 0.077583 0.562207 0.000000 0.059371 0.027837 0.000000 0.038114 0.007487 0.055615 0.023297 0.000000 0.032803 0.051948 0.056434 0.000000 0.007304 
0.031344 0.170432 0.213668 0.000000 0.154568 0.025578 0.000000 0.044688 0.142270 0.070394 0.039364 0.000000 0.052924 0.000001 0.024943 0.000000 0.029826 
0.000000 0.000000 0.079395 0.000000 0.130036 0.123094 0.068734 0.014166 0.003111 0.020498 0.038001 0.419270 0.016118 0.021143 0.049952 0.000000 0.016482 
0.000000 0.009662 0.029423 0.000000 0.077070 0.055686 0.138569 0.030840 0.019042 0.000000 0.067670 0.000000 0.546085 0.017217 0.000002 0.000000 0.008734 
0.064353 0.097828 0.163244 0.032178 0.237000 0.016602 0.000000 0.011814 0.004974 0.000000 0.063854 0.000000 0.078837 0.213913 0.000002 0.000000 0.015399 
0.090639 0.000000 0.084311 0.000000 0.341537 0.006266 0.176150 0.032868 0.002211 0.000000 0.160656 0.000000 0.062563 0.000001 0.016817 0.000000 0.025979 
0.000000 0.039262 0.181201 0.024395 0.180098 0.136956 0.088702 0.024688 0.008375 0.000000 0.057812 0.000000 0.072700 0.109070 0.039177 0.021358 0.016205 
0.000000 0.000000 0.031626 0.013440 0.048344 0.000082 0.000000 0.028785 0.632376 0.000000 0.007909 0.076475 0.047740 0.021493 0.000002 0.000000 0.091728 
0.000000 0.000000 0.055256 0.000000 0.111028 0.020930 0.000000 0.084106 0.000022 0.504574 0.130227 0.000000 0.035107 0.005665 0.029279 0.000000 0.023806 
0.030963 0.000000 0.120894 0.000000 0.036343 0.000073 0.000000 0.036432 0.007310 0.000000 0.009080 0.180697 0.024292 0.000001 0.545996 0.000000 0.007919 
0.000000 0.010740 0.136618 0.000000 0.047005 0.053089 0.048500 0.193597 0.003108 0.000000 0.043074 0.000000 0.407003 0.000001 0.000002 0.000000 0.057263 
0.000000 0.051237 0.201197 0.029010 0.156858 0.029731 0.218623 0.018261 0.004715 0.000000 0.064815 0.000000 0.095579 0.092745 0.000002 0.000000 0.037227 
0.210929 0.038661 0.159758 0.000000 0.117896 0.016664 0.000000 0.142670 0.000019 0.000000 0.159621 0.000000 0.076206 0.000001 0.000002 0.000000 0.077575 
0.000000 0.000000 0.124094 0.021215 0.024311 0.000064 0.527732 0.024910 0.015212 0.000000 0.037063 0.000000 0.048812 0.021823 0.144619 0.000000 0.010144 
0.000000 0.000000 0.026164 0.000000 0.065757 0.002811 0.306115 0.285150 0.007661 0.000000 0.009042 0.000000 0.040920 0.000001 0.000001 0.000000 0.256377 
0.000000 0.047370 0.050108 0.000000 0.061750 0.036898 0.031921 0.079045 0.000021 0.347321 0.059620 0.140867 0.034167 0.016436 0.000002 0.000000 0.094474 
0.108416 0.000000 0.022494 0.002385 0.022348 0.003291 0.000000 0.021860 0.000017 0.018864 0.063176 0.000000 0.255656 0.000001 0.000002 0.000000 0.481490 
0.000000 0.067522 0.121038 0.000000 0.071955 0.075655 0.470532 0.003964 0.006296 0.043831 0.006556 0.000000 0.062653 0.037997 0.000002 0.000000 0.031999 
0.000000 0.014141 0.098092 0.014057 0.458633 0.025240 0.000000 0.065828 0.000019 0.026430 0.017847 0.059958 0.191357 0.000001 0.000002 0.000000 0.028395 
0.026469 0.000000 0.041990 0.000000 0.052354 0.000042 0.000000 0.279201 0.230871 0.043780 0.065623 0.053124 0.110509 0.000001 0.043942 0.000000 0.052094 
0.000000 0.000000 0.097719 0.000000 0.076167 0.021956 0.000000 0.055786 0.020033 0.000000 0.045136 0.223047 0.036892 0.000001 0.414288 0.000000 0.008975 
