-1934663.860145
0
0.000000 0.008152 0.000000 0.084501 0.000000 0.000000 0.000000 0.000000 0.000000 0.000000 0.058532 0.048748 0.000000 0.000000 0.000000 0.000000 0.000000 0.000000 0.000000 0.000000 0.000000 0.005047 0.000000 0.011524 0.000000 0.000000 0.000000 0.000000 0.000000 0.000000 0.000000 0.000000 0.000000 0.000000 0.036973 0.012162 0.000000 0.000000 0.000000 0.000000 0.000000 0.000000 0.000000 0.004629 0.000000 0.005186 0.000000 0.015447 0.003510 0.012883 0.000000 0.179760 0.000000 0.000000 0.000000 0.000000 0.094966 0.000000 0.078207 0.062793 0.000000 0.000000 0.000000 0.000000 0.006071 0.000000 0.008457 0.013566 0.000000 0.000000 0.000000 0.000000 0.000000 0.044047 0.000000 0.138455 0.000000 0.000000 0.000000 0.000000 0.000000 0.019095 0.000000 0.014535 0.000000 0.000000 0.000000 0.004222 0.000000 0.011032 0.000000 0.003358 0.000000 0.004611 0.000000 0.009530 
0.000000 0.000000 0.000000 0.006763 0.001028 0.000000 0.000000 0.000000 0.000000 0.000000 0.000000 0.003557 0.000000 0.000000 0.000000 0.000000 0.000000 0.003556 0.000000 0.002091 0.000000 0.005377 0.003232 0.012702 0.002926 0.000000 0.000000 0.018082 0.000000 0.000548 0.000000 0.000000 0.000000 0.000000 0.007579 0.000000 0.000000 0.000000 0.000000 0.000000 0.000000 0.000000 0.000000 0.000000 0.000000 0.000000 0.003922 0.019788 0.001410 0.000000 0.000000 0.000000 0.000000 0.000000 0.000000 0.000000 0.000000 0.000000 0.012411 0.010226 0.000000 0.000000 0.000000 0.000000 0.002623 0.007162 0.001817 0.012794 0.000000 0.002724 0.000000 0.000000 0.045749 0.009641 0.002264 0.366145 0.000000 0.000000 0.000000 0.000000 0.000000 0.021117 0.254831 0.039990 0.000000 0.000000 0.000000 0.001331 0.000000 0.010759 0.007221 0.008308 0.000000 0.010601 0.001289 0.078435 
0.000000 0.000000 0.000000 0.000000 0.000000 0.000386 0.000000 0.000000 0.007411 0.000867 0.000000 0.000000 0.000000 0.000000 0.000000 0.000000 0.000788 0.000000 0.000000 0.000000 0.000000 0.000000 0.000000 0.000000 0.000000 0.000000 0.000000 0.000000 0.000000 0.000000 0.000000 0.000000 0.015115 0.000000 0.003266 0.007228 0.000000 0.000551 0.000000 0.000000 0.000000 0.000000 0.000000 0.001156 0.000000 0.000000 0.000000 0.000000 0.000000 0.000000 0.000000 0.000000 0.000000 0.000000 0.000000 0.000000 0.005730 0.000000 0.000000 0.001923 0.000000 0.000000 0.000000 0.000000 0.000000 0.000000 0.000000 0.000000 0.000000 0.000000 0.000000 0.000000 0.013737 0.005602 0.001999 0.014483 0.040222 0.000000 0.000000 0.068454 0.442802 0.081181 0.048667 0.237768 0.000000 0.000000 0.000000 0.000000 0.000000 0.000663 0.000000 0.000000 0.000000 0.000000 0.000000 0.000000 
0.000000 0.000000 0.000000 0.000000 0.001899 0.000000 0.000000 0.000000 0.108371 0.059040 0.000000 0.000000 0.000000 0.000000 0.000000 0.000000 0.000000 0.010937 0.000000 0.000000 0.000000 0.000000 0.003190 0.000000 0.009902 0.036103 0.000000 0.675463 0.000000 0.000000 0.000000 0.000000 0.000000 0.000000 0.000000 0.000000 0.000000 0.011819 0.000000 0.014375 0.000000 0.016755 0.000000 0.000000 0.000000 0.000000 0.000000 0.000000 0.000000 0.026733 0.000889 0.000000 0.000000 0.000000 0.000000 0.000000 0.000000 0.000000 0.000000 0.000006 0.000000 0.007344 0.000000 0.000000 0.000000 0.000000 0.000000 0.000000 0.000000 0.006981 0.000000 0.000000 0.000000 0.000000 0.000000 0.000000 0.000000 0.000000 0.000000 0.000000 0.000000 0.000000 0.000000 0.000000 0.000000 0.004213 0.000000 0.000000 0.000000 0.000000 0.005976 0.000000 0.000000 0.000000 0.000000 0.000000 
0.051999 0.042365 0.000000 0.046472 0.000000 0.000000 0.000000 0.000000 0.013682 0.000000 0.007960 0.029164 0.019631 0.017093 0.021616 0.038885 0.016686 0.008063 0.008982 0.028560 0.007127 0.000000 0.009007 0.000000 0.041521 0.027444 0.000000 0.000000 0.000000 0.003511 0.000000 0.000000 0.000000 0.000000 0.000000 0.023007 0.015478 0.019346 0.019340 0.033524 0.003706 0.007872 0.000467 0.009433 0.004201 0.000000 0.007107 0.007931 0.028720 0.014617 0.000000 0.027444 0.000000 0.000000 0.000000 0.000000 0.000000 0.000000 0.000000 0.007861 0.012984 0.009236 0.010845 0.026528 0.000000 0.003070 0.000000 0.009605 0.000000 0.000000 0.000000 0.005651 0.036890 0.014484 0.000000 0.053106 0.004732 0.000000 0.000000 0.000000 0.000000 0.000000 0.000000 0.011058 0.023911 0.011684 0.013384 0.047234 0.000000 0.000000 0.000000 0.014882 0.003932 0.000000 0.007225 0.009735 
0.015246 0.011236 0.000000 0.005593 0.065266 0.029597 0.010804 0.060957 0.026160 0.003171 0.002702 0.014563 0.006898 0.007822 0.002257 0.000316 0.000000 0.003637 0.000000 0.013353 0.000000 0.000000 0.015433 0.015796 0.004423 0.000000 0.000000 0.000000 0.040042 0.027755 0.009032 0.058349 0.019698 0.000000 0.000000 0.004693 0.009945 0.015902 0.010839 0.021720 0.000000 0.014169 0.000000 0.008030 0.000000 0.011428 0.020707 0.007345 0.000000 0.005635 0.000000 0.010165 0.026912 0.020063 0.000000 0.039737 0.016472 0.000000 0.000000 0.006806 0.000000 0.006642 0.011426 0.009933 0.000000 0.002767 0.000000 0.000000 0.006129 0.007414 0.038754 0.008938 0.000000 0.013562 0.000000 0.001593 0.000000 0.034958 0.000000 0.039937 0.000000 0.000000 0.000000 0.000000 0.000000 0.010137 0.002994 0.009701 0.002681 0.016285 0.000000 0.000000 0.000000 0.015622 0.023818 0.016033 
0.000000 0.000000 0.000000 0.000000 0.000000 0.000000 0.000000 0.000000 0.000000 0.009957 0.000000 0.000000 0.001243 0.000000 0.000000 0.002845 0.000000 0.000000 0.000000 0.000000 0.000000 0.000000 0.000787 0.000000 0.000000 0.000000 0.000000 0.000000 0.000000 0.000000 0.000966 0.000000 0.080303 0.103016 0.025115 0.078668 0.000000 0.000000 0.000000 0.001065 0.000000 0.000000 0.000000 0.003410 0.000000 0.001580 0.000000 0.000000 0.000000 0.000000 0.000000 0.000000 0.000000 0.000000 0.000000 0.000000 0.000000 0.013722 0.000000 0.014516 0.000000 0.000000 0.000000 0.000105 0.000000 0.000000 0.000000 0.008428 0.000000 0.000000 0.001679 0.000000 0.000000 0.000000 0.000000 0.000000 0.000000 0.001230 0.000000 0.000000 0.117343 0.321142 0.117795 0.079559 0.000000 0.001199 0.000000 0.005225 0.001951 0.000000 0.001987 0.002024 0.000000 0.000000 0.001152 0.001990 
0.000000 0.000681 0.000000 0.000000 0.004045 0.000000 0.000000 0.005065 0.001206 0.000000 0.000000 0.000000 0.000906 0.001121 0.000000 0.001020 0.000000 0.000000 0.000000 0.000000 0.000000 0.000516 0.000000 0.000000 0.000000 0.000000 0.000000 0.000000 0.006671 0.001386 0.000167 0.006499 0.000000 0.000000 0.000000 0.000000 0.000000 0.000000 0.000000 0.000000 0.000000 0.000000 0.000000 0.000000 0.000000 0.000000 0.000000 0.000000 0.000000 0.000768 0.000000 0.000000 0.000371 0.001040 0.000000 0.002928 0.000000 0.000000 0.000000 0.000002 0.000000 0.000181 0.000000 0.000000 0.000000 0.000000 0.000000 0.000000 0.000000 0.000372 0.000000 0.000000 0.057137 0.019038 0.002323 0.018647 0.322630 0.079511 0.011058 0.381260 0.069619 0.003833 0.000000 0.000000 0.000000 0.000000 0.000000 0.000000 0.000000 0.000000 0.000000 0.000000 0.000000 0.000000 0.000000 0.000000 
0.011135 0.000000 0.000000 0.000000 0.000000 0.014502 0.000000 0.004380 0.056525 0.000000 0.000000 0.000000 0.012667 0.011656 0.035746 0.026705 0.081948 0.018271 0.051715 0.068551 0.000000 0.009304 0.010709 0.000000 0.000000 0.000000 0.004181 0.027960 0.000000 0.005891 0.000000 0.000000 0.044991 0.000000 0.022791 0.002837 0.000000 0.000000 0.011080 0.010426 0.020419 0.000000 0.021443 0.024321 0.000000 0.000000 0.009780 0.023318 0.019535 0.011232 0.000000 0.000000 0.000000 0.007595 0.000000 0.000000 0.038180 0.008609 0.000000 0.023214 0.021801 0.000000 0.011120 0.000000 0.000000 0.000000 0.000000 0.013199 0.000000 0.000000 0.000000 0.000000 0.025077 0.000000 0.006139 0.026734 0.000000 0.005326 0.006536 0.000000 0.000000 0.000000 0.000000 0.000000 0.033909 0.000000 0.016683 0.000000 0.000000 0.007689 0.012688 0.021287 0.000000 0.008618 0.003357 0.028220 
0.000000 0.000000 0.059243 0.000000 0.000000 0.000000 0.000000 0.000000 0.000019 0.000000 0.000000 0.000000 0.000000 0.000000 0.000000 0.000000 0.000000 0.000002 0.000000 0.000001 0.000000 0.000000 0.000000 0.000000 0.000003 0.000000 0.000000 0.000000 0.000000 0.000000 0.000000 0.000000 0.310922 0.000000 0.000001 0.000015 0.000000 0.000000 0.000000 0.000000 0.000000 0.000000 0.000000 0.000007 0.000000 0.000000 0.000000 0.000003 0.000000 0.000007 0.000000 0.000000 0.000000 0.000000 0.000000 0.000000 0.000007 0.000000 0.000000 0.000681 0.000000 0.000000 0.000000 0.000000 0.000000 0.000000 0.000000 0.000003 0.000000 0.000000 0.000000 0.000000 0.000001 0.000033 0.000000 0.000025 0.000000 0.000000 0.629022 0.000000 0.000000 0.000000 0.000000 0.000000 0.000000 0.000000 0.000000 0.000000 0.000000 0.000000 0.000000 0.000000 0.000000 0.000000 0.000000 0.000001 
0.000000 0.000000 0.000000 0.000000 0.004131 0.000000 0.000000 0.004609 0.000000 0.000000 0.000000 0.000000 0.013630 0.000000 0.000000 0.018771 0.022518 0.003662 0.008735 0.023155 0.060089 0.010451 0.005597 0.038967 0.000000 0.000000 0.000000 0.000000 0.000000 0.000000 0.000000 0.002228 0.000000 0.000000 0.000000 0.000000 0.000000 0.000000 0.000000 0.000000 0.014374 0.002792 0.012500 0.042329 0.044158 0.009678 0.017004 0.097568 0.010641 0.002947 0.000000 0.003307 0.000000 0.002233 0.000000 0.006415 0.000000 0.000000 0.000000 0.002775 0.000000 0.000000 0.000000 0.000000 0.000000 0.005339 0.000000 0.005021 0.014012 0.000000 0.004449 0.032230 0.030736 0.000000 0.000000 0.045400 0.000000 0.000000 0.000000 0.000000 0.000000 0.000000 0.000000 0.000000 0.032825 0.000000 0.022618 0.000000 0.010770 0.011977 0.004466 0.046162 0.110445 0.013361 0.012863 0.112061 
0.040909 0.033663 0.024608 0.025230 0.011695 0.004593 0.002947 0.005022 0.010738 0.000000 0.000000 0.000000 0.004330 0.002469 0.008386 0.000000 0.005611 0.000000 0.006298 0.000000 0.000000 0.000000 0.000000 0.000000 0.056779 0.073099 0.011531 0.059177 0.011663 0.010326 0.006155 0.011376 0.022288 0.006941 0.007795 0.015522 0.008156 0.010544 0.041768 0.010392 0.004171 0.000000 0.010468 0.003846 0.000000 0.000920 0.004849 0.000000 0.042788 0.049321 0.025961 0.028953 0.009079 0.010801 0.008566 0.006747 0.005920 0.000000 0.000000 0.002132 0.007136 0.005824 0.015381 0.002817 0.003282 0.000000 0.002481 0.000000 0.000000 0.000000 0.001305 0.000000 0.036717 0.067579 0.013806 0.041383 0.000000 0.012629 0.003704 0.000000 0.000000 0.000000 0.000000 0.000000 0.002760 0.004720 0.008633 0.000000 0.000000 0.000000 0.002233 0.000000 0.000000 0.000000 0.002078 0.000998 
0.000000 0.000000 0.000000 0.000000 0.002460 0.000000 0.000000 0.003337 0.026869 0.000000 0.000000 0.021345 0.000000 0.000000 0.000000 0.005306 0.000000 0.000000 0.044814 0.000000 0.000000 0.000000 0.000000 0.000000 0.013838 0.054606 0.021316 0.000000 0.000000 0.000000 0.000000 0.000000 0.000000 0.000000 0.107749 0.000000 0.000000 0.000000 0.000000 0.000000 0.008798 0.000000 0.060132 0.000000 0.000000 0.004826 0.017185 0.017329 0.000000 0.000000 0.004081 0.000000 0.000000 0.007421 0.000000 0.004766 0.138717 0.114848 0.148836 0.092780 0.000000 0.004212 0.002962 0.000000 0.000000 0.000000 0.017749 0.000000 0.000000 0.000000 0.000000 0.000000 0.000000 0.000000 0.001845 0.000000 0.000000 0.000000 0.003454 0.000000 0.017135 0.000000 0.000000 0.000000 0.000000 0.000000 0.000000 0.000000 0.000000 0.000000 0.010144 0.000000 0.000000 0.004217 0.000000 0.016920 
0.000000 0.000000 0.000000 0.000000 0.000000 0.000000 0.000000 0.000000 0.000004 0.000000 0.000000 0.000000 0.000000 0.000000 0.075985 0.000000 0.000000 0.000000 0.000000 0.179301 0.000000 0.000000 0.031119 0.000000 0.052346 0.000000 0.000000 0.000000 0.000000 0.000000 0.000000 0.000000 0.000000 0.000000 0.000000 0.000003 0.000000 0.000000 0.000000 0.000000 0.000000 0.000000 0.000000 0.000001 0.000000 0.000000 0.000000 0.000000 0.000000 0.000002 0.000000 0.000000 0.000000 0.000000 0.000000 0.000000 0.000002 0.000000 0.000000 0.071065 0.028931 0.000000 0.000000 0.048870 0.000000 0.000000 0.000000 0.000001 0.000000 0.000000 0.000000 0.000000 0.000000 0.049769 0.000000 0.000006 0.000000 0.000000 0.000000 0.430668 0.000000 0.000000 0.000000 0.000000 0.031926 0.000000 0.000000 0.000000 0.000000 0.000000 0.000000 0.000000 0.000000 0.000000 0.000000 0.000000 
0.000000 0.000000 0.000000 0.000000 0.000000 0.000000 0.000000 0.001119 0.024617 0.118753 0.000000 0.068643 0.000000 0.000000 0.001425 0.000000 0.000000 0.001507 0.000000 0.000000 0.000000 0.000000 0.000000 0.000000 0.000000 0.000000 0.000000 0.000000 0.000000 0.000000 0.000732 0.000000 0.034098 0.164706 0.009764 0.086702 0.000000 0.000435 0.000000 0.000000 0.000000 0.000000 0.000000 0.000773 0.000000 0.000000 0.001249 0.000655 0.000000 0.000000 0.000000 0.000000 0.000000 0.000000 0.000000 0.000000 0.028253 0.102057 0.000000 0.056456 0.000000 0.000000 0.000000 0.000000 0.000000 0.000000 0.000618 0.001637 0.000000 0.000000 0.001351 0.000000 0.000000 0.001750 0.000000 0.000000 0.000000 0.001113 0.000000 0.000000 0.022773 0.172402 0.000000 0.095133 0.000000 0.000000 0.000000 0.000000 0.000000 0.001279 0.000000 0.000000 0.000000 0.000000 0.000000 0.000000 
0.000000 0.000000 0.000000 0.000000 0.000000 0.000000 0.000000 0.000000 0.000000 0.000000 0.000000 0.000000 0.005162 0.006288 0.000000 0.000000 0.058304 0.042770 0.067793 0.025775 0.000000 0.000000 0.000000 0.002989 0.009080 0.005282 0.002854 0.000000 0.000000 0.000000 0.000000 0.000000 0.018449 0.000000 0.000000 0.017705 0.000000 0.007790 0.000000 0.000000 0.041828 0.054796 0.061213 0.042108 0.000000 0.006093 0.002928 0.004258 0.000000 0.004992 0.000000 0.000000 0.000000 0.000000 0.000000 0.000000 0.012170 0.000000 0.000000 0.008633 0.000000 0.004626 0.000000 0.000000 0.081424 0.035037 0.058626 0.053726 0.000000 0.000000 0.000000 0.002607 0.000000 0.009310 0.001474 0.000000 0.002957 0.000000 0.000000 0.000000 0.006458 0.000000 0.000000 0.000000 0.000000 0.016220 0.000000 0.006094 0.069907 0.046762 0.043860 0.048439 0.000000 0.003212 0.000000 0.000000 
0.005035 0.007825 0.000000 0.002390 0.000000 0.002625 0.000000 0.003062 0.038203 0.005516 0.273483 0.006324 0.001634 0.000951 0.000000 0.006243 0.012072 0.002808 0.005144 0.005677 0.000000 0.004552 0.000000 0.004544 0.002600 0.006607 0.001372 0.014532 0.000000 0.000000 0.000000 0.000000 0.019092 0.003112 0.153716 0.007393 0.000000 0.000000 0.000000 0.000000 0.000000 0.000793 0.003105 0.002293 0.000000 0.002947 0.000000 0.000000 0.005864 0.005028 0.000000 0.000000 0.000000 0.001657 0.000000 0.000000 0.025554 0.018255 0.144175 0.011161 0.000000 0.000000 0.000000 0.000000 0.007229 0.000000 0.000000 0.006513 0.000000 0.000000 0.000000 0.000000 0.008635 0.008470 0.001854 0.005510 0.000000 0.000000 0.000000 0.000000 0.000000 0.000000 0.122938 0.000000 0.002801 0.000000 0.000000 0.000000 0.006698 0.000000 0.009591 0.000000 0.000000 0.000000 0.002414 0.000000 
0.000000 0.000000 0.000000 0.005302 0.000000 0.000000 0.000416 0.000000 0.009825 0.015818 0.015420 0.002826 0.000000 0.010199 0.000000 0.009275 0.005469 0.004351 0.001819 0.004539 0.000000 0.000000 0.000958 0.001806 0.011906 0.007584 0.002084 0.025461 0.000000 0.000000 0.000000 0.000000 0.000000 0.000000 0.000000 0.006565 0.001135 0.004618 0.000000 0.000000 0.000000 0.000000 0.004269 0.000000 0.000000 0.001296 0.000000 0.006177 0.000000 0.010530 0.001126 0.044546 0.001064 0.000000 0.000000 0.000835 0.058503 0.192494 0.250883 0.103714 0.000000 0.003980 0.002417 0.004124 0.014367 0.063719 0.017117 0.007417 0.000000 0.003322 0.005300 0.022407 0.001095 0.002344 0.001847 0.011931 0.000000 0.002557 0.000000 0.000000 0.000000 0.006461 0.000000 0.000000 0.000000 0.000000 0.000000 0.000000 0.000000 0.006778 0.000000 0.000000 0.000000 0.000000 0.000000 0.000000 
0.000000 0.000000 0.029597 0.008404 0.015725 0.029878 0.370498 0.011537 0.000000 0.000000 0.018938 0.129229 0.000000 0.030533 0.160828 0.046904 0.095204 0.052725 
0.028485 0.359655 0.074576 0.000010 0.065498 0.060129 0.000000 0.018764 0.057043 0.000000 0.022658 0.047281 0.000000 0.000000 0.046636 0.109300 0.039870 0.070095 
0.000000 0.247702 0.104065 0.000015 0.008890 0.000575 0.235427 0.000003 0.000000 0.000000 0.015605 0.019197 0.000000 0.000000 0.022806 0.045568 0.060396 0.239751 
0.022044 0.000000 0.029984 0.008386 0.085072 0.084979 0.367600 0.005926 0.071464 0.000000 0.028567 0.007491 0.044656 0.000000 0.100930 0.101526 0.033234 0.008141 
0.012007 0.000000 0.028338 0.040851 0.053565 0.026215 0.000000 0.027322 0.000000 0.000000 0.001946 0.111437 0.225792 0.000000 0.050108 0.122969 0.264705 0.034744 
0.188458 0.192362 0.012133 0.081572 0.047919 0.007199 0.000000 0.000003 0.000000 0.000000 0.000028 0.158462 0.030642 0.000000 0.085338 0.042876 0.061865 0.091143 
0.020751 0.000000 0.021555 0.024273 0.271280 0.096624 0.000000 0.091731 0.000000 0.000000 0.000059 0.063923 0.063086 0.000000 0.150449 0.086228 0.094498 0.015542 
0.153395 0.000000 0.060339 0.046791 0.081968 0.023345 0.000000 0.000005 0.000000 0.000000 0.280971 0.036561 0.016266 0.011471 0.092675 0.076336 0.066854 0.053024 
0.000000 0.000000 0.006760 0.000014 0.104186 0.038588 0.000000 0.012557 0.000000 0.000000 0.000044 0.723668 0.000000 0.000000 0.064517 0.035255 0.003156 0.011255 
0.000000 0.000000 0.026206 0.005387 0.062803 0.006522 0.096109 0.049164 0.031600 0.000000 0.002474 0.195704 0.000000 0.000000 0.052148 0.320787 0.024578 0.126517 
0.125214 0.000000 0.017128 0.097306 0.048602 0.062622 0.000000 0.000004 0.000000 0.000000 0.000928 0.012367 0.103952 0.000000 0.258347 0.035653 0.160300 0.077576 
0.000000 0.000000 0.023336 0.004983 0.080633 0.121660 0.455702 0.009038 0.025726 0.000000 0.060927 0.021686 0.000000 0.000000 0.057645 0.110688 0.012426 0.015548 
0.000000 0.000000 0.012311 0.055298 0.007865 0.002825 0.083381 0.045286 0.000000 0.000000 0.010136 0.079665 0.277916 0.000000 0.067926 0.045536 0.240437 0.071418 
0.000000 0.015643 0.019824 0.008444 0.099046 0.062731 0.000000 0.003575 0.000000 0.000000 0.009987 0.047524 0.000000 0.000000 0.046294 0.083144 0.128083 0.475705 
0.000000 0.000000 0.034197 0.000015 0.105289 0.050311 0.000000 0.024616 0.109857 0.000000 0.069449 0.053098 0.000000 0.000000 0.051075 0.425090 0.019195 0.057808 
0.000000 0.000000 0.005890 0.050276 0.245541 0.054919 0.053369 0.000003 0.000000 0.000000 0.000062 0.038989 0.166559 0.000000 0.032859 0.046982 0.208837 0.095714 
0.000000 0.167598 0.038136 0.009324 0.090118 0.023217 0.000000 0.005916 0.000000 0.000000 0.055693 0.298527 0.000000 0.000000 0.044326 0.080180 0.028610 0.158354 
0.000000 0.000000 0.031717 0.012614 0.109986 0.042882 0.000000 0.100596 0.000000 0.000000 0.259156 0.008929 0.032249 0.000000 0.036933 0.116781 0.057130 0.191028 
0.033005 0.000000 0.025324 0.029057 0.040858 0.060497 0.000000 0.000002 0.037538 0.000000 0.062684 0.073887 0.072508 0.000000 0.406395 0.039721 0.087325 0.031199 
0.000000 0.000000 0.047687 0.006892 0.225039 0.033137 0.019764 0.004743 0.000000 0.000000 0.000040 0.023419 0.000000 0.000000 0.201565 0.064145 0.063470 0.310099 
0.039457 0.000000 0.055272 0.014420 0.056849 0.013101 0.063681 0.036283 0.000000 0.000000 0.000020 0.010056 0.000000 0.000000 0.614887 0.014455 0.028251 0.053269 
0.000000 0.000000 0.011807 0.016166 0.262544 0.023427 0.008943 0.004858 0.037252 0.000000 0.315913 0.031058 0.000000 0.000000 0.013088 0.134336 0.056069 0.084539 
0.033398 0.000000 0.026468 0.000014 0.101657 0.013761 0.021799 0.000002 0.029419 0.000000 0.000029 0.470804 0.000000 0.000000 0.048267 0.183169 0.031734 0.039478 
0.000000 0.000000 0.254083 0.001991 0.017067 0.001130 0.539398 0.000004 0.000000 0.000000 0.000031 0.002578 0.000000 0.000000 0.158863 0.018072 0.002744 0.004039 
0.012794 0.579908 0.020387 0.000015 0.033952 0.000492 0.000000 0.007225 0.010302 0.000000 0.027314 0.001936 0.000000 0.000000 0.035082 0.071443 0.108854 0.090297 
0.000000 0.000000 0.017684 0.000009 0.018017 0.000488 0.000000 0.000004 0.000000 0.000000 0.010190 0.010303 0.000000 0.000000 0.867626 0.010752 0.042356 0.022571 
0.052220 0.000000 0.007561 0.046456 0.193830 0.187824 0.000000 0.017672 0.000000 0.000000 0.010559 0.273028 0.000000 0.000000 0.057726 0.078719 0.020281 0.054124 
0.000000 0.000000 0.136616 0.021003 0.011552 0.003117 0.389519 0.000004 0.000000 0.000000 0.048335 0.021571 0.000000 0.000000 0.111380 0.040469 0.051945 0.164490 
0.000000 0.000000 0.012242 0.040799 0.097244 0.155356 0.208479 0.015309 0.000000 0.000000 0.000056 0.027881 0.176703 0.000000 0.063130 0.075411 0.111165 0.016224 
0.000000 0.000000 0.032915 0.000012 0.131381 0.072127 0.000000 0.077902 0.108954 0.000000 0.026414 0.027609 0.000000 0.000000 0.103423 0.110746 0.284846 0.023671 
0.000000 0.000000 0.252102 0.023481 0.390482 0.084112 0.034130 0.022723 0.000000 0.000000 0.000051 0.073789 0.000000 0.000000 0.023258 0.051287 0.028229 0.016354 
0.000000 0.000000 0.048222 0.015077 0.073285 0.049426 0.000000 0.049698 0.000000 0.000000 0.006148 0.020607 0.079473 0.000000 0.519400 0.021267 0.073675 0.043723 
0.036756 0.019634 0.010345 0.018307 0.016864 0.013553 0.000000 0.003068 0.000000 0.000000 0.004418 0.006427 0.000000 0.000000 0.072962 0.095955 0.248751 0.452960 
0.000000 0.000000 0.097581 0.000017 0.084511 0.060455 0.000000 0.294271 0.000000 0.000000 0.137243 0.016848 0.000000 0.000000 0.057280 0.155854 0.017897 0.078042 
0.010995 0.000000 0.200432 0.000010 0.053327 0.100269 0.000000 0.340304 0.032842 0.010138 0.004061 0.034714 0.000000 0.000000 0.115008 0.074361 0.012045 0.011495 
0.034280 0.032070 0.024165 0.000014 0.028560 0.024682 0.000000 0.000004 0.000000 0.000000 0.000052 0.247526 0.000000 0.000000 0.426664 0.042845 0.037611 0.101525 
0.126128 0.000000 0.053779 0.094142 0.009839 0.005194 0.000000 0.238720 0.000000 0.000000 0.000026 0.023325 0.000000 0.000000 0.057149 0.082956 0.081488 0.227255 
0.012543 0.221315 0.248821 0.000011 0.004055 0.007157 0.093727 0.093670 0.000000 0.000000 0.013978 0.010085 0.000000 0.000000 0.031362 0.035501 0.070014 0.157761 
0.077192 0.000000 0.039777 0.051809 0.085587 0.042087 0.000000 0.000003 0.000000 0.000000 0.023416 0.036021 0.000000 0.000000 0.451304 0.071536 0.063987 0.057281 
0.000000 0.000000 0.025920 0.000012 0.089368 0.015026 0.000000 0.000003 0.000000 0.000000 0.020303 0.140020 0.000000 0.000000 0.049331 0.513068 0.015670 0.131278 
0.069409 0.000000 0.038788 0.014728 0.069293 0.012471 0.000000 0.000005 0.000000 0.000000 0.005967 0.314861 0.000000 0.000000 0.094981 0.045378 0.298466 0.035652 
0.000000 0.000000 0.437507 0.008836 0.102055 0.041542 0.000000 0.000004 0.000000 0.005623 0.173355 0.005297 0.000000 0.000000 0.037267 0.153523 0.034502 0.000489 
0.000000 0.027977 0.006133 0.007108 0.037229 0.035266 0.049483 0.000003 0.000000 0.000000 0.005509 0.006627 0.028348 0.000000 0.301035 0.194090 0.079944 0.221248 
0.220467 0.000000 0.014206 0.089658 0.091716 0.034213 0.000000 0.000004 0.000000 0.000000 0.120699 0.038833 0.000000 0.000000 0.082112 0.105510 0.078837 0.123745 
0.000000 0.000000 0.028226 0.010844 0.076467 0.029395 0.000000 0.000005 0.059716 0.000000 0.068694 0.174715 0.000000 0.000000 0.082287 0.068234 0.349749 0.051668 
0.022309 0.047149 0.010758 0.045753 0.449408 0.155252 0.000000 0.009983 0.000000 0.000000 0.012019 0.070239 0.000000 0.000000 0.032258 0.069469 0.051899 0.023505 
0.063261 0.000000 0.008662 0.012584 0.026716 0.021461 0.000000 0.000003 0.007677 0.000000 0.000044 0.037122 0.000000 0.000000 0.118730 0.190470 0.062966 0.450304 
0.000000 0.000000 0.015792 0.000011 0.045632 0.051798 0.000000 0.005418 0.000000 0.000000 0.015620 0.024446 0.000000 0.000000 0.366518 0.216167 0.067768 0.190830 
0.000000 0.000000 0.091262 0.000016 0.025974 0.015957 0.537700 0.216851 0.000000 0.000000 0.006509 0.023679 0.000000 0.010800 0.027894 0.016463 0.010679 0.016216 
0.000000 0.451638 0.018840 0.000013 0.108481 0.143858 0.000000 0.007212 0.000000 0.000000 0.013384 0.047776 0.000000 0.000000 0.094581 0.079784 0.030864 0.003569 
0.154474 0.000000 0.039363 0.084811 0.095997 0.050263 0.000000 0.197050 0.000000 0.000000 0.024608 0.018030 0.029048 0.000000 0.077362 0.055735 0.081020 0.092240 
0.024634 0.000000 0.262421 0.049829 0.084822 0.025364 0.000000 0.000003 0.000000 0.000000 0.018802 0.011853 0.186874 0.000000 0.052624 0.064975 0.170958 0.046841 
0.000000 0.000000 0.057816 0.000013 0.034331 0.002675 0.072970 0.541658 0.000000 0.000000 0.000029 0.226532 0.000000 0.000000 0.014247 0.017918 0.009741 0.022070 
0.025704 0.000000 0.479274 0.024202 0.146051 0.044515 0.000000 0.000003 0.000000 0.000000 0.091383 0.023518 0.000000 0.000000 0.046413 0.022368 0.047322 0.049247 
0.000000 0.000000 0.069646 0.003284 0.287362 0.159624 0.090087 0.010175 0.050415 0.000000 0.000037 0.051067 0.000000 0.000000 0.050481 0.087070 0.081892 0.058861 
0.000000 0.000000 0.375803 0.017538 0.238593 0.052740 0.000000 0.000004 0.000000 0.000000 0.103097 0.026840 0.000000 0.000000 0.030869 0.080436 0.070313 0.003767 
0.000000 0.000000 0.344543 0.019292 0.269701 0.070721 0.000000 0.000004 0.028947 0.000000 0.000031 0.088759 0.000000 0.000000 0.023370 0.081880 0.041970 0.030781 
0.266369 0.018542 0.035331 0.130376 0.076477 0.002338 0.000000 0.053872 0.000000 0.000000 0.096090 0.001182 0.000000 0.000000 0.085194 0.041377 0.058779 0.134074 
0.000000 0.000000 0.035244 0.020171 0.158040 0.215051 0.000000 0.026468 0.000000 0.000000 0.029468 0.076716 0.000000 0.018276 0.058056 0.109665 0.030839 0.222006 
0.000000 0.000000 0.020393 0.000016 0.252340 0.138960 0.010956 0.013557 0.115587 0.000000 0.026011 0.082047 0.000000 0.000000 0.101076 0.149609 0.045125 0.044323 
0.010767 0.000000 0.054820 0.009942 0.044564 0.006783 0.645719 0.000004 0.000000 0.000000 0.000031 0.116151 0.000000 0.000000 0.056590 0.013911 0.018909 0.021810 
0.000000 0.000000 0.016785 0.000017 0.162122 0.013438 0.000000 0.000002 0.000000 0.000000 0.000045 0.201991 0.000000 0.000000 0.557221 0.007711 0.025804 0.014863 
0.000000 0.000000 0.135748 0.000016 0.067860 0.205357 0.000000 0.054309 0.071340 0.000000 0.022057 0.186185 0.000000 0.000000 0.077839 0.138237 0.021830 0.019222 
0.000000 0.000000 0.292976 0.013115 0.018911 0.017940 0.000000 0.000003 0.000000 0.000000 0.000025 0.016599 0.038160 0.000000 0.446421 0.017454 0.071861 0.066535 
0.000000 0.000000 0.054391 0.000012 0.036813 0.006515 0.159070 0.000004 0.026150 0.000000 0.000026 0.584911 0.000000 0.000000 0.056790 0.045918 0.027718 0.001683 
0.018435 0.257771 0.165749 0.000009 0.006244 0.003841 0.426714 0.000003 0.000000 0.000000 0.004107 0.005411 0.000000 0.000000 0.057890 0.034881 0.002032 0.016913 
0.000000 0.143603 0.030804 0.008903 0.100350 0.025129 0.000000 0.000005 0.023876 0.000000 0.261317 0.092605 0.000000 0.000000 0.105290 0.121843 0.044528 0.041747 
0.000000 0.000000 0.018522 0.000011 0.082893 0.001644 0.000000 0.000002 0.000000 0.000000 0.004228 0.191891 0.036712 0.000000 0.056296 0.445082 0.056330 0.106390 
0.000000 0.000000 0.502288 0.000018 0.049854 0.042989 0.000000 0.076323 0.000000 0.000000 0.011667 0.020099 0.000000 0.000000 0.057034 0.032078 0.184580 0.023071 
0.032502 0.000000 0.018758 0.007626 0.061673 0.024690 0.000000 0.007279 0.034388 0.000000 0.000039 0.661118 0.000000 0.000000 0.045939 0.048642 0.021774 0.035574 
0.000000 0.237273 0.005508 0.015689 0.322771 0.087696 0.021316 0.000005 0.000000 0.000000 0.037354 0.086846 0.000000 0.000000 0.025142 0.072440 0.044691 0.043268 
0.000000 0.000000 0.027253 0.033614 0.440249 0.067646 0.000000 0.023968 0.000000 0.000000 0.000039 0.062712 0.000000 0.000000 0.030409 0.235392 0.038000 0.040717 
0.000000 0.000000 0.043359 0.019867 0.050059 0.027030 0.000000 0.129780 0.000000 0.000000 0.011339 0.002463 0.085583 0.000000 0.354174 0.122614 0.082756 0.070976 
0.000000 0.000000 0.025122 0.000017 0.031113 0.003656 0.000000 0.000003 0.000000 0.000000 0.000036 0.023928 0.000000 0.000000 0.607595 0.035716 0.254041 0.018772 
0.000000 0.000000 0.217842 0.004202 0.097447 0.035966 0.038317 0.009645 0.021466 0.000000 0.231210 0.060661 0.000000 0.000000 0.045938 0.061717 0.146135 0.029454 
0.000000 0.000000 0.032959 0.011970 0.166368 0.039647 0.000000 0.055543 0.015969 0.000000 0.139388 0.012464 0.028612 0.000000 0.030227 0.459119 0.006088 0.001646 
0.000000 0.090828 0.006143 0.000016 0.145158 0.104193 0.000000 0.000004 0.155417 0.000000 0.028858 0.096000 0.000000 0.000000 0.070688 0.164329 0.079904 0.058461 
0.000000 0.000000 0.024095 0.012605 0.166810 0.126393 0.085053 0.000004 0.075675 0.000000 0.006887 0.018304 0.027978 0.000000 0.074373 0.341164 0.030289 0.010372 
0.000000 0.161873 0.085097 0.013780 0.006051 0.004165 0.000000 0.615941 0.000000 0.000000 0.009901 0.030085 0.000000 0.000000 0.021825 0.020474 0.028590 0.002217 
0.000000 0.000000 0.012121 0.024487 0.099515 0.139372 0.000000 0.000004 0.000000 0.000000 0.020322 0.137616 0.212006 0.000000 0.035467 0.089235 0.150660 0.079194 
0.000000 0.000000 0.001783 0.000010 0.112069 0.048455 0.000000 0.008319 0.066496 0.000000 0.048924 0.547088 0.000000 0.000000 0.064082 0.067770 0.022652 0.012352 
0.000000 0.000000 0.100103 0.011201 0.162619 0.193538 0.029583 0.009346 0.048943 0.000000 0.045198 0.065518 0.000000 0.000000 0.070417 0.144724 0.083878 0.034933 
0.069365 0.000000 0.021823 0.038163 0.367674 0.087912 0.000000 0.000004 0.000000 0.000000 0.010128 0.106708 0.000000 0.000000 0.052843 0.049612 0.123132 0.072637 
0.000000 0.000000 0.936397 0.000014 0.000487 0.000403 0.000000 0.000004 0.014970 0.000000 0.000042 0.004328 0.000000 0.000000 0.034799 0.001042 0.005723 0.001792 
0.000000 0.000000 0.036445 0.052939 0.393986 0.086286 0.000000 0.000004 0.000000 0.000000 0.000044 0.058342 0.077221 0.000000 0.030028 0.072140 0.114202 0.078364 
0.000000 0.000000 0.001913 0.000015 0.091383 0.022443 0.000000 0.010930 0.000000 0.000000 0.000039 0.748222 0.000000 0.000000 0.054872 0.030788 0.015667 0.023727 
0.000000 0.000000 0.015836 0.020953 0.244066 0.061135 0.000000 0.011203 0.000000 0.000000 0.014127 0.068857 0.000000 0.000000 0.044708 0.092607 0.390140 0.036368 
0.000000 0.005692 0.009467 0.020161 0.012705 0.002925 0.450963 0.094083 0.000000 0.000000 0.000042 0.016413 0.079141 0.000000 0.154580 0.017864 0.089840 0.046123 
0.000000 0.000000 0.031925 0.000013 0.095097 0.009787 0.298478 0.000004 0.042418 0.000000 0.261660 0.070871 0.000000 0.000000 0.050910 0.087272 0.030409 0.021156 
0.056058 0.000000 0.017618 0.035108 0.103563 0.021312 0.000000 0.066806 0.022680 0.000000 0.224820 0.048330 0.000000 0.000000 0.035408 0.286981 0.039567 0.041749 
0.150667 0.125577 0.006443 0.075277 0.047730 0.016509 0.000000 0.000005 0.000000 0.000000 0.012800 0.033025 0.000000 0.000000 0.084861 0.127822 0.099675 0.219609 
0.000000 0.000000 0.016031 0.009651 0.195201 0.033338 0.000000 0.000004 0.000000 0.000000 0.159298 0.016906 0.000000 0.000000 0.087958 0.461287 0.016275 0.004050 
0.000000 0.046859 0.008302 0.010191 0.180888 0.032989 0.450234 0.000002 0.000000 0.000000 0.003262 0.019822 0.000000 0.000000 0.070514 0.026087 0.066927 0.083923 
0.000000 0.000000 0.093841 0.008650 0.036132 0.011179 0.000000 0.599580 0.013001 0.000000 0.000028 0.061614 0.000000 0.000000 0.031560 0.143469 0.000380 0.000566 
0.000000 0.043668 0.113855 0.000017 0.045452 0.022137 0.000000 0.000004 0.000000 0.000000 0.023380 0.036488 0.000000 0.000000 0.588490 0.018164 0.054042 0.054304 
0.000000 0.000000 0.015841 0.023721 0.589105 0.096324 0.000000 0.000004 0.000000 0.000000 0.000043 0.084801 0.000000 0.000000 0.053496 0.051408 0.074651 0.010605 
0.037967 0.000000 0.058786 0.021700 0.233354 0.046132 0.000000 0.163289 0.024247 0.000000 0.000056 0.040977 0.000000 0.000000 0.049233 0.098096 0.072021 0.154142 
0.000000 0.203746 0.218041 0.000012 0.004451 0.013034 0.140046 0.182055 0.000000 0.000000 0.005817 0.101468 0.000000 0.000000 0.054899 0.028536 0.022448 0.025448 
0.000000 0.000000 0.567376 0.007295 0.072422 0.027843 0.031713 0.042036 0.000000 0.000000 0.023142 0.132350 0.000000 0.000000 0.052739 0.017661 0.020965 0.004456 
0.000000 0.000000 0.018521 0.025921 0.198127 0.245878 0.000000 0.014482 0.000000 0.000000 0.006581 0.062577 0.114561 0.000000 0.067383 0.089424 0.115867 0.040678 
0.000000 0.016828 0.104731 0.000010 0.153023 0.114953 0.000000 0.000004 0.154738 0.000000 0.035434 0.079084 0.000000 0.000000 0.098910 0.161352 0.037496 0.043437 
0.000000 0.092850 0.092571 0.000005 0.025893 0.000704 0.000000 0.463770 0.000000 0.000000 0.011171 0.017520 0.000000 0.000000 0.164943 0.105749 0.019328 0.005496 
0.000000 0.000000 0.016359 0.000015 0.092157 0.076385 0.000000 0.000004 0.059844 0.000000 0.013080 0.398636 0.000000 0.000000 0.068821 0.234025 0.022385 0.018290 
0.170732 0.000000 0.104003 0.089178 0.184711 0.023845 0.000000 0.012339 0.000000 0.000000 0.070869 0.015586 0.000000 0.000000 0.059773 0.050218 0.063822 0.154923 
0.000000 0.000000 0.054350 0.005128 0.046769 0.031107 0.096548 0.000003 0.081438 0.000000 0.006893 0.056412 0.000000 0.000000 0.434364 0.108837 0.071097 0.007053 
0.000000 0.236313 0.053757 0.008169 0.020108 0.021136 0.036239 0.221763 0.000000 0.000000 0.040231 0.032831 0.000000 0.000000 0.039591 0.234850 0.020476 0.034537 
0.000000 0.012738 0.058838 0.025658 0.002896 0.010262 0.000000 0.000003 0.000000 0.000000 0.000034 0.004750 0.000000 0.000000 0.473995 0.046281 0.063557 0.300987 
0.031546 0.216374 0.011464 0.011569 0.111078 0.083686 0.000000 0.010314 0.013253 0.000000 0.019387 0.052768 0.000000 0.000000 0.043988 0.080107 0.040310 0.274157 
0.000000 0.000000 0.498340 0.000020 0.025295 0.005386 0.000000 0.000003 0.000000 0.000000 0.151275 0.041610 0.000000 0.024785 0.177457 0.032969 0.024691 0.018169 
0.000000 0.020005 0.055368 0.000013 0.086247 0.068388 0.000000 0.003654 0.000000 0.000000 0.027206 0.020162 0.000000 0.000000 0.264392 0.080622 0.319676 0.054265 
0.000000 0.000000 0.027225 0.032688 0.318578 0.040372 0.000000 0.165093 0.000000 0.000000 0.000026 0.241485 0.035208 0.000000 0.032296 0.019351 0.026364 0.061313 
0.000000 0.000000 0.018846 0.011831 0.312266 0.112802 0.000000 0.104785 0.042867 0.000000 0.017474 0.083592 0.000000 0.000000 0.082341 0.137787 0.047718 0.027691 
0.000000 0.101055 0.010427 0.028246 0.065191 0.028000 0.123767 0.000003 0.000000 0.000000 0.000043 0.017258 0.000000 0.000000 0.103506 0.366651 0.098086 0.057767 
0.023098 0.289763 0.016880 0.005359 0.098815 0.016824 0.000000 0.000002 0.007008 0.000000 0.177070 0.019995 0.000000 0.000000 0.036759 0.246866 0.034729 0.026830 
0.012668 0.000000 0.019320 0.000010 0.083381 0.026492 0.000000 0.000004 0.000000 0.000000 0.101373 0.009831 0.000000 0.000000 0.210523 0.116541 0.246443 0.173413 
0.097968 0.320152 0.025985 0.031376 0.025399 0.011775 0.120518 0.029896 0.000000 0.000000 0.056996 0.001643 0.000000 0.000000 0.137058 0.023301 0.053052 0.064880 
0.000000 0.000000 0.051303 0.010312 0.336979 0.055149 0.000000 0.000005 0.000000 0.000000 0.260663 0.064647 0.000000 0.000000 0.033418 0.120141 0.063733 0.003650 
0.000000 0.000000 0.049076 0.014194 0.111633 0.029684 0.000000 0.256786 0.000000 0.000000 0.134969 0.093385 0.000000 0.000000 0.065012 0.169486 0.040137 0.035638 
0.000000 0.000000 0.100026 0.011025 0.045171 0.042209 0.033262 0.439210 0.031936 0.000000 0.051098 0.027514 0.040481 0.000000 0.045022 0.094708 0.024865 0.013472 
0.000000 0.000000 0.013774 0.000013 0.117321 0.042054 0.076138 0.006846 0.101047 0.000000 0.090648 0.304282 0.000000 0.000000 0.057976 0.126360 0.038590 0.024952 
0.000000 0.000000 0.013068 0.006202 0.109128 0.149221 0.000000 0.012104 0.012894 0.000000 0.040207 0.521320 0.000000 0.000000 0.049473 0.056667 0.011136 0.018579 
0.000000 0.018139 0.105184 0.000010 0.063712 0.011595 0.194389 0.000003 0.000000 0.000000 0.000068 0.034694 0.051113 0.000000 0.070722 0.057390 0.370135 0.022845 
0.000000 0.000000 0.106653 0.000014 0.062462 0.016456 0.000000 0.632000 0.000000 0.000000 0.004953 0.073412 0.027413 0.000000 0.016168 0.036410 0.018506 0.005553 
0.000000 0.000000 0.008205 0.060301 0.161617 0.036662 0.000000 0.000003 0.000000 0.000000 0.000047 0.004255 0.258043 0.000000 0.051527 0.073169 0.248951 0.097221 
0.000000 0.000000 0.007192 0.015733 0.080108 0.029029 0.473120 0.000002 0.032242 0.000000 0.061247 0.016262 0.031578 0.000000 0.087795 0.050208 0.040534 0.074950 
0.000000 0.000000 0.032840 0.000015 0.088373 0.128787 0.000000 0.141547 0.149378 0.000000 0.045795 0.065463 0.000000 0.000000 0.072179 0.220483 0.038558 0.016582 
0.000000 0.000000 0.011138 0.000016 0.252504 0.087234 0.000000 0.011699 0.000000 0.000000 0.003619 0.313971 0.000000 0.000000 0.066692 0.072969 0.154279 0.025879 
0.017490 0.193592 0.011700 0.000013 0.057750 0.023951 0.000000 0.000003 0.000000 0.000000 0.018116 0.029862 0.000000 0.000000 0.057410 0.124015 0.400926 0.065173 
0.069644 0.020198 0.037763 0.021865 0.028770 0.007344 0.000000 0.025048 0.000000 0.000000 0.000067 0.015637 0.000000 0.014532 0.468229 0.220785 0.041803 0.028315 
0.020814 0.000000 0.807127 0.011800 0.020584 0.000446 0.000000 0.000004 0.000000 0.000000 0.002887 0.011102 0.000000 0.000000 0.039209 0.044717 0.015107 0.026203 
0.000000 0.019835 0.008583 0.010401 0.166610 0.307531 0.000000 0.050494 0.042155 0.000000 0.030176 0.085623 0.000000 0.000000 0.080185 0.103435 0.073745 0.021228 
0.085998 0.000000 0.458028 0.021877 0.042293 0.010302 0.000000 0.000004 0.000000 0.000000 0.009689 0.211162 0.000000 0.000000 0.045346 0.036113 0.028447 0.050741 
0.129153 0.000000 0.032945 0.071237 0.047452 0.024916 0.058648 0.059497 0.000000 0.000000 0.000035 0.017641 0.000000 0.000000 0.404969 0.008529 0.050794 0.094184 
0.000000 0.000000 0.022399 0.026907 0.165789 0.034055 0.070013 0.000004 0.000000 0.000000 0.004009 0.023539 0.000000 0.000000 0.075847 0.431274 0.139020 0.007141 
0.000000 0.064920 0.047317 0.021419 0.037941 0.018509 0.000000 0.000005 0.000000 0.000000 0.019619 0.038061 0.081799 0.000000 0.167160 0.062650 0.130687 0.309913 
0.000000 0.120922 0.030197 0.011429 0.103549 0.038716 0.000000 0.018283 0.030879 0.000000 0.305242 0.023875 0.000000 0.000000 0.084151 0.114669 0.028409 0.089680 
0.000000 0.000000 0.209457 0.000013 0.095124 0.011835 0.000000 0.007762 0.033917 0.000000 0.027645 0.045172 0.000000 0.000000 0.055119 0.460836 0.046836 0.006286 
0.000000 0.000000 0.040511 0.011196 0.337307 0.073836 0.104736 0.107885 0.004479 0.000000 0.025082 0.050180 0.000000 0.000000 0.035459 0.137521 0.007278 0.064528 
0.000000 0.000000 0.019442 0.005416 0.169752 0.075611 0.077228 0.031028 0.080354 0.000000 0.015156 0.049841 0.000000 0.000000 0.260205 0.136761 0.056670 0.022536 
0.000000 0.000000 0.006007 0.000010 0.091384 0.063399 0.000000 0.013394 0.023187 0.000000 0.037283 0.571103 0.000000 0.000000 0.056252 0.110926 0.019693 0.007361 
0.034758 0.000000 0.020329 0.040220 0.077236 0.014511 0.000000 0.000003 0.035274 0.000000 0.183305 0.145856 0.000000 0.000000 0.071869 0.196199 0.101484 0.078956 
0.000000 0.000000 0.006090 0.000014 0.123343 0.061599 0.000000 0.030769 0.000000 0.000000 0.002951 0.627794 0.000000 0.000000 0.059498 0.042758 0.028281 0.016904 
0.000000 0.000000 0.842681 0.000023 0.031512 0.003648 0.000000 0.006233 0.000000 0.000000 0.001829 0.015942 0.000000 0.000000 0.081055 0.003993 0.009383 0.003699 
0.000000 0.000000 0.006904 0.010184 0.463687 0.182195 0.000000 0.000004 0.000000 0.000000 0.003499 0.138904 0.000000 0.000000 0.034637 0.056587 0.029461 0.073938 
0.000000 0.000000 0.028504 0.011106 0.131911 0.219438 0.000000 0.137638 0.012529 0.000000 0.021355 0.080423 0.029794 0.000000 0.054285 0.131221 0.045123 0.096671 
0.000000 0.405520 0.016206 0.000012 0.071607 0.017344 0.068757 0.000005 0.000000 0.000000 0.134094 0.066662 0.000000 0.000000 0.018405 0.122683 0.041899 0.036805 
0.000000 0.000000 0.006338 0.006350 0.025733 0.018471 0.139323 0.017888 0.021948 0.000000 0.053940 0.005652 0.000000 0.000000 0.539817 0.066500 0.071668 0.026371 
0.000000 0.016102 0.012371 0.000014 0.093456 0.148676 0.000000 0.000005 0.264073 0.000000 0.013140 0.057829 0.000000 0.000000 0.082169 0.214807 0.062852 0.034507 
0.000000 0.000000 0.017295 0.020007 0.078149 0.020890 0.177542 0.000004 0.000000 0.000000 0.003259 0.022075 0.060017 0.000000 0.068686 0.309472 0.170728 0.051876 
