-779416.842223
0
0.023947 0.014925 0.004143 0.005064 0.037529 0.024419 0.008526 0.037067 0.007673 0.011862 0.000000 0.003321 0.003980 0.000000 0.000000 0.000000 0.006747 0.009978 0.006270 0.000001 0.000000 0.000000 0.010417 0.010752 0.019103 0.027483 0.003031 0.015382 0.026485 0.017627 0.009143 0.041058 0.017089 0.009642 0.006328 0.010991 0.006616 0.008940 0.008533 0.012347 0.005768 0.016475 0.009070 0.004943 0.000000 0.005177 0.012272 0.000000 0.000000 0.000001 0.000000 0.000000 0.019224 0.010794 0.002939 0.026118 0.026264 0.009759 0.000000 0.009351 0.000000 0.002535 0.006363 0.000000 0.005040 0.010220 0.005320 0.004314 0.007334 0.010299 0.027599 0.008834 0.000004 0.020435 0.002246 0.001429 0.029799 0.038576 0.003969 0.061705 0.008679 0.023905 0.000000 0.011288 0.000000 0.005699 0.005538 0.000000 0.012653 0.011963 0.008002 0.009373 0.000000 0.008230 0.014520 0.009556 
0.000024 0.000022 0.000000 0.000087 0.000004 0.000002 0.000000 0.000053 0.000248 0.001072 0.000001 0.002063 0.000009 0.000000 0.000000 0.000016 0.001002 0.000315 0.001841 0.000111 0.000000 0.000001 0.000025 0.000014 0.003604 0.000000 0.000001 0.000340 0.000000 0.000000 0.936098 0.000000 0.005518 0.000603 0.001460 0.003717 0.000001 0.000000 0.000017 0.000001 0.000134 0.000040 0.000788 0.003254 0.000000 0.000022 0.000027 0.000079 0.000119 0.000164 0.000000 0.000025 0.000000 0.000002 0.000000 0.000131 0.000120 0.000233 0.000000 0.005909 0.000000 0.000000 0.000000 0.000000 0.001724 0.000054 0.000144 0.000320 0.000000 0.000000 0.000002 0.000000 0.001080 0.001391 0.000054 0.007406 0.000000 0.000000 0.000000 0.000000 0.000642 0.006051 0.000001 0.008136 0.000024 0.000013 0.000002 0.000000 0.000763 0.000325 0.000062 0.001928 0.000000 0.000012 0.000146 0.000400 
0.000001 0.000000 0.000000 0.012880 0.000000 0.000000 0.000000 0.000001 0.043196 0.000034 0.000000 0.036960 0.000000 0.000000 0.000000 0.000000 0.000026 0.000005 0.039119 0.029146 0.018770 0.014192 0.029281 0.035108 0.028864 0.000000 0.000000 0.000004 0.000000 0.000000 0.000000 0.000000 0.008896 0.000013 0.000057 0.000400 0.000000 0.000000 0.000000 0.000000 0.000004 0.000002 0.000024 0.033772 0.000000 0.021622 0.000000 0.086935 0.000002 0.021761 0.000000 0.000001 0.000000 0.039504 0.000000 0.053894 0.058852 0.055536 0.000000 0.014954 0.000000 0.000000 0.000000 0.000000 0.014360 0.000002 0.000002 0.000008 0.000000 0.005022 0.000000 0.000000 0.000022 0.000041 0.000002 0.087526 0.000000 0.000000 0.000000 0.000000 0.000017 0.002565 0.000000 0.007539 0.000000 0.016994 0.000000 0.000000 0.074070 0.014469 0.000002 0.005481 0.028584 0.000000 0.000001 0.059477 
0.000031 0.000023 0.000000 0.000107 0.000003 0.000002 0.000000 0.000026 0.000185 0.000969 0.000001 0.001413 0.000016 0.000000 0.000000 0.000013 0.000985 0.000221 0.002630 0.000304 0.000000 0.000006 0.000072 0.000027 0.002262 0.000001 0.000001 0.000188 0.000000 0.000000 0.000000 0.000000 0.008097 0.000573 0.001413 0.003249 0.000002 0.000000 0.000014 0.000002 0.000177 0.000079 0.001052 0.003037 0.930884 0.000005 0.000011 0.000120 0.000094 0.000258 0.000000 0.000031 0.000000 0.000001 0.000000 0.000047 0.000186 0.000210 0.000000 0.006762 0.000000 0.000000 0.000000 0.000000 0.001468 0.000088 0.000104 0.000279 0.000000 0.000000 0.000002 0.000000 0.000776 0.001343 0.000060 0.009200 0.000000 0.000000 0.000000 0.000000 0.000627 0.008069 0.000002 0.008250 0.000013 0.000007 0.000002 0.000000 0.000925 0.000256 0.000095 0.002025 0.000000 0.000015 0.000034 0.000571 
0.092471 0.069627 0.010355 0.041704 0.000000 0.024603 0.000000 0.000000 0.000001 0.000009 0.000000 0.006174 0.017293 0.000000 0.012533 0.008147 0.000007 0.010254 0.000046 0.000002 0.000000 0.000000 0.000000 0.000000 0.093987 0.105243 0.005468 0.074799 0.000000 0.000000 0.000000 0.000000 0.003561 0.000004 0.013180 0.000141 0.011597 0.003440 0.009731 0.049373 0.000001 0.000000 0.000006 0.000053 0.000000 0.000000 0.000000 0.000001 0.029147 0.011435 0.000000 0.012557 0.000000 0.000000 0.000000 0.008664 0.000001 0.000001 0.000000 0.005772 0.000000 0.000000 0.000000 0.008053 0.000020 0.000000 0.000001 0.007311 0.000000 0.000000 0.000000 0.000000 0.044045 0.040669 0.005966 0.087651 0.000000 0.000000 0.000000 0.000000 0.000005 0.001252 0.000000 0.019003 0.022192 0.016406 0.000000 0.006484 0.009530 0.000001 0.000000 0.000020 0.000000 0.000000 0.000000 0.000003 
0.000001 0.000000 0.000000 0.000001 0.000000 0.000000 0.000000 0.000001 0.000003 0.000030 0.000000 0.084230 0.001754 0.022114 0.000000 0.000000 0.000024 0.000005 0.008730 0.028955 0.000000 0.000000 0.000001 0.000000 0.010235 0.000000 0.000000 0.000003 0.000000 0.000000 0.000000 0.000000 0.016352 0.000013 0.000054 0.069895 0.000000 0.000000 0.016321 0.029321 0.000003 0.026943 0.039642 0.045950 0.000000 0.042668 0.000000 0.059057 0.000002 0.004104 0.000000 0.000000 0.000000 0.000000 0.000000 0.000001 0.072883 0.118485 0.000000 0.087025 0.000000 0.000000 0.021199 0.000000 0.004956 0.000002 0.000002 0.000008 0.000000 0.000000 0.022496 0.000000 0.039238 0.000034 0.000002 0.036347 0.000000 0.000000 0.000000 0.000000 0.000015 0.004422 0.000000 0.001658 0.012556 0.022526 0.000000 0.000000 0.000019 0.000005 0.000002 0.013284 0.000000 0.036417 0.000001 0.000009 
0.000000 0.000000 0.000479 0.008042 0.000000 0.000000 0.000000 0.000192 0.000000 0.003473 0.011720 0.004354 0.000000 0.000000 0.000000 0.001081 0.003638 0.005832 0.002212 0.003652 0.000000 0.003077 0.000684 0.013168 0.001774 0.000000 0.000641 0.017223 0.000000 0.000000 0.000000 0.000000 0.001010 0.001670 0.011794 0.004194 0.000000 0.000000 0.000000 0.001500 0.000329 0.001450 0.002088 0.002162 0.002748 0.002398 0.004003 0.017152 0.001892 0.002269 0.000000 0.009650 0.000000 0.000000 0.000000 0.000000 0.000000 0.014440 0.030124 0.016546 0.000000 0.000000 0.000000 0.000000 0.005933 0.010124 0.004875 0.013010 0.000000 0.001563 0.000000 0.002730 0.035685 0.008923 0.002981 0.308998 0.000000 0.000000 0.000000 0.000000 0.002260 0.020473 0.224617 0.038148 0.000000 0.000472 0.000000 0.003926 0.003260 0.008388 0.005693 0.010207 0.004353 0.009334 0.002032 0.063351 
0.000000 0.000000 0.000000 0.000000 0.000000 0.000000 0.000000 0.000000 0.000000 0.019116 0.000000 0.003932 0.000000 0.000000 0.000000 0.003628 0.001040 0.000001 0.000465 0.000001 0.000000 0.000000 0.000582 0.000000 0.001568 0.000000 0.000000 0.000269 0.000000 0.000000 0.000000 0.000000 0.078113 0.102666 0.021772 0.082612 0.000000 0.000000 0.000000 0.000000 0.000001 0.000000 0.000003 0.004506 0.000000 0.000000 0.000000 0.000000 0.000000 0.000000 0.000000 0.000000 0.000000 0.000000 0.000000 0.000000 0.000000 0.019749 0.000000 0.016107 0.000000 0.000000 0.000000 0.000000 0.000636 0.000000 0.000000 0.007472 0.000000 0.000000 0.000805 0.000000 0.000002 0.003817 0.000523 0.001339 0.000000 0.001146 0.000428 0.000000 0.128491 0.298766 0.101572 0.084342 0.001206 0.000000 0.000605 0.003584 0.002069 0.000946 0.002609 0.002292 0.000000 0.000000 0.000000 0.001215 
0.031491 0.021786 0.024064 0.019240 0.011430 0.002416 0.003818 0.002364 0.012824 0.010375 0.000000 0.000009 0.000000 0.001607 0.008142 0.000000 0.009376 0.000001 0.008475 0.000001 0.000000 0.000000 0.000000 0.000000 0.041084 0.069925 0.010733 0.044026 0.013091 0.013977 0.008923 0.008297 0.028099 0.017955 0.006274 0.021633 0.006135 0.013824 0.042550 0.000000 0.006183 0.000000 0.013194 0.004370 0.000000 0.000000 0.004610 0.000000 0.042449 0.051814 0.030896 0.032339 0.008785 0.013941 0.009201 0.003934 0.008747 0.009151 0.000000 0.010228 0.007932 0.005227 0.016729 0.000000 0.007032 0.000734 0.005351 0.000001 0.000000 0.000000 0.000000 0.000000 0.033464 0.065323 0.012566 0.033461 0.000000 0.014822 0.004931 0.000000 0.000002 0.008537 0.000000 0.002591 0.000000 0.000000 0.009668 0.000000 0.000003 0.000001 0.003833 0.001425 0.000000 0.000000 0.002578 0.000001 
0.007043 0.000000 0.000000 0.000000 0.015287 0.016420 0.005240 0.019611 0.027023 0.015817 0.000000 0.010376 0.013079 0.000000 0.014943 0.000000 0.065431 0.021655 0.058111 0.037392 0.000000 0.006228 0.000000 0.007600 0.000043 0.000000 0.004807 0.000001 0.010240 0.008517 0.003936 0.009729 0.039286 0.033308 0.008883 0.006510 0.004637 0.000000 0.000000 0.000000 0.022854 0.008984 0.020980 0.023755 0.000000 0.000000 0.008102 0.003210 0.000000 0.000001 0.000000 0.000000 0.004692 0.007055 0.000000 0.007038 0.020643 0.000001 0.000000 0.023647 0.005825 0.000000 0.000000 0.000000 0.025934 0.016518 0.028021 0.032335 0.003003 0.000000 0.000000 0.000000 0.006165 0.004807 0.006670 0.004681 0.000000 0.005678 0.000000 0.008188 0.017667 0.037403 0.000000 0.015547 0.007747 0.000000 0.006673 0.000000 0.034197 0.025301 0.031913 0.021893 0.009344 0.002947 0.006529 0.012895 
0.000000 0.001311 0.000540 0.000000 0.000000 0.000000 0.000200 0.000462 0.007810 0.002996 0.002719 0.002881 0.000000 0.000000 0.000000 0.000000 0.000755 0.000388 0.000853 0.000735 0.000000 0.000390 0.000758 0.000000 0.001218 0.000000 0.000000 0.000000 0.000000 0.000000 0.000000 0.000000 0.016636 0.000002 0.004278 0.006586 0.000000 0.000000 0.000621 0.001112 0.000581 0.000000 0.000391 0.001139 0.000663 0.000000 0.000000 0.000942 0.000359 0.000001 0.000000 0.000000 0.000000 0.000000 0.000000 0.000397 0.006567 0.000001 0.000000 0.002849 0.000000 0.000000 0.000787 0.000000 0.000182 0.000000 0.000000 0.000001 0.000000 0.000000 0.000000 0.000000 0.013836 0.007923 0.002263 0.011966 0.040392 0.000000 0.001405 0.068647 0.423462 0.074934 0.048812 0.238045 0.000000 0.000000 0.000000 0.000000 0.000002 0.000001 0.000000 0.000201 0.000000 0.000000 0.000000 0.000002 
0.007513 0.007590 0.000000 0.003670 0.000000 0.003405 0.000000 0.002702 0.030087 0.014135 0.209991 0.009238 0.002878 0.000000 0.000000 0.008655 0.015490 0.006103 0.008421 0.009907 0.000000 0.001588 0.001088 0.003254 0.001410 0.000000 0.000000 0.000000 0.000000 0.000000 0.000000 0.000000 0.025804 0.020778 0.111677 0.018332 0.000000 0.000000 0.000000 0.000000 0.005242 0.004619 0.006616 0.007091 0.000000 0.000000 0.000000 0.000000 0.006735 0.002327 0.000000 0.002765 0.000000 0.000000 0.000000 0.000000 0.024791 0.029814 0.119844 0.015378 0.000000 0.000000 0.000000 0.000000 0.013203 0.009702 0.005914 0.012188 0.000000 0.000000 0.000000 0.000000 0.011456 0.008477 0.001616 0.012057 0.000000 0.000000 0.000000 0.000000 0.010562 0.020773 0.097836 0.009792 0.003900 0.000000 0.000000 0.000000 0.009370 0.005849 0.009902 0.003043 0.000000 0.000000 0.001943 0.003476 
0.000000 0.001769 0.000000 0.001389 0.001577 0.001307 0.000000 0.001143 0.029920 0.015944 0.093236 0.014873 0.000000 0.003113 0.000000 0.005196 0.006031 0.005851 0.023536 0.001086 0.000000 0.002142 0.001054 0.003010 0.010158 0.024615 0.009376 0.058876 0.000000 0.000000 0.000000 0.000000 0.008278 0.010106 0.095955 0.008216 0.000000 0.002147 0.000000 0.000000 0.007287 0.003486 0.027357 0.002477 0.000000 0.002635 0.005961 0.008952 0.000791 0.005114 0.002875 0.008054 0.000000 0.002309 0.000000 0.001832 0.066203 0.081126 0.138085 0.053421 0.000000 0.002081 0.000000 0.001539 0.012548 0.006735 0.011771 0.003995 0.000000 0.001686 0.000930 0.004087 0.000003 0.002313 0.001997 0.003652 0.000000 0.000000 0.000000 0.000000 0.006986 0.006143 0.036218 0.003227 0.000000 0.000921 0.000000 0.000000 0.006630 0.003631 0.011109 0.003365 0.000000 0.001814 0.001598 0.007152 
0.009709 0.000000 0.000000 0.000000 0.004456 0.000000 0.000000 0.000000 0.000000 0.002831 0.000000 0.000008 0.013362 0.000000 0.005892 0.017724 0.028167 0.010932 0.017909 0.023594 0.052238 0.007348 0.003551 0.028351 0.005549 0.003617 0.000000 0.007342 0.000324 0.000000 0.000000 0.003114 0.010891 0.011092 0.003403 0.003110 0.005432 0.000000 0.002284 0.000000 0.019740 0.011550 0.018632 0.032091 0.033866 0.005764 0.015212 0.073637 0.012409 0.007926 0.000000 0.005961 0.000000 0.000000 0.000000 0.000000 0.000000 0.000001 0.000000 0.007060 0.000000 0.000000 0.000000 0.000000 0.010706 0.011230 0.011678 0.013459 0.011022 0.000000 0.004087 0.026184 0.024215 0.000005 0.000000 0.030231 0.002095 0.000000 0.000000 0.005601 0.001305 0.008732 0.000000 0.008470 0.025688 0.000000 0.017861 0.009387 0.014848 0.016494 0.011219 0.043597 0.069115 0.010407 0.010278 0.076005 
0.022162 0.027296 0.000000 0.031369 0.012939 0.000000 0.000000 0.013653 0.024108 0.008545 0.015331 0.026042 0.013930 0.018279 0.018298 0.029385 0.018414 0.010827 0.012867 0.033339 0.000000 0.000000 0.009856 0.000000 0.018081 0.000000 0.000000 0.016512 0.008691 0.008837 0.000000 0.010105 0.003201 0.003655 0.000003 0.031644 0.011281 0.023777 0.019058 0.027415 0.008047 0.015739 0.005362 0.013196 0.000000 0.003508 0.006918 0.004959 0.022524 0.018252 0.000000 0.026008 0.005487 0.005008 0.000000 0.006497 0.000000 0.000000 0.004180 0.006209 0.011364 0.012070 0.013146 0.023892 0.005742 0.005830 0.005370 0.008794 0.000000 0.000000 0.008715 0.005773 0.021841 0.013378 0.000000 0.025135 0.007287 0.005371 0.000000 0.009383 0.009068 0.003277 0.000000 0.009612 0.014623 0.013595 0.007909 0.037585 0.002372 0.007088 0.000000 0.012424 0.000000 0.003220 0.007577 0.007763 
0.048953 0.000000 0.000000 0.000000 0.033008 0.035726 0.000000 0.000000 0.000005 0.041823 0.327967 0.295852 0.000002 0.149042 0.067621 
0.013317 0.000000 0.000000 0.000000 0.000000 0.000000 0.021987 0.000000 0.018710 0.000000 0.052153 0.161943 0.717128 0.000015 0.014746 
0.000000 0.000000 0.000000 0.000000 0.213896 0.000000 0.000000 0.034336 0.020712 0.043198 0.000000 0.006308 0.041236 0.037871 0.602443 
0.000000 0.000000 0.000000 0.000000 0.000000 0.027337 0.000000 0.000000 0.017954 0.000000 0.041946 0.090689 0.803674 0.000014 0.018386 
0.000000 0.000000 0.000000 0.000000 0.000000 0.032300 0.000000 0.855070 0.000005 0.000000 0.010873 0.000005 0.099352 0.000012 0.002382 
0.042690 0.000000 0.000000 0.000000 0.000000 0.000000 0.921199 0.000000 0.000005 0.000000 0.000000 0.000005 0.000002 0.000016 0.036082 
0.002125 0.000000 0.000000 0.000000 0.009845 0.000000 0.986921 0.000000 0.000004 0.000000 0.000000 0.000005 0.000002 0.000015 0.001081 
0.000000 0.000000 0.000000 0.000000 0.026733 0.000000 0.465327 0.000000 0.023474 0.000000 0.022227 0.399665 0.011793 0.024665 0.026116 
0.000000 0.000000 0.000000 0.000000 0.000000 0.038691 0.000000 0.015468 0.020608 0.154601 0.157988 0.000006 0.466118 0.019492 0.127028 
0.027178 0.000000 0.000000 0.000000 0.000000 0.043251 0.000000 0.200249 0.037429 0.205064 0.200511 0.065940 0.023108 0.030145 0.167125 
0.112542 0.000000 0.000000 0.000000 0.024751 0.000000 0.000000 0.000000 0.035834 0.000000 0.374479 0.108477 0.029244 0.014583 0.300090 
0.000000 0.000000 0.000000 0.000000 0.115154 0.026567 0.000000 0.000000 0.232153 0.049221 0.000000 0.036380 0.000002 0.440442 0.100081 
0.107439 0.000000 0.000000 0.000000 0.028257 0.000000 0.000000 0.000000 0.000005 0.000000 0.013079 0.652389 0.000003 0.053740 0.145089 
0.318710 0.000000 0.000000 0.000000 0.000000 0.000000 0.015332 0.000000 0.000005 0.000000 0.000000 0.000006 0.249034 0.167773 0.249141 
0.018023 0.000000 0.059877 0.000000 0.000000 0.000000 0.000000 0.028532 0.068040 0.188441 0.000000 0.405890 0.072274 0.000018 0.158905 
0.000000 0.000000 0.000000 0.000000 0.035307 0.013077 0.000000 0.387469 0.000005 0.000000 0.039415 0.464996 0.000002 0.004874 0.054856 
0.046977 0.000000 0.000000 0.000000 0.144012 0.000000 0.000000 0.000000 0.000005 0.000000 0.122491 0.057504 0.000002 0.131945 0.497064 
0.419777 0.000000 0.000000 0.000000 0.000000 0.026371 0.000000 0.000000 0.122798 0.076323 0.000000 0.000005 0.014368 0.029124 0.311234 
0.000000 0.000000 0.000000 0.000000 0.000000 0.000000 0.547552 0.370820 0.005359 0.000000 0.020151 0.015871 0.000003 0.000019 0.040225 
0.034611 0.000000 0.000000 0.000000 0.024266 0.000000 0.024484 0.000000 0.000005 0.000000 0.005353 0.112516 0.065857 0.504448 0.228460 
0.000000 0.000000 0.000000 0.000000 0.196811 0.000000 0.053295 0.000000 0.261951 0.000000 0.012999 0.012279 0.055397 0.039376 0.367892 
0.000000 0.000000 0.000000 0.000000 0.000000 0.000000 0.000000 0.000000 0.002862 0.000000 0.681132 0.000006 0.037860 0.209961 0.068179 
0.000000 0.000000 0.000000 0.000000 0.000000 0.057315 0.000000 0.000000 0.048306 0.256339 0.014605 0.064591 0.032707 0.310367 0.215769 
0.069003 0.000000 0.063859 0.000000 0.019383 0.000000 0.523506 0.029432 0.034082 0.137661 0.000000 0.031082 0.000002 0.000017 0.091972 
0.000000 0.000000 0.000000 0.000000 0.075298 0.065484 0.000000 0.000000 0.041465 0.262802 0.055508 0.075576 0.000002 0.067329 0.356537 
0.000000 0.000000 0.057771 0.000000 0.125158 0.000000 0.245707 0.000000 0.374091 0.000000 0.006062 0.000006 0.008803 0.045654 0.136749 
0.321226 0.000000 0.000000 0.000000 0.070753 0.000000 0.178984 0.000000 0.000005 0.092581 0.000000 0.000006 0.062489 0.041003 0.232953 
0.141313 0.000000 0.000000 0.000000 0.000000 0.049473 0.000000 0.000000 0.075305 0.299948 0.000000 0.040011 0.041248 0.069695 0.283006 
0.000000 0.000000 0.000000 0.000000 0.000000 0.000000 0.000000 0.170967 0.014812 0.000000 0.000000 0.112043 0.122104 0.458334 0.121740 
0.060616 0.000000 0.000000 0.000000 0.000000 0.000000 0.077012 0.000000 0.017835 0.118917 0.006728 0.000006 0.437722 0.094548 0.186615 
0.000000 0.000000 0.000000 0.000000 0.000000 0.000000 0.015043 0.072647 0.000005 0.000000 0.808049 0.036753 0.051011 0.002445 0.014047 
0.404837 0.000000 0.060441 0.000000 0.000000 0.000000 0.018098 0.000000 0.105691 0.000000 0.000000 0.016859 0.000002 0.024201 0.369870 
0.000000 0.000000 0.048129 0.000000 0.018325 0.000000 0.397312 0.000000 0.000005 0.023132 0.000000 0.455555 0.000002 0.000018 0.057520 
0.000000 0.000000 0.010307 0.000000 0.088041 0.000000 0.027330 0.000000 0.025178 0.000000 0.046725 0.093898 0.000002 0.110577 0.597941 
0.027240 0.000000 0.000000 0.000000 0.031119 0.000000 0.161749 0.680289 0.015261 0.000000 0.000000 0.048042 0.000002 0.000020 0.036277 
0.040726 0.000000 0.000000 0.000000 0.120343 0.000000 0.043112 0.000000 0.050666 0.123273 0.000000 0.000006 0.051485 0.062132 0.508255 
0.030215 0.000000 0.000000 0.000000 0.013502 0.000000 0.054493 0.034403 0.000005 0.000000 0.000000 0.046417 0.783446 0.000013 0.037507 
0.000000 0.000000 0.000000 0.000000 0.067067 0.000000 0.000000 0.033115 0.535681 0.000000 0.000000 0.000005 0.225540 0.000015 0.138577 
0.068425 0.000000 0.000000 0.000000 0.016735 0.069640 0.000000 0.015534 0.087559 0.191066 0.109381 0.000006 0.258630 0.037247 0.145778 
0.000000 0.000000 0.000000 0.000000 0.108060 0.000000 0.182130 0.000000 0.000005 0.021658 0.059561 0.401725 0.000002 0.031822 0.195038 
0.000000 0.000000 0.000000 0.000000 0.000000 0.000000 0.000000 0.027336 0.000005 0.000000 0.000000 0.056295 0.836650 0.015703 0.064011 
0.115751 0.000000 0.000000 0.000000 0.000000 0.044653 0.208433 0.000000 0.064420 0.204184 0.000000 0.050179 0.000002 0.100662 0.211715 
0.000000 0.000000 0.000000 0.000000 0.000000 0.000000 0.018090 0.000000 0.088100 0.000000 0.000000 0.055134 0.800737 0.008536 0.029403 
0.000000 0.000000 0.056521 0.000000 0.026624 0.022542 0.000000 0.038985 0.000005 0.074553 0.000000 0.139963 0.000002 0.509181 0.131624 
0.000000 0.000000 0.000000 0.000000 0.021198 0.000000 0.516887 0.000000 0.000005 0.023902 0.121035 0.000006 0.258453 0.011765 0.046750 
0.000000 0.000000 0.000000 0.000000 0.000000 0.000000 0.918420 0.019524 0.004635 0.000000 0.000000 0.008957 0.000003 0.022398 0.026064 
0.007723 0.000000 0.000000 0.000000 0.000000 0.046818 0.012583 0.000000 0.000005 0.000000 0.477091 0.051456 0.145378 0.236341 0.022604 
0.162439 0.000000 0.000000 0.000000 0.080394 0.000000 0.069654 0.000000 0.352715 0.055724 0.019445 0.000006 0.000003 0.025760 0.233860 
0.064070 0.000000 0.000000 0.000000 0.115915 0.027264 0.020760 0.021973 0.602732 0.000000 0.047710 0.000006 0.013939 0.000012 0.085619 
0.000000 0.000000 0.000000 0.000000 0.029118 0.035844 0.011047 0.000000 0.341946 0.097414 0.000000 0.000006 0.061611 0.139476 0.283538 
0.000000 0.000000 0.000000 0.000000 0.066305 0.000000 0.000000 0.043391 0.000005 0.000000 0.009428 0.000006 0.508082 0.146655 0.226128 
0.213294 0.000000 0.047666 0.000000 0.000000 0.027511 0.000000 0.241466 0.013478 0.050244 0.170687 0.012145 0.000002 0.018210 0.205298 
0.000000 0.001066 0.000000 0.000000 0.000000 0.000000 0.042808 0.923059 0.000004 0.000000 0.000000 0.000006 0.000003 0.008296 0.024757 
0.035016 0.000000 0.000000 0.000000 0.129254 0.000000 0.000000 0.000000 0.457105 0.011933 0.015993 0.000006 0.310042 0.000014 0.040636 
0.055393 0.000000 0.000000 0.000000 0.000000 0.000000 0.727977 0.078367 0.018644 0.030855 0.024070 0.012194 0.000002 0.005349 0.047149 
0.065869 0.000000 0.000000 0.000000 0.000000 0.071453 0.000000 0.000000 0.083877 0.395561 0.000000 0.065483 0.000002 0.062313 0.255441 
0.239721 0.000000 0.000000 0.000000 0.067226 0.000000 0.094871 0.000000 0.023334 0.021998 0.000000 0.046971 0.000002 0.106182 0.399695 
0.000000 0.000000 0.093395 0.000000 0.000000 0.000000 0.000000 0.000000 0.030026 0.000000 0.019703 0.053374 0.024543 0.599079 0.179879 
0.000000 0.000000 0.024124 0.000000 0.000000 0.000000 0.000000 0.077611 0.000004 0.000000 0.000000 0.045437 0.019938 0.654223 0.178661 
0.020440 0.000000 0.039349 0.000000 0.000000 0.000000 0.000000 0.037321 0.000005 0.000000 0.579586 0.000006 0.012688 0.273341 0.037263 
0.000000 0.000000 0.000000 0.000000 0.000000 0.030055 0.000000 0.085229 0.010218 0.000000 0.000000 0.151035 0.645214 0.043817 0.034433 
0.000000 0.000000 0.017056 0.000000 0.021970 0.000000 0.000000 0.000000 0.000005 0.000000 0.404381 0.033849 0.023340 0.333123 0.166277 
0.000000 0.000000 0.000000 0.000000 0.000000 0.000000 0.378601 0.126242 0.000005 0.000000 0.110566 0.000006 0.343793 0.000021 0.040765 
0.015214 0.000000 0.000000 0.000000 0.000000 0.000000 0.000000 0.639992 0.000005 0.000000 0.291523 0.004424 0.000003 0.015191 0.033649 
0.000000 0.000000 0.023842 0.000000 0.057478 0.101199 0.000000 0.000000 0.235964 0.218112 0.091203 0.078019 0.000002 0.032709 0.161470 
0.060645 0.000000 0.000000 0.000000 0.133766 0.000000 0.116656 0.000000 0.472394 0.000000 0.000000 0.031608 0.142856 0.000016 0.042059 
0.030704 0.000000 0.000000 0.000000 0.084948 0.058334 0.000000 0.069295 0.213304 0.160285 0.000000 0.056850 0.058431 0.170352 0.097496 
0.252875 0.000000 0.041857 0.002714 0.000000 0.000000 0.000000 0.020696 0.024153 0.034325 0.170382 0.000006 0.157817 0.000023 0.295154 
0.017705 0.000000 0.018417 0.000000 0.023765 0.030333 0.000000 0.000000 0.000005 0.000000 0.413517 0.028661 0.000002 0.379503 0.088091 
0.190183 0.000000 0.000000 0.000000 0.119100 0.000000 0.000000 0.058948 0.000006 0.010560 0.000000 0.000006 0.059684 0.056866 0.504648 
0.000000 0.000000 0.000000 0.000000 0.058599 0.000000 0.454158 0.000000 0.025912 0.025583 0.009240 0.147420 0.000003 0.073159 0.205928 
0.000000 0.000000 0.000000 0.000000 0.000000 0.000000 0.024056 0.000000 0.000005 0.000000 0.037449 0.046114 0.890257 0.000015 0.002102 
0.015587 0.000000 0.000000 0.000000 0.064187 0.000000 0.000000 0.040482 0.658531 0.000000 0.033459 0.006972 0.000002 0.002615 0.178165 
0.000000 0.000000 0.000000 0.000000 0.000000 0.000000 0.188172 0.000000 0.038751 0.000000 0.066216 0.601596 0.045520 0.026947 0.032797 
0.000000 0.000000 0.009590 0.000000 0.027642 0.000000 0.511916 0.000000 0.060842 0.065814 0.052419 0.000006 0.000003 0.134462 0.137306 
0.039635 0.000000 0.000000 0.000000 0.115200 0.000000 0.103980 0.000000 0.487514 0.045217 0.056877 0.000005 0.025335 0.027601 0.098635 
0.000000 0.000000 0.000000 0.000000 0.000000 0.000000 0.000000 0.000000 0.009297 0.000000 0.000000 0.105103 0.851450 0.000014 0.034135 
0.000000 0.000000 0.000000 0.000000 0.000000 0.000000 0.000000 0.024476 0.000004 0.000000 0.956044 0.003234 0.000003 0.000011 0.016227 
0.029923 0.000000 0.000000 0.000000 0.000000 0.000000 0.000000 0.316969 0.233036 0.000000 0.000000 0.068079 0.274764 0.015427 0.061802 
0.157386 0.000000 0.000000 0.000000 0.000000 0.000000 0.000000 0.000000 0.027733 0.044896 0.000000 0.000006 0.645737 0.000019 0.124224 
0.118719 0.000000 0.000000 0.000000 0.000000 0.061407 0.254077 0.000000 0.040135 0.139704 0.027891 0.000006 0.056550 0.065663 0.235847 
0.000000 0.000000 0.034320 0.000000 0.000000 0.000000 0.000000 0.000000 0.000005 0.071421 0.041702 0.211182 0.126502 0.335243 0.179626 
0.029534 0.000000 0.000000 0.000000 0.102115 0.000000 0.000000 0.224716 0.407805 0.000000 0.031091 0.000006 0.064584 0.018287 0.121861 
0.000000 0.000000 0.000000 0.000000 0.092479 0.000000 0.408598 0.015624 0.000005 0.000000 0.083990 0.000005 0.000002 0.064201 0.335096 
0.000000 0.000000 0.020453 0.000000 0.061747 0.000000 0.177631 0.000000 0.076565 0.000000 0.000000 0.020324 0.032085 0.367436 0.243758 
0.000000 0.000000 0.000000 0.000000 0.000000 0.056089 0.020073 0.000000 0.079210 0.057377 0.276562 0.000006 0.376858 0.018003 0.115821 
0.093256 0.000000 0.000000 0.000000 0.000000 0.045802 0.000000 0.014570 0.052102 0.261262 0.000000 0.043560 0.144726 0.030167 0.314554 
0.011325 0.000000 0.000000 0.000000 0.015362 0.000000 0.000000 0.606628 0.000005 0.000000 0.000000 0.000006 0.251265 0.000017 0.115391 
0.000000 0.000000 0.000000 0.000000 0.046313 0.000000 0.019008 0.000000 0.000005 0.000000 0.008310 0.323531 0.348196 0.172145 0.082493 
0.466151 0.000000 0.000000 0.000000 0.000000 0.000000 0.000000 0.000000 0.066240 0.038273 0.010721 0.000006 0.000003 0.062885 0.355721 
0.000000 0.000000 0.000000 0.000000 0.000000 0.014378 0.000000 0.397855 0.022504 0.211176 0.000000 0.026690 0.120799 0.037068 0.169530 
0.033347 0.000000 0.000000 0.000000 0.000000 0.022800 0.067901 0.325734 0.031177 0.258310 0.000000 0.019373 0.031582 0.000020 0.209756 
0.000000 0.000000 0.000000 0.000000 0.000000 0.011958 0.945399 0.000000 0.000004 0.000000 0.000000 0.024033 0.000002 0.000016 0.018588 
0.079356 0.000000 0.000000 0.000000 0.180454 0.000000 0.000000 0.000000 0.004715 0.000000 0.011988 0.018231 0.029002 0.056273 0.619980 
0.024262 0.000000 0.000000 0.000000 0.000000 0.058701 0.402900 0.000000 0.017279 0.081596 0.208113 0.071125 0.054332 0.016791 0.064902 
0.043859 0.000000 0.000000 0.000000 0.141409 0.000000 0.000000 0.000000 0.652271 0.000000 0.004604 0.061896 0.000002 0.000010 0.095948 
0.000000 0.000000 0.000000 0.000000 0.000000 0.000000 0.012293 0.022800 0.021573 0.000000 0.886424 0.000005 0.023293 0.010116 0.023494 
0.000000 0.000000 0.000000 0.000000 0.000000 0.000000 0.000000 0.618562 0.000004 0.000000 0.098510 0.041119 0.030963 0.145626 0.065216 
0.000000 0.000000 0.000000 0.000000 0.000000 0.000000 0.000000 0.049127 0.000005 0.000000 0.902176 0.000006 0.048119 0.000011 0.000555 
0.000000 0.000000 0.000000 0.000000 0.000000 0.000000 0.063763 0.012234 0.052993 0.377517 0.000000 0.000006 0.087646 0.176841 0.228999 
0.068922 0.000000 0.021595 0.000000 0.065121 0.000000 0.000000 0.000000 0.120147 0.000000 0.311986 0.088912 0.000002 0.000022 0.323292 
0.243940 0.000000 0.000000 0.000000 0.000000 0.000000 0.000000 0.024012 0.039591 0.136465 0.094183 0.000005 0.056910 0.081398 0.323495 
0.112978 0.000000 0.000000 0.000000 0.020461 0.000000 0.689804 0.000000 0.025859 0.048005 0.000000 0.000005 0.000002 0.021497 0.081388 
0.000000 0.000000 0.000000 0.000000 0.000000 0.058007 0.000000 0.000000 0.025439 0.200400 0.445687 0.086455 0.042470 0.010340 0.131202 
0.000000 0.000000 0.000000 0.000000 0.013761 0.000000 0.435127 0.000000 0.000004 0.011847 0.000000 0.294010 0.103753 0.000016 0.141481 
0.000000 0.000000 0.000000 0.000000 0.000000 0.022770 0.000000 0.708539 0.018754 0.000000 0.000000 0.140825 0.031513 0.010867 0.066730 
0.033308 0.000000 0.000000 0.000000 0.000000 0.000000 0.000000 0.022030 0.048617 0.090020 0.000000 0.646691 0.037495 0.033981 0.087856 
0.025956 0.000000 0.000000 0.000000 0.116788 0.000000 0.000000 0.202223 0.326283 0.000000 0.000000 0.016448 0.038101 0.132523 0.141678 
0.000000 0.000000 0.000000 0.000000 0.070835 0.063785 0.015364 0.000000 0.059110 0.277287 0.000000 0.066700 0.000002 0.057834 0.389084 
0.000000 0.001069 0.000000 0.000000 0.106212 0.000000 0.000000 0.097259 0.000006 0.000000 0.000000 0.000006 0.309813 0.014414 0.471220 
0.091751 0.000000 0.068975 0.000000 0.000000 0.042858 0.000000 0.181556 0.014269 0.048187 0.029446 0.039259 0.000002 0.329177 0.154518 
0.000000 0.001068 0.000000 0.000000 0.024959 0.000000 0.000000 0.000000 0.000005 0.000000 0.000000 0.149600 0.770687 0.010497 0.043184 
0.000000 0.000000 0.000000 0.000000 0.000000 0.000000 0.503090 0.131653 0.000003 0.000000 0.000000 0.000006 0.364228 0.000019 0.001000 
0.000000 0.000000 0.000000 0.000000 0.000000 0.000000 0.018715 0.000000 0.013616 0.000000 0.086013 0.000006 0.795610 0.000013 0.086026 
0.016194 0.000000 0.000000 0.000000 0.034781 0.057417 0.000000 0.000000 0.094861 0.126768 0.000000 0.090499 0.000002 0.268311 0.311167 
0.242127 0.000000 0.000000 0.000000 0.065178 0.035606 0.029643 0.037981 0.000005 0.000000 0.041647 0.064911 0.000002 0.036066 0.446834 
0.000000 0.000000 0.000000 0.000000 0.078668 0.000000 0.496671 0.073410 0.047417 0.000000 0.000000 0.000006 0.000003 0.007496 0.296329 
0.000000 0.000000 0.046465 0.000000 0.222855 0.000000 0.031944 0.000000 0.000005 0.070351 0.000000 0.046072 0.000002 0.039794 0.542511 
0.000000 0.000000 0.069330 0.000000 0.014307 0.000000 0.000000 0.113989 0.253861 0.000000 0.000000 0.000006 0.024039 0.324395 0.200072 
0.000000 0.000000 0.000000 0.000000 0.151155 0.000000 0.000000 0.000000 0.024171 0.000000 0.000000 0.023949 0.323931 0.063224 0.413570 
0.037305 0.000000 0.000000 0.000000 0.020194 0.000000 0.011911 0.243872 0.000004 0.000000 0.022293 0.051071 0.037287 0.443814 0.132250 
0.000000 0.000000 0.000000 0.000000 0.000000 0.000000 0.000000 0.008475 0.074137 0.000000 0.000000 0.014051 0.893035 0.005054 0.005248 
0.000000 0.000000 0.000000 0.000000 0.043534 0.000000 0.104907 0.000000 0.000005 0.081498 0.520777 0.000006 0.125158 0.008368 0.115746 
0.031437 0.000000 0.000000 0.000000 0.000000 0.039623 0.000000 0.260164 0.031499 0.157194 0.000000 0.175471 0.052166 0.053675 0.198770 
0.000000 0.000000 0.021073 0.000000 0.030696 0.000000 0.694891 0.000000 0.048341 0.000000 0.000000 0.149772 0.000002 0.000019 0.055205 
0.040452 0.000000 0.000000 0.000000 0.000000 0.061111 0.000000 0.000000 0.064799 0.152631 0.089709 0.323509 0.055478 0.049113 0.163198 
0.087271 0.000000 0.126443 0.000000 0.000000 0.000000 0.000000 0.000000 0.000005 0.000000 0.007099 0.067239 0.000002 0.487630 0.224310 
0.000000 0.000000 0.040263 0.000000 0.040046 0.013662 0.053412 0.000000 0.000005 0.000000 0.000000 0.081785 0.000002 0.605908 0.164916 
0.000000 0.000000 0.000000 0.000000 0.017641 0.057244 0.193577 0.405261 0.000005 0.000000 0.000000 0.034318 0.000003 0.214391 0.077561 
0.000000 0.000000 0.000000 0.000000 0.201451 0.000000 0.000000 0.200647 0.000005 0.000000 0.000000 0.019306 0.066730 0.063222 0.448639 
0.000000 0.000000 0.000000 0.000000 0.102837 0.000000 0.000000 0.270502 0.057418 0.000000 0.000000 0.000006 0.044428 0.081750 0.443058 
0.035751 0.000000 0.000000 0.000000 0.000000 0.075738 0.013288 0.000000 0.050589 0.367865 0.000000 0.043650 0.079313 0.058591 0.275217 
0.014471 0.000000 0.000000 0.000000 0.000000 0.000000 0.949697 0.000000 0.000006 0.000000 0.000000 0.000005 0.000003 0.034762 0.001055 
0.000000 0.000000 0.000000 0.000000 0.105423 0.000000 0.612459 0.000000 0.000005 0.000000 0.000000 0.083163 0.000002 0.031080 0.167867 
0.000000 0.000000 0.000000 0.000000 0.042794 0.000000 0.483095 0.000000 0.022724 0.049121 0.009118 0.017607 0.107631 0.050948 0.216961 
0.000000 0.000000 0.000000 0.000000 0.031959 0.000000 0.223230 0.000000 0.133027 0.000000 0.022125 0.489786 0.000002 0.003954 0.095915 
0.388551 0.000000 0.033444 0.000000 0.000000 0.000000 0.069084 0.084155 0.000005 0.000000 0.000000 0.058783 0.039080 0.045237 0.281661 
0.000000 0.000000 0.000000 0.000000 0.000000 0.000000 0.000000 0.039897 0.065513 0.000000 0.781735 0.017705 0.000002 0.026250 0.068897 
0.449922 0.000000 0.059024 0.000000 0.000000 0.000000 0.000000 0.000000 0.047988 0.000000 0.000000 0.000004 0.000002 0.041783 0.401276 
0.035842 0.000000 0.000000 0.000000 0.137319 0.021684 0.000000 0.220242 0.503672 0.000000 0.000000 0.000005 0.018270 0.000012 0.062955 
0.042262 0.000000 0.000000 0.000000 0.040188 0.000000 0.000000 0.000000 0.154808 0.000000 0.000000 0.073614 0.612459 0.000016 0.076653 
0.000000 0.000000 0.000000 0.001065 0.000000 0.000000 0.000000 0.000000 0.062858 0.000000 0.000000 0.051145 0.812701 0.000019 0.072212 
0.018077 0.000000 0.000000 0.000000 0.043997 0.000000 0.847752 0.000000 0.000005 0.000000 0.000000 0.008711 0.000002 0.013575 0.067880 
0.000000 0.000000 0.000000 0.000000 0.022917 0.000000 0.000000 0.035738 0.194187 0.218801 0.000000 0.000006 0.312988 0.019744 0.195619 
0.012421 0.000000 0.000000 0.000000 0.010768 0.000000 0.137001 0.000000 0.000005 0.000000 0.144514 0.444755 0.095781 0.086090 0.068664 
0.030180 0.000000 0.000000 0.000000 0.032725 0.039968 0.019946 0.000000 0.197591 0.163344 0.000000 0.002739 0.300312 0.015793 0.197402 
0.016048 0.000000 0.006154 0.000000 0.117260 0.000000 0.000000 0.000000 0.707886 0.000000 0.006673 0.021008 0.000002 0.000017 0.124950 
0.249885 0.000000 0.031748 0.000000 0.041357 0.000000 0.000000 0.000000 0.179778 0.069209 0.000000 0.023979 0.000002 0.223407 0.180635 
0.347053 0.000000 0.053565 0.000000 0.032849 0.000000 0.152093 0.000000 0.000005 0.000000 0.000000 0.000005 0.000002 0.120707 0.293719 
0.093240 0.000000 0.000000 0.000000 0.055377 0.000000 0.000000 0.000000 0.000005 0.059170 0.000000 0.345365 0.049933 0.238475 0.158435 
0.025942 0.000000 0.000000 0.000000 0.084130 0.021400 0.067891 0.000000 0.108746 0.000000 0.000000 0.054504 0.000003 0.158965 0.478418 
0.000000 0.000000 0.000000 0.000000 0.000000 0.021572 0.000000 0.000000 0.000005 0.000000 0.711757 0.034675 0.000002 0.183615 0.048373 
0.340309 0.000000 0.000000 0.000000 0.000000 0.025762 0.023031 0.000000 0.119905 0.087078 0.000000 0.013772 0.000002 0.042927 0.347214 
0.257411 0.000000 0.000000 0.000000 0.000000 0.000000 0.013320 0.000000 0.000005 0.007426 0.444703 0.000005 0.014450 0.024456 0.238225 
0.396656 0.000000 0.000000 0.000000 0.000000 0.053398 0.010856 0.000000 0.138733 0.073434 0.007159 0.000006 0.000003 0.020362 0.299394 
0.000000 0.000000 0.000000 0.000000 0.016896 0.000000 0.000000 0.024758 0.012355 0.000000 0.931216 0.000005 0.000002 0.000029 0.014738 
0.000000 0.000000 0.000000 0.000000 0.062943 0.000000 0.000000 0.031932 0.260013 0.000000 0.563873 0.000006 0.027485 0.000013 0.053736 
0.000000 0.000000 0.036606 0.000000 0.000000 0.000000 0.122439 0.187164 0.008763 0.000000 0.359495 0.055902 0.000003 0.171818 0.057810 
0.000000 0.000000 0.016018 0.000000 0.106623 0.000000 0.166623 0.020945 0.378224 0.000000 0.166409 0.000005 0.017236 0.000020 0.127897 
0.018343 0.000000 0.000000 0.000000 0.035145 0.036285 0.000000 0.016724 0.017539 0.000000 0.000000 0.774632 0.034430 0.008860 0.058043 
0.045754 0.000000 0.021711 0.000000 0.000000 0.025137 0.000000 0.000000 0.000005 0.000000 0.000000 0.073901 0.000002 0.657627 0.175861 
0.000000 0.000000 0.005733 0.000000 0.134075 0.000000 0.000000 0.000000 0.658610 0.000000 0.010813 0.027253 0.013518 0.000017 0.149981 
0.385488 0.000000 0.097888 0.000000 0.000000 0.000000 0.000000 0.000000 0.071436 0.000000 0.000000 0.036699 0.000002 0.028523 0.379962 
0.000000 0.000000 0.041552 0.000000 0.000000 0.000000 0.000000 0.000000 0.000005 0.000000 0.000000 0.059638 0.057109 0.662690 0.179005 
0.000000 0.000000 0.045695 0.000000 0.062899 0.000000 0.000000 0.079174 0.117058 0.055519 0.023462 0.287227 0.053531 0.146273 0.129161 
0.000000 0.000000 0.000000 0.000000 0.212709 0.000000 0.000000 0.000000 0.018591 0.000000 0.006923 0.016000 0.052622 0.118386 0.574768 
0.000000 0.000000 0.000000 0.000000 0.085123 0.000000 0.000000 0.000000 0.032985 0.000000 0.000000 0.210431 0.341563 0.007125 0.322772 
0.284715 0.000000 0.000000 0.000000 0.000000 0.000000 0.000000 0.000000 0.053537 0.030066 0.007851 0.065054 0.103664 0.205088 0.250025 
0.000000 0.000000 0.000000 0.001022 0.068933 0.058129 0.000000 0.000000 0.018546 0.117941 0.006758 0.472227 0.039207 0.000025 0.217211 
0.030821 0.000000 0.000000 0.000000 0.000000 0.000000 0.030087 0.000000 0.000005 0.000000 0.240963 0.144995 0.060560 0.372548 0.120021 
0.031161 0.000000 0.000000 0.000000 0.103857 0.000000 0.075045 0.000000 0.612364 0.024288 0.006217 0.008759 0.000002 0.008123 0.130184 
0.000000 0.000000 0.024638 0.000000 0.000000 0.000000 0.000000 0.000000 0.031484 0.027971 0.009428 0.000006 0.048479 0.641602 0.216391 
0.236241 0.000000 0.063987 0.000813 0.000000 0.000000 0.000000 0.101474 0.219448 0.000000 0.042717 0.048956 0.000002 0.000026 0.286336 
0.098490 0.000000 0.000000 0.000000 0.000000 0.000000 0.000000 0.000000 0.056448 0.095275 0.000000 0.000006 0.551654 0.046913 0.151213 
0.000000 0.000000 0.000000 0.000000 0.174186 0.000000 0.000000 0.025792 0.031852 0.000000 0.000000 0.076174 0.000003 0.054518 0.637477 
0.000000 0.000000 0.000000 0.000000 0.000000 0.000000 0.000000 0.712808 0.000004 0.000000 0.228035 0.000005 0.029042 0.000019 0.030087 
0.384797 0.000000 0.022319 0.001001 0.021699 0.000000 0.000000 0.000000 0.024109 0.000000 0.013380 0.202094 0.000002 0.000027 0.330571 
0.307320 0.000000 0.000000 0.000000 0.057309 0.055585 0.000000 0.000000 0.000005 0.000000 0.206286 0.013958 0.000002 0.140844 0.218692 
0.000000 0.000000 0.083123 0.000000 0.000000 0.000000 0.015255 0.000000 0.022167 0.223040 0.012294 0.057545 0.224797 0.141663 0.220115 
0.057694 0.000000 0.026261 0.000000 0.133244 0.000000 0.000000 0.034065 0.439885 0.000000 0.217079 0.000006 0.006880 0.000016 0.084871 
0.000000 0.000000 0.000000 0.000000 0.011157 0.000000 0.015327 0.000000 0.034409 0.000000 0.000000 0.080067 0.752395 0.087756 0.018889 
0.000000 0.000000 0.000000 0.000000 0.007548 0.000000 0.000000 0.903451 0.000005 0.000000 0.000000 0.012615 0.000002 0.032078 0.044300 
0.000000 0.000000 0.000000 0.000000 0.106450 0.000000 0.000000 0.000000 0.053221 0.000000 0.000000 0.027523 0.032888 0.165544 0.614374 
0.050830 0.000000 0.000000 0.000000 0.214418 0.000000 0.000000 0.000000 0.329962 0.058394 0.026833 0.027675 0.038211 0.023572 0.230105 
0.000000 0.000000 0.020066 0.000000 0.000000 0.000000 0.056625 0.007088 0.081373 0.000000 0.014710 0.460536 0.170818 0.083751 0.105032 
0.000000 0.000000 0.000000 0.000000 0.018176 0.042363 0.623895 0.163515 0.000005 0.000000 0.000000 0.077414 0.000003 0.042138 0.032491 
0.194201 0.000000 0.000000 0.000000 0.000000 0.016883 0.000000 0.593403 0.000004 0.000000 0.000000 0.000004 0.000002 0.012550 0.182952 
0.030176 0.000000 0.000000 0.000000 0.000000 0.000000 0.025163 0.000000 0.042789 0.164720 0.453164 0.023388 0.025367 0.000025 0.235207 
0.285325 0.000000 0.046384 0.000000 0.000000 0.000000 0.000000 0.439031 0.019931 0.000000 0.000000 0.000004 0.000002 0.023029 0.186293 
0.336035 0.000000 0.000000 0.000000 0.048187 0.000000 0.000000 0.000000 0.265005 0.072165 0.011515 0.000006 0.000003 0.000020 0.267066 
0.000000 0.000000 0.000000 0.000000 0.107973 0.033611 0.031703 0.036136 0.297545 0.048608 0.246752 0.095735 0.000002 0.000021 0.101913 
0.047881 0.000000 0.000000 0.000000 0.000000 0.052555 0.000000 0.000000 0.095486 0.336857 0.000000 0.077070 0.000003 0.071419 0.318729 
0.010010 0.000000 0.000000 0.000000 0.000000 0.000000 0.750912 0.190530 0.015910 0.000000 0.000000 0.018731 0.000003 0.000019 0.013885 
0.031139 0.000000 0.000000 0.000000 0.000000 0.000000 0.459855 0.000000 0.000005 0.000000 0.043989 0.300074 0.100485 0.021964 0.042488 
0.000000 0.000000 0.000000 0.000000 0.156219 0.000000 0.000000 0.000000 0.607350 0.000000 0.000000 0.019030 0.000002 0.018533 0.198865 
0.101791 0.000000 0.034773 0.000000 0.000000 0.000000 0.443108 0.043367 0.000005 0.000000 0.000000 0.000006 0.275670 0.050762 0.050520 
0.060755 0.000000 0.000000 0.000000 0.000000 0.033497 0.000000 0.592888 0.021281 0.078005 0.000000 0.000006 0.035686 0.022121 0.155761 
0.000000 0.000000 0.036591 0.000000 0.000000 0.000000 0.000000 0.000000 0.014112 0.000000 0.025824 0.774066 0.052997 0.024685 0.071724 
