-779826.838732
0
0.039919 0.027238 0.022027 0.023386 0.010743 0.005287 0.003843 0.002015 0.011511 0.008933 0.000000 0.000003 0.002012 0.000000 0.008613 0.000000 0.008214 0.000909 0.007629 0.000000 0.000000 0.000000 0.000000 0.000000 0.048601 0.073973 0.009836 0.048084 0.011348 0.011072 0.008311 0.005811 0.025551 0.016422 0.006941 0.018602 0.006827 0.011554 0.038535 0.007495 0.005490 0.000000 0.011287 0.003709 0.000000 0.000000 0.003210 0.000000 0.040320 0.046632 0.027378 0.029812 0.007497 0.012128 0.008116 0.005919 0.008554 0.008154 0.000000 0.008751 0.005927 0.003808 0.014704 0.000000 0.006398 0.000000 0.003852 0.000000 0.000000 0.000000 0.000000 0.000000 0.033485 0.063456 0.012644 0.040603 0.000000 0.012498 0.003992 0.002616 0.002429 0.009298 0.000000 0.006489 0.003801 0.000000 0.008402 0.000000 0.001792 0.000000 0.003622 0.000000 0.000000 0.000000 0.001983 0.000000 
0.000000 0.000000 0.000000 0.000000 0.000000 0.000000 0.000000 0.000000 0.000000 0.019189 0.000000 0.004109 0.000000 0.000000 0.000562 0.003840 0.001038 0.000000 0.000001 0.000000 0.000000 0.000000 0.000687 0.000000 0.000815 0.000000 0.000000 0.000000 0.000000 0.000000 0.000539 0.000000 0.077649 0.101779 0.021374 0.083097 0.000000 0.000000 0.000000 0.000000 0.000000 0.000000 0.000000 0.004974 0.000000 0.001022 0.000000 0.000870 0.000000 0.000000 0.000000 0.000000 0.000000 0.000000 0.000000 0.000000 0.000000 0.021138 0.000000 0.017062 0.000000 0.000000 0.000000 0.000000 0.000615 0.000000 0.000000 0.007307 0.000000 0.000000 0.001140 0.000000 0.000000 0.003432 0.000000 0.000839 0.000000 0.001509 0.000000 0.000000 0.127624 0.296870 0.100964 0.083012 0.001234 0.000745 0.000693 0.003906 0.001948 0.000936 0.002408 0.002533 0.000000 0.000605 0.000808 0.001126 
0.000000 0.000001 0.000000 0.000000 0.000000 0.000000 0.000000 0.000005 0.000059 0.000368 0.000003 0.000677 0.000001 0.000000 0.000000 0.000032 0.000294 0.000099 0.000422 0.000001 0.000000 0.000002 0.000001 0.000001 0.000000 0.000000 0.000000 0.000000 0.000000 0.467360 0.000000 0.000000 0.001017 0.000432 0.000232 0.002123 0.000000 0.000001 0.000001 0.000000 0.000033 0.000001 0.000098 0.001856 0.000000 0.000004 0.000021 0.000031 0.000007 0.000001 0.254107 0.000002 0.167601 0.000007 0.000000 0.000000 0.000003 0.000019 0.000000 0.000273 0.000000 0.000000 0.000000 0.000001 0.000111 0.000005 0.000034 0.000012 0.000000 0.000000 0.000000 0.000000 0.000070 0.000031 0.000001 0.000082 0.000000 0.000000 0.098347 0.000002 0.000194 0.000543 0.000000 0.003150 0.000000 0.000005 0.000000 0.000000 0.000089 0.000032 0.000027 0.000010 0.000000 0.000016 0.000037 0.000003 
0.000000 0.000000 0.000000 0.000000 0.000000 0.000000 0.000000 0.000000 0.000000 0.000002 0.010398 0.004118 0.011536 0.000000 0.000000 0.012120 0.022016 0.011008 0.017557 0.026111 0.054720 0.008607 0.002715 0.028630 0.000000 0.000000 0.000000 0.003285 0.000000 0.000000 0.000000 0.000000 0.011704 0.010733 0.010595 0.005283 0.000000 0.000000 0.000000 0.000000 0.017516 0.011975 0.021617 0.033620 0.033112 0.008694 0.014116 0.075928 0.010278 0.008147 0.000000 0.002827 0.000000 0.000000 0.000000 0.000000 0.006999 0.009700 0.009482 0.013220 0.000000 0.000000 0.000000 0.000000 0.010989 0.012333 0.012918 0.015323 0.007740 0.000000 0.003663 0.024533 0.024842 0.000000 0.000000 0.028698 0.004017 0.000000 0.000000 0.006459 0.000001 0.010853 0.000000 0.007743 0.026023 0.000000 0.014643 0.000000 0.019847 0.011609 0.012689 0.046351 0.070742 0.006146 0.010844 0.082625 
0.000000 0.000000 0.000000 0.000000 0.002494 0.000000 0.000000 0.002017 0.028427 0.016084 0.021411 0.019293 0.000000 0.005210 0.000000 0.003605 0.003446 0.006665 0.032256 0.000000 0.000000 0.002076 0.000000 0.002358 0.015247 0.034918 0.014345 0.088521 0.000000 0.000000 0.000000 0.000000 0.000005 0.005133 0.080656 0.003746 0.000000 0.003680 0.000979 0.000000 0.008959 0.003755 0.038547 0.001059 0.000000 0.004186 0.009322 0.013048 0.000000 0.007735 0.004974 0.011744 0.000000 0.002748 0.000000 0.002586 0.085665 0.104558 0.138905 0.072432 0.000000 0.003354 0.000000 0.002816 0.012412 0.005630 0.015346 0.000000 0.000000 0.002465 0.001631 0.006054 0.000000 0.000000 0.002235 0.000000 0.000000 0.000000 0.000000 0.000000 0.003724 0.000003 0.000000 0.000022 0.000000 0.000956 0.000000 0.000000 0.004346 0.002571 0.012898 0.005496 0.000000 0.002822 0.001672 0.010752 
0.006360 0.002892 0.001929 0.000000 0.037716 0.016702 0.009606 0.034658 0.013181 0.011161 0.000000 0.011201 0.000000 0.000000 0.000000 0.000000 0.011533 0.008684 0.011474 0.007837 0.000000 0.001886 0.011362 0.011776 0.000000 0.006077 0.003258 0.000000 0.025149 0.020791 0.009204 0.041621 0.020666 0.011277 0.003777 0.018041 0.004260 0.006839 0.008118 0.000000 0.007301 0.018236 0.010186 0.011123 0.000000 0.009377 0.016594 0.008792 0.000000 0.000000 0.000000 0.000000 0.022661 0.013078 0.002688 0.026004 0.031558 0.014434 0.000000 0.016472 0.007672 0.000000 0.007270 0.004315 0.007872 0.008987 0.010735 0.009393 0.006773 0.009260 0.027527 0.009798 0.000000 0.013640 0.002622 0.000000 0.024490 0.039514 0.003980 0.051942 0.010833 0.025510 0.000000 0.008081 0.000000 0.007364 0.007355 0.000000 0.016154 0.014301 0.010170 0.010965 0.007545 0.008500 0.014042 0.015846 
0.027282 0.000000 0.005280 0.000000 0.017302 0.000000 0.000000 0.000000 0.036103 0.025879 0.000000 0.000016 0.015653 0.007117 0.022288 0.048319 0.058038 0.000003 0.037371 0.000000 0.000000 0.000000 0.014502 0.000000 0.000000 0.000000 0.000000 0.000000 0.000000 0.019930 0.000000 0.031269 0.015080 0.011105 0.000005 0.000051 0.023878 0.008650 0.000000 0.000000 0.026656 0.000000 0.000002 0.022382 0.000000 0.000000 0.019299 0.055091 0.019138 0.000000 0.000000 0.015598 0.010290 0.027288 0.000000 0.026650 0.000000 0.000000 0.000000 0.000006 0.021691 0.014509 0.000000 0.000000 0.014134 0.000000 0.007331 0.000000 0.021541 0.000000 0.005582 0.019063 0.000002 0.000001 0.000000 0.000002 0.000000 0.000000 0.000000 0.000000 0.038169 0.000014 0.000000 0.004986 0.000000 0.000000 0.034006 0.049591 0.000002 0.045459 0.000001 0.000000 0.039839 0.036550 0.000001 0.000000 
0.000000 0.000930 0.000384 0.000000 0.000000 0.000000 0.000288 0.000000 0.007238 0.003226 0.002822 0.003331 0.000000 0.000000 0.000000 0.000000 0.000726 0.000375 0.000001 0.000810 0.000000 0.000274 0.000673 0.000000 0.000921 0.000000 0.000000 0.000000 0.000000 0.000000 0.000000 0.000000 0.016842 0.002171 0.004506 0.008525 0.000000 0.000000 0.000654 0.000000 0.000581 0.000000 0.000380 0.001001 0.000208 0.000000 0.000000 0.000695 0.000000 0.000000 0.000000 0.000000 0.000000 0.000000 0.000000 0.000278 0.006844 0.000000 0.000000 0.003341 0.000000 0.000000 0.000898 0.000000 0.000000 0.000000 0.000000 0.000000 0.000000 0.000000 0.000000 0.000000 0.013908 0.007724 0.002469 0.011673 0.039491 0.000000 0.001544 0.066863 0.426248 0.079475 0.049288 0.232388 0.000000 0.000000 0.000000 0.000000 0.000000 0.000000 0.000000 0.000000 0.000000 0.000000 0.000000 0.000000 
0.021913 0.054715 0.000000 0.000000 0.000000 0.000000 0.000000 0.010751 0.000001 0.000007 0.000000 0.033603 0.000000 0.029043 0.000000 0.042066 0.000006 0.000003 0.000007 0.000000 0.000000 0.000000 0.000000 0.000000 0.000000 0.045281 0.012423 0.000000 0.000000 0.029467 0.000000 0.046575 0.020810 0.000008 0.000004 0.054092 0.000000 0.001809 0.006358 0.000000 0.000000 0.000000 0.000002 0.017001 0.000000 0.023045 0.031246 0.000001 0.034899 0.000000 0.000000 0.000000 0.036953 0.000000 0.000000 0.000000 0.000000 0.000000 0.000000 0.055511 0.068564 0.000000 0.000000 0.049943 0.000002 0.000000 0.040276 0.051680 0.000000 0.000000 0.000000 0.000000 0.054966 0.000001 0.000000 0.011845 0.000000 0.040347 0.000000 0.000000 0.000004 0.004155 0.000000 0.006931 0.000000 0.054807 0.000000 0.008874 0.000002 0.000001 0.000001 0.000000 0.000000 0.000000 0.000001 0.000000 
0.000000 0.000000 0.000000 0.000000 0.000000 0.000000 0.000000 0.000001 0.000011 0.000064 0.000001 0.178160 0.085365 0.000000 0.000000 0.000006 0.000072 0.062713 0.000080 0.000000 0.000000 0.000000 0.000001 0.000000 0.000000 0.000000 0.000000 0.000000 0.000000 0.000000 0.000000 0.000000 0.000256 0.000097 0.000049 0.000386 0.000000 0.000000 0.000000 0.000000 0.000006 0.000000 0.000024 0.000442 0.000000 0.000001 0.000004 0.000007 0.000002 0.000000 0.000000 0.000000 0.000000 0.000001 0.000000 0.000000 0.000001 0.000004 0.000000 0.000059 0.000000 0.000000 0.000000 0.067583 0.000020 0.000002 0.000005 0.000003 0.000000 0.000000 0.000000 0.000000 0.193089 0.113018 0.000000 0.000015 0.000000 0.057675 0.000000 0.000000 0.000039 0.000131 0.112279 0.000910 0.000000 0.000001 0.000000 0.000000 0.000019 0.000006 0.043764 0.000002 0.000000 0.083618 0.000008 0.000000 
-nan -nan -nan -nan -nan -nan -nan -nan -nan -nan -nan -nan -nan -nan -nan -nan -nan -nan -nan -nan -nan -nan -nan -nan -nan -nan -nan -nan -nan -nan -nan -nan -nan -nan -nan -nan -nan -nan -nan -nan -nan -nan -nan -nan -nan -nan -nan -nan -nan -nan -nan -nan -nan -nan -nan -nan -nan -nan -nan -nan -nan -nan -nan -nan -nan -nan -nan -nan -nan -nan -nan -nan -nan -nan -nan -nan -nan -nan -nan -nan -nan -nan -nan -nan -nan -nan -nan -nan -nan -nan -nan -nan -nan -nan -nan -nan 
0.004783 0.006926 0.000575 0.003664 0.000000 0.003564 0.000000 0.000000 0.031392 0.015030 0.221124 0.007127 0.000000 0.000000 0.000000 0.008383 0.011863 0.004111 0.006615 0.005375 0.000000 0.001716 0.002096 0.002574 0.000000 0.003035 0.000000 0.002370 0.000000 0.000000 0.000000 0.000000 0.025253 0.020153 0.120352 0.018155 0.000000 0.000000 0.000000 0.000000 0.004307 0.003622 0.006400 0.005753 0.000000 0.000000 0.000000 0.000000 0.005692 0.001818 0.000000 0.002481 0.000000 0.001184 0.000000 0.000000 0.028018 0.033738 0.131771 0.017068 0.000000 0.000000 0.000000 0.000000 0.012737 0.008624 0.005405 0.011367 0.000000 0.000000 0.000000 0.000000 0.006438 0.007663 0.002010 0.010635 0.000000 0.000000 0.000000 0.000000 0.012964 0.019807 0.100935 0.008909 0.000000 0.000000 0.000000 0.000000 0.009094 0.005466 0.008396 0.000000 0.000000 0.000000 0.001463 0.000000 
0.000000 0.000000 0.000000 0.000000 0.000000 0.000000 0.000000 0.000001 0.000007 0.000055 0.000000 0.035229 0.000000 0.000000 0.000000 0.000004 0.000042 0.000021 0.000048 0.000000 0.000000 0.000000 0.000000 0.078041 0.000000 0.000000 0.000000 0.000000 0.000000 0.000000 0.000000 0.000000 0.000156 0.000048 0.000032 0.084990 0.000000 0.000000 0.000000 0.000000 0.000004 0.000000 0.000014 0.041029 0.000000 0.052400 0.044860 0.331749 0.000001 0.112057 0.000000 0.000000 0.000000 0.000001 0.000000 0.000000 0.000000 0.000003 0.000000 0.000034 0.000000 0.000000 0.000000 0.000000 0.000013 0.000001 0.000004 0.000001 0.000000 0.000000 0.000000 0.000000 0.000009 0.000004 0.000000 0.000010 0.000000 0.000000 0.000000 0.000000 0.000024 0.000086 0.000000 0.000497 0.000000 0.095761 0.000000 0.000000 0.000011 0.000004 0.000003 0.000001 0.000000 0.122741 0.000006 0.000000 
0.000000 0.066348 0.000000 0.008460 0.000000 0.080023 0.000000 0.036740 0.000001 0.021238 0.000000 0.000014 0.043281 0.047719 0.000000 0.000000 0.000006 0.013344 0.003937 0.000000 0.000000 0.010007 0.000000 0.000000 0.000000 0.000000 0.000000 0.000000 0.034441 0.056608 0.000000 0.064718 0.000024 0.000008 0.018130 0.000043 0.010316 0.056687 0.000000 0.043056 0.000000 0.000000 0.015222 0.000047 0.000000 0.000000 0.000000 0.000001 0.000000 0.000000 0.000000 0.000000 0.000000 0.011736 0.000000 0.000000 0.000000 0.000000 0.000000 0.000005 0.000000 0.049144 0.000000 0.006404 0.000002 0.033660 0.000001 0.000000 0.000000 0.000000 0.011619 0.000000 0.000001 0.000001 0.000000 0.000001 0.088092 0.000000 0.000000 0.083508 0.000004 0.000013 0.000000 0.002911 0.000000 0.016221 0.000000 0.000000 0.019108 0.000001 0.000001 0.021770 0.000000 0.000000 0.025378 0.000000 
0.041352 0.029851 0.001961 0.036247 0.012414 0.000000 0.000000 0.009254 0.020175 0.006184 0.010772 0.020280 0.014409 0.009995 0.019654 0.024609 0.017609 0.012339 0.012539 0.031448 0.004487 0.000000 0.009025 0.004878 0.042195 0.020594 0.000000 0.035547 0.005637 0.000000 0.000000 0.000000 0.000382 0.003193 0.000000 0.020536 0.013748 0.018081 0.019181 0.032798 0.008337 0.014889 0.005160 0.011583 0.003629 0.000000 0.003944 0.008869 0.023236 0.020654 0.000000 0.027435 0.000000 0.002829 0.000000 0.007633 0.000000 0.000000 0.000000 0.000000 0.000000 0.007590 0.011360 0.015868 0.005739 0.004045 0.000000 0.003929 0.001141 0.000000 0.006520 0.006166 0.024306 0.020610 0.000000 0.043364 0.000000 0.000000 0.000000 0.003102 0.007989 0.001976 0.000000 0.012942 0.019656 0.009455 0.008360 0.036314 0.004589 0.007457 0.000000 0.013388 0.003088 0.003454 0.005375 0.012643 
0.000000 0.000000 0.000000 0.000000 0.000000 0.000000 0.000000 0.064340 0.055168 0.000036 0.000000 0.000072 0.000000 0.000000 0.000000 0.000003 0.000030 0.000012 0.063050 0.000000 0.000000 0.000000 0.000000 0.000000 0.000000 0.000000 0.000000 0.000000 0.000000 0.000000 0.000000 0.000000 0.086732 0.000036 0.000020 0.000211 0.000000 0.000000 0.000000 0.103908 0.000002 0.000000 0.000009 0.033097 0.000000 0.000000 0.000002 0.000003 0.000001 0.000000 0.000000 0.000000 0.000000 0.000000 0.000000 0.000000 0.000000 0.000002 0.000000 0.000029 0.000000 0.000000 0.000000 0.000000 0.000011 0.000001 0.000003 0.000001 0.000000 0.000000 0.000000 0.000000 0.000006 0.000003 0.000000 0.000008 0.000000 0.000000 0.000000 0.045476 0.000019 0.035181 0.080636 0.431868 0.000000 0.000000 0.000000 0.000000 0.000009 0.000003 0.000002 0.000001 0.000000 0.000001 0.000004 0.000000 
0.000000 0.000000 0.000365 0.007923 0.000000 0.000000 0.000000 0.000000 0.000000 0.003326 0.010826 0.003971 0.000000 0.000000 0.000000 0.001079 0.003574 0.005724 0.002065 0.003380 0.000000 0.003116 0.000654 0.012998 0.001754 0.000000 0.000662 0.016619 0.000000 0.000000 0.000000 0.000000 0.000891 0.001653 0.011407 0.003632 0.000000 0.000000 0.000000 0.001307 0.000000 0.001323 0.001900 0.002068 0.002622 0.002405 0.004011 0.016408 0.001789 0.001460 0.000000 0.009258 0.000000 0.000000 0.000000 0.000000 0.000000 0.013936 0.029330 0.016599 0.000000 0.000000 0.000000 0.000000 0.005952 0.010217 0.004985 0.013432 0.000000 0.001682 0.000000 0.002755 0.035934 0.008636 0.003240 0.314162 0.000000 0.000000 0.000000 0.000000 0.001865 0.020786 0.226548 0.038120 0.000000 0.000000 0.000000 0.003582 0.003504 0.008487 0.005753 0.010293 0.004861 0.008749 0.001930 0.064492 
0.000000 0.000000 0.000000 0.000000 0.004880 0.009553 0.000000 0.012582 0.028108 0.014209 0.024685 0.027845 0.013631 0.009690 0.014753 0.006378 0.062232 0.019978 0.055856 0.045284 0.000000 0.004352 0.000000 0.000000 0.000000 0.000000 0.005357 0.000000 0.004751 0.000000 0.000000 0.000000 0.032569 0.023578 0.021038 0.017238 0.000000 0.000000 0.004464 0.000000 0.021210 0.012045 0.029193 0.028337 0.000000 0.006260 0.000000 0.000000 0.001894 0.000000 0.000000 0.000000 0.000000 0.004175 0.000000 0.000000 0.032233 0.027131 0.024572 0.042853 0.010873 0.000000 0.005770 0.004785 0.025393 0.017002 0.029291 0.032377 0.000000 0.000000 0.000000 0.000000 0.017090 0.000895 0.007007 0.009487 0.000000 0.000000 0.000000 0.000000 0.003423 0.007615 0.000000 0.002733 0.010662 0.004482 0.000000 0.000000 0.028458 0.018991 0.029958 0.023905 0.000000 0.000000 0.004848 0.012043 
0.000004 0.000001 0.000000 0.138025 0.000000 0.059521 0.000000 0.333718 0.016379 0.000000 0.000000 0.259427 0.000000 0.000001 0.124680 0.000000 0.000000 0.068243 
0.000004 0.009676 0.000000 0.000000 0.476397 0.000002 0.000000 0.046457 0.000000 0.000000 0.000000 0.403425 0.000000 0.014536 0.025541 0.000000 0.023961 0.000000 
0.060977 0.033917 0.000000 0.000000 0.000000 0.000002 0.000000 0.000000 0.090491 0.000000 0.000000 0.045299 0.000000 0.048953 0.675128 0.000000 0.000000 0.045233 
0.000004 0.000001 0.000000 0.000000 0.532081 0.009470 0.000000 0.040318 0.000000 0.000000 0.000000 0.384295 0.000000 0.000000 0.033830 0.000000 0.000000 0.000000 
0.000004 0.870257 0.000000 0.000000 0.078578 0.000002 0.000000 0.000000 0.000000 0.000000 0.000000 0.029248 0.000000 0.000001 0.012984 0.008926 0.000000 0.000000 
0.000004 0.000001 0.000000 0.000000 0.000000 0.050999 0.000000 0.000000 0.000000 0.000000 0.000000 0.000073 0.000000 0.000001 0.036635 0.000000 0.912287 0.000000 
0.000004 0.000001 0.000000 0.000000 0.000000 0.000001 0.000000 0.000000 0.005158 0.000000 0.000000 0.000077 0.000000 0.000000 0.017102 0.000000 0.977657 0.000000 
0.027822 0.000001 0.000000 0.020405 0.000000 0.000002 0.000000 0.022349 0.000000 0.000000 0.000000 0.362977 0.000000 0.000001 0.059580 0.000000 0.466273 0.040591 
0.000004 0.032334 0.000000 0.000000 0.293565 0.040305 0.019167 0.152872 0.000000 0.000000 0.000000 0.157983 0.013097 0.023766 0.110001 0.000000 0.000000 0.156906 
0.043726 0.213401 0.000000 0.027009 0.000000 0.069481 0.045538 0.156350 0.000000 0.000000 0.000000 0.056558 0.000000 0.025371 0.101784 0.072036 0.000000 0.188745 
0.026408 0.000001 0.000000 0.000000 0.000000 0.101814 0.000000 0.374584 0.040722 0.000000 0.000000 0.129492 0.000000 0.045646 0.281333 0.000000 0.000000 0.000000 
0.296274 0.000001 0.000000 0.404195 0.000000 0.000002 0.029506 0.000000 0.000000 0.000000 0.000000 0.017789 0.000000 0.000001 0.221043 0.000000 0.000000 0.031189 
0.000004 0.006491 0.000000 0.037222 0.000000 0.126575 0.000000 0.000000 0.000000 0.000000 0.000000 0.610111 0.000000 0.000001 0.207058 0.012539 0.000000 0.000000 
0.000004 0.000001 0.000000 0.121633 0.139730 0.336958 0.000000 0.000000 0.050906 0.000000 0.000000 0.103653 0.000000 0.000001 0.247115 0.000000 0.000000 0.000000 
0.061132 0.039941 0.000000 0.015582 0.000000 0.115761 0.000000 0.000000 0.000000 0.000000 0.000000 0.406481 0.000000 0.000001 0.143096 0.000000 0.000000 0.218006 
0.000004 0.386319 0.000000 0.000000 0.000000 0.000001 0.000000 0.042123 0.000000 0.019676 0.000000 0.451773 0.000000 0.000001 0.088519 0.000000 0.011584 0.000000 
0.063972 0.000001 0.000000 0.077851 0.000000 0.000002 0.046483 0.123563 0.056045 0.000000 0.000000 0.057851 0.000000 0.066098 0.508133 0.000000 0.000000 0.000000 
0.131676 0.000001 0.000000 0.000000 0.014803 0.425512 0.000000 0.000000 0.000000 0.000000 0.000000 0.000068 0.000000 0.056272 0.308881 0.000000 0.000000 0.062786 
0.000004 0.376822 0.000000 0.000000 0.000000 0.000002 0.000000 0.017057 0.000000 0.000000 0.000000 0.024099 0.000000 0.005943 0.039356 0.000000 0.536717 0.000000 
0.000004 0.000001 0.000000 0.457229 0.011513 0.048483 0.054654 0.000000 0.000000 0.000000 0.000000 0.122382 0.000000 0.011459 0.267845 0.000000 0.026432 0.000000 
0.312943 0.000001 0.000000 0.000000 0.027119 0.000002 0.000000 0.011256 0.116525 0.000000 0.000000 0.043189 0.000000 0.022982 0.409593 0.000000 0.056390 0.000000 
0.000005 0.000001 0.000000 0.172760 0.017078 0.000001 0.063733 0.679737 0.000000 0.000000 0.000000 0.008382 0.000000 0.000000 0.058302 0.000000 0.000000 0.000000 
0.030367 0.045767 0.000000 0.293507 0.000000 0.083695 0.032936 0.000000 0.000000 0.000000 0.000000 0.032523 0.000000 0.000001 0.226694 0.000000 0.000000 0.254511 
0.035947 0.035773 0.000000 0.000000 0.000000 0.125009 0.000000 0.000000 0.000000 0.000000 0.000000 0.021639 0.017380 0.000001 0.120507 0.010045 0.515895 0.117804 
0.032791 0.036741 0.000000 0.049578 0.000000 0.073016 0.000000 0.051064 0.043349 0.000000 0.000000 0.035010 0.000000 0.014307 0.382486 0.000000 0.000000 0.281659 
0.437904 0.000001 0.000000 0.059732 0.030339 0.000002 0.000000 0.000000 0.000000 0.000000 0.000000 0.000071 0.000000 0.015381 0.196217 0.020296 0.240058 0.000000 
0.059759 0.000001 0.000000 0.000000 0.028181 0.306046 0.000000 0.005399 0.000000 0.000000 0.000000 0.029805 0.000000 0.064359 0.285244 0.000000 0.176634 0.044572 
0.065470 0.032186 0.000000 0.035406 0.000000 0.255483 0.000000 0.000000 0.000000 0.000000 0.000000 0.024487 0.021686 0.000001 0.256811 0.000000 0.000000 0.308469 
0.000004 0.176866 0.000000 0.414929 0.057820 0.000002 0.041225 0.000000 0.000000 0.000000 0.000000 0.132242 0.000000 0.000001 0.176912 0.000000 0.000000 0.000000 
0.000004 0.000001 0.000000 0.074837 0.268812 0.088310 0.050445 0.008493 0.000000 0.000000 0.000000 0.154094 0.000000 0.031818 0.138956 0.000000 0.077548 0.106681 
0.000004 0.057822 0.000000 0.000000 0.031985 0.000001 0.000000 0.818531 0.000000 0.000000 0.000000 0.056983 0.000000 0.000000 0.016880 0.000000 0.017792 0.000000 
0.100065 0.000001 0.000000 0.000000 0.000000 0.452678 0.000000 0.000000 0.000000 0.000000 0.000000 0.025532 0.000000 0.030771 0.377740 0.000000 0.013213 0.000000 
0.000004 0.012559 0.000000 0.000000 0.000000 0.020363 0.000000 0.000000 0.000000 0.000000 0.000000 0.437171 0.013539 0.000001 0.091061 0.000000 0.397449 0.027854 
0.000004 0.000001 0.005242 0.074473 0.000000 0.014460 0.000000 0.047944 0.064853 0.000000 0.000000 0.103006 0.000000 0.028474 0.646265 0.000000 0.015278 0.000000 
0.039564 0.658710 0.000000 0.000000 0.000000 0.000002 0.000000 0.028828 0.020645 0.017747 0.000000 0.049797 0.000000 0.000001 0.033019 0.000000 0.151686 0.000000 
0.059631 0.017706 0.000000 0.016121 0.000000 0.070825 0.000000 0.000000 0.073693 0.000000 0.000000 0.031593 0.000000 0.031986 0.547258 0.000000 0.032112 0.119075 
0.000004 0.031103 0.000000 0.000000 0.503049 0.036757 0.000000 0.000000 0.000000 0.000000 0.000000 0.333314 0.000000 0.000001 0.042581 0.000000 0.053191 0.000000 
0.575945 0.031584 0.000000 0.000000 0.164760 0.000002 0.000000 0.000000 0.029309 0.000000 0.000000 0.069459 0.000000 0.000001 0.128940 0.000000 0.000000 0.000000 
0.091971 0.034620 0.000000 0.038981 0.183271 0.109778 0.000000 0.091846 0.027204 0.000000 0.000000 0.057214 0.000000 0.009068 0.127863 0.031684 0.000000 0.196500 
0.023045 0.000001 0.000000 0.015964 0.000000 0.000002 0.000000 0.062307 0.017492 0.032775 0.000000 0.372061 0.000000 0.000001 0.278377 0.000000 0.180205 0.017770 
0.000004 0.026296 0.000000 0.013065 0.543702 0.000002 0.000000 0.000000 0.000000 0.000000 0.000000 0.357565 0.000000 0.005862 0.053503 0.000000 0.000000 0.000000 
0.061817 0.033269 0.000000 0.099620 0.000000 0.150777 0.000000 0.000000 0.000000 0.000000 0.000000 0.015103 0.000000 0.037419 0.193840 0.000000 0.198868 0.209287 
0.084466 0.000001 0.000000 0.007455 0.536553 0.000002 0.000000 0.000000 0.000000 0.000000 0.000000 0.337803 0.000000 0.003195 0.013880 0.000000 0.016645 0.000000 
0.000004 0.041981 0.000000 0.503728 0.000000 0.028077 0.064294 0.000000 0.000000 0.000000 0.000000 0.096946 0.000000 0.000001 0.182571 0.000000 0.016627 0.065771 
0.000004 0.000001 0.000000 0.000000 0.171148 0.000001 0.000000 0.112063 0.000000 0.000000 0.000000 0.087560 0.000000 0.010070 0.058714 0.017973 0.514983 0.027484 
0.003918 0.014971 0.000000 0.000000 0.000000 0.000001 0.000000 0.005623 0.000000 0.000000 0.000000 0.000081 0.012848 0.000001 0.025688 0.000000 0.914261 0.022607 
0.000004 0.000001 0.000000 0.210562 0.096350 0.010069 0.000000 0.478526 0.000000 0.000000 0.000000 0.073835 0.009715 0.000001 0.056833 0.000000 0.018416 0.045690 
0.405300 0.013190 0.000000 0.000000 0.008913 0.152677 0.052743 0.010772 0.000000 0.000000 0.000000 0.000083 0.000000 0.039538 0.251657 0.000000 0.065127 0.000000 
0.692595 0.025264 0.000000 0.000000 0.023533 0.049677 0.000000 0.040740 0.010586 0.000000 0.000000 0.000099 0.000000 0.026991 0.106141 0.000000 0.024373 0.000000 
0.327006 0.000001 0.000000 0.099539 0.038799 0.045873 0.037764 0.000000 0.041531 0.000000 0.000000 0.000086 0.000000 0.000001 0.261533 0.000000 0.019525 0.128343 
0.000004 0.053503 0.000000 0.123727 0.334973 0.000002 0.000000 0.000000 0.038862 0.000000 0.000000 0.170144 0.000000 0.016330 0.262455 0.000000 0.000000 0.000000 
0.012462 0.243445 0.000000 0.000000 0.000000 0.247370 0.000000 0.171128 0.000000 0.018037 0.000000 0.010250 0.017253 0.025080 0.207454 0.000000 0.000000 0.047521 
0.000003 0.928357 0.000000 0.000000 0.000000 0.000001 0.000000 0.000000 0.000000 0.000000 0.000000 0.000124 0.000000 0.000000 0.027137 0.000000 0.044376 0.000000 
0.559574 0.000001 0.000000 0.000000 0.193284 0.000002 0.000000 0.009455 0.000000 0.000000 0.000000 0.125690 0.000000 0.033478 0.078517 0.000000 0.000000 0.000000 
0.020082 0.080256 0.000000 0.000000 0.000000 0.065369 0.000000 0.025618 0.000000 0.000000 0.000000 0.015748 0.000000 0.000001 0.057185 0.000000 0.716195 0.019547 
0.065735 0.043610 0.000000 0.050389 0.000000 0.181007 0.000000 0.000000 0.000000 0.000000 0.000000 0.000095 0.012550 0.009628 0.234905 0.000000 0.000000 0.402081 
0.033632 0.000001 0.000000 0.053662 0.000000 0.238228 0.010477 0.000000 0.020644 0.000000 0.000000 0.050580 0.000000 0.056389 0.443896 0.000000 0.092491 0.000000 
0.000004 0.000001 0.000000 0.536278 0.020319 0.027543 0.114706 0.000000 0.000000 0.000000 0.000000 0.025139 0.035709 0.000001 0.201331 0.018824 0.020145 0.000000 
0.000004 0.081346 0.000000 0.602042 0.000000 0.000002 0.102870 0.000000 0.000000 0.000000 0.000000 0.022406 0.000000 0.006570 0.184760 0.000000 0.000000 0.000000 
0.000004 0.019405 0.000000 0.265650 0.000000 0.025833 0.019291 0.588889 0.000000 0.000000 0.000000 0.000068 0.000000 0.000001 0.080859 0.000000 0.000000 0.000000 
0.000004 0.087410 0.000000 0.040390 0.431449 0.000001 0.000000 0.000000 0.000000 0.000000 0.000000 0.352795 0.000000 0.000001 0.048728 0.000000 0.000000 0.039220 
0.000004 0.000001 0.000000 0.268842 0.000000 0.000002 0.111044 0.384143 0.000000 0.000000 0.000000 0.034529 0.000000 0.000001 0.161470 0.020458 0.019506 0.000000 
0.000004 0.119875 0.000000 0.000000 0.213264 0.000001 0.000000 0.115597 0.004708 0.000000 0.000000 0.135140 0.017433 0.000001 0.034004 0.000000 0.359973 0.000000 
0.000004 0.628835 0.000000 0.009201 0.000000 0.016021 0.000000 0.303570 0.000000 0.000000 0.000000 0.004926 0.000000 0.000001 0.037442 0.000000 0.000000 0.000000 
0.270127 0.000001 0.000000 0.000000 0.000000 0.084889 0.057269 0.095394 0.000000 0.000000 0.000000 0.051870 0.020794 0.000001 0.162754 0.000000 0.000000 0.256900 
0.591168 0.000001 0.000000 0.000000 0.097206 0.000002 0.000000 0.000000 0.000000 0.000000 0.000000 0.080363 0.000000 0.035686 0.077196 0.000000 0.118377 0.000000 
0.270060 0.082948 0.000000 0.146061 0.022631 0.069457 0.000000 0.000000 0.000000 0.000000 0.000000 0.055083 0.022952 0.000001 0.159654 0.000000 0.000000 0.171153 
0.021626 0.018547 0.000000 0.000000 0.103191 0.284827 0.000000 0.147938 0.000000 0.000000 0.000000 0.064511 0.000000 0.049848 0.277053 0.032456 0.000000 0.000000 
0.000004 0.000001 0.000000 0.349836 0.000000 0.034023 0.039708 0.408709 0.000000 0.000000 0.000000 0.000096 0.000000 0.000001 0.146868 0.000000 0.020755 0.000000 
0.015621 0.058509 0.000000 0.000000 0.027074 0.176336 0.000000 0.000000 0.100799 0.000000 0.000000 0.031467 0.000000 0.048845 0.523269 0.000000 0.000000 0.018080 
0.019918 0.000001 0.000000 0.056914 0.000000 0.033521 0.000000 0.008665 0.025046 0.000000 0.000000 0.146814 0.000000 0.000001 0.261801 0.000000 0.447319 0.000000 
0.000003 0.000001 0.000000 0.000000 0.616729 0.000001 0.000000 0.038097 0.000000 0.000000 0.000000 0.320871 0.000000 0.000000 0.000962 0.000000 0.023335 0.000000 
0.696391 0.037508 0.000000 0.000000 0.000000 0.024881 0.000000 0.030615 0.045444 0.000000 0.000000 0.013306 0.000000 0.000001 0.151855 0.000000 0.000000 0.000000 
0.033557 0.000001 0.000000 0.025845 0.000000 0.000002 0.000000 0.066076 0.000000 0.000000 0.000000 0.584209 0.000000 0.000001 0.046182 0.000000 0.192031 0.052097 
0.076477 0.000001 0.000000 0.128298 0.000000 0.000002 0.000000 0.054773 0.000000 0.000000 0.000000 0.000070 0.000000 0.016859 0.154364 0.000000 0.495040 0.074116 
0.562471 0.000001 0.000000 0.000000 0.034164 0.039339 0.024999 0.052093 0.027431 0.000000 0.000000 0.000071 0.000000 0.021533 0.125448 0.000000 0.112450 0.000000 
0.006157 0.000001 0.000000 0.000000 0.561593 0.000001 0.000000 0.000000 0.000000 0.000000 0.000000 0.389145 0.000000 0.000000 0.024508 0.000000 0.000000 0.018595 
0.000004 0.009036 0.000000 0.000000 0.000000 0.000002 0.000000 0.965571 0.000000 0.000000 0.000000 0.005084 0.000000 0.000001 0.020302 0.000000 0.000000 0.000000 
0.232565 0.316428 0.000000 0.000000 0.174672 0.045844 0.000000 0.000000 0.000000 0.000000 0.000000 0.157225 0.000000 0.000001 0.053236 0.000000 0.000000 0.020028 
0.019271 0.000001 0.000000 0.000000 0.425651 0.166481 0.000000 0.000000 0.000000 0.000000 0.000000 0.238924 0.000000 0.019403 0.130268 0.000000 0.000000 0.000000 
0.056796 0.022489 0.000000 0.055559 0.036434 0.098524 0.000000 0.025607 0.000000 0.000000 0.000000 0.000077 0.019943 0.103897 0.151530 0.000000 0.252146 0.176999 
0.000004 0.000001 0.000000 0.326007 0.043476 0.045218 0.036962 0.040532 0.000000 0.000000 0.000000 0.244399 0.000000 0.000001 0.194391 0.000000 0.000000 0.069009 
0.492223 0.228484 0.000000 0.000000 0.035824 0.000002 0.000000 0.024756 0.000000 0.000000 0.000000 0.031353 0.005836 0.027343 0.154179 0.000000 0.000000 0.000000 
0.000004 0.016297 0.000000 0.000000 0.000000 0.000001 0.059469 0.084083 0.048128 0.000000 0.000000 0.000087 0.000000 0.019294 0.350894 0.000000 0.421742 0.000000 
0.076332 0.000001 0.000000 0.338696 0.000000 0.018305 0.024959 0.000000 0.052107 0.000000 0.000000 0.028985 0.000000 0.000001 0.284366 0.000000 0.176247 0.000000 
0.055345 0.000001 0.000000 0.000000 0.247920 0.055910 0.000000 0.276681 0.009578 0.000000 0.000000 0.132209 0.012967 0.000001 0.110162 0.000000 0.021244 0.077982 
0.022362 0.038685 0.000000 0.000000 0.063339 0.200954 0.000000 0.000000 0.018942 0.000000 0.000000 0.071651 0.000000 0.000001 0.301685 0.000000 0.000000 0.282380 
0.000004 0.611398 0.001714 0.000000 0.158770 0.000002 0.000000 0.000000 0.003701 0.000000 0.000000 0.091926 0.000000 0.006904 0.125580 0.000000 0.000000 0.000000 
0.000004 0.000001 0.000000 0.156497 0.213322 0.000002 0.000000 0.005451 0.000000 0.000000 0.000000 0.425565 0.000000 0.009919 0.148571 0.000000 0.023779 0.016891 
0.055389 0.000001 0.000000 0.000000 0.011929 0.522419 0.000000 0.000000 0.000000 0.000000 0.000000 0.000080 0.000000 0.018762 0.391419 0.000000 0.000000 0.000000 
0.000004 0.415788 0.008105 0.021795 0.050451 0.056802 0.038081 0.000000 0.000000 0.000000 0.000000 0.057854 0.000000 0.000001 0.144308 0.000000 0.000000 0.206812 
0.025629 0.349486 0.000000 0.000000 0.000000 0.103910 0.053881 0.000000 0.000000 0.000000 0.000000 0.016259 0.000000 0.000001 0.165489 0.000000 0.058857 0.226488 
0.000003 0.000001 0.000000 0.000000 0.000000 0.000002 0.000000 0.000000 0.000000 0.000000 0.000000 0.031668 0.009655 0.001868 0.022153 0.000000 0.934649 0.000000 
0.018127 0.000001 0.000000 0.000000 0.017651 0.064156 0.000000 0.000000 0.056690 0.000000 0.000000 0.038980 0.000000 0.071257 0.718048 0.015089 0.000000 0.000000 
0.012517 0.000001 0.000000 0.019200 0.051076 0.058028 0.000000 0.192400 0.000000 0.000000 0.000000 0.072432 0.000000 0.000001 0.066883 0.037768 0.400799 0.088895 
0.762552 0.000001 0.000000 0.000000 0.000000 0.000002 0.000000 0.000000 0.037230 0.000000 0.000000 0.061901 0.000000 0.041674 0.096640 0.000000 0.000000 0.000000 
0.020621 0.000001 0.000000 0.011051 0.021803 0.000001 0.000000 0.905992 0.004422 0.000000 0.000000 0.000098 0.000000 0.000001 0.024653 0.000000 0.011357 0.000000 
0.000003 0.626052 0.000000 0.146011 0.010142 0.000002 0.000000 0.090587 0.000000 0.011598 0.000000 0.050037 0.000000 0.024871 0.040698 0.000000 0.000000 0.000000 
0.000004 0.032570 0.000000 0.000000 0.030471 0.000002 0.000000 0.903769 0.000000 0.000000 0.000000 0.019629 0.000000 0.000001 0.000798 0.012757 0.000000 0.000000 
0.056309 0.046946 0.000000 0.156769 0.000000 0.069280 0.055180 0.000000 0.000000 0.000000 0.000000 0.000087 0.000000 0.000001 0.174673 0.000000 0.058572 0.382183 
0.129396 0.000001 0.000000 0.000000 0.000000 0.076835 0.000000 0.310148 0.034427 0.000000 0.000000 0.090293 0.000000 0.029911 0.328989 0.000000 0.000000 0.000000 
0.029574 0.040887 0.000000 0.000000 0.038790 0.276164 0.094338 0.091333 0.000000 0.000000 0.000000 0.000090 0.000000 0.034223 0.279708 0.000000 0.000000 0.114892 
0.035072 0.000001 0.000000 0.000000 0.000000 0.133218 0.000000 0.000000 0.000000 0.000000 0.000000 0.000063 0.000000 0.000001 0.120717 0.000000 0.681450 0.029478 
0.000004 0.000001 0.002333 0.000000 0.000000 0.080074 0.000000 0.445855 0.022260 0.000000 0.000000 0.087477 0.013234 0.000001 0.121356 0.015914 0.000000 0.211490 
0.000004 0.000001 0.000000 0.000000 0.044502 0.000002 0.000000 0.000000 0.000000 0.030624 0.000000 0.302815 0.000000 0.016006 0.121443 0.000000 0.418607 0.065996 
0.000004 0.719443 0.001943 0.000000 0.004620 0.000002 0.000000 0.000000 0.000000 0.000000 0.000000 0.143385 0.000000 0.000001 0.087793 0.000000 0.000000 0.042808 
0.031444 0.031260 0.000000 0.029518 0.000000 0.067324 0.000000 0.000000 0.000000 0.000000 0.000000 0.612044 0.000000 0.000001 0.110165 0.000000 0.000000 0.118244 
0.406345 0.197415 0.000000 0.122423 0.000000 0.000002 0.000000 0.000000 0.056340 0.000000 0.000000 0.039737 0.000000 0.015872 0.161866 0.000000 0.000000 0.000000 
0.047223 0.040468 0.000000 0.000000 0.000000 0.079547 0.025892 0.000000 0.000000 0.000000 0.000000 0.035306 0.021638 0.021012 0.432652 0.000000 0.000000 0.296260 
0.011604 0.097103 0.000000 0.000000 0.189962 0.000002 0.000000 0.000000 0.053777 0.000000 0.000000 0.131359 0.000000 0.027684 0.488508 0.000000 0.000000 0.000000 
0.000005 0.199318 0.001442 0.311307 0.000000 0.137684 0.048207 0.000000 0.000000 0.000000 0.000000 0.011692 0.000000 0.000001 0.193662 0.019334 0.017465 0.059884 
0.004999 0.000001 0.000000 0.007720 0.506982 0.000002 0.000000 0.000000 0.000000 0.000000 0.000000 0.414283 0.000000 0.004295 0.061718 0.000000 0.000000 0.000000 
0.000003 0.131242 0.000000 0.000000 0.240586 0.000001 0.000000 0.000000 0.000000 0.000000 0.000000 0.128820 0.000000 0.000000 0.002540 0.000000 0.496807 0.000000 
0.000004 0.000001 0.000000 0.000000 0.527057 0.000002 0.000000 0.088229 0.023410 0.000000 0.000000 0.279801 0.000000 0.000001 0.065331 0.000000 0.016165 0.000000 
0.071452 0.000001 0.000000 0.227831 0.000000 0.077079 0.048399 0.000000 0.037790 0.017103 0.000000 0.065212 0.000000 0.000000 0.327814 0.000000 0.000000 0.127317 
0.000004 0.041580 0.000000 0.000000 0.000000 0.240167 0.000000 0.041255 0.057312 0.000000 0.000000 0.073065 0.000000 0.050934 0.471847 0.000000 0.023834 0.000000 
0.034517 0.076247 0.007438 0.000000 0.000000 0.000002 0.000000 0.000000 0.032091 0.000000 0.000000 0.015675 0.000000 0.008595 0.347421 0.000000 0.478016 0.000000 
0.000004 0.000000 0.000000 0.000000 0.000000 0.000002 0.000000 0.000000 0.047470 0.000000 0.000000 0.035175 0.000000 0.044736 0.718607 0.000000 0.043919 0.110086 
0.253963 0.111257 0.000000 0.315597 0.000000 0.032052 0.075102 0.000000 0.000000 0.000000 0.000000 0.007248 0.000000 0.000001 0.204780 0.000000 0.000000 0.000000 
0.035427 0.000001 0.000000 0.025704 0.206991 0.000001 0.000000 0.000000 0.063895 0.000000 0.000000 0.148916 0.000000 0.026301 0.492763 0.000000 0.000000 0.000000 
0.000004 0.266763 0.000000 0.432152 0.000000 0.000002 0.000000 0.000000 0.000000 0.000000 0.000000 0.051026 0.000000 0.040925 0.190481 0.018648 0.000000 0.000000 
0.045163 0.007099 0.000000 0.000000 0.599579 0.000001 0.007026 0.000000 0.019633 0.000000 0.000000 0.320278 0.000000 0.000000 0.001221 0.000000 0.000000 0.000000 
0.000004 0.000001 0.000000 0.000000 0.066926 0.000001 0.000000 0.525875 0.000000 0.000000 0.000000 0.046598 0.000000 0.018372 0.156021 0.000000 0.103264 0.082938 
0.021968 0.276377 0.000000 0.045141 0.000000 0.096946 0.000000 0.000000 0.000000 0.000000 0.000000 0.167492 0.000000 0.000001 0.188803 0.000000 0.000000 0.203273 
0.046779 0.000001 0.000000 0.000000 0.000000 0.000002 0.000000 0.000000 0.032989 0.000000 0.000000 0.151525 0.009539 0.000001 0.072659 0.000000 0.686505 0.000000 
0.038646 0.014587 0.000000 0.052926 0.000000 0.098044 0.000000 0.088946 0.050157 0.000000 0.000000 0.322808 0.000000 0.000001 0.154261 0.000000 0.000000 0.179624 
0.000004 0.000001 0.000000 0.484964 0.000000 0.130020 0.076946 0.000000 0.000000 0.000000 0.000000 0.038072 0.000000 0.000001 0.253152 0.000000 0.016840 0.000000 
0.000004 0.000001 0.000000 0.565722 0.000000 0.000002 0.067106 0.000000 0.000000 0.000000 0.000000 0.046243 0.000000 0.010487 0.245617 0.000000 0.064818 0.000000 
0.000004 0.418294 0.000000 0.223658 0.004177 0.016638 0.000000 0.000000 0.008547 0.000000 0.000000 0.021902 0.000000 0.000001 0.117307 0.000000 0.189472 0.000000 
0.000004 0.200785 0.000000 0.000000 0.044538 0.000002 0.000000 0.000000 0.071981 0.000000 0.000000 0.050224 0.000000 0.031492 0.600974 0.000000 0.000000 0.000000 
0.066796 0.268003 0.000000 0.035200 0.000000 0.000002 0.000000 0.000000 0.061674 0.000000 0.000000 0.039154 0.000000 0.030255 0.475971 0.000000 0.000000 0.022945 
0.046853 0.034130 0.000000 0.078316 0.000000 0.139666 0.000000 0.000000 0.044937 0.000000 0.000000 0.056196 0.000000 0.019632 0.211224 0.000000 0.000000 0.369046 
0.009427 0.000001 0.000000 0.032022 0.000000 0.012066 0.000000 0.000000 0.000000 0.000000 0.000000 0.000072 0.003304 0.000000 0.004581 0.000000 0.938527 0.000000 
0.000004 0.000001 0.000000 0.000000 0.000000 0.000002 0.000000 0.000000 0.019840 0.000000 0.000000 0.086783 0.000000 0.000001 0.283281 0.000000 0.610089 0.000000 
0.037252 0.000001 0.000000 0.032799 0.048567 0.000002 0.000000 0.011193 0.000000 0.000000 0.000000 0.062872 0.000000 0.018062 0.246609 0.000000 0.474877 0.067766 
0.143833 0.000001 0.000000 0.000000 0.000000 0.000001 0.000000 0.014064 0.019164 0.000000 0.000000 0.429404 0.000000 0.026490 0.065086 0.000000 0.232208 0.069750 
0.000004 0.078318 0.000000 0.000000 0.000000 0.433262 0.000000 0.000000 0.000000 0.000000 0.000000 0.088599 0.000000 0.018546 0.316046 0.000000 0.065226 0.000000 
0.060429 0.025753 0.000000 0.024872 0.000000 0.000001 0.000000 0.792234 0.018942 0.000000 0.000000 0.017798 0.000000 0.000001 0.059969 0.000000 0.000000 0.000000 
0.043390 0.000001 0.000000 0.000000 0.005534 0.462628 0.000000 0.000000 0.000000 0.000000 0.000000 0.000064 0.015688 0.046311 0.426384 0.000000 0.000000 0.000000 
0.616055 0.218444 0.000000 0.000000 0.026818 0.000002 0.000000 0.000000 0.036345 0.015959 0.000000 0.000072 0.000000 0.026959 0.059346 0.000000 0.000000 0.000000 
0.176931 0.000001 0.000000 0.000000 0.403899 0.021310 0.000000 0.000000 0.000000 0.000000 0.000000 0.286664 0.000000 0.024221 0.086974 0.000000 0.000000 0.000000 
0.051077 0.000001 0.000000 0.000000 0.527025 0.000002 0.000000 0.000000 0.012072 0.000000 0.000000 0.347964 0.000000 0.010794 0.051066 0.000000 0.000000 0.000000 
0.019539 0.000001 0.000000 0.000000 0.000000 0.000002 0.000000 0.000000 0.000000 0.000000 0.000000 0.016434 0.000000 0.018017 0.104705 0.000000 0.841301 0.000000 
0.207050 0.048096 0.000000 0.000000 0.158045 0.060398 0.065353 0.000000 0.000000 0.000000 0.000000 0.118904 0.000000 0.000001 0.148566 0.000000 0.000000 0.193587 
0.000004 0.000001 0.000000 0.086978 0.043433 0.024745 0.000000 0.143378 0.000000 0.000000 0.000000 0.461148 0.000000 0.000001 0.106146 0.000000 0.134167 0.000000 
0.213275 0.000001 0.000000 0.000000 0.165684 0.082205 0.043070 0.000000 0.000000 0.000000 0.000000 0.109806 0.000000 0.000001 0.169336 0.000000 0.019932 0.196689 
0.797056 0.000001 0.000000 0.000000 0.000000 0.000002 0.000000 0.000000 0.014645 0.000000 0.000000 0.022837 0.000000 0.024534 0.140926 0.000000 0.000000 0.000000 
0.197597 0.000001 0.000000 0.192583 0.000000 0.306445 0.020787 0.000000 0.000000 0.000000 0.000000 0.000102 0.000000 0.000001 0.265626 0.000000 0.016859 0.000000 
0.000004 0.000001 0.000000 0.068927 0.000000 0.386455 0.000000 0.000000 0.000000 0.000000 0.000000 0.000072 0.017943 0.000001 0.377204 0.000000 0.149393 0.000000 
0.000004 0.000001 0.000000 0.212691 0.000000 0.125399 0.000000 0.000000 0.008809 0.000000 0.000000 0.339984 0.000000 0.000001 0.249419 0.000000 0.000000 0.063694 
0.088895 0.000001 0.000000 0.122158 0.000000 0.052378 0.000000 0.000000 0.072787 0.000000 0.000000 0.058243 0.000000 0.022071 0.521798 0.000000 0.061669 0.000000 
0.000004 0.000001 0.000000 0.179828 0.000000 0.000001 0.011517 0.711735 0.000000 0.000000 0.000000 0.019074 0.000000 0.019852 0.057987 0.000000 0.000000 0.000000 
