-779578.993027
0
0.088435 0.040435 0.000000 0.045749 0.000000 0.005215 0.000000 0.000001 0.000001 0.000035 0.069779 0.019584 0.013929 0.000000 0.017384 0.046167 0.008717 0.009331 0.000005 0.031060 0.000000 0.000000 0.000001 0.000000 0.050433 0.024818 0.000000 0.000000 0.000000 0.000000 0.000000 0.000000 0.007465 0.000013 0.009425 0.018087 0.000000 0.000000 0.000000 0.023575 0.007593 0.008814 0.001054 0.014694 0.000000 0.007006 0.000000 0.003760 0.038104 0.020291 0.000000 0.023820 0.000000 0.000000 0.000000 0.000000 0.000000 0.000005 0.022733 0.003015 0.000000 0.000000 0.000000 0.022003 0.000007 0.000001 0.013236 0.008770 0.000000 0.000000 0.000000 0.000000 0.075766 0.023740 0.000000 0.077898 0.000000 0.000000 0.000000 0.000000 0.012144 0.000507 0.000000 0.011199 0.025575 0.020462 0.000000 0.028077 0.000016 0.000004 0.000015 0.000029 0.000000 0.000000 0.000006 0.000009 
0.002587 0.010594 0.001917 0.003851 0.000000 0.000000 0.000000 0.000874 0.031421 0.014089 0.252519 0.007679 0.000000 0.000000 0.000000 0.005089 0.008793 0.003334 0.000003 0.005000 0.000000 0.001463 0.002724 0.004077 0.000002 0.000000 0.000000 0.000000 0.000000 0.000000 0.000000 0.000000 0.027213 0.021643 0.129275 0.021119 0.000000 0.002510 0.000000 0.000002 0.000001 0.003854 0.000007 0.004126 0.000000 0.000000 0.000000 0.000017 0.005533 0.002556 0.000000 0.000000 0.000000 0.000000 0.000000 0.000000 0.015369 0.023428 0.128032 0.005042 0.000000 0.000000 0.000000 0.000000 0.012225 0.008679 0.000000 0.010272 0.000000 0.000000 0.000000 0.000000 0.007358 0.011882 0.001539 0.011803 0.000000 0.000000 0.000000 0.000000 0.003757 0.024545 0.125115 0.008673 0.003230 0.000000 0.000000 0.000000 0.007996 0.004564 0.007292 0.000674 0.000000 0.000000 0.001473 0.003177 
0.039221 0.030524 0.019342 0.024460 0.010594 0.006248 0.002985 0.004120 0.012845 0.008777 0.000000 0.002839 0.004902 0.003677 0.010005 0.003020 0.008481 0.002495 0.007349 0.002891 0.000000 0.000000 0.001181 0.000000 0.047395 0.067655 0.008633 0.044747 0.010969 0.011802 0.006664 0.008088 0.021503 0.013715 0.005711 0.019746 0.008057 0.013741 0.034992 0.011428 0.005095 0.001378 0.009354 0.004279 0.000000 0.000000 0.004341 0.000014 0.037847 0.041149 0.021008 0.028789 0.007670 0.011116 0.007390 0.005901 0.006689 0.005430 0.000000 0.008778 0.007211 0.005174 0.013836 0.004120 0.005527 0.001378 0.004210 0.001854 0.000000 0.000000 0.000000 0.000000 0.031913 0.055084 0.010871 0.039750 0.002820 0.012197 0.003044 0.005165 0.003155 0.008024 0.000000 0.006852 0.005067 0.003691 0.008110 0.004927 0.002114 0.000001 0.001740 0.002090 0.000000 0.000000 0.003040 0.000002 
0.000009 0.000001 0.000000 0.005702 0.040278 0.000000 0.000000 0.009304 0.000002 0.015971 0.037805 0.030663 0.000000 0.000000 0.000000 0.000003 0.000099 0.010783 0.030955 0.011847 0.000000 0.012716 0.032729 0.031532 0.000003 0.000000 0.000000 0.000000 0.030969 0.000000 0.010218 0.037845 0.000610 0.006338 0.005028 0.001080 0.000000 0.000000 0.000000 0.026737 0.028044 0.055454 0.000014 0.000145 0.000000 0.010267 0.018874 0.027585 0.000007 0.000003 0.000000 0.000000 0.011343 0.000000 0.000000 0.029394 0.000000 0.019053 0.000000 0.005480 0.000000 0.000000 0.000000 0.000000 0.011286 0.000001 0.000000 0.000011 0.012703 0.000000 0.072413 0.021919 0.001677 0.000476 0.000000 0.014401 0.000000 0.000000 0.000000 0.042191 0.003865 0.001779 0.000000 0.001264 0.011041 0.028049 0.022432 0.000000 0.046824 0.003671 0.015745 0.018397 0.027171 0.015503 0.012248 0.020040 
0.000628 0.001806 0.000406 0.000004 0.000000 0.000000 0.000000 0.000466 0.007667 0.002975 0.002720 0.003432 0.000000 0.000000 0.000000 0.000001 0.000754 0.000556 0.000757 0.001271 0.000000 0.000273 0.000858 0.000000 0.001465 0.000000 0.000000 0.000000 0.000000 0.000000 0.000000 0.000000 0.016231 0.000005 0.003964 0.007415 0.000000 0.000935 0.001020 0.001637 0.000621 0.000009 0.000376 0.001194 0.000184 0.000000 0.000000 0.000590 0.000911 0.000001 0.000000 0.000000 0.000000 0.000000 0.000000 0.000413 0.006508 0.000002 0.000000 0.002876 0.000000 0.000000 0.001242 0.000000 0.000003 0.000000 0.000000 0.000004 0.000000 0.000000 0.000000 0.000000 0.014049 0.007979 0.002194 0.012370 0.040218 0.000000 0.001327 0.068092 0.421441 0.074528 0.048574 0.236768 0.000001 0.000000 0.000000 0.000000 0.000004 0.000002 0.000003 0.000266 0.000000 0.000000 0.000003 0.000003 
0.013348 0.000000 0.000000 0.002239 0.003134 0.000000 0.000000 0.000000 0.004000 0.002046 0.009024 0.002632 0.013693 0.001922 0.007128 0.020546 0.027316 0.010292 0.016222 0.027373 0.051081 0.007003 0.002464 0.024932 0.007647 0.000000 0.000000 0.001000 0.000000 0.000000 0.000000 0.000000 0.012370 0.010406 0.002957 0.007004 0.005280 0.000667 0.003221 0.002753 0.017062 0.009492 0.016158 0.034045 0.029761 0.007063 0.013359 0.072422 0.013722 0.010668 0.000000 0.007928 0.000000 0.003625 0.000000 0.002756 0.000000 0.000002 0.000000 0.005167 0.001381 0.000000 0.000000 0.000000 0.010421 0.010446 0.011418 0.013211 0.009167 0.000000 0.000000 0.021930 0.027396 0.001597 0.000000 0.032592 0.002983 0.000000 0.000000 0.004426 0.003002 0.008939 0.000000 0.009104 0.025896 0.000000 0.016280 0.012626 0.013757 0.016146 0.008621 0.040484 0.063904 0.009148 0.008815 0.073383 
0.008888 0.005680 0.003245 0.006850 0.010091 0.010906 0.003072 0.016356 0.029195 0.012647 0.021138 0.019855 0.013576 0.008890 0.015437 0.011870 0.052571 0.017219 0.043897 0.038920 0.000000 0.002079 0.000001 0.000000 0.000001 0.000000 0.001730 0.000000 0.006039 0.007484 0.001686 0.005227 0.030196 0.023119 0.014226 0.020665 0.005926 0.002401 0.008286 0.004972 0.017949 0.009401 0.020554 0.025088 0.000000 0.004393 0.004724 0.006085 0.008104 0.005437 0.000000 0.007908 0.003521 0.006871 0.000000 0.002509 0.024471 0.016265 0.017214 0.031170 0.006603 0.000000 0.007410 0.006449 0.018990 0.014112 0.022301 0.025293 0.000000 0.000000 0.000000 0.000000 0.016785 0.006271 0.005332 0.012533 0.000000 0.007222 0.001583 0.000000 0.010052 0.018335 0.000000 0.007583 0.008274 0.003550 0.004274 0.008219 0.019579 0.017951 0.019202 0.017175 0.000000 0.006689 0.005725 0.006503 
0.001365 0.002108 0.000000 0.001721 0.001840 0.001587 0.000000 0.001473 0.029928 0.016222 0.097295 0.013843 0.000000 0.003196 0.000000 0.005720 0.007129 0.006093 0.023115 0.002288 0.000000 0.002141 0.001071 0.002702 0.009601 0.023063 0.008088 0.054822 0.000000 0.000000 0.000000 0.000000 0.009640 0.011225 0.094547 0.009445 0.000000 0.001884 0.000000 0.000001 0.007585 0.003998 0.026357 0.003050 0.000000 0.002585 0.005712 0.008508 0.001642 0.005406 0.002733 0.008445 0.000000 0.002165 0.000000 0.001618 0.064574 0.076803 0.135098 0.052008 0.000000 0.002143 0.000000 0.001476 0.012665 0.006979 0.011860 0.004604 0.000000 0.001552 0.001105 0.003745 0.001643 0.002511 0.002026 0.004423 0.000000 0.000000 0.000000 0.000000 0.007552 0.007592 0.037423 0.003349 0.000000 0.000784 0.000000 0.000000 0.006742 0.003628 0.010838 0.003465 0.000000 0.001912 0.001700 0.006843 
-nan -nan -nan -nan -nan -nan -nan -nan -nan -nan -nan -nan -nan -nan -nan -nan -nan -nan -nan -nan -nan -nan -nan -nan -nan -nan -nan -nan -nan -nan -nan -nan -nan -nan -nan -nan -nan -nan -nan -nan -nan -nan -nan -nan -nan -nan -nan -nan -nan -nan -nan -nan -nan -nan -nan -nan -nan -nan -nan -nan -nan -nan -nan -nan -nan -nan -nan -nan -nan -nan -nan -nan -nan -nan -nan -nan -nan -nan -nan -nan -nan -nan -nan -nan -nan -nan -nan -nan -nan -nan -nan -nan -nan -nan -nan -nan 
0.000002 0.000000 0.000401 0.008091 0.000000 0.000000 0.000000 0.000413 0.000000 0.003460 0.012034 0.004258 0.000000 0.000000 0.000000 0.000971 0.003811 0.006007 0.002172 0.003670 0.000000 0.003090 0.000495 0.013155 0.001792 0.000000 0.000542 0.016564 0.000000 0.000000 0.000000 0.000000 0.001112 0.001782 0.011588 0.004092 0.000000 0.000000 0.000000 0.001603 0.000001 0.001407 0.001829 0.002214 0.002559 0.002222 0.003857 0.017026 0.001626 0.002030 0.000000 0.009721 0.000000 0.000000 0.000000 0.000000 0.000000 0.013906 0.029579 0.016437 0.000000 0.000000 0.000000 0.000000 0.006044 0.010228 0.004812 0.013289 0.000000 0.001466 0.000000 0.002367 0.035722 0.008817 0.003141 0.312049 0.000000 0.000000 0.000000 0.000000 0.002343 0.020484 0.225300 0.038458 0.000000 0.000425 0.000000 0.003713 0.003330 0.008329 0.005655 0.010137 0.003888 0.009175 0.001783 0.063523 
0.017333 0.036910 0.000000 0.029729 0.013668 0.006891 0.000000 0.016169 0.025990 0.009396 0.000000 0.021023 0.015563 0.017439 0.014998 0.020855 0.016091 0.012033 0.015052 0.023848 0.000000 0.000000 0.012612 0.005201 0.030490 0.019518 0.000000 0.033219 0.009604 0.010602 0.000000 0.013216 0.000600 0.003978 0.003072 0.025816 0.016417 0.028155 0.021483 0.031472 0.006440 0.014981 0.004719 0.008201 0.002229 0.000000 0.007425 0.003186 0.015549 0.012768 0.000000 0.021097 0.005339 0.003194 0.000000 0.010068 0.000000 0.000001 0.000000 0.006667 0.010737 0.013442 0.013222 0.020676 0.006344 0.007289 0.000000 0.008776 0.001050 0.000285 0.010918 0.008931 0.005325 0.013673 0.000000 0.019763 0.007624 0.006070 0.000000 0.011095 0.004107 0.003806 0.000000 0.010577 0.011492 0.011752 0.008387 0.033847 0.007313 0.008069 0.000003 0.014226 0.000000 0.002742 0.008689 0.009465 
0.000069 0.016747 0.000000 0.043166 0.000002 0.000000 0.000000 0.000008 0.000015 0.000427 0.000022 0.041180 0.000000 0.000000 0.000000 0.000026 0.040255 0.000083 0.020007 0.000656 0.000000 0.000000 0.081782 0.000001 0.000021 0.000000 0.000000 0.000000 0.000000 0.000000 0.000000 0.035472 0.001913 0.000157 0.004238 0.005267 0.000000 0.000003 0.000000 0.000039 0.047162 0.029602 0.025962 0.002698 0.000000 0.000010 0.000006 0.058478 0.090658 0.000024 0.000000 0.000002 0.000000 0.000001 0.000000 0.000003 0.000003 0.000071 0.000000 0.001214 0.000000 0.024581 0.000001 0.000001 0.000091 0.000005 0.000002 0.000085 0.000000 0.012726 0.000000 0.071882 0.027357 0.000574 0.000000 0.018960 0.000000 0.000000 0.000000 0.000000 0.001484 0.007921 0.000001 0.003444 0.000015 0.000011 0.000000 0.000002 0.090432 0.000061 0.038175 0.000311 0.110350 0.000004 0.043977 0.000096 
0.000002 0.000000 0.000000 0.000446 0.000000 0.000000 0.000000 0.000000 0.000000 0.018868 0.000001 0.004804 0.000797 0.000000 0.001250 0.004580 0.001066 0.000005 0.000585 0.000841 0.000000 0.000000 0.000557 0.000000 0.001700 0.000000 0.000000 0.000000 0.000000 0.000000 0.000401 0.000000 0.076593 0.100563 0.020911 0.082468 0.000000 0.000000 0.000000 0.001644 0.000001 0.000717 0.000004 0.004973 0.000000 0.001063 0.000000 0.000764 0.000002 0.000001 0.000000 0.000000 0.000274 0.000402 0.000000 0.000000 0.000000 0.020527 0.000000 0.016940 0.000000 0.000000 0.000000 0.000000 0.000004 0.000000 0.000000 0.007547 0.000000 0.000000 0.001238 0.000000 0.000345 0.003623 0.000479 0.002499 0.000000 0.001242 0.000336 0.000000 0.125039 0.293213 0.100199 0.081715 0.001653 0.000822 0.000729 0.004786 0.001679 0.000995 0.002070 0.002658 0.000000 0.001160 0.000771 0.001447 
0.029326 0.000000 0.000000 0.000009 0.038798 0.023931 0.012631 0.045850 0.008622 0.009590 0.000001 0.001753 0.000000 0.000000 0.000000 0.000002 0.014130 0.009624 0.000004 0.011442 0.000000 0.000000 0.000001 0.004343 0.000002 0.000000 0.002551 0.000000 0.025613 0.020814 0.007535 0.042232 0.028329 0.010849 0.001377 0.017394 0.000000 0.000000 0.000000 0.000003 0.000001 0.006406 0.013788 0.017819 0.000000 0.011329 0.011845 0.007279 0.000004 0.000001 0.000000 0.000000 0.023173 0.018618 0.000000 0.027683 0.047063 0.014471 0.000000 0.013870 0.000000 0.000000 0.004888 0.000000 0.004471 0.012763 0.015605 0.007550 0.006931 0.014995 0.018396 0.000000 0.011337 0.016711 0.000000 0.001078 0.040647 0.049500 0.004567 0.069902 0.016934 0.035063 0.000000 0.014326 0.000001 0.000001 0.000000 0.000000 0.005326 0.018082 0.008305 0.007105 0.000000 0.008820 0.013138 0.013451 
0.015939 0.000001 0.000000 0.000033 0.000000 0.000000 0.000000 0.000003 0.000004 0.000110 0.000006 0.080462 0.000000 0.000000 0.000000 0.000007 0.000198 0.000044 0.000017 0.003384 0.000000 0.000000 0.000004 0.000000 0.022602 0.000000 0.024201 0.061930 0.000000 0.000000 0.000000 0.000000 0.006625 0.000043 0.050396 0.014669 0.000000 0.029619 0.024995 0.021511 0.000005 0.000075 0.040420 0.019964 0.000000 0.016545 0.000002 0.009059 0.000019 0.025787 0.000000 0.000001 0.000000 0.000000 0.005259 0.000001 0.032121 0.058063 0.000000 0.005810 0.006262 0.027338 0.018748 0.013839 0.023070 0.000002 0.000000 0.000029 0.000000 0.000000 0.000000 0.000000 0.024979 0.045401 0.000000 0.008291 0.000000 0.000000 0.000000 0.000000 0.001131 0.002136 0.071404 0.038052 0.016471 0.028708 0.000000 0.000000 0.000058 0.025538 0.039774 0.019326 0.000000 0.000001 0.000021 0.019479 
0.000556 0.000062 0.000000 0.001033 0.000022 0.000000 0.000000 0.000024 0.000145 0.001916 0.000251 0.007940 0.000003 0.000000 0.000001 0.000492 0.002900 0.001213 0.000437 0.003200 0.000000 0.000002 0.000106 0.000009 0.000249 0.000000 0.000001 0.000002 0.000000 0.000000 0.000000 0.000002 0.004637 0.001302 0.004530 0.009518 0.000000 0.000026 0.000001 0.000815 0.000234 0.003757 0.000620 0.005021 0.000000 0.000047 0.000095 0.002446 0.000449 0.000186 0.000000 0.000025 0.000002 0.000004 0.000000 0.000006 0.000020 0.000554 0.000000 0.003065 0.000000 0.000000 0.165032 0.723305 0.001320 0.000027 0.000018 0.000888 0.000000 0.000000 0.000000 0.000001 0.008618 0.005147 0.000003 0.010058 0.000000 0.000000 0.000000 0.000004 0.004991 0.006785 0.000014 0.008380 0.000223 0.000081 0.000001 0.000025 0.002184 0.000453 0.000693 0.001457 0.000000 0.000045 0.001542 0.000772 
0.060449 0.163677 0.000015 0.027712 0.336273 0.143184 0.147360 0.092787 0.000000 0.000000 0.000033 0.000000 0.000000 0.028511 0.000000 0.000000 
0.000000 0.105924 0.036955 0.011591 0.054815 0.000018 0.000000 0.771405 0.000000 0.019258 0.000034 0.000000 0.000000 0.000000 0.000000 0.000000 
0.209868 0.000000 0.100349 0.000000 0.000000 0.033295 0.059347 0.023307 0.000000 0.012726 0.527710 0.000000 0.033397 0.000000 0.000000 0.000000 
0.000000 0.041134 0.020110 0.000000 0.041443 0.000017 0.000000 0.875292 0.000000 0.000000 0.022004 0.000000 0.000000 0.000000 0.000000 0.000000 
0.000000 0.000000 0.000012 0.000000 0.011841 0.000013 0.000000 0.103855 0.000000 0.000000 0.000026 0.000000 0.868190 0.000000 0.016063 0.000000 
0.000000 0.000000 0.000013 0.000000 0.000000 0.000017 0.000000 0.000040 0.000000 0.918938 0.045849 0.000000 0.000000 0.035143 0.000000 0.000000 
0.014415 0.000000 0.004535 0.000000 0.000000 0.000018 0.000000 0.000044 0.000000 0.980957 0.000029 0.000000 0.000000 0.000000 0.000000 0.000000 
0.053000 0.272343 0.018730 0.000000 0.025828 0.025698 0.054377 0.090504 0.000000 0.459492 0.000027 0.000000 0.000000 0.000000 0.000000 0.000000 
0.000000 0.000000 0.000014 0.000000 0.160257 0.037143 0.192918 0.474097 0.000000 0.000000 0.106255 0.000000 0.019369 0.009947 0.000000 0.000000 
0.000000 0.016477 0.051456 0.071831 0.207462 0.028069 0.289766 0.039647 0.000000 0.000000 0.075106 0.000000 0.220184 0.000000 0.000000 0.000000 
0.000000 0.099543 0.063942 0.000000 0.380191 0.013903 0.047269 0.024584 0.000000 0.000000 0.310051 0.000000 0.000000 0.060516 0.000000 0.000000 
0.000000 0.000000 0.381648 0.021691 0.000000 0.479684 0.065376 0.031270 0.000000 0.000000 0.000033 0.000000 0.000000 0.000000 0.020298 0.000000 
0.054463 0.506542 0.000013 0.000000 0.019714 0.059941 0.043087 0.093012 0.000000 0.000000 0.134599 0.000000 0.000000 0.088627 0.000000 0.000000 
0.000000 0.000000 0.040756 0.080723 0.000000 0.148126 0.000000 0.248653 0.000000 0.011708 0.252308 0.000000 0.000000 0.217725 0.000000 0.000000 
0.000000 0.298798 0.079130 0.041047 0.009193 0.025622 0.350642 0.108290 0.000000 0.000000 0.057908 0.000000 0.029369 0.000000 0.000000 0.000000 
0.062495 0.352369 0.000014 0.000000 0.047773 0.005089 0.063786 0.078694 0.000000 0.000000 0.000036 0.000000 0.389745 0.000000 0.000000 0.000000 
0.111302 0.039775 0.094818 0.000000 0.128499 0.135005 0.034358 0.000049 0.000000 0.000000 0.456194 0.000000 0.000000 0.000000 0.000000 0.000000 
0.000000 0.000000 0.185673 0.069885 0.000000 0.012681 0.104389 0.011676 0.000000 0.000000 0.329060 0.000000 0.000000 0.286636 0.000000 0.000000 
0.000000 0.015238 0.000014 0.000000 0.022041 0.000017 0.000000 0.000051 0.000000 0.536751 0.026876 0.021320 0.377691 0.000000 0.000000 0.000000 
0.000000 0.067776 0.000014 0.024278 0.008511 0.529424 0.028422 0.097464 0.000000 0.029901 0.214210 0.000000 0.000000 0.000000 0.000000 0.000000 
0.182716 0.000000 0.411281 0.000000 0.009784 0.038517 0.000000 0.052774 0.000000 0.058000 0.246927 0.000000 0.000000 0.000000 0.000000 0.000000 
0.000000 0.000000 0.000019 0.023620 0.686464 0.230373 0.000000 0.044599 0.000000 0.000000 0.000042 0.012420 0.000000 0.000000 0.000000 0.002463 
0.000000 0.000000 0.032426 0.072470 0.012075 0.333787 0.348314 0.037390 0.000000 0.000000 0.069365 0.000000 0.022642 0.000000 0.071531 0.000000 
0.020797 0.000000 0.054833 0.032693 0.000000 0.014996 0.191226 0.000050 0.000000 0.530277 0.024861 0.000000 0.030741 0.066124 0.033402 0.000000 
0.074905 0.000000 0.053452 0.035485 0.053860 0.069534 0.379847 0.034517 0.000000 0.014384 0.258245 0.000000 0.025771 0.000000 0.000000 0.000000 
0.000000 0.000000 0.516666 0.000000 0.000000 0.078593 0.000000 0.021408 0.000000 0.248265 0.095165 0.000000 0.000000 0.000000 0.039902 0.000000 
0.000000 0.000000 0.124574 0.107994 0.006428 0.028736 0.000000 0.063021 0.000000 0.175674 0.262684 0.000000 0.000000 0.206390 0.024499 0.000000 
0.000000 0.000000 0.088199 0.029803 0.000000 0.090523 0.392923 0.047087 0.000000 0.000000 0.197661 0.000000 0.025191 0.128612 0.000000 0.000000 
0.000000 0.076821 0.000015 0.000000 0.000000 0.496818 0.000000 0.153091 0.000000 0.000000 0.098643 0.000000 0.174611 0.000000 0.000000 0.000000 
0.000000 0.000000 0.000014 0.000000 0.008616 0.108516 0.146508 0.416393 0.000000 0.070481 0.144209 0.000000 0.000000 0.061313 0.043950 0.000000 
0.000000 0.025091 0.000017 0.000000 0.804544 0.005429 0.000000 0.063283 0.000000 0.016777 0.000036 0.000000 0.079673 0.005150 0.000000 0.000000 
0.000000 0.000000 0.202886 0.164234 0.000000 0.012847 0.000000 0.023022 0.000000 0.022731 0.339503 0.000000 0.000000 0.234776 0.000000 0.000000 
0.059062 0.299232 0.000012 0.000000 0.000000 0.000018 0.066805 0.109651 0.000000 0.391953 0.000029 0.042433 0.019725 0.011080 0.000000 0.000000 
0.177229 0.057986 0.029977 0.000000 0.050535 0.124779 0.000000 0.022702 0.000000 0.026006 0.510785 0.000000 0.000000 0.000000 0.000000 0.000000 
0.000000 0.050119 0.069317 0.000000 0.010833 0.000023 0.000000 0.000048 0.000000 0.159775 0.000035 0.000000 0.687594 0.017315 0.000000 0.004940 
0.104801 0.000000 0.085786 0.000000 0.000000 0.055889 0.175375 0.000051 0.000000 0.036352 0.475798 0.000000 0.013688 0.000000 0.052260 0.000000 
0.000000 0.000000 0.000013 0.000000 0.000000 0.000014 0.000000 0.839008 0.000000 0.057973 0.044650 0.000000 0.031671 0.026670 0.000000 0.000000 
0.000000 0.000000 0.660332 0.000000 0.000000 0.000015 0.000000 0.220110 0.000000 0.000000 0.041420 0.000000 0.025701 0.000000 0.052422 0.000000 
0.000000 0.000000 0.116352 0.036926 0.104018 0.046355 0.264618 0.211321 0.000000 0.000000 0.019107 0.000000 0.018426 0.067705 0.115172 0.000000 
0.193312 0.260529 0.017535 0.016300 0.064626 0.027836 0.080304 0.075428 0.000000 0.179621 0.084510 0.000000 0.000000 0.000000 0.000000 0.000000 
0.000000 0.000000 0.000012 0.000000 0.000000 0.000019 0.000000 0.902380 0.000000 0.000000 0.055027 0.014883 0.027677 0.000000 0.000000 0.000000 
0.000000 0.000000 0.067629 0.000000 0.000000 0.105986 0.267993 0.031923 0.000000 0.209400 0.148990 0.034432 0.019050 0.114596 0.000000 0.000000 
0.000000 0.000000 0.101661 0.000000 0.000000 0.009879 0.000000 0.871951 0.000000 0.016479 0.000029 0.000000 0.000000 0.000000 0.000000 0.000000 
0.000000 0.059336 0.000013 0.026722 0.000000 0.562547 0.109960 0.073284 0.000000 0.018997 0.106874 0.000000 0.042266 0.000000 0.000000 0.000000 
0.000000 0.000000 0.000014 0.000000 0.122315 0.018701 0.000000 0.275670 0.000000 0.516091 0.067208 0.000000 0.000000 0.000000 0.000000 0.000000 
0.012499 0.000000 0.005113 0.000000 0.000000 0.037051 0.000000 0.007995 0.000000 0.909423 0.007504 0.000000 0.020414 0.000000 0.000000 0.000000 
0.000000 0.000000 0.000012 0.000000 0.480121 0.241086 0.053984 0.190467 0.000000 0.017866 0.000029 0.000000 0.000000 0.000000 0.016435 0.000000 
0.000000 0.000000 0.515327 0.071065 0.020801 0.000021 0.059653 0.000048 0.000000 0.070657 0.191809 0.000000 0.000000 0.070619 0.000000 0.000000 
0.000000 0.000000 0.818368 0.027174 0.039943 0.000015 0.000000 0.026548 0.000000 0.022547 0.010474 0.000000 0.026480 0.028451 0.000000 0.000000 
0.040932 0.000000 0.416745 0.045589 0.000000 0.139530 0.193792 0.038800 0.000000 0.000000 0.086620 0.000000 0.000000 0.000000 0.037990 0.000000 
0.055181 0.000000 0.000014 0.000000 0.010397 0.143518 0.000000 0.501925 0.000000 0.000000 0.214603 0.000000 0.037937 0.000000 0.036425 0.000000 
0.039979 0.000000 0.026884 0.084061 0.168327 0.022824 0.048664 0.000050 0.000000 0.000000 0.159023 0.000000 0.249355 0.162804 0.038030 0.000000 
0.000000 0.000000 0.000012 0.000000 0.000000 0.006340 0.000000 0.009022 0.000000 0.036055 0.010520 0.000000 0.938050 0.000000 0.000000 0.000000 
0.000000 0.000000 0.639710 0.000000 0.010168 0.000016 0.000000 0.309898 0.000000 0.000000 0.000029 0.000000 0.000000 0.000000 0.040178 0.000000 
0.000000 0.000000 0.039487 0.030221 0.028437 0.005243 0.039752 0.000049 0.000000 0.724377 0.033683 0.000000 0.081772 0.016978 0.000000 0.000000 
0.000000 0.000000 0.087408 0.037797 0.000000 0.085510 0.540282 0.020766 0.000000 0.000000 0.134244 0.000000 0.027310 0.066681 0.000000 0.000000 
0.065141 0.039352 0.072557 0.053383 0.000000 0.093492 0.006000 0.000046 0.000000 0.096065 0.423761 0.000000 0.000000 0.150203 0.000000 0.000000 
0.000000 0.000000 0.029690 0.048168 0.016789 0.681561 0.004561 0.079409 0.000000 0.014424 0.105609 0.000000 0.000000 0.000000 0.019789 0.000000 
0.000000 0.000000 0.000011 0.000000 0.000000 0.693748 0.000000 0.065692 0.000000 0.000000 0.126724 0.030520 0.083304 0.000000 0.000000 0.000000 
0.000000 0.000000 0.013032 0.000000 0.583017 0.323542 0.000000 0.021503 0.000000 0.000000 0.000034 0.000000 0.030274 0.028598 0.000000 0.000000 
0.000000 0.070989 0.000013 0.000000 0.000000 0.055768 0.000000 0.705924 0.000000 0.000000 0.000030 0.000000 0.086045 0.000000 0.081229 0.000000 
0.000000 0.000000 0.000013 0.000000 0.409942 0.379506 0.000000 0.059805 0.000000 0.000000 0.150733 0.000000 0.000000 0.000000 0.000000 0.000000 
0.000000 0.000000 0.000013 0.000000 0.112847 0.017818 0.000000 0.350131 0.000000 0.367239 0.027202 0.000000 0.124748 0.000000 0.000000 0.000000 
0.000000 0.000000 0.000013 0.000000 0.301352 0.013117 0.016035 0.003088 0.000000 0.000000 0.024687 0.000000 0.641708 0.000000 0.000000 0.000000 
0.039235 0.000000 0.327072 0.067790 0.098084 0.050682 0.347748 0.069358 0.000000 0.000000 0.000031 0.000000 0.000000 0.000000 0.000000 0.000000 
0.000000 0.000000 0.675647 0.000000 0.000000 0.000018 0.000000 0.181414 0.000000 0.122818 0.000030 0.000000 0.000000 0.020073 0.000000 0.000000 
0.000000 0.000000 0.336206 0.061253 0.000000 0.187618 0.204259 0.096226 0.000000 0.000000 0.000031 0.000000 0.082519 0.000000 0.031886 0.000000 
0.000000 0.000000 0.058045 0.045194 0.171420 0.025452 0.000000 0.171171 0.000000 0.000000 0.327011 0.000000 0.020448 0.181258 0.000000 0.000000 
0.000000 0.000000 0.025539 0.031080 0.411953 0.387948 0.044001 0.027566 0.000000 0.019062 0.052852 0.000000 0.000000 0.000000 0.000000 0.000000 
0.147254 0.000000 0.053467 0.000000 0.000000 0.050528 0.038108 0.041048 0.000000 0.000000 0.459955 0.000000 0.055738 0.153900 0.000000 0.000000 
0.082495 0.082951 0.033992 0.019984 0.011698 0.069185 0.036193 0.048392 0.000000 0.455677 0.159433 0.000000 0.000000 0.000000 0.000000 0.000000 
0.000000 0.000000 0.000011 0.000000 0.036648 0.000014 0.000000 0.942877 0.000000 0.020428 0.000021 0.000000 0.000000 0.000000 0.000000 0.000000 
0.064833 0.000000 0.802227 0.000000 0.019285 0.003267 0.013024 0.000049 0.000000 0.000000 0.000030 0.000000 0.051178 0.046106 0.000000 0.000000 
0.000000 0.465268 0.024515 0.000000 0.072235 0.031614 0.103813 0.118773 0.000000 0.183752 0.000031 0.000000 0.000000 0.000000 0.000000 0.000000 
0.000000 0.000000 0.086104 0.018941 0.053550 0.150082 0.075380 0.000050 0.000000 0.511362 0.104531 0.000000 0.000000 0.000000 0.000000 0.000000 
0.000000 0.000000 0.691252 0.029635 0.054711 0.026188 0.071721 0.019592 0.000000 0.106872 0.000030 0.000000 0.000000 0.000000 0.000000 0.000000 
0.026414 0.000000 0.000015 0.000000 0.000000 0.000016 0.000000 0.957642 0.000000 0.000000 0.000040 0.000000 0.000000 0.000000 0.015872 0.000000 
0.000000 0.000000 0.000012 0.002577 0.962420 0.000014 0.000000 0.003685 0.000000 0.000000 0.000035 0.000000 0.031257 0.000000 0.000000 0.000000 
0.000000 0.017291 0.290163 0.025439 0.000000 0.011117 0.000000 0.328192 0.000000 0.000000 0.000030 0.000000 0.327766 0.000000 0.000000 0.000000 
0.000000 0.000000 0.062307 0.031553 0.000000 0.000017 0.000000 0.664575 0.000000 0.000000 0.133607 0.000000 0.000000 0.107940 0.000000 0.000000 
0.000000 0.000000 0.032492 0.000000 0.027566 0.082243 0.202493 0.030085 0.000000 0.247562 0.187938 0.000000 0.000000 0.112857 0.076763 0.000000 
0.000000 0.158546 0.000013 0.062089 0.045621 0.367816 0.087502 0.161677 0.000000 0.000000 0.116737 0.000000 0.000000 0.000000 0.000000 0.000000 
0.000000 0.000000 0.586132 0.000000 0.030466 0.020774 0.043218 0.064621 0.000000 0.000000 0.031356 0.000000 0.223432 0.000000 0.000000 0.000000 
0.080436 0.000000 0.049192 0.000000 0.091643 0.067769 0.000000 0.000042 0.000000 0.414283 0.296635 0.000000 0.000000 0.000000 0.000000 0.000000 
0.038305 0.000000 0.118837 0.000000 0.000000 0.405685 0.000000 0.054921 0.000000 0.181889 0.200361 0.000000 0.000000 0.000000 0.000000 0.000000 
0.000000 0.000000 0.072185 0.000000 0.272307 0.023335 0.099107 0.373009 0.000000 0.021541 0.065461 0.000000 0.000000 0.020854 0.052202 0.000000 
0.000000 0.008780 0.035795 0.000000 0.000000 0.042058 0.367736 0.120041 0.000000 0.000000 0.221743 0.000000 0.019624 0.104054 0.080167 0.000000 
0.000000 0.000000 0.000014 0.000000 0.000000 0.000016 0.000000 0.256251 0.000000 0.000000 0.124530 0.000000 0.619187 0.000000 0.000000 0.000000 
0.053871 0.205227 0.000013 0.000000 0.011452 0.182321 0.000000 0.450234 0.000000 0.021430 0.075452 0.000000 0.000000 0.000000 0.000000 0.000000 
0.000000 0.000000 0.121728 0.051955 0.008141 0.051967 0.000000 0.012679 0.000000 0.000000 0.389269 0.000000 0.000000 0.364260 0.000000 0.000000 
0.000000 0.000000 0.036721 0.036762 0.016677 0.045269 0.281435 0.118732 0.000000 0.000000 0.061787 0.000000 0.402617 0.000000 0.000000 0.000000 
0.000000 0.000000 0.045729 0.062761 0.000000 0.000019 0.356626 0.004857 0.000000 0.066767 0.099195 0.014669 0.349377 0.000000 0.000000 0.000000 
0.017088 0.000000 0.000013 0.004614 0.002566 0.000019 0.000000 0.023554 0.000000 0.950559 0.000041 0.000000 0.000000 0.000000 0.000000 0.001545 
0.159281 0.000000 0.072173 0.000000 0.018786 0.048563 0.000000 0.043304 0.000000 0.008310 0.649582 0.000000 0.000000 0.000000 0.000000 0.000000 
0.000000 0.021515 0.025891 0.037172 0.213776 0.018548 0.152368 0.090440 0.000000 0.404889 0.000033 0.000000 0.000000 0.008511 0.026858 0.000000 
0.000000 0.039949 0.884159 0.000000 0.000000 0.000013 0.000000 0.032583 0.000000 0.000000 0.043295 0.000000 0.000000 0.000000 0.000000 0.000000 
0.000000 0.000000 0.025810 0.000000 0.889756 0.014489 0.000000 0.026070 0.000000 0.010184 0.011236 0.000000 0.022455 0.000000 0.000000 0.000000 
0.000000 0.025267 0.000010 0.017372 0.100862 0.141707 0.000000 0.046144 0.000000 0.000000 0.038958 0.000000 0.629681 0.000000 0.000000 0.000000 
0.000000 0.000000 0.000011 0.000000 0.904746 0.000014 0.000000 0.048942 0.000000 0.000000 0.000023 0.000000 0.046263 0.000000 0.000000 0.000000 
0.000000 0.000000 0.097439 0.062682 0.000000 0.203297 0.524234 0.020244 0.000000 0.061023 0.000033 0.000000 0.031048 0.000000 0.000000 0.000000 
0.043598 0.061169 0.193137 0.050060 0.321182 0.000020 0.000000 0.027886 0.000000 0.000000 0.302948 0.000000 0.000000 0.000000 0.000000 0.000000 
0.000000 0.000000 0.060238 0.000000 0.095785 0.094648 0.170415 0.042981 0.000000 0.000000 0.304606 0.000000 0.024057 0.207269 0.000000 0.000000 
0.000000 0.000000 0.057607 0.000000 0.000000 0.030682 0.029364 0.000042 0.000000 0.688442 0.092357 0.000000 0.000000 0.101506 0.000000 0.000000 
0.046048 0.000000 0.000015 0.000000 0.438133 0.026744 0.303457 0.100742 0.000000 0.000000 0.000034 0.000000 0.030784 0.054043 0.000000 0.000000 
0.023307 0.217897 0.000011 0.000000 0.000000 0.000017 0.089726 0.130668 0.000000 0.432431 0.105942 0.000000 0.000000 0.000000 0.000000 0.000000 
0.000000 0.111586 0.016116 0.000000 0.000000 0.011085 0.046488 0.049104 0.000000 0.000000 0.038328 0.000000 0.727292 0.000000 0.000000 0.000000 
0.039944 0.489319 0.040288 0.000000 0.020265 0.038357 0.238856 0.101134 0.000000 0.000000 0.000030 0.000000 0.000000 0.031807 0.000000 0.000000 
0.048573 0.000000 0.478731 0.000000 0.000000 0.144791 0.000000 0.053662 0.000000 0.000000 0.068321 0.000000 0.205920 0.000000 0.000000 0.000000 
0.109431 0.000000 0.060851 0.031531 0.000000 0.070064 0.396513 0.000048 0.000000 0.018417 0.244730 0.000000 0.025861 0.000000 0.042553 0.000000 
0.180283 0.000000 0.036927 0.000000 0.000000 0.013029 0.000000 0.308955 0.000000 0.000000 0.362254 0.000000 0.098551 0.000000 0.000000 0.000000 
0.000000 0.000000 0.026066 0.040853 0.028213 0.360329 0.096779 0.038916 0.000000 0.018901 0.128675 0.007784 0.186487 0.066997 0.000000 0.000000 
0.049516 0.047639 0.013962 0.000000 0.005186 0.012973 0.000000 0.870685 0.000000 0.000000 0.000038 0.000000 0.000000 0.000000 0.000000 0.000000 
0.000000 0.000000 0.000009 0.000000 0.000000 0.000020 0.000000 0.372758 0.000000 0.496997 0.000023 0.000000 0.130192 0.000000 0.000000 0.000000 
0.000000 0.000000 0.007083 0.000000 0.084903 0.000014 0.000000 0.808355 0.000000 0.018081 0.081564 0.000000 0.000000 0.000000 0.000000 0.000000 
0.088511 0.000000 0.114841 0.091271 0.000000 0.248669 0.248204 0.053597 0.000000 0.028684 0.126222 0.000000 0.000000 0.000000 0.000000 0.000000 
0.142559 0.034767 0.041880 0.000000 0.037713 0.033636 0.000000 0.017448 0.000000 0.029635 0.397305 0.000000 0.039468 0.225587 0.000000 0.000000 
0.108246 0.000000 0.074979 0.000000 0.000000 0.000018 0.000000 0.000048 0.000000 0.495380 0.245631 0.000000 0.075698 0.000000 0.000000 0.000000 
0.255284 0.000000 0.057457 0.036703 0.000000 0.045176 0.120028 0.000050 0.000000 0.051818 0.430082 0.000000 0.000000 0.000000 0.003401 0.000000 
0.000000 0.000000 0.309377 0.000000 0.000000 0.365461 0.000000 0.043857 0.000000 0.000000 0.116275 0.050281 0.114748 0.000000 0.000000 0.000000 
0.199340 0.000000 0.058101 0.000000 0.000000 0.057815 0.000000 0.326840 0.000000 0.000000 0.320470 0.000000 0.000000 0.000000 0.037433 0.000000 
0.000000 0.000000 0.000012 0.025066 0.028466 0.451034 0.000000 0.082809 0.000000 0.020036 0.144692 0.000000 0.247883 0.000000 0.000000 0.000000 
0.000000 0.000000 0.069083 0.000000 0.000000 0.000023 0.000000 0.928313 0.000000 0.000000 0.000027 0.002553 0.000000 0.000000 0.000000 0.000000 
0.059563 0.000000 0.000014 0.000000 0.525689 0.012037 0.119371 0.111969 0.000000 0.102422 0.068935 0.000000 0.000000 0.000000 0.000000 0.000000 
0.000000 0.126180 0.025049 0.044609 0.000000 0.055324 0.268285 0.043148 0.000000 0.000000 0.094518 0.000000 0.272308 0.017410 0.053168 0.000000 
0.027834 0.109789 0.069462 0.000000 0.000000 0.010975 0.000000 0.036381 0.000000 0.698842 0.046715 0.000000 0.000000 0.000000 0.000000 0.000000 
0.000000 0.226639 0.064265 0.019897 0.097443 0.060146 0.305258 0.107798 0.000000 0.000000 0.088429 0.000000 0.000000 0.030125 0.000000 0.000000 
0.000000 0.000000 0.000012 0.035968 0.004653 0.575913 0.000000 0.078766 0.000000 0.020321 0.208731 0.000000 0.000000 0.075636 0.000000 0.000000 
0.000000 0.000000 0.000013 0.041400 0.000000 0.655383 0.000000 0.085491 0.000000 0.073650 0.144062 0.000000 0.000000 0.000000 0.000000 0.000000 
0.049001 0.000000 0.000013 0.055483 0.000000 0.210678 0.000000 0.035194 0.000000 0.185068 0.000034 0.000000 0.421054 0.000000 0.043475 0.000000 
0.192034 0.000000 0.030664 0.000000 0.000000 0.043164 0.000000 0.057444 0.000000 0.000000 0.434600 0.000000 0.202084 0.000000 0.040010 0.000000 
0.118024 0.000000 0.100278 0.000000 0.000000 0.072909 0.011564 0.036191 0.000000 0.000000 0.384411 0.000000 0.276621 0.000000 0.000000 0.000000 
0.000000 0.000000 0.061661 0.089164 0.000000 0.064268 0.525955 0.071193 0.000000 0.021825 0.125404 0.000000 0.019407 0.021122 0.000000 0.000000 
0.000000 0.000000 0.011013 0.015925 0.000000 0.027602 0.000000 0.000048 0.000000 0.945387 0.000024 0.000000 0.000000 0.000000 0.000000 0.000000 
0.119698 0.040518 0.000014 0.000000 0.000000 0.029888 0.000000 0.025357 0.000000 0.619441 0.165083 0.000000 0.000000 0.000000 0.000000 0.000000 
0.032907 0.000000 0.030661 0.000000 0.010898 0.054074 0.072423 0.117328 0.000000 0.486957 0.194751 0.000000 0.000000 0.000000 0.000000 0.000000 
0.053638 0.344933 0.151927 0.000000 0.021606 0.003756 0.121563 0.067358 0.000000 0.220196 0.000031 0.000000 0.000000 0.014993 0.000000 0.000000 
0.000000 0.038295 0.056117 0.147992 0.000000 0.018322 0.000000 0.055542 0.000000 0.071036 0.299157 0.000000 0.088571 0.224969 0.000000 0.000000 
0.000000 0.020209 0.102556 0.000000 0.783505 0.045425 0.000000 0.000037 0.000000 0.000000 0.000037 0.000000 0.043115 0.000000 0.000000 0.005116 
0.000000 0.000000 0.117735 0.177326 0.000000 0.000020 0.000000 0.003999 0.000000 0.000000 0.453160 0.000000 0.000000 0.247759 0.000000 0.000000 
0.000000 0.000000 0.717415 0.000000 0.000000 0.000016 0.036829 0.021277 0.000000 0.000000 0.000030 0.000000 0.224433 0.000000 0.000000 0.000000 
0.000000 0.004071 0.225546 0.020925 0.000000 0.000017 0.000000 0.686083 0.000000 0.000000 0.063358 0.000000 0.000000 0.000000 0.000000 0.000000 
0.000000 0.000000 0.068463 0.000000 0.000000 0.000020 0.000000 0.871131 0.000000 0.000000 0.060385 0.000000 0.000000 0.000000 0.000000 0.000000 
0.000000 0.008950 0.029088 0.000000 0.000000 0.016282 0.000000 0.000047 0.000000 0.850426 0.095205 0.000000 0.000000 0.000000 0.000000 0.000000 
0.000000 0.000000 0.252836 0.043555 0.000000 0.022567 0.259963 0.286961 0.000000 0.000000 0.087326 0.000000 0.046791 0.000000 0.000000 0.000000 
0.038880 0.331971 0.000012 0.018382 0.150142 0.088087 0.058648 0.161291 0.000000 0.131180 0.021406 0.000000 0.000000 0.000000 0.000000 0.000000 
0.048061 0.000000 0.246395 0.040552 0.000000 0.019610 0.244357 0.272967 0.000000 0.010723 0.040726 0.000000 0.000000 0.029411 0.047198 0.000000 
0.038910 0.000000 0.899199 0.009232 0.000000 0.000021 0.000000 0.021368 0.000000 0.000000 0.000029 0.000000 0.000000 0.000000 0.031239 0.000000 
0.000000 0.000000 0.288804 0.092397 0.000000 0.225119 0.068479 0.000047 0.000000 0.017719 0.147818 0.000000 0.000000 0.159616 0.000000 0.000000 
0.000000 0.000000 0.108582 0.105983 0.000000 0.118183 0.000000 0.000048 0.000000 0.157727 0.307431 0.000000 0.000000 0.202045 0.000000 0.000000 
0.080255 0.237609 0.000014 0.045471 0.000000 0.243130 0.086954 0.123226 0.000000 0.000000 0.112447 0.000000 0.000000 0.070894 0.000000 0.000000 
0.118476 0.000000 0.137289 0.000000 0.000000 0.157850 0.050421 0.046473 0.000000 0.077362 0.412129 0.000000 0.000000 0.000000 0.000000 0.000000 
0.000000 0.000000 0.000012 0.019694 0.720522 0.192169 0.000000 0.036921 0.000000 0.000000 0.030681 0.000000 0.000000 0.000000 0.000000 0.000000 
0.000000 0.000000 0.189590 0.118970 0.006383 0.022842 0.097787 0.000047 0.000000 0.016574 0.291517 0.000000 0.000000 0.222515 0.033774 0.000000 
0.000000 0.000000 0.026604 0.024780 0.445920 0.015691 0.000000 0.017540 0.000000 0.010009 0.270690 0.000000 0.000000 0.188765 0.000000 0.000000 
0.000000 0.000000 0.205711 0.068408 0.000000 0.000017 0.081783 0.000052 0.000000 0.000000 0.279008 0.023480 0.000000 0.295617 0.045924 0.000000 
0.000000 0.000000 0.036264 0.000000 0.938139 0.005409 0.000000 0.000038 0.000000 0.000000 0.000036 0.000000 0.020114 0.000000 0.000000 0.000000 
0.000000 0.000000 0.356955 0.000000 0.563119 0.000015 0.000000 0.028138 0.000000 0.000000 0.000030 0.000000 0.029808 0.000000 0.021935 0.000000 
0.000000 0.014949 0.000014 0.000000 0.365208 0.197237 0.014531 0.046722 0.000000 0.124388 0.048851 0.000000 0.188101 0.000000 0.000000 0.000000 
0.000000 0.000000 0.528587 0.000000 0.160415 0.009959 0.000000 0.027924 0.000000 0.174009 0.079037 0.000000 0.020069 0.000000 0.000000 0.000000 
0.084129 0.566297 0.000013 0.022178 0.014152 0.000019 0.151637 0.161546 0.000000 0.000000 0.000028 0.000000 0.000000 0.000000 0.000000 0.000000 
0.000000 0.000000 0.000013 0.040284 0.000000 0.643762 0.075429 0.065105 0.000000 0.009529 0.119516 0.031299 0.000000 0.015063 0.000000 0.000000 
0.000000 0.012806 0.900424 0.012779 0.000000 0.000020 0.000000 0.029087 0.000000 0.000000 0.000032 0.000000 0.000000 0.000000 0.044850 0.000000 
0.046881 0.000000 0.134465 0.138490 0.000000 0.028383 0.000000 0.026879 0.000000 0.020745 0.339752 0.000000 0.000000 0.264404 0.000000 0.000000 
0.000000 0.020382 0.000012 0.039867 0.000000 0.711213 0.000000 0.097971 0.000000 0.000000 0.130555 0.000000 0.000000 0.000000 0.000000 0.000000 
0.065623 0.170901 0.173065 0.030802 0.026593 0.159243 0.140717 0.125577 0.000000 0.018634 0.010006 0.000000 0.078838 0.000000 0.000000 0.000000 
0.221478 0.000000 0.113431 0.000000 0.008639 0.117822 0.000000 0.055532 0.000000 0.000000 0.483096 0.000000 0.000000 0.000000 0.000000 0.000000 
0.123257 0.132268 0.048682 0.000000 0.000000 0.006332 0.033703 0.395561 0.000000 0.000000 0.260197 0.000000 0.000000 0.000000 0.000000 0.000000 
0.000000 0.041167 0.100076 0.065059 0.009278 0.204107 0.000000 0.127850 0.000000 0.000000 0.268275 0.000000 0.000000 0.184187 0.000000 0.000000 
0.129805 0.313593 0.000014 0.015746 0.016054 0.012369 0.249989 0.138252 0.000000 0.000000 0.124177 0.000000 0.000000 0.000000 0.000000 0.000000 
0.000000 0.093632 0.000014 0.025680 0.247165 0.326791 0.053423 0.086706 0.000000 0.032505 0.064097 0.069987 0.000000 0.000000 0.000000 0.000000 
0.020082 0.000000 0.808962 0.000000 0.000000 0.007956 0.073754 0.000047 0.000000 0.079611 0.000030 0.009559 0.000000 0.000000 0.000000 0.000000 
0.000000 0.000000 0.027938 0.039939 0.008794 0.676368 0.048584 0.047508 0.000000 0.000000 0.150867 0.000000 0.000000 0.000000 0.000000 0.000000 
0.000000 0.047455 0.317322 0.089852 0.041660 0.022499 0.000000 0.000051 0.000000 0.000000 0.222692 0.000000 0.103797 0.154670 0.000000 0.000000 
0.000000 0.000000 0.069864 0.000000 0.000000 0.061051 0.083985 0.560243 0.000000 0.000000 0.130422 0.000000 0.000000 0.094434 0.000000 0.000000 
0.222415 0.000000 0.082282 0.000000 0.000000 0.046848 0.000000 0.056080 0.000000 0.000000 0.556072 0.000000 0.036303 0.000000 0.000000 0.000000 
0.000000 0.000000 0.000013 0.007346 0.237511 0.000018 0.000000 0.036671 0.000000 0.000000 0.000046 0.000000 0.718395 0.000000 0.000000 0.000000 
0.000000 0.170861 0.117177 0.038225 0.015076 0.009601 0.047596 0.000045 0.000000 0.000000 0.347303 0.000000 0.000000 0.254115 0.000000 0.000000 
0.000000 0.000000 0.074688 0.095297 0.203724 0.118214 0.000000 0.011901 0.000000 0.009575 0.267519 0.000000 0.000000 0.194222 0.024860 0.000000 
0.000000 0.000000 0.000014 0.054570 0.016684 0.179692 0.332702 0.239659 0.000000 0.030434 0.112410 0.000000 0.000000 0.000000 0.033835 0.000000 
0.000000 0.000000 0.648652 0.027254 0.213206 0.000019 0.000000 0.007060 0.000000 0.011678 0.000032 0.000000 0.024313 0.035152 0.032633 0.000000 
0.000000 0.000000 0.047786 0.000000 0.000000 0.094180 0.000000 0.840000 0.000000 0.018004 0.000030 0.000000 0.000000 0.000000 0.000000 0.000000 
0.000000 0.011927 0.025791 0.000000 0.000000 0.039814 0.000000 0.000046 0.000000 0.000000 0.000031 0.000000 0.919918 0.000000 0.000000 0.002471 
