-779099.336134
0
0.000000 0.000000 0.000000 0.000335 0.008214 0.007257 0.000000 0.012648 0.028958 0.013551 0.000000 0.025717 0.013707 0.008803 0.015813 0.010582 0.062076 0.019133 0.053887 0.041871 0.000000 0.003807 0.000001 0.000001 0.000002 0.000000 0.004813 0.000000 0.004623 0.006546 0.000000 0.000000 0.032418 0.027001 0.009549 0.021239 0.005185 0.000000 0.005490 0.000000 0.023050 0.011249 0.026854 0.028521 0.000000 0.006168 0.006143 0.015032 0.004007 0.005157 0.000000 0.005243 0.000000 0.005443 0.000000 0.000000 0.026645 0.021407 0.011136 0.036839 0.008551 0.000000 0.006779 0.004082 0.022081 0.012231 0.027645 0.029485 0.000892 0.000000 0.000000 0.000000 0.015958 0.002731 0.005535 0.008512 0.000000 0.000000 0.000000 0.000000 0.015226 0.020019 0.000001 0.008786 0.010392 0.004702 0.005685 0.005411 0.022619 0.022339 0.027641 0.019332 0.000000 0.007007 0.002849 0.007386 
0.000000 0.001241 0.000456 0.000000 0.000000 0.000000 0.000283 0.000408 0.007701 0.003368 0.003143 0.003305 0.000000 0.000000 0.000000 0.000000 0.000802 0.000463 0.000880 0.000962 0.000000 0.000290 0.000744 0.000000 0.001156 0.000000 0.000000 0.000000 0.000000 0.000000 0.000000 0.000000 0.017396 0.002325 0.005051 0.008562 0.000000 0.000504 0.000748 0.000796 0.000618 0.000001 0.000511 0.001262 0.000192 0.000000 0.000000 0.000788 0.000523 0.000000 0.000000 0.000000 0.000000 0.000000 0.000306 0.000358 0.007138 0.000947 0.000000 0.003597 0.000000 0.000000 0.000951 0.000000 0.000220 0.000001 0.000000 0.000251 0.000000 0.000000 0.000000 0.000000 0.013890 0.007860 0.002252 0.012792 0.038809 0.000000 0.001499 0.066930 0.417069 0.077469 0.050180 0.232091 0.000000 0.000000 0.000000 0.000000 0.000009 0.000162 0.000000 0.000347 0.000000 0.000107 0.000002 0.000280 
0.037951 0.027263 0.020509 0.020980 0.010435 0.006077 0.003615 0.002936 0.011567 0.009055 0.000000 0.001600 0.002836 0.001241 0.008030 0.000000 0.008100 0.001322 0.008021 0.000004 0.000000 0.000395 0.000000 0.000000 0.045983 0.071202 0.009848 0.046494 0.011503 0.011633 0.007816 0.007997 0.024692 0.015487 0.008594 0.018425 0.006515 0.011800 0.036526 0.007353 0.005538 0.000001 0.011783 0.003924 0.000000 0.000995 0.004074 0.001089 0.038273 0.044326 0.025612 0.027975 0.007782 0.012057 0.008996 0.005726 0.010097 0.009238 0.002734 0.010538 0.006415 0.004293 0.013767 0.000000 0.006221 0.001029 0.004822 0.000533 0.000000 0.000000 0.000000 0.000000 0.032577 0.059435 0.011589 0.038868 0.001965 0.012672 0.003812 0.004683 0.002615 0.008459 0.000001 0.006157 0.003265 0.002865 0.008126 0.000000 0.002188 0.000424 0.003689 0.001469 0.000000 0.000729 0.002557 0.000210 
0.000000 0.000000 0.000424 0.009054 0.000000 0.000000 0.000000 0.000000 0.000001 0.003790 0.013294 0.000011 0.000000 0.000000 0.000000 0.000000 0.001765 0.006552 0.002274 0.003975 0.000000 0.000000 0.000852 0.005283 0.002093 0.000000 0.000674 0.019070 0.000000 0.000000 0.000000 0.000000 0.000603 0.002061 0.012206 0.000941 0.000000 0.000000 0.000000 0.001552 0.000002 0.001565 0.002164 0.001805 0.000000 0.000000 0.000000 0.000787 0.000000 0.000000 0.000000 0.010585 0.000000 0.000000 0.000000 0.000000 0.000000 0.009031 0.033109 0.018124 0.000000 0.000000 0.000000 0.000000 0.000014 0.011521 0.005424 0.014753 0.000000 0.001800 0.000000 0.000000 0.040450 0.010147 0.003390 0.342667 0.000000 0.000000 0.000000 0.000000 0.002352 0.017563 0.246601 0.041296 0.000000 0.000000 0.000000 0.004075 0.003599 0.009450 0.006548 0.011440 0.000000 0.000001 0.000002 0.063255 
0.010419 0.006746 0.000000 0.004320 0.037397 0.018418 0.009073 0.037792 0.016428 0.012469 0.000000 0.010969 0.005529 0.004787 0.000000 0.000000 0.014060 0.011403 0.012336 0.011540 0.000000 0.001927 0.013054 0.009624 0.003764 0.000000 0.001223 0.000000 0.026126 0.018198 0.008700 0.041172 0.015930 0.009949 0.003223 0.017033 0.006624 0.012736 0.007368 0.008827 0.008389 0.019680 0.009798 0.009709 0.000000 0.007519 0.013216 0.008841 0.000000 0.000000 0.000000 0.001697 0.019474 0.013429 0.000000 0.027645 0.028365 0.009408 0.000000 0.010145 0.002930 0.005179 0.007753 0.003671 0.006091 0.010044 0.007332 0.006908 0.007537 0.008959 0.028489 0.009548 0.000000 0.011317 0.000000 0.000312 0.026411 0.033286 0.003782 0.055630 0.009447 0.021554 0.000001 0.008198 0.000000 0.007149 0.006532 0.007632 0.014586 0.015538 0.008903 0.012360 0.000000 0.008565 0.014627 0.013246 
0.006947 0.008043 0.000000 0.003958 0.000000 0.002658 0.000000 0.002549 0.029805 0.013795 0.198922 0.010352 0.002525 0.000000 0.001778 0.007767 0.014826 0.006219 0.009094 0.009384 0.000000 0.001854 0.001511 0.003354 0.001538 0.001961 0.000000 0.000000 0.000000 0.000000 0.000000 0.000000 0.024713 0.019663 0.108581 0.018152 0.000000 0.000000 0.000000 0.000000 0.005341 0.004693 0.007371 0.007439 0.000000 0.001355 0.000000 0.002357 0.006958 0.002702 0.000000 0.002882 0.000000 0.001139 0.000000 0.000000 0.026995 0.031367 0.117576 0.016414 0.000000 0.000000 0.000000 0.000000 0.013160 0.009047 0.005889 0.011851 0.000000 0.000000 0.000000 0.000000 0.011283 0.008038 0.001865 0.012856 0.001360 0.000000 0.000000 0.000000 0.012574 0.020377 0.094900 0.011458 0.003782 0.000820 0.000000 0.000000 0.010177 0.005926 0.008992 0.002948 0.000000 0.001945 0.001998 0.004214 
0.007780 0.000000 0.000000 0.000000 0.004499 0.000000 0.000000 0.000000 0.006678 0.001972 0.000000 0.000012 0.014309 0.000000 0.003388 0.017403 0.030640 0.011543 0.016767 0.021518 0.051191 0.008391 0.004538 0.023668 0.005019 0.000000 0.000000 0.002809 0.000000 0.000000 0.000000 0.004088 0.009861 0.009593 0.006602 0.004200 0.005777 0.001447 0.002072 0.000000 0.020991 0.011045 0.018664 0.033029 0.031309 0.007986 0.015232 0.082516 0.013464 0.010414 0.000000 0.007475 0.000000 0.004055 0.000000 0.004966 0.000000 0.003270 0.006221 0.006690 0.001169 0.001351 0.000000 0.000000 0.008083 0.007134 0.012420 0.014110 0.011255 0.000000 0.003655 0.023101 0.025132 0.000002 0.000000 0.030289 0.002811 0.000000 0.000000 0.006222 0.000505 0.003212 0.000001 0.008945 0.024065 0.000000 0.016719 0.011308 0.014040 0.018570 0.012109 0.037976 0.062928 0.011179 0.007134 0.071484 
0.000000 0.000000 0.000000 0.000000 0.000000 0.000000 0.000000 0.000000 0.000001 0.018956 0.000000 0.005021 0.000543 0.000000 0.000887 0.004149 0.001355 0.000001 0.000477 0.000673 0.000000 0.000000 0.000689 0.000000 0.001626 0.000000 0.000000 0.000600 0.000000 0.000000 0.000369 0.000000 0.077105 0.102108 0.021632 0.083333 0.000000 0.000000 0.000249 0.000000 0.000399 0.000546 0.000612 0.004502 0.000000 0.001095 0.000000 0.000910 0.000000 0.000000 0.000000 0.000000 0.000320 0.000424 0.000000 0.000000 0.000000 0.019590 0.000000 0.016833 0.000000 0.000000 0.000770 0.000000 0.000659 0.000002 0.000001 0.007476 0.000000 0.000000 0.001134 0.000000 0.000000 0.003867 0.000474 0.001544 0.000000 0.000000 0.000000 0.000000 0.125906 0.295070 0.099897 0.080505 0.001373 0.000656 0.000774 0.004583 0.000871 0.001085 0.002557 0.002522 0.000000 0.001026 0.000769 0.001472 
0.000000 0.000000 0.000000 0.000000 0.006025 0.003898 0.000000 0.000000 0.000006 0.012416 0.044540 0.024038 0.000000 0.009464 0.016894 0.009097 0.000106 0.000005 0.036131 0.043163 0.028207 0.000000 0.008125 0.034424 0.000005 0.000000 0.000000 0.022026 0.007796 0.000000 0.000000 0.000000 0.015306 0.009619 0.004269 0.009059 0.000000 0.000000 0.007257 0.023701 0.000010 0.013799 0.011874 0.022673 0.022287 0.000002 0.007737 0.000104 0.000001 0.000000 0.000000 0.000002 0.000000 0.000001 0.000000 0.000000 0.028429 0.028883 0.000001 0.025194 0.000000 0.000000 0.000000 0.000000 0.028110 0.029003 0.000002 0.000017 0.000000 0.000000 0.009424 0.026425 0.000001 0.000010 0.000000 0.028970 0.000000 0.000000 0.000000 0.000000 0.009744 0.033841 0.000003 0.003375 0.016590 0.006422 0.014987 0.000000 0.036313 0.000010 0.000002 0.051962 0.075358 0.000004 0.023863 0.068987 
0.000000 0.000000 0.000000 0.000002 0.000002 0.000001 0.000000 0.000001 0.000039 0.000469 0.000001 0.000211 0.000001 0.000000 0.000001 0.000010 0.000575 0.000024 0.012453 0.000117 0.000000 0.000002 0.000009 0.000009 0.000025 0.000000 0.000000 0.000004 0.000000 0.000000 0.000000 0.000000 0.039505 0.000952 0.002068 0.002333 0.000000 0.000000 0.000004 0.065753 0.000062 0.000020 0.000372 0.052115 0.008262 0.000009 0.000007 0.029630 0.034274 0.000002 0.000000 0.000013 0.000000 0.000005 0.000000 0.000000 0.000006 0.082251 0.000007 0.008056 0.000000 0.021882 0.000000 0.035185 0.000426 0.000035 0.000014 0.000092 0.000000 0.000000 0.000000 0.000000 0.000007 0.000051 0.000003 0.015899 0.000000 0.067104 0.000000 0.000000 0.001554 0.095781 0.121134 0.233859 0.000002 0.000012 0.000001 0.000000 0.064948 0.000063 0.000012 0.000340 0.000000 0.000024 0.000056 0.001849 
0.039064 0.037153 0.003134 0.035514 0.009569 0.005301 0.000000 0.010478 0.017598 0.006788 0.015494 0.021376 0.013640 0.013460 0.016921 0.026435 0.013516 0.010744 0.009715 0.025147 0.000000 0.000000 0.007409 0.002169 0.037195 0.025474 0.001592 0.033074 0.006245 0.006873 0.000000 0.007218 0.003517 0.002985 0.003766 0.023683 0.011348 0.019575 0.017566 0.030348 0.005533 0.011879 0.004080 0.009920 0.000000 0.001721 0.005211 0.001581 0.023692 0.017650 0.000000 0.024107 0.004065 0.002537 0.000000 0.006116 0.000000 0.000510 0.004153 0.006560 0.008265 0.009121 0.010388 0.020978 0.004715 0.005031 0.003939 0.008628 0.000000 0.000000 0.005965 0.003893 0.026532 0.020278 0.001497 0.038686 0.004086 0.004315 0.000000 0.005456 0.006115 0.002866 0.000000 0.011516 0.015991 0.013163 0.006003 0.031236 0.004196 0.004740 0.000000 0.009389 0.000000 0.001427 0.005470 0.005720 
0.000000 0.000000 0.000000 0.000000 0.000001 0.000000 0.000000 0.000000 0.000007 0.000412 0.000000 0.034880 0.000000 0.000000 0.000000 0.009559 0.016597 0.000008 0.000676 0.000031 0.000000 0.025507 0.000002 0.077761 0.000008 0.000000 0.000000 0.000001 0.000000 0.000000 0.000000 0.000000 0.005419 0.000808 0.006951 0.029021 0.000000 0.000000 0.000001 0.000000 0.002248 0.000006 0.000108 0.005029 0.021953 0.018781 0.030467 0.142164 0.012745 0.018256 0.000000 0.000003 0.000000 0.000001 0.000000 0.000000 0.000001 0.054440 0.000001 0.002551 0.000000 0.000000 0.000000 0.000000 0.051658 0.000010 0.000003 0.000025 0.000000 0.000000 0.000000 0.022157 0.000002 0.000014 0.000001 0.072267 0.000000 0.000000 0.000000 0.000000 0.000762 0.049050 0.066290 0.010248 0.000001 0.006366 0.000000 0.000000 0.000117 0.000014 0.000003 0.000119 0.042849 0.078843 0.014695 0.068101 
0.000000 0.000000 0.000000 0.001033 0.001612 0.000957 0.000000 0.001198 0.030099 0.016051 0.091454 0.015171 0.000000 0.003367 0.000000 0.005180 0.006122 0.005826 0.023816 0.001151 0.000000 0.002106 0.000989 0.002398 0.009654 0.024004 0.009552 0.060937 0.000000 0.000000 0.000000 0.000000 0.008023 0.010170 0.096412 0.008377 0.000000 0.002323 0.000000 0.000000 0.007504 0.003723 0.028499 0.002574 0.000000 0.002817 0.006367 0.009122 0.000000 0.005380 0.003080 0.008399 0.000000 0.002142 0.000000 0.001687 0.067739 0.081917 0.139046 0.054852 0.000000 0.002204 0.000000 0.001589 0.012592 0.006606 0.012160 0.003845 0.000000 0.001757 0.001064 0.004221 0.000000 0.002010 0.001933 0.002126 0.000000 0.000000 0.000000 0.000000 0.006947 0.006048 0.034303 0.002221 0.000000 0.000658 0.000000 0.000000 0.005954 0.003636 0.011659 0.003486 0.000000 0.001560 0.001493 0.007095 
0.037108 0.333381 0.016490 0.000000 0.050834 0.293156 0.104019 0.000000 0.069499 0.000000 0.095514 0.000000 0.000000 
0.000000 0.051819 0.027779 0.020387 0.012628 0.203253 0.000002 0.000000 0.000000 0.000000 0.005043 0.000000 0.679089 
0.036325 0.000000 0.036132 0.000000 0.037370 0.032080 0.042885 0.032985 0.000000 0.000000 0.782223 0.000000 0.000000 
0.000000 0.042509 0.018514 0.000000 0.000003 0.109351 0.000002 0.000000 0.000000 0.000000 0.028833 0.000000 0.800789 
0.000000 0.011440 0.000006 0.000000 0.000002 0.000005 0.000001 0.875998 0.000000 0.000000 0.007596 0.000000 0.104951 
0.000000 0.000000 0.000006 0.824289 0.053311 0.000005 0.000002 0.000000 0.000000 0.000000 0.029219 0.093168 0.000000 
0.000000 0.000000 0.000006 0.882050 0.000003 0.000005 0.000002 0.000000 0.000000 0.000000 0.019077 0.098856 0.000000 
0.000000 0.018315 0.032255 0.421681 0.000003 0.422348 0.030949 0.000000 0.000000 0.000000 0.041363 0.033087 0.000000 
0.178233 0.159708 0.000006 0.000000 0.048052 0.000006 0.000002 0.015822 0.000000 0.000000 0.120387 0.037279 0.440504 
0.209639 0.191801 0.043354 0.000000 0.079111 0.070556 0.000002 0.187461 0.066240 0.051618 0.100219 0.000000 0.000000 
0.000000 0.380251 0.026079 0.000000 0.130015 0.130117 0.013361 0.000000 0.000000 0.000000 0.320178 0.000000 0.000000 
0.025062 0.000000 0.308135 0.000000 0.000002 0.021944 0.411118 0.000000 0.077163 0.000000 0.156577 0.000000 0.000000 
0.000000 0.010655 0.000006 0.000000 0.106444 0.661332 0.046753 0.000000 0.000000 0.000000 0.174809 0.000000 0.000000 
0.000000 0.000000 0.026416 0.000000 0.336771 0.007823 0.162721 0.017041 0.000000 0.000000 0.217240 0.000000 0.231988 
0.184414 0.000000 0.075801 0.000000 0.103432 0.469386 0.000002 0.022920 0.047641 0.000000 0.096404 0.000000 0.000000 
0.000000 0.037716 0.000006 0.000000 0.000002 0.487655 0.000002 0.375563 0.000000 0.025506 0.073550 0.000000 0.000000 
0.000000 0.127999 0.000006 0.000000 0.050650 0.046697 0.136378 0.000000 0.000000 0.000000 0.638269 0.000000 0.000000 
0.069760 0.000000 0.179106 0.000000 0.447762 0.000006 0.000002 0.000000 0.053673 0.000000 0.249692 0.000000 0.000000 
0.000000 0.023443 0.000006 0.460120 0.000003 0.021505 0.000002 0.357672 0.000000 0.033789 0.028260 0.075201 0.000000 
0.000000 0.006055 0.000006 0.000000 0.032863 0.152887 0.462314 0.000000 0.104714 0.000000 0.241161 0.000000 0.000000 
0.000000 0.011641 0.326519 0.055064 0.000003 0.000006 0.043104 0.000000 0.000000 0.000000 0.513015 0.000000 0.050649 
0.000000 0.689821 0.000007 0.000000 0.000003 0.000006 0.225420 0.000000 0.000000 0.000000 0.056316 0.000000 0.028427 
0.276203 0.000000 0.045706 0.000000 0.070543 0.066097 0.299670 0.028341 0.058979 0.000000 0.154461 0.000000 0.000000 
0.133714 0.000000 0.054157 0.460828 0.115016 0.031177 0.000002 0.023410 0.014411 0.017071 0.079158 0.071055 0.000000 
0.290993 0.050922 0.033721 0.000000 0.068180 0.055050 0.029483 0.016509 0.068787 0.000000 0.386355 0.000000 0.000000 
0.000000 0.000000 0.465005 0.214961 0.000002 0.000005 0.077011 0.000000 0.000000 0.022428 0.190623 0.023066 0.006897 
0.000000 0.008356 0.085174 0.164860 0.364153 0.000006 0.065632 0.000000 0.000000 0.000000 0.245285 0.000000 0.066535 
0.326926 0.000000 0.090734 0.000000 0.236476 0.054197 0.050624 0.011470 0.041160 0.000000 0.188412 0.000000 0.000000 
0.000000 0.000000 0.000006 0.000000 0.000003 0.122637 0.468966 0.179153 0.000000 0.000000 0.128486 0.000000 0.100749 
0.110670 0.009366 0.003926 0.069909 0.113246 0.005140 0.109081 0.000000 0.000000 0.000000 0.160538 0.000000 0.418125 
0.000000 0.831747 0.000006 0.008169 0.000002 0.042591 0.004046 0.057914 0.000000 0.000000 0.010358 0.000000 0.045167 
0.000000 0.000000 0.149958 0.000000 0.436519 0.021240 0.000002 0.000000 0.057713 0.000000 0.319807 0.014760 0.000000 
0.000000 0.000000 0.000006 0.339000 0.016610 0.497160 0.000002 0.000000 0.000000 0.000000 0.072993 0.074229 0.000000 
0.000000 0.050633 0.015230 0.016396 0.018225 0.093031 0.135099 0.000000 0.000000 0.000000 0.671386 0.000000 0.000000 
0.000000 0.023375 0.044244 0.128355 0.005154 0.051672 0.000002 0.653196 0.000000 0.033578 0.037149 0.023275 0.000000 
0.119905 0.000000 0.057998 0.032267 0.085907 0.031094 0.069702 0.010569 0.000000 0.000000 0.592559 0.000000 0.000000 
0.000000 0.000000 0.000006 0.047269 0.022275 0.077078 0.000001 0.023859 0.000000 0.025116 0.050087 0.000000 0.754309 
0.000000 0.000000 0.596491 0.000000 0.000002 0.000005 0.000001 0.032470 0.000000 0.000000 0.156340 0.000000 0.214689 
0.221342 0.102025 0.115292 0.000000 0.105414 0.000005 0.000002 0.000000 0.058699 0.049830 0.110095 0.000000 0.237296 
0.000000 0.059936 0.016611 0.174943 0.000003 0.409625 0.045586 0.000000 0.000000 0.000000 0.293296 0.000000 0.000000 
0.000000 0.000000 0.000006 0.000000 0.000002 0.077598 0.000002 0.026956 0.022966 0.000000 0.065909 0.000000 0.806561 
0.206251 0.000000 0.064416 0.182456 0.172094 0.040150 0.113883 0.020847 0.027601 0.000000 0.172302 0.000000 0.000000 
0.000000 0.000000 0.099082 0.013997 0.000002 0.084659 0.011255 0.000000 0.000000 0.000000 0.018299 0.000000 0.772705 
0.072217 0.000000 0.000006 0.000000 0.020493 0.130154 0.518846 0.044649 0.070213 0.000000 0.143423 0.000000 0.000000 
0.023580 0.124341 0.000006 0.448982 0.000002 0.000006 0.008566 0.000000 0.000000 0.000000 0.072346 0.069790 0.252382 
0.021813 0.005087 0.004699 0.789467 0.000002 0.000006 0.000002 0.008825 0.000000 0.000000 0.020749 0.149351 0.000000 
0.041136 0.488302 0.000006 0.000000 0.000003 0.031114 0.171521 0.000000 0.064479 0.000000 0.034329 0.023321 0.145788 
0.000000 0.020398 0.431164 0.045067 0.181384 0.000005 0.000002 0.000000 0.000000 0.000000 0.279385 0.042595 0.000000 
0.000000 0.041679 0.731561 0.023080 0.056789 0.000006 0.000001 0.024636 0.000000 0.000000 0.122247 0.000000 0.000000 
0.147903 0.000000 0.342427 0.011744 0.035292 0.000006 0.144272 0.000000 0.000000 0.000000 0.274402 0.000000 0.043955 
0.000000 0.014524 0.000006 0.000000 0.000002 0.000006 0.081632 0.037252 0.089433 0.000000 0.295760 0.000000 0.481385 
0.042054 0.177557 0.019592 0.000000 0.256489 0.010574 0.018053 0.239200 0.000000 0.000000 0.200850 0.035630 0.000000 
0.000000 0.000000 0.000006 0.036205 0.004593 0.000006 0.008921 0.939166 0.000000 0.000000 0.007656 0.000000 0.003447 
0.000000 0.012442 0.601014 0.000000 0.000003 0.030432 0.000002 0.000000 0.000000 0.000000 0.087293 0.000000 0.268814 
0.019848 0.024535 0.027578 0.662501 0.064301 0.008876 0.000002 0.081818 0.015392 0.000000 0.041517 0.053632 0.000000 
0.415628 0.000000 0.081495 0.000000 0.173746 0.052351 0.053580 0.012668 0.032226 0.000000 0.178307 0.000000 0.000000 
0.000000 0.000000 0.033521 0.085822 0.271838 0.043038 0.114918 0.000000 0.000000 0.000000 0.450862 0.000000 0.000000 
0.033884 0.018623 0.000006 0.000000 0.015577 0.031303 0.604163 0.000000 0.049441 0.000000 0.182952 0.037713 0.026337 
0.000000 0.000000 0.000005 0.000000 0.000003 0.040130 0.659869 0.085792 0.063162 0.000000 0.151040 0.000000 0.000000 
0.000000 0.600768 0.000006 0.000000 0.019401 0.000006 0.306866 0.026903 0.000000 0.000000 0.046051 0.000000 0.000000 
0.000000 0.000000 0.013520 0.000000 0.000002 0.167282 0.029408 0.086584 0.027842 0.000000 0.043510 0.000000 0.631852 
0.000000 0.410547 0.000006 0.000000 0.008750 0.042050 0.366724 0.000000 0.000000 0.000000 0.171923 0.000000 0.000000 
0.000000 0.117858 0.000006 0.313163 0.000002 0.015541 0.000002 0.119153 0.000000 0.000000 0.043167 0.068500 0.322609 
0.000000 0.304473 0.000006 0.000000 0.015285 0.003799 0.000002 0.629140 0.012051 0.013058 0.022186 0.000000 0.000000 
0.272193 0.087617 0.282037 0.000000 0.068547 0.068024 0.000002 0.000000 0.028701 0.000000 0.157480 0.035399 0.000000 
0.000000 0.000000 0.617885 0.108285 0.021023 0.038913 0.000002 0.000000 0.000000 0.000000 0.085872 0.007791 0.120229 
0.165313 0.000000 0.291315 0.000000 0.045499 0.055088 0.169006 0.077064 0.029440 0.000000 0.121441 0.000000 0.045834 
0.000000 0.167578 0.041925 0.000000 0.299967 0.000006 0.000002 0.000000 0.047944 0.041740 0.250726 0.000000 0.150113 
0.000000 0.425366 0.000006 0.000000 0.013399 0.000007 0.357244 0.000000 0.086444 0.000000 0.117535 0.000000 0.000000 
0.000000 0.000000 0.009314 0.000000 0.215125 0.000006 0.055163 0.063302 0.000000 0.000000 0.608741 0.000000 0.048350 
0.000000 0.009924 0.021931 0.402648 0.021838 0.152819 0.089673 0.000000 0.000000 0.000000 0.259940 0.041226 0.000000 
0.000000 0.038113 0.000006 0.024351 0.000002 0.054500 0.000002 0.000000 0.000000 0.000000 0.007289 0.000000 0.875738 
0.000000 0.024706 0.712106 0.000000 0.012112 0.000006 0.002514 0.048547 0.000000 0.000000 0.200009 0.000000 0.000000 
0.000000 0.062236 0.039965 0.161924 0.000003 0.651217 0.000002 0.000000 0.042127 0.000000 0.029273 0.013254 0.000000 
0.056111 0.054871 0.074253 0.462848 0.000003 0.000005 0.153308 0.000000 0.066423 0.000000 0.132178 0.000000 0.000000 
0.038731 0.053859 0.608507 0.100086 0.030680 0.000006 0.041865 0.000000 0.000000 0.000000 0.126267 0.000000 0.000000 
0.000000 0.000000 0.008512 0.000000 0.000002 0.130724 0.000001 0.000000 0.000000 0.000000 0.038499 0.000000 0.822262 
0.000000 0.986379 0.000005 0.000000 0.000003 0.002837 0.000001 0.000000 0.000000 0.000000 0.010774 0.000000 0.000000 
0.000000 0.000000 0.255695 0.000000 0.033879 0.078013 0.012539 0.320907 0.000000 0.000000 0.038945 0.000000 0.260021 
0.000000 0.000000 0.049218 0.000000 0.178996 0.016638 0.000002 0.000000 0.004373 0.000000 0.118431 0.000000 0.632342 
0.163820 0.029624 0.051756 0.222036 0.180542 0.000006 0.076370 0.000000 0.000000 0.000000 0.193455 0.028237 0.054155 
0.047530 0.040146 0.000006 0.000000 0.032810 0.241980 0.286150 0.000000 0.133622 0.000000 0.145804 0.000000 0.071950 
0.000000 0.030570 0.512720 0.000000 0.000003 0.019499 0.019120 0.225066 0.000000 0.000000 0.160240 0.000000 0.032782 
0.000000 0.095803 0.000006 0.347825 0.000002 0.000005 0.061599 0.000000 0.000000 0.000000 0.428665 0.066094 0.000000 
0.000000 0.000000 0.078132 0.148907 0.000003 0.011967 0.369915 0.000000 0.000000 0.000000 0.307552 0.051986 0.031538 
0.092781 0.278850 0.067162 0.020842 0.041956 0.000006 0.022234 0.000000 0.000000 0.000000 0.099567 0.000000 0.376601 
0.323438 0.000000 0.056071 0.000000 0.163333 0.062346 0.000002 0.000000 0.044461 0.032090 0.230976 0.000000 0.087283 
0.000000 0.000000 0.000006 0.000000 0.014066 0.000006 0.000002 0.617368 0.000000 0.000000 0.126607 0.000000 0.241946 
0.000000 0.005734 0.000006 0.024024 0.000002 0.332242 0.109396 0.000000 0.087351 0.000000 0.119783 0.000000 0.321461 
0.000000 0.014275 0.107952 0.000000 0.527315 0.000005 0.055699 0.000000 0.000000 0.000000 0.294753 0.000000 0.000000 
0.228226 0.000000 0.034064 0.000000 0.057040 0.059385 0.000002 0.403749 0.056895 0.000000 0.100940 0.000000 0.059698 
0.248916 0.000000 0.029534 0.051843 0.108222 0.035499 0.000002 0.338630 0.043669 0.000000 0.143685 0.000000 0.000000 
0.000000 0.000000 0.000005 0.834140 0.000003 0.032621 0.000002 0.000000 0.000000 0.000000 0.022179 0.111050 0.000000 
0.000000 0.013208 0.011579 0.000000 0.098008 0.034376 0.053346 0.000000 0.000000 0.000000 0.789482 0.000000 0.000000 
0.080310 0.203358 0.021504 0.346152 0.055705 0.065316 0.000002 0.000000 0.045828 0.026861 0.039243 0.053169 0.062554 
0.000000 0.000000 0.789932 0.000000 0.000003 0.053896 0.000001 0.000000 0.000000 0.000000 0.156168 0.000000 0.000000 
0.000000 0.920808 0.014964 0.000000 0.000002 0.000005 0.014803 0.000000 0.000000 0.000000 0.027880 0.000000 0.021539 
0.000000 0.104524 0.000005 0.000000 0.007642 0.066253 0.126189 0.618846 0.032136 0.000000 0.044405 0.000000 0.000000 
0.000000 0.927786 0.000006 0.000000 0.000003 0.000006 0.000001 0.027343 0.000000 0.000000 0.000448 0.000000 0.044407 
0.403321 0.000000 0.071034 0.051011 0.064577 0.047086 0.156230 0.020861 0.072317 0.000000 0.113562 0.000000 0.000000 
0.000000 0.315791 0.131135 0.000000 0.085622 0.085906 0.015480 0.000000 0.000000 0.000000 0.366065 0.000000 0.000000 
0.130501 0.097274 0.047578 0.000000 0.300395 0.000006 0.084587 0.030011 0.000000 0.000000 0.270036 0.000000 0.039611 
0.029710 0.000000 0.048050 0.642831 0.130304 0.000005 0.049803 0.000000 0.000000 0.000000 0.086911 0.012386 0.000000 
0.231475 0.450998 0.015603 0.000000 0.075665 0.099322 0.000002 0.000000 0.017290 0.000000 0.092875 0.000000 0.016769 
0.042928 0.000000 0.000005 0.377578 0.008997 0.311374 0.000002 0.000000 0.000000 0.000000 0.138988 0.046673 0.073456 
0.019339 0.000000 0.008700 0.000000 0.000003 0.156095 0.000002 0.725226 0.012443 0.000000 0.063152 0.000000 0.015042 
0.081874 0.000000 0.054928 0.000000 0.052569 0.691468 0.034160 0.021424 0.000000 0.000000 0.063576 0.000000 0.000000 
0.000000 0.000000 0.423919 0.000000 0.000003 0.037356 0.135736 0.203123 0.000000 0.000000 0.199863 0.000000 0.000000 
0.307896 0.000000 0.048376 0.000000 0.066299 0.057173 0.040792 0.015265 0.000000 0.000000 0.424018 0.040181 0.000000 
0.000000 0.000000 0.000006 0.000000 0.009722 0.007035 0.000002 0.099430 0.022044 0.000000 0.571649 0.000000 0.290112 
0.059973 0.029676 0.021252 0.015498 0.118505 0.000006 0.312649 0.187506 0.095576 0.000000 0.139961 0.000000 0.019397 
0.000000 0.000000 0.007775 0.000000 0.000003 0.185927 0.000002 0.000000 0.010256 0.000000 0.067801 0.000000 0.728236 
0.000000 0.000000 0.000005 0.449463 0.000002 0.012115 0.000002 0.131099 0.000000 0.000000 0.003973 0.048912 0.354429 
0.000000 0.087828 0.000006 0.020048 0.013598 0.000006 0.000001 0.000000 0.000000 0.000000 0.090801 0.000000 0.787712 
0.169001 0.000000 0.077993 0.008969 0.074672 0.077399 0.278969 0.000000 0.000000 0.000000 0.312996 0.000000 0.000000 
0.000000 0.044028 0.025447 0.023096 0.273616 0.067543 0.042106 0.040983 0.000000 0.000000 0.483181 0.000000 0.000000 
0.000000 0.000000 0.039301 0.432646 0.010156 0.000006 0.000002 0.074554 0.000000 0.000000 0.380980 0.062356 0.000000 
0.090333 0.000000 0.000006 0.043102 0.000003 0.030700 0.066678 0.000000 0.000000 0.000000 0.769178 0.000000 0.000000 
0.000000 0.000000 0.276297 0.000000 0.016537 0.000006 0.298659 0.112514 0.130135 0.000000 0.165853 0.000000 0.000000 
0.000000 0.000000 0.026954 0.000000 0.000002 0.029583 0.063777 0.000000 0.000000 0.000000 0.570565 0.000000 0.309119 
0.000000 0.029914 0.000006 0.011350 0.027445 0.054175 0.370787 0.241335 0.126490 0.000000 0.138499 0.000000 0.000000 
0.000000 0.000000 0.080279 0.000000 0.000002 0.058258 0.000002 0.000000 0.000000 0.000000 0.003033 0.014991 0.843435 
0.090736 0.530206 0.000006 0.091163 0.000002 0.017135 0.010577 0.000000 0.000000 0.000000 0.154587 0.009586 0.096001 
0.205318 0.000000 0.036042 0.000000 0.080434 0.200953 0.000002 0.261279 0.073356 0.000000 0.142617 0.000000 0.000000 
0.000000 0.000000 0.059179 0.594836 0.000003 0.155356 0.005038 0.000000 0.000000 0.000000 0.080554 0.105034 0.000000 
0.192798 0.089470 0.051690 0.000000 0.092729 0.340746 0.054113 0.000000 0.000000 0.000000 0.136678 0.000000 0.041776 
0.000000 0.005929 0.000006 0.000000 0.117858 0.048214 0.467441 0.000000 0.136922 0.000000 0.205554 0.018076 0.000000 
0.000000 0.000000 0.000006 0.054929 0.000003 0.053945 0.557364 0.000000 0.139507 0.000000 0.189081 0.005165 0.000000 
0.000000 0.000000 0.000005 0.176045 0.000003 0.000006 0.211184 0.425364 0.061918 0.000000 0.093571 0.000000 0.031903 
0.000000 0.000000 0.000006 0.000000 0.000003 0.000006 0.031346 0.204829 0.036336 0.000000 0.662206 0.000000 0.065268 
0.000000 0.000000 0.048649 0.000000 0.025102 0.027804 0.065047 0.273495 0.024614 0.000000 0.535289 0.000000 0.000000 
0.424979 0.000000 0.056991 0.009035 0.146341 0.087758 0.000002 0.000000 0.088015 0.000000 0.186879 0.000000 0.000000 
0.000000 0.000000 0.010803 0.814611 0.009469 0.000005 0.023582 0.000000 0.000000 0.000000 0.001184 0.140345 0.000000 
0.000000 0.000000 0.000006 0.557454 0.000002 0.077107 0.036456 0.000000 0.000000 0.000000 0.278554 0.050420 0.000000 
0.062602 0.011038 0.021993 0.424200 0.000003 0.029833 0.062629 0.000000 0.000000 0.000000 0.254358 0.046594 0.086751 
0.028030 0.015761 0.145791 0.216410 0.000003 0.485529 0.007003 0.000000 0.000000 0.000000 0.101473 0.000000 0.000000 
0.000000 0.000000 0.015651 0.059453 0.421126 0.057675 0.000002 0.082719 0.049935 0.000000 0.261864 0.016690 0.034886 
0.000000 0.801598 0.060624 0.000000 0.000002 0.014969 0.028958 0.024637 0.000000 0.000000 0.069213 0.000000 0.000000 
0.000000 0.000000 0.088335 0.000000 0.502884 0.000004 0.031053 0.000000 0.035502 0.000000 0.342222 0.000000 0.000000 
0.000000 0.000000 0.655207 0.000000 0.000003 0.000006 0.000001 0.224828 0.000000 0.000000 0.119956 0.000000 0.000000 
0.000000 0.000000 0.194083 0.000000 0.039594 0.090265 0.000002 0.000000 0.000000 0.000000 0.089857 0.000000 0.586198 
0.000000 0.000000 0.068660 0.000000 0.000003 0.088240 0.000002 0.000000 0.000000 0.000000 0.068075 0.011903 0.763117 
0.000000 0.000000 0.000006 0.759837 0.014639 0.000006 0.014146 0.000000 0.000000 0.000000 0.123490 0.087876 0.000000 
0.201175 0.000000 0.224240 0.000000 0.060392 0.048727 0.000002 0.037659 0.047494 0.000000 0.147783 0.000000 0.232527 
0.000000 0.144462 0.000006 0.116968 0.013195 0.475493 0.097095 0.000000 0.000000 0.000000 0.076189 0.000000 0.076594 
0.205250 0.000000 0.228921 0.000000 0.065596 0.054021 0.025767 0.000000 0.000000 0.000000 0.179148 0.000000 0.241297 
0.000000 0.000000 0.827172 0.000000 0.000002 0.016208 0.000002 0.000000 0.000000 0.000000 0.156616 0.000000 0.000000 
0.000000 0.000000 0.237313 0.000000 0.269360 0.000006 0.210254 0.013321 0.043941 0.000000 0.201481 0.024324 0.000000 
0.000000 0.000000 0.079227 0.129909 0.360000 0.000005 0.124889 0.000000 0.000000 0.000000 0.273572 0.032396 0.000000 
0.011564 0.000000 0.000006 0.000000 0.107847 0.359687 0.249587 0.000000 0.000000 0.000000 0.219888 0.000000 0.051422 
0.028276 0.000000 0.088685 0.048381 0.048079 0.047149 0.134715 0.000000 0.000000 0.000000 0.562139 0.042575 0.000000 
0.000000 0.722130 0.000006 0.000000 0.000003 0.015050 0.153631 0.000000 0.067146 0.000000 0.042034 0.000000 0.000000 
0.057738 0.006819 0.150686 0.020024 0.385508 0.000006 0.000002 0.000000 0.078194 0.000000 0.301023 0.000000 0.000000 
0.000000 0.440815 0.000006 0.000000 0.254529 0.000005 0.020252 0.000000 0.000000 0.043482 0.233087 0.000000 0.007824 
0.065143 0.000000 0.189612 0.000000 0.439802 0.000005 0.000002 0.000000 0.029882 0.026810 0.248744 0.000000 0.000000 
0.000000 0.956594 0.018193 0.000000 0.000002 0.000005 0.000002 0.000000 0.000000 0.000000 0.025205 0.000000 0.000000 
0.000000 0.579682 0.326537 0.000000 0.000003 0.018986 0.000001 0.012997 0.000000 0.000000 0.061795 0.000000 0.000000 
0.000000 0.372386 0.015511 0.112782 0.000003 0.042772 0.163581 0.178974 0.075391 0.000000 0.038600 0.000000 0.000000 
0.000000 0.164273 0.462528 0.140581 0.000002 0.000006 0.004490 0.000000 0.000000 0.031102 0.166387 0.030632 0.000000 
0.000000 0.000000 0.021980 0.000000 0.020100 0.814063 0.000002 0.011674 0.006072 0.000000 0.094008 0.000000 0.032100 
0.000000 0.000000 0.000006 0.000000 0.045699 0.046292 0.579115 0.000000 0.174457 0.000000 0.154430 0.000000 0.000000 
0.000000 0.000000 0.780826 0.000000 0.000002 0.032116 0.000002 0.000000 0.000000 0.000000 0.187053 0.000000 0.000000 
0.000000 0.000000 0.088497 0.000000 0.443779 0.031694 0.038046 0.000000 0.000000 0.000000 0.367085 0.030899 0.000000 
0.000000 0.000000 0.000007 0.000000 0.000003 0.052361 0.623106 0.000000 0.137704 0.000000 0.150997 0.000000 0.035822 
0.061076 0.017924 0.146385 0.016571 0.017776 0.297098 0.165772 0.082632 0.000000 0.000000 0.153218 0.000000 0.041550 
0.000000 0.010768 0.018696 0.000000 0.000002 0.000008 0.124880 0.000000 0.000000 0.000000 0.789595 0.000000 0.056051 
0.000000 0.000000 0.025744 0.000000 0.014228 0.231557 0.007873 0.000000 0.000000 0.000000 0.402701 0.000000 0.317896 
0.000000 0.010416 0.095431 0.000000 0.315262 0.080669 0.211808 0.000000 0.000000 0.000000 0.203238 0.000000 0.083176 
0.138384 0.000000 0.027879 0.000000 0.031703 0.514283 0.000002 0.000000 0.000000 0.000000 0.265954 0.021794 0.000000 
0.016291 0.245256 0.000006 0.022847 0.032599 0.154769 0.382930 0.000000 0.000000 0.000000 0.107092 0.000000 0.038210 
0.016598 0.000000 0.713910 0.073137 0.012240 0.000006 0.014283 0.000000 0.000000 0.000000 0.169825 0.000000 0.000000 
0.069689 0.009728 0.000006 0.000000 0.033175 0.023317 0.671655 0.000000 0.000000 0.000000 0.192430 0.000000 0.000000 
0.000000 0.043508 0.246818 0.000000 0.262112 0.044765 0.000002 0.100305 0.049566 0.000000 0.252925 0.000000 0.000000 
0.085847 0.000000 0.071650 0.000000 0.128255 0.000006 0.052971 0.000000 0.000000 0.018790 0.109138 0.000000 0.533343 
0.000000 0.000000 0.025415 0.000000 0.022215 0.066390 0.055719 0.028052 0.000000 0.000000 0.802208 0.000000 0.000000 
0.000000 0.237838 0.000005 0.000000 0.011827 0.000005 0.000002 0.709942 0.000000 0.009515 0.002690 0.000000 0.028176 
0.000000 0.015521 0.092516 0.000000 0.390824 0.202695 0.013145 0.000000 0.000000 0.000000 0.285298 0.000000 0.000000 
0.000000 0.210110 0.047474 0.000000 0.303748 0.000006 0.065178 0.000000 0.073574 0.000000 0.270499 0.029412 0.000000 
0.251000 0.000000 0.016315 0.000000 0.085248 0.092700 0.194286 0.000000 0.000000 0.038128 0.149632 0.000000 0.172691 
0.000000 0.222099 0.562927 0.000000 0.052847 0.000005 0.000002 0.023405 0.000000 0.000000 0.131751 0.006964 0.000000 
0.000000 0.000000 0.038677 0.016582 0.000002 0.100039 0.090183 0.000000 0.000000 0.000000 0.031247 0.000000 0.723271 
0.000000 0.000000 0.000006 0.000000 0.000002 0.013460 0.029438 0.906261 0.000000 0.014346 0.036487 0.000000 0.000000 
0.014815 0.000000 0.045438 0.000000 0.000003 0.044545 0.181846 0.000000 0.000000 0.000000 0.713353 0.000000 0.000000 
0.038427 0.019619 0.474237 0.000000 0.024437 0.034659 0.000002 0.000000 0.034680 0.025525 0.348414 0.000000 0.000000 
0.000000 0.000000 0.072538 0.049507 0.020647 0.495791 0.097981 0.021933 0.000000 0.000000 0.093750 0.000000 0.147854 
0.000000 0.000000 0.000006 0.541612 0.000002 0.047465 0.036426 0.170931 0.000000 0.000000 0.065191 0.090977 0.047390 
0.000000 0.000000 0.000006 0.000000 0.216929 0.000004 0.000002 0.605508 0.011461 0.000000 0.166091 0.000000 0.000000 
0.146947 0.467547 0.037971 0.000000 0.082047 0.036340 0.000002 0.000000 0.040726 0.000000 0.188420 0.000000 0.000000 
0.000000 0.000000 0.056802 0.000000 0.311246 0.000004 0.029737 0.410381 0.000000 0.059116 0.132714 0.000000 0.000000 
0.000000 0.011562 0.345257 0.000000 0.378438 0.000005 0.000002 0.000000 0.000000 0.000000 0.257643 0.007093 0.000000 
0.030670 0.250056 0.379175 0.000000 0.000003 0.103320 0.000002 0.038167 0.000000 0.000000 0.171839 0.026768 0.000000 
0.391963 0.000000 0.072529 0.000000 0.145909 0.068226 0.082235 0.000000 0.000000 0.000000 0.239138 0.000000 0.000000 
0.000000 0.000000 0.015861 0.653709 0.006825 0.018849 0.000002 0.191817 0.000000 0.000000 0.018340 0.094598 0.000000 
0.000000 0.043990 0.000006 0.396321 0.029255 0.325031 0.016922 0.000000 0.000000 0.000000 0.045611 0.061878 0.080986 
0.000000 0.000000 0.722248 0.000000 0.000002 0.008029 0.000002 0.000000 0.026450 0.000000 0.243268 0.000000 0.000000 
0.000000 0.000000 0.000006 0.399004 0.115669 0.000006 0.064830 0.043423 0.000000 0.000000 0.050961 0.042744 0.283356 
0.109231 0.000000 0.018193 0.000000 0.090207 0.000006 0.000002 0.604030 0.025316 0.000000 0.128654 0.000000 0.024361 
0.000000 0.017627 0.015904 0.000000 0.000002 0.851386 0.038861 0.000000 0.000000 0.000000 0.076220 0.000000 0.000000 
0.000000 0.000000 0.041666 0.000000 0.394192 0.000005 0.071854 0.124941 0.000000 0.000000 0.340786 0.026555 0.000000 
0.000000 0.000000 0.186394 0.000000 0.000002 0.027887 0.034543 0.314579 0.000000 0.000000 0.436595 0.000000 0.000000 
0.0737525 0.110446 0.2008 0.0870173 0.173998 0.197375 0.165249 0.0929246 0.0689534 0.0170288 0.534415 0.0537623 0.09909 
