-780236.648334
0
0.000000 0.000000 0.000000 0.000000 0.011551 0.000000 0.006421 0.031586 0.007834 0.024953 0.000000 0.000000 0.026779 0.015629 0.010709 0.018721 0.072691 0.048196 0.049084 0.049205 0.000000 0.000000 0.000000 0.004811 0.000000 0.000000 0.000000 0.000000 0.014320 0.008316 0.000000 0.023161 0.023339 0.054187 0.011730 0.031980 0.009414 0.000000 0.000000 0.009104 0.030896 0.002549 0.006073 0.007065 0.007311 0.008499 0.009550 0.011713 0.013742 0.000000 0.000000 0.011568 0.008104 0.000000 0.000000 0.000000 0.000000 0.000000 0.010448 0.010933 0.017168 0.000000 0.013581 0.000000 0.000000 0.019160 0.012974 0.036396 0.000000 0.000000 0.006371 0.000000 0.028288 0.000001 0.000000 0.000001 0.000000 0.015638 0.004947 0.000000 0.000000 0.035511 0.000000 0.000004 0.000000 0.000000 0.000000 0.006304 0.000001 0.034329 0.000001 0.024329 0.000000 0.014760 0.015635 0.012430 
0.000000 0.000000 0.000000 0.000002 0.000000 0.000000 0.000000 0.000000 0.000014 0.000071 0.000000 0.240328 0.000000 0.000000 0.000000 0.000001 0.000087 0.000008 0.000210 0.000026 0.000000 0.000000 0.000001 0.000002 0.000008 0.000000 0.000000 0.000000 0.000000 0.000000 0.000000 0.000000 0.000079 0.000105 0.000100 0.000157 0.000000 0.000000 0.000000 0.000000 0.174075 0.000006 0.145284 0.000158 0.000000 0.000001 0.000002 0.000001 0.000016 0.000000 0.000000 0.000001 0.000000 0.000000 0.000000 0.000000 0.000001 0.000005 0.000000 0.000052 0.000000 0.000000 0.000000 0.000000 0.000009 0.000002 0.000003 0.000013 0.000000 0.000000 0.000000 0.000000 0.144036 0.000014 0.000000 0.000029 0.000000 0.000000 0.000000 0.000000 0.000000 0.000180 0.148036 0.000085 0.000000 0.000001 0.000000 0.000000 0.000021 0.000028 0.146602 0.000094 0.000000 0.000000 0.000011 0.000036 
0.041338 0.038126 0.000000 0.033994 0.011025 0.006327 0.000000 0.011837 0.018769 0.004330 0.016095 0.023742 0.015070 0.013992 0.017194 0.027564 0.014436 0.008669 0.010139 0.026959 0.000000 0.000000 0.008184 0.002423 0.034462 0.022246 0.000000 0.024709 0.007625 0.006796 0.000000 0.008089 0.003101 0.002195 0.000001 0.025397 0.010980 0.020664 0.018165 0.032860 0.005971 0.013370 0.004570 0.010922 0.000000 0.000000 0.005529 0.000000 0.020266 0.017113 0.000000 0.023658 0.004119 0.000000 0.000000 0.007119 0.000000 0.000000 0.002633 0.006071 0.008687 0.009216 0.010897 0.022312 0.005136 0.004933 0.004125 0.009696 0.000000 0.000000 0.006771 0.004125 0.022832 0.019400 0.000000 0.034485 0.005520 0.004017 0.000000 0.007694 0.010708 0.003175 0.000000 0.014274 0.016994 0.015484 0.006493 0.034415 0.004771 0.003225 0.000000 0.010504 0.000000 0.000000 0.004800 0.006469 
0.009908 0.000000 0.000000 0.000000 0.000000 0.000000 0.000000 0.000000 0.000000 0.000001 0.008562 0.000000 0.011285 0.001658 0.006124 0.019116 0.019979 0.013126 0.011875 0.025831 0.062109 0.007986 0.002865 0.026478 0.006263 0.000000 0.000000 0.001630 0.000000 0.000000 0.000000 0.000000 0.013114 0.009380 0.004249 0.005176 0.004180 0.000000 0.003559 0.003553 0.012910 0.010720 0.012779 0.034925 0.036205 0.009312 0.014019 0.073568 0.015387 0.009431 0.000000 0.008085 0.000000 0.000000 0.000000 0.000000 0.000000 0.000000 0.000000 0.005876 0.000000 0.000000 0.000000 0.000000 0.010063 0.012669 0.011993 0.015169 0.008532 0.000000 0.003273 0.023691 0.028087 0.000000 0.000000 0.039024 0.002895 0.000000 0.000000 0.005480 0.000000 0.008089 0.000000 0.008809 0.029114 0.000000 0.015478 0.007013 0.016223 0.011600 0.006381 0.048284 0.070879 0.000000 0.011672 0.084353 
0.000000 0.000001 0.000000 0.000032 0.000000 0.000000 0.000000 0.000001 0.000060 0.000723 0.000000 0.000076 0.000000 0.000001 0.000006 0.000007 0.000576 0.000073 0.001321 0.000255 0.000000 0.000000 0.000000 0.000059 0.000066 0.000000 0.000000 0.000002 0.000000 0.000001 0.000000 0.000000 0.000581 0.000582 0.000708 0.001062 0.000000 0.000001 0.000001 0.000007 0.000063 0.000035 0.000084 0.000379 0.000000 0.000000 0.000009 0.000004 0.000150 0.000000 0.000000 0.000010 0.000000 0.000001 0.000000 0.000000 0.000009 0.000055 0.000000 0.000380 0.000000 0.000000 0.000001 0.000000 0.000080 0.000000 0.000016 0.000092 0.000000 0.000000 0.000006 0.000000 0.000238 0.000056 0.000000 0.000325 0.000000 0.000000 0.987875 0.000000 0.000000 0.001289 0.000000 0.000620 0.000000 0.000006 0.000000 0.000001 0.000307 0.000367 0.000154 0.000565 0.000000 0.000000 0.000219 0.000400 
0.000000 0.035624 0.028006 0.065862 0.000000 0.000000 0.000000 0.000000 0.000003 0.040237 0.000000 0.000001 0.000000 0.000000 0.000000 0.000000 0.000014 0.044341 0.000031 0.000005 0.000000 0.011250 0.000000 0.000000 0.071586 0.022427 0.016561 0.107735 0.000000 0.000000 0.000000 0.000000 0.000012 0.000016 0.057165 0.000028 0.022683 0.000000 0.000000 0.000000 0.000001 0.000001 0.000002 0.000023 0.000000 0.027284 0.000000 0.034351 0.064714 0.000000 0.000000 0.020199 0.000000 0.022221 0.000000 0.000000 0.000000 0.000001 0.000000 0.000008 0.000000 0.000000 0.000000 0.000000 0.000001 0.000000 0.000000 0.000002 0.000000 0.000000 0.000000 0.000000 0.086701 0.025475 0.018473 0.122302 0.000000 0.000000 0.000000 0.000000 0.000000 0.000028 0.000000 0.000012 0.000000 0.000000 0.000000 0.000000 0.000004 0.039915 0.000004 0.000014 0.000000 0.000000 0.014669 0.000006 
0.000000 0.000000 0.000000 0.008657 0.000000 0.000000 0.000000 0.000000 0.000000 0.002831 0.000000 0.000000 0.000000 0.000000 0.000000 0.000000 0.004002 0.006295 0.001840 0.003506 0.000000 0.000000 0.000000 0.009602 0.001857 0.000000 0.000517 0.017530 0.000000 0.000000 0.000000 0.000000 0.000001 0.000830 0.006641 0.000002 0.000000 0.000000 0.000000 0.001434 0.000000 0.001414 0.000000 0.000002 0.000000 0.002493 0.004429 0.000000 0.000000 0.000000 0.000000 0.010662 0.000000 0.000000 0.000000 0.000000 0.000000 0.011642 0.027355 0.017864 0.000000 0.000000 0.000000 0.000000 0.006197 0.011283 0.005546 0.014692 0.000000 0.000000 0.000000 0.000000 0.039358 0.009705 0.003322 0.354112 0.000000 0.000000 0.000000 0.000000 0.000000 0.019794 0.251645 0.041580 0.000000 0.000000 0.000000 0.004228 0.000000 0.009262 0.005934 0.011419 0.000000 0.000000 0.000000 0.070516 
0.017241 0.000000 0.000000 0.000000 0.000000 0.042313 0.000000 0.091969 0.000003 0.017582 0.000000 0.016128 0.000000 0.059315 0.000000 0.000000 0.000014 0.000001 0.032632 0.000005 0.000000 0.000000 0.000000 0.000000 0.000001 0.000000 0.011557 0.000000 0.000000 0.066904 0.021002 0.000000 0.000014 0.000017 0.016200 0.070639 0.000000 0.035749 0.000000 0.000000 0.014251 0.000001 0.000002 0.000027 0.000000 0.048018 0.013933 0.000000 0.000003 0.000000 0.000000 0.000000 0.000000 0.047221 0.000000 0.000000 0.032982 0.045130 0.000000 0.000010 0.000000 0.025017 0.000000 0.000000 0.000002 0.000000 0.000001 0.028909 0.000000 0.000000 0.025904 0.000000 0.000009 0.000002 0.000000 0.000006 0.000000 0.000000 0.000000 0.000000 0.000000 0.013927 0.000000 0.082924 0.000000 0.049711 0.024831 0.000000 0.012873 0.000004 0.000003 0.000018 0.000000 0.000000 0.034987 0.000006 
0.000000 0.001711 0.000000 0.001113 0.001680 0.000000 0.000000 0.000000 0.029500 0.016638 0.100215 0.013904 0.000000 0.002965 0.000000 0.005655 0.007045 0.006508 0.023050 0.001852 0.000000 0.001875 0.001052 0.002562 0.009243 0.021985 0.009042 0.054933 0.000000 0.000000 0.000000 0.000000 0.008754 0.011401 0.097804 0.009099 0.000000 0.002003 0.000000 0.000000 0.007369 0.003618 0.027248 0.002503 0.000000 0.002567 0.005731 0.008000 0.001105 0.005561 0.002731 0.007952 0.000000 0.002342 0.000000 0.001651 0.064005 0.078120 0.138045 0.051697 0.000000 0.001914 0.000000 0.001270 0.012336 0.006928 0.010933 0.004429 0.000000 0.001506 0.000882 0.003658 0.001587 0.002915 0.001834 0.003800 0.000000 0.000000 0.000000 0.000000 0.007914 0.007914 0.040526 0.003387 0.000000 0.000000 0.000000 0.000000 0.005996 0.004039 0.010517 0.003419 0.000000 0.001775 0.001634 0.007052 
0.000000 0.000000 0.000000 0.012581 0.025124 0.000000 0.000000 0.000000 0.031494 0.020703 0.000000 0.000000 0.024358 0.000000 0.003582 0.012105 0.063454 0.000000 0.047933 0.027705 0.000000 0.000000 0.019060 0.022505 0.000000 0.000000 0.000000 0.000000 0.000000 0.003999 0.000000 0.017717 0.000003 0.012627 0.000004 0.000007 0.014555 0.009925 0.000000 0.000000 0.051525 0.017403 0.028611 0.019216 0.000000 0.000000 0.016627 0.065377 0.000001 0.009260 0.000000 0.000000 0.003193 0.025114 0.000000 0.030750 0.000000 0.000000 0.000000 0.000002 0.010269 0.010144 0.004988 0.000000 0.013209 0.000000 0.000000 0.000000 0.020291 0.000000 0.012096 0.025161 0.000002 0.000000 0.000000 0.000001 0.000000 0.000000 0.000000 0.007979 0.000000 0.000007 0.000000 0.000003 0.000000 0.000000 0.033318 0.030314 0.014568 0.044372 0.021749 0.007877 0.042379 0.040135 0.000000 0.024619 
0.000000 0.000000 0.000000 0.000000 0.000000 0.000000 0.000000 0.000000 0.000001 0.000009 0.000000 0.051494 0.000000 0.000000 0.000000 0.006610 0.000010 0.000001 0.000022 0.000003 0.000000 0.041965 0.008623 0.067810 0.000001 0.000000 0.000000 0.000000 0.000000 0.000000 0.000000 0.000000 0.000008 0.000010 0.000011 0.045418 0.000000 0.000000 0.000000 0.000000 0.000001 0.000001 0.024067 0.023033 0.039324 0.000000 0.000000 0.242172 0.016603 0.027453 0.000000 0.000000 0.000000 0.000000 0.000000 0.000000 0.000000 0.034466 0.000000 0.000006 0.000000 0.000000 0.000000 0.000000 0.000001 0.000000 0.000000 0.000001 0.000000 0.020923 0.000000 0.037707 0.000005 0.000001 0.000000 0.000003 0.000000 0.000000 0.000000 0.000000 0.000000 0.014121 0.000000 0.000008 0.000000 0.007920 0.000000 0.000000 0.045356 0.000003 0.000002 0.000011 0.061419 0.140742 0.022089 0.020562 
0.038856 0.028311 0.023064 0.021359 0.010569 0.005458 0.003789 0.001974 0.010705 0.008871 0.000000 0.000000 0.003045 0.000614 0.008363 0.000000 0.008001 0.001446 0.006971 0.000000 0.000000 0.000000 0.000000 0.000000 0.047030 0.072947 0.011088 0.046804 0.012089 0.012011 0.008446 0.008448 0.025230 0.016433 0.006916 0.019010 0.006801 0.011925 0.037722 0.008082 0.004822 0.000000 0.010775 0.003877 0.000000 0.000000 0.003950 0.000000 0.039765 0.045917 0.024678 0.028969 0.008537 0.012524 0.009168 0.005694 0.007545 0.007193 0.000000 0.009559 0.006951 0.004284 0.014680 0.000760 0.005922 0.000904 0.004189 0.000000 0.000000 0.000000 0.000000 0.000000 0.033604 0.061960 0.012019 0.039681 0.001810 0.013904 0.003744 0.004601 0.000000 0.009122 0.000000 0.004700 0.003487 0.002077 0.007937 0.000000 0.001844 0.000000 0.002991 0.001399 0.000000 0.000000 0.002080 0.000000 
0.148930 0.000000 0.000000 0.035128 0.000000 0.059992 0.000000 0.067788 0.062781 0.000015 0.000000 0.000002 0.000000 0.000000 0.032145 0.000000 0.000018 0.000001 0.000039 0.000006 0.000000 0.000000 0.000000 0.000000 0.020505 0.000000 0.000000 0.000000 0.000000 0.000000 0.000000 0.000000 0.095437 0.058916 0.000019 0.000034 0.000000 0.000000 0.000000 0.000000 0.064538 0.000001 0.000002 0.000028 0.000000 0.000000 0.000000 0.068548 0.062097 0.000000 0.000000 0.038097 0.000000 0.027200 0.000000 0.000000 0.016296 0.000001 0.000000 0.000010 0.000000 0.000000 0.000000 0.000000 0.000002 0.000001 0.054933 0.000002 0.000000 0.000000 0.000000 0.000000 0.000009 0.000002 0.024216 0.000006 0.000000 0.000000 0.000000 0.000000 0.000000 0.000039 0.000000 0.000015 0.000000 0.000000 0.000000 0.000000 0.000004 0.000005 0.010549 0.000018 0.000000 0.051615 0.000003 0.000007 
0.000000 0.010410 0.002917 0.004314 0.000000 0.000000 0.000000 0.000000 0.026620 0.014849 0.239759 0.007693 0.003593 0.000000 0.000000 0.008966 0.015958 0.005327 0.006333 0.010719 0.000000 0.001743 0.002091 0.003822 0.000000 0.000000 0.000000 0.000000 0.000000 0.000000 0.000000 0.000000 0.023300 0.018996 0.120300 0.021101 0.000000 0.000000 0.000000 0.000000 0.000000 0.004572 0.000000 0.008032 0.000000 0.001271 0.000000 0.000000 0.005338 0.003846 0.000000 0.000000 0.000000 0.000000 0.000000 0.000000 0.016852 0.024021 0.122982 0.009434 0.000000 0.000000 0.000000 0.000000 0.013214 0.009401 0.000000 0.012507 0.000000 0.000000 0.000000 0.000000 0.014139 0.011814 0.000000 0.016169 0.000000 0.002100 0.000000 0.000000 0.000000 0.021398 0.110116 0.006048 0.004308 0.001399 0.000000 0.000000 0.009640 0.007150 0.008251 0.001806 0.000000 0.000000 0.002275 0.003102 
0.000000 0.001290 0.000402 0.000000 0.000000 0.000000 0.000278 0.000338 0.007296 0.003300 0.002138 0.003220 0.000000 0.000000 0.000000 0.000000 0.000768 0.000384 0.000533 0.000879 0.000000 0.000193 0.000662 0.000000 0.001144 0.000000 0.000000 0.000000 0.000000 0.000000 0.000000 0.000000 0.017384 0.002281 0.004194 0.008500 0.000000 0.000414 0.000704 0.000841 0.000373 0.000000 0.000000 0.001147 0.000176 0.000000 0.000000 0.000000 0.000454 0.000000 0.000000 0.000000 0.000000 0.000000 0.000000 0.000343 0.006262 0.000000 0.000000 0.003119 0.000000 0.000000 0.001043 0.000000 0.000000 0.000000 0.000000 0.000000 0.000000 0.000000 0.000000 0.000000 0.014334 0.007960 0.002173 0.013095 0.039646 0.000000 0.001542 0.067842 0.420181 0.079284 0.051063 0.232585 0.000000 0.000000 0.000000 0.000000 0.000000 0.000000 0.000000 0.000231 0.000000 0.000000 0.000000 0.000001 
0.000000 0.000000 0.000000 0.000000 0.000000 0.000000 0.000000 0.000000 0.000000 0.019230 0.000000 0.004683 0.000455 0.000000 0.000930 0.003928 0.001096 0.000000 0.000002 0.000000 0.000000 0.000000 0.000780 0.000000 0.001623 0.000000 0.000000 0.000000 0.000000 0.000000 0.000374 0.000000 0.077076 0.101148 0.021316 0.082272 0.000000 0.000000 0.000307 0.000000 0.000000 0.000612 0.000000 0.004826 0.000000 0.001187 0.000000 0.000840 0.000000 0.000000 0.000000 0.000000 0.000000 0.000000 0.000000 0.000000 0.000000 0.020332 0.000000 0.016588 0.000000 0.000000 0.000828 0.000709 0.000623 0.000000 0.000000 0.007321 0.000000 0.000000 0.001316 0.000000 0.000001 0.003999 0.000539 0.002007 0.000000 0.000823 0.000000 0.000000 0.126068 0.294980 0.101690 0.080898 0.001261 0.000435 0.000723 0.004220 0.001848 0.001084 0.002475 0.002565 0.000000 0.001606 0.000850 0.001527 
0.000000 0.000000 0.000000 0.000001 0.000000 0.000000 0.000000 0.000000 0.000011 0.000039 0.000000 0.000005 0.000000 0.000000 0.000000 0.000000 0.000052 0.000004 0.155540 0.125789 0.000000 0.000000 0.000001 0.000001 0.000005 0.000000 0.000000 0.000000 0.000000 0.032480 0.000000 0.000000 0.000049 0.000057 0.000055 0.000096 0.000000 0.000000 0.000000 0.161026 0.000005 0.000003 0.000005 0.067704 0.000000 0.000000 0.000001 0.000000 0.016093 0.000000 0.000000 0.000000 0.059862 0.000000 0.000000 0.000000 0.000000 0.000003 0.000000 0.000030 0.000000 0.000000 0.000000 0.000000 0.000006 0.000001 0.000002 0.000006 0.000000 0.000000 0.000000 0.000000 0.000023 0.000006 0.000000 0.000020 0.000000 0.037378 0.000000 0.000000 0.000000 0.000113 0.000000 0.269606 0.000000 0.039388 0.000000 0.000000 0.000014 0.000014 0.000010 0.034466 0.000000 0.000000 0.000007 0.000021 
0.007226 0.007160 0.000000 0.002936 0.041893 0.019918 0.010086 0.042207 0.011952 0.012561 0.000000 0.010800 0.000000 0.003725 0.000000 0.000000 0.002129 0.013891 0.004811 0.006971 0.000000 0.000000 0.013634 0.009864 0.005554 0.000000 0.000000 0.004943 0.029807 0.019229 0.009030 0.045305 0.015636 0.006268 0.005000 0.013888 0.005924 0.011987 0.006908 0.009123 0.000000 0.020095 0.006687 0.008285 0.000000 0.010667 0.013828 0.000000 0.000000 0.000000 0.000000 0.000000 0.021055 0.014949 0.000000 0.029238 0.034289 0.013648 0.000000 0.011772 0.000000 0.003921 0.007226 0.003873 0.005849 0.012152 0.006982 0.004628 0.006246 0.011869 0.032526 0.009245 0.000001 0.011532 0.000000 0.000001 0.035164 0.040935 0.003169 0.069696 0.009885 0.024048 0.000000 0.008405 0.000000 0.006147 0.003398 0.002047 0.015597 0.012580 0.006387 0.013459 0.000000 0.003983 0.017774 0.016397 
0.000000 0.000000 0.000000 0.000000 0.012306 0.016453 0.000000 0.000000 0.041964 0.000003 0.031643 0.055448 0.000000 0.000000 0.020801 0.000000 0.047727 0.000000 0.043123 0.037947 0.000000 0.010598 0.000000 0.000000 0.000000 0.000000 0.000000 0.000000 0.008661 0.000000 0.000000 0.000000 0.045815 0.000003 0.010130 0.009457 0.000000 0.000000 0.015537 0.000000 0.000000 0.024130 0.037617 0.049742 0.000000 0.000000 0.000000 0.000000 0.000001 0.000000 0.000000 0.000000 0.000000 0.000000 0.000000 0.000000 0.047994 0.029691 0.000000 0.056340 0.000000 0.000000 0.000000 0.009199 0.045125 0.017143 0.041059 0.024449 0.000000 0.000000 0.000000 0.000000 0.005401 0.005848 0.010732 0.020650 0.000000 0.000000 0.000000 0.000000 0.000000 0.000007 0.000000 0.000003 0.022089 0.005089 0.000000 0.000000 0.053019 0.007397 0.048758 0.022914 0.000000 0.000000 0.000000 0.007985 
0.042107 0.000000 0.093780 0.141279 0.000000 0.000000 0.000000 0.000000 0.081490 0.000000 0.000000 0.000011 0.012791 0.199369 0.340832 0.000000 0.000000 0.039322 0.049017 
0.000000 0.000000 0.013046 0.000013 0.000000 0.000000 0.021651 0.000000 0.773191 0.000000 0.000000 0.000012 0.026422 0.096308 0.053575 0.000000 0.000000 0.015781 0.000000 
0.000000 0.000000 0.743975 0.036440 0.000000 0.047692 0.000000 0.000000 0.050043 0.000000 0.000000 0.043205 0.045275 0.000000 0.000002 0.033368 0.000000 0.000000 0.000000 
0.000000 0.000000 0.026445 0.000012 0.000000 0.000000 0.000000 0.000000 0.882256 0.000000 0.000000 0.016444 0.000000 0.000000 0.042363 0.000000 0.000000 0.000000 0.032480 
0.000000 0.000000 0.001843 0.000011 0.000000 0.000000 0.000000 0.000000 0.109882 0.000000 0.000000 0.000011 0.000000 0.000000 0.011366 0.870623 0.006263 0.000000 0.000000 
0.000000 0.000000 0.029796 0.000013 0.000000 0.000000 0.817945 0.000000 0.000261 0.011838 0.056164 0.000011 0.000000 0.032475 0.000002 0.012909 0.000000 0.038586 0.000000 
0.000000 0.000000 0.016893 0.000015 0.000000 0.000000 0.871680 0.000000 0.008145 0.000000 0.061942 0.000012 0.000000 0.041309 0.000004 0.000000 0.000000 0.000000 0.000000 
0.000000 0.000000 0.030700 0.026005 0.000000 0.000000 0.413360 0.000000 0.081187 0.000000 0.021537 0.022817 0.025225 0.322258 0.030565 0.000000 0.000000 0.000000 0.026346 
0.066172 0.000000 0.110880 0.000016 0.000000 0.000000 0.000000 0.000000 0.450753 0.000000 0.028252 0.017759 0.000000 0.000000 0.161291 0.019626 0.000000 0.026556 0.118696 
0.036433 0.000000 0.090240 0.023449 0.000000 0.000000 0.000000 0.050656 0.042639 0.062602 0.000000 0.043517 0.019977 0.039348 0.195452 0.221852 0.048817 0.000000 0.125018 
0.014163 0.000000 0.294575 0.010084 0.000000 0.000000 0.000000 0.000000 0.053880 0.025512 0.000000 0.050495 0.000000 0.080598 0.380317 0.000000 0.000000 0.090375 0.000000 
0.000000 0.000000 0.143572 0.390660 0.000000 0.000000 0.000000 0.000000 0.043730 0.088366 0.000000 0.301673 0.000000 0.000000 0.000002 0.009422 0.000000 0.000000 0.022574 
0.000000 0.000000 0.159751 0.049071 0.000000 0.000000 0.000000 0.000000 0.096165 0.000000 0.000000 0.000011 0.038130 0.539876 0.027487 0.000000 0.000000 0.089508 0.000000 
0.056179 0.020261 0.223530 0.121621 0.000000 0.000000 0.000000 0.000000 0.241152 0.000000 0.028481 0.031664 0.000000 0.000000 0.000002 0.000000 0.000000 0.277110 0.000000 
0.088251 0.000000 0.106515 0.023832 0.000000 0.000000 0.000000 0.032585 0.116571 0.020248 0.000000 0.063545 0.000000 0.328608 0.013626 0.035769 0.000000 0.043702 0.126749 
0.000000 0.000000 0.062838 0.003338 0.000000 0.000000 0.000000 0.000000 0.055643 0.000000 0.000000 0.000010 0.020144 0.403348 0.048221 0.390347 0.000000 0.000000 0.016111 
0.029063 0.000000 0.560551 0.076359 0.000000 0.016135 0.000000 0.000000 0.001374 0.056546 0.016235 0.070161 0.000000 0.047268 0.126308 0.000000 0.000000 0.000000 0.000000 
0.152928 0.000000 0.237227 0.014558 0.000000 0.000000 0.000000 0.040666 0.014825 0.000000 0.000000 0.181907 0.000000 0.000000 0.000002 0.000000 0.000000 0.357886 0.000000 
0.000000 0.000000 0.023925 0.000015 0.000000 0.012404 0.459717 0.000000 0.011100 0.000000 0.046364 0.000010 0.000000 0.037720 0.023683 0.374930 0.010130 0.000000 0.000000 
0.000000 0.000000 0.212824 0.464106 0.000000 0.012107 0.017487 0.000000 0.105343 0.071691 0.000000 0.000010 0.000000 0.069385 0.009746 0.000000 0.000000 0.037300 0.000000 
0.000000 0.000000 0.473801 0.036818 0.000000 0.000000 0.055242 0.000000 0.069403 0.000000 0.000000 0.318631 0.038253 0.000000 0.007853 0.000000 0.000000 0.000000 0.000000 
0.000000 0.000000 0.038548 0.150354 0.000000 0.000000 0.000000 0.000000 0.039731 0.085244 0.000000 0.000012 0.000000 0.000000 0.686111 0.000000 0.000000 0.000000 0.000000 
0.101598 0.000000 0.145554 0.278519 0.000000 0.000000 0.000000 0.000000 0.087305 0.099611 0.000000 0.056108 0.000000 0.000000 0.018054 0.036184 0.000000 0.019024 0.158043 
0.000000 0.000000 0.066813 0.010543 0.000000 0.000000 0.462101 0.000000 0.071394 0.037215 0.037251 0.045701 0.037092 0.000000 0.000002 0.048571 0.041446 0.076028 0.065844 
0.137955 0.000000 0.383923 0.062700 0.000000 0.000000 0.000000 0.000000 0.065317 0.036918 0.000000 0.048885 0.000000 0.000000 0.058941 0.032260 0.000000 0.000000 0.173101 
0.000000 0.000000 0.164999 0.062461 0.000000 0.053269 0.211879 0.000000 0.034626 0.000000 0.016339 0.425539 0.000000 0.000000 0.000002 0.000000 0.021928 0.000000 0.008958 
0.000000 0.000000 0.233931 0.035283 0.000000 0.071904 0.141614 0.000000 0.058126 0.054377 0.000000 0.057463 0.000000 0.000000 0.000002 0.022298 0.000000 0.280085 0.044917 
0.212877 0.000000 0.193819 0.046528 0.000000 0.000000 0.000000 0.000000 0.070631 0.034475 0.016498 0.095100 0.000000 0.000000 0.000002 0.029123 0.000000 0.157812 0.143135 
0.000000 0.000000 0.107365 0.409548 0.000000 0.000000 0.000000 0.008074 0.152972 0.066792 0.000000 0.000011 0.000000 0.075442 0.000002 0.179794 0.000000 0.000000 0.000000 
0.000000 0.000000 0.129606 0.078629 0.000000 0.000000 0.063965 0.041593 0.418751 0.075799 0.000000 0.033389 0.000000 0.000000 0.013141 0.000000 0.000000 0.050724 0.094402 
0.000000 0.000000 0.004063 0.004489 0.000000 0.000000 0.008665 0.000000 0.068811 0.000000 0.000000 0.000010 0.007532 0.024788 0.823695 0.057948 0.000000 0.000000 0.000000 
0.000000 0.000000 0.312483 0.014234 0.000000 0.000000 0.019246 0.000000 0.020526 0.083857 0.000000 0.160603 0.000000 0.000000 0.000001 0.000000 0.000000 0.356845 0.032205 
0.000000 0.000000 0.049048 0.000014 0.000000 0.000000 0.341601 0.000000 0.095554 0.000000 0.050407 0.000010 0.037881 0.354289 0.000002 0.030681 0.000000 0.013437 0.027076 
0.000000 0.000000 0.659960 0.093565 0.000000 0.000000 0.021126 0.000000 0.016981 0.046819 0.011605 0.024124 0.000000 0.079636 0.046183 0.000000 0.000000 0.000000 0.000000 
0.000000 0.000000 0.044931 0.000014 0.000000 0.000000 0.125506 0.000000 0.000396 0.000000 0.023080 0.045403 0.000000 0.055858 0.021112 0.676351 0.000000 0.007347 0.000000 
0.117982 0.000000 0.544906 0.055023 0.000000 0.045681 0.033870 0.000000 0.043423 0.000000 0.000000 0.060435 0.000000 0.000000 0.000002 0.007132 0.000000 0.041736 0.049810 
0.000000 0.000000 0.041231 0.000012 0.000000 0.000000 0.050042 0.000000 0.824929 0.000000 0.000000 0.000010 0.024406 0.000000 0.000002 0.031371 0.000000 0.027998 0.000000 
0.000000 0.008986 0.130049 0.000013 0.000000 0.000000 0.000000 0.018231 0.225977 0.000000 0.000000 0.590603 0.000000 0.000000 0.000001 0.026139 0.000000 0.000000 0.000000 
0.047411 0.029518 0.099408 0.058391 0.000000 0.000000 0.000000 0.029293 0.253736 0.000000 0.000000 0.117675 0.000000 0.000000 0.095042 0.032732 0.038011 0.078302 0.120480 
0.015825 0.027447 0.259388 0.039906 0.000000 0.048395 0.153508 0.000000 0.051047 0.000000 0.000000 0.000011 0.000000 0.335208 0.069262 0.000000 0.000000 0.000000 0.000000 
0.000000 0.000000 0.057806 0.014754 0.000000 0.000000 0.000000 0.009056 0.873703 0.000000 0.000000 0.000010 0.000000 0.000000 0.000002 0.024392 0.000000 0.000000 0.020277 
0.134891 0.000000 0.168382 0.111837 0.000000 0.000000 0.175307 0.011769 0.060240 0.032582 0.000000 0.065458 0.000000 0.000000 0.000002 0.030655 0.000000 0.113415 0.095462 
0.000000 0.000000 0.013614 0.009500 0.000000 0.000000 0.014790 0.000000 0.852152 0.000000 0.000000 0.082183 0.027760 0.000000 0.000001 0.000000 0.000000 0.000000 0.000000 
0.000000 0.000000 0.094522 0.463764 0.000000 0.048218 0.000000 0.000000 0.024350 0.070980 0.009759 0.000009 0.000000 0.087944 0.000002 0.058737 0.000000 0.027299 0.114416 
0.000000 0.000000 0.072667 0.012414 0.000000 0.000000 0.453733 0.000000 0.290923 0.000000 0.038706 0.000011 0.006722 0.000000 0.124824 0.000000 0.000000 0.000000 0.000000 
0.000000 0.006355 0.025558 0.000017 0.000000 0.000000 0.804873 0.000000 0.002993 0.000000 0.084439 0.006476 0.000000 0.041356 0.005197 0.022735 0.000000 0.000000 0.000000 
0.000000 0.000000 0.034471 0.209278 0.000000 0.000000 0.000000 0.004197 0.188435 0.000000 0.023102 0.000010 0.000000 0.000000 0.488500 0.000000 0.000000 0.000000 0.052005 
0.000000 0.000000 0.252889 0.000014 0.000000 0.000000 0.055086 0.000000 0.009567 0.071482 0.020314 0.444669 0.000000 0.000000 0.019142 0.010835 0.000000 0.116002 0.000000 
0.000000 0.000000 0.095276 0.000011 0.000000 0.000000 0.025320 0.033762 0.022535 0.019916 0.000000 0.726942 0.000000 0.000000 0.053928 0.000000 0.000000 0.022310 0.000000 
0.089968 0.000000 0.223795 0.112506 0.000000 0.000000 0.008602 0.024699 0.063202 0.049793 0.000000 0.360987 0.000000 0.000000 0.000001 0.000000 0.000000 0.000000 0.066447 
0.000000 0.000000 0.293985 0.140794 0.000000 0.000000 0.000000 0.000000 0.518961 0.000000 0.000000 0.000011 0.000000 0.000000 0.006835 0.039414 0.000000 0.000000 0.000000 
0.000000 0.000000 0.201679 0.010834 0.000000 0.000000 0.000000 0.000000 0.015361 0.047605 0.023011 0.029363 0.000000 0.000000 0.173488 0.253475 0.000000 0.204798 0.040385 
0.000000 0.000000 0.012349 0.007324 0.000000 0.000000 0.032298 0.000000 0.010053 0.000000 0.000000 0.000009 0.000000 0.000000 0.000002 0.937965 0.000000 0.000000 0.000000 
0.000000 0.000000 0.072713 0.000012 0.000000 0.036525 0.000000 0.000000 0.297490 0.000000 0.000000 0.556103 0.000000 0.000000 0.015928 0.000000 0.000000 0.000000 0.021229 
0.035434 0.000000 0.030713 0.010239 0.000000 0.000000 0.647100 0.000000 0.000413 0.000000 0.029326 0.033364 0.000000 0.049747 0.029399 0.078350 0.007973 0.047942 0.000000 
0.219635 0.000000 0.160576 0.054148 0.000000 0.000000 0.000000 0.000000 0.054694 0.049505 0.000000 0.083097 0.028662 0.000000 0.017846 0.020729 0.000000 0.088569 0.222539 
0.000000 0.000000 0.426277 0.076989 0.000000 0.000000 0.084886 0.000000 0.000366 0.089957 0.000000 0.069507 0.000000 0.051708 0.000001 0.000000 0.000000 0.200308 0.000000 
0.000000 0.000000 0.136060 0.540263 0.000000 0.000000 0.000000 0.011101 0.092013 0.145362 0.023033 0.028493 0.000000 0.000000 0.023674 0.000000 0.000000 0.000000 0.000000 
0.000000 0.000000 0.137860 0.549004 0.000000 0.000000 0.000000 0.000000 0.061882 0.144787 0.017222 0.000009 0.000000 0.000000 0.000002 0.089234 0.000000 0.000000 0.000000 
0.000000 0.000000 0.022596 0.251493 0.000000 0.000000 0.000000 0.013559 0.020842 0.060693 0.005804 0.008743 0.000000 0.000000 0.597616 0.018653 0.000000 0.000000 0.000000 
0.000000 0.000000 0.061073 0.046125 0.000000 0.000000 0.000000 0.004061 0.746011 0.000000 0.000000 0.000011 0.000000 0.051211 0.000002 0.091506 0.000000 0.000000 0.000000 
0.000000 0.000000 0.141671 0.276638 0.000000 0.000000 0.000000 0.000000 0.057514 0.097386 0.000000 0.000009 0.015748 0.000000 0.411032 0.000000 0.000000 0.000000 0.000000 
0.000000 0.000000 0.041426 0.000015 0.000000 0.000000 0.312950 0.000000 0.356218 0.000000 0.050337 0.000010 0.000000 0.000000 0.116348 0.122696 0.000000 0.000000 0.000000 
0.000000 0.000000 0.026795 0.000017 0.000000 0.000000 0.000000 0.000000 0.005877 0.017522 0.000000 0.000010 0.000000 0.000000 0.303940 0.636901 0.000000 0.008938 0.000000 
0.085703 0.000000 0.145806 0.020525 0.000000 0.000000 0.000000 0.024076 0.092454 0.083173 0.005145 0.286128 0.000000 0.000000 0.106197 0.000000 0.000000 0.000000 0.150794 
0.000000 0.000000 0.088546 0.000014 0.000000 0.000000 0.105741 0.000000 0.179350 0.000000 0.007730 0.590658 0.000000 0.000000 0.000002 0.006954 0.000000 0.021004 0.000000 
0.035766 0.000000 0.117588 0.146250 0.000000 0.035812 0.000000 0.000000 0.110636 0.072993 0.000000 0.256659 0.000000 0.000000 0.000001 0.096333 0.000000 0.025078 0.102884 
0.000000 0.000000 0.246052 0.000018 0.000000 0.000000 0.000000 0.000000 0.165913 0.060895 0.014425 0.062302 0.000000 0.000000 0.159001 0.026614 0.031058 0.233722 0.000000 
0.000000 0.000000 0.103400 0.314001 0.000000 0.000000 0.012214 0.000000 0.025505 0.051488 0.016902 0.000011 0.000000 0.000000 0.412845 0.000000 0.000000 0.013143 0.050490 
0.091063 0.000000 0.529295 0.044385 0.000000 0.036856 0.000000 0.000000 0.052519 0.000000 0.000000 0.030017 0.000000 0.000000 0.000002 0.050033 0.000000 0.165829 0.000000 
0.000000 0.000000 0.254860 0.082011 0.000000 0.000000 0.398970 0.000000 0.056698 0.012437 0.023115 0.037616 0.000000 0.119861 0.014432 0.000000 0.000000 0.000000 0.000000 
0.000000 0.000000 0.007717 0.000012 0.000000 0.000000 0.018372 0.000000 0.931754 0.000000 0.000000 0.000009 0.006127 0.000000 0.036008 0.000000 0.000000 0.000000 0.000000 
0.000000 0.000000 0.176249 0.002445 0.000000 0.019294 0.000000 0.000000 0.010191 0.000000 0.000000 0.695874 0.010436 0.000000 0.027741 0.046178 0.000000 0.011591 0.000000 
0.000000 0.000000 0.032262 0.030321 0.000000 0.000000 0.158450 0.000000 0.126975 0.000000 0.004791 0.019982 0.012815 0.500249 0.079057 0.000000 0.000000 0.000000 0.035095 
0.000000 0.000000 0.136471 0.151578 0.000000 0.000000 0.452624 0.000000 0.023835 0.041280 0.000000 0.069661 0.000000 0.000000 0.058280 0.000000 0.000000 0.000000 0.066270 
0.000000 0.000000 0.116146 0.015090 0.000000 0.000000 0.096054 0.024274 0.032981 0.058878 0.000000 0.598422 0.000000 0.000000 0.058155 0.000000 0.000000 0.000000 0.000000 
0.000000 0.000000 0.035518 0.000012 0.000000 0.000000 0.000000 0.000000 0.946551 0.000000 0.000000 0.006665 0.011251 0.000000 0.000002 0.000000 0.000000 0.000000 0.000000 
0.000000 0.000000 0.012520 0.000009 0.000000 0.000000 0.000000 0.000000 0.006853 0.000000 0.001614 0.000009 0.000000 0.000000 0.978994 0.000000 0.000000 0.000000 0.000000 
0.000000 0.000000 0.042266 0.006728 0.000000 0.000000 0.000000 0.000000 0.326654 0.019456 0.000000 0.252415 0.000000 0.000000 0.008189 0.320445 0.000000 0.000000 0.023847 
0.000000 0.000000 0.106654 0.000012 0.000000 0.000000 0.000000 0.000000 0.650530 0.039504 0.000000 0.049463 0.021087 0.000000 0.000002 0.000000 0.000000 0.132748 0.000000 
0.128210 0.000000 0.153176 0.064181 0.000000 0.000000 0.218164 0.070056 0.070145 0.000000 0.033196 0.072096 0.000000 0.000000 0.035859 0.000000 0.000000 0.089212 0.065704 
0.000000 0.000000 0.145573 0.305960 0.000000 0.000000 0.000000 0.000000 0.163721 0.088778 0.000000 0.000010 0.000000 0.157258 0.042970 0.016355 0.000000 0.025226 0.054150 
0.049981 0.000000 0.108014 0.006638 0.000000 0.000000 0.000000 0.000000 0.062551 0.000000 0.000000 0.494992 0.029258 0.000000 0.039048 0.209517 0.000000 0.000000 0.000000 
0.000000 0.000000 0.356326 0.038200 0.000000 0.071624 0.347295 0.000000 0.000439 0.038563 0.032033 0.000010 0.000000 0.000000 0.082594 0.022883 0.010031 0.000000 0.000000 
0.000000 0.000000 0.265670 0.336853 0.000000 0.000000 0.159106 0.000000 0.063334 0.049502 0.024834 0.100700 0.000000 0.000000 0.000001 0.000000 0.000000 0.000000 0.000000 
0.000000 0.000000 0.081120 0.018034 0.000000 0.000000 0.016043 0.042906 0.378276 0.028912 0.000000 0.081021 0.000000 0.000000 0.277491 0.000000 0.000000 0.000000 0.076196 
0.129133 0.000000 0.249334 0.017709 0.000000 0.000000 0.000000 0.000000 0.167486 0.047201 0.000000 0.058255 0.000000 0.000000 0.000002 0.044341 0.000000 0.109806 0.176734 
0.000000 0.000000 0.128613 0.000013 0.001011 0.000000 0.000000 0.000000 0.253687 0.005417 0.000000 0.000012 0.000000 0.000000 0.000002 0.611246 0.000000 0.000000 0.000000 
0.000000 0.000000 0.120778 0.167390 0.000000 0.000000 0.020912 0.000000 0.436070 0.000000 0.000000 0.000010 0.019115 0.222199 0.013527 0.000000 0.000000 0.000000 0.000000 
0.093156 0.000000 0.268233 0.034600 0.000000 0.000000 0.000000 0.000000 0.000443 0.021267 0.015004 0.134368 0.000000 0.000000 0.014435 0.000000 0.000000 0.418493 0.000000 
0.093761 0.000000 0.105270 0.000019 0.000000 0.000000 0.000000 0.016232 0.132909 0.071593 0.000000 0.028643 0.000000 0.000000 0.021228 0.399005 0.013792 0.000000 0.117548 
0.142703 0.000000 0.133852 0.000015 0.000000 0.000000 0.054124 0.000000 0.044731 0.079968 0.000000 0.036214 0.000000 0.000000 0.000002 0.354937 0.000000 0.041211 0.112242 
0.000000 0.000000 0.019237 0.000014 0.000000 0.000000 0.833942 0.000000 0.004868 0.000000 0.070256 0.000009 0.000000 0.067674 0.003999 0.000000 0.000000 0.000000 0.000000 
0.000000 0.000000 0.763591 0.055000 0.000000 0.000000 0.011491 0.028144 0.043592 0.000000 0.000000 0.035886 0.000000 0.000000 0.000002 0.000000 0.000000 0.062292 0.000000 
0.000000 0.000000 0.033679 0.018108 0.000000 0.000000 0.355808 0.033682 0.088827 0.000000 0.039236 0.019880 0.010753 0.054860 0.210379 0.000000 0.024735 0.029976 0.080077 
0.000000 0.000000 0.159107 0.000009 0.000000 0.000000 0.000000 0.000000 0.030394 0.000000 0.000000 0.770874 0.000000 0.035350 0.004265 0.000000 0.000000 0.000000 0.000000 
0.000000 0.000000 0.021137 0.016364 0.000000 0.000000 0.000000 0.000000 0.030330 0.000000 0.000000 0.021796 0.000000 0.000000 0.910372 0.000000 0.000000 0.000000 0.000000 
0.031137 0.000000 0.043190 0.126855 0.000000 0.000000 0.000000 0.000000 0.069104 0.000000 0.000000 0.000008 0.000000 0.000000 0.104653 0.625052 0.000000 0.000000 0.000000 
0.000000 0.000000 0.000795 0.000013 0.000000 0.000000 0.000000 0.000000 0.052554 0.000000 0.000000 0.000009 0.000000 0.000000 0.917870 0.028758 0.000000 0.000000 0.000000 
0.194466 0.000000 0.110160 0.151306 0.000000 0.000000 0.050171 0.000000 0.060612 0.090213 0.000000 0.078739 0.000000 0.000000 0.016120 0.032969 0.000000 0.000000 0.215244 
0.000000 0.000000 0.340263 0.000016 0.000000 0.028023 0.000000 0.000000 0.018756 0.021288 0.008522 0.135837 0.000000 0.068960 0.312875 0.000000 0.000000 0.065460 0.000000 
0.061198 0.000000 0.237938 0.025105 0.000000 0.000000 0.000000 0.000000 0.051087 0.129786 0.000000 0.087159 0.000000 0.000000 0.100896 0.032713 0.000000 0.213209 0.060909 
0.000000 0.000000 0.093898 0.036327 0.000000 0.000000 0.626655 0.000000 0.000365 0.016295 0.013090 0.052737 0.000000 0.016974 0.005153 0.000000 0.000000 0.103975 0.034531 
0.123973 0.000000 0.090812 0.011825 0.000000 0.000000 0.000000 0.031758 0.074858 0.025182 0.000000 0.017358 0.000000 0.047678 0.465040 0.000000 0.000000 0.000000 0.111515 
0.035005 0.020825 0.137410 0.000013 0.000000 0.000000 0.363730 0.000000 0.133724 0.000000 0.039791 0.000009 0.000000 0.264208 0.005286 0.000000 0.000000 0.000000 0.000000 
0.000000 0.000000 0.067249 0.010820 0.000000 0.000000 0.000000 0.014866 0.073860 0.000000 0.000000 0.000011 0.000000 0.105245 0.000002 0.727947 0.000000 0.000000 0.000000 
0.119509 0.000000 0.060210 0.033912 0.000000 0.000000 0.000000 0.000000 0.138921 0.000000 0.000000 0.027828 0.055344 0.530335 0.033940 0.000000 0.000000 0.000000 0.000000 
0.000000 0.000000 0.178758 0.128673 0.000000 0.000000 0.000000 0.018150 0.053869 0.000000 0.005644 0.413462 0.000000 0.000000 0.000002 0.201442 0.000000 0.000000 0.000000 
0.142652 0.000000 0.398108 0.038090 0.000000 0.000000 0.018408 0.000000 0.054053 0.079909 0.000000 0.076545 0.000000 0.000000 0.000002 0.034877 0.000000 0.000000 0.157355 
0.000000 0.000000 0.512641 0.015302 0.000000 0.044224 0.000000 0.026278 0.309293 0.000000 0.000000 0.000010 0.000000 0.000000 0.000002 0.092249 0.000000 0.000000 0.000000 
0.000000 0.000000 0.117199 0.288135 0.000000 0.000000 0.015321 0.000000 0.038993 0.109092 0.000000 0.028058 0.000000 0.000000 0.020314 0.199452 0.029457 0.079580 0.074399 
0.000000 0.000000 0.068948 0.008545 0.000000 0.000000 0.000000 0.006079 0.831141 0.000000 0.000000 0.000010 0.000000 0.059756 0.000002 0.000000 0.000000 0.000000 0.025518 
0.000000 0.000000 0.001774 0.000018 0.000000 0.000000 0.442599 0.000000 0.392855 0.000000 0.029195 0.000008 0.000000 0.000000 0.000001 0.133549 0.000000 0.000000 0.000000 
0.000000 0.000000 0.086376 0.000012 0.000000 0.000000 0.013876 0.000000 0.801842 0.000000 0.000000 0.000011 0.000000 0.000000 0.081261 0.000000 0.000000 0.016622 0.000000 
0.118154 0.000000 0.288713 0.199755 0.000000 0.000000 0.021717 0.000000 0.087322 0.081859 0.013833 0.100496 0.000000 0.000000 0.005263 0.000000 0.000000 0.000000 0.082887 
0.079836 0.000000 0.442949 0.015196 0.000000 0.000000 0.029370 0.000000 0.020883 0.000000 0.019665 0.057615 0.000000 0.046304 0.047275 0.026544 0.000000 0.214363 0.000000 
0.000000 0.000000 0.348227 0.000015 0.000000 0.016022 0.431362 0.000000 0.000296 0.009512 0.035800 0.054028 0.000000 0.028519 0.000002 0.076217 0.000000 0.000000 0.000000 
0.000000 0.000000 0.679008 0.039227 0.000000 0.097672 0.035277 0.000000 0.000412 0.040417 0.000000 0.000010 0.000000 0.028598 0.000001 0.000000 0.000000 0.000000 0.079378 
0.000000 0.000000 0.150534 0.285843 0.000000 0.000000 0.000000 0.009742 0.036005 0.106120 0.019547 0.275632 0.000000 0.000000 0.000001 0.116575 0.000000 0.000000 0.000000 
0.000000 0.000000 0.511526 0.061332 0.000000 0.043038 0.000000 0.000000 0.347064 0.000000 0.000000 0.037038 0.000000 0.000000 0.000001 0.000000 0.000000 0.000000 0.000000 
0.000000 0.000000 0.134271 0.442196 0.000000 0.000000 0.000000 0.022922 0.083827 0.020338 0.000000 0.000010 0.000000 0.000000 0.027036 0.253897 0.000000 0.015503 0.000000 
0.000000 0.000000 0.002741 0.000015 0.000000 0.000000 0.000000 0.021355 0.906420 0.000000 0.006488 0.062978 0.000000 0.000000 0.000001 0.000000 0.000000 0.000000 0.000000 
0.000000 0.000000 0.141886 0.007441 0.000000 0.000000 0.095303 0.000000 0.129267 0.033781 0.000000 0.000011 0.019666 0.000000 0.529757 0.000000 0.000000 0.000000 0.042889 
0.119879 0.000000 0.143956 0.045733 0.000000 0.000000 0.000000 0.000000 0.096318 0.027927 0.000000 0.032994 0.000000 0.121999 0.000002 0.280358 0.000000 0.043895 0.086939 
0.000000 0.000000 0.084198 0.007858 0.000000 0.000000 0.609480 0.000000 0.030843 0.000000 0.050931 0.056682 0.000000 0.147593 0.000002 0.012412 0.000000 0.000000 0.000000 
0.144338 0.000000 0.119650 0.055726 0.000000 0.000000 0.000000 0.052867 0.121923 0.000000 0.000000 0.058817 0.000000 0.237712 0.106328 0.000000 0.000000 0.000000 0.102639 
0.000000 0.000000 0.196946 0.491661 0.000000 0.000000 0.013874 0.016785 0.078234 0.088693 0.009964 0.000010 0.000000 0.000000 0.007963 0.000000 0.000000 0.095870 0.000000 
0.038251 0.000000 0.173748 0.527516 0.000000 0.000000 0.060230 0.000000 0.085878 0.075265 0.034772 0.000010 0.000000 0.000000 0.004328 0.000000 0.000000 0.000000 0.000000 
0.000000 0.032391 0.105416 0.206404 0.000000 0.000000 0.157763 0.000000 0.053724 0.000000 0.019968 0.000009 0.000000 0.000000 0.000002 0.424323 0.000000 0.000000 0.000000 
0.000000 0.000000 0.631893 0.045629 0.000000 0.021993 0.000000 0.000000 0.078363 0.000000 0.000000 0.000011 0.000000 0.000000 0.000001 0.200259 0.000000 0.000000 0.021850 
0.020905 0.000000 0.502039 0.075954 0.000000 0.000000 0.000000 0.000000 0.047505 0.000000 0.000000 0.085705 0.000000 0.000000 0.000002 0.267890 0.000000 0.000000 0.000000 
0.191420 0.000000 0.186220 0.078896 0.000000 0.000000 0.011011 0.028098 0.105427 0.017971 0.000000 0.054438 0.000000 0.000000 0.009171 0.020284 0.000000 0.070921 0.226141 
0.000000 0.000000 0.004255 0.022649 0.000000 0.009053 0.811241 0.000000 0.026299 0.000000 0.087141 0.000013 0.000000 0.024156 0.005642 0.000000 0.000000 0.009551 0.000000 
0.000000 0.000000 0.254453 0.029369 0.000000 0.034766 0.534295 0.000000 0.012701 0.000000 0.038867 0.000010 0.000000 0.084262 0.000002 0.011276 0.000000 0.000000 0.000000 
0.049069 0.000000 0.221667 0.045690 0.000000 0.030505 0.418287 0.000000 0.152207 0.021838 0.024279 0.000011 0.023024 0.000000 0.013421 0.000000 0.000000 0.000000 0.000000 
0.000000 0.000000 0.095283 0.006676 0.000000 0.000000 0.209107 0.000000 0.073888 0.000000 0.000000 0.133314 0.028158 0.391532 0.029469 0.000000 0.000000 0.000000 0.032573 
