-779289.323596
0
0.040723 0.030379 0.019605 0.024495 0.009009 0.005682 0.002657 0.002710 0.012039 0.008547 0.000009 0.004138 0.004587 0.002978 0.009837 0.003196 0.009088 0.002067 0.007671 0.002913 0.000000 0.000000 0.000001 0.000000 0.048155 0.070356 0.009221 0.046983 0.010257 0.011490 0.006639 0.006913 0.022487 0.014192 0.006206 0.019050 0.007537 0.013151 0.036008 0.010682 0.005548 0.000000 0.010782 0.005040 0.000000 0.001039 0.003919 0.000003 0.038804 0.043131 0.022651 0.028792 0.007084 0.011078 0.006736 0.004941 0.007029 0.006752 0.000000 0.009758 0.007265 0.005062 0.014001 0.003608 0.005724 0.000716 0.004838 0.001797 0.000000 0.000000 0.000000 0.000000 0.034604 0.057782 0.011034 0.041040 0.000000 0.011567 0.003066 0.000000 0.000000 0.006800 0.000000 0.005160 0.005723 0.004371 0.008165 0.003930 0.001355 0.000008 0.003098 0.002309 0.000000 0.000000 0.001645 0.000590 
0.025091 0.022951 0.002699 0.018639 0.029151 0.014852 0.005324 0.028917 0.013500 0.009981 0.003996 0.011757 0.006408 0.007068 0.004386 0.005798 0.004222 0.008735 0.003651 0.009007 0.000000 0.001525 0.012338 0.007848 0.022140 0.022085 0.001431 0.018043 0.022224 0.015544 0.005734 0.031485 0.008548 0.003930 0.002642 0.017346 0.008964 0.017347 0.014140 0.019252 0.004967 0.016687 0.005144 0.005672 0.000000 0.004649 0.010246 0.004876 0.010230 0.009911 0.000000 0.012270 0.014852 0.010085 0.002143 0.021648 0.016291 0.005806 0.000000 0.004065 0.004457 0.007439 0.009464 0.009936 0.003125 0.006661 0.002582 0.003029 0.004532 0.006816 0.021964 0.007449 0.007021 0.020385 0.000000 0.013542 0.024782 0.028137 0.002278 0.044972 0.006668 0.013633 0.000000 0.010036 0.004237 0.009774 0.006057 0.016377 0.008991 0.009231 0.002030 0.008565 0.000000 0.005436 0.012523 0.009631 
0.000509 0.001430 0.000410 0.000018 0.000000 0.000000 0.000188 0.000549 0.007585 0.003305 0.002874 0.003498 0.000000 0.000000 0.000001 0.000003 0.000992 0.000501 0.000683 0.000979 0.000000 0.000487 0.000765 0.000000 0.001222 0.000000 0.000000 0.000062 0.000000 0.000000 0.000000 0.000000 0.017651 0.002369 0.004547 0.008672 0.000000 0.000615 0.000872 0.001129 0.000703 0.000000 0.000579 0.001283 0.000166 0.000000 0.000001 0.000003 0.000382 0.000003 0.000000 0.000004 0.000000 0.000000 0.000000 0.000404 0.006768 0.000862 0.000000 0.003534 0.000000 0.000000 0.000955 0.000000 0.000009 0.000001 0.000002 0.000408 0.000000 0.000000 0.000000 0.000000 0.013922 0.007849 0.002413 0.012781 0.038777 0.000000 0.001445 0.066667 0.413441 0.078722 0.051835 0.233206 0.000001 0.000000 0.000000 0.000005 0.000004 0.000440 0.000000 0.000404 0.000000 0.000000 0.000001 0.000101 
0.000001 0.000001 0.000000 0.000761 0.000000 0.000000 0.000000 0.000002 0.000182 0.018694 0.000012 0.005434 0.000916 0.000000 0.001342 0.004711 0.001467 0.000016 0.000417 0.000745 0.000000 0.000000 0.000902 0.000000 0.001915 0.000000 0.000000 0.001116 0.000000 0.000000 0.000000 0.000000 0.075569 0.099432 0.021054 0.080471 0.000000 0.000581 0.000569 0.002490 0.000401 0.000865 0.000524 0.005141 0.000000 0.000993 0.000002 0.001024 0.000012 0.000003 0.000000 0.000006 0.000000 0.000000 0.000000 0.000000 0.000000 0.020355 0.000000 0.016715 0.000000 0.000000 0.000920 0.001350 0.000731 0.000002 0.000003 0.007516 0.000000 0.000000 0.001243 0.000000 0.000104 0.003721 0.000000 0.001826 0.000000 0.001216 0.000000 0.000000 0.123512 0.291601 0.100243 0.080843 0.001587 0.001037 0.000817 0.005099 0.002293 0.001048 0.002624 0.002808 0.000000 0.000478 0.001021 0.001515 
0.000001 0.000001 0.000000 0.001000 0.001701 0.000000 0.000000 0.001089 0.029576 0.015997 0.079425 0.015739 0.000000 0.003833 0.000000 0.005158 0.005854 0.005919 0.025531 0.000861 0.000000 0.002430 0.000935 0.002450 0.010430 0.026008 0.010484 0.064786 0.000000 0.000000 0.000000 0.000000 0.006452 0.009147 0.092824 0.007773 0.000000 0.002699 0.000000 0.000001 0.007641 0.003526 0.030074 0.002267 0.000000 0.003159 0.006738 0.009717 0.000025 0.006012 0.003224 0.009096 0.000000 0.002245 0.000000 0.001681 0.069842 0.085825 0.137970 0.057600 0.000000 0.002525 0.000000 0.001943 0.012713 0.006601 0.012700 0.003317 0.000000 0.001762 0.001000 0.004448 0.000507 0.001923 0.002115 0.004267 0.000000 0.000000 0.000000 0.000000 0.006436 0.004322 0.030073 0.002403 0.000000 0.000000 0.000000 0.000002 0.006001 0.003463 0.011862 0.003711 0.000000 0.002021 0.001438 0.007702 
0.011259 0.005919 0.000000 0.004430 0.006056 0.001494 0.000000 0.002649 0.009618 0.004780 0.009769 0.007125 0.014228 0.004401 0.008246 0.020865 0.020782 0.008256 0.020185 0.028109 0.035957 0.000000 0.006615 0.024127 0.011846 0.005554 0.000000 0.010472 0.000000 0.001863 0.000000 0.005268 0.008979 0.007133 0.003898 0.008241 0.007108 0.004119 0.006170 0.008522 0.010746 0.013568 0.013504 0.031362 0.028496 0.007305 0.012775 0.061408 0.011492 0.010419 0.000000 0.010821 0.001251 0.004053 0.000000 0.005526 0.005936 0.005083 0.000000 0.010202 0.002669 0.002942 0.002351 0.002691 0.011664 0.010981 0.008389 0.008470 0.007853 0.000502 0.003411 0.023056 0.018605 0.001754 0.000000 0.035695 0.003653 0.001624 0.000000 0.006698 0.000000 0.004020 0.000000 0.003048 0.020491 0.003420 0.016581 0.014041 0.011561 0.014474 0.000000 0.035740 0.050751 0.009976 0.010260 0.064639 
0.008741 0.010637 0.000971 0.005546 0.000000 0.003254 0.000000 0.001594 0.029272 0.013849 0.205902 0.008915 0.000000 0.000000 0.000000 0.008194 0.010361 0.004986 0.006202 0.007430 0.000000 0.001769 0.001747 0.003376 0.004650 0.007237 0.000000 0.005785 0.000000 0.000000 0.000000 0.000000 0.023733 0.018915 0.111444 0.017918 0.000000 0.000001 0.000000 0.000001 0.003546 0.004282 0.005838 0.005975 0.000000 0.000000 0.000001 0.001966 0.007759 0.004053 0.000000 0.004044 0.000000 0.000865 0.000000 0.000000 0.026311 0.030907 0.122238 0.015239 0.000000 0.000000 0.000000 0.000000 0.011981 0.008294 0.004464 0.009658 0.000000 0.000000 0.000000 0.000000 0.010899 0.009411 0.001435 0.014385 0.002107 0.000000 0.000000 0.000000 0.012430 0.020668 0.096094 0.010684 0.003449 0.000000 0.000000 0.000002 0.007893 0.004579 0.007339 0.001951 0.000000 0.000649 0.001948 0.004224 
0.000014 0.005327 0.000000 0.037312 0.000006 0.000000 0.000000 0.000026 0.000065 0.013144 0.000102 0.000999 0.000000 0.000001 0.000004 0.000037 0.001284 0.000227 0.057551 0.000204 0.000000 0.057195 0.021598 0.000001 0.000180 0.000003 0.014947 0.012918 0.000000 0.000000 0.000000 0.000000 0.001498 0.006279 0.032637 0.003455 0.000000 0.000011 0.000002 0.028393 0.007238 0.000006 0.000298 0.000100 0.000000 0.000002 0.000015 0.079736 0.039176 0.029819 0.000000 0.052572 0.000000 0.000001 0.000000 0.000001 0.000004 0.027507 0.000000 0.001863 0.000000 0.000001 0.000001 0.000004 0.039293 0.000018 0.000024 0.000720 0.000000 0.000000 0.000003 0.000000 0.002697 0.000751 0.000000 0.168964 0.000000 0.000000 0.000000 0.000000 0.000001 0.034233 0.041865 0.033599 0.000006 0.023179 0.000000 0.000029 0.070491 0.000069 0.000006 0.000254 0.000000 0.000003 0.048484 0.001544 
0.017109 0.000003 0.001652 0.018171 0.004062 0.000000 0.000000 0.002288 0.000019 0.000650 0.027645 0.011070 0.000000 0.000000 0.001297 0.000011 0.043350 0.024799 0.000032 0.000088 0.045289 0.039332 0.000003 0.000000 0.000057 0.000001 0.000000 0.010972 0.016835 0.000000 0.000000 0.000000 0.005799 0.011110 0.036546 0.004767 0.000000 0.007585 0.000000 0.000002 0.050197 0.000002 0.028841 0.000035 0.000000 0.000001 0.010058 0.041428 0.026147 0.009909 0.000000 0.000021 0.000000 0.000000 0.000000 0.000000 0.000001 0.017540 0.059056 0.001617 0.000000 0.000000 0.000000 0.000001 0.000026 0.000006 0.018180 0.031722 0.006952 0.000000 0.014936 0.000000 0.047119 0.011808 0.000000 0.004461 0.000000 0.000000 0.000000 0.000000 0.000000 0.002439 0.000001 0.032268 0.028894 0.000000 0.000000 0.010050 0.035249 0.009156 0.058476 0.021930 0.065756 0.000001 0.000004 0.025167 
0.002190 0.001645 0.000065 0.023170 0.001061 0.000039 0.000000 0.003582 0.007231 0.032216 0.010666 0.030186 0.000046 0.000229 0.000870 0.004999 0.031443 0.015029 0.009798 0.015766 0.000000 0.000016 0.001501 0.000254 0.014451 0.000594 0.000002 0.033837 0.000004 0.000026 0.000000 0.000004 0.042356 0.041544 0.052788 0.065980 0.000004 0.002413 0.000303 0.001422 0.010907 0.001151 0.016137 0.010092 0.000000 0.000413 0.002716 0.005285 0.012709 0.005421 0.000000 0.007519 0.000023 0.000191 0.000000 0.000200 0.000802 0.043307 0.000021 0.036039 0.000003 0.000166 0.000204 0.000773 0.009020 0.003203 0.003980 0.018780 0.000000 0.000000 0.000517 0.000042 0.042219 0.035397 0.000027 0.084628 0.000004 0.000029 0.000000 0.000008 0.000197 0.066350 0.000373 0.071569 0.001345 0.000220 0.000037 0.004301 0.009253 0.007188 0.001272 0.017234 0.000000 0.000562 0.002078 0.018356 
0.041038 0.041075 0.000000 0.036583 0.007952 0.005627 0.000000 0.010247 0.019427 0.006075 0.027722 0.022051 0.015001 0.013139 0.016639 0.031868 0.013986 0.011288 0.007953 0.025418 0.000000 0.000000 0.007478 0.001449 0.037664 0.023425 0.000000 0.032224 0.005778 0.005834 0.000000 0.006369 0.001323 0.002184 0.009914 0.022837 0.012159 0.020612 0.016141 0.032405 0.005984 0.012271 0.003355 0.009124 0.000000 0.000000 0.004820 0.000004 0.023382 0.016304 0.000000 0.023773 0.003201 0.000000 0.000000 0.006002 0.000000 0.000384 0.014290 0.005731 0.008419 0.009055 0.009800 0.023291 0.003790 0.004396 0.003576 0.009691 0.000000 0.000000 0.005876 0.004096 0.027059 0.017658 0.000000 0.037522 0.004081 0.000000 0.000000 0.004488 0.000000 0.001275 0.000000 0.008462 0.017010 0.014322 0.005534 0.034904 0.003328 0.004775 0.000001 0.008962 0.000000 0.000000 0.004800 0.004322 
0.000001 0.000001 0.000426 0.006666 0.000000 0.000000 0.000000 0.000357 0.000004 0.002977 0.010510 0.004591 0.000000 0.000000 0.000000 0.001418 0.003852 0.006031 0.000008 0.004207 0.000000 0.000000 0.000001 0.014333 0.002054 0.000000 0.000000 0.016814 0.000000 0.000000 0.000000 0.000000 0.000907 0.001212 0.009393 0.003960 0.000000 0.000001 0.000000 0.000001 0.000008 0.001725 0.001975 0.002821 0.003283 0.002793 0.004242 0.015024 0.000014 0.000005 0.000000 0.007679 0.000000 0.000000 0.000000 0.000000 0.000000 0.013113 0.029190 0.017177 0.000000 0.000000 0.000000 0.000000 0.004669 0.010834 0.005149 0.013664 0.000000 0.001716 0.000198 0.003189 0.037005 0.009134 0.003330 0.319788 0.000000 0.000000 0.000000 0.000000 0.000000 0.018943 0.234631 0.037596 0.000001 0.000000 0.000000 0.004029 0.000009 0.009075 0.005370 0.010922 0.004562 0.009854 0.000001 0.067559 
0.000021 0.000015 0.000001 0.007604 0.047414 0.000000 0.000000 0.000037 0.000109 0.012543 0.000203 0.002181 0.000000 0.025062 0.032650 0.000060 0.010401 0.033867 0.000223 0.047286 0.000000 0.000000 0.000014 0.000002 0.000312 0.019356 0.000000 0.001703 0.000000 0.005106 0.000000 0.000000 0.047812 0.067309 0.002706 0.168227 0.000000 0.000030 0.000002 0.000012 0.000191 0.000009 0.000365 0.000200 0.000000 0.003504 0.006104 0.000092 0.060968 0.000064 0.000000 0.000113 0.016110 0.036006 0.000000 0.000002 0.000007 0.018924 0.000000 0.003048 0.000000 0.012166 0.000001 0.018062 0.000101 0.029696 0.000052 0.000406 0.000000 0.000000 0.000005 0.000000 0.062806 0.024224 0.000000 0.007155 0.000000 0.016303 0.000000 0.000000 0.000002 0.075781 0.000003 0.019367 0.000012 0.000001 0.000000 0.009744 0.000138 0.000127 0.000009 0.000646 0.000000 0.044825 0.000018 0.000370 
0.011759 0.009163 0.003115 0.009024 0.012969 0.008254 0.002735 0.015104 0.024923 0.011868 0.002159 0.022463 0.013905 0.009482 0.015697 0.012995 0.041525 0.013882 0.039175 0.035956 0.000000 0.000000 0.003522 0.004221 0.009149 0.000000 0.004411 0.007738 0.007187 0.008089 0.002616 0.008708 0.024207 0.017526 0.003824 0.020480 0.006665 0.006996 0.011713 0.011307 0.013300 0.013442 0.017738 0.023382 0.000000 0.006192 0.006928 0.007886 0.008664 0.009245 0.003217 0.010101 0.004798 0.006813 0.000703 0.006243 0.020414 0.014190 0.000000 0.026439 0.007607 0.004107 0.008574 0.008592 0.017220 0.011583 0.017203 0.018989 0.001261 0.000000 0.005142 0.003710 0.014909 0.010605 0.005705 0.018391 0.000000 0.006581 0.001417 0.007116 0.011211 0.013158 0.000000 0.008268 0.009465 0.007867 0.007344 0.010931 0.017587 0.016149 0.016020 0.017250 0.000000 0.006413 0.005981 0.009432 
0.000001 0.041980 0.336353 0.000000 0.000000 0.182257 0.293979 0.000000 0.000000 0.000000 0.000000 0.000000 0.000000 0.145429 
0.000002 0.024726 0.050312 0.000000 0.627530 0.000004 0.261819 0.000000 0.000000 0.000000 0.000000 0.013743 0.000000 0.021864 
0.070112 0.036086 0.028625 0.000000 0.000000 0.048864 0.000006 0.031140 0.000000 0.000000 0.626198 0.000000 0.052593 0.106375 
0.000002 0.000002 0.041248 0.000000 0.737416 0.000004 0.162699 0.000000 0.000000 0.000000 0.000000 0.000000 0.000000 0.058630 
0.000001 0.000001 0.013228 0.879933 0.106824 0.000004 0.000005 0.000000 0.000000 0.000000 0.000000 0.000000 0.000000 0.000003 
0.000001 0.072635 0.000001 0.013974 0.000000 0.000005 0.000006 0.028221 0.000000 0.000000 0.000000 0.885153 0.000000 0.000004 
0.009560 0.000002 0.001534 0.000000 0.000000 0.000004 0.000006 0.049106 0.000000 0.000000 0.000000 0.939785 0.000000 0.000003 
0.022972 0.000001 0.020285 0.000000 0.000000 0.000005 0.403430 0.000000 0.026042 0.000000 0.000000 0.452373 0.000000 0.074892 
0.000001 0.037308 0.157827 0.022844 0.408841 0.041806 0.062078 0.000000 0.000000 0.000000 0.000000 0.000000 0.000000 0.269295 
0.000002 0.062585 0.202756 0.213288 0.000000 0.041176 0.083188 0.016533 0.017743 0.000000 0.000000 0.000000 0.000000 0.362730 
0.019922 0.178250 0.382092 0.000000 0.000000 0.020914 0.116888 0.000000 0.000000 0.000000 0.177973 0.000000 0.006013 0.097949 
0.338949 0.000001 0.000001 0.021274 0.000000 0.540068 0.000006 0.000000 0.075312 0.000000 0.000000 0.000000 0.000000 0.024388 
0.000001 0.153307 0.012632 0.000000 0.000000 0.069957 0.662248 0.000000 0.000000 0.000000 0.036936 0.000000 0.000000 0.064918 
0.000001 0.432210 0.000001 0.022259 0.202868 0.156779 0.024610 0.000000 0.076735 0.000000 0.000000 0.000000 0.000000 0.084537 
0.025221 0.036005 0.000001 0.028961 0.000000 0.000005 0.455988 0.000000 0.027813 0.000000 0.000000 0.000000 0.000000 0.426006 
0.000001 0.000001 0.040572 0.387272 0.000000 0.000008 0.481652 0.000000 0.000000 0.000000 0.044046 0.015746 0.030698 0.000004 
0.066911 0.082513 0.142666 0.000000 0.000000 0.143844 0.000006 0.000000 0.061699 0.000000 0.502356 0.000000 0.000000 0.000004 
0.087783 0.552028 0.000001 0.000000 0.025215 0.034621 0.000005 0.000000 0.000000 0.000000 0.000000 0.000000 0.035737 0.264609 
0.000002 0.000001 0.029023 0.364976 0.000000 0.000005 0.026265 0.069359 0.000000 0.000000 0.000000 0.483151 0.027215 0.000004 
0.000001 0.016329 0.015420 0.000000 0.000000 0.616391 0.142087 0.000000 0.056567 0.000000 0.080080 0.000000 0.000000 0.073125 
0.398130 0.032093 0.022143 0.000000 0.036597 0.058814 0.000005 0.000000 0.000000 0.000000 0.391938 0.060275 0.000000 0.000003 
0.000002 0.000001 0.691027 0.000000 0.022365 0.257373 0.000005 0.000000 0.029222 0.000000 0.000000 0.000000 0.000000 0.000004 
0.000001 0.017083 0.000001 0.042371 0.000000 0.290107 0.040542 0.000000 0.175016 0.000000 0.000000 0.000000 0.000000 0.434879 
0.017465 0.104053 0.000001 0.037067 0.000000 0.000005 0.039266 0.049939 0.009976 0.000000 0.000000 0.493901 0.000000 0.248327 
0.030717 0.000001 0.057039 0.024406 0.000000 0.098856 0.060376 0.000000 0.000000 0.000000 0.237024 0.000000 0.000000 0.491579 
0.505085 0.000002 0.011347 0.000000 0.011688 0.083333 0.000005 0.061835 0.000000 0.000000 0.076114 0.220859 0.000000 0.029732 
0.035587 0.497615 0.005897 0.007903 0.051371 0.000005 0.000006 0.000000 0.083903 0.000000 0.000000 0.172427 0.000000 0.145286 
0.025728 0.214477 0.000001 0.024812 0.032696 0.103190 0.047710 0.000000 0.000000 0.000000 0.000000 0.000000 0.000000 0.551385 
0.000002 0.000001 0.000001 0.186906 0.075541 0.530672 0.119694 0.000000 0.087180 0.000000 0.000000 0.000000 0.000000 0.000003 
0.000001 0.109819 0.009942 0.000000 0.365616 0.083716 0.051063 0.000000 0.052542 0.000000 0.000000 0.071448 0.000000 0.255852 
0.000002 0.000001 0.829704 0.067593 0.039999 0.000006 0.043033 0.013869 0.005790 0.000000 0.000000 0.000000 0.000000 0.000004 
0.107865 0.603650 0.000001 0.000000 0.000000 0.073047 0.036110 0.000000 0.000000 0.000000 0.000000 0.000000 0.000000 0.179327 
0.000001 0.000001 0.000001 0.009000 0.000000 0.000005 0.454562 0.075405 0.000000 0.000000 0.020335 0.356810 0.000000 0.083879 
0.028709 0.044064 0.061590 0.000000 0.000000 0.158828 0.048281 0.000000 0.031504 0.000000 0.596955 0.030064 0.000000 0.000004 
0.066239 0.000002 0.032011 0.677933 0.000000 0.000006 0.057137 0.000000 0.000000 0.000000 0.000000 0.151548 0.015121 0.000004 
0.054352 0.078644 0.000001 0.023748 0.000000 0.079511 0.000006 0.000000 0.000000 0.000000 0.454673 0.040482 0.000000 0.268583 
0.000001 0.053308 0.000001 0.035079 0.692661 0.000004 0.152421 0.000000 0.000000 0.000000 0.019929 0.046592 0.000000 0.000003 
0.659775 0.053335 0.000001 0.035566 0.234768 0.000004 0.000006 0.000000 0.000000 0.000000 0.000000 0.000000 0.016542 0.000004 
0.074282 0.099118 0.108545 0.033574 0.254698 0.000005 0.000005 0.000000 0.064532 0.000000 0.000000 0.000000 0.000000 0.365240 
0.048788 0.000002 0.066311 0.000000 0.000000 0.000005 0.376643 0.000000 0.067009 0.000000 0.254517 0.186721 0.000000 0.000004 
0.000001 0.000001 0.000001 0.024720 0.729268 0.020682 0.154277 0.000000 0.000000 0.000000 0.000000 0.000000 0.000000 0.071049 
0.035532 0.179208 0.000001 0.029722 0.000000 0.105713 0.041582 0.000000 0.060939 0.000000 0.000000 0.192051 0.000000 0.355252 
0.102185 0.000001 0.000001 0.000000 0.714902 0.016819 0.166087 0.000000 0.000000 0.000000 0.000000 0.000000 0.000000 0.000004 
0.000001 0.000001 0.000001 0.058104 0.000000 0.616771 0.107972 0.000000 0.116021 0.000000 0.000000 0.000000 0.000000 0.101128 
0.000001 0.000001 0.129173 0.000000 0.244710 0.000005 0.016285 0.004611 0.022456 0.000000 0.062543 0.492799 0.000000 0.027415 
0.008320 0.000001 0.007013 0.021674 0.000000 0.000005 0.007994 0.035224 0.031105 0.000000 0.013667 0.874993 0.000000 0.000004 
0.000001 0.000001 0.495396 0.000000 0.155889 0.302083 0.046625 0.000000 0.000000 0.000000 0.000000 0.000000 0.000000 0.000004 
0.439050 0.250823 0.025014 0.000000 0.000000 0.030085 0.000006 0.020260 0.000000 0.000000 0.062224 0.058645 0.000000 0.113892 
0.748812 0.116546 0.057530 0.000000 0.027181 0.000004 0.000005 0.000000 0.000000 0.000000 0.000000 0.025664 0.024254 0.000003 
0.377409 0.000002 0.000001 0.000000 0.034685 0.130729 0.000005 0.000000 0.060085 0.000000 0.103078 0.014590 0.000000 0.279414 
0.000001 0.023270 0.014783 0.051639 0.478807 0.181828 0.016243 0.000000 0.000000 0.000000 0.233425 0.000000 0.000000 0.000003 
0.000001 0.331171 0.179108 0.241341 0.000000 0.000005 0.000006 0.000000 0.053981 0.000000 0.000000 0.000000 0.023964 0.170422 
0.000002 0.006480 0.000001 0.942968 0.000000 0.006562 0.000008 0.000000 0.000000 0.000000 0.000000 0.043977 0.000000 0.000004 
0.607475 0.058421 0.017229 0.000000 0.269136 0.000004 0.047731 0.000000 0.000000 0.000000 0.000000 0.000000 0.000000 0.000003 
0.016476 0.071451 0.029017 0.084215 0.000000 0.000005 0.021443 0.032423 0.006575 0.000000 0.000000 0.684163 0.000000 0.054233 
0.020042 0.118176 0.000001 0.025290 0.000000 0.056729 0.056160 0.000000 0.060397 0.000000 0.000000 0.000000 0.000000 0.663205 
0.015443 0.350216 0.000001 0.000000 0.000000 0.095179 0.018150 0.000000 0.041395 0.000000 0.256742 0.100495 0.000000 0.122379 
0.011878 0.000001 0.024649 0.000000 0.000000 0.730150 0.022649 0.000000 0.122179 0.000000 0.000000 0.017974 0.000000 0.070519 
0.000001 0.000001 0.000001 0.102544 0.000000 0.757908 0.000006 0.000000 0.139534 0.000000 0.000000 0.000000 0.000000 0.000003 
0.004467 0.000002 0.601611 0.021563 0.000000 0.317713 0.000005 0.000000 0.054636 0.000000 0.000000 0.000000 0.000000 0.000003 
0.000002 0.000001 0.000001 0.088812 0.590003 0.054402 0.209329 0.000000 0.000000 0.000000 0.000000 0.000000 0.000000 0.057449 
0.000001 0.000001 0.418778 0.000000 0.000000 0.411360 0.022336 0.000000 0.057218 0.000000 0.090301 0.000000 0.000000 0.000004 
0.000002 0.000002 0.117830 0.127524 0.305698 0.021916 0.046803 0.010837 0.000000 0.000000 0.023631 0.345754 0.000000 0.000003 
0.000001 0.025388 0.312306 0.639875 0.000000 0.016622 0.005803 0.000000 0.000000 0.000000 0.000000 0.000000 0.000000 0.000004 
0.274931 0.000002 0.098330 0.000000 0.040142 0.071265 0.060824 0.000000 0.000000 0.000000 0.000000 0.000000 0.000000 0.454506 
0.619567 0.077809 0.000001 0.011647 0.125114 0.000004 0.049624 0.012637 0.000000 0.000000 0.000000 0.103592 0.000000 0.000003 
0.273883 0.027877 0.000001 0.085887 0.066123 0.231301 0.052402 0.000000 0.000000 0.000000 0.000000 0.000000 0.000000 0.262526 
0.000001 0.402605 0.175488 0.018912 0.135631 0.050897 0.024054 0.000000 0.000000 0.000000 0.038917 0.000000 0.000000 0.153494 
0.000002 0.000002 0.428951 0.000000 0.000000 0.467426 0.000006 0.000000 0.064983 0.000000 0.000000 0.000000 0.000000 0.038632 
0.000001 0.282925 0.000001 0.069035 0.022547 0.069819 0.000005 0.000000 0.000000 0.000000 0.402754 0.000000 0.000000 0.152912 
0.032217 0.000002 0.016720 0.000000 0.000000 0.058225 0.123783 0.018341 0.043619 0.000000 0.206451 0.431063 0.000000 0.069579 
0.000001 0.000001 0.038702 0.000000 0.827422 0.000004 0.117184 0.016683 0.000000 0.000000 0.000000 0.000000 0.000000 0.000003 
0.796152 0.082217 0.036703 0.031403 0.000000 0.000006 0.017217 0.000000 0.002936 0.000000 0.000000 0.000000 0.033363 0.000004 
0.000001 0.000001 0.062304 0.000000 0.000000 0.000005 0.628772 0.000000 0.027706 0.000000 0.000000 0.179458 0.000000 0.101751 
0.076918 0.000001 0.060445 0.000000 0.000000 0.144744 0.000005 0.004988 0.057478 0.000000 0.061572 0.480353 0.000000 0.113496 
0.624584 0.077270 0.059429 0.000000 0.015262 0.000005 0.000005 0.015513 0.034158 0.000000 0.000000 0.099914 0.000000 0.073859 
0.007992 0.000001 0.000001 0.000000 0.776621 0.000004 0.185500 0.000000 0.000000 0.000000 0.029876 0.000000 0.000000 0.000004 
0.000001 0.000001 0.986930 0.000000 0.000000 0.000003 0.003220 0.000000 0.000000 0.000000 0.000000 0.000000 0.009841 0.000003 
0.253930 0.053596 0.000001 0.329230 0.251873 0.000005 0.088029 0.000000 0.023331 0.000000 0.000000 0.000000 0.000000 0.000004 
0.000001 0.240822 0.000001 0.000000 0.581421 0.005651 0.074042 0.000000 0.000000 0.000000 0.000000 0.000000 0.000000 0.098061 
0.000001 0.220897 0.027287 0.010570 0.055411 0.056463 0.000005 0.000000 0.051079 0.000000 0.000000 0.243791 0.000000 0.334495 
0.000001 0.000001 0.046121 0.000000 0.062034 0.418846 0.246182 0.000000 0.058862 0.000000 0.000000 0.000000 0.000000 0.167952 
0.551728 0.055701 0.040493 0.209258 0.036102 0.023264 0.029399 0.000000 0.000000 0.000000 0.000000 0.000000 0.032094 0.021961 
0.034817 0.000001 0.101884 0.000000 0.000000 0.091114 0.000005 0.052832 0.000000 0.000000 0.324621 0.366270 0.028451 0.000003 
0.113520 0.023233 0.000001 0.010355 0.000000 0.443582 0.000006 0.000000 0.084637 0.000000 0.147481 0.177181 0.000000 0.000003 
0.081816 0.019544 0.285949 0.000000 0.348384 0.030619 0.043023 0.000000 0.000000 0.000000 0.000000 0.000000 0.000000 0.190666 
0.000001 0.148014 0.000001 0.029088 0.112160 0.046569 0.064590 0.000000 0.000000 0.000000 0.052168 0.000000 0.000000 0.547407 
0.000001 0.027401 0.000001 0.629603 0.229747 0.000005 0.013323 0.000000 0.000000 0.000000 0.099915 0.000000 0.000000 0.000003 
0.000001 0.000001 0.010158 0.000000 0.290898 0.226305 0.390822 0.000000 0.000000 0.000000 0.081811 0.000000 0.000000 0.000003 
0.030538 0.648765 0.015005 0.000000 0.011789 0.074818 0.000005 0.000000 0.000000 0.000000 0.000000 0.000000 0.051434 0.167645 
0.000002 0.000002 0.020615 0.394076 0.080936 0.044966 0.060037 0.000000 0.020752 0.000000 0.000000 0.000000 0.000000 0.378615 
0.000002 0.084032 0.000001 0.349588 0.000000 0.000005 0.040541 0.000000 0.048295 0.000000 0.018278 0.055382 0.000000 0.403876 
0.000001 0.000002 0.003321 0.000000 0.000000 0.000005 0.036981 0.041510 0.000000 0.000000 0.017621 0.900555 0.000000 0.000004 
0.043421 0.184620 0.032257 0.000000 0.000000 0.089149 0.000007 0.000000 0.000000 0.000000 0.650542 0.000000 0.000000 0.000004 
0.000001 0.033356 0.216660 0.000000 0.068043 0.022587 0.071169 0.039068 0.000000 0.000000 0.000000 0.373834 0.000000 0.175282 
0.836090 0.090386 0.005822 0.000000 0.000000 0.000004 0.067695 0.000000 0.000000 0.000000 0.000000 0.000000 0.000000 0.000003 
0.024875 0.000001 0.919571 0.000000 0.022164 0.020061 0.000005 0.000000 0.000000 0.000000 0.013320 0.000000 0.000000 0.000003 
0.000001 0.000002 0.108853 0.629425 0.000000 0.164354 0.057384 0.000000 0.039978 0.000000 0.000000 0.000000 0.000000 0.000003 
0.000001 0.000001 0.932419 0.023347 0.044219 0.000004 0.000006 0.000000 0.000000 0.000000 0.000000 0.000000 0.000000 0.000003 
0.021150 0.000001 0.000001 0.037879 0.000000 0.193812 0.053572 0.000000 0.078497 0.000000 0.000000 0.044987 0.000000 0.570102 
0.146811 0.152337 0.319874 0.000000 0.000000 0.028322 0.076106 0.000000 0.000000 0.000000 0.236219 0.000000 0.000000 0.040332 
0.000001 0.381031 0.096459 0.033917 0.046076 0.084823 0.000006 0.000000 0.026679 0.000000 0.016402 0.000000 0.000000 0.314605 
0.039356 0.152295 0.005232 0.000000 0.000000 0.000005 0.000005 0.000000 0.029440 0.000000 0.000000 0.671450 0.000000 0.102216 
0.000001 0.000002 0.456971 0.000000 0.044149 0.024720 0.090739 0.000000 0.000000 0.000000 0.000000 0.000000 0.014889 0.368529 
0.000001 0.000001 0.000001 0.000000 0.060892 0.000004 0.310068 0.027187 0.000000 0.000000 0.090209 0.402097 0.000000 0.109538 
0.019092 0.000001 0.000001 0.733354 0.000000 0.000005 0.164210 0.000000 0.009622 0.000000 0.000000 0.000000 0.000000 0.073714 
0.000001 0.040462 0.000001 0.023208 0.000000 0.000005 0.666238 0.000000 0.044014 0.000000 0.000000 0.000000 0.000000 0.226072 
0.457107 0.050107 0.000001 0.208464 0.000000 0.161128 0.040890 0.029884 0.000000 0.000000 0.052417 0.000000 0.000000 0.000003 
0.032523 0.017770 0.000001 0.030353 0.000000 0.088943 0.051406 0.027816 0.000000 0.000000 0.263052 0.000000 0.000000 0.488137 
0.028292 0.000002 0.018414 0.078669 0.283582 0.028680 0.007001 0.000000 0.000000 0.000000 0.493126 0.000000 0.062231 0.000004 
0.000001 0.090390 0.035461 0.192722 0.000000 0.452377 0.036071 0.000000 0.000000 0.000000 0.000000 0.000000 0.000000 0.192976 
0.005699 0.000002 0.000001 0.000000 0.682495 0.000005 0.232578 0.000000 0.020731 0.000000 0.058485 0.000000 0.000000 0.000004 
0.000001 0.000001 0.000001 0.138048 0.335003 0.000005 0.048077 0.000000 0.000000 0.000000 0.000000 0.478860 0.000000 0.000003 
0.000001 0.035358 0.087532 0.000000 0.731302 0.000004 0.066928 0.000000 0.000000 0.000000 0.065066 0.013804 0.000000 0.000004 
0.076967 0.038406 0.000001 0.000000 0.000000 0.280772 0.055338 0.000000 0.080051 0.000000 0.122153 0.017676 0.000000 0.328635 
0.000001 0.341851 0.063783 0.000000 0.000000 0.051005 0.055119 0.000000 0.000000 0.000000 0.256943 0.037451 0.066080 0.127765 
0.075967 0.000002 0.000001 0.087142 0.000000 0.014330 0.000005 0.022128 0.000000 0.000000 0.334472 0.465948 0.000000 0.000004 
0.043440 0.000002 0.004784 0.000000 0.000000 0.059663 0.000005 0.000000 0.024382 0.000000 0.618077 0.052371 0.000000 0.197276 
0.316299 0.000002 0.000001 0.125746 0.000000 0.463123 0.000006 0.000000 0.051855 0.000000 0.000000 0.000000 0.000000 0.042969 
0.087349 0.000002 0.010990 0.000000 0.286832 0.097060 0.037009 0.000000 0.000000 0.000000 0.480755 0.000000 0.000000 0.000004 
0.000001 0.047170 0.026830 0.262586 0.000000 0.557507 0.058615 0.000000 0.047287 0.000000 0.000000 0.000000 0.000000 0.000003 
0.075336 0.000001 0.000001 0.011119 0.815692 0.005990 0.091857 0.000000 0.000000 0.000000 0.000000 0.000000 0.000000 0.000004 
0.000001 0.000001 0.532263 0.000000 0.091762 0.000005 0.020253 0.000000 0.015635 0.000000 0.114256 0.099952 0.000000 0.125870 
0.000001 0.061694 0.000001 0.274439 0.021791 0.038867 0.186954 0.000000 0.046291 0.000000 0.006283 0.000000 0.000000 0.363678 
0.067194 0.014495 0.000002 0.000000 0.000000 0.000005 0.164922 0.034882 0.007325 0.000000 0.047379 0.663791 0.000000 0.000004 
0.025801 0.070839 0.085774 0.011382 0.033494 0.000005 0.330805 0.000000 0.073676 0.000000 0.000000 0.000000 0.000000 0.368224 
0.000001 0.118974 0.013937 0.000000 0.000000 0.695002 0.057030 0.022421 0.019320 0.000000 0.000000 0.000000 0.000000 0.073313 
0.000001 0.000001 0.009711 0.000000 0.000000 0.747340 0.041407 0.000000 0.105015 0.000000 0.000000 0.062580 0.033941 0.000003 
0.000002 0.000002 0.000001 0.440084 0.024817 0.248811 0.000006 0.000000 0.104450 0.000000 0.000000 0.181824 0.000000 0.000004 
0.039697 0.026922 0.000001 0.219529 0.042734 0.075240 0.000005 0.000000 0.000000 0.000000 0.552608 0.000000 0.000000 0.043265 
0.087377 0.000002 0.019720 0.267368 0.000000 0.099079 0.000006 0.015447 0.000000 0.000000 0.422459 0.000000 0.000000 0.088543 
0.000001 0.100552 0.000001 0.017382 0.050363 0.000005 0.060529 0.000000 0.091199 0.000000 0.000000 0.000000 0.000000 0.679966 
0.000002 0.016632 0.006183 0.000000 0.000000 0.000005 0.000005 0.038037 0.036953 0.000000 0.000000 0.902179 0.000000 0.000003 
0.016721 0.000001 0.010501 0.000000 0.000000 0.042107 0.070374 0.024450 0.000000 0.000000 0.248580 0.587261 0.000000 0.000003 
0.018570 0.000001 0.016557 0.000000 0.071650 0.063992 0.037695 0.042302 0.000000 0.000000 0.177252 0.446334 0.000000 0.125646 
0.144557 0.000002 0.020393 0.000000 0.000000 0.000005 0.473348 0.000000 0.004236 0.000000 0.036297 0.215360 0.000000 0.105803 
0.000001 0.521647 0.000001 0.089531 0.000000 0.071399 0.094867 0.000000 0.000000 0.000000 0.000000 0.062338 0.000000 0.160215 
0.075361 0.000001 0.803002 0.025797 0.000000 0.041434 0.014244 0.000000 0.000000 0.000000 0.040157 0.000000 0.000000 0.000003 
0.018032 0.658052 0.000001 0.000000 0.000000 0.081487 0.000005 0.000000 0.000000 0.000000 0.037660 0.000000 0.000000 0.204763 
0.680938 0.032296 0.022293 0.198432 0.025403 0.000004 0.000005 0.000000 0.000000 0.000000 0.000000 0.000000 0.040626 0.000003 
0.202122 0.068853 0.000001 0.000000 0.543952 0.000004 0.136601 0.000000 0.000000 0.000000 0.000000 0.000000 0.000000 0.048466 
0.078029 0.045603 0.000001 0.000000 0.711439 0.006772 0.158152 0.000000 0.000000 0.000000 0.000000 0.000000 0.000000 0.000004 
0.017117 0.029561 0.005504 0.000000 0.000000 0.018681 0.017491 0.037572 0.000000 0.000000 0.074247 0.799823 0.000000 0.000003 
0.220012 0.040213 0.000001 0.044383 0.230670 0.036077 0.073302 0.000000 0.000000 0.000000 0.000000 0.000000 0.000000 0.355341 
0.000001 0.016142 0.145378 0.000000 0.046970 0.111781 0.487583 0.020326 0.000000 0.000000 0.000000 0.116471 0.000000 0.055349 
0.231954 0.074302 0.000001 0.000000 0.234513 0.026186 0.077202 0.019010 0.000000 0.000000 0.000000 0.000000 0.000000 0.336830 
0.890104 0.069508 0.007187 0.000000 0.000000 0.000005 0.026807 0.006384 0.000000 0.000000 0.000000 0.000000 0.000000 0.000004 
0.198139 0.325661 0.000001 0.026389 0.000000 0.260940 0.000006 0.000000 0.059312 0.000000 0.000000 0.000000 0.000000 0.129552 
0.000001 0.527406 0.000002 0.000000 0.000000 0.182134 0.000006 0.000000 0.000000 0.000000 0.000000 0.155400 0.000000 0.135051 
0.000001 0.121161 0.000001 0.000000 0.000000 0.207082 0.352515 0.000000 0.128182 0.000000 0.059402 0.000000 0.000000 0.131655 
0.109447 0.058279 0.011761 0.000000 0.000000 0.186452 0.000006 0.000000 0.034307 0.000000 0.416797 0.075240 0.040873 0.066838 
0.000001 0.000002 0.726247 0.000000 0.000000 0.230953 0.018703 0.000000 0.024090 0.000000 0.000000 0.000000 0.000000 0.000004 
0.120290 0.493228 0.000001 0.021373 0.000000 0.069282 0.027896 0.000000 0.000000 0.000000 0.000000 0.000000 0.000000 0.267929 
0.000001 0.359503 0.457756 0.000000 0.013744 0.032299 0.000005 0.000000 0.000000 0.000000 0.036779 0.000000 0.000000 0.099912 
0.123823 0.547496 0.010683 0.009531 0.019037 0.035934 0.000006 0.000000 0.000000 0.000000 0.000000 0.000000 0.000000 0.253491 
0.035408 0.000001 0.957016 0.000000 0.000000 0.007565 0.000005 0.000000 0.000000 0.000000 0.000000 0.000000 0.000000 0.000003 
0.358647 0.000002 0.591755 0.000000 0.000000 0.000004 0.025573 0.024016 0.000000 0.000000 0.000000 0.000000 0.000000 0.000004 
0.000001 0.000001 0.376120 0.182249 0.000000 0.234667 0.052331 0.021736 0.000000 0.000000 0.000000 0.109154 0.000000 0.023740 
0.496862 0.027013 0.173943 0.015206 0.015103 0.000005 0.000005 0.031610 0.005859 0.000000 0.079406 0.154985 0.000000 0.000004 
0.000001 0.017203 0.000001 0.010683 0.000000 0.000006 0.800370 0.000000 0.004890 0.000000 0.019887 0.000000 0.000000 0.146958 
0.000001 0.038937 0.000001 0.022644 0.000000 0.774398 0.026166 0.000000 0.137849 0.000000 0.000000 0.000000 0.000000 0.000004 
0.844491 0.049060 0.010174 0.000000 0.000000 0.000005 0.037872 0.008051 0.000000 0.000000 0.050343 0.000000 0.000000 0.000004 
0.049446 0.607345 0.004874 0.000000 0.000000 0.083205 0.039968 0.013760 0.000000 0.000000 0.045908 0.000000 0.000000 0.155493 
0.000002 0.000001 0.000001 0.016905 0.020839 0.802075 0.046429 0.000000 0.113744 0.000000 0.000000 0.000000 0.000000 0.000003 
0.163572 0.000002 0.025602 0.078734 0.014536 0.186510 0.307391 0.019821 0.027558 0.000000 0.016173 0.000000 0.000000 0.160101 
0.117205 0.000001 0.024865 0.000000 0.020637 0.150378 0.000006 0.000000 0.032046 0.000000 0.654858 0.000000 0.000000 0.000004 
0.026070 0.018648 0.000001 0.000000 0.287170 0.007625 0.236612 0.011149 0.000000 0.000000 0.329430 0.000000 0.000000 0.083295 
0.037488 0.381097 0.012266 0.000000 0.070705 0.257524 0.092636 0.000000 0.000000 0.000000 0.000000 0.000000 0.000000 0.148284 
0.000001 0.000002 0.008359 0.000000 0.033361 0.000013 0.469411 0.000000 0.016732 0.000000 0.173161 0.007427 0.019788 0.271744 
0.000001 0.025833 0.247958 0.000000 0.000000 0.351675 0.140060 0.000000 0.150883 0.000000 0.000000 0.028404 0.000000 0.055184 
0.771252 0.062162 0.009400 0.000000 0.000000 0.013768 0.016493 0.000000 0.000000 0.000000 0.000000 0.069610 0.000000 0.057314 
0.021817 0.000001 0.015534 0.008196 0.000000 0.757641 0.000006 0.000000 0.112111 0.000000 0.000000 0.000000 0.000000 0.084693 
0.230973 0.387281 0.042918 0.104999 0.000000 0.037154 0.057347 0.004710 0.000000 0.000000 0.016342 0.000000 0.000000 0.118274 
0.037718 0.174041 0.000001 0.014055 0.501344 0.000005 0.031158 0.000000 0.075504 0.000000 0.000000 0.000000 0.000000 0.166173 
0.067135 0.073299 0.000001 0.042225 0.000000 0.074515 0.026397 0.000000 0.000000 0.000000 0.669122 0.000000 0.000000 0.047305 
0.000001 0.000001 0.241554 0.713230 0.028529 0.000004 0.000005 0.000000 0.000000 0.000000 0.000000 0.000000 0.016672 0.000003 
0.000001 0.538600 0.010326 0.012695 0.000000 0.016901 0.197020 0.000000 0.000000 0.000000 0.049172 0.000000 0.000000 0.175284 
0.000001 0.428777 0.217298 0.000000 0.000000 0.161001 0.000006 0.000000 0.023424 0.000000 0.044001 0.000000 0.000000 0.125491 
0.000001 0.020124 0.014342 0.000000 0.167865 0.156106 0.083868 0.000000 0.100024 0.000000 0.000000 0.021679 0.000000 0.435991 
0.593417 0.119774 0.224778 0.024382 0.012961 0.000005 0.000005 0.024675 0.000000 0.000000 0.000000 0.000000 0.000000 0.000004 
0.040609 0.000001 0.000001 0.000000 0.672560 0.101740 0.169076 0.000000 0.016009 0.000000 0.000000 0.000000 0.000000 0.000003 
0.018978 0.000001 0.000001 0.926199 0.000000 0.042399 0.012418 0.000000 0.000000 0.000000 0.000000 0.000000 0.000000 0.000003 
0.075880 0.000002 0.014307 0.000000 0.000000 0.216142 0.000006 0.031263 0.000000 0.000000 0.568681 0.000000 0.000000 0.093718 
0.500116 0.077416 0.034621 0.000000 0.040133 0.031858 0.000006 0.000000 0.000000 0.000000 0.204057 0.017917 0.000000 0.093875 
0.071456 0.000002 0.010302 0.008836 0.111621 0.109016 0.504232 0.000000 0.000000 0.000000 0.000000 0.052019 0.000000 0.132518 
0.000001 0.000001 0.000001 0.183433 0.053142 0.063214 0.046237 0.000000 0.000000 0.000000 0.048430 0.605535 0.000000 0.000004 
0.000001 0.273695 0.000001 0.613066 0.000000 0.014588 0.000003 0.000000 0.000000 0.000000 0.000000 0.000000 0.000000 0.098644 
0.008888 0.059975 0.470222 0.000000 0.000000 0.038631 0.040943 0.016054 0.000000 0.000000 0.083034 0.000000 0.000000 0.282253 
0.000001 0.380237 0.000001 0.453651 0.000000 0.041971 0.000004 0.000000 0.000000 0.000000 0.000000 0.000000 0.000000 0.124134 
0.312970 0.493537 0.014862 0.000000 0.000000 0.000005 0.000007 0.000000 0.013951 0.000000 0.000000 0.000000 0.000000 0.164668 
0.417423 0.039378 0.254126 0.035360 0.000000 0.015713 0.106124 0.028435 0.000000 0.000000 0.000000 0.000000 0.000000 0.103441 
0.052430 0.101049 0.000001 0.005191 0.000000 0.062238 0.069705 0.000000 0.058572 0.000000 0.000000 0.000000 0.000000 0.650814 
0.031832 0.000002 0.005222 0.188827 0.000000 0.000005 0.029596 0.008150 0.000000 0.000000 0.000000 0.723509 0.012852 0.000004 
0.000001 0.059894 0.044384 0.000000 0.066891 0.000005 0.337311 0.000000 0.035481 0.000000 0.000000 0.444773 0.011256 0.000004 
0.799392 0.000002 0.008192 0.000000 0.000000 0.025839 0.012203 0.000000 0.000000 0.000000 0.122685 0.000000 0.000000 0.031686 
0.000001 0.134070 0.000001 0.051940 0.270347 0.080143 0.020208 0.025641 0.000000 0.000000 0.000000 0.417645 0.000000 0.000004 
0.000002 0.101078 0.014126 0.587473 0.042739 0.028138 0.000006 0.000000 0.000000 0.000000 0.000000 0.000000 0.038387 0.188052 
0.000001 0.000001 0.018044 0.000000 0.000000 0.045438 0.817117 0.000000 0.000000 0.000000 0.000000 0.000000 0.000000 0.119397 
0.000001 0.561054 0.000001 0.138521 0.000000 0.146131 0.000005 0.000000 0.000000 0.000000 0.053538 0.000000 0.000000 0.100749 
0.235985 0.000002 0.000001 0.329173 0.000000 0.049067 0.000006 0.000000 0.000000 0.000000 0.340159 0.000000 0.000000 0.045607 
0.159478 0.160257 0.156566 0.132626 0.103591 0.193994 0.19744 0.0617283 0.0902719 0.00136327 0.10513 0.0818292 0.0330151 0.183397 
