-778700.108585
0
0.009867 0.011366 0.001709 0.005772 0.000000 0.002381 0.000000 0.000001 0.029704 0.013708 0.225330 0.007942 0.000001 0.000000 0.000000 0.007860 0.010065 0.004741 0.003418 0.006938 0.000000 0.001428 0.001852 0.003059 0.003285 0.003357 0.000000 0.000000 0.000000 0.000000 0.000000 0.000000 0.024942 0.019114 0.118399 0.018702 0.000000 0.000589 0.000000 0.000002 0.002557 0.003945 0.003236 0.005213 0.000000 0.000001 0.000001 0.000010 0.008618 0.003600 0.000000 0.003673 0.000000 0.000000 0.000000 0.000000 0.023773 0.027864 0.125401 0.011845 0.000000 0.000000 0.000000 0.000000 0.011654 0.008154 0.003339 0.009397 0.000000 0.000000 0.000000 0.000000 0.010792 0.010594 0.001812 0.013929 0.001761 0.000000 0.000000 0.000000 0.011019 0.019959 0.103325 0.010787 0.003966 0.000001 0.000000 0.000003 0.008323 0.003498 0.007563 0.000020 0.000000 0.000003 0.001666 0.003164 
0.038529 0.028469 0.020491 0.022501 0.010335 0.005943 0.003235 0.003462 0.011791 0.008849 0.000002 0.003380 0.003871 0.002442 0.008953 0.000994 0.008741 0.002156 0.008114 0.001975 0.000000 0.000475 0.000598 0.000000 0.045550 0.067135 0.011424 0.045710 0.011052 0.011641 0.007037 0.007908 0.023116 0.014424 0.006963 0.018879 0.007132 0.012540 0.035530 0.009601 0.005489 0.000804 0.010932 0.004625 0.000000 0.001190 0.004186 0.001126 0.037618 0.042186 0.021102 0.028228 0.007519 0.011291 0.007551 0.005718 0.008410 0.007839 0.000000 0.010024 0.006820 0.004792 0.013656 0.002580 0.006084 0.001308 0.004740 0.001339 0.000000 0.000000 0.000000 0.000000 0.032394 0.056720 0.011384 0.039318 0.002100 0.012123 0.003455 0.004665 0.002978 0.008241 0.000001 0.007089 0.004478 0.003682 0.008103 0.002135 0.002546 0.000798 0.003319 0.002168 0.000000 0.000799 0.002721 0.000673 
0.000000 0.000000 0.000399 0.007984 0.000000 0.000000 0.000000 0.000370 0.000008 0.003430 0.011185 0.004405 0.000000 0.000000 0.000000 0.000955 0.003688 0.005933 0.002242 0.003524 0.000000 0.003068 0.000771 0.013212 0.001914 0.000000 0.000723 0.016983 0.000000 0.000000 0.000000 0.000000 0.001071 0.001791 0.011535 0.004006 0.000000 0.000000 0.000000 0.001577 0.000344 0.001433 0.002074 0.002357 0.002600 0.002365 0.003952 0.017471 0.001808 0.002149 0.000000 0.009363 0.000000 0.000000 0.000000 0.000241 0.000000 0.014162 0.029719 0.016553 0.000000 0.000000 0.000000 0.000000 0.006010 0.010205 0.004846 0.013130 0.000000 0.001569 0.000251 0.002642 0.035567 0.008981 0.003166 0.309784 0.000000 0.000000 0.000000 0.000000 0.002283 0.020555 0.224097 0.038261 0.000000 0.000618 0.000000 0.003618 0.003496 0.008418 0.005799 0.010228 0.004437 0.009217 0.001934 0.063520 
0.000000 0.000000 0.000000 0.000002 0.000000 0.000000 0.000000 0.000001 0.000014 0.018801 0.000002 0.004992 0.000558 0.000000 0.000990 0.004112 0.001247 0.000008 0.000596 0.000818 0.000000 0.000000 0.000745 0.000000 0.001622 0.000000 0.000000 0.000000 0.000000 0.000271 0.000380 0.000000 0.076697 0.100702 0.020843 0.082479 0.000000 0.000275 0.000372 0.001458 0.000290 0.000633 0.000572 0.005012 0.000000 0.000959 0.000001 0.000778 0.000112 0.000001 0.000000 0.000001 0.000356 0.000490 0.000000 0.000000 0.000000 0.020249 0.000000 0.016614 0.000000 0.000000 0.000679 0.000858 0.000666 0.000003 0.000015 0.007449 0.000000 0.000000 0.001271 0.000000 0.000066 0.003990 0.000000 0.001694 0.000000 0.001383 0.000000 0.000000 0.124461 0.293073 0.099609 0.081784 0.001365 0.000767 0.000773 0.004474 0.002008 0.001086 0.002415 0.002658 0.000000 0.001090 0.000916 0.001387 
0.040318 0.040083 0.000000 0.037145 0.010101 0.006157 0.000000 0.011838 0.019029 0.006571 0.016987 0.021537 0.013462 0.014143 0.018356 0.029876 0.014301 0.011689 0.009992 0.027491 0.000000 0.000000 0.008289 0.002612 0.037336 0.021591 0.000000 0.031486 0.006683 0.007285 0.000000 0.007941 0.002015 0.001782 0.003570 0.024814 0.012131 0.020801 0.016822 0.032975 0.003706 0.013339 0.001811 0.010404 0.000000 0.000000 0.005441 0.000004 0.021796 0.015876 0.000000 0.024809 0.004229 0.002206 0.000000 0.006682 0.000000 0.000034 0.000000 0.005495 0.008542 0.009855 0.009382 0.022453 0.004678 0.004989 0.003380 0.007469 0.000599 0.000000 0.007015 0.004561 0.021991 0.018309 0.000000 0.036837 0.004788 0.003938 0.000000 0.006479 0.006225 0.001924 0.000001 0.011580 0.017123 0.014866 0.006062 0.033867 0.004225 0.003907 0.000002 0.010072 0.000000 0.000001 0.005712 0.006125 
0.000000 0.000000 0.000000 0.001017 0.001588 0.001090 0.000000 0.001416 0.030000 0.015982 0.091379 0.015128 0.000000 0.003296 0.000000 0.005326 0.006529 0.005944 0.024023 0.001594 0.000000 0.002098 0.000998 0.002697 0.009278 0.023052 0.009731 0.059663 0.000000 0.000000 0.000000 0.000000 0.008298 0.010309 0.095424 0.008488 0.000000 0.002207 0.000000 0.000001 0.007601 0.003791 0.028135 0.002850 0.000000 0.002931 0.006140 0.009221 0.000004 0.005286 0.002462 0.008139 0.000000 0.002186 0.000000 0.001574 0.067102 0.081061 0.137403 0.054226 0.000000 0.002276 0.000000 0.001447 0.012785 0.006912 0.012102 0.004233 0.000000 0.001703 0.001054 0.004153 0.000773 0.001956 0.002067 0.003202 0.000000 0.000000 0.000000 0.000000 0.007021 0.006236 0.035479 0.003005 0.000000 0.000788 0.000000 0.000001 0.006316 0.003818 0.011377 0.003755 0.000000 0.001898 0.001642 0.007334 
0.000000 0.000000 0.000000 0.000028 0.000002 0.000001 0.000000 0.000014 0.000186 0.000985 0.000042 0.025761 0.046902 0.000001 0.000000 0.016749 0.014552 0.000127 0.000833 0.000525 0.019552 0.000005 0.000024 0.000006 0.000090 0.000000 0.000000 0.000000 0.000000 0.000000 0.000000 0.000000 0.008588 0.017305 0.004794 0.004610 0.000000 0.000010 0.000004 0.000019 0.071757 0.000072 0.055937 0.000876 0.000000 0.031874 0.000009 0.040393 0.060413 0.002148 0.000000 0.000012 0.000000 0.000004 0.000000 0.000003 0.000004 0.001138 0.107189 0.011890 0.000000 0.000000 0.031893 0.000001 0.000222 0.000034 0.022820 0.060322 0.000000 0.000000 0.000001 0.000000 0.143132 0.000538 0.000001 0.066315 0.000001 0.000000 0.000000 0.000000 0.007619 0.001913 0.000021 0.008092 0.000001 0.000010 0.000001 0.028114 0.000160 0.048315 0.000055 0.000172 0.000000 0.034401 0.000053 0.000364 
0.000000 0.001319 0.000391 0.000001 0.000000 0.000000 0.000247 0.000410 0.007570 0.003322 0.002683 0.003322 0.000000 0.000000 0.000000 0.000008 0.000844 0.000471 0.000846 0.001007 0.000000 0.000303 0.000747 0.000000 0.001112 0.000000 0.000000 0.000000 0.000000 0.000000 0.000000 0.000000 0.017401 0.002283 0.004664 0.008592 0.000000 0.000443 0.000757 0.000964 0.000712 0.000004 0.000554 0.001327 0.000182 0.000001 0.000001 0.001001 0.000669 0.000001 0.000000 0.000001 0.000000 0.000000 0.000000 0.000361 0.006914 0.000895 0.000000 0.003479 0.000000 0.000000 0.000895 0.000000 0.000198 0.000002 0.000006 0.000332 0.000000 0.000000 0.000000 0.000000 0.013729 0.007743 0.002421 0.012764 0.038632 0.000000 0.001485 0.066497 0.416026 0.077977 0.050515 0.233911 0.000000 0.000000 0.000000 0.000002 0.000007 0.000298 0.000002 0.000333 0.000000 0.000149 0.000004 0.000260 
0.000000 0.000000 0.000000 0.001845 0.006755 0.006924 0.000000 0.011840 0.029603 0.013544 0.031220 0.025841 0.012837 0.007891 0.015566 0.010315 0.054810 0.017175 0.049082 0.040135 0.000000 0.003139 0.000002 0.001770 0.000010 0.000000 0.000000 0.000000 0.003590 0.000000 0.000000 0.000000 0.029735 0.023109 0.023222 0.019017 0.003478 0.000001 0.003848 0.003661 0.019377 0.010835 0.024220 0.026311 0.000000 0.005945 0.003968 0.008855 0.003120 0.002864 0.000000 0.003825 0.000000 0.005242 0.000000 0.000000 0.027535 0.023635 0.027792 0.034390 0.006445 0.000000 0.005419 0.004840 0.022513 0.014068 0.023529 0.026840 0.000000 0.000000 0.000000 0.000000 0.015719 0.002395 0.004885 0.011834 0.000000 0.000000 0.000000 0.000000 0.012103 0.016665 0.017515 0.010046 0.008925 0.005649 0.003929 0.004962 0.023430 0.019705 0.024140 0.018959 0.000000 0.007129 0.003852 0.006619 
0.008147 0.000000 0.000000 0.001162 0.005020 0.000000 0.000000 0.000572 0.005017 0.003161 0.007274 0.004038 0.012416 0.001816 0.005895 0.017044 0.026764 0.010223 0.018587 0.025732 0.046186 0.007209 0.005450 0.025931 0.004994 0.000000 0.000000 0.002665 0.001182 0.000447 0.000000 0.003845 0.011169 0.009841 0.003955 0.005998 0.005428 0.001657 0.003613 0.003067 0.017443 0.012067 0.015765 0.032395 0.030280 0.007035 0.014010 0.072388 0.011678 0.009519 0.000000 0.006739 0.000000 0.003517 0.000000 0.004466 0.000000 0.002571 0.000000 0.006257 0.001316 0.001208 0.000000 0.000000 0.010870 0.010500 0.010103 0.011935 0.009405 0.000000 0.004553 0.023888 0.021295 0.000352 0.000000 0.030591 0.002461 0.000000 0.000000 0.005730 0.001998 0.008553 0.000001 0.008245 0.024303 0.000736 0.017080 0.010504 0.017306 0.015463 0.010045 0.040930 0.066829 0.009561 0.009888 0.072717 
0.009675 0.006316 0.000000 0.004313 0.036764 0.018041 0.008655 0.037436 0.015440 0.012605 0.000003 0.013028 0.006223 0.005598 0.000000 0.000007 0.012895 0.011017 0.012995 0.012417 0.000000 0.001763 0.013152 0.010391 0.002765 0.000000 0.000000 0.000000 0.025696 0.019952 0.007581 0.040004 0.015435 0.009495 0.002002 0.016912 0.006511 0.012422 0.006492 0.010702 0.008594 0.019452 0.010110 0.010240 0.000000 0.008287 0.013119 0.008584 0.000004 0.000002 0.000000 0.000001 0.018974 0.012432 0.000000 0.026466 0.028347 0.012075 0.000000 0.011121 0.003051 0.005797 0.008160 0.004785 0.006941 0.010659 0.007122 0.007348 0.006591 0.008726 0.028678 0.009491 0.000133 0.009345 0.000000 0.000457 0.025899 0.034332 0.003216 0.054015 0.009626 0.022596 0.000001 0.009529 0.000000 0.007115 0.006213 0.008248 0.015793 0.015423 0.008001 0.012210 0.000000 0.009815 0.014983 0.013189 
0.236847 0.019915 0.000000 0.000000 0.073093 0.033355 0.000000 0.335641 0.090940 0.155343 0.054866 
0.169580 0.021544 0.019489 0.000000 0.017415 0.709085 0.000000 0.052679 0.000000 0.000037 0.010172 
0.000000 0.092520 0.000000 0.038859 0.709803 0.028910 0.036099 0.000000 0.034183 0.042260 0.017366 
0.086271 0.021248 0.000000 0.000000 0.024255 0.825816 0.000000 0.042373 0.000000 0.000035 0.000002 
0.000000 0.000065 0.000000 0.875609 0.000387 0.110974 0.000000 0.012932 0.000000 0.000031 0.000001 
0.000000 0.000066 0.921589 0.000000 0.027432 0.000008 0.000000 0.000000 0.000000 0.000037 0.050869 
0.000000 0.003349 0.985346 0.000000 0.011260 0.000008 0.000000 0.000000 0.000000 0.000035 0.000001 
0.371071 0.037267 0.468066 0.000000 0.013669 0.000009 0.000000 0.019806 0.066389 0.023721 0.000001 
0.000000 0.031452 0.000000 0.022283 0.085174 0.432657 0.000000 0.155544 0.181967 0.034550 0.056373 
0.036410 0.057507 0.000000 0.214250 0.097695 0.000009 0.000000 0.200011 0.250837 0.051828 0.091453 
0.100888 0.061513 0.000000 0.000000 0.268977 0.021202 0.000000 0.381447 0.028240 0.015924 0.121809 
0.000000 0.344372 0.000000 0.000000 0.099579 0.025908 0.000000 0.000000 0.060205 0.469934 0.000001 
0.606647 0.016574 0.000000 0.000000 0.136322 0.043639 0.000000 0.013737 0.000000 0.064712 0.118369 
0.000000 0.044146 0.000000 0.014545 0.182140 0.240819 0.026875 0.000000 0.000000 0.155472 0.336004 
0.350974 0.080846 0.000000 0.033755 0.071150 0.057497 0.000000 0.000000 0.264640 0.032795 0.108342 
0.429121 0.000059 0.013792 0.396852 0.058952 0.018879 0.000000 0.038030 0.040294 0.004019 0.000001 
0.041456 0.079331 0.000000 0.000000 0.541146 0.000008 0.038232 0.129211 0.000000 0.139505 0.031112 
0.000000 0.218129 0.000000 0.000000 0.214624 0.011475 0.000000 0.000000 0.055914 0.029669 0.470188 
0.015331 0.000067 0.544698 0.375341 0.029440 0.000009 0.000000 0.023581 0.011485 0.000047 0.000001 
0.091557 0.003715 0.024955 0.000000 0.208524 0.077321 0.000000 0.007253 0.000000 0.551559 0.035116 
0.000000 0.380086 0.059793 0.000000 0.429341 0.050969 0.039877 0.011122 0.000000 0.028810 0.000001 
0.000000 0.006735 0.000000 0.000000 0.038657 0.025691 0.020760 0.685515 0.000000 0.222641 0.000001 
0.000000 0.085130 0.000000 0.033386 0.107859 0.037263 0.000000 0.000000 0.304705 0.361271 0.070386 
0.000000 0.077629 0.535287 0.033167 0.060353 0.004192 0.000000 0.000000 0.154464 0.019888 0.115020 
0.000000 0.079645 0.000000 0.023732 0.334063 0.000009 0.000000 0.050015 0.367151 0.083785 0.061599 
0.000000 0.516279 0.253399 0.000000 0.130305 0.021344 0.000000 0.000000 0.000000 0.078671 0.000001 
0.000000 0.129614 0.177699 0.000000 0.203491 0.071165 0.000000 0.008036 0.000000 0.055846 0.354149 
0.000000 0.141292 0.000000 0.016823 0.136795 0.000009 0.000000 0.000000 0.377237 0.090643 0.237201 
0.097503 0.006494 0.000000 0.177599 0.097529 0.125843 0.000000 0.000000 0.000000 0.495030 0.000001 
0.000000 0.039624 0.071191 0.000000 0.124332 0.412753 0.000000 0.009557 0.121910 0.110146 0.110487 
0.036808 0.000062 0.010182 0.057919 0.009418 0.050278 0.000000 0.831852 0.000000 0.003479 0.000001 
0.022835 0.194699 0.016475 0.000000 0.261881 0.000009 0.000000 0.000000 0.000000 0.052911 0.451189 
0.393624 0.000057 0.403655 0.013684 0.052371 0.045108 0.000000 0.000000 0.058512 0.014964 0.018025 
0.080977 0.028518 0.019677 0.000000 0.624036 0.000009 0.055181 0.050582 0.000000 0.125243 0.015777 
0.049254 0.049861 0.159228 0.681325 0.029245 0.000008 0.000000 0.019035 0.000000 0.000050 0.011994 
0.000000 0.107169 0.035697 0.012852 0.534996 0.015305 0.000000 0.000000 0.148469 0.072977 0.072535 
0.067137 0.000061 0.053340 0.033321 0.052967 0.763233 0.000000 0.000000 0.000000 0.000031 0.029910 
0.000000 0.646304 0.000000 0.031097 0.097342 0.225223 0.000000 0.000000 0.000000 0.000034 0.000001 
0.000000 0.142116 0.000000 0.022975 0.089397 0.228519 0.000000 0.107312 0.234986 0.053771 0.120924 
0.369496 0.035875 0.182793 0.000000 0.246121 0.000009 0.055303 0.061500 0.023137 0.025765 0.000002 
0.052379 0.000056 0.000000 0.028774 0.065236 0.836568 0.000000 0.000000 0.000000 0.016986 0.000001 
0.000000 0.099500 0.200833 0.022780 0.133367 0.000009 0.000000 0.000000 0.251756 0.122348 0.169407 
0.061025 0.110112 0.014635 0.000000 0.004309 0.799740 0.000000 0.000000 0.000000 0.010177 0.000001 
0.087492 0.006768 0.000000 0.044755 0.118114 0.039838 0.000000 0.000000 0.095346 0.589012 0.018674 
0.000000 0.008141 0.515691 0.000000 0.062002 0.255731 0.000000 0.124165 0.020014 0.014254 0.000001 
0.000000 0.005298 0.920266 0.019642 0.018217 0.000009 0.000000 0.000000 0.014592 0.021974 0.000001 
0.000000 0.000064 0.017718 0.000000 0.030448 0.181083 0.000000 0.486956 0.048676 0.235052 0.000002 
0.000000 0.491630 0.068316 0.000000 0.195652 0.003390 0.000000 0.019616 0.000000 0.033703 0.187693 
0.000000 0.786604 0.021196 0.023772 0.049972 0.019859 0.000000 0.041613 0.000000 0.000031 0.056953 
0.000000 0.408450 0.000000 0.000000 0.195906 0.031528 0.020000 0.000000 0.158705 0.148867 0.036545 
0.000000 0.012236 0.000000 0.043439 0.272606 0.506622 0.000000 0.011393 0.000000 0.153702 0.000001 
0.000000 0.047006 0.000000 0.246182 0.161447 0.007880 0.000000 0.177391 0.050185 0.050795 0.259114 
0.000000 0.000054 0.039546 0.936281 0.009524 0.008169 0.000000 0.000000 0.000000 0.006424 0.000002 
0.013434 0.648253 0.000000 0.000000 0.031234 0.294867 0.000000 0.012175 0.000000 0.000035 0.000001 
0.007462 0.033950 0.727681 0.082226 0.034256 0.000008 0.000000 0.025638 0.021820 0.006747 0.060212 
0.000000 0.119698 0.000000 0.020050 0.134119 0.000008 0.000000 0.000000 0.456604 0.089149 0.180373 
0.046743 0.074201 0.095763 0.000000 0.402249 0.000008 0.000000 0.000000 0.000000 0.114470 0.266565 
0.000000 0.034847 0.017205 0.000000 0.121060 0.066584 0.000000 0.018725 0.045309 0.696268 0.000002 
0.000000 0.000046 0.000000 0.086990 0.129223 0.051576 0.020084 0.000000 0.000000 0.712079 0.000001 
0.000000 0.011279 0.000000 0.016902 0.022715 0.016207 0.000000 0.601683 0.000000 0.315155 0.016060 
0.119949 0.020720 0.000000 0.089070 0.027309 0.665810 0.000000 0.000000 0.030175 0.046966 0.000001 
0.000000 0.000054 0.000000 0.000000 0.156669 0.044124 0.026492 0.414028 0.000000 0.358630 0.000002 
0.000000 0.000061 0.370048 0.124413 0.034371 0.341417 0.000000 0.116079 0.000000 0.013610 0.000001 
0.004988 0.000060 0.000000 0.637582 0.020480 0.000009 0.000000 0.309801 0.000000 0.013576 0.013503 
0.000000 0.322777 0.000000 0.000000 0.106698 0.047200 0.000000 0.091578 0.290672 0.065659 0.075416 
0.034510 0.667772 0.117106 0.000000 0.025533 0.132228 0.000000 0.000000 0.000000 0.000038 0.022813 
0.000000 0.331140 0.000000 0.080521 0.069771 0.082868 0.000000 0.000000 0.194383 0.198360 0.042957 
0.000000 0.070459 0.000000 0.018252 0.223114 0.164864 0.000000 0.175799 0.000000 0.042860 0.304651 
0.000000 0.020645 0.000000 0.000000 0.078523 0.023850 0.000000 0.420726 0.030977 0.412413 0.012866 
0.000000 0.062119 0.000000 0.062560 0.526223 0.044211 0.042757 0.000000 0.000000 0.048791 0.213339 
0.121836 0.036754 0.457506 0.000000 0.239385 0.026392 0.000000 0.010782 0.003745 0.090043 0.013556 
0.050430 0.000063 0.022205 0.000000 0.003059 0.886709 0.000000 0.037498 0.000000 0.000033 0.000001 
0.011495 0.786610 0.000000 0.044997 0.113984 0.000009 0.000000 0.024625 0.000000 0.002945 0.015335 
0.544931 0.032080 0.186080 0.000000 0.007902 0.046371 0.000000 0.064983 0.089159 0.028492 0.000002 
0.000000 0.087895 0.500278 0.000000 0.121512 0.000008 0.000000 0.055000 0.073923 0.161382 0.000002 
0.000000 0.660099 0.099128 0.000000 0.064759 0.000009 0.053191 0.054101 0.000000 0.026508 0.042204 
0.103889 0.010324 0.000000 0.000000 0.035762 0.849991 0.000000 0.000000 0.000000 0.000034 0.000001 
0.003288 0.000054 0.000000 0.000000 0.009348 0.000010 0.000000 0.987275 0.000000 0.000023 0.000002 
0.062978 0.280733 0.000000 0.324067 0.007445 0.275959 0.000000 0.000000 0.000000 0.014980 0.033839 
0.000000 0.066576 0.000000 0.000000 0.099254 0.653459 0.000000 0.000000 0.000000 0.005536 0.175175 
0.000000 0.087074 0.248532 0.000000 0.149422 0.036497 0.000000 0.029427 0.180405 0.082906 0.185738 
0.186969 0.000060 0.000000 0.000000 0.130134 0.127983 0.000000 0.042980 0.084269 0.393317 0.034288 
0.000000 0.560943 0.000000 0.224717 0.090732 0.061086 0.000000 0.031421 0.012374 0.018725 0.000001 
0.000000 0.040580 0.412590 0.010416 0.367055 0.000008 0.000000 0.089937 0.000000 0.079413 0.000001 
0.000000 0.117582 0.182542 0.000000 0.236204 0.050077 0.000000 0.000000 0.000000 0.413594 0.000001 
0.000000 0.094242 0.018982 0.000000 0.071719 0.372152 0.000000 0.277567 0.095866 0.023504 0.045967 
0.000000 0.087243 0.000000 0.025211 0.205164 0.114511 0.000000 0.000000 0.355632 0.041769 0.170469 
0.000000 0.011740 0.000000 0.620772 0.120273 0.247171 0.000000 0.000000 0.000000 0.000042 0.000002 
0.295991 0.000055 0.024054 0.000000 0.118109 0.370590 0.000000 0.007697 0.000000 0.183503 0.000001 
0.000000 0.157131 0.000000 0.000000 0.236085 0.010985 0.000000 0.013558 0.000000 0.060092 0.522148 
0.000000 0.047972 0.000000 0.413166 0.085413 0.096121 0.000000 0.000000 0.245150 0.054632 0.057545 
0.000000 0.051486 0.053303 0.345612 0.118575 0.000008 0.000000 0.000000 0.285208 0.040552 0.105255 
0.031373 0.000045 0.948991 0.000000 0.019539 0.000009 0.000000 0.000000 0.000000 0.000041 0.000002 
0.000000 0.043234 0.008727 0.000000 0.746805 0.047520 0.000000 0.014712 0.000000 0.059662 0.079339 
0.036045 0.023077 0.406843 0.000000 0.042693 0.077404 0.000000 0.211924 0.118176 0.024397 0.059442 
0.059285 0.849945 0.000000 0.000000 0.090736 0.000009 0.000000 0.000000 0.000000 0.000024 0.000001 
0.000000 0.023068 0.000000 0.000000 0.020369 0.023209 0.000000 0.918794 0.000000 0.014557 0.000001 
0.036362 0.000043 0.000000 0.625012 0.037602 0.035323 0.000000 0.107879 0.000000 0.157779 0.000002 
0.000000 0.000056 0.000000 0.024501 0.000335 0.045852 0.000000 0.929222 0.000000 0.000031 0.000002 
0.000000 0.103465 0.042557 0.029341 0.082741 0.000008 0.000000 0.000000 0.459365 0.221059 0.061462 
0.086165 0.173804 0.000000 0.000000 0.311013 0.000009 0.000000 0.314578 0.000000 0.021777 0.092655 
0.000000 0.108385 0.000000 0.023386 0.201264 0.027345 0.000000 0.097881 0.148594 0.090080 0.303065 
0.000000 0.059757 0.689137 0.000000 0.078541 0.000008 0.000000 0.000000 0.022214 0.025420 0.124922 
0.037059 0.028856 0.000000 0.018638 0.074574 0.042641 0.000000 0.442807 0.256245 0.020711 0.078469 
0.255012 0.000049 0.425970 0.000000 0.115412 0.092568 0.023799 0.000000 0.076582 0.000037 0.010571 
0.114730 0.006023 0.000000 0.732875 0.049539 0.041026 0.018654 0.000000 0.029900 0.007252 0.000002 
0.574688 0.051409 0.000000 0.028280 0.027573 0.035447 0.026466 0.000000 0.164293 0.030475 0.061369 
0.009724 0.463291 0.000000 0.205004 0.139733 0.041400 0.000000 0.000000 0.000000 0.140847 0.000001 
0.000000 0.101846 0.000000 0.025877 0.358542 0.000008 0.000000 0.000000 0.371647 0.085326 0.056753 
0.000000 0.034056 0.000000 0.101832 0.523090 0.307442 0.016624 0.000000 0.000000 0.016954 0.000001 
0.000000 0.032249 0.015043 0.186138 0.118829 0.027540 0.000000 0.029443 0.090378 0.381353 0.119027 
0.159158 0.009187 0.000000 0.000000 0.061151 0.759726 0.000000 0.000000 0.000000 0.010776 0.000001 
0.020344 0.000044 0.499450 0.130321 0.000937 0.348860 0.000000 0.000000 0.000000 0.000043 0.000001 
0.000000 0.020463 0.016898 0.000000 0.073539 0.793140 0.000000 0.087553 0.000000 0.000031 0.008375 
0.045509 0.128114 0.000000 0.000000 0.239035 0.000009 0.040967 0.000000 0.191339 0.281987 0.073039 
0.056590 0.062895 0.023745 0.042151 0.416405 0.000009 0.045672 0.043766 0.000000 0.034943 0.273826 
0.000000 0.066916 0.504623 0.076549 0.351858 0.000009 0.000000 0.000000 0.000000 0.000044 0.000001 
0.000000 0.060857 0.052398 0.000000 0.679517 0.000009 0.000000 0.000000 0.141884 0.065333 0.000001 
0.000000 0.302494 0.000000 0.114992 0.130760 0.032508 0.000000 0.000000 0.000000 0.402297 0.016949 
0.015445 0.062792 0.000000 0.000000 0.504999 0.326221 0.027675 0.000000 0.000000 0.062867 0.000001 
0.021069 0.000056 0.015370 0.249257 0.127814 0.057944 0.000000 0.026934 0.000000 0.471731 0.029825 
0.012439 0.082971 0.000000 0.008298 0.000976 0.890701 0.000000 0.000000 0.000000 0.004614 0.000001 
0.000000 0.012609 0.102332 0.000000 0.139710 0.101587 0.000000 0.530772 0.101908 0.011080 0.000001 
0.125456 0.048399 0.000000 0.273627 0.118223 0.048428 0.000000 0.000000 0.237888 0.065020 0.082957 
0.149155 0.065883 0.705516 0.000000 0.070470 0.000009 0.008895 0.000000 0.000000 0.000071 0.000002 
0.253453 0.074168 0.000000 0.012983 0.099855 0.069321 0.000000 0.086542 0.246659 0.061430 0.095588 
0.000000 0.000055 0.019670 0.000000 0.186858 0.071672 0.000000 0.007139 0.000000 0.593888 0.120718 
0.024056 0.000060 0.064371 0.009074 0.168193 0.055803 0.000000 0.000000 0.000000 0.678442 0.000001 
0.000000 0.000052 0.187830 0.427947 0.081943 0.041690 0.036628 0.000000 0.000000 0.223908 0.000002 
0.000000 0.029353 0.000000 0.207478 0.621767 0.082386 0.000000 0.000000 0.000000 0.059014 0.000001 
0.000000 0.093922 0.000000 0.277202 0.495592 0.044867 0.000000 0.000000 0.000000 0.088415 0.000001 
0.000000 0.087350 0.000000 0.013499 0.155879 0.034327 0.000000 0.000000 0.473420 0.087460 0.148066 
0.000000 0.012876 0.945035 0.000000 0.000671 0.000009 0.000000 0.000000 0.000000 0.041407 0.000002 
0.075070 0.005852 0.626729 0.000000 0.262210 0.000009 0.000000 0.000000 0.000000 0.030128 0.000001 
0.000000 0.038886 0.483166 0.000000 0.223344 0.102754 0.000000 0.011189 0.081441 0.059218 0.000001 
0.425897 0.162930 0.222454 0.000000 0.064679 0.000009 0.000000 0.017467 0.102760 0.003801 0.000002 
0.052396 0.055337 0.069222 0.085119 0.211064 0.047691 0.000000 0.000000 0.000000 0.055280 0.423891 
0.017598 0.072962 0.000000 0.025329 0.052886 0.000007 0.000000 0.800217 0.000000 0.030999 0.000001 
0.000000 0.120924 0.000000 0.000000 0.308588 0.004048 0.000000 0.000000 0.000000 0.063417 0.503022 
0.000000 0.713102 0.000000 0.223133 0.041716 0.022018 0.000000 0.000000 0.000000 0.000029 0.000001 
0.066346 0.213183 0.000000 0.000000 0.069038 0.612686 0.000000 0.000000 0.000000 0.000038 0.038709 
0.067306 0.078040 0.000000 0.000000 0.056247 0.793710 0.000000 0.000000 0.000000 0.004695 0.000002 
0.008117 0.020771 0.848605 0.000000 0.098237 0.000008 0.000000 0.000000 0.000000 0.014774 0.009486 
0.000000 0.256605 0.000000 0.043959 0.113902 0.257939 0.000000 0.000000 0.234758 0.032984 0.059854 
0.411409 0.000051 0.135020 0.000000 0.053587 0.104367 0.000000 0.145430 0.035549 0.096720 0.017867 
0.000000 0.269045 0.013163 0.000000 0.127271 0.259490 0.000000 0.000000 0.235615 0.026890 0.068527 
0.021910 0.896065 0.000000 0.000000 0.081972 0.000009 0.000000 0.000000 0.000000 0.000043 0.000001 
0.000000 0.286161 0.014335 0.000000 0.130948 0.000009 0.000000 0.000000 0.045645 0.254516 0.268387 
0.000000 0.111875 0.156356 0.000000 0.229864 0.000009 0.000000 0.000000 0.000000 0.143562 0.358334 
0.300852 0.025692 0.000000 0.000000 0.166907 0.074128 0.000000 0.000000 0.069806 0.262980 0.099634 
0.006820 0.122432 0.067848 0.010181 0.503849 0.040799 0.037496 0.000000 0.000000 0.168865 0.041711 
0.000000 0.000049 0.000000 0.000000 0.045056 0.028808 0.000000 0.725650 0.000000 0.200435 0.000002 
0.000000 0.188386 0.013128 0.014499 0.269393 0.000009 0.000000 0.000000 0.082199 0.052472 0.379913 
0.000000 0.040235 0.000000 0.000000 0.198721 0.018636 0.000000 0.457086 0.000000 0.025320 0.260002 
0.000000 0.246834 0.000000 0.000000 0.186956 0.000009 0.000000 0.011450 0.076849 0.030634 0.447266 
0.000000 0.024572 0.000000 0.000000 0.019768 0.000007 0.000000 0.955604 0.000000 0.000047 0.000001 
0.023727 0.360360 0.000000 0.011365 0.024977 0.000009 0.000000 0.579530 0.000000 0.000030 0.000001 
0.024587 0.010446 0.123255 0.181046 0.037173 0.030088 0.000000 0.372734 0.018466 0.202204 0.000001 
0.000000 0.501869 0.170877 0.016074 0.118795 0.019215 0.000000 0.165244 0.000000 0.007925 0.000001 
0.674506 0.010662 0.000000 0.019168 0.059396 0.073046 0.012472 0.000000 0.117582 0.007767 0.025400 
0.031255 0.005660 0.000000 0.000000 0.128923 0.031838 0.006295 0.000000 0.040219 0.706951 0.048859 
0.034152 0.852962 0.000000 0.000000 0.097444 0.000009 0.015394 0.000000 0.000000 0.000038 0.000001 
0.014839 0.134359 0.017278 0.000000 0.304857 0.020887 0.000000 0.000000 0.000000 0.063002 0.444778 
0.034632 0.000055 0.000000 0.000000 0.137651 0.079084 0.000000 0.000000 0.000000 0.748577 0.000001 
0.241054 0.170957 0.000000 0.084815 0.106412 0.064814 0.026344 0.020052 0.098766 0.169112 0.017674 
0.000000 0.098287 0.000000 0.000000 0.675133 0.056529 0.037670 0.010157 0.000000 0.122223 0.000001 
0.184975 0.051483 0.000000 0.000000 0.363991 0.345047 0.019346 0.000000 0.035107 0.000050 0.000002 
0.060457 0.114916 0.000000 0.000000 0.176554 0.105697 0.000000 0.010051 0.000000 0.223305 0.309019 
0.409154 0.047204 0.000000 0.000000 0.211574 0.041687 0.000000 0.005101 0.232421 0.024298 0.028561 
0.131603 0.010804 0.000000 0.000000 0.070861 0.061068 0.060906 0.249422 0.000000 0.380947 0.034390 
0.010982 0.789521 0.076161 0.000000 0.095972 0.000008 0.000000 0.000000 0.000000 0.013133 0.014222 
0.000000 0.039929 0.000000 0.000000 0.126666 0.024658 0.053690 0.009780 0.034016 0.681561 0.029700 
0.051561 0.285563 0.000000 0.103181 0.212207 0.000009 0.000000 0.041386 0.000000 0.032209 0.273883 
0.000000 0.089618 0.000000 0.010867 0.094679 0.533617 0.000000 0.000000 0.082419 0.055981 0.132819 
0.056916 0.082068 0.000000 0.030642 0.732266 0.008645 0.030946 0.000000 0.000000 0.058516 0.000002 
0.000000 0.000045 0.000000 0.717559 0.002917 0.031306 0.000000 0.239031 0.000000 0.000043 0.009099 
0.189880 0.128708 0.000000 0.000000 0.239607 0.000008 0.000000 0.015341 0.000000 0.018109 0.408348 
0.000000 0.081254 0.000000 0.000000 0.230444 0.020670 0.000000 0.212934 0.000000 0.143356 0.311341 
0.000000 0.030117 0.024478 0.000000 0.130363 0.218846 0.000000 0.013785 0.295508 0.197579 0.089325 
0.000000 0.612924 0.000000 0.023374 0.071913 0.010841 0.000000 0.221425 0.000000 0.000047 0.059477 
0.094397 0.045154 0.000000 0.000000 0.012782 0.737596 0.023596 0.000000 0.000000 0.086474 0.000001 
0.012622 0.000067 0.000000 0.922852 0.030011 0.000009 0.000000 0.000000 0.000000 0.034438 0.000001 
0.017006 0.080646 0.000000 0.000000 0.650463 0.037372 0.022727 0.000000 0.000000 0.191783 0.000001 
0.010005 0.525161 0.000000 0.014958 0.288710 0.038801 0.000000 0.021810 0.046412 0.030664 0.023479 
0.409389 0.082617 0.059112 0.021562 0.050980 0.166549 0.000000 0.000000 0.094840 0.092904 0.022048 
0.037870 0.000059 0.617888 0.174552 0.046482 0.053100 0.032682 0.000000 0.000000 0.037366 0.000001 
0.000000 0.017031 0.000000 0.609173 0.147646 0.000007 0.000000 0.000000 0.000000 0.012115 0.214028 
0.013751 0.065798 0.000000 0.000000 0.158618 0.000008 0.000000 0.467790 0.172824 0.039300 0.081910 
0.000000 0.082622 0.000000 0.446708 0.111853 0.000007 0.000000 0.000000 0.000000 0.038818 0.319991 
0.000000 0.402647 0.000000 0.000000 0.187229 0.000009 0.000000 0.010922 0.024434 0.008232 0.366525 
0.080598 0.420282 0.032667 0.037323 0.088696 0.000009 0.005831 0.244121 0.060730 0.010201 0.019544 
0.000000 0.123231 0.000000 0.000000 0.180635 0.000008 0.000000 0.000000 0.457413 0.089266 0.149447 
0.019726 0.019477 0.748993 0.193495 0.012501 0.000009 0.000000 0.000000 0.000000 0.000047 0.005751 
0.278044 0.000056 0.459058 0.000000 0.032099 0.102901 0.000000 0.044670 0.026280 0.023568 0.033325 
0.019264 0.795038 0.000000 0.000000 0.166129 0.000009 0.000000 0.000000 0.000000 0.019558 0.000001 
0.000000 0.000063 0.447506 0.042177 0.045921 0.286852 0.000000 0.000000 0.000000 0.063576 0.113904 
0.000000 0.045694 0.000000 0.607028 0.093629 0.012768 0.000000 0.000000 0.126295 0.023835 0.090751 
0.716919 0.013907 0.000000 0.000000 0.044232 0.048922 0.000000 0.021363 0.110987 0.043669 0.000002 
0.000000 0.067868 0.000000 0.130551 0.305798 0.000007 0.000000 0.000000 0.000000 0.104273 0.391504 
0.032703 0.237294 0.000000 0.315542 0.373821 0.000009 0.000000 0.000000 0.000000 0.040630 0.000001 
0.117628 0.307273 0.0990836 0.117327 0.495381 0.213549 0.030203 0.115195 0.100978 0.290492 0.15959 
