-786383.713279
0
0.000003 0.000816 0.000000 0.000006 0.000001 0.000000 0.000000 0.000131 0.004086 0.010143 0.002163 0.003782 0.000000 0.000000 0.000461 0.001764 0.000681 0.000257 0.000622 0.000782 0.000000 0.000163 0.000705 0.000000 0.001314 0.000000 0.000000 0.000254 0.000000 0.000000 0.000079 0.000000 0.046584 0.047563 0.011346 0.042770 0.000000 0.000363 0.000490 0.001189 0.000435 0.000003 0.000396 0.002878 0.000158 0.000317 0.000004 0.000655 0.000413 0.000003 0.000000 0.000009 0.000000 0.000000 0.000000 0.000169 0.004261 0.008186 0.000405 0.008471 0.000000 0.000000 0.000892 0.000371 0.000281 0.000004 0.000003 0.002829 0.000000 0.000000 0.000411 0.000001 0.007700 0.005938 0.001355 0.006001 0.021678 0.000538 0.000919 0.037311 0.284295 0.180840 0.071369 0.166339 0.000629 0.000128 0.000190 0.001833 0.000335 0.000451 0.000546 0.000865 0.000000 0.000283 0.000376 0.000005 
0.000947 0.001236 0.000404 0.009313 0.000191 0.000000 0.000000 0.000337 0.000046 0.003511 0.014310 0.004535 0.000179 0.000000 0.000001 0.002101 0.003893 0.005833 0.001892 0.004517 0.000000 0.002971 0.001023 0.012817 0.002364 0.000282 0.000416 0.015049 0.000000 0.000000 0.000000 0.000000 0.001847 0.003089 0.012547 0.006151 0.000183 0.000001 0.000000 0.002519 0.000321 0.001674 0.001487 0.002681 0.002304 0.002118 0.003625 0.016186 0.002350 0.002185 0.000000 0.009522 0.000000 0.000000 0.000000 0.000169 0.000009 0.012810 0.029022 0.014929 0.000000 0.000000 0.000202 0.000396 0.005775 0.009927 0.004311 0.013503 0.000000 0.001369 0.000345 0.002474 0.036640 0.008913 0.002560 0.302919 0.000166 0.000151 0.000000 0.000000 0.001683 0.022955 0.224271 0.037011 0.000772 0.000894 0.000000 0.004545 0.003584 0.008145 0.005350 0.009829 0.004030 0.008491 0.001938 0.060951 
0.036652 0.031665 0.009800 0.026682 0.016133 0.009568 0.003865 0.013300 0.015855 0.009643 0.003294 0.011509 0.006898 0.007421 0.011452 0.008070 0.009704 0.005330 0.008773 0.008247 0.000000 0.000211 0.004428 0.000000 0.037740 0.041925 0.005385 0.034792 0.014032 0.012882 0.005291 0.014194 0.016249 0.010384 0.004854 0.022551 0.009130 0.016991 0.026017 0.019050 0.004936 0.005809 0.008051 0.005159 0.000000 0.001665 0.004986 0.000301 0.026909 0.026641 0.009645 0.023286 0.009523 0.009123 0.003432 0.010091 0.009661 0.006579 0.001003 0.009441 0.007851 0.007157 0.013025 0.011672 0.005474 0.002762 0.004452 0.003163 0.000266 0.001621 0.006494 0.000348 0.024664 0.037958 0.006165 0.032206 0.007195 0.015189 0.002341 0.013011 0.003391 0.008054 0.000002 0.007766 0.006032 0.009020 0.006324 0.012898 0.003489 0.002242 0.002602 0.002884 0.000000 0.001355 0.004670 0.000050 
0.010888 0.005180 0.000000 0.006254 0.009036 0.003298 0.000000 0.009096 0.012575 0.005717 0.012398 0.013771 0.015233 0.006028 0.009676 0.021007 0.032579 0.014718 0.023352 0.035610 0.022174 0.004601 0.007512 0.017758 0.006665 0.000000 0.000000 0.003550 0.003501 0.002540 0.000000 0.007568 0.011088 0.010602 0.004825 0.012298 0.006593 0.004841 0.004143 0.009801 0.016397 0.017283 0.014156 0.028425 0.014191 0.006795 0.011648 0.040026 0.010104 0.006512 0.000000 0.006948 0.001793 0.003606 0.000000 0.006313 0.006614 0.004627 0.003310 0.009746 0.003311 0.002941 0.002544 0.004297 0.011651 0.012086 0.011826 0.017412 0.006791 0.000963 0.008675 0.017121 0.018150 0.001333 0.000001 0.016520 0.004547 0.002172 0.000000 0.009648 0.003551 0.011360 0.000003 0.007837 0.020511 0.004774 0.012260 0.017245 0.019116 0.018559 0.011235 0.032331 0.031372 0.009073 0.010368 0.043449 
0.002603 0.004033 0.000000 0.002519 0.001129 0.001797 0.000000 0.001580 0.031374 0.015892 0.134920 0.014720 0.000411 0.002832 0.000853 0.006902 0.010099 0.006250 0.020233 0.004466 0.000000 0.001905 0.001144 0.002460 0.007380 0.015437 0.005771 0.038089 0.000000 0.000000 0.000000 0.000000 0.014147 0.013795 0.101822 0.012136 0.000000 0.001864 0.000000 0.000002 0.006962 0.004181 0.020837 0.004400 0.000000 0.002279 0.004158 0.006209 0.002784 0.004599 0.001417 0.006827 0.000000 0.001746 0.000000 0.000981 0.051663 0.063987 0.129384 0.042824 0.000000 0.001541 0.000147 0.001718 0.013580 0.007675 0.010517 0.007129 0.000000 0.001018 0.000700 0.002655 0.003153 0.003988 0.001988 0.003543 0.000001 0.000000 0.000000 0.000000 0.006668 0.008711 0.048773 0.003495 0.001162 0.001115 0.000000 0.000648 0.007882 0.004377 0.011518 0.003524 0.000000 0.001650 0.001621 0.005694 
0.378984 0.025648 0.081923 0.264078 0.249367 
0.067839 0.025938 0.037528 0.000414 0.868281 
0.024526 0.024064 0.670993 0.241479 0.038938 
0.049315 0.000006 0.041379 0.000379 0.908921 
0.835768 0.000005 0.001199 0.004044 0.158984 
0.003343 0.922526 0.055612 0.018376 0.000144 
0.000054 0.998204 0.001235 0.000319 0.000188 
0.031294 0.509534 0.045176 0.051446 0.362550 
0.194618 0.000006 0.138885 0.172780 0.493712 
0.431017 0.000006 0.176859 0.277916 0.114202 
0.416382 0.000005 0.331834 0.136332 0.115447 
0.000090 0.013090 0.389907 0.578511 0.018403 
0.060182 0.042429 0.174104 0.136777 0.586508 
0.016394 0.000006 0.356853 0.401894 0.224854 
0.052585 0.020950 0.201963 0.214456 0.510046 
0.422992 0.048303 0.054721 0.012839 0.461145 
0.135405 0.000006 0.486229 0.335060 0.043301 
0.024611 0.000004 0.664145 0.293780 0.017460 
0.353791 0.572527 0.014918 0.020801 0.037963 
0.008167 0.061373 0.071073 0.728398 0.130990 
0.012536 0.071618 0.762356 0.095754 0.057735 
0.687755 0.016694 0.019560 0.265375 0.010617 
0.037934 0.013674 0.152134 0.690110 0.106148 
0.037175 0.524047 0.200258 0.172487 0.066033 
0.090373 0.000006 0.368303 0.439746 0.101571 
0.000127 0.276067 0.627176 0.090096 0.006534 
0.030808 0.155090 0.506912 0.241509 0.065682 
0.031559 0.000005 0.388405 0.478345 0.101686 
0.136148 0.035817 0.019355 0.596696 0.211984 
0.015455 0.061873 0.181783 0.286496 0.454393 
0.895472 0.023417 0.015376 0.001579 0.064155 
0.003061 0.011387 0.669036 0.293117 0.023398 
0.015962 0.449212 0.050547 0.057982 0.426298 
0.056940 0.044366 0.476768 0.344633 0.077293 
0.646729 0.183493 0.079896 0.016437 0.073445 
0.012793 0.042824 0.568140 0.335065 0.041178 
0.022258 0.054435 0.070901 0.000406 0.852000 
0.012288 0.000006 0.757372 0.000457 0.229876 
0.150365 0.000005 0.305497 0.247609 0.296523 
0.081843 0.242998 0.219660 0.112074 0.343426 
0.015939 0.000006 0.035863 0.033555 0.914638 
0.030118 0.192584 0.285923 0.418756 0.072619 
0.000077 0.017847 0.102472 0.011115 0.868489 
0.028750 0.056954 0.029364 0.769382 0.115550 
0.133745 0.519268 0.052561 0.034021 0.260405 
0.012818 0.942876 0.008685 0.033497 0.002124 
0.499014 0.036072 0.001709 0.299053 0.164152 
0.032937 0.065060 0.775439 0.126320 0.000244 
0.065864 0.030410 0.892063 0.000379 0.011284 
0.000077 0.011048 0.612239 0.312429 0.064207 
0.037736 0.000006 0.200095 0.266171 0.495992 
0.432066 0.000005 0.303252 0.245949 0.018727 
0.913756 0.041847 0.003298 0.029109 0.011990 
0.004638 0.005764 0.681858 0.000280 0.307460 
0.099808 0.741976 0.095706 0.047995 0.014515 
0.041064 0.000004 0.332142 0.521475 0.105314 
0.000101 0.100907 0.505268 0.360151 0.033573 
0.014309 0.042529 0.054772 0.847324 0.041066 
0.047978 0.041676 0.003389 0.879588 0.027368 
0.616951 0.003755 0.013955 0.365161 0.000179 
0.065355 0.010839 0.029445 0.068369 0.825992 
0.412108 0.027489 0.062840 0.473733 0.023830 
0.222308 0.379589 0.019236 0.023840 0.355027 
0.934651 0.004123 0.019899 0.041002 0.000326 
0.119040 0.000006 0.488053 0.263837 0.129065 
0.000228 0.128605 0.707319 0.000268 0.163580 
0.058877 0.023122 0.420496 0.361172 0.136333 
0.218439 0.000005 0.416582 0.221489 0.143484 
0.413774 0.042774 0.045948 0.497272 0.000231 
0.053247 0.000006 0.605674 0.289922 0.051151 
0.018047 0.478692 0.190319 0.179633 0.133309 
0.041859 0.019135 0.000765 0.000300 0.937941 
0.067359 0.000006 0.921559 0.004259 0.006817 
0.105564 0.238577 0.041523 0.050636 0.563701 
0.062380 0.522185 0.157472 0.257735 0.000228 
0.057952 0.120750 0.759330 0.042965 0.019003 
0.000123 0.000005 0.024933 0.000461 0.974476 
0.986351 0.000006 0.013314 0.000170 0.000159 
0.276324 0.000006 0.315935 0.025278 0.382457 
0.001850 0.000005 0.264889 0.080447 0.652810 
0.053583 0.234613 0.302779 0.330455 0.078570 
0.059745 0.024670 0.051009 0.564680 0.299896 
0.224731 0.015519 0.663389 0.024055 0.072306 
0.100754 0.417423 0.302367 0.179303 0.000153 
0.000063 0.216007 0.234996 0.524938 0.023997 
0.297165 0.019700 0.199170 0.090613 0.393352 
0.035795 0.000005 0.354110 0.382624 0.227466 
0.553576 0.008543 0.105206 0.027803 0.304873 
0.016122 0.058557 0.045254 0.247411 0.632656 
0.039382 0.000003 0.628722 0.331711 0.000182 
0.387310 0.000005 0.138167 0.265417 0.209101 
0.325948 0.054127 0.193760 0.335019 0.091145 
0.000120 0.972193 0.001097 0.001294 0.025297 
0.017521 0.011742 0.685763 0.249980 0.034994 
0.241351 0.397429 0.086713 0.126103 0.148404 
0.000350 0.000007 0.930628 0.000190 0.068826 
0.912832 0.025629 0.042340 0.012370 0.006830 
0.698174 0.000006 0.000797 0.222329 0.078694 
0.961694 0.000005 0.005688 0.000240 0.032373 
0.039233 0.051368 0.181894 0.621356 0.106148 
0.339393 0.000006 0.479236 0.104064 0.077301 
0.150705 0.000005 0.435556 0.365517 0.048217 
0.007742 0.686269 0.193180 0.112626 0.000182 
0.507177 0.000006 0.130844 0.224051 0.137921 
0.003573 0.459236 0.074254 0.091556 0.371381 
0.695273 0.000010 0.041087 0.054700 0.208931 
0.059232 0.024195 0.127036 0.131110 0.658427 
0.164487 0.030901 0.578213 0.174515 0.051883 
0.022105 0.017563 0.410487 0.456620 0.093225 
0.073090 0.000006 0.476637 0.135186 0.315081 
0.194796 0.035748 0.117015 0.613669 0.038772 
0.000131 0.000006 0.043419 0.023259 0.933185 
0.089459 0.516465 0.000421 0.000324 0.393331 
0.092461 0.015600 0.097151 0.000555 0.794234 
0.005057 0.029319 0.298265 0.581317 0.086042 
0.099622 0.026733 0.558879 0.246265 0.068500 
0.045257 0.527939 0.329223 0.097372 0.000208 
0.000092 0.061371 0.579720 0.320969 0.037848 
0.076437 0.027491 0.382968 0.504356 0.008747 
0.000130 0.012059 0.469484 0.192596 0.325731 
0.230232 0.057144 0.041550 0.606227 0.064846 
0.000101 0.000006 0.064329 0.006838 0.928725 
0.541163 0.103212 0.136599 0.097854 0.121173 
0.259307 0.000006 0.159391 0.306419 0.274877 
0.000143 0.737083 0.109633 0.015698 0.137444 
0.141486 0.000006 0.211876 0.255124 0.391508 
0.008792 0.036078 0.103003 0.812985 0.039142 
0.000123 0.099662 0.053878 0.799705 0.046632 
0.364359 0.234546 0.017071 0.328852 0.055171 
0.154478 0.020977 0.531502 0.208992 0.084051 
0.228924 0.018685 0.455199 0.245227 0.051965 
0.031825 0.000006 0.290081 0.508017 0.170071 
0.003262 0.960328 0.009380 0.026823 0.000207 
0.006918 0.645541 0.186199 0.100520 0.060822 
0.016723 0.492440 0.196427 0.175285 0.119125 
0.033453 0.277220 0.226298 0.013565 0.449463 
0.098385 0.052493 0.440937 0.304696 0.103489 
0.829141 0.012153 0.112094 0.039418 0.007194 
0.006404 0.000003 0.626723 0.366746 0.000124 
0.186443 0.023896 0.771407 0.000199 0.018055 
0.000065 0.000006 0.306832 0.002184 0.690913 
0.000134 0.000006 0.120017 0.008114 0.871729 
0.000881 0.873379 0.093653 0.031827 0.000260 
0.037198 0.000005 0.419958 0.182246 0.360593 
0.183396 0.175663 0.027424 0.147462 0.466054 
0.004579 0.008126 0.445601 0.187641 0.354052 
0.000102 0.012202 0.967469 0.000442 0.019786 
0.012183 0.014112 0.512724 0.460765 0.000217 
0.012247 0.139805 0.456003 0.391770 0.000175 
0.017284 0.029861 0.154972 0.441767 0.356117 
0.005790 0.083660 0.510784 0.356924 0.042842 
0.721299 0.028258 0.008382 0.236497 0.005563 
0.038482 0.000006 0.630740 0.305809 0.024963 
0.485243 0.000005 0.355633 0.155998 0.003121 
0.034855 0.000005 0.695812 0.257530 0.011798 
0.951645 0.000007 0.043193 0.005030 0.000125 
0.602002 0.008338 0.377279 0.000198 0.012182 
0.546302 0.144326 0.013864 0.251195 0.044313 
0.187033 0.184982 0.614914 0.008961 0.004110 
0.047250 0.053512 0.077068 0.065644 0.756527 
0.000086 0.031484 0.029735 0.899505 0.039190 
0.000124 0.018796 0.945859 0.000357 0.034864 
0.025869 0.000006 0.643108 0.290760 0.040256 
0.000081 0.021353 0.012613 0.883324 0.082629 
0.100491 0.056614 0.237826 0.277524 0.327545 
0.010047 0.000006 0.609257 0.323390 0.057300 
0.000133 0.030269 0.356609 0.083896 0.529094 
0.023854 0.000004 0.375286 0.450337 0.150519 
0.034851 0.018562 0.234960 0.186081 0.525546 
0.263392 0.055518 0.033714 0.502117 0.145259 
0.003791 0.089807 0.890968 0.015168 0.000266 
0.006227 0.020486 0.073682 0.887552 0.012052 
0.151173 0.000006 0.621563 0.163185 0.064073 
0.016302 0.000005 0.248562 0.170950 0.564181 
0.014330 0.019470 0.671553 0.225220 0.069427 
0.931762 0.000006 0.003185 0.027980 0.037067 
0.056986 0.000006 0.546954 0.206499 0.189556 
0.242446 0.000006 0.394975 0.362298 0.000276 
0.029116 0.020347 0.142207 0.500092 0.308237 
0.254232 0.030138 0.707039 0.008377 0.000214 
0.000067 0.024770 0.038065 0.104281 0.832818 
0.894499 0.000006 0.023325 0.066913 0.015257 
0.001506 0.025963 0.523886 0.405936 0.042708 
0.032244 0.021125 0.814977 0.077978 0.053676 
0.037375 0.105098 0.123299 0.149799 0.584429 
0.136880 0.663206 0.016320 0.080429 0.103166 
0.601822 0.000004 0.263615 0.134354 0.000204 
0.500104 0.000006 0.224012 0.234592 0.041285 
0.447993 0.000006 0.320349 0.231419 0.000234 
0.024227 0.000005 0.796987 0.178587 0.000195 
0.294039 0.048808 0.533927 0.023936 0.099291 
0.026556 0.000006 0.353437 0.510097 0.109905 
0.158315 0.786126 0.028853 0.005507 0.021198 
0.068975 0.480011 0.038740 0.054338 0.357935 
0.000102 0.003961 0.945901 0.032370 0.017666 
0.032268 0.446642 0.114383 0.125978 0.280729 
0.594275 0.000006 0.163642 0.173450 0.068627 
0.060439 0.057763 0.038585 0.080158 0.763055 
0.139134 0.000006 0.500292 0.360414 0.000155 
0.264809 0.029022 0.563687 0.099257 0.043226 
0.343433 0.198972 0.590018 0.465883 0.39094 
