-778371.698595
0
0.000014 0.000133 0.000000 0.000523 0.000000 0.000001 0.000000 0.000005 0.000097 0.018606 0.000187 0.004988 0.000000 0.000000 0.000003 0.004349 0.000814 0.000021 0.000318 0.000380 0.000000 0.000001 0.000727 0.000000 0.001727 0.000001 0.000000 0.000584 0.000000 0.000000 0.000000 0.000000 0.075857 0.099276 0.021088 0.081792 0.000000 0.000300 0.000003 0.001745 0.000027 0.000003 0.000016 0.004649 0.000000 0.000002 0.000002 0.000469 0.000209 0.000009 0.000000 0.000030 0.000000 0.000000 0.000000 0.000001 0.000000 0.020244 0.000000 0.016472 0.000000 0.000000 0.000787 0.001163 0.000481 0.000002 0.000009 0.007024 0.000000 0.000000 0.001049 0.000000 0.000205 0.003739 0.000466 0.002028 0.000000 0.000000 0.000289 0.001285 0.134419 0.291491 0.099118 0.086149 0.000004 0.000793 0.000618 0.004632 0.001606 0.000795 0.002105 0.002234 0.000000 0.000000 0.000705 0.001130 
0.022144 0.019404 0.002869 0.016457 0.026436 0.013406 0.004814 0.026057 0.016053 0.010614 0.003293 0.014478 0.008255 0.008107 0.007204 0.007845 0.012710 0.010473 0.011823 0.015770 0.000000 0.001118 0.010681 0.007582 0.019082 0.015822 0.001880 0.015522 0.018863 0.013990 0.005107 0.026857 0.012100 0.007798 0.002894 0.019708 0.008513 0.015677 0.013384 0.017674 0.006848 0.015843 0.008183 0.009873 0.000000 0.005225 0.009906 0.005427 0.009732 0.009024 0.000000 0.011502 0.013294 0.010222 0.001970 0.018963 0.018456 0.008617 0.000000 0.009917 0.005196 0.007007 0.009157 0.010064 0.006279 0.008462 0.005926 0.006636 0.004001 0.004781 0.019029 0.007036 0.008690 0.017330 0.001614 0.013094 0.017369 0.024596 0.001902 0.034299 0.000000 0.013702 0.000144 0.006185 0.005889 0.009389 0.006490 0.015601 0.011066 0.010490 0.005199 0.010635 0.000000 0.006685 0.010877 0.009714 
0.040437 0.039848 0.002222 0.036042 0.006598 0.004293 0.000000 0.007644 0.019330 0.006261 0.025317 0.021265 0.013739 0.012953 0.017214 0.030874 0.013722 0.010712 0.009238 0.025760 0.000000 0.000001 0.006842 0.000000 0.038969 0.026762 0.001544 0.035053 0.004584 0.005531 0.000000 0.004257 0.002003 0.002521 0.009673 0.023963 0.011650 0.019608 0.017286 0.030888 0.005540 0.011471 0.004275 0.009471 0.000000 0.001084 0.004442 0.001356 0.025664 0.018317 0.000000 0.025096 0.002717 0.000000 0.000000 0.004140 0.000000 0.001501 0.014354 0.007183 0.008662 0.008997 0.010383 0.021893 0.004381 0.004797 0.003891 0.008934 0.000000 0.000000 0.003534 0.003180 0.029268 0.019670 0.001519 0.043015 0.001447 0.000000 0.000000 0.000000 0.000000 0.000620 0.002840 0.008370 0.016410 0.013467 0.005884 0.033223 0.002892 0.004177 0.000009 0.008272 0.000000 0.000000 0.004287 0.004764 
0.000477 0.001438 0.000000 0.000033 0.000000 0.000355 0.000171 0.000547 0.007804 0.003335 0.003978 0.003470 0.000000 0.000000 0.000266 0.000420 0.001016 0.000518 0.000925 0.001264 0.000000 0.000300 0.000768 0.000000 0.001220 0.000000 0.000000 0.000005 0.000000 0.000000 0.000000 0.000000 0.017242 0.002147 0.004999 0.008551 0.000000 0.000457 0.000724 0.001196 0.000699 0.000002 0.000444 0.001428 0.000168 0.000000 0.000002 0.000801 0.000669 0.000011 0.000000 0.000022 0.000000 0.000000 0.000000 0.000295 0.007039 0.001005 0.000642 0.003470 0.000000 0.000000 0.000973 0.000354 0.000300 0.000002 0.000005 0.000384 0.000000 0.000000 0.000001 0.000000 0.013736 0.007682 0.002264 0.012031 0.038550 0.000000 0.001321 0.065409 0.416924 0.076855 0.048711 0.232623 0.000335 0.000003 0.000000 0.000019 0.000017 0.000331 0.000005 0.000392 0.000000 0.000000 0.000274 0.000174 
0.012676 0.005345 0.000703 0.006495 0.005865 0.001040 0.000000 0.002486 0.007213 0.003808 0.008820 0.007269 0.013110 0.003744 0.007892 0.018898 0.025326 0.010421 0.017285 0.026107 0.038232 0.005918 0.005837 0.022439 0.009820 0.002847 0.000000 0.005812 0.002243 0.001665 0.000000 0.004487 0.010349 0.009325 0.003504 0.009232 0.006558 0.004622 0.005923 0.007623 0.016445 0.012285 0.014545 0.028810 0.024712 0.006254 0.012317 0.060343 0.014111 0.010498 0.000000 0.009230 0.000979 0.003685 0.000000 0.004703 0.000000 0.001921 0.000000 0.006139 0.002681 0.002500 0.002168 0.002314 0.010026 0.009574 0.009613 0.012184 0.007881 0.000000 0.004813 0.020388 0.023366 0.003428 0.000001 0.031747 0.002849 0.001184 0.000000 0.005389 0.000000 0.007528 0.001788 0.007659 0.023203 0.003106 0.015092 0.014123 0.015331 0.014706 0.008587 0.035571 0.054421 0.008789 0.009059 0.061015 
0.039357 0.028966 0.019553 0.023169 0.009742 0.005656 0.002882 0.002719 0.011448 0.008706 0.000705 0.002836 0.003830 0.002424 0.009107 0.001057 0.007960 0.001689 0.007363 0.001307 0.000000 0.000417 0.000005 0.000000 0.047029 0.070387 0.009311 0.046331 0.010800 0.011603 0.006916 0.007275 0.023364 0.014398 0.007148 0.018813 0.007159 0.012490 0.036019 0.009636 0.005304 0.000002 0.010576 0.004224 0.000000 0.000958 0.003904 0.000748 0.038524 0.043358 0.024604 0.028533 0.007356 0.011522 0.007295 0.005211 0.007786 0.007536 0.000000 0.009269 0.006650 0.004746 0.013805 0.002477 0.006076 0.000004 0.004408 0.001052 0.000000 0.000000 0.000000 0.000000 0.033584 0.058407 0.010800 0.039772 0.002172 0.011886 0.003156 0.004360 0.004887 0.008246 0.000704 0.008081 0.004746 0.003643 0.007955 0.001967 0.002166 0.000504 0.002933 0.001854 0.000000 0.000000 0.002448 0.000229 
0.001208 0.001893 0.000000 0.001694 0.001595 0.001217 0.000000 0.001363 0.029665 0.015960 0.096903 0.014871 0.000000 0.003265 0.000001 0.005585 0.006832 0.005925 0.022714 0.002103 0.000000 0.002040 0.001098 0.002684 0.009371 0.022248 0.007923 0.052822 0.000000 0.000000 0.000000 0.000000 0.009345 0.010968 0.095161 0.009480 0.000000 0.002450 0.000797 0.000006 0.007191 0.003971 0.026737 0.003078 0.000000 0.002916 0.005453 0.008488 0.001490 0.005456 0.002511 0.008180 0.000000 0.002202 0.000000 0.001431 0.067709 0.077392 0.134977 0.051554 0.000000 0.002135 0.000001 0.001575 0.012693 0.007026 0.011589 0.004470 0.000000 0.001380 0.000938 0.003644 0.001622 0.002799 0.002300 0.004020 0.000000 0.000000 0.000000 0.000000 0.008565 0.007484 0.037718 0.003891 0.000001 0.000849 0.000000 0.000006 0.006545 0.003759 0.010984 0.003526 0.000000 0.001899 0.001692 0.006967 
0.010146 0.007541 0.003646 0.008975 0.010216 0.008115 0.002150 0.013580 0.025633 0.012381 0.010951 0.023832 0.012865 0.009064 0.017198 0.011662 0.051537 0.016069 0.043671 0.038629 0.000000 0.002394 0.001019 0.000000 0.005670 0.000001 0.003036 0.000009 0.006555 0.007589 0.002270 0.004825 0.031901 0.026138 0.005966 0.024355 0.005890 0.003887 0.010716 0.009654 0.017156 0.011445 0.018253 0.024317 0.000000 0.005093 0.004655 0.004898 0.011059 0.009929 0.004739 0.008799 0.002854 0.005635 0.000000 0.001821 0.015560 0.010621 0.000000 0.025109 0.008458 0.002354 0.008953 0.007353 0.019492 0.011621 0.019915 0.024916 0.000000 0.000000 0.002584 0.000000 0.019309 0.012351 0.005910 0.018693 0.000000 0.001437 0.001736 0.000000 0.000000 0.026302 0.007800 0.005737 0.009946 0.006422 0.006172 0.008636 0.021009 0.016654 0.020744 0.017572 0.000000 0.006069 0.004930 0.005249 
0.012313 0.013720 0.000000 0.008226 0.000001 0.003273 0.000000 0.002679 0.029151 0.012290 0.230559 0.008855 0.005176 0.000000 0.004007 0.010568 0.016127 0.005808 0.003360 0.012886 0.000000 0.001380 0.002043 0.003348 0.003438 0.000001 0.000000 0.000006 0.000000 0.000000 0.000000 0.000000 0.028787 0.021135 0.110204 0.021527 0.000000 0.000008 0.000004 0.000471 0.004412 0.004854 0.000019 0.008383 0.000000 0.000001 0.000002 0.000024 0.010696 0.003906 0.000000 0.003743 0.000000 0.000934 0.000000 0.000002 0.000000 0.013246 0.106920 0.003623 0.000000 0.000000 0.000002 0.001545 0.012148 0.009227 0.003391 0.013424 0.000000 0.000000 0.000001 0.000000 0.016726 0.012776 0.000007 0.018499 0.000000 0.001483 0.000000 0.000000 0.000000 0.021254 0.106439 0.007211 0.007463 0.001902 0.000000 0.002476 0.009731 0.005830 0.008045 0.002689 0.000000 0.001051 0.001776 0.002790 
0.000433 0.000729 0.000544 0.008355 0.000000 0.000002 0.000000 0.000432 0.000046 0.003378 0.011583 0.004528 0.000000 0.000000 0.000001 0.001048 0.003677 0.005935 0.002119 0.003607 0.000000 0.003065 0.000840 0.013305 0.002205 0.000614 0.000549 0.016150 0.000000 0.000000 0.000000 0.000000 0.000827 0.001394 0.011198 0.003818 0.000000 0.000002 0.000001 0.001946 0.000316 0.001534 0.001879 0.002269 0.002394 0.002423 0.003874 0.017086 0.002065 0.002234 0.000000 0.009563 0.000000 0.000000 0.000000 0.000289 0.000000 0.013775 0.029093 0.016099 0.000000 0.000000 0.000001 0.000165 0.005969 0.010222 0.004794 0.013184 0.000000 0.001481 0.000284 0.002565 0.035998 0.009159 0.003144 0.313053 0.000000 0.000000 0.000000 0.000000 0.000000 0.018885 0.225001 0.037525 0.000002 0.000704 0.000000 0.003840 0.003530 0.008458 0.005704 0.010064 0.004118 0.009363 0.001982 0.063579 
0.000000 0.085378 0.000000 0.346962 0.186649 0.000000 0.112537 0.069199 0.199276 0.000000 
0.000000 0.021242 0.000000 0.054250 0.000034 0.010013 0.785103 0.000000 0.108592 0.020766 
0.029479 0.161902 0.653200 0.017127 0.058485 0.031232 0.000033 0.048542 0.000000 0.000000 
0.000000 0.020195 0.022818 0.041026 0.000038 0.000000 0.915922 0.000000 0.000000 0.000000 
0.874333 0.000028 0.000000 0.000003 0.000038 0.000000 0.114942 0.010655 0.000000 0.000000 
0.015073 0.072515 0.000000 0.000003 0.000038 0.000000 0.000028 0.000000 0.000000 0.912344 
0.003169 0.003202 0.000000 0.000005 0.000038 0.000000 0.000032 0.000000 0.000000 0.993555 
0.000000 0.000038 0.000000 0.031114 0.034289 0.029919 0.128417 0.000000 0.316118 0.460105 
0.000000 0.092910 0.000000 0.169605 0.049312 0.000000 0.484527 0.203645 0.000000 0.000000 
0.203134 0.143817 0.000000 0.211524 0.066724 0.000000 0.066980 0.279078 0.028743 0.000000 
0.000000 0.268665 0.196904 0.392474 0.016683 0.000000 0.045907 0.000000 0.079368 0.000000 
0.000000 0.000032 0.000000 0.000004 0.584427 0.340085 0.040731 0.034721 0.000000 0.000000 
0.000000 0.207688 0.000000 0.032119 0.065185 0.000000 0.137131 0.000000 0.557876 0.000000 
0.000000 0.532529 0.000000 0.009213 0.201618 0.000000 0.250574 0.000000 0.000000 0.006065 
0.020230 0.146142 0.000000 0.021388 0.037913 0.000000 0.199848 0.274530 0.299948 0.000000 
0.432088 0.043944 0.000000 0.000004 0.004731 0.000000 0.110095 0.000000 0.398310 0.010827 
0.000000 0.151453 0.515747 0.140339 0.174312 0.000000 0.000032 0.000000 0.018117 0.000000 
0.000000 0.738058 0.000000 0.018304 0.035160 0.109122 0.023693 0.075662 0.000000 0.000000 
0.394293 0.025369 0.000000 0.000003 0.000047 0.000000 0.000034 0.018661 0.017587 0.544005 
0.000000 0.060753 0.078275 0.016511 0.654370 0.000000 0.103482 0.000000 0.065998 0.020610 
0.000000 0.063009 0.427638 0.017978 0.050711 0.351445 0.033390 0.000000 0.000000 0.055830 
0.000000 0.000034 0.000000 0.691613 0.275641 0.000000 0.032712 0.000000 0.000000 0.000000 
0.000000 0.085893 0.000000 0.030329 0.431576 0.000000 0.099993 0.352209 0.000000 0.000000 
0.020030 0.181456 0.000000 0.018748 0.027144 0.002555 0.048562 0.171100 0.000000 0.530404 
0.000000 0.107999 0.255877 0.075506 0.108473 0.000000 0.064004 0.388141 0.000000 0.000000 
0.000000 0.000037 0.112612 0.000004 0.100240 0.506632 0.016939 0.014862 0.000000 0.248676 
0.000000 0.611338 0.000000 0.021372 0.068188 0.047727 0.073321 0.000000 0.000000 0.178053 
0.000000 0.359733 0.000000 0.015076 0.114586 0.011957 0.085628 0.413020 0.000000 0.000000 
0.175731 0.000035 0.000000 0.000003 0.589400 0.000000 0.157876 0.000000 0.076956 0.000000 
0.000000 0.181495 0.019128 0.016838 0.142524 0.000000 0.445467 0.126233 0.000000 0.068315 
0.063375 0.000029 0.000000 0.832585 0.003219 0.007085 0.076458 0.000000 0.000000 0.017249 
0.000000 0.754943 0.043923 0.006015 0.062676 0.087107 0.024520 0.000000 0.000000 0.020815 
0.030083 0.045172 0.000000 0.000003 0.023843 0.000000 0.171133 0.000000 0.334190 0.395577 
0.000000 0.095678 0.567841 0.064204 0.176991 0.016674 0.000034 0.000000 0.063495 0.015083 
0.688283 0.042663 0.000000 0.000003 0.008796 0.048855 0.000035 0.000000 0.056468 0.154896 
0.000000 0.191833 0.453135 0.017109 0.087920 0.030626 0.013813 0.171547 0.000000 0.034018 
0.032845 0.059649 0.016393 0.000003 0.000032 0.000000 0.834556 0.000000 0.000000 0.056522 
0.026114 0.040586 0.077463 0.000002 0.000036 0.630126 0.225672 0.000000 0.000000 0.000000 
0.000000 0.183211 0.000000 0.125750 0.067126 0.076536 0.281022 0.266354 0.000000 0.000000 
0.000000 0.044928 0.234798 0.075212 0.042853 0.000000 0.108941 0.000000 0.307712 0.185556 
0.026359 0.000036 0.054416 0.000003 0.021828 0.000000 0.897358 0.000000 0.000000 0.000000 
0.000000 0.254576 0.000000 0.018530 0.152954 0.025927 0.061068 0.285271 0.000000 0.201674 
0.000000 0.000036 0.000000 0.000002 0.012830 0.101190 0.869436 0.000000 0.000000 0.016506 
0.041459 0.000036 0.000000 0.009159 0.708727 0.000000 0.093991 0.083891 0.062737 0.000000 
0.000000 0.000033 0.047616 0.127499 0.018978 0.000000 0.262536 0.032889 0.000000 0.510448 
0.030533 0.000039 0.000000 0.000004 0.050268 0.004094 0.008578 0.000000 0.000000 0.906482 
0.000000 0.000032 0.000000 0.490436 0.291506 0.000000 0.200991 0.000000 0.000000 0.017035 
0.000000 0.328702 0.086878 0.025996 0.039632 0.431828 0.000034 0.023799 0.000000 0.063131 
0.022111 0.139022 0.000000 0.039559 0.000033 0.756708 0.020015 0.000000 0.000000 0.022552 
0.000000 0.076743 0.133151 0.000003 0.186714 0.352825 0.059275 0.191289 0.000000 0.000000 
0.036812 0.040979 0.216227 0.016207 0.187539 0.000000 0.502235 0.000000 0.000000 0.000000 
0.243304 0.429443 0.000000 0.183834 0.065485 0.000000 0.020051 0.057884 0.000000 0.000000 
0.928253 0.012311 0.000000 0.000003 0.019893 0.000000 0.004268 0.000000 0.000000 0.035272 
0.000000 0.036323 0.014624 0.007403 0.000037 0.628230 0.313382 0.000000 0.000000 0.000000 
0.083017 0.092869 0.000000 0.030331 0.007706 0.013257 0.000034 0.035933 0.012737 0.724116 
0.000000 0.256963 0.000000 0.025675 0.112865 0.000000 0.079359 0.525137 0.000000 0.000000 
0.000000 0.474675 0.230553 0.002649 0.136520 0.024102 0.000032 0.000000 0.037101 0.094368 
0.000000 0.027148 0.000000 0.024457 0.854734 0.000000 0.084725 0.000000 0.000000 0.008937 
0.085418 0.000033 0.000000 0.000003 0.855662 0.000000 0.058883 0.000000 0.000000 0.000000 
0.018529 0.016071 0.000000 0.603079 0.347774 0.000000 0.014547 0.000000 0.000000 0.000000 
0.092482 0.000032 0.034730 0.000003 0.061974 0.000000 0.758546 0.000000 0.052232 0.000000 
0.000000 0.000037 0.092183 0.418257 0.443650 0.000000 0.045873 0.000000 0.000000 0.000000 
0.124650 0.005249 0.013661 0.114099 0.029509 0.000000 0.348857 0.000000 0.000000 0.363975 
0.649625 0.038119 0.000000 0.291367 0.018035 0.000000 0.002853 0.000000 0.000000 0.000000 
0.000000 0.118544 0.018865 0.099767 0.090612 0.256317 0.107322 0.308573 0.000000 0.000000 
0.000000 0.064820 0.000000 0.000003 0.000039 0.642652 0.171204 0.000000 0.000000 0.121283 
0.077296 0.077174 0.000000 0.000003 0.244717 0.275062 0.125720 0.200027 0.000000 0.000000 
0.016223 0.526986 0.054873 0.185539 0.052710 0.000000 0.163668 0.000000 0.000000 0.000000 
0.000000 0.032329 0.000000 0.421502 0.499445 0.000000 0.032268 0.000000 0.000000 0.014456 
0.060089 0.403248 0.396504 0.009648 0.067652 0.000000 0.024415 0.038444 0.000000 0.000000 
0.000000 0.059534 0.202731 0.021155 0.103836 0.010380 0.055246 0.000000 0.098741 0.448376 
0.000000 0.000027 0.000000 0.035891 0.000032 0.000000 0.942782 0.000000 0.000000 0.021268 
0.047668 0.063478 0.113448 0.021979 0.003853 0.749541 0.000034 0.000000 0.000000 0.000000 
0.000000 0.013191 0.000000 0.078551 0.033702 0.022429 0.199777 0.000000 0.472244 0.180106 
0.000000 0.025293 0.061901 0.060966 0.194702 0.069816 0.000036 0.084280 0.000000 0.503006 
0.000000 0.080604 0.030318 0.053494 0.041150 0.630140 0.024057 0.036130 0.000000 0.104106 
0.000000 0.000031 0.033430 0.000003 0.000035 0.006162 0.960339 0.000000 0.000000 0.000000 
0.000000 0.011623 0.000000 0.988320 0.000027 0.000000 0.000030 0.000000 0.000000 0.000000 
0.319627 0.055643 0.000000 0.000003 0.018139 0.258968 0.310401 0.000000 0.037219 0.000000 
0.000000 0.314309 0.000000 0.000003 0.006846 0.011501 0.667341 0.000000 0.000000 0.000000 
0.000000 0.322426 0.008711 0.041232 0.103824 0.000000 0.072535 0.203113 0.000000 0.248159 
0.000000 0.046830 0.000000 0.052404 0.473662 0.000000 0.191889 0.080990 0.154225 0.000000 
0.250157 0.080186 0.064685 0.000003 0.022584 0.523670 0.058715 0.000000 0.000000 0.000000 
0.011524 0.051657 0.348277 0.098580 0.097755 0.000000 0.000026 0.000000 0.000000 0.392181 
0.000000 0.046392 0.146062 0.000003 0.490082 0.094764 0.042758 0.000000 0.000000 0.179939 
0.000000 0.079374 0.016050 0.279058 0.030461 0.066119 0.395573 0.113143 0.000000 0.020223 
0.000000 0.287675 0.058504 0.022907 0.054802 0.000000 0.185119 0.390993 0.000000 0.000000 
0.615358 0.029671 0.106387 0.000003 0.000041 0.000000 0.248540 0.000000 0.000000 0.000000 
0.000000 0.000034 0.063272 0.016794 0.212047 0.000000 0.452003 0.000000 0.233854 0.021996 
0.000000 0.830712 0.000000 0.030479 0.073006 0.054481 0.011321 0.000000 0.000000 0.000000 
0.406704 0.081669 0.000000 0.000003 0.074787 0.000000 0.147384 0.289453 0.000000 0.000000 
0.340849 0.158753 0.008181 0.000003 0.054071 0.000000 0.053575 0.328811 0.000000 0.055757 
0.000000 0.000041 0.014110 0.004934 0.000045 0.000000 0.019283 0.000000 0.010896 0.950691 
0.000000 0.250049 0.638091 0.029122 0.072568 0.010136 0.000033 0.000000 0.000000 0.000000 
0.000000 0.075473 0.000000 0.220223 0.032132 0.000000 0.137009 0.126811 0.000000 0.408352 
0.000000 0.050992 0.072134 0.000003 0.000027 0.815788 0.018146 0.000000 0.042911 0.000000 
0.000000 0.000031 0.000000 0.919608 0.017723 0.033379 0.018943 0.000000 0.000000 0.010316 
0.631327 0.008202 0.000000 0.093814 0.193455 0.000000 0.049872 0.000000 0.023330 0.000000 
0.027679 0.000034 0.000000 0.929367 0.000030 0.000000 0.042890 0.000000 0.000000 0.000000 
0.000000 0.061683 0.000000 0.024218 0.264425 0.018434 0.083248 0.501293 0.000000 0.046700 
0.000000 0.207165 0.245197 0.323316 0.021788 0.129235 0.000035 0.000000 0.073264 0.000000 
0.013320 0.517583 0.028642 0.115392 0.111165 0.000000 0.056020 0.157878 0.000000 0.000000 
0.000000 0.199219 0.000000 0.010649 0.031889 0.035069 0.000031 0.034668 0.000000 0.688474 
0.000000 0.095361 0.000000 0.462381 0.030570 0.000000 0.094366 0.277223 0.040098 0.000000 
0.000000 0.032049 0.075003 0.008230 0.000040 0.000000 0.165897 0.062353 0.229739 0.426689 
0.719574 0.000036 0.024047 0.000003 0.014345 0.000000 0.071169 0.063420 0.107407 0.000000 
0.000000 0.082198 0.000000 0.030974 0.038900 0.000000 0.191517 0.130441 0.525969 0.000000 
0.202483 0.044962 0.104356 0.000003 0.168962 0.434452 0.044782 0.000000 0.000000 0.000000 
0.000000 0.127146 0.273851 0.016312 0.105341 0.000000 0.047998 0.415376 0.000000 0.013977 
0.104641 0.094275 0.491145 0.000003 0.024047 0.000000 0.285889 0.000000 0.000000 0.000000 
0.185119 0.179602 0.000000 0.034713 0.465929 0.000000 0.050980 0.071743 0.000000 0.011915 
0.000000 0.013955 0.043073 0.000003 0.012537 0.000000 0.843496 0.000000 0.086935 0.000000 
0.130475 0.000023 0.000000 0.000002 0.000069 0.000000 0.365999 0.000000 0.008632 0.494800 
0.000000 0.041803 0.051649 0.084125 0.000033 0.000000 0.806647 0.000000 0.000000 0.015742 
0.000000 0.124580 0.161739 0.011240 0.360862 0.048517 0.082372 0.197380 0.000000 0.013309 
0.039090 0.499063 0.273803 0.058602 0.051699 0.000000 0.000035 0.000000 0.049985 0.027724 
0.084395 0.042450 0.343996 0.000003 0.000045 0.041509 0.000028 0.000000 0.000000 0.487575 
0.000000 0.131196 0.633846 0.010358 0.088480 0.000000 0.000033 0.091705 0.000000 0.044382 
0.112374 0.052324 0.024157 0.000002 0.487625 0.292582 0.030936 0.000000 0.000000 0.000000 
0.000000 0.052322 0.498450 0.009036 0.085804 0.036191 0.318198 0.000000 0.000000 0.000000 
0.250499 0.058047 0.000000 0.025176 0.571369 0.000000 0.078267 0.000000 0.000000 0.016642 
0.000000 0.000031 0.000000 0.000002 0.005672 0.068451 0.925843 0.000000 0.000000 0.000000 
0.000000 0.000033 0.120579 0.535797 0.016123 0.000000 0.113978 0.110625 0.000000 0.102865 
0.272325 0.146917 0.000000 0.000003 0.085701 0.000000 0.109389 0.257316 0.128349 0.000000 
0.014529 0.018265 0.045662 0.000003 0.012102 0.055894 0.050361 0.000000 0.109133 0.694051 
0.000000 0.168325 0.000000 0.105800 0.075228 0.000000 0.173268 0.244102 0.233277 0.000000 
0.000000 0.180204 0.000000 0.016125 0.717043 0.000000 0.074786 0.000000 0.000000 0.011842 
0.000000 0.000034 0.035208 0.009711 0.812176 0.000000 0.078750 0.000000 0.000000 0.064121 
0.423417 0.006497 0.028274 0.000003 0.300958 0.000000 0.047990 0.000000 0.000000 0.192862 
0.211944 0.108216 0.560377 0.000003 0.074669 0.000000 0.044791 0.000000 0.000000 0.000000 
0.284316 0.105599 0.451182 0.000003 0.104085 0.040733 0.004218 0.009863 0.000000 0.000000 
0.000000 0.201301 0.014042 0.021065 0.118003 0.000000 0.133506 0.512082 0.000000 0.000000 
0.000000 0.000042 0.000000 0.007504 0.046389 0.000000 0.000035 0.000000 0.000000 0.946029 
0.000000 0.000035 0.262264 0.013165 0.043038 0.000000 0.021342 0.000000 0.048973 0.611184 
0.000000 0.031737 0.196813 0.019732 0.071647 0.000000 0.110684 0.093472 0.000000 0.475915 
0.000000 0.019620 0.014629 0.029819 0.004498 0.144275 0.121084 0.070177 0.376945 0.218953 
0.077008 0.659524 0.000000 0.021748 0.068127 0.000000 0.059094 0.000000 0.046485 0.068013 
0.030708 0.000034 0.050655 0.807836 0.039317 0.071411 0.000039 0.000000 0.000000 0.000000 
0.000000 0.839321 0.031759 0.010536 0.077479 0.040865 0.000041 0.000000 0.000000 0.000000 
0.213395 0.040328 0.000000 0.000003 0.000031 0.688058 0.021427 0.036757 0.000000 0.000000 
0.000000 0.084583 0.030145 0.000002 0.000038 0.196522 0.657363 0.000000 0.031347 0.000000 
0.000000 0.032251 0.033476 0.000003 0.005475 0.060405 0.868391 0.000000 0.000000 0.000000 
0.000000 0.039139 0.085191 0.006990 0.018549 0.000000 0.000035 0.000000 0.000000 0.850096 
0.042752 0.111383 0.032246 0.000003 0.042090 0.202141 0.308620 0.260766 0.000000 0.000000 
0.000000 0.032987 0.000000 0.157304 0.115223 0.000000 0.206829 0.000000 0.355032 0.132625 
0.000000 0.125225 0.056846 0.004678 0.040484 0.210827 0.311901 0.238081 0.000000 0.011959 
0.000000 0.013858 0.103432 0.000003 0.000046 0.863305 0.019356 0.000000 0.000000 0.000000 
0.000000 0.421769 0.000000 0.011647 0.306099 0.208260 0.000034 0.037202 0.014988 0.000000 
0.000000 0.627506 0.031061 0.015892 0.168779 0.000000 0.000034 0.000000 0.000000 0.156729 
0.000000 0.182298 0.034545 0.012343 0.312767 0.000000 0.142228 0.041059 0.274760 0.000000 
0.000000 0.136572 0.425528 0.013555 0.213698 0.089872 0.026268 0.027054 0.000000 0.067453 
0.000000 0.000035 0.000000 0.730643 0.241429 0.000000 0.027892 0.000000 0.000000 0.000000 
0.000000 0.642993 0.010344 0.023591 0.067742 0.125062 0.000033 0.101315 0.019739 0.009181 
0.000000 0.451326 0.039905 0.466845 0.031128 0.000000 0.010797 0.000000 0.000000 0.000000 
0.000000 0.717165 0.000000 0.025153 0.038620 0.133693 0.017356 0.068013 0.000000 0.000000 
0.000000 0.000034 0.000000 0.960654 0.004152 0.035136 0.000024 0.000000 0.000000 0.000000 
0.019414 0.000037 0.026702 0.579234 0.000034 0.352217 0.022362 0.000000 0.000000 0.000000 
0.186386 0.000039 0.000000 0.371952 0.257296 0.000000 0.053571 0.000000 0.008096 0.122660 
0.018039 0.032567 0.105053 0.164504 0.010752 0.487313 0.010520 0.000000 0.000000 0.171252 
0.000000 0.026965 0.000000 0.021885 0.007941 0.000000 0.230462 0.093095 0.619652 0.000000 
0.000000 0.054912 0.000000 0.005626 0.862054 0.000000 0.063720 0.000000 0.013688 0.000000 
0.000000 0.000038 0.132487 0.000003 0.000045 0.822958 0.030649 0.000000 0.000000 0.013820 
0.000000 0.732544 0.080940 0.019424 0.077228 0.039638 0.033227 0.000000 0.000000 0.016999 
0.000000 0.000034 0.000000 0.005596 0.879681 0.000000 0.101328 0.000000 0.013360 0.000000 
0.077340 0.038657 0.038367 0.029813 0.208338 0.145953 0.153820 0.090435 0.196744 0.020533 
0.000000 0.044008 0.695617 0.023290 0.165192 0.048631 0.023262 0.000000 0.000000 0.000000 
0.000000 0.084724 0.349996 0.007219 0.010134 0.000000 0.406560 0.000000 0.141368 0.000000 
0.000000 0.494726 0.000000 0.022649 0.262018 0.047032 0.130151 0.000000 0.043424 0.000000 
0.000000 0.057860 0.158681 0.026060 0.029335 0.000000 0.172303 0.195017 0.360743 0.000000 
0.000000 0.043021 0.000000 0.252662 0.475212 0.000000 0.096960 0.000000 0.106943 0.025201 
0.000000 0.040236 0.063389 0.000003 0.014322 0.747131 0.000034 0.059455 0.000000 0.075430 
0.000000 0.065638 0.000000 0.015758 0.868006 0.000000 0.050597 0.000000 0.000000 0.000000 
0.102396 0.485247 0.043703 0.049190 0.038962 0.228155 0.005603 0.000000 0.046745 0.000000 
0.000000 0.219684 0.000000 0.010341 0.071100 0.048049 0.561914 0.088912 0.000000 0.000000 
0.042369 0.160348 0.690944 0.000003 0.068883 0.017015 0.000034 0.000000 0.020403 0.000000 
0.721928 0.019361 0.000000 0.222469 0.000046 0.000000 0.025172 0.011023 0.000000 0.000000 
0.000000 0.713646 0.000000 0.032992 0.019369 0.034042 0.000034 0.000000 0.199916 0.000000 
0.000000 0.545491 0.044099 0.220664 0.167399 0.000000 0.015162 0.000000 0.000000 0.007184 
0.000000 0.116529 0.000000 0.024728 0.254650 0.000000 0.283591 0.300011 0.000000 0.020491 
0.021042 0.127043 0.023523 0.218418 0.000042 0.592165 0.000039 0.000000 0.000000 0.017729 
0.000000 0.000028 0.000000 0.000002 0.108540 0.038860 0.833781 0.000000 0.000000 0.018789 
0.911973 0.007863 0.000000 0.000002 0.051901 0.016613 0.000035 0.000000 0.011612 0.000000 
0.000000 0.086629 0.602317 0.014887 0.236545 0.044339 0.015282 0.000000 0.000000 0.000000 
0.000000 0.109874 0.238680 0.030054 0.033309 0.478737 0.036616 0.059421 0.000000 0.013309 
0.000000 0.033232 0.000000 0.024565 0.111436 0.067636 0.283842 0.054136 0.369316 0.055836 
0.177578 0.000042 0.036755 0.000003 0.069751 0.000000 0.069161 0.000000 0.029424 0.617287 
0.608284 0.375057 0.000000 0.000003 0.016632 0.000000 0.000023 0.000000 0.000000 0.000000 
0.000000 0.147624 0.093525 0.475052 0.048215 0.000000 0.014899 0.197573 0.023112 0.000000 
0.450333 0.488398 0.000000 0.000003 0.048753 0.012486 0.000027 0.000000 0.000000 0.000000 
0.000000 0.635556 0.000000 0.021255 0.012558 0.324273 0.006358 0.000000 0.000000 0.000000 
0.033299 0.059657 0.056911 0.248213 0.012842 0.389764 0.038240 0.061543 0.063061 0.036471 
0.000000 0.212024 0.074655 0.020785 0.114901 0.000000 0.075907 0.501728 0.000000 0.000000 
0.199095 0.011880 0.000000 0.000003 0.013361 0.014304 0.017629 0.000000 0.000000 0.743728 
0.000000 0.048550 0.000000 0.055142 0.026294 0.000000 0.175689 0.000000 0.241729 0.452596 
0.000000 0.000033 0.184819 0.000003 0.024555 0.763856 0.000037 0.026697 0.000000 0.000000 
0.046872 0.153137 0.000000 0.000003 0.072254 0.000000 0.287838 0.000000 0.000000 0.439896 
0.601892 0.154315 0.027461 0.000003 0.031502 0.000000 0.037522 0.147305 0.000000 0.000000 
0.000000 0.022938 0.000000 0.040421 0.050662 0.000000 0.238400 0.000000 0.647579 0.000000 
0.137645 0.676850 0.043440 0.000003 0.131720 0.010316 0.000026 0.000000 0.000000 0.000000 
0.322218 0.054703 0.377761 0.000003 0.047848 0.197430 0.000037 0.000000 0.000000 0.000000 
0.0792521 0.276899 0.125025 0.176904 0.289532 0.104152 0.2752 0.0795523 0.0634698 0.105573 
