-782203.517853
0
0.000737 0.001110 0.000353 0.009300 0.000000 0.000000 0.000000 0.000235 0.000001 0.003229 0.014807 0.004389 0.000000 0.000000 0.000000 0.001818 0.003672 0.005881 0.001776 0.004347 0.000000 0.002986 0.000965 0.012917 0.002184 0.000000 0.000398 0.015155 0.000000 0.000000 0.000000 0.000000 0.001227 0.001779 0.012411 0.004812 0.000000 0.000001 0.000000 0.002361 0.000231 0.001559 0.001424 0.002324 0.002356 0.002082 0.003586 0.016175 0.002270 0.002059 0.000000 0.009567 0.000000 0.000000 0.000000 0.000000 0.000001 0.012503 0.029822 0.014657 0.000000 0.000000 0.000094 0.000256 0.005759 0.010071 0.004324 0.013399 0.000000 0.001411 0.000158 0.002430 0.037276 0.008933 0.002580 0.307593 0.000000 0.000000 0.000000 0.000000 0.002359 0.020097 0.227095 0.038733 0.000517 0.000808 0.000000 0.004258 0.003377 0.008177 0.005271 0.009700 0.003910 0.008540 0.001835 0.061572 
0.000367 0.001304 0.000425 0.000004 0.000000 0.000000 0.000193 0.000297 0.007281 0.003256 0.002569 0.002943 0.000000 0.000000 0.000000 0.000031 0.000591 0.000411 0.000704 0.001034 0.000000 0.000308 0.000717 0.000000 0.001300 0.000000 0.000000 0.000021 0.000000 0.000000 0.000000 0.000000 0.017830 0.002660 0.004788 0.008814 0.000000 0.000477 0.000821 0.000879 0.000634 0.000002 0.000445 0.001377 0.000200 0.000001 0.000002 0.000996 0.000841 0.000001 0.000164 0.000001 0.000000 0.000000 0.000169 0.000334 0.006940 0.000937 0.000000 0.003241 0.000000 0.000000 0.000890 0.000001 0.000095 0.000001 0.000001 0.000252 0.000000 0.000000 0.000002 0.000000 0.013836 0.007644 0.001983 0.010730 0.040213 0.000000 0.001462 0.069008 0.415648 0.079057 0.048511 0.233524 0.000166 0.000001 0.000000 0.000100 0.000004 0.000007 0.000004 0.000408 0.000000 0.000139 0.000002 0.000001 
0.036780 0.031871 0.009803 0.026820 0.016330 0.009619 0.003718 0.013480 0.015665 0.009610 0.002107 0.011516 0.006971 0.007488 0.011494 0.008078 0.009695 0.005307 0.008667 0.008270 0.000000 0.000162 0.004469 0.000000 0.037877 0.041943 0.005337 0.034690 0.014132 0.012985 0.005308 0.014334 0.015923 0.010006 0.004006 0.022455 0.009217 0.017075 0.026107 0.019166 0.004902 0.005852 0.007972 0.005150 0.000000 0.001682 0.004987 0.000234 0.027064 0.026721 0.009701 0.023390 0.009587 0.009162 0.003417 0.010177 0.009504 0.005912 0.000000 0.008974 0.007893 0.007189 0.013159 0.011793 0.005421 0.002759 0.004409 0.003256 0.000272 0.001668 0.006641 0.000316 0.024989 0.038181 0.006211 0.032726 0.007226 0.015329 0.002459 0.013406 0.003737 0.008233 0.000035 0.008095 0.006075 0.009106 0.006340 0.013004 0.003460 0.002248 0.002492 0.002881 0.000000 0.001361 0.004757 0.000000 
0.011367 0.005515 0.000000 0.006539 0.009265 0.003380 0.000170 0.009224 0.012127 0.005192 0.009704 0.013583 0.015368 0.006071 0.009788 0.021304 0.032979 0.014996 0.023408 0.036208 0.022528 0.004701 0.007621 0.018162 0.006926 0.000250 0.000000 0.003148 0.003637 0.002640 0.000000 0.007719 0.010574 0.008728 0.002704 0.011302 0.006823 0.004971 0.004384 0.010060 0.016657 0.017368 0.014007 0.028821 0.014477 0.006803 0.011804 0.040719 0.010465 0.006835 0.000000 0.007245 0.001751 0.003634 0.000000 0.006479 0.005516 0.003223 0.000000 0.008946 0.003427 0.003012 0.002733 0.004394 0.011610 0.012200 0.011876 0.017167 0.006895 0.000925 0.008633 0.017424 0.018750 0.001631 0.000000 0.019925 0.005169 0.002253 0.000000 0.010238 0.004164 0.007686 0.000045 0.008650 0.020865 0.004790 0.012372 0.017431 0.019068 0.018794 0.011021 0.032678 0.032015 0.009187 0.010476 0.044676 
0.000002 0.000005 0.000000 0.000555 0.000000 0.000000 0.000000 0.000001 0.000002 0.019153 0.000190 0.005434 0.000739 0.000000 0.001482 0.004314 0.001306 0.000004 0.000639 0.000820 0.000000 0.000001 0.000784 0.000000 0.001670 0.000000 0.000000 0.000501 0.000000 0.000000 0.000294 0.000000 0.079474 0.102235 0.020973 0.083093 0.000000 0.000376 0.000352 0.001807 0.000002 0.000690 0.000032 0.005174 0.000000 0.001064 0.000140 0.000562 0.000006 0.000001 0.000000 0.000001 0.000315 0.000292 0.000000 0.000000 0.000001 0.020208 0.000000 0.016559 0.000000 0.000000 0.000976 0.000945 0.000788 0.000001 0.000001 0.008151 0.000000 0.000000 0.001237 0.000000 0.000111 0.003862 0.000614 0.001288 0.000000 0.001238 0.000000 0.000000 0.121007 0.289774 0.099784 0.079956 0.001683 0.000906 0.000752 0.004720 0.002149 0.001179 0.002539 0.002449 0.000000 0.000926 0.000949 0.000767 
0.002620 0.004124 0.000000 0.002477 0.001118 0.001819 0.000000 0.001578 0.032320 0.015455 0.138158 0.014772 0.000305 0.002868 0.000749 0.006736 0.010174 0.006347 0.020566 0.004491 0.000000 0.001971 0.001138 0.002502 0.007461 0.015733 0.005848 0.038905 0.000000 0.000000 0.000000 0.000000 0.012395 0.011501 0.102361 0.010439 0.000000 0.001863 0.000000 0.000001 0.007119 0.004146 0.021330 0.004293 0.000000 0.002217 0.004238 0.006358 0.002807 0.004727 0.001397 0.006927 0.000000 0.001712 0.000000 0.001032 0.053007 0.063620 0.132808 0.042871 0.000000 0.001562 0.000000 0.001664 0.013741 0.007813 0.010711 0.006528 0.000000 0.001024 0.000699 0.002708 0.003426 0.004029 0.002027 0.003356 0.000000 0.000000 0.000000 0.000000 0.007519 0.005542 0.045991 0.003838 0.001029 0.000959 0.000000 0.000486 0.007750 0.004410 0.011443 0.003449 0.000000 0.001590 0.001609 0.005692 
0.027512 0.341704 0.077415 0.264237 0.015564 0.273569 
0.027700 0.049831 0.036564 0.000385 0.016242 0.869278 
0.022071 0.014830 0.668009 0.237659 0.006929 0.050502 
0.000003 0.039284 0.041743 0.000363 0.006350 0.912257 
0.000003 0.012558 0.001680 0.000308 0.877236 0.108216 
0.915548 0.000001 0.060726 0.023427 0.000002 0.000297 
0.992332 0.000000 0.006773 0.000367 0.000002 0.000527 
0.507780 0.024344 0.045915 0.055664 0.000002 0.366295 
0.000003 0.152835 0.135692 0.170802 0.032047 0.508621 
0.000003 0.199773 0.172227 0.266893 0.246455 0.114649 
0.000002 0.394344 0.333621 0.137049 0.000002 0.134982 
0.000003 0.000000 0.383853 0.574502 0.000002 0.041639 
0.040925 0.018755 0.174311 0.136208 0.055780 0.574021 
0.000003 0.000001 0.353801 0.393834 0.022136 0.230225 
0.016752 0.000001 0.199391 0.209400 0.077681 0.496775 
0.044432 0.039525 0.055995 0.007423 0.440409 0.412216 
0.000003 0.129076 0.479188 0.332409 0.000002 0.059323 
0.000002 0.011404 0.660615 0.284493 0.013462 0.030024 
0.541725 0.022160 0.016318 0.021115 0.376415 0.022267 
0.056310 0.006024 0.065483 0.723442 0.000002 0.148738 
0.070004 0.010163 0.758054 0.095440 0.000002 0.066337 
0.003335 0.680700 0.009912 0.275457 0.000002 0.030594 
0.000003 0.000001 0.146763 0.681378 0.054638 0.117217 
0.511127 0.000001 0.198605 0.172564 0.049145 0.068559 
0.000003 0.048716 0.361274 0.432920 0.044825 0.112263 
0.270020 0.000001 0.622978 0.090501 0.000002 0.016498 
0.154109 0.025485 0.505320 0.238857 0.000002 0.076226 
0.000002 0.000000 0.381123 0.462703 0.048635 0.107537 
0.020376 0.000000 0.017780 0.580426 0.177036 0.204381 
0.060830 0.014172 0.179048 0.284878 0.000002 0.461070 
0.021295 0.826546 0.004609 0.004342 0.058656 0.084552 
0.009259 0.000001 0.667153 0.287183 0.000002 0.036403 
0.431443 0.000000 0.050094 0.061799 0.046295 0.410370 
0.043943 0.050355 0.474272 0.340843 0.000002 0.090585 
0.166140 0.021255 0.080855 0.001399 0.682677 0.047675 
0.038031 0.000001 0.563329 0.330505 0.015516 0.052619 
0.054415 0.000001 0.073213 0.000383 0.034100 0.837889 
0.000003 0.000000 0.744895 0.000421 0.029123 0.225558 
0.000002 0.106994 0.301557 0.243170 0.040800 0.307477 
0.242783 0.063010 0.221226 0.114063 0.009995 0.348922 
0.000003 0.000001 0.036914 0.033405 0.026678 0.902999 
0.181371 0.000001 0.281689 0.410377 0.045875 0.080687 
0.019616 0.000000 0.102406 0.010849 0.000002 0.867127 
0.045684 0.000000 0.021242 0.756027 0.048564 0.128483 
0.519754 0.120619 0.053196 0.036814 0.000002 0.269615 
0.925732 0.000001 0.008446 0.041368 0.019900 0.004554 
0.032937 0.476490 0.000979 0.297689 0.000002 0.191903 
0.063086 0.019096 0.771807 0.124570 0.011427 0.010014 
0.028881 0.035235 0.885950 0.000355 0.030186 0.019393 
0.007633 0.000000 0.607722 0.307818 0.000002 0.076825 
0.000003 0.013717 0.196542 0.262434 0.030995 0.496310 
0.000002 0.195593 0.298410 0.234946 0.246968 0.024080 
0.039243 0.000000 0.002515 0.011713 0.940404 0.006124 
0.007998 0.003656 0.676127 0.000255 0.000002 0.311962 
0.723904 0.033424 0.096595 0.050921 0.080780 0.014376 
0.000002 0.000001 0.324121 0.504838 0.058478 0.112561 
0.096988 0.000000 0.502222 0.354488 0.000002 0.046299 
0.035872 0.013441 0.047519 0.840586 0.000002 0.062581 
0.026278 0.000001 0.001299 0.855968 0.071804 0.044651 
0.000003 0.611349 0.003437 0.369828 0.000002 0.015381 
0.011010 0.000001 0.030621 0.067515 0.093256 0.797597 
0.024604 0.398700 0.053310 0.477286 0.000002 0.046098 
0.372783 0.114965 0.019634 0.025167 0.118473 0.348978 
0.006062 0.307659 0.019792 0.028215 0.633843 0.004428 
0.000003 0.087355 0.485314 0.260835 0.023581 0.142913 
0.124552 0.000000 0.701657 0.000251 0.007592 0.165948 
0.007440 0.000000 0.413127 0.350481 0.091935 0.137017 
0.000002 0.196039 0.411286 0.217855 0.013115 0.161704 
0.038401 0.404821 0.036051 0.499028 0.000002 0.021697 
0.000002 0.008230 0.600007 0.281297 0.051925 0.058538 
0.474514 0.012900 0.191601 0.182007 0.000002 0.138977 
0.020131 0.036370 0.000601 0.000263 0.000002 0.942633 
0.000003 0.018980 0.910646 0.004164 0.052457 0.013751 
0.236626 0.057878 0.041177 0.052397 0.054825 0.557097 
0.519853 0.052490 0.159059 0.261507 0.000002 0.007090 
0.119395 0.049140 0.759424 0.043436 0.000002 0.028603 
0.000003 0.000000 0.025975 0.000452 0.006891 0.966680 
0.000002 0.988990 0.007067 0.000290 0.000002 0.003648 
0.000003 0.000001 0.309640 0.022752 0.325855 0.341749 
0.000002 0.000001 0.264573 0.079914 0.000002 0.655508 
0.229719 0.032413 0.300697 0.327215 0.021438 0.088519 
0.020691 0.035721 0.044222 0.560609 0.027159 0.311598 
0.000003 0.016907 0.648817 0.029124 0.238987 0.066162 
0.419878 0.088471 0.307094 0.184128 0.000002 0.000427 
0.209247 0.000000 0.230072 0.521406 0.000002 0.039273 
0.018232 0.276529 0.196238 0.091536 0.000002 0.417464 
0.000002 0.000001 0.349589 0.373990 0.050965 0.225455 
0.009327 0.000001 0.104466 0.016784 0.619982 0.249440 
0.057204 0.000001 0.043404 0.246581 0.021573 0.631237 
0.000002 0.033178 0.630444 0.325104 0.000002 0.011270 
0.000002 0.000001 0.140422 0.245869 0.437698 0.176009 
0.038106 0.000000 0.189002 0.315725 0.381275 0.075891 
0.956985 0.000001 0.002272 0.016259 0.000002 0.024481 
0.009717 0.017163 0.678940 0.246903 0.000002 0.047275 
0.398883 0.214921 0.088686 0.127938 0.007830 0.161741 
0.000003 0.000000 0.924473 0.000178 0.000002 0.075344 
0.019446 0.907232 0.035659 0.015511 0.000002 0.022150 
0.000003 0.107740 0.001010 0.202521 0.622890 0.065836 
0.000002 0.928424 0.000866 0.000430 0.022627 0.047651 
0.040508 0.000000 0.174873 0.605712 0.064343 0.114565 
0.000006 0.322835 0.477627 0.103883 0.000002 0.095648 
0.000002 0.111706 0.432425 0.357551 0.035123 0.063193 
0.680108 0.007350 0.194815 0.117232 0.000002 0.000494 
0.000003 0.438188 0.126407 0.224652 0.053653 0.157097 
0.450919 0.000000 0.075248 0.095718 0.010958 0.367158 
0.011029 0.000001 0.046459 0.030569 0.746935 0.165007 
0.021803 0.000001 0.125935 0.130240 0.089830 0.632192 
0.020381 0.000000 0.562843 0.168039 0.198293 0.050443 
0.000003 0.000000 0.403228 0.448346 0.046155 0.102267 
0.000003 0.004632 0.470871 0.130590 0.086211 0.307693 
0.024244 0.033410 0.110144 0.598918 0.188987 0.044297 
0.000003 0.000001 0.043419 0.024859 0.000002 0.931717 
0.498115 0.000000 0.000383 0.000305 0.126913 0.374283 
0.016802 0.082999 0.096467 0.000513 0.000002 0.803217 
0.024526 0.000001 0.293411 0.574713 0.005564 0.101785 
0.025558 0.064557 0.555406 0.241249 0.034169 0.079060 
0.510595 0.000001 0.322191 0.097744 0.068845 0.000624 
0.057460 0.000001 0.571579 0.320245 0.000001 0.050714 
0.000003 0.000000 0.371468 0.492190 0.112810 0.023528 
0.010545 0.000001 0.465209 0.191802 0.000002 0.332441 
0.040788 0.023612 0.037115 0.591506 0.241196 0.065783 
0.000003 0.000000 0.064743 0.006722 0.007722 0.920809 
0.102683 0.526808 0.128713 0.102886 0.000002 0.138907 
0.000002 0.000001 0.157464 0.291112 0.307319 0.244102 
0.723649 0.000000 0.112420 0.017666 0.010618 0.135647 
0.000003 0.083873 0.209023 0.251040 0.061158 0.394902 
0.030237 0.006848 0.093835 0.808408 0.000002 0.060671 
0.093016 0.000001 0.044831 0.795903 0.000002 0.066247 
0.215656 0.000001 0.017232 0.308520 0.418066 0.040525 
0.000003 0.000001 0.519692 0.203956 0.195961 0.080387 
0.000003 0.000001 0.446163 0.235568 0.270735 0.047531 
0.000002 0.000000 0.281518 0.496000 0.051353 0.171126 
0.952810 0.000001 0.013425 0.033078 0.000002 0.000685 
0.640353 0.001161 0.189297 0.103831 0.000002 0.065356 
0.487142 0.011712 0.198259 0.177281 0.000002 0.125604 
0.274040 0.012014 0.228120 0.014384 0.028471 0.442971 
0.044732 0.028992 0.438787 0.297341 0.081276 0.108872 
0.000003 0.823608 0.111825 0.048572 0.000002 0.015990 
0.000002 0.004626 0.627074 0.363390 0.000002 0.004907 
0.010300 0.000000 0.747474 0.000202 0.223356 0.018667 
0.000003 0.000000 0.305344 0.003117 0.000001 0.691534 
0.000003 0.000001 0.121325 0.008353 0.000002 0.870316 
0.861055 0.000001 0.097817 0.036056 0.000002 0.005070 
0.000002 0.000000 0.413795 0.175340 0.057374 0.353488 
0.177250 0.147088 0.025939 0.148617 0.024547 0.476559 
0.004913 0.000001 0.442920 0.186560 0.006832 0.358774 
0.011320 0.000000 0.959788 0.000440 0.000002 0.028449 
0.000003 0.000001 0.505710 0.455396 0.024372 0.014519 
0.140129 0.010104 0.456067 0.391049 0.000002 0.002648 
0.025076 0.000001 0.150493 0.436963 0.028460 0.359008 
0.081126 0.001186 0.508080 0.353754 0.000002 0.055853 
0.023250 0.710838 0.002110 0.238522 0.000002 0.025279 
0.000003 0.016025 0.626400 0.300399 0.022627 0.034547 
0.000003 0.471342 0.353025 0.158479 0.000002 0.017150 
0.000002 0.028973 0.692691 0.251624 0.000002 0.026709 
0.000003 0.956658 0.037124 0.005910 0.000002 0.000303 
0.006672 0.572027 0.378276 0.000192 0.015687 0.027146 
0.142205 0.369449 0.007719 0.249357 0.176864 0.054407 
0.184534 0.153706 0.615278 0.009032 0.020689 0.016760 
0.050075 0.000000 0.078994 0.066057 0.080616 0.724257 
0.024191 0.000000 0.022927 0.891823 0.000002 0.061056 
0.017692 0.000001 0.939218 0.000339 0.000002 0.042749 
0.000003 0.022707 0.637922 0.285787 0.000002 0.053579 
0.014573 0.000000 0.005218 0.876451 0.000002 0.103756 
0.051477 0.012863 0.233676 0.270792 0.111099 0.320093 
0.000003 0.010614 0.599276 0.320694 0.000001 0.069412 
0.031058 0.000001 0.355165 0.084139 0.000002 0.529635 
0.000002 0.019702 0.372431 0.442856 0.000002 0.165007 
0.015674 0.000001 0.232165 0.184393 0.053524 0.514244 
0.055876 0.245451 0.027728 0.499406 0.000002 0.171537 
0.086440 0.000001 0.884776 0.015272 0.003922 0.009590 
0.013827 0.005296 0.064611 0.880410 0.000002 0.035855 
0.000003 0.055454 0.614710 0.157429 0.104149 0.068256 
0.000002 0.005172 0.247289 0.168688 0.013606 0.565243 
0.014203 0.000001 0.666095 0.221133 0.019087 0.079481 
0.000003 0.244425 0.002736 0.013024 0.711855 0.027956 
0.000003 0.031220 0.543743 0.201812 0.027790 0.195433 
0.000003 0.229253 0.391756 0.357313 0.000002 0.021674 
0.016180 0.011869 0.138716 0.493870 0.022429 0.316935 
0.031935 0.210839 0.711406 0.007253 0.028726 0.009841 
0.024600 0.000000 0.037632 0.104506 0.000001 0.833261 
0.003859 0.000000 0.017335 0.047115 0.921885 0.009805 
0.021911 0.000001 0.516356 0.404199 0.000001 0.057531 
0.021304 0.021330 0.812147 0.076644 0.006013 0.062562 
0.101118 0.000001 0.123562 0.149715 0.054469 0.571136 
0.634131 0.000001 0.018785 0.080182 0.175411 0.091490 
0.000002 0.051688 0.261989 0.107933 0.578161 0.000228 
0.000003 0.464035 0.217639 0.236430 0.021433 0.060461 
0.000002 0.041692 0.318330 0.213756 0.425917 0.000303 
0.000002 0.022816 0.791242 0.177123 0.000002 0.008815 
0.051567 0.236134 0.530960 0.022790 0.047236 0.111312 
0.000002 0.000001 0.347386 0.498521 0.039223 0.114867 
0.754069 0.000001 0.030564 0.004892 0.193237 0.017237 
0.476816 0.045909 0.039736 0.057246 0.021359 0.358934 
0.000003 0.000000 0.938679 0.033849 0.000002 0.027466 
0.434850 0.000001 0.117206 0.128058 0.044082 0.275804 
0.000002 0.023816 0.167087 0.152401 0.604564 0.052129 
0.057235 0.020270 0.038293 0.081383 0.055469 0.747349 
0.000002 0.021068 0.499552 0.355189 0.123833 0.000355 
0.014225 0.000000 0.542080 0.093547 0.308970 0.041178 
0.174691 0.138122 0.570546 0.457766 0.165655 0.454449 
