-792286.539975
0
0.000632 0.000985 0.000214 0.008565 0.000000 0.000000 0.000000 0.000246 0.000010 0.003403 0.015027 0.004548 0.000144 0.000000 0.000000 0.002182 0.004028 0.005931 0.002028 0.004777 0.000000 0.003338 0.001048 0.014299 0.001951 0.000000 0.000373 0.013835 0.000000 0.000000 0.000000 0.000000 0.001802 0.003082 0.012705 0.005906 0.000000 0.000000 0.000000 0.002323 0.000434 0.001740 0.001650 0.003034 0.003573 0.002281 0.003930 0.019813 0.002111 0.001812 0.000000 0.008938 0.000000 0.000000 0.000000 0.000000 0.000006 0.012653 0.029289 0.014830 0.000000 0.000000 0.000000 0.000283 0.005861 0.010465 0.004584 0.013679 0.000000 0.001316 0.000298 0.003114 0.036297 0.007928 0.002426 0.292514 0.000000 0.000000 0.000000 0.000000 0.001894 0.023084 0.218307 0.036932 0.001111 0.000811 0.000000 0.004522 0.003820 0.008658 0.005679 0.011261 0.006055 0.008837 0.002080 0.068703 
0.025935 0.020602 0.005578 0.018129 0.013266 0.006959 0.002169 0.011618 0.014611 0.008086 0.006677 0.012490 0.010594 0.006904 0.010786 0.013587 0.019396 0.009333 0.014913 0.019952 0.009759 0.001917 0.005794 0.007404 0.024776 0.024171 0.003161 0.021975 0.009561 0.008481 0.003052 0.011444 0.014241 0.010552 0.004906 0.018448 0.008164 0.011859 0.016712 0.015248 0.009836 0.010689 0.010582 0.014814 0.005736 0.003796 0.007761 0.016463 0.019906 0.018180 0.005400 0.016482 0.006232 0.006811 0.001962 0.008568 0.008528 0.005846 0.001897 0.009535 0.005945 0.005407 0.008720 0.008586 0.007995 0.006529 0.007529 0.008943 0.003141 0.001352 0.007525 0.007539 0.021932 0.022823 0.003614 0.025631 0.006176 0.009732 0.001357 0.011734 0.003693 0.009479 0.000167 0.007766 0.012227 0.007282 0.008925 0.014886 0.010031 0.009055 0.005920 0.015026 0.013109 0.004522 0.007102 0.016366 
0.002285 0.003682 0.000000 0.002457 0.001074 0.001699 0.000000 0.001545 0.031287 0.015759 0.135523 0.014820 0.000445 0.002809 0.000816 0.006941 0.010676 0.006467 0.020704 0.004862 0.000000 0.002157 0.001119 0.002277 0.007189 0.015077 0.005575 0.037284 0.000000 0.000000 0.000000 0.000000 0.014082 0.013873 0.101389 0.011991 0.000000 0.001836 0.000000 0.000001 0.007113 0.004345 0.021098 0.004691 0.000000 0.002349 0.004192 0.005938 0.002670 0.004564 0.001634 0.006687 0.000000 0.001723 0.000000 0.001000 0.051436 0.063631 0.128820 0.042864 0.000000 0.001486 0.000000 0.001691 0.013949 0.008051 0.010811 0.007647 0.000000 0.001014 0.000624 0.002693 0.003087 0.003599 0.001897 0.003619 0.000000 0.000000 0.000000 0.000000 0.006781 0.008849 0.048139 0.003557 0.001200 0.001084 0.000000 0.000528 0.008240 0.004515 0.012044 0.003493 0.000000 0.001653 0.001637 0.005654 
0.000001 0.000708 0.000192 0.000002 0.000000 0.000000 0.000116 0.000192 0.004136 0.010034 0.002496 0.003944 0.000136 0.000000 0.000554 0.002378 0.001243 0.000340 0.001036 0.001280 0.000000 0.000199 0.000809 0.000002 0.000967 0.000000 0.000000 0.000107 0.000000 0.000000 0.000000 0.000000 0.046079 0.047186 0.011283 0.042205 0.000000 0.000345 0.000436 0.001123 0.000756 0.000415 0.000667 0.004069 0.000667 0.000487 0.000272 0.001774 0.000419 0.000001 0.000083 0.000003 0.000000 0.000000 0.000000 0.000200 0.004211 0.008157 0.000466 0.008476 0.000000 0.000000 0.000739 0.000401 0.000408 0.000003 0.000002 0.003271 0.000000 0.000000 0.000531 0.000001 0.007442 0.005238 0.001217 0.005444 0.021451 0.000365 0.000858 0.036883 0.281284 0.178992 0.069411 0.164456 0.001036 0.000124 0.000435 0.002071 0.000755 0.000854 0.001054 0.002075 0.000471 0.000519 0.000580 0.000976 
0.042491 0.317241 0.261382 0.378887 
0.025517 0.040880 0.865144 0.068460 
0.023253 0.917906 0.034640 0.024201 
0.000002 0.045809 0.904516 0.049673 
0.000002 0.002346 0.150381 0.847271 
0.914572 0.083779 0.000062 0.001587 
0.991309 0.008584 0.000078 0.000029 
0.513504 0.093922 0.361218 0.031356 
0.000002 0.301995 0.501079 0.196923 
0.000003 0.440238 0.124297 0.435463 
0.000002 0.467748 0.111116 0.421134 
0.020257 0.960477 0.019224 0.000042 
0.044048 0.309863 0.586157 0.059932 
0.000003 0.753985 0.230337 0.015676 
0.022585 0.405372 0.519541 0.052502 
0.045336 0.070493 0.455679 0.428491 
0.000003 0.819583 0.043967 0.136447 
0.000002 0.960812 0.014759 0.024428 
0.572684 0.032196 0.035939 0.359181 
0.100437 0.756947 0.136750 0.005865 
0.060422 0.875461 0.051634 0.012483 
0.040362 0.255279 0.008533 0.695827 
0.031523 0.816573 0.117460 0.034444 
0.531994 0.364829 0.066120 0.037056 
0.000003 0.800818 0.109076 0.090104 
0.255208 0.744334 0.000404 0.000053 
0.152601 0.753009 0.063329 0.031061 
0.000002 0.860294 0.108764 0.030940 
0.092455 0.568611 0.209967 0.128967 
0.072110 0.449309 0.464118 0.014463 
0.021888 0.008180 0.062195 0.907736 
0.010830 0.966638 0.020581 0.001951 
0.454712 0.103098 0.426418 0.015773 
0.045815 0.819661 0.077706 0.056819 
0.171988 0.099094 0.071406 0.657512 
0.042578 0.905069 0.040159 0.012195 
0.052038 0.080771 0.845075 0.022116 
0.000002 0.768878 0.219813 0.011307 
0.000002 0.549252 0.298926 0.151820 
0.241180 0.336197 0.340041 0.082582 
0.000003 0.071184 0.913261 0.015553 
0.210434 0.683635 0.077204 0.028727 
0.015935 0.118029 0.865997 0.000039 
0.112559 0.733139 0.128346 0.025956 
0.519075 0.087199 0.258666 0.135060 
0.954735 0.031755 0.000108 0.013401 
0.070468 0.259602 0.167739 0.502190 
0.052653 0.913216 0.000080 0.034050 
0.024912 0.900656 0.005245 0.069187 
0.010142 0.926609 0.063209 0.000039 
0.000003 0.465319 0.497038 0.037640 
0.000002 0.544543 0.019248 0.436206 
0.040893 0.024070 0.010364 0.924674 
0.000003 0.694596 0.301150 0.004252 
0.739525 0.149121 0.010107 0.101247 
0.000002 0.840648 0.118949 0.040402 
0.103013 0.863329 0.033611 0.000048 
0.093714 0.853279 0.042276 0.010732 
0.091914 0.834641 0.029191 0.044254 
0.044082 0.336559 0.000070 0.619289 
0.014350 0.093553 0.826837 0.065260 
0.058755 0.503244 0.024178 0.413824 
0.382330 0.040132 0.352363 0.225175 
0.009208 0.048985 0.000091 0.941716 
0.000002 0.753360 0.126282 0.120355 
0.112649 0.724481 0.162816 0.000054 
0.026575 0.777747 0.137051 0.058627 
0.000002 0.638104 0.141064 0.220830 
0.084150 0.501489 0.000093 0.414268 
0.000002 0.898002 0.048886 0.053110 
0.488176 0.361020 0.133326 0.017478 
0.019392 0.001723 0.936913 0.041972 
0.000003 0.931601 0.000088 0.068307 
0.243139 0.085289 0.564813 0.106759 
0.545089 0.392944 0.000086 0.061880 
0.101888 0.822433 0.015701 0.059978 
0.000002 0.029931 0.970012 0.000054 
0.000003 0.009275 0.000060 0.990662 
0.000003 0.346783 0.372685 0.280529 
0.000002 0.356003 0.643892 0.000103 
0.247212 0.620031 0.079991 0.052765 
0.057507 0.576265 0.309951 0.056276 
0.000003 0.698323 0.068083 0.233592 
0.416838 0.481346 0.000066 0.101749 
0.253060 0.723826 0.023082 0.000032 
0.019040 0.290762 0.389371 0.300827 
0.000002 0.729552 0.235144 0.035302 
0.000003 0.136960 0.300235 0.562802 
0.070123 0.283261 0.631639 0.014976 
0.000002 0.960698 0.000072 0.039228 
0.000002 0.385979 0.222972 0.391046 
0.062723 0.509549 0.100382 0.327347 
0.964506 0.013736 0.021692 0.000066 
0.010958 0.940136 0.031722 0.017183 
0.409617 0.195419 0.151501 0.243463 
0.000003 0.938505 0.061439 0.000053 
0.023433 0.048872 0.005976 0.921719 
0.031209 0.181363 0.083097 0.704330 
0.000002 0.001853 0.031156 0.966989 
0.064367 0.776745 0.121863 0.037025 
0.000003 0.585872 0.070324 0.343801 
0.000002 0.798834 0.049748 0.151416 
0.683773 0.309145 0.000075 0.007007 
0.000003 0.339373 0.147723 0.512901 
0.464251 0.160916 0.372581 0.002252 
0.000003 0.088312 0.207594 0.704091 
0.025246 0.253278 0.662411 0.059065 
0.024625 0.758084 0.049806 0.167485 
0.018456 0.860437 0.099776 0.021331 
0.000003 0.619256 0.307560 0.073181 
0.059243 0.707095 0.043753 0.189910 
0.000002 0.069982 0.929960 0.000056 
0.516281 0.001088 0.392392 0.090239 
0.013523 0.107911 0.785193 0.093373 
0.033699 0.868373 0.093887 0.004041 
0.024939 0.808599 0.065141 0.101321 
0.512863 0.441165 0.000078 0.045894 
0.060913 0.902775 0.036269 0.000043 
0.040563 0.877110 0.008045 0.074282 
0.009958 0.667453 0.322534 0.000054 
0.107093 0.609288 0.062096 0.221523 
0.000003 0.073267 0.926682 0.000048 
0.104355 0.228725 0.119594 0.547325 
0.000003 0.445514 0.294676 0.259807 
0.724804 0.140735 0.134403 0.000057 
0.000003 0.455462 0.402330 0.142205 
0.072514 0.875772 0.044936 0.006778 
0.159007 0.796321 0.044622 0.000050 
0.281330 0.299838 0.053820 0.365012 
0.017416 0.744009 0.081435 0.157140 
0.017556 0.700230 0.050603 0.231611 
0.000003 0.783097 0.186213 0.030687 
0.964554 0.033188 0.000080 0.002178 
0.643211 0.292238 0.058468 0.006083 
0.499404 0.365761 0.118688 0.016147 
0.267696 0.257424 0.440497 0.034383 
0.054515 0.743889 0.103053 0.098542 
0.009603 0.146605 0.004974 0.838818 
0.000001 0.994515 0.000057 0.005427 
0.017993 0.771901 0.016609 0.193497 
0.000002 0.322298 0.677665 0.000034 
0.000003 0.134411 0.865529 0.000057 
0.862647 0.137202 0.000089 0.000062 
0.000002 0.607953 0.355145 0.036901 
0.191163 0.151823 0.472700 0.184314 
0.000003 0.646205 0.349734 0.004059 
0.000003 0.981789 0.018153 0.000055 
0.015825 0.972990 0.000087 0.011098 
0.146933 0.841725 0.000074 0.011267 
0.046048 0.570897 0.368536 0.014519 
0.086880 0.865836 0.042536 0.004748 
0.055500 0.207259 0.006701 0.730540 
0.000003 0.939500 0.022032 0.038466 
0.000002 0.509078 0.000114 0.490805 
0.000002 0.957377 0.007178 0.035444 
0.000002 0.044131 0.000052 0.955815 
0.000003 0.380439 0.009121 0.610438 
0.182996 0.220112 0.047529 0.549363 
0.158531 0.648189 0.000101 0.193178 
0.053199 0.142103 0.757152 0.047546 
0.072051 0.881865 0.046043 0.000040 
0.009162 0.960857 0.029928 0.000054 
0.000003 0.937202 0.037172 0.025624 
0.069113 0.851463 0.079386 0.000038 
0.061115 0.506582 0.331654 0.100648 
0.000003 0.934798 0.055911 0.009289 
0.028002 0.454899 0.517043 0.000056 
0.000002 0.821602 0.155229 0.023167 
0.018475 0.419256 0.527584 0.034684 
0.082857 0.497480 0.159439 0.260223 
0.073634 0.923529 0.000078 0.002760 
0.055662 0.927260 0.012703 0.004375 
0.000002 0.790224 0.055917 0.153857 
0.000002 0.419514 0.564616 0.015869 
0.018006 0.903640 0.064716 0.013639 
0.000003 0.017228 0.037133 0.945636 
0.000002 0.760679 0.181628 0.057691 
0.000003 0.755511 0.000101 0.244386 
0.033337 0.611386 0.327987 0.027290 
0.000003 0.735746 0.000078 0.264173 
0.028729 0.140667 0.830570 0.000035 
0.000003 0.074991 0.016111 0.908895 
0.027291 0.928359 0.044076 0.000273 
0.014670 0.906312 0.045728 0.033291 
0.113528 0.263512 0.586293 0.036666 
0.678961 0.079440 0.103064 0.138535 
0.000002 0.391799 0.000079 0.608121 
0.000003 0.449768 0.044165 0.506065 
0.000002 0.546432 0.000086 0.453479 
0.000002 0.975674 0.000068 0.024256 
0.036015 0.572905 0.089998 0.301082 
0.000002 0.853356 0.121237 0.025404 
0.777787 0.041263 0.020142 0.160807 
0.486082 0.087725 0.356726 0.069467 
0.000003 0.988282 0.011666 0.000050 
0.457256 0.229423 0.281332 0.031990 
0.000002 0.328341 0.071453 0.600203 
0.061200 0.109872 0.768731 0.060197 
0.000003 0.860248 0.000069 0.139680 
0.022797 0.669580 0.036932 0.270691 
0.173276 0.765444 0.32952 0.298335 
