-778863.666439
0
0.000002 0.000001 0.000000 0.000021 0.000003 0.000000 0.000000 0.000002 0.000092 0.006123 0.000004 0.013705 0.000001 0.000000 0.000003 0.008388 0.020421 0.000053 0.002949 0.000023 0.000000 0.020366 0.000002 0.090996 0.000034 0.000001 0.000000 0.000069 0.000000 0.000000 0.000000 0.000000 0.003854 0.001235 0.016350 0.021448 0.000000 0.000001 0.000003 0.008964 0.002680 0.009510 0.000071 0.012342 0.017744 0.014541 0.026109 0.121524 0.012543 0.015450 0.000000 0.006624 0.000000 0.000000 0.000000 0.000000 0.000003 0.040335 0.000001 0.002970 0.000000 0.000000 0.000000 0.000000 0.042266 0.000014 0.031015 0.000247 0.000000 0.000000 0.000000 0.018435 0.000039 0.000179 0.000001 0.145825 0.000000 0.000000 0.000000 0.000000 0.001037 0.044293 0.006563 0.040047 0.000002 0.005311 0.000000 0.025674 0.000075 0.000014 0.000006 0.000064 0.030099 0.065282 0.000007 0.045946 
0.008312 0.009744 0.000000 0.005236 0.000939 0.003501 0.000000 0.002552 0.029153 0.013746 0.191735 0.010355 0.002604 0.000000 0.002336 0.008406 0.014187 0.005960 0.009046 0.010484 0.000000 0.001868 0.001701 0.003539 0.003339 0.003747 0.000000 0.004635 0.000000 0.000000 0.000000 0.000000 0.024120 0.019336 0.104887 0.018306 0.000000 0.000807 0.000000 0.000001 0.005297 0.004902 0.007394 0.007232 0.000000 0.001323 0.000000 0.002584 0.007824 0.003446 0.000000 0.003984 0.000000 0.001264 0.000000 0.000000 0.025882 0.031023 0.113750 0.016585 0.000000 0.000000 0.000000 0.000000 0.012966 0.008857 0.006196 0.011312 0.000000 0.000000 0.000000 0.000000 0.011413 0.008604 0.001867 0.014000 0.001041 0.000420 0.000000 0.000000 0.012422 0.020423 0.091100 0.011053 0.003978 0.001338 0.000000 0.001213 0.009657 0.005725 0.008415 0.002914 0.000000 0.001952 0.002012 0.004053 
0.022180 0.019778 0.002646 0.016642 0.025229 0.013352 0.004480 0.026247 0.016000 0.010136 0.003637 0.014682 0.008477 0.008610 0.007263 0.008745 0.013550 0.010391 0.011781 0.016948 0.000000 0.001266 0.010170 0.007547 0.018610 0.013255 0.001800 0.014753 0.018530 0.013870 0.004435 0.025920 0.012114 0.007538 0.002485 0.019620 0.008441 0.015274 0.012772 0.018013 0.007014 0.015663 0.007770 0.010417 0.000000 0.005595 0.009974 0.006779 0.010006 0.008816 0.000000 0.011477 0.013051 0.009694 0.001208 0.017848 0.015993 0.007084 0.000000 0.008934 0.005235 0.006461 0.009161 0.010474 0.006404 0.008342 0.005927 0.007158 0.003808 0.004082 0.019095 0.007159 0.009755 0.016702 0.001775 0.015150 0.016592 0.020268 0.001868 0.031971 0.007269 0.013713 0.000000 0.009677 0.006437 0.009624 0.006560 0.016239 0.011140 0.010711 0.005110 0.011458 0.002570 0.006196 0.010590 0.010811 
0.000317 0.001523 0.000505 0.000003 0.000000 0.000000 0.000202 0.000476 0.007496 0.003299 0.002668 0.003481 0.000000 0.000000 0.000001 0.000002 0.000874 0.000472 0.000771 0.001095 0.000000 0.000251 0.000759 0.000000 0.001265 0.000000 0.000000 0.000009 0.000000 0.000000 0.000000 0.000000 0.017330 0.002271 0.004604 0.008717 0.000000 0.000544 0.000845 0.001047 0.000636 0.000001 0.000447 0.001356 0.000198 0.000001 0.000000 0.000783 0.000739 0.000001 0.000000 0.000017 0.000000 0.000000 0.000000 0.000296 0.006868 0.000893 0.000000 0.003444 0.000000 0.000000 0.001080 0.000000 0.000198 0.000002 0.000005 0.000263 0.000000 0.000000 0.000000 0.000000 0.013957 0.007830 0.002420 0.012798 0.038598 0.000000 0.001428 0.066264 0.415824 0.077996 0.050822 0.233040 0.000000 0.000001 0.000000 0.000000 0.000006 0.000296 0.000001 0.000338 0.000000 0.000001 0.000001 0.000327 
0.000003 0.000003 0.000000 0.000042 0.004710 0.026492 0.000000 0.044722 0.039157 0.016598 0.000008 0.003638 0.000002 0.050367 0.010821 0.000015 0.000843 0.019877 0.086277 0.007650 0.000000 0.020132 0.000003 0.000000 0.000052 0.000001 0.000000 0.000146 0.000000 0.028407 0.000000 0.000000 0.028288 0.035089 0.029269 0.020241 0.000000 0.000005 0.000006 0.035856 0.015370 0.000007 0.000113 0.012265 0.000000 0.019162 0.000002 0.000024 0.011295 0.000015 0.000000 0.007644 0.000000 0.018829 0.000000 0.000000 0.000006 0.016815 0.000001 0.034236 0.000000 0.017607 0.000000 0.000000 0.000121 0.004278 0.021671 0.031505 0.000000 0.000000 0.000000 0.000000 0.000066 0.000204 0.000001 0.030579 0.000000 0.000000 0.004038 0.000000 0.025524 0.029611 0.000002 0.081059 0.000002 0.032807 0.000000 0.000003 0.040375 0.000027 0.000010 0.000115 0.000000 0.000004 0.033540 0.002347 
0.000000 0.000000 0.000000 0.001146 0.001574 0.000000 0.000000 0.001199 0.029972 0.016075 0.084295 0.015395 0.000000 0.003978 0.000001 0.005180 0.005514 0.005842 0.024973 0.000005 0.000000 0.002116 0.000899 0.002575 0.010321 0.025238 0.010038 0.063754 0.000000 0.000000 0.000000 0.000000 0.006863 0.009365 0.094602 0.007848 0.000000 0.002514 0.000729 0.000001 0.007438 0.003528 0.029379 0.002348 0.000000 0.002970 0.006675 0.009563 0.000004 0.005813 0.003567 0.008939 0.000000 0.002321 0.000000 0.001734 0.069553 0.084668 0.138916 0.056744 0.000000 0.002533 0.000000 0.001952 0.012608 0.006585 0.012337 0.003408 0.000000 0.001665 0.001120 0.004416 0.000007 0.002000 0.002159 0.003019 0.000000 0.000000 0.000000 0.000000 0.006250 0.004662 0.030982 0.002444 0.000000 0.000795 0.000000 0.000000 0.005823 0.003315 0.011501 0.003550 0.000000 0.001731 0.001588 0.007376 
0.010023 0.002052 0.000000 0.004023 0.003977 0.000000 0.000000 0.000000 0.006346 0.003203 0.007336 0.005570 0.012661 0.003203 0.006568 0.018520 0.023928 0.009998 0.018150 0.024836 0.044874 0.006488 0.005266 0.024230 0.008414 0.002560 0.000000 0.009678 0.000000 0.000000 0.000000 0.002277 0.008483 0.008059 0.006238 0.005870 0.005701 0.003111 0.004242 0.005741 0.017147 0.011350 0.016742 0.029974 0.028893 0.006698 0.013707 0.068293 0.013302 0.010277 0.000000 0.008704 0.000000 0.003136 0.000000 0.003694 0.003440 0.006093 0.005982 0.008853 0.001444 0.001936 0.000000 0.000000 0.010286 0.009930 0.009768 0.011559 0.008300 0.000000 0.004080 0.022597 0.023186 0.000857 0.000000 0.034451 0.001589 0.000000 0.000000 0.003334 0.000614 0.004040 0.000000 0.007214 0.023612 0.001835 0.015939 0.012418 0.015452 0.014564 0.008697 0.038305 0.059622 0.008948 0.009135 0.068375 
0.000000 0.000000 0.000000 0.000600 0.000000 0.000000 0.000000 0.000000 0.000190 0.018712 0.000001 0.005343 0.000688 0.000000 0.001078 0.004519 0.001379 0.000010 0.000456 0.000993 0.000000 0.000000 0.000789 0.000000 0.001804 0.000000 0.000000 0.000993 0.000000 0.000000 0.000257 0.000000 0.076059 0.099950 0.020903 0.082159 0.000000 0.000287 0.000387 0.001816 0.000226 0.000743 0.000597 0.005030 0.000000 0.000972 0.000000 0.000719 0.000005 0.000001 0.000000 0.000022 0.000283 0.000000 0.000000 0.000000 0.000001 0.020811 0.000000 0.016793 0.000000 0.000000 0.000965 0.001391 0.000731 0.000003 0.000177 0.007219 0.000000 0.000000 0.001334 0.000000 0.000006 0.003721 0.000000 0.001802 0.000000 0.001374 0.000000 0.000000 0.123516 0.292026 0.100253 0.080859 0.001539 0.000774 0.000807 0.004902 0.001848 0.001038 0.002458 0.002715 0.000000 0.000863 0.000713 0.001385 
0.000000 0.000818 0.000523 0.009581 0.000000 0.000000 0.000000 0.000309 0.000018 0.002910 0.013873 0.002910 0.000000 0.000000 0.000000 0.000001 0.000922 0.006784 0.001587 0.004369 0.000000 0.000000 0.000957 0.000000 0.002406 0.000000 0.000710 0.019352 0.000000 0.000000 0.000000 0.000000 0.000694 0.001813 0.010590 0.001396 0.000000 0.000000 0.000000 0.000001 0.000012 0.000001 0.002275 0.000573 0.000000 0.000001 0.000000 0.000002 0.000004 0.000001 0.000000 0.009898 0.000000 0.000000 0.000000 0.000000 0.000000 0.009711 0.034264 0.018266 0.000000 0.000000 0.000000 0.000000 0.000010 0.011868 0.000010 0.015234 0.000000 0.001748 0.000000 0.000000 0.041956 0.010574 0.003776 0.338179 0.000000 0.000000 0.000000 0.000000 0.002510 0.016924 0.261328 0.037612 0.000000 0.000001 0.000000 0.000000 0.003783 0.009926 0.006933 0.011900 0.000000 0.000000 0.001985 0.066208 
0.002593 0.000001 0.001916 0.005499 0.006285 0.000000 0.000000 0.000001 0.026302 0.012336 0.000002 0.033551 0.016581 0.000000 0.020172 0.015469 0.073176 0.018625 0.050712 0.050797 0.000000 0.000000 0.000001 0.000000 0.000013 0.000000 0.005982 0.001069 0.003594 0.000000 0.000000 0.000000 0.031084 0.022180 0.002370 0.020380 0.006455 0.000001 0.008878 0.000002 0.021984 0.013510 0.029674 0.031636 0.000000 0.000002 0.005458 0.007558 0.005641 0.007716 0.000000 0.005830 0.000000 0.000000 0.000000 0.000000 0.026030 0.019996 0.005428 0.037482 0.011453 0.000000 0.010041 0.009368 0.027026 0.013335 0.027437 0.029192 0.000000 0.000000 0.000000 0.000000 0.022106 0.006200 0.006323 0.011234 0.000000 0.000000 0.000000 0.000000 0.012852 0.016060 0.000000 0.002539 0.013209 0.000002 0.006762 0.008749 0.021659 0.023064 0.031233 0.023471 0.000000 0.005993 0.000003 0.006715 
0.041768 0.040808 0.002502 0.037208 0.004964 0.003852 0.000000 0.006290 0.019322 0.006053 0.025384 0.021306 0.014459 0.013671 0.018247 0.032482 0.014553 0.011056 0.009167 0.027204 0.000000 0.000000 0.006361 0.000000 0.039579 0.027964 0.001586 0.035169 0.003148 0.004751 0.000000 0.001854 0.001845 0.002567 0.008896 0.024152 0.011939 0.019502 0.017506 0.032156 0.005671 0.010662 0.003720 0.009628 0.000000 0.000753 0.003788 0.000003 0.027142 0.018674 0.000000 0.025991 0.000000 0.000000 0.000000 0.002835 0.000000 0.000293 0.013167 0.006503 0.008881 0.009394 0.010392 0.023894 0.004071 0.003954 0.003742 0.009175 0.000000 0.000000 0.000000 0.002976 0.031116 0.020302 0.000000 0.043204 0.000000 0.000000 0.000000 0.000000 0.005595 0.000559 0.000000 0.011215 0.017541 0.013466 0.005737 0.034438 0.002361 0.003994 0.000001 0.008054 0.000000 0.000000 0.003665 0.004174 
0.039262 0.028523 0.019978 0.022406 0.010186 0.005865 0.003010 0.002388 0.011302 0.008830 0.000001 0.002333 0.003259 0.001681 0.008595 0.000001 0.008086 0.001374 0.007681 0.000004 0.000000 0.000268 0.000000 0.000000 0.047507 0.071516 0.009752 0.047183 0.011124 0.011733 0.007266 0.007667 0.023910 0.014564 0.007240 0.018369 0.006816 0.012316 0.036694 0.008588 0.005416 0.000001 0.011402 0.004051 0.000000 0.000807 0.003997 0.000964 0.039088 0.044681 0.026849 0.028719 0.008036 0.012044 0.007692 0.005386 0.008729 0.008578 0.000000 0.010026 0.006641 0.004456 0.013966 0.001232 0.006275 0.000941 0.004565 0.000547 0.000000 0.000000 0.000000 0.000000 0.033635 0.059604 0.011740 0.040724 0.001835 0.012196 0.003412 0.003867 0.002254 0.006868 0.000000 0.006513 0.003929 0.003049 0.008160 0.000000 0.001977 0.000002 0.003258 0.001637 0.000000 0.000605 0.002067 0.000302 
0.000000 0.313469 0.141412 0.334527 0.000000 0.000000 0.167713 0.000000 0.000000 0.042876 0.000002 0.000002 
0.000000 0.251044 0.023795 0.052050 0.000000 0.643364 0.000017 0.000000 0.017964 0.000000 0.000002 0.011764 
0.000000 0.000011 0.235772 0.000000 0.020432 0.000000 0.051486 0.041197 0.000000 0.000000 0.609711 0.041390 
0.000000 0.153359 0.024851 0.041649 0.000000 0.765754 0.000018 0.000000 0.000000 0.000000 0.014367 0.000002 
0.000000 0.000010 0.000104 0.013012 0.000000 0.107331 0.000016 0.879524 0.000000 0.000000 0.000001 0.000002 
0.123340 0.000010 0.081391 0.000000 0.000000 0.000000 0.000019 0.000000 0.795238 0.000000 0.000002 0.000002 
0.141504 0.000010 0.000274 0.000000 0.000000 0.000000 0.000019 0.000000 0.850614 0.000000 0.000002 0.007577 
0.046107 0.437257 0.000230 0.019750 0.011860 0.000000 0.039218 0.000000 0.407154 0.000000 0.000002 0.038423 
0.000000 0.053622 0.168134 0.154864 0.000000 0.416986 0.032580 0.024851 0.000000 0.144533 0.004429 0.000002 
0.000000 0.092478 0.161666 0.191025 0.120133 0.000000 0.059517 0.204677 0.000000 0.129892 0.000002 0.040611 
0.000000 0.128346 0.293877 0.381345 0.000000 0.000000 0.011801 0.000000 0.000000 0.000000 0.184630 0.000002 
0.000000 0.016118 0.000211 0.000000 0.000000 0.000000 0.515983 0.012167 0.000000 0.043148 0.091885 0.320488 
0.000000 0.686154 0.212445 0.011853 0.000000 0.000000 0.049246 0.000000 0.000000 0.000000 0.040300 0.000002 
0.000000 0.028495 0.568713 0.000000 0.000000 0.215642 0.169874 0.017272 0.000000 0.000000 0.000002 0.000002 
0.000000 0.497995 0.189664 0.000000 0.049498 0.000000 0.032002 0.023044 0.000000 0.147986 0.000002 0.059809 
0.000000 0.508522 0.000195 0.043504 0.000000 0.000000 0.005442 0.390418 0.000000 0.000000 0.051916 0.000002 
0.000000 0.025762 0.218906 0.132428 0.000000 0.000000 0.145238 0.000000 0.000000 0.000000 0.477665 0.000002 
0.000000 0.000010 0.779323 0.000000 0.046096 0.024771 0.030894 0.000000 0.000000 0.000000 0.000002 0.118905 
0.098303 0.017783 0.000245 0.025734 0.029698 0.000000 0.000020 0.368820 0.448207 0.000000 0.011187 0.000002 
0.000000 0.160112 0.130532 0.010364 0.000000 0.000000 0.596337 0.000000 0.000000 0.000000 0.102654 0.000002 
0.000000 0.000011 0.106366 0.012962 0.000000 0.032005 0.049119 0.000000 0.053154 0.000000 0.406072 0.340311 
0.000000 0.018833 0.019068 0.685030 0.000000 0.000000 0.234932 0.000000 0.000000 0.031936 0.000002 0.010200 
0.000000 0.076739 0.192739 0.000000 0.036281 0.000000 0.373425 0.030883 0.000000 0.252513 0.000002 0.037418 
0.092014 0.041925 0.223024 0.000000 0.000000 0.000000 0.013847 0.033679 0.446827 0.112854 0.000002 0.035828 
0.000000 0.060634 0.237733 0.048684 0.000000 0.000000 0.085891 0.027898 0.000000 0.276995 0.240330 0.021836 
0.026265 0.000010 0.028949 0.000000 0.033763 0.000000 0.092230 0.000000 0.216632 0.000000 0.126269 0.475883 
0.000000 0.000011 0.654215 0.009608 0.000000 0.072900 0.055769 0.000000 0.164682 0.000000 0.000002 0.042815 
0.000000 0.072448 0.466316 0.000000 0.006019 0.000000 0.087490 0.020250 0.000000 0.283015 0.000002 0.064461 
0.000000 0.137537 0.041258 0.000000 0.000000 0.075647 0.523610 0.181499 0.000000 0.000000 0.040447 0.000002 
0.000000 0.049407 0.261659 0.010848 0.000000 0.386876 0.122262 0.000000 0.066326 0.090786 0.011835 0.000002 
0.000000 0.052679 0.000160 0.830687 0.000000 0.042002 0.005921 0.058455 0.010093 0.000000 0.000002 0.000002 
0.000000 0.037976 0.815115 0.000000 0.000000 0.000000 0.036539 0.000000 0.000000 0.000000 0.000002 0.110368 
0.085167 0.513838 0.041942 0.000000 0.000000 0.000000 0.000022 0.000000 0.326777 0.000000 0.032252 0.000002 
0.000000 0.066104 0.162447 0.052366 0.000000 0.000000 0.148439 0.000000 0.021925 0.000000 0.533638 0.015080 
0.027049 0.054299 0.026937 0.019883 0.000000 0.000000 0.000022 0.683703 0.129239 0.000000 0.012530 0.046337 
0.000000 0.016868 0.278576 0.000000 0.000000 0.000000 0.079223 0.016928 0.033350 0.097980 0.421806 0.055271 
0.000000 0.128655 0.064790 0.000000 0.000000 0.709428 0.000017 0.034697 0.047495 0.000000 0.014916 0.000002 
0.000000 0.000010 0.044880 0.000000 0.000000 0.218446 0.000018 0.036815 0.000000 0.000000 0.099179 0.600652 
0.000000 0.000010 0.243240 0.105977 0.032809 0.261758 0.052621 0.030322 0.000000 0.179350 0.000002 0.093910 
0.000000 0.409486 0.069798 0.060516 0.000000 0.000000 0.049439 0.000000 0.176170 0.000000 0.234589 0.000002 
0.000000 0.133427 0.014389 0.000000 0.000000 0.761218 0.017891 0.028500 0.000000 0.000000 0.044573 0.000002 
0.000000 0.052801 0.329045 0.000000 0.047541 0.000000 0.152781 0.021957 0.175893 0.163496 0.000002 0.056484 
0.000000 0.148409 0.000227 0.000000 0.000000 0.726706 0.013594 0.000000 0.009102 0.000000 0.000002 0.101961 
0.000000 0.133369 0.095445 0.000000 0.000000 0.000000 0.619671 0.049932 0.000000 0.079277 0.022304 0.000002 
0.080545 0.012762 0.014662 0.125228 0.000000 0.243097 0.013157 0.000000 0.437799 0.016031 0.056718 0.000002 
0.184407 0.000011 0.010332 0.000000 0.000000 0.000000 0.000023 0.017565 0.760383 0.012624 0.008984 0.005671 
0.000000 0.055725 0.019567 0.492282 0.000000 0.138445 0.265768 0.000000 0.000000 0.028210 0.000002 0.000002 
0.041844 0.000010 0.365994 0.020367 0.000000 0.000000 0.000022 0.000000 0.048722 0.000000 0.105740 0.417300 
0.000000 0.000011 0.137121 0.041390 0.000000 0.016172 0.000016 0.027206 0.019853 0.000000 0.025698 0.732533 
0.000000 0.000010 0.155606 0.000000 0.000000 0.044684 0.158161 0.000000 0.012405 0.138426 0.143767 0.346941 
0.000000 0.000011 0.076584 0.011219 0.000000 0.482251 0.165427 0.050389 0.000000 0.000000 0.214119 0.000002 
0.026431 0.020303 0.463133 0.178121 0.000000 0.000000 0.022332 0.243649 0.000000 0.032951 0.000002 0.013078 
0.000000 0.000013 0.005994 0.000000 0.000000 0.000000 0.011083 0.943629 0.039277 0.000000 0.000002 0.000002 
0.000000 0.051749 0.039439 0.011747 0.000000 0.256378 0.000018 0.000000 0.000000 0.000000 0.044973 0.595696 
0.066129 0.012785 0.106841 0.024220 0.028472 0.000000 0.014328 0.082049 0.645968 0.000000 0.000002 0.019206 
0.000000 0.070076 0.346111 0.000000 0.071580 0.000000 0.090584 0.014030 0.000000 0.340637 0.000002 0.066980 
0.000000 0.037667 0.529549 0.000000 0.000000 0.000000 0.115329 0.000000 0.084939 0.000000 0.208052 0.024465 
0.036861 0.051866 0.099569 0.020512 0.000000 0.000000 0.702419 0.000000 0.000000 0.042772 0.046000 0.000002 
0.000000 0.031718 0.066445 0.000000 0.000000 0.000000 0.772337 0.092055 0.000000 0.000000 0.037443 0.000001 
0.000000 0.000011 0.040878 0.600840 0.000000 0.000000 0.334117 0.024151 0.000000 0.000000 0.000002 0.000002 
0.000000 0.192661 0.000175 0.004398 0.000000 0.613542 0.050153 0.086776 0.000000 0.014920 0.037373 0.000002 
0.000000 0.033655 0.047396 0.414766 0.000000 0.000000 0.398881 0.000000 0.000000 0.000000 0.105299 0.000002 
0.080253 0.034611 0.000223 0.116947 0.000000 0.309491 0.000023 0.124415 0.302321 0.000000 0.031715 0.000002 
0.000000 0.005886 0.032480 0.310984 0.000000 0.000000 0.012756 0.637891 0.000000 0.000000 0.000002 0.000002 
0.036664 0.076763 0.191592 0.088214 0.016544 0.015864 0.035484 0.000000 0.000000 0.233889 0.027782 0.277205 
0.000000 0.041836 0.088976 0.000000 0.000000 0.127720 0.000026 0.007598 0.105355 0.000000 0.023504 0.604986 
0.000000 0.068019 0.145079 0.000000 0.000000 0.045405 0.208615 0.081715 0.000000 0.158604 0.000002 0.292561 
0.000000 0.000011 0.561363 0.176963 0.000000 0.163696 0.034274 0.021445 0.000000 0.000000 0.042246 0.000002 
0.000000 0.014306 0.065021 0.423354 0.000000 0.000000 0.449615 0.000000 0.000000 0.030011 0.000002 0.017691 
0.000000 0.000010 0.474669 0.000000 0.000000 0.031483 0.056137 0.064212 0.000000 0.000000 0.362962 0.010526 
0.041227 0.147109 0.086328 0.010634 0.000000 0.000000 0.108251 0.000000 0.396960 0.000000 0.193304 0.016187 
0.000000 0.099491 0.000139 0.038507 0.000000 0.840518 0.000018 0.000000 0.021324 0.000000 0.000002 0.000002 
0.000000 0.000011 0.062741 0.024509 0.000000 0.000000 0.003026 0.051847 0.000000 0.000000 0.139116 0.718750 
0.018556 0.679254 0.015455 0.062615 0.000000 0.000000 0.034959 0.000000 0.155445 0.000000 0.000002 0.033715 
0.000000 0.000010 0.073499 0.056278 0.000000 0.000000 0.220258 0.000000 0.460530 0.060260 0.060408 0.068756 
0.000000 0.000010 0.112546 0.055385 0.000000 0.019443 0.046435 0.000000 0.092664 0.020422 0.052992 0.600104 
0.000000 0.189639 0.000162 0.000000 0.000000 0.777626 0.000017 0.000000 0.000000 0.000000 0.025942 0.006613 
0.000000 0.004067 0.009513 0.986402 0.000000 0.000000 0.000015 0.000000 0.000000 0.000000 0.000002 0.000001 
0.000000 0.096427 0.063810 0.000000 0.000000 0.248847 0.012840 0.325501 0.000000 0.000000 0.000002 0.252573 
0.000000 0.061511 0.326376 0.000000 0.000000 0.596941 0.000020 0.000000 0.000000 0.000000 0.000002 0.015151 
0.023692 0.000010 0.342870 0.024379 0.093692 0.061285 0.101231 0.000000 0.217465 0.095357 0.000002 0.040017 
0.000000 0.264090 0.105786 0.043428 0.000000 0.066411 0.406943 0.000000 0.000000 0.070873 0.042467 0.000002 
0.000000 0.025849 0.073082 0.027200 0.000000 0.030547 0.018390 0.229744 0.000000 0.000000 0.083144 0.512043 
0.081444 0.000009 0.104541 0.092060 0.000000 0.000000 0.061189 0.005140 0.333086 0.000000 0.322529 0.000002 
0.097016 0.025211 0.095268 0.000000 0.000000 0.000000 0.382883 0.000000 0.130442 0.000000 0.180367 0.088813 
0.000000 0.023379 0.120000 0.278196 0.005411 0.364056 0.025509 0.000000 0.020605 0.086089 0.000002 0.076753 
0.000000 0.068955 0.388575 0.000000 0.000000 0.108354 0.037608 0.029948 0.000000 0.281057 0.060002 0.025501 
0.000000 0.000011 0.039124 0.000000 0.000000 0.238384 0.000019 0.626687 0.000000 0.000000 0.095774 0.000002 
0.000000 0.380651 0.023471 0.008010 0.000000 0.299144 0.190133 0.000000 0.018551 0.000000 0.080038 0.000002 
0.000000 0.000010 0.871845 0.015931 0.000000 0.009630 0.048073 0.000000 0.000000 0.000000 0.000002 0.054509 
0.000000 0.072279 0.118887 0.000000 0.071180 0.068994 0.060736 0.401022 0.000000 0.169836 0.000002 0.037064 
0.000000 0.053516 0.242142 0.000000 0.023317 0.000000 0.041328 0.344587 0.050781 0.215912 0.000002 0.028416 
0.138504 0.025456 0.009895 0.000000 0.000000 0.000000 0.000020 0.000000 0.809633 0.016489 0.000002 0.000001 
0.000000 0.015110 0.303050 0.018384 0.000000 0.000000 0.060100 0.000000 0.000000 0.000000 0.592044 0.011312 
0.060289 0.067981 0.113267 0.207635 0.065746 0.088130 0.041970 0.000000 0.344908 0.000000 0.000002 0.010072 
0.000000 0.060376 0.051947 0.000000 0.000000 0.000000 0.000013 0.000000 0.000000 0.000000 0.095772 0.791892 
0.000000 0.000010 0.000160 0.920588 0.000000 0.021459 0.016111 0.000000 0.000000 0.000000 0.021527 0.020145 
0.000000 0.071460 0.030486 0.105719 0.000000 0.000000 0.166361 0.625972 0.000000 0.000000 0.000002 0.000001 
0.000000 0.000011 0.000173 0.928805 0.000000 0.044920 0.000016 0.026072 0.000000 0.000000 0.000001 0.000002 
0.000000 0.068214 0.160958 0.000000 0.062347 0.000000 0.232184 0.026154 0.041671 0.349640 0.000002 0.058830 
0.000000 0.081512 0.233662 0.316496 0.000000 0.000000 0.013298 0.000000 0.000000 0.000000 0.228697 0.126335 
0.000000 0.000011 0.594939 0.098297 0.000000 0.050594 0.075380 0.031286 0.000000 0.119451 0.030040 0.000002 
0.028722 0.000009 0.223597 0.000000 0.000000 0.000000 0.046186 0.000000 0.627577 0.036972 0.000002 0.036935 
0.000000 0.095875 0.180254 0.442790 0.019220 0.042831 0.021205 0.016387 0.000000 0.181434 0.000002 0.000003 
0.050935 0.323229 0.057481 0.000000 0.000000 0.065874 0.000020 0.000000 0.373905 0.046065 0.082490 0.000002 
0.000000 0.182924 0.013418 0.000000 0.016008 0.000000 0.013039 0.730645 0.000000 0.000000 0.028230 0.015736 
0.000000 0.723870 0.111593 0.000000 0.013354 0.000000 0.035790 0.020880 0.000000 0.060968 0.000002 0.033543 
0.000000 0.034340 0.051571 0.000000 0.032506 0.000000 0.144808 0.200435 0.000000 0.000000 0.109837 0.426503 
0.041241 0.060007 0.230053 0.000000 0.000000 0.000000 0.049601 0.025347 0.000000 0.287386 0.269653 0.036712 
0.000000 0.013343 0.135795 0.000000 0.000000 0.270000 0.018448 0.102888 0.000000 0.000000 0.459525 0.000002 
0.000000 0.032826 0.244733 0.031059 0.000000 0.000000 0.418625 0.195477 0.000000 0.064705 0.000002 0.012573 
0.000000 0.238032 0.016844 0.000000 0.000000 0.690138 0.009734 0.000000 0.000000 0.000000 0.045250 0.000002 
0.065627 0.013436 0.000093 0.000000 0.000000 0.349972 0.000023 0.135262 0.435584 0.000000 0.000002 0.000001 
0.000000 0.048244 0.052462 0.087203 0.000000 0.744519 0.000017 0.000000 0.017798 0.000000 0.049756 0.000002 
0.000000 0.085078 0.213054 0.000000 0.000000 0.000000 0.310454 0.000000 0.000000 0.163571 0.150666 0.077176 
0.000000 0.060413 0.540112 0.045956 0.000000 0.000000 0.039929 0.040019 0.026187 0.000000 0.247382 0.000002 
0.079843 0.000010 0.073162 0.000000 0.000000 0.000000 0.000020 0.075860 0.414232 0.000000 0.315613 0.041260 
0.000000 0.000011 0.216463 0.000000 0.000000 0.000000 0.077618 0.000000 0.049656 0.064397 0.591853 0.000002 
0.000000 0.000012 0.084154 0.000000 0.000000 0.000000 0.436431 0.124062 0.000000 0.000000 0.085083 0.270259 
0.000000 0.043532 0.098965 0.000000 0.000000 0.279092 0.071890 0.000000 0.000000 0.000000 0.478968 0.027553 
0.000000 0.063706 0.078401 0.030858 0.032188 0.000000 0.509266 0.247218 0.000000 0.000000 0.038361 0.000002 
0.000000 0.096151 0.000173 0.000000 0.000000 0.817228 0.005478 0.008988 0.000000 0.000000 0.000002 0.071980 
0.018014 0.029860 0.036670 0.530899 0.000000 0.085721 0.010873 0.000000 0.083974 0.081070 0.122917 0.000002 
0.000000 0.209079 0.195129 0.000000 0.000000 0.017973 0.064890 0.274296 0.000000 0.186339 0.033498 0.018795 
0.126587 0.159873 0.025858 0.000000 0.000000 0.000000 0.006395 0.000000 0.578405 0.000000 0.043152 0.059729 
0.000000 0.372871 0.216051 0.087192 0.034465 0.034063 0.063798 0.000000 0.000000 0.147800 0.000002 0.043758 
0.000000 0.062317 0.273027 0.010507 0.000000 0.000000 0.646536 0.000000 0.000000 0.000000 0.007612 0.000002 
0.000000 0.057107 0.077482 0.000000 0.000000 0.000000 0.730551 0.018727 0.047853 0.000000 0.068279 0.000002 
0.000000 0.027123 0.044104 0.000000 0.000000 0.000000 0.276339 0.432142 0.174411 0.018269 0.027611 0.000002 
0.000000 0.000011 0.153565 0.000000 0.000000 0.045243 0.060856 0.211483 0.000000 0.000000 0.528842 0.000002 
0.000000 0.000011 0.127499 0.000000 0.041467 0.000000 0.087394 0.274986 0.000000 0.000000 0.421906 0.046737 
0.000000 0.097017 0.313495 0.000000 0.080412 0.029311 0.093312 0.000000 0.000000 0.338478 0.000002 0.047973 
0.159024 0.000010 0.014114 0.000000 0.000000 0.000000 0.026120 0.000000 0.794659 0.000000 0.000001 0.006072 
0.078088 0.068240 0.031685 0.000000 0.000000 0.000000 0.036854 0.000000 0.537017 0.000000 0.248115 0.000002 
0.046595 0.021726 0.064324 0.008673 0.057160 0.092017 0.089743 0.000000 0.419326 0.000000 0.182747 0.017688 
0.000000 0.501490 0.044992 0.014479 0.000000 0.000000 0.008002 0.000000 0.216186 0.020705 0.057970 0.136175 
0.000000 0.075352 0.700229 0.000000 0.000000 0.030501 0.047084 0.087889 0.058943 0.000000 0.000002 0.000002 
0.000000 0.013399 0.000236 0.801595 0.000000 0.000000 0.034123 0.027355 0.000000 0.000000 0.054668 0.068625 
0.000000 0.000013 0.900823 0.000000 0.000000 0.000000 0.050616 0.000000 0.000000 0.000000 0.000002 0.048546 
0.000000 0.000010 0.043198 0.000000 0.000000 0.015992 0.000015 0.227246 0.000000 0.000000 0.056072 0.657466 
0.000000 0.130326 0.092352 0.000000 0.000000 0.556448 0.000019 0.000000 0.000000 0.000000 0.029665 0.191190 
0.000000 0.146707 0.040193 0.000000 0.000000 0.722345 0.004572 0.000000 0.000000 0.000000 0.026362 0.059821 
0.096457 0.000011 0.056773 0.000000 0.000000 0.000000 0.020193 0.000000 0.748829 0.000000 0.077735 0.000002 
0.000000 0.076160 0.183778 0.000000 0.000000 0.224393 0.028992 0.042236 0.000000 0.213614 0.000002 0.230826 
0.000000 0.502808 0.045605 0.145445 0.000000 0.059638 0.112654 0.000000 0.114382 0.000000 0.019467 0.000002 
0.014240 0.073156 0.171246 0.000000 0.000000 0.231954 0.018995 0.000000 0.000000 0.202813 0.058403 0.229193 
0.000000 0.018800 0.035587 0.000000 0.000000 0.000000 0.000021 0.000000 0.000000 0.000000 0.112690 0.832901 
0.000000 0.014027 0.478104 0.000000 0.000000 0.000000 0.262365 0.017955 0.000000 0.022396 0.000002 0.205151 
0.027503 0.000010 0.665270 0.000000 0.000000 0.000000 0.139162 0.000000 0.132039 0.000000 0.000002 0.036014 
0.000000 0.397461 0.226523 0.000000 0.000000 0.000000 0.261398 0.000000 0.000000 0.049566 0.065050 0.000002 
0.030274 0.027995 0.202358 0.000000 0.000000 0.000000 0.170584 0.009227 0.053318 0.000000 0.421150 0.085093 
0.000000 0.025073 0.032473 0.724163 0.000000 0.000000 0.218287 0.000000 0.000000 0.000000 0.000002 0.000002 
0.000000 0.031723 0.720591 0.000000 0.000000 0.000000 0.046693 0.019478 0.000000 0.048980 0.000002 0.132532 
0.000000 0.000010 0.487090 0.458189 0.000000 0.015048 0.020086 0.000000 0.000000 0.000000 0.019575 0.000002 
0.000000 0.000011 0.775151 0.012254 0.000000 0.020417 0.000022 0.005827 0.000000 0.054288 0.000002 0.132028 
0.000000 0.000009 0.000225 0.958184 0.000000 0.000000 0.000029 0.000000 0.000000 0.000000 0.018636 0.022917 
0.000000 0.021451 0.000172 0.584098 0.045573 0.000000 0.000016 0.000000 0.000000 0.000000 0.021160 0.327530 
0.000000 0.051592 0.000247 0.372957 0.019962 0.000000 0.244041 0.182499 0.110673 0.000000 0.000002 0.018028 
0.041751 0.000010 0.039409 0.165102 0.000000 0.000000 0.005758 0.019922 0.137296 0.000000 0.127143 0.463609 
0.000000 0.866991 0.057476 0.000000 0.000000 0.000000 0.007727 0.009923 0.000000 0.000000 0.038268 0.019615 
0.000000 0.053998 0.148745 0.000000 0.000000 0.000000 0.750888 0.009264 0.000000 0.037102 0.000002 0.000002 
0.000000 0.036498 0.032142 0.000000 0.000000 0.000000 0.000022 0.000000 0.000000 0.000000 0.136598 0.794740 
0.014512 0.046210 0.810923 0.000000 0.000000 0.000000 0.043425 0.000000 0.000000 0.000000 0.020369 0.064560 
0.000000 0.061798 0.067490 0.000000 0.000000 0.023228 0.784447 0.009838 0.000000 0.000000 0.053197 0.000002 
0.019404 0.347235 0.083415 0.019651 0.000000 0.000000 0.173316 0.080307 0.000000 0.057901 0.063024 0.155747 
0.000000 0.021831 0.118703 0.012720 0.000000 0.000000 0.145730 0.000000 0.000000 0.000000 0.647600 0.053417 
0.000000 0.249089 0.119593 0.000000 0.000000 0.301050 0.008286 0.000000 0.000000 0.000000 0.321980 0.000002 
0.000000 0.093656 0.544015 0.011413 0.000000 0.074559 0.221156 0.000000 0.000000 0.000000 0.000002 0.055199 
0.000000 0.541165 0.117584 0.000000 0.000000 0.000000 0.021391 0.000000 0.000000 0.127699 0.174419 0.017741 
0.000000 0.181575 0.093796 0.245404 0.000000 0.000000 0.406253 0.000000 0.019945 0.053023 0.000002 0.000002 
0.000000 0.000011 0.072882 0.000000 0.000000 0.000000 0.015905 0.009619 0.067016 0.018036 0.101850 0.714680 
0.000000 0.015714 0.121383 0.012764 0.000000 0.000000 0.730569 0.000000 0.000000 0.064341 0.055225 0.000002 
0.000000 0.059239 0.502530 0.043070 0.000000 0.000000 0.028140 0.102774 0.000000 0.000000 0.037085 0.227163 
0.000000 0.027774 0.263014 0.000000 0.000000 0.521491 0.055783 0.016913 0.000000 0.063193 0.000002 0.051831 
0.000000 0.034718 0.208308 0.000000 0.000000 0.000000 0.055997 0.033013 0.000000 0.000000 0.651339 0.016625 
0.000000 0.000009 0.014162 0.240610 0.000000 0.028010 0.000021 0.717185 0.000000 0.000000 0.000001 0.000001 
0.000000 0.215509 0.710594 0.015905 0.000000 0.000000 0.012198 0.000000 0.000000 0.000000 0.000002 0.045792 
0.000000 0.000011 0.586837 0.215838 0.000000 0.016272 0.139688 0.000000 0.000000 0.000000 0.041353 0.000002 
0.000000 0.117500 0.164008 0.000000 0.152518 0.167548 0.232624 0.000000 0.000000 0.132583 0.033217 0.000002 
0.008794 0.000011 0.120466 0.220738 0.000000 0.000000 0.000020 0.028039 0.000000 0.000000 0.059627 0.562304 
0.000000 0.171902 0.000144 0.000000 0.000000 0.672003 0.108020 0.000000 0.000000 0.000000 0.000002 0.047929 
0.000000 0.014142 0.000160 0.000000 0.000000 0.000000 0.039234 0.926300 0.000000 0.000000 0.000002 0.020161 
0.014494 0.024931 0.160990 0.000000 0.000000 0.000000 0.190976 0.000000 0.000000 0.000000 0.561608 0.047000 
0.000000 0.040453 0.147497 0.019129 0.021503 0.000000 0.030819 0.014520 0.000000 0.017140 0.236286 0.472653 
0.000000 0.508744 0.069528 0.000000 0.000000 0.124158 0.096580 0.018914 0.054529 0.053206 0.000002 0.074339 
0.108441 0.049150 0.000221 0.005949 0.000000 0.045277 0.045305 0.171983 0.523329 0.000000 0.050343 0.000002 
0.000000 0.000007 0.388833 0.000000 0.000000 0.000000 0.000021 0.611136 0.000000 0.000000 0.000002 0.000002 
0.000000 0.044766 0.181603 0.463809 0.047396 0.000000 0.040402 0.000000 0.000000 0.105862 0.083280 0.032883 
0.000000 0.000008 0.509715 0.000000 0.000000 0.000000 0.023547 0.451318 0.000000 0.000000 0.000001 0.015409 
0.000000 0.008145 0.663764 0.011884 0.000000 0.000000 0.000020 0.000000 0.000000 0.000000 0.000002 0.316185 
0.027394 0.113324 0.071000 0.245435 0.022623 0.000000 0.000021 0.040641 0.000000 0.000000 0.099696 0.379866 
0.000000 0.079320 0.322721 0.000000 0.057734 0.000000 0.090865 0.000000 0.000000 0.341980 0.041255 0.066125 
0.122932 0.018956 0.018241 0.000000 0.000000 0.000000 0.000022 0.193743 0.628137 0.000000 0.000002 0.017968 
0.070853 0.348204 0.063158 0.043568 0.000000 0.068459 0.020846 0.000000 0.384907 0.000000 0.000002 0.000002 
0.000000 0.000011 0.000193 0.000000 0.000000 0.000000 0.023568 0.011208 0.000000 0.000000 0.229024 0.735996 
0.054568 0.000011 0.169803 0.000000 0.000000 0.276350 0.067780 0.047228 0.384257 0.000000 0.000001 0.000002 
0.000000 0.019173 0.185780 0.000000 0.000000 0.013459 0.025151 0.610879 0.000000 0.101905 0.023189 0.020463 
0.000000 0.876181 0.019389 0.018719 0.000000 0.000000 0.044121 0.000000 0.000000 0.000000 0.029617 0.011972 
0.000000 0.000010 0.735115 0.000000 0.000000 0.000000 0.095253 0.131549 0.000000 0.000000 0.025170 0.012903 
0.000000 0.008838 0.088693 0.000000 0.000000 0.000000 0.039630 0.323003 0.000000 0.000000 0.343369 0.196467 
0.0415972 0.221035 0.38156 0.109411 0.0302079 0.09156 0.253462 0.117346 0.0755621 0.0701262 0.162824 0.164032 
