-779389.617309
0
0.000495 0.000727 0.000742 0.008320 0.000000 0.000000 0.000000 0.000374 0.000007 0.003390 0.013259 0.004264 0.000000 0.000000 0.000001 0.001086 0.003763 0.005800 0.001900 0.003877 0.000000 0.003020 0.000902 0.013104 0.002027 0.000421 0.000554 0.015176 0.000000 0.000000 0.000000 0.000000 0.001505 0.002028 0.012044 0.004471 0.000000 0.000001 0.000001 0.001672 0.000299 0.001487 0.001526 0.002411 0.002459 0.002176 0.003688 0.016592 0.002230 0.002175 0.000000 0.009185 0.000000 0.000001 0.000000 0.000358 0.000000 0.012732 0.028996 0.014870 0.000000 0.000000 0.000001 0.000000 0.005997 0.010220 0.004487 0.013419 0.000000 0.001503 0.000210 0.002521 0.036472 0.009451 0.003090 0.306731 0.000000 0.000193 0.000000 0.000001 0.002330 0.020420 0.229114 0.038299 0.000168 0.000608 0.000000 0.003701 0.003713 0.008469 0.005639 0.009891 0.004341 0.008866 0.001983 0.062045 
0.000005 0.000001 0.000000 0.000003 0.000000 0.000000 0.000000 0.000001 0.000011 0.018818 0.000001 0.004977 0.000577 0.000000 0.001084 0.004016 0.001317 0.000012 0.000762 0.000775 0.000000 0.000000 0.000741 0.000000 0.001515 0.000000 0.000000 0.000472 0.000000 0.000213 0.000399 0.000000 0.079099 0.101983 0.020745 0.082509 0.000000 0.000198 0.000270 0.001272 0.000301 0.000635 0.000268 0.005286 0.000000 0.001037 0.000301 0.000831 0.000002 0.000003 0.000000 0.000005 0.000412 0.000506 0.000000 0.000005 0.000000 0.019397 0.000000 0.016347 0.000000 0.000000 0.000850 0.000676 0.000825 0.000003 0.000004 0.008077 0.000000 0.000000 0.001159 0.000000 0.000183 0.004218 0.000000 0.001933 0.000000 0.001391 0.000000 0.000001 0.123086 0.288807 0.101789 0.081156 0.001377 0.000726 0.000747 0.004213 0.002200 0.001117 0.002461 0.002619 0.000000 0.000960 0.000912 0.001394 
0.007291 0.000001 0.000000 0.000953 0.004366 0.000000 0.000000 0.000001 0.005983 0.003309 0.005522 0.005343 0.012998 0.002107 0.006818 0.017074 0.031228 0.010986 0.021665 0.028544 0.045850 0.007272 0.004815 0.024170 0.004698 0.000000 0.000000 0.002493 0.000000 0.000000 0.000000 0.003126 0.012196 0.010268 0.003734 0.005673 0.005451 0.001267 0.003766 0.002822 0.019753 0.011687 0.018076 0.033626 0.026880 0.006838 0.013111 0.068842 0.012368 0.009618 0.000000 0.006788 0.000000 0.003482 0.000000 0.003729 0.001687 0.003031 0.000765 0.008434 0.001601 0.001024 0.000325 0.000000 0.012213 0.010730 0.012235 0.014710 0.008661 0.000000 0.003675 0.021884 0.023871 0.000417 0.000000 0.029801 0.002028 0.000000 0.000000 0.004242 0.001151 0.005670 0.000000 0.007650 0.024265 0.000889 0.016638 0.010261 0.018570 0.016913 0.011706 0.040826 0.060284 0.009653 0.009186 0.068418 
0.000293 0.001179 0.000608 0.000002 0.000001 0.000000 0.000234 0.000411 0.007384 0.003387 0.002488 0.003266 0.000000 0.000000 0.000001 0.000002 0.000713 0.000436 0.000827 0.001024 0.000000 0.000302 0.000752 0.000000 0.001238 0.000000 0.000000 0.000047 0.000000 0.000000 0.000000 0.000000 0.017852 0.002812 0.004683 0.009102 0.000000 0.000510 0.000806 0.001033 0.000653 0.000005 0.000410 0.001377 0.000199 0.000002 0.000011 0.000922 0.000620 0.000003 0.000000 0.000005 0.000000 0.000001 0.000000 0.000384 0.006635 0.000901 0.000000 0.003325 0.000000 0.000000 0.000989 0.000000 0.000232 0.000002 0.000002 0.000331 0.000000 0.000000 0.000041 0.000000 0.013731 0.007736 0.002464 0.012156 0.038844 0.000000 0.001494 0.066308 0.414651 0.079223 0.050557 0.233200 0.000004 0.000001 0.000000 0.000002 0.000009 0.000199 0.000002 0.000396 0.000000 0.000137 0.000180 0.000261 
0.039410 0.038714 0.000000 0.034815 0.009634 0.006250 0.000000 0.011766 0.018606 0.006304 0.018270 0.021312 0.016430 0.012892 0.017861 0.029683 0.016871 0.011729 0.009502 0.029313 0.000000 0.000000 0.007532 0.002578 0.033179 0.018692 0.000000 0.024086 0.007123 0.006602 0.000000 0.007326 0.003432 0.003170 0.003302 0.024923 0.011190 0.018900 0.015316 0.030179 0.006117 0.013073 0.002791 0.011368 0.001558 0.001911 0.004919 0.002071 0.024710 0.015161 0.000000 0.022037 0.003690 0.001974 0.000000 0.005912 0.000000 0.000016 0.002937 0.004375 0.008226 0.008680 0.010193 0.020468 0.004674 0.005444 0.003777 0.010594 0.000565 0.000000 0.006334 0.003964 0.028889 0.018361 0.000000 0.038106 0.005179 0.003595 0.000000 0.006423 0.006623 0.002565 0.000000 0.011439 0.017648 0.013914 0.005784 0.032159 0.004794 0.006121 0.000001 0.010247 0.000000 0.001924 0.005643 0.006152 
0.001623 0.002535 0.000000 0.001647 0.001309 0.001709 0.000000 0.001627 0.031896 0.015550 0.136636 0.014350 0.000000 0.002531 0.000324 0.005987 0.010366 0.006251 0.020861 0.003881 0.000000 0.002076 0.001106 0.002639 0.006753 0.015492 0.006131 0.038741 0.000000 0.000000 0.000000 0.000000 0.013314 0.012166 0.103220 0.010146 0.000000 0.001520 0.000000 0.000002 0.007312 0.004105 0.021986 0.004482 0.000000 0.002349 0.004287 0.006911 0.002174 0.004382 0.001781 0.006572 0.000000 0.001819 0.000000 0.001045 0.053262 0.064335 0.133013 0.043362 0.000000 0.001447 0.000000 0.001220 0.014038 0.008011 0.010958 0.006495 0.000000 0.001140 0.000885 0.002761 0.002829 0.003810 0.002324 0.003289 0.000000 0.000000 0.000000 0.000000 0.007198 0.006244 0.048997 0.003759 0.000660 0.000757 0.000000 0.000001 0.008073 0.004605 0.012008 0.003565 0.000000 0.001714 0.001684 0.005962 
0.007747 0.003737 0.003394 0.003752 0.030393 0.016000 0.006789 0.031434 0.018652 0.013020 0.000001 0.015558 0.006203 0.006729 0.005296 0.000002 0.025390 0.012774 0.024633 0.019233 0.000000 0.002247 0.009576 0.008778 0.004347 0.001689 0.002610 0.003474 0.021304 0.016156 0.006460 0.029960 0.019591 0.011669 0.002628 0.016173 0.006300 0.009233 0.009273 0.008513 0.010741 0.017296 0.013993 0.015112 0.000000 0.007082 0.011346 0.009499 0.000002 0.002950 0.000000 0.003252 0.014615 0.012043 0.001783 0.019938 0.027404 0.012282 0.000000 0.016057 0.005195 0.004443 0.008118 0.004564 0.011477 0.011458 0.012322 0.011131 0.005203 0.006150 0.020889 0.007935 0.000855 0.011356 0.003494 0.001802 0.018200 0.025822 0.002871 0.039475 0.004913 0.017276 0.000000 0.006937 0.001674 0.006604 0.006876 0.005763 0.018676 0.016419 0.013313 0.014221 0.004625 0.008633 0.012356 0.012839 
0.038153 0.028211 0.019674 0.022881 0.010193 0.005764 0.003068 0.003263 0.011517 0.008811 0.000001 0.003500 0.003706 0.002541 0.008858 0.001197 0.007584 0.002020 0.007839 0.001376 0.000000 0.000421 0.000731 0.000000 0.046948 0.071040 0.009909 0.048998 0.010683 0.011319 0.006755 0.007834 0.022313 0.014149 0.006856 0.018752 0.007252 0.012975 0.035602 0.010061 0.005324 0.000739 0.011111 0.004120 0.000000 0.001010 0.004210 0.000982 0.036919 0.042695 0.022456 0.028525 0.007415 0.011309 0.006625 0.005804 0.008373 0.008002 0.000931 0.010299 0.006737 0.005068 0.013688 0.002887 0.005787 0.001106 0.004562 0.000981 0.000000 0.000000 0.000001 0.000000 0.031743 0.055744 0.010901 0.039836 0.002190 0.011912 0.003258 0.004550 0.003105 0.008616 0.000000 0.007369 0.004415 0.003795 0.007996 0.002652 0.002144 0.000556 0.003044 0.002005 0.000000 0.000647 0.002580 0.000522 
0.020146 0.014565 0.158617 0.344699 0.110233 0.276637 0.075079 0.000024 
0.024633 0.012620 0.000028 0.051136 0.004614 0.860686 0.011007 0.035276 
0.000000 0.037208 0.042589 0.000000 0.744369 0.043888 0.034610 0.097335 
0.000000 0.000003 0.000026 0.042881 0.014007 0.908241 0.000003 0.034839 
0.000000 0.875034 0.000024 0.012499 0.000472 0.107047 0.000002 0.004921 
0.921165 0.000003 0.000027 0.000000 0.019470 0.000290 0.059021 0.000024 
0.997746 0.000002 0.000029 0.000000 0.001741 0.000456 0.000002 0.000023 
0.499319 0.000003 0.025087 0.026195 0.069941 0.362214 0.000003 0.017239 
0.000000 0.028561 0.055472 0.150829 0.107319 0.507144 0.127722 0.022954 
0.000000 0.242489 0.074260 0.195187 0.142792 0.111061 0.210478 0.023733 
0.000000 0.000003 0.008796 0.393819 0.299547 0.125644 0.133588 0.038602 
0.000000 0.008419 0.500946 0.000000 0.107666 0.036298 0.000003 0.346668 
0.041304 0.062073 0.037278 0.008834 0.189104 0.560899 0.100486 0.000022 
0.000000 0.014895 0.145363 0.000000 0.184738 0.221370 0.384821 0.048813 
0.024381 0.072138 0.040015 0.000000 0.170017 0.486564 0.182660 0.024224 
0.033899 0.437865 0.000027 0.039964 0.091031 0.397192 0.000002 0.000021 
0.000000 0.000003 0.137296 0.132746 0.579158 0.044995 0.027606 0.078196 
0.000000 0.000003 0.016215 0.008667 0.239110 0.014914 0.541585 0.179504 
0.544388 0.375956 0.000036 0.024008 0.030029 0.025556 0.000003 0.000023 
0.035205 0.006932 0.526798 0.008273 0.219536 0.154131 0.049101 0.000025 
0.058104 0.000003 0.036828 0.010461 0.435733 0.058538 0.000003 0.400331 
0.000000 0.000003 0.232989 0.686107 0.042145 0.030063 0.000003 0.008690 
0.000000 0.055002 0.449229 0.000000 0.152094 0.116360 0.180554 0.046761 
0.531210 0.045149 0.038730 0.000000 0.089925 0.057227 0.195717 0.042043 
0.000000 0.051127 0.137054 0.043311 0.420779 0.109511 0.199751 0.038466 
0.251433 0.000003 0.085508 0.000000 0.120886 0.015450 0.000003 0.526717 
0.176364 0.000003 0.029169 0.013564 0.206923 0.053601 0.411925 0.108451 
0.000000 0.040466 0.122502 0.000000 0.233424 0.091868 0.439231 0.072508 
0.000000 0.187915 0.484994 0.000000 0.103585 0.209945 0.000003 0.013557 
0.064240 0.000003 0.127562 0.012529 0.138348 0.456367 0.175760 0.025192 
0.014615 0.053777 0.002452 0.835267 0.009551 0.084313 0.000002 0.000024 
0.022144 0.000003 0.017587 0.000000 0.281399 0.017164 0.512991 0.148712 
0.436137 0.045304 0.000036 0.000000 0.093866 0.409076 0.015557 0.000023 
0.035064 0.000003 0.125659 0.053050 0.677318 0.082336 0.000003 0.026566 
0.159327 0.678149 0.000034 0.027370 0.042017 0.047375 0.000003 0.045724 
0.032341 0.022159 0.075023 0.000000 0.590714 0.052859 0.137084 0.089820 
0.051768 0.032010 0.000024 0.000000 0.035782 0.831599 0.032881 0.015935 
0.000000 0.027502 0.000029 0.000000 0.082379 0.214752 0.000003 0.675335 
0.000000 0.036130 0.076205 0.103489 0.134426 0.291601 0.244066 0.114082 
0.227681 0.019908 0.028739 0.061836 0.295416 0.340202 0.000003 0.026215 
0.000000 0.025340 0.017630 0.000000 0.057733 0.899268 0.000003 0.000025 
0.196062 0.041350 0.158890 0.000000 0.194457 0.068615 0.286044 0.054583 
0.011552 0.000003 0.010807 0.000000 0.001524 0.856162 0.000003 0.119949 
0.021235 0.058146 0.604854 0.000000 0.130346 0.140281 0.045113 0.000025 
0.512739 0.000003 0.018239 0.122880 0.053567 0.271148 0.000003 0.021421 
0.918696 0.019448 0.030095 0.000000 0.018385 0.009361 0.000003 0.004012 
0.016210 0.000003 0.257397 0.486770 0.029450 0.202352 0.007793 0.000024 
0.066038 0.000003 0.015306 0.022075 0.198703 0.000639 0.224476 0.472759 
0.020476 0.023972 0.000024 0.042157 0.038339 0.014983 0.071287 0.788762 
0.000000 0.000003 0.186475 0.000000 0.236634 0.076141 0.106134 0.394614 
0.000000 0.034020 0.153997 0.014028 0.249249 0.502998 0.000003 0.045704 
0.000000 0.244933 0.034977 0.183848 0.177774 0.016190 0.311877 0.030402 
0.037925 0.939686 0.006013 0.000000 0.009534 0.006815 0.000003 0.000023 
0.000000 0.000002 0.000030 0.011306 0.019476 0.302252 0.000003 0.666931 
0.729938 0.082330 0.006612 0.026748 0.036380 0.012585 0.081764 0.023642 
0.000000 0.050579 0.153669 0.000000 0.223123 0.098258 0.414766 0.059604 
0.103430 0.000003 0.080513 0.000000 0.437698 0.034108 0.297265 0.046983 
0.016664 0.000003 0.704002 0.021040 0.119883 0.070187 0.035781 0.032441 
0.000000 0.088478 0.715087 0.000000 0.145160 0.051252 0.000003 0.000020 
0.000000 0.000003 0.312848 0.616300 0.027293 0.014012 0.022713 0.006831 
0.000000 0.092778 0.051197 0.000000 0.027677 0.797936 0.000003 0.030409 
0.000000 0.000003 0.365571 0.413337 0.169936 0.051127 0.000003 0.000023 
0.366675 0.116910 0.019591 0.117137 0.019073 0.348413 0.000003 0.012197 
0.000000 0.633870 0.012340 0.311495 0.021574 0.005225 0.015474 0.000023 
0.000000 0.018059 0.103526 0.088212 0.175771 0.129575 0.207882 0.276975 
0.117531 0.001732 0.000028 0.000000 0.015762 0.159554 0.029824 0.675568 
0.000000 0.092817 0.245739 0.000000 0.107236 0.132917 0.114004 0.307287 
0.000000 0.008284 0.019698 0.185488 0.215990 0.146766 0.358023 0.065751 
0.015244 0.000003 0.415599 0.417403 0.080481 0.025902 0.026181 0.019186 
0.000000 0.061243 0.042003 0.000000 0.558842 0.045534 0.241302 0.051076 
0.462567 0.008210 0.081324 0.009795 0.259140 0.141338 0.000003 0.037622 
0.019649 0.000003 0.000025 0.036652 0.000490 0.943157 0.000003 0.000022 
0.000000 0.047492 0.002978 0.024271 0.122425 0.007684 0.015521 0.779628 
0.231411 0.052597 0.026310 0.060751 0.049419 0.557769 0.000003 0.021740 
0.505321 0.000003 0.184251 0.055305 0.122220 0.012376 0.036757 0.083768 
0.104973 0.000003 0.035780 0.053447 0.065904 0.020845 0.063485 0.655563 
0.000000 0.003294 0.000026 0.000000 0.028093 0.955642 0.000003 0.012941 
0.000000 0.000003 0.000018 0.988032 0.008470 0.003453 0.000003 0.000021 
0.000000 0.325963 0.014115 0.000000 0.003204 0.327290 0.044248 0.285179 
0.000000 0.000003 0.000028 0.000000 0.074150 0.631334 0.221122 0.073363 
0.249213 0.018211 0.096946 0.026991 0.191984 0.071836 0.303283 0.041537 
0.000000 0.031260 0.406639 0.038947 0.152849 0.323541 0.046741 0.000022 
0.000000 0.226910 0.017852 0.028873 0.092613 0.058814 0.018154 0.556784 
0.410465 0.003822 0.070145 0.092327 0.379679 0.000404 0.000003 0.043155 
0.181908 0.000003 0.409427 0.000000 0.238743 0.044588 0.000003 0.125328 
0.016390 0.000003 0.030433 0.276161 0.090098 0.407450 0.088751 0.090714 
0.000000 0.045220 0.057890 0.000000 0.287588 0.210928 0.363798 0.034576 
0.000000 0.616026 0.000033 0.000000 0.112317 0.249620 0.000003 0.022001 
0.042715 0.017842 0.167305 0.006602 0.132233 0.633276 0.000003 0.000023 
0.000000 0.000003 0.034368 0.021222 0.245556 0.003859 0.568788 0.126204 
0.000000 0.433584 0.090400 0.000000 0.129206 0.177251 0.147488 0.022072 
0.052277 0.371965 0.071713 0.000000 0.178391 0.071128 0.235931 0.018595 
0.954828 0.000003 0.000031 0.000000 0.018862 0.026255 0.000003 0.000018 
0.000000 0.000003 0.045902 0.017975 0.767562 0.041535 0.076632 0.050390 
0.410029 0.000003 0.036816 0.215946 0.060447 0.158115 0.110986 0.007657 
0.000000 0.000003 0.000019 0.000000 0.089132 0.069190 0.000003 0.841651 
0.008026 0.000003 0.012782 0.913191 0.020198 0.022294 0.000002 0.023504 
0.000000 0.625148 0.153028 0.110224 0.044329 0.067251 0.000003 0.000018 
0.000000 0.000003 0.000023 0.947155 0.000458 0.052329 0.000003 0.000029 
0.040047 0.061908 0.348966 0.000000 0.158621 0.111089 0.230578 0.048791 
0.000000 0.000003 0.000040 0.324141 0.343912 0.084470 0.094539 0.152894 
0.000000 0.032760 0.078997 0.100083 0.247688 0.051806 0.426884 0.061781 
0.691017 0.000003 0.021734 0.000000 0.076820 0.000346 0.157916 0.052165 
0.000000 0.047523 0.044503 0.436669 0.132329 0.154084 0.184868 0.000023 
0.452614 0.012671 0.000030 0.000000 0.163063 0.371598 0.000003 0.000020 
0.000000 0.747247 0.011423 0.000000 0.076446 0.164857 0.000003 0.000023 
0.020812 0.087828 0.042665 0.000000 0.130608 0.627141 0.074133 0.016812 
0.000000 0.205581 0.140665 0.000000 0.141160 0.047430 0.000003 0.465160 
0.000000 0.048565 0.142849 0.000000 0.457025 0.101261 0.190620 0.059679 
0.000000 0.094993 0.014976 0.000000 0.528480 0.312565 0.000003 0.048983 
0.015100 0.192701 0.394863 0.031476 0.134594 0.044689 0.169364 0.017213 
0.000000 0.000003 0.009962 0.000000 0.060144 0.918518 0.000003 0.011369 
0.497885 0.126274 0.000030 0.000000 0.000429 0.375362 0.000002 0.000017 
0.010579 0.000003 0.000026 0.084337 0.053292 0.794061 0.008625 0.049077 
0.014679 0.011234 0.340356 0.000000 0.301339 0.103505 0.134043 0.094844 
0.034530 0.041223 0.017514 0.050915 0.483469 0.058138 0.286272 0.027939 
0.499501 0.073955 0.000032 0.000000 0.354454 0.000713 0.000003 0.071341 
0.047579 0.000002 0.081607 0.000000 0.721107 0.046105 0.041433 0.062167 
0.000000 0.116787 0.402656 0.000000 0.120934 0.023850 0.030126 0.305647 
0.000000 0.000003 0.062425 0.000000 0.509789 0.339196 0.000003 0.088583 
0.016922 0.246685 0.460523 0.032408 0.135642 0.072909 0.034888 0.000023 
0.000000 0.005118 0.004659 0.000000 0.000747 0.911257 0.000003 0.078216 
0.098605 0.000003 0.028108 0.532680 0.173082 0.151986 0.015510 0.000026 
0.000000 0.303423 0.097274 0.000000 0.201261 0.247509 0.150506 0.000025 
0.711452 0.011486 0.008413 0.000000 0.080025 0.134269 0.000003 0.054353 
0.000000 0.060086 0.079075 0.081659 0.215603 0.390385 0.173167 0.000025 
0.018286 0.000003 0.573184 0.010394 0.188699 0.064185 0.145226 0.000023 
0.064745 0.015166 0.660438 0.000000 0.187507 0.072117 0.000003 0.000025 
0.194018 0.426726 0.239837 0.000000 0.093589 0.045805 0.000003 0.000022 
0.000000 0.202780 0.051322 0.000000 0.612950 0.079832 0.000003 0.053112 
0.000000 0.275531 0.082884 0.000000 0.497138 0.040735 0.000003 0.103709 
0.000000 0.046016 0.165152 0.000000 0.249761 0.162693 0.346888 0.029490 
0.952093 0.000003 0.033224 0.000000 0.000735 0.000577 0.008146 0.005221 
0.627543 0.007522 0.026014 0.000000 0.271694 0.067200 0.000002 0.000025 
0.477708 0.007456 0.072827 0.009115 0.243686 0.135713 0.016942 0.036553 
0.260548 0.024210 0.004341 0.019139 0.124605 0.434804 0.000003 0.132350 
0.074082 0.077995 0.022787 0.014056 0.239670 0.090912 0.470276 0.010222 
0.000000 0.022169 0.029802 0.807018 0.060272 0.012698 0.000003 0.068037 
0.000000 0.000003 0.022426 0.000000 0.324099 0.000276 0.563010 0.090186 
0.000000 0.224136 0.000024 0.000000 0.040886 0.015769 0.005994 0.713190 
0.000000 0.000002 0.000029 0.000000 0.047312 0.665737 0.049876 0.237043 
0.000000 0.000003 0.000044 0.000000 0.050580 0.857155 0.000003 0.092214 
0.851671 0.000003 0.015022 0.000000 0.104236 0.006784 0.000003 0.022280 
0.000000 0.053524 0.048450 0.000000 0.152209 0.337328 0.171857 0.236631 
0.170077 0.023372 0.085700 0.150580 0.086237 0.477634 0.006376 0.000024 
0.000000 0.000004 0.056693 0.000000 0.174188 0.347886 0.161480 0.259749 
0.000000 0.000003 0.000032 0.000000 0.087023 0.026621 0.000003 0.886318 
0.011207 0.013281 0.238095 0.000000 0.142939 0.006370 0.327552 0.260556 
0.152944 0.000003 0.117118 0.004760 0.241686 0.000358 0.396345 0.086786 
0.017446 0.030082 0.250704 0.000000 0.214377 0.363426 0.123942 0.000023 
0.068474 0.009898 0.167878 0.000000 0.528653 0.051622 0.045905 0.127570 
0.000000 0.000003 0.198111 0.724147 0.047959 0.029755 0.000003 0.000021 
0.014767 0.014204 0.030050 0.008903 0.290101 0.014654 0.467157 0.160164 
0.000000 0.000003 0.009945 0.462444 0.225452 0.011326 0.290798 0.000032 
0.000000 0.000003 0.000032 0.020532 0.212526 0.012644 0.548730 0.205532 
0.000000 0.000003 0.000037 0.957076 0.018749 0.000255 0.000003 0.023877 
0.000000 0.013223 0.000023 0.580813 0.027622 0.026175 0.000003 0.352140 
0.123926 0.181893 0.209814 0.375142 0.041783 0.060531 0.000003 0.006906 
0.170159 0.015895 0.008928 0.165160 0.115437 0.013420 0.000003 0.510999 
0.047737 0.077904 0.000038 0.000000 0.132303 0.713567 0.015645 0.012807 
0.000000 0.012505 0.707484 0.000000 0.146422 0.066908 0.066657 0.000023 
0.009445 0.000003 0.000028 0.000000 0.106294 0.036866 0.000003 0.847360 
0.019181 0.000003 0.033747 0.008887 0.314649 0.026964 0.488018 0.108551 
0.000000 0.009144 0.734155 0.000000 0.150159 0.106514 0.000003 0.000023 
0.035890 0.111694 0.186680 0.016893 0.164822 0.325459 0.018489 0.140074 
0.000000 0.000003 0.121663 0.008788 0.695672 0.060420 0.000003 0.113452 
0.019208 0.000003 0.006523 0.000000 0.383184 0.535000 0.000003 0.056079 
0.000000 0.000003 0.192814 0.015837 0.190265 0.156125 0.354337 0.090619 
0.004131 0.056128 0.024498 0.000000 0.331184 0.517405 0.047589 0.019064 
0.039892 0.000003 0.393490 0.253630 0.095580 0.179456 0.037924 0.000025 
0.074847 0.003342 0.012489 0.000000 0.098280 0.008367 0.028826 0.773848 
0.000000 0.000003 0.723166 0.012399 0.143463 0.039430 0.047947 0.033591 
0.000000 0.103861 0.022458 0.049072 0.228932 0.051002 0.286086 0.258589 
0.000000 0.013050 0.059601 0.000000 0.090027 0.550539 0.190594 0.096189 
0.000000 0.033557 0.049657 0.000000 0.767178 0.069002 0.000003 0.080603 
0.000000 0.718291 0.000033 0.241098 0.011076 0.029478 0.000004 0.000020 
0.000000 0.031754 0.005785 0.016071 0.310969 0.177033 0.397589 0.060799 
0.004083 0.000003 0.117513 0.217218 0.239341 0.010806 0.349248 0.061788 
0.016142 0.019741 0.258255 0.012177 0.170881 0.317401 0.205379 0.000024 
0.012894 0.019509 0.000031 0.221568 0.061875 0.003965 0.067843 0.612315 
0.015314 0.000002 0.092475 0.000000 0.005879 0.825372 0.000003 0.060955 
0.000000 0.923681 0.032570 0.000000 0.033019 0.010703 0.000002 0.000025 
0.000000 0.000003 0.181948 0.000000 0.676767 0.055797 0.000003 0.085482 
0.010576 0.013924 0.026407 0.020500 0.293669 0.052323 0.059948 0.522653 
0.092882 0.054680 0.091610 0.000000 0.095826 0.570771 0.029230 0.065001 
0.627358 0.175505 0.048158 0.000000 0.055667 0.093287 0.000003 0.000023 
0.000000 0.595594 0.000028 0.012093 0.155820 0.000165 0.236276 0.000024 
0.000000 0.020586 0.049709 0.460510 0.209762 0.055016 0.174108 0.030310 
0.000000 0.445327 0.010086 0.000000 0.126343 0.000204 0.359370 0.058669 
0.000000 0.000003 0.000029 0.017278 0.193314 0.000748 0.411829 0.376799 
0.040979 0.046265 0.005110 0.243351 0.133275 0.104522 0.037704 0.388793 
0.000000 0.035207 0.150222 0.000000 0.289616 0.104666 0.364506 0.055783 
0.752801 0.193585 0.000035 0.000000 0.012813 0.018639 0.006724 0.015403 
0.475797 0.020457 0.021235 0.045205 0.051775 0.357330 0.028181 0.000021 
0.000000 0.000004 0.019709 0.000000 0.169001 0.019138 0.000003 0.792145 
0.447240 0.039044 0.054309 0.000000 0.017501 0.275409 0.144469 0.022029 
0.000000 0.620032 0.030820 0.000000 0.131733 0.044554 0.150292 0.022568 
0.049091 0.054552 0.027286 0.021207 0.108392 0.739449 0.000003 0.000021 
0.000000 0.132484 0.072493 0.000000 0.330061 0.000214 0.429753 0.034994 
0.000000 0.317547 0.034599 0.000000 0.380220 0.030703 0.000003 0.236928 
0.13066 0.179421 0.275048 0.12497 0.5271 0.450238 0.178745 0.257448 
