-801223.958655
0
0.001393 0.002296 0.000169 0.005166 0.000491 0.000832 0.000000 0.000780 0.017907 0.010499 0.088765 0.010208 0.000295 0.001356 0.000242 0.004736 0.007353 0.006236 0.012306 0.004750 0.000000 0.002631 0.001048 0.007200 0.004622 0.008204 0.003350 0.027714 0.000000 0.000000 0.000000 0.000000 0.008613 0.009312 0.067284 0.009277 0.000000 0.000522 0.000000 0.001026 0.003945 0.003105 0.012745 0.003827 0.001237 0.002307 0.004015 0.011057 0.002320 0.003117 0.000727 0.007626 0.000000 0.000769 0.000000 0.000525 0.030300 0.043411 0.091513 0.031429 0.000000 0.000803 0.000108 0.000949 0.010404 0.009098 0.007996 0.010436 0.000000 0.001144 0.000430 0.002790 0.017295 0.005556 0.002136 0.122792 0.000001 0.000080 0.000000 0.000001 0.004464 0.014631 0.119411 0.016647 0.001121 0.000932 0.000000 0.002495 0.006208 0.006318 0.009208 0.006748 0.002302 0.004678 0.001796 0.030465 
0.025625 0.020442 0.005415 0.017655 0.013127 0.006970 0.002126 0.011565 0.015434 0.008424 0.008124 0.012831 0.010398 0.007021 0.010725 0.013620 0.019608 0.009276 0.015519 0.019704 0.009528 0.001911 0.005727 0.007213 0.024692 0.024481 0.003282 0.022305 0.009381 0.008321 0.002994 0.011228 0.014757 0.011012 0.005828 0.018646 0.008010 0.011995 0.016389 0.014874 0.010072 0.010667 0.011108 0.014742 0.005652 0.003774 0.007724 0.016406 0.019634 0.018123 0.005461 0.016248 0.006115 0.006872 0.001925 0.008464 0.009614 0.006810 0.002627 0.010287 0.005833 0.005384 0.008488 0.008553 0.008271 0.006479 0.007761 0.008748 0.003082 0.001337 0.007430 0.007482 0.020874 0.022298 0.003561 0.022728 0.006111 0.009488 0.001331 0.011621 0.004382 0.009739 0.000026 0.007795 0.012032 0.007185 0.008749 0.014388 0.010153 0.008871 0.006193 0.014684 0.012814 0.004379 0.006996 0.016243 
0.000001 0.000769 0.000216 0.000001 0.000000 0.000000 0.000123 0.000220 0.004052 0.010026 0.001972 0.003903 0.000201 0.000000 0.000624 0.002423 0.001257 0.000323 0.001113 0.001278 0.000142 0.000203 0.000819 0.000001 0.001043 0.000002 0.000000 0.000049 0.000000 0.000000 0.000000 0.000000 0.045919 0.046828 0.010935 0.042093 0.000000 0.000420 0.000464 0.001207 0.000762 0.000455 0.000603 0.004081 0.000934 0.000479 0.000277 0.002034 0.000471 0.000001 0.000138 0.000001 0.000000 0.000000 0.000000 0.000218 0.004145 0.007872 0.000002 0.008277 0.000000 0.000000 0.000754 0.000430 0.000376 0.000001 0.000001 0.003030 0.000000 0.000000 0.000545 0.000000 0.007766 0.005313 0.001216 0.005100 0.021515 0.000404 0.000869 0.036937 0.282866 0.179686 0.066225 0.166092 0.001075 0.000134 0.000463 0.002079 0.000713 0.000827 0.001025 0.002131 0.000808 0.000468 0.000608 0.001164 
0.316752 0.315183 0.368065 
0.866356 0.079673 0.053970 
0.054942 0.922695 0.022363 
0.885010 0.072073 0.042917 
0.148884 0.007723 0.843393 
0.921732 0.066813 0.011455 
0.998189 0.001766 0.000045 
0.870023 0.093490 0.036487 
0.479782 0.336133 0.184085 
0.124648 0.449132 0.426219 
0.108855 0.477565 0.413580 
0.034562 0.965397 0.000041 
0.622123 0.332203 0.045675 
0.216252 0.777146 0.006602 
0.521655 0.436913 0.041432 
0.515604 0.078876 0.405520 
0.048200 0.820273 0.131527 
0.000654 0.977168 0.022178 
0.603850 0.022208 0.373942 
0.225528 0.769897 0.004575 
0.108612 0.880236 0.011153 
0.038491 0.260670 0.700839 
0.140985 0.828076 0.030939 
0.613332 0.337601 0.049067 
0.101320 0.815084 0.083596 
0.276405 0.719137 0.004458 
0.218876 0.747050 0.034074 
0.085491 0.888959 0.025550 
0.297825 0.576779 0.125396 
0.508154 0.479368 0.012478 
0.090027 0.006984 0.902988 
0.028969 0.970974 0.000057 
0.872236 0.108000 0.019764 
0.119816 0.825468 0.054716 
0.240393 0.096544 0.663063 
0.080527 0.908479 0.010994 
0.878697 0.107311 0.013992 
0.183235 0.812555 0.004210 
0.272077 0.586095 0.141828 
0.573988 0.343527 0.082485 
0.878827 0.108246 0.012927 
0.284151 0.683960 0.031889 
0.837043 0.162917 0.000040 
0.224673 0.750288 0.025039 
0.768632 0.082945 0.148422 
0.962261 0.013904 0.023835 
0.239235 0.260242 0.500523 
0.047072 0.915278 0.037650 
0.032381 0.898408 0.069210 
0.064796 0.935169 0.000035 
0.488601 0.482855 0.028544 
0.018670 0.548892 0.432438 
0.054578 0.020049 0.925373 
0.279373 0.720569 0.000058 
0.756669 0.124210 0.119121 
0.083472 0.879293 0.037235 
0.133960 0.865984 0.000057 
0.111221 0.877339 0.011440 
0.097414 0.855821 0.046765 
0.016392 0.355678 0.627930 
0.832035 0.115207 0.052758 
0.066551 0.515520 0.417929 
0.729275 0.041043 0.229682 
0.012423 0.047511 0.940066 
0.114204 0.769873 0.115923 
0.267374 0.732573 0.000053 
0.155544 0.791509 0.052947 
0.130887 0.656041 0.213072 
0.056597 0.523297 0.420106 
0.043421 0.908761 0.047818 
0.621564 0.356461 0.021975 
0.949426 0.013953 0.036622 
0.003557 0.931229 0.065214 
0.804589 0.091816 0.103595 
0.555246 0.372477 0.072277 
0.111187 0.824958 0.063855 
0.933416 0.066513 0.000071 
0.003590 0.008308 0.988102 
0.355238 0.378471 0.266291 
0.592136 0.407809 0.000055 
0.326297 0.616164 0.057539 
0.366464 0.580805 0.052731 
0.072417 0.703671 0.223912 
0.387833 0.489325 0.122843 
0.249780 0.750179 0.000041 
0.395662 0.314675 0.289663 
0.189494 0.783771 0.026735 
0.310490 0.146425 0.543085 
0.688446 0.298262 0.013292 
0.000287 0.962767 0.036946 
0.212134 0.407705 0.380162 
0.158923 0.517478 0.323599 
0.990049 0.002008 0.007943 
0.040809 0.944712 0.014479 
0.553237 0.189446 0.257317 
0.050778 0.949177 0.000044 
0.031107 0.045877 0.923016 
0.122892 0.176124 0.700984 
0.034133 0.002194 0.963674 
0.174847 0.790342 0.034810 
0.078659 0.585207 0.336134 
0.037859 0.814900 0.147241 
0.697680 0.287376 0.014944 
0.156165 0.340907 0.502928 
0.831888 0.163538 0.004573 
0.227269 0.089212 0.683519 
0.677403 0.272986 0.049610 
0.073158 0.762757 0.164085 
0.104812 0.878184 0.017003 
0.297169 0.640150 0.062682 
0.092804 0.716604 0.190592 
0.907906 0.092051 0.000043 
0.902648 0.001154 0.096198 
0.770644 0.144905 0.084452 
0.120966 0.878791 0.000243 
0.087430 0.815388 0.097182 
0.508517 0.428781 0.062702 
0.093000 0.906958 0.000042 
0.041340 0.882398 0.076261 
0.322199 0.677753 0.000048 
0.151473 0.622520 0.226007 
0.900345 0.099605 0.000050 
0.221031 0.231428 0.547542 
0.298213 0.457710 0.244078 
0.868351 0.123672 0.007976 
0.400990 0.471508 0.127502 
0.100056 0.894617 0.005327 
0.174305 0.825642 0.000054 
0.319394 0.305932 0.374674 
0.097668 0.752952 0.149381 
0.069282 0.704787 0.225931 
0.163228 0.812137 0.024635 
0.969817 0.020822 0.009361 
0.705257 0.281001 0.013742 
0.629254 0.351543 0.019203 
0.696726 0.269614 0.033660 
0.152360 0.752291 0.095349 
0.017633 0.143311 0.839056 
0.000227 0.997754 0.002019 
0.034690 0.774613 0.190697 
0.615704 0.384266 0.000030 
0.826276 0.173670 0.000055 
0.871083 0.120053 0.008864 
0.304604 0.664281 0.031115 
0.662042 0.158979 0.178978 
0.322149 0.677768 0.000083 
0.015811 0.984146 0.000043 
0.018605 0.970483 0.010912 
0.143353 0.843644 0.013003 
0.410260 0.583804 0.005936 
0.124542 0.871583 0.003875 
0.052006 0.212895 0.735099 
0.019959 0.946833 0.033208 
0.002131 0.509328 0.488541 
0.001559 0.963690 0.034751 
0.000600 0.043550 0.955850 
0.017222 0.376374 0.606404 
0.213269 0.225594 0.561137 
0.156038 0.641659 0.202304 
0.798917 0.168560 0.032523 
0.096630 0.903330 0.000040 
0.034058 0.965894 0.000048 
0.032304 0.947760 0.019936 
0.133861 0.866102 0.000037 
0.384645 0.522920 0.092434 
0.057291 0.937234 0.005475 
0.508185 0.491760 0.000055 
0.129582 0.850367 0.020051 
0.524895 0.448702 0.026403 
0.239230 0.502546 0.258224 
0.077129 0.918797 0.004074 
0.048583 0.948865 0.002552 
0.050472 0.801802 0.147727 
0.533890 0.464040 0.002070 
0.080699 0.908978 0.010324 
0.041835 0.017789 0.940375 
0.167841 0.785230 0.046929 
0.002922 0.755544 0.241534 
0.342833 0.638509 0.018658 
0.002514 0.736342 0.261144 
0.830615 0.169346 0.000039 
0.028529 0.068677 0.902794 
0.066907 0.933039 0.000053 
0.057042 0.912938 0.030020 
0.690402 0.279917 0.029681 
0.772782 0.070497 0.156721 
0.000521 0.394927 0.604552 
0.052463 0.447789 0.499748 
0.002791 0.548666 0.448543 
0.000410 0.977242 0.022348 
0.126670 0.576626 0.296704 
0.095606 0.884489 0.019904 
0.794125 0.026005 0.179870 
0.838223 0.087839 0.073938 
0.009395 0.990563 0.000042 
0.733098 0.228265 0.038636 
0.073131 0.334047 0.592822 
0.825082 0.125599 0.049320 
0.001304 0.861264 0.137431 
0.059586 0.673796 0.266618 
0.520588 0.789473 0.299624 
