-780100.260042
0
0.002774 0.004125 0.000000 0.002517 0.001122 0.001534 0.000000 0.001457 0.031810 0.015340 0.137350 0.014429 0.000189 0.002697 0.000752 0.006634 0.010112 0.006201 0.020507 0.004130 0.000000 0.002032 0.001069 0.002330 0.007696 0.016374 0.005998 0.039016 0.000000 0.000000 0.000000 0.000000 0.012745 0.011887 0.101967 0.010483 0.000000 0.001837 0.000000 0.000002 0.007191 0.004027 0.021492 0.004399 0.000000 0.002209 0.004202 0.006666 0.003296 0.005096 0.001814 0.007137 0.000000 0.001722 0.000000 0.001041 0.052409 0.063356 0.131555 0.042797 0.000000 0.001545 0.000000 0.001522 0.013812 0.007775 0.010738 0.006379 0.000000 0.000988 0.000603 0.002632 0.003747 0.004370 0.002186 0.003835 0.000000 0.000000 0.000000 0.000000 0.007280 0.006030 0.046913 0.003877 0.001128 0.000928 0.000000 0.000337 0.007698 0.004317 0.011551 0.003444 0.000000 0.001578 0.001577 0.005683 
0.000005 0.000131 0.000000 0.000681 0.000000 0.000000 0.000000 0.000000 0.000004 0.018839 0.000119 0.005028 0.000713 0.000000 0.001414 0.004146 0.001327 0.000005 0.000740 0.000769 0.000000 0.000001 0.000698 0.000000 0.001715 0.000000 0.000000 0.000655 0.000000 0.000203 0.000263 0.000000 0.078933 0.101718 0.020742 0.081883 0.000000 0.000301 0.000417 0.001724 0.000290 0.000651 0.000359 0.005292 0.000000 0.001048 0.000254 0.000804 0.000478 0.000002 0.000000 0.000004 0.000315 0.000313 0.000000 0.000000 0.000000 0.019916 0.000000 0.016309 0.000000 0.000000 0.001016 0.000969 0.000815 0.000000 0.000002 0.008045 0.000000 0.000000 0.001061 0.000000 0.000448 0.004293 0.000694 0.001872 0.000000 0.001056 0.000000 0.000000 0.121930 0.288010 0.100740 0.080820 0.001597 0.000855 0.000772 0.004419 0.002083 0.001112 0.002522 0.002588 0.000000 0.000921 0.000896 0.001256 
0.011060 0.002861 0.000000 0.004587 0.003705 0.000000 0.000000 0.000000 0.006432 0.003007 0.007122 0.006573 0.014075 0.003100 0.008182 0.020565 0.029774 0.011031 0.019823 0.029469 0.041102 0.006489 0.005044 0.022636 0.007837 0.000000 0.000000 0.004402 0.000000 0.000000 0.000000 0.002040 0.010318 0.008968 0.002758 0.007117 0.006158 0.002805 0.004727 0.006014 0.018594 0.011832 0.016115 0.032279 0.026338 0.006331 0.012300 0.064776 0.014277 0.010340 0.000000 0.008723 0.000000 0.002946 0.000000 0.003168 0.000000 0.001820 0.000000 0.007036 0.002174 0.001871 0.001224 0.000829 0.011304 0.009985 0.011119 0.014438 0.007840 0.000000 0.003200 0.021036 0.025919 0.001303 0.000001 0.033873 0.001353 0.000000 0.000000 0.002422 0.001198 0.004442 0.000001 0.008008 0.025566 0.002082 0.015904 0.013521 0.017046 0.015898 0.010007 0.038971 0.058213 0.008862 0.008755 0.064976 
0.000870 0.001148 0.000494 0.009328 0.000000 0.000000 0.000000 0.000000 0.000003 0.003243 0.014747 0.004403 0.000000 0.000000 0.000000 0.001848 0.003713 0.005855 0.001768 0.004338 0.000000 0.002945 0.000917 0.012808 0.002302 0.000437 0.000464 0.015266 0.000000 0.000000 0.000000 0.000000 0.001352 0.001943 0.012182 0.004908 0.000000 0.000001 0.000000 0.002356 0.000261 0.001488 0.001444 0.002411 0.002501 0.002066 0.003548 0.016178 0.002505 0.002184 0.000000 0.009596 0.000000 0.000000 0.000000 0.000000 0.000000 0.012388 0.029398 0.014571 0.000000 0.000000 0.000000 0.000001 0.005752 0.010073 0.004327 0.013511 0.000000 0.001341 0.000000 0.002461 0.037259 0.009255 0.002642 0.305764 0.000000 0.000000 0.000000 0.000000 0.002539 0.020411 0.227759 0.038574 0.000600 0.000781 0.000000 0.004294 0.003417 0.008182 0.005258 0.009791 0.004208 0.008573 0.001837 0.061209 
0.000389 0.001346 0.000480 0.000008 0.000000 0.000000 0.000179 0.000519 0.007507 0.003278 0.002705 0.003269 0.000000 0.000000 0.000001 0.000177 0.000764 0.000432 0.000851 0.001108 0.000000 0.000317 0.000749 0.000000 0.001197 0.000000 0.000000 0.000051 0.000000 0.000000 0.000000 0.000000 0.017586 0.002227 0.004602 0.008585 0.000000 0.000524 0.000805 0.001075 0.000628 0.000001 0.000382 0.001319 0.000190 0.000001 0.000005 0.000758 0.000647 0.000002 0.000000 0.000003 0.000000 0.000000 0.000000 0.000331 0.007042 0.000938 0.000000 0.003330 0.000000 0.000000 0.000954 0.000286 0.000193 0.000000 0.000001 0.000230 0.000000 0.000000 0.000000 0.000000 0.013719 0.007677 0.002108 0.011880 0.039081 0.000000 0.001429 0.066741 0.417282 0.077592 0.049674 0.234211 0.000162 0.000001 0.000000 0.000012 0.000004 0.000001 0.000005 0.000359 0.000000 0.000079 0.000004 0.000004 
0.044196 0.033839 0.017300 0.027879 0.007370 0.004343 0.001993 0.000000 0.011421 0.007884 0.002632 0.003528 0.004034 0.002919 0.010329 0.003910 0.005937 0.001331 0.005889 0.000879 0.000000 0.000224 0.000001 0.000000 0.053255 0.073346 0.008792 0.054189 0.008616 0.009910 0.005458 0.004855 0.019218 0.012305 0.007832 0.019500 0.007874 0.014346 0.036686 0.012845 0.004594 0.000000 0.009684 0.003406 0.000000 0.000446 0.003459 0.000624 0.041024 0.044138 0.020220 0.032076 0.005931 0.009670 0.005932 0.003913 0.005400 0.006980 0.002983 0.009074 0.007362 0.005730 0.013835 0.004289 0.004935 0.000000 0.003508 0.000395 0.000000 0.000000 0.000000 0.000000 0.036228 0.056031 0.009867 0.046663 0.000000 0.008406 0.002561 0.000000 0.002851 0.005731 0.000001 0.007435 0.005995 0.004710 0.007854 0.004200 0.000459 0.000001 0.001636 0.001248 0.000000 0.000001 0.001643 0.000003 
0.024073 0.022319 0.002905 0.019647 0.019902 0.011223 0.003212 0.021760 0.018911 0.009687 0.006419 0.018966 0.011894 0.010299 0.012005 0.014991 0.021122 0.012414 0.016714 0.024828 0.000000 0.000998 0.008722 0.004938 0.019195 0.012548 0.001747 0.014023 0.014159 0.011527 0.003279 0.018362 0.011977 0.007511 0.002262 0.021145 0.009145 0.014687 0.013344 0.020166 0.008269 0.015085 0.008237 0.012811 0.000000 0.004299 0.007902 0.004110 0.012677 0.010025 0.001374 0.012912 0.008988 0.007153 0.001136 0.012879 0.012576 0.005297 0.000000 0.009834 0.006990 0.006751 0.009649 0.013879 0.007929 0.008453 0.007830 0.010892 0.002384 0.002571 0.012735 0.005155 0.014734 0.016705 0.002168 0.018550 0.011829 0.014443 0.001522 0.022525 0.006578 0.009326 0.000001 0.009575 0.009297 0.010585 0.006277 0.020227 0.011352 0.010662 0.006348 0.011647 0.000000 0.005019 0.008943 0.007879 
0.281446 0.018910 0.173498 0.021486 0.340875 0.000002 0.163784 
0.871766 0.014634 0.000039 0.025601 0.050160 0.012470 0.025329 
0.041108 0.008826 0.050835 0.029125 0.009487 0.223270 0.637350 
0.913658 0.000004 0.000040 0.000000 0.042321 0.024552 0.019425 
0.107935 0.879346 0.000037 0.000000 0.011939 0.000002 0.000740 
0.000220 0.000004 0.000043 0.918916 0.000000 0.000002 0.080815 
0.000321 0.000003 0.000043 0.992927 0.000000 0.000002 0.006704 
0.369902 0.000004 0.034518 0.507596 0.024546 0.020815 0.042619 
0.518872 0.032217 0.062068 0.000000 0.149205 0.000002 0.237635 
0.118064 0.248509 0.088578 0.000000 0.193194 0.000002 0.351653 
0.131224 0.000004 0.011350 0.000000 0.388816 0.047010 0.421596 
0.039145 0.011767 0.531480 0.000000 0.000000 0.339937 0.077671 
0.569556 0.068187 0.047368 0.047699 0.000000 0.000002 0.267189 
0.236615 0.019549 0.162320 0.000000 0.000000 0.000002 0.581514 
0.494869 0.072451 0.046914 0.026404 0.000000 0.000002 0.359360 
0.410985 0.442221 0.000059 0.046563 0.034968 0.000002 0.065202 
0.056852 0.000003 0.163043 0.000000 0.127266 0.168283 0.484552 
0.024809 0.020402 0.026923 0.000000 0.000000 0.077058 0.850807 
0.023869 0.379864 0.000057 0.549195 0.019130 0.000002 0.027884 
0.163700 0.007677 0.577175 0.035692 0.007801 0.000002 0.207952 
0.057372 0.000004 0.050290 0.060386 0.010686 0.496301 0.324961 
0.032509 0.000004 0.246457 0.000000 0.686008 0.008098 0.026923 
0.130020 0.057462 0.467108 0.000000 0.000000 0.000002 0.345408 
0.068873 0.047550 0.044325 0.528709 0.000000 0.000002 0.310541 
0.112393 0.046724 0.158578 0.000000 0.043737 0.050932 0.587634 
0.013320 0.000004 0.089226 0.251028 0.000000 0.505170 0.141252 
0.068331 0.007275 0.049310 0.170556 0.010610 0.035438 0.658480 
0.108021 0.045868 0.140401 0.000000 0.000000 0.000002 0.705708 
0.219294 0.189319 0.519214 0.000000 0.000000 0.007844 0.064329 
0.470207 0.000003 0.136656 0.064238 0.011922 0.000002 0.316971 
0.085821 0.062965 0.003983 0.018063 0.825696 0.000002 0.003469 
0.026297 0.000004 0.046031 0.018409 0.000000 0.073631 0.835629 
0.414263 0.044893 0.024429 0.435828 0.000000 0.000002 0.080586 
0.087049 0.000003 0.143636 0.048065 0.046811 0.126658 0.547779 
0.046834 0.684942 0.000056 0.161666 0.021839 0.042690 0.041974 
0.048442 0.010781 0.094348 0.045458 0.000000 0.147685 0.653285 
0.840717 0.032432 0.000037 0.053232 0.000000 0.000002 0.073580 
0.213734 0.032232 0.000042 0.000000 0.000000 0.632879 0.121112 
0.308442 0.042561 0.085453 0.000000 0.101527 0.065288 0.396729 
0.347040 0.010167 0.044089 0.245124 0.061640 0.074851 0.217089 
0.909222 0.025736 0.020744 0.000000 0.000000 0.000002 0.044294 
0.081880 0.044627 0.174074 0.193580 0.000000 0.000002 0.505836 
0.867061 0.000004 0.011263 0.010194 0.000000 0.096573 0.014905 
0.149438 0.060442 0.640258 0.017553 0.000000 0.000002 0.132308 
0.270680 0.000004 0.023543 0.517997 0.121344 0.028945 0.037487 
0.008994 0.018838 0.029166 0.923616 0.000000 0.000003 0.019384 
0.206562 0.000004 0.268037 0.014776 0.486682 0.000002 0.023936 
0.000484 0.015232 0.031806 0.059793 0.016810 0.424286 0.451590 
0.009093 0.035602 0.000036 0.015239 0.041030 0.713665 0.185334 
0.078904 0.000004 0.200137 0.000000 0.000000 0.382332 0.338623 
0.500057 0.032164 0.182897 0.000000 0.014036 0.096002 0.174843 
0.021975 0.250690 0.054616 0.000000 0.183355 0.000002 0.489362 
0.006561 0.943775 0.006683 0.036174 0.000000 0.000002 0.006806 
0.303024 0.000003 0.000040 0.000000 0.014534 0.591080 0.091317 
0.013688 0.084087 0.006388 0.730519 0.026638 0.001751 0.136930 
0.115372 0.055550 0.169924 0.000000 0.000000 0.000002 0.659152 
0.043405 0.000004 0.104210 0.106704 0.000000 0.039737 0.705940 
0.079790 0.000004 0.739494 0.013465 0.022111 0.021293 0.123842 
0.058688 0.089425 0.758812 0.000000 0.000000 0.000002 0.093072 
0.016235 0.020972 0.321384 0.000000 0.599389 0.000002 0.042019 
0.804617 0.094824 0.057681 0.000000 0.000000 0.031820 0.011057 
0.054322 0.000004 0.406348 0.000000 0.412113 0.023516 0.103696 
0.350252 0.118862 0.025207 0.367124 0.116114 0.014945 0.007494 
0.005300 0.641144 0.014616 0.000001 0.306272 0.000002 0.032666 
0.139148 0.026020 0.114839 0.000000 0.085001 0.232726 0.402266 
0.161070 0.012685 0.000044 0.109338 0.000000 0.593132 0.123731 
0.139314 0.097168 0.255277 0.000000 0.000000 0.262022 0.246219 
0.160726 0.019042 0.038743 0.000000 0.180833 0.001894 0.598762 
0.031315 0.000003 0.440769 0.012178 0.418628 0.018983 0.078125 
0.053667 0.055592 0.060012 0.000000 0.000000 0.104502 0.726226 
0.140684 0.000004 0.101148 0.475372 0.012252 0.061831 0.208711 
0.945197 0.000004 0.000037 0.017850 0.036293 0.000002 0.000618 
0.000619 0.053035 0.003239 0.000000 0.024358 0.752028 0.166721 
0.560239 0.053997 0.028254 0.237491 0.057510 0.007944 0.054566 
0.011740 0.000004 0.197238 0.508815 0.054508 0.086524 0.141172 
0.018688 0.000004 0.037723 0.099625 0.056530 0.605692 0.181739 
0.967692 0.004281 0.000043 0.000000 0.000000 0.012568 0.015415 
0.003513 0.000004 0.000029 0.000000 0.987629 0.000002 0.008823 
0.333830 0.328936 0.012206 0.000000 0.000000 0.240345 0.084683 
0.654588 0.000004 0.005322 0.000000 0.000000 0.008979 0.331106 
0.085249 0.024637 0.109925 0.246236 0.024216 0.000002 0.509735 
0.331439 0.032811 0.437803 0.000000 0.038225 0.000002 0.159720 
0.055664 0.232292 0.016860 0.000000 0.029060 0.513429 0.152695 
0.000297 0.000004 0.089457 0.420578 0.087101 0.120208 0.282355 
0.046106 0.000004 0.442528 0.185824 0.000000 0.149428 0.176109 
0.415219 0.000004 0.034375 0.017125 0.276038 0.072921 0.184318 
0.226279 0.046580 0.075898 0.000000 0.000000 0.000002 0.651241 
0.247039 0.620405 0.000044 0.006204 0.000000 0.040655 0.085652 
0.643736 0.019938 0.193938 0.046555 0.003962 0.018159 0.073712 
0.011067 0.009557 0.052899 0.000000 0.016507 0.019336 0.890633 
0.184095 0.437227 0.100419 0.000000 0.000000 0.000002 0.278257 
0.077249 0.375857 0.088223 0.050084 0.000000 0.000002 0.408586 
0.023131 0.000004 0.000048 0.960112 0.000000 0.000002 0.016704 
0.038481 0.000003 0.063405 0.017946 0.011279 0.179336 0.689550 
0.163054 0.008414 0.042641 0.408738 0.211798 0.000002 0.165353 
0.065296 0.000004 0.000028 0.000000 0.000000 0.786207 0.148464 
0.022297 0.000004 0.016497 0.010493 0.914809 0.031527 0.004373 
0.069129 0.630026 0.161409 0.000000 0.107603 0.000002 0.031832 
0.048263 0.024469 0.000034 0.000000 0.925616 0.000002 0.001615 
0.126012 0.066243 0.361634 0.035963 0.000000 0.000002 0.410145 
0.086486 0.000004 0.015159 0.008100 0.318491 0.191793 0.379965 
0.062599 0.040085 0.103126 0.000000 0.097434 0.000002 0.696754 
0.000312 0.000004 0.022397 0.692889 0.000000 0.021958 0.262440 
0.158669 0.052932 0.056207 0.000000 0.433206 0.000002 0.298984 
0.369390 0.007210 0.000050 0.465530 0.000000 0.000002 0.157819 
0.167385 0.748358 0.011869 0.011102 0.000000 0.000002 0.061284 
0.636202 0.087743 0.048655 0.026293 0.000000 0.000002 0.201104 
0.046650 0.208712 0.147092 0.000000 0.000000 0.446013 0.151531 
0.098652 0.040692 0.154946 0.013862 0.000000 0.064128 0.627721 
0.298300 0.088948 0.026306 0.000000 0.000000 0.169478 0.416968 
0.056022 0.198661 0.424382 0.000000 0.032759 0.000002 0.288174 
0.937935 0.000004 0.013428 0.000000 0.000000 0.000002 0.048631 
0.375380 0.126204 0.000045 0.497970 0.000000 0.000001 0.000399 
0.798349 0.000004 0.000041 0.013652 0.082625 0.038180 0.067149 
0.108930 0.010024 0.370836 0.017184 0.000000 0.089621 0.403403 
0.067897 0.035696 0.037935 0.042125 0.049996 0.054703 0.711648 
0.000339 0.066423 0.000053 0.518935 0.000000 0.131224 0.283025 
0.043867 0.000002 0.089460 0.063628 0.000000 0.192885 0.610157 
0.026467 0.120099 0.424230 0.000000 0.000000 0.288448 0.140755 
0.329746 0.000004 0.097297 0.000000 0.000000 0.236148 0.336804 
0.079946 0.247495 0.490078 0.017050 0.032749 0.000002 0.132681 
0.920188 0.006732 0.005119 0.000000 0.000000 0.065920 0.002040 
0.138065 0.000004 0.028985 0.107460 0.525028 0.022003 0.178455 
0.252099 0.304790 0.113760 0.000000 0.000000 0.000002 0.329348 
0.134789 0.009695 0.011468 0.720817 0.000000 0.067690 0.055541 
0.398087 0.061346 0.092058 0.000000 0.080402 0.000002 0.368106 
0.075161 0.000009 0.610880 0.014648 0.010869 0.000002 0.288431 
0.078393 0.016017 0.707959 0.064380 0.000000 0.028072 0.105179 
0.047833 0.427962 0.257826 0.197909 0.000000 0.000002 0.068468 
0.074518 0.194771 0.069191 0.000000 0.000000 0.209883 0.451637 
0.043743 0.269551 0.095426 0.000000 0.000000 0.166215 0.425064 
0.176698 0.048900 0.182487 0.000000 0.000000 0.000002 0.591913 
0.000443 0.000004 0.025856 0.954742 0.000000 0.000002 0.018953 
0.064276 0.000004 0.053454 0.640905 0.000000 0.098640 0.142720 
0.126040 0.000004 0.079179 0.492333 0.010445 0.061364 0.230635 
0.436694 0.026692 0.005045 0.268774 0.013395 0.125416 0.123984 
0.100253 0.086728 0.051197 0.065459 0.012056 0.000002 0.684305 
0.013514 0.028144 0.035216 0.000000 0.802162 0.074435 0.046529 
0.005067 0.000004 0.055458 0.000000 0.000000 0.008325 0.931146 
0.008474 0.231508 0.000033 0.000000 0.000000 0.638771 0.121214 
0.677725 0.000003 0.000043 0.000000 0.000000 0.200600 0.121629 
0.863921 0.000004 0.004879 0.000000 0.000000 0.076919 0.054277 
0.002009 0.000004 0.018050 0.863028 0.000000 0.037616 0.079293 
0.347949 0.056514 0.055362 0.000000 0.000000 0.195265 0.344910 
0.484716 0.024438 0.098405 0.173935 0.147783 0.000002 0.070722 
0.356792 0.006702 0.065103 0.000000 0.000000 0.228243 0.343160 
0.022441 0.000005 0.000049 0.000001 0.000000 0.845169 0.132336 
0.012533 0.025748 0.257278 0.000000 0.000000 0.181523 0.522917 
0.000465 0.000004 0.133803 0.155452 0.000000 0.028725 0.681551 
0.371831 0.030003 0.275642 0.020007 0.000000 0.000002 0.302514 
0.053448 0.000004 0.199402 0.078714 0.000000 0.222441 0.445990 
0.031325 0.000004 0.209384 0.000000 0.723589 0.000002 0.035695 
0.026706 0.033231 0.056673 0.000001 0.000000 0.094431 0.788958 
0.017072 0.000004 0.023740 0.000000 0.463557 0.000002 0.495625 
0.018152 0.014566 0.029623 0.000000 0.010096 0.096096 0.831467 
0.000208 0.000004 0.003810 0.000000 0.957859 0.031711 0.006407 
0.023058 0.023595 0.000035 0.000000 0.573603 0.323739 0.055970 
0.062471 0.184795 0.220193 0.125707 0.372203 0.000002 0.034629 
0.009516 0.021943 0.009557 0.168169 0.163064 0.494591 0.133159 
0.725184 0.076505 0.000071 0.057575 0.000000 0.000002 0.140664 
0.074767 0.014532 0.745918 0.000000 0.000000 0.000002 0.164780 
0.032559 0.000004 0.000044 0.009716 0.000000 0.827707 0.129969 
0.039072 0.000004 0.058866 0.016416 0.008248 0.043225 0.834170 
0.113766 0.010163 0.772730 0.000000 0.000000 0.000002 0.103339 
0.327516 0.113291 0.201029 0.038825 0.015385 0.145395 0.158558 
0.064200 0.000003 0.169426 0.000000 0.009526 0.287219 0.469626 
0.519710 0.000004 0.008785 0.033942 0.000000 0.123081 0.314478 
0.170018 0.000004 0.210727 0.000000 0.015385 0.027795 0.576070 
0.513418 0.048770 0.034176 0.025636 0.000000 0.025576 0.352425 
0.186829 0.000004 0.418572 0.038707 0.253878 0.000002 0.102009 
0.000632 0.012469 0.012818 0.069480 0.000000 0.720531 0.184070 
0.047320 0.000004 0.754774 0.000000 0.012419 0.022233 0.163250 
0.057080 0.108450 0.030355 0.000000 0.047861 0.209917 0.546337 
0.568594 0.015735 0.063628 0.000000 0.000000 0.046682 0.305361 
0.070252 0.014784 0.056206 0.022349 0.000000 0.207017 0.629394 
0.027274 0.718823 0.000047 0.000000 0.240096 0.000001 0.013758 
0.188135 0.036413 0.011730 0.000000 0.012662 0.000002 0.751057 
0.021798 0.000004 0.137660 0.000000 0.220316 0.014232 0.605989 
0.328994 0.025831 0.280422 0.010371 0.009718 0.000002 0.344662 
0.000572 0.033327 0.000053 0.007680 0.218713 0.561866 0.177790 
0.839676 0.000003 0.097610 0.013047 0.000000 0.048264 0.001399 
0.012552 0.930021 0.040622 0.000000 0.000000 0.015257 0.001548 
0.055522 0.000003 0.224784 0.018118 0.000000 0.207239 0.494334 
0.051508 0.014699 0.032525 0.011697 0.020009 0.525653 0.343908 
0.577960 0.055223 0.099103 0.095755 0.000000 0.056807 0.115151 
0.095941 0.176613 0.063338 0.630664 0.000000 0.000002 0.033442 
0.000155 0.591122 0.011464 0.000000 0.023445 0.000002 0.373812 
0.059166 0.022781 0.057579 0.009591 0.453499 0.000002 0.397382 
0.000199 0.453164 0.034357 0.000000 0.000000 0.000002 0.512277 
0.001084 0.000004 0.007251 0.000000 0.017525 0.282314 0.691821 
0.104072 0.051224 0.011369 0.038952 0.241266 0.376100 0.177018 
0.117498 0.036671 0.165625 0.000000 0.000000 0.000002 0.680203 
0.016836 0.193508 0.000053 0.755305 0.000000 0.011512 0.022786 
0.359769 0.020917 0.023594 0.480059 0.044059 0.000002 0.071602 
0.014464 0.006498 0.025756 0.000000 0.000000 0.786320 0.166962 
0.282238 0.042618 0.057645 0.441187 0.000000 0.000002 0.176309 
0.049651 0.622566 0.035016 0.000000 0.000000 0.000002 0.292764 
0.753355 0.055532 0.041241 0.056749 0.018656 0.000002 0.074464 
0.000225 0.136034 0.098390 0.000000 0.000000 0.000002 0.765349 
0.035825 0.314811 0.044064 0.000000 0.000000 0.315603 0.289697 
0.430145 0.186118 0.29979 0.135743 0.116096 0.166212 0.582628 
