-778767.153405
0
0.000000 0.000023 0.000000 0.000321 0.000000 0.000000 0.000000 0.000001 0.000267 0.018856 0.000747 0.005224 0.000490 0.000000 0.000991 0.004098 0.001247 0.000013 0.000801 0.000770 0.000000 0.000000 0.000715 0.000000 0.001795 0.000000 0.000000 0.001017 0.000000 0.000376 0.000317 0.000000 0.077286 0.101358 0.021166 0.082149 0.000000 0.000312 0.000445 0.001561 0.000004 0.000581 0.000429 0.004936 0.000000 0.001049 0.000001 0.000701 0.000345 0.000005 0.000000 0.000013 0.000386 0.000443 0.000000 0.000000 0.000002 0.020793 0.000004 0.017166 0.000000 0.000000 0.000954 0.000990 0.000827 0.000004 0.000005 0.007586 0.000000 0.000000 0.001093 0.000000 0.000154 0.004155 0.000001 0.001831 0.000000 0.001399 0.000000 0.000000 0.123535 0.288942 0.100300 0.081035 0.001163 0.000815 0.000742 0.004406 0.001953 0.000968 0.002391 0.002559 0.000000 0.000945 0.000793 0.001249 
0.037480 0.026380 0.021365 0.020769 0.011077 0.006366 0.003329 0.004155 0.011428 0.009227 0.000162 0.002078 0.002872 0.000000 0.008070 0.000006 0.008192 0.001567 0.008118 0.000017 0.000000 0.000505 0.000002 0.000000 0.045506 0.070526 0.010788 0.046162 0.011845 0.011637 0.007429 0.008568 0.024842 0.015527 0.008177 0.018400 0.006625 0.011894 0.036123 0.007849 0.005559 0.000002 0.011713 0.004210 0.000000 0.001247 0.004335 0.001274 0.037617 0.043347 0.022191 0.027524 0.008034 0.012253 0.008663 0.006436 0.009862 0.009769 0.001678 0.010478 0.006444 0.004441 0.013798 0.000001 0.006384 0.001247 0.004860 0.000790 0.000000 0.000000 0.000596 0.000000 0.031569 0.058666 0.012388 0.037227 0.002601 0.013181 0.003354 0.005421 0.002521 0.008883 0.000001 0.006544 0.003442 0.002880 0.008175 0.000002 0.002829 0.001144 0.003397 0.001881 0.000000 0.000802 0.002701 0.000571 
0.009692 0.002042 0.000000 0.003820 0.004247 0.000000 0.000000 0.000849 0.008138 0.003875 0.013911 0.007249 0.012628 0.003129 0.007394 0.018615 0.029519 0.010972 0.021151 0.027912 0.037375 0.006414 0.004828 0.021808 0.007202 0.000000 0.000000 0.006965 0.000741 0.000000 0.000000 0.002418 0.010250 0.008498 0.008679 0.006400 0.005697 0.002564 0.004206 0.005111 0.018307 0.011548 0.017430 0.030934 0.026105 0.006480 0.012460 0.062419 0.013210 0.009879 0.000000 0.008245 0.000000 0.003070 0.000000 0.003538 0.004470 0.006422 0.007895 0.009933 0.001977 0.001858 0.001195 0.000743 0.012012 0.010251 0.011743 0.014026 0.007161 0.000000 0.003647 0.020528 0.023654 0.001199 0.000000 0.029978 0.001926 0.000000 0.000000 0.003525 0.000493 0.002200 0.000001 0.006835 0.022966 0.002070 0.014706 0.012063 0.017100 0.015852 0.010494 0.037300 0.056537 0.008696 0.008541 0.062077 
0.045180 0.043947 0.004331 0.039285 0.003652 0.002773 0.000000 0.000001 0.017745 0.005567 0.023346 0.019715 0.013701 0.014431 0.018059 0.031061 0.009905 0.009244 0.006146 0.023173 0.000000 0.000000 0.005921 0.000000 0.044463 0.036884 0.002884 0.040648 0.002496 0.004975 0.000000 0.000000 0.001577 0.002426 0.008898 0.024450 0.011867 0.020123 0.020519 0.031896 0.004409 0.009223 0.003233 0.007404 0.000000 0.000000 0.003275 0.000010 0.030319 0.022325 0.002164 0.028407 0.001471 0.000000 0.000000 0.000000 0.000002 0.000409 0.012503 0.006056 0.008558 0.009164 0.010756 0.023514 0.002956 0.002645 0.002042 0.007047 0.000000 0.000000 0.000000 0.000000 0.033978 0.024686 0.002892 0.048161 0.000000 0.000000 0.000000 0.000000 0.007062 0.000809 0.000002 0.011629 0.016927 0.013332 0.005605 0.033126 0.000004 0.000003 0.000003 0.006647 0.000000 0.000001 0.002803 0.003149 
0.009259 0.009575 0.000000 0.005877 0.000000 0.002858 0.000000 0.002510 0.029977 0.013356 0.200295 0.010577 0.003625 0.000000 0.002742 0.009067 0.016145 0.006558 0.009178 0.011100 0.000000 0.001790 0.001684 0.002758 0.003329 0.003226 0.000000 0.002282 0.000000 0.000000 0.000000 0.000000 0.024075 0.018644 0.106421 0.017757 0.000000 0.000935 0.000000 0.000004 0.005559 0.004871 0.006663 0.007833 0.000000 0.000000 0.000001 0.001601 0.007695 0.003404 0.000000 0.004010 0.000000 0.001061 0.000000 0.000000 0.023448 0.027974 0.113177 0.014857 0.000000 0.000000 0.000000 0.001245 0.012898 0.009148 0.005815 0.012574 0.000000 0.000000 0.000000 0.000000 0.012643 0.009097 0.002095 0.014778 0.001114 0.000000 0.000000 0.000000 0.010074 0.015955 0.092245 0.010045 0.004779 0.001411 0.000000 0.001571 0.009877 0.006089 0.008694 0.003334 0.000000 0.001470 0.001847 0.003439 
0.000000 0.000716 0.000535 0.008435 0.000000 0.000000 0.000000 0.000577 0.000024 0.003463 0.011403 0.004412 0.000000 0.000000 0.000000 0.000343 0.002397 0.005620 0.001424 0.002572 0.000000 0.002857 0.000690 0.012726 0.002059 0.000000 0.000625 0.017192 0.000000 0.000000 0.000000 0.000000 0.000850 0.001653 0.011452 0.004268 0.000000 0.000002 0.000000 0.001790 0.000002 0.001096 0.001310 0.001109 0.000000 0.002289 0.003660 0.015136 0.001453 0.001946 0.000000 0.009542 0.000000 0.000000 0.000000 0.000382 0.000001 0.014236 0.029793 0.016455 0.000000 0.000000 0.000000 0.000233 0.005670 0.010060 0.004471 0.012850 0.000000 0.001567 0.000000 0.002081 0.035964 0.009451 0.003136 0.319162 0.000000 0.000000 0.000000 0.000000 0.002631 0.021717 0.231930 0.039561 0.000000 0.000683 0.000000 0.003535 0.002913 0.008194 0.005400 0.008893 0.000000 0.008923 0.001712 0.062764 
0.000000 0.001478 0.000000 0.000010 0.000000 0.000000 0.000000 0.000476 0.007479 0.003534 0.002641 0.003430 0.000000 0.000000 0.000001 0.000231 0.000743 0.000461 0.000812 0.001079 0.000000 0.000281 0.000764 0.000000 0.001211 0.000000 0.000000 0.000092 0.000000 0.000000 0.000000 0.000000 0.018122 0.003595 0.004894 0.009828 0.000000 0.000549 0.000666 0.001250 0.000653 0.000002 0.000434 0.001398 0.000165 0.000000 0.000001 0.000766 0.000437 0.000004 0.000000 0.000009 0.000000 0.000000 0.000000 0.000283 0.006675 0.001404 0.000004 0.003753 0.000000 0.000000 0.000932 0.000163 0.000208 0.000003 0.000003 0.000393 0.000000 0.000000 0.000000 0.000000 0.013550 0.007435 0.002517 0.011814 0.038108 0.000000 0.001379 0.065292 0.412819 0.082141 0.050500 0.232283 0.000001 0.000002 0.000000 0.000181 0.000002 0.000004 0.000002 0.000372 0.000000 0.000004 0.000218 0.000056 
0.018334 0.016782 0.000000 0.015328 0.024410 0.013514 0.003924 0.027778 0.019484 0.010812 0.004533 0.019232 0.010566 0.010319 0.010364 0.010558 0.023545 0.013353 0.019762 0.024822 0.000000 0.001242 0.009695 0.006653 0.012963 0.004855 0.000000 0.008076 0.016862 0.013269 0.003544 0.023920 0.013496 0.008257 0.001695 0.020107 0.008428 0.013572 0.010356 0.018111 0.009148 0.017222 0.009196 0.014172 0.000000 0.005726 0.009402 0.005427 0.006853 0.005114 0.000000 0.009202 0.011032 0.008580 0.000000 0.016675 0.016261 0.006878 0.000001 0.011544 0.006715 0.006412 0.009023 0.011714 0.009131 0.009987 0.009455 0.011834 0.003427 0.003791 0.017562 0.007120 0.009027 0.011226 0.000000 0.012944 0.014605 0.017880 0.001736 0.028258 0.005290 0.012321 0.000001 0.008543 0.007346 0.010124 0.006168 0.016964 0.014503 0.013877 0.008185 0.013079 0.000000 0.006532 0.010630 0.009638 
0.000000 0.001545 0.000000 0.001472 0.001575 0.001107 0.000000 0.001264 0.030591 0.016034 0.091971 0.015891 0.000000 0.003545 0.000000 0.005592 0.007236 0.005978 0.025379 0.001958 0.000000 0.002030 0.000970 0.002523 0.009365 0.022374 0.009706 0.055922 0.000000 0.000000 0.000000 0.000000 0.009068 0.010740 0.093297 0.009102 0.000000 0.002178 0.000000 0.000002 0.007613 0.003770 0.028294 0.003080 0.000000 0.002834 0.005812 0.008408 0.001221 0.005572 0.002746 0.008304 0.000000 0.002023 0.000000 0.001361 0.065711 0.079006 0.132268 0.054793 0.000000 0.002198 0.000000 0.001732 0.013551 0.006999 0.012628 0.004489 0.000000 0.001405 0.000972 0.003807 0.001300 0.002491 0.002689 0.003569 0.000000 0.000000 0.000000 0.000000 0.007722 0.006704 0.035730 0.003460 0.000000 0.000851 0.000000 0.000001 0.006464 0.003869 0.012462 0.003600 0.000000 0.001731 0.001576 0.006768 
0.000000 0.030154 0.189246 0.000001 0.280863 0.000000 0.341458 0.129964 0.028314 
0.000000 0.021789 0.000064 0.000001 0.159754 0.021773 0.053640 0.016722 0.726257 
0.043054 0.000005 0.059876 0.591628 0.000000 0.000000 0.000000 0.305436 0.000001 
0.000000 0.021009 0.000071 0.000001 0.080929 0.000000 0.040604 0.023074 0.834311 
0.878368 0.000005 0.000061 0.000001 0.000000 0.000000 0.012994 0.000106 0.108465 
0.000000 0.000005 0.019742 0.000001 0.000000 0.901644 0.000000 0.078606 0.000001 
0.000000 0.005542 0.039329 0.000001 0.000000 0.954957 0.000000 0.000169 0.000001 
0.000000 0.027713 0.042786 0.016155 0.409805 0.455810 0.020755 0.008740 0.018236 
0.034963 0.025085 0.070552 0.000001 0.000000 0.000000 0.152622 0.214274 0.502503 
0.237390 0.046041 0.096408 0.000001 0.054762 0.000000 0.198221 0.308992 0.058186 
0.000000 0.046388 0.016613 0.153736 0.121029 0.000000 0.384825 0.277408 0.000001 
0.019389 0.318250 0.561953 0.100219 0.000000 0.000000 0.000000 0.000188 0.000001 
0.011763 0.052738 0.058893 0.008205 0.658431 0.000000 0.015433 0.194535 0.000001 
0.020948 0.052790 0.170486 0.000001 0.000000 0.000000 0.000000 0.524662 0.231112 
0.049605 0.062467 0.053992 0.000001 0.439445 0.000000 0.000000 0.288380 0.106109 
0.401493 0.000005 0.007632 0.042888 0.494173 0.000000 0.040469 0.013340 0.000001 
0.000000 0.000004 0.160424 0.452551 0.022581 0.000000 0.132281 0.232157 0.000001 
0.000000 0.210353 0.029582 0.000001 0.000000 0.000000 0.010162 0.726886 0.023015 
0.380524 0.000005 0.047391 0.015817 0.014970 0.514493 0.023307 0.003493 0.000001 
0.009888 0.000005 0.601242 0.103707 0.095647 0.025992 0.008711 0.122535 0.032273 
0.000000 0.308456 0.051074 0.424693 0.000000 0.059777 0.010793 0.116574 0.028633 
0.000000 0.014691 0.264193 0.000001 0.000000 0.000000 0.690926 0.016206 0.013982 
0.063392 0.073903 0.514582 0.000001 0.000000 0.000000 0.000000 0.253107 0.095013 
0.046722 0.052279 0.074957 0.000001 0.000000 0.512258 0.000000 0.252163 0.061619 
0.056350 0.000005 0.165922 0.254962 0.000000 0.000000 0.043190 0.385308 0.094263 
0.000000 0.471916 0.103669 0.145933 0.000000 0.247592 0.000000 0.030887 0.000001 
0.000000 0.138348 0.062043 0.000001 0.000000 0.169574 0.015341 0.550436 0.064256 
0.043967 0.097916 0.154982 0.000001 0.000000 0.000000 0.000000 0.605248 0.097886 
0.187618 0.012143 0.544545 0.036737 0.100035 0.000000 0.000000 0.026303 0.092618 
0.000000 0.037612 0.150043 0.000001 0.000000 0.072732 0.013173 0.277647 0.448791 
0.000000 0.014015 0.005508 0.000001 0.052107 0.011717 0.873029 0.000182 0.043440 
0.000000 0.204918 0.050757 0.000001 0.021106 0.018308 0.000000 0.704908 0.000001 
0.019953 0.000005 0.045079 0.019027 0.458213 0.383076 0.000000 0.041040 0.033608 
0.000000 0.000004 0.160503 0.485513 0.064338 0.025780 0.051195 0.212666 0.000001 
0.681029 0.043496 0.014898 0.024563 0.048673 0.146662 0.023582 0.017096 0.000001 
0.024088 0.028682 0.102728 0.411459 0.000000 0.035339 0.000000 0.370445 0.027257 
0.031631 0.000005 0.000059 0.000001 0.052786 0.056836 0.000000 0.075266 0.783416 
0.030495 0.604201 0.000069 0.117960 0.000000 0.000000 0.000000 0.030355 0.216919 
0.038882 0.122663 0.097672 0.000001 0.000000 0.000000 0.106269 0.333078 0.301435 
0.000000 0.000005 0.047641 0.213762 0.407449 0.183746 0.062010 0.085386 0.000001 
0.027557 0.000004 0.020932 0.036494 0.035483 0.000000 0.000000 0.019760 0.859769 
0.043488 0.078808 0.199948 0.000001 0.000000 0.191749 0.000000 0.420910 0.065095 
0.000000 0.104149 0.013476 0.000001 0.045497 0.015174 0.000000 0.000191 0.821511 
0.062370 0.000005 0.679805 0.043245 0.095960 0.010095 0.000000 0.093343 0.015177 
0.000000 0.000005 0.048413 0.047649 0.000000 0.495721 0.124423 0.018930 0.264858 
0.020389 0.005811 0.087980 0.000001 0.000000 0.885517 0.000000 0.000300 0.000001 
0.000000 0.000004 0.285711 0.000001 0.000000 0.017989 0.492682 0.021326 0.182286 
0.000000 0.459842 0.035995 0.090536 0.000000 0.061221 0.023600 0.328804 0.000001 
0.021192 0.740819 0.000059 0.067965 0.000000 0.025780 0.043586 0.100598 0.000001 
0.007729 0.355326 0.211159 0.158753 0.000000 0.000000 0.000000 0.205992 0.061041 
0.042800 0.000004 0.177655 0.198838 0.000000 0.000000 0.011703 0.081663 0.487336 
0.243342 0.053772 0.056394 0.000001 0.000000 0.000000 0.188004 0.440541 0.017945 
0.942775 0.000004 0.010314 0.000001 0.000000 0.041998 0.000000 0.004906 0.000001 
0.000000 0.610029 0.000075 0.072167 0.021080 0.000000 0.011509 0.000219 0.284921 
0.081506 0.031750 0.033071 0.000001 0.013371 0.707795 0.027570 0.104935 0.000001 
0.053706 0.092018 0.188082 0.000001 0.008894 0.000000 0.000000 0.566287 0.091011 
0.000000 0.041777 0.113463 0.208789 0.029993 0.095848 0.000000 0.510129 0.000001 
0.000000 0.046854 0.792003 0.000001 0.000000 0.024588 0.025013 0.084728 0.026812 
0.100720 0.000004 0.803173 0.038246 0.000000 0.000000 0.000000 0.057856 0.000001 
0.000000 0.010731 0.340654 0.000001 0.000000 0.000000 0.619622 0.028991 0.000001 
0.093154 0.000005 0.060522 0.042645 0.113636 0.000000 0.000000 0.000229 0.689809 
0.000000 0.000004 0.414851 0.100108 0.019668 0.000000 0.417156 0.048212 0.000001 
0.121946 0.000005 0.039085 0.020780 0.000000 0.357376 0.117911 0.000198 0.342699 
0.631357 0.000005 0.014550 0.000001 0.000000 0.007688 0.313414 0.032984 0.000001 
0.016873 0.280641 0.129318 0.054844 0.011435 0.000000 0.090899 0.300101 0.115889 
0.000000 0.626724 0.004479 0.058672 0.030525 0.116397 0.000000 0.034480 0.128724 
0.097775 0.300501 0.280337 0.031645 0.005707 0.000000 0.000000 0.169038 0.114997 
0.000000 0.091072 0.041460 0.000001 0.000000 0.000000 0.194754 0.511969 0.160744 
0.000000 0.038721 0.471859 0.000001 0.000000 0.016348 0.421259 0.051810 0.000001 
0.064301 0.000005 0.060299 0.355358 0.000000 0.000000 0.000000 0.490941 0.029095 
0.000000 0.000005 0.118703 0.185839 0.138628 0.441247 0.010999 0.104578 0.000001 
0.000000 0.000005 0.000066 0.000001 0.033965 0.021538 0.036767 0.000152 0.907506 
0.048153 0.711649 0.003342 0.164287 0.000000 0.000000 0.024814 0.047754 0.000001 
0.006423 0.037474 0.043335 0.000001 0.625134 0.175185 0.065652 0.010292 0.036503 
0.000000 0.072992 0.225677 0.067654 0.000000 0.490894 0.056056 0.086725 0.000001 
0.000000 0.614332 0.045650 0.083835 0.000000 0.106043 0.054189 0.091119 0.004830 
0.000000 0.007012 0.000065 0.028783 0.084455 0.000000 0.000000 0.000149 0.879537 
0.000000 0.005387 0.000054 0.000001 0.003214 0.000000 0.984968 0.006374 0.000001 
0.324645 0.265541 0.016191 0.000001 0.066085 0.000000 0.000000 0.054782 0.272755 
0.000000 0.063540 0.005560 0.000001 0.000000 0.000000 0.000000 0.282068 0.648831 
0.017101 0.074827 0.129584 0.000001 0.000000 0.243017 0.028731 0.429072 0.077666 
0.021023 0.000004 0.454575 0.051414 0.203998 0.000000 0.040555 0.109901 0.118530 
0.227377 0.522407 0.021771 0.091749 0.018910 0.000000 0.027608 0.060797 0.029380 
0.000000 0.000004 0.107473 0.298786 0.000000 0.387162 0.094921 0.111651 0.000001 
0.000000 0.093491 0.463466 0.165485 0.000000 0.185432 0.000000 0.092124 0.000001 
0.000000 0.066876 0.038233 0.048871 0.000000 0.020509 0.279959 0.137512 0.408040 
0.048403 0.058452 0.084529 0.048551 0.013016 0.000000 0.000000 0.540202 0.206847 
0.622809 0.000004 0.000073 0.088991 0.000000 0.000000 0.000000 0.045777 0.242345 
0.000000 0.000004 0.198723 0.072879 0.317626 0.023845 0.010342 0.024920 0.351661 
0.000000 0.158760 0.057049 0.000001 0.000000 0.000000 0.023023 0.756877 0.004289 
0.434993 0.040891 0.114810 0.000001 0.033611 0.000000 0.000000 0.230617 0.145076 
0.370605 0.043297 0.096992 0.000001 0.031704 0.052370 0.000000 0.365594 0.039436 
0.000000 0.000004 0.036481 0.000001 0.029086 0.926832 0.000000 0.007594 0.000001 
0.000000 0.000004 0.065300 0.556483 0.014959 0.000000 0.018238 0.345015 0.000001 
0.000000 0.013317 0.065370 0.000001 0.039372 0.394252 0.217209 0.148342 0.122137 
0.000000 0.790255 0.000046 0.134192 0.051788 0.000000 0.000000 0.023717 0.000001 
0.000000 0.026961 0.017413 0.017182 0.012395 0.011518 0.914390 0.000140 0.000001 
0.624086 0.000004 0.172915 0.000001 0.050768 0.000000 0.109176 0.030110 0.012940 
0.000000 0.000004 0.000067 0.000001 0.000000 0.000000 0.950755 0.001082 0.048090 
0.067642 0.075172 0.402596 0.000001 0.000000 0.041169 0.000000 0.318778 0.094641 
0.000000 0.141382 0.020004 0.217029 0.076028 0.000000 0.319033 0.226522 0.000001 
0.032299 0.104999 0.111649 0.000001 0.000000 0.000000 0.103422 0.591469 0.056161 
0.000000 0.060247 0.050336 0.000001 0.000000 0.673089 0.000000 0.216326 0.000001 
0.035026 0.000005 0.055213 0.000001 0.071627 0.000000 0.444778 0.294684 0.098665 
0.000000 0.000004 0.000087 0.065239 0.317084 0.429155 0.000000 0.090139 0.098290 
0.738781 0.000005 0.014717 0.035506 0.141807 0.000000 0.000000 0.030349 0.038835 
0.041238 0.051956 0.050285 0.000001 0.698267 0.000000 0.000000 0.127527 0.030726 
0.207720 0.426105 0.159830 0.132557 0.024042 0.000000 0.000000 0.049745 0.000001 
0.048436 0.046685 0.178343 0.258124 0.037381 0.000000 0.000000 0.382960 0.048071 
0.098602 0.000004 0.024492 0.409824 0.000000 0.000000 0.000000 0.179308 0.287770 
0.197800 0.036599 0.446046 0.000001 0.000000 0.016022 0.032807 0.247743 0.022981 
0.000000 0.000005 0.012031 0.044121 0.145625 0.000000 0.000000 0.016695 0.781524 
0.129241 0.000003 0.024381 0.000001 0.000000 0.480893 0.000000 0.000075 0.365406 
0.000000 0.000005 0.000060 0.048669 0.000000 0.017944 0.085086 0.051104 0.797132 
0.016708 0.088274 0.395549 0.152142 0.052735 0.000000 0.000000 0.260308 0.034285 
0.036064 0.044975 0.044109 0.223232 0.055945 0.028380 0.052696 0.514598 0.000001 
0.075313 0.000005 0.015979 0.317033 0.000000 0.481803 0.000000 0.109866 0.000001 
0.000000 0.000004 0.102521 0.537912 0.012064 0.048742 0.000000 0.298755 0.000001 
0.122716 0.279693 0.447871 0.079934 0.000000 0.000000 0.000000 0.069784 0.000001 
0.000000 0.019534 0.084723 0.452005 0.000000 0.000000 0.000000 0.123241 0.320496 
0.253650 0.000005 0.515720 0.053268 0.022639 0.015571 0.032075 0.087291 0.019782 
0.004254 0.074587 0.005919 0.000001 0.000000 0.000000 0.000000 0.000154 0.915084 
0.000000 0.000004 0.038028 0.118300 0.000000 0.098743 0.533000 0.078747 0.133177 
0.292660 0.038335 0.123351 0.019520 0.180046 0.000000 0.000000 0.265582 0.080507 
0.000000 0.061471 0.042791 0.040278 0.154495 0.678169 0.000000 0.022794 0.000001 
0.029704 0.062536 0.098821 0.000001 0.328756 0.000000 0.085364 0.292101 0.102716 
0.006283 0.000005 0.641622 0.040639 0.000000 0.022716 0.011069 0.248853 0.028813 
0.022944 0.000005 0.739030 0.091870 0.025953 0.062983 0.000000 0.057214 0.000001 
0.430123 0.000004 0.278425 0.033744 0.000000 0.191307 0.000000 0.039215 0.027180 
0.208660 0.000004 0.070215 0.484114 0.000000 0.000000 0.000000 0.192511 0.044494 
0.284027 0.000005 0.098320 0.422179 0.000000 0.000000 0.000000 0.195468 0.000001 
0.049362 0.068422 0.202573 0.000001 0.007998 0.000000 0.000000 0.518257 0.153388 
0.000000 0.010223 0.079552 0.000001 0.000000 0.909986 0.000000 0.000236 0.000001 
0.000000 0.000004 0.058061 0.226281 0.068958 0.607135 0.000000 0.039559 0.000001 
0.014008 0.000005 0.100835 0.177464 0.000000 0.467640 0.005924 0.115651 0.118473 
0.000000 0.143441 0.008997 0.051933 0.509409 0.219848 0.016351 0.050018 0.000001 
0.076083 0.063303 0.054562 0.000001 0.050257 0.066795 0.016428 0.624406 0.048165 
0.000000 0.069838 0.039597 0.052237 0.013028 0.000000 0.825079 0.000219 0.000001 
0.000000 0.142527 0.058703 0.000001 0.000000 0.000000 0.000000 0.798766 0.000001 
0.227417 0.661872 0.000061 0.110399 0.000000 0.000000 0.000000 0.000250 0.000001 
0.000000 0.204914 0.000073 0.026521 0.072570 0.000000 0.000000 0.087427 0.608495 
0.000000 0.064395 0.005219 0.029668 0.048855 0.000000 0.000000 0.035788 0.816076 
0.000000 0.000005 0.040588 0.076772 0.000000 0.832553 0.000000 0.050080 0.000001 
0.054909 0.227990 0.061715 0.043756 0.027053 0.000000 0.000000 0.269051 0.315525 
0.000000 0.011373 0.110914 0.000001 0.461484 0.132456 0.148819 0.046665 0.088288 
0.000000 0.227870 0.061427 0.088119 0.011862 0.015216 0.000000 0.258104 0.337402 
0.000000 0.834824 0.000091 0.151261 0.013618 0.000000 0.000000 0.000204 0.000001 
0.026178 0.274996 0.275924 0.000001 0.000000 0.000000 0.000000 0.422899 0.000001 
0.000000 0.128686 0.147986 0.000001 0.000000 0.149689 0.006683 0.566954 0.000001 
0.012518 0.026681 0.292224 0.057032 0.336931 0.000000 0.000000 0.217291 0.057322 
0.011579 0.065235 0.206086 0.400061 0.018489 0.067386 0.000000 0.231162 0.000001 
0.000000 0.000005 0.224627 0.000001 0.000000 0.000000 0.728402 0.031641 0.015323 
0.016327 0.211239 0.061318 0.000001 0.025016 0.000000 0.011107 0.674990 0.000001 
0.000000 0.062029 0.025228 0.000001 0.000000 0.000000 0.463189 0.435238 0.014315 
0.000000 0.229006 0.031643 0.000001 0.000000 0.000000 0.022075 0.699171 0.018103 
0.000000 0.027429 0.004495 0.012616 0.000000 0.000000 0.955276 0.000183 0.000001 
0.000000 0.330222 0.000060 0.051534 0.018619 0.000000 0.590599 0.008964 0.000001 
0.179521 0.018953 0.244230 0.000001 0.035193 0.120700 0.377931 0.014545 0.008926 
0.000000 0.467212 0.014841 0.134913 0.000000 0.172208 0.173978 0.036846 0.000001 
0.029395 0.026688 0.012632 0.018591 0.797522 0.000000 0.000000 0.063049 0.052123 
0.021406 0.000005 0.787991 0.039640 0.025109 0.000000 0.000000 0.125847 0.000001 
0.000000 0.779559 0.000087 0.189856 0.016616 0.013669 0.000000 0.000211 0.000001 
0.000000 0.158707 0.064701 0.024810 0.027813 0.014935 0.010356 0.698676 0.000001 
0.017843 0.000004 0.814778 0.057282 0.032614 0.000000 0.000000 0.049393 0.028084 
0.093519 0.157674 0.216098 0.061020 0.282000 0.019268 0.018753 0.090165 0.061502 
0.000000 0.000005 0.164000 0.633645 0.021287 0.000000 0.010322 0.170741 0.000001 
0.000000 0.000005 0.011691 0.298054 0.212637 0.000000 0.000000 0.142404 0.335210 
0.000000 0.120422 0.227056 0.000001 0.065724 0.000000 0.016670 0.483332 0.086795 
0.021083 0.000005 0.047338 0.185487 0.505622 0.000000 0.000000 0.170567 0.069898 
0.000000 0.029216 0.446743 0.000001 0.140742 0.027784 0.251098 0.073049 0.031367 
0.000000 0.711830 0.018093 0.131307 0.000000 0.074537 0.000000 0.064231 0.000001 
0.011634 0.038115 0.793327 0.045767 0.000000 0.000000 0.012672 0.098484 0.000001 
0.098535 0.280163 0.032249 0.045222 0.049600 0.000000 0.050506 0.443724 0.000001 
0.016567 0.083921 0.071413 0.000001 0.000000 0.000000 0.000000 0.268073 0.560025 
0.030557 0.011369 0.065593 0.592638 0.037497 0.000000 0.000000 0.262345 0.000001 
0.713544 0.000003 0.000086 0.000001 0.000000 0.000000 0.243656 0.014936 0.027773 
0.002044 0.143345 0.013852 0.000001 0.196769 0.000000 0.023686 0.620302 0.000001 
0.000000 0.111140 0.150003 0.000001 0.000000 0.010842 0.218357 0.509655 0.000001 
0.020814 0.023433 0.296570 0.000001 0.044949 0.019431 0.012895 0.316474 0.265433 
0.000000 0.573826 0.000080 0.071785 0.000000 0.017528 0.232944 0.103835 0.000001 
0.000000 0.045936 0.107565 0.000001 0.074830 0.015604 0.000000 0.000138 0.755925 
0.931147 0.000005 0.044565 0.024141 0.000000 0.000000 0.000000 0.000141 0.000001 
0.000000 0.000005 0.221259 0.543423 0.023903 0.000000 0.000000 0.211409 0.000001 
0.016191 0.472557 0.038866 0.245744 0.036236 0.000000 0.020747 0.169656 0.000001 
0.030831 0.089007 0.114947 0.000001 0.475589 0.055432 0.000000 0.069692 0.164502 
0.177457 0.000005 0.095653 0.036842 0.036111 0.599842 0.000000 0.000261 0.053829 
0.594282 0.000005 0.011187 0.033022 0.000000 0.000000 0.016519 0.344983 0.000001 
0.000000 0.055072 0.069925 0.057949 0.053681 0.000000 0.472090 0.291281 0.000001 
0.448716 0.070958 0.032468 0.000001 0.000000 0.000000 0.000000 0.447855 0.000001 
0.000000 0.399624 0.008645 0.000001 0.000000 0.000000 0.018508 0.573219 0.000001 
0.036964 0.385518 0.018589 0.088936 0.098422 0.032673 0.245483 0.093413 0.000001 
0.033268 0.098335 0.185142 0.020509 0.045012 0.000000 0.000000 0.559230 0.058505 
0.193736 0.018538 0.046255 0.000001 0.015186 0.717706 0.000000 0.008577 0.000001 
0.000000 0.000005 0.038489 0.000001 0.313017 0.445718 0.046792 0.058414 0.097565 
0.007991 0.708513 0.026395 0.256914 0.000000 0.000000 0.000000 0.000185 0.000001 
0.042916 0.000005 0.081298 0.000001 0.000000 0.430207 0.000000 0.165301 0.280272 
0.622354 0.028607 0.038990 0.035145 0.000000 0.000000 0.000000 0.229543 0.045361 
0.000000 0.019274 0.052760 0.000001 0.836995 0.000000 0.024797 0.029629 0.036543 
0.133272 0.084144 0.101205 0.026241 0.000000 0.000000 0.000000 0.655137 0.000001 
0.323824 0.161906 0.045079 0.355586 0.000000 0.000000 0.000000 0.113604 0.000001 
0.130902 0.191376 0.330481 0.151368 0.126506 0.102151 0.116908 0.377983 0.153829 
