-779531.444299
0
0.000000 0.000000 0.000000 0.095659 0.000001 0.000000 0.000000 0.000001 0.000075 0.000057 0.000004 0.000046 0.000001 0.000000 0.000002 0.000001 0.020733 0.000030 0.002135 0.000030 0.000000 0.000001 0.052141 0.000001 0.000007 0.000000 0.000000 0.000000 0.000000 0.000000 0.000000 0.000000 0.000223 0.000079 0.066075 0.000216 0.000000 0.000000 0.000000 0.000000 0.000156 0.000006 0.000885 0.000047 0.000000 0.000002 0.000001 0.091854 0.125774 0.000001 0.000000 0.000003 0.000000 0.000000 0.000000 0.000000 0.000006 0.000280 0.000000 0.001472 0.000000 0.000000 0.000000 0.000000 0.000047 0.000028 0.000047 0.000012 0.000000 0.000000 0.000000 0.000000 0.000037 0.000016 0.000000 0.297867 0.000000 0.000000 0.000000 0.000000 0.000000 0.000002 0.000000 0.000124 0.000013 0.000001 0.000000 0.000000 0.125563 0.000008 0.000043 0.000083 0.000000 0.000002 0.118083 0.000020 
0.067582 0.051520 0.000000 0.062137 0.027586 0.037660 0.000000 0.000000 0.000029 0.000023 0.004347 0.000015 0.028014 0.019371 0.029513 0.000000 0.027660 0.094370 0.020342 0.051705 0.000000 0.000000 0.000000 0.000000 0.023482 0.000000 0.000000 0.000000 0.000000 0.000000 0.000000 0.000000 0.000110 0.071916 0.000627 0.000100 0.000000 0.000000 0.000000 0.000000 0.016139 0.000002 0.034337 0.000019 0.000000 0.000001 0.000000 0.000017 0.000000 0.000000 0.000000 0.000001 0.000000 0.000000 0.000000 0.000000 0.000002 0.000091 0.000000 0.001206 0.000000 0.000000 0.000000 0.000000 0.000014 0.020776 0.000016 0.000004 0.000000 0.000000 0.000000 0.000000 0.118176 0.037000 0.000000 0.000018 0.000000 0.000000 0.000000 0.000000 0.115558 0.000001 0.000000 0.000042 0.038377 0.000000 0.000000 0.000000 0.000035 0.000003 0.000017 0.000029 0.000000 0.000001 0.000002 0.000007 
0.007003 0.000000 0.000000 0.000000 0.005332 0.000000 0.000000 0.000000 0.002699 0.002603 0.000000 0.000001 0.012524 0.000752 0.004978 0.016710 0.024494 0.010930 0.017415 0.022550 0.052502 0.007390 0.005069 0.027797 0.004292 0.000000 0.000000 0.006133 0.000000 0.000000 0.000000 0.003720 0.008954 0.010111 0.002901 0.002911 0.005076 0.000000 0.002850 0.000000 0.018759 0.011455 0.017701 0.032061 0.032261 0.007075 0.015269 0.078274 0.011815 0.009793 0.000000 0.006490 0.000000 0.004499 0.000000 0.004488 0.000000 0.006374 0.003000 0.007043 0.000000 0.000000 0.000000 0.000000 0.010080 0.010084 0.010166 0.011347 0.010539 0.000000 0.004677 0.026569 0.023739 0.000000 0.000000 0.030626 0.002468 0.000000 0.000000 0.005531 0.000000 0.005900 0.000000 0.006588 0.024770 0.000000 0.018266 0.009055 0.016547 0.016273 0.008390 0.042691 0.071308 0.010395 0.010451 0.079482 
0.036112 0.033970 0.000000 0.032090 0.007973 0.004549 0.000000 0.010130 0.018039 0.006553 0.018902 0.022813 0.014094 0.013036 0.016259 0.028491 0.013211 0.009216 0.009803 0.026161 0.003874 0.000000 0.008013 0.004027 0.035336 0.021322 0.000000 0.031053 0.006361 0.006340 0.000000 0.007482 0.001819 0.000001 0.005245 0.023358 0.011367 0.019688 0.016166 0.031756 0.005763 0.013368 0.003296 0.011704 0.003660 0.003030 0.006192 0.007393 0.022893 0.016331 0.000000 0.023617 0.003950 0.000000 0.000000 0.006665 0.000000 0.000003 0.007968 0.006624 0.008119 0.009478 0.009401 0.019815 0.004958 0.005252 0.004443 0.008978 0.001011 0.000000 0.006493 0.005860 0.023589 0.016004 0.000000 0.039826 0.004192 0.003830 0.000000 0.006286 0.000000 0.000000 0.000000 0.009567 0.017214 0.013708 0.006658 0.032714 0.004701 0.006258 0.000000 0.012296 0.002495 0.003040 0.005876 0.010873 
0.000000 0.000000 0.000000 0.027323 0.057233 0.027879 0.000000 0.067294 0.075650 0.000021 0.000001 0.000013 0.000000 0.112070 0.019475 0.000000 0.000600 0.000010 0.098498 0.000011 0.000000 0.000000 0.000000 0.000000 0.000002 0.000000 0.000000 0.000000 0.000000 0.000000 0.000000 0.000000 0.000082 0.017593 0.000786 0.000093 0.000000 0.000000 0.000000 0.000000 0.019917 0.000002 0.000221 0.000015 0.000000 0.000001 0.000000 0.000013 0.000000 0.000000 0.000000 0.000001 0.000000 0.036945 0.000000 0.000000 0.000002 0.034864 0.000000 0.007328 0.000000 0.024310 0.000000 0.056393 0.000013 0.000009 0.021860 0.000005 0.000000 0.000000 0.035752 0.000000 0.000011 0.000006 0.000000 0.000016 0.000000 0.000000 0.000000 0.000000 0.000000 0.000001 0.000000 0.100130 0.000005 0.015891 0.000000 0.000000 0.093633 0.000003 0.000012 0.000026 0.000000 0.000000 0.047974 0.000006 
0.000000 0.000000 0.000000 0.000000 0.000000 0.000000 0.000000 0.000000 0.024759 0.017059 0.006766 0.017285 0.000000 0.000000 0.000000 0.003894 0.003962 0.010615 0.028968 0.000001 0.000000 0.002180 0.000784 0.001869 0.016213 0.036422 0.015557 0.093760 0.000000 0.000000 0.000000 0.000000 0.000007 0.008551 0.077593 0.004992 0.000000 0.003806 0.000000 0.000000 0.009512 0.002934 0.041545 0.000001 0.000000 0.004397 0.009964 0.012312 0.000000 0.007374 0.004708 0.011864 0.000000 0.001375 0.000000 0.002503 0.086760 0.108327 0.139218 0.075714 0.000000 0.002781 0.000000 0.000000 0.011149 0.004803 0.014531 0.000000 0.000000 0.002542 0.000000 0.006447 0.000001 0.000001 0.002475 0.000001 0.000000 0.000000 0.000000 0.000000 0.015107 0.013945 0.000000 0.000003 0.000000 0.000000 0.000000 0.000000 0.000003 0.002665 0.013059 0.004210 0.000000 0.003082 0.000000 0.009645 
0.000000 0.000000 0.000000 0.000000 0.000000 0.014895 0.000000 0.000000 0.030590 0.000008 0.038140 0.040675 0.000000 0.011118 0.000000 0.000000 0.020347 0.000003 0.056221 0.057003 0.000000 0.010957 0.000000 0.000000 0.000001 0.000000 0.000000 0.000000 0.000000 0.017565 0.000000 0.000000 0.064035 0.000007 0.034676 0.032021 0.000000 0.000000 0.000000 0.011815 0.000017 0.005617 0.026692 0.053009 0.000000 0.016328 0.000000 0.044603 0.000000 0.000000 0.000000 0.000000 0.000000 0.015567 0.000000 0.000000 0.087220 0.013092 0.000000 0.048201 0.000000 0.000000 0.000000 0.000000 0.031155 0.023977 0.024613 0.000002 0.000000 0.000000 0.000000 0.000000 0.000004 0.000002 0.000000 0.058736 0.000000 0.000000 0.000000 0.000000 0.000000 0.000000 0.000000 0.000014 0.011671 0.011012 0.000000 0.000000 0.019120 0.000001 0.041158 0.016528 0.000000 0.000000 0.000001 0.011577 
0.010032 0.006260 0.000000 0.004024 0.038102 0.018939 0.008958 0.037488 0.015538 0.012561 0.000000 0.011317 0.005938 0.004531 0.001352 0.000000 0.015648 0.012777 0.014876 0.013550 0.000000 0.002395 0.013138 0.011882 0.002431 0.000000 0.002339 0.000000 0.025639 0.018025 0.008094 0.039759 0.014067 0.009067 0.001711 0.013307 0.006538 0.011258 0.007564 0.007803 0.009287 0.019332 0.011287 0.011815 0.000000 0.007541 0.013592 0.011644 0.000000 0.000000 0.000000 0.000649 0.018701 0.014747 0.001704 0.026316 0.028525 0.013297 0.000000 0.011145 0.003087 0.004450 0.007745 0.004190 0.008109 0.011600 0.007735 0.007218 0.007380 0.008832 0.027003 0.010726 0.000001 0.011228 0.000000 0.000001 0.025585 0.033964 0.003414 0.052739 0.000000 0.011375 0.000000 0.002914 0.000323 0.006550 0.007364 0.006250 0.016635 0.016077 0.008542 0.014126 0.007221 0.009108 0.015292 0.016724 
0.039400 0.028823 0.021737 0.022362 0.010755 0.006323 0.003409 0.002829 0.011801 0.008842 0.000000 0.002054 0.002951 0.001664 0.008482 0.000000 0.007459 0.000834 0.007884 0.000001 0.000000 0.000000 0.000000 0.000000 0.047278 0.072601 0.010421 0.047402 0.011398 0.011968 0.007669 0.008010 0.024136 0.014472 0.006765 0.017899 0.007013 0.012213 0.037345 0.008520 0.005127 0.000000 0.010972 0.004112 0.000000 0.000000 0.004018 0.000001 0.039458 0.044932 0.024207 0.029042 0.007968 0.013449 0.007515 0.005742 0.008753 0.008349 0.000000 0.009887 0.006597 0.004435 0.014266 0.001863 0.006429 0.000855 0.004765 0.000000 0.000000 0.000000 0.000000 0.000000 0.033296 0.060549 0.013373 0.040941 0.001871 0.012668 0.003812 0.004457 0.000000 0.004465 0.000000 0.005470 0.003453 0.003174 0.008321 0.000000 0.001945 0.000000 0.003024 0.001257 0.000000 0.000372 0.002085 0.000000 
0.000000 0.000000 0.039314 0.000001 0.000000 0.000000 0.000000 0.059020 0.000021 0.000014 0.000001 0.000010 0.033749 0.000000 0.000000 0.000000 0.115260 0.053367 0.006559 0.000008 0.000000 0.031558 0.000000 0.000000 0.000002 0.000000 0.037415 0.000000 0.000000 0.000000 0.000000 0.000000 0.029541 0.000015 0.060873 0.000063 0.000000 0.000000 0.000000 0.000000 0.061837 0.000001 0.067487 0.000011 0.000000 0.015088 0.000000 0.000010 0.000000 0.000000 0.000000 0.000001 0.000000 0.000000 0.000000 0.000000 0.055488 0.000059 0.000000 0.000494 0.000000 0.000000 0.000000 0.000000 0.000009 0.000007 0.000010 0.063310 0.000000 0.000000 0.000000 0.000000 0.053984 0.032616 0.030713 0.000011 0.000000 0.000000 0.000000 0.000000 0.000000 0.000000 0.000000 0.022314 0.015973 0.000000 0.000000 0.000000 0.000022 0.032449 0.081286 0.000021 0.000000 0.000000 0.000001 0.000004 
0.000000 0.000000 0.000000 0.000025 0.000000 0.000000 0.000000 0.000059 0.001878 0.000730 0.000055 0.554655 0.000030 0.000000 0.000034 0.000009 0.008495 0.000783 0.001386 0.000000 0.000000 0.000000 0.000004 0.000000 0.000206 0.000000 0.000000 0.000007 0.000000 0.000000 0.000000 0.000000 0.001792 0.000606 0.007052 0.002119 0.000000 0.000000 0.000001 0.000000 0.000134 0.000000 0.000207 0.000598 0.142154 0.000012 0.000020 0.000972 0.000000 0.000000 0.000000 0.000032 0.000000 0.000000 0.000000 0.000002 0.000009 0.001322 0.000007 0.004725 0.000000 0.000000 0.000000 0.000000 0.000546 0.000126 0.001394 0.000173 0.000000 0.000000 0.000000 0.000000 0.000188 0.000235 0.000002 0.000452 0.000000 0.000000 0.000000 0.000000 0.000000 0.000023 0.000000 0.001091 0.000340 0.000012 0.000002 0.000001 0.000470 0.263632 0.000148 0.000724 0.000000 0.000011 0.000165 0.000145 
0.003643 0.005419 0.000000 0.002061 0.000000 0.001690 0.000000 0.000811 0.034056 0.014976 0.227299 0.011892 0.000000 0.000000 0.000000 0.008012 0.011788 0.000001 0.009786 0.006357 0.000000 0.001681 0.001526 0.003538 0.000000 0.003441 0.000000 0.004153 0.000000 0.000000 0.000000 0.000000 0.023343 0.014568 0.123290 0.015682 0.000000 0.000000 0.000000 0.000000 0.003647 0.005042 0.005999 0.007524 0.000000 0.000000 0.000000 0.002293 0.004918 0.002991 0.000000 0.003254 0.000000 0.001944 0.000000 0.000000 0.032521 0.036418 0.136077 0.019238 0.000000 0.000000 0.000000 0.000000 0.015196 0.009839 0.006871 0.011178 0.000000 0.000000 0.000000 0.000000 0.005326 0.007189 0.001799 0.012575 0.000862 0.000000 0.000000 0.000000 0.000000 0.000000 0.098037 0.004730 0.001083 0.000969 0.000000 0.000000 0.010524 0.005764 0.008814 0.002660 0.000000 0.000000 0.001984 0.003723 
0.000001 0.000001 0.000000 0.000035 0.000003 0.000005 0.000000 0.000020 0.000894 0.000751 0.000061 0.000431 0.000027 0.000002 0.000019 0.000006 0.005162 0.000298 0.005484 0.000379 0.000000 0.000013 0.000019 0.000006 0.000060 0.000000 0.000000 0.000003 0.000000 0.000000 0.000000 0.000000 0.001549 0.000475 0.004379 0.001957 0.000000 0.000000 0.000000 0.000000 0.001293 0.000119 0.002959 0.000496 0.000000 0.000024 0.000007 0.000470 0.000006 0.000010 0.000000 0.000031 0.000000 0.000005 0.000000 0.000000 0.000095 0.001549 0.000004 0.003039 0.000000 0.000000 0.000000 0.000000 0.000423 0.000231 0.000247 0.000125 0.000000 0.962614 0.000000 0.000000 0.000347 0.000145 0.000000 0.000476 0.000000 0.000000 0.000000 0.000000 0.000000 0.000024 0.000000 0.000835 0.000170 0.000008 0.000000 0.000001 0.000976 0.000089 0.000213 0.000570 0.000000 0.000056 0.000102 0.000201 
0.000000 0.000000 0.000404 0.006938 0.000000 0.000000 0.000000 0.000171 0.000001 0.003357 0.010220 0.004755 0.000000 0.000000 0.000000 0.000576 0.003794 0.005955 0.002230 0.003522 0.000000 0.003123 0.000000 0.013574 0.001524 0.000000 0.000724 0.017044 0.000000 0.000000 0.000000 0.000000 0.000492 0.000002 0.010192 0.003314 0.000000 0.000000 0.000000 0.000000 0.000292 0.001325 0.002060 0.002239 0.002494 0.002407 0.004107 0.016798 0.000000 0.002011 0.000000 0.009437 0.000000 0.000000 0.000000 0.000000 0.000000 0.014284 0.029207 0.016760 0.000000 0.000000 0.000000 0.000000 0.006083 0.010289 0.005023 0.013578 0.000000 0.001775 0.000000 0.002761 0.036346 0.008820 0.003277 0.315913 0.000000 0.000000 0.000000 0.000000 0.000000 0.020721 0.229648 0.038559 0.000000 0.000393 0.000000 0.003402 0.002662 0.008868 0.006030 0.010572 0.004807 0.009462 0.000000 0.065681 
0.000000 0.000987 0.000497 0.000000 0.000000 0.000000 0.000274 0.000489 0.007461 0.003566 0.003018 0.003504 0.000000 0.000000 0.000000 0.000000 0.000940 0.000475 0.000692 0.000773 0.000000 0.000289 0.000763 0.000000 0.001039 0.000000 0.000000 0.000000 0.000000 0.000000 0.000000 0.000000 0.017052 0.002575 0.004868 0.008572 0.000000 0.000406 0.000780 0.000832 0.000719 0.000000 0.000443 0.001059 0.000000 0.000000 0.000000 0.000691 0.000511 0.000000 0.000000 0.000000 0.000000 0.000000 0.000000 0.000346 0.006132 0.000946 0.000000 0.003247 0.000000 0.000000 0.000953 0.000000 0.000001 0.000001 0.000001 0.000262 0.000000 0.000000 0.000000 0.000000 0.013458 0.007658 0.002742 0.011338 0.038723 0.000000 0.001454 0.066384 0.416475 0.081008 0.050992 0.234358 0.000000 0.000000 0.000000 0.000000 0.000001 0.000000 0.000001 0.000242 0.000000 0.000000 0.000000 0.000000 
0.000000 0.000000 0.000000 0.000000 0.007679 0.000000 0.000000 0.000000 0.028585 0.017848 0.029099 0.028387 0.014606 0.000000 0.021044 0.013870 0.070825 0.022974 0.053517 0.046360 0.003798 0.000000 0.000000 0.005937 0.000000 0.000000 0.000000 0.000000 0.007688 0.000000 0.000000 0.000000 0.014020 0.025621 0.012813 0.007369 0.005479 0.000000 0.005853 0.000000 0.024625 0.015141 0.026190 0.025861 0.000000 0.000000 0.008779 0.006524 0.006167 0.006158 0.000000 0.005042 0.000000 0.000000 0.000000 0.000000 0.012259 0.030261 0.033840 0.038881 0.011727 0.000000 0.008954 0.000000 0.026192 0.012832 0.027962 0.034617 0.000000 0.000000 0.000000 0.000000 0.019957 0.000001 0.000000 0.000003 0.000000 0.000000 0.000000 0.000000 0.011735 0.000000 0.000000 0.000006 0.008963 0.000000 0.008127 0.006024 0.026906 0.027019 0.018188 0.026945 0.012064 0.010370 0.003456 0.014854 
0.000000 0.000000 0.000000 0.000000 0.000000 0.000000 0.000000 0.000000 0.000002 0.018939 0.000000 0.000001 0.000299 0.000000 0.000628 0.003733 0.001127 0.000001 0.000196 0.000294 0.000000 0.000000 0.000553 0.000000 0.001055 0.000000 0.000000 0.000000 0.000000 0.000000 0.000334 0.000000 0.077371 0.101744 0.021650 0.082961 0.000000 0.000000 0.000000 0.001375 0.000003 0.000219 0.000505 0.004784 0.000000 0.001320 0.000000 0.000001 0.000000 0.000000 0.000000 0.000000 0.000000 0.000000 0.000000 0.000000 0.000000 0.020528 0.000000 0.016275 0.000000 0.000000 0.000539 0.000436 0.000401 0.000001 0.000001 0.007381 0.000000 0.000000 0.001132 0.000000 0.000001 0.003910 0.000000 0.000998 0.000000 0.001274 0.000000 0.000000 0.130212 0.295524 0.102341 0.084079 0.001097 0.000552 0.000625 0.004102 0.001629 0.000000 0.002545 0.002313 0.000000 0.001191 0.000744 0.001072 
0.000000 0.053891 0.139803 0.082587 0.000000 0.000000 0.040673 0.053539 0.022645 0.000000 0.000000 0.262494 0.000000 0.000000 0.344350 0.000000 0.000018 
0.000000 0.000000 0.000000 0.011254 0.015169 0.443124 0.000000 0.014870 0.020128 0.000000 0.000000 0.413120 0.000000 0.018536 0.048001 0.000000 0.015798 
0.000000 0.000000 0.000000 0.785256 0.039777 0.000000 0.000000 0.008984 0.078504 0.028647 0.000000 0.000027 0.000000 0.000000 0.000000 0.000000 0.058805 
0.000000 0.000000 0.000000 0.027810 0.007633 0.500516 0.000000 0.006089 0.014253 0.000000 0.000000 0.402307 0.000000 0.000000 0.041373 0.000000 0.000019 
0.000000 0.000000 0.000000 0.011945 0.000000 0.079398 0.000000 0.000002 0.000027 0.000000 0.000000 0.034272 0.000000 0.000000 0.011384 0.000000 0.862973 
0.013306 0.000000 0.000000 0.032850 0.000000 0.000000 0.000000 0.048624 0.000027 0.000000 0.000000 0.000021 0.000000 0.886368 0.000000 0.000000 0.018804 
0.000000 0.000000 0.000000 0.027898 0.000000 0.000000 0.000000 0.000002 0.000026 0.000000 0.000000 0.000023 0.000000 0.965878 0.000000 0.000000 0.006173 
0.000000 0.055343 0.020252 0.024187 0.000000 0.000000 0.000000 0.000002 0.031125 0.000000 0.000000 0.375908 0.000000 0.468620 0.024545 0.000000 0.000018 
0.000000 0.000000 0.000000 0.115440 0.000000 0.263470 0.092346 0.065580 0.014523 0.000000 0.000000 0.158420 0.000000 0.000000 0.156346 0.100043 0.033832 
0.000000 0.000000 0.023022 0.117346 0.052424 0.000000 0.062898 0.072671 0.053220 0.000000 0.000000 0.044778 0.000000 0.000000 0.197070 0.140957 0.235613 
0.000000 0.028370 0.000000 0.286319 0.000000 0.000000 0.000000 0.124913 0.058486 0.000000 0.000000 0.110991 0.000000 0.000000 0.390901 0.000000 0.000019 
0.000000 0.000000 0.411744 0.163318 0.000000 0.000000 0.025197 0.000002 0.307140 0.000000 0.000000 0.012066 0.000000 0.000000 0.000000 0.061620 0.018913 
0.000000 0.000000 0.034963 0.188688 0.000000 0.000000 0.000000 0.106637 0.020308 0.000000 0.000000 0.576237 0.000000 0.000000 0.017711 0.000000 0.055455 
0.000000 0.000000 0.125320 0.239112 0.018093 0.143037 0.000000 0.331402 0.020884 0.000000 0.000000 0.090069 0.000000 0.000000 0.000000 0.000000 0.032084 
0.000000 0.000000 0.000000 0.116136 0.018703 0.000000 0.000000 0.113033 0.082210 0.000000 0.000000 0.397510 0.000000 0.000000 0.000000 0.191513 0.080895 
0.000000 0.032242 0.000000 0.078737 0.000000 0.000000 0.000000 0.000002 0.000026 0.000000 0.000000 0.432981 0.000000 0.000000 0.037700 0.000000 0.418312 
0.000000 0.026393 0.084371 0.607252 0.000000 0.000000 0.000000 0.037348 0.048909 0.027499 0.000000 0.030046 0.000000 0.000000 0.138163 0.000000 0.000019 
0.000000 0.000000 0.000000 0.282823 0.000000 0.009943 0.000000 0.461750 0.174360 0.000000 0.000000 0.000019 0.000000 0.000000 0.000000 0.028821 0.042284 
0.030816 0.000000 0.000000 0.026128 0.010314 0.000000 0.000000 0.000002 0.000029 0.000000 0.000000 0.018965 0.000000 0.512149 0.023426 0.000000 0.378170 
0.000000 0.000000 0.498147 0.277264 0.000000 0.000000 0.000000 0.032618 0.000025 0.017059 0.000000 0.143684 0.000000 0.000000 0.012304 0.000000 0.018900 
0.000000 0.000000 0.000000 0.508997 0.000000 0.030246 0.000000 0.000002 0.361506 0.000000 0.000000 0.019463 0.000000 0.057703 0.022063 0.000000 0.000020 
0.000000 0.000000 0.198753 0.054719 0.000000 0.000000 0.000000 0.000002 0.012328 0.000000 0.000000 0.015904 0.000000 0.000000 0.685883 0.032394 0.000016 
0.000000 0.000000 0.294647 0.178581 0.027716 0.000000 0.000000 0.074851 0.038810 0.073801 0.000000 0.033440 0.000000 0.000000 0.000000 0.215002 0.063150 
0.000000 0.000000 0.000000 0.092731 0.000000 0.000000 0.081627 0.119159 0.064992 0.000000 0.000000 0.007417 0.000000 0.516705 0.008002 0.061760 0.047607 
0.000000 0.000000 0.017462 0.399269 0.000000 0.000000 0.072191 0.077921 0.065465 0.000000 0.000000 0.000024 0.000000 0.000000 0.051069 0.257091 0.059508 
0.017494 0.000000 0.051045 0.182422 0.000000 0.034543 0.000000 0.000002 0.451493 0.021353 0.000000 0.000019 0.000000 0.241582 0.000001 0.000000 0.000047 
0.000000 0.000000 0.000000 0.269565 0.000000 0.015498 0.000000 0.347446 0.083202 0.055215 0.000000 0.024511 0.000000 0.166496 0.014910 0.000000 0.023157 
0.000000 0.000000 0.027367 0.211261 0.000000 0.000000 0.070434 0.259430 0.105393 0.000000 0.000000 0.003563 0.000000 0.000000 0.000000 0.263245 0.059306 
0.000000 0.000000 0.446291 0.145696 0.000000 0.056595 0.000000 0.000002 0.000025 0.016900 0.000000 0.146826 0.000000 0.000000 0.000000 0.000000 0.187664 
0.000000 0.000000 0.079785 0.182076 0.000000 0.239262 0.091817 0.113776 0.000026 0.042630 0.000000 0.171981 0.000000 0.060294 0.018336 0.000000 0.000016 
0.000000 0.000000 0.000000 0.010638 0.000000 0.028341 0.000000 0.000002 0.000027 0.000000 0.000000 0.052387 0.000000 0.015574 0.831145 0.009137 0.052749 
0.000000 0.000000 0.000000 0.327668 0.000000 0.000000 0.000000 0.468135 0.161293 0.000000 0.000000 0.011306 0.000000 0.013797 0.000000 0.000000 0.017800 
0.054953 0.000000 0.000000 0.086712 0.000000 0.000000 0.000000 0.014930 0.000026 0.008171 0.000000 0.414192 0.000000 0.365867 0.000000 0.000000 0.055149 
0.000000 0.000000 0.077660 0.694310 0.000000 0.000000 0.000000 0.015465 0.032037 0.000000 0.000000 0.070347 0.000000 0.021444 0.064502 0.024216 0.000020 
0.000000 0.000000 0.000000 0.058155 0.000000 0.000000 0.000000 0.010796 0.040496 0.000000 0.000000 0.046028 0.000000 0.151534 0.017876 0.000000 0.675114 
0.011938 0.000000 0.000000 0.663322 0.000000 0.000000 0.000000 0.077849 0.060119 0.065857 0.000000 0.000026 0.000000 0.000000 0.000000 0.061097 0.059790 
0.025026 0.000000 0.000000 0.045707 0.019461 0.464928 0.000000 0.028860 0.000025 0.000000 0.000000 0.376215 0.000000 0.000000 0.000000 0.000000 0.039776 
0.000000 0.000000 0.000000 0.136349 0.000000 0.152121 0.000000 0.000002 0.599578 0.000000 0.000000 0.071377 0.000000 0.000000 0.000000 0.000000 0.040572 
0.000000 0.000000 0.019298 0.150245 0.012434 0.165615 0.099414 0.119797 0.093356 0.042082 0.000000 0.061082 0.000000 0.000000 0.106873 0.081620 0.048183 
0.000000 0.060928 0.009735 0.265699 0.000000 0.000000 0.000000 0.000002 0.023412 0.034847 0.000000 0.342160 0.000000 0.191933 0.071262 0.000000 0.000021 
0.000000 0.000000 0.012632 0.057375 0.024245 0.502758 0.000000 0.000002 0.000025 0.000000 0.000000 0.378186 0.000000 0.000000 0.000000 0.000000 0.024776 
0.022547 0.000000 0.070291 0.196554 0.000000 0.000000 0.073212 0.171740 0.062954 0.022278 0.000000 0.000024 0.000000 0.185869 0.000000 0.139289 0.055243 
0.000000 0.000000 0.008107 0.012117 0.022056 0.495825 0.000000 0.000002 0.090751 0.000000 0.000000 0.359789 0.000000 0.011334 0.000000 0.000000 0.000018 
0.000000 0.000000 0.519392 0.164268 0.000000 0.000000 0.104968 0.013272 0.009000 0.000000 0.000000 0.098608 0.000000 0.000000 0.000000 0.024590 0.065902 
0.000000 0.000000 0.000000 0.088622 0.000000 0.168083 0.000000 0.000002 0.000027 0.007545 0.000000 0.103829 0.000000 0.505455 0.126417 0.000000 0.000019 
0.005748 0.000000 0.028101 0.028029 0.000000 0.000000 0.000000 0.000002 0.005036 0.000000 0.000000 0.012326 0.000000 0.887315 0.000000 0.000000 0.033442 
0.000000 0.000000 0.220054 0.043301 0.000000 0.091693 0.069929 0.000003 0.000026 0.000000 0.000000 0.085062 0.000000 0.000000 0.489915 0.000000 0.000017 
0.000000 0.000000 0.000000 0.259859 0.000000 0.000000 0.000000 0.184766 0.431916 0.020988 0.000000 0.000019 0.000000 0.055253 0.021979 0.000000 0.025221 
0.000000 0.000000 0.000000 0.104466 0.000000 0.010193 0.000000 0.058620 0.729249 0.000000 0.000000 0.006219 0.000000 0.000000 0.042743 0.000000 0.048510 
0.000000 0.000000 0.112385 0.287960 0.000000 0.031397 0.000000 0.041161 0.354247 0.029107 0.000000 0.000026 0.000000 0.000000 0.000000 0.118696 0.025020 
0.000000 0.000000 0.121960 0.317175 0.000000 0.319457 0.000000 0.000002 0.000027 0.000000 0.000000 0.182901 0.000000 0.000000 0.013304 0.000000 0.045173 
0.000000 0.020533 0.006609 0.198912 0.000000 0.000000 0.048060 0.267192 0.027895 0.000000 0.000000 0.000024 0.000000 0.000000 0.176153 0.000000 0.254621 
0.000000 0.000000 0.000000 0.027848 0.000000 0.000000 0.000000 0.000002 0.000022 0.000000 0.008857 0.000026 0.000000 0.043658 0.000000 0.000000 0.919587 
0.000000 0.000000 0.000000 0.066936 0.000000 0.161209 0.000000 0.000002 0.594330 0.026481 0.000000 0.134366 0.000000 0.000000 0.016663 0.000000 0.000014 
0.000000 0.000000 0.000000 0.066267 0.000000 0.000000 0.000000 0.067433 0.023806 0.000000 0.000000 0.019259 0.000000 0.702620 0.025732 0.000000 0.094881 
0.000000 0.000000 0.033794 0.188546 0.033323 0.000000 0.100822 0.174874 0.089900 0.038845 0.000000 0.000022 0.000000 0.000000 0.000000 0.277782 0.062092 
0.000000 0.000000 0.049099 0.482513 0.000000 0.000000 0.000000 0.264120 0.044733 0.021885 0.000000 0.026459 0.000000 0.091019 0.000000 0.000000 0.020171 
0.000000 0.000000 0.608805 0.201925 0.000000 0.000000 0.035607 0.016190 0.000027 0.022581 0.000000 0.041838 0.000000 0.010713 0.026730 0.035564 0.000019 
0.000000 0.000000 0.638464 0.174809 0.000000 0.000000 0.000000 0.000002 0.000021 0.000000 0.000000 0.036400 0.000000 0.000000 0.000000 0.058914 0.091390 
0.000000 0.000000 0.281120 0.046638 0.000000 0.000000 0.032161 0.012571 0.004487 0.004294 0.000000 0.000025 0.000000 0.000000 0.597277 0.000000 0.021429 
0.000000 0.000000 0.036617 0.054527 0.009320 0.405594 0.000000 0.000002 0.000046 0.000000 0.000000 0.377865 0.000000 0.000000 0.000000 0.022960 0.093068 
0.000000 0.000000 0.321411 0.194509 0.000000 0.000000 0.000000 0.000003 0.000024 0.000000 0.000000 0.031715 0.000000 0.011720 0.413438 0.027161 0.000018 
0.000000 0.000000 0.000000 0.046075 0.005532 0.198118 0.000000 0.000002 0.000025 0.000000 0.000000 0.146935 0.000000 0.366131 0.114767 0.000000 0.122414 
0.000000 0.000000 0.010850 0.029669 0.000000 0.000000 0.000000 0.018864 0.000024 0.000000 0.000000 0.003312 0.000000 0.000000 0.307350 0.000000 0.629931 
0.000000 0.000000 0.017433 0.156925 0.000000 0.000000 0.089767 0.080839 0.289388 0.000000 0.000000 0.028289 0.000000 0.000000 0.095720 0.217875 0.023765 
0.000000 0.000000 0.000000 0.063456 0.010747 0.077904 0.000000 0.021057 0.614819 0.000000 0.000000 0.083755 0.000000 0.108358 0.000000 0.000000 0.019903 
0.000000 0.000000 0.156159 0.124266 0.000000 0.038882 0.000000 0.060130 0.296637 0.000000 0.000000 0.045176 0.000000 0.000000 0.000000 0.179432 0.099317 
0.000000 0.000000 0.000000 0.264407 0.011539 0.089623 0.000000 0.307220 0.056397 0.000000 0.000000 0.061631 0.000000 0.000000 0.178545 0.000000 0.030638 
0.000000 0.000000 0.344866 0.134534 0.000000 0.000000 0.043900 0.010030 0.000028 0.000000 0.000000 0.000025 0.000000 0.000000 0.424332 0.042270 0.000014 
0.000000 0.000000 0.000000 0.597363 0.000000 0.023840 0.000000 0.206935 0.056579 0.000000 0.000000 0.000023 0.000000 0.000000 0.000000 0.033291 0.081967 
0.000000 0.026608 0.058576 0.261517 0.000000 0.000000 0.000000 0.015375 0.032468 0.009669 0.000000 0.132261 0.000000 0.447349 0.016156 0.000000 0.000021 
0.000000 0.000000 0.000000 0.001009 0.019269 0.581903 0.000000 0.000002 0.000021 0.000000 0.000000 0.343931 0.000000 0.019972 0.033877 0.000000 0.000016 
0.000000 0.000000 0.000000 0.174313 0.000000 0.000000 0.000000 0.014589 0.726111 0.000000 0.000000 0.000026 0.000000 0.000000 0.027468 0.000000 0.057493 
0.000000 0.000000 0.000000 0.034087 0.000000 0.000000 0.000000 0.000002 0.038274 0.000000 0.000000 0.540059 0.000000 0.193512 0.068296 0.083288 0.042482 
0.000000 0.000000 0.134780 0.156437 0.000000 0.000000 0.035498 0.000002 0.077515 0.000000 0.000000 0.000021 0.000000 0.486918 0.061987 0.046822 0.000019 
0.018117 0.000000 0.008676 0.106797 0.000000 0.012991 0.000000 0.037298 0.603682 0.000000 0.000000 0.000020 0.000000 0.097429 0.062801 0.052171 0.000017 
0.000000 0.000000 0.000000 0.027420 0.028440 0.530456 0.000000 0.000002 0.008129 0.000000 0.000000 0.405533 0.000000 0.000000 0.000000 0.000000 0.000020 
0.000000 0.000000 0.000000 0.013824 0.000000 0.000000 0.000000 0.000003 0.000023 0.000000 0.000000 0.002006 0.000000 0.000000 0.984126 0.000000 0.000018 
0.000000 0.000000 0.007468 0.043201 0.000000 0.164436 0.000000 0.040372 0.248969 0.000000 0.000000 0.171124 0.000000 0.000000 0.000000 0.000000 0.324431 
0.000000 0.000000 0.000000 0.088914 0.034676 0.393628 0.000000 0.175859 0.055768 0.000000 0.000000 0.251136 0.000000 0.000000 0.000000 0.000000 0.000018 
0.000000 0.000000 0.055934 0.236413 0.032288 0.041425 0.071411 0.167717 0.032268 0.058856 0.000000 0.000022 0.000000 0.240075 0.027746 0.000000 0.035843 
0.000000 0.000000 0.336881 0.179585 0.000000 0.048233 0.000000 0.035267 0.000025 0.013156 0.000000 0.240845 0.000000 0.000000 0.042129 0.071675 0.032204 
0.000000 0.041995 0.006272 0.112428 0.000000 0.031045 0.000000 0.024662 0.501061 0.000000 0.000000 0.027701 0.000000 0.000000 0.022367 0.000000 0.232467 
0.010326 0.000000 0.045225 0.403902 0.000000 0.000000 0.000000 0.000002 0.042175 0.000000 0.000000 0.000020 0.000000 0.383036 0.092005 0.000000 0.023310 
0.000000 0.000000 0.368154 0.300618 0.000000 0.000000 0.000000 0.001759 0.107929 0.000000 0.000000 0.040243 0.000000 0.169632 0.000000 0.000000 0.011664 
0.000000 0.000000 0.013208 0.120770 0.011682 0.219626 0.079886 0.042239 0.073752 0.000000 0.000000 0.155140 0.000000 0.000000 0.283682 0.000000 0.000015 
0.000000 0.000000 0.000000 0.263124 0.023535 0.061212 0.069292 0.179728 0.055728 0.023520 0.000000 0.056591 0.000000 0.000000 0.000000 0.206093 0.061176 
0.000000 0.000000 0.000000 0.122561 0.012922 0.146422 0.000000 0.000003 0.012447 0.000000 0.000000 0.097802 0.000000 0.000000 0.000000 0.000000 0.607844 
0.000000 0.050013 0.153513 0.123335 0.000000 0.206113 0.000000 0.000002 0.000024 0.000000 0.000000 0.420027 0.000000 0.025235 0.000000 0.000000 0.021738 
0.000000 0.000000 0.009779 0.299452 0.000000 0.000000 0.000000 0.517468 0.127033 0.000000 0.000000 0.000018 0.000000 0.000000 0.025026 0.000000 0.021223 
0.000000 0.000000 0.021437 0.123119 0.000000 0.041306 0.051040 0.063940 0.036269 0.023162 0.000000 0.052749 0.000000 0.000000 0.000000 0.160060 0.426918 
0.000000 0.000000 0.000000 0.125286 0.028300 0.000000 0.000000 0.113098 0.050077 0.000000 0.000000 0.000022 0.000000 0.062345 0.000000 0.258801 0.362071 
0.005408 0.000000 0.000000 0.026370 0.000000 0.000000 0.000000 0.000002 0.000021 0.000000 0.000000 0.039500 0.000000 0.924236 0.004437 0.000000 0.000025 
0.000000 0.000000 0.000000 0.797217 0.000000 0.000000 0.000000 0.099904 0.051125 0.000000 0.000000 0.014905 0.000000 0.000000 0.021735 0.000000 0.015113 
0.000000 0.000000 0.022858 0.033545 0.047810 0.000000 0.100271 0.037165 0.045937 0.000000 0.000000 0.092605 0.000000 0.401692 0.218097 0.000000 0.000020 
0.000000 0.000000 0.000000 0.132728 0.000000 0.000000 0.000000 0.000002 0.796192 0.000000 0.000000 0.052543 0.000000 0.000000 0.000000 0.000000 0.018535 
0.000000 0.000000 0.012080 0.025626 0.000000 0.017657 0.000000 0.000002 0.020262 0.000000 0.000000 0.000026 0.000000 0.010705 0.913625 0.000000 0.000018 
0.000000 0.000000 0.146074 0.063623 0.000000 0.000000 0.000000 0.000002 0.000019 0.000000 0.000000 0.063654 0.000000 0.000000 0.106505 0.000000 0.620122 
0.000000 0.000000 0.000000 0.002152 0.000000 0.028378 0.000000 0.000003 0.000025 0.000000 0.001580 0.016937 0.000000 0.000000 0.924697 0.000000 0.026227 
0.000000 0.000000 0.160138 0.124586 0.032263 0.000000 0.055026 0.067658 0.082672 0.026624 0.000000 0.000023 0.000000 0.053961 0.000000 0.332491 0.064558 
0.000000 0.000000 0.000000 0.353130 0.010025 0.000000 0.000000 0.079454 0.157831 0.000000 0.000000 0.071365 0.000000 0.000000 0.328175 0.000000 0.000019 
0.000000 0.000000 0.031706 0.253667 0.000000 0.015622 0.000000 0.321394 0.083668 0.000000 0.000000 0.000022 0.000000 0.000000 0.102809 0.141719 0.049394 
0.000000 0.034617 0.007217 0.071018 0.000000 0.000000 0.000000 0.129229 0.056127 0.000000 0.000000 0.000020 0.000000 0.679422 0.000000 0.022333 0.000016 
0.000000 0.000000 0.000000 0.119101 0.000000 0.000000 0.094388 0.076743 0.019703 0.024617 0.000000 0.072235 0.000000 0.000000 0.439371 0.111515 0.042328 
0.010770 0.036750 0.000000 0.154439 0.000000 0.000000 0.000000 0.000003 0.000022 0.035259 0.000000 0.337589 0.000000 0.425143 0.000000 0.000000 0.000024 
0.000000 0.000000 0.000000 0.066177 0.013977 0.000000 0.000000 0.000002 0.013935 0.000000 0.000000 0.145804 0.000000 0.000000 0.000000 0.033925 0.726179 
0.000000 0.036492 0.023992 0.081354 0.000000 0.000000 0.000000 0.056816 0.036638 0.045144 0.000000 0.592289 0.000000 0.000000 0.000000 0.049001 0.078274 
0.000000 0.000000 0.124715 0.193334 0.000000 0.000000 0.000000 0.002841 0.429504 0.000000 0.000000 0.035446 0.000000 0.000000 0.000000 0.000000 0.214160 
0.000000 0.000000 0.000000 0.451227 0.000000 0.000000 0.079253 0.075885 0.061121 0.036338 0.000000 0.000024 0.000000 0.000000 0.000000 0.231007 0.065143 
0.000000 0.054896 0.000000 0.469731 0.054207 0.167226 0.000000 0.000002 0.037692 0.000000 0.000000 0.122999 0.000000 0.000000 0.000000 0.000000 0.093247 
0.000000 0.000000 0.334055 0.170086 0.000000 0.000000 0.121239 0.104346 0.024976 0.000000 0.000000 0.013803 0.000000 0.000000 0.035805 0.000000 0.195689 
0.000000 0.000000 0.006507 0.060075 0.023154 0.462513 0.000000 0.000002 0.007429 0.000000 0.000000 0.440303 0.000000 0.000000 0.000000 0.000000 0.000016 
0.000000 0.000000 0.000000 0.010406 0.000000 0.234554 0.000000 0.000001 0.000018 0.000000 0.000000 0.138096 0.000000 0.485128 0.000000 0.000000 0.131797 
0.000000 0.000000 0.000000 0.090320 0.000000 0.492492 0.000000 0.021208 0.000027 0.000000 0.000000 0.301501 0.000000 0.010004 0.084430 0.000000 0.000017 
0.007090 0.000000 0.226620 0.328165 0.000000 0.000000 0.000000 0.073970 0.090213 0.029898 0.000000 0.049201 0.000000 0.000000 0.000000 0.166995 0.027847 
0.000000 0.014986 0.000000 0.484296 0.000000 0.000000 0.000000 0.269962 0.050196 0.000000 0.000000 0.049612 0.000000 0.022974 0.050877 0.000000 0.057096 
0.000000 0.000000 0.000000 0.372842 0.000000 0.000000 0.000000 0.000002 0.065883 0.000000 0.000000 0.000023 0.000000 0.472940 0.000000 0.000000 0.088310 
0.000000 0.037336 0.000000 0.728326 0.000000 0.000000 0.070050 0.000002 0.062227 0.000000 0.000000 0.000023 0.000000 0.052527 0.000000 0.049493 0.000015 
0.000000 0.000000 0.349576 0.201536 0.000000 0.000000 0.055764 0.000003 0.266753 0.000000 0.000000 0.000026 0.001038 0.000000 0.000000 0.000000 0.125304 
0.000000 0.021429 0.026722 0.557336 0.000000 0.197412 0.000000 0.000002 0.053815 0.000000 0.000000 0.133836 0.000000 0.000000 0.000000 0.000000 0.009447 
0.000000 0.000000 0.423177 0.173306 0.000000 0.000000 0.038023 0.023528 0.000025 0.000000 0.000000 0.056520 0.000000 0.000000 0.029847 0.000000 0.255575 
0.000000 0.000000 0.003686 0.005926 0.014434 0.568376 0.000000 0.000002 0.062183 0.000000 0.000000 0.345372 0.000000 0.000000 0.000000 0.000000 0.000020 
0.000000 0.055952 0.000000 0.126296 0.000000 0.070177 0.028365 0.000002 0.000029 0.000000 0.000000 0.039520 0.000000 0.099981 0.526447 0.053216 0.000015 
0.000000 0.000000 0.025474 0.170880 0.000000 0.000000 0.000000 0.088331 0.031188 0.026259 0.000000 0.152639 0.000000 0.000000 0.000000 0.204432 0.300798 
0.000000 0.000000 0.000000 0.103236 0.000000 0.000000 0.000000 0.000002 0.056730 0.000000 0.000000 0.138688 0.000000 0.678443 0.000000 0.000000 0.022901 
0.000000 0.000000 0.026531 0.163778 0.000000 0.000000 0.024572 0.101647 0.058235 0.025692 0.000000 0.297325 0.000000 0.000000 0.088011 0.160002 0.054208 
0.000000 0.000000 0.524778 0.238343 0.000000 0.000000 0.042228 0.118354 0.000024 0.000000 0.000000 0.050011 0.000000 0.000000 0.014271 0.000000 0.011991 
0.000000 0.000000 0.586755 0.226862 0.000000 0.000000 0.000000 0.000002 0.000025 0.000000 0.000000 0.059349 0.000000 0.052813 0.000000 0.049199 0.024995 
0.000000 0.000000 0.195849 0.115108 0.000000 0.017618 0.000000 0.000002 0.000022 0.000000 0.000000 0.016640 0.000000 0.190841 0.000000 0.044763 0.419156 
0.000000 0.025591 0.000000 0.638743 0.000000 0.036651 0.000000 0.000002 0.043218 0.000000 0.000000 0.023399 0.000000 0.000000 0.000000 0.022390 0.210005 
0.000000 0.000000 0.040085 0.521360 0.000000 0.000000 0.000000 0.018136 0.093909 0.000000 0.000000 0.014552 0.000000 0.000000 0.000000 0.028489 0.283468 
0.000000 0.000000 0.027271 0.186868 0.028863 0.000000 0.110962 0.144315 0.091228 0.000000 0.000000 0.036870 0.000000 0.000000 0.000000 0.318640 0.054984 
0.007387 0.000000 0.039792 0.012056 0.000000 0.000000 0.000000 0.000003 0.012061 0.000000 0.000000 0.000023 0.000000 0.921410 0.007247 0.000000 0.000023 
0.000000 0.000000 0.000000 0.299159 0.000000 0.000000 0.000000 0.000002 0.010870 0.000000 0.000000 0.067167 0.000000 0.598462 0.004871 0.000000 0.019468 
0.000000 0.041139 0.049941 0.231284 0.034664 0.062058 0.000000 0.000002 0.034654 0.000000 0.000000 0.063911 0.000000 0.463838 0.000000 0.000000 0.018509 
0.000000 0.000000 0.000000 0.105913 0.009447 0.000000 0.000000 0.000002 0.152475 0.026591 0.000000 0.433653 0.000000 0.220953 0.024959 0.000000 0.026006 
0.000000 0.000000 0.000000 0.261026 0.000000 0.000000 0.000000 0.434093 0.049645 0.000000 0.000000 0.076305 0.000000 0.065882 0.017075 0.000000 0.095974 
0.000000 0.000000 0.026112 0.067441 0.000000 0.000000 0.000000 0.000002 0.066674 0.000000 0.000000 0.013331 0.000000 0.000000 0.800816 0.000000 0.025624 
0.000000 0.000000 0.000000 0.367097 0.000000 0.000000 0.000000 0.519378 0.092069 0.000000 0.000000 0.000014 0.000000 0.000000 0.000000 0.000000 0.021442 
0.000000 0.037568 0.000000 0.068630 0.000000 0.025269 0.000000 0.000002 0.643834 0.000000 0.000000 0.000019 0.000000 0.000000 0.000000 0.000000 0.224678 
0.000000 0.000000 0.000000 0.070446 0.024233 0.350064 0.000000 0.038137 0.200071 0.000000 0.000000 0.317035 0.000000 0.000000 0.000000 0.000000 0.000013 
0.000000 0.000000 0.000000 0.063839 0.016215 0.489104 0.000000 0.006403 0.060449 0.000000 0.000000 0.363969 0.000000 0.000000 0.000000 0.000000 0.000019 
0.015304 0.000000 0.000000 0.117971 0.000000 0.000000 0.000000 0.012174 0.016532 0.000000 0.000000 0.010655 0.000000 0.811095 0.000000 0.000000 0.016269 
0.000000 0.000000 0.000000 0.140332 0.000000 0.145244 0.000000 0.076153 0.236381 0.000000 0.000000 0.114480 0.000000 0.000000 0.000000 0.223910 0.063499 
0.000000 0.000000 0.083045 0.107478 0.000000 0.021414 0.000000 0.005477 0.000024 0.017819 0.000000 0.460417 0.000000 0.129465 0.155459 0.000000 0.019401 
0.000000 0.000000 0.000000 0.180632 0.000000 0.145799 0.110182 0.077123 0.236816 0.000000 0.000000 0.111086 0.000000 0.000000 0.000000 0.118389 0.019974 
0.000000 0.000000 0.000000 0.129559 0.000000 0.000000 0.013986 0.000002 0.826092 0.000000 0.000000 0.012962 0.000000 0.000000 0.000000 0.000000 0.017398 
0.000000 0.000000 0.209392 0.191564 0.000000 0.000000 0.000000 0.273459 0.248749 0.000000 0.000000 0.000025 0.000000 0.000000 0.000000 0.040699 0.036112 
0.000000 0.000000 0.098924 0.288865 0.000000 0.000000 0.000000 0.365437 0.082188 0.000000 0.000000 0.000019 0.000000 0.147602 0.016945 0.000000 0.000019 
0.000000 0.000000 0.211114 0.252102 0.000000 0.000000 0.000000 0.100670 0.000025 0.067653 0.000000 0.327775 0.000000 0.000000 0.000000 0.000000 0.040661 
0.000000 0.000000 0.111858 0.551841 0.000000 0.000000 0.000000 0.046710 0.120542 0.000000 0.000000 0.024421 0.000000 0.061028 0.000000 0.054569 0.029031 
0.000000 0.000000 0.168689 0.057601 0.000000 0.000000 0.041045 0.000002 0.000023 0.000000 0.000000 0.014830 0.000000 0.000000 0.717791 0.000000 0.000018 
0.000000 0.000000 0.000000 0.345527 0.000000 0.000000 0.060039 0.385083 0.156592 0.000000 0.000000 0.000023 0.000000 0.000000 0.012594 0.000000 0.040143 
0.000000 0.000000 0.000000 0.239635 0.000000 0.009721 0.000000 0.265912 0.015299 0.000000 0.000000 0.000018 0.000000 0.000000 0.469397 0.000000 0.000018 
0.000000 0.000000 0.000000 0.258210 0.000000 0.000000 0.016817 0.462957 0.203295 0.017857 0.000000 0.000021 0.000000 0.000000 0.020494 0.000000 0.020350 
0.000000 0.000000 0.000000 0.021024 0.000000 0.000000 0.000000 0.000002 0.025384 0.000000 0.000000 0.000018 0.000000 0.000000 0.953554 0.000000 0.000017 
0.000000 0.000000 0.000000 0.044727 0.013879 0.000000 0.000000 0.000002 0.324709 0.000000 0.000000 0.020367 0.000000 0.000000 0.574657 0.000000 0.021658 
0.000000 0.000000 0.179701 0.058279 0.000000 0.000000 0.043991 0.000002 0.007021 0.000000 0.000000 0.040428 0.000000 0.117140 0.372798 0.000000 0.180640 
0.000000 0.000000 0.000000 0.166882 0.000000 0.021619 0.000000 0.000002 0.456644 0.000000 0.000000 0.000019 0.000000 0.162972 0.166344 0.000000 0.025517 
0.000000 0.000000 0.000000 0.135010 0.000000 0.000000 0.000000 0.000003 0.019938 0.031027 0.000000 0.700687 0.001039 0.000000 0.000000 0.034102 0.078193 
0.016625 0.000000 0.604044 0.166639 0.000000 0.000000 0.000000 0.051443 0.005941 0.000000 0.000000 0.042910 0.000000 0.000000 0.000000 0.092593 0.019805 
0.000000 0.000000 0.000000 0.154047 0.000000 0.000000 0.000000 0.000002 0.789721 0.014422 0.000000 0.030565 0.000000 0.000000 0.011223 0.000000 0.000020 
0.000000 0.000000 0.000000 0.363961 0.000000 0.000000 0.000000 0.459939 0.116767 0.000000 0.000000 0.019233 0.000000 0.011465 0.018127 0.000000 0.010508 
0.000000 0.000000 0.689001 0.172676 0.016932 0.000000 0.000000 0.011138 0.005060 0.000000 0.000000 0.087778 0.000000 0.000000 0.000000 0.000000 0.017414 
