-391634.627267
0
0.000000 0.000000 0.000000 0.000000 0.000000 0.000642 0.000000 0.000000 0.008391 0.002067 0.000000 0.001996 0.000000 0.000000 0.000000 0.000000 0.000001 0.000000 0.000002 0.000942 0.000000 0.000000 0.000000 0.000000 0.000000 0.000000 0.000000 0.000000 0.000000 0.000000 0.000000 0.000000 0.009128 0.000000 0.004484 0.007357 0.000000 0.000000 0.000000 0.000000 0.000005 0.000000 0.000000 0.000353 0.000000 0.000001 0.000004 0.000000 0.002014 0.000001 0.000000 0.000002 0.000000 0.000000 0.000000 0.000872 0.006312 0.000001 0.000000 0.000004 0.000000 0.000000 0.000000 0.000519 0.000002 0.000000 0.000004 0.000002 0.000000 0.000000 0.000887 0.000000 0.016175 0.004768 0.001415 0.011695 0.042198 0.000000 0.001520 0.072733 0.449180 0.069029 0.041155 0.244125 0.000000 0.000000 0.000000 0.000000 0.000001 0.000006 0.000000 0.000003 0.000000 0.000000 0.000001 0.000000 
0.000000 0.000000 0.000000 0.010176 0.000000 0.001256 0.000000 0.000000 0.000002 0.000009 0.000000 0.006232 0.000000 0.000000 0.000000 0.000000 0.003384 0.002135 0.000002 0.001070 0.000000 0.002950 0.001905 0.016116 0.000713 0.000000 0.000000 0.015135 0.000000 0.000000 0.000000 0.000000 0.000019 0.000000 0.003759 0.000406 0.000000 0.000000 0.000000 0.000000 0.000694 0.002415 0.000000 0.000003 0.000000 0.001022 0.004620 0.019842 0.000000 0.000952 0.000000 0.006084 0.000000 0.000000 0.000000 0.001574 0.000000 0.006709 0.018088 0.014202 0.000000 0.000000 0.000000 0.000000 0.003217 0.011239 0.004575 0.014139 0.000000 0.001918 0.000000 0.003050 0.047396 0.010759 0.003334 0.353052 0.000000 0.000000 0.000000 0.000000 0.000000 0.012007 0.242718 0.041167 0.000000 0.000000 0.000000 0.001376 0.003804 0.008466 0.006011 0.011666 0.000000 0.009823 0.001839 0.066967 
0.000619 0.000000 0.000000 0.000000 0.000000 0.000000 0.000000 0.000000 0.000002 0.020978 0.000000 0.003761 0.001019 0.000452 0.002274 0.004913 0.000000 0.000000 0.000714 0.000960 0.000000 0.000000 0.001339 0.000000 0.000000 0.000000 0.000000 0.000000 0.000000 0.000000 0.000000 0.000000 0.085248 0.109000 0.019918 0.079313 0.000000 0.001111 0.000000 0.001036 0.001649 0.000000 0.000000 0.005480 0.000000 0.000707 0.000758 0.000000 0.000000 0.000001 0.000000 0.000002 0.000000 0.000000 0.000000 0.000000 0.000000 0.020683 0.000000 0.014555 0.000000 0.000000 0.000000 0.000000 0.000267 0.000000 0.001729 0.009764 0.000000 0.000000 0.001512 0.000000 0.000001 0.001328 0.000000 0.000001 0.000000 0.000000 0.000000 0.000000 0.119893 0.287611 0.102771 0.084964 0.000000 0.001106 0.001163 0.001915 0.001888 0.000534 0.002253 0.003456 0.000000 0.001002 0.000351 0.000000 
0.002374 0.002171 0.000000 0.000000 0.000000 0.001224 0.000000 0.000000 0.032286 0.017815 0.155324 0.016108 0.000362 0.002561 0.000000 0.004487 0.011520 0.005670 0.018287 0.005428 0.000000 0.001557 0.000000 0.003534 0.006113 0.013993 0.006250 0.039269 0.000000 0.000000 0.000000 0.000000 0.010041 0.010566 0.110411 0.006040 0.000000 0.002180 0.000000 0.000000 0.006172 0.004019 0.021285 0.002179 0.000000 0.003470 0.003168 0.009150 0.002572 0.005829 0.000000 0.006134 0.000000 0.003010 0.000000 0.000000 0.057279 0.063673 0.145883 0.044914 0.000000 0.001710 0.000000 0.000227 0.014151 0.006373 0.008960 0.007347 0.000000 0.001011 0.000000 0.002148 0.000000 0.004643 0.001627 0.000001 0.000000 0.000000 0.000000 0.000000 0.000000 0.000000 0.048949 0.001794 0.000000 0.000000 0.000000 0.000000 0.008390 0.003535 0.012352 0.003049 0.000000 0.001446 0.001204 0.006774 
0.039935 0.027348 0.033314 0.017600 0.010021 0.000943 0.003305 0.000000 0.010290 0.005430 0.000000 0.000002 0.000000 0.000000 0.004746 0.000000 0.000001 0.000000 0.007372 0.000005 0.000000 0.000000 0.000000 0.000000 0.053615 0.093781 0.014021 0.053946 0.010606 0.007485 0.006871 0.007653 0.023787 0.015965 0.009029 0.005799 0.000000 0.004064 0.043692 0.000000 0.007199 0.000000 0.015432 0.000043 0.000000 0.001307 0.004281 0.000000 0.047358 0.055138 0.047245 0.029303 0.006599 0.013259 0.010558 0.005705 0.005285 0.008908 0.000000 0.006363 0.007091 0.000000 0.009930 0.000000 0.003590 0.000000 0.004221 0.000004 0.000000 0.000000 0.000000 0.000000 0.040156 0.080872 0.014251 0.045659 0.000000 0.010809 0.000000 0.000000 0.000000 0.000000 0.000000 0.000073 0.000000 0.000000 0.007354 0.000000 0.000003 0.001375 0.000000 0.000003 0.000000 0.000000 0.000001 0.000000 
0.000000 0.000000 0.000000 0.000000 0.000000 0.000000 0.000000 0.000000 0.001318 0.002926 0.000000 0.000002 0.012656 0.000000 0.007092 0.019102 0.028119 0.011663 0.019611 0.029088 0.053688 0.008499 0.004890 0.023893 0.000000 0.000000 0.000000 0.000000 0.000000 0.000000 0.000000 0.000000 0.004795 0.000813 0.000003 0.000733 0.005293 0.000000 0.000000 0.000000 0.022981 0.013344 0.022424 0.042326 0.035311 0.009025 0.016328 0.087667 0.003423 0.005845 0.000000 0.004481 0.000000 0.003238 0.000000 0.002798 0.000000 0.000001 0.000000 0.007460 0.000000 0.000000 0.000000 0.000000 0.005916 0.014909 0.014146 0.018449 0.007286 0.000000 0.004533 0.023822 0.022609 0.000013 0.000001 0.036529 0.000000 0.000000 0.000000 0.002473 0.000000 0.000000 0.000000 0.001507 0.023239 0.000000 0.021144 0.011290 0.019303 0.020756 0.012565 0.045486 0.079391 0.008543 0.012033 0.083220 
0.008502 0.000000 0.000000 0.000000 0.037559 0.014938 0.007400 0.044260 0.021444 0.014402 0.000000 0.016401 0.000000 0.003432 0.003944 0.000000 0.029006 0.014674 0.029184 0.027674 0.000000 0.002490 0.010249 0.007573 0.000000 0.000000 0.001656 0.000000 0.025531 0.020359 0.007412 0.041894 0.023431 0.006498 0.000002 0.011105 0.000000 0.000000 0.006701 0.004417 0.015201 0.017960 0.019462 0.018868 0.000000 0.006071 0.016620 0.000000 0.000000 0.002049 0.000000 0.002609 0.016139 0.015144 0.000000 0.027222 0.027180 0.013043 0.000000 0.018715 0.001424 0.003200 0.005160 0.003137 0.012005 0.009626 0.012784 0.014536 0.000000 0.004990 0.019288 0.007182 0.000001 0.020040 0.003536 0.000001 0.021781 0.032149 0.006061 0.043127 0.000000 0.000000 0.000000 0.001185 0.000000 0.004317 0.007190 0.007498 0.018179 0.017334 0.013582 0.015207 0.000000 0.010053 0.011529 0.015477 
0.045969 0.043749 0.003114 0.042564 0.004480 0.006208 0.000000 0.000000 0.022127 0.002725 0.011368 0.019705 0.022816 0.015933 0.019635 0.025168 0.018747 0.007141 0.006987 0.016640 0.000000 0.000000 0.005964 0.000000 0.046156 0.030081 0.000000 0.032194 0.003248 0.003906 0.000000 0.000000 0.001305 0.000000 0.002437 0.029885 0.017589 0.026676 0.020522 0.034802 0.000519 0.010957 0.000000 0.008581 0.000000 0.001316 0.001126 0.000000 0.032818 0.022676 0.000000 0.029645 0.002016 0.001052 0.000864 0.001442 0.000000 0.000000 0.000000 0.000002 0.012512 0.010459 0.014450 0.021253 0.007970 0.004984 0.003524 0.004947 0.001993 0.000000 0.003983 0.001905 0.040014 0.015694 0.002333 0.044061 0.000000 0.000000 0.000000 0.000000 0.000000 0.000000 0.000000 0.011235 0.022658 0.014758 0.005949 0.030916 0.004714 0.004067 0.000000 0.006603 0.000000 0.000000 0.006167 0.000000 
0.000017 0.000005 0.693679 0.022177 0.047994 0.000241 0.069872 0.166015 
0.000024 0.535979 0.140297 0.216540 0.000005 0.000253 0.044426 0.062475 
0.033425 0.567526 0.178116 0.090350 0.000006 0.000277 0.080831 0.049469 
0.000018 0.000008 0.075419 0.707461 0.118534 0.054237 0.020958 0.023366 
0.000015 0.113235 0.042632 0.429892 0.000005 0.000288 0.083534 0.330397 
0.000014 0.000007 0.079925 0.126887 0.289789 0.112050 0.233073 0.158254 
0.659043 0.185067 0.032735 0.010929 0.097832 0.000110 0.003488 0.010796 
0.287017 0.000007 0.128408 0.148974 0.000005 0.242722 0.009119 0.183748 
0.050136 0.000004 0.080023 0.012330 0.175829 0.102222 0.327652 0.251804 
0.000022 0.000007 0.324250 0.001819 0.000005 0.041922 0.393063 0.238912 
0.027102 0.048327 0.027267 0.239605 0.150121 0.019797 0.085538 0.402242 
0.016008 0.000006 0.014563 0.002258 0.000006 0.112202 0.485589 0.369369 
0.000024 0.000004 0.791588 0.143767 0.000002 0.030384 0.022084 0.012147 
0.000023 0.000007 0.060284 0.040470 0.253049 0.033408 0.227304 0.385454 
0.000029 0.098037 0.078065 0.364227 0.329542 0.000193 0.060026 0.069880 
0.000020 0.000007 0.045027 0.147072 0.000005 0.039751 0.479176 0.288941 
0.000017 0.623773 0.244008 0.068577 0.000004 0.013402 0.001634 0.048585 
0.397424 0.053099 0.057414 0.353931 0.000005 0.028229 0.021761 0.088137 
0.000024 0.053159 0.081693 0.100871 0.000006 0.194922 0.294857 0.274467 
0.119341 0.046906 0.146207 0.236525 0.000005 0.000292 0.163272 0.287452 
0.025391 0.000004 0.023792 0.047626 0.061834 0.471348 0.126317 0.243688 
0.165602 0.091665 0.073287 0.158311 0.000005 0.037909 0.120615 0.352607 
0.000024 0.000005 0.070843 0.496360 0.000005 0.027998 0.004604 0.400162 
0.000018 0.356616 0.320674 0.229786 0.000006 0.000280 0.001261 0.091360 
0.000026 0.000006 0.063453 0.374807 0.144617 0.092749 0.163713 0.160629 
0.000023 0.000006 0.428242 0.132695 0.000005 0.271734 0.044912 0.122383 
0.020690 0.000007 0.002210 0.854622 0.000005 0.000260 0.041624 0.080583 
0.051482 0.000005 0.049018 0.014753 0.054810 0.028831 0.606551 0.194550 
0.012187 0.056670 0.094888 0.042286 0.114542 0.060559 0.391823 0.227045 
0.000020 0.027663 0.041656 0.208379 0.000004 0.428232 0.091791 0.202254 
0.000024 0.524981 0.066597 0.013593 0.000005 0.000372 0.205277 0.189151 
0.013905 0.000007 0.097169 0.078998 0.061385 0.117366 0.362614 0.268556 
0.043883 0.050403 0.044232 0.521489 0.000005 0.071345 0.050390 0.218253 
0.398475 0.000005 0.560598 0.016350 0.000005 0.000090 0.013006 0.011470 
0.000025 0.111854 0.098065 0.644307 0.000004 0.000363 0.048972 0.096409 
0.000020 0.000005 0.294176 0.182723 0.055433 0.043258 0.015564 0.408822 
0.226633 0.000004 0.009332 0.285043 0.192514 0.000079 0.147053 0.139343 
0.008660 0.099010 0.019588 0.040597 0.000004 0.038098 0.195927 0.598115 
0.023993 0.502951 0.010361 0.266008 0.035045 0.000154 0.028368 0.133120 
0.006449 0.000005 0.001421 0.003034 0.000006 0.013996 0.573607 0.401482 
0.671581 0.249031 0.003109 0.018637 0.000004 0.012083 0.015316 0.030238 
0.554395 0.008770 0.033898 0.004429 0.258223 0.000124 0.088037 0.052124 
0.000019 0.030846 0.090180 0.126307 0.000006 0.000318 0.431894 0.320431 
0.067426 0.000010 0.019286 0.841448 0.000008 0.000165 0.001602 0.070055 
0.035860 0.000004 0.264278 0.040155 0.000005 0.072746 0.381491 0.205460 
0.031905 0.433572 0.084685 0.073069 0.000003 0.332307 0.002896 0.041564 
0.049251 0.356967 0.048729 0.191694 0.197159 0.042072 0.007223 0.106906 
0.000018 0.000006 0.762620 0.021164 0.000003 0.013250 0.112300 0.090639 
0.000005 0.000005 0.001580 0.462809 0.000005 0.036786 0.142227 0.356582 
0.000016 0.000006 0.891946 0.001864 0.036343 0.000527 0.044686 0.024611 
0.000015 0.233536 0.214520 0.004213 0.000005 0.018316 0.158755 0.370640 
0.041776 0.008532 0.001316 0.576762 0.000005 0.000253 0.112538 0.258818 
0.000015 0.015689 0.015306 0.014525 0.627669 0.000144 0.069822 0.256830 
0.226504 0.000005 0.005623 0.649763 0.052350 0.000104 0.036328 0.029323 
0.310034 0.125573 0.099937 0.052899 0.000005 0.045456 0.130021 0.236076 
0.000024 0.000006 0.103658 0.392306 0.181916 0.028058 0.007683 0.286348 
0.000021 0.000003 0.291215 0.114077 0.015623 0.138083 0.206522 0.234456 
0.000011 0.000007 0.078449 0.022155 0.314903 0.055701 0.194748 0.334026 
0.000020 0.253635 0.211309 0.511801 0.000005 0.000341 0.003889 0.019000 
0.000021 0.021593 0.077714 0.705434 0.079046 0.000250 0.061766 0.054177 
0.027435 0.000005 0.025771 0.068394 0.087836 0.581901 0.066429 0.142229 
0.226801 0.043929 0.225601 0.436450 0.000005 0.031033 0.002493 0.033689 
0.112490 0.093419 0.039871 0.524584 0.000006 0.176501 0.021649 0.031481 
0.016432 0.000005 0.001134 0.020353 0.000004 0.317087 0.098475 0.546510 
0.000023 0.223559 0.248611 0.339789 0.000007 0.039531 0.020976 0.127504 
0.192117 0.104940 0.057086 0.314648 0.022605 0.070373 0.149923 0.088308 
0.000021 0.109133 0.052137 0.123322 0.022911 0.254166 0.162801 0.275509 
0.000030 0.238611 0.041435 0.083524 0.275245 0.021973 0.161568 0.177615 
0.282796 0.000005 0.434332 0.003326 0.000005 0.122765 0.034726 0.122047 
0.092535 0.000008 0.027466 0.019634 0.000004 0.036444 0.456527 0.367381 
0.000023 0.000005 0.094695 0.150639 0.026441 0.086300 0.264899 0.376996 
0.048194 0.000007 0.008651 0.514117 0.037482 0.034441 0.239903 0.117204 
0.157391 0.081234 0.434540 0.019578 0.110559 0.036281 0.069176 0.091241 
0.377968 0.044258 0.267382 0.003328 0.000005 0.000486 0.191300 0.115272 
0.454405 0.000007 0.002190 0.004300 0.023622 0.030494 0.179540 0.305442 
0.000026 0.000007 0.064703 0.608611 0.077971 0.015120 0.081766 0.151796 
0.000017 0.000006 0.720143 0.004926 0.108317 0.019934 0.058657 0.088000 
0.000022 0.000004 0.034280 0.028317 0.000006 0.052578 0.457466 0.427327 
0.032302 0.000006 0.035527 0.038177 0.000005 0.023177 0.463856 0.406949 
0.000020 0.036898 0.109419 0.506347 0.000005 0.044652 0.130251 0.172408 
0.030668 0.087808 0.698052 0.027059 0.000004 0.035518 0.102586 0.018305 
0.000034 0.000005 0.021703 0.010617 0.089255 0.028898 0.417647 0.431840 
0.060869 0.145318 0.072374 0.097798 0.059777 0.143675 0.241503 0.178686 
0.000009 0.000007 0.122563 0.620043 0.000005 0.000180 0.094793 0.162400 
0.000015 0.000003 0.025708 0.011019 0.624251 0.000066 0.081969 0.256969 
0.000017 0.000007 0.157040 0.160184 0.380464 0.000110 0.104779 0.197399 
0.036706 0.000006 0.035570 0.039738 0.040456 0.077725 0.497055 0.272744 
0.000015 0.000007 0.022800 0.813296 0.051561 0.043825 0.004958 0.063538 
0.000007 0.517475 0.004978 0.133188 0.056437 0.038845 0.043464 0.205607 
0.000025 0.501461 0.042952 0.169986 0.000005 0.104331 0.090283 0.090957 
0.023789 0.000009 0.085282 0.682008 0.000005 0.000221 0.051384 0.157302 
0.000017 0.047362 0.812088 0.038001 0.000005 0.000357 0.005499 0.096672 
0.000015 0.509800 0.023002 0.009534 0.077319 0.012350 0.120307 0.247673 
0.048614 0.057802 0.298429 0.060928 0.000005 0.034681 0.046889 0.452652 
0.000020 0.015722 0.030531 0.914020 0.013491 0.000178 0.001748 0.024289 
0.038794 0.000005 0.141322 0.060996 0.000005 0.032210 0.225183 0.501487 
0.019911 0.000004 0.058942 0.253232 0.040042 0.090883 0.389482 0.147504 
0.000004 0.000004 0.019310 0.061700 0.000005 0.527991 0.124428 0.266559 
0.000017 0.063942 0.255963 0.012904 0.000005 0.049427 0.364061 0.253680 
0.000020 0.000008 0.552143 0.349524 0.000004 0.000282 0.002172 0.095847 
0.010861 0.000005 0.031449 0.059251 0.504031 0.035564 0.126486 0.232354 
0.102887 0.000005 0.289143 0.019597 0.330883 0.000114 0.044622 0.212750 
0.034727 0.000005 0.409167 0.115849 0.289077 0.000192 0.031354 0.119629 
0.119098 0.016224 0.004431 0.046430 0.000004 0.352682 0.205727 0.255406 
0.132138 0.056332 0.011404 0.062210 0.000005 0.023109 0.068428 0.646373 
0.000026 0.357900 0.067244 0.420940 0.000004 0.050673 0.036391 0.066822 
0.667853 0.000007 0.080596 0.123606 0.000006 0.000600 0.091889 0.035444 
0.000017 0.230544 0.064650 0.053886 0.000005 0.030014 0.054736 0.566148 
0.000022 0.613125 0.077564 0.045626 0.000004 0.074777 0.142119 0.046763 
0.018488 0.122609 0.030711 0.036976 0.000005 0.034697 0.319594 0.436920 
0.000025 0.000005 0.062707 0.001608 0.028132 0.100182 0.524912 0.282428 
0.025897 0.000007 0.156941 0.045893 0.270433 0.000335 0.235463 0.265032 
0.000021 0.037718 0.136904 0.638025 0.000005 0.038792 0.058461 0.090073 
0.000012 0.128159 0.073458 0.039748 0.153294 0.040370 0.064767 0.500192 
0.368245 0.000005 0.076383 0.025335 0.000006 0.129470 0.208544 0.192011 
0.023653 0.591284 0.047550 0.050199 0.000005 0.050640 0.101618 0.135050 
0.011438 0.000006 0.023766 0.017945 0.089313 0.041995 0.128463 0.687073 
0.000008 0.000006 0.029804 0.106273 0.000004 0.485220 0.083082 0.295603 
0.000021 0.000005 0.483097 0.050999 0.200243 0.063895 0.029449 0.172291 
0.000021 0.000007 0.372060 0.473128 0.033743 0.021437 0.006464 0.093139 
0.000021 0.000006 0.347744 0.020249 0.333694 0.027427 0.084965 0.185895 
0.000024 0.522590 0.050415 0.073593 0.000005 0.071068 0.155500 0.126805 
0.126644 0.000003 0.068869 0.345190 0.041498 0.091525 0.139815 0.186455 
0.000027 0.000004 0.129623 0.146142 0.574490 0.000093 0.036388 0.113233 
0.445391 0.018237 0.098624 0.102826 0.000006 0.000198 0.163165 0.171554 
0.000012 0.000007 0.000729 0.083893 0.045216 0.058950 0.160302 0.650890 
0.072544 0.000006 0.014650 0.002173 0.046854 0.064646 0.474326 0.324801 
0.000027 0.000005 0.053176 0.090414 0.029726 0.544056 0.138761 0.143835 
0.000012 0.000006 0.041886 0.073629 0.385937 0.043672 0.105431 0.349426 
0.312919 0.000004 0.251695 0.044104 0.000004 0.035089 0.177782 0.178403 
0.041694 0.000006 0.118793 0.046488 0.000004 0.065097 0.106097 0.621821 
0.000027 0.096484 0.053124 0.026031 0.500493 0.024156 0.170770 0.128915 
0.059744 0.000007 0.050611 0.286765 0.000004 0.459702 0.036428 0.106739 
0.040686 0.016958 0.040830 0.144020 0.000005 0.000157 0.163343 0.594002 
0.013349 0.032273 0.029450 0.808734 0.049229 0.014119 0.015044 0.037803 
0.000013 0.000003 0.161384 0.090512 0.000004 0.031108 0.336410 0.380564 
0.071791 0.018479 0.002849 0.091938 0.000005 0.530742 0.027432 0.256763 
0.020047 0.000007 0.052451 0.064992 0.239292 0.130880 0.130848 0.361482 
0.012266 0.057000 0.076163 0.655167 0.000005 0.000159 0.053971 0.145269 
0.022834 0.000004 0.029199 0.177987 0.000005 0.040849 0.268015 0.461105 
0.032629 0.000004 0.909291 0.002311 0.000005 0.006168 0.011286 0.038306 
0.000017 0.000009 0.750013 0.020235 0.000006 0.000238 0.046550 0.182933 
0.000030 0.000005 0.044327 0.019489 0.000005 0.310792 0.394972 0.230380 
0.000022 0.000004 0.079983 0.341364 0.035684 0.139001 0.251807 0.152135 
0.000021 0.010835 0.388425 0.024952 0.000004 0.147828 0.230185 0.197750 
0.000018 0.000005 0.091666 0.047816 0.062319 0.149228 0.387535 0.261412 
0.000004 0.025073 0.013225 0.844883 0.000006 0.000134 0.001845 0.114831 
0.231983 0.000007 0.506222 0.025148 0.000006 0.085097 0.063420 0.088118 
0.000022 0.591991 0.107074 0.060181 0.000006 0.054416 0.076356 0.109954 
0.241766 0.026597 0.133885 0.010322 0.061337 0.124784 0.188066 0.213243 
0.000010 0.000005 0.013843 0.072561 0.000005 0.034043 0.128932 0.750600 
0.315106 0.000006 0.362432 0.076286 0.000005 0.021996 0.050882 0.173288 
0.025460 0.385962 0.016317 0.352574 0.048055 0.049054 0.024492 0.098086 
0.180818 0.101367 0.060920 0.442170 0.021815 0.015565 0.104454 0.072891 
0.000019 0.000007 0.214637 0.064599 0.263694 0.000284 0.167038 0.289721 
0.808279 0.000008 0.018975 0.087773 0.012937 0.000421 0.003833 0.067774 
0.004416 0.000009 0.001835 0.907285 0.037252 0.012314 0.011629 0.025259 
0.000028 0.000004 0.030077 0.033502 0.549403 0.009358 0.136085 0.241544 
0.000017 0.019156 0.027819 0.025314 0.441653 0.065732 0.068908 0.351402 
0.005211 0.767914 0.024271 0.086928 0.000002 0.109356 0.003703 0.002614 
0.940558 0.000003 0.030698 0.000932 0.000002 0.000215 0.023105 0.004486 
0.000023 0.000005 0.209255 0.068420 0.187370 0.253172 0.128482 0.153273 
0.548557 0.101397 0.016217 0.002481 0.000004 0.000173 0.167924 0.163247 
0.000018 0.548353 0.009325 0.023853 0.000005 0.077434 0.011743 0.329269 
0.007321 0.000004 0.001179 0.067720 0.000006 0.301807 0.116793 0.505171 
0.000024 0.695533 0.029360 0.085251 0.064681 0.000219 0.042322 0.082610 
0.025686 0.000007 0.027082 0.097063 0.158321 0.013601 0.119279 0.558961 
0.000026 0.000006 0.053756 0.020527 0.000006 0.053735 0.504366 0.367579 
0.022949 0.000006 0.033077 0.037468 0.515082 0.000220 0.065824 0.325373 
0.017129 0.861261 0.001459 0.078767 0.000005 0.034859 0.002663 0.003857 
0.000010 0.000007 0.053086 0.023171 0.101258 0.135800 0.420469 0.266199 
0.053407 0.000005 0.005871 0.073907 0.224954 0.016380 0.175412 0.450064 
0.000026 0.021406 0.085623 0.398977 0.027292 0.109909 0.104179 0.252588 
0.000018 0.048985 0.175942 0.176501 0.000004 0.377667 0.109182 0.111702 
0.036380 0.000007 0.025437 0.101543 0.000006 0.161251 0.375852 0.299524 
0.031101 0.000005 0.020199 0.127560 0.000004 0.550593 0.127253 0.143284 
0.000018 0.000007 0.028499 0.662186 0.000005 0.031771 0.147279 0.130234 
0.139175 0.037488 0.147038 0.281724 0.000006 0.000390 0.198603 0.195577 
0.033574 0.269789 0.420216 0.064201 0.000009 0.116383 0.036944 0.058884 
0.000024 0.000006 0.041281 0.047610 0.469666 0.028796 0.213103 0.199514 
0.019626 0.000008 0.000852 0.089847 0.000005 0.056676 0.118325 0.714661 
0.000020 0.000006 0.474210 0.018334 0.016185 0.133331 0.110925 0.246988 
0.000018 0.000008 0.161954 0.040267 0.055563 0.060673 0.461333 0.220183 
0.000017 0.000006 0.027092 0.134919 0.510613 0.000113 0.002059 0.325182 
0.000022 0.000008 0.431370 0.364010 0.009422 0.066727 0.062642 0.065799 
0.081265 0.047344 0.004741 0.819900 0.009151 0.014618 0.002477 0.020503 
0.000017 0.037270 0.025124 0.830486 0.065906 0.000133 0.035175 0.005890 
0.030444 0.203964 0.648391 0.017997 0.000005 0.031920 0.006442 0.060836 
0.000020 0.000004 0.059533 0.865761 0.017373 0.000136 0.001013 0.056160 
0.016974 0.043629 0.184587 0.106447 0.000006 0.469991 0.028849 0.149517 
0.061771 0.069377 0.002614 0.184181 0.072713 0.174427 0.126552 0.308364 
0.000021 0.134921 0.086696 0.265865 0.000005 0.090350 0.252841 0.169301 
0.000021 0.130671 0.058578 0.021001 0.489542 0.074471 0.049032 0.176684 
0.034404 0.000004 0.011640 0.098326 0.000006 0.576082 0.091912 0.187627 
0.706046 0.000008 0.056597 0.123696 0.000004 0.000264 0.029542 0.083843 
0.055491 0.000006 0.035848 0.035664 0.583057 0.010840 0.119548 0.159546 
0.593098 0.038364 0.019770 0.313386 0.000006 0.009121 0.004555 0.021700 
0.058106 0.053861 0.013927 0.643653 0.000005 0.000154 0.116815 0.113478 
0.000020 0.000007 0.242141 0.029674 0.039755 0.086524 0.368473 0.233407 
0.000018 0.410322 0.073529 0.137660 0.000005 0.072740 0.161708 0.144018 
0.325486 0.000004 0.123791 0.268174 0.108546 0.050057 0.006823 0.117121 
0.034256 0.069497 0.105317 0.015543 0.132071 0.000429 0.374698 0.268190 
0.000021 0.000008 0.153742 0.612763 0.000005 0.000263 0.002988 0.230209 
0.000015 0.336630 0.555052 0.102084 0.000004 0.000226 0.001571 0.004419 
0.000026 0.000008 0.071504 0.044169 0.028116 0.470779 0.146422 0.238976 
0.391826 0.128841 0.066528 0.164228 0.104190 0.000178 0.019100 0.125111 
0.372688 0.025127 0.173650 0.029898 0.035647 0.025862 0.111165 0.225962 
0.682972 0.000004 0.038245 0.043163 0.000005 0.000169 0.145284 0.090158 
0.086798 0.000008 0.051347 0.741677 0.049252 0.000231 0.037616 0.033070 
0.000022 0.000008 0.044120 0.818997 0.000005 0.000282 0.031423 0.105142 
0.000018 0.000011 0.570240 0.322163 0.000005 0.000371 0.068903 0.038289 
0.000025 0.103100 0.044410 0.106052 0.000004 0.486437 0.086594 0.173379 
0.000018 0.000008 0.001942 0.117470 0.000005 0.473724 0.221569 0.185264 
0.000022 0.000006 0.076078 0.605624 0.056021 0.015475 0.152250 0.094523 
0.000015 0.000006 0.138054 0.099696 0.026957 0.138137 0.382410 0.214725 
0.006205 0.000006 0.038258 0.021196 0.000005 0.052548 0.547482 0.334299 
0.021357 0.000006 0.003111 0.796538 0.000004 0.000253 0.060519 0.118213 
0.000007 0.000005 0.058977 0.068618 0.000005 0.065396 0.089534 0.717457 
0.057758 0.647237 0.048207 0.044766 0.000003 0.042711 0.001562 0.157756 
0.000023 0.737341 0.027683 0.062992 0.000005 0.085383 0.017190 0.069383 
0.000012 0.000007 0.015611 0.225185 0.000006 0.058894 0.099754 0.600532 
0.713284 0.000007 0.031810 0.220969 0.000004 0.000237 0.012102 0.021587 
0.020948 0.000008 0.001403 0.019281 0.000005 0.096857 0.245118 0.616380 
0.000021 0.064368 0.067035 0.419617 0.000005 0.065858 0.045947 0.337147 
0.012469 0.000005 0.044262 0.142774 0.272079 0.000318 0.145683 0.382410 
0.000020 0.000005 0.063599 0.030536 0.000004 0.086925 0.443696 0.375215 
0.030889 0.426823 0.170062 0.081346 0.024378 0.041305 0.155450 0.069747 
0.132812 0.000006 0.394837 0.294895 0.000004 0.035132 0.068819 0.073495 
0.036918 0.670308 0.013576 0.019758 0.000004 0.056397 0.117175 0.085865 
0.000015 0.345372 0.069986 0.378542 0.000005 0.000222 0.074475 0.131382 
0.026094 0.000006 0.019355 0.079501 0.000005 0.099266 0.050676 0.725096 
0.000025 0.000008 0.102860 0.078937 0.110034 0.066005 0.432464 0.209668 
0.030135 0.000006 0.796581 0.100433 0.000002 0.025096 0.001653 0.046094 
0.203333 0.668641 0.027918 0.050516 0.000003 0.006184 0.031388 0.012018 
0.080459 0.000004 0.139327 0.411630 0.038851 0.080002 0.087833 0.161894 
0.000017 0.000007 0.047195 0.083173 0.000005 0.477950 0.175527 0.216126 
0.028875 0.392422 0.357799 0.067730 0.023606 0.101932 0.001484 0.026153 
0.008561 0.000005 0.066397 0.869611 0.000004 0.027870 0.013359 0.014193 
0.000026 0.024103 0.114190 0.151707 0.085984 0.000223 0.392080 0.231687 
0.107451 0.618754 0.030916 0.061064 0.000006 0.000233 0.105236 0.076340 
0.000016 0.000006 0.049924 0.007438 0.000005 0.050663 0.478684 0.413265 
0.014359 0.037226 0.096889 0.309137 0.000005 0.023467 0.293352 0.225566 
0.000031 0.289271 0.021726 0.077118 0.000005 0.030407 0.109604 0.471837 
0.011697 0.034130 0.191803 0.375012 0.019787 0.042193 0.125785 0.199594 
0.000011 0.563888 0.006006 0.054624 0.054400 0.000287 0.232872 0.087912 
0.000019 0.015214 0.223780 0.701410 0.000005 0.000268 0.021644 0.037662 
0.000014 0.000004 0.935356 0.000883 0.000005 0.000125 0.013494 0.050119 
0.000009 0.334298 0.020186 0.065144 0.000005 0.408058 0.061044 0.111256 
0.011872 0.229153 0.077639 0.580910 0.000005 0.000140 0.001176 0.099106 
0.698393 0.000007 0.061842 0.028605 0.054817 0.000184 0.053514 0.102638 
0.000019 0.043374 0.086612 0.478405 0.000005 0.000269 0.214527 0.176790 
0.000015 0.162798 0.054846 0.017363 0.341565 0.000290 0.100785 0.322337 
0.659231 0.039509 0.049950 0.016942 0.077430 0.000456 0.057681 0.098801 
0.653612 0.000008 0.114246 0.001580 0.077382 0.000099 0.078993 0.074079 
0.000021 0.000005 0.249638 0.061114 0.320012 0.000598 0.054693 0.313918 
0.000025 0.000004 0.571621 0.380283 0.000005 0.000213 0.032848 0.015002 
0.227701 0.096143 0.114688 0.071692 0.000003 0.149038 0.113988 0.226747 
0.016179 0.000006 0.013223 0.121740 0.056281 0.504173 0.130466 0.157933 
0.087358 0.297659 0.006795 0.149658 0.000005 0.075934 0.241623 0.140968 
0.000024 0.000005 0.598911 0.053586 0.104998 0.007392 0.062780 0.172305 
0.774595 0.098183 0.015158 0.042210 0.000007 0.017022 0.026852 0.025972 
0.000009 0.000006 0.150487 0.078451 0.000006 0.534331 0.092454 0.144257 
0.000025 0.051923 0.149060 0.582065 0.082390 0.000246 0.068945 0.065346 
0.000020 0.017598 0.685020 0.225819 0.000005 0.000245 0.056000 0.015294 
0.000011 0.000007 0.009076 0.566716 0.258368 0.000329 0.013435 0.152058 
0.219982 0.000003 0.018145 0.029430 0.039610 0.044875 0.428740 0.219215 
0.122962 0.000007 0.030208 0.333278 0.381971 0.022779 0.030697 0.078097 
0.000025 0.000008 0.057813 0.318647 0.064106 0.026445 0.234040 0.298917 
0.000016 0.236957 0.244557 0.437598 0.000006 0.000211 0.002635 0.078021 
0.490889 0.000008 0.023339 0.354423 0.000005 0.028682 0.074754 0.027900 
0.000018 0.013944 0.723783 0.230482 0.000006 0.000063 0.010437 0.021266 
0.114800 0.516699 0.050531 0.002124 0.059226 0.050406 0.146119 0.060096 
0.161932 0.112579 0.198267 0.034063 0.033867 0.080470 0.087313 0.291508 
0.000016 0.000005 0.973259 0.000760 0.000005 0.008357 0.001527 0.016070 
0.021593 0.016348 0.065031 0.438735 0.000006 0.107837 0.155720 0.194731 
0.000022 0.000008 0.013968 0.024528 0.620475 0.000292 0.126897 0.213811 
0.022955 0.037363 0.017532 0.170635 0.000005 0.052346 0.426271 0.272891 
0.078655 0.000007 0.250481 0.120969 0.000005 0.022643 0.293692 0.233547 
0.000012 0.000005 0.052954 0.206239 0.000006 0.490009 0.086657 0.164118 
0.240167 0.000003 0.152076 0.108581 0.000005 0.072640 0.266852 0.159676 
0.063011 0.000009 0.041979 0.809635 0.068704 0.000193 0.003412 0.013056 
0.000014 0.000009 0.929595 0.000841 0.000004 0.022637 0.020773 0.026127 
0.088292 0.000007 0.021523 0.077438 0.000006 0.015680 0.323983 0.473071 
0.014496 0.000006 0.024714 0.126292 0.041891 0.652697 0.011224 0.128678 
0.240395 0.021624 0.097057 0.470066 0.000005 0.000195 0.048830 0.121828 
0.000009 0.075359 0.014711 0.061621 0.077873 0.106021 0.246801 0.417607 
0.233409 0.000004 0.034201 0.001771 0.459118 0.000216 0.177051 0.094230 
0.327336 0.000006 0.104516 0.051402 0.354390 0.000101 0.048007 0.114241 
0.096297 0.254193 0.051762 0.050264 0.000004 0.422971 0.002720 0.121789 
0.000027 0.281399 0.057208 0.227347 0.000005 0.204313 0.006012 0.223689 
0.013538 0.000005 0.001269 0.350923 0.000005 0.284505 0.046209 0.303547 
0.063427 0.000008 0.333021 0.009233 0.040583 0.087647 0.303948 0.162134 
0.000019 0.000007 0.035021 0.254276 0.000004 0.143752 0.119074 0.447847 
0.000008 0.593054 0.021210 0.037932 0.000005 0.238587 0.001746 0.107459 
0.000024 0.062970 0.095756 0.458218 0.013167 0.044996 0.141797 0.183071 
0.000026 0.000004 0.096316 0.110092 0.000006 0.070374 0.126498 0.596684 
0.027974 0.180594 0.109430 0.010196 0.314603 0.000312 0.201729 0.155162 
0.000025 0.000007 0.114211 0.067953 0.000004 0.077099 0.431720 0.308982 
0.000018 0.000007 0.130533 0.258738 0.030467 0.303772 0.147511 0.128953 
0.000027 0.023456 0.099759 0.345905 0.143648 0.000310 0.146576 0.240318 
0.000010 0.000006 0.084785 0.468291 0.000005 0.068895 0.208617 0.169391 
0.015180 0.000008 0.002562 0.063336 0.075914 0.052943 0.167539 0.622517 
0.028689 0.049044 0.065117 0.632885 0.000005 0.000187 0.114495 0.109578 
0.025113 0.000004 0.002873 0.078674 0.000005 0.064576 0.158723 0.670031 
0.010108 0.043818 0.073333 0.472707 0.000006 0.000202 0.088513 0.311313 
0.718309 0.018479 0.031568 0.026169 0.103995 0.000112 0.081618 0.019751 
0.430311 0.000006 0.014464 0.055741 0.326947 0.000082 0.014697 0.157750 
0.000030 0.163377 0.029710 0.078617 0.000004 0.056170 0.050998 0.621093 
0.000020 0.306274 0.256053 0.234114 0.000006 0.028751 0.098757 0.076025 
0.050640 0.000006 0.289498 0.088812 0.000005 0.038876 0.248222 0.283941 
0.062801 0.000004 0.556269 0.252602 0.000006 0.025046 0.048931 0.054342 
0.000019 0.000003 0.070902 0.002310 0.092874 0.039207 0.456051 0.338634 
0.110790 0.000005 0.052588 0.051855 0.000005 0.407403 0.128590 0.248763 
0.000020 0.000007 0.046483 0.185916 0.075993 0.049708 0.313089 0.328784 
0.000016 0.000008 0.086425 0.586273 0.034503 0.015099 0.043910 0.233765 
0.000008 0.279938 0.023311 0.012611 0.000005 0.022265 0.366956 0.294905 
0.000020 0.000005 0.624221 0.047524 0.046507 0.000246 0.114100 0.167376 
0.082516 0.000006 0.078531 0.317487 0.000006 0.023992 0.267582 0.229880 
0.000014 0.000009 0.578305 0.204073 0.000006 0.027905 0.028896 0.160792 
0.000022 0.000006 0.365889 0.097413 0.000004 0.035481 0.299136 0.202048 
0.000030 0.000009 0.019915 0.933517 0.000005 0.000348 0.006458 0.039718 
0.750986 0.000003 0.138147 0.007922 0.052477 0.000094 0.025489 0.024883 
0.054324 0.410783 0.043082 0.021517 0.254886 0.000192 0.065890 0.149326 
0.000019 0.190998 0.009082 0.065581 0.000003 0.444627 0.025348 0.264342 
0.924967 0.000007 0.025692 0.027704 0.000003 0.000453 0.005418 0.015756 
0.000028 0.630512 0.057414 0.119212 0.000004 0.069018 0.043955 0.079856 
0.000026 0.228890 0.107488 0.045500 0.000006 0.111220 0.288903 0.217968 
0.015269 0.000004 0.049953 0.162161 0.045535 0.043725 0.360278 0.323075 
0.000019 0.000004 0.363663 0.575741 0.000005 0.012453 0.000924 0.047191 
0.000011 0.000004 0.061621 0.044529 0.072732 0.065597 0.332680 0.422826 
0.090774 0.000008 0.213395 0.093359 0.000006 0.091680 0.110022 0.400757 
0.000019 0.000007 0.518865 0.230281 0.000005 0.100961 0.055546 0.094315 
0.000019 0.000005 0.022273 0.103998 0.469601 0.000211 0.108885 0.295009 
0.000020 0.039082 0.049141 0.738710 0.000004 0.000163 0.034264 0.138616 
0.000017 0.000007 0.076732 0.134089 0.000004 0.190058 0.340545 0.258548 
0.000023 0.000006 0.055311 0.239680 0.000004 0.409985 0.138538 0.156453 
0.077705 0.025481 0.120179 0.211565 0.000005 0.080760 0.244820 0.239485 
0.044093 0.542480 0.130859 0.073901 0.000008 0.000329 0.144121 0.064207 
0.000005 0.000008 0.011361 0.133454 0.044295 0.014701 0.345768 0.450408 
0.000002 0.000008 0.000800 0.558386 0.283306 0.000334 0.088176 0.068989 
0.000015 0.000006 0.048010 0.040457 0.121561 0.032520 0.170875 0.586556 
0.192370 0.265615 0.016466 0.147484 0.000005 0.000204 0.247347 0.130508 
0.239576 0.038882 0.244319 0.148615 0.000006 0.071183 0.138056 0.119364 
0.000023 0.000005 0.449683 0.011333 0.256579 0.081727 0.112248 0.088401 
0.000022 0.000005 0.027607 0.041352 0.546791 0.020488 0.093964 0.269769 
0.000017 0.000005 0.196822 0.148156 0.054566 0.173404 0.196418 0.230612 
0.715333 0.009522 0.009098 0.025967 0.000005 0.045778 0.099725 0.094572 
0.000016 0.046064 0.005735 0.026794 0.000005 0.024493 0.199877 0.697015 
0.774156 0.014574 0.025705 0.072702 0.053237 0.019991 0.030929 0.008707 
0.000021 0.053466 0.663395 0.012412 0.000004 0.021554 0.048984 0.200164 
0.000032 0.000006 0.018341 0.047877 0.000006 0.233013 0.255594 0.445131 
0.000014 0.000004 0.022881 0.561984 0.126691 0.000215 0.092077 0.196134 
0.000023 0.239738 0.706360 0.018241 0.000003 0.000253 0.028051 0.007331 
0.000028 0.000005 0.021119 0.032990 0.000006 0.034028 0.551298 0.360526 
0.000026 0.000005 0.025964 0.045829 0.000005 0.177221 0.280247 0.470703 
0.031184 0.012818 0.276381 0.245441 0.000004 0.097407 0.166782 0.169983 
0.098017 0.031122 0.034483 0.127297 0.033330 0.368365 0.166446 0.140940 
0.214565 0.000008 0.079039 0.127455 0.000005 0.127468 0.264578 0.186882 
0.000019 0.136886 0.040956 0.184807 0.042694 0.376013 0.104404 0.114223 
0.059355 0.324035 0.047985 0.099971 0.000004 0.000206 0.298333 0.170112 
0.000022 0.038303 0.044847 0.076659 0.084417 0.105753 0.293913 0.356087 
0.000018 0.000008 0.068373 0.056914 0.000004 0.582673 0.008766 0.283244 
0.000031 0.000003 0.044993 0.082794 0.220431 0.034527 0.331436 0.285785 
0.041322 0.000003 0.004820 0.019689 0.023949 0.055830 0.027332 0.827055 
0.157745 0.000005 0.102256 0.043034 0.000004 0.443715 0.080337 0.172903 
0.416752 0.000003 0.023272 0.007311 0.340393 0.000052 0.032890 0.179327 
0.528523 0.149926 0.017559 0.175157 0.000004 0.000168 0.061716 0.066947 
0.000018 0.318383 0.048339 0.221168 0.000005 0.014627 0.201181 0.196280 
0.000022 0.000006 0.075593 0.168952 0.190976 0.100215 0.211628 0.252609 
0.000022 0.000006 0.058049 0.077742 0.121553 0.453924 0.080768 0.207936 
0.000025 0.000007 0.051565 0.114234 0.000005 0.192062 0.349334 0.292768 
0.000008 0.000005 0.034872 0.105553 0.000004 0.617496 0.088975 0.153086 
0.000018 0.000007 0.128467 0.706098 0.050056 0.097293 0.002336 0.015725 
0.163203 0.000007 0.056790 0.167668 0.035867 0.000453 0.329599 0.246413 
0.000013 0.000005 0.011894 0.002487 0.571568 0.000120 0.091865 0.322047 
0.129975 0.205618 0.016402 0.317965 0.179062 0.019984 0.036194 0.094800 
0.000020 0.000007 0.041539 0.168767 0.043357 0.166754 0.384087 0.195468 
0.000024 0.132531 0.208913 0.155966 0.315721 0.000199 0.053845 0.132800 
0.025677 0.000006 0.047345 0.027494 0.572201 0.000113 0.115732 0.211432 
0.000023 0.000005 0.037894 0.046601 0.000004 0.538504 0.098568 0.278401 
0.000021 0.000007 0.065980 0.072979 0.097697 0.000631 0.086794 0.675892 
0.055888 0.000007 0.434985 0.008780 0.000004 0.351885 0.001674 0.146777 
0.000021 0.000007 0.167540 0.016327 0.000006 0.561066 0.057089 0.197943 
0.015029 0.000006 0.013343 0.668740 0.034782 0.000265 0.088656 0.179178 
0.217451 0.000008 0.657373 0.001476 0.072649 0.000305 0.045402 0.005336 
0.367751 0.000006 0.035592 0.106435 0.021203 0.320101 0.020493 0.128419 
0.027437 0.624081 0.012532 0.143038 0.054129 0.051375 0.035295 0.052113 
0.647770 0.000008 0.260561 0.019014 0.000005 0.000197 0.006111 0.066334 
0.000027 0.069668 0.091934 0.547318 0.000004 0.000144 0.057077 0.233828 
0.014314 0.000008 0.034586 0.411122 0.030477 0.199328 0.070839 0.239326 
0.000026 0.050870 0.157973 0.623155 0.000007 0.012090 0.049307 0.106572 
0.000012 0.000007 0.007537 0.087352 0.000005 0.306509 0.065668 0.532909 
0.071181 0.000007 0.008854 0.067844 0.000005 0.138406 0.108083 0.605621 
0.866342 0.000007 0.059495 0.018436 0.000003 0.000118 0.002175 0.053426 
0.912894 0.000007 0.043502 0.040308 0.000003 0.000114 0.000955 0.002216 
0.023944 0.107300 0.043788 0.298913 0.000005 0.027830 0.181942 0.316277 
0.823291 0.018383 0.118228 0.001748 0.000004 0.015621 0.009043 0.013682 
0.052780 0.035558 0.023166 0.017271 0.000006 0.071181 0.498580 0.301458 
0.000015 0.585685 0.008508 0.032574 0.000005 0.207341 0.033692 0.132181 
0.009879 0.000009 0.786527 0.113608 0.000006 0.022257 0.024213 0.043502 
0.882701 0.000003 0.057370 0.015859 0.000004 0.000071 0.001266 0.042727 
0.099430 0.000010 0.076207 0.497197 0.137814 0.000438 0.027560 0.161344 
0.018961 0.000005 0.006097 0.053286 0.000005 0.041415 0.452675 0.427557 
0.000027 0.034732 0.022664 0.813821 0.000005 0.000270 0.067354 0.061126 
0.000013 0.000005 0.186254 0.045143 0.000005 0.069030 0.401915 0.297634 
0.107144 0.000005 0.143427 0.204885 0.177823 0.000141 0.107784 0.258790 
0.000022 0.064048 0.585749 0.001533 0.000004 0.010899 0.208682 0.129062 
0.000021 0.000004 0.549244 0.370540 0.000005 0.000212 0.046742 0.033233 
0.000020 0.052071 0.187657 0.233406 0.024241 0.000399 0.197797 0.304409 
0.000018 0.000007 0.618985 0.034183 0.000005 0.248296 0.029854 0.068651 
0.011755 0.043100 0.064733 0.635169 0.000006 0.000148 0.093810 0.151278 
0.000027 0.159193 0.045476 0.330988 0.000004 0.036451 0.227725 0.200136 
0.147477 0.062577 0.566105 0.017793 0.000005 0.128331 0.044096 0.033616 
0.028665 0.000005 0.045711 0.132363 0.021805 0.156775 0.321090 0.293585 
0.000022 0.189413 0.183872 0.548812 0.000004 0.000182 0.043276 0.034419 
0.065360 0.069858 0.032994 0.449161 0.000005 0.012682 0.072691 0.297249 
0.000015 0.000008 0.108418 0.423423 0.030139 0.055990 0.207135 0.174871 
0.000026 0.000007 0.030350 0.135167 0.000005 0.112168 0.326892 0.395385 
0.000017 0.032209 0.272262 0.092543 0.135539 0.118942 0.144436 0.204053 
0.046720 0.000004 0.073268 0.014100 0.120933 0.191492 0.357927 0.195556 
0.030063 0.838725 0.021897 0.038394 0.047645 0.000174 0.013282 0.009820 
0.465015 0.000006 0.342883 0.048868 0.000004 0.000894 0.067700 0.074631 
0.411433 0.000006 0.032419 0.340801 0.000004 0.064845 0.039970 0.110522 
0.668459 0.000004 0.088657 0.077134 0.000004 0.000157 0.024748 0.140837 
0.032483 0.000004 0.044500 0.010750 0.451713 0.000094 0.163066 0.297390 
0.074614 0.857985 0.021647 0.029913 0.000002 0.000351 0.006213 0.009276 
0.832252 0.074549 0.007950 0.006155 0.000004 0.000438 0.042244 0.036407 
0.000024 0.211326 0.081084 0.383154 0.000004 0.000297 0.199580 0.124531 
0.856642 0.025772 0.047745 0.028571 0.000004 0.000111 0.013333 0.027821 
0.084041 0.000007 0.045656 0.005581 0.424734 0.045656 0.145432 0.248892 
0.009069 0.155632 0.039510 0.758540 0.000005 0.000295 0.001670 0.035279 
0.042512 0.000004 0.102915 0.775797 0.000004 0.013347 0.053668 0.011754 
0.042000 0.000006 0.020292 0.113102 0.398804 0.000377 0.243355 0.182064 
0.000016 0.000004 0.662285 0.226356 0.000005 0.039077 0.035583 0.036674 
0.066299 0.000006 0.004539 0.019162 0.619517 0.006061 0.071376 0.213041 
0.000020 0.000006 0.042829 0.021564 0.597482 0.000270 0.080957 0.256871 
0.066690 0.000008 0.406005 0.039195 0.038587 0.286747 0.028749 0.134019 
0.051530 0.085909 0.050482 0.082423 0.080304 0.387438 0.072127 0.189786 
0.000015 0.204687 0.714951 0.026601 0.000005 0.000180 0.022747 0.030814 
0.641146 0.000009 0.096871 0.242116 0.000005 0.000221 0.015499 0.004134 
0.318125 0.000007 0.071242 0.096896 0.027284 0.061368 0.223767 0.201313 
0.000029 0.000007 0.035770 0.160703 0.000005 0.219854 0.300725 0.282907 
0.000014 0.041223 0.940674 0.002982 0.000001 0.000171 0.002035 0.012900 
0.000027 0.093248 0.084830 0.012625 0.053343 0.089277 0.394906 0.271743 
0.000025 0.000008 0.912914 0.011519 0.023577 0.000149 0.016662 0.035146 
0.654982 0.138478 0.030103 0.049361 0.072378 0.000243 0.005958 0.048496 
0.000007 0.664868 0.050620 0.190458 0.000005 0.041356 0.007815 0.044872 
0.162763 0.000006 0.035751 0.029075 0.071346 0.156148 0.135640 0.409271 
0.000026 0.152907 0.048548 0.586819 0.102467 0.000280 0.024439 0.084514 
0.192685 0.556833 0.030867 0.086075 0.000005 0.062570 0.003802 0.067163 
0.000022 0.052532 0.176916 0.047237 0.050577 0.000412 0.328693 0.343611 
0.000012 0.000007 0.134352 0.171783 0.474518 0.011362 0.056717 0.151249 
