-391779.053876
0
0.000000 0.000000 0.000000 0.009817 0.000000 0.000857 0.000000 0.000000 0.000001 0.000014 0.000000 0.006427 0.000000 0.000000 0.000000 0.000000 0.003044 0.002241 0.000004 0.000001 0.000000 0.002806 0.001710 0.015500 0.001460 0.000000 0.000000 0.018758 0.000000 0.000000 0.000000 0.000000 0.000001 0.000000 0.005147 0.000005 0.000000 0.000000 0.000000 0.000000 0.001406 0.002389 0.000001 0.000002 0.000000 0.001265 0.004768 0.019221 0.000000 0.001281 0.000000 0.006406 0.000743 0.000000 0.000000 0.001536 0.000000 0.009573 0.020330 0.016250 0.000000 0.000000 0.000000 0.000000 0.003484 0.011357 0.004896 0.013124 0.000000 0.001925 0.000000 0.003113 0.046319 0.010018 0.003288 0.352816 0.000000 0.000000 0.000000 0.000000 0.000000 0.011512 0.236452 0.040963 0.000000 0.000000 0.000000 0.001166 0.003655 0.008248 0.006245 0.011272 0.000000 0.009847 0.001619 0.065717 
0.000000 0.000000 0.000000 0.000000 0.000000 0.000001 0.000000 0.000000 0.038250 0.015341 0.000000 0.016286 0.000000 0.005899 0.000000 0.002496 0.000000 0.005293 0.028926 0.000001 0.000000 0.000979 0.000000 0.000000 0.010402 0.035351 0.017954 0.093380 0.000000 0.000000 0.000000 0.000000 0.000002 0.004278 0.078771 0.001444 0.000000 0.004815 0.000000 0.000000 0.010237 0.002873 0.042149 0.002630 0.000000 0.006456 0.007344 0.015205 0.000000 0.007413 0.005569 0.011374 0.000000 0.007229 0.000000 0.001598 0.100423 0.113507 0.131255 0.077685 0.000000 0.003908 0.000000 0.000000 0.016771 0.008356 0.016307 0.000001 0.000000 0.002650 0.000000 0.004813 0.000000 0.000005 0.000000 0.000000 0.000000 0.000000 0.000000 0.000000 0.000000 0.000000 0.000000 0.000000 0.000000 0.000000 0.000000 0.000000 0.007185 0.001941 0.017008 0.001980 0.000000 0.003111 0.000001 0.013145 
0.008036 0.000000 0.000000 0.000000 0.037313 0.014787 0.006970 0.041298 0.019786 0.013575 0.000000 0.016007 0.000000 0.002732 0.004380 0.000000 0.029475 0.014577 0.027434 0.028473 0.000000 0.002962 0.009709 0.009321 0.000000 0.000000 0.000000 0.000000 0.024668 0.019790 0.006834 0.040340 0.022963 0.005549 0.000004 0.010887 0.000000 0.000000 0.005975 0.006049 0.014235 0.018511 0.019657 0.019995 0.000000 0.006515 0.016300 0.010189 0.000000 0.002234 0.000000 0.000340 0.015731 0.016056 0.000000 0.026133 0.028429 0.013064 0.000000 0.017153 0.000000 0.004454 0.004917 0.000000 0.011244 0.009954 0.012129 0.015003 0.003614 0.005095 0.019319 0.008013 0.000000 0.019369 0.005137 0.000000 0.020193 0.030475 0.004597 0.042217 0.000000 0.000000 0.000000 0.000000 0.000000 0.004146 0.007902 0.007170 0.018994 0.017448 0.013717 0.016701 0.000000 0.009964 0.011979 0.021815 
0.000000 0.000000 0.000000 0.000000 0.000000 0.000621 0.000000 0.000000 0.008933 0.002300 0.000000 0.002149 0.000000 0.000000 0.000000 0.000000 0.000000 0.000000 0.000005 0.000954 0.000000 0.000000 0.000000 0.000000 0.000000 0.000000 0.000000 0.000000 0.000000 0.000000 0.000000 0.000000 0.009268 0.000000 0.005328 0.007445 0.000000 0.000000 0.000000 0.000000 0.000111 0.000000 0.000001 0.000423 0.000000 0.000001 0.000002 0.000000 0.001870 0.000002 0.000000 0.000002 0.000000 0.000000 0.000000 0.000801 0.006896 0.000002 0.000000 0.000279 0.000000 0.000000 0.000000 0.000000 0.000003 0.000000 0.000005 0.000001 0.000000 0.000000 0.000858 0.000000 0.015331 0.004579 0.001420 0.000000 0.042810 0.000000 0.001467 0.074315 0.456808 0.069678 0.036779 0.248536 0.000000 0.000000 0.000000 0.000000 0.000004 0.000006 0.000001 0.000002 0.000000 0.000000 0.000001 0.000000 
0.040007 0.028050 0.036808 0.019407 0.012148 0.002831 0.003596 0.002451 0.010442 0.005828 0.000000 0.000004 0.000000 0.000000 0.005650 0.000000 0.000000 0.000000 0.007772 0.000000 0.000000 0.000000 0.000000 0.000000 0.050753 0.084331 0.015321 0.046831 0.011042 0.008093 0.006947 0.009251 0.022669 0.014865 0.008334 0.007850 0.003402 0.005392 0.040793 0.006675 0.006741 0.000000 0.013696 0.002342 0.000000 0.001346 0.004202 0.000001 0.046276 0.050325 0.036669 0.027986 0.007524 0.013486 0.011354 0.006619 0.006468 0.007985 0.000000 0.005736 0.007158 0.003464 0.010249 0.000000 0.003738 0.000001 0.004042 0.000001 0.000000 0.000000 0.000000 0.000000 0.039157 0.076160 0.013718 0.041414 0.002649 0.012211 0.002573 0.003408 0.000000 0.000000 0.000000 0.000000 0.000000 0.001681 0.007266 0.000000 0.001654 0.002266 0.000002 0.000003 0.000000 0.000000 0.000883 0.000000 
0.005809 0.005146 0.000000 0.000000 0.000000 0.002453 0.000000 0.001729 0.027721 0.019428 0.257001 0.015228 0.000000 0.000000 0.000000 0.005074 0.018914 0.005484 0.010336 0.009010 0.000000 0.001929 0.000000 0.005913 0.001795 0.000000 0.000000 0.000000 0.000000 0.000000 0.000000 0.000000 0.019029 0.015993 0.129823 0.009265 0.000000 0.000000 0.000000 0.000000 0.002729 0.004558 0.007903 0.000001 0.000000 0.000970 0.000001 0.000001 0.005724 0.005023 0.000000 0.001533 0.000000 0.000000 0.000000 0.000000 0.033079 0.034389 0.156530 0.022757 0.000000 0.000000 0.000000 0.000000 0.012141 0.004310 0.003617 0.012906 0.000000 0.000000 0.000000 0.000000 0.000000 0.010406 0.003764 0.000000 0.000000 0.000000 0.000000 0.000000 0.000000 0.000000 0.082971 0.000000 0.000000 0.000000 0.000000 0.000000 0.008789 0.004299 0.009403 0.002988 0.000000 0.000000 0.002125 0.000000 
0.000000 0.000000 0.000000 0.000000 0.000000 0.000000 0.000000 0.000000 0.000001 0.021033 0.000000 0.003828 0.001025 0.000000 0.002227 0.004760 0.000000 0.000000 0.000878 0.001043 0.000000 0.000000 0.001236 0.000000 0.000000 0.000000 0.000000 0.000000 0.000000 0.000000 0.000000 0.000000 0.083981 0.108114 0.020486 0.078815 0.000000 0.001012 0.000000 0.001012 0.001975 0.000000 0.000001 0.005736 0.000000 0.000801 0.000805 0.001026 0.000000 0.000001 0.000000 0.000001 0.000000 0.000000 0.000000 0.000000 0.000000 0.022580 0.000000 0.015419 0.000000 0.000000 0.000000 0.000000 0.000368 0.000000 0.001879 0.009581 0.000000 0.000000 0.001425 0.000000 0.000000 0.000965 0.000000 0.000000 0.000000 0.000000 0.000000 0.000000 0.118776 0.287506 0.100343 0.085306 0.000000 0.001075 0.001284 0.001787 0.001972 0.000501 0.002442 0.003647 0.000000 0.001169 0.000420 0.001758 
0.042700 0.040385 0.000000 0.040321 0.003215 0.005052 0.000000 0.000000 0.024053 0.003029 0.003445 0.020143 0.023687 0.016948 0.019052 0.026455 0.019576 0.008053 0.010149 0.017758 0.004869 0.000000 0.006874 0.000000 0.044742 0.030261 0.000000 0.036630 0.003048 0.003594 0.000000 0.000000 0.000001 0.000000 0.001493 0.028868 0.016148 0.026081 0.019574 0.030578 0.002372 0.011421 0.002371 0.009519 0.000000 0.001789 0.002737 0.003424 0.029421 0.021486 0.000000 0.031075 0.001218 0.000000 0.000000 0.001318 0.000000 0.000001 0.000000 0.003024 0.012870 0.008451 0.013749 0.023441 0.008922 0.005991 0.005342 0.005172 0.000000 0.000000 0.004472 0.002981 0.038931 0.012351 0.000000 0.046105 0.000000 0.000000 0.000000 0.000000 0.000000 0.000000 0.000000 0.012892 0.023554 0.014002 0.006330 0.031789 0.004648 0.004686 0.000800 0.007962 0.000000 0.000774 0.005827 0.000000 
0.000000 0.000000 0.000000 0.000000 0.000000 0.000677 0.000000 0.000000 0.000002 0.002788 0.000000 0.000004 0.012035 0.000000 0.006535 0.018594 0.027305 0.011470 0.019530 0.028506 0.048196 0.008998 0.004178 0.023922 0.000000 0.000000 0.000000 0.000000 0.000000 0.000000 0.000000 0.000000 0.004672 0.000235 0.000007 0.000006 0.005654 0.000000 0.000000 0.000000 0.023267 0.012842 0.023330 0.043875 0.040848 0.009094 0.015561 0.080625 0.003915 0.005899 0.000000 0.003926 0.000000 0.004181 0.000000 0.002409 0.000000 0.000002 0.000000 0.007688 0.000000 0.000000 0.000000 0.000000 0.005644 0.014969 0.013784 0.018425 0.007177 0.000000 0.003803 0.023938 0.023768 0.000004 0.000000 0.035574 0.000000 0.000000 0.000000 0.000000 0.000000 0.000000 0.000000 0.000000 0.023298 0.000000 0.020533 0.010244 0.019649 0.021009 0.012542 0.046499 0.091839 0.008117 0.012454 0.085957 
0.000010 0.000005 0.059943 0.000020 0.063083 0.014620 0.699373 0.162910 0.000036 
0.539213 0.000004 0.042262 0.000028 0.000016 0.201973 0.139616 0.076841 0.000046 
0.568229 0.047214 0.087146 0.032844 0.000018 0.034795 0.181786 0.047920 0.000048 
0.011599 0.403494 0.017040 0.000020 0.085251 0.315248 0.083156 0.035921 0.048271 
0.112852 0.187772 0.078382 0.000017 0.000017 0.231352 0.044353 0.345207 0.000047 
0.000020 0.148010 0.202559 0.000016 0.264399 0.016414 0.085439 0.189184 0.093960 
0.205543 0.000006 0.002182 0.646531 0.108622 0.001003 0.032969 0.003120 0.000023 
0.000018 0.000005 0.019182 0.279408 0.000017 0.127749 0.132567 0.200312 0.240742 
0.000011 0.032044 0.311341 0.051201 0.196033 0.000982 0.078631 0.246566 0.083191 
0.000018 0.000003 0.410005 0.000025 0.000015 0.000664 0.325869 0.263343 0.000058 
0.046744 0.064232 0.073001 0.026925 0.194534 0.162162 0.026378 0.388257 0.017768 
0.000015 0.000004 0.502657 0.016552 0.052571 0.003327 0.013931 0.338305 0.072638 
0.000010 0.039783 0.024998 0.000027 0.000007 0.098766 0.795428 0.022063 0.018919 
0.000017 0.052479 0.207494 0.000025 0.254692 0.001767 0.063544 0.400880 0.019103 
0.104730 0.165591 0.047019 0.000032 0.358735 0.203336 0.079237 0.041278 0.000041 
0.000016 0.000005 0.501119 0.000024 0.016480 0.123357 0.040491 0.299979 0.018529 
0.641104 0.000005 0.001651 0.000019 0.000013 0.043824 0.247363 0.053531 0.012490 
0.058609 0.000004 0.025332 0.394289 0.000020 0.348575 0.039254 0.101946 0.031971 
0.051213 0.000005 0.307036 0.000028 0.046709 0.085222 0.082726 0.249537 0.177524 
0.039577 0.000005 0.186591 0.119565 0.000016 0.205699 0.141285 0.307214 0.000048 
0.000011 0.022306 0.124249 0.026313 0.086892 0.024463 0.023634 0.239122 0.453010 
0.091734 0.000005 0.133027 0.162083 0.000018 0.132978 0.072515 0.378931 0.028708 
0.000013 0.304268 0.004109 0.000027 0.017046 0.195673 0.073524 0.405283 0.000056 
0.362082 0.089277 0.001258 0.000020 0.000018 0.128195 0.322898 0.096202 0.000050 
0.000016 0.203140 0.157082 0.000030 0.150496 0.179100 0.065521 0.164669 0.079946 
0.000016 0.083521 0.047050 0.000028 0.000014 0.049524 0.433907 0.131858 0.254083 
0.000020 0.550996 0.040519 0.022530 0.000016 0.300063 0.006010 0.079799 0.000047 
0.000012 0.021318 0.600595 0.051932 0.059454 0.001054 0.049641 0.215943 0.000051 
0.056377 0.058393 0.374126 0.008713 0.120219 0.001490 0.101733 0.241248 0.037701 
0.028010 0.050430 0.106648 0.000023 0.000014 0.149372 0.041854 0.214960 0.408688 
0.509719 0.000005 0.216003 0.000028 0.000016 0.008784 0.068337 0.197055 0.000053 
0.000018 0.060625 0.350148 0.013699 0.074344 0.030237 0.099954 0.276865 0.094111 
0.014345 0.000004 0.042508 0.049115 0.021893 0.519686 0.034695 0.233174 0.084579 
0.005534 0.000004 0.015101 0.392496 0.000017 0.012796 0.559219 0.014805 0.000027 
0.097299 0.000005 0.044069 0.000031 0.000014 0.623472 0.090692 0.101283 0.043134 
0.000012 0.096815 0.011755 0.000023 0.065473 0.083831 0.297158 0.411777 0.033157 
0.000011 0.139825 0.127390 0.226693 0.213424 0.155499 0.009323 0.127816 0.000019 
0.090985 0.000003 0.199306 0.008471 0.000015 0.054706 0.019731 0.608598 0.018184 
0.507144 0.000005 0.029884 0.022675 0.047139 0.248902 0.011428 0.132789 0.000034 
0.000011 0.000003 0.566938 0.006638 0.047345 0.010204 0.001391 0.356369 0.011102 
0.263672 0.022103 0.006904 0.660264 0.000011 0.000951 0.002919 0.032983 0.010193 
0.040021 0.000005 0.073391 0.533799 0.283774 0.001123 0.034775 0.033084 0.000028 
0.019006 0.050904 0.429936 0.000021 0.036252 0.073592 0.096023 0.294213 0.000053 
0.020818 0.550263 0.001912 0.061027 0.009367 0.274211 0.034754 0.047613 0.000035 
0.000010 0.000005 0.392200 0.037742 0.000015 0.026174 0.265038 0.223650 0.055165 
0.431249 0.000004 0.003003 0.036465 0.000011 0.066575 0.084124 0.046018 0.332551 
0.363742 0.000005 0.008265 0.047737 0.225065 0.168937 0.048160 0.096677 0.041412 
0.000014 0.000005 0.118449 0.000020 0.000011 0.012413 0.767797 0.101244 0.000047 
0.000013 0.180020 0.149728 0.000006 0.000017 0.277673 0.001513 0.368928 0.022103 
0.000011 0.000004 0.033125 0.000018 0.043852 0.000516 0.898767 0.023662 0.000046 
0.229234 0.000003 0.165548 0.000017 0.000016 0.012976 0.214748 0.377414 0.000044 
0.020373 0.333482 0.109808 0.041703 0.000016 0.238703 0.001603 0.254272 0.000042 
0.019272 0.000005 0.036344 0.000016 0.692990 0.011998 0.013202 0.226141 0.000032 
0.000016 0.340892 0.025791 0.225365 0.048497 0.319544 0.006950 0.032921 0.000025 
0.127749 0.000004 0.130773 0.306018 0.011693 0.054970 0.098861 0.228781 0.041152 
0.000016 0.056832 0.010165 0.000028 0.215722 0.311919 0.102609 0.263155 0.039555 
0.000008 0.067018 0.210281 0.000025 0.000023 0.061074 0.292878 0.251229 0.117463 
0.020536 0.000004 0.229334 0.000012 0.342893 0.023374 0.075756 0.308028 0.000063 
0.256297 0.285221 0.002583 0.000022 0.000014 0.217699 0.218771 0.019333 0.000060 
0.027353 0.462636 0.043928 0.000023 0.052559 0.259198 0.084212 0.070046 0.000047 
0.000012 0.025470 0.073891 0.029379 0.100559 0.040012 0.026154 0.137814 0.566708 
0.060187 0.285403 0.002198 0.221333 0.000013 0.134134 0.234513 0.038894 0.023325 
0.101574 0.329092 0.020476 0.108179 0.000017 0.191004 0.050938 0.028905 0.169816 
0.000012 0.000003 0.112784 0.016235 0.000015 0.029641 0.001084 0.550603 0.289623 
0.225567 0.000005 0.016178 0.000029 0.022067 0.328347 0.243290 0.130300 0.034217 
0.118453 0.229461 0.153757 0.187705 0.000017 0.096336 0.065953 0.095991 0.052328 
0.106284 0.000005 0.195498 0.000025 0.027402 0.100072 0.051562 0.290603 0.228549 
0.240916 0.000005 0.154000 0.000034 0.288819 0.067219 0.041699 0.188233 0.019075 
0.000012 0.000004 0.036433 0.283866 0.000015 0.000901 0.436725 0.133557 0.108487 
0.000020 0.000004 0.472536 0.089830 0.000014 0.021298 0.027958 0.368375 0.019965 
0.000013 0.063528 0.268337 0.000026 0.040849 0.086427 0.095945 0.374095 0.070780 
0.000018 0.341766 0.232582 0.048461 0.000019 0.192009 0.011527 0.143754 0.029863 
0.085632 0.000004 0.061907 0.154973 0.127218 0.015298 0.435446 0.085596 0.033924 
0.036687 0.000004 0.190154 0.374790 0.000018 0.001053 0.271579 0.125675 0.000041 
0.000020 0.000004 0.177806 0.450170 0.039114 0.001479 0.002390 0.311047 0.017971 
0.000018 0.000004 0.079627 0.014043 0.098333 0.617931 0.029760 0.160211 0.000071 
0.000015 0.000005 0.051717 0.000020 0.121770 0.001295 0.723094 0.084565 0.017520 
0.000010 0.000005 0.473563 0.000026 0.052034 0.023798 0.034241 0.416267 0.000057 
0.000015 0.000004 0.474357 0.031874 0.000019 0.037418 0.035484 0.409035 0.011795 
0.038108 0.240189 0.137970 0.000023 0.000017 0.258974 0.112212 0.175430 0.037078 
0.096962 0.000004 0.123556 0.025466 0.000012 0.020119 0.706351 0.027460 0.000070 
0.000012 0.000004 0.401974 0.004824 0.127922 0.011813 0.016790 0.411168 0.025494 
0.145243 0.000005 0.253012 0.060515 0.072176 0.087235 0.072717 0.178888 0.130210 
0.000016 0.056302 0.096315 0.000011 0.000017 0.559093 0.108269 0.179932 0.000045 
0.000009 0.000006 0.026890 0.000016 0.728992 0.008535 0.026149 0.209384 0.000018 
0.000016 0.000004 0.081497 0.000019 0.437805 0.163580 0.148680 0.168376 0.000025 
0.000015 0.000005 0.485673 0.037415 0.074056 0.035619 0.034635 0.272334 0.060250 
0.000018 0.327467 0.006214 0.000021 0.034074 0.482947 0.025777 0.081420 0.042062 
0.528177 0.074741 0.054660 0.000007 0.046869 0.057492 0.006138 0.231850 0.000066 
0.511951 0.079374 0.095617 0.000028 0.000015 0.080549 0.044643 0.094780 0.093043 
0.000023 0.070241 0.062921 0.024713 0.000018 0.592024 0.076851 0.173156 0.000054 
0.041978 0.027452 0.004545 0.000019 0.000017 0.002172 0.818153 0.105621 0.000043 
0.511840 0.000004 0.110793 0.000017 0.102272 0.002812 0.024910 0.236045 0.011307 
0.067953 0.000005 0.052219 0.046309 0.000015 0.048282 0.297886 0.487276 0.000056 
0.018684 0.493563 0.001481 0.000023 0.000013 0.424240 0.033995 0.027964 0.000036 
0.000013 0.000004 0.235044 0.038207 0.000015 0.056299 0.139624 0.530742 0.000053 
0.000011 0.183121 0.381134 0.021294 0.000021 0.096308 0.061873 0.182078 0.074161 
0.000010 0.000005 0.141642 0.000004 0.000015 0.051203 0.019704 0.284741 0.502676 
0.058971 0.024489 0.368270 0.000019 0.000016 0.000800 0.258058 0.263615 0.025763 
0.000021 0.000005 0.002946 0.000022 0.000014 0.332238 0.557676 0.107011 0.000066 
0.000014 0.045388 0.113565 0.008216 0.518457 0.026641 0.034621 0.253029 0.000069 
0.000012 0.000005 0.026882 0.102566 0.377728 0.015359 0.290305 0.187117 0.000026 
0.000011 0.000005 0.024590 0.025769 0.325561 0.097179 0.417751 0.109095 0.000040 
0.016525 0.000004 0.219643 0.117440 0.000013 0.043848 0.004235 0.270582 0.327710 
0.062911 0.000004 0.092714 0.130295 0.000019 0.060447 0.010046 0.643508 0.000056 
0.366689 0.000005 0.035560 0.000032 0.000014 0.405316 0.062500 0.075732 0.054153 
0.016353 0.054435 0.090751 0.655210 0.000018 0.060401 0.083929 0.038849 0.000054 
0.238876 0.000004 0.066905 0.000019 0.000016 0.048788 0.065229 0.580113 0.000051 
0.617921 0.000003 0.158262 0.000025 0.000014 0.041539 0.078076 0.044480 0.059680 
0.116571 0.000003 0.348723 0.018001 0.000016 0.043225 0.030870 0.442540 0.000051 
0.000013 0.000004 0.590129 0.000028 0.050442 0.000419 0.062807 0.296094 0.000063 
0.000018 0.000005 0.210718 0.024646 0.296958 0.039151 0.159455 0.268995 0.000054 
0.032288 0.056958 0.067237 0.000027 0.000017 0.580225 0.120518 0.095898 0.046831 
0.131702 0.000004 0.021106 0.000013 0.224830 0.037669 0.071906 0.485217 0.027552 
0.000013 0.000005 0.225329 0.366599 0.026039 0.022216 0.076106 0.184351 0.099343 
0.604111 0.000005 0.101383 0.022858 0.000017 0.031233 0.049990 0.151805 0.038598 
0.000017 0.000004 0.153155 0.011502 0.118684 0.020330 0.023122 0.673116 0.000070 
0.000014 0.000005 0.094138 0.000008 0.000014 0.091815 0.029393 0.320817 0.463797 
0.000012 0.000004 0.010543 0.000023 0.227951 0.045555 0.484174 0.172283 0.059455 
0.000020 0.191563 0.009572 0.000025 0.000021 0.305131 0.367914 0.108176 0.017577 
0.000016 0.000005 0.088043 0.000023 0.354249 0.016272 0.350100 0.191228 0.000064 
0.528474 0.031738 0.176312 0.000026 0.000017 0.033045 0.051616 0.128057 0.050716 
0.000008 0.162604 0.149598 0.127534 0.022052 0.188590 0.069817 0.205192 0.074602 
0.000012 0.127170 0.002911 0.000029 0.618138 0.045936 0.132254 0.073528 0.000023 
0.032641 0.080327 0.133926 0.437012 0.000019 0.033046 0.103205 0.179787 0.000037 
0.000015 0.000004 0.146494 0.000013 0.086916 0.079299 0.000608 0.637496 0.049155 
0.000016 0.000003 0.492659 0.071196 0.063758 0.001059 0.015726 0.335700 0.019883 
0.000014 0.083898 0.134132 0.000031 0.039885 0.017362 0.058647 0.138710 0.527321 
0.000016 0.000005 0.066017 0.000013 0.466726 0.066711 0.041670 0.315701 0.043141 
0.000009 0.020750 0.183855 0.314332 0.000015 0.026297 0.252016 0.184603 0.018123 
0.000014 0.000004 0.121295 0.040573 0.000014 0.046029 0.115312 0.676699 0.000060 
0.097761 0.000004 0.148806 0.000030 0.568999 0.020943 0.053737 0.090739 0.018980 
0.000018 0.064408 0.040798 0.059489 0.000015 0.213129 0.049076 0.112972 0.460095 
0.000019 0.000004 0.156098 0.040088 0.032774 0.145297 0.040317 0.585371 0.000033 
0.035255 0.313175 0.012809 0.014489 0.029632 0.507038 0.027994 0.046610 0.012998 
0.000009 0.057236 0.326066 0.000015 0.000013 0.040873 0.162994 0.412741 0.000054 
0.020942 0.000004 0.035192 0.070167 0.000019 0.082988 0.002723 0.271910 0.516055 
0.000017 0.000005 0.121389 0.019237 0.278245 0.058987 0.052029 0.350303 0.119791 
0.047292 0.000004 0.049581 0.024151 0.000016 0.687447 0.043027 0.148444 0.000038 
0.000010 0.062037 0.277015 0.023219 0.016324 0.111407 0.028446 0.462330 0.019212 
0.000009 0.000003 0.010788 0.033964 0.000016 0.000590 0.913085 0.041516 0.000030 
0.000021 0.000004 0.046809 0.000019 0.000021 0.018293 0.749431 0.185363 0.000040 
0.000013 0.000004 0.419620 0.000035 0.013921 0.020055 0.045287 0.229410 0.271655 
0.000010 0.023514 0.279299 0.000026 0.049590 0.296360 0.080017 0.144471 0.126713 
0.012939 0.000004 0.238922 0.000024 0.000015 0.025144 0.390266 0.206713 0.125974 
0.000011 0.000004 0.397364 0.000021 0.070022 0.044622 0.092601 0.280220 0.115133 
0.023856 0.342826 0.001610 0.000004 0.000017 0.502053 0.012844 0.116760 0.000030 
0.000020 0.000004 0.064907 0.227608 0.000019 0.021822 0.509140 0.101377 0.075103 
0.593897 0.044397 0.075752 0.000025 0.000019 0.015245 0.108320 0.113823 0.048523 
0.036306 0.000004 0.198120 0.236672 0.070402 0.009859 0.133521 0.215285 0.099831 
0.000012 0.000005 0.151991 0.000010 0.000018 0.063135 0.014268 0.770507 0.000053 
0.000016 0.005831 0.050729 0.308662 0.000016 0.045214 0.372683 0.201243 0.015608 
0.384639 0.000004 0.015531 0.026240 0.094195 0.326157 0.014815 0.081755 0.056664 
0.114525 0.264005 0.106619 0.177432 0.000018 0.177451 0.065088 0.082308 0.012553 
0.000018 0.086321 0.124942 0.000022 0.283404 0.001636 0.219156 0.284454 0.000047 
0.034505 0.070082 0.004885 0.790836 0.000022 0.013893 0.015995 0.069747 0.000034 
0.005404 0.573636 0.002510 0.004118 0.000016 0.364749 0.002446 0.047013 0.000110 
0.000011 0.036707 0.085672 0.000031 0.623457 0.003243 0.031130 0.219710 0.000038 
0.015546 0.000003 0.056014 0.000020 0.488820 0.030750 0.027396 0.322635 0.058816 
0.776669 0.000004 0.005461 0.008807 0.000007 0.075705 0.022478 0.003060 0.107808 
0.000007 0.000002 0.020445 0.942790 0.000008 0.000511 0.030846 0.005348 0.000043 
0.000013 0.045350 0.122527 0.000026 0.187962 0.031030 0.211571 0.165805 0.235716 
0.108298 0.000002 0.167942 0.536365 0.000015 0.004999 0.018008 0.164343 0.000028 
0.550388 0.000004 0.016425 0.000020 0.000016 0.022121 0.009936 0.335721 0.065368 
0.000010 0.000004 0.117360 0.007434 0.047281 0.061395 0.001203 0.483848 0.281465 
0.715570 0.000005 0.038777 0.000028 0.082802 0.061639 0.029622 0.071514 0.000044 
0.000019 0.045649 0.107406 0.024875 0.205167 0.053405 0.027710 0.535726 0.000043 
0.000013 0.000004 0.519214 0.000032 0.042379 0.023366 0.051836 0.343707 0.019448 
0.000017 0.022105 0.030984 0.021835 0.599528 0.025783 0.034264 0.265434 0.000052 
0.877217 0.000005 0.007534 0.016959 0.000015 0.056670 0.001569 0.003052 0.036977 
0.000018 0.000004 0.434839 0.000011 0.109152 0.021434 0.053769 0.280941 0.099831 
0.000012 0.070557 0.155029 0.052465 0.248632 0.018604 0.005783 0.448875 0.000043 
0.025887 0.198505 0.103983 0.000030 0.000019 0.206652 0.087108 0.280179 0.097637 
0.051830 0.090370 0.107221 0.000021 0.000012 0.081224 0.179329 0.127014 0.362979 
0.000017 0.039201 0.380441 0.036462 0.048437 0.059494 0.024737 0.287306 0.123905 
0.000013 0.043707 0.137259 0.032358 0.000013 0.078909 0.019574 0.158568 0.529599 
0.000019 0.411855 0.140155 0.000018 0.000016 0.259523 0.032398 0.131930 0.024085 
0.031234 0.000005 0.243977 0.136040 0.045934 0.257311 0.141722 0.143725 0.000052 
0.274918 0.000003 0.041071 0.033607 0.010093 0.056431 0.424356 0.047620 0.111900 
0.000016 0.000004 0.206094 0.000028 0.518816 0.045533 0.040055 0.189389 0.000067 
0.000019 0.000005 0.121850 0.018362 0.045160 0.076207 0.000802 0.704009 0.033586 
0.000014 0.000003 0.117611 0.000023 0.017948 0.024498 0.473479 0.251112 0.115313 
0.000020 0.042950 0.491359 0.000020 0.000019 0.013085 0.165002 0.287483 0.000061 
0.000013 0.000005 0.001775 0.000021 0.566012 0.123642 0.024222 0.284284 0.000026 
0.000019 0.058406 0.064409 0.000025 0.030630 0.296361 0.432305 0.047646 0.070199 
0.052952 0.515059 0.002078 0.080147 0.010945 0.298463 0.010082 0.016596 0.013678 
0.050312 0.523773 0.033386 0.000014 0.000021 0.335937 0.039940 0.016589 0.000029 
0.204115 0.000003 0.007506 0.030779 0.000016 0.016882 0.650551 0.064309 0.025840 
0.000012 0.615810 0.000744 0.000021 0.000013 0.244438 0.079595 0.059340 0.000027 
0.046801 0.053216 0.032427 0.025034 0.000019 0.053977 0.180334 0.154963 0.453230 
0.054296 0.000003 0.119673 0.061634 0.094126 0.182028 0.001985 0.312453 0.173802 
0.133903 0.102297 0.249980 0.000024 0.000016 0.160932 0.087521 0.191159 0.074167 
0.135749 0.000004 0.030210 0.000023 0.538404 0.022225 0.058829 0.144573 0.069983 
0.000010 0.000006 0.102499 0.034914 0.000018 0.080564 0.011244 0.215280 0.555464 
0.029208 0.000004 0.027497 0.686580 0.000012 0.133487 0.044669 0.078498 0.000045 
0.000015 0.000005 0.082046 0.054255 0.686971 0.028155 0.036500 0.100980 0.011072 
0.057817 0.134279 0.002938 0.577415 0.000019 0.173095 0.019779 0.026000 0.008659 
0.050440 0.073245 0.119345 0.059775 0.000017 0.554814 0.006951 0.135376 0.000038 
0.000017 0.026073 0.382410 0.000022 0.036917 0.004748 0.245816 0.257360 0.046636 
0.418179 0.104082 0.160620 0.000019 0.000015 0.032009 0.078653 0.162794 0.043628 
0.000010 0.000005 0.005140 0.323181 0.156355 0.233914 0.118827 0.110640 0.051928 
0.053771 0.000003 0.368059 0.033551 0.161117 0.019072 0.107203 0.257174 0.000048 
0.000019 0.468142 0.002650 0.000022 0.000015 0.125971 0.167620 0.235521 0.000040 
0.331529 0.082396 0.001208 0.000017 0.000008 0.022960 0.557429 0.004412 0.000040 
0.000020 0.068382 0.140071 0.000029 0.000025 0.001100 0.074993 0.273143 0.442237 
0.140876 0.051903 0.009933 0.385020 0.120605 0.108386 0.066615 0.116624 0.000037 
0.038992 0.031347 0.101828 0.364121 0.044250 0.001755 0.174479 0.243174 0.000055 
0.000014 0.000006 0.143786 0.678466 0.000017 0.030034 0.042483 0.105162 0.000033 
0.010534 0.497195 0.027059 0.081851 0.000019 0.256581 0.069028 0.057691 0.000041 
0.000020 0.375546 0.034688 0.000025 0.000017 0.435861 0.046664 0.107125 0.000053 
0.000027 0.093449 0.078199 0.000020 0.000016 0.209037 0.577744 0.041452 0.000057 
0.107141 0.047136 0.091113 0.000028 0.000012 0.055519 0.045433 0.190270 0.463346 
0.025683 0.104237 0.224784 0.000019 0.000014 0.020691 0.002295 0.192742 0.429534 
0.000014 0.154400 0.154396 0.000028 0.046437 0.457153 0.070668 0.102220 0.014684 
0.000014 0.059516 0.369330 0.000017 0.018418 0.049503 0.140822 0.243718 0.118661 
0.000014 0.019759 0.579801 0.000035 0.000016 0.002674 0.046066 0.351589 0.000045 
0.000015 0.388912 0.051112 0.023574 0.000012 0.404356 0.003933 0.128037 0.000048 
0.000012 0.000005 0.094555 0.000007 0.000018 0.060074 0.060035 0.739041 0.046252 
0.652375 0.000005 0.001628 0.056299 0.000011 0.026776 0.050503 0.172269 0.040136 
0.747402 0.000003 0.011333 0.000027 0.000016 0.055913 0.027560 0.071726 0.086020 
0.000017 0.078176 0.099421 0.000013 0.024308 0.143018 0.015476 0.601644 0.037927 
0.029035 0.078926 0.011836 0.693287 0.000013 0.132253 0.029334 0.025273 0.000043 
0.000016 0.000004 0.259044 0.020027 0.000018 0.021629 0.001099 0.644345 0.053818 
0.059610 0.050630 0.044368 0.000027 0.000019 0.365438 0.058841 0.353445 0.067622 
0.000012 0.000005 0.120557 0.011791 0.346090 0.127046 0.045479 0.348976 0.000045 
0.000012 0.000004 0.473063 0.000023 0.000015 0.033074 0.062854 0.383679 0.047276 
0.428393 0.054947 0.154144 0.032390 0.011707 0.028796 0.171471 0.082969 0.035182 
0.000017 0.062560 0.079595 0.130448 0.000013 0.221249 0.394153 0.081404 0.030561 
0.674363 0.000004 0.126918 0.036052 0.000013 0.011688 0.014554 0.090597 0.045811 
0.351241 0.000005 0.090809 0.000017 0.000020 0.346877 0.064263 0.146724 0.000043 
0.000014 0.000005 0.063058 0.023764 0.000017 0.066318 0.020187 0.762405 0.064232 
0.025675 0.098634 0.445661 0.000028 0.092721 0.001739 0.099804 0.235675 0.000063 
0.000016 0.000004 0.001993 0.037333 0.000007 0.094300 0.788135 0.053915 0.024296 
0.671745 0.008029 0.057167 0.199467 0.000009 0.019348 0.028893 0.015282 0.000060 
0.000011 0.271235 0.102433 0.079407 0.000019 0.153842 0.143824 0.200573 0.048656 
0.000018 0.000005 0.202387 0.000020 0.000015 0.065827 0.048292 0.231354 0.452082 
0.396648 0.000004 0.001584 0.027972 0.024583 0.052970 0.363570 0.030129 0.102540 
0.000012 0.424581 0.003640 0.017578 0.000013 0.446179 0.064790 0.012715 0.030492 
0.028575 0.156715 0.344906 0.000029 0.089017 0.021989 0.119917 0.238810 0.000043 
0.622248 0.000004 0.110778 0.105744 0.000019 0.049158 0.031364 0.080642 0.000044 
0.000014 0.000005 0.481953 0.000017 0.000016 0.003787 0.052996 0.423571 0.037641 
0.031547 0.000005 0.333135 0.017971 0.000016 0.278719 0.089771 0.248783 0.000053 
0.285002 0.000004 0.112761 0.000036 0.000017 0.072791 0.021852 0.484823 0.022715 
0.030154 0.058329 0.147803 0.017331 0.011803 0.308080 0.180000 0.207805 0.038696 
0.561611 0.065445 0.221845 0.000012 0.030746 0.011845 0.007446 0.101001 0.000047 
0.016160 0.397467 0.019498 0.000022 0.000015 0.290801 0.236246 0.039745 0.000047 
0.000009 0.000002 0.013539 0.000016 0.000016 0.000551 0.934218 0.051623 0.000026 
0.338986 0.055709 0.067888 0.000012 0.000014 0.004171 0.022917 0.112262 0.398040 
0.222873 0.000004 0.001069 0.024922 0.000016 0.580135 0.050348 0.120599 0.000033 
0.020872 0.000004 0.045060 0.681172 0.062902 0.027506 0.060723 0.101725 0.000038 
0.031731 0.000005 0.230375 0.000024 0.000017 0.452512 0.076891 0.208392 0.000053 
0.161468 0.000005 0.081856 0.000017 0.378842 0.014336 0.055579 0.307850 0.000049 
0.046254 0.000004 0.053982 0.649338 0.091773 0.014015 0.051330 0.093254 0.000049 
0.032979 0.000004 0.066948 0.631058 0.098746 0.000512 0.112647 0.057085 0.000022 
0.000011 0.040007 0.032329 0.000024 0.359433 0.021774 0.251426 0.294959 0.000037 
0.000008 0.214276 0.030216 0.000030 0.000016 0.161068 0.579712 0.014638 0.000037 
0.101933 0.032915 0.113752 0.224970 0.000012 0.038036 0.116927 0.241120 0.130335 
0.000014 0.037237 0.132659 0.016191 0.073766 0.079060 0.013104 0.154968 0.493002 
0.302488 0.000005 0.253924 0.085656 0.000017 0.120445 0.007073 0.160947 0.069446 
0.000011 0.000004 0.063874 0.000027 0.118636 0.042814 0.599839 0.174746 0.000049 
0.119786 0.000004 0.020325 0.757449 0.030151 0.029278 0.015653 0.010588 0.016766 
0.000015 0.040666 0.104032 0.000010 0.000019 0.036176 0.153464 0.148121 0.517497 
0.054743 0.348627 0.059097 0.000029 0.074191 0.229197 0.157043 0.077028 0.000045 
0.016412 0.129519 0.051213 0.000023 0.000017 0.090628 0.694022 0.018123 0.000042 
0.017440 0.397894 0.007384 0.000012 0.226552 0.178755 0.009383 0.162534 0.000045 
0.000008 0.000005 0.426824 0.221309 0.061104 0.024542 0.017556 0.215554 0.033097 
0.000020 0.228567 0.016730 0.119257 0.375232 0.126455 0.040179 0.072592 0.020968 
0.000016 0.000005 0.225331 0.000034 0.133264 0.287686 0.048359 0.279143 0.026162 
0.242512 0.248263 0.002555 0.000018 0.000017 0.177448 0.250532 0.078613 0.000042 
0.026325 0.162049 0.075588 0.474356 0.000015 0.181226 0.025729 0.034367 0.020345 
0.013520 0.087736 0.009587 0.000021 0.000019 0.139525 0.723884 0.025693 0.000016 
0.519010 0.000004 0.142818 0.112904 0.076512 0.000734 0.050762 0.053536 0.043720 
0.118369 0.000004 0.100986 0.159463 0.044860 0.034992 0.195760 0.288302 0.057265 
0.000009 0.000001 0.001313 0.000018 0.000017 0.000446 0.980963 0.017194 0.000038 
0.023272 0.244261 0.166216 0.019601 0.000017 0.193071 0.070974 0.198848 0.083739 
0.000019 0.000004 0.093365 0.000024 0.679719 0.024245 0.013486 0.189081 0.000056 
0.025987 0.000005 0.452638 0.024187 0.050583 0.149946 0.015622 0.245763 0.035269 
0.000018 0.000004 0.298766 0.079502 0.000019 0.120005 0.241812 0.238706 0.021168 
0.000012 0.000005 0.094440 0.000014 0.015890 0.191010 0.050846 0.164324 0.483460 
0.000008 0.055575 0.263548 0.244191 0.000015 0.053951 0.151243 0.170778 0.060691 
0.014759 0.530518 0.003696 0.059820 0.042716 0.289202 0.048651 0.010608 0.000031 
0.000027 0.000002 0.024392 0.000015 0.000012 0.000422 0.939769 0.035294 0.000068 
0.000017 0.022100 0.311293 0.086264 0.042662 0.051407 0.021959 0.464257 0.000042 
0.000018 0.128133 0.026961 0.016622 0.007215 0.019410 0.027421 0.153318 0.620902 
0.030691 0.207434 0.045435 0.236111 0.000016 0.254383 0.098497 0.127395 0.000039 
0.074118 0.000005 0.272247 0.000010 0.117569 0.052737 0.014669 0.384234 0.084411 
0.000012 0.000004 0.159302 0.228706 0.490926 0.000674 0.036752 0.083588 0.000036 
0.000017 0.000005 0.023211 0.319206 0.431054 0.043522 0.107999 0.074960 0.000026 
0.258637 0.000004 0.003213 0.097480 0.000013 0.047050 0.051522 0.127507 0.414574 
0.287943 0.121467 0.005364 0.000030 0.000015 0.103349 0.058253 0.222623 0.200956 
0.000014 0.201201 0.049856 0.014385 0.000015 0.157659 0.001453 0.309125 0.266293 
0.000019 0.000005 0.300561 0.060627 0.050669 0.007197 0.337259 0.177892 0.065770 
0.000015 0.000005 0.142646 0.000022 0.000013 0.233000 0.029745 0.468529 0.126025 
0.599130 0.000004 0.001874 0.000008 0.000017 0.030026 0.022115 0.116736 0.230089 
0.054447 0.000005 0.170153 0.000030 0.016243 0.435881 0.087061 0.192987 0.043194 
0.000010 0.000004 0.122755 0.006065 0.062358 0.107064 0.084284 0.575328 0.042132 
0.177552 0.000004 0.186498 0.027216 0.349914 0.010081 0.111530 0.137154 0.000051 
0.000016 0.000004 0.446577 0.000028 0.000013 0.065625 0.113502 0.326348 0.047886 
0.000016 0.000005 0.169198 0.000022 0.057473 0.238281 0.121174 0.123100 0.290730 
0.020890 0.116277 0.143277 0.000031 0.169561 0.215473 0.101162 0.233277 0.000052 
0.000014 0.100037 0.206222 0.000012 0.000015 0.363868 0.078946 0.193791 0.057097 
0.000019 0.000005 0.156814 0.014654 0.083303 0.055736 0.002324 0.644260 0.042884 
0.046920 0.000005 0.125414 0.034568 0.000020 0.604441 0.048550 0.140031 0.000050 
0.000011 0.000005 0.169677 0.024741 0.031447 0.071310 0.002142 0.675292 0.025375 
0.031413 0.000005 0.097504 0.017250 0.039418 0.441089 0.055838 0.317433 0.000050 
0.046743 0.000004 0.073793 0.698233 0.117025 0.019673 0.032108 0.012396 0.000024 
0.000017 0.037777 0.004749 0.420435 0.357442 0.024219 0.017418 0.137922 0.000021 
0.161514 0.000004 0.050805 0.000034 0.000014 0.076730 0.029760 0.681086 0.000053 
0.313071 0.000005 0.109628 0.000023 0.000019 0.225076 0.249831 0.074555 0.027792 
0.000016 0.051048 0.226535 0.050082 0.000018 0.046121 0.292098 0.306096 0.027988 
0.000009 0.168997 0.051130 0.064465 0.000017 0.079425 0.565342 0.053409 0.017206 
0.000007 0.000004 0.487228 0.000021 0.118264 0.000662 0.071359 0.322403 0.000051 
0.000012 0.000004 0.140993 0.110968 0.000016 0.046738 0.051475 0.263781 0.386014 
0.000016 0.000005 0.326896 0.000023 0.114426 0.165026 0.045816 0.318558 0.029234 
0.000017 0.000005 0.044411 0.000021 0.044916 0.592852 0.069406 0.248308 0.000065 
0.274724 0.000004 0.372729 0.000009 0.000017 0.012181 0.024620 0.315668 0.000049 
0.000012 0.000004 0.111263 0.000023 0.068465 0.043788 0.625939 0.150463 0.000042 
0.000015 0.044437 0.277819 0.081201 0.000019 0.248911 0.077243 0.255794 0.014561 
0.000021 0.000004 0.027284 0.000015 0.016246 0.203277 0.573145 0.148733 0.031273 
0.000014 0.041262 0.317659 0.000026 0.000013 0.049932 0.368863 0.203436 0.018796 
0.000025 0.607441 0.006029 0.000031 0.000012 0.317702 0.025828 0.042871 0.000060 
0.000007 0.000003 0.021011 0.751589 0.059908 0.008537 0.137674 0.021248 0.000023 
0.416491 0.000004 0.045022 0.051629 0.301651 0.017636 0.043444 0.124082 0.000040 
0.194007 0.000004 0.034389 0.000024 0.000011 0.063643 0.008613 0.278136 0.421172 
0.012049 0.008570 0.002402 0.917796 0.000010 0.008936 0.027766 0.022424 0.000047 
0.638563 0.000005 0.057266 0.000032 0.000014 0.097794 0.056090 0.089560 0.060675 
0.230190 0.000005 0.305266 0.000029 0.000018 0.032039 0.110162 0.228918 0.093373 
0.000009 0.000005 0.385008 0.016739 0.062675 0.144200 0.046113 0.322110 0.023142 
0.000011 0.327534 0.000905 0.000021 0.000012 0.235902 0.375985 0.059533 0.000095 
0.000010 0.000005 0.351294 0.000012 0.097773 0.038563 0.060555 0.451724 0.000064 
0.000020 0.000004 0.111842 0.088066 0.051721 0.089295 0.212709 0.376485 0.069858 
0.000017 0.000005 0.079478 0.000022 0.000016 0.200276 0.518998 0.099251 0.101936 
0.000013 0.057878 0.081731 0.000021 0.519533 0.055724 0.022754 0.262305 0.000042 
0.035524 0.178415 0.036439 0.000024 0.000014 0.563102 0.044741 0.141701 0.000039 
0.000018 0.061942 0.358234 0.000019 0.000014 0.073225 0.078049 0.284237 0.144261 
0.000016 0.114087 0.140649 0.000026 0.000012 0.126189 0.057128 0.170244 0.391649 
0.029395 0.084004 0.262281 0.075238 0.000014 0.117876 0.122086 0.257923 0.051183 
0.547857 0.020199 0.155123 0.042848 0.010821 0.035628 0.135388 0.052080 0.000055 
0.000017 0.000005 0.378325 0.000006 0.068242 0.105666 0.010564 0.437127 0.000049 
0.019890 0.375893 0.059414 0.000002 0.263444 0.214871 0.001054 0.065380 0.000051 
0.000015 0.000004 0.179623 0.000018 0.153790 0.043884 0.045287 0.577332 0.000049 
0.267341 0.044231 0.254826 0.190203 0.000017 0.091511 0.017261 0.134571 0.000038 
0.046181 0.027030 0.142842 0.235450 0.017367 0.109579 0.243797 0.115884 0.061868 
0.000013 0.000005 0.101228 0.000026 0.279900 0.002341 0.456607 0.082892 0.076987 
0.000013 0.000005 0.062497 0.000024 0.610024 0.036206 0.027280 0.241822 0.022129 
0.000013 0.080519 0.195809 0.000019 0.057536 0.073585 0.198279 0.244566 0.149674 
0.040954 0.015401 0.092577 0.697696 0.000017 0.003676 0.010304 0.099079 0.040297 
0.038150 0.000004 0.183463 0.000018 0.034658 0.029268 0.004076 0.695692 0.014672 
0.043429 0.000004 0.028449 0.755022 0.059658 0.069558 0.021716 0.006147 0.016017 
0.057412 0.000006 0.053098 0.000024 0.000014 0.005746 0.664421 0.219225 0.000055 
0.000014 0.000004 0.264965 0.000039 0.053914 0.042631 0.017268 0.412673 0.208492 
0.000011 0.156712 0.087205 0.000016 0.167319 0.383924 0.022529 0.182237 0.000047 
0.237402 0.000004 0.029900 0.000026 0.000010 0.013084 0.703223 0.016303 0.000047 
0.000012 0.043167 0.536780 0.000032 0.000017 0.001348 0.022227 0.378637 0.017779 
0.000013 0.012771 0.279091 0.000029 0.000016 0.028194 0.027230 0.506946 0.145711 
0.000020 0.000004 0.180555 0.034444 0.000014 0.247966 0.264892 0.184419 0.087687 
0.034119 0.000005 0.176773 0.096754 0.042715 0.112882 0.032970 0.152916 0.350866 
0.018331 0.025182 0.283605 0.206454 0.000018 0.098819 0.075993 0.203508 0.088090 
0.141686 0.134503 0.102405 0.000021 0.033926 0.061598 0.043626 0.120585 0.361650 
0.324934 0.100641 0.255783 0.057073 0.000011 0.017573 0.054012 0.189931 0.000041 
0.038760 0.046183 0.292016 0.000025 0.096815 0.037074 0.045747 0.365825 0.077556 
0.000018 0.000004 0.011608 0.000020 0.000014 0.054170 0.067702 0.300213 0.566251 
0.000007 0.074523 0.305988 0.000036 0.221134 0.030080 0.046641 0.301501 0.020090 
0.000008 0.000003 0.028663 0.040408 0.043988 0.041741 0.004515 0.810368 0.030306 
0.000013 0.000004 0.084108 0.157397 0.000015 0.040688 0.103422 0.180699 0.433655 
0.000009 0.000003 0.009273 0.412928 0.406196 0.011416 0.021663 0.138498 0.000013 
0.166494 0.000005 0.058516 0.515649 0.000016 0.155780 0.018211 0.085293 0.000036 
0.312324 0.000004 0.214778 0.000021 0.000017 0.212289 0.046261 0.201933 0.012373 
0.000015 0.082638 0.204669 0.000024 0.199794 0.089075 0.078275 0.268289 0.077221 
0.000015 0.033606 0.082362 0.000025 0.126767 0.043492 0.059471 0.219112 0.435151 
0.000018 0.137767 0.337041 0.000028 0.000016 0.010725 0.053703 0.317707 0.142995 
0.000013 0.031319 0.109367 0.000010 0.000014 0.067772 0.035785 0.161845 0.593875 
0.000021 0.488781 0.002128 0.000020 0.000018 0.228246 0.137975 0.062061 0.080750 
0.000017 0.000005 0.341114 0.159687 0.053374 0.130537 0.057420 0.257794 0.000051 
0.000013 0.000005 0.052568 0.000014 0.623008 0.000693 0.012083 0.311589 0.000027 
0.210183 0.000004 0.029046 0.126755 0.205850 0.299677 0.014523 0.113882 0.000079 
0.000017 0.074405 0.377872 0.000023 0.046914 0.097513 0.043940 0.223410 0.135906 
0.137157 0.096353 0.029851 0.000028 0.350136 0.067035 0.210809 0.108589 0.000041 
0.000014 0.000004 0.074400 0.024958 0.625971 0.028247 0.047049 0.199331 0.000026 
0.000012 0.000005 0.111377 0.000026 0.000014 0.037635 0.039222 0.301251 0.510457 
0.000015 0.000005 0.067758 0.000023 0.139020 0.050221 0.064286 0.678632 0.000039 
0.000018 0.000004 0.001673 0.062729 0.000011 0.007962 0.433610 0.157337 0.336657 
0.000018 0.000004 0.060014 0.000026 0.020949 0.015438 0.169683 0.191025 0.542843 
0.000016 0.345339 0.096565 0.016242 0.000019 0.325183 0.014298 0.202294 0.000045 
0.000019 0.000003 0.033572 0.214229 0.081493 0.000553 0.664408 0.005688 0.000035 
0.000016 0.000003 0.015129 0.363220 0.039813 0.104759 0.030083 0.125050 0.321926 
0.633462 0.000005 0.037505 0.026776 0.065406 0.116860 0.013779 0.051658 0.054549 
0.027257 0.000003 0.003199 0.633091 0.000015 0.017744 0.256072 0.062584 0.000034 
0.063262 0.000005 0.056480 0.014242 0.000016 0.530142 0.064602 0.271211 0.000040 
0.000017 0.000005 0.074940 0.017724 0.036678 0.399366 0.024400 0.247525 0.199345 
0.034838 0.000004 0.042667 0.024989 0.020630 0.669798 0.105580 0.088297 0.013197 
0.000015 0.028151 0.064452 0.000014 0.000019 0.058740 0.008507 0.559879 0.280223 
