-393552.247831
0
0.348979 0.000000 0.000000 0.000000 0.000000 0.000000 0.000000 0.000000 0.000000 0.000000 0.000000 0.000000 0.000000 0.000000 0.000000 0.000000 0.000000 0.000000 0.000000 0.000000 0.000000 0.000000 0.117905 0.000000 0.000000 0.000000 0.000000 0.000000 0.000000 0.000000 0.050632 0.000000 0.000000 0.000000 0.000000 0.000000 0.000000 0.000000 0.000000 0.000000 0.000000 0.000000 0.000000 0.000000 0.000000 0.000000 0.331710 0.000000 0.000000 0.000000 0.000000 0.000000 0.000000 0.000000 0.000000 0.000000 0.000000 0.000000 0.000000 0.000000 0.000000 0.000000 0.000000 0.000000 0.000000 0.000000 0.000000 0.000000 0.000000 0.000000 0.000000 0.000000 0.000000 0.000000 0.000000 0.000000 0.000000 0.000000 0.000000 0.000000 0.000000 0.000000 0.000000 0.000000 0.150774 0.000000 0.000000 0.000000 0.000000 0.000000 0.000000 0.000000 0.000000 0.000000 0.000000 0.000000 
0.002867 0.000000 0.000000 0.000000 0.071824 0.024504 0.015828 0.072351 0.017530 0.000000 0.000000 0.010247 0.000000 0.000000 0.000000 0.000000 0.000000 0.000000 0.000000 0.006364 0.000000 0.000000 0.017445 0.014824 0.000000 0.007068 0.000000 0.000000 0.048278 0.040707 0.008629 0.069370 0.000000 0.000000 0.000000 0.006507 0.000000 0.000000 0.009412 0.010319 0.000000 0.000000 0.000000 0.000000 0.000000 0.014807 0.027755 0.000000 0.000000 0.000000 0.000000 0.000000 0.029828 0.026389 0.000000 0.050574 0.030188 0.000000 0.000000 0.014809 0.000000 0.007149 0.000000 0.000000 0.000000 0.000000 0.000000 0.000000 0.006269 0.008837 0.047106 0.013245 0.000000 0.033013 0.000000 0.000000 0.043522 0.054270 0.008358 0.087423 0.000000 0.000000 0.000000 0.000000 0.000000 0.007257 0.006442 0.003020 0.000000 0.000000 0.000000 0.000000 0.000000 0.005703 0.019965 0.000000 
0.000000 0.000000 0.000000 0.000000 0.000000 0.008183 0.000000 0.000000 0.017867 0.000000 0.000000 0.000000 0.000000 0.000000 0.000000 0.000000 0.071570 0.037004 0.062176 0.074204 0.000000 0.010551 0.000000 0.000000 0.000000 0.000000 0.000000 0.000000 0.000000 0.000000 0.000000 0.000000 0.000000 0.000000 0.000000 0.000000 0.000000 0.000000 0.000000 0.000000 0.053346 0.046258 0.055958 0.066053 0.000000 0.000000 0.000000 0.039894 0.000000 0.000000 0.000000 0.000000 0.000000 0.000000 0.000000 0.000000 0.000000 0.012469 0.000000 0.023851 0.000000 0.000000 0.000000 0.000000 0.000000 0.038478 0.048105 0.053412 0.000000 0.000000 0.000000 0.000000 0.000000 0.000000 0.000000 0.000000 0.000000 0.000000 0.000000 0.000000 0.000000 0.000000 0.000000 0.000000 0.000000 0.000000 0.000000 0.000000 0.057347 0.056044 0.042001 0.047934 0.000000 0.021817 0.000000 0.055477 
0.000000 0.000000 0.000000 0.000000 0.000000 0.000000 0.000000 0.000000 0.000000 0.000000 0.000000 0.001794 0.000000 0.000000 0.000000 0.000000 0.000000 0.000000 0.000000 0.000000 0.000000 0.000000 0.000000 0.000000 0.000000 0.000000 0.000000 0.000000 0.000000 0.000000 0.000000 0.000000 0.000000 0.000000 0.004359 0.006120 0.000000 0.000000 0.000000 0.000000 0.000000 0.000000 0.000000 0.000000 0.000000 0.000000 0.000000 0.000000 0.000000 0.000000 0.000000 0.000000 0.000000 0.000000 0.000000 0.000000 0.005371 0.000000 0.000000 0.000000 0.000000 0.000000 0.000000 0.000000 0.000000 0.000000 0.000000 0.000000 0.000000 0.000000 0.000000 0.000000 0.000000 0.000000 0.000000 0.000000 0.005124 0.000000 0.000000 0.000000 0.558249 0.073741 0.038387 0.306856 0.000000 0.000000 0.000000 0.000000 0.000000 0.000000 0.000000 0.000000 0.000000 0.000000 0.000000 0.000000 
0.000000 0.000000 0.000000 0.010012 0.000000 0.000000 0.000000 0.000000 0.000000 0.000000 0.000000 0.006915 0.000000 0.000000 0.000000 0.000000 0.000000 0.000000 0.000000 0.000000 0.000000 0.002672 0.002114 0.017389 0.000000 0.000000 0.000000 0.015324 0.000000 0.000000 0.000000 0.000000 0.000000 0.000000 0.000000 0.000000 0.000000 0.000000 0.000000 0.000000 0.000000 0.000000 0.000000 0.000000 0.000000 0.000651 0.004863 0.017922 0.000000 0.000000 0.000000 0.005848 0.000000 0.000000 0.000000 0.000000 0.000000 0.004524 0.015570 0.013365 0.000000 0.000000 0.000000 0.000000 0.000000 0.010604 0.003028 0.011746 0.000000 0.001334 0.000000 0.002764 0.052128 0.000000 0.004049 0.402471 0.000000 0.000000 0.000000 0.000000 0.000000 0.000000 0.253771 0.039996 0.000000 0.000000 0.000000 0.000000 0.000000 0.005806 0.003894 0.008594 0.000000 0.009634 0.002015 0.070998 
0.000000 0.000000 0.000000 0.000000 0.000000 0.000000 0.000000 0.000000 0.000000 1.000000 0.000000 0.000000 0.000000 0.000000 0.000000 0.000000 0.000000 0.000000 0.000000 0.000000 0.000000 0.000000 0.000000 0.000000 0.000000 0.000000 0.000000 0.000000 0.000000 0.000000 0.000000 0.000000 0.000000 0.000000 0.000000 0.000000 0.000000 0.000000 0.000000 0.000000 0.000000 0.000000 0.000000 0.000000 0.000000 0.000000 0.000000 0.000000 0.000000 0.000000 0.000000 0.000000 0.000000 0.000000 0.000000 0.000000 0.000000 0.000000 0.000000 0.000000 0.000000 0.000000 0.000000 0.000000 0.000000 0.000000 0.000000 0.000000 0.000000 0.000000 0.000000 0.000000 0.000000 0.000000 0.000000 0.000000 0.000000 0.000000 0.000000 0.000000 0.000000 0.000000 0.000000 0.000000 0.000000 0.000000 0.000000 0.000000 0.000000 0.000000 0.000000 0.000000 0.000000 0.000000 0.000000 0.000000 
0.000000 0.000000 0.000000 0.000000 0.000000 0.000000 0.000000 0.000000 0.041842 0.022722 0.000000 0.017630 0.000000 0.005385 0.000000 0.001716 0.000000 0.003278 0.025971 0.000000 0.000000 0.000000 0.000000 0.000000 0.009757 0.030301 0.014262 0.090047 0.000000 0.000000 0.000000 0.000000 0.000000 0.000000 0.096364 0.000000 0.000000 0.004426 0.000000 0.000000 0.004620 0.000000 0.037019 0.000000 0.000000 0.008489 0.006453 0.009075 0.000000 0.008784 0.000000 0.011037 0.000000 0.006302 0.000000 0.000000 0.116482 0.134562 0.133199 0.088801 0.000000 0.003503 0.000000 0.000000 0.022694 0.005363 0.011811 0.000000 0.000000 0.000000 0.000000 0.004450 0.000000 0.000000 0.000000 0.000000 0.000000 0.000000 0.000000 0.000000 0.000000 0.000000 0.000000 0.000000 0.000000 0.000000 0.000000 0.000000 0.005878 0.000000 0.015711 0.000000 0.000000 0.000000 0.000000 0.002066 
0.045301 0.043993 0.000000 0.045931 0.000000 0.006663 0.000000 0.000000 0.026358 0.000000 0.000000 0.030191 0.027199 0.023580 0.026532 0.034364 0.020830 0.010602 0.009058 0.021081 0.000000 0.000000 0.007162 0.000000 0.042120 0.000000 0.000000 0.026063 0.000000 0.000000 0.000000 0.000000 0.000000 0.000000 0.000000 0.037696 0.019771 0.031367 0.015414 0.038173 0.000000 0.014779 0.000000 0.004872 0.000000 0.000000 0.000000 0.000000 0.029571 0.015181 0.000000 0.033895 0.000000 0.000000 0.000000 0.000000 0.000000 0.000000 0.000000 0.000000 0.013838 0.010674 0.016222 0.030119 0.016778 0.004436 0.000000 0.002987 0.000000 0.000000 0.000000 0.003250 0.041803 0.000000 0.000000 0.030986 0.000000 0.000000 0.000000 0.000000 0.000000 0.000000 0.000000 0.009925 0.028102 0.018427 0.008051 0.047406 0.005745 0.004258 0.000000 0.009027 0.000000 0.000000 0.010214 0.000000 
0.000000 0.005380 0.000000 0.000000 0.000000 0.000000 0.000000 0.000000 0.027948 0.023213 0.364382 0.014747 0.000000 0.000000 0.000000 0.007226 0.000000 0.000000 0.000000 0.000000 0.000000 0.000751 0.000000 0.007893 0.000000 0.000000 0.000000 0.000000 0.000000 0.000000 0.000000 0.000000 0.021156 0.018429 0.160238 0.010160 0.000000 0.000000 0.000000 0.000000 0.000000 0.000000 0.000000 0.000000 0.000000 0.000000 0.000000 0.000000 0.000000 0.000000 0.000000 0.000000 0.000000 0.000000 0.000000 0.000000 0.019884 0.018674 0.187185 0.012416 0.000000 0.000000 0.000000 0.000000 0.000000 0.000000 0.000000 0.008931 0.000000 0.000000 0.000000 0.000000 0.000000 0.000000 0.000000 0.000000 0.000000 0.000000 0.000000 0.000000 0.000000 0.000000 0.086828 0.000000 0.000000 0.000000 0.000000 0.000000 0.000000 0.000000 0.004557 0.000000 0.000000 0.000000 0.000000 0.000000 
0.000000 0.000000 0.000000 0.000000 0.000000 0.000000 0.000000 0.000000 0.000000 0.000000 0.000000 0.000000 0.016398 0.000000 0.007061 0.026974 0.000000 0.000000 0.000000 0.000000 0.100454 0.006734 0.007311 0.038957 0.000000 0.000000 0.000000 0.000000 0.000000 0.000000 0.000000 0.000000 0.000000 0.000000 0.000000 0.000000 0.008475 0.000000 0.000000 0.000000 0.000000 0.000000 0.000000 0.030008 0.066070 0.016549 0.025601 0.104010 0.000000 0.008517 0.000000 0.000000 0.000000 0.003658 0.000000 0.005783 0.000000 0.000000 0.000000 0.000000 0.000000 0.000000 0.000000 0.000000 0.006838 0.000000 0.000000 0.000000 0.011661 0.000000 0.009430 0.041313 0.027866 0.000000 0.000000 0.035972 0.000000 0.000000 0.000000 0.000000 0.000000 0.000000 0.000000 0.000000 0.035598 0.000000 0.032965 0.015226 0.000000 0.000000 0.000000 0.040396 0.148546 0.000000 0.019809 0.101821 
0.000000 0.000000 0.000000 0.000000 0.000000 0.000000 0.000000 0.000000 0.000000 0.000000 0.000000 0.000000 0.000000 0.000000 0.000000 0.000000 0.000000 0.000000 0.000000 0.000000 0.000000 0.000000 0.000000 0.000000 0.000000 0.000000 0.000000 0.000000 0.000000 0.000000 0.000000 0.000000 0.000000 0.000000 0.000000 0.000000 0.000000 0.000000 0.000000 0.000000 0.000000 0.000000 0.000000 0.000000 0.000000 0.000000 0.000000 0.000000 0.000000 0.000000 0.000000 0.000000 0.000000 0.000000 0.000000 0.329674 0.000000 0.000000 0.000000 0.000000 0.000000 0.000000 0.000000 0.000000 0.000000 0.000000 0.000000 0.000000 0.000000 0.000000 0.000000 0.000000 0.000000 0.670326 0.000000 0.000000 0.000000 0.000000 0.000000 0.000000 0.000000 0.000000 0.000000 0.000000 0.000000 0.000000 0.000000 0.000000 0.000000 0.000000 0.000000 0.000000 0.000000 0.000000 0.000000 0.000000 
0.000000 0.000000 0.000000 0.000000 0.000000 0.000000 0.000000 0.000000 0.000000 0.027911 0.000000 0.004060 0.000000 0.000000 0.002137 0.004981 0.000000 0.000000 0.000000 0.000000 0.000000 0.000000 0.000000 0.000000 0.000000 0.000000 0.000000 0.000000 0.000000 0.000000 0.000000 0.000000 0.119459 0.139243 0.024134 0.103114 0.000000 0.000571 0.000000 0.000000 0.000000 0.000000 0.000000 0.002948 0.000000 0.000872 0.000000 0.000000 0.000000 0.000000 0.000000 0.000000 0.000000 0.000000 0.000000 0.000000 0.000000 0.028165 0.000000 0.018592 0.000000 0.000000 0.000000 0.000000 0.000000 0.000000 0.000000 0.010636 0.000000 0.000000 0.000000 0.000000 0.000000 0.000000 0.000000 0.000000 0.000000 0.000000 0.000000 0.000000 0.000000 0.362561 0.120194 0.027941 0.000000 0.000000 0.001488 0.000994 0.000000 0.000000 0.000000 0.000000 0.000000 0.000000 0.000000 0.000000 
0.000000 0.000000 0.000000 0.000000 0.000000 0.000000 0.000000 0.000000 0.000000 0.000000 0.000000 0.000000 0.132420 0.000000 0.000000 0.098143 0.000000 0.000000 0.000000 0.000000 0.000000 0.000000 0.000000 0.000000 0.000000 0.000000 0.000000 0.000000 0.000000 0.000000 0.000000 0.000000 0.000000 0.000000 0.000000 0.000000 0.000000 0.000000 0.000000 0.000000 0.000000 0.000000 0.000000 0.000000 0.000000 0.000000 0.000000 0.000000 0.000000 0.000000 0.000000 0.000000 0.000000 0.000000 0.000000 0.000000 0.000000 0.000000 0.000000 0.000000 0.000000 0.000000 0.000000 0.000000 0.000000 0.000000 0.000000 0.000000 0.000000 0.000000 0.000000 0.000000 0.000000 0.000000 0.000000 0.000000 0.000000 0.000000 0.000000 0.000000 0.000000 0.000000 0.000000 0.384728 0.000000 0.000000 0.000000 0.000000 0.000000 0.000000 0.000000 0.384708 0.000000 0.000000 0.000000 0.000000 
0.000000 0.000000 0.000000 0.000000 0.000000 0.000000 0.000000 0.000000 0.053885 0.000000 0.000000 0.000000 0.000000 0.000000 0.000000 0.000000 0.000000 0.000000 0.000000 0.000000 0.000000 0.000000 0.000000 0.000000 0.000000 0.000000 0.000000 0.000000 0.000000 0.000000 0.000000 0.000000 0.034531 0.000000 0.000000 0.000000 0.000000 0.000000 0.000000 0.000000 0.000000 0.000000 0.000000 0.000000 0.000000 0.000000 0.000000 0.000000 0.000000 0.000000 0.000000 0.000000 0.000000 0.000000 0.000000 0.000000 0.000000 0.000000 0.000000 0.000000 0.000000 0.000000 0.000000 0.000000 0.000000 0.000000 0.000000 0.000000 0.000000 0.000000 0.000000 0.000000 0.097938 0.029296 0.007707 0.000000 0.253315 0.000000 0.007997 0.515332 0.000000 0.000000 0.000000 0.000000 0.000000 0.000000 0.000000 0.000000 0.000000 0.000000 0.000000 0.000000 0.000000 0.000000 0.000000 0.000000 
0.000000 0.000000 0.000000 0.000000 0.000000 0.000000 0.000000 0.029775 0.000000 0.000000 0.000000 0.067311 0.043275 0.000000 0.023387 0.000000 0.194430 0.000000 0.066724 0.000000 0.000000 0.000000 0.000000 0.000000 0.000000 0.000000 0.000000 0.000000 0.000000 0.000000 0.000000 0.024179 0.132608 0.073749 0.000000 0.044437 0.000000 0.000000 0.000000 0.000000 0.000000 0.000000 0.000000 0.000000 0.000000 0.000000 0.000000 0.000000 0.000000 0.020560 0.000000 0.000000 0.000000 0.000000 0.000000 0.000000 0.062443 0.000000 0.000000 0.000000 0.000000 0.000000 0.033007 0.000000 0.124882 0.000000 0.000000 0.000000 0.000000 0.000000 0.000000 0.000000 0.000000 0.000000 0.023196 0.000000 0.000000 0.000000 0.000000 0.000000 0.000000 0.000000 0.000000 0.000000 0.000000 0.000000 0.027184 0.000000 0.008853 0.000000 0.000000 0.000000 0.000000 0.000000 0.000000 0.000000 
0.046777 0.033198 0.026751 0.022724 0.010003 0.000000 0.000000 0.000000 0.010460 0.000000 0.000000 0.000000 0.000000 0.000000 0.006010 0.000000 0.000000 0.000000 0.006037 0.000000 0.000000 0.000000 0.000000 0.000000 0.060779 0.109616 0.010439 0.051954 0.009955 0.008170 0.006045 0.004656 0.028253 0.012816 0.001478 0.008904 0.004161 0.007095 0.044487 0.007915 0.005381 0.000000 0.010068 0.003206 0.000000 0.000000 0.000000 0.000000 0.054528 0.059399 0.029834 0.032357 0.006648 0.011478 0.008252 0.000000 0.000000 0.000000 0.000000 0.000000 0.009118 0.002764 0.011895 0.000000 0.000000 0.000000 0.003801 0.000000 0.000000 0.000000 0.000000 0.000000 0.043542 0.083152 0.017574 0.048566 0.000000 0.008056 0.002003 0.000000 0.000000 0.000000 0.000000 0.000000 0.000000 0.001928 0.007770 0.000000 0.000000 0.000000 0.000000 0.000000 0.000000 0.000000 0.000000 0.000000 
0.033302 0.000000 0.000000 0.000000 0.000000 0.000000 0.000000 0.000000 0.000000 0.000000 0.000000 0.000000 0.000000 0.000000 0.000000 0.000000 0.000000 0.050848 0.000000 0.000000 0.000000 0.000000 0.000000 0.000000 0.000000 0.000000 0.000000 0.000000 0.000000 0.000000 0.000000 0.000000 0.000000 0.000000 0.000000 0.000000 0.000000 0.000000 0.000000 0.000000 0.000000 0.000000 0.000000 0.000000 0.000000 0.000000 0.000000 0.000000 0.039538 0.000000 0.000000 0.000000 0.000000 0.000000 0.000000 0.000000 0.000000 0.000000 0.000000 0.000000 0.000000 0.000000 0.000000 0.000000 0.128023 0.000000 0.000000 0.000000 0.000000 0.062554 0.000000 0.000000 0.000000 0.163014 0.000000 0.000000 0.000000 0.000000 0.000000 0.000000 0.000000 0.000000 0.454787 0.000000 0.000000 0.000000 0.000000 0.000000 0.067934 0.000000 0.000000 0.000000 0.000000 0.000000 0.000000 0.000000 
0.000000 0.032392 0.043638 0.143823 0.000839 0.000000 0.024471 0.128655 0.010194 0.000176 0.000000 0.525646 0.000000 0.000000 0.000000 0.090164 0.000000 
0.000000 0.020450 0.040227 0.048902 0.475167 0.000000 0.037984 0.047385 0.141334 0.000291 0.015894 0.090097 0.021973 0.000000 0.042591 0.017707 0.000000 
0.000000 0.036929 0.053528 0.078719 0.516839 0.000000 0.061104 0.022340 0.026902 0.000303 0.012392 0.132235 0.000000 0.000000 0.025678 0.033031 0.000000 
0.000000 0.018813 0.059017 0.017480 0.013652 0.000000 0.380145 0.025695 0.256419 0.032442 0.000000 0.060269 0.000000 0.000000 0.000000 0.102198 0.033870 
0.015432 0.040217 0.047838 0.006809 0.116684 0.000000 0.225004 0.269317 0.161412 0.000407 0.000000 0.047439 0.000000 0.000000 0.000000 0.069441 0.000000 
0.000000 0.074068 0.195159 0.011839 0.026318 0.000000 0.134945 0.099979 0.011930 0.028892 0.000000 0.067703 0.000000 0.000000 0.032706 0.316461 0.000000 
0.000000 0.017123 0.001088 0.489208 0.179549 0.000000 0.032960 0.004922 0.001108 0.000171 0.000000 0.040148 0.000000 0.146774 0.000000 0.086950 0.000000 
0.000000 0.013777 0.105308 0.244419 0.025233 0.000000 0.046601 0.149683 0.078931 0.137478 0.000000 0.104104 0.000000 0.050865 0.000000 0.043602 0.000000 
0.043954 0.164911 0.152227 0.063083 0.001255 0.000000 0.062822 0.178948 0.001209 0.044517 0.000000 0.064014 0.000000 0.000000 0.000000 0.223060 0.000000 
0.000000 0.247259 0.147934 0.073358 0.015741 0.000000 0.005585 0.208134 0.001194 0.013454 0.000000 0.253286 0.000000 0.000000 0.000000 0.034055 0.000000 
0.000000 0.078319 0.040862 0.030958 0.061056 0.006612 0.104898 0.280511 0.121373 0.015603 0.000000 0.019802 0.000000 0.000000 0.000000 0.240005 0.000000 
0.000000 0.336612 0.109332 0.017609 0.012124 0.000000 0.015116 0.252209 0.006490 0.078576 0.000000 0.012847 0.000000 0.000000 0.044793 0.114292 0.000000 
0.000000 0.011050 0.052364 0.158083 0.000980 0.017804 0.038418 0.031532 0.081858 0.016237 0.000000 0.590685 0.000000 0.000000 0.000000 0.000989 0.000000 
0.000000 0.086104 0.167489 0.017834 0.010854 0.000000 0.052559 0.247665 0.002879 0.008468 0.000000 0.043268 0.000000 0.000000 0.000000 0.362881 0.000000 
0.000000 0.028544 0.069843 0.026447 0.098865 0.014270 0.188163 0.027377 0.146384 0.000128 0.000000 0.046541 0.000000 0.000000 0.000000 0.353438 0.000000 
0.000000 0.306434 0.143963 0.010784 0.010221 0.009293 0.049604 0.284703 0.083022 0.022939 0.000000 0.045347 0.000000 0.000000 0.000000 0.033689 0.000000 
0.000000 0.004785 0.012297 0.054423 0.544266 0.000000 0.057145 0.046081 0.026405 0.013249 0.000000 0.189442 0.000000 0.000000 0.000000 0.005578 0.046328 
0.000000 0.018610 0.046407 0.306038 0.043608 0.000000 0.037020 0.057723 0.249752 0.023434 0.000000 0.045694 0.000000 0.076773 0.000000 0.034018 0.060923 
0.000000 0.095233 0.178834 0.025680 0.065465 0.000000 0.053444 0.168849 0.038175 0.095054 0.016599 0.043015 0.000000 0.000000 0.139027 0.080626 0.000000 
0.000000 0.113465 0.090385 0.136115 0.044062 0.000000 0.044564 0.242572 0.156520 0.000287 0.000000 0.115822 0.000000 0.000000 0.000000 0.056210 0.000000 
0.024267 0.066439 0.211816 0.027409 0.001600 0.007465 0.036107 0.179991 0.015827 0.279498 0.000000 0.019853 0.000000 0.000000 0.000000 0.129728 0.000000 
0.000000 0.087646 0.060259 0.148626 0.077091 0.000000 0.048960 0.256873 0.092348 0.026242 0.000000 0.059620 0.000000 0.017487 0.000000 0.095514 0.029333 
0.000000 0.004989 0.040459 0.025322 0.004091 0.000000 0.321363 0.330689 0.143792 0.017274 0.000000 0.045715 0.000000 0.000000 0.000000 0.066307 0.000000 
0.014050 0.000710 0.037040 0.070612 0.333212 0.000000 0.093747 0.054310 0.109885 0.000342 0.000000 0.242989 0.000000 0.000000 0.000000 0.043102 0.000000 
0.000000 0.081616 0.157584 0.021494 0.010880 0.000000 0.215035 0.112404 0.132454 0.033957 0.000000 0.041946 0.000000 0.000000 0.000000 0.192630 0.000000 
0.000000 0.025466 0.110932 0.076790 0.010341 0.000000 0.092785 0.113736 0.036667 0.177386 0.000000 0.341759 0.000000 0.000000 0.000000 0.014136 0.000000 
0.000000 0.024667 0.072665 0.019633 0.011563 0.000000 0.542846 0.055871 0.223921 0.000318 0.000000 0.016687 0.000000 0.000000 0.000000 0.031829 0.000000 
0.000000 0.316995 0.197412 0.058009 0.001316 0.021932 0.047114 0.181809 0.000880 0.010510 0.000000 0.055282 0.000000 0.000000 0.000000 0.108740 0.000000 
0.032267 0.165239 0.144336 0.037490 0.063077 0.000000 0.085332 0.167816 0.001898 0.025061 0.021073 0.066069 0.000000 0.000000 0.057883 0.132460 0.000000 
0.000000 0.054974 0.156585 0.010441 0.052946 0.000000 0.086266 0.185436 0.097315 0.273241 0.000000 0.027744 0.000000 0.000000 0.036424 0.018628 0.000000 
0.000000 0.118156 0.111667 0.023769 0.456818 0.000000 0.031869 0.138927 0.009037 0.000421 0.000000 0.057611 0.000000 0.000000 0.000000 0.051726 0.000000 
0.024333 0.121274 0.225898 0.040878 0.020148 0.010081 0.072930 0.217364 0.020305 0.032831 0.000000 0.059371 0.000000 0.000000 0.048074 0.106512 0.000000 
0.000000 0.021305 0.135462 0.042278 0.030382 0.000000 0.049295 0.176259 0.372322 0.035072 0.000000 0.031106 0.000000 0.012915 0.000000 0.062217 0.031387 
0.000000 0.024184 0.003894 0.384625 0.008245 0.000000 0.004176 0.011876 0.012226 0.000086 0.000000 0.458127 0.000000 0.088744 0.000000 0.003818 0.000000 
0.000000 0.015806 0.141323 0.026737 0.086519 0.000000 0.076309 0.101135 0.439723 0.000213 0.000000 0.060868 0.000000 0.000000 0.000000 0.021918 0.029449 
0.000000 0.027392 0.068318 0.079526 0.001457 0.000000 0.103077 0.305921 0.064732 0.017169 0.000000 0.201993 0.000000 0.000000 0.000000 0.130415 0.000000 
0.000000 0.150093 0.009741 0.182753 0.001276 0.000000 0.187913 0.111036 0.120138 0.000082 0.000000 0.019132 0.000000 0.018739 0.000000 0.199096 0.000000 
0.000000 0.128044 0.048387 0.014949 0.095244 0.007265 0.005478 0.513113 0.051090 0.029960 0.000000 0.019977 0.000000 0.000000 0.000000 0.086493 0.000000 
0.000000 0.015989 0.068451 0.018355 0.445528 0.000000 0.047457 0.093043 0.176805 0.000145 0.000000 0.026522 0.000000 0.008355 0.000000 0.099350 0.000000 
0.000000 0.343887 0.107244 0.007458 0.003349 0.014306 0.006280 0.300473 0.012460 0.011588 0.000000 0.001602 0.000000 0.000000 0.082410 0.108944 0.000000 
0.000000 0.002499 0.009025 0.534758 0.239390 0.000000 0.037533 0.037381 0.001495 0.007469 0.012723 0.017423 0.000000 0.097487 0.000000 0.002818 0.000000 
0.010440 0.047121 0.010734 0.421671 0.040187 0.000000 0.042289 0.042746 0.001252 0.000131 0.014111 0.045317 0.000000 0.092879 0.000000 0.231121 0.000000 
0.000000 0.166411 0.169720 0.010636 0.030329 0.000000 0.073602 0.204292 0.046004 0.000278 0.000000 0.069402 0.041919 0.000000 0.099925 0.087481 0.000000 
0.000000 0.002438 0.030647 0.068575 0.031999 0.000000 0.583041 0.057362 0.185777 0.000254 0.000000 0.027378 0.000000 0.000000 0.000000 0.012528 0.000000 
0.000000 0.212925 0.142103 0.101991 0.001234 0.000000 0.043990 0.206451 0.015296 0.042878 0.000000 0.202692 0.000000 0.000000 0.000000 0.030440 0.000000 
0.000000 0.003283 0.205139 0.033973 0.396492 0.000000 0.003084 0.041421 0.051788 0.128998 0.000000 0.071381 0.053498 0.004583 0.000000 0.006360 0.000000 
0.000000 0.014471 0.105545 0.055232 0.308275 0.000000 0.059744 0.058771 0.095906 0.014272 0.000000 0.045668 0.000000 0.000000 0.000000 0.242115 0.000000 
0.000000 0.040869 0.080822 0.132763 0.002295 0.000000 0.013432 0.109256 0.009566 0.000186 0.000000 0.607596 0.000000 0.000000 0.000000 0.003214 0.000000 
0.000000 0.089629 0.039395 0.000086 0.001888 0.000000 0.228591 0.315984 0.187025 0.032517 0.000000 0.009796 0.000000 0.000000 0.000000 0.054273 0.040816 
0.000000 0.021744 0.042558 0.174078 0.001142 0.000000 0.003598 0.025767 0.000814 0.000183 0.000000 0.670668 0.014525 0.000000 0.000000 0.044925 0.000000 
0.000000 0.110875 0.037764 0.033134 0.232365 0.007401 0.002548 0.292954 0.015129 0.013847 0.000000 0.178924 0.000000 0.000000 0.000000 0.075059 0.000000 
0.000000 0.060882 0.098124 0.039224 0.034414 0.000000 0.350063 0.190204 0.161807 0.000214 0.000000 0.004055 0.000000 0.000000 0.000000 0.061014 0.000000 
0.021107 0.021411 0.034375 0.003692 0.017728 0.008089 0.026519 0.160313 0.002981 0.000101 0.032558 0.023179 0.000000 0.000000 0.022773 0.625172 0.000000 
0.000000 0.036391 0.015731 0.206471 0.002586 0.000000 0.375322 0.031897 0.244028 0.000153 0.000000 0.014768 0.000000 0.000000 0.000000 0.072653 0.000000 
0.000000 0.073263 0.083336 0.279188 0.123809 0.000000 0.004773 0.209620 0.041934 0.020609 0.000000 0.081393 0.000000 0.034399 0.024095 0.023580 0.000000 
0.017836 0.004320 0.108528 0.035247 0.007699 0.000000 0.107262 0.172761 0.213769 0.000315 0.000000 0.062185 0.000000 0.000000 0.000000 0.270079 0.000000 
0.000000 0.104331 0.136395 0.057200 0.000590 0.008332 0.071291 0.216581 0.050147 0.058521 0.000000 0.210935 0.040240 0.000000 0.000000 0.045436 0.000000 
0.000000 0.151321 0.100950 0.007591 0.031196 0.000000 0.017497 0.230763 0.023246 0.000543 0.000000 0.073607 0.000000 0.000000 0.000000 0.363286 0.000000 
0.000000 0.007049 0.092500 0.054571 0.220841 0.000000 0.260123 0.017361 0.173648 0.000322 0.000000 0.156252 0.000000 0.000000 0.000000 0.017332 0.000000 
0.000000 0.005319 0.134431 0.021262 0.023710 0.000000 0.405527 0.064051 0.180629 0.000151 0.020240 0.063437 0.000000 0.000000 0.000000 0.070078 0.011165 
0.000000 0.055799 0.224108 0.031121 0.002229 0.000000 0.040316 0.107867 0.030482 0.367749 0.000000 0.021465 0.000000 0.000000 0.000000 0.118864 0.000000 
0.000000 0.002149 0.050421 0.194447 0.055628 0.000000 0.291421 0.034202 0.085091 0.015200 0.000000 0.202199 0.000000 0.060456 0.000000 0.008788 0.000000 
0.000000 0.009190 0.096245 0.114734 0.099906 0.010283 0.325635 0.024949 0.132574 0.105754 0.000000 0.039651 0.000000 0.000000 0.000000 0.041079 0.000000 
0.000000 0.075577 0.071885 0.015537 0.004012 0.013903 0.004193 0.484792 0.028594 0.245630 0.000000 0.001935 0.000000 0.000000 0.000000 0.053942 0.000000 
0.000000 0.006695 0.048725 0.038377 0.211573 0.000000 0.051311 0.111316 0.248456 0.029384 0.000000 0.211961 0.000000 0.000000 0.000000 0.042202 0.000000 
0.000000 0.114465 0.071656 0.175308 0.120267 0.009796 0.205682 0.073140 0.076777 0.039480 0.000000 0.052043 0.000000 0.000000 0.027866 0.033518 0.000000 
0.000000 0.074415 0.225772 0.017720 0.116843 0.021030 0.044737 0.227115 0.060037 0.095826 0.000000 0.036629 0.000000 0.000000 0.000000 0.079877 0.000000 
0.000000 0.068446 0.088471 0.016369 0.219831 0.000000 0.055122 0.151725 0.045623 0.011892 0.033018 0.029914 0.000000 0.000000 0.000000 0.279587 0.000000 
0.000000 0.011080 0.140577 0.343286 0.001741 0.000000 0.006018 0.103451 0.001151 0.014601 0.000000 0.318803 0.000000 0.028270 0.000000 0.031021 0.000000 
0.000000 0.353894 0.112139 0.069732 0.028451 0.000000 0.014460 0.336936 0.017160 0.017715 0.000000 0.032050 0.000000 0.000000 0.000000 0.017463 0.000000 
0.000000 0.108710 0.173784 0.028270 0.007206 0.000000 0.084256 0.295593 0.052635 0.038562 0.000000 0.051725 0.000000 0.000000 0.084165 0.075094 0.000000 
0.000000 0.141165 0.063932 0.039888 0.008505 0.010085 0.353767 0.102928 0.140364 0.025990 0.012488 0.013991 0.000000 0.000000 0.032742 0.054155 0.000000 
0.000000 0.067512 0.028159 0.228803 0.083706 0.000000 0.015525 0.082000 0.011954 0.025539 0.022706 0.334461 0.000000 0.000000 0.000000 0.099635 0.000000 
0.017720 0.160713 0.020724 0.353678 0.052534 0.000000 0.009297 0.085780 0.002182 0.000593 0.000000 0.223240 0.000000 0.045368 0.000000 0.028171 0.000000 
0.000000 0.111159 0.081174 0.364540 0.024717 0.000000 0.007239 0.261485 0.003090 0.009658 0.000000 0.006256 0.000000 0.065023 0.000000 0.065660 0.000000 
0.000000 0.051023 0.091045 0.019132 0.004089 0.000000 0.062303 0.132162 0.446593 0.009922 0.000000 0.027413 0.000000 0.000000 0.000000 0.113661 0.042657 
0.000000 0.039470 0.027217 0.116061 0.004040 0.000000 0.018165 0.070447 0.001962 0.016909 0.000000 0.587427 0.000000 0.000000 0.000000 0.118302 0.000000 
0.000000 0.329610 0.097045 0.007846 0.001052 0.000000 0.015970 0.306576 0.019865 0.038773 0.000000 0.036871 0.000000 0.000000 0.000000 0.146392 0.000000 
0.000000 0.314592 0.087448 0.031278 0.006820 0.006390 0.031934 0.325247 0.030757 0.015705 0.000000 0.034158 0.000000 0.000000 0.008045 0.107626 0.000000 
0.000000 0.070502 0.126512 0.022904 0.041136 0.000000 0.258286 0.128523 0.181938 0.015706 0.000000 0.097235 0.000000 0.000000 0.000000 0.057258 0.000000 
0.011955 0.075574 0.063713 0.186631 0.087051 0.000000 0.005814 0.013988 0.017921 0.000620 0.000000 0.517694 0.013141 0.000000 0.000000 0.005900 0.000000 
0.000000 0.260554 0.116477 0.013375 0.002103 0.000000 0.005798 0.366603 0.012032 0.018682 0.023353 0.020326 0.000000 0.000000 0.000000 0.160695 0.000000 
0.000000 0.159008 0.121566 0.060019 0.136213 0.000000 0.037312 0.150173 0.061249 0.078565 0.016463 0.064366 0.032991 0.000000 0.000000 0.082075 0.000000 
0.000000 0.045347 0.094303 0.002340 0.005785 0.011343 0.123980 0.126476 0.381990 0.000162 0.000000 0.119677 0.000000 0.000000 0.028994 0.059603 0.000000 
0.000000 0.093532 0.007165 0.001653 0.000729 0.000000 0.040232 0.171825 0.001245 0.000049 0.000000 0.031048 0.000000 0.000000 0.000000 0.652523 0.000000 
0.000000 0.099735 0.022436 0.013870 0.009900 0.000000 0.030449 0.134974 0.122236 0.000116 0.000000 0.144110 0.000000 0.000000 0.000000 0.422174 0.000000 
0.000000 0.301921 0.149697 0.035001 0.005448 0.000000 0.027629 0.250318 0.025475 0.045726 0.000000 0.037641 0.000000 0.000000 0.031963 0.089181 0.000000 
0.000000 0.004331 0.087714 0.007996 0.006118 0.000000 0.339265 0.055281 0.367906 0.026302 0.000000 0.018338 0.000000 0.000000 0.000000 0.068583 0.018165 
0.000000 0.010956 0.097507 0.000951 0.470900 0.000000 0.081395 0.171521 0.038570 0.013019 0.000000 0.018191 0.000000 0.000000 0.000000 0.096990 0.000000 
0.000000 0.038470 0.147448 0.011672 0.467511 0.009448 0.088882 0.070963 0.052344 0.026817 0.000000 0.035238 0.000000 0.000000 0.020612 0.030596 0.000000 
0.000000 0.035521 0.052614 0.039625 0.020087 0.000000 0.142448 0.124520 0.461725 0.000316 0.000000 0.055874 0.000000 0.000000 0.029760 0.037510 0.000000 
0.000000 0.010462 0.049902 0.153774 0.036725 0.000000 0.019118 0.069289 0.003445 0.000191 0.000000 0.627234 0.000000 0.000000 0.000000 0.029859 0.000000 
0.000000 0.074435 0.045097 0.002601 0.417407 0.007641 0.016973 0.184931 0.007641 0.008950 0.000000 0.038044 0.000000 0.000000 0.000000 0.121529 0.074750 
0.000000 0.021907 0.047647 0.065796 0.063999 0.000000 0.019655 0.335882 0.039445 0.015850 0.000000 0.248895 0.016244 0.026101 0.000000 0.098579 0.000000 
0.000000 0.001237 0.083797 0.009469 0.017986 0.000000 0.470547 0.025953 0.326681 0.000164 0.000000 0.027488 0.000000 0.000000 0.000000 0.036679 0.000000 
0.000000 0.146331 0.087524 0.077433 0.002237 0.000000 0.014786 0.414060 0.045727 0.017769 0.000000 0.101700 0.000000 0.000000 0.000000 0.092432 0.000000 
0.021380 0.177940 0.125702 0.027585 0.001165 0.000000 0.217237 0.145050 0.064727 0.063450 0.013449 0.059211 0.000000 0.030082 0.000000 0.053022 0.000000 
0.000000 0.064399 0.198156 0.000171 0.001304 0.007102 0.025816 0.262020 0.031976 0.335970 0.000000 0.023079 0.000000 0.000000 0.021905 0.028102 0.000000 
0.000000 0.183179 0.162208 0.044403 0.060246 0.022208 0.040241 0.202094 0.000857 0.014179 0.000000 0.212411 0.000000 0.000000 0.000000 0.057974 0.000000 
0.000000 0.008385 0.061440 0.134527 0.006817 0.020502 0.058897 0.085533 0.232082 0.000224 0.000000 0.375214 0.000000 0.000000 0.000000 0.016380 0.000000 
0.030952 0.065815 0.056724 0.015964 0.001827 0.000000 0.074659 0.091221 0.019800 0.011519 0.000000 0.020208 0.022176 0.000000 0.039510 0.549624 0.000000 
0.000000 0.040604 0.024067 0.165125 0.001628 0.000000 0.030799 0.149257 0.004458 0.000106 0.035841 0.210301 0.000000 0.000000 0.000000 0.337815 0.000000 
0.009617 0.023690 0.053956 0.111775 0.001190 0.000000 0.046513 0.065882 0.056421 0.000095 0.000000 0.310846 0.000000 0.000000 0.000000 0.320015 0.000000 
0.000000 0.174758 0.139803 0.096695 0.034099 0.000000 0.012019 0.240251 0.033665 0.238904 0.000000 0.012485 0.000000 0.000000 0.000000 0.017321 0.000000 
0.000000 0.050368 0.058948 0.108053 0.055433 0.000000 0.008332 0.487301 0.052367 0.000615 0.000000 0.016930 0.000000 0.015038 0.000000 0.146615 0.000000 
0.000000 0.021165 0.067659 0.028175 0.336170 0.000000 0.049556 0.049882 0.294936 0.030061 0.000000 0.031977 0.000000 0.000000 0.062764 0.027655 0.000000 
0.000000 0.057712 0.049915 0.598034 0.017589 0.000000 0.055343 0.021786 0.047477 0.000419 0.000000 0.068695 0.000000 0.050814 0.000000 0.032216 0.000000 
0.000000 0.046214 0.035709 0.015746 0.222958 0.000000 0.024530 0.444347 0.039071 0.019674 0.000000 0.055173 0.000000 0.000000 0.000000 0.096577 0.000000 
0.008908 0.068963 0.107415 0.024260 0.567910 0.011484 0.003458 0.043879 0.035450 0.036683 0.000000 0.066306 0.000000 0.000000 0.015778 0.009505 0.000000 
0.000000 0.185321 0.138621 0.024628 0.108753 0.000000 0.008408 0.356949 0.041290 0.000434 0.030625 0.038108 0.000000 0.000000 0.000000 0.066862 0.000000 
0.000000 0.307216 0.233520 0.017487 0.001872 0.000000 0.023314 0.256559 0.000602 0.000528 0.000000 0.061642 0.000000 0.000000 0.000000 0.097260 0.000000 
0.000000 0.091604 0.167368 0.062200 0.006276 0.000000 0.012938 0.166907 0.028686 0.000212 0.000000 0.117123 0.000000 0.000000 0.000000 0.346687 0.000000 
0.000000 0.025690 0.090373 0.030089 0.024558 0.000000 0.093154 0.099690 0.423587 0.017881 0.000000 0.089620 0.000000 0.000000 0.000000 0.009762 0.095596 
0.000000 0.024612 0.052022 0.008197 0.121929 0.000000 0.013694 0.342074 0.035283 0.025011 0.014581 0.068692 0.000000 0.000000 0.000000 0.293905 0.000000 
0.000000 0.099816 0.162504 0.314037 0.003164 0.006366 0.008736 0.182289 0.015334 0.013786 0.000000 0.065964 0.000000 0.050383 0.045927 0.031693 0.000000 
0.000000 0.061661 0.054936 0.028046 0.522861 0.005528 0.044884 0.098840 0.020443 0.028827 0.016340 0.046874 0.038492 0.000000 0.000000 0.032269 0.000000 
0.000000 0.099958 0.050795 0.017102 0.006552 0.000000 0.005337 0.505768 0.021769 0.020306 0.021363 0.014761 0.000000 0.000000 0.000000 0.236290 0.000000 
0.000000 0.057608 0.200199 0.001181 0.010577 0.000000 0.038448 0.269344 0.058991 0.304304 0.000000 0.030655 0.000000 0.000000 0.000000 0.028693 0.000000 
0.000000 0.020455 0.046356 0.077718 0.001628 0.000000 0.010418 0.130953 0.035179 0.039759 0.000000 0.400341 0.000000 0.000000 0.000000 0.237194 0.000000 
0.000000 0.021864 0.035181 0.104559 0.013002 0.021873 0.182232 0.093389 0.239164 0.013695 0.000000 0.229461 0.000000 0.000000 0.000000 0.045580 0.000000 
0.010824 0.048752 0.076550 0.081860 0.002954 0.016472 0.013995 0.132491 0.010130 0.000322 0.000000 0.240272 0.000000 0.000000 0.000000 0.365379 0.000000 
0.000000 0.106113 0.079647 0.015687 0.467243 0.000000 0.073559 0.095677 0.022635 0.045996 0.000000 0.053665 0.000000 0.000000 0.000000 0.039777 0.000000 
0.000000 0.061447 0.105087 0.123155 0.000733 0.000000 0.174879 0.146079 0.124294 0.048496 0.000000 0.043715 0.000000 0.018267 0.072256 0.081592 0.000000 
0.000000 0.020107 0.005884 0.035845 0.001406 0.011496 0.161188 0.069936 0.029771 0.000105 0.000000 0.088113 0.000000 0.000000 0.000000 0.576148 0.000000 
0.000000 0.046968 0.074261 0.363423 0.036722 0.000000 0.073072 0.122072 0.025223 0.000156 0.000000 0.087042 0.000000 0.082834 0.034843 0.053385 0.000000 
0.000000 0.117277 0.067411 0.002670 0.013429 0.007435 0.009647 0.544911 0.064691 0.036855 0.000000 0.001206 0.000000 0.000000 0.000000 0.134467 0.000000 
0.000000 0.347728 0.101762 0.048077 0.006386 0.000000 0.011368 0.294132 0.001974 0.027057 0.000000 0.025993 0.000000 0.033067 0.000000 0.102457 0.000000 
0.000000 0.068742 0.263891 0.018417 0.008587 0.000000 0.077011 0.107313 0.014245 0.316485 0.000000 0.044725 0.000000 0.000000 0.000000 0.080583 0.000000 
0.000000 0.069030 0.049966 0.003041 0.008328 0.000000 0.045065 0.246655 0.046937 0.025655 0.000000 0.041961 0.000000 0.000000 0.000000 0.463362 0.000000 
0.000000 0.116038 0.080828 0.308554 0.000725 0.000000 0.032122 0.174731 0.023203 0.012273 0.000000 0.203871 0.000000 0.040143 0.000000 0.007511 0.000000 
0.041667 0.064310 0.063942 0.061711 0.007648 0.015966 0.015336 0.504193 0.033472 0.032910 0.000000 0.080293 0.000000 0.000000 0.000000 0.078552 0.000000 
0.000000 0.090905 0.091134 0.017460 0.091040 0.012438 0.028926 0.058727 0.017722 0.009963 0.000000 0.033844 0.000000 0.000000 0.027281 0.520560 0.000000 
0.000000 0.025142 0.220862 0.060887 0.035282 0.012078 0.091585 0.101902 0.138427 0.258682 0.000000 0.039760 0.000000 0.000000 0.000000 0.015393 0.000000 
0.000000 0.115942 0.068605 0.049136 0.035611 0.010399 0.011677 0.494906 0.110818 0.000130 0.000000 0.025841 0.000000 0.000000 0.000000 0.076935 0.000000 
0.000000 0.018353 0.058175 0.016276 0.034368 0.000000 0.354606 0.033169 0.378343 0.010125 0.000000 0.023822 0.000000 0.000000 0.000000 0.072762 0.000000 
0.014255 0.097645 0.157310 0.023145 0.000787 0.000000 0.072603 0.312144 0.027726 0.011449 0.000000 0.121727 0.000000 0.000000 0.125322 0.035887 0.000000 
0.000000 0.034531 0.215234 0.057248 0.046821 0.000000 0.006445 0.179445 0.067189 0.302595 0.000000 0.005741 0.000000 0.000000 0.000000 0.084751 0.000000 
0.000000 0.103421 0.076248 0.026180 0.017094 0.000000 0.027782 0.285020 0.040484 0.085477 0.000000 0.041862 0.000000 0.000000 0.000000 0.296432 0.000000 
0.018077 0.026942 0.036745 0.030995 0.056492 0.000000 0.070146 0.100859 0.490959 0.000162 0.014264 0.026672 0.000000 0.000000 0.102468 0.025220 0.000000 
0.000000 0.152226 0.075501 0.026211 0.000833 0.000000 0.106381 0.428548 0.077072 0.030839 0.000000 0.026285 0.000000 0.000000 0.000000 0.050807 0.025298 
0.000000 0.006712 0.011525 0.186950 0.000785 0.000000 0.005119 0.040915 0.000887 0.000419 0.000000 0.730377 0.000000 0.007984 0.000000 0.008326 0.000000 
0.000000 0.010214 0.053419 0.144001 0.019370 0.000000 0.008241 0.116736 0.013266 0.000179 0.000000 0.575098 0.000000 0.000000 0.000000 0.059475 0.000000 
0.000000 0.216552 0.254115 0.018241 0.005297 0.012925 0.015496 0.233066 0.017379 0.165861 0.000000 0.031064 0.000000 0.000000 0.000000 0.030004 0.000000 
0.015006 0.077155 0.248951 0.017412 0.001401 0.010145 0.070216 0.130974 0.203930 0.000555 0.021478 0.049015 0.026428 0.000000 0.066949 0.060383 0.000000 
0.000000 0.128349 0.155916 0.080435 0.033023 0.000000 0.005021 0.192039 0.020012 0.060723 0.000000 0.302599 0.000000 0.000000 0.000000 0.021881 0.000000 
0.059362 0.128330 0.229887 0.009858 0.003274 0.000000 0.012941 0.179547 0.030902 0.031547 0.000000 0.050828 0.045906 0.000000 0.123890 0.093728 0.000000 
0.000000 0.000627 0.050467 0.000193 0.023097 0.015816 0.385444 0.082497 0.304860 0.000101 0.000000 0.019463 0.000000 0.000000 0.025479 0.035623 0.056333 
0.000000 0.042436 0.027074 0.308987 0.015656 0.000000 0.011109 0.071511 0.013757 0.066384 0.014636 0.380703 0.000000 0.017143 0.019102 0.011502 0.000000 
0.000000 0.037900 0.058080 0.023466 0.481458 0.000000 0.060496 0.083617 0.011940 0.034773 0.000000 0.093438 0.000000 0.000000 0.000000 0.024139 0.090693 
0.000000 0.113625 0.106802 0.201864 0.042946 0.000000 0.014033 0.164433 0.010392 0.064283 0.000000 0.123823 0.000000 0.051809 0.000000 0.105991 0.000000 
0.000000 0.067010 0.133790 0.000918 0.002459 0.000000 0.024841 0.499944 0.044601 0.000385 0.000000 0.013637 0.000000 0.000000 0.000000 0.212415 0.000000 
0.000000 0.036388 0.019471 0.308063 0.007973 0.000000 0.053631 0.155762 0.029851 0.015895 0.000000 0.286724 0.000000 0.064537 0.000000 0.021705 0.000000 
0.000000 0.027390 0.069887 0.026624 0.350106 0.000000 0.014713 0.067166 0.275898 0.032352 0.000000 0.021882 0.000000 0.000000 0.000000 0.113983 0.000000 
0.000000 0.051985 0.112426 0.161060 0.098559 0.000000 0.245169 0.054752 0.133751 0.007261 0.000000 0.059222 0.000000 0.023944 0.000000 0.051870 0.000000 
0.000000 0.063886 0.081183 0.046691 0.014051 0.000000 0.085506 0.187162 0.002704 0.000196 0.000000 0.158659 0.000000 0.000000 0.033247 0.326715 0.000000 
0.000000 0.005789 0.004517 0.652317 0.037943 0.006002 0.064124 0.055681 0.014186 0.000266 0.000000 0.028669 0.000000 0.113637 0.000000 0.016869 0.000000 
0.000000 0.007513 0.030831 0.005266 0.007943 0.000000 0.600640 0.026624 0.268355 0.008483 0.000000 0.003607 0.000000 0.000000 0.000000 0.040739 0.000000 
0.000000 0.095950 0.016555 0.012649 0.001363 0.022625 0.064326 0.154387 0.003757 0.008121 0.000000 0.017066 0.000000 0.000000 0.000000 0.603202 0.000000 
0.000000 0.086714 0.045675 0.005844 0.027738 0.000000 0.005627 0.234924 0.032895 0.041669 0.000000 0.023582 0.000000 0.000000 0.000000 0.495331 0.000000 
0.000000 0.012611 0.036811 0.008868 0.703009 0.000000 0.028928 0.008256 0.057650 0.086535 0.000000 0.032617 0.000000 0.000000 0.000000 0.001396 0.023318 
0.000000 0.002880 0.012911 0.758108 0.000630 0.008698 0.000608 0.012644 0.000571 0.000142 0.000000 0.030310 0.000000 0.171409 0.000000 0.001092 0.000000 
0.020204 0.064862 0.151473 0.047920 0.002800 0.000000 0.068416 0.131624 0.022292 0.128495 0.000000 0.163260 0.000000 0.000000 0.000000 0.198656 0.000000 
0.000000 0.134438 0.039544 0.443559 0.105802 0.000000 0.001419 0.142698 0.006503 0.000153 0.000000 0.041819 0.000000 0.059304 0.000000 0.024759 0.000000 
0.000000 0.026213 0.010736 0.000855 0.502857 0.000000 0.010198 0.214927 0.027373 0.084191 0.000000 0.030713 0.000000 0.000000 0.000000 0.091937 0.000000 
