-396067.697957
0
0.000000 0.000000 0.000000 0.000002 0.000000 0.000001 0.000000 0.000000 0.004969 0.011604 0.000029 0.003139 0.000895 0.000292 0.001042 0.001627 0.000373 0.000001 0.000548 0.001018 0.000000 0.000000 0.000532 0.000002 0.000519 0.000000 0.000000 0.000244 0.000000 0.000000 0.000000 0.000000 0.048819 0.055335 0.012566 0.045688 0.000000 0.000962 0.000000 0.000560 0.000622 0.000001 0.000003 0.002238 0.000000 0.000001 0.000411 0.000012 0.000875 0.000001 0.000000 0.000292 0.000000 0.000000 0.000000 0.000328 0.003673 0.010392 0.000000 0.007675 0.000000 0.000000 0.000000 0.000510 0.000002 0.000003 0.000003 0.004429 0.000000 0.000164 0.001467 0.000001 0.007518 0.003403 0.000878 0.006805 0.019611 0.000000 0.000909 0.034360 0.269040 0.192385 0.075255 0.161154 0.000001 0.000827 0.000475 0.000446 0.000434 0.000003 0.000004 0.001534 0.000000 0.000372 0.000370 0.000346 
0.003883 0.003737 0.000000 0.001587 0.000000 0.001510 0.000000 0.001272 0.030426 0.018195 0.145765 0.016603 0.001526 0.003142 0.000000 0.005734 0.011636 0.005728 0.017211 0.005507 0.000000 0.001269 0.000469 0.003335 0.006731 0.013367 0.005610 0.037201 0.000000 0.000000 0.000000 0.000000 0.013146 0.015445 0.103368 0.010479 0.000000 0.002834 0.000000 0.000000 0.005520 0.004206 0.019394 0.002423 0.000000 0.003345 0.002806 0.006899 0.003018 0.005313 0.001084 0.006557 0.000000 0.002598 0.000000 0.000001 0.054474 0.060863 0.135800 0.042350 0.000000 0.001845 0.000000 0.000983 0.013667 0.006349 0.008756 0.008043 0.000000 0.000982 0.000001 0.002122 0.001425 0.003956 0.001369 0.006746 0.000000 0.000000 0.000000 0.000000 0.000000 0.005412 0.054114 0.001587 0.001046 0.000305 0.000000 0.000632 0.008245 0.003553 0.012539 0.003096 0.000000 0.001674 0.001257 0.006928 
0.000000 0.000000 0.000000 0.007902 0.000000 0.001129 0.000000 0.000000 0.000020 0.001268 0.007560 0.006083 0.001687 0.000665 0.000000 0.004709 0.007962 0.004537 0.003280 0.007059 0.016177 0.004526 0.002961 0.019347 0.000499 0.000000 0.000000 0.011333 0.000000 0.000000 0.000000 0.000000 0.000420 0.000518 0.007301 0.002639 0.000000 0.000001 0.000000 0.000000 0.006657 0.004499 0.003595 0.009396 0.011266 0.002676 0.006845 0.040642 0.000499 0.000865 0.000000 0.005120 0.000000 0.000000 0.000000 0.001422 0.000009 0.008507 0.020874 0.014697 0.000000 0.000000 0.000000 0.000001 0.004265 0.012544 0.006764 0.016356 0.002123 0.001435 0.000575 0.009656 0.038784 0.005403 0.001875 0.253713 0.000000 0.000000 0.000000 0.000000 0.000000 0.013841 0.165922 0.027907 0.003145 0.000000 0.003104 0.003639 0.007896 0.011489 0.008450 0.020474 0.031434 0.009784 0.004094 0.078175 
0.028526 0.022873 0.006458 0.020558 0.014733 0.007271 0.002714 0.012692 0.017768 0.007408 0.005050 0.012737 0.011313 0.007616 0.012087 0.013403 0.020072 0.008675 0.015751 0.018990 0.005051 0.001649 0.006060 0.004155 0.028039 0.027726 0.002829 0.022439 0.010683 0.008953 0.003262 0.013682 0.015045 0.008962 0.003730 0.018782 0.008756 0.012017 0.017754 0.016784 0.008654 0.011685 0.011749 0.014956 0.003139 0.003886 0.008145 0.008802 0.022016 0.020211 0.006750 0.018506 0.006721 0.007739 0.001992 0.010065 0.008986 0.005867 0.000000 0.007732 0.007049 0.005514 0.009457 0.009897 0.008248 0.006269 0.008030 0.008366 0.001590 0.001369 0.008125 0.005089 0.025035 0.025785 0.004326 0.024398 0.005784 0.011252 0.001687 0.011821 0.000000 0.005798 0.000055 0.004466 0.012916 0.007642 0.008977 0.017306 0.009807 0.009385 0.005522 0.012319 0.005270 0.003638 0.007426 0.009728 
0.644901 0.050955 0.000019 0.304124 
0.130648 0.215508 0.574807 0.079037 
0.215295 0.078184 0.586324 0.120196 
0.040729 0.758731 0.022921 0.177619 
0.015431 0.439836 0.113108 0.431625 
0.045650 0.141069 0.045733 0.767548 
0.726015 0.001407 0.161882 0.110696 
0.384390 0.121084 0.148471 0.346055 
0.120300 0.005809 0.000024 0.873867 
0.313846 0.000978 0.000030 0.685146 
0.049246 0.243365 0.051055 0.656335 
0.027350 0.000750 0.000031 0.971869 
0.747161 0.206254 0.000035 0.046551 
0.040838 0.041214 0.000032 0.917916 
0.052346 0.416270 0.089364 0.442020 
0.025608 0.170689 0.000031 0.803672 
0.227906 0.075600 0.656967 0.039526 
0.476034 0.338284 0.066208 0.119474 
0.057978 0.103043 0.127092 0.711887 
0.262101 0.247780 0.029950 0.460169 
0.035977 0.010941 0.281558 0.671524 
0.246670 0.147923 0.098362 0.507045 
0.050752 0.487878 0.000024 0.461347 
0.287147 0.254755 0.375700 0.082397 
0.041918 0.402882 0.000033 0.555168 
0.346829 0.137162 0.247233 0.268775 
0.026779 0.866967 0.000023 0.106231 
0.103079 0.023300 0.000023 0.873599 
0.085790 0.052787 0.061632 0.799791 
0.013063 0.186399 0.292691 0.507846 
0.069895 0.002799 0.555140 0.372166 
0.084146 0.098398 0.034910 0.782546 
0.076726 0.534022 0.082953 0.306300 
0.963006 0.015994 0.000018 0.020982 
0.070033 0.690536 0.117676 0.121755 
0.246086 0.201479 0.000022 0.552413 
0.246350 0.288569 0.000015 0.465066 
0.022883 0.042237 0.120001 0.814879 
0.034804 0.266343 0.511747 0.187106 
0.009411 0.001087 0.000018 0.989483 
0.706680 0.001731 0.251019 0.040571 
0.591041 0.000828 0.000034 0.408097 
0.072936 0.152421 0.027928 0.746714 
0.090089 0.860833 0.000025 0.049053 
0.271115 0.044894 0.000027 0.683965 
0.094977 0.045847 0.756874 0.102302 
0.092721 0.176731 0.385844 0.344703 
0.720474 0.058101 0.000024 0.221402 
0.000415 0.461735 0.000024 0.537826 
0.858410 0.001421 0.000027 0.140142 
0.177075 0.001394 0.262649 0.558882 
0.048890 0.578861 0.000031 0.372218 
0.002722 0.014582 0.019247 0.963449 
0.250822 0.650759 0.000016 0.098403 
0.429587 0.049670 0.149376 0.371367 
0.073581 0.393993 0.000029 0.532396 
0.252467 0.133168 0.000029 0.614336 
0.041421 0.021746 0.020207 0.916626 
0.171004 0.539621 0.276415 0.012960 
0.049465 0.759642 0.000032 0.190862 
0.030298 0.025201 0.329434 0.615067 
0.444908 0.455616 0.074980 0.024497 
0.152248 0.522368 0.218315 0.107069 
0.016242 0.003676 0.126298 0.853783 
0.207897 0.390676 0.270476 0.130951 
0.267539 0.313611 0.152027 0.266824 
0.025105 0.115158 0.246624 0.613112 
0.031504 0.081571 0.254861 0.632064 
0.688049 0.001036 0.055966 0.254949 
0.123037 0.019323 0.000032 0.857608 
0.063464 0.168571 0.000030 0.767936 
0.060951 0.529793 0.000027 0.409229 
0.582107 0.018104 0.098905 0.300884 
0.661792 0.000766 0.019433 0.318009 
0.461993 0.000558 0.000029 0.537420 
0.039380 0.653567 0.000027 0.307026 
0.671145 0.029097 0.000028 0.299731 
0.023256 0.026176 0.000020 0.950548 
0.065061 0.041209 0.000023 0.893707 
0.072559 0.550353 0.048379 0.328709 
0.701979 0.041269 0.143533 0.113219 
0.017199 0.010602 0.000022 0.972177 
0.123882 0.089108 0.242706 0.544304 
0.065520 0.697398 0.000024 0.237059 
0.002615 0.012017 0.000016 0.985352 
0.124699 0.189317 0.000028 0.685955 
0.071655 0.036187 0.000029 0.892129 
0.004858 0.840751 0.027784 0.126607 
0.000814 0.103886 0.579762 0.315539 
0.028756 0.161479 0.628799 0.180966 
0.087578 0.734244 0.000028 0.178151 
0.791163 0.045126 0.039439 0.124271 
0.011660 0.001299 0.550037 0.437004 
0.312963 0.076072 0.071652 0.539313 
0.015352 0.961441 0.000028 0.023179 
0.162102 0.063089 0.000024 0.774786 
0.071426 0.280108 0.000027 0.648439 
0.000468 0.030679 0.247390 0.721464 
0.223400 0.014617 0.080448 0.681535 
0.497491 0.417679 0.000025 0.084805 
0.030148 0.064556 0.000021 0.905275 
0.370291 0.020552 0.000018 0.609138 
0.394056 0.134617 0.000019 0.471308 
0.109409 0.009909 0.260335 0.620347 
0.158101 0.062090 0.024174 0.755635 
0.049206 0.441516 0.421709 0.087569 
0.766181 0.105741 0.000029 0.128050 
0.040639 0.042796 0.263528 0.653036 
0.092493 0.014678 0.724310 0.168519 
0.048431 0.031068 0.138358 0.782144 
0.055231 0.000999 0.000028 0.943742 
0.162659 0.051479 0.000029 0.785833 
0.087182 0.708834 0.054541 0.149442 
0.034260 0.040103 0.157474 0.768164 
0.454016 0.021514 0.000033 0.524437 
0.077184 0.022986 0.663458 0.236372 
0.023822 0.015788 0.000025 0.960365 
0.000792 0.081332 0.290946 0.626930 
0.424122 0.075441 0.000029 0.500409 
0.308429 0.548642 0.000030 0.142899 
0.306928 0.023926 0.000025 0.669121 
0.056200 0.064269 0.607411 0.272121 
0.194004 0.353648 0.000025 0.452323 
0.097143 0.164620 0.000021 0.738217 
0.568628 0.090874 0.000034 0.340464 
0.001393 0.082415 0.000034 0.916158 
0.085689 0.000487 0.000024 0.913799 
0.022790 0.057309 0.334149 0.585751 
0.015714 0.079059 0.000032 0.905194 
0.565774 0.038418 0.000021 0.395786 
0.145608 0.043813 0.000029 0.810550 
0.038714 0.026210 0.101677 0.833399 
0.080507 0.271624 0.337815 0.310054 
0.085799 0.157636 0.000034 0.756530 
0.031563 0.858707 0.028831 0.080899 
0.116389 0.116201 0.000019 0.767391 
0.051897 0.052958 0.418570 0.476575 
0.051508 0.059392 0.056184 0.832916 
0.065466 0.719357 0.034557 0.180620 
0.045467 0.183651 0.000020 0.770861 
0.937544 0.002118 0.000023 0.060315 
0.717117 0.047885 0.000029 0.234969 
0.028158 0.006959 0.110198 0.854686 
0.053743 0.392802 0.000029 0.553426 
0.353407 0.022256 0.102999 0.521338 
0.061218 0.059281 0.000027 0.879474 
0.000593 0.888030 0.000032 0.111345 
0.707738 0.017639 0.086288 0.188335 
0.095194 0.040432 0.675026 0.189348 
0.368564 0.001458 0.093230 0.536748 
0.000971 0.063553 0.000025 0.935450 
0.670002 0.076741 0.000027 0.253229 
0.041290 0.353222 0.442188 0.163300 
0.257498 0.453962 0.099048 0.189492 
0.181464 0.079336 0.000028 0.739172 
0.873501 0.043938 0.000038 0.082523 
0.006310 0.958628 0.000033 0.035029 
0.016340 0.039545 0.000020 0.944094 
0.010922 0.023330 0.046178 0.919569 
0.027265 0.057955 0.911159 0.003621 
0.995446 0.000267 0.000010 0.004277 
0.164532 0.075567 0.060485 0.699416 
0.592878 0.000734 0.070035 0.336353 
0.001184 0.002589 0.648557 0.347670 
0.008708 0.053314 0.103129 0.834850 
0.021732 0.063864 0.736759 0.177645 
0.047045 0.089022 0.000031 0.863903 
0.044909 0.021838 0.000028 0.933225 
0.044802 0.023299 0.000023 0.931877 
0.023409 0.047543 0.922726 0.006322 
0.021158 0.020188 0.046447 0.912208 
0.063482 0.057983 0.000023 0.878512 
0.056076 0.409794 0.082714 0.451417 
0.113891 0.181379 0.302843 0.401887 
0.055211 0.099147 0.032434 0.813208 
0.036697 0.087590 0.335826 0.539887 
0.011407 0.697711 0.000031 0.290851 
0.289088 0.295595 0.023664 0.391654 
0.419150 0.062304 0.406149 0.112397 
0.024717 0.041305 0.000030 0.933948 
0.023070 0.082954 0.034806 0.859170 
0.411967 0.025260 0.057883 0.504891 
0.130124 0.063727 0.016003 0.790147 
0.010987 0.147660 0.000024 0.841328 
0.378704 0.433020 0.019222 0.169054 
0.096199 0.826716 0.050292 0.026794 
0.009109 0.921172 0.012804 0.056914 
0.673721 0.020523 0.241520 0.064236 
0.037030 0.927062 0.000016 0.035891 
0.149639 0.069088 0.414876 0.366396 
0.065184 0.167787 0.161335 0.605694 
0.063698 0.286967 0.187118 0.462217 
0.036602 0.011325 0.169015 0.783057 
0.038180 0.055983 0.303865 0.601971 
0.788058 0.113054 0.000032 0.098856 
0.081143 0.035963 0.000025 0.882869 
0.641796 0.284804 0.033336 0.040064 
0.082152 0.671154 0.024629 0.222066 
0.221910 0.041348 0.000103 0.736639 
0.048182 0.143549 0.496518 0.311751 
0.449434 0.261341 0.000025 0.289201 
0.129958 0.012784 0.057362 0.799897 
0.111796 0.646683 0.000030 0.241490 
0.529247 0.104791 0.359928 0.006034 
0.036391 0.002188 0.284994 0.676427 
0.489446 0.143274 0.113866 0.253414 
0.554260 0.024361 0.013593 0.407786 
0.751181 0.027813 0.000018 0.220988 
0.135672 0.764758 0.000025 0.099545 
0.024407 0.854254 0.000028 0.121311 
0.502800 0.408028 0.000028 0.089143 
0.021085 0.076514 0.405698 0.496703 
0.000393 0.068277 0.281398 0.649932 
0.049640 0.655092 0.000026 0.295242 
0.086650 0.123667 0.043278 0.746405 
0.039881 0.024210 0.000026 0.935883 
0.029225 0.831704 0.000023 0.139047 
0.017916 0.057114 0.000028 0.924943 
0.112993 0.009106 0.726885 0.151016 
0.020733 0.027706 0.866934 0.084627 
0.001444 0.220527 0.000033 0.777996 
0.773457 0.196113 0.000029 0.030401 
0.025590 0.004291 0.000032 0.970087 
0.029213 0.448594 0.108828 0.413366 
0.042269 0.141576 0.000022 0.816133 
0.041996 0.032116 0.000028 0.925860 
0.210450 0.077199 0.477742 0.234610 
0.497488 0.337927 0.000035 0.164551 
0.066120 0.001326 0.735316 0.197238 
0.046957 0.406959 0.363850 0.182235 
0.043771 0.066861 0.000028 0.889341 
0.077222 0.115478 0.000034 0.807266 
0.782730 0.136477 0.000038 0.080755 
0.257717 0.017356 0.717597 0.007329 
0.200133 0.438763 0.000024 0.361080 
0.002749 0.058596 0.312155 0.626500 
0.368195 0.065571 0.502312 0.063922 
0.053889 0.903357 0.000043 0.042710 
0.084954 0.206635 0.000031 0.708380 
0.161837 0.026120 0.648927 0.163117 
0.026633 0.001287 0.000024 0.972056 
0.098929 0.349123 0.026307 0.525642 
0.015149 0.065789 0.338319 0.580743 
0.165457 0.420326 0.048867 0.365350 
0.002213 0.036387 0.608594 0.352806 
0.155094 0.799358 0.000030 0.045518 
0.926527 0.000682 0.000017 0.072774 
0.001040 0.021706 0.683111 0.294143 
0.080101 0.640325 0.222421 0.057153 
0.772052 0.014921 0.000029 0.212998 
0.056978 0.527262 0.021036 0.394724 
0.030997 0.006140 0.166967 0.795896 
0.727323 0.014326 0.003340 0.255011 
0.776524 0.000442 0.000032 0.223003 
0.210355 0.051875 0.000020 0.737749 
0.531131 0.443916 0.000019 0.024934 
0.341764 0.049772 0.188646 0.419818 
0.021457 0.080044 0.306538 0.591961 
0.111147 0.136712 0.352930 0.399211 
0.568478 0.059245 0.000018 0.372258 
0.816069 0.029953 0.096552 0.057425 
0.071356 0.036482 0.413921 0.478241 
0.118516 0.634648 0.035856 0.210979 
0.640073 0.305715 0.000031 0.054181 
0.000796 0.563937 0.000028 0.435238 
0.249767 0.021645 0.000019 0.728569 
0.158764 0.345009 0.000029 0.496199 
0.032789 0.348925 0.000031 0.618256 
0.214402 0.457929 0.240392 0.087278 
0.539686 0.323871 0.026127 0.110316 
0.684718 0.289835 0.000023 0.025424 
0.185955 0.000612 0.563522 0.249912 
0.347118 0.026636 0.160670 0.465575 
0.958479 0.000657 0.000031 0.040833 
0.065847 0.461445 0.050975 0.421733 
0.003710 0.019177 0.000035 0.977078 
0.041753 0.185912 0.030790 0.741545 
0.314510 0.135425 0.000029 0.550036 
0.015278 0.190594 0.316295 0.477833 
0.401246 0.112195 0.000024 0.486535 
0.096348 0.853557 0.000028 0.050068 
0.900153 0.000897 0.000036 0.098914 
0.112727 0.074895 0.000028 0.812350 
0.018282 0.069686 0.421180 0.490852 
0.349806 0.471494 0.000032 0.178668 
0.000896 0.052867 0.125435 0.820802 
0.283657 0.000567 0.000018 0.715758 
0.438908 0.049189 0.000027 0.511876 
0.123626 0.014188 0.598757 0.263429 
0.035957 0.212565 0.468101 0.283377 
0.013506 0.316568 0.123236 0.546690 
0.372068 0.004031 0.053233 0.570668 
0.012181 0.243565 0.072962 0.671292 
0.001515 0.002934 0.834234 0.161317 
0.068446 0.503148 0.079040 0.349366 
0.068517 0.114980 0.000022 0.816481 
0.129920 0.001882 0.179285 0.688913 
0.094118 0.074467 0.000032 0.831383 
0.067959 0.276622 0.180594 0.474825 
0.077974 0.371347 0.000033 0.550646 
0.041097 0.528937 0.000031 0.429936 
0.017697 0.047143 0.030992 0.904167 
0.085242 0.674254 0.024948 0.215556 
0.029829 0.067295 0.000023 0.902853 
0.065209 0.517033 0.023303 0.394455 
0.769802 0.014294 0.000031 0.215873 
0.446732 0.021140 0.000023 0.532104 
0.024219 0.069336 0.211521 0.694924 
0.237871 0.250466 0.344446 0.167217 
0.310220 0.106828 0.000029 0.582923 
0.578730 0.285331 0.000026 0.135914 
0.050726 0.000804 0.000016 0.948454 
0.138487 0.029531 0.233917 0.598065 
0.028654 0.199646 0.000029 0.771671 
0.042065 0.646501 0.000031 0.311403 
0.002035 0.001968 0.319505 0.676492 
0.586773 0.063312 0.000022 0.349893 
0.157581 0.325154 0.000025 0.517240 
0.520906 0.263882 0.014147 0.201065 
0.319249 0.150831 0.000028 0.529892 
0.011576 0.953725 0.000021 0.034678 
0.888314 0.004724 0.000010 0.106952 
0.103804 0.004006 0.416112 0.476078 
0.001000 0.034044 0.534975 0.429980 
0.961370 0.014966 0.000037 0.023626 
0.051104 0.106360 0.721005 0.121531 
0.098090 0.040210 0.310293 0.551407 
0.049151 0.173944 0.000018 0.776887 
0.302725 0.658774 0.000032 0.038468 
0.022755 0.046067 0.000020 0.931157 
0.280199 0.094007 0.052353 0.573441 
0.467110 0.293063 0.014107 0.225720 
0.009118 0.103267 0.000018 0.887597 
0.025802 0.807656 0.019503 0.147039 
0.044357 0.155643 0.034268 0.765732 
0.025580 0.246393 0.256557 0.471469 
0.185545 0.233912 0.044818 0.535725 
0.163172 0.065539 0.602637 0.168652 
0.000629 0.138843 0.000029 0.860498 
0.000250 0.588588 0.000028 0.411133 
0.023062 0.046557 0.000031 0.930349 
0.244216 0.140113 0.270916 0.344756 
0.475655 0.157947 0.072513 0.293885 
0.402831 0.046990 0.000030 0.550150 
0.012724 0.040246 0.000022 0.947008 
0.150247 0.172852 0.000032 0.676869 
0.745034 0.005047 0.055677 0.194242 
0.002900 0.014549 0.064598 0.917954 
0.812633 0.056195 0.027505 0.103667 
0.636534 0.012059 0.070575 0.280833 
0.009221 0.032410 0.068266 0.890103 
0.002927 0.576770 0.000017 0.420286 
0.672723 0.018154 0.291331 0.017792 
0.014115 0.035534 0.000022 0.950329 
0.015719 0.043336 0.000034 0.940911 
0.262374 0.281769 0.078929 0.376928 
0.118847 0.101665 0.252837 0.526650 
0.294578 0.125783 0.036252 0.543387 
0.014899 0.162580 0.417096 0.405425 
0.118090 0.138721 0.350582 0.392608 
0.026571 0.076400 0.083799 0.813230 
0.015250 0.032412 0.342997 0.609340 
0.030363 0.085222 0.000016 0.884399 
0.035530 0.025039 0.000021 0.939410 
0.230568 0.017257 0.295595 0.456580 
0.448036 0.001440 0.000014 0.550511 
0.589448 0.158654 0.136411 0.115486 
0.035063 0.233449 0.348766 0.382722 
0.052268 0.185917 0.000031 0.761785 
0.021211 0.047867 0.245908 0.685013 
0.030137 0.133720 0.071473 0.764670 
0.000867 0.069312 0.382029 0.547792 
0.088369 0.773994 0.039865 0.097773 
0.227409 0.162499 0.000026 0.610065 
0.001230 0.000751 0.000024 0.997996 
0.158362 0.318565 0.209140 0.313932 
0.022822 0.199841 0.000032 0.777305 
0.186550 0.164495 0.123889 0.525066 
0.055636 0.023711 0.000025 0.920627 
0.012834 0.005904 0.337611 0.643652 
0.049706 0.055712 0.000032 0.894551 
0.397571 0.001391 0.338889 0.262149 
0.102354 0.001367 0.382528 0.513751 
0.025522 0.676996 0.000024 0.297459 
0.867186 0.000918 0.000025 0.131871 
0.387946 0.076885 0.212434 0.322735 
0.045099 0.121235 0.690495 0.143171 
0.909175 0.010025 0.000031 0.080769 
0.065876 0.613534 0.059464 0.261127 
0.031566 0.408032 0.144480 0.415922 
0.116646 0.701557 0.041281 0.140516 
0.000374 0.043346 0.103354 0.852926 
0.071248 0.053862 0.067290 0.807600 
0.944757 0.001143 0.000030 0.054070 
0.975289 0.021471 0.000031 0.003209 
0.064270 0.312201 0.116996 0.506533 
0.963941 0.000466 0.017748 0.017844 
0.084089 0.002042 0.029776 0.884094 
0.001468 0.001699 0.796771 0.200062 
0.763537 0.157296 0.000032 0.079135 
0.940166 0.014463 0.000009 0.045362 
0.169691 0.494583 0.000033 0.335692 
0.023326 0.054917 0.000021 0.921737 
0.028961 0.856882 0.000035 0.114122 
0.157866 0.052904 0.000032 0.789198 
0.236531 0.215753 0.000022 0.547695 
0.573923 0.000896 0.060773 0.364409 
0.500507 0.427894 0.000021 0.071578 
0.144762 0.269606 0.045953 0.539680 
0.532191 0.046793 0.212002 0.209014 
0.061833 0.702482 0.000033 0.235651 
0.035676 0.357632 0.185798 0.420894 
0.681145 0.003324 0.196480 0.119051 
0.062492 0.142798 0.000030 0.794680 
0.146632 0.620112 0.190774 0.042483 
0.101987 0.466765 0.069914 0.361334 
0.062211 0.486710 0.017323 0.433757 
0.018936 0.136675 0.032894 0.811494 
0.221148 0.102829 0.072377 0.603645 
0.109537 0.003981 0.000031 0.886451 
0.058766 0.007913 0.864721 0.068600 
0.817319 0.038745 0.000022 0.143914 
0.456220 0.334627 0.031026 0.178127 
0.778525 0.065898 0.000016 0.155560 
0.063519 0.009703 0.000021 0.926757 
0.113782 0.001032 0.882004 0.003182 
0.871617 0.002079 0.062691 0.063612 
0.074620 0.402229 0.219622 0.303529 
0.934179 0.014746 0.017783 0.033293 
0.118454 0.001333 0.000028 0.880185 
0.037376 0.774649 0.160702 0.027273 
0.128262 0.823987 0.000037 0.047715 
0.055011 0.105823 0.000024 0.839142 
0.592806 0.290314 0.023424 0.093456 
0.058938 0.014637 0.000020 0.926404 
0.023818 0.022066 0.000028 0.954088 
0.414975 0.032016 0.204705 0.348304 
0.081282 0.055997 0.334179 0.528542 
0.716795 0.032470 0.200827 0.049908 
0.757583 0.228879 0.000035 0.013503 
0.407429 0.088448 0.000031 0.504092 
0.019866 0.156940 0.104601 0.718594 
0.902930 0.048079 0.039567 0.009423 
0.069112 0.004566 0.151920 0.774401 
0.908378 0.020518 0.000024 0.071080 
0.720092 0.035656 0.113971 0.130281 
0.012729 0.196268 0.752585 0.038418 
0.191653 0.004777 0.055374 0.748195 
0.030496 0.622585 0.152903 0.194015 
0.239544 0.051904 0.620960 0.087592 
0.160460 0.053500 0.043094 0.742946 
0.090349 0.197081 0.000032 0.712538 
0.000637 0.014444 0.755937 0.228982 
0.130193 0.000742 0.000013 0.869052 
0.477887 0.246442 0.000023 0.275649 
0.701889 0.006264 0.013911 0.277936 
0.060721 0.001200 0.132786 0.805293 
0.049425 0.010926 0.000030 0.939620 
0.000698 0.038952 0.151921 0.808429 
0.566214 0.092246 0.000027 0.341513 
0.021096 0.033321 0.022511 0.923072 
0.083723 0.335394 0.298235 0.282647 
0.494988 0.133967 0.333328 0.037717 
0.023690 0.192720 0.093239 0.690350 
0.837089 0.058647 0.085107 0.019157 
0.664911 0.076057 0.246320 0.012711 
0.010510 0.038125 0.714809 0.236556 
0.689861 0.033571 0.085499 0.191068 
0.039598 0.089911 0.000023 0.870468 
0.098645 0.308253 0.244551 0.348552 
0.001535 0.091858 0.000025 0.906582 
0.029055 0.120104 0.798428 0.052413 
0.036612 0.148361 0.000032 0.814995 
0.137335 0.194596 0.614089 0.053981 
0.096733 0.052297 0.000018 0.850951 
0.065459 0.010574 0.484448 0.439519 
0.156007 0.062277 0.000022 0.781695 
0.040306 0.074673 0.624409 0.260613 
0.053344 0.392441 0.133475 0.420740 
0.034039 0.936214 0.000027 0.029720 
0.582375 0.049534 0.033443 0.334648 
0.223939 0.003968 0.000030 0.772063 
0.111610 0.001016 0.000025 0.887349 
0.197822 0.131201 0.000024 0.670953 
0.191684 0.334606 0.174919 0.298791 
0.039854 0.319881 0.303086 0.337179 
0.077332 0.114265 0.000028 0.808375 
0.077534 0.658570 0.000029 0.263867 
0.009687 0.079602 0.184711 0.726001 
0.139001 0.021196 0.000025 0.839778 
0.018368 0.001179 0.000020 0.980432 
0.010458 0.766693 0.044990 0.177860 
0.750828 0.014385 0.104785 0.130002 
0.433883 0.040113 0.449363 0.076641 
0.073500 0.044921 0.051146 0.830433 
0.038717 0.013963 0.165000 0.782320 
0.066012 0.075478 0.840884 0.017626 
0.614438 0.053167 0.000023 0.332373 
0.091176 0.598256 0.000029 0.310539 
0.178935 0.402517 0.000029 0.418519 
0.491302 0.440364 0.198291 0.912961 
