-392516.162380
0
0.000000 0.000000 0.000000 0.009905 0.000000 0.000000 0.000000 0.000000 0.000000 0.000000 0.000000 0.005573 0.000000 0.000000 0.000000 0.000000 0.000000 0.000785 0.000000 0.000000 0.000000 0.002821 0.001852 0.016269 0.000000 0.000000 0.000000 0.016313 0.000000 0.000000 0.000000 0.000000 0.000000 0.000000 0.004013 0.000000 0.000000 0.000000 0.000000 0.000000 0.000000 0.000000 0.000000 0.000000 0.000000 0.000934 0.004303 0.018301 0.000000 0.000689 0.000000 0.005868 0.000000 0.000000 0.000000 0.001118 0.000000 0.008608 0.017325 0.015216 0.000000 0.000000 0.000000 0.000000 0.002648 0.010615 0.003988 0.012380 0.000000 0.002118 0.000000 0.002709 0.047133 0.010191 0.003518 0.373151 0.000000 0.000000 0.000000 0.000000 0.000000 0.010885 0.246491 0.040816 0.000000 0.000000 0.000000 0.001128 0.001813 0.006491 0.005393 0.009793 0.000000 0.009628 0.001840 0.067380 
0.000000 0.000000 0.000000 0.103584 0.033412 0.000000 0.000000 0.000000 0.050963 0.052113 0.000000 0.000007 0.000000 0.000000 0.000000 0.000000 0.000000 0.000000 0.000000 0.000000 0.000000 0.000000 0.000000 0.000000 0.000000 0.000000 0.000000 0.000000 0.000000 0.000000 0.000000 0.000000 0.000000 0.000000 0.000000 0.000000 0.000000 0.000000 0.000000 0.000000 0.068121 0.000000 0.125511 0.000000 0.000000 0.000000 0.000000 0.000000 0.328784 0.000001 0.000000 0.000000 0.079335 0.000000 0.061718 0.000000 0.000000 0.000000 0.000000 0.000010 0.056824 0.000000 0.000000 0.000000 0.000000 0.000000 0.039613 0.000000 0.000000 0.000000 0.000000 0.000000 0.000001 0.000002 0.000000 0.000000 0.000000 0.000000 0.000000 0.000000 0.000000 0.000000 0.000000 0.000000 0.000000 0.000000 0.000000 0.000000 0.000001 0.000000 0.000000 0.000000 0.000000 0.000000 0.000000 0.000000 
0.008188 0.000000 0.000000 0.000000 0.000000 0.005490 0.000000 0.000000 0.019336 0.016271 0.000000 0.017626 0.016337 0.007841 0.018882 0.014089 0.079722 0.032475 0.051174 0.056507 0.000000 0.005628 0.000000 0.000000 0.000000 0.000000 0.000000 0.000000 0.000000 0.000000 0.000000 0.000000 0.026505 0.012529 0.000000 0.013458 0.000000 0.000000 0.000000 0.000000 0.034633 0.039916 0.039229 0.049204 0.000000 0.000000 0.018500 0.024092 0.000000 0.000000 0.000000 0.010034 0.000000 0.000000 0.000000 0.000000 0.000000 0.000000 0.000000 0.005788 0.000000 0.000000 0.005899 0.000000 0.020455 0.031745 0.033429 0.033928 0.000000 0.000000 0.000000 0.000000 0.016197 0.000000 0.000000 0.000000 0.000000 0.000000 0.000000 0.000000 0.000000 0.000000 0.000000 0.005759 0.007321 0.000000 0.014709 0.000000 0.040954 0.044182 0.026403 0.048365 0.000000 0.011727 0.000000 0.035473 
0.006093 0.006595 0.000000 0.000000 0.000000 0.002351 0.000000 0.000000 0.024478 0.018693 0.321565 0.016816 0.000000 0.000000 0.000000 0.007666 0.010225 0.000000 0.000000 0.003206 0.000000 0.000000 0.000000 0.007358 0.000000 0.000000 0.000000 0.000000 0.000000 0.000000 0.000000 0.000000 0.017450 0.015235 0.147419 0.010184 0.000000 0.000000 0.000000 0.000000 0.000000 0.000000 0.000000 0.000000 0.000000 0.000000 0.000000 0.000000 0.006531 0.004376 0.000000 0.000000 0.000000 0.000000 0.000000 0.000000 0.020168 0.018715 0.173352 0.013140 0.000000 0.000000 0.000000 0.000000 0.008822 0.000000 0.000000 0.010974 0.000000 0.001822 0.000000 0.000000 0.000000 0.011687 0.000000 0.000000 0.000000 0.000000 0.000000 0.000000 0.000000 0.000000 0.102357 0.000000 0.000000 0.000000 0.000000 0.000000 0.004558 0.000000 0.005192 0.000000 0.000000 0.000000 0.002972 0.000000 
0.047475 0.029781 0.056931 0.000000 0.000000 0.000000 0.000000 0.000000 0.000000 0.000000 0.000000 0.000001 0.000000 0.000000 0.004293 0.000000 0.000000 0.000000 0.000000 0.000000 0.000000 0.000000 0.000000 0.000000 0.061864 0.116074 0.018203 0.056952 0.011569 0.000000 0.000000 0.006145 0.030436 0.020037 0.005281 0.000000 0.000000 0.000000 0.054914 0.000000 0.000000 0.000000 0.000000 0.000000 0.000000 0.000000 0.003524 0.000000 0.031308 0.067864 0.063492 0.033674 0.000000 0.016874 0.010835 0.000000 0.000000 0.000000 0.000000 0.000001 0.000000 0.000000 0.009378 0.000000 0.000000 0.000000 0.000000 0.000000 0.000000 0.000000 0.000000 0.000000 0.047316 0.105284 0.017926 0.049817 0.000000 0.011641 0.002597 0.000000 0.000000 0.000000 0.000000 0.000000 0.000000 0.000000 0.008511 0.000000 0.000000 0.000000 0.000000 0.000000 0.000000 0.000000 0.000000 0.000000 
0.000000 0.000000 0.000000 0.000000 0.000000 0.000000 0.000000 0.000000 0.040580 0.016421 0.000000 0.014578 0.000000 0.004804 0.000000 0.000000 0.000000 0.005545 0.030572 0.000000 0.000000 0.001939 0.000000 0.000000 0.012257 0.032472 0.016097 0.087819 0.000000 0.000000 0.000000 0.000000 0.000000 0.004084 0.085142 0.000000 0.000000 0.005260 0.000000 0.000000 0.007451 0.000000 0.040074 0.000000 0.000000 0.007821 0.004888 0.011553 0.000000 0.008318 0.000000 0.010769 0.000000 0.006889 0.000000 0.001981 0.116258 0.135774 0.122024 0.087064 0.000000 0.003920 0.000000 0.001129 0.017981 0.006772 0.014043 0.000000 0.000000 0.000000 0.000000 0.004668 0.000000 0.000000 0.002895 0.000000 0.000000 0.000000 0.000000 0.000000 0.000000 0.000000 0.000000 0.000000 0.000000 0.000000 0.000000 0.000000 0.006239 0.000000 0.016512 0.000000 0.000000 0.000908 0.000000 0.006496 
0.010876 0.000000 0.000000 0.000000 0.066215 0.022655 0.015125 0.073672 0.012555 0.011704 0.000000 0.012153 0.000000 0.000000 0.000000 0.000000 0.000000 0.000000 0.000000 0.011938 0.000000 0.000000 0.018338 0.014070 0.000000 0.000000 0.000000 0.000000 0.043641 0.033881 0.000000 0.072350 0.013865 0.000000 0.000000 0.008387 0.000000 0.000000 0.013003 0.010267 0.000000 0.001001 0.000000 0.000000 0.000000 0.011515 0.014529 0.000000 0.000000 0.001670 0.000000 0.000000 0.031981 0.027813 0.000000 0.053751 0.031196 0.000000 0.000000 0.017145 0.000000 0.007908 0.000000 0.008288 0.000000 0.000000 0.000000 0.004222 0.005957 0.008265 0.036166 0.014214 0.000000 0.033122 0.004290 0.000000 0.034425 0.055337 0.008522 0.070059 0.000000 0.000000 0.000000 0.000000 0.000000 0.006605 0.000000 0.013504 0.004800 0.000000 0.000000 0.000000 0.000000 0.006892 0.022129 0.000000 
0.000000 0.000000 0.000000 0.000000 0.000000 0.000000 0.000000 0.000000 0.000000 0.021243 0.000000 0.003167 0.000000 0.000000 0.001069 0.004290 0.000000 0.000000 0.000000 0.000000 0.000000 0.000000 0.001611 0.000000 0.000000 0.000000 0.000000 0.000000 0.000000 0.000000 0.000000 0.000000 0.087836 0.112221 0.020414 0.083931 0.000000 0.000983 0.000000 0.000946 0.000000 0.000000 0.000000 0.003069 0.000000 0.000791 0.000000 0.000000 0.000000 0.000000 0.000000 0.000000 0.000000 0.000000 0.000000 0.000000 0.000000 0.024298 0.000000 0.015819 0.000000 0.000000 0.000000 0.000000 0.000000 0.000000 0.000000 0.008871 0.000000 0.000000 0.001914 0.000000 0.000000 0.000917 0.000000 0.000000 0.000000 0.000000 0.000000 0.000000 0.103139 0.309099 0.105464 0.081168 0.000000 0.001118 0.000574 0.002059 0.000562 0.000000 0.000911 0.001989 0.000000 0.000526 0.000000 0.000000 
0.048769 0.050074 0.000000 0.051624 0.006194 0.005315 0.000000 0.000000 0.024371 0.000000 0.004216 0.017718 0.018178 0.015420 0.016087 0.022187 0.005687 0.004487 0.008744 0.009175 0.000000 0.000000 0.006056 0.000000 0.055587 0.035278 0.000000 0.037584 0.003912 0.007305 0.000000 0.000000 0.000000 0.000000 0.000000 0.033210 0.019727 0.031441 0.023371 0.037988 0.000000 0.007673 0.000000 0.003726 0.000000 0.001260 0.000000 0.000000 0.035481 0.028022 0.000000 0.032856 0.000000 0.000000 0.000000 0.000000 0.000000 0.000000 0.000000 0.002548 0.016138 0.010447 0.016999 0.022496 0.008807 0.000000 0.000000 0.000000 0.000000 0.000000 0.002889 0.001516 0.040065 0.018069 0.003890 0.053511 0.000000 0.000000 0.000000 0.000000 0.000000 0.000000 0.000000 0.009020 0.022115 0.016932 0.006257 0.034051 0.000000 0.000000 0.000000 0.000000 0.000000 0.000000 0.005530 0.000000 
0.000000 0.000000 0.000000 0.000000 0.000000 0.000000 0.000000 0.000000 0.000000 0.000000 0.000000 0.000001 0.009668 0.000000 0.000000 0.022688 0.000000 0.000000 0.000000 0.010374 0.095239 0.009184 0.008532 0.038537 0.000000 0.000000 0.000000 0.000000 0.000000 0.000000 0.000000 0.000000 0.000000 0.000000 0.000000 0.000000 0.009722 0.000000 0.000000 0.000000 0.008710 0.000000 0.002461 0.031100 0.062640 0.015412 0.013252 0.104818 0.005793 0.009929 0.000000 0.000000 0.000000 0.005733 0.000000 0.003798 0.000000 0.000000 0.000000 0.005592 0.000000 0.000000 0.000000 0.000000 0.000000 0.000000 0.000000 0.007727 0.011114 0.000000 0.007982 0.041071 0.022014 0.000000 0.000000 0.043991 0.000000 0.000000 0.000000 0.000000 0.000000 0.000000 0.000000 0.000000 0.033643 0.000000 0.022033 0.021604 0.003704 0.001538 0.000000 0.037296 0.140834 0.005082 0.021449 0.105737 
0.000000 0.000000 0.000000 0.000000 0.000000 0.000000 0.000000 0.000000 0.000008 0.000004 0.000000 0.000017 0.000000 0.000000 0.000000 0.000000 0.000000 0.000000 0.000000 0.000000 0.000000 0.000000 0.000000 0.000000 0.000000 0.000000 0.000000 0.000000 0.000000 0.000000 0.999935 0.000000 0.000001 0.000000 0.000001 0.000001 0.000000 0.000000 0.000000 0.000000 0.000000 0.000000 0.000000 0.000000 0.000000 0.000000 0.000000 0.000000 0.000000 0.000002 0.000000 0.000000 0.000000 0.000000 0.000000 0.000000 0.000000 0.000000 0.000000 0.000021 0.000000 0.000000 0.000000 0.000000 0.000000 0.000000 0.000000 0.000001 0.000000 0.000000 0.000000 0.000000 0.000001 0.000005 0.000000 0.000000 0.000000 0.000000 0.000000 0.000000 0.000000 0.000000 0.000000 0.000000 0.000000 0.000000 0.000000 0.000000 0.000001 0.000000 0.000000 0.000000 0.000000 0.000000 0.000000 0.000000 
0.000000 0.000000 0.000000 0.000000 0.000000 0.000000 0.000000 0.000000 0.008987 0.001620 0.000000 0.001902 0.000000 0.000000 0.000000 0.000000 0.000000 0.000000 0.000000 0.000000 0.000000 0.000000 0.000000 0.000000 0.000000 0.000000 0.000000 0.000000 0.000000 0.000000 0.000000 0.000000 0.007549 0.000000 0.004179 0.005416 0.000000 0.000000 0.000000 0.000000 0.000000 0.000000 0.000000 0.000000 0.000000 0.000000 0.000000 0.000000 0.001546 0.000000 0.000000 0.000000 0.000000 0.000000 0.000000 0.000000 0.006097 0.000000 0.000000 0.000001 0.000000 0.000000 0.000000 0.000000 0.000000 0.000000 0.000000 0.000000 0.000000 0.000000 0.000000 0.000000 0.015256 0.004592 0.001337 0.000000 0.042622 0.000000 0.001416 0.074385 0.470079 0.063279 0.034334 0.255403 0.000000 0.000000 0.000000 0.000000 0.000000 0.000000 0.000000 0.000000 0.000000 0.000000 0.000000 0.000000 
0.000158 0.000000 0.063628 0.010396 0.047833 0.023676 0.029994 0.677241 0.144531 0.000115 0.000000 0.002427 
0.511569 0.000000 0.085446 0.167656 0.000045 0.018818 0.028208 0.114390 0.050819 0.000167 0.000000 0.022882 
0.536554 0.000000 0.087789 0.028051 0.000042 0.056599 0.029232 0.161846 0.051804 0.000147 0.000000 0.047936 
0.014956 0.000000 0.074391 0.299432 0.086507 0.379128 0.017492 0.074855 0.022057 0.029588 0.000000 0.001593 
0.109005 0.000000 0.097337 0.185038 0.000036 0.217019 0.052173 0.043816 0.294374 0.000222 0.000000 0.000978 
0.027889 0.046803 0.244259 0.010721 0.199085 0.154716 0.082417 0.072636 0.131449 0.029068 0.000000 0.000957 
0.189319 0.000000 0.001313 0.000941 0.080211 0.029290 0.017224 0.039049 0.011839 0.000099 0.000000 0.630716 
0.009595 0.000000 0.136849 0.086382 0.000038 0.050450 0.007662 0.121820 0.161096 0.146538 0.000000 0.279571 
0.000191 0.000000 0.203689 0.000901 0.128192 0.075760 0.177623 0.067786 0.235935 0.048540 0.005000 0.056384 
0.000476 0.000000 0.180517 0.001013 0.000028 0.006083 0.236938 0.309318 0.217598 0.018491 0.010001 0.019537 
0.050045 0.040998 0.084736 0.131370 0.094229 0.101919 0.065317 0.025433 0.364827 0.013150 0.000000 0.027976 
0.000323 0.000000 0.163427 0.003889 0.028069 0.025330 0.338861 0.018239 0.308322 0.087341 0.010001 0.016198 
0.000160 0.000000 0.086468 0.085526 0.000014 0.043023 0.002021 0.737762 0.010841 0.006532 0.000000 0.027654 
0.000420 0.000000 0.237280 0.002162 0.175119 0.062416 0.089537 0.049273 0.361381 0.008414 0.005000 0.008997 
0.101670 0.034412 0.077949 0.161196 0.208838 0.202802 0.040141 0.056140 0.100630 0.000081 0.000000 0.016140 
0.000396 0.000000 0.208988 0.097682 0.010791 0.042138 0.317263 0.040115 0.250282 0.024604 0.005000 0.002740 
0.609718 0.000000 0.020810 0.030032 0.000028 0.037390 0.001378 0.239838 0.046825 0.012121 0.000000 0.001861 
0.051767 0.000000 0.063095 0.292506 0.000040 0.035625 0.017044 0.049252 0.082108 0.024892 0.000000 0.383671 
0.059400 0.000000 0.322996 0.041927 0.034489 0.069417 0.113875 0.057522 0.180465 0.090563 0.010001 0.019345 
0.037588 0.000000 0.133607 0.169670 0.000032 0.041188 0.105918 0.133858 0.254016 0.000185 0.000000 0.123940 
0.000196 0.000000 0.252134 0.013497 0.053135 0.046348 0.074422 0.020887 0.211547 0.300262 0.000000 0.027571 
0.087948 0.000000 0.109514 0.105165 0.000037 0.040230 0.074880 0.069902 0.327608 0.021557 0.000000 0.163159 
0.000246 0.000000 0.085593 0.160278 0.015604 0.313239 0.002713 0.060872 0.333745 0.017756 0.000000 0.009955 
0.346953 0.000000 0.046937 0.117037 0.000041 0.095017 0.000498 0.304523 0.085240 0.000178 0.000000 0.003576 
0.000505 0.033499 0.180075 0.143989 0.096895 0.222374 0.083606 0.048590 0.141288 0.037313 0.000000 0.011866 
0.000368 0.000000 0.118892 0.040273 0.000026 0.095916 0.017260 0.403382 0.107580 0.192619 0.000000 0.023683 
0.000570 0.000000 0.080581 0.243499 0.000037 0.550203 0.022576 0.009601 0.071190 0.000181 0.000000 0.021563 
0.000211 0.000000 0.244835 0.000698 0.042545 0.064727 0.351311 0.051637 0.175595 0.011815 0.005000 0.051625 
0.062754 0.051280 0.235859 0.001558 0.046397 0.085312 0.189034 0.081962 0.192239 0.025239 0.005000 0.023366 
0.038808 0.000000 0.216332 0.106039 0.000027 0.087186 0.058636 0.033405 0.164531 0.291744 0.000000 0.003291 
0.487883 0.000000 0.124143 0.007436 0.000034 0.028644 0.115675 0.055988 0.167426 0.000239 0.000000 0.012532 
0.007863 0.000000 0.335678 0.020141 0.067972 0.091757 0.133780 0.070972 0.201787 0.033820 0.005000 0.031229 
0.027119 0.000000 0.163562 0.421188 0.019747 0.044476 0.025994 0.032895 0.178361 0.037265 0.000000 0.049394 
0.006579 0.000000 0.004656 0.011324 0.000027 0.004660 0.012574 0.557430 0.013709 0.000055 0.000000 0.388986 
0.089939 0.000000 0.181606 0.495154 0.000035 0.078404 0.008739 0.062909 0.061346 0.000123 0.000000 0.021746 
0.000205 0.000000 0.102267 0.072882 0.040141 0.100537 0.014639 0.271054 0.366166 0.017386 0.000000 0.014723 
0.000183 0.000000 0.014609 0.127835 0.112917 0.195340 0.132841 0.020842 0.173929 0.000053 0.010000 0.211452 
0.087212 0.000000 0.134623 0.054608 0.000029 0.003433 0.126287 0.017541 0.530712 0.028818 0.005000 0.011737 
0.480724 0.000000 0.057742 0.193376 0.025186 0.047340 0.021763 0.015477 0.136114 0.000096 0.000000 0.022183 
0.000221 0.000000 0.222725 0.010252 0.029699 0.013299 0.378096 0.002828 0.320577 0.010382 0.005000 0.006919 
0.254849 0.000000 0.011065 0.001152 0.000017 0.029617 0.014054 0.009601 0.029588 0.008273 0.000000 0.641783 
0.038336 0.000000 0.023182 0.001239 0.180667 0.034996 0.068038 0.046800 0.088447 0.000079 0.005000 0.513217 
0.023294 0.000000 0.298451 0.049057 0.029110 0.089621 0.193466 0.089212 0.224913 0.000164 0.000000 0.002711 
0.022741 0.000000 0.023467 0.227293 0.008204 0.578061 0.002037 0.036937 0.041290 0.000168 0.000000 0.059802 
0.000175 0.000000 0.195574 0.013405 0.000030 0.047148 0.226759 0.241599 0.174313 0.046837 0.000000 0.054160 
0.420633 0.000000 0.231623 0.052418 0.000025 0.002405 0.001088 0.072221 0.029477 0.150245 0.000000 0.039864 
0.335882 0.000000 0.107998 0.109990 0.139167 0.057584 0.002979 0.045540 0.126416 0.013563 0.010000 0.050879 
0.000269 0.000000 0.117555 0.009397 0.000017 0.012477 0.036754 0.732066 0.078722 0.000105 0.000000 0.012637 
0.000247 0.000000 0.093622 0.229221 0.000037 0.221166 0.101335 0.003725 0.319309 0.031186 0.000000 0.000154 
0.000189 0.000000 0.057140 0.000646 0.030203 0.002939 0.019208 0.861384 0.026484 0.000124 0.000000 0.001683 
0.226015 0.000000 0.083941 0.012966 0.000035 0.001651 0.120025 0.212875 0.327229 0.014250 0.000000 0.001013 
0.024935 0.000000 0.114454 0.182296 0.000039 0.358038 0.066570 0.003131 0.209069 0.000150 0.000000 0.041318 
0.014347 0.079351 0.076319 0.003238 0.445824 0.025682 0.057842 0.023010 0.263668 0.000062 0.010001 0.000658 
0.000360 0.000000 0.010307 0.262835 0.000046 0.396413 0.033112 0.017909 0.062096 0.000082 0.000000 0.216840 
0.120950 0.000000 0.152124 0.048540 0.010312 0.003232 0.073242 0.099427 0.168622 0.021373 0.000000 0.302180 
0.000348 0.000000 0.151459 0.224973 0.148850 0.118424 0.005631 0.077955 0.256132 0.000176 0.000000 0.016051 
0.000122 0.000000 0.213695 0.052484 0.015477 0.068781 0.106335 0.259138 0.191442 0.068227 0.000000 0.024298 
0.022675 0.000000 0.130387 0.020655 0.232664 0.026062 0.155420 0.075241 0.331040 0.000347 0.005000 0.000508 
0.237758 0.000000 0.068425 0.182350 0.000029 0.285116 0.001303 0.198999 0.018695 0.000194 0.000000 0.007130 
0.025893 0.000000 0.135577 0.207149 0.059569 0.437092 0.024317 0.075053 0.031037 0.000095 0.000000 0.004217 
0.000256 0.000000 0.254099 0.029235 0.075025 0.048509 0.054054 0.020316 0.111005 0.377095 0.000000 0.030407 
0.057791 0.000000 0.047301 0.098858 0.000033 0.302589 0.001680 0.231302 0.025590 0.015733 0.000000 0.219122 
0.103381 0.000000 0.114248 0.146784 0.000037 0.344417 0.009766 0.043508 0.029062 0.100501 0.000000 0.108296 
0.000211 0.000000 0.133440 0.028871 0.000027 0.003266 0.078170 0.001949 0.480755 0.256408 0.000000 0.016904 
0.215882 0.000000 0.052961 0.263523 0.010160 0.056256 0.001617 0.234606 0.114975 0.032425 0.005000 0.012594 
0.115278 0.000000 0.101612 0.093572 0.017754 0.213915 0.097831 0.065733 0.067189 0.043779 0.000000 0.183338 
0.115518 0.000000 0.310316 0.063838 0.018302 0.052710 0.081469 0.035413 0.217102 0.097966 0.000000 0.007367 
0.224503 0.000000 0.149333 0.047522 0.199989 0.053982 0.096215 0.023242 0.182179 0.010028 0.000000 0.013007 
0.000230 0.000000 0.188875 0.001008 0.000037 0.005219 0.009848 0.388783 0.095354 0.009319 0.000000 0.301328 
0.016870 0.000000 0.150062 0.015048 0.000026 0.021731 0.345421 0.032126 0.311233 0.026152 0.000000 0.081331 
0.000299 0.000000 0.278761 0.057683 0.031550 0.097080 0.114099 0.073413 0.293838 0.038306 0.000000 0.014972 
0.000489 0.000000 0.098408 0.156484 0.000043 0.371698 0.164455 0.017744 0.120086 0.026308 0.000000 0.044284 
0.084726 0.000000 0.037039 0.012053 0.095183 0.014759 0.066155 0.416148 0.078792 0.031674 0.000000 0.163470 
0.056180 0.010984 0.024162 0.001926 0.000031 0.005323 0.169772 0.272197 0.099848 0.000410 0.000000 0.359167 
0.016768 0.000000 0.103023 0.002723 0.024429 0.006304 0.115856 0.005515 0.276788 0.011854 0.000000 0.436740 
0.000355 0.000000 0.131130 0.509470 0.080452 0.058464 0.047556 0.028364 0.117547 0.009606 0.000000 0.017055 
0.000315 0.000000 0.037951 0.001853 0.089348 0.015221 0.043569 0.707365 0.087010 0.015825 0.000000 0.001542 
0.000157 0.000000 0.133847 0.014446 0.000049 0.034307 0.349563 0.035968 0.386490 0.042862 0.000000 0.002310 
0.000315 0.000000 0.134615 0.029398 0.000039 0.038333 0.326120 0.038519 0.384749 0.017260 0.000000 0.030653 
0.040631 0.018332 0.141081 0.198910 0.000032 0.270672 0.062994 0.105645 0.130726 0.020848 0.005000 0.005128 
0.097352 0.000000 0.084611 0.019261 0.000030 0.004059 0.066715 0.643419 0.016665 0.000390 0.000000 0.067497 
0.000216 0.000000 0.184964 0.009572 0.089688 0.003332 0.302654 0.013410 0.365425 0.020059 0.000000 0.010680 
0.143217 0.000000 0.158972 0.064498 0.052578 0.038358 0.171164 0.069875 0.144133 0.095132 0.000000 0.062073 
0.000317 0.000000 0.133647 0.424635 0.000039 0.139768 0.051530 0.110267 0.139292 0.000091 0.000000 0.000414 
0.000139 0.080084 0.019244 0.000952 0.422585 0.037743 0.101189 0.027783 0.299747 0.000035 0.010001 0.000499 
0.000400 0.051491 0.037007 0.139202 0.265630 0.027904 0.111436 0.153011 0.213001 0.000070 0.000000 0.000848 
0.000330 0.000000 0.227461 0.024466 0.036449 0.035548 0.314258 0.035982 0.234501 0.049149 0.005000 0.036856 
0.000407 0.000000 0.077891 0.415854 0.048380 0.341588 0.004242 0.024159 0.055936 0.030045 0.000000 0.001497 
0.494294 0.000000 0.129087 0.040423 0.043647 0.083698 0.011991 0.006778 0.176262 0.013583 0.000000 0.000238 
0.485406 0.000000 0.184353 0.056663 0.000035 0.094530 0.038182 0.029909 0.074829 0.027270 0.000000 0.008822 
0.009922 0.000000 0.085070 0.489729 0.000037 0.146194 0.036359 0.071340 0.132074 0.000183 0.000000 0.029091 
0.038207 0.000000 0.057093 0.002795 0.000042 0.024633 0.001453 0.793525 0.080557 0.000106 0.000000 0.001590 
0.490912 0.000000 0.068028 0.007612 0.066457 0.007691 0.089599 0.028730 0.230729 0.009521 0.000000 0.000721 
0.053161 0.016244 0.104476 0.046574 0.000035 0.008617 0.027791 0.283104 0.388198 0.015533 0.000000 0.056270 
0.019005 0.000000 0.056978 0.341642 0.010926 0.515109 0.000892 0.032069 0.021294 0.000115 0.000000 0.001970 
0.000214 0.000000 0.194028 0.049980 0.000033 0.007155 0.134211 0.122200 0.425342 0.014881 0.000000 0.051957 
0.000188 0.000000 0.171678 0.075322 0.025269 0.215196 0.242263 0.059123 0.122754 0.063995 0.000000 0.024211 
0.000167 0.000000 0.269688 0.030292 0.000033 0.035118 0.072119 0.016678 0.223727 0.352071 0.000000 0.000107 
0.057016 0.000000 0.223895 0.000740 0.000034 0.052395 0.184004 0.249410 0.211124 0.014523 0.005000 0.001858 
0.000484 0.000000 0.078728 0.257407 0.000028 0.054505 0.001006 0.514976 0.073504 0.000139 0.000000 0.019223 
0.000230 0.000000 0.125977 0.019022 0.393609 0.080414 0.083975 0.027211 0.244067 0.010547 0.000000 0.014948 
0.000214 0.024527 0.028273 0.003872 0.218187 0.030000 0.067420 0.278414 0.241133 0.000058 0.000000 0.107902 
0.000186 0.000000 0.073750 0.056509 0.219550 0.061066 0.006138 0.376347 0.151871 0.000064 0.000000 0.054519 
0.024547 0.000000 0.166066 0.035736 0.000025 0.015513 0.159246 0.008778 0.212749 0.266917 0.000000 0.110425 
0.042105 0.000000 0.103247 0.055752 0.000038 0.004253 0.058776 0.017021 0.582234 0.011184 0.000000 0.125391 
0.343018 0.000000 0.105602 0.330902 0.000027 0.053817 0.024385 0.042489 0.055097 0.029393 0.000000 0.015271 
0.017217 0.000000 0.052708 0.046328 0.000035 0.069661 0.049520 0.085756 0.034318 0.000202 0.000000 0.644256 
0.217190 0.000000 0.084211 0.041479 0.000032 0.013741 0.036252 0.064740 0.517394 0.023409 0.000000 0.001552 
0.588526 0.000000 0.143770 0.038458 0.000030 0.001890 0.069899 0.065607 0.039427 0.034216 0.005000 0.013177 
0.112139 0.000000 0.214992 0.040660 0.000038 0.008890 0.206085 0.031387 0.363992 0.000215 0.000000 0.021601 
0.000280 0.000000 0.299067 0.000478 0.043764 0.039897 0.335062 0.053195 0.218150 0.000306 0.000000 0.009801 
0.000464 0.086726 0.197048 0.029045 0.196860 0.019122 0.087627 0.138488 0.197450 0.000140 0.005000 0.042030 
0.029260 0.000000 0.153644 0.496229 0.000038 0.089343 0.031174 0.099187 0.070812 0.016397 0.000000 0.013916 
0.117926 0.000000 0.088079 0.034407 0.094054 0.015442 0.049047 0.073247 0.502059 0.025175 0.000000 0.000563 
0.000339 0.019720 0.290441 0.013416 0.000036 0.020634 0.088143 0.069801 0.121477 0.000294 0.010001 0.365699 
0.570467 0.000000 0.096988 0.022974 0.000041 0.029302 0.063219 0.041926 0.113821 0.032379 0.000000 0.028882 
0.000289 0.045111 0.071225 0.019770 0.000041 0.004959 0.101338 0.025200 0.688505 0.026135 0.005000 0.012428 
0.000315 0.000000 0.226407 0.062580 0.000028 0.037990 0.053261 0.026898 0.258986 0.333253 0.000000 0.000283 
0.000218 0.000000 0.089222 0.037259 0.135508 0.010260 0.029272 0.467789 0.185868 0.037034 0.005000 0.002568 
0.000508 0.000000 0.036008 0.258878 0.028026 0.200254 0.011219 0.333457 0.085283 0.019549 0.000000 0.026816 
0.000277 0.000000 0.125858 0.010390 0.266824 0.013823 0.043240 0.321264 0.195919 0.000159 0.005000 0.017245 
0.501608 0.000000 0.103119 0.025235 0.000036 0.062229 0.102226 0.047084 0.107807 0.043156 0.000000 0.007500 
0.000126 0.000000 0.170142 0.139683 0.032714 0.186862 0.066956 0.063249 0.163509 0.045764 0.000000 0.130994 
0.000221 0.102346 0.009285 0.037466 0.420172 0.151520 0.014481 0.114213 0.131797 0.000067 0.000000 0.018432 
0.031163 0.000000 0.100025 0.024272 0.000037 0.088194 0.058364 0.102256 0.163428 0.000100 0.000000 0.432161 
0.000332 0.000000 0.137768 0.070945 0.057642 0.006421 0.120685 0.001439 0.564664 0.039326 0.000000 0.000778 
0.000364 0.000000 0.141000 0.001518 0.036188 0.013299 0.377783 0.022665 0.308236 0.032660 0.005000 0.061286 
0.000394 0.000000 0.281056 0.013091 0.022492 0.098652 0.074018 0.032410 0.117668 0.346652 0.000000 0.013566 
0.000365 0.049187 0.084857 0.047783 0.316362 0.043504 0.077662 0.041959 0.309825 0.027956 0.000000 0.000541 
0.000143 0.000000 0.107810 0.022967 0.000025 0.034950 0.099535 0.241865 0.158012 0.014344 0.005000 0.315349 
0.000275 0.000000 0.146433 0.039528 0.000030 0.008351 0.067850 0.111261 0.540687 0.038225 0.000000 0.047360 
0.093105 0.062325 0.136312 0.015536 0.330486 0.033558 0.091610 0.040774 0.176057 0.008912 0.000000 0.011326 
0.025267 0.000000 0.253567 0.149442 0.000032 0.106873 0.016641 0.036690 0.080015 0.270092 0.000000 0.061381 
0.010393 0.000000 0.137026 0.129145 0.018709 0.006980 0.120664 0.038366 0.496342 0.000092 0.000000 0.042284 
0.032809 0.000000 0.037015 0.418734 0.041204 0.367293 0.012232 0.027910 0.036961 0.011216 0.000000 0.014626 
0.000115 0.000000 0.309568 0.026490 0.000031 0.091089 0.109911 0.153638 0.292801 0.010325 0.005000 0.001031 
0.034496 0.000000 0.246109 0.069058 0.000042 0.004877 0.026837 0.004322 0.222497 0.326246 0.000000 0.065516 
0.000396 0.000000 0.120132 0.044520 0.156974 0.028764 0.099813 0.048358 0.385689 0.088287 0.005000 0.022067 
0.044963 0.000000 0.080225 0.576414 0.000037 0.066793 0.031672 0.044782 0.129141 0.000122 0.000000 0.025853 
0.000174 0.000000 0.164124 0.091237 0.011971 0.094048 0.174479 0.027034 0.383952 0.028224 0.000000 0.024756 
0.000165 0.000000 0.015095 0.000867 0.000030 0.004029 0.007867 0.886623 0.038257 0.000357 0.000000 0.046712 
0.013918 0.000000 0.067180 0.012638 0.000032 0.005733 0.010634 0.724249 0.158581 0.000136 0.005000 0.001899 
0.000323 0.000000 0.344433 0.015792 0.012266 0.025937 0.228534 0.028807 0.161816 0.168262 0.000000 0.013829 
0.000204 0.038889 0.357660 0.207842 0.019056 0.091976 0.112314 0.064487 0.093206 0.000271 0.005000 0.009095 
0.024324 0.000000 0.193735 0.021389 0.000029 0.003664 0.134799 0.359279 0.167470 0.076756 0.000000 0.018555 
0.000259 0.000000 0.410322 0.030248 0.059058 0.028594 0.162508 0.079161 0.194476 0.031854 0.000000 0.003519 
0.026497 0.000000 0.071075 0.398272 0.000042 0.393430 0.001157 0.015068 0.094293 0.000071 0.000000 0.000096 
0.004403 0.000000 0.054199 0.018097 0.000046 0.006398 0.044929 0.485564 0.079868 0.065475 0.000000 0.241021 
0.568268 0.000000 0.090350 0.013746 0.000044 0.056011 0.036862 0.097026 0.099711 0.028548 0.000000 0.009433 
0.039765 0.000000 0.140147 0.009058 0.043061 0.017531 0.126429 0.130373 0.190118 0.071088 0.000000 0.232428 
0.000218 0.000000 0.179361 0.042790 0.000041 0.034301 0.073191 0.013810 0.655602 0.000238 0.000000 0.000448 
0.000366 0.000000 0.053698 0.033233 0.000036 0.043158 0.028154 0.351079 0.161807 0.013505 0.000000 0.314965 
0.363952 0.016301 0.067515 0.293740 0.062022 0.014974 0.021329 0.017256 0.081941 0.035527 0.000000 0.025444 
0.105358 0.000000 0.099074 0.140796 0.015966 0.268152 0.046361 0.066785 0.068525 0.007937 0.005000 0.176045 
0.000403 0.000000 0.137968 0.002261 0.193268 0.094499 0.070031 0.203580 0.289769 0.000103 0.000000 0.008116 
0.035741 0.000000 0.009801 0.013810 0.008724 0.063203 0.003755 0.039388 0.059137 0.000157 0.000000 0.766282 
0.006085 0.000000 0.019415 0.293299 0.019222 0.612303 0.008072 0.003196 0.024325 0.009843 0.000000 0.004240 
0.000188 0.048124 0.045333 0.003654 0.394112 0.061371 0.118629 0.026283 0.288845 0.007889 0.000000 0.005572 
0.017740 0.000000 0.097027 0.032152 0.324361 0.003289 0.103217 0.025479 0.357598 0.037904 0.000000 0.001232 
0.756304 0.000000 0.035303 0.065571 0.000013 0.017742 0.006633 0.021520 0.004288 0.083859 0.000000 0.008767 
0.000114 0.000000 0.023254 0.000739 0.000012 0.000469 0.006556 0.032122 0.003230 0.000122 0.000000 0.933382 
0.000268 0.000000 0.211794 0.022478 0.117513 0.074491 0.062281 0.178938 0.169522 0.133849 0.005000 0.023867 
0.107663 0.000000 0.050382 0.005131 0.000027 0.000991 0.119926 0.040019 0.154816 0.000111 0.010000 0.510932 
0.529592 0.000000 0.017521 0.025147 0.000034 0.004092 0.017171 0.014253 0.308302 0.083316 0.000000 0.000571 
0.000167 0.000000 0.210362 0.049626 0.027123 0.014558 0.064490 0.001794 0.421406 0.196746 0.005000 0.008727 
0.685097 0.000000 0.057071 0.053012 0.061067 0.017204 0.031068 0.025826 0.065788 0.000112 0.000000 0.003754 
0.000496 0.000000 0.066621 0.039536 0.103058 0.078279 0.095427 0.028206 0.551632 0.010819 0.000000 0.025926 
0.000249 0.000000 0.224773 0.022215 0.022077 0.024703 0.329353 0.040896 0.298716 0.020505 0.005000 0.011512 
0.000224 0.000000 0.062576 0.016948 0.371198 0.070107 0.023816 0.030743 0.393981 0.000080 0.005000 0.025325 
0.843698 0.000000 0.035888 0.038377 0.000023 0.032360 0.002820 0.002664 0.004499 0.022226 0.000000 0.017445 
0.000463 0.000000 0.129980 0.015109 0.063373 0.022989 0.333421 0.058279 0.267816 0.108238 0.000000 0.000332 
0.000231 0.000000 0.115401 0.013894 0.136298 0.099425 0.104135 0.008911 0.449991 0.000168 0.020002 0.051544 
0.030313 0.000000 0.128374 0.169187 0.019147 0.217356 0.066276 0.064627 0.216698 0.072111 0.000000 0.015910 
0.066266 0.000000 0.317481 0.050740 0.000030 0.103495 0.044716 0.157693 0.077324 0.177441 0.000000 0.004814 
0.000604 0.000000 0.292199 0.041977 0.024503 0.070248 0.196234 0.020036 0.235663 0.069634 0.010001 0.038901 
0.000277 0.000000 0.271709 0.051905 0.000028 0.074114 0.084455 0.018674 0.109411 0.357228 0.000000 0.032200 
0.004122 0.000000 0.121581 0.214893 0.000034 0.420414 0.079165 0.030774 0.111268 0.016680 0.000000 0.001067 
0.038651 0.020983 0.094647 0.195591 0.000048 0.070490 0.168945 0.141452 0.135382 0.000265 0.000000 0.133546 
0.266530 0.009745 0.134898 0.046825 0.000023 0.002287 0.013017 0.386368 0.041902 0.040373 0.000000 0.058032 
0.000312 0.000000 0.173327 0.036748 0.367826 0.019741 0.126729 0.034364 0.226611 0.009457 0.000000 0.004884 
0.000456 0.000000 0.121225 0.067140 0.033286 0.009351 0.091062 0.001395 0.618293 0.036765 0.000000 0.021027 
0.000310 0.000000 0.170006 0.022286 0.015458 0.001942 0.070194 0.438001 0.195230 0.064121 0.000000 0.022452 
0.014959 0.000000 0.265496 0.009332 0.000047 0.081952 0.241041 0.151873 0.219315 0.013551 0.000000 0.002434 
0.000241 0.000000 0.042956 0.088035 0.384922 0.062480 0.004510 0.025042 0.385613 0.000060 0.005000 0.001140 
0.009667 0.000000 0.173189 0.230509 0.022225 0.083038 0.023330 0.382780 0.029821 0.013703 0.000000 0.031738 
0.053530 0.000000 0.044115 0.273907 0.009296 0.497539 0.002112 0.012927 0.017949 0.011180 0.000000 0.077444 
0.044525 0.000000 0.073268 0.229210 0.039759 0.543788 0.018711 0.043082 0.007069 0.000053 0.000000 0.000535 
0.203611 0.011244 0.022925 0.016628 0.000026 0.002410 0.003279 0.616133 0.046544 0.027163 0.000000 0.050036 
0.000218 0.000000 0.020241 0.213593 0.010160 0.627993 0.000602 0.077616 0.047564 0.000089 0.000000 0.001923 
0.056753 0.000000 0.192795 0.043679 0.000046 0.060752 0.015940 0.157858 0.125633 0.311547 0.000000 0.034997 
0.049610 0.000000 0.144591 0.170136 0.060285 0.002359 0.092176 0.003419 0.281788 0.130290 0.005000 0.060346 
0.133001 0.000000 0.184178 0.122989 0.000036 0.142229 0.145148 0.079951 0.141251 0.045611 0.000000 0.005606 
0.132117 0.000000 0.135079 0.019719 0.389865 0.019724 0.043152 0.052571 0.176188 0.023524 0.005000 0.003060 
0.000212 0.048596 0.283438 0.045257 0.000039 0.052780 0.043581 0.004834 0.118919 0.364545 0.000000 0.037798 
0.030170 0.000000 0.069236 0.113178 0.000026 0.003177 0.015162 0.049697 0.045176 0.000071 0.000000 0.674108 
0.000356 0.137249 0.027343 0.013167 0.355745 0.055318 0.111444 0.040934 0.200213 0.008666 0.000000 0.049566 
0.053470 0.000000 0.032118 0.141849 0.000044 0.145591 0.005465 0.032670 0.023372 0.006151 0.000000 0.559268 
0.047677 0.000000 0.090200 0.448213 0.000037 0.155735 0.080599 0.013089 0.107523 0.000130 0.000000 0.056796 
0.000442 0.000000 0.174013 0.003257 0.026947 0.039619 0.249203 0.241109 0.214637 0.047389 0.000000 0.003385 
0.395219 0.000000 0.229729 0.025042 0.000037 0.102143 0.054155 0.065544 0.112819 0.012440 0.000000 0.002873 
0.000151 0.000000 0.090887 0.200203 0.129314 0.023063 0.003628 0.113060 0.088059 0.025246 0.005000 0.321390 
0.052438 0.000000 0.217933 0.017216 0.138836 0.005553 0.216852 0.100285 0.205999 0.000171 0.005000 0.039716 
0.005641 0.000000 0.069902 0.102748 0.000031 0.462248 0.001299 0.154126 0.197219 0.000133 0.000000 0.006653 
0.315264 0.000000 0.053143 0.019644 0.000017 0.068602 0.000313 0.537254 0.004334 0.000112 0.000000 0.001317 
0.030274 0.000000 0.271845 0.001238 0.021001 0.063826 0.065036 0.045907 0.187910 0.293926 0.005000 0.014036 
0.131238 0.000000 0.048530 0.071088 0.074245 0.082623 0.008568 0.067882 0.134756 0.000083 0.000000 0.380986 
0.041551 0.036462 0.083050 0.002646 0.022694 0.028468 0.058375 0.169257 0.186183 0.009615 0.000000 0.361699 
0.000414 0.000000 0.027938 0.020772 0.000032 0.032321 0.122400 0.050646 0.082337 0.000244 0.000000 0.662896 
0.014039 0.000000 0.102058 0.186862 0.000052 0.507650 0.005963 0.065308 0.034783 0.000091 0.000000 0.083194 
0.010369 0.007129 0.071980 0.362987 0.000034 0.406973 0.016654 0.042865 0.076960 0.000231 0.000000 0.003818 
0.004187 0.000000 0.097536 0.152297 0.000028 0.124411 0.021073 0.555991 0.032800 0.000163 0.005000 0.006513 
0.116642 0.000000 0.287574 0.042057 0.000024 0.060899 0.044043 0.030210 0.142495 0.268111 0.000000 0.007945 
0.036289 0.000000 0.341271 0.014349 0.000036 0.113815 0.117920 0.001937 0.113582 0.260109 0.000000 0.000692 
0.000250 0.000000 0.151196 0.382466 0.049575 0.185258 0.078500 0.053184 0.076955 0.009755 0.000000 0.012861 
0.000297 0.000000 0.352512 0.036026 0.023723 0.070506 0.165105 0.131381 0.174133 0.045143 0.000000 0.001174 
0.000321 0.000000 0.222928 0.001550 0.000035 0.052553 0.369183 0.032165 0.307147 0.000268 0.000000 0.013850 
0.000283 0.000000 0.145507 0.329519 0.000030 0.383202 0.027784 0.006535 0.084234 0.000141 0.000000 0.022765 
0.000219 0.000000 0.172477 0.044105 0.000035 0.026566 0.036246 0.053292 0.646204 0.015582 0.005000 0.000276 
0.632388 0.000000 0.074540 0.021380 0.000018 0.015412 0.000719 0.043534 0.133839 0.018399 0.000000 0.059770 
0.720333 0.000000 0.086783 0.054346 0.000038 0.002681 0.013044 0.018150 0.057814 0.041927 0.000000 0.004884 
0.000382 0.000000 0.094504 0.110147 0.000041 0.113309 0.063529 0.015714 0.559255 0.042609 0.000000 0.000510 
0.028217 0.000000 0.041545 0.091751 0.000029 0.094737 0.016250 0.052092 0.013922 0.000097 0.000000 0.661360 
0.000328 0.053283 0.269928 0.018313 0.000039 0.003616 0.093239 0.001732 0.505367 0.028126 0.005000 0.021030 
0.053852 0.000000 0.125325 0.296908 0.000043 0.090067 0.023603 0.054864 0.304260 0.044879 0.000000 0.006199 
0.000215 0.032181 0.088421 0.089568 0.192915 0.054342 0.097539 0.042898 0.384823 0.000169 0.000000 0.016928 
0.000223 0.000000 0.173376 0.027292 0.000029 0.025148 0.319314 0.063510 0.325812 0.062868 0.000000 0.002428 
0.410621 0.000000 0.070364 0.029582 0.018827 0.061899 0.106685 0.163001 0.066302 0.032960 0.000000 0.039760 
0.000404 0.000000 0.041907 0.193948 0.000024 0.091490 0.048742 0.382352 0.064816 0.034236 0.005000 0.137081 
0.655656 0.000000 0.076634 0.010919 0.000028 0.015603 0.086089 0.019485 0.068950 0.032265 0.000000 0.034372 
0.330771 0.000000 0.063058 0.297251 0.000046 0.063181 0.065838 0.065910 0.112745 0.000196 0.000000 0.001004 
0.000243 0.000000 0.124574 0.048050 0.000031 0.030545 0.029950 0.017523 0.662606 0.056293 0.000000 0.030186 
0.028092 0.016817 0.314342 0.002177 0.064194 0.115807 0.170750 0.072631 0.187500 0.010061 0.000000 0.017631 
0.000371 0.000000 0.040115 0.076046 0.000011 0.013734 0.001386 0.718976 0.041972 0.020944 0.000000 0.086445 
0.633584 0.000000 0.094181 0.013850 0.000021 0.017773 0.001260 0.031026 0.009768 0.000131 0.000000 0.198406 
0.000236 0.000000 0.207630 0.110181 0.038162 0.266330 0.039856 0.125025 0.108009 0.016188 0.000000 0.088383 
0.017779 0.000000 0.264680 0.042343 0.000032 0.044741 0.105916 0.040893 0.182398 0.300012 0.000000 0.001207 
0.374299 0.000000 0.080963 0.041125 0.023808 0.010028 0.000604 0.327889 0.026277 0.061103 0.000000 0.053903 
0.000180 0.000000 0.088003 0.369418 0.000023 0.442156 0.002133 0.055599 0.008979 0.012587 0.000000 0.020922 
0.032437 0.000000 0.273673 0.016734 0.068410 0.168179 0.147029 0.084209 0.182577 0.000103 0.005000 0.021649 
0.604822 0.000000 0.064544 0.043261 0.000047 0.005037 0.073031 0.036296 0.071301 0.000164 0.000000 0.101498 
0.000275 0.000000 0.198078 0.001290 0.000030 0.038533 0.304439 0.050283 0.371056 0.030016 0.005000 0.001000 
0.033019 0.000000 0.159950 0.208750 0.000034 0.093591 0.181436 0.082890 0.195024 0.014398 0.005000 0.025908 
0.274072 0.000000 0.119127 0.069167 0.000036 0.003195 0.068970 0.014033 0.426893 0.016519 0.000000 0.007989 
0.031705 0.000000 0.112791 0.249486 0.017895 0.107460 0.081992 0.160951 0.170764 0.029226 0.005000 0.032730 
0.536169 0.000000 0.083911 0.009857 0.000046 0.101684 0.143463 0.014186 0.105030 0.000203 0.005000 0.000450 
0.016597 0.000000 0.063164 0.240391 0.000030 0.405193 0.007963 0.228283 0.034883 0.000178 0.000000 0.003318 
0.000136 0.000000 0.025445 0.000653 0.000029 0.000573 0.006042 0.922296 0.043820 0.000052 0.000000 0.000956 
0.328773 0.000000 0.192709 0.004300 0.000031 0.066258 0.038893 0.019512 0.080530 0.268553 0.000000 0.000440 
0.208484 0.000000 0.034445 0.523030 0.000042 0.048314 0.001230 0.049509 0.105236 0.000144 0.000000 0.029564 
0.024448 0.000000 0.065251 0.021555 0.044511 0.003009 0.028718 0.078048 0.077523 0.000067 0.000000 0.656872 
0.026211 0.000000 0.169702 0.385540 0.000035 0.055766 0.125049 0.071885 0.156222 0.000174 0.005000 0.004414 
0.144570 0.016236 0.100674 0.008681 0.244966 0.032753 0.068855 0.054722 0.322396 0.000156 0.005000 0.000990 
0.043820 0.000000 0.038837 0.011641 0.059569 0.006974 0.040042 0.057664 0.095357 0.000188 0.005000 0.640908 
0.033308 0.000000 0.026697 0.000544 0.048600 0.007524 0.052345 0.122574 0.084508 0.000048 0.005000 0.618852 
0.000191 0.000000 0.057306 0.015889 0.236373 0.064763 0.053665 0.239460 0.325102 0.000126 0.000000 0.007124 
0.000160 0.000000 0.015036 0.149398 0.000032 0.223447 0.023268 0.543116 0.016830 0.000265 0.000000 0.028448 
0.107127 0.000000 0.234681 0.026775 0.000023 0.049088 0.049255 0.098207 0.165490 0.040554 0.000000 0.228798 
0.000317 0.000000 0.222320 0.062398 0.045184 0.066938 0.091855 0.011455 0.130915 0.351714 0.000000 0.016904 
0.290170 0.000000 0.143105 0.090560 0.000033 0.056194 0.167104 0.012933 0.113838 0.045027 0.000000 0.081035 
0.000173 0.000000 0.067359 0.037939 0.081859 0.011595 0.039835 0.543346 0.164525 0.000212 0.005000 0.048156 
0.115250 0.000000 0.010436 0.028475 0.022668 0.002599 0.019173 0.037980 0.015635 0.014294 0.000000 0.733489 
0.000366 0.000000 0.229350 0.024927 0.000040 0.057053 0.055455 0.143102 0.119549 0.369755 0.000000 0.000402 
0.056268 0.045445 0.105778 0.177279 0.037040 0.349310 0.028752 0.131841 0.046875 0.000119 0.000000 0.021293 
0.017024 0.000000 0.045535 0.072691 0.000038 0.142953 0.025597 0.667232 0.017603 0.000170 0.000000 0.011159 
0.019428 0.000000 0.063284 0.142864 0.182448 0.407443 0.016147 0.009895 0.157898 0.000168 0.000000 0.000425 
0.000137 0.048527 0.121513 0.016005 0.000039 0.025009 0.320760 0.029597 0.197289 0.033336 0.000000 0.207788 
0.022017 0.020783 0.050035 0.093349 0.241747 0.258456 0.051594 0.038066 0.093629 0.010620 0.005000 0.114702 
0.000441 0.000000 0.166503 0.225402 0.054987 0.081770 0.134399 0.031864 0.271408 0.016951 0.005000 0.011276 
0.230207 0.000000 0.068760 0.129970 0.000042 0.258106 0.000944 0.243683 0.066788 0.000092 0.000000 0.001408 
0.026458 0.000000 0.039440 0.143651 0.000030 0.197709 0.050339 0.034982 0.026084 0.018377 0.000000 0.462930 
0.012471 0.000000 0.004103 0.117895 0.000038 0.108718 0.008793 0.716270 0.028115 0.000039 0.000000 0.003558 
