-393945.239661
0
0.000000 0.000000 0.000000 0.000000 0.098697 0.000000 0.022812 0.102431 0.000000 0.016839 0.000000 0.000000 0.000000 0.000000 0.000000 0.000000 0.000000 0.000000 0.000000 0.000000 0.000000 0.000000 0.012366 0.000000 0.000000 0.000000 0.000000 0.000000 0.063221 0.050091 0.000000 0.114981 0.000000 0.000000 0.000000 0.000000 0.000000 0.000000 0.017653 0.000000 0.000000 0.000000 0.000000 0.000000 0.000000 0.010390 0.000000 0.000000 0.000000 0.000000 0.000000 0.000000 0.042625 0.037336 0.000000 0.000000 0.049026 0.000000 0.000000 0.018475 0.000000 0.000000 0.000000 0.000000 0.000000 0.000000 0.000000 0.000000 0.000000 0.000000 0.037296 0.000000 0.000000 0.020841 0.000000 0.000000 0.048882 0.087864 0.000000 0.100650 0.000000 0.000000 0.000000 0.000000 0.000000 0.000000 0.020978 0.000000 0.000000 0.000000 0.000000 0.000000 0.000000 0.008583 0.017964 0.000000 
0.079084 0.061240 0.000000 0.037930 0.000000 0.000000 0.000000 0.000000 0.000000 0.000000 0.000000 0.000000 0.006280 0.000000 0.011384 0.000000 0.000000 0.000000 0.000000 0.000000 0.000000 0.000000 0.000000 0.000000 0.107710 0.080802 0.000000 0.077800 0.000000 0.000000 0.000000 0.000000 0.000000 0.000000 0.000000 0.019866 0.009488 0.018206 0.050363 0.017542 0.000000 0.000000 0.000000 0.003299 0.000000 0.000000 0.000000 0.000000 0.085230 0.074662 0.000000 0.057721 0.006001 0.000000 0.000000 0.000000 0.000000 0.000000 0.000000 0.000000 0.023983 0.000000 0.021957 0.000000 0.007344 0.000000 0.000000 0.000000 0.000000 0.000000 0.000000 0.000000 0.065125 0.038559 0.011784 0.000000 0.000000 0.000000 0.000000 0.000000 0.000000 0.000000 0.000000 0.000000 0.006678 0.006488 0.013476 0.000000 0.000000 0.000000 0.000000 0.000000 0.000000 0.000000 0.000000 0.000000 
0.000000 0.000000 0.000000 0.016214 0.000000 0.000000 0.000000 0.000000 0.000000 0.000000 0.000000 0.000000 0.000000 0.000000 0.000000 0.000000 0.000000 0.000000 0.000000 0.000000 0.000000 0.000000 0.000000 0.009731 0.000000 0.000000 0.000000 0.018681 0.000000 0.000000 0.000000 0.000000 0.000000 0.000000 0.000000 0.000000 0.000000 0.000000 0.000000 0.000000 0.000000 0.000000 0.000000 0.000000 0.000000 0.000000 0.005825 0.000000 0.000000 0.000000 0.000000 0.007723 0.000000 0.000000 0.000000 0.000000 0.000000 0.000000 0.000000 0.019250 0.000000 0.000000 0.000000 0.000000 0.000000 0.014871 0.000000 0.016939 0.000000 0.000000 0.000000 0.000000 0.083906 0.012461 0.000000 0.645577 0.000000 0.000000 0.000000 0.000000 0.000000 0.000000 0.000000 0.055308 0.000000 0.000000 0.000000 0.000000 0.000000 0.010136 0.000000 0.000000 0.000000 0.012487 0.003457 0.067435 
0.000000 0.000000 0.149544 0.000000 0.022135 0.000000 0.000000 0.000000 0.000000 0.000000 0.000000 0.000000 0.000000 0.000000 0.000000 0.000000 0.000000 0.000000 0.000000 0.000000 0.000000 0.000000 0.000000 0.000000 0.000000 0.136970 0.051797 0.000000 0.030416 0.019716 0.000000 0.000000 0.020872 0.021906 0.000000 0.000000 0.000000 0.000000 0.042091 0.000000 0.000000 0.000000 0.000000 0.000000 0.000000 0.000000 0.000000 0.000000 0.000000 0.013665 0.166779 0.000000 0.000000 0.043740 0.046130 0.000000 0.000000 0.000000 0.000000 0.000000 0.000000 0.013283 0.000000 0.000000 0.000000 0.000000 0.000000 0.000000 0.000000 0.000000 0.000000 0.000000 0.000000 0.194376 0.008127 0.000000 0.000000 0.018452 0.000000 0.000000 0.000000 0.000000 0.000000 0.000000 0.000000 0.000000 0.000000 0.000000 0.000000 0.000000 0.000000 0.000000 0.000000 0.000000 0.000000 0.000000 
0.000000 0.000000 0.000000 0.000000 0.000000 0.000000 0.000000 0.000000 0.000000 0.000000 0.000000 0.000000 0.000000 0.000000 0.000000 0.000000 0.000000 0.000000 0.000000 0.000000 0.000000 0.000000 0.000000 0.000000 0.000000 0.000000 0.000000 0.000000 0.000000 0.000000 0.000000 0.000000 0.000000 0.000000 0.000000 0.000000 0.000000 0.000000 0.000000 0.000000 0.000000 0.000000 0.000000 0.000000 0.000000 0.000000 0.000000 0.000000 0.000000 0.000000 0.000000 0.000000 0.000000 0.000000 0.000000 0.000000 0.000000 0.000000 0.693538 0.000000 0.000000 0.000000 0.000000 0.000000 0.000000 0.000000 0.000000 0.000000 0.000000 0.000000 0.000000 0.000000 0.000000 0.152910 0.153553 0.000000 0.000000 0.000000 0.000000 0.000000 0.000000 0.000000 0.000000 0.000000 0.000000 0.000000 0.000000 0.000000 0.000000 0.000000 0.000000 0.000000 0.000000 0.000000 0.000000 0.000000 
0.000000 0.000000 0.000000 0.000000 0.000000 0.000000 0.000000 0.000000 0.000000 0.000000 0.000000 0.000000 0.016842 0.000000 0.000000 0.045106 0.000000 0.000000 0.000000 0.011286 0.162105 0.000000 0.000000 0.000000 0.000000 0.000000 0.000000 0.000000 0.000000 0.000000 0.000000 0.000000 0.000000 0.000000 0.000000 0.000000 0.013757 0.000000 0.000000 0.000000 0.025328 0.000000 0.041767 0.058594 0.106620 0.000000 0.034466 0.000000 0.000000 0.000000 0.000000 0.000000 0.000000 0.007609 0.000000 0.000000 0.000000 0.000000 0.000000 0.000000 0.000000 0.000000 0.000000 0.000000 0.000000 0.000000 0.000000 0.000000 0.017817 0.000000 0.006897 0.000000 0.023007 0.000000 0.000000 0.000000 0.000000 0.000000 0.000000 0.000000 0.000000 0.000000 0.000000 0.000000 0.058654 0.000000 0.057252 0.027165 0.000000 0.015314 0.000000 0.000000 0.239713 0.000000 0.030702 0.000000 
0.000000 0.000000 0.000000 0.000000 0.000000 0.000000 0.000000 0.000000 0.007492 0.000000 0.000000 0.000000 0.000000 0.000000 0.000000 0.000000 0.000000 0.000000 0.000000 0.000000 0.000000 0.000000 0.000000 0.000000 0.000000 0.000000 0.000000 0.000000 0.000000 0.000000 0.000000 0.000000 0.004341 0.000000 0.002070 0.002213 0.000000 0.000000 0.000000 0.000000 0.000000 0.000000 0.000000 0.000000 0.000000 0.000000 0.000000 0.000000 0.000000 0.000000 0.000000 0.000000 0.000000 0.000000 0.000000 0.000000 0.005219 0.000000 0.000000 0.000000 0.000000 0.000000 0.000000 0.000000 0.000000 0.000000 0.000000 0.000000 0.000000 0.000000 0.000000 0.000000 0.014299 0.004238 0.000000 0.000000 0.044685 0.000000 0.000000 0.077821 0.506564 0.058390 0.000000 0.272669 0.000000 0.000000 0.000000 0.000000 0.000000 0.000000 0.000000 0.000000 0.000000 0.000000 0.000000 0.000000 
0.021485 0.033036 0.000000 0.050664 0.009823 0.018177 0.000000 0.004996 0.039703 0.000000 0.000000 0.052545 0.026412 0.039874 0.020990 0.059712 0.000000 0.004802 0.000000 0.032368 0.000000 0.000000 0.020234 0.002540 0.000000 0.000000 0.000000 0.000000 0.008924 0.010351 0.000000 0.000000 0.000000 0.000000 0.000000 0.040977 0.025710 0.038150 0.000000 0.059129 0.000000 0.016879 0.000000 0.000000 0.000000 0.005511 0.000000 0.000000 0.000000 0.000000 0.000000 0.000000 0.000000 0.003821 0.000000 0.020624 0.000000 0.000000 0.000000 0.000000 0.000000 0.024329 0.014171 0.050997 0.000000 0.000000 0.000000 0.000000 0.005488 0.007951 0.020023 0.013300 0.000000 0.003875 0.000000 0.000000 0.000000 0.000000 0.000000 0.000000 0.000000 0.000000 0.000000 0.000000 0.043004 0.030849 0.000000 0.083170 0.000000 0.000000 0.000000 0.013547 0.000000 0.000000 0.021858 0.000000 
0.000000 0.000000 0.000000 0.000000 0.000000 0.000000 0.000000 0.000000 0.000000 0.000000 0.000000 0.000000 0.000000 0.000000 0.000000 0.000000 0.000000 0.000000 0.000000 0.000000 0.000000 0.000000 0.000000 0.000000 0.000000 0.000000 0.000000 0.000000 0.000000 0.000000 0.000000 0.000000 0.000000 0.000000 0.000000 0.000000 0.000000 0.000000 0.000000 0.000000 0.000000 0.000000 0.000000 0.000000 0.000000 0.000000 0.000000 0.000000 0.000000 0.000000 0.000000 0.000000 0.000000 0.000000 0.000000 0.000000 0.000000 0.000000 0.000000 0.000000 0.000000 0.000000 0.000000 0.000000 0.000000 0.000000 0.000000 0.000000 0.000000 0.000000 0.000000 0.000000 0.000000 0.000000 0.000000 0.000000 0.000000 0.000000 1.000000 0.000000 0.000000 0.000000 0.000000 0.000000 0.000000 0.000000 0.000000 0.000000 0.000000 0.000000 0.000000 0.000000 0.000000 0.000000 0.000000 0.000000 
0.000000 0.000000 0.000000 0.000000 0.000000 0.000000 0.000000 0.000000 0.037494 0.020467 0.000000 0.018647 0.000000 0.005084 0.000000 0.000000 0.000000 0.003606 0.023971 0.000000 0.000000 0.000000 0.000000 0.000000 0.008301 0.026099 0.014749 0.085443 0.000000 0.000000 0.000000 0.000000 0.000000 0.000000 0.103245 0.000000 0.000000 0.003852 0.000000 0.000000 0.006057 0.000000 0.038784 0.000000 0.000000 0.006225 0.000000 0.000000 0.000000 0.007946 0.000000 0.007844 0.000000 0.006246 0.000000 0.000000 0.122687 0.137156 0.148779 0.095422 0.000000 0.003400 0.000000 0.000000 0.019159 0.005952 0.012217 0.000000 0.000000 0.002755 0.000000 0.000000 0.000000 0.000000 0.000000 0.000000 0.000000 0.000000 0.000000 0.000000 0.000000 0.000000 0.000000 0.000000 0.000000 0.000000 0.000000 0.000000 0.006952 0.000000 0.020195 0.000000 0.000000 0.000000 0.001266 0.000000 
0.000000 0.004966 0.000000 0.000000 0.000000 0.000000 0.000000 0.000000 0.028577 0.020757 0.437978 0.013112 0.000000 0.000000 0.000000 0.012063 0.000000 0.000000 0.000000 0.000000 0.000000 0.000000 0.000000 0.000000 0.000000 0.000000 0.000000 0.000000 0.000000 0.000000 0.000000 0.000000 0.019283 0.021415 0.180988 0.009911 0.000000 0.000000 0.000000 0.000000 0.000000 0.000000 0.000000 0.000000 0.000000 0.000000 0.000000 0.000000 0.000000 0.000000 0.000000 0.000000 0.000000 0.000000 0.000000 0.000000 0.013861 0.009788 0.200790 0.002700 0.000000 0.000000 0.000000 0.000000 0.005298 0.000000 0.000000 0.009508 0.000000 0.000000 0.000000 0.000000 0.000000 0.009005 0.000000 0.000000 0.000000 0.000000 0.000000 0.000000 0.000000 0.000000 0.000000 0.000000 0.000000 0.000000 0.000000 0.000000 0.000000 0.000000 0.000000 0.000000 0.000000 0.000000 0.000000 0.000000 
0.000000 0.000000 0.000000 0.000000 0.000000 0.000000 0.000000 0.000000 0.000000 0.000000 0.000000 0.000000 0.000000 0.000000 0.000000 0.000000 0.000000 0.000000 0.000000 0.000000 0.000000 0.038824 0.019056 0.100912 0.000000 0.000000 0.000000 0.000000 0.000000 0.000000 0.000000 0.000000 0.000000 0.000000 0.000000 0.000000 0.000000 0.000000 0.000000 0.000000 0.000000 0.000000 0.000000 0.000000 0.000000 0.027166 0.000000 0.261331 0.000000 0.000000 0.000000 0.000000 0.000000 0.000000 0.000000 0.000000 0.000000 0.000000 0.000000 0.000000 0.000000 0.000000 0.000000 0.000000 0.000000 0.012348 0.031776 0.012006 0.000000 0.000000 0.000000 0.067041 0.000000 0.000000 0.000000 0.000000 0.000000 0.000000 0.000000 0.000000 0.000000 0.000000 0.000000 0.000000 0.000000 0.000000 0.000000 0.000000 0.000000 0.000000 0.016093 0.115020 0.000000 0.024412 0.000000 0.274016 
0.000000 0.000000 0.000000 0.000000 0.000000 0.000000 0.000000 0.000000 0.000000 0.018548 0.000000 0.018878 0.022350 0.000000 0.024515 0.000000 0.131406 0.051167 0.063553 0.078860 0.000000 0.000000 0.000000 0.000000 0.000000 0.000000 0.000000 0.000000 0.000000 0.000000 0.000000 0.000000 0.000000 0.000000 0.000000 0.021747 0.000000 0.000000 0.000000 0.000000 0.033202 0.053953 0.000000 0.069452 0.000000 0.000000 0.000000 0.000000 0.000000 0.000000 0.000000 0.020161 0.000000 0.000000 0.000000 0.000000 0.000000 0.000000 0.000000 0.020136 0.000000 0.000000 0.000000 0.000000 0.040944 0.037745 0.022726 0.051659 0.000000 0.000000 0.000000 0.000000 0.022492 0.000000 0.000000 0.000000 0.000000 0.000000 0.000000 0.000000 0.000000 0.000000 0.000000 0.000000 0.000000 0.000000 0.000000 0.000000 0.068893 0.048650 0.037172 0.031597 0.000000 0.010194 0.000000 0.000000 
0.044771 0.000000 0.000000 0.000000 0.000000 0.050375 0.000000 0.000000 0.125816 0.000000 0.000000 0.000000 0.000000 0.000000 0.000000 0.000000 0.000000 0.000000 0.068952 0.000000 0.000000 0.000000 0.000000 0.000000 0.000000 0.000000 0.000000 0.000000 0.000000 0.000000 0.029895 0.000000 0.141791 0.050178 0.000000 0.000000 0.000000 0.000000 0.000000 0.000000 0.039869 0.000000 0.120121 0.000000 0.000000 0.000000 0.095666 0.000000 0.004791 0.000000 0.000000 0.000000 0.000000 0.000000 0.000000 0.071804 0.000000 0.033843 0.000000 0.000000 0.000000 0.000000 0.005555 0.000000 0.000000 0.000000 0.040827 0.000000 0.000000 0.000000 0.000000 0.000000 0.000000 0.040986 0.017799 0.000000 0.000000 0.000000 0.000000 0.000000 0.000000 0.000000 0.000000 0.000000 0.000000 0.000000 0.000000 0.000000 0.000000 0.016962 0.000000 0.000000 0.000000 0.000000 0.000000 0.000000 
0.000000 0.000000 0.000000 0.000000 0.000000 0.000000 0.000000 0.000000 0.000000 0.000000 0.000000 0.000000 0.000000 0.000000 0.000000 0.000000 0.000000 0.000000 0.000000 0.000000 0.000000 0.000000 0.000000 0.000000 0.000000 0.000000 0.000000 0.000000 0.000000 0.000000 0.000000 0.000000 0.000000 0.000000 0.000000 0.000000 0.000000 0.000000 0.000000 0.000000 0.000000 0.000000 0.000000 0.000000 0.000000 0.000000 0.000000 0.000000 0.000000 0.000000 0.000000 0.000000 0.000000 0.000000 0.000000 0.000000 0.000000 0.000000 0.000000 0.000000 0.000000 0.000000 0.000000 0.000000 0.000000 0.000000 0.000000 0.000000 0.000000 0.025243 0.000000 0.000000 0.000000 0.000000 0.079167 0.000000 0.000000 0.000000 0.000000 0.000000 0.000000 0.000000 0.000000 0.895589 0.000000 0.000000 0.000000 0.000000 0.000000 0.000000 0.000000 0.000000 0.000000 0.000000 0.000000 0.000000 
0.000000 0.000000 0.000000 0.000000 0.000000 0.000000 0.000000 0.000000 0.000000 0.592165 0.000000 0.000000 0.000000 0.000000 0.000000 0.000000 0.000000 0.000000 0.000000 0.000000 0.000000 0.000000 0.000000 0.000000 0.000000 0.000000 0.000000 0.000000 0.000000 0.000000 0.232240 0.000000 0.000000 0.000000 0.000000 0.000000 0.000000 0.000000 0.000000 0.000000 0.000000 0.000000 0.000000 0.000000 0.000000 0.000000 0.000000 0.000000 0.000000 0.000000 0.000000 0.000000 0.000000 0.000000 0.000000 0.000000 0.000000 0.000000 0.000000 0.000000 0.175594 0.000000 0.000000 0.000000 0.000000 0.000000 0.000000 0.000000 0.000000 0.000000 0.000000 0.000000 0.000000 0.000000 0.000000 0.000000 0.000000 0.000000 0.000000 0.000000 0.000000 0.000000 0.000000 0.000000 0.000000 0.000000 0.000000 0.000000 0.000000 0.000000 0.000000 0.000000 0.000000 0.000000 0.000000 0.000000 
0.000000 0.000000 0.000000 0.000000 0.000000 0.000000 0.000000 0.000000 0.000000 0.000000 0.000000 0.021469 0.000000 0.000000 0.000000 0.000000 0.000000 0.000000 0.000000 0.000000 0.000000 0.000000 0.000000 0.000000 0.000000 0.000000 0.000000 0.000000 0.000000 0.000000 0.000000 0.000000 0.000000 0.000000 0.000000 0.000000 0.000000 0.000000 0.000000 0.000000 0.000000 0.000000 0.000000 0.000000 0.000000 0.000000 0.000000 0.000000 0.000000 0.000000 0.000000 0.000000 0.000000 0.000000 0.000000 0.000000 0.000000 0.006780 0.000000 0.000000 0.000000 0.000000 0.000000 0.000000 0.000000 0.000000 0.000000 0.000000 0.000000 0.000000 0.000000 0.000000 0.000000 0.000000 0.000000 0.000000 0.000000 0.000000 0.000000 0.000000 0.000000 0.000000 0.963781 0.002924 0.000000 0.000000 0.000000 0.000000 0.000000 0.000000 0.000000 0.005046 0.000000 0.000000 0.000000 0.000000 
0.000000 0.000000 0.000000 0.000000 0.000000 0.000000 0.000000 0.000000 0.000000 0.024937 0.000000 0.000000 0.000000 0.000000 0.000000 0.004014 0.000000 0.000000 0.000000 0.000000 0.000000 0.000000 0.000000 0.000000 0.000000 0.000000 0.000000 0.000000 0.000000 0.000000 0.000000 0.000000 0.107106 0.133983 0.023773 0.101821 0.000000 0.000000 0.000000 0.000000 0.000000 0.000000 0.000000 0.003408 0.000000 0.000000 0.000000 0.000000 0.000000 0.000000 0.000000 0.000000 0.000000 0.000000 0.000000 0.000000 0.000000 0.024826 0.000000 0.017929 0.000000 0.000000 0.000000 0.000000 0.000000 0.000000 0.000000 0.010191 0.000000 0.000000 0.000000 0.000000 0.000000 0.000000 0.000000 0.000000 0.000000 0.000000 0.000000 0.000000 0.091467 0.369955 0.000000 0.084746 0.000000 0.000000 0.001845 0.000000 0.000000 0.000000 0.000000 0.000000 0.000000 0.000000 0.000000 0.000000 
0.010830 0.088128 0.001440 0.021269 0.000000 0.000187 0.038123 0.105157 0.005000 0.031376 0.008879 0.005266 0.051596 0.007085 0.000000 0.000000 0.083313 0.542352 
0.016058 0.030937 0.325503 0.000076 0.000000 0.000143 0.030366 0.033143 0.000000 0.048464 0.129752 0.049030 0.078878 0.013210 0.000000 0.000000 0.138160 0.106281 
0.019000 0.043029 0.333740 0.000069 0.000000 0.000138 0.056245 0.011999 0.000000 0.056648 0.025586 0.071033 0.051066 0.057244 0.000000 0.000000 0.136142 0.138061 
0.010664 0.059089 0.020913 0.038140 0.000000 0.023252 0.006246 0.019152 0.000000 0.387366 0.218588 0.028102 0.051582 0.030162 0.000000 0.000000 0.046209 0.060535 
0.028089 0.174630 0.069408 0.000035 0.000000 0.000138 0.004415 0.125124 0.000000 0.207812 0.125775 0.045358 0.059589 0.060922 0.000000 0.000000 0.066498 0.032207 
0.071924 0.260713 0.053617 0.034332 0.000000 0.016054 0.003580 0.031484 0.000000 0.138276 0.010365 0.047797 0.177510 0.073276 0.000000 0.000000 0.010611 0.070461 
0.003240 0.034465 0.146150 0.043417 0.000000 0.000026 0.560995 0.003193 0.000000 0.033890 0.001413 0.011359 0.000731 0.014848 0.045909 0.000000 0.050137 0.050226 
0.011748 0.105976 0.032762 0.000039 0.000000 0.127627 0.262043 0.050696 0.000000 0.053913 0.064407 0.038228 0.088643 0.012132 0.000000 0.000000 0.046674 0.105113 
0.100615 0.193320 0.021023 0.044986 0.000000 0.033553 0.061432 0.143881 0.000000 0.060213 0.001444 0.039909 0.122121 0.114279 0.000000 0.000000 0.005097 0.058128 
0.147868 0.084893 0.030062 0.000053 0.000000 0.009262 0.039872 0.157618 0.005000 0.008621 0.001156 0.037301 0.106776 0.084192 0.000000 0.008883 0.025745 0.252699 
0.059642 0.286939 0.064418 0.012169 0.000000 0.017933 0.027377 0.145099 0.000000 0.106987 0.103469 0.001757 0.066118 0.044479 0.000000 0.000000 0.040942 0.022673 
0.236207 0.160923 0.047964 0.010611 0.000000 0.024484 0.017743 0.190506 0.005000 0.014060 0.006276 0.077462 0.123314 0.065473 0.000000 0.000000 0.000088 0.019888 
0.001459 0.001406 0.000799 0.000087 0.000000 0.000361 0.046909 0.029898 0.000000 0.040561 0.071343 0.026778 0.048190 0.007507 0.000000 0.000000 0.085358 0.639346 
0.060995 0.280460 0.064886 0.055937 0.000000 0.008060 0.013742 0.130195 0.000000 0.047385 0.003474 0.007364 0.149787 0.134413 0.000000 0.000000 0.005249 0.038054 
0.053839 0.237053 0.090663 0.056289 0.000000 0.000117 0.016366 0.004811 0.000000 0.215455 0.122356 0.003762 0.080262 0.008558 0.000000 0.000000 0.055677 0.054791 
0.216183 0.078599 0.017155 0.008019 0.000000 0.014711 0.009633 0.231806 0.005000 0.060634 0.061210 0.038552 0.122940 0.084557 0.000000 0.000000 0.025679 0.025321 
0.000806 0.028611 0.336391 0.000022 0.023789 0.006451 0.009128 0.030840 0.000000 0.066021 0.017727 0.050646 0.025111 0.001137 0.036473 0.000000 0.171285 0.195562 
0.016252 0.077303 0.030629 0.000043 0.000000 0.007492 0.355179 0.015987 0.000000 0.049940 0.215262 0.038999 0.061368 0.003027 0.000000 0.000000 0.075388 0.053132 
0.080929 0.122173 0.066681 0.009584 0.000000 0.088311 0.024015 0.079135 0.000000 0.061870 0.031624 0.029958 0.233211 0.097169 0.000000 0.000000 0.026636 0.048704 
0.057298 0.105271 0.041686 0.000063 0.000000 0.000098 0.126158 0.162935 0.000000 0.054354 0.128362 0.034456 0.083311 0.046520 0.000000 0.000000 0.046379 0.113109 
0.048991 0.176066 0.031680 0.015028 0.000000 0.151173 0.026319 0.077265 0.005000 0.040416 0.014963 0.185973 0.166001 0.036040 0.000000 0.000000 0.000082 0.025005 
0.068814 0.167482 0.056016 0.000065 0.000000 0.012650 0.154457 0.147889 0.000000 0.050841 0.078119 0.032162 0.078098 0.023548 0.000000 0.000000 0.072448 0.057412 
0.001558 0.137005 0.022101 0.011538 0.000000 0.011457 0.015263 0.202857 0.000000 0.310008 0.121853 0.015731 0.066948 0.010910 0.000000 0.000000 0.021115 0.051655 
0.000241 0.074913 0.171768 0.000043 0.000000 0.000255 0.025996 0.018203 0.000000 0.091398 0.090906 0.048888 0.020903 0.044984 0.000000 0.000000 0.169432 0.242070 
0.063921 0.163008 0.030972 0.031314 0.000000 0.021039 0.014368 0.053824 0.000000 0.225419 0.108449 0.045928 0.130002 0.053046 0.000000 0.000000 0.015384 0.043326 
0.012785 0.047338 0.016030 0.000049 0.000000 0.104621 0.037202 0.072009 0.000000 0.094353 0.028044 0.102274 0.073252 0.014705 0.000000 0.012082 0.076401 0.308857 
0.010692 0.043077 0.007259 0.000070 0.000000 0.000104 0.020094 0.046253 0.005000 0.527415 0.161201 0.046166 0.045923 0.033439 0.000000 0.000000 0.042544 0.010763 
0.204655 0.103261 0.018639 0.018916 0.000000 0.006658 0.056742 0.157411 0.000000 0.047559 0.000845 0.041053 0.159270 0.118869 0.000000 0.017190 0.000084 0.048847 
0.112506 0.124350 0.086774 0.027543 0.000000 0.019498 0.031418 0.122080 0.000000 0.065864 0.002682 0.021265 0.138907 0.181738 0.000000 0.000000 0.010572 0.054802 
0.037679 0.058766 0.071173 0.000040 0.000000 0.197139 0.006523 0.138232 0.000000 0.090973 0.083345 0.098643 0.128892 0.041767 0.000000 0.000000 0.015503 0.031325 
0.067815 0.106581 0.248726 0.000054 0.000000 0.000170 0.016688 0.075957 0.005000 0.037540 0.008154 0.111575 0.088147 0.027218 0.011189 0.000000 0.141019 0.054168 
0.093520 0.116613 0.043429 0.028072 0.000000 0.026427 0.035304 0.130680 0.000000 0.079005 0.017771 0.039367 0.222821 0.093171 0.000000 0.000000 0.010675 0.063146 
0.017773 0.073927 0.029708 0.012548 0.000000 0.029038 0.047875 0.112481 0.000000 0.077185 0.299770 0.021945 0.144244 0.019780 0.000000 0.000000 0.085647 0.028080 
0.018659 0.009234 0.009485 0.000007 0.000000 0.000127 0.378320 0.012686 0.000000 0.004770 0.011622 0.000283 0.001379 0.006493 0.000000 0.000000 0.075374 0.471560 
0.006657 0.038774 0.065868 0.000035 0.000000 0.000234 0.023075 0.034790 0.000000 0.108139 0.373694 0.016095 0.145371 0.056492 0.000000 0.000000 0.074254 0.056522 
0.003594 0.218524 0.008939 0.022357 0.000000 0.007117 0.034042 0.163945 0.000000 0.106564 0.053104 0.028955 0.088027 0.007664 0.000000 0.000000 0.025932 0.231237 
0.069258 0.111091 0.015388 0.078216 0.000000 0.000072 0.203571 0.116902 0.000000 0.181321 0.103447 0.002802 0.012759 0.055768 0.000000 0.010906 0.015466 0.023032 
0.073089 0.228675 0.084454 0.000043 0.000000 0.015360 0.014634 0.285525 0.000000 0.007048 0.041679 0.024328 0.110538 0.060562 0.000000 0.000000 0.041455 0.012608 
0.019829 0.092809 0.299368 0.008367 0.031645 0.000039 0.020316 0.043764 0.000000 0.066998 0.135654 0.037777 0.067974 0.009693 0.000000 0.000000 0.139230 0.026538 
0.259127 0.165461 0.037516 0.010112 0.000000 0.009112 0.008280 0.207376 0.005000 0.006833 0.012363 0.012946 0.162467 0.098796 0.000000 0.000000 0.000090 0.004523 
0.000929 0.011874 0.191944 0.000014 0.000000 0.005765 0.603493 0.026550 0.000000 0.037625 0.001768 0.012065 0.009965 0.019121 0.000000 0.000000 0.055429 0.023457 
0.027058 0.168601 0.056719 0.041235 0.000000 0.000137 0.476622 0.025395 0.005000 0.039287 0.001364 0.000478 0.018130 0.060892 0.000000 0.000000 0.026032 0.053051 
0.139638 0.135987 0.023108 0.011771 0.000000 0.000196 0.003737 0.133063 0.000000 0.091552 0.032998 0.050709 0.219717 0.038166 0.024508 0.000000 0.026083 0.068767 
0.000467 0.007333 0.012434 0.007658 0.000000 0.000078 0.057427 0.046281 0.000000 0.613927 0.111438 0.022729 0.026928 0.007655 0.000000 0.000000 0.057195 0.028449 
0.164958 0.079451 0.008014 0.000032 0.000000 0.033674 0.063724 0.159420 0.000000 0.043652 0.012705 0.033582 0.128177 0.042117 0.000000 0.000000 0.021377 0.209116 
0.001284 0.023707 0.253371 0.000017 0.000000 0.111868 0.029432 0.009825 0.000000 0.010268 0.051376 0.088016 0.170651 0.023661 0.023328 0.000000 0.134355 0.068841 
0.004905 0.170165 0.203858 0.046627 0.019710 0.007525 0.048667 0.020040 0.000000 0.067744 0.071542 0.063132 0.076745 0.048859 0.000000 0.000000 0.101160 0.049323 
0.026124 0.019083 0.006655 0.000019 0.000000 0.000206 0.035758 0.079600 0.000000 0.017641 0.008295 0.006193 0.079465 0.024284 0.000000 0.000000 0.073205 0.623473 
0.076447 0.196974 0.013038 0.000066 0.000000 0.015027 0.000390 0.148848 0.000000 0.233135 0.162402 0.038038 0.070771 0.003394 0.000000 0.000000 0.031395 0.010075 
0.014882 0.025961 0.000906 0.021657 0.000000 0.000150 0.038948 0.023716 0.000000 0.006493 0.000686 0.013756 0.046852 0.001386 0.000000 0.000000 0.123918 0.680688 
0.070285 0.130992 0.177300 0.000062 0.000000 0.007703 0.007069 0.223611 0.000000 0.004896 0.013539 0.023823 0.065751 0.008037 0.000000 0.000000 0.079361 0.187573 
0.047523 0.112120 0.031506 0.000075 0.000000 0.000111 0.039650 0.104031 0.000000 0.354612 0.130998 0.030651 0.105238 0.004869 0.000000 0.000000 0.030841 0.007773 
0.028077 0.395258 0.060028 0.196716 0.000000 0.000176 0.002577 0.081480 0.000000 0.022737 0.003626 0.000216 0.043895 0.130963 0.000000 0.010408 0.010514 0.013328 
0.018341 0.062525 0.007854 0.000062 0.000000 0.000112 0.201158 0.018194 0.000000 0.366372 0.209064 0.005593 0.020148 0.044019 0.000000 0.000000 0.025457 0.021100 
0.043670 0.052157 0.080723 0.007730 0.000000 0.016450 0.287640 0.144418 0.000000 0.013836 0.035967 0.007967 0.121574 0.021443 0.000000 0.000000 0.084093 0.082332 
0.008676 0.243500 0.038998 0.042233 0.000000 0.000172 0.019410 0.076023 0.000000 0.110557 0.190758 0.031320 0.086258 0.061801 0.000000 0.000000 0.015339 0.074953 
0.053971 0.081641 0.001438 0.009305 0.000000 0.041897 0.040922 0.184274 0.000000 0.078947 0.044020 0.049420 0.142969 0.020817 0.000000 0.000000 0.015505 0.234873 
0.095019 0.226970 0.073658 0.133394 0.000000 0.000191 0.001899 0.174282 0.000000 0.025186 0.020604 0.035012 0.094448 0.037975 0.000000 0.000000 0.005159 0.076204 
0.000234 0.032857 0.131346 0.000029 0.000000 0.000158 0.020867 0.007463 0.000000 0.269669 0.148736 0.069863 0.042072 0.022057 0.000000 0.000000 0.083120 0.171530 
0.001467 0.027408 0.028524 0.038760 0.000000 0.000121 0.010475 0.044832 0.000000 0.444768 0.138957 0.014219 0.101589 0.052881 0.000000 0.000000 0.036602 0.059397 
0.034300 0.090305 0.031178 0.043313 0.000000 0.250582 0.029340 0.082038 0.000000 0.045192 0.025259 0.150043 0.184126 0.005354 0.000000 0.000000 0.005181 0.023791 
0.001246 0.031834 0.021465 0.000029 0.000000 0.006774 0.212074 0.012926 0.000000 0.287872 0.064266 0.035262 0.040456 0.013999 0.000000 0.000000 0.091763 0.180033 
0.005587 0.029717 0.089535 0.000084 0.000000 0.064240 0.101600 0.019289 0.000000 0.324542 0.119994 0.065999 0.073609 0.034922 0.000000 0.000000 0.025661 0.045220 
0.048144 0.209924 0.058970 0.000034 0.000000 0.133741 0.018216 0.270151 0.000000 0.006372 0.028024 0.116282 0.076360 0.017898 0.000000 0.011665 0.000048 0.004170 
0.001229 0.043101 0.152734 0.007069 0.000000 0.019320 0.016399 0.069180 0.000000 0.077787 0.206056 0.040018 0.046115 0.024794 0.000000 0.000000 0.088214 0.207984 
0.043336 0.026377 0.051960 0.017591 0.000000 0.016448 0.174897 0.091834 0.005000 0.225691 0.056497 0.064183 0.081513 0.010622 0.000000 0.000000 0.075054 0.058998 
0.041196 0.111107 0.085514 0.009099 0.000000 0.058815 0.007964 0.140874 0.000000 0.055847 0.048161 0.083152 0.190134 0.066413 0.013491 0.014228 0.046231 0.027774 
0.049121 0.180045 0.205981 0.089510 0.000000 0.010674 0.014886 0.088717 0.000000 0.043667 0.041022 0.006377 0.075188 0.114946 0.000000 0.000000 0.059459 0.020407 
0.007397 0.068506 0.001169 0.000034 0.000000 0.000185 0.296504 0.041775 0.000000 0.008850 0.001051 0.062588 0.093779 0.027850 0.000000 0.000000 0.068745 0.321568 
0.230714 0.125092 0.043803 0.000049 0.000000 0.009824 0.079995 0.250315 0.000000 0.018820 0.014736 0.042183 0.105531 0.038081 0.000000 0.000000 0.010374 0.030483 
0.063301 0.122559 0.024437 0.020384 0.000000 0.035403 0.023022 0.197802 0.000000 0.097864 0.037671 0.006508 0.233496 0.060379 0.000000 0.000000 0.020646 0.056526 
0.083876 0.071331 0.024889 0.000092 0.000000 0.015200 0.044571 0.075709 0.000000 0.349784 0.131889 0.034657 0.073746 0.074058 0.000000 0.000000 0.000084 0.020113 
0.033636 0.075666 0.078210 0.045958 0.000000 0.019264 0.173226 0.068592 0.000000 0.018619 0.011156 0.013837 0.013699 0.030234 0.000000 0.000000 0.062244 0.355659 
0.109858 0.073480 0.034546 0.000041 0.000000 0.000159 0.345437 0.055080 0.000000 0.010151 0.002703 0.029109 0.012881 0.037621 0.000000 0.000000 0.041324 0.247610 
0.076946 0.139887 0.029490 0.014456 0.000000 0.005610 0.408377 0.162607 0.000000 0.014302 0.002776 0.024875 0.077972 0.005843 0.000000 0.000000 0.025502 0.011357 
0.019360 0.116422 0.014327 0.035094 0.000000 0.006925 0.019881 0.052211 0.005000 0.094821 0.355398 0.015606 0.115498 0.046348 0.000000 0.000000 0.079548 0.023562 
0.022407 0.090621 0.014043 0.037956 0.000000 0.010636 0.019368 0.055699 0.000000 0.021815 0.002093 0.004270 0.037867 0.003437 0.000000 0.000000 0.094547 0.585239 
0.262574 0.233653 0.016851 0.000160 0.000000 0.016624 0.005217 0.200541 0.000000 0.026542 0.017911 0.044740 0.115316 0.010816 0.000000 0.000000 0.000043 0.049011 
0.255989 0.168294 0.035185 0.000098 0.000000 0.007956 0.031216 0.236277 0.000000 0.031967 0.028304 0.026033 0.101818 0.033831 0.000000 0.000000 0.005275 0.037756 
0.045081 0.078344 0.046056 0.000057 0.000000 0.008926 0.011966 0.084526 0.000000 0.282872 0.145727 0.053255 0.082200 0.032894 0.000000 0.010222 0.021007 0.096866 
0.032403 0.008744 0.032724 0.000084 0.000000 0.000211 0.099876 0.032149 0.005000 0.012188 0.014405 0.057136 0.034664 0.028999 0.000000 0.000000 0.139663 0.501753 
0.175600 0.196283 0.045030 0.049655 0.000000 0.015351 0.013946 0.260021 0.000000 0.006519 0.009857 0.008127 0.156456 0.045008 0.000000 0.000000 0.000045 0.018102 
0.117869 0.066020 0.101249 0.037154 0.000000 0.047864 0.050457 0.135537 0.000000 0.047008 0.050129 0.081693 0.092760 0.041776 0.016825 0.000000 0.051603 0.062056 
0.043234 0.103034 0.010702 0.000046 0.000000 0.000141 0.001371 0.040724 0.000000 0.155341 0.316127 0.009401 0.125341 0.026815 0.000000 0.000000 0.067452 0.100272 
0.071447 0.482037 0.036326 0.175754 0.000000 0.000071 0.001737 0.074282 0.000000 0.033375 0.001814 0.000104 0.026469 0.064759 0.000000 0.000000 0.000088 0.031739 
0.096082 0.330280 0.037993 0.068256 0.000000 0.000068 0.003520 0.063336 0.000000 0.041971 0.097964 0.003883 0.036245 0.049745 0.000000 0.000000 0.042109 0.128549 
0.211229 0.113914 0.031147 0.022471 0.000000 0.028434 0.038678 0.170725 0.005000 0.025632 0.022056 0.044243 0.158865 0.090523 0.000000 0.000000 0.005289 0.031793 
0.004773 0.056179 0.011379 0.019232 0.000000 0.015597 0.004066 0.035249 0.000000 0.383816 0.294789 0.035839 0.069993 0.002086 0.000000 0.000000 0.046786 0.020216 
0.009139 0.095874 0.335323 0.025161 0.000000 0.010899 0.000866 0.102508 0.000000 0.103121 0.031161 0.041478 0.096790 0.008262 0.000000 0.000000 0.122714 0.016705 
0.029747 0.059164 0.334678 0.000031 0.000000 0.023462 0.008922 0.027831 0.000000 0.121916 0.045579 0.065676 0.136504 0.005542 0.000000 0.000000 0.103298 0.037652 
0.029547 0.086580 0.021882 0.000041 0.000000 0.000319 0.028576 0.048681 0.005000 0.167966 0.400273 0.016975 0.076159 0.001971 0.000000 0.000000 0.047554 0.068476 
0.000883 0.042924 0.027222 0.000073 0.000000 0.000157 0.027886 0.048127 0.000000 0.028285 0.002591 0.007749 0.035304 0.019058 0.000000 0.000000 0.123281 0.636460 
0.050634 0.124960 0.292645 0.044079 0.000000 0.007059 0.004488 0.136419 0.000000 0.038978 0.007060 0.015516 0.083398 0.002152 0.000000 0.000000 0.157571 0.035039 
0.022088 0.215319 0.046837 0.000033 0.000000 0.008432 0.061673 0.173133 0.000000 0.019480 0.035874 0.028409 0.064849 0.020524 0.000000 0.000000 0.073581 0.229769 
0.000341 0.019438 0.015270 0.007491 0.000000 0.000029 0.004749 0.017304 0.000000 0.474334 0.275742 0.038092 0.035912 0.048283 0.000000 0.000000 0.035971 0.027042 
0.101564 0.192914 0.030107 0.000057 0.000000 0.012625 0.058456 0.224502 0.000000 0.014349 0.041547 0.010141 0.157616 0.030363 0.000000 0.000000 0.010402 0.115356 
0.157245 0.092936 0.001307 0.011344 0.000000 0.045563 0.028659 0.105224 0.000000 0.191853 0.052201 0.038253 0.127060 0.083765 0.000000 0.000000 0.020868 0.043724 
0.041046 0.134281 0.029788 0.000033 0.000000 0.202590 0.000234 0.123460 0.000000 0.033635 0.028883 0.158022 0.192119 0.034704 0.000000 0.000000 0.000048 0.021156 
0.121752 0.103178 0.062452 0.000057 0.000000 0.009198 0.015179 0.125307 0.000000 0.043237 0.000806 0.041019 0.154403 0.060571 0.000000 0.020702 0.031398 0.210739 
0.000885 0.032859 0.010923 0.000034 0.000000 0.000181 0.049945 0.051201 0.000000 0.092494 0.188717 0.010710 0.063850 0.005809 0.000000 0.000000 0.070825 0.421565 
0.071653 0.431769 0.028603 0.128840 0.000000 0.010004 0.016038 0.023952 0.000000 0.060705 0.018779 0.016515 0.077707 0.084116 0.000000 0.000000 0.005209 0.026111 
0.004092 0.296494 0.022642 0.085488 0.000000 0.000124 0.119054 0.089470 0.000000 0.033720 0.004300 0.000471 0.019335 0.064196 0.000000 0.000000 0.030654 0.229961 
0.007867 0.240867 0.013256 0.068040 0.000000 0.000124 0.063609 0.034378 0.000000 0.051350 0.047439 0.006243 0.049544 0.053419 0.000000 0.000000 0.047182 0.316681 
0.086665 0.061591 0.053631 0.000080 0.000000 0.155405 0.073262 0.224075 0.000000 0.023160 0.025779 0.100475 0.122192 0.013414 0.032052 0.000000 0.015713 0.012508 
0.020290 0.279812 0.045550 0.000078 0.000000 0.000085 0.121404 0.312153 0.000000 0.014049 0.043151 0.044643 0.069786 0.003804 0.000000 0.000000 0.020878 0.024317 
0.014237 0.048838 0.227269 0.000031 0.000000 0.018059 0.017170 0.020645 0.000000 0.082003 0.259171 0.061252 0.089233 0.018036 0.000000 0.000000 0.098460 0.045596 
0.048833 0.031568 0.014837 0.000063 0.000000 0.000475 0.605525 0.008256 0.000000 0.059297 0.037704 0.009383 0.029742 0.032091 0.000000 0.000000 0.040592 0.081633 
0.027251 0.215771 0.178137 0.000052 0.000000 0.006243 0.003974 0.260440 0.000000 0.027869 0.036726 0.050833 0.067080 0.007218 0.015531 0.000000 0.041741 0.061133 
0.056487 0.047495 0.308455 0.000010 0.000000 0.026354 0.007199 0.011117 0.000000 0.010304 0.034533 0.082667 0.110659 0.010813 0.040966 0.011485 0.179542 0.061914 
0.097357 0.162325 0.097901 0.000077 0.000000 0.000259 0.030299 0.235266 0.000000 0.009836 0.033073 0.035036 0.141029 0.095728 0.000000 0.000000 0.036363 0.025450 
0.254190 0.141909 0.013978 0.019993 0.000000 0.000146 0.014064 0.144266 0.000000 0.025322 0.000362 0.086399 0.195051 0.045103 0.000000 0.000000 0.005174 0.054044 
0.058183 0.257050 0.043686 0.078583 0.000000 0.000196 0.047780 0.082842 0.000000 0.019250 0.023788 0.008539 0.157515 0.090173 0.000000 0.000000 0.020490 0.111925 
0.021772 0.051283 0.026056 0.000067 0.000000 0.014606 0.018110 0.040180 0.000000 0.127640 0.375678 0.021340 0.124108 0.014805 0.000000 0.000000 0.074094 0.090260 
0.019695 0.367720 0.122888 0.000082 0.000000 0.020857 0.002218 0.179959 0.010000 0.018589 0.031670 0.017454 0.059555 0.039587 0.000000 0.000000 0.041237 0.068487 
0.054106 0.053677 0.008200 0.011812 0.000000 0.000256 0.342209 0.117695 0.000000 0.013649 0.012030 0.062692 0.171726 0.040688 0.000000 0.015440 0.026017 0.069803 
0.036443 0.053925 0.354356 0.000077 0.015495 0.016407 0.033352 0.074607 0.000000 0.048693 0.015944 0.079483 0.064398 0.023132 0.000000 0.000000 0.139127 0.044562 
0.042564 0.379067 0.054416 0.011039 0.000000 0.000198 0.015077 0.311935 0.000000 0.007685 0.020792 0.029534 0.040944 0.068183 0.000000 0.000000 0.000041 0.018526 
0.028818 0.121507 0.051744 0.000037 0.000000 0.169481 0.000891 0.151855 0.000000 0.040096 0.054037 0.153132 0.181886 0.013257 0.000000 0.000000 0.005092 0.028167 
0.025259 0.230920 0.009119 0.027561 0.000000 0.037968 0.017597 0.039543 0.000000 0.016573 0.028666 0.011267 0.056563 0.039070 0.000000 0.000000 0.077026 0.382869 
0.002189 0.032488 0.014316 0.020354 0.000000 0.007816 0.047976 0.090820 0.000000 0.222130 0.181152 0.024817 0.029800 0.005447 0.000000 0.000000 0.061010 0.259686 
0.035037 0.288687 0.025724 0.087816 0.000000 0.000330 0.036620 0.059441 0.000000 0.015506 0.008627 0.009845 0.080286 0.041459 0.000000 0.019850 0.035992 0.254781 
0.064701 0.075747 0.340853 0.000042 0.000000 0.035953 0.013923 0.044190 0.000000 0.074262 0.022549 0.045429 0.084264 0.027233 0.000000 0.000000 0.118215 0.052640 
0.049067 0.123867 0.001065 0.010527 0.000000 0.034174 0.126148 0.082126 0.000000 0.183767 0.104119 0.041380 0.116226 0.044524 0.000000 0.000000 0.015413 0.067596 
0.024040 0.315305 0.043861 0.181418 0.000000 0.000136 0.017369 0.039781 0.005000 0.170310 0.029485 0.000374 0.014654 0.039090 0.000000 0.000000 0.005388 0.113790 
0.033310 0.086667 0.043523 0.000067 0.000000 0.000121 0.407522 0.064190 0.000000 0.070054 0.021692 0.003270 0.069726 0.079865 0.000000 0.000000 0.026065 0.093929 
0.083527 0.273760 0.062735 0.029995 0.000000 0.030340 0.001569 0.283978 0.000000 0.013021 0.059845 0.010199 0.134132 0.001366 0.008483 0.000000 0.005176 0.001873 
0.280718 0.152676 0.029416 0.018081 0.000000 0.009245 0.060210 0.197186 0.005000 0.008084 0.001889 0.042015 0.091615 0.077122 0.000000 0.000000 0.005267 0.021475 
0.051680 0.096330 0.040928 0.007268 0.000000 0.167889 0.015458 0.048590 0.000000 0.072875 0.012528 0.202679 0.159912 0.090693 0.000000 0.000000 0.005224 0.027945 
0.063990 0.355553 0.065748 0.124601 0.000000 0.019572 0.001486 0.120672 0.010000 0.054132 0.041175 0.015892 0.064416 0.012119 0.000000 0.000000 0.005226 0.045417 
0.052930 0.040654 0.001020 0.000098 0.000000 0.009299 0.312755 0.149252 0.000000 0.042538 0.018475 0.018518 0.081945 0.009123 0.000000 0.021373 0.040601 0.201420 
0.018973 0.232547 0.033709 0.000034 0.000000 0.030088 0.058521 0.295596 0.005000 0.016802 0.029420 0.012988 0.130099 0.027987 0.000000 0.000000 0.020729 0.087508 
0.082705 0.381431 0.103594 0.060221 0.000000 0.007042 0.012016 0.016164 0.005000 0.027878 0.017468 0.014683 0.084025 0.119055 0.000000 0.000000 0.030070 0.038649 
0.010512 0.056971 0.043374 0.000030 0.000000 0.144650 0.058060 0.043347 0.000000 0.108578 0.115386 0.162169 0.158153 0.033748 0.000000 0.000000 0.026129 0.038894 
0.087917 0.242191 0.058980 0.008240 0.000000 0.000266 0.043150 0.224377 0.000000 0.026797 0.094850 0.000250 0.147304 0.004731 0.000000 0.000000 0.026012 0.034935 
0.004402 0.037440 0.027468 0.025899 0.000000 0.006890 0.016099 0.026914 0.000000 0.387008 0.299800 0.020744 0.056616 0.009901 0.000000 0.000000 0.057113 0.023706 
0.080283 0.152617 0.009432 0.000036 0.000000 0.007881 0.005516 0.152169 0.000000 0.075010 0.026315 0.026775 0.244851 0.058068 0.000000 0.000000 0.000081 0.160965 
0.013097 0.151763 0.072976 0.000043 0.000000 0.154652 0.063114 0.051873 0.000000 0.007471 0.060847 0.187348 0.211780 0.006965 0.000000 0.000000 0.010113 0.007956 
0.068957 0.295987 0.067883 0.054135 0.000000 0.054929 0.022781 0.139624 0.000000 0.028670 0.038870 0.034398 0.089776 0.048836 0.000000 0.000000 0.005137 0.050017 
0.020875 0.047344 0.041011 0.000079 0.000000 0.000152 0.026667 0.085838 0.000000 0.106729 0.408937 0.012058 0.087869 0.050218 0.000000 0.000000 0.074759 0.037464 
0.084854 0.170760 0.008322 0.008110 0.000000 0.028108 0.027150 0.308769 0.000000 0.113185 0.063226 0.012588 0.107027 0.027476 0.000000 0.000000 0.015714 0.024711 
0.006407 0.018380 0.000590 0.000033 0.000000 0.000041 0.069613 0.027108 0.000000 0.005374 0.000977 0.005041 0.014683 0.001417 0.000000 0.000000 0.103465 0.746870 
0.009146 0.098880 0.020057 0.000018 0.000000 0.000149 0.030061 0.027779 0.000000 0.008895 0.009694 0.003668 0.061384 0.041008 0.000000 0.000000 0.087695 0.601568 
0.167545 0.057365 0.041927 0.007894 0.000000 0.084275 0.015237 0.163353 0.005000 0.019142 0.016301 0.115975 0.213430 0.061219 0.000000 0.000000 0.000047 0.031291 
0.048717 0.073950 0.001755 0.019756 0.000000 0.000238 0.017187 0.089176 0.000000 0.089209 0.160352 0.087622 0.208771 0.132134 0.000000 0.000000 0.015828 0.055305 
0.097901 0.077798 0.043788 0.000033 0.000000 0.036081 0.034399 0.103625 0.000000 0.007800 0.018439 0.049910 0.160330 0.016910 0.000000 0.000000 0.030643 0.322343 
0.114544 0.106284 0.022917 0.028848 0.000000 0.023416 0.016024 0.135815 0.000000 0.017015 0.026812 0.046949 0.244325 0.148203 0.000000 0.000000 0.005345 0.063502 
0.000472 0.047620 0.022841 0.000070 0.043742 0.000084 0.000128 0.054281 0.000000 0.417722 0.248611 0.001559 0.078740 0.004428 0.000000 0.000000 0.060758 0.018944 
0.027413 0.040030 0.016138 0.000118 0.000000 0.036869 0.251151 0.043556 0.000000 0.011421 0.011749 0.030329 0.044269 0.020140 0.000000 0.000000 0.079467 0.387349 
0.030801 0.070049 0.322219 0.000113 0.000000 0.025557 0.014566 0.043174 0.000000 0.081599 0.011333 0.054396 0.070373 0.004875 0.000000 0.000000 0.179349 0.091597 
