-392088.281763
0
0.036622 0.030693 0.008677 0.026663 0.019794 0.008105 0.003647 0.013373 0.019481 0.007242 0.002638 0.013312 0.008679 0.007280 0.011261 0.008601 0.012505 0.005775 0.011830 0.011311 0.000000 0.000303 0.005006 0.000000 0.037095 0.037281 0.003707 0.029846 0.014353 0.012030 0.004382 0.018383 0.015763 0.008464 0.003703 0.020239 0.008575 0.014285 0.023853 0.019549 0.005255 0.007357 0.008597 0.006336 0.000000 0.002280 0.005456 0.000000 0.028433 0.026360 0.009174 0.023020 0.008835 0.009372 0.002676 0.011021 0.010226 0.005666 0.000000 0.006990 0.008804 0.007314 0.011661 0.010495 0.007404 0.002946 0.005186 0.004241 0.000000 0.001866 0.007234 0.000289 0.029157 0.035216 0.005892 0.031366 0.008341 0.015118 0.002394 0.012994 0.000000 0.004295 0.000004 0.005793 0.008172 0.009308 0.006077 0.015029 0.005198 0.004860 0.002311 0.003147 0.000000 0.001561 0.004964 0.000000 
0.000000 0.000000 0.000000 0.000000 0.000000 0.000485 0.000000 0.000000 0.008546 0.002690 0.000000 0.002443 0.000693 0.000000 0.000000 0.000001 0.000821 0.000001 0.000538 0.001489 0.000000 0.000000 0.000000 0.000000 0.000000 0.000000 0.000000 0.000000 0.000000 0.000000 0.000000 0.000000 0.010891 0.000000 0.004783 0.008582 0.000000 0.000000 0.000000 0.000000 0.000543 0.000000 0.000000 0.000690 0.000000 0.000001 0.000382 0.000000 0.001498 0.000000 0.000000 0.000001 0.000000 0.000000 0.000000 0.001034 0.006646 0.000026 0.000000 0.000886 0.000000 0.000000 0.000331 0.000659 0.000002 0.000001 0.000004 0.000013 0.000000 0.000000 0.001735 0.000000 0.015278 0.004425 0.001367 0.009273 0.041663 0.000000 0.001584 0.072531 0.441654 0.073361 0.041814 0.240307 0.000000 0.000000 0.000000 0.000002 0.000004 0.000007 0.000004 0.000011 0.000000 0.000002 0.000293 0.000001 
0.003647 0.000000 0.000000 0.003173 0.000000 0.003983 0.000000 0.008341 0.008803 0.005150 0.004839 0.008986 0.015929 0.007054 0.010744 0.023561 0.037588 0.015823 0.022794 0.036796 0.030374 0.006536 0.008927 0.020937 0.001507 0.000000 0.000000 0.000000 0.000000 0.000000 0.000000 0.000000 0.004351 0.000000 0.000011 0.009403 0.007368 0.004117 0.000000 0.006288 0.019023 0.021561 0.018443 0.038677 0.019977 0.007967 0.015821 0.052694 0.003028 0.001867 0.000000 0.005395 0.000000 0.002205 0.000000 0.005136 0.000000 0.002482 0.000000 0.008866 0.001540 0.000000 0.002193 0.006361 0.009160 0.017013 0.014707 0.020754 0.006863 0.000000 0.008878 0.021919 0.018291 0.000002 0.000000 0.024979 0.000000 0.000000 0.000000 0.009289 0.000000 0.000003 0.000009 0.004911 0.023306 0.002652 0.016308 0.019669 0.021914 0.022813 0.014268 0.041208 0.044915 0.010503 0.013907 0.061492 
0.000823 0.000000 0.000000 0.000000 0.000000 0.000001 0.000000 0.000000 0.000001 0.020875 0.000000 0.003948 0.001210 0.000518 0.002596 0.005146 0.000112 0.000000 0.000825 0.001317 0.000000 0.000000 0.001387 0.000000 0.000000 0.000000 0.000000 0.000000 0.000000 0.000000 0.000000 0.000000 0.084514 0.109270 0.019626 0.077930 0.000000 0.001452 0.000000 0.001664 0.001556 0.000000 0.000000 0.005133 0.000000 0.000854 0.000425 0.000479 0.000002 0.000000 0.000000 0.000001 0.000000 0.000000 0.000000 0.000001 0.000000 0.021213 0.000000 0.014639 0.000000 0.000000 0.000000 0.000368 0.000494 0.000001 0.001580 0.009934 0.000000 0.000000 0.001318 0.000000 0.000016 0.000556 0.000000 0.000162 0.000000 0.000000 0.000000 0.000000 0.117905 0.286514 0.103905 0.083132 0.000000 0.001335 0.001174 0.002563 0.001999 0.000650 0.002326 0.003646 0.000000 0.001057 0.000502 0.001338 
0.003461 0.003721 0.000000 0.001359 0.000000 0.001594 0.000000 0.001364 0.032044 0.017140 0.151311 0.016974 0.001839 0.003332 0.000000 0.005822 0.012705 0.006204 0.017933 0.006723 0.000000 0.001501 0.000000 0.003549 0.006685 0.013018 0.005647 0.037995 0.000000 0.000000 0.000000 0.000000 0.010141 0.010430 0.104521 0.007508 0.000000 0.003015 0.000000 0.000000 0.005793 0.004693 0.020045 0.002325 0.000000 0.003262 0.002972 0.007178 0.002938 0.005405 0.000878 0.006633 0.000000 0.002666 0.000000 0.000791 0.057259 0.061360 0.138293 0.042483 0.000000 0.001969 0.000000 0.001038 0.014035 0.006576 0.008864 0.007783 0.000000 0.001073 0.000000 0.002306 0.001315 0.003371 0.001341 0.005841 0.000000 0.000000 0.000000 0.000000 0.000000 0.000002 0.049566 0.002377 0.001600 0.000000 0.000000 0.000808 0.008518 0.003691 0.011994 0.003550 0.000000 0.001599 0.001562 0.006711 
0.000000 0.000000 0.000000 0.010762 0.000000 0.000674 0.000000 0.000000 0.000002 0.000019 0.000000 0.006420 0.000002 0.000000 0.000000 0.000001 0.002004 0.001803 0.000004 0.000008 0.000000 0.002742 0.001946 0.015219 0.001517 0.000000 0.000000 0.015295 0.000000 0.000000 0.000000 0.000000 0.000069 0.000000 0.005139 0.001737 0.000000 0.000000 0.000000 0.000000 0.000658 0.001715 0.000000 0.000005 0.000000 0.000850 0.004570 0.017558 0.000648 0.000796 0.000000 0.006070 0.000748 0.000000 0.000000 0.001141 0.000000 0.007432 0.019351 0.014464 0.000000 0.000000 0.000000 0.000001 0.003125 0.010884 0.004280 0.013494 0.000000 0.002219 0.000000 0.002792 0.047105 0.009724 0.003175 0.354881 0.000000 0.000000 0.000000 0.000000 0.000000 0.016372 0.244012 0.041408 0.000000 0.000000 0.000000 0.001266 0.003239 0.007743 0.005803 0.011131 0.000000 0.009523 0.001432 0.065023 
0.267106 0.000028 0.006624 0.700902 0.025337 0.000002 
0.068385 0.000042 0.038294 0.135865 0.231542 0.525872 
0.108931 0.042292 0.033847 0.168195 0.091034 0.555702 
0.137283 0.000030 0.053923 0.067733 0.741027 0.000003 
0.364926 0.000029 0.060246 0.033578 0.432795 0.108425 
0.588597 0.000023 0.190391 0.073149 0.147837 0.000003 
0.107875 0.661866 0.000350 0.028232 0.005940 0.195738 
0.161779 0.290797 0.285218 0.116187 0.146016 0.000003 
0.642319 0.056780 0.210704 0.068886 0.021308 0.000002 
0.471920 0.025832 0.193799 0.306759 0.001688 0.000003 
0.609265 0.031615 0.043726 0.010666 0.243971 0.060757 
0.700402 0.025140 0.270638 0.001072 0.002746 0.000002 
0.003376 0.000048 0.063593 0.793367 0.139615 0.000002 
0.809525 0.000042 0.094888 0.052572 0.042970 0.000003 
0.437448 0.012019 0.000816 0.052344 0.392560 0.104813 
0.610880 0.000039 0.179425 0.037384 0.172268 0.000003 
0.036796 0.000029 0.026944 0.238736 0.068105 0.629390 
0.088560 0.404419 0.044284 0.045928 0.364712 0.052097 
0.401031 0.010607 0.361819 0.068322 0.115523 0.042699 
0.360614 0.126685 0.086215 0.142370 0.255280 0.028836 
0.328626 0.027858 0.584494 0.015536 0.043484 0.000002 
0.409038 0.171094 0.108466 0.058252 0.161005 0.092146 
0.371900 0.000042 0.072108 0.069951 0.485996 0.000002 
0.082073 0.000029 0.001950 0.318682 0.235276 0.361990 
0.397413 0.000047 0.148755 0.059004 0.394778 0.000003 
0.109304 0.000037 0.338639 0.425821 0.126197 0.000003 
0.089142 0.021884 0.002921 0.000608 0.885443 0.000002 
0.651674 0.056719 0.213395 0.048701 0.029510 0.000002 
0.618011 0.019917 0.183358 0.085414 0.058608 0.034692 
0.163700 0.000033 0.550514 0.036283 0.208431 0.041038 
0.293814 0.013717 0.136672 0.049058 0.022665 0.484074 
0.476975 0.025242 0.312118 0.082037 0.103626 0.000003 
0.180693 0.043611 0.156407 0.041291 0.533363 0.044635 
0.022018 0.410262 0.000475 0.550971 0.016272 0.000003 
0.076847 0.000044 0.071536 0.095466 0.660065 0.096042 
0.454389 0.000034 0.073276 0.291406 0.180893 0.000002 
0.460707 0.229672 0.000588 0.001082 0.307949 0.000002 
0.681542 0.016148 0.142620 0.001059 0.057578 0.101054 
0.183918 0.022400 0.001153 0.001262 0.279148 0.512119 
0.825273 0.008145 0.157979 0.000385 0.008217 0.000002 
0.037874 0.672111 0.022515 0.000705 0.014127 0.252667 
0.396889 0.553831 0.000579 0.017429 0.004992 0.026280 
0.501743 0.000034 0.245075 0.096521 0.156623 0.000003 
0.052395 0.069624 0.000950 0.013829 0.863198 0.000003 
0.444642 0.047182 0.208682 0.256065 0.043427 0.000002 
0.007871 0.027545 0.382821 0.074076 0.060816 0.446870 
0.313813 0.050467 0.040893 0.033240 0.192923 0.368664 
0.132508 0.000035 0.071419 0.768562 0.027474 0.000002 
0.437081 0.000008 0.092110 0.000434 0.470364 0.000002 
0.092645 0.000026 0.004995 0.900862 0.001470 0.000002 
0.468458 0.000025 0.077051 0.209451 0.012351 0.232664 
0.300458 0.043435 0.057953 0.000432 0.597719 0.000003 
0.961255 0.000017 0.000508 0.001534 0.012853 0.023833 
0.094438 0.228772 0.000475 0.001003 0.675310 0.000002 
0.251442 0.323345 0.153547 0.089757 0.060913 0.120996 
0.464749 0.000043 0.040797 0.097322 0.397086 0.000003 
0.291090 0.000037 0.294848 0.290343 0.123680 0.000001 
0.791024 0.000019 0.097740 0.065653 0.028996 0.016569 
0.010824 0.000032 0.004925 0.208800 0.529831 0.245589 
0.154081 0.000036 0.010704 0.076397 0.758779 0.000004 
0.241105 0.024661 0.649679 0.021613 0.062940 0.000003 
0.016490 0.233174 0.040955 0.219516 0.447461 0.042404 
0.037708 0.117502 0.193042 0.028095 0.531403 0.092251 
0.470027 0.016385 0.490995 0.000379 0.022211 0.000002 
0.110620 0.000030 0.059681 0.244109 0.358565 0.226995 
0.177803 0.206123 0.137444 0.046058 0.334923 0.097649 
0.314341 0.000038 0.401650 0.045749 0.129863 0.108359 
0.585737 0.013932 0.045793 0.011479 0.096267 0.246792 
0.107859 0.291432 0.173699 0.424921 0.002088 0.000002 
0.624497 0.116594 0.222819 0.007560 0.028527 0.000003 
0.490200 0.000042 0.256079 0.089599 0.164078 0.000002 
0.307176 0.055112 0.087169 0.001137 0.549403 0.000002 
0.253103 0.160313 0.052102 0.427580 0.020814 0.086088 
0.262691 0.393462 0.052722 0.267228 0.002307 0.021589 
0.438403 0.458609 0.099657 0.000600 0.002728 0.000003 
0.260507 0.000045 0.035749 0.059791 0.643905 0.000003 
0.242220 0.000027 0.035549 0.718151 0.004049 0.000003 
0.768700 0.000052 0.175039 0.026280 0.029927 0.000002 
0.761755 0.048498 0.117545 0.016473 0.055726 0.000003 
0.239122 0.000036 0.110465 0.106428 0.524214 0.019735 
0.080410 0.060683 0.067579 0.677137 0.027713 0.086477 
0.816838 0.013460 0.155366 0.001017 0.013317 0.000002 
0.376355 0.068568 0.247982 0.060881 0.106107 0.140108 
0.213137 0.000017 0.003515 0.117323 0.666006 0.000003 
0.977505 0.000015 0.000260 0.010557 0.011661 0.000002 
0.677712 0.000023 0.000673 0.144915 0.176674 0.000004 
0.630703 0.054681 0.247819 0.019234 0.047562 0.000002 
0.097000 0.000025 0.050641 0.019783 0.832548 0.000003 
0.261776 0.000011 0.100451 0.000772 0.124876 0.512115 
0.105031 0.000049 0.186523 0.038610 0.175250 0.494538 
0.156002 0.027023 0.004127 0.078366 0.734479 0.000003 
0.096236 0.000027 0.017171 0.817264 0.025814 0.043488 
0.419817 0.000024 0.044253 0.003603 0.005590 0.526714 
0.453654 0.000040 0.095264 0.328846 0.064138 0.058058 
0.021206 0.000035 0.001249 0.030384 0.947123 0.000003 
0.592576 0.050174 0.165770 0.125458 0.066021 0.000002 
0.426540 0.041899 0.207679 0.038805 0.285074 0.000002 
0.257961 0.000007 0.668282 0.013382 0.060366 0.000002 
0.478525 0.000030 0.201586 0.267043 0.017435 0.035381 
0.065238 0.000033 0.016558 0.554844 0.363323 0.000003 
0.855287 0.013011 0.043786 0.016985 0.070928 0.000003 
0.602164 0.104873 0.000477 0.274270 0.018214 0.000002 
0.465834 0.000037 0.000749 0.423060 0.110317 0.000002 
0.284773 0.120339 0.527476 0.000824 0.045916 0.020671 
0.627617 0.135141 0.132119 0.001488 0.069963 0.033672 
0.057249 0.000046 0.081068 0.063158 0.443669 0.354809 
0.091434 0.679184 0.030340 0.073197 0.125842 0.000003 
0.561351 0.000036 0.098394 0.044951 0.055280 0.239988 
0.126349 0.017018 0.151732 0.061177 0.044260 0.599463 
0.581270 0.030936 0.220396 0.014635 0.047672 0.105091 
0.631773 0.016098 0.302024 0.046987 0.003116 0.000002 
0.674316 0.028683 0.093929 0.148550 0.054518 0.000003 
0.106658 0.000039 0.070333 0.135491 0.663418 0.024061 
0.696756 0.000021 0.061297 0.056396 0.043170 0.142358 
0.256243 0.390920 0.263044 0.062843 0.026948 0.000002 
0.172364 0.031487 0.130769 0.035272 0.048054 0.582055 
0.857448 0.018846 0.100015 0.001985 0.021704 0.000003 
0.244745 0.000013 0.625577 0.024441 0.105222 0.000003 
0.400301 0.000026 0.072621 0.473102 0.053947 0.000002 
0.086980 0.000036 0.043784 0.371554 0.497643 0.000003 
0.609491 0.000033 0.032483 0.335795 0.022196 0.000003 
0.210116 0.015635 0.147407 0.029062 0.081455 0.516325 
0.287745 0.133254 0.162313 0.058066 0.358620 0.000001 
0.737225 0.000038 0.000312 0.116274 0.146149 0.000002 
0.279998 0.461684 0.042492 0.087772 0.118805 0.009249 
0.726274 0.000026 0.182655 0.000349 0.090692 0.000003 
0.741434 0.094065 0.161972 0.000974 0.001552 0.000003 
0.233174 0.007948 0.631141 0.036804 0.090931 0.000003 
0.827769 0.000018 0.060476 0.029649 0.082085 0.000003 
0.263278 0.331948 0.115078 0.242011 0.047683 0.000002 
0.618828 0.042345 0.177946 0.112431 0.048447 0.000003 
0.785662 0.000046 0.027848 0.044312 0.034356 0.107776 
0.082323 0.062507 0.526041 0.042663 0.286462 0.000004 
0.700360 0.047997 0.033741 0.025812 0.163581 0.028509 
0.074370 0.013534 0.019833 0.026785 0.843628 0.021850 
0.483876 0.000024 0.242146 0.159034 0.114920 0.000001 
0.196062 0.064825 0.604800 0.000618 0.086925 0.046770 
0.684747 0.019061 0.183251 0.043211 0.069727 0.000003 
0.162472 0.018688 0.002081 0.063228 0.702955 0.050576 
0.616176 0.030476 0.142767 0.013409 0.197170 0.000002 
0.042738 0.032832 0.001900 0.921036 0.001493 0.000002 
0.199286 0.000027 0.009843 0.748494 0.028604 0.013746 
0.375097 0.012901 0.554392 0.027597 0.030011 0.000002 
0.265494 0.000038 0.298180 0.076875 0.359411 0.000002 
0.310191 0.000040 0.270954 0.390634 0.028178 0.000003 
0.469558 0.000032 0.383440 0.087152 0.059816 0.000002 
0.106871 0.000007 0.001063 0.010690 0.872223 0.009146 
0.116423 0.237947 0.123307 0.498301 0.024019 0.000003 
0.159006 0.000038 0.098408 0.101100 0.050700 0.590747 
0.377626 0.253611 0.207990 0.123789 0.011843 0.025141 
0.761807 0.000017 0.160737 0.002293 0.075144 0.000002 
0.183284 0.321082 0.058346 0.357111 0.080174 0.000003 
0.145907 0.028902 0.064039 0.001984 0.364868 0.394300 
0.156083 0.192521 0.042121 0.050082 0.463468 0.095726 
0.681295 0.000031 0.039974 0.207517 0.071180 0.000004 
0.073915 0.817122 0.004038 0.001460 0.085790 0.017676 
0.015375 0.005044 0.013360 0.000545 0.965674 0.000002 
0.931823 0.000053 0.010314 0.020386 0.037422 0.000002 
0.836988 0.000044 0.076243 0.017731 0.029701 0.039293 
0.002481 0.000054 0.123577 0.022619 0.080851 0.770419 
0.007006 0.964143 0.002762 0.025407 0.000680 0.000001 
0.414849 0.000037 0.309093 0.203946 0.072072 0.000003 
0.317903 0.565075 0.005881 0.001272 0.004723 0.105146 
0.287326 0.000014 0.126707 0.000980 0.028589 0.556384 
0.479327 0.008247 0.444644 0.000444 0.067335 0.000002 
0.177318 0.000047 0.002420 0.022864 0.091618 0.705733 
0.819074 0.032676 0.031465 0.003959 0.092185 0.020640 
0.695702 0.021391 0.222710 0.023522 0.036673 0.000003 
0.911898 0.023546 0.005069 0.018668 0.040816 0.000004 
0.004034 0.017083 0.040479 0.000456 0.074347 0.863601 
0.670098 0.000019 0.255021 0.043919 0.030940 0.000003 
0.824254 0.053340 0.048636 0.000745 0.073022 0.000003 
0.298680 0.000057 0.188647 0.082581 0.411005 0.019031 
0.109052 0.000036 0.495012 0.171906 0.172241 0.051754 
0.505264 0.043784 0.330096 0.009721 0.111133 0.000003 
0.129096 0.035963 0.694689 0.012755 0.127494 0.000003 
0.207049 0.000034 0.080423 0.025856 0.686636 0.000003 
0.291040 0.156232 0.106289 0.144071 0.302365 0.000004 
0.050503 0.037788 0.171118 0.412948 0.061741 0.265901 
0.862217 0.000046 0.052487 0.035248 0.049999 0.000003 
0.713048 0.021801 0.156584 0.000338 0.092360 0.015869 
0.259400 0.000033 0.246156 0.472486 0.021922 0.000003 
0.571629 0.000033 0.207316 0.159909 0.061110 0.000003 
0.837763 0.000035 0.000444 0.021271 0.140484 0.000003 
0.097580 0.000038 0.094958 0.431951 0.375470 0.000003 
0.029822 0.083199 0.017422 0.001001 0.834367 0.034189 
0.060605 0.000033 0.000705 0.022505 0.890385 0.025768 
0.054692 0.025706 0.040631 0.651122 0.019217 0.208632 
0.036023 0.000034 0.000858 0.058238 0.904845 0.000002 
0.115608 0.000039 0.536901 0.190493 0.094042 0.062917 
0.414220 0.061713 0.261941 0.000615 0.191618 0.069893 
0.296415 0.000037 0.212040 0.085102 0.286076 0.120329 
0.717242 0.000030 0.059300 0.048453 0.024453 0.150521 
0.187926 0.036312 0.677852 0.001944 0.095964 0.000002 
0.076753 0.722454 0.027225 0.040556 0.133009 0.000004 
0.869731 0.051735 0.011355 0.023860 0.043316 0.000003 
0.024476 0.604484 0.011727 0.002029 0.320555 0.036728 
0.192366 0.065356 0.002055 0.001781 0.696536 0.041906 
0.523997 0.000037 0.196321 0.242791 0.036851 0.000003 
0.211328 0.000032 0.175801 0.069457 0.146798 0.396584 
0.224529 0.331041 0.056997 0.112169 0.275262 0.000002 
0.636031 0.044081 0.165674 0.095717 0.022836 0.035662 
0.214822 0.000036 0.004362 0.148858 0.631919 0.000004 
0.003929 0.000025 0.001704 0.554922 0.102464 0.336956 
0.276781 0.000048 0.597300 0.061788 0.040547 0.023536 
0.247167 0.395987 0.001065 0.051119 0.167877 0.136785 
0.337919 0.379640 0.063389 0.162433 0.027944 0.028675 
0.199260 0.699706 0.025161 0.028048 0.047823 0.000002 
0.075879 0.089424 0.001758 0.045166 0.787771 0.000003 
0.112867 0.000036 0.005318 0.042372 0.839403 0.000003 
0.067790 0.000037 0.024646 0.576654 0.330870 0.000003 
0.145622 0.000046 0.598751 0.039398 0.100948 0.115236 
0.218692 0.000024 0.666121 0.000497 0.114663 0.000004 
0.242431 0.000041 0.043074 0.069355 0.645097 0.000003 
0.419632 0.000027 0.330337 0.134196 0.115807 0.000002 
0.698313 0.023916 0.229102 0.017843 0.030824 0.000002 
0.095101 0.022630 0.028477 0.000749 0.853041 0.000002 
0.747116 0.000015 0.151112 0.038161 0.063593 0.000003 
0.107238 0.062781 0.107900 0.037005 0.039948 0.645129 
0.053535 0.000045 0.119916 0.022933 0.059875 0.743697 
0.658543 0.000018 0.109112 0.006192 0.226132 0.000003 
0.013794 0.748139 0.001618 0.001652 0.234794 0.000003 
0.663229 0.022058 0.293445 0.000484 0.020780 0.000003 
0.307319 0.000029 0.133305 0.057855 0.437072 0.064421 
0.792568 0.014027 0.013584 0.029436 0.150382 0.000002 
0.623610 0.000040 0.279039 0.057380 0.039929 0.000002 
0.195418 0.051960 0.094048 0.151580 0.083444 0.423548 
0.098039 0.142651 0.065254 0.389970 0.304083 0.000003 
0.137604 0.049080 0.133619 0.001035 0.017516 0.661146 
0.168157 0.000025 0.027039 0.063851 0.400579 0.340348 
0.706165 0.037664 0.174298 0.001675 0.080196 0.000003 
0.592720 0.000044 0.199366 0.097867 0.110000 0.000003 
0.018239 0.041108 0.045013 0.790445 0.105191 0.000003 
0.005429 0.219453 0.075438 0.002132 0.043544 0.654005 
0.208027 0.085418 0.148525 0.131952 0.426076 0.000002 
0.266468 0.000029 0.611321 0.041443 0.080735 0.000004 
0.039620 0.035083 0.117793 0.345957 0.066264 0.395282 
0.006469 0.007860 0.031623 0.063026 0.891020 0.000002 
0.522465 0.000052 0.164726 0.114582 0.198172 0.000003 
0.148032 0.118828 0.048594 0.014662 0.063539 0.606345 
0.769359 0.000033 0.186224 0.039626 0.004756 0.000002 
0.394725 0.028058 0.137038 0.087323 0.352853 0.000004 
0.491512 0.009078 0.121268 0.001245 0.083362 0.293535 
0.265484 0.023902 0.109503 0.178194 0.397988 0.024929 
0.312219 0.000021 0.067547 0.000926 0.064591 0.554697 
0.040014 0.000037 0.014740 0.224842 0.720363 0.000003 
0.057204 0.000023 0.001216 0.940699 0.000856 0.000002 
0.082335 0.000013 0.499868 0.013301 0.061104 0.343379 
0.060164 0.019637 0.001078 0.064655 0.623738 0.230728 
0.203177 0.729514 0.001845 0.032262 0.033198 0.000003 
0.311302 0.000034 0.081240 0.089536 0.517885 0.000004 
0.752862 0.000026 0.006493 0.043956 0.018342 0.178320 
0.225052 0.664849 0.009590 0.041520 0.018087 0.040902 
0.227239 0.660211 0.000625 0.104311 0.001347 0.006267 
0.704655 0.000031 0.003995 0.241390 0.049926 0.000003 
0.025150 0.019744 0.001698 0.557695 0.395711 0.000002 
0.189688 0.239678 0.301613 0.105016 0.074972 0.089033 
0.263694 0.019577 0.591224 0.005624 0.119877 0.000003 
0.295267 0.095639 0.162988 0.000960 0.157573 0.287573 
0.322898 0.000036 0.024975 0.598348 0.053740 0.000002 
0.052721 0.785142 0.021766 0.001179 0.036803 0.102389 
0.164290 0.000014 0.617037 0.144108 0.074548 0.000003 
0.183456 0.011174 0.004223 0.133298 0.620495 0.047354 
0.056387 0.000045 0.011941 0.691480 0.240143 0.000005 
0.415010 0.000017 0.001925 0.001784 0.581261 0.000003 
0.562492 0.237095 0.164705 0.001483 0.034223 0.000002 
0.478490 0.120875 0.019551 0.022896 0.358184 0.000004 
0.515669 0.000046 0.084273 0.052357 0.347652 0.000003 
0.078099 0.000027 0.001686 0.244314 0.442126 0.233749 
0.083743 0.497611 0.040737 0.012852 0.365054 0.000003 
0.035003 0.000030 0.000327 0.726979 0.234267 0.003394 
0.220523 0.124956 0.090345 0.041231 0.001898 0.521047 
0.310575 0.168803 0.191373 0.185599 0.038199 0.105451 
0.013352 0.000026 0.001237 0.984837 0.000547 0.000002 
0.261824 0.025815 0.200894 0.057277 0.454186 0.000003 
0.953943 0.000019 0.002615 0.000611 0.021464 0.021348 
0.567058 0.032401 0.178066 0.003835 0.203619 0.015019 
0.464650 0.087620 0.070975 0.240062 0.136690 0.000003 
0.144201 0.000020 0.602269 0.049802 0.203705 0.000003 
0.292902 0.265814 0.177929 0.140645 0.122709 0.000001 
0.054824 0.061674 0.000726 0.039803 0.842971 0.000003 
0.034993 0.000022 0.021924 0.942363 0.000694 0.000004 
0.667724 0.101465 0.138979 0.001735 0.090093 0.000003 
0.141908 0.013061 0.703697 0.018860 0.122471 0.000004 
0.149469 0.249179 0.002431 0.088044 0.497152 0.013725 
0.612301 0.000016 0.245154 0.002886 0.065918 0.073724 
0.716278 0.228404 0.017535 0.036040 0.001741 0.000002 
0.523796 0.329119 0.000379 0.088206 0.058496 0.000003 
0.057777 0.092954 0.494540 0.039572 0.040569 0.274589 
0.152204 0.000049 0.278081 0.052510 0.223675 0.293480 
0.254124 0.012313 0.381267 0.000460 0.351835 0.000002 
0.408518 0.075874 0.176301 0.326714 0.012589 0.000003 
0.435378 0.000035 0.270514 0.029452 0.264618 0.000003 
0.077667 0.000012 0.271516 0.011052 0.030912 0.608842 
0.208948 0.000043 0.169497 0.095369 0.481095 0.045048 
0.636152 0.021437 0.163209 0.056600 0.122600 0.000002 
0.632959 0.030197 0.037183 0.101661 0.012369 0.185631 
0.490887 0.022107 0.321711 0.091292 0.074001 0.000002 
0.211814 0.000031 0.397902 0.127976 0.262274 0.000003 
0.480295 0.013200 0.042990 0.079618 0.368446 0.015451 
0.277320 0.000019 0.137289 0.080051 0.505318 0.000002 
0.769447 0.014536 0.135989 0.000498 0.057815 0.021714 
0.187852 0.036553 0.002868 0.055750 0.680919 0.036058 
0.671866 0.027184 0.223273 0.000394 0.077283 0.000002 
0.340998 0.017977 0.023936 0.058606 0.517269 0.041214 
0.198459 0.728016 0.000953 0.016308 0.029192 0.027072 
0.525471 0.423212 0.000309 0.001264 0.049742 0.000003 
0.595562 0.014947 0.122924 0.001501 0.081889 0.183177 
0.152472 0.000039 0.053547 0.252768 0.240204 0.300970 
0.340264 0.060559 0.217003 0.281574 0.100598 0.000003 
0.088010 0.067943 0.037357 0.557446 0.249241 0.000002 
0.751795 0.000036 0.181704 0.064451 0.002013 0.000001 
0.258191 0.117061 0.531480 0.042136 0.051130 0.000002 
0.644159 0.000039 0.113667 0.038082 0.204051 0.000003 
0.253146 0.000025 0.040160 0.081819 0.624847 0.000003 
0.556805 0.000017 0.147378 0.008004 0.016580 0.271216 
0.280957 0.000033 0.036427 0.627802 0.054779 0.000002 
0.430282 0.093304 0.071193 0.067699 0.337520 0.000002 
0.129709 0.000023 0.059842 0.579048 0.222085 0.009294 
0.318956 0.019793 0.182448 0.347494 0.131307 0.000002 
0.023153 0.000054 0.011564 0.018554 0.946672 0.000002 
0.101916 0.769032 0.000488 0.120018 0.008544 0.000001 
0.468495 0.046232 0.000943 0.040142 0.021604 0.422584 
0.139645 0.000026 0.577380 0.001187 0.065750 0.216013 
0.013984 0.933177 0.006787 0.018144 0.027905 0.000003 
0.074946 0.000053 0.132142 0.051953 0.120727 0.620178 
0.398574 0.028733 0.230227 0.076352 0.053890 0.212223 
0.570249 0.021802 0.187835 0.036165 0.183947 0.000001 
0.022574 0.000031 0.015023 0.362475 0.599895 0.000002 
0.705535 0.000021 0.195982 0.047137 0.051324 0.000002 
0.386387 0.095965 0.199688 0.202419 0.097416 0.018125 
0.095062 0.000032 0.155619 0.517455 0.231828 0.000003 
0.859746 0.000044 0.007987 0.016424 0.115796 0.000003 
0.125955 0.000035 0.001273 0.046818 0.792603 0.033317 
0.326089 0.000029 0.445253 0.073509 0.155117 0.000003 
0.136107 0.000043 0.564557 0.052341 0.246949 0.000003 
0.330772 0.093999 0.226322 0.109124 0.239779 0.000004 
0.125792 0.048944 0.100417 0.121712 0.083331 0.519803 
0.653152 0.000010 0.197318 0.001615 0.147901 0.000003 
0.389214 0.000003 0.003701 0.000311 0.606767 0.000004 
0.826924 0.000030 0.085330 0.036812 0.050902 0.000003 
0.307631 0.209514 0.043723 0.001497 0.167371 0.270264 
0.146385 0.253609 0.174916 0.238828 0.157658 0.028603 
0.435412 0.000036 0.108633 0.444059 0.011857 0.000003 
0.910013 0.000043 0.028325 0.019352 0.042264 0.000003 
0.340444 0.000029 0.308624 0.192407 0.158493 0.000002 
0.150087 0.725401 0.080604 0.001066 0.027090 0.015752 
0.812454 0.000032 0.106310 0.000459 0.026560 0.054185 
0.084776 0.792904 0.021794 0.001529 0.074317 0.024681 
0.197137 0.000031 0.073725 0.666091 0.009981 0.053035 
0.541369 0.008678 0.397338 0.002420 0.050192 0.000003 
0.391059 0.000020 0.002526 0.015887 0.590505 0.000002 
0.006707 0.010624 0.036089 0.698057 0.016467 0.232056 
0.754179 0.010422 0.194766 0.001647 0.038984 0.000002 
0.571772 0.010452 0.364545 0.001752 0.051477 0.000003 
0.238118 0.047503 0.184550 0.264900 0.264925 0.000003 
0.226073 0.104255 0.483775 0.023427 0.128868 0.033601 
0.268289 0.230292 0.293806 0.068953 0.138656 0.000003 
0.184174 0.000033 0.449712 0.034267 0.187125 0.144689 
0.265960 0.064269 0.170119 0.046271 0.155247 0.298135 
0.588196 0.000042 0.258865 0.039435 0.088889 0.024573 
0.159692 0.000031 0.699997 0.051184 0.049671 0.039424 
0.738121 0.013419 0.129038 0.021704 0.097716 0.000001 
0.788173 0.033190 0.136293 0.000505 0.041837 0.000002 
0.141882 0.164945 0.569806 0.087627 0.035738 0.000003 
0.567834 0.416139 0.000233 0.005733 0.010060 0.000002 
0.102788 0.545451 0.002682 0.001406 0.191938 0.155735 
0.332883 0.000036 0.075946 0.042096 0.238480 0.310559 
0.584925 0.000036 0.164699 0.068611 0.181727 0.000003 
0.353651 0.000036 0.523871 0.048662 0.073777 0.000003 
0.422517 0.000046 0.390863 0.048581 0.137990 0.000003 
0.128516 0.000011 0.742086 0.032270 0.097115 0.000003 
0.047387 0.000030 0.098471 0.124728 0.729382 0.000003 
0.413267 0.173934 0.182871 0.046461 0.183464 0.000003 
0.996963 0.000017 0.000502 0.000801 0.001715 0.000003 
0.298023 0.133469 0.022672 0.001727 0.332776 0.211332 
0.388222 0.000035 0.379256 0.034438 0.198046 0.000003 
0.495451 0.000040 0.001111 0.200825 0.158732 0.143841 
0.917146 0.017960 0.000450 0.036771 0.027670 0.000003 
0.242367 0.000039 0.682915 0.032369 0.042307 0.000002 
0.846075 0.000039 0.037610 0.056744 0.059528 0.000003 
0.089797 0.022110 0.418183 0.438920 0.006220 0.024770 
0.170435 0.000034 0.661802 0.160411 0.007314 0.000004 
0.264958 0.018732 0.011703 0.005154 0.699451 0.000003 
0.118705 0.219989 0.001209 0.658920 0.001174 0.000003 
0.122081 0.373190 0.371153 0.026163 0.107409 0.000003 
0.119692 0.031183 0.074784 0.001145 0.146004 0.627192 
0.067159 0.658532 0.003473 0.244708 0.019502 0.006625 
0.244752 0.003173 0.001902 0.085575 0.595266 0.069333 
0.242192 0.019790 0.290517 0.021772 0.425724 0.000004 
0.112393 0.016849 0.027596 0.136139 0.665064 0.041959 
0.483721 0.000016 0.440268 0.000603 0.075389 0.000004 
0.597744 0.074075 0.260720 0.001023 0.066435 0.000003 
0.049455 0.876660 0.001286 0.047780 0.024816 0.000004 
0.002672 0.926521 0.000385 0.030613 0.039805 0.000004 
0.436054 0.033274 0.074980 0.028296 0.322799 0.104597 
0.012264 0.850122 0.019682 0.093492 0.001282 0.023157 
0.665113 0.073708 0.240264 0.003216 0.017695 0.000003 
0.100321 0.000020 0.272993 0.000905 0.029385 0.596376 
0.060507 0.016455 0.024819 0.783996 0.114219 0.000004 
0.046515 0.893479 0.000434 0.043026 0.016544 0.000001 
0.293490 0.098918 0.022650 0.065609 0.510542 0.008790 
0.710765 0.022884 0.196190 0.000603 0.069556 0.000002 
0.080835 0.020104 0.042104 0.009750 0.847203 0.000004 
0.543142 0.000027 0.228170 0.185639 0.043020 0.000002 
0.526266 0.104664 0.016411 0.134415 0.218241 0.000003 
0.258492 0.017954 0.100535 0.584698 0.001210 0.037112 
0.065943 0.000045 0.002517 0.554951 0.376542 0.000002 
0.384913 0.000034 0.155953 0.192862 0.243309 0.022930 
0.045452 0.000030 0.312035 0.614035 0.028444 0.000004 
0.213823 0.017688 0.001358 0.055707 0.679702 0.031722 
0.322898 0.014720 0.126614 0.025780 0.363182 0.146805 
0.035688 0.158214 0.166810 0.553862 0.017318 0.068109 
0.397233 0.031344 0.389912 0.040089 0.141419 0.000002 
0.050562 0.000048 0.001740 0.183202 0.581600 0.182849 
0.325136 0.072226 0.036745 0.014013 0.480150 0.071731 
0.269444 0.000027 0.173397 0.104786 0.452342 0.000003 
0.598722 0.006678 0.222880 0.017337 0.154379 0.000003 
0.407457 0.000028 0.196644 0.266646 0.094576 0.034649 
0.540926 0.057375 0.320723 0.060408 0.020566 0.000002 
0.070510 0.037019 0.000895 0.001898 0.041247 0.848431 
0.128172 0.472144 0.008796 0.343445 0.047441 0.000003 
0.083388 0.423335 0.121030 0.019150 0.353093 0.000003 
0.152121 0.684833 0.003209 0.073954 0.085881 0.000002 
0.927291 0.029362 0.000526 0.032723 0.010097 0.000002 
0.003317 0.080939 0.055715 0.007534 0.020259 0.832236 
0.054745 0.846245 0.019498 0.001007 0.004684 0.073821 
0.230032 0.018329 0.103674 0.064842 0.403595 0.179529 
0.018442 0.876941 0.000703 0.038871 0.030054 0.034989 
0.813287 0.075434 0.063201 0.040795 0.007279 0.000004 
0.024014 0.012850 0.003683 0.032778 0.777736 0.148938 
0.022098 0.049060 0.030434 0.096868 0.801538 0.000001 
0.811408 0.043132 0.017626 0.003565 0.124265 0.000003 
0.054005 0.000027 0.054329 0.661451 0.230187 0.000002 
0.911239 0.048834 0.004532 0.000934 0.034458 0.000003 
0.929453 0.000027 0.008772 0.035338 0.026407 0.000004 
0.154663 0.066598 0.322095 0.395374 0.033452 0.027818 
0.275507 0.048654 0.448883 0.044847 0.079723 0.102387 
0.044978 0.000025 0.001940 0.718439 0.027581 0.207037 
0.009900 0.650892 0.001394 0.086073 0.251737 0.000004 
0.307877 0.330846 0.191482 0.060528 0.109264 0.000003 
0.401306 0.012847 0.396772 0.014976 0.174096 0.000003 
0.003179 0.000023 0.001179 0.955219 0.002002 0.038399 
0.540069 0.023448 0.272093 0.058906 0.021242 0.084243 
0.071232 0.000038 0.000859 0.915412 0.012455 0.000004 
0.130288 0.661286 0.001154 0.015741 0.047525 0.144007 
0.026095 0.000011 0.055301 0.042591 0.200155 0.675846 
0.546879 0.168670 0.237772 0.018563 0.028112 0.000003 
0.186125 0.000035 0.001980 0.042550 0.617581 0.151728 
0.057091 0.194271 0.085481 0.019435 0.081540 0.562182 
0.588662 0.000038 0.163777 0.190847 0.056672 0.000004 
0.685634 0.000019 0.013319 0.123418 0.177606 0.000004 
0.091541 0.000012 0.416111 0.000923 0.045847 0.445566 
0.765331 0.081025 0.102693 0.047569 0.003381 0.000001 
0.229368 0.427181 0.028933 0.025183 0.289333 0.000002 
0.232710 0.650523 0.044202 0.020544 0.025456 0.026565 
0.572837 0.000036 0.282334 0.079478 0.005583 0.059732 
0.825792 0.000022 0.095062 0.066849 0.012273 0.000003 
0.409504 0.000009 0.518057 0.014260 0.058167 0.000002 
0.258684 0.510402 0.074213 0.041573 0.115125 0.000003 
0.917562 0.000028 0.000386 0.015215 0.028701 0.038107 
0.221227 0.046208 0.097349 0.035277 0.342320 0.257619 
0.028956 0.000034 0.046007 0.512009 0.123883 0.289111 
0.211114 0.000024 0.530374 0.063823 0.194663 0.000002 
0.005782 0.811552 0.042092 0.001705 0.082078 0.056790 
0.006240 0.261920 0.050756 0.407670 0.075293 0.198122 
0.127810 0.006360 0.285484 0.001449 0.063785 0.515111 
0.066316 0.000038 0.171603 0.730922 0.031119 0.000002 
0.775647 0.030982 0.088346 0.001444 0.103578 0.000002 
0.138514 0.042008 0.400217 0.092415 0.319484 0.007363 
0.591014 0.000014 0.292554 0.015007 0.101409 0.000002 
0.028686 0.000028 0.107916 0.040511 0.133295 0.689564 
0.596941 0.000042 0.203494 0.050196 0.149325 0.000003 
0.051080 0.080339 0.033519 0.038504 0.220121 0.576438 
0.683314 0.080992 0.158967 0.007996 0.068730 0.000001 
0.320801 0.030285 0.206167 0.031952 0.036025 0.374770 
0.775355 0.000037 0.000989 0.174922 0.048695 0.000002 
0.207016 0.018224 0.146388 0.007848 0.097492 0.523032 
0.243954 0.000033 0.228326 0.085705 0.372551 0.069431 
0.022448 0.030705 0.002335 0.000343 0.944166 0.000003 
0.225228 0.000031 0.109307 0.618965 0.046465 0.000004 
0.615572 0.126724 0.144990 0.095128 0.017583 0.000003 
0.689544 0.103698 0.195964 0.001340 0.009451 0.000003 
0.497134 0.026131 0.157271 0.201064 0.118398 0.000002 
0.257113 0.064109 0.033694 0.137224 0.338313 0.169546 
0.247630 0.000039 0.139426 0.049175 0.317575 0.246155 
0.638036 0.000026 0.142202 0.111542 0.108191 0.000003 
0.217626 0.000037 0.039524 0.114910 0.627900 0.000003 
0.378951 0.008633 0.488791 0.001839 0.102207 0.019579 
0.663681 0.116630 0.169047 0.019137 0.031503 0.000003 
0.955674 0.009938 0.023079 0.006952 0.004354 0.000002 
0.109923 0.000045 0.126551 0.020794 0.742685 0.000003 
0.115541 0.314327 0.003654 0.427969 0.020370 0.118138 
0.057742 0.000023 0.035554 0.455144 0.047526 0.404012 
0.622442 0.029478 0.232483 0.058136 0.057457 0.000004 
0.762549 0.000028 0.000968 0.048360 0.014885 0.173210 
0.016023 0.034798 0.044146 0.018866 0.106014 0.780153 
0.341064 0.543881 0.000661 0.044900 0.069490 0.000003 
0.287911 0.000042 0.018459 0.116173 0.577411 0.000003 
0.288243 0.119869 0.123694 0.058670 0.409522 0.000003 
0.904148 0.203152 0.455427 0.401352 0.567493 0.140417 
