-392311.555030
0
0.000000 0.000000 0.000000 0.000000 0.000000 0.000000 0.000000 0.000000 0.000001 0.000001 0.000000 0.000001 0.016925 0.000000 0.006954 0.028229 0.000000 0.000000 0.000000 0.003909 0.101907 0.005566 0.007210 0.038576 0.000000 0.000000 0.000000 0.000000 0.000000 0.000000 0.000000 0.000000 0.000001 0.000000 0.000000 0.000000 0.008548 0.000000 0.000000 0.000000 0.006536 0.000000 0.000000 0.037292 0.067026 0.017238 0.010396 0.105476 0.003917 0.010337 0.000000 0.000000 0.000000 0.005041 0.000000 0.004259 0.000000 0.000000 0.000000 0.000001 0.000000 0.000000 0.000000 0.000000 0.000000 0.000000 0.000000 0.006980 0.011969 0.000000 0.008845 0.041890 0.021848 0.000000 0.000000 0.028169 0.000000 0.000000 0.000000 0.000000 0.000000 0.000000 0.000000 0.000000 0.035256 0.000000 0.032448 0.015715 0.000000 0.000000 0.000000 0.041278 0.150695 0.000000 0.013827 0.105734 
0.043840 0.043218 0.000000 0.044026 0.000000 0.005051 0.000000 0.000000 0.026530 0.002100 0.000000 0.028993 0.029239 0.022238 0.026291 0.031473 0.019089 0.010754 0.010614 0.022401 0.000000 0.000000 0.008384 0.000000 0.045688 0.000000 0.000000 0.035822 0.000000 0.000000 0.000000 0.000000 0.000000 0.000000 0.000000 0.039263 0.018528 0.029314 0.016130 0.034095 0.000000 0.014649 0.000000 0.008301 0.000000 0.000000 0.000000 0.000000 0.028246 0.014618 0.000000 0.035795 0.000000 0.000000 0.000000 0.000000 0.000000 0.000000 0.000000 0.000000 0.013793 0.010243 0.017531 0.027431 0.011810 0.005387 0.000000 0.004952 0.000000 0.000000 0.000000 0.003363 0.035348 0.000000 0.000000 0.038127 0.000000 0.000000 0.000000 0.000000 0.000000 0.000000 0.000000 0.013945 0.028305 0.017399 0.007527 0.044092 0.006358 0.004681 0.000000 0.007639 0.000000 0.000000 0.007379 0.000000 
0.000000 0.000000 0.000000 0.000000 0.051469 0.000000 0.000000 0.000000 0.000007 0.000012 0.000000 0.000015 0.000000 0.000000 0.000000 0.000000 0.000000 0.000000 0.046254 0.000000 0.000000 0.000000 0.000000 0.000000 0.000000 0.000000 0.032252 0.000000 0.072219 0.040053 0.055359 0.000000 0.195917 0.000000 0.000001 0.000001 0.000000 0.000000 0.000000 0.000000 0.000000 0.000000 0.000000 0.000000 0.000000 0.000000 0.036250 0.000000 0.000000 0.000001 0.000000 0.000000 0.035801 0.000000 0.000000 0.000000 0.107005 0.060428 0.000000 0.000005 0.000000 0.000000 0.000000 0.000000 0.120263 0.000000 0.000000 0.042875 0.000000 0.000000 0.000000 0.000000 0.000001 0.066942 0.000000 0.000000 0.000000 0.036870 0.000000 0.000000 0.000000 0.000000 0.000000 0.000000 0.000000 0.000000 0.000000 0.000000 0.000000 0.000000 0.000000 0.000000 0.000000 0.000000 0.000000 0.000000 
0.046763 0.032967 0.031971 0.023511 0.006314 0.000000 0.000000 0.000000 0.011147 0.004189 0.000000 0.000001 0.000000 0.000000 0.005913 0.000000 0.000000 0.000000 0.005982 0.000000 0.000000 0.000000 0.000000 0.000000 0.060453 0.111767 0.013028 0.055850 0.008282 0.007244 0.006692 0.000000 0.018219 0.014084 0.007893 0.007040 0.004005 0.007185 0.044016 0.007920 0.006358 0.000000 0.012189 0.002039 0.000000 0.000000 0.000000 0.000000 0.054746 0.058539 0.034349 0.031474 0.004893 0.011118 0.009862 0.000000 0.000000 0.000000 0.000000 0.002834 0.008632 0.002785 0.011221 0.000000 0.000000 0.000000 0.004149 0.000000 0.000000 0.000000 0.000000 0.000000 0.045013 0.083541 0.014766 0.050577 0.000000 0.000000 0.000000 0.000000 0.000000 0.000000 0.000000 0.000000 0.000000 0.001506 0.006974 0.000000 0.000000 0.000000 0.000000 0.000000 0.000000 0.000000 0.000000 0.000000 
0.005870 0.004889 0.000000 0.000000 0.000000 0.002036 0.000000 0.002559 0.027964 0.019220 0.289825 0.015869 0.000000 0.000000 0.000000 0.007092 0.007139 0.000000 0.000000 0.000000 0.000000 0.000000 0.000000 0.004786 0.000000 0.000000 0.000000 0.000000 0.000000 0.000000 0.000000 0.000000 0.016217 0.016976 0.145626 0.010971 0.000000 0.000000 0.000000 0.000000 0.000000 0.000000 0.000000 0.000000 0.000000 0.000000 0.000000 0.000000 0.005021 0.005621 0.000000 0.000000 0.000000 0.000000 0.000000 0.000000 0.039000 0.034150 0.175960 0.022233 0.000000 0.000000 0.000000 0.000000 0.010694 0.000000 0.000000 0.008243 0.000000 0.000000 0.000000 0.000000 0.000000 0.011085 0.003347 0.000000 0.000000 0.000000 0.000000 0.000000 0.000000 0.000000 0.098022 0.000000 0.000000 0.000000 0.000000 0.000000 0.003533 0.000000 0.006052 0.000000 0.000000 0.000000 0.000000 0.000000 
0.000000 0.000000 0.000000 0.000000 0.000000 0.005356 0.000000 0.000000 0.017402 0.013169 0.000000 0.006887 0.000000 0.000000 0.000000 0.000000 0.070088 0.029309 0.056852 0.055346 0.000000 0.011299 0.000000 0.003053 0.000000 0.000000 0.000000 0.000000 0.000000 0.000000 0.000000 0.000000 0.018462 0.010989 0.000000 0.000000 0.000000 0.000000 0.000000 0.000000 0.040269 0.034717 0.051400 0.044391 0.000000 0.000000 0.024074 0.034513 0.000000 0.000000 0.000000 0.000000 0.000000 0.000000 0.000000 0.000000 0.000000 0.026417 0.000000 0.026028 0.000000 0.000000 0.000000 0.000000 0.016609 0.030622 0.043292 0.034305 0.000000 0.000000 0.000000 0.000000 0.015302 0.000000 0.000000 0.032383 0.000000 0.000000 0.000000 0.000000 0.000000 0.000000 0.000000 0.000000 0.000000 0.000000 0.000000 0.000000 0.045320 0.044012 0.038200 0.042617 0.000000 0.018317 0.010341 0.048660 
0.000000 0.000000 0.000000 0.000000 0.000000 0.000000 0.000000 0.000000 0.038540 0.016080 0.000000 0.016835 0.000000 0.005645 0.000000 0.001184 0.000000 0.004434 0.027521 0.000000 0.000000 0.000000 0.000000 0.002162 0.011620 0.038306 0.017602 0.102457 0.000000 0.000000 0.000000 0.000000 0.000001 0.000000 0.088874 0.000000 0.000000 0.005185 0.000000 0.000000 0.005677 0.000000 0.039330 0.000000 0.000000 0.008394 0.003577 0.010731 0.000000 0.006785 0.002110 0.012589 0.000000 0.007554 0.000000 0.002490 0.108613 0.120439 0.141507 0.082191 0.000000 0.004159 0.000000 0.000000 0.016263 0.005547 0.011589 0.000000 0.000000 0.004611 0.000000 0.005465 0.000000 0.000000 0.000000 0.000000 0.000000 0.000000 0.000000 0.000000 0.000000 0.000000 0.000000 0.000000 0.000000 0.000000 0.000000 0.000000 0.004650 0.000000 0.014127 0.000000 0.000000 0.000000 0.000000 0.005157 
0.000000 0.000000 0.000000 0.010227 0.000000 0.000000 0.000000 0.000000 0.000000 0.000001 0.000000 0.006164 0.000000 0.000000 0.000000 0.000000 0.000000 0.000000 0.000000 0.000000 0.000000 0.000000 0.001776 0.016668 0.000000 0.000000 0.000000 0.019349 0.000000 0.000000 0.000000 0.000000 0.000000 0.000000 0.004926 0.000000 0.000000 0.000000 0.000000 0.000000 0.000000 0.000000 0.000000 0.000000 0.000000 0.001304 0.003322 0.016816 0.000000 0.000000 0.000000 0.006501 0.000922 0.000000 0.000000 0.001135 0.000000 0.007589 0.020473 0.014831 0.000000 0.000000 0.000000 0.000000 0.002773 0.009832 0.000000 0.011518 0.000000 0.000000 0.000000 0.002869 0.047653 0.009995 0.003385 0.379632 0.000000 0.000000 0.000000 0.000000 0.000000 0.012481 0.255743 0.043081 0.000000 0.000000 0.000000 0.000000 0.000000 0.004796 0.000000 0.008661 0.000000 0.008760 0.000000 0.066818 
0.000000 0.000000 0.000000 0.000000 0.000000 0.000376 0.000000 0.000000 0.008989 0.001576 0.000000 0.001936 0.000000 0.000000 0.000000 0.000000 0.000000 0.000000 0.000000 0.000000 0.000000 0.000000 0.000000 0.000000 0.000000 0.000000 0.000000 0.000000 0.000000 0.000000 0.000000 0.000000 0.007709 0.000000 0.004595 0.005244 0.000000 0.000000 0.000000 0.000000 0.000000 0.000000 0.000000 0.000000 0.000000 0.000000 0.000000 0.000000 0.001729 0.000000 0.000000 0.000000 0.000000 0.000000 0.000000 0.000000 0.006783 0.000000 0.000000 0.000000 0.000000 0.000000 0.000000 0.000000 0.000000 0.000000 0.000000 0.000000 0.000000 0.000000 0.000000 0.000000 0.015117 0.004930 0.001285 0.000000 0.042593 0.000000 0.001437 0.074614 0.469126 0.062911 0.034424 0.254625 0.000000 0.000000 0.000000 0.000000 0.000000 0.000000 0.000000 0.000000 0.000000 0.000000 0.000000 0.000000 
0.012744 0.000000 0.000000 0.000000 0.067030 0.022426 0.014077 0.065453 0.013189 0.013992 0.000000 0.008339 0.000000 0.000000 0.000000 0.000000 0.000000 0.000000 0.000000 0.001600 0.000000 0.000000 0.014083 0.011901 0.000000 0.030745 0.000000 0.000000 0.042856 0.036698 0.006941 0.070951 0.013879 0.000000 0.000000 0.006574 0.000000 0.000000 0.013784 0.010624 0.000000 0.000000 0.000000 0.000000 0.000000 0.014855 0.014366 0.000000 0.000000 0.010743 0.000000 0.000000 0.026945 0.026693 0.000000 0.050371 0.042453 0.000000 0.000000 0.017040 0.000000 0.006534 0.002319 0.000000 0.000000 0.000000 0.000000 0.000000 0.005506 0.008815 0.039219 0.011833 0.000000 0.039627 0.006315 0.000000 0.032550 0.056376 0.009451 0.065791 0.000000 0.000000 0.000000 0.000000 0.000000 0.004718 0.011835 0.000000 0.000000 0.000000 0.000000 0.000000 0.000000 0.005092 0.012670 0.000000 
0.000000 0.000000 0.000000 0.000000 0.000000 0.000000 0.000000 0.000000 0.000000 0.021548 0.000000 0.003517 0.000000 0.000000 0.002106 0.004545 0.000000 0.000000 0.000000 0.000000 0.000000 0.000000 0.001455 0.000000 0.000000 0.000000 0.000000 0.000000 0.000000 0.000000 0.000000 0.000000 0.087434 0.111385 0.021428 0.083846 0.000000 0.000979 0.000000 0.000997 0.000000 0.000000 0.000000 0.003243 0.000000 0.000889 0.000000 0.000000 0.000000 0.000000 0.000000 0.000000 0.000000 0.000000 0.000000 0.000000 0.000000 0.023007 0.000000 0.015432 0.000000 0.000000 0.000000 0.000000 0.000000 0.000000 0.000000 0.008886 0.000000 0.000000 0.002012 0.000000 0.000000 0.000000 0.000000 0.000000 0.000000 0.000000 0.000000 0.000000 0.106194 0.306052 0.106019 0.083095 0.000000 0.000891 0.001417 0.001304 0.000000 0.000000 0.000000 0.002318 0.000000 0.000000 0.000000 0.000000 
0.000078 0.125364 0.000000 0.084985 0.015729 0.047560 0.000022 0.000013 0.001101 0.043991 0.681157 
0.000117 0.061132 0.000000 0.012353 0.176393 0.090606 0.000018 0.494140 0.021553 0.030190 0.113497 
0.000106 0.025450 0.000000 0.033063 0.034547 0.100394 0.023592 0.532595 0.044874 0.038521 0.166857 
0.031715 0.029140 0.000000 0.084534 0.303236 0.074523 0.368897 0.000028 0.000909 0.025311 0.081707 
0.000136 0.286071 0.000000 0.045089 0.203947 0.083518 0.185766 0.103565 0.000663 0.048118 0.043126 
0.026038 0.124310 0.000000 0.290128 0.016371 0.247855 0.117719 0.000024 0.000610 0.095200 0.081745 
0.000066 0.003843 0.000000 0.090092 0.001815 0.002048 0.009980 0.197731 0.631344 0.020510 0.042570 
0.134997 0.155858 0.000000 0.041160 0.110333 0.139151 0.000022 0.000025 0.278021 0.015379 0.125054 
0.044149 0.209251 0.000000 0.189027 0.001789 0.184561 0.034681 0.000013 0.053674 0.207472 0.075384 
0.013332 0.227079 0.000000 0.003029 0.001175 0.174241 0.000015 0.000022 0.015603 0.255433 0.310072 
0.013733 0.292925 0.000000 0.222772 0.155478 0.059213 0.060261 0.046246 0.027070 0.097338 0.024964 
0.071309 0.302388 0.000000 0.058774 0.007476 0.159539 0.000017 0.000020 0.015461 0.366905 0.018111 
0.011722 0.028024 0.000000 0.000392 0.092030 0.057731 0.032633 0.000012 0.024259 0.001348 0.751848 
0.008248 0.281809 0.033673 0.308749 0.005210 0.190359 0.032630 0.000022 0.009343 0.081443 0.048515 
0.000060 0.033124 0.000000 0.328234 0.180325 0.079699 0.156427 0.092180 0.013842 0.054599 0.061510 
0.021835 0.299500 0.000000 0.018743 0.115626 0.177850 0.000020 0.000020 0.001410 0.324507 0.040489 
0.010744 0.053056 0.000000 0.001891 0.023625 0.027204 0.061430 0.581848 0.001016 0.003128 0.236059 
0.022781 0.059733 0.000000 0.036719 0.312389 0.069129 0.000019 0.045368 0.383391 0.023330 0.047141 
0.096771 0.225937 0.040294 0.066339 0.069522 0.255169 0.000020 0.039589 0.018902 0.127821 0.059637 
0.000115 0.254114 0.000000 0.032130 0.189733 0.118850 0.000020 0.028925 0.122796 0.118939 0.134380 
0.268583 0.199062 0.000000 0.116548 0.030770 0.260609 0.000022 0.000014 0.027649 0.075205 0.021537 
0.020167 0.269972 0.000000 0.081195 0.125149 0.093503 0.000021 0.085498 0.161683 0.095727 0.067085 
0.013572 0.330560 0.000000 0.056754 0.173447 0.059521 0.290322 0.000017 0.007933 0.005691 0.062183 
0.000123 0.051727 0.000000 0.048042 0.134021 0.070304 0.057627 0.327071 0.001342 0.000810 0.308932 
0.032709 0.120665 0.000000 0.164725 0.161605 0.187689 0.176875 0.000020 0.010571 0.093618 0.051524 
0.172608 0.116918 0.000000 0.004901 0.046247 0.134264 0.079686 0.000022 0.020874 0.020449 0.404031 
0.000107 0.069223 0.000000 0.004418 0.265372 0.092335 0.512755 0.000022 0.021261 0.023201 0.011308 
0.009531 0.200532 0.000000 0.048724 0.001926 0.246938 0.019401 0.000013 0.050681 0.366924 0.055330 
0.025592 0.205227 0.079787 0.120632 0.003534 0.207455 0.045116 0.042787 0.025208 0.166933 0.077728 
0.273506 0.203134 0.000000 0.004259 0.126957 0.199265 0.054091 0.032436 0.001880 0.069076 0.035396 
0.000143 0.164683 0.000000 0.015415 0.011594 0.142460 0.000020 0.464625 0.010567 0.133003 0.057490 
0.030610 0.244074 0.000000 0.092460 0.034690 0.309133 0.032688 0.000020 0.029465 0.148275 0.078583 
0.032940 0.188121 0.000000 0.058543 0.456315 0.159018 0.000018 0.000026 0.051919 0.019925 0.033176 
0.000035 0.012117 0.000000 0.002325 0.011800 0.007640 0.000016 0.004244 0.386075 0.012290 0.563456 
0.000072 0.092039 0.000000 0.003800 0.544751 0.194631 0.000020 0.071343 0.021982 0.009976 0.061385 
0.017378 0.311264 0.000000 0.124495 0.077848 0.072623 0.082419 0.000015 0.008089 0.028045 0.277823 
0.000036 0.117828 0.000000 0.179143 0.134093 0.011172 0.173995 0.000014 0.211100 0.151672 0.020947 
0.028508 0.543663 0.038162 0.026153 0.054648 0.058584 0.000015 0.090810 0.012673 0.136142 0.010641 
0.000065 0.112835 0.000000 0.064847 0.221205 0.070528 0.000021 0.468998 0.021393 0.026179 0.013930 
0.009774 0.358381 0.000000 0.046564 0.014439 0.160654 0.000014 0.000014 0.006521 0.400755 0.002885 
0.007348 0.034159 0.000000 0.000798 0.001625 0.015250 0.023825 0.247824 0.643617 0.017169 0.008384 
0.000046 0.037425 0.000000 0.234310 0.002837 0.033512 0.000025 0.033561 0.511457 0.091258 0.055569 
0.000109 0.281822 0.000000 0.054176 0.072078 0.243043 0.047554 0.000024 0.001257 0.201494 0.098443 
0.000088 0.050985 0.000000 0.010771 0.222297 0.034692 0.564891 0.017341 0.059832 0.001275 0.037829 
0.044118 0.239776 0.000000 0.001776 0.024260 0.151415 0.006504 0.000013 0.050145 0.233535 0.248459 
0.150346 0.053933 0.000000 0.001098 0.051615 0.226946 0.000012 0.400332 0.039506 0.000961 0.075251 
0.012221 0.048309 0.000000 0.241084 0.140992 0.139252 0.000021 0.306298 0.049406 0.013392 0.049026 
0.000066 0.105920 0.026264 0.000894 0.011540 0.093990 0.000016 0.000014 0.023253 0.017980 0.720064 
0.030209 0.335610 0.000000 0.029210 0.256824 0.055420 0.182975 0.000018 0.000111 0.106469 0.003155 
0.000093 0.016370 0.000000 0.046891 0.000762 0.045984 0.000015 0.000014 0.000858 0.020106 0.868908 
0.014090 0.312106 0.000000 0.037189 0.017459 0.046084 0.000012 0.227529 0.000605 0.135497 0.209429 
0.000085 0.208568 0.000000 0.031478 0.210336 0.128455 0.309575 0.000027 0.042594 0.065858 0.003023 
0.000044 0.175773 0.056602 0.617955 0.014256 0.048713 0.000019 0.000028 0.000530 0.058641 0.027440 
0.000059 0.035266 0.000000 0.040259 0.290477 0.018109 0.350913 0.000020 0.216390 0.031487 0.017021 
0.020803 0.228932 0.000000 0.014368 0.049610 0.094914 0.000015 0.121611 0.301990 0.069080 0.098678 
0.000114 0.180486 0.000000 0.260697 0.280224 0.149417 0.022348 0.000018 0.014689 0.010257 0.081751 
0.061462 0.235102 0.000000 0.027451 0.061947 0.172184 0.044553 0.000010 0.019967 0.112573 0.264752 
0.000197 0.250090 0.000000 0.352751 0.026445 0.128065 0.000018 0.000026 0.000344 0.164091 0.077974 
0.000126 0.016905 0.000000 0.003964 0.205168 0.093447 0.249312 0.221263 0.002292 0.001414 0.206109 
0.000058 0.054460 0.000000 0.068153 0.224879 0.164179 0.388146 0.000025 0.001741 0.014822 0.083538 
0.368667 0.118763 0.000000 0.111347 0.044309 0.242231 0.000024 0.000016 0.031101 0.063053 0.020489 
0.013877 0.033456 0.000000 0.002402 0.115206 0.054580 0.273389 0.053937 0.218380 0.001453 0.233320 
0.098099 0.031386 0.027580 0.005120 0.167476 0.125214 0.297328 0.094334 0.110671 0.004033 0.038758 
0.242501 0.517354 0.000000 0.011355 0.033981 0.083951 0.000014 0.000018 0.015639 0.093403 0.001784 
0.030061 0.112895 0.000000 0.038421 0.300407 0.068427 0.000020 0.204464 0.011380 0.002800 0.231125 
0.043480 0.091745 0.000000 0.010586 0.092453 0.087957 0.213114 0.110517 0.182041 0.097528 0.070579 
0.092383 0.245382 0.000000 0.057645 0.086725 0.268425 0.000022 0.101477 0.005405 0.101782 0.040754 
0.010868 0.155733 0.046950 0.270827 0.059842 0.113086 0.000020 0.220112 0.013646 0.088514 0.020401 
0.000253 0.104448 0.000000 0.023866 0.001269 0.163346 0.000017 0.000016 0.298670 0.013016 0.395100 
0.022684 0.361051 0.000000 0.001806 0.023573 0.132934 0.000018 0.000027 0.082513 0.341470 0.033923 
0.036212 0.335265 0.000000 0.063255 0.078332 0.222949 0.052334 0.000017 0.012525 0.122250 0.076860 
0.021435 0.114501 0.000000 0.024405 0.170715 0.110818 0.334373 0.000020 0.044390 0.160042 0.019300 
0.026975 0.082373 0.000000 0.112485 0.016097 0.031559 0.000020 0.084488 0.161036 0.065782 0.419184 
0.000210 0.115102 0.000000 0.005381 0.002467 0.023815 0.000016 0.054163 0.361012 0.165319 0.272513 
0.011244 0.282228 0.000000 0.049978 0.003695 0.088991 0.000017 0.000027 0.444220 0.114030 0.005570 
0.009599 0.134797 0.000000 0.106868 0.540586 0.115793 0.000019 0.000019 0.017388 0.048084 0.026847 
0.014813 0.074102 0.000000 0.110955 0.002892 0.026046 0.000021 0.000021 0.000780 0.058704 0.711666 
0.044905 0.353527 0.000000 0.070954 0.026492 0.092810 0.000022 0.000013 0.001271 0.372995 0.037009 
0.013332 0.359262 0.000000 0.027916 0.041244 0.116810 0.000021 0.000020 0.028866 0.373454 0.039077 
0.013979 0.132330 0.000000 0.034801 0.224189 0.170505 0.214087 0.019429 0.002042 0.078654 0.109985 
0.013335 0.027089 0.000000 0.001132 0.021035 0.074333 0.000016 0.079171 0.062648 0.067331 0.653910 
0.018473 0.383194 0.000000 0.126449 0.013193 0.129564 0.000015 0.000015 0.008626 0.305354 0.015116 
0.092481 0.166492 0.000000 0.068586 0.083580 0.142423 0.000020 0.136877 0.061006 0.177172 0.071363 
0.000059 0.140735 0.000000 0.034538 0.494795 0.127502 0.046424 0.000017 0.000295 0.049060 0.106576 
0.000023 0.180353 0.000000 0.628848 0.001527 0.006925 0.026510 0.000011 0.000324 0.126934 0.028545 
0.000049 0.141819 0.000000 0.398233 0.154746 0.024785 0.000019 0.000022 0.000523 0.126599 0.153205 
0.044700 0.283220 0.056537 0.041203 0.034384 0.180510 0.000018 0.000018 0.038366 0.287588 0.033455 
0.024698 0.058797 0.000000 0.047668 0.422897 0.100493 0.309395 0.000021 0.000996 0.009787 0.025248 
0.013552 0.189039 0.000000 0.068090 0.049312 0.104899 0.067319 0.476660 0.000165 0.024323 0.006641 
0.025625 0.087084 0.000000 0.014272 0.076081 0.209008 0.052904 0.454995 0.007941 0.040206 0.031885 
0.000117 0.135628 0.000000 0.028773 0.531700 0.082472 0.076720 0.000025 0.027704 0.044747 0.072114 
0.000070 0.068862 0.000000 0.028558 0.007275 0.056872 0.013433 0.029329 0.000899 0.002139 0.792564 
0.008463 0.201247 0.000000 0.119966 0.006936 0.078624 0.000019 0.465881 0.000484 0.092670 0.025709 
0.015061 0.364437 0.000000 0.082576 0.049078 0.064053 0.000019 0.056078 0.052052 0.035319 0.281327 
0.000067 0.028011 0.000000 0.005618 0.388840 0.101558 0.439265 0.000031 0.001408 0.000829 0.034374 
0.015941 0.431952 0.000000 0.053937 0.054218 0.103012 0.000019 0.000016 0.046472 0.165529 0.128902 
0.060936 0.163295 0.000000 0.025826 0.091312 0.156405 0.170114 0.000013 0.023432 0.248327 0.060342 
0.325974 0.283704 0.000000 0.003240 0.045223 0.239378 0.000022 0.000013 0.000081 0.084747 0.017618 
0.011932 0.231167 0.000000 0.014545 0.001260 0.207679 0.025230 0.041989 0.000914 0.208519 0.256765 
0.000083 0.080382 0.000000 0.016212 0.291983 0.077986 0.000023 0.000020 0.009593 0.001191 0.522526 
0.012429 0.181923 0.049323 0.478137 0.027898 0.087374 0.035995 0.000016 0.015562 0.086164 0.025178 
0.000039 0.143457 0.000000 0.348644 0.016236 0.026109 0.000023 0.000015 0.107406 0.081418 0.276653 
0.000041 0.072358 0.000000 0.331527 0.081476 0.067312 0.000022 0.000013 0.050384 0.009664 0.387202 
0.249132 0.260522 0.000000 0.001784 0.042731 0.144075 0.000018 0.020913 0.110656 0.162576 0.007592 
0.000222 0.511060 0.000000 0.120627 0.057438 0.056190 0.000017 0.055656 0.124623 0.059784 0.014381 
0.027049 0.082760 0.000000 0.002369 0.358488 0.125836 0.000020 0.327733 0.015143 0.020093 0.040509 
0.000157 0.024883 0.000000 0.012448 0.068697 0.063247 0.027819 0.006347 0.644956 0.061974 0.089471 
0.021714 0.476151 0.000000 0.061170 0.047950 0.048313 0.000020 0.218059 0.000865 0.064688 0.061069 
0.034686 0.053808 0.000000 0.002151 0.038203 0.139811 0.000013 0.570133 0.007894 0.081793 0.071508 
0.000138 0.363333 0.000000 0.039451 0.044369 0.171530 0.000014 0.102472 0.021194 0.227299 0.030199 
0.000166 0.272909 0.000000 0.049751 0.000690 0.271008 0.000016 0.000015 0.008165 0.341424 0.055855 
0.000087 0.161379 0.000000 0.337454 0.033328 0.193619 0.000017 0.000019 0.042029 0.094622 0.137446 
0.015036 0.110585 0.000000 0.004896 0.525156 0.148269 0.049328 0.000028 0.013255 0.031158 0.102289 
0.024587 0.361128 0.000000 0.262894 0.040222 0.057796 0.000018 0.121534 0.000404 0.063890 0.067527 
0.000223 0.206558 0.033107 0.015455 0.020037 0.203137 0.000016 0.000017 0.364257 0.086755 0.070439 
0.031173 0.115854 0.000000 0.023198 0.031334 0.099738 0.000021 0.560315 0.027532 0.068767 0.042069 
0.023252 0.506660 0.000000 0.233298 0.023490 0.056574 0.000016 0.000019 0.014036 0.124488 0.018168 
0.300131 0.286127 0.000000 0.012398 0.081397 0.223487 0.000022 0.000020 0.000198 0.069878 0.026341 
0.042956 0.147307 0.000000 0.216942 0.042131 0.040996 0.000019 0.000016 0.001072 0.034545 0.474017 
0.015425 0.095570 0.000000 0.029049 0.288990 0.039471 0.161330 0.000025 0.024230 0.015898 0.330013 
0.000100 0.128844 0.000000 0.357575 0.015636 0.109556 0.000019 0.000017 0.012490 0.051165 0.324598 
0.041256 0.108303 0.000000 0.008044 0.032847 0.102610 0.035182 0.494787 0.003456 0.124199 0.049316 
0.049540 0.174070 0.000000 0.056394 0.166968 0.132044 0.142736 0.000010 0.128548 0.082140 0.067550 
0.000041 0.066847 0.000000 0.560809 0.037734 0.009138 0.145977 0.000015 0.011663 0.046160 0.121616 
0.000061 0.144992 0.000000 0.039159 0.035556 0.114505 0.047837 0.019430 0.433312 0.059819 0.105329 
0.040026 0.582889 0.000000 0.116113 0.076875 0.050972 0.000018 0.000022 0.000339 0.131686 0.001060 
0.025357 0.317582 0.000000 0.057213 0.002846 0.122983 0.000017 0.000021 0.060118 0.391430 0.022433 
0.307143 0.125369 0.000000 0.053273 0.020585 0.307915 0.058505 0.000020 0.012924 0.077079 0.037187 
0.025638 0.261726 0.000000 0.436501 0.065718 0.059934 0.000023 0.000021 0.000334 0.107235 0.042871 
0.013182 0.180569 0.000000 0.002427 0.027326 0.084433 0.020087 0.000011 0.313664 0.114295 0.244006 
0.034090 0.545974 0.000000 0.058228 0.044855 0.086054 0.000019 0.000019 0.044773 0.077521 0.108468 
0.007905 0.062836 0.000000 0.515274 0.020105 0.149187 0.000018 0.075547 0.009575 0.111444 0.048109 
0.266250 0.107644 0.000000 0.005978 0.183176 0.268098 0.045236 0.000025 0.062103 0.020697 0.040793 
0.000059 0.531056 0.000000 0.053492 0.136451 0.073918 0.000017 0.000027 0.040772 0.126612 0.037597 
0.011041 0.034802 0.000000 0.049322 0.446736 0.058326 0.317196 0.025961 0.014228 0.013924 0.028465 
0.010161 0.380408 0.072970 0.004548 0.038602 0.208308 0.033516 0.000009 0.000682 0.106164 0.144631 
0.309067 0.196330 0.000000 0.072964 0.072237 0.223771 0.000017 0.030159 0.067135 0.023613 0.004708 
0.085949 0.309146 0.000000 0.273535 0.057851 0.089602 0.000021 0.000023 0.020894 0.114455 0.048525 
0.000073 0.131276 0.041082 0.018384 0.624527 0.073065 0.000018 0.035670 0.030075 0.013195 0.032634 
0.029911 0.450212 0.000000 0.024266 0.099284 0.083605 0.080323 0.000013 0.023590 0.179951 0.028845 
0.000139 0.036191 0.000000 0.006485 0.001073 0.017326 0.000017 0.000012 0.043468 0.008432 0.886858 
0.000096 0.127293 0.000000 0.051554 0.015289 0.064705 0.000017 0.000027 0.000954 0.014760 0.725307 
0.152148 0.221982 0.000000 0.015681 0.020970 0.311027 0.000015 0.000016 0.013620 0.234953 0.029587 
0.000163 0.151633 0.000000 0.061027 0.260950 0.338598 0.000021 0.000013 0.007924 0.112653 0.067019 
0.064931 0.202574 0.000000 0.003395 0.024752 0.191114 0.000015 0.000027 0.015638 0.132408 0.365146 
0.032323 0.282747 0.000000 0.069769 0.039963 0.318977 0.000017 0.000014 0.001449 0.169781 0.084960 
0.000045 0.099557 0.000000 0.028125 0.433392 0.064104 0.344541 0.014575 0.000070 0.000909 0.014681 
0.063325 0.077128 0.000000 0.019814 0.021328 0.048511 0.000018 0.000027 0.239070 0.043721 0.487059 
0.029145 0.089547 0.000000 0.032275 0.016536 0.096041 0.037788 0.546540 0.005402 0.047062 0.099665 
0.061483 0.180022 0.000000 0.083531 0.012056 0.139299 0.000017 0.031466 0.234056 0.126525 0.131545 
0.000151 0.521815 0.000000 0.186738 0.056725 0.140623 0.000020 0.000016 0.000301 0.079866 0.013744 
0.012712 0.166812 0.000000 0.013637 0.039485 0.033729 0.028007 0.000023 0.311973 0.039286 0.354336 
0.033352 0.071023 0.000000 0.105679 0.297886 0.084031 0.000017 0.350870 0.026313 0.015197 0.015630 
0.007301 0.064178 0.000000 0.032032 0.163373 0.122395 0.224135 0.091047 0.176215 0.050862 0.068462 
0.000079 0.219928 0.000000 0.293593 0.003509 0.103247 0.071947 0.000022 0.001758 0.091995 0.213922 
0.000107 0.059740 0.000000 0.010804 0.016480 0.005407 0.059591 0.036384 0.766351 0.006814 0.038322 
0.008524 0.028577 0.000000 0.016904 0.317088 0.039061 0.580207 0.000031 0.004076 0.001845 0.003687 
0.008135 0.185299 0.000000 0.550354 0.006765 0.017624 0.041133 0.000015 0.003820 0.157066 0.029789 
0.040855 0.250325 0.000000 0.459026 0.031768 0.053430 0.000014 0.017401 0.000778 0.119847 0.026556 
0.084946 0.006408 0.000000 0.000391 0.077054 0.055256 0.000020 0.741744 0.009322 0.005440 0.019420 
0.000044 0.008815 0.000000 0.000421 0.000622 0.019884 0.000006 0.000009 0.933119 0.001094 0.035986 
0.120368 0.135145 0.000000 0.193391 0.031518 0.207181 0.030243 0.000016 0.019401 0.075664 0.187073 
0.000076 0.167127 0.000000 0.002300 0.006794 0.029667 0.000010 0.109193 0.508551 0.136398 0.039884 
0.079515 0.222822 0.000000 0.082176 0.027095 0.031294 0.000018 0.519518 0.000316 0.024887 0.012360 
0.182130 0.415988 0.000000 0.089367 0.057365 0.161065 0.000019 0.000013 0.007977 0.084458 0.001618 
0.000094 0.051785 0.000000 0.095080 0.056912 0.079687 0.000019 0.662284 0.003520 0.025611 0.025008 
0.011745 0.495182 0.000000 0.196294 0.051360 0.028090 0.055296 0.000028 0.024994 0.109624 0.027386 
0.018873 0.347844 0.000000 0.045852 0.026865 0.166953 0.000019 0.000016 0.008954 0.339296 0.045328 
0.000055 0.166027 0.000000 0.618482 0.025471 0.053501 0.037363 0.000016 0.025826 0.040728 0.032531 
0.020136 0.004001 0.000000 0.001780 0.050992 0.070015 0.000024 0.827149 0.017225 0.006322 0.002357 
0.089330 0.264165 0.000000 0.093583 0.022925 0.125778 0.000019 0.000025 0.000227 0.345501 0.058448 
0.000101 0.382418 0.000000 0.255520 0.021446 0.090086 0.070971 0.000016 0.050901 0.120087 0.008453 
0.065462 0.233711 0.000000 0.043039 0.189674 0.104321 0.185481 0.025849 0.014334 0.071281 0.066848 
0.167836 0.142248 0.000000 0.001598 0.074912 0.299704 0.053329 0.046091 0.001910 0.046069 0.166303 
0.062181 0.280001 0.062954 0.039319 0.067797 0.253654 0.000021 0.000021 0.039407 0.176174 0.018470 
0.347194 0.154138 0.000000 0.001828 0.065410 0.244153 0.047158 0.000017 0.031943 0.088421 0.019738 
0.012259 0.114601 0.000000 0.007409 0.233473 0.138794 0.377300 0.000023 0.000663 0.083154 0.032325 
0.000176 0.120332 0.000000 0.055124 0.238015 0.103289 0.000020 0.021893 0.132848 0.186149 0.142153 
0.030754 0.052053 0.000000 0.012187 0.047848 0.161694 0.000011 0.240565 0.056925 0.014994 0.382969 
0.009363 0.131063 0.044558 0.476409 0.041268 0.133505 0.000015 0.000019 0.004037 0.125176 0.034586 
0.033692 0.573299 0.000000 0.134381 0.070076 0.063723 0.000022 0.000026 0.019127 0.104416 0.001238 
0.060115 0.216059 0.000000 0.035472 0.025486 0.133735 0.000012 0.000019 0.017283 0.073235 0.438584 
0.010431 0.195697 0.069291 0.078656 0.019542 0.256289 0.000023 0.000022 0.001547 0.215955 0.152547 
0.000044 0.228963 0.000000 0.577515 0.110111 0.017995 0.019857 0.000016 0.000752 0.019231 0.025516 
0.014695 0.056250 0.000000 0.030247 0.247936 0.159498 0.045357 0.000020 0.027062 0.025739 0.393196 
0.009411 0.017491 0.000000 0.013713 0.269599 0.081599 0.476692 0.037499 0.078134 0.001067 0.014794 
0.000039 0.010208 0.000000 0.040684 0.271446 0.087610 0.491401 0.034694 0.000325 0.016011 0.047582 
0.023068 0.054902 0.000000 0.005253 0.017464 0.038077 0.000013 0.189293 0.045630 0.007603 0.618696 
0.000058 0.062737 0.000000 0.002173 0.215016 0.012701 0.628006 0.000016 0.001000 0.000397 0.077896 
0.295949 0.098187 0.000000 0.064841 0.056333 0.199627 0.021971 0.047698 0.033153 0.020295 0.161947 
0.123168 0.256175 0.000000 0.121561 0.170109 0.121320 0.000013 0.047347 0.060329 0.096936 0.003041 
0.041785 0.170364 0.000000 0.005444 0.140667 0.182036 0.096473 0.119393 0.002712 0.156321 0.084806 
0.023806 0.085236 0.000000 0.511966 0.022264 0.117528 0.000016 0.117414 0.001355 0.060129 0.060287 
0.339921 0.173697 0.000000 0.048028 0.065598 0.274684 0.000023 0.000014 0.037124 0.056510 0.004402 
0.000082 0.077881 0.000000 0.001148 0.115469 0.034115 0.000015 0.025802 0.673208 0.017077 0.055202 
0.007001 0.078037 0.000000 0.591173 0.022007 0.053126 0.017175 0.000018 0.048726 0.140852 0.041886 
0.005765 0.021158 0.000000 0.014703 0.148757 0.039449 0.124455 0.049175 0.559922 0.004026 0.032589 
0.000078 0.123037 0.000000 0.012238 0.495958 0.109356 0.074970 0.033145 0.057956 0.081610 0.011652 
0.037404 0.228757 0.000000 0.045990 0.022729 0.161191 0.000022 0.000022 0.001350 0.259480 0.243054 
0.012607 0.147543 0.000000 0.007558 0.030948 0.207039 0.086500 0.371841 0.001226 0.062567 0.072170 
0.025799 0.064474 0.000000 0.184341 0.207482 0.078668 0.000020 0.000011 0.321862 0.003102 0.114240 
0.000110 0.215946 0.000000 0.163839 0.021052 0.186669 0.000014 0.036899 0.037934 0.233480 0.104057 
0.000077 0.195525 0.000000 0.015876 0.109896 0.077785 0.430765 0.000026 0.002357 0.006875 0.160818 
0.000075 0.007635 0.000000 0.000682 0.022907 0.078470 0.056117 0.290962 0.000745 0.000424 0.541983 
0.271659 0.220025 0.000000 0.045701 0.002313 0.252993 0.042350 0.020976 0.012390 0.080217 0.051375 
0.000054 0.092331 0.000000 0.136747 0.097818 0.054028 0.042755 0.122024 0.381708 0.005434 0.067101 
0.008695 0.178533 0.000000 0.082250 0.005788 0.077098 0.017515 0.033726 0.361994 0.061875 0.172527 
0.000130 0.093655 0.000000 0.002006 0.025395 0.027461 0.016181 0.000022 0.662644 0.120090 0.052417 
0.000053 0.030076 0.000000 0.036934 0.207136 0.120331 0.447025 0.000023 0.083163 0.004882 0.070378 
0.000130 0.074555 0.000000 0.026212 0.390057 0.092854 0.347091 0.000023 0.001912 0.021597 0.045568 
0.000093 0.039556 0.013166 0.002606 0.174447 0.113352 0.073731 0.000019 0.002882 0.021663 0.558485 
0.248546 0.196129 0.000000 0.001527 0.066923 0.289618 0.000023 0.099640 0.007292 0.058483 0.031819 
0.263190 0.190724 0.000000 0.002881 0.021649 0.280584 0.086093 0.022187 0.000632 0.129312 0.002748 
0.008259 0.109282 0.064167 0.052688 0.401503 0.133166 0.113806 0.000017 0.016023 0.053856 0.047235 
0.041857 0.220899 0.000000 0.044182 0.053624 0.308082 0.025218 0.000017 0.000702 0.171288 0.134131 
0.000153 0.328214 0.000000 0.003202 0.004816 0.187863 0.021722 0.000018 0.012397 0.408285 0.033329 
0.000089 0.128240 0.000000 0.001716 0.349770 0.116085 0.353529 0.000018 0.022176 0.020995 0.007381 
0.016329 0.580317 0.000000 0.130347 0.056530 0.115419 0.000019 0.000016 0.000187 0.051130 0.049704 
0.014806 0.162288 0.000000 0.001005 0.019237 0.071514 0.023300 0.605269 0.059454 0.001470 0.041657 
0.040353 0.075132 0.000000 0.005006 0.053419 0.087911 0.000014 0.707324 0.003972 0.008437 0.018433 
0.039431 0.443530 0.000000 0.147892 0.127740 0.072962 0.078613 0.000022 0.000321 0.074043 0.015447 
0.000076 0.020394 0.000000 0.002039 0.108442 0.042974 0.069435 0.022144 0.662643 0.018661 0.053194 
0.024050 0.445712 0.000000 0.152568 0.020948 0.226864 0.000013 0.000018 0.020726 0.107590 0.001510 
0.040803 0.272864 0.000000 0.101532 0.355494 0.107162 0.000027 0.046299 0.007916 0.020442 0.047462 
0.000109 0.308435 0.000000 0.323038 0.120402 0.072177 0.000023 0.000016 0.014454 0.116192 0.045155 
0.055594 0.358344 0.000000 0.002350 0.035956 0.146313 0.000018 0.000016 0.001286 0.335962 0.064161 
0.030386 0.073809 0.000000 0.022158 0.030935 0.083421 0.053609 0.388721 0.037312 0.114308 0.165340 
0.029704 0.083297 0.000000 0.001415 0.210027 0.038201 0.063994 0.000023 0.133457 0.056993 0.382890 
0.031894 0.082442 0.000000 0.001594 0.012918 0.100515 0.000019 0.630249 0.034105 0.088698 0.017565 
0.000139 0.100176 0.000000 0.039801 0.329306 0.054660 0.000022 0.336402 0.000639 0.076500 0.062356 
0.050218 0.589736 0.000000 0.103426 0.061510 0.083217 0.000022 0.000018 0.025611 0.068199 0.018043 
0.010544 0.203651 0.000000 0.113356 0.006199 0.276006 0.076976 0.000026 0.010981 0.202895 0.099366 
0.016963 0.055180 0.000000 0.000415 0.085749 0.041855 0.000018 0.000019 0.080585 0.001056 0.718160 
0.000079 0.027542 0.000000 0.001129 0.019195 0.115654 0.000021 0.603370 0.200682 0.001081 0.031247 
0.015520 0.161113 0.000000 0.037919 0.130430 0.161521 0.233748 0.000013 0.086137 0.042455 0.131143 
0.284928 0.229093 0.000000 0.004006 0.056896 0.261646 0.000020 0.000026 0.000802 0.117947 0.044637 
0.061921 0.025001 0.000000 0.034639 0.044311 0.091706 0.000018 0.360160 0.050584 0.000629 0.331032 
0.011181 0.014757 0.000000 0.001077 0.392040 0.102724 0.396282 0.000013 0.019810 0.001659 0.060456 
0.000065 0.207054 0.000000 0.115050 0.030146 0.261005 0.119591 0.000025 0.018219 0.148162 0.100682 
0.000099 0.058246 0.000000 0.020178 0.044575 0.097958 0.000015 0.571162 0.102523 0.071594 0.033648 
0.027251 0.394950 0.060244 0.004118 0.007188 0.157420 0.000022 0.000018 0.000645 0.297905 0.050238 
0.014129 0.229009 0.048881 0.007353 0.251608 0.124205 0.000021 0.025229 0.025822 0.194748 0.078995 
0.015386 0.372650 0.000000 0.091342 0.069788 0.078246 0.000016 0.277453 0.007335 0.074831 0.012953 
0.026802 0.185026 0.000000 0.037230 0.287334 0.106982 0.048995 0.018939 0.030921 0.096401 0.161371 
0.000137 0.083319 0.000000 0.033781 0.013196 0.114409 0.064132 0.521916 0.000304 0.155799 0.013007 
0.000107 0.041960 0.000000 0.003447 0.266253 0.084863 0.361654 0.000031 0.002428 0.008082 0.231176 
0.000040 0.043112 0.000000 0.005017 0.000797 0.012233 0.000007 0.000011 0.000578 0.011940 0.926265 
0.252350 0.111240 0.000000 0.002946 0.007339 0.193298 0.049707 0.321533 0.000305 0.041490 0.019792 
0.000126 0.104269 0.000000 0.028674 0.544775 0.042727 0.000021 0.201482 0.028952 0.002115 0.046859 
0.000049 0.073234 0.000000 0.066255 0.023473 0.046592 0.000013 0.018550 0.657087 0.034431 0.080315 
0.000135 0.189682 0.117232 0.022582 0.399494 0.146140 0.000020 0.000027 0.009529 0.056878 0.058281 
0.000097 0.231437 0.000000 0.388093 0.016733 0.096610 0.000022 0.133395 0.000630 0.077642 0.055342 
0.000133 0.084262 0.000000 0.085112 0.015230 0.026225 0.000017 0.044577 0.639928 0.047066 0.057450 
0.000024 0.059748 0.029141 0.074938 0.000744 0.025614 0.000014 0.031317 0.619983 0.043813 0.114665 
0.000092 0.236426 0.000000 0.349173 0.022508 0.034896 0.046771 0.000015 0.002015 0.062681 0.245424 
0.000143 0.018197 0.000000 0.003421 0.149574 0.030314 0.211295 0.000011 0.028475 0.015789 0.542780 
0.057131 0.245436 0.048517 0.000779 0.040135 0.141461 0.000019 0.100635 0.231052 0.041236 0.093600 
0.328076 0.134825 0.000000 0.084694 0.075310 0.231730 0.020245 0.000019 0.016774 0.096832 0.011495 
0.042090 0.133206 0.000000 0.004900 0.110113 0.147400 0.000023 0.286657 0.080578 0.182606 0.012427 
0.000150 0.138567 0.000000 0.136837 0.040666 0.044882 0.000020 0.000013 0.042275 0.048130 0.548461 
0.014824 0.016872 0.000000 0.023048 0.029091 0.005638 0.000018 0.118097 0.731377 0.022045 0.038991 
0.346764 0.106206 0.000000 0.043349 0.040258 0.238776 0.020045 0.000021 0.000276 0.060453 0.143852 
0.000074 0.052100 0.000000 0.094767 0.207110 0.139291 0.291115 0.030957 0.021228 0.028479 0.134880 
0.000118 0.017447 0.000000 0.003197 0.080060 0.054055 0.126215 0.009228 0.003219 0.029854 0.676607 
0.000113 0.122537 0.000000 0.219604 0.157498 0.069460 0.378051 0.004012 0.000364 0.037259 0.011101 
0.031181 0.213049 0.000000 0.055391 0.024825 0.120788 0.000021 0.000011 0.208303 0.317280 0.029151 
0.014208 0.057919 0.000000 0.334944 0.108255 0.044117 0.227458 0.000027 0.114596 0.052240 0.046235 
0.015651 0.253640 0.000000 0.141655 0.257837 0.152238 0.000022 0.000021 0.011367 0.137860 0.029709 
0.000053 0.047415 0.000000 0.030202 0.146537 0.099188 0.215174 0.213699 0.000798 0.001031 0.245902 
0.014847 0.034071 0.000000 0.001916 0.170322 0.065666 0.144347 0.018454 0.465060 0.051472 0.033844 
0.000024 0.020039 0.000000 0.006647 0.125620 0.003822 0.102165 0.012786 0.001303 0.010462 0.717133 
0.028517 0.043470 0.000000 0.074111 0.001279 0.122086 0.000015 0.475255 0.111940 0.091189 0.052138 
0.032875 0.245402 0.000000 0.068974 0.033285 0.108364 0.000014 0.109167 0.165715 0.053166 0.183037 
0.000165 0.024418 0.000000 0.007210 0.000881 0.017975 0.000005 0.000015 0.000932 0.001074 0.947323 
0.030987 0.145614 0.036447 0.063889 0.173794 0.230327 0.191881 0.000026 0.027950 0.042160 0.056923 
0.000117 0.151490 0.000000 0.612420 0.026080 0.064954 0.000020 0.000021 0.001272 0.129541 0.014085 
0.024705 0.231050 0.000000 0.050870 0.150963 0.191239 0.000021 0.000027 0.023685 0.306402 0.021038 
0.017243 0.196745 0.000000 0.028465 0.116979 0.093898 0.000016 0.000024 0.083409 0.230860 0.232361 
0.317224 0.157414 0.000000 0.026695 0.164835 0.227103 0.000020 0.000016 0.000485 0.059399 0.046810 
0.042623 0.163159 0.000000 0.002393 0.049526 0.123513 0.057513 0.000009 0.239292 0.168721 0.153249 
0.000115 0.011200 0.000000 0.040259 0.268754 0.013829 0.533261 0.015350 0.057566 0.008715 0.050950 
0.000235 0.033701 0.000000 0.000869 0.000707 0.037691 0.000007 0.000027 0.000515 0.014767 0.911481 
0.010907 0.438641 0.000000 0.050124 0.038621 0.083216 0.048159 0.000024 0.081137 0.220860 0.028311 
0.376637 0.103795 0.000000 0.061132 0.020912 0.284324 0.097008 0.000026 0.019495 0.013848 0.022823 
0.000062 0.103191 0.000000 0.015947 0.208941 0.084228 0.208310 0.020761 0.231629 0.023883 0.103049 
0.050485 0.331687 0.000000 0.150383 0.051273 0.153714 0.000020 0.065920 0.000225 0.181418 0.014875 
0.000066 0.078172 0.000000 0.412444 0.001302 0.055454 0.000019 0.000016 0.217996 0.180908 0.053624 
0.000051 0.065133 0.000000 0.365789 0.040870 0.014199 0.011028 0.000024 0.304953 0.072768 0.125185 
0.210377 0.124602 0.000000 0.001969 0.037363 0.244269 0.000012 0.243114 0.099535 0.001639 0.037119 
0.152245 0.204955 0.000000 0.008073 0.092779 0.070718 0.137350 0.271911 0.009977 0.009105 0.042885 
0.176766 0.278461 0.000000 0.009966 0.137470 0.133504 0.207697 0.000019 0.013548 0.040293 0.002276 
0.059703 0.160622 0.000000 0.049740 0.009634 0.114008 0.000022 0.000025 0.071099 0.211968 0.323179 
0.073995 0.408834 0.000000 0.027161 0.210422 0.151291 0.000020 0.000019 0.001115 0.099034 0.028109 
0.164110 0.080139 0.000000 0.033627 0.029004 0.101989 0.000017 0.570058 0.000186 0.001737 0.019133 
0.000123 0.187376 0.000000 0.025134 0.369666 0.234067 0.000019 0.027415 0.016397 0.071277 0.068525 
0.048724 0.457820 0.000000 0.150690 0.102560 0.060100 0.000017 0.000013 0.020061 0.092806 0.067210 
0.000107 0.104385 0.000000 0.328867 0.012244 0.137820 0.000019 0.148565 0.034081 0.125327 0.108585 
0.030677 0.303122 0.000000 0.002059 0.061640 0.216781 0.000016 0.000019 0.014002 0.271044 0.100640 
0.185889 0.130324 0.048515 0.048086 0.206164 0.191290 0.000018 0.000022 0.002969 0.080045 0.106677 
0.000123 0.183718 0.000000 0.198721 0.211793 0.125960 0.095236 0.000026 0.020466 0.085797 0.078161 
0.037635 0.180817 0.000000 0.003876 0.305604 0.180003 0.101980 0.000016 0.000331 0.110259 0.079478 
0.022054 0.539065 0.000000 0.143052 0.049744 0.126999 0.000020 0.000027 0.015042 0.101083 0.002916 
0.000056 0.077557 0.000000 0.060202 0.520646 0.179613 0.000020 0.012897 0.040603 0.059155 0.049251 
0.020203 0.548879 0.000000 0.106048 0.064068 0.128253 0.000018 0.000014 0.025368 0.104636 0.002512 
