-393981.713106
0
0.000000 0.000000 0.000946 0.000000 0.000000 0.000610 0.000000 0.000000 0.008665 0.002944 0.000001 0.002596 0.000542 0.000002 0.000000 0.000003 0.000371 0.000000 0.000518 0.001064 0.000000 0.000000 0.000000 0.000000 0.000000 0.000000 0.000000 0.000761 0.000000 0.000000 0.000000 0.000000 0.011874 0.000001 0.005893 0.009487 0.000000 0.000433 0.000000 0.000000 0.000303 0.000000 0.000000 0.000472 0.000000 0.000001 0.000003 0.000005 0.001972 0.000000 0.000000 0.000000 0.000000 0.000000 0.000000 0.001123 0.006970 0.001033 0.000000 0.001483 0.000000 0.000000 0.000479 0.000754 0.000002 0.000000 0.000003 0.000011 0.000000 0.000357 0.001515 0.000002 0.015895 0.005331 0.001645 0.014423 0.040393 0.000000 0.001623 0.070285 0.431108 0.075591 0.045639 0.234569 0.000000 0.000000 0.000000 0.000000 0.000003 0.000000 0.000004 0.000007 0.000000 0.000002 0.000274 0.000009 
0.000000 0.000000 0.000000 0.007886 0.000000 0.001093 0.000000 0.000000 0.000001 0.001400 0.009183 0.006164 0.001456 0.000629 0.000000 0.004159 0.007902 0.004532 0.003219 0.006904 0.015872 0.004456 0.002831 0.019223 0.000000 0.000000 0.000000 0.011630 0.000000 0.000000 0.000000 0.000000 0.000613 0.000001 0.008113 0.002471 0.000000 0.000001 0.000000 0.000000 0.006480 0.004493 0.003750 0.009047 0.011066 0.002617 0.006752 0.040499 0.000388 0.000792 0.000000 0.005278 0.000000 0.000000 0.000000 0.001207 0.000000 0.008581 0.022589 0.014854 0.000000 0.000000 0.000000 0.000001 0.004345 0.012570 0.006465 0.016109 0.002106 0.001424 0.000548 0.009510 0.039262 0.005428 0.001961 0.253176 0.000000 0.000000 0.000000 0.000889 0.000000 0.014116 0.164440 0.030001 0.003033 0.000000 0.003102 0.003302 0.007713 0.011431 0.008079 0.020229 0.031326 0.009691 0.004072 0.077536 
0.000792 0.000000 0.000000 0.000000 0.000000 0.000001 0.000000 0.000000 0.000001 0.020399 0.000001 0.003944 0.001443 0.000606 0.002542 0.004998 0.000569 0.000000 0.000949 0.001182 0.000000 0.000000 0.001564 0.000000 0.000445 0.000000 0.000000 0.000006 0.000000 0.000000 0.000000 0.000000 0.083069 0.108229 0.020177 0.077233 0.000000 0.001471 0.000000 0.001672 0.001425 0.000000 0.000000 0.005017 0.000000 0.000860 0.000698 0.000939 0.000001 0.000000 0.000000 0.000000 0.000000 0.000000 0.000000 0.000001 0.000000 0.020987 0.000000 0.014523 0.000000 0.000000 0.000000 0.000440 0.000476 0.000000 0.001679 0.009878 0.000000 0.000000 0.001330 0.000808 0.000013 0.001204 0.000001 0.000319 0.000000 0.000000 0.000000 0.000000 0.118009 0.285471 0.104734 0.083728 0.000000 0.001245 0.001223 0.002627 0.001863 0.000000 0.002383 0.003621 0.000000 0.001025 0.000307 0.001870 
0.003675 0.003791 0.000000 0.001586 0.000000 0.001521 0.000000 0.001349 0.031905 0.017232 0.150384 0.016813 0.001460 0.003141 0.000000 0.005226 0.011867 0.005876 0.017558 0.005617 0.000000 0.001261 0.000000 0.003402 0.007087 0.013898 0.005824 0.038450 0.000000 0.000000 0.000000 0.000000 0.010499 0.011326 0.104425 0.007833 0.000000 0.002986 0.000000 0.000000 0.005473 0.004321 0.019805 0.001948 0.000000 0.003200 0.002887 0.006830 0.003219 0.005602 0.001175 0.006800 0.000000 0.002723 0.000000 0.000806 0.056704 0.061092 0.140599 0.042505 0.000000 0.001929 0.000000 0.001049 0.013829 0.006424 0.008562 0.007532 0.000000 0.001028 0.000001 0.001894 0.001537 0.004154 0.001455 0.007263 0.000000 0.000000 0.000000 0.000000 0.000000 0.000235 0.051369 0.002699 0.000926 0.000289 0.000000 0.000000 0.008214 0.003550 0.012021 0.002744 0.000000 0.001553 0.001306 0.006753 
0.028406 0.022871 0.006232 0.020546 0.014702 0.007152 0.002709 0.012658 0.018119 0.007468 0.005335 0.012755 0.011328 0.007643 0.011878 0.013272 0.020102 0.008700 0.015794 0.018978 0.005123 0.001690 0.006113 0.004208 0.028234 0.027696 0.002838 0.022411 0.010661 0.008935 0.003255 0.013654 0.014604 0.008395 0.004167 0.018998 0.008738 0.011950 0.017717 0.016568 0.008648 0.011690 0.011862 0.014872 0.003186 0.003781 0.008178 0.008711 0.021951 0.020171 0.006720 0.018578 0.006707 0.007720 0.001988 0.009690 0.009243 0.005921 0.000000 0.007792 0.007034 0.005502 0.009330 0.009824 0.008258 0.006328 0.007881 0.008222 0.001590 0.001366 0.008119 0.005029 0.024825 0.025819 0.004331 0.024236 0.006066 0.011229 0.001754 0.012162 0.000000 0.006168 0.000060 0.005239 0.012988 0.007699 0.008856 0.017137 0.009702 0.009443 0.005406 0.012310 0.005278 0.003634 0.007451 0.009716 
0.000019 0.000011 0.694391 0.014106 0.291472 
0.015407 0.579653 0.128047 0.197185 0.079709 
0.049466 0.589394 0.174154 0.065113 0.121873 
0.000021 0.024013 0.062148 0.740584 0.173234 
0.000022 0.113496 0.031260 0.420427 0.434795 
0.000017 0.043045 0.061510 0.130220 0.765208 
0.714345 0.164671 0.025493 0.001720 0.093771 
0.284341 0.152687 0.088361 0.124933 0.349678 
0.061902 0.000017 0.057738 0.001378 0.878965 
0.026370 0.000020 0.297212 0.000414 0.675984 
0.038498 0.058021 0.000103 0.243110 0.660268 
0.024494 0.000022 0.000067 0.000468 0.974951 
0.011253 0.000019 0.813358 0.157400 0.017970 
0.000032 0.000022 0.047674 0.036371 0.915901 
0.016237 0.090396 0.046681 0.404093 0.442593 
0.000031 0.000022 0.031974 0.159942 0.808032 
0.000021 0.662944 0.252855 0.042065 0.042115 
0.417512 0.068967 0.034801 0.361701 0.117019 
0.015976 0.128114 0.043642 0.096460 0.715809 
0.134630 0.029390 0.133993 0.240850 0.461137 
0.029085 0.287126 0.000081 0.004061 0.679647 
0.181688 0.108212 0.049636 0.150083 0.510381 
0.000030 0.000017 0.066475 0.471766 0.461712 
0.000021 0.364598 0.328323 0.231263 0.075796 
0.011459 0.000023 0.038623 0.391960 0.557936 
0.000023 0.226483 0.388467 0.107531 0.277496 
0.022031 0.000016 0.000064 0.873411 0.104478 
0.064824 0.000016 0.029090 0.022896 0.883174 
0.025722 0.062650 0.070004 0.045086 0.796538 
0.000034 0.291435 0.018651 0.177595 0.512285 
0.021834 0.556800 0.044025 0.001050 0.376291 
0.029253 0.035198 0.060642 0.089341 0.785565 
0.047191 0.089307 0.027077 0.524635 0.311790 
0.416606 0.000013 0.548826 0.014145 0.020411 
0.000031 0.121400 0.093295 0.655564 0.129710 
0.000023 0.000016 0.287441 0.170249 0.542271 
0.235310 0.000011 0.000080 0.306039 0.458560 
0.017184 0.124955 0.000079 0.038958 0.818824 
0.027455 0.524045 0.000094 0.259979 0.188427 
0.008657 0.000013 0.000046 0.000631 0.990653 
0.703954 0.252999 0.000068 0.001025 0.041954 
0.597300 0.000021 0.000103 0.000797 0.401780 
0.000024 0.021822 0.084335 0.142100 0.751719 
0.079646 0.000018 0.000113 0.865766 0.054457 
0.048075 0.000018 0.248449 0.033519 0.669938 
0.030364 0.759214 0.063373 0.036326 0.110722 
0.057825 0.393492 0.028978 0.171379 0.348325 
0.000024 0.000017 0.768665 0.019233 0.212062 
0.000006 0.000017 0.000049 0.456623 0.543304 
0.000018 0.000013 0.893889 0.000412 0.105668 
0.000018 0.252106 0.212126 0.000625 0.535125 
0.044331 0.000021 0.000052 0.582055 0.373541 
0.000015 0.021587 0.000112 0.012564 0.965722 
0.232824 0.000011 0.000079 0.679298 0.087787 
0.335020 0.163084 0.079495 0.047967 0.374434 
0.000030 0.000021 0.093918 0.377013 0.529018 
0.000025 0.000020 0.284752 0.110983 0.604220 
0.000015 0.000033 0.062564 0.011661 0.925726 
0.000023 0.269805 0.208940 0.511537 0.009696 
0.000026 0.000022 0.073453 0.744679 0.181820 
0.023999 0.329757 0.000082 0.020882 0.625280 
0.236104 0.075689 0.217928 0.447473 0.022806 
0.127761 0.220330 0.000114 0.534812 0.116984 
0.014671 0.124276 0.000047 0.001218 0.859788 
0.000022 0.268970 0.246904 0.348337 0.135768 
0.215599 0.159709 0.030896 0.324693 0.269103 
0.000031 0.248359 0.029562 0.106961 0.615087 
0.020110 0.259421 0.000105 0.078724 0.641640 
0.285467 0.040721 0.426990 0.000528 0.246294 
0.119979 0.000024 0.000092 0.021240 0.858665 
0.000030 0.000020 0.082482 0.148912 0.768556 
0.055248 0.000018 0.000078 0.535970 0.408685 
0.170587 0.096987 0.424963 0.011077 0.296386 
0.409575 0.009540 0.259818 0.000514 0.320554 
0.465546 0.000021 0.000060 0.000488 0.533884 
0.000032 0.000019 0.055698 0.633742 0.310509 
0.000019 0.000020 0.714629 0.000736 0.284596 
0.015409 0.000015 0.000110 0.025116 0.959350 
0.059248 0.000018 0.000107 0.042716 0.897913 
0.000026 0.049914 0.099574 0.516588 0.333899 
0.060855 0.117757 0.688515 0.017852 0.115021 
0.013855 0.000016 0.000068 0.010268 0.975792 
0.072404 0.246528 0.046305 0.085426 0.549337 
0.000012 0.000017 0.112634 0.647645 0.239692 
0.000013 0.000012 0.000115 0.011237 0.988623 
0.000017 0.000019 0.143044 0.168482 0.688437 
0.062718 0.000022 0.000106 0.038091 0.899064 
0.000017 0.026414 0.013966 0.830108 0.129496 
0.000009 0.581048 0.000075 0.098639 0.320229 
0.000036 0.630290 0.036385 0.147912 0.185377 
0.029510 0.000020 0.073150 0.715714 0.181606 
0.000019 0.041166 0.822820 0.019558 0.116437 
0.000020 0.556989 0.000111 0.000653 0.442227 
0.015885 0.061806 0.316851 0.055643 0.549815 
0.000025 0.000020 0.028658 0.950215 0.021081 
0.054666 0.000017 0.115055 0.058050 0.772213 
0.044389 0.000019 0.026313 0.276621 0.652659 
0.000004 0.244878 0.000061 0.025943 0.729114 
0.000021 0.078696 0.255887 0.003097 0.662299 
0.000023 0.000021 0.553982 0.358773 0.087202 
0.021035 0.000016 0.000109 0.066117 0.912723 
0.115157 0.000013 0.263206 0.016539 0.605086 
0.014066 0.000013 0.405830 0.104004 0.476087 
0.101255 0.258082 0.000062 0.007829 0.632772 
0.138962 0.038275 0.000086 0.061605 0.761072 
0.000032 0.423589 0.064386 0.425640 0.086353 
0.688525 0.000019 0.064996 0.122026 0.124433 
0.000027 0.268794 0.044759 0.034929 0.651491 
0.024836 0.741174 0.061162 0.001483 0.171345 
0.037766 0.146753 0.000100 0.028138 0.787243 
0.021339 0.000020 0.031802 0.000567 0.946273 
0.035751 0.000020 0.137466 0.041644 0.785119 
0.000026 0.054774 0.129024 0.659349 0.156827 
0.000016 0.153699 0.055526 0.030844 0.759915 
0.396016 0.016302 0.040896 0.020727 0.526059 
0.038731 0.673174 0.031871 0.013645 0.242579 
0.019132 0.000018 0.000079 0.014996 0.965776 
0.000007 0.288589 0.000084 0.074503 0.636817 
0.000018 0.000019 0.468071 0.049766 0.482126 
0.000024 0.000023 0.369005 0.496377 0.134571 
0.000023 0.000017 0.328576 0.017152 0.654231 
0.026097 0.618395 0.019317 0.059056 0.277135 
0.138957 0.000018 0.041602 0.357998 0.461425 
0.000027 0.000015 0.113907 0.151762 0.734289 
0.482769 0.000022 0.073951 0.105867 0.337392 
0.000020 0.000024 0.000047 0.082077 0.917833 
0.094145 0.000018 0.000070 0.000349 0.905418 
0.015018 0.331654 0.000102 0.053569 0.599656 
0.000014 0.000022 0.021925 0.073128 0.904910 
0.338534 0.000015 0.232354 0.036265 0.392832 
0.047771 0.000020 0.102366 0.038031 0.811812 
0.000031 0.100758 0.048191 0.014505 0.836515 
0.062928 0.339856 0.000117 0.272301 0.324798 
0.064485 0.024039 0.000116 0.153963 0.757396 
0.016466 0.029715 0.022150 0.849137 0.082533 
0.000017 0.000013 0.148138 0.099631 0.752201 
0.047974 0.418049 0.000056 0.048544 0.485378 
0.026056 0.057015 0.022894 0.056217 0.837818 
0.022314 0.035526 0.058183 0.696384 0.187594 
0.036077 0.000015 0.000102 0.185268 0.778539 
0.034660 0.000011 0.921161 0.000386 0.043782 
0.000020 0.000025 0.747779 0.015130 0.237047 
0.019926 0.111465 0.000105 0.001713 0.866790 
0.000027 0.000021 0.068586 0.376493 0.554873 
0.000026 0.095708 0.376499 0.013211 0.514557 
0.000024 0.000019 0.073038 0.052073 0.874846 
0.000007 0.000022 0.006565 0.873418 0.119987 
0.234908 0.079373 0.489033 0.012157 0.184529 
0.000026 0.671982 0.106039 0.024853 0.197100 
0.259552 0.098849 0.099588 0.000900 0.541111 
0.000011 0.000018 0.000068 0.061426 0.938477 
0.331136 0.000019 0.348792 0.071020 0.249034 
0.032508 0.452985 0.000097 0.348211 0.166199 
0.204020 0.103817 0.041423 0.459973 0.190767 
0.000023 0.000020 0.202687 0.060751 0.736520 
0.840616 0.000021 0.000087 0.075903 0.083373 
0.005320 0.000021 0.000061 0.954145 0.040453 
0.009949 0.000014 0.000098 0.037797 0.952142 
0.000038 0.046123 0.014855 0.019741 0.919243 
0.000040 0.923406 0.024188 0.049006 0.003360 
0.967758 0.000008 0.019420 0.000229 0.012585 
0.000025 0.056717 0.191091 0.055694 0.696472 
0.592761 0.075007 0.000086 0.000462 0.331685 
0.000011 0.649009 0.000081 0.000921 0.349978 
0.007276 0.100979 0.000053 0.050612 0.841079 
0.000032 0.742512 0.025039 0.053920 0.178497 
0.037540 0.000023 0.000099 0.091893 0.870446 
0.032527 0.000024 0.000114 0.030052 0.937283 
0.032972 0.000016 0.000114 0.022287 0.944611 
0.021473 0.926997 0.000056 0.045206 0.006269 
0.000013 0.046727 0.029073 0.016685 0.907501 
0.055236 0.000016 0.000066 0.059714 0.884967 
0.015488 0.082740 0.051981 0.396146 0.453645 
0.000021 0.293993 0.145874 0.155961 0.404151 
0.044988 0.031949 0.000084 0.098724 0.824255 
0.031106 0.338019 0.000072 0.082800 0.548003 
0.000027 0.000022 0.022048 0.686946 0.290957 
0.162129 0.024289 0.131235 0.291305 0.391043 
0.038344 0.391777 0.418135 0.043864 0.107880 
0.000035 0.000020 0.032398 0.036746 0.930801 
0.022437 0.033366 0.000043 0.082994 0.861159 
0.000023 0.033889 0.461578 0.012387 0.492124 
0.000023 0.000023 0.154906 0.041860 0.803188 
0.000029 0.000017 0.018741 0.141309 0.839904 
0.000026 0.019390 0.429573 0.383248 0.167764 
0.087172 0.049012 0.000078 0.842320 0.021419 
0.000029 0.011011 0.018863 0.914250 0.055847 
0.029506 0.234994 0.662175 0.002890 0.070435 
0.000024 0.000012 0.055786 0.911762 0.032416 
0.000028 0.409703 0.171126 0.054924 0.364219 
0.059187 0.164317 0.000059 0.168327 0.608110 
0.000027 0.183783 0.079522 0.272055 0.464613 
0.000022 0.168287 0.049646 0.001579 0.780465 
0.032515 0.300785 0.000063 0.052979 0.613657 
0.739562 0.000020 0.022952 0.129143 0.108323 
0.067099 0.000020 0.000118 0.041279 0.891484 
0.621632 0.031065 0.000093 0.326742 0.020468 
0.069368 0.024933 0.000093 0.687351 0.218255 
0.000026 0.000023 0.234804 0.032059 0.733088 
0.000023 0.494051 0.067929 0.126736 0.311260 
0.338941 0.000017 0.103279 0.269844 0.287919 
0.049746 0.057497 0.083113 0.010166 0.799478 
0.000025 0.000022 0.146351 0.610899 0.242703 
0.000018 0.334681 0.572503 0.088543 0.004255 
0.024064 0.286713 0.000119 0.000961 0.688142 
0.423041 0.114872 0.041346 0.163734 0.257007 
0.402430 0.000024 0.155721 0.027959 0.413866 
0.714492 0.000013 0.015255 0.039871 0.230370 
0.094023 0.000017 0.037749 0.788293 0.079917 
0.000026 0.000020 0.039438 0.831376 0.129141 
0.000025 0.000021 0.576962 0.329284 0.093709 
0.014009 0.406501 0.000107 0.070869 0.508514 
0.000008 0.279768 0.000034 0.064553 0.655637 
0.000028 0.000019 0.064827 0.631276 0.303850 
0.000019 0.027760 0.117851 0.107040 0.747331 
0.032839 0.000021 0.000112 0.025980 0.941048 
0.022595 0.000017 0.000071 0.835247 0.142069 
0.000012 0.000019 0.029676 0.048046 0.922247 
0.069907 0.735558 0.035836 0.001705 0.156994 
0.000031 0.875266 0.024792 0.013089 0.086822 
0.000014 0.000023 0.000093 0.216593 0.783276 
0.756249 0.000019 0.000090 0.229425 0.014216 
0.024270 0.000028 0.000067 0.005405 0.970230 
0.000021 0.108631 0.049925 0.424299 0.417124 
0.027143 0.000016 0.002649 0.139464 0.830728 
0.000030 0.000019 0.049931 0.022783 0.927237 
0.061134 0.481147 0.155123 0.063143 0.239453 
0.142644 0.000024 0.390301 0.304410 0.162621 
0.059040 0.748292 0.000083 0.000681 0.191904 
0.000019 0.362884 0.069164 0.385202 0.182731 
0.037960 0.000020 0.000080 0.068329 0.893610 
0.015147 0.000023 0.074141 0.100477 0.810213 
0.009179 0.011400 0.829991 0.105053 0.044378 
0.239704 0.739946 0.000097 0.012569 0.007684 
0.088189 0.000017 0.124489 0.424667 0.362638 
0.000015 0.313480 0.000111 0.051731 0.634663 
0.035139 0.490581 0.360590 0.045968 0.067723 
0.000029 0.013547 0.068930 0.902383 0.015110 
0.018430 0.000021 0.084405 0.187810 0.709334 
0.138146 0.670139 0.000109 0.022834 0.168772 
0.000027 0.000017 0.030644 0.000623 0.968688 
0.031508 0.026793 0.074793 0.337301 0.529605 
0.010223 0.344498 0.000084 0.060326 0.584869 
0.026239 0.046098 0.170399 0.388691 0.368574 
0.000016 0.616873 0.000086 0.028487 0.354537 
0.000025 0.000022 0.224189 0.720422 0.055342 
0.000016 0.000011 0.940223 0.000237 0.059513 
0.000009 0.686252 0.000087 0.012916 0.300735 
0.027402 0.227900 0.062714 0.622618 0.059366 
0.765325 0.000017 0.000100 0.024949 0.209609 
0.000025 0.015697 0.083383 0.501254 0.399642 
0.000020 0.163526 0.045185 0.001315 0.789955 
0.700265 0.000023 0.034218 0.016953 0.248541 
0.685974 0.000018 0.092915 0.000357 0.220736 
0.000022 0.000014 0.236288 0.039270 0.724406 
0.020614 0.000012 0.561321 0.393212 0.024841 
0.242677 0.195205 0.085445 0.051540 0.425134 
0.018158 0.306934 0.000063 0.075844 0.599001 
0.099623 0.366623 0.000077 0.136857 0.396819 
0.000026 0.000012 0.593116 0.044059 0.362788 
0.807908 0.098529 0.000084 0.032478 0.061001 
0.000010 0.412934 0.112201 0.018619 0.456237 
0.016595 0.037272 0.126547 0.607365 0.212221 
0.000032 0.000027 0.695958 0.233927 0.070056 
0.000012 0.000020 0.000080 0.563231 0.436657 
0.236948 0.000014 0.000085 0.024912 0.738040 
0.138021 0.000020 0.000109 0.365722 0.496129 
0.013862 0.000022 0.022764 0.341222 0.622130 
0.000019 0.237883 0.252007 0.428465 0.081625 
0.505561 0.021222 0.000102 0.364282 0.108832 
0.000021 0.000028 0.728042 0.243822 0.028086 
0.139612 0.572689 0.035162 0.000410 0.252127 
0.174106 0.162118 0.175879 0.022279 0.465619 
0.000018 0.000011 0.985848 0.000175 0.013949 
0.029446 0.051142 0.042280 0.450077 0.427054 
0.000020 0.000027 0.000102 0.021591 0.978260 
0.032597 0.039391 0.000087 0.184306 0.743618 
0.095455 0.000019 0.229929 0.124862 0.549734 
0.000020 0.314290 0.029395 0.176654 0.479641 
0.269304 0.000017 0.128556 0.113923 0.488200 
0.066993 0.000019 0.034453 0.853645 0.044890 
0.000015 0.000032 0.948640 0.000234 0.051080 
0.103728 0.000020 0.000084 0.078795 0.817374 
0.013979 0.422271 0.000077 0.064861 0.498813 
0.263430 0.000022 0.077819 0.490192 0.168538 
0.000010 0.127315 0.000070 0.049057 0.823548 
0.243755 0.000013 0.022709 0.000447 0.733076 
0.348853 0.000018 0.076630 0.058953 0.515547 
0.089989 0.603180 0.021588 0.007681 0.277562 
0.013976 0.469819 0.025329 0.203770 0.287107 
0.012073 0.123929 0.000049 0.312498 0.551452 
0.078076 0.043052 0.314375 0.001045 0.563452 
0.000025 0.084652 0.000123 0.235789 0.679411 
0.000010 0.831711 0.000123 0.000997 0.167160 
0.000031 0.077598 0.089815 0.478014 0.354543 
0.027841 0.000016 0.041580 0.110170 0.820394 
0.037961 0.176669 0.098762 0.000810 0.685797 
0.025998 0.000022 0.073603 0.068669 0.831708 
0.000021 0.181834 0.098241 0.247154 0.472750 
0.020962 0.000023 0.068526 0.356905 0.553583 
0.000014 0.000021 0.072488 0.495726 0.431751 
0.015250 0.032433 0.000056 0.045627 0.906634 
0.041525 0.025817 0.049474 0.664664 0.218520 
0.027784 0.000016 0.000046 0.066820 0.905333 
0.021591 0.024305 0.054934 0.503679 0.395491 
0.768811 0.000019 0.000111 0.025510 0.205549 
0.442534 0.000017 0.000082 0.043001 0.514366 
0.017567 0.216550 0.000085 0.065629 0.700169 
0.000028 0.337557 0.262953 0.221633 0.177829 
0.062467 0.000020 0.274463 0.088955 0.574095 
0.065781 0.000018 0.561079 0.244543 0.128580 
0.000027 0.000011 0.055922 0.000441 0.943599 
0.119445 0.239185 0.006821 0.026084 0.608466 
0.000030 0.000020 0.032301 0.192498 0.775151 
0.000018 0.000021 0.076883 0.612901 0.310176 
0.000014 0.320727 0.000103 0.000857 0.678300 
0.000023 0.000015 0.625588 0.044924 0.329450 
0.099779 0.000018 0.057861 0.323563 0.518779 
0.000016 0.024869 0.576883 0.216493 0.181739 
0.000027 0.000019 0.362706 0.115177 0.522072 
0.000040 0.000015 0.017017 0.947527 0.035401 
0.781005 0.000008 0.109390 0.004650 0.104948 
0.056875 0.420095 0.042463 0.001220 0.479347 
0.000013 0.536635 0.000062 0.026504 0.436786 
0.944185 0.000022 0.011475 0.022073 0.022245 
0.010731 0.726694 0.042871 0.096798 0.122905 
0.033362 0.313742 0.065497 0.031439 0.555961 
0.029054 0.000013 0.015156 0.170748 0.785029 
0.000022 0.000022 0.361164 0.598935 0.039859 
0.000016 0.000015 0.033459 0.041447 0.925064 
0.100551 0.052407 0.189230 0.086759 0.571053 
0.000021 0.021650 0.520328 0.248006 0.209994 
0.000039 0.000013 0.013756 0.100137 0.886055 
0.000025 0.019446 0.045593 0.786571 0.148365 
0.000023 0.030373 0.059502 0.142745 0.767358 
0.000034 0.254503 0.035861 0.232669 0.476933 
0.095887 0.044775 0.094148 0.226992 0.538198 
0.054883 0.603162 0.121122 0.053810 0.167022 
0.000007 0.000021 0.000072 0.136111 0.863789 
0.000003 0.000020 0.000040 0.587427 0.412510 
0.000023 0.000020 0.033319 0.038873 0.927765 
0.223375 0.280489 0.000091 0.147876 0.348168 
0.254795 0.071506 0.229385 0.152153 0.292162 
0.000025 0.000019 0.443279 0.001006 0.555671 
0.000037 0.000015 0.016321 0.037533 0.946094 
0.000020 0.000023 0.184031 0.153502 0.662424 
0.727805 0.048000 0.000080 0.014995 0.209119 
0.000024 0.066661 0.000058 0.012102 0.921155 
0.808636 0.030362 0.000088 0.070520 0.090395 
0.000021 0.063804 0.670651 0.002480 0.263043 
0.007561 0.069508 0.000061 0.030560 0.892309 
0.000016 0.000012 0.009013 0.567677 0.423282 
0.012249 0.263746 0.711766 0.001138 0.011101 
0.010647 0.000016 0.000076 0.034764 0.954498 
0.010875 0.000025 0.000085 0.044092 0.944923 
0.046571 0.071195 0.246458 0.253932 0.381844 
0.101256 0.254078 0.000093 0.100930 0.543643 
0.232213 0.039971 0.048037 0.131594 0.548186 
0.000032 0.416689 0.020869 0.153759 0.408652 
0.072107 0.356123 0.035972 0.135824 0.399973 
0.000034 0.086387 0.028340 0.070295 0.814945 
0.000028 0.343565 0.023861 0.022882 0.609663 
0.021248 0.000011 0.000113 0.082923 0.895705 
0.033730 0.000015 0.000051 0.023626 0.942578 
0.160233 0.297086 0.056361 0.013135 0.473185 
0.434635 0.000010 0.000100 0.001410 0.563845 
0.568511 0.143709 0.000088 0.177007 0.110685 
0.000026 0.350052 0.043062 0.218172 0.388687 
0.000026 0.000022 0.061786 0.173872 0.764294 
0.000028 0.244336 0.026660 0.041834 0.687141 
0.019295 0.071361 0.000252 0.128808 0.780284 
0.000007 0.382301 0.000088 0.061822 0.555782 
0.000020 0.041328 0.120782 0.739760 0.098110 
0.184353 0.000019 0.028221 0.173386 0.614021 
0.000013 0.000017 0.000067 0.000452 0.999451 
0.142606 0.216918 0.000092 0.325486 0.314898 
0.000026 0.000023 0.018604 0.192620 0.788727 
0.024426 0.131550 0.179110 0.148134 0.516779 
0.025356 0.000018 0.026478 0.022561 0.925587 
0.000043 0.336706 0.015061 0.001339 0.646852 
0.000029 0.000022 0.053319 0.050729 0.895901 
0.029316 0.322013 0.395393 0.000536 0.252743 
0.000024 0.378948 0.122526 0.000620 0.497882 
0.021390 0.000017 0.000100 0.676064 0.302429 
0.231415 0.000016 0.644300 0.000348 0.123921 
0.359968 0.214216 0.000102 0.086768 0.338946 
0.034810 0.703605 0.000089 0.116193 0.145303 
0.676066 0.000019 0.235380 0.013600 0.074935 
0.013452 0.060384 0.072553 0.587143 0.266468 
0.023453 0.146323 0.000098 0.404412 0.425714 
0.019092 0.040725 0.133693 0.662582 0.143907 
0.000007 0.102140 0.000036 0.040972 0.856846 
0.068744 0.064320 0.000069 0.053416 0.813451 
0.896055 0.000017 0.045127 0.003263 0.055538 
0.941611 0.000016 0.023241 0.032843 0.002288 
0.042714 0.120810 0.014843 0.309596 0.512037 
0.866391 0.021250 0.084838 0.000280 0.027242 
0.073438 0.027698 0.000086 0.001137 0.897641 
0.000015 0.797035 0.000072 0.000764 0.202115 
0.013967 0.000026 0.790442 0.112849 0.082716 
0.905386 0.000009 0.032309 0.014881 0.047415 
0.106956 0.000023 0.056490 0.498748 0.337783 
0.022419 0.000015 0.000054 0.053790 0.923722 
0.024612 0.000024 0.000124 0.851890 0.123350 
0.000018 0.000020 0.177889 0.034710 0.787362 
0.114800 0.000015 0.125316 0.210153 0.549715 
0.016390 0.048479 0.582480 0.000337 0.352314 
0.000030 0.000013 0.551088 0.371528 0.077341 
0.000024 0.039904 0.184743 0.232684 0.542645 
0.000020 0.189212 0.593480 0.019030 0.198258 
0.021694 0.000023 0.052887 0.686503 0.238892 
0.021380 0.191391 0.010983 0.349866 0.426380 
0.152741 0.178650 0.558303 0.001198 0.109107 
0.046475 0.000022 0.000116 0.144583 0.808804 
0.009917 0.190551 0.180992 0.572923 0.045617 
0.081523 0.070379 0.000102 0.474703 0.373293 
0.000020 0.014949 0.094922 0.452552 0.437558 
0.013226 0.037833 0.000095 0.133377 0.815468 
0.000020 0.073576 0.257555 0.084389 0.584460 
0.061261 0.000022 0.044572 0.001262 0.892883 
0.046380 0.876378 0.000098 0.001588 0.075556 
0.488315 0.000015 0.330990 0.039881 0.140800 
0.433643 0.029747 0.000101 0.346447 0.190062 
0.701748 0.000012 0.054706 0.077176 0.166359 
0.038025 0.000015 0.020296 0.009380 0.932284 
0.095118 0.901101 0.000102 0.000709 0.002970 
0.862899 0.068655 0.000078 0.000955 0.067413 
0.022494 0.223870 0.058184 0.386723 0.308729 
0.922635 0.000020 0.034058 0.027669 0.015617 
0.088306 0.000021 0.025790 0.000837 0.885046 
0.015657 0.164821 0.028832 0.765090 0.025601 
0.049452 0.000026 0.094262 0.808386 0.047874 
0.047579 0.000018 0.000090 0.107960 0.844353 
0.000018 0.000027 0.666807 0.232323 0.100825 
0.052835 0.000016 0.000078 0.019067 0.928003 
0.000022 0.000018 0.031112 0.018550 0.950298 
0.058443 0.200325 0.388638 0.006707 0.345888 
0.052959 0.335745 0.022037 0.052215 0.537044 
0.000018 0.198855 0.730146 0.022361 0.048620 
0.657904 0.000020 0.079651 0.251852 0.010573 
0.342335 0.000022 0.042787 0.103781 0.511074 
0.015442 0.106296 0.000083 0.153363 0.724816 
0.000016 0.038569 0.957272 0.000478 0.003665 
0.029055 0.152666 0.039812 0.001319 0.777149 
0.000026 0.000022 0.912175 0.010108 0.077668 
0.711825 0.119869 0.000121 0.048290 0.119896 
0.000010 0.747774 0.046680 0.166687 0.038850 
0.175343 0.055914 0.000097 0.009157 0.759489 
0.000027 0.154192 0.042596 0.604443 0.198743 
0.211969 0.630047 0.010291 0.057041 0.090652 
0.000027 0.030232 0.177699 0.042159 0.749884 
0.000015 0.000022 0.120351 0.171601 0.708011 
0.000008 0.754721 0.000064 0.005044 0.240162 
0.088239 0.000010 0.034105 0.000469 0.877178 
0.444515 0.000015 0.000110 0.277157 0.278203 
0.683693 0.000024 0.000107 0.015143 0.301033 
0.000026 0.130687 0.063170 0.000597 0.805519 
0.000017 0.000018 0.062624 0.000954 0.936387 
0.000006 0.151813 0.000076 0.035048 0.813057 
0.534121 0.000020 0.015370 0.108654 0.341835 
0.000024 0.029351 0.012842 0.030147 0.927636 
0.051616 0.304061 0.028547 0.330278 0.285499 
0.000023 0.328725 0.524824 0.111153 0.035275 
0.000020 0.091334 0.040332 0.178576 0.689737 
0.826780 0.090168 0.000091 0.073803 0.009158 
0.271564 0.234541 0.415796 0.067368 0.010731 
0.007009 0.718676 0.000087 0.030943 0.243284 
0.000025 0.065997 0.730959 0.019333 0.183686 
0.032339 0.000017 0.000082 0.091939 0.875623 
0.038428 0.246828 0.065841 0.296365 0.352539 
0.000011 0.000017 0.000102 0.087230 0.912639 
0.000020 0.796065 0.043982 0.107135 0.052798 
0.000032 0.000022 0.044576 0.140850 0.814520 
0.089554 0.625743 0.038465 0.191571 0.054667 
0.083769 0.000013 0.000092 0.053066 0.863060 
0.037053 0.493665 0.020759 0.001938 0.446586 
0.000027 0.000015 0.173704 0.035688 0.790566 
0.026766 0.627854 0.000104 0.072317 0.272959 
0.000023 0.130746 0.076017 0.368780 0.424434 
0.030766 0.000019 0.000045 0.941272 0.027898 
0.000021 0.038577 0.613310 0.038128 0.309964 
0.136865 0.000022 0.082756 0.001596 0.778761 
0.104989 0.000021 0.000082 0.000799 0.894109 
0.026598 0.000016 0.197016 0.101919 0.674451 
0.070235 0.174966 0.136654 0.319522 0.298622 
0.000028 0.305992 0.046863 0.302397 0.344720 
0.000019 0.000019 0.105518 0.093499 0.800945 
0.000026 0.000020 0.109848 0.622693 0.267412 
0.007238 0.184202 0.000072 0.075340 0.733148 
0.129765 0.000019 0.000103 0.023401 0.846712 
0.012488 0.000014 0.000096 0.000637 0.986764 
0.006834 0.044425 0.000097 0.763604 0.185040 
0.328138 0.104190 0.429809 0.010130 0.127732 
0.000016 0.447013 0.466112 0.017422 0.069436 
0.036055 0.052516 0.035407 0.041861 0.834161 
0.000021 0.162600 0.052297 0.006803 0.778279 
0.039229 0.846048 0.021092 0.074407 0.019224 
0.561873 0.000015 0.035774 0.068254 0.334084 
0.015864 0.000020 0.093997 0.575936 0.314182 
0.125489 0.000020 0.046789 0.404655 0.423047 
0.191038 0.186897 0.244762 0.388953 0.84298 
