-399743.506717
0
0.002278 0.002335 0.000000 0.004637 0.000000 0.001291 0.000000 0.000714 0.019439 0.011812 0.095680 0.012941 0.001008 0.002172 0.000000 0.004524 0.009273 0.004867 0.011557 0.004790 0.000000 0.002062 0.001305 0.008450 0.004429 0.007771 0.003553 0.028719 0.000000 0.000000 0.000000 0.000000 0.008895 0.010016 0.069586 0.007663 0.000000 0.001277 0.000000 0.000000 0.005030 0.003936 0.013040 0.002820 0.000000 0.002705 0.003661 0.012670 0.001968 0.003760 0.000340 0.006115 0.000000 0.001551 0.000000 0.001040 0.034334 0.042246 0.095457 0.032879 0.000000 0.001033 0.000000 0.000482 0.010066 0.008443 0.007640 0.010839 0.000000 0.001257 0.000239 0.003026 0.016397 0.005600 0.001864 0.119937 0.000001 0.000000 0.000000 0.000002 0.000000 0.009128 0.112717 0.012531 0.000661 0.000180 0.000000 0.001525 0.007280 0.005928 0.010618 0.007201 0.002624 0.004621 0.001699 0.029866 
0.000304 0.000117 0.000000 0.000001 0.000000 0.000299 0.000000 0.000000 0.005088 0.011516 0.000455 0.003171 0.000979 0.000257 0.001090 0.001763 0.000621 0.000001 0.000579 0.001138 0.000000 0.000000 0.000550 0.000001 0.000887 0.000002 0.000000 0.000365 0.000000 0.000000 0.000000 0.000000 0.048159 0.054910 0.012471 0.045414 0.000000 0.001162 0.000000 0.000772 0.000660 0.000001 0.000002 0.002318 0.000000 0.000001 0.000588 0.000002 0.000962 0.000001 0.000000 0.000440 0.000000 0.000000 0.000000 0.000312 0.003499 0.010104 0.000001 0.007491 0.000000 0.000000 0.000167 0.000611 0.000001 0.000041 0.000216 0.004312 0.000000 0.000195 0.001565 0.000111 0.007900 0.003567 0.000887 0.007006 0.019700 0.000284 0.000942 0.034514 0.268360 0.190776 0.073343 0.160612 0.000000 0.000854 0.000615 0.000672 0.000509 0.000292 0.000478 0.001582 0.000000 0.000554 0.000437 0.000443 
0.026686 0.021395 0.006038 0.019233 0.013774 0.006791 0.002538 0.011936 0.016807 0.007336 0.006263 0.012297 0.010992 0.007245 0.011278 0.013289 0.019829 0.008679 0.015415 0.018917 0.009149 0.002044 0.005871 0.005434 0.026163 0.026490 0.002709 0.021372 0.009988 0.008371 0.003050 0.012792 0.014234 0.008687 0.004240 0.017861 0.008187 0.011487 0.016599 0.015596 0.009041 0.011445 0.011739 0.015776 0.006017 0.004054 0.008315 0.014478 0.020681 0.018959 0.006530 0.017539 0.006283 0.007322 0.001862 0.009186 0.009202 0.006420 0.001626 0.008194 0.006590 0.005257 0.008767 0.009303 0.008194 0.006710 0.008113 0.009007 0.002067 0.001290 0.007565 0.006371 0.024604 0.023706 0.003973 0.023158 0.005345 0.010392 0.001562 0.010943 0.000000 0.006371 0.000013 0.005009 0.012950 0.007143 0.009179 0.016409 0.010161 0.009633 0.005808 0.014003 0.011962 0.003889 0.007509 0.015311 
0.034209 0.655946 0.309845 
0.784649 0.136443 0.078907 
0.670611 0.211312 0.118077 
0.764459 0.025471 0.210070 
0.540690 0.013933 0.445376 
0.169852 0.042659 0.787489 
0.159370 0.739778 0.100852 
0.171446 0.394711 0.433843 
0.006091 0.120093 0.873817 
0.004579 0.315657 0.679764 
0.298533 0.044790 0.656677 
0.002544 0.027526 0.969930 
0.209010 0.749198 0.041792 
0.051061 0.037714 0.911224 
0.498342 0.049113 0.452546 
0.159593 0.019509 0.820898 
0.741855 0.223023 0.035122 
0.405540 0.465788 0.128672 
0.172020 0.060890 0.767090 
0.289991 0.253664 0.456345 
0.048639 0.037329 0.914032 
0.233320 0.245597 0.521083 
0.469886 0.044125 0.485989 
0.632136 0.285270 0.082594 
0.408777 0.037885 0.553338 
0.219654 0.358802 0.421544 
0.831811 0.020406 0.147783 
0.011617 0.103231 0.885152 
0.102106 0.086073 0.811821 
0.279939 0.014595 0.705466 
0.518842 0.085604 0.395553 
0.113807 0.083609 0.802584 
0.601194 0.065813 0.332993 
0.018253 0.970328 0.011419 
0.816880 0.062114 0.121006 
0.189499 0.244874 0.565627 
0.273472 0.245544 0.480984 
0.147488 0.025146 0.827366 
0.779688 0.040858 0.179455 
0.002250 0.009590 0.988160 
0.248649 0.712166 0.039184 
0.012846 0.594208 0.392946 
0.175264 0.065506 0.759229 
0.844092 0.084866 0.071042 
0.032365 0.275153 0.692482 
0.594364 0.127098 0.278538 
0.541661 0.097816 0.360523 
0.045967 0.729960 0.224073 
0.433382 0.000439 0.566180 
0.005493 0.859630 0.134877 
0.248500 0.182542 0.568958 
0.574853 0.042080 0.383068 
0.036081 0.002302 0.961617 
0.658936 0.242628 0.098436 
0.150284 0.446400 0.403316 
0.397359 0.067372 0.535270 
0.118811 0.253927 0.627262 
0.047390 0.039031 0.913579 
0.818538 0.166711 0.014751 
0.764716 0.042722 0.192562 
0.064998 0.035941 0.899061 
0.541342 0.425511 0.033147 
0.663514 0.150151 0.186335 
0.014559 0.017370 0.968072 
0.634118 0.202416 0.163466 
0.427477 0.264302 0.308221 
0.274452 0.031503 0.694045 
0.339055 0.033373 0.627572 
0.006007 0.703730 0.290263 
0.018920 0.123349 0.857731 
0.155005 0.058398 0.786597 
0.539042 0.053410 0.407548 
0.094976 0.589123 0.315901 
0.005880 0.670379 0.323741 
0.002391 0.468096 0.529513 
0.644262 0.030093 0.325645 
0.033672 0.670898 0.295431 
0.012957 0.023217 0.963826 
0.033235 0.064659 0.902106 
0.592826 0.071065 0.336109 
0.169928 0.704628 0.125444 
0.004113 0.016567 0.979321 
0.249527 0.133602 0.616872 
0.691817 0.049919 0.258264 
0.004366 0.002119 0.993515 
0.210964 0.108914 0.680122 
0.030487 0.071563 0.897950 
0.854475 0.000661 0.144864 
0.660069 0.001189 0.338741 
0.751765 0.026839 0.221396 
0.727927 0.081731 0.190341 
0.091037 0.795371 0.113592 
0.527291 0.041897 0.430811 
0.141826 0.313405 0.544769 
0.952682 0.010474 0.036845 
0.059146 0.159984 0.780871 
0.257108 0.069356 0.673536 
0.054315 0.000507 0.945178 
0.070358 0.228380 0.701262 
0.427397 0.489361 0.083242 
0.053337 0.028370 0.918293 
0.016392 0.373609 0.609999 
0.125967 0.395313 0.478719 
0.063889 0.126732 0.809379 
0.084307 0.157378 0.758314 
0.845514 0.048818 0.105667 
0.110713 0.767204 0.122083 
0.259669 0.051272 0.689059 
0.664909 0.118856 0.216235 
0.132778 0.056589 0.810634 
0.003025 0.054886 0.942088 
0.061422 0.157818 0.780760 
0.764252 0.083176 0.152572 
0.178744 0.036849 0.784407 
0.017715 0.457942 0.524343 
0.634880 0.090159 0.274961 
0.010258 0.023903 0.965839 
0.133913 0.001190 0.864897 
0.077569 0.420691 0.501741 
0.544406 0.303330 0.152265 
0.024289 0.307374 0.668336 
0.602266 0.076352 0.321382 
0.331626 0.193115 0.475259 
0.159989 0.095529 0.744482 
0.112002 0.568683 0.319316 
0.093399 0.000798 0.905803 
0.001654 0.086382 0.911964 
0.114413 0.023993 0.861594 
0.093610 0.008562 0.897829 
0.021107 0.578292 0.400601 
0.048154 0.141203 0.810643 
0.136367 0.039152 0.824481 
0.406425 0.081721 0.511854 
0.187230 0.074780 0.737990 
0.887589 0.024569 0.087842 
0.081797 0.118572 0.799630 
0.174644 0.060442 0.764914 
0.086526 0.052294 0.861181 
0.775043 0.059174 0.165783 
0.160812 0.043423 0.795765 
0.004410 0.940921 0.054669 
0.059822 0.717686 0.222492 
0.013121 0.029629 0.957250 
0.402741 0.045850 0.551408 
0.059574 0.362934 0.577491 
0.048640 0.058387 0.892973 
0.880397 0.000535 0.119069 
0.042179 0.722572 0.235249 
0.683996 0.099580 0.216424 
0.022299 0.384917 0.592784 
0.063024 0.000807 0.936170 
0.074562 0.676652 0.248786 
0.772979 0.043326 0.183694 
0.551678 0.247729 0.200593 
0.088788 0.177071 0.734141 
0.061024 0.870548 0.068428 
0.925606 0.006729 0.067665 
0.034516 0.015834 0.949650 
0.059494 0.011114 0.929391 
0.898312 0.030047 0.071641 
0.000601 0.995601 0.003798 
0.087669 0.168341 0.743989 
0.030854 0.614364 0.354782 
0.592430 0.004507 0.403064 
0.060345 0.009311 0.930344 
0.799135 0.031809 0.169056 
0.101645 0.043278 0.855077 
0.017267 0.043975 0.938759 
0.024402 0.043927 0.931671 
0.952637 0.042494 0.004869 
0.028322 0.020886 0.950792 
0.053176 0.063233 0.883591 
0.460504 0.052742 0.486755 
0.308141 0.119471 0.572388 
0.109656 0.055157 0.835187 
0.167665 0.037730 0.794605 
0.676472 0.010535 0.312993 
0.327992 0.278931 0.393078 
0.407711 0.425015 0.167274 
0.046050 0.023194 0.930756 
0.114509 0.021853 0.863637 
0.044071 0.425070 0.530858 
0.075545 0.128143 0.796312 
0.140940 0.009979 0.849082 
0.444404 0.376376 0.179220 
0.881082 0.088731 0.030187 
0.906740 0.010374 0.082885 
0.239522 0.670635 0.089843 
0.910606 0.019155 0.070239 
0.221749 0.151643 0.626609 
0.264213 0.067958 0.667829 
0.437265 0.062293 0.500442 
0.171781 0.041186 0.787033 
0.094904 0.038073 0.867023 
0.135364 0.777995 0.086641 
0.036427 0.078922 0.884651 
0.342292 0.624100 0.033608 
0.720796 0.070026 0.209179 
0.044069 0.222135 0.733796 
0.615762 0.048825 0.335414 
0.257352 0.448206 0.294442 
0.043729 0.134991 0.821280 
0.651205 0.108697 0.240098 
0.476328 0.517970 0.005702 
0.082789 0.042445 0.874765 
0.264323 0.489361 0.246317 
0.040443 0.556176 0.403381 
0.022774 0.758118 0.219108 
0.759563 0.123411 0.117026 
0.848681 0.016436 0.134883 
0.406427 0.498309 0.095264 
0.263009 0.024597 0.712393 
0.149554 0.000552 0.849894 
0.644645 0.028425 0.326929 
0.139424 0.085195 0.775382 
0.015526 0.039187 0.945286 
0.788719 0.019254 0.192026 
0.055610 0.011965 0.932425 
0.711950 0.120930 0.167119 
0.837933 0.033089 0.128978 
0.227373 0.000829 0.771799 
0.216126 0.758003 0.025871 
0.010028 0.024010 0.965961 
0.532587 0.026002 0.441411 
0.145892 0.040749 0.813360 
0.024577 0.041500 0.933923 
0.513126 0.222126 0.264748 
0.350303 0.492820 0.156877 
0.666174 0.101778 0.232048 
0.760021 0.045715 0.194264 
0.064512 0.039545 0.895943 
0.116250 0.069595 0.814155 
0.141098 0.787408 0.071494 
0.712923 0.280597 0.006480 
0.408722 0.200779 0.390499 
0.134521 0.012104 0.853376 
0.522058 0.373583 0.104358 
0.955592 0.026243 0.018164 
0.213955 0.078840 0.707205 
0.637756 0.183494 0.178750 
0.003832 0.025821 0.970348 
0.381818 0.089388 0.528795 
0.372725 0.020405 0.606870 
0.462326 0.156229 0.381445 
0.631087 0.011710 0.357203 
0.797245 0.156233 0.046522 
0.001947 0.930532 0.067521 
0.477212 0.001427 0.521361 
0.876229 0.068450 0.055320 
0.023796 0.776631 0.199573 
0.557530 0.051093 0.391376 
0.162159 0.034954 0.802887 
0.023365 0.729846 0.246789 
0.003678 0.781341 0.214981 
0.044404 0.210125 0.745471 
0.426533 0.533251 0.040216 
0.170544 0.351196 0.478259 
0.139624 0.022052 0.838324 
0.433976 0.119762 0.446261 
0.050669 0.572650 0.376680 
0.102781 0.832631 0.064588 
0.145128 0.071909 0.782962 
0.669000 0.110349 0.220650 
0.305642 0.639786 0.054572 
0.544955 0.000366 0.454679 
0.009662 0.251954 0.738383 
0.350756 0.149784 0.499459 
0.340910 0.029280 0.629809 
0.702346 0.206689 0.090965 
0.347361 0.535480 0.117159 
0.293904 0.677840 0.028256 
0.494046 0.203309 0.302645 
0.130488 0.355583 0.513929 
0.002378 0.961743 0.035879 
0.474199 0.062268 0.463533 
0.019434 0.001590 0.978976 
0.207709 0.038231 0.754060 
0.154446 0.301743 0.543811 
0.294081 0.015481 0.690438 
0.087543 0.408078 0.504379 
0.837343 0.088271 0.074386 
0.003577 0.902235 0.094188 
0.085203 0.110456 0.804341 
0.186152 0.020946 0.792902 
0.501874 0.331149 0.166977 
0.136764 0.001104 0.862132 
0.001898 0.285534 0.712568 
0.062293 0.437139 0.500568 
0.377314 0.139259 0.483427 
0.570357 0.038590 0.391052 
0.333340 0.013602 0.653059 
0.022233 0.380035 0.597732 
0.287794 0.005167 0.707039 
0.716205 0.005643 0.278152 
0.569126 0.062734 0.368139 
0.103141 0.066085 0.830775 
0.162939 0.136920 0.700141 
0.079863 0.093528 0.826610 
0.355592 0.067598 0.576810 
0.375782 0.072221 0.551998 
0.501614 0.035349 0.463037 
0.076074 0.017739 0.906187 
0.713910 0.068462 0.217628 
0.061381 0.029186 0.909432 
0.537302 0.055452 0.407246 
0.026115 0.773214 0.200670 
0.025560 0.447828 0.526612 
0.244088 0.031596 0.724317 
0.578900 0.237544 0.183556 
0.113954 0.303116 0.582930 
0.273745 0.576487 0.149768 
0.001568 0.049822 0.948610 
0.050782 0.143415 0.805803 
0.210449 0.024778 0.764772 
0.642470 0.037298 0.320232 
0.297243 0.004023 0.698734 
0.060226 0.589451 0.350322 
0.324230 0.149898 0.525872 
0.284433 0.513587 0.201980 
0.141550 0.313039 0.545411 
0.942279 0.008224 0.049497 
0.002690 0.895468 0.101842 
0.430174 0.108965 0.460861 
0.308657 0.005390 0.685953 
0.019315 0.966723 0.013962 
0.787473 0.051324 0.161203 
0.272498 0.103528 0.623974 
0.143669 0.050171 0.806159 
0.659466 0.297044 0.043490 
0.031620 0.021511 0.946869 
0.133388 0.280955 0.585657 
0.313542 0.461749 0.224708 
0.088257 0.009275 0.902468 
0.829693 0.022201 0.148106 
0.174243 0.042321 0.783436 
0.330739 0.025955 0.643306 
0.263746 0.184831 0.551423 
0.660867 0.160189 0.178943 
0.125520 0.000507 0.873973 
0.563822 0.000278 0.435900 
0.048264 0.018770 0.932966 
0.392503 0.248471 0.359025 
0.215576 0.475197 0.309227 
0.044829 0.403863 0.551308 
0.029005 0.011848 0.959146 
0.172163 0.149418 0.678419 
0.028159 0.756287 0.215554 
0.062794 0.004890 0.932317 
0.080600 0.814022 0.105378 
0.067611 0.643839 0.288551 
0.046757 0.009998 0.943244 
0.536230 0.001049 0.462721 
0.307293 0.681037 0.011670 
0.024081 0.014212 0.961707 
0.037246 0.014155 0.948599 
0.340096 0.257167 0.402737 
0.192191 0.124914 0.682895 
0.151046 0.294300 0.554654 
0.363806 0.017805 0.618389 
0.490430 0.119951 0.389619 
0.125628 0.027323 0.847049 
0.123491 0.021437 0.855072 
0.054609 0.031626 0.913765 
0.016354 0.034906 0.948740 
0.066296 0.237921 0.695783 
0.002742 0.452507 0.544751 
0.293813 0.592745 0.113443 
0.563945 0.036925 0.399130 
0.180067 0.043344 0.776589 
0.097201 0.027201 0.875598 
0.156016 0.030063 0.813921 
0.150989 0.001045 0.847965 
0.781771 0.077186 0.141043 
0.165693 0.223982 0.610325 
0.003573 0.001072 0.995355 
0.520735 0.156766 0.322498 
0.210141 0.011765 0.778095 
0.301113 0.184232 0.514655 
0.025555 0.053037 0.921408 
0.057791 0.016407 0.925802 
0.068110 0.042079 0.889811 
0.057989 0.424001 0.518009 
0.072945 0.114439 0.812617 
0.671362 0.014453 0.314185 
0.003278 0.867156 0.129566 
0.129699 0.400568 0.469733 
0.798173 0.054680 0.147147 
0.018156 0.914227 0.067617 
0.674735 0.059148 0.266117 
0.504994 0.030411 0.464594 
0.748572 0.105146 0.146282 
0.072786 0.000493 0.926721 
0.087322 0.072508 0.840171 
0.008549 0.946481 0.044969 
0.028361 0.968902 0.002737 
0.422114 0.057935 0.519951 
0.005826 0.976248 0.017926 
0.015258 0.085301 0.899441 
0.660688 0.022209 0.317102 
0.159343 0.770681 0.069976 
0.010600 0.954075 0.035325 
0.493785 0.160577 0.345639 
0.040864 0.023045 0.936091 
0.873317 0.002692 0.123991 
0.056640 0.151295 0.792064 
0.220434 0.233663 0.545903 
0.023340 0.592665 0.383995 
0.431817 0.491154 0.077029 
0.313411 0.139613 0.546976 
0.126109 0.544385 0.329506 
0.714814 0.053096 0.232090 
0.522750 0.034287 0.442963 
0.100115 0.702470 0.197415 
0.133468 0.059821 0.806711 
0.820139 0.137032 0.042828 
0.538503 0.097031 0.364466 
0.504627 0.059722 0.435651 
0.142821 0.017000 0.840179 
0.156818 0.222639 0.620542 
0.005723 0.109585 0.884692 
0.865724 0.080657 0.053619 
0.038698 0.821086 0.140217 
0.352630 0.453542 0.193828 
0.063543 0.784589 0.151868 
0.004703 0.063734 0.931564 
0.857896 0.134631 0.007472 
0.037848 0.887407 0.074745 
0.606620 0.071513 0.321867 
0.041046 0.940732 0.018222 
0.007342 0.117678 0.874980 
0.928067 0.032289 0.039644 
0.837095 0.116658 0.046247 
0.108964 0.052057 0.838979 
0.312036 0.588540 0.099424 
0.013634 0.058025 0.928341 
0.022752 0.021189 0.956059 
0.111956 0.418603 0.469441 
0.201337 0.084761 0.713902 
0.221903 0.728810 0.049287 
0.240436 0.743758 0.015806 
0.097507 0.406563 0.495929 
0.202580 0.020217 0.777202 
0.087008 0.905703 0.007289 
0.108577 0.080259 0.811164 
0.025001 0.910118 0.064881 
0.138000 0.734858 0.127142 
0.939041 0.013199 0.047760 
0.023667 0.194332 0.782001 
0.763291 0.023910 0.212799 
0.639906 0.256541 0.103554 
0.089750 0.160872 0.749378 
0.219728 0.077753 0.702519 
0.588438 0.000997 0.410565 
0.001376 0.131882 0.866742 
0.247535 0.478152 0.274313 
0.025411 0.707104 0.267486 
0.066771 0.072746 0.860483 
0.021151 0.043145 0.935704 
0.054099 0.000764 0.945136 
0.099218 0.564236 0.336546 
0.062886 0.016633 0.920481 
0.609433 0.082523 0.308044 
0.438535 0.496173 0.065292 
0.205995 0.023495 0.770510 
0.117436 0.844594 0.037970 
0.293573 0.666970 0.039457 
0.674663 0.011732 0.313605 
0.037554 0.706580 0.255866 
0.076278 0.038074 0.885648 
0.409690 0.101314 0.488996 
0.081660 0.001267 0.917073 
0.898523 0.039790 0.061686 
0.154151 0.031903 0.813946 
0.794012 0.146949 0.059039 
0.030659 0.098966 0.870375 
0.445861 0.081543 0.472596 
0.056730 0.155559 0.787711 
0.642300 0.056939 0.300761 
0.503840 0.049465 0.446696 
0.926951 0.027670 0.045379 
0.069024 0.586629 0.344347 
0.009398 0.223971 0.766631 
0.002968 0.111576 0.885457 
0.110740 0.194797 0.694463 
0.507555 0.186633 0.305812 
0.593306 0.040750 0.365944 
0.109677 0.070491 0.819832 
0.658471 0.066661 0.274868 
0.142016 0.011044 0.846941 
0.018035 0.138903 0.843063 
0.003635 0.018417 0.977948 
0.806431 0.009663 0.183907 
0.100768 0.763096 0.136137 
0.478137 0.428853 0.093010 
0.071634 0.075125 0.853241 
0.183714 0.043839 0.772447 
0.889583 0.076573 0.033844 
0.055977 0.616218 0.327806 
0.610192 0.072759 0.317049 
0.401360 0.173268 0.425372 
0.613549 0.49547 0.971057 
