-392015.869105
0
0.000000 0.000000 0.000000 0.009958 0.000000 0.000000 0.000000 0.000000 0.000000 0.000003 0.000000 0.006195 0.000000 0.000000 0.000000 0.000000 0.001350 0.001892 0.000000 0.000000 0.000000 0.000000 0.001579 0.015871 0.000000 0.000000 0.000000 0.016872 0.000000 0.000000 0.000000 0.000000 0.000000 0.000000 0.000000 0.000002 0.000000 0.000000 0.000000 0.000000 0.000000 0.002058 0.000000 0.000000 0.000000 0.000000 0.004837 0.018189 0.000000 0.000000 0.000000 0.006408 0.000000 0.000000 0.000000 0.001423 0.000000 0.008802 0.015731 0.015314 0.000000 0.000000 0.000000 0.000000 0.003305 0.011550 0.004670 0.013136 0.000000 0.001925 0.000000 0.002171 0.048095 0.010180 0.003464 0.369013 0.000000 0.000000 0.000000 0.000000 0.000000 0.010404 0.246203 0.042829 0.000000 0.000000 0.000000 0.000000 0.003297 0.008391 0.005789 0.011272 0.000000 0.009915 0.000000 0.067906 
0.000000 0.000000 0.000000 0.000000 0.000000 0.002214 0.000000 0.000000 0.043545 0.016348 0.000000 0.016752 0.000000 0.005805 0.000000 0.000000 0.000000 0.006826 0.039613 0.000000 0.000000 0.000000 0.000000 0.000000 0.011230 0.029876 0.013466 0.078307 0.000000 0.000000 0.000000 0.000000 0.000000 0.010682 0.059676 0.005418 0.000000 0.004519 0.000000 0.000000 0.012579 0.003224 0.047212 0.003359 0.000000 0.007045 0.007202 0.000000 0.000000 0.008458 0.000000 0.011664 0.000000 0.006273 0.000000 0.001155 0.138005 0.121639 0.084340 0.084693 0.000000 0.003541 0.000000 0.000929 0.022901 0.009753 0.019198 0.000000 0.000000 0.002074 0.000000 0.003295 0.000000 0.000001 0.002047 0.000000 0.000000 0.000000 0.000000 0.000000 0.000000 0.000000 0.000000 0.000000 0.000000 0.000000 0.000000 0.000000 0.009523 0.006394 0.020661 0.003006 0.000000 0.002960 0.000000 0.012592 
0.000000 0.000000 0.000000 0.000000 0.000000 0.000697 0.000000 0.000000 0.009013 0.001959 0.000000 0.002017 0.000000 0.000000 0.000000 0.000000 0.000000 0.000000 0.000000 0.000965 0.000000 0.000000 0.000000 0.000000 0.000000 0.000000 0.000000 0.000000 0.000000 0.000000 0.000000 0.000000 0.008326 0.000000 0.004901 0.006452 0.000000 0.000000 0.000000 0.000000 0.000000 0.000000 0.000000 0.000000 0.000000 0.000000 0.000000 0.000000 0.001938 0.000000 0.000000 0.000000 0.000000 0.000000 0.000000 0.000668 0.007353 0.000000 0.000000 0.000001 0.000000 0.000000 0.000000 0.000000 0.000000 0.000000 0.000000 0.000000 0.000000 0.000000 0.000480 0.000000 0.015515 0.004573 0.001365 0.000000 0.042320 0.000000 0.001462 0.074859 0.462466 0.066549 0.035308 0.250804 0.000000 0.000000 0.000000 0.000000 0.000001 0.000000 0.000000 0.000001 0.000000 0.000000 0.000000 0.000000 
0.000000 0.168042 0.000000 0.000000 0.000000 0.000001 0.000000 0.000000 0.000014 0.000101 0.000000 0.000038 0.032427 0.000000 0.000000 0.000000 0.000001 0.000003 0.000001 0.000005 0.000000 0.000000 0.000000 0.000000 0.000000 0.000000 0.000000 0.000000 0.000000 0.000000 0.000000 0.000000 0.000014 0.000001 0.000001 0.000044 0.000000 0.052927 0.000000 0.000000 0.000000 0.000004 0.000000 0.000003 0.106371 0.000002 0.000000 0.000000 0.000001 0.000001 0.000000 0.000001 0.000000 0.000000 0.000000 0.000002 0.000000 0.000000 0.000000 0.000052 0.000000 0.000000 0.000000 0.075578 0.000017 0.000004 0.000030 0.000007 0.000000 0.000000 0.024866 0.188164 0.000009 0.000036 0.000002 0.000000 0.155662 0.062210 0.000000 0.000000 0.000000 0.000000 0.000000 0.000000 0.000000 0.070309 0.000000 0.000000 0.000020 0.000001 0.062994 0.000031 0.000000 0.000000 0.000000 0.000001 
0.006137 0.005208 0.000000 0.000000 0.000000 0.000000 0.000000 0.000000 0.021003 0.018985 0.292881 0.014721 0.000000 0.000000 0.000000 0.007962 0.021654 0.004283 0.000000 0.010295 0.000000 0.003826 0.000000 0.006856 0.000000 0.000000 0.000000 0.000000 0.000000 0.000000 0.000000 0.000000 0.019997 0.010403 0.155900 0.005462 0.000000 0.000000 0.000000 0.000000 0.000000 0.004466 0.000000 0.000000 0.000000 0.000000 0.000000 0.014170 0.005560 0.003725 0.000000 0.000000 0.000000 0.000000 0.000000 0.000000 0.001676 0.011879 0.189822 0.007850 0.000000 0.000000 0.000000 0.000000 0.007308 0.002851 0.000001 0.014744 0.000000 0.000000 0.000000 0.000000 0.000000 0.011232 0.001454 0.000000 0.000000 0.000000 0.000000 0.000000 0.000000 0.000000 0.099437 0.000000 0.000000 0.000000 0.000000 0.000000 0.007231 0.000000 0.005846 0.002264 0.000000 0.000000 0.002910 0.000000 
0.043248 0.040763 0.000000 0.042819 0.000000 0.005437 0.000000 0.000000 0.024495 0.002600 0.013422 0.019676 0.024510 0.018410 0.019139 0.027481 0.019221 0.007089 0.011860 0.017012 0.005094 0.000000 0.005937 0.000000 0.046516 0.027805 0.000000 0.028970 0.000000 0.002017 0.000000 0.000000 0.000000 0.000000 0.000000 0.030084 0.016073 0.025954 0.019182 0.031480 0.000000 0.011387 0.000000 0.008995 0.000000 0.001516 0.000000 0.000000 0.031757 0.024192 0.000000 0.032208 0.000000 0.000000 0.000000 0.000000 0.000000 0.000000 0.000000 0.003605 0.013580 0.008350 0.014798 0.021266 0.010749 0.005636 0.005383 0.004516 0.000000 0.000000 0.002221 0.003333 0.041254 0.012365 0.004366 0.047771 0.000000 0.000000 0.000000 0.000000 0.000000 0.000000 0.000000 0.013088 0.024646 0.014757 0.006681 0.031863 0.004565 0.006547 0.000000 0.007393 0.000000 0.000000 0.004917 0.000000 
0.000000 0.000000 0.000000 0.000000 0.000000 0.000000 0.000000 0.000000 0.000000 0.021094 0.000000 0.003739 0.000923 0.000000 0.002216 0.004649 0.000000 0.000000 0.000000 0.000854 0.000000 0.000000 0.001272 0.000000 0.000000 0.000000 0.000000 0.000000 0.000000 0.000000 0.000000 0.000000 0.085323 0.109192 0.019900 0.080029 0.000000 0.000983 0.000000 0.000983 0.002059 0.000000 0.000000 0.005762 0.000000 0.000785 0.000000 0.000000 0.000000 0.000000 0.000000 0.000000 0.000000 0.000000 0.000000 0.000000 0.000000 0.021421 0.000000 0.015121 0.000000 0.000000 0.000000 0.000000 0.000000 0.000000 0.001696 0.009609 0.000000 0.000000 0.001562 0.000000 0.000000 0.000941 0.000000 0.000000 0.000000 0.000000 0.000000 0.000000 0.118734 0.288794 0.102387 0.086145 0.000000 0.000710 0.001262 0.001744 0.001829 0.000000 0.002117 0.003539 0.000000 0.000983 0.000471 0.001168 
0.000000 0.000000 0.000000 0.000000 0.000000 0.001345 0.000000 0.000000 0.000000 0.002784 0.000000 0.000001 0.011841 0.000000 0.006605 0.019021 0.029357 0.011760 0.018861 0.029022 0.048328 0.010198 0.004627 0.024114 0.000000 0.000000 0.000000 0.000000 0.000000 0.000000 0.000000 0.000000 0.004205 0.000000 0.000000 0.000002 0.005571 0.000000 0.000000 0.000000 0.024047 0.013270 0.022686 0.043175 0.037420 0.009456 0.016403 0.081818 0.003776 0.005333 0.000000 0.003060 0.000000 0.003258 0.000000 0.002548 0.000000 0.000000 0.000000 0.006179 0.000000 0.000000 0.000000 0.000000 0.004736 0.015091 0.013863 0.018860 0.007045 0.000000 0.004141 0.022400 0.023144 0.000001 0.000000 0.035778 0.000000 0.000000 0.000000 0.000000 0.000000 0.000000 0.000000 0.000000 0.023283 0.000000 0.020556 0.011297 0.019648 0.020886 0.012420 0.047128 0.092123 0.008476 0.012872 0.086179 
0.042619 0.030490 0.040318 0.019781 0.012246 0.001824 0.003526 0.000000 0.008173 0.005126 0.000000 0.000001 0.000000 0.000000 0.005889 0.000000 0.000000 0.000000 0.004341 0.000000 0.000000 0.000000 0.000000 0.000000 0.053875 0.090362 0.012990 0.048054 0.011454 0.008128 0.007198 0.008382 0.023124 0.015036 0.006543 0.006562 0.003165 0.005397 0.044724 0.006475 0.006510 0.000000 0.012266 0.000183 0.000000 0.000638 0.003626 0.000000 0.049937 0.054263 0.044964 0.028803 0.007369 0.013177 0.012437 0.006345 0.000000 0.000000 0.000000 0.000002 0.007489 0.003143 0.010186 0.000000 0.001355 0.000000 0.002615 0.000000 0.000000 0.000000 0.000000 0.000000 0.041321 0.082008 0.014154 0.045861 0.002236 0.011716 0.002445 0.000000 0.000000 0.000000 0.000000 0.000000 0.000000 0.001744 0.007400 0.000000 0.000001 0.000000 0.000001 0.000001 0.000000 0.000000 0.000000 0.000000 
0.011555 0.000000 0.000000 0.000000 0.043594 0.016177 0.007338 0.045133 0.016158 0.013208 0.000000 0.016206 0.000000 0.000000 0.005732 0.000000 0.033033 0.015873 0.021512 0.031776 0.000000 0.003713 0.011593 0.009906 0.000000 0.000000 0.000000 0.000000 0.030203 0.023153 0.007198 0.042120 0.025491 0.004593 0.000000 0.011777 0.001540 0.000000 0.007945 0.007350 0.016598 0.019391 0.015488 0.022381 0.000000 0.006714 0.019709 0.014355 0.000000 0.000000 0.000000 0.000000 0.018911 0.016255 0.000000 0.029184 0.000000 0.000000 0.000000 0.007317 0.000000 0.004681 0.004955 0.002669 0.007383 0.009287 0.009972 0.017375 0.003770 0.004881 0.022809 0.005750 0.000626 0.022633 0.000000 0.000000 0.018972 0.030888 0.004914 0.045541 0.000000 0.000000 0.000000 0.000000 0.000000 0.003214 0.008303 0.009597 0.019765 0.017220 0.010904 0.018137 0.000000 0.010758 0.015094 0.019726 
0.000017 0.036568 0.000035 0.000000 0.004216 0.162905 0.690216 0.000054 0.050333 0.055656 
0.509078 0.020448 0.000050 0.000000 0.188035 0.082757 0.143793 0.000077 0.000032 0.055732 
0.547398 0.075736 0.033047 0.000000 0.032295 0.047764 0.178703 0.000073 0.000038 0.084948 
0.000040 0.382584 0.000036 0.000000 0.332609 0.027228 0.080940 0.054010 0.102946 0.019606 
0.107503 0.234474 0.000030 0.000000 0.200351 0.330372 0.044475 0.000074 0.000034 0.082688 
0.000040 0.202581 0.000028 0.000000 0.008340 0.180938 0.084770 0.096032 0.245367 0.181904 
0.188146 0.035175 0.641304 0.000000 0.000449 0.004008 0.034622 0.000036 0.093426 0.002835 
0.000033 0.057112 0.276073 0.000000 0.086711 0.191106 0.133807 0.228689 0.000034 0.026436 
0.000019 0.103326 0.053265 0.000000 0.000441 0.229354 0.073561 0.085332 0.170077 0.284625 
0.000034 0.024657 0.000045 0.000000 0.000443 0.245730 0.324579 0.000088 0.000030 0.404394 
0.046962 0.127314 0.025350 0.000000 0.123565 0.376324 0.029037 0.017290 0.162662 0.091496 
0.000028 0.039062 0.015941 0.000000 0.000545 0.322281 0.015797 0.073268 0.049276 0.483803 
0.000017 0.052743 0.000049 0.000000 0.093341 0.019870 0.786024 0.024467 0.000011 0.023478 
0.000032 0.089734 0.000047 0.000000 0.001108 0.348700 0.062267 0.019352 0.249901 0.228858 
0.099052 0.215526 0.000059 0.000000 0.177624 0.041151 0.079968 0.000057 0.327973 0.058590 
0.000032 0.102776 0.000041 0.000000 0.081406 0.271823 0.045293 0.019076 0.014491 0.465061 
0.606991 0.023555 0.000034 0.000000 0.047268 0.056828 0.247455 0.015063 0.000025 0.002781 
0.053203 0.065315 0.387361 0.000000 0.295843 0.095498 0.053572 0.020804 0.000036 0.028368 
0.049906 0.099376 0.000051 0.000000 0.038361 0.263135 0.083274 0.178233 0.034937 0.252727 
0.039039 0.087532 0.118995 0.000000 0.154216 0.288175 0.144703 0.000070 0.000031 0.167238 
0.000019 0.047436 0.025336 0.000000 0.015648 0.235720 0.024275 0.446868 0.072339 0.132360 
0.089730 0.056149 0.159140 0.000000 0.100386 0.347456 0.075490 0.026765 0.000037 0.144846 
0.000024 0.345072 0.000050 0.000000 0.158770 0.388216 0.072013 0.000092 0.019039 0.016723 
0.347386 0.104143 0.000036 0.000000 0.130823 0.096324 0.318979 0.000085 0.000037 0.002186 
0.000031 0.269385 0.000054 0.000000 0.144111 0.158700 0.065330 0.079722 0.135772 0.146895 
0.000028 0.102647 0.000053 0.000000 0.041045 0.127926 0.429153 0.256942 0.000027 0.042180 
0.000036 0.554374 0.021728 0.000000 0.298411 0.077807 0.005665 0.000083 0.000032 0.041864 
0.000021 0.096340 0.052722 0.000000 0.000320 0.201096 0.048768 0.000079 0.050478 0.550178 
0.056365 0.118085 0.014504 0.000000 0.000767 0.220041 0.091851 0.038430 0.107547 0.352410 
0.026157 0.105438 0.000040 0.000000 0.109119 0.214964 0.043602 0.409417 0.000026 0.091236 
0.488201 0.047407 0.000051 0.000000 0.002467 0.187324 0.067444 0.000092 0.000031 0.206982 
0.000033 0.139872 0.017796 0.000000 0.011275 0.272311 0.095099 0.099964 0.067953 0.295697 
0.021807 0.109781 0.045325 0.000000 0.412468 0.231622 0.040114 0.072078 0.015413 0.051393 
0.005823 0.005200 0.384452 0.000000 0.010139 0.013919 0.566023 0.000036 0.000033 0.014377 
0.097869 0.156008 0.000048 0.000000 0.474343 0.099871 0.098807 0.000098 0.000026 0.072930 
0.000021 0.101187 0.000041 0.000000 0.083129 0.372937 0.293831 0.032924 0.075068 0.040862 
0.000018 0.156121 0.222191 0.000000 0.150376 0.120266 0.013361 0.000026 0.202439 0.135201 
0.092073 0.003943 0.006786 0.000000 0.041107 0.590888 0.022757 0.017974 0.000030 0.224443 
0.482498 0.061340 0.020489 0.000000 0.201847 0.141590 0.015728 0.000049 0.039150 0.037307 
0.000021 0.050943 0.006568 0.000000 0.001225 0.342371 0.002017 0.011505 0.045484 0.539867 
0.258312 0.034492 0.653003 0.000000 0.000572 0.032693 0.005300 0.009912 0.000021 0.005696 
0.036857 0.041636 0.527028 0.000000 0.000515 0.032126 0.040273 0.000040 0.256618 0.064906 
0.025191 0.141411 0.000038 0.000000 0.041093 0.301129 0.095274 0.000081 0.027144 0.368640 
0.017415 0.563155 0.060874 0.000000 0.272755 0.042535 0.031433 0.000053 0.009432 0.002346 
0.000018 0.072633 0.040822 0.000000 0.006842 0.199139 0.259895 0.057806 0.000029 0.362815 
0.412696 0.003698 0.034432 0.000000 0.060447 0.054978 0.087435 0.340418 0.000021 0.005875 
0.340833 0.067906 0.046789 0.000000 0.134046 0.101899 0.051321 0.038976 0.199610 0.018620 
0.000025 0.040916 0.000037 0.000000 0.005616 0.098875 0.753079 0.000079 0.000020 0.101354 
0.000024 0.241368 0.000009 0.000000 0.232161 0.349756 0.002372 0.021661 0.000035 0.152615 
0.000020 0.002792 0.000032 0.000000 0.000389 0.017672 0.896096 0.000069 0.041156 0.041774 
0.226990 0.011251 0.000029 0.000000 0.002006 0.368803 0.214677 0.000067 0.000033 0.176145 
0.017496 0.364278 0.041116 0.000000 0.223552 0.241052 0.002171 0.000067 0.000033 0.110235 
0.016080 0.039485 0.000028 0.000000 0.001341 0.216589 0.020477 0.000046 0.637710 0.068246 
0.000028 0.369814 0.221907 0.000000 0.291302 0.031730 0.009958 0.000036 0.044408 0.030817 
0.125468 0.007321 0.302328 0.000000 0.046898 0.223331 0.103913 0.042005 0.011320 0.137416 
0.000029 0.150541 0.000050 0.000000 0.240551 0.276460 0.102992 0.016861 0.184592 0.027924 
0.000014 0.103298 0.000044 0.000000 0.044804 0.222485 0.290938 0.122174 0.014968 0.201276 
0.019378 0.034439 0.000021 0.000000 0.014976 0.272971 0.077408 0.000089 0.325604 0.255114 
0.248648 0.312699 0.000039 0.000000 0.197157 0.023809 0.214155 0.000093 0.000028 0.003373 
0.024002 0.490688 0.000042 0.000000 0.239393 0.050178 0.081711 0.000069 0.070722 0.043195 
0.000022 0.056744 0.028941 0.000000 0.028408 0.124528 0.027002 0.565488 0.094489 0.074379 
0.056026 0.300818 0.218007 0.000000 0.127614 0.033544 0.233454 0.027488 0.000027 0.003024 
0.098209 0.354367 0.106727 0.000000 0.171951 0.032915 0.050157 0.167955 0.000034 0.017685 
0.000020 0.013149 0.016068 0.000000 0.018258 0.543509 0.001621 0.294921 0.000029 0.112424 
0.217079 0.079535 0.000059 0.000000 0.257609 0.133431 0.246984 0.031998 0.019098 0.014206 
0.134790 0.237895 0.178404 0.056644 0.107522 0.032616 0.065944 0.000089 0.017841 0.168255 
0.106564 0.093602 0.000043 0.000000 0.057247 0.277390 0.054143 0.236033 0.022405 0.152573 
0.234075 0.078556 0.000061 0.000000 0.041016 0.177265 0.043074 0.018839 0.256852 0.150262 
0.000020 0.014884 0.281457 0.000000 0.000527 0.128329 0.432302 0.114996 0.000030 0.027455 
0.012604 0.042660 0.086349 0.028593 0.004744 0.335162 0.029827 0.017636 0.000028 0.442396 
0.000025 0.142806 0.000047 0.000000 0.049512 0.361689 0.098734 0.072092 0.035766 0.239330 
0.000033 0.381619 0.048528 0.000000 0.176586 0.136994 0.011661 0.031426 0.000040 0.213113 
0.081841 0.019749 0.153595 0.000000 0.008988 0.086822 0.436038 0.033940 0.113065 0.065963 
0.037371 0.007737 0.370590 0.000000 0.000865 0.116294 0.275326 0.000062 0.000036 0.191718 
0.020427 0.010419 0.440136 0.075056 0.001139 0.240877 0.003720 0.015990 0.041969 0.150268 
0.000031 0.103020 0.000058 0.000000 0.503539 0.155769 0.057050 0.000096 0.086232 0.094204 
0.000027 0.024757 0.000035 0.000000 0.000756 0.086123 0.717156 0.017048 0.104680 0.049418 
0.000017 0.056098 0.000045 0.000000 0.003410 0.426853 0.034427 0.000081 0.000040 0.479028 
0.000028 0.068758 0.030617 0.021183 0.015745 0.395715 0.037549 0.000059 0.000037 0.430308 
0.033590 0.269864 0.000041 0.000000 0.246264 0.166803 0.111002 0.037548 0.000034 0.134855 
0.084432 0.003671 0.026450 0.000000 0.020378 0.021593 0.704651 0.020756 0.000026 0.118043 
0.000022 0.028529 0.005066 0.030822 0.001348 0.379208 0.017626 0.000060 0.124131 0.413188 
0.140905 0.057980 0.060282 0.000000 0.061947 0.168602 0.074350 0.131316 0.067855 0.236762 
0.000028 0.180047 0.000018 0.000000 0.439922 0.171354 0.115095 0.000059 0.000032 0.093444 
0.000014 0.043639 0.000029 0.000000 0.000507 0.198148 0.026992 0.000025 0.672301 0.058346 
0.000029 0.042161 0.000032 0.000000 0.133778 0.157859 0.152325 0.000035 0.411446 0.102334 
0.000028 0.063731 0.035399 0.028346 0.017350 0.248369 0.037818 0.058045 0.048259 0.462656 
0.000031 0.361534 0.000038 0.000000 0.446004 0.073334 0.025807 0.041258 0.046607 0.005388 
0.510751 0.114411 0.000012 0.000000 0.039172 0.239932 0.006886 0.000101 0.046888 0.041847 
0.474937 0.115530 0.000051 0.000000 0.073035 0.094108 0.044564 0.108932 0.000030 0.088812 
0.000039 0.180152 0.023131 0.000000 0.489364 0.169747 0.081758 0.000070 0.000033 0.055706 
0.048069 0.036008 0.000033 0.000000 0.001614 0.099179 0.808320 0.000089 0.000034 0.006655 
0.480772 0.003938 0.000027 0.000000 0.018324 0.225084 0.027115 0.013126 0.096668 0.134945 
0.067283 0.005987 0.033107 0.000000 0.047194 0.460336 0.301151 0.000089 0.000032 0.084822 
0.016517 0.545795 0.000042 0.000000 0.368991 0.021520 0.033222 0.000053 0.012166 0.001694 
0.000022 0.023899 0.039277 0.000000 0.042666 0.489533 0.138409 0.000078 0.000031 0.266085 
0.000019 0.239919 0.023035 0.000000 0.078771 0.148649 0.059937 0.078540 0.032298 0.338832 
0.000016 0.054555 0.000007 0.000000 0.023656 0.276794 0.020465 0.504899 0.000029 0.119579 
0.055462 0.078093 0.000034 0.000000 0.000414 0.229684 0.253800 0.027636 0.000033 0.354844 
0.000036 0.086871 0.000040 0.000000 0.259156 0.094946 0.554651 0.000084 0.000025 0.004192 
0.000025 0.093050 0.007898 0.000000 0.014958 0.250086 0.035776 0.000104 0.464150 0.133952 
0.000021 0.037230 0.100910 0.000000 0.001664 0.175014 0.291419 0.000038 0.352743 0.040962 
0.000019 0.069430 0.028381 0.000000 0.061532 0.114809 0.411333 0.000057 0.285239 0.029201 
0.021013 0.025013 0.114235 0.000000 0.030858 0.254968 0.006877 0.324587 0.000025 0.222424 
0.058349 0.002905 0.124496 0.000000 0.050822 0.650231 0.014682 0.000088 0.000035 0.098392 
0.338343 0.085974 0.000055 0.000000 0.334031 0.071099 0.067502 0.058806 0.000028 0.044163 
0.016548 0.078682 0.649508 0.000000 0.049199 0.038664 0.086664 0.000082 0.000034 0.080619 
0.222493 0.006492 0.000033 0.000000 0.051480 0.555266 0.063348 0.000085 0.000031 0.100771 
0.606055 0.002108 0.000043 0.013262 0.044756 0.033339 0.079379 0.062920 0.000031 0.158106 
0.114621 0.024971 0.016393 0.000000 0.029078 0.423398 0.033370 0.000075 0.000033 0.358062 
0.000024 0.075641 0.000053 0.000000 0.000253 0.278232 0.062018 0.009572 0.047071 0.527136 
0.000032 0.045592 0.024310 0.000000 0.021332 0.252724 0.160855 0.000080 0.270620 0.224455 
0.027773 0.145902 0.000046 0.000000 0.488467 0.094517 0.128540 0.043145 0.000031 0.071578 
0.124475 0.016224 0.000021 0.000000 0.029191 0.464306 0.074615 0.029208 0.207126 0.054834 
0.000023 0.025421 0.363416 0.000000 0.012880 0.171954 0.080235 0.093057 0.016638 0.236376 
0.569639 0.024911 0.022351 0.000000 0.032717 0.139517 0.049318 0.047314 0.000034 0.114199 
0.000029 0.022159 0.011449 0.000000 0.007125 0.623453 0.022942 0.000106 0.131849 0.180887 
0.000025 0.056535 0.000014 0.000000 0.057554 0.298464 0.030740 0.463349 0.000028 0.093291 
0.000022 0.008220 0.000039 0.000000 0.037644 0.170220 0.486123 0.061088 0.215519 0.021127 
0.000033 0.205717 0.000044 0.000000 0.264195 0.099407 0.369411 0.018492 0.032700 0.010001 
0.000028 0.027972 0.000041 0.000000 0.005674 0.184321 0.346883 0.000096 0.322297 0.112687 
0.505604 0.083139 0.000048 0.000000 0.023124 0.127094 0.052561 0.054089 0.000032 0.154309 
0.000014 0.216420 0.126634 0.000000 0.149246 0.193426 0.071362 0.077458 0.036104 0.129335 
0.000020 0.148411 0.015947 0.000000 0.048808 0.074646 0.117150 0.000035 0.584586 0.010399 
0.030794 0.126478 0.433806 0.000000 0.017475 0.187401 0.106110 0.000053 0.000035 0.097847 
0.000027 0.004144 0.000022 0.000000 0.066946 0.630404 0.000891 0.048033 0.076148 0.173384 
0.000031 0.019587 0.065015 0.035806 0.000786 0.301934 0.019814 0.000072 0.062719 0.494237 
0.000026 0.111039 0.000058 0.000000 0.011800 0.127562 0.057641 0.528449 0.037668 0.125758 
0.000028 0.054671 0.000023 0.000000 0.042244 0.314419 0.042595 0.041375 0.418853 0.085792 
0.000016 0.052145 0.312096 0.000000 0.016588 0.173872 0.252028 0.019494 0.000025 0.173737 
0.000026 0.012546 0.035218 0.000000 0.032472 0.651239 0.120930 0.000105 0.000026 0.147436 
0.093368 0.060117 0.000056 0.000000 0.011905 0.106925 0.054050 0.018205 0.505649 0.149726 
0.000034 0.129226 0.058370 0.000000 0.157910 0.110220 0.053334 0.458505 0.000029 0.032372 
0.000035 0.010441 0.036858 0.000000 0.124472 0.559279 0.046348 0.000048 0.030008 0.192510 
0.029914 0.347891 0.013112 0.000000 0.463047 0.039682 0.029287 0.012685 0.047441 0.016940 
0.000015 0.141162 0.000027 0.000000 0.013585 0.409581 0.160088 0.000083 0.000025 0.275435 
0.000036 0.002910 0.069458 0.000000 0.076680 0.279900 0.004707 0.524532 0.000038 0.041738 
0.000030 0.036603 0.018865 0.000000 0.040472 0.348664 0.054128 0.118967 0.254096 0.128175 
0.042758 0.117124 0.019605 0.000000 0.562343 0.148002 0.056611 0.000052 0.000031 0.053473 
0.000019 0.135760 0.022445 0.000000 0.077800 0.441764 0.030740 0.019987 0.015047 0.256437 
0.000021 0.003284 0.030317 0.000000 0.000827 0.042351 0.904261 0.000175 0.000028 0.018735 
0.000039 0.014335 0.000033 0.000000 0.005709 0.191497 0.747738 0.000064 0.000035 0.040550 
0.000023 0.062232 0.007090 0.000000 0.006485 0.231960 0.037584 0.276378 0.012391 0.365857 
0.000018 0.144007 0.000046 0.000000 0.211885 0.155713 0.081214 0.120344 0.041555 0.245218 
0.016682 0.020254 0.000043 0.000000 0.014789 0.195025 0.388199 0.123399 0.000029 0.241579 
0.000021 0.069440 0.000037 0.000000 0.019089 0.272976 0.093463 0.117365 0.063659 0.363949 
0.022545 0.431509 0.000006 0.000000 0.408353 0.121391 0.014345 0.000042 0.000034 0.001774 
0.000037 0.005066 0.223732 0.000000 0.017516 0.095871 0.510741 0.075713 0.000039 0.071284 
0.574020 0.066028 0.000043 0.000000 0.013445 0.108951 0.108279 0.050848 0.000038 0.078347 
0.038496 0.026846 0.233336 0.000000 0.002940 0.197788 0.134886 0.098699 0.064845 0.202165 
0.000022 0.047181 0.000017 0.000000 0.028960 0.748439 0.013771 0.000092 0.000036 0.161482 
0.000031 0.050333 0.306386 0.000000 0.030361 0.174538 0.362081 0.017097 0.000030 0.059143 
0.359004 0.040510 0.023412 0.000000 0.297757 0.080885 0.020207 0.059653 0.082617 0.035954 
0.107535 0.279989 0.175438 0.000000 0.173460 0.070612 0.065535 0.013662 0.021505 0.092264 
0.000033 0.121333 0.000040 0.000000 0.001222 0.264574 0.217094 0.000068 0.269776 0.125860 
0.037878 0.059459 0.777045 0.000000 0.016600 0.059899 0.028780 0.000068 0.012783 0.007487 
0.000048 0.582496 0.003766 0.000000 0.335192 0.045831 0.003031 0.000179 0.019541 0.009916 
0.000018 0.069420 0.000057 0.000000 0.001783 0.213734 0.031964 0.000056 0.571794 0.111176 
0.012419 0.001978 0.000033 0.000000 0.029691 0.306899 0.028294 0.054949 0.464005 0.101733 
0.748802 0.021697 0.000066 0.000000 0.068129 0.004655 0.030761 0.110002 0.000012 0.015876 
0.000011 0.001145 0.935765 0.000000 0.000308 0.004249 0.035023 0.000056 0.000014 0.023428 
0.000022 0.090463 0.000048 0.000000 0.019384 0.153848 0.209424 0.233850 0.167105 0.125855 
0.108508 0.001249 0.528695 0.000000 0.001302 0.158410 0.026206 0.000039 0.000031 0.175560 
0.525343 0.003124 0.000025 0.000000 0.027643 0.327806 0.013798 0.076975 0.000035 0.025250 
0.000017 0.027505 0.007254 0.000000 0.042990 0.462836 0.001736 0.279503 0.045057 0.133102 
0.685954 0.016391 0.000045 0.000000 0.062749 0.069851 0.031224 0.000074 0.076470 0.057241 
0.000036 0.090347 0.023794 0.000000 0.031510 0.541908 0.030524 0.000059 0.172257 0.109566 
0.000024 0.060911 0.000056 0.000000 0.009109 0.342484 0.055345 0.019596 0.023760 0.488715 
0.000025 0.082719 0.023521 0.000000 0.008207 0.286963 0.032663 0.000057 0.531060 0.034785 
0.861708 0.033231 0.016248 0.000000 0.042463 0.004518 0.002239 0.035508 0.000028 0.004058 
0.000032 0.071226 0.000019 0.000000 0.004176 0.276729 0.054351 0.100656 0.099393 0.393418 
0.000023 0.108044 0.051177 0.000000 0.004981 0.427100 0.007290 0.000073 0.222989 0.178324 
0.023418 0.226706 0.000055 0.000000 0.183806 0.245196 0.086504 0.100526 0.027255 0.106534 
0.051278 0.139382 0.000038 0.000000 0.056624 0.120892 0.177796 0.361421 0.000024 0.092545 
0.000032 0.101535 0.035572 0.000000 0.039016 0.275205 0.027221 0.123729 0.032842 0.364848 
0.000022 0.061079 0.030684 0.000000 0.072105 0.144973 0.020903 0.527333 0.000025 0.142877 
0.000036 0.444581 0.000033 0.000000 0.244245 0.123441 0.030565 0.026159 0.000033 0.130907 
0.030549 0.095776 0.135842 0.000000 0.192418 0.155530 0.147087 0.000075 0.029198 0.213526 
0.264330 0.003559 0.030418 0.000000 0.049548 0.045061 0.426381 0.117333 0.009681 0.053688 
0.000029 0.050838 0.000048 0.000000 0.028564 0.199538 0.041405 0.000095 0.469883 0.209601 
0.000034 0.005725 0.018120 0.000000 0.066118 0.675621 0.001156 0.032584 0.050180 0.150463 
0.000026 0.002379 0.000041 0.000000 0.013852 0.245639 0.474514 0.115124 0.016212 0.132213 
0.012770 0.128235 0.000036 0.000000 0.002641 0.246871 0.157265 0.000094 0.000038 0.452049 
0.000024 0.064904 0.000033 0.000000 0.084511 0.293016 0.026925 0.000039 0.527543 0.003005 
0.000035 0.114301 0.000045 0.000000 0.246440 0.054189 0.430709 0.066594 0.021904 0.065784 
0.048512 0.519590 0.079508 0.000000 0.298373 0.017448 0.009374 0.014037 0.010709 0.002451 
0.043405 0.538273 0.000026 0.000000 0.301335 0.008409 0.034489 0.000042 0.041320 0.032701 
0.199660 0.001967 0.027131 0.000000 0.016597 0.063124 0.648820 0.028800 0.000032 0.013869 
0.000021 0.615776 0.000039 0.000000 0.245191 0.052181 0.073812 0.000051 0.012000 0.000929 
0.047193 0.068389 0.023225 0.000000 0.044348 0.151129 0.179914 0.450613 0.000039 0.035151 
0.055403 0.002378 0.054827 0.068015 0.170680 0.247755 0.004202 0.155462 0.105385 0.135893 
0.128578 0.174838 0.000043 0.000000 0.127627 0.175301 0.087704 0.078227 0.000032 0.227649 
0.130057 0.019482 0.000039 0.000000 0.018289 0.127410 0.063216 0.070198 0.502434 0.068876 
0.000018 0.053441 0.033311 0.000000 0.050982 0.189814 0.015855 0.550285 0.000037 0.106258 
0.028133 0.008719 0.677396 0.000000 0.116485 0.077607 0.056589 0.000069 0.000025 0.034977 
0.000026 0.074517 0.054236 0.000000 0.010336 0.101918 0.039960 0.010772 0.606630 0.101604 
0.055945 0.156134 0.569068 0.000000 0.154441 0.023481 0.027105 0.008506 0.000039 0.005281 
0.043829 0.183449 0.057399 0.000000 0.464489 0.125062 0.012993 0.000051 0.000034 0.112695 
0.000032 0.069158 0.000038 0.027040 0.001315 0.223050 0.245199 0.056345 0.044142 0.333681 
0.402198 0.142902 0.000035 0.000000 0.028058 0.153106 0.077882 0.053024 0.000030 0.142766 
0.000017 0.034037 0.316250 0.000000 0.207116 0.104404 0.128080 0.051627 0.139020 0.019450 
0.053209 0.042697 0.034542 0.000000 0.006408 0.251433 0.106819 0.000072 0.148963 0.355857 
0.000037 0.419656 0.000042 0.000000 0.189290 0.219348 0.157174 0.000080 0.000033 0.014341 
0.334207 0.092794 0.000030 0.000000 0.019349 0.004796 0.547423 0.000063 0.000014 0.001324 
0.013413 0.084425 0.000054 0.000000 0.000740 0.240022 0.070344 0.442350 0.023471 0.125181 
0.134250 0.092876 0.379743 0.000000 0.076641 0.132793 0.072524 0.000052 0.095366 0.015756 
0.041718 0.052401 0.359118 0.000000 0.001144 0.220837 0.174911 0.000089 0.044010 0.105772 
0.000034 0.042318 0.667600 0.053704 0.018430 0.060500 0.046531 0.000055 0.000037 0.110791 
0.011864 0.511233 0.082686 0.000000 0.254548 0.049494 0.061419 0.000067 0.000040 0.028651 
0.000036 0.416728 0.000044 0.000000 0.399223 0.102601 0.045991 0.000077 0.000035 0.035265 
0.000050 0.151278 0.000036 0.000000 0.166985 0.039661 0.570780 0.000082 0.000030 0.071098 
0.102733 0.073979 0.000052 0.000000 0.043749 0.181887 0.045047 0.461511 0.000024 0.091019 
0.025567 0.129991 0.000034 0.000000 0.017472 0.176810 0.002878 0.431222 0.000028 0.215999 
0.000024 0.252195 0.000050 0.000000 0.370781 0.092367 0.074692 0.014531 0.055126 0.140234 
0.000026 0.118244 0.000030 0.000000 0.030444 0.222157 0.141215 0.120446 0.023556 0.343883 
0.000026 0.088258 0.009120 0.000000 0.000680 0.330698 0.036241 0.000070 0.000033 0.534876 
0.000026 0.446981 0.022623 0.000000 0.346274 0.122776 0.006178 0.000069 0.000024 0.055049 
0.000022 0.056621 0.000013 0.000000 0.026005 0.702530 0.059695 0.048904 0.000037 0.106173 
0.629503 0.021119 0.055422 0.000000 0.030416 0.167458 0.051980 0.041832 0.000020 0.002250 
0.715177 0.002046 0.000047 0.000000 0.065448 0.069337 0.028273 0.089010 0.000033 0.030629 
0.000030 0.126994 0.000022 0.000000 0.109715 0.609334 0.015643 0.040141 0.000038 0.098082 
0.027065 0.100272 0.676764 0.000000 0.111467 0.023472 0.043422 0.000061 0.000026 0.017450 
0.000036 0.026127 0.020213 0.000000 0.009183 0.625329 0.002158 0.065465 0.000036 0.251454 
0.056670 0.122937 0.000031 0.015135 0.294513 0.345227 0.066532 0.066928 0.000036 0.031993 
0.000021 0.048711 0.007615 0.000000 0.094750 0.351410 0.052308 0.000061 0.301456 0.143668 
0.000023 0.063482 0.000041 0.000000 0.013337 0.371650 0.063621 0.049753 0.000029 0.438065 
0.418769 0.052114 0.020080 0.038712 0.045109 0.045742 0.181617 0.000073 0.027498 0.170286 
0.000032 0.090492 0.128431 0.000000 0.202767 0.077204 0.392344 0.027698 0.000025 0.081007 
0.655043 0.014563 0.033027 0.000000 0.010069 0.086663 0.019747 0.055570 0.000026 0.125293 
0.328671 0.095769 0.000029 0.000000 0.287202 0.124492 0.070176 0.000063 0.000039 0.093559 
0.000025 0.036355 0.021788 0.000000 0.038314 0.719432 0.021359 0.062513 0.000032 0.100182 
0.027430 0.163518 0.000053 0.000000 0.001066 0.209186 0.096609 0.000101 0.092986 0.409052 
0.000028 0.024944 0.041968 0.000000 0.072719 0.053992 0.775895 0.026942 0.000013 0.003499 
0.651552 0.046659 0.196333 0.000000 0.013726 0.026542 0.031847 0.000095 0.000016 0.033230 
0.000019 0.282262 0.079376 0.000000 0.140445 0.177535 0.141124 0.066319 0.033381 0.079540 
0.000035 0.063015 0.000033 0.030124 0.041060 0.218152 0.049388 0.442246 0.000031 0.155917 
0.372343 0.014188 0.028630 0.000000 0.044199 0.041850 0.363501 0.111291 0.021324 0.002675 
0.000021 0.480269 0.016974 0.000000 0.390334 0.014299 0.065013 0.027714 0.000025 0.005350 
0.031199 0.240841 0.000054 0.000000 0.007747 0.224451 0.116882 0.000062 0.078665 0.300100 
0.605549 0.005667 0.101465 0.000000 0.045789 0.079929 0.036200 0.000068 0.000041 0.125293 
0.000026 0.067887 0.000032 0.000000 0.000507 0.389373 0.047987 0.037992 0.000031 0.456166 
0.034090 0.147432 0.017495 0.000000 0.189889 0.234195 0.092118 0.000081 0.000031 0.284668 
0.276055 0.003939 0.000062 0.000000 0.066238 0.474184 0.022253 0.026954 0.000035 0.130280 
0.029295 0.137423 0.017496 0.000000 0.242949 0.191425 0.182112 0.037723 0.021473 0.140104 
0.538224 0.114218 0.000020 0.000000 0.006838 0.114468 0.010011 0.000069 0.000042 0.216108 
0.015246 0.416100 0.000039 0.000000 0.282162 0.039465 0.228549 0.000073 0.000029 0.018337 
0.000016 0.000599 0.000028 0.000000 0.000410 0.046535 0.933500 0.000037 0.000033 0.018841 
0.318747 0.069366 0.000020 0.000000 0.013329 0.111556 0.023439 0.400933 0.000028 0.062582 
0.200660 0.090602 0.021990 0.000000 0.503483 0.119385 0.061803 0.000047 0.000032 0.001997 
0.021293 0.006180 0.665763 0.000000 0.019639 0.098179 0.076394 0.000056 0.057796 0.054701 
0.027397 0.104223 0.000042 0.000000 0.379599 0.181433 0.078853 0.000073 0.000033 0.228348 
0.145980 0.043581 0.000029 0.000000 0.003164 0.313272 0.057370 0.000080 0.333837 0.102686 
0.045930 0.009231 0.645819 0.000000 0.009260 0.091031 0.056519 0.000073 0.085077 0.057059 
0.033491 0.014937 0.627049 0.000000 0.000233 0.059521 0.117240 0.000031 0.087731 0.059765 
0.000021 0.077206 0.000043 0.000000 0.009364 0.289753 0.249771 0.000078 0.318376 0.055388 
0.000014 0.223451 0.000041 0.021884 0.155126 0.008145 0.572737 0.000051 0.000033 0.018518 
0.100089 0.067449 0.221696 0.000000 0.021999 0.239272 0.120788 0.136306 0.000021 0.092381 
0.000025 0.070611 0.015391 0.000000 0.065075 0.146018 0.014509 0.488092 0.061332 0.138947 
0.287075 0.073082 0.083698 0.000000 0.092656 0.134762 0.010512 0.069674 0.000032 0.248508 
0.000018 0.025333 0.000049 0.000000 0.031222 0.168494 0.595959 0.000079 0.107087 0.071759 
0.118962 0.002421 0.744201 0.000000 0.028491 0.012156 0.027901 0.016343 0.026532 0.022994 
0.000028 0.056623 0.000017 0.000000 0.031818 0.135225 0.152026 0.518104 0.000039 0.106119 
0.053467 0.394349 0.000054 0.000000 0.202522 0.068762 0.154325 0.000069 0.072779 0.053674 
0.016980 0.148157 0.000035 0.025107 0.079985 0.010579 0.688226 0.000050 0.000040 0.030841 
0.000036 0.366835 0.000024 0.000000 0.222880 0.142232 0.010303 0.000097 0.238419 0.019173 
0.000015 0.057510 0.218234 0.000000 0.007116 0.199398 0.022877 0.033142 0.053585 0.408122 
0.000035 0.253461 0.118177 0.000000 0.119922 0.066297 0.039715 0.019285 0.358096 0.025011 
0.000032 0.129272 0.000056 0.000000 0.206701 0.286949 0.053219 0.025536 0.082725 0.215511 
0.229881 0.282226 0.000032 0.000000 0.157040 0.079003 0.248416 0.000067 0.000034 0.003300 
0.026270 0.203815 0.470369 0.000000 0.154004 0.026859 0.028938 0.020412 0.000031 0.069303 
0.013430 0.111155 0.000037 0.000000 0.119371 0.022355 0.721557 0.000021 0.000038 0.012037 
0.520837 0.004627 0.104075 0.030674 0.000609 0.024661 0.057616 0.045333 0.073597 0.137971 
0.115557 0.002570 0.155416 0.000000 0.031310 0.275454 0.198511 0.055118 0.045180 0.120884 
0.000018 0.000448 0.000032 0.000000 0.000383 0.018867 0.977422 0.000069 0.000035 0.002726 
0.022586 0.296041 0.020133 0.000000 0.167626 0.192314 0.069022 0.088856 0.000036 0.143387 
0.000035 0.049497 0.000043 0.000000 0.014077 0.197957 0.014593 0.000074 0.622812 0.100914 
0.030973 0.095104 0.022594 0.000000 0.106313 0.262703 0.018637 0.031149 0.000038 0.432489 
0.000035 0.043952 0.078286 0.022288 0.094603 0.226206 0.244417 0.000058 0.000040 0.290115 
0.000021 0.053861 0.000024 0.000000 0.146735 0.161390 0.052786 0.478497 0.013913 0.092772 
0.000013 0.111171 0.242275 0.000000 0.037669 0.159123 0.152261 0.061724 0.000029 0.235735 
0.013144 0.510802 0.060045 0.000000 0.310178 0.012704 0.045328 0.000053 0.043057 0.004688 
0.000046 0.000560 0.000026 0.000000 0.000424 0.030716 0.929606 0.011965 0.000024 0.026634 
0.000032 0.082602 0.085458 0.000000 0.024499 0.441888 0.024182 0.000063 0.039155 0.302121 
0.000033 0.128636 0.016040 0.000000 0.024039 0.127322 0.027029 0.620855 0.026178 0.029869 
0.028922 0.241730 0.231980 0.000000 0.228152 0.122707 0.100701 0.000056 0.000033 0.045719 
0.071368 0.053624 0.000016 0.000000 0.029235 0.371324 0.015668 0.084798 0.108430 0.265536 
0.000022 0.032260 0.227054 0.000000 0.000419 0.072037 0.041772 0.000053 0.464081 0.162302 
0.000032 0.042014 0.313458 0.000000 0.028685 0.080041 0.115915 0.000037 0.373566 0.046252 
0.248059 0.003554 0.094304 0.000000 0.042001 0.129637 0.055985 0.421026 0.000025 0.005408 
0.273199 0.143953 0.000055 0.000000 0.091194 0.211518 0.058117 0.201263 0.000032 0.020670 
0.000024 0.224601 0.013338 0.000000 0.142656 0.295999 0.002077 0.264717 0.000030 0.056558 
0.000038 0.069362 0.064040 0.000000 0.001256 0.197936 0.327494 0.064124 0.000040 0.275711 
0.000027 0.077840 0.000038 0.000000 0.177115 0.446923 0.031948 0.122213 0.000025 0.143869 
0.564125 0.003195 0.000014 0.000000 0.038926 0.118334 0.024581 0.247284 0.000035 0.003507 
0.050465 0.107665 0.000053 0.000000 0.355448 0.184282 0.089961 0.027906 0.014850 0.169370 
0.000017 0.032083 0.000059 0.000000 0.078856 0.544232 0.091971 0.042492 0.065869 0.144421 
0.173656 0.052900 0.027576 0.000000 0.002908 0.147842 0.111420 0.000077 0.310383 0.173237 
0.000029 0.026059 0.000051 0.000000 0.049486 0.311333 0.114300 0.048476 0.000026 0.450240 
0.000030 0.069900 0.000038 0.000000 0.194917 0.126252 0.124803 0.281303 0.037625 0.165132 
0.020506 0.195860 0.010438 0.000000 0.173755 0.229575 0.089933 0.000077 0.151598 0.128258 
0.000025 0.226600 0.000020 0.000000 0.263587 0.184905 0.083356 0.055707 0.000030 0.185771 
0.000037 0.038076 0.013858 0.000000 0.034987 0.609967 0.003988 0.042547 0.080627 0.175912 
0.039149 0.144058 0.031894 0.000000 0.483964 0.119318 0.058945 0.000056 0.000035 0.122582 
0.000020 0.037429 0.023791 0.000000 0.049274 0.668364 0.003925 0.016560 0.000037 0.200601 
0.024596 0.110900 0.013923 0.000000 0.350094 0.302778 0.064866 0.000064 0.030302 0.102477 
0.046302 0.017864 0.688355 0.000000 0.014861 0.016233 0.041435 0.000033 0.099278 0.075638 
0.000033 0.074806 0.414103 0.000000 0.011557 0.144587 0.025779 0.000029 0.321840 0.007267 
0.156306 0.012013 0.000058 0.000000 0.060359 0.642635 0.029478 0.000082 0.000029 0.099041 
0.289822 0.061216 0.000036 0.025579 0.196989 0.063193 0.253415 0.023561 0.000042 0.086146 
0.000029 0.111329 0.049645 0.000000 0.023113 0.305779 0.291917 0.030106 0.000033 0.188049 
0.000016 0.174606 0.066060 0.000000 0.082939 0.047410 0.554895 0.023999 0.000036 0.050040 
0.000012 0.055478 0.000039 0.000000 0.000315 0.319429 0.070160 0.000078 0.106378 0.448113 
0.000023 0.025869 0.097527 0.058362 0.034648 0.226285 0.058696 0.363221 0.000034 0.135335 
0.000029 0.120762 0.000041 0.000000 0.098754 0.320500 0.046960 0.027412 0.086695 0.298847 
0.000029 0.112062 0.000032 0.000000 0.472398 0.245115 0.075508 0.000071 0.037338 0.057446 
0.266679 0.045514 0.000015 0.000000 0.002997 0.298921 0.025922 0.000074 0.000033 0.359845 
0.000022 0.035351 0.000042 0.000000 0.026261 0.150284 0.623495 0.000063 0.059145 0.105337 
0.000028 0.130584 0.080811 0.000000 0.198722 0.239285 0.078465 0.014988 0.000038 0.257080 
0.015497 0.023771 0.000026 0.048531 0.180836 0.119818 0.577327 0.015435 0.011949 0.006811 
0.000025 0.130036 0.000047 0.000000 0.026142 0.200225 0.366646 0.020882 0.000025 0.255972 
0.000048 0.604837 0.000061 0.000000 0.323254 0.039060 0.023990 0.000094 0.000025 0.008632 
0.000012 0.001665 0.741137 0.000000 0.006162 0.022109 0.148877 0.000034 0.055385 0.024619 
0.400205 0.026242 0.049430 0.000000 0.014612 0.120949 0.047477 0.000062 0.276600 0.064424 
0.186204 0.003011 0.000039 0.000000 0.058306 0.272939 0.012843 0.423597 0.000022 0.043039 
0.011535 0.018657 0.913677 0.000000 0.003627 0.020476 0.029419 0.000067 0.000019 0.002524 
0.607365 0.059464 0.000060 0.000000 0.068031 0.088543 0.059186 0.074659 0.000027 0.042666 
0.220371 0.081739 0.000054 0.000000 0.004165 0.208279 0.110342 0.096673 0.000037 0.278338 
0.000014 0.094012 0.016050 0.000000 0.094025 0.327432 0.049452 0.023544 0.056323 0.339148 
0.000020 0.350927 0.000039 0.000000 0.219096 0.059267 0.369430 0.000150 0.000024 0.001047 
0.000018 0.072198 0.000020 0.000000 0.009988 0.438349 0.062228 0.000097 0.077809 0.339294 
0.000037 0.023180 0.087298 0.000000 0.069303 0.360422 0.213981 0.072856 0.050116 0.122808 
0.000032 0.091258 0.000039 0.000000 0.138722 0.098702 0.516875 0.091014 0.000032 0.063326 
0.000020 0.110078 0.000036 0.000000 0.034477 0.271248 0.023305 0.000053 0.467951 0.092832 
0.031653 0.255903 0.000042 0.000000 0.489023 0.134830 0.046671 0.000052 0.000029 0.041798 
0.000034 0.145543 0.000033 0.000000 0.041567 0.287616 0.078880 0.151768 0.000026 0.294533 
0.000030 0.160446 0.000047 0.000000 0.101186 0.161270 0.056846 0.388052 0.000022 0.132100 
0.028445 0.158736 0.076643 0.000000 0.086695 0.247357 0.121195 0.055434 0.000028 0.225468 
0.525474 0.081918 0.043734 0.000000 0.024127 0.053234 0.130609 0.000084 0.009693 0.131126 
0.000033 0.098656 0.000009 0.000000 0.063562 0.417213 0.011906 0.000072 0.059371 0.349176 
0.000038 0.391975 0.000003 0.000000 0.216161 0.059170 0.001372 0.000087 0.269644 0.061549 
0.000028 0.026203 0.000030 0.000000 0.028235 0.548841 0.047231 0.000077 0.142661 0.206695 
0.254496 0.111417 0.188610 0.000000 0.069211 0.122711 0.021156 0.000059 0.000034 0.232306 
0.045093 0.075550 0.233167 0.000000 0.082940 0.112861 0.245674 0.060893 0.012863 0.130960 
0.000022 0.055620 0.015697 0.000000 0.001128 0.084357 0.430044 0.079184 0.246986 0.086963 
