-392875.392190
0
0.051830 0.052723 0.000000 0.052732 0.000000 0.004236 0.000000 0.000000 0.024020 0.000000 0.000000 0.020362 0.022110 0.023821 0.019770 0.032400 0.000000 0.004462 0.000000 0.013441 0.000000 0.000000 0.007804 0.000000 0.056068 0.031834 0.000000 0.037059 0.000000 0.000000 0.000000 0.000000 0.000000 0.000000 0.000000 0.032831 0.020990 0.035521 0.024778 0.044432 0.000000 0.008640 0.000000 0.002628 0.000000 0.000000 0.000000 0.000000 0.037315 0.027129 0.000000 0.035079 0.000000 0.000000 0.000000 0.000000 0.000000 0.000000 0.000000 0.000000 0.016632 0.010990 0.014612 0.029137 0.005137 0.000000 0.000000 0.000000 0.000000 0.000000 0.000000 0.000000 0.046766 0.000000 0.000000 0.036350 0.000000 0.000000 0.000000 0.000000 0.000000 0.000000 0.000000 0.011431 0.029065 0.021208 0.007383 0.044294 0.000000 0.000000 0.000000 0.002980 0.000000 0.000000 0.000000 0.000000 
0.011274 0.000000 0.000000 0.000000 0.000000 0.009253 0.000000 0.005084 0.035684 0.027569 0.000000 0.025331 0.013205 0.000000 0.015381 0.000000 0.096839 0.033428 0.066515 0.047382 0.000000 0.000000 0.000000 0.000000 0.000000 0.000000 0.000000 0.000000 0.000000 0.000000 0.002957 0.000000 0.040686 0.000000 0.000000 0.026188 0.000000 0.000000 0.000000 0.000000 0.031598 0.039971 0.036477 0.044949 0.000000 0.000000 0.027543 0.000000 0.000000 0.000000 0.000000 0.009435 0.000000 0.000000 0.000000 0.000000 0.025089 0.014275 0.000000 0.015246 0.000000 0.000000 0.009298 0.000000 0.029565 0.028183 0.031708 0.031252 0.000000 0.000000 0.000000 0.000000 0.000000 0.007403 0.000000 0.000000 0.000000 0.000000 0.000000 0.000000 0.000000 0.000000 0.000000 0.000000 0.000000 0.000000 0.010184 0.000000 0.043966 0.039210 0.026479 0.034241 0.000000 0.007153 0.000000 0.000000 
0.043952 0.029372 0.038626 0.019714 0.011724 0.001742 0.003057 0.000000 0.007869 0.004674 0.000000 0.000000 0.000000 0.000000 0.004925 0.000000 0.000000 0.000000 0.004269 0.000000 0.000000 0.000000 0.000000 0.000000 0.056911 0.095887 0.013971 0.051083 0.011629 0.009616 0.007619 0.008028 0.021934 0.000000 0.003440 0.006182 0.002806 0.003194 0.046449 0.004339 0.005360 0.000000 0.010613 0.000000 0.000000 0.000000 0.002827 0.000000 0.051665 0.057393 0.041258 0.029836 0.007348 0.013936 0.011915 0.004700 0.000000 0.000000 0.000000 0.000000 0.007942 0.002615 0.011150 0.000000 0.001621 0.000000 0.002478 0.000000 0.000000 0.000000 0.000000 0.000000 0.042296 0.092806 0.020270 0.046249 0.000000 0.010974 0.002459 0.000000 0.000000 0.000000 0.000000 0.000000 0.000000 0.000000 0.007853 0.000000 0.000000 0.000000 0.000000 0.000000 0.000000 0.000000 0.001421 0.000000 
0.000000 0.000000 0.000000 0.000000 0.000000 0.000000 0.000000 0.000000 0.009898 0.000000 0.000000 0.001942 0.000000 0.000000 0.000000 0.000000 0.000000 0.000000 0.000000 0.000000 0.000000 0.000000 0.000000 0.000000 0.000000 0.000000 0.000000 0.000000 0.000000 0.000000 0.000000 0.000000 0.000000 0.000000 0.000000 0.000000 0.000000 0.000000 0.000000 0.000000 0.000000 0.000000 0.000000 0.000000 0.000000 0.000000 0.000000 0.000000 0.001747 0.000000 0.000000 0.000000 0.000000 0.000000 0.000000 0.000000 0.006575 0.000000 0.000000 0.000000 0.000000 0.000000 0.000000 0.000000 0.000000 0.000000 0.000000 0.000000 0.000000 0.000000 0.000000 0.000000 0.016398 0.005099 0.001459 0.000000 0.047062 0.000000 0.000000 0.082082 0.507373 0.026440 0.020561 0.273364 0.000000 0.000000 0.000000 0.000000 0.000000 0.000000 0.000000 0.000000 0.000000 0.000000 0.000000 0.000000 
0.000000 0.000000 0.000000 0.000000 0.000000 0.000000 0.000000 0.000000 0.000000 0.000000 0.000000 0.000005 0.000000 0.000000 0.000000 0.000000 0.000000 0.000000 0.000000 0.000000 0.000000 0.000000 0.000000 0.000000 0.000000 0.000000 0.000000 0.000000 0.000000 0.000000 0.000000 0.000000 0.000000 0.000000 0.000000 0.000000 0.000000 0.000000 0.000000 0.000000 0.000000 0.000000 0.000000 0.000000 0.000000 0.000000 0.107425 0.000000 0.000000 0.000000 0.000000 0.000000 0.000000 0.000000 0.000000 0.314421 0.451458 0.000000 0.000000 0.000000 0.000000 0.000000 0.000000 0.000000 0.000000 0.000000 0.000000 0.000000 0.000000 0.000000 0.000000 0.000000 0.000000 0.000000 0.126690 0.000000 0.000000 0.000000 0.000000 0.000000 0.000000 0.000000 0.000000 0.000000 0.000000 0.000000 0.000000 0.000000 0.000000 0.000000 0.000000 0.000000 0.000000 0.000000 0.000000 0.000000 
0.000000 0.000000 0.000000 0.000000 0.000000 0.000000 0.000000 0.000000 0.000001 0.000000 0.000000 0.000012 0.000000 0.000000 0.000000 0.000000 0.000000 0.000000 0.000000 0.000000 0.000000 0.000000 0.000000 0.000000 0.000000 0.000000 0.000000 0.000000 0.000000 0.000000 0.000000 0.000000 0.000000 0.000000 0.000000 0.000000 0.000000 0.000000 0.000000 0.000000 0.000000 0.000000 0.000000 0.000000 0.000000 0.000000 0.000000 0.000000 0.000000 0.000000 0.000000 0.000000 0.000000 0.000000 0.000000 0.000000 0.000000 0.000000 0.000000 0.000000 0.000000 0.000000 0.000000 0.000000 0.000000 0.000000 0.000000 0.000000 0.178389 0.000000 0.000000 0.000000 0.000000 0.000000 0.000000 0.000000 0.000000 0.000000 0.821598 0.000000 0.000000 0.000000 0.000000 0.000000 0.000000 0.000000 0.000000 0.000000 0.000000 0.000000 0.000000 0.000000 0.000000 0.000000 0.000000 0.000000 
0.000000 0.000000 0.000000 0.000000 0.000000 0.000000 0.000000 0.000000 0.000000 0.000000 0.000000 0.000000 0.011242 0.000000 0.003764 0.024684 0.001080 0.004212 0.002204 0.023592 0.067836 0.013520 0.006430 0.031736 0.000000 0.000000 0.000000 0.000000 0.000000 0.000000 0.000000 0.000000 0.000000 0.000000 0.000000 0.000000 0.007396 0.000000 0.000000 0.000000 0.016095 0.005197 0.013221 0.039818 0.044617 0.012421 0.012712 0.111403 0.004084 0.007788 0.000000 0.000000 0.000000 0.004059 0.000000 0.004386 0.000000 0.000000 0.000000 0.004476 0.000000 0.000000 0.000000 0.000000 0.000000 0.008670 0.007778 0.014809 0.012750 0.000000 0.006725 0.033119 0.025375 0.000000 0.000000 0.029977 0.000000 0.000000 0.000000 0.000000 0.000000 0.000000 0.000000 0.000000 0.029636 0.000000 0.023918 0.014362 0.011367 0.013445 0.006185 0.047782 0.100312 0.007942 0.018009 0.109867 
0.006935 0.008103 0.000000 0.000000 0.000000 0.001358 0.000000 0.000000 0.019925 0.014148 0.398215 0.013134 0.000000 0.000000 0.000000 0.007932 0.003189 0.000000 0.000000 0.002928 0.000000 0.000000 0.000000 0.000000 0.000000 0.000000 0.000000 0.000000 0.000000 0.000000 0.000000 0.000000 0.015559 0.000000 0.156048 0.007690 0.000000 0.000000 0.000000 0.000000 0.000000 0.000000 0.000000 0.000000 0.000000 0.000000 0.000000 0.000000 0.008410 0.005685 0.000000 0.000000 0.000000 0.000000 0.000000 0.000000 0.000000 0.000000 0.175145 0.000000 0.000000 0.000000 0.000000 0.000000 0.004773 0.000000 0.000000 0.012493 0.000000 0.000000 0.000000 0.000000 0.000000 0.016675 0.005026 0.000000 0.000000 0.000000 0.000000 0.000000 0.000000 0.000000 0.111934 0.000000 0.000000 0.000000 0.000000 0.000000 0.000000 0.000000 0.000000 0.000000 0.000000 0.000000 0.004692 0.000000 
0.000000 0.000000 0.000000 0.000000 0.000000 0.000000 0.000000 0.000000 0.038704 0.018208 0.000000 0.015810 0.000000 0.005106 0.000000 0.002142 0.000000 0.004010 0.022779 0.000000 0.000000 0.004133 0.000000 0.005175 0.011675 0.030252 0.013560 0.080708 0.000000 0.000000 0.000000 0.000000 0.000000 0.000000 0.099541 0.000000 0.000000 0.004348 0.000000 0.000000 0.006041 0.000000 0.034178 0.000000 0.000000 0.007671 0.001564 0.015515 0.000000 0.007938 0.001457 0.009627 0.000000 0.006120 0.000000 0.000000 0.112415 0.129018 0.141065 0.088560 0.000000 0.003422 0.000000 0.000000 0.017477 0.005951 0.011864 0.000000 0.000000 0.002089 0.000000 0.004188 0.000000 0.000000 0.000000 0.000000 0.000000 0.000000 0.000000 0.000000 0.000000 0.000000 0.000000 0.000000 0.000000 0.000000 0.000000 0.000000 0.007274 0.000000 0.018299 0.000000 0.000000 0.001296 0.000000 0.010820 
0.000000 0.000000 0.000000 0.010015 0.000000 0.000000 0.000000 0.000000 0.000000 0.000000 0.000000 0.005439 0.000000 0.000000 0.000000 0.000000 0.000000 0.000880 0.000000 0.000000 0.000000 0.003292 0.001839 0.016783 0.000000 0.000000 0.000000 0.015462 0.000000 0.000000 0.000000 0.000000 0.000000 0.000000 0.001338 0.000000 0.000000 0.000000 0.000000 0.000000 0.000000 0.000000 0.000000 0.000000 0.000000 0.000726 0.004089 0.020377 0.000000 0.000000 0.000000 0.005764 0.000000 0.000000 0.000000 0.000696 0.000000 0.005823 0.015922 0.014033 0.000000 0.000000 0.000000 0.000000 0.002533 0.011054 0.004274 0.012662 0.000000 0.001910 0.000000 0.002475 0.050491 0.010646 0.003993 0.382729 0.000000 0.000000 0.000000 0.000000 0.000000 0.000000 0.245632 0.040730 0.000000 0.000000 0.000000 0.000000 0.002234 0.007005 0.005736 0.010927 0.000000 0.010368 0.001672 0.070450 
0.004328 0.000000 0.000000 0.000000 0.082449 0.023862 0.014223 0.076293 0.000000 0.000000 0.000000 0.006255 0.000000 0.000000 0.000000 0.000000 0.000000 0.000000 0.000000 0.014424 0.000000 0.000000 0.019294 0.013135 0.000000 0.000000 0.000000 0.000000 0.056409 0.047418 0.007564 0.079655 0.000000 0.000000 0.000000 0.000000 0.000000 0.000000 0.009453 0.006738 0.000000 0.000000 0.000000 0.000000 0.000000 0.015408 0.000000 0.000000 0.000000 0.000000 0.000000 0.000000 0.035452 0.029881 0.000000 0.050582 0.000000 0.000000 0.000000 0.016463 0.000000 0.008719 0.000000 0.003415 0.000000 0.000000 0.000000 0.003389 0.000000 0.009298 0.047356 0.016977 0.000000 0.045299 0.000000 0.000000 0.038938 0.060790 0.000000 0.079582 0.000000 0.000000 0.000000 0.000000 0.000000 0.005617 0.000000 0.008052 0.000000 0.000000 0.000000 0.000000 0.000000 0.010766 0.034460 0.018056 
0.000000 0.000000 0.000000 0.000000 0.000000 0.000000 0.000000 0.000000 0.000000 0.023754 0.000000 0.000000 0.000000 0.000000 0.000000 0.000000 0.000000 0.000000 0.000000 0.000000 0.000000 0.000000 0.000000 0.000000 0.000000 0.000000 0.000000 0.000000 0.000000 0.000000 0.000000 0.000000 0.098484 0.000000 0.025114 0.093858 0.000000 0.000000 0.000000 0.000000 0.000000 0.000000 0.000000 0.000000 0.000000 0.000000 0.000000 0.000000 0.000000 0.000000 0.000000 0.000000 0.000000 0.000000 0.000000 0.000000 0.000000 0.024853 0.000000 0.017035 0.000000 0.000000 0.000000 0.000000 0.000000 0.000000 0.000000 0.009607 0.000000 0.000000 0.002597 0.000000 0.000000 0.000000 0.000000 0.000000 0.000000 0.000000 0.000000 0.000000 0.113932 0.373053 0.122892 0.093721 0.000000 0.000000 0.000000 0.001100 0.000000 0.000000 0.000000 0.000000 0.000000 0.000000 0.000000 0.000000 
0.000000 0.000000 0.000000 0.000000 0.000000 0.000000 0.000000 0.000000 0.000000 0.000000 0.000000 0.019481 0.000000 0.000000 0.003719 0.030684 0.000000 0.000000 0.000000 0.000000 0.000000 0.000000 0.008323 0.000000 0.000000 0.000000 0.000000 0.000000 0.000000 0.000000 0.000000 0.000000 0.006596 0.895185 0.000000 0.000000 0.000000 0.000000 0.000000 0.000000 0.000000 0.000000 0.000000 0.015632 0.000000 0.002803 0.000000 0.000000 0.000000 0.000000 0.000000 0.000000 0.000000 0.000000 0.000000 0.000000 0.000000 0.000000 0.000000 0.000000 0.000000 0.000000 0.000000 0.000000 0.000000 0.000000 0.000000 0.000000 0.000000 0.000000 0.000000 0.000000 0.000000 0.000000 0.000000 0.000000 0.000000 0.000000 0.000000 0.000000 0.000000 0.000000 0.000000 0.000000 0.000000 0.000000 0.000000 0.000000 0.000000 0.000000 0.000000 0.014443 0.000000 0.003133 0.000000 0.000000 
0.141361 0.071894 0.054238 0.005101 0.000000 0.004714 0.002722 0.009661 0.027300 0.001947 0.022036 0.594396 0.064630 
0.048377 0.083308 0.002073 0.019520 0.000000 0.000000 0.001720 0.136185 0.045145 0.503281 0.028867 0.114243 0.017281 
0.028692 0.095069 0.018954 0.047171 0.000000 0.000000 0.001429 0.023704 0.056076 0.535500 0.027862 0.137721 0.027823 
0.027672 0.072233 0.081126 0.001837 0.000000 0.000000 0.039067 0.234376 0.427834 0.020069 0.014809 0.075164 0.005812 
0.282629 0.112328 0.002001 0.003256 0.000000 0.000000 0.003191 0.132864 0.248306 0.126725 0.040702 0.020702 0.027295 
0.100237 0.238948 0.271820 0.001693 0.000000 0.000000 0.055019 0.009665 0.138716 0.035616 0.069718 0.062323 0.016244 
0.006189 0.002650 0.086510 0.589894 0.000000 0.000000 0.000507 0.000940 0.029679 0.187330 0.011926 0.074061 0.010313 
0.154720 0.099101 0.002033 0.245686 0.000000 0.000000 0.179830 0.074739 0.050726 0.024961 0.014866 0.142411 0.010927 
0.219515 0.178107 0.159524 0.056319 0.044483 0.000000 0.086697 0.001051 0.047774 0.001909 0.126787 0.055866 0.021968 
0.207630 0.180903 0.001295 0.024618 0.000000 0.004992 0.035143 0.000804 0.008503 0.018327 0.222569 0.251837 0.043381 
0.308257 0.102030 0.163760 0.025886 0.000000 0.000000 0.017854 0.117355 0.107528 0.058874 0.063485 0.023189 0.011780 
0.268963 0.149535 0.061494 0.017202 0.000000 0.004674 0.109677 0.006028 0.018116 0.012045 0.328997 0.012089 0.011180 
0.022798 0.066971 0.000252 0.031292 0.000000 0.000000 0.028864 0.073412 0.046746 0.001251 0.000972 0.620501 0.106942 
0.252979 0.247607 0.276132 0.012280 0.000000 0.000000 0.022756 0.002012 0.046972 0.019753 0.068962 0.034180 0.016369 
0.034503 0.097980 0.316664 0.016937 0.000000 0.000000 0.000668 0.136134 0.207011 0.103774 0.021078 0.049609 0.015641 
0.233661 0.228512 0.015746 0.006051 0.000000 0.008414 0.036795 0.073824 0.066757 0.016893 0.273245 0.023703 0.016399 
0.048165 0.012881 0.000920 0.003108 0.000000 0.000000 0.016768 0.022345 0.059444 0.586709 0.001912 0.225287 0.022461 
0.065904 0.065417 0.003376 0.353717 0.000000 0.000000 0.034662 0.241643 0.071716 0.061828 0.015075 0.070679 0.015985 
0.147234 0.316993 0.068765 0.022123 0.000000 0.000000 0.126975 0.036304 0.050384 0.069520 0.100697 0.044369 0.016635 
0.241628 0.138096 0.001825 0.111622 0.013804 0.000000 0.006461 0.141046 0.048945 0.059576 0.089223 0.130427 0.017346 
0.173646 0.173481 0.095661 0.023714 0.000000 0.004479 0.388105 0.013731 0.040357 0.001941 0.059288 0.025563 0.000035 
0.288479 0.104338 0.011159 0.150000 0.000000 0.000000 0.034809 0.092069 0.051592 0.100703 0.084474 0.065239 0.017138 
0.285607 0.102721 0.028084 0.009940 0.000000 0.000000 0.030858 0.139896 0.317781 0.004670 0.015757 0.053906 0.010782 
0.086374 0.051944 0.002321 0.005578 0.000000 0.000000 0.002667 0.098022 0.105965 0.339461 0.000176 0.279524 0.027968 
0.120917 0.181952 0.140631 0.010812 0.000000 0.000000 0.057502 0.108332 0.243190 0.016002 0.068529 0.046381 0.005752 
0.111965 0.071900 0.000921 0.020973 0.000000 0.000000 0.239047 0.032284 0.098168 0.008644 0.015645 0.362472 0.037980 
0.063201 0.089175 0.001428 0.020397 0.000000 0.004992 0.001448 0.187176 0.586668 0.012557 0.012655 0.008161 0.012142 
0.169098 0.283772 0.062235 0.048793 0.000000 0.000000 0.025514 0.000524 0.048549 0.002506 0.300501 0.053083 0.005425 
0.164209 0.263469 0.118562 0.033621 0.000000 0.000000 0.040336 0.001432 0.069647 0.071516 0.162598 0.035972 0.038638 
0.160894 0.165755 0.001304 0.006716 0.000000 0.000000 0.342732 0.083724 0.095994 0.055375 0.046784 0.019084 0.021637 
0.158949 0.105611 0.002553 0.013107 0.018624 0.004986 0.031942 0.007942 0.019027 0.485377 0.086126 0.054168 0.011586 
0.193799 0.320359 0.081215 0.040160 0.000000 0.000000 0.064570 0.017942 0.072168 0.030467 0.109508 0.034905 0.034906 
0.157121 0.178804 0.023013 0.044508 0.000000 0.000000 0.054442 0.364841 0.076192 0.039618 0.016378 0.039755 0.005329 
0.017183 0.004501 0.000697 0.344894 0.000000 0.000000 0.000388 0.010750 0.004944 0.008587 0.012768 0.544209 0.051078 
0.047451 0.192320 0.001130 0.022601 0.000000 0.000000 0.001571 0.408205 0.123819 0.111873 0.010939 0.045943 0.034147 
0.311221 0.091212 0.073163 0.024255 0.000000 0.000000 0.029002 0.053302 0.124598 0.002249 0.031385 0.209250 0.050363 
0.128312 0.029615 0.167372 0.187984 0.000000 0.000000 0.000346 0.107508 0.203918 0.001666 0.124239 0.043519 0.005523 
0.483571 0.156862 0.001737 0.009573 0.000000 0.000000 0.035571 0.049960 0.004156 0.100193 0.137514 0.020826 0.000037 
0.099100 0.071636 0.047040 0.016053 0.000000 0.000000 0.000741 0.169293 0.070539 0.468952 0.021647 0.034986 0.000014 
0.282648 0.264915 0.059854 0.007593 0.020709 0.009165 0.015050 0.011932 0.003491 0.004916 0.312206 0.002160 0.005360 
0.032318 0.012338 0.000481 0.578300 0.016507 0.000000 0.009660 0.001130 0.021014 0.249464 0.001319 0.077461 0.000008 
0.043841 0.032763 0.236742 0.458063 0.031514 0.003444 0.000518 0.001293 0.016268 0.041785 0.027192 0.101307 0.005271 
0.203541 0.286348 0.049167 0.003976 0.023979 0.000000 0.018395 0.039755 0.074560 0.044205 0.168608 0.081691 0.005775 
0.040118 0.045289 0.009674 0.049769 0.000000 0.000000 0.000775 0.152846 0.619608 0.024994 0.001838 0.055052 0.000037 
0.184166 0.185366 0.010057 0.054326 0.000000 0.000000 0.067721 0.014283 0.044390 0.001789 0.198545 0.210590 0.028768 
0.028823 0.159810 0.000771 0.033049 0.000000 0.000000 0.216199 0.050000 0.003991 0.413575 0.001292 0.086890 0.005602 
0.063116 0.102392 0.204157 0.040496 0.000000 0.000000 0.025824 0.090028 0.071461 0.333208 0.002766 0.066511 0.000040 
0.085398 0.124187 0.000574 0.016757 0.000000 0.000000 0.007018 0.008391 0.010123 0.003541 0.030107 0.633541 0.080363 
0.307802 0.090144 0.002426 0.000211 0.000000 0.000000 0.041069 0.179196 0.258655 0.004971 0.096508 0.002251 0.016767 
0.033119 0.050969 0.033004 0.003465 0.000000 0.000000 0.008279 0.000614 0.004434 0.002079 0.023096 0.761361 0.079579 
0.301104 0.089340 0.003790 0.003493 0.000000 0.000000 0.019734 0.015381 0.003550 0.244544 0.113765 0.148239 0.057059 
0.188627 0.120202 0.002403 0.039617 0.000000 0.000000 0.001295 0.144140 0.388589 0.040425 0.065889 0.003502 0.005311 
0.182955 0.101898 0.603841 0.002113 0.000000 0.000000 0.000448 0.002523 0.021059 0.023765 0.025865 0.007887 0.027645 
0.037981 0.024716 0.022446 0.199873 0.031962 0.000000 0.000416 0.223938 0.393525 0.004309 0.018913 0.031362 0.010559 
0.165252 0.148102 0.014201 0.266807 0.000000 0.000000 0.029580 0.043881 0.004386 0.126622 0.066212 0.129025 0.005931 
0.178504 0.142000 0.211340 0.014117 0.000000 0.000000 0.018567 0.193141 0.137616 0.014980 0.003349 0.076051 0.010335 
0.201292 0.198100 0.016518 0.023895 0.000000 0.000000 0.102382 0.043999 0.069452 0.000816 0.087421 0.233449 0.022677 
0.240854 0.119093 0.307423 0.000919 0.000000 0.000000 0.037600 0.018807 0.028109 0.032391 0.130676 0.056828 0.027300 
0.019556 0.056730 0.000976 0.010131 0.011748 0.000000 0.005628 0.150940 0.303148 0.235877 0.000608 0.172233 0.032427 
0.043052 0.131998 0.060568 0.007036 0.017109 0.000000 0.001012 0.156324 0.459832 0.034835 0.007270 0.057953 0.023011 
0.110304 0.131007 0.088045 0.029873 0.000000 0.000000 0.490348 0.026117 0.044361 0.003018 0.047891 0.018279 0.010757 
0.031911 0.049615 0.000963 0.188057 0.000000 0.000000 0.023293 0.076567 0.304352 0.056781 0.001688 0.250184 0.016591 
0.026046 0.077130 0.003632 0.097879 0.000000 0.000000 0.139490 0.128475 0.351147 0.105274 0.010315 0.054964 0.005648 
0.446167 0.109687 0.017514 0.016581 0.000000 0.000000 0.293523 0.031383 0.004673 0.005098 0.072512 0.002816 0.000045 
0.103263 0.064288 0.016782 0.013037 0.000000 0.000000 0.037419 0.212375 0.089961 0.220387 0.001918 0.190397 0.050171 
0.068896 0.099188 0.012382 0.160718 0.000000 0.007854 0.054854 0.065973 0.238796 0.115843 0.081100 0.088695 0.005702 
0.211391 0.265276 0.032874 0.009428 0.028597 0.000000 0.162357 0.057444 0.013441 0.123142 0.054232 0.030523 0.011295 
0.124518 0.154109 0.268673 0.013351 0.000000 0.000000 0.016731 0.044180 0.041980 0.232739 0.070370 0.021816 0.011535 
0.102484 0.128785 0.001793 0.274311 0.000000 0.000000 0.068198 0.000893 0.004423 0.002463 0.007491 0.358526 0.050632 
0.302352 0.131923 0.000995 0.073763 0.000000 0.000000 0.065650 0.015397 0.022824 0.023855 0.321796 0.035984 0.005461 
0.262401 0.311985 0.054460 0.023323 0.000000 0.000000 0.053672 0.050113 0.079397 0.010934 0.088511 0.037846 0.027357 
0.104533 0.116962 0.016960 0.043827 0.028946 0.000000 0.029551 0.119249 0.382933 0.011114 0.118288 0.016422 0.011216 
0.075016 0.020521 0.104475 0.159081 0.000000 0.000000 0.039949 0.011470 0.019784 0.087486 0.059902 0.348583 0.073732 
0.105225 0.026056 0.001955 0.326519 0.000000 0.000000 0.011801 0.001942 0.013082 0.044397 0.160148 0.275511 0.033364 
0.251486 0.087777 0.039672 0.398375 0.000000 0.000000 0.020350 0.002812 0.014478 0.033935 0.114390 0.036702 0.000022 
0.103612 0.150250 0.081573 0.017620 0.000000 0.004561 0.015197 0.422068 0.112210 0.013872 0.035184 0.022049 0.021805 
0.077816 0.045801 0.098134 0.003404 0.000000 0.000000 0.022611 0.001479 0.019700 0.004826 0.034681 0.610574 0.080973 
0.351919 0.120713 0.037498 0.002820 0.000000 0.000000 0.059446 0.016267 0.032917 0.001230 0.337350 0.034212 0.005627 
0.340455 0.149340 0.014199 0.027540 0.000000 0.000000 0.029768 0.027951 0.048874 0.009937 0.309418 0.037036 0.005482 
0.127982 0.128024 0.002436 0.010972 0.000000 0.000000 0.033806 0.138044 0.327577 0.050387 0.071907 0.068996 0.039871 
0.015336 0.065436 0.000914 0.068871 0.000000 0.004994 0.033766 0.015832 0.009275 0.088285 0.055167 0.545584 0.096542 
0.340141 0.185793 0.115488 0.011699 0.000000 0.000000 0.026843 0.009343 0.006804 0.003278 0.279317 0.010215 0.011079 
0.141007 0.120840 0.065805 0.056633 0.000000 0.000000 0.132952 0.053562 0.051437 0.143145 0.151963 0.070959 0.011697 
0.130947 0.156606 0.002036 0.000610 0.000000 0.000000 0.000934 0.351630 0.184188 0.011755 0.042785 0.091270 0.027239 
0.220544 0.034045 0.592044 0.000849 0.000000 0.000000 0.000259 0.000719 0.038207 0.000898 0.073343 0.022991 0.016102 
0.141712 0.056791 0.379710 0.001136 0.000000 0.000000 0.000495 0.111807 0.049296 0.010689 0.089833 0.153146 0.005385 
0.221129 0.229940 0.053408 0.035409 0.000000 0.004718 0.071092 0.021565 0.036142 0.008530 0.275787 0.031397 0.010883 
0.062257 0.059080 0.034405 0.001631 0.000000 0.000000 0.042142 0.331406 0.424509 0.010360 0.005534 0.023136 0.005541 
0.158334 0.115963 0.056443 0.000352 0.000000 0.000000 0.021082 0.032538 0.086116 0.496747 0.012399 0.009580 0.010446 
0.071149 0.155708 0.001640 0.008148 0.000000 0.000000 0.050361 0.042820 0.106301 0.489414 0.032502 0.031472 0.010484 
0.121870 0.079562 0.001354 0.024636 0.000000 0.004992 0.002048 0.409000 0.217777 0.021950 0.030765 0.069940 0.016107 
0.071841 0.062375 0.011375 0.003861 0.000000 0.000000 0.001632 0.002374 0.022478 0.047314 0.001719 0.671845 0.103187 
0.185228 0.072247 0.097631 0.000965 0.000000 0.000000 0.012583 0.005764 0.016465 0.477671 0.085961 0.045451 0.000034 
0.383679 0.086611 0.002610 0.048305 0.000000 0.000000 0.026799 0.041190 0.018395 0.071748 0.039996 0.227536 0.053132 
0.024574 0.068104 0.001678 0.003497 0.000000 0.000000 0.000828 0.292687 0.541492 0.022103 0.000780 0.022997 0.021259 
0.409516 0.186554 0.001646 0.049774 0.000000 0.000000 0.026564 0.042656 0.014951 0.003780 0.138875 0.103536 0.022149 
0.136049 0.171154 0.029265 0.023786 0.020164 0.000000 0.083016 0.062796 0.205582 0.001546 0.202241 0.052707 0.011695 
0.226733 0.205418 0.001531 0.000081 0.000000 0.000000 0.428694 0.027192 0.027763 0.001618 0.060984 0.014445 0.005540 
0.201202 0.222313 0.002445 0.004301 0.000000 0.000000 0.042344 0.000559 0.049157 0.069614 0.168229 0.212470 0.027366 
0.072646 0.072587 0.000718 0.022639 0.000000 0.000000 0.002585 0.192436 0.109564 0.014805 0.001505 0.445111 0.065405 
0.160629 0.133541 0.493187 0.013736 0.000000 0.000000 0.022443 0.018530 0.067615 0.002323 0.056588 0.031379 0.000028 
0.190760 0.038550 0.308786 0.094036 0.032855 0.000000 0.000473 0.004929 0.016293 0.002159 0.014707 0.270255 0.026199 
0.090548 0.079298 0.276755 0.054438 0.000000 0.000000 0.000849 0.050008 0.063136 0.001936 0.005873 0.314385 0.062773 
0.209009 0.107084 0.000865 0.099244 0.000000 0.000000 0.323095 0.029901 0.019769 0.034328 0.154389 0.022280 0.000035 
0.505969 0.074850 0.061806 0.110525 0.000000 0.000000 0.042112 0.052322 0.010745 0.048701 0.056981 0.035934 0.000054 
0.043481 0.108375 0.001159 0.012905 0.000000 0.000000 0.040858 0.276329 0.091899 0.343751 0.023186 0.047283 0.010774 
0.027586 0.051529 0.003571 0.603903 0.000000 0.000000 0.005474 0.040470 0.071252 0.022858 0.046119 0.106168 0.021071 
0.460656 0.079923 0.002857 0.001867 0.000000 0.000000 0.033366 0.036287 0.023975 0.230493 0.062989 0.067542 0.000045 
0.036246 0.128537 0.001492 0.009001 0.000000 0.000000 0.058924 0.037180 0.003380 0.576463 0.062159 0.086593 0.000025 
0.337062 0.204922 0.007816 0.017762 0.000000 0.000000 0.044232 0.037815 0.007299 0.115779 0.188616 0.038649 0.000046 
0.235506 0.245349 0.054017 0.011649 0.012022 0.000000 0.083268 0.000272 0.022066 0.002600 0.276866 0.045390 0.010996 
0.159542 0.209612 0.290531 0.038837 0.000000 0.000000 0.002270 0.025741 0.015974 0.024906 0.094617 0.116543 0.021429 
0.066989 0.148640 0.001463 0.018785 0.000000 0.000000 0.035413 0.405956 0.148222 0.040975 0.024398 0.069311 0.039849 
0.410558 0.073227 0.174977 0.001266 0.000000 0.009301 0.036884 0.031221 0.019650 0.133517 0.032290 0.043612 0.033496 
0.128040 0.219944 0.026058 0.318008 0.000000 0.000000 0.086690 0.013615 0.009916 0.003151 0.075492 0.119046 0.000041 
0.101940 0.091396 0.003747 0.025305 0.000000 0.000000 0.042533 0.018097 0.041072 0.562861 0.058085 0.049434 0.005530 
0.572029 0.065667 0.127376 0.013773 0.000000 0.000000 0.042350 0.019571 0.010937 0.004902 0.117301 0.014870 0.011223 
0.237109 0.181669 0.001265 0.000377 0.000000 0.000000 0.391948 0.053647 0.035241 0.011784 0.054780 0.021399 0.010782 
0.142315 0.080586 0.200208 0.014214 0.000000 0.000000 0.050705 0.034417 0.012080 0.002361 0.009578 0.374232 0.079305 
0.081227 0.032222 0.024449 0.027431 0.000000 0.000000 0.022825 0.195878 0.255649 0.013038 0.014029 0.291649 0.041603 
0.131677 0.112917 0.332448 0.022747 0.000000 0.000000 0.016658 0.010250 0.013587 0.006671 0.039922 0.264982 0.048140 
0.096949 0.103585 0.003306 0.005842 0.000000 0.000000 0.068439 0.021488 0.069966 0.484602 0.081432 0.064360 0.000032 
0.150199 0.167226 0.045841 0.128224 0.000000 0.000000 0.069228 0.108645 0.200792 0.000980 0.057630 0.050091 0.021144 
0.068916 0.023305 0.565456 0.019329 0.000000 0.000000 0.000386 0.028084 0.163264 0.001839 0.008657 0.098079 0.022684 
0.122810 0.134824 0.024975 0.395970 0.000000 0.000000 0.000800 0.024028 0.064442 0.042835 0.054553 0.124212 0.010550 
0.516260 0.125146 0.090742 0.001124 0.000000 0.000000 0.054932 0.066586 0.011405 0.014307 0.117531 0.001933 0.000032 
0.284755 0.141795 0.067371 0.051831 0.000000 0.004641 0.060586 0.001281 0.010999 0.007090 0.337991 0.031628 0.000031 
0.106903 0.197749 0.039359 0.017007 0.000000 0.000000 0.436472 0.011468 0.083016 0.011773 0.061848 0.018580 0.015825 
0.265765 0.074521 0.392177 0.000755 0.000000 0.008385 0.040609 0.041289 0.051348 0.011754 0.062577 0.033836 0.016983 
0.153187 0.111956 0.000991 0.290473 0.000000 0.000000 0.033424 0.019655 0.039424 0.001050 0.086551 0.226600 0.036690 
0.496128 0.169267 0.010925 0.041076 0.000000 0.004944 0.051251 0.038265 0.009028 0.008323 0.056905 0.108439 0.005448 
0.088020 0.153899 0.495134 0.015697 0.000000 0.000000 0.015401 0.016302 0.024245 0.098902 0.045006 0.032300 0.015092 
0.079953 0.189073 0.001195 0.056980 0.000000 0.000000 0.346295 0.120942 0.109140 0.035133 0.013511 0.036949 0.010828 
0.440213 0.156365 0.034915 0.034092 0.000000 0.000000 0.000643 0.112642 0.011869 0.035344 0.127033 0.046839 0.000044 
0.028295 0.058972 0.038147 0.011696 0.000000 0.000000 0.012942 0.340295 0.422232 0.037732 0.013049 0.031330 0.005310 
0.294754 0.331773 0.001299 0.002141 0.000000 0.000000 0.023351 0.024337 0.068822 0.001290 0.104155 0.125479 0.022598 
0.184980 0.145294 0.033782 0.062044 0.000000 0.000000 0.422800 0.066630 0.008281 0.046579 0.019255 0.010327 0.000029 
0.304936 0.107320 0.232743 0.024791 0.000000 0.000000 0.107841 0.034852 0.036677 0.021079 0.075775 0.032074 0.021914 
0.106541 0.125029 0.001530 0.023644 0.000000 0.000000 0.000969 0.456989 0.139534 0.057732 0.028552 0.042237 0.017244 
0.379524 0.169275 0.018765 0.022306 0.029679 0.000000 0.039280 0.077846 0.083572 0.001583 0.144780 0.027737 0.005653 
0.042966 0.015202 0.000671 0.048727 0.000000 0.000000 0.004749 0.000741 0.005968 0.001079 0.006684 0.744007 0.129207 
0.119705 0.092252 0.025502 0.005659 0.000000 0.000000 0.000721 0.010525 0.007068 0.023174 0.010244 0.612524 0.092626 
0.186019 0.277749 0.015307 0.014961 0.000000 0.007012 0.247703 0.014782 0.015694 0.006120 0.179750 0.023950 0.010952 
0.105510 0.314739 0.047033 0.012501 0.024381 0.000000 0.091787 0.165315 0.099121 0.001792 0.066545 0.054457 0.016819 
0.155188 0.175164 0.001238 0.027288 0.000000 0.000000 0.103610 0.019307 0.005736 0.037779 0.128396 0.281773 0.064520 
0.189395 0.390047 0.068580 0.016681 0.000000 0.000000 0.075635 0.027627 0.011800 0.005099 0.132122 0.041424 0.041589 
0.075255 0.102580 0.005135 0.000080 0.000000 0.000000 0.000453 0.320360 0.433132 0.033560 0.000857 0.012864 0.015724 
0.055862 0.061550 0.014093 0.230836 0.000000 0.000000 0.069714 0.014025 0.009390 0.020539 0.040321 0.405024 0.078646 
0.077490 0.074127 0.018606 0.009349 0.000000 0.000000 0.044747 0.012173 0.059368 0.557421 0.039354 0.085475 0.021889 
0.167521 0.119111 0.067376 0.208774 0.000000 0.004641 0.105492 0.009532 0.012540 0.044665 0.105815 0.143159 0.011375 
0.527427 0.185847 0.095105 0.000629 0.000000 0.000000 0.038405 0.045412 0.025418 0.004386 0.063431 0.013887 0.000052 
0.141044 0.061838 0.002027 0.286280 0.000000 0.000000 0.018458 0.030518 0.044679 0.010827 0.034126 0.334992 0.035211 
0.069720 0.073757 0.074117 0.019496 0.000000 0.000000 0.045132 0.257843 0.047497 0.359795 0.018971 0.033653 0.000019 
0.061453 0.112047 0.019948 0.154105 0.000000 0.000000 0.011203 0.115548 0.279276 0.107813 0.045210 0.088026 0.005372 
0.204079 0.145964 0.274965 0.014527 0.000000 0.002861 0.001205 0.001784 0.085188 0.026654 0.047430 0.162630 0.032713 
0.054764 0.007428 0.010413 0.677614 0.000000 0.004947 0.001310 0.012205 0.061558 0.039017 0.005185 0.125512 0.000048 
0.024063 0.045609 0.004235 0.004289 0.000000 0.000000 0.009306 0.217256 0.661564 0.011667 0.004449 0.002203 0.015358 
0.201635 0.062410 0.530706 0.008048 0.000000 0.000000 0.009740 0.002242 0.066772 0.001688 0.081277 0.018561 0.016921 
0.252476 0.081094 0.446774 0.001429 0.000000 0.000000 0.061341 0.030581 0.004940 0.028205 0.063868 0.023708 0.005585 
0.005187 0.027464 0.000282 0.006948 0.000000 0.000000 0.099270 0.050878 0.033048 0.732615 0.006549 0.032335 0.005424 
0.002228 0.025190 0.000267 0.853393 0.000000 0.000000 0.000556 0.000800 0.000516 0.000811 0.006976 0.103714 0.005549 
0.126965 0.180984 0.171913 0.029128 0.000000 0.000000 0.183068 0.021324 0.059602 0.004093 0.045296 0.140018 0.037608 
0.143772 0.054550 0.001309 0.439684 0.000000 0.000000 0.001018 0.006585 0.001783 0.110477 0.125707 0.115106 0.000010 
0.283218 0.018673 0.003519 0.000528 0.000000 0.000000 0.093325 0.026765 0.009456 0.509029 0.023999 0.031460 0.000030 
0.367912 0.190083 0.057797 0.008996 0.000000 0.000000 0.243419 0.044698 0.016704 0.001954 0.065722 0.002700 0.000016 
0.050553 0.052519 0.078339 0.002835 0.000000 0.000000 0.001039 0.048148 0.025046 0.673049 0.025340 0.037726 0.005406 
0.464707 0.077527 0.167593 0.023287 0.000000 0.000000 0.012028 0.033508 0.079278 0.022783 0.088609 0.025365 0.005315 
0.284457 0.226884 0.041691 0.020408 0.000000 0.000000 0.048126 0.022988 0.023670 0.006793 0.290984 0.006782 0.027215 
0.200329 0.084458 0.554449 0.025035 0.000000 0.000000 0.000958 0.018597 0.055885 0.006402 0.013666 0.029719 0.010502 
0.004345 0.036150 0.000814 0.015692 0.000000 0.000000 0.025979 0.030805 0.041187 0.829871 0.003103 0.012025 0.000029 
0.247744 0.101220 0.085750 0.000491 0.043548 0.006063 0.138519 0.015734 0.018512 0.023704 0.250718 0.045196 0.022800 
0.346920 0.116834 0.241012 0.048370 0.000000 0.000000 0.011185 0.015734 0.092289 0.004842 0.105915 0.011320 0.005581 
0.193162 0.129366 0.025749 0.016738 0.000000 0.000000 0.082992 0.132624 0.238563 0.044728 0.067743 0.051646 0.016690 
0.094456 0.273993 0.000899 0.010136 0.000000 0.000000 0.227837 0.039454 0.091308 0.073865 0.033341 0.125931 0.028780 
0.204109 0.269435 0.045227 0.039528 0.000000 0.006532 0.114711 0.033190 0.067766 0.022236 0.168172 0.011455 0.017638 
0.114087 0.178377 0.000899 0.027053 0.000000 0.000000 0.446478 0.033042 0.088361 0.003787 0.082055 0.025817 0.000044 
0.101590 0.113294 0.001624 0.001777 0.000000 0.000000 0.023755 0.164396 0.457121 0.018543 0.077962 0.023108 0.016831 
0.101890 0.101201 0.048663 0.125858 0.000000 0.014107 0.014030 0.155995 0.107623 0.045294 0.128512 0.127678 0.029148 
0.038410 0.111654 0.010446 0.056287 0.000000 0.000000 0.071213 0.041689 0.004110 0.261925 0.017970 0.335172 0.051123 
0.098823 0.193009 0.516833 0.006095 0.000000 0.000000 0.021957 0.031785 0.012250 0.008463 0.072330 0.027496 0.010958 
0.534268 0.125515 0.057415 0.019274 0.000000 0.000000 0.042852 0.045886 0.034190 0.036976 0.101763 0.001830 0.000033 
0.196166 0.141990 0.021659 0.024701 0.000000 0.000000 0.101209 0.022488 0.002629 0.005724 0.057289 0.382426 0.043718 
0.161869 0.262713 0.058965 0.006616 0.000000 0.004687 0.048693 0.009549 0.077602 0.028221 0.196163 0.123127 0.021797 
0.245626 0.054041 0.513673 0.002001 0.000000 0.000000 0.000476 0.079665 0.059555 0.003200 0.003383 0.017403 0.020977 
0.022284 0.160841 0.028332 0.030120 0.000000 0.000000 0.039063 0.192268 0.102233 0.015037 0.021225 0.341968 0.046630 
0.016730 0.052758 0.010806 0.072692 0.000000 0.000000 0.013818 0.190360 0.561749 0.051759 0.001304 0.017129 0.010897 
0.006808 0.114676 0.031808 0.001268 0.000000 0.000000 0.000326 0.168432 0.566338 0.051799 0.011693 0.026076 0.020776 
0.054526 0.019973 0.001216 0.038431 0.000000 0.000000 0.034143 0.015441 0.004051 0.192826 0.007965 0.584013 0.047416 
0.057182 0.024363 0.001329 0.001636 0.000000 0.000000 0.000528 0.158000 0.669617 0.001759 0.000281 0.085280 0.000026 
0.104683 0.122936 0.022781 0.035941 0.000000 0.000000 0.383420 0.038732 0.053264 0.065588 0.014482 0.124652 0.033520 
0.250630 0.111080 0.083244 0.058294 0.000000 0.000000 0.165967 0.158265 0.004731 0.060491 0.093624 0.002627 0.011048 
0.148466 0.187007 0.002205 0.004058 0.000000 0.004988 0.066000 0.105394 0.147633 0.133530 0.115705 0.084955 0.000059 
0.108158 0.104271 0.478643 0.006322 0.000000 0.000000 0.045699 0.018921 0.016154 0.135614 0.023540 0.045391 0.017287 
0.154391 0.207569 0.005302 0.036180 0.000000 0.000000 0.443224 0.040754 0.044306 0.002204 0.052138 0.003027 0.010904 
0.044095 0.077497 0.000902 0.610410 0.000000 0.000000 0.000579 0.099718 0.006041 0.033602 0.013420 0.107866 0.005868 
0.116044 0.057456 0.560840 0.047417 0.000000 0.000000 0.011371 0.011781 0.066655 0.004458 0.073818 0.039112 0.011048 
0.021204 0.039187 0.007092 0.501975 0.000000 0.000000 0.007687 0.122949 0.144956 0.054872 0.007320 0.087516 0.005240 
0.094253 0.099211 0.001703 0.051909 0.000000 0.000000 0.001115 0.378949 0.211654 0.055704 0.076434 0.018292 0.010775 
0.210016 0.154170 0.038968 0.007443 0.017505 0.000000 0.078710 0.002407 0.036818 0.015260 0.200053 0.209761 0.028888 
0.105770 0.226982 0.002120 0.005135 0.000000 0.000000 0.024254 0.018890 0.096951 0.404890 0.045737 0.052324 0.016947 
0.065409 0.098030 0.141279 0.297303 0.000000 0.000000 0.031677 0.177535 0.038266 0.001336 0.003324 0.117115 0.028724 
0.205617 0.197402 0.152269 0.037490 0.035122 0.000000 0.014079 0.016214 0.003119 0.068885 0.163681 0.089357 0.016764 
0.178318 0.068960 0.002321 0.014637 0.000000 0.000000 0.001004 0.076789 0.480366 0.023967 0.006835 0.108599 0.038205 
0.007754 0.045580 0.000345 0.003303 0.000000 0.000000 0.001086 0.016114 0.072051 0.319528 0.000118 0.443039 0.091084 
0.191463 0.214393 0.030034 0.011587 0.000000 0.000000 0.365026 0.001059 0.047024 0.038978 0.052395 0.047990 0.000051 
0.093515 0.064697 0.104520 0.348814 0.000000 0.000000 0.000557 0.059642 0.084269 0.135286 0.004509 0.093914 0.010277 
0.175172 0.092767 0.052152 0.337770 0.000000 0.000000 0.016136 0.002142 0.029209 0.051941 0.055392 0.155007 0.032312 
0.083592 0.026162 0.001039 0.610413 0.000000 0.004993 0.001276 0.019108 0.034889 0.004664 0.110079 0.093113 0.010671 
0.031610 0.118650 0.008960 0.082962 0.026654 0.000000 0.000657 0.150330 0.488860 0.017593 0.000960 0.045153 0.027610 
0.074099 0.066492 0.002001 0.003774 0.000000 0.000000 0.002692 0.281193 0.473999 0.021366 0.020202 0.036801 0.017382 
0.024839 0.109178 0.001181 0.007441 0.000000 0.000000 0.003521 0.120766 0.149093 0.012152 0.024383 0.487774 0.059673 
0.133925 0.193640 0.000878 0.007476 0.000000 0.000000 0.360854 0.035009 0.060514 0.121237 0.050209 0.030305 0.005952 
0.119639 0.243841 0.001725 0.001780 0.000000 0.000000 0.346949 0.012191 0.106546 0.046388 0.113047 0.002063 0.005829 
0.072555 0.173913 0.050693 0.014642 0.000000 0.000000 0.014016 0.315942 0.218861 0.003982 0.070421 0.044085 0.020889 
0.176315 0.319010 0.036535 0.002978 0.000000 0.000000 0.090914 0.029483 0.065493 0.007021 0.142083 0.103036 0.027132 
0.300212 0.212397 0.002339 0.011481 0.030677 0.009990 0.049048 0.001187 0.043266 0.003613 0.300507 0.035257 0.000025 
0.095084 0.144293 0.000822 0.021774 0.000000 0.000000 0.001775 0.253509 0.430756 0.010739 0.022550 0.006676 0.012020 
0.582058 0.143190 0.061256 0.000395 0.000000 0.000000 0.045921 0.044825 0.021660 0.003673 0.042725 0.037226 0.017072 
0.136244 0.050241 0.000528 0.051267 0.000000 0.000000 0.031309 0.016540 0.033755 0.615778 0.000765 0.058050 0.005524 
0.059720 0.064436 0.001680 0.003963 0.000000 0.000000 0.059073 0.051434 0.007262 0.707721 0.013520 0.025713 0.005477 
0.449598 0.112880 0.086530 0.000658 0.000000 0.004532 0.050190 0.094284 0.119144 0.017581 0.048553 0.016024 0.000026 
0.012272 0.050961 0.001114 0.574684 0.020126 0.000000 0.000805 0.078528 0.080066 0.029726 0.005774 0.145937 0.000007 
0.430225 0.263491 0.107657 0.019917 0.000000 0.000000 0.055757 0.019218 0.004045 0.004518 0.093063 0.002066 0.000042 
0.267963 0.125529 0.013595 0.009870 0.000000 0.000000 0.057322 0.249401 0.118607 0.074824 0.020900 0.029408 0.032581 
0.280951 0.111429 0.306003 0.017532 0.000000 0.000000 0.004938 0.074791 0.067389 0.003258 0.085714 0.037127 0.010868 
0.320889 0.175505 0.001327 0.005428 0.020589 0.007076 0.091242 0.026093 0.019183 0.003226 0.267236 0.046362 0.015844 
0.067446 0.068969 0.019639 0.032383 0.000000 0.004899 0.042931 0.019375 0.081043 0.390707 0.090133 0.167073 0.015402 
0.064323 0.062444 0.000734 0.131426 0.000000 0.000000 0.037239 0.150603 0.115841 0.007653 0.041192 0.324252 0.064294 
0.074549 0.047717 0.000976 0.025119 0.000000 0.008005 0.050878 0.011470 0.024611 0.638481 0.072263 0.045877 0.000055 
0.090055 0.077419 0.010564 0.001617 0.000000 0.009887 0.001506 0.246920 0.102045 0.331357 0.048436 0.057177 0.023015 
0.578509 0.113120 0.030849 0.023818 0.000000 0.000000 0.075115 0.048421 0.034115 0.003851 0.069547 0.022629 0.000025 
0.145662 0.346563 0.116061 0.018599 0.000000 0.000000 0.030087 0.001943 0.091199 0.038550 0.140865 0.059841 0.010629 
0.049626 0.045122 0.000206 0.102129 0.000000 0.000000 0.023713 0.058099 0.023765 0.004382 0.000838 0.563571 0.128549 
0.019498 0.081901 0.000488 0.173300 0.000000 0.000000 0.001343 0.011209 0.021556 0.622623 0.000983 0.067070 0.000028 
0.105730 0.208654 0.043831 0.084119 0.000000 0.000000 0.034943 0.087725 0.268573 0.003106 0.031192 0.109833 0.022294 
0.162585 0.211888 0.007898 0.002066 0.000000 0.000000 0.368359 0.040884 0.031667 0.034477 0.097308 0.037428 0.005442 
0.025276 0.061838 0.024244 0.047591 0.000000 0.000000 0.082628 0.033510 0.021072 0.363486 0.000691 0.305733 0.033930 
0.013959 0.090694 0.000650 0.023560 0.011833 0.000000 0.019294 0.309189 0.462045 0.001753 0.000998 0.042938 0.023089 
0.153780 0.303491 0.104127 0.027508 0.000000 0.004429 0.000821 0.013363 0.145532 0.047863 0.118976 0.051753 0.028356 
0.054252 0.061104 0.017502 0.082120 0.000000 0.004910 0.002092 0.042637 0.006850 0.590725 0.066695 0.071087 0.000026 
0.343288 0.252544 0.001440 0.001792 0.000000 0.008384 0.038851 0.001089 0.030508 0.011893 0.259679 0.039986 0.010544 
0.177068 0.198952 0.002143 0.020367 0.033617 0.009041 0.021193 0.173336 0.081890 0.046679 0.143115 0.087198 0.005400 
0.403721 0.108746 0.005053 0.005097 0.000000 0.000000 0.027540 0.067118 0.006872 0.281137 0.071230 0.023446 0.000040 
