-391526.637696
0
0.002838 0.000000 0.000000 0.000000 0.000000 0.000000 0.000000 0.000000 0.002017 0.000544 0.000000 0.000001 0.013976 0.001433 0.007816 0.020098 0.025801 0.011015 0.017589 0.027430 0.054348 0.008434 0.004510 0.022802 0.005266 0.000000 0.000000 0.003562 0.000000 0.000000 0.000000 0.000000 0.002103 0.000000 0.000002 0.003798 0.007146 0.002022 0.000000 0.002437 0.021457 0.012354 0.019880 0.040515 0.035745 0.008666 0.014370 0.085927 0.008198 0.007379 0.000000 0.007447 0.000000 0.000901 0.000000 0.000000 0.000000 0.000003 0.000000 0.005714 0.000000 0.000000 0.000000 0.000856 0.005476 0.014032 0.012934 0.017167 0.006478 0.000000 0.003043 0.022892 0.025651 0.000010 0.000000 0.042832 0.000000 0.000000 0.000000 0.000000 0.000000 0.000000 0.000001 0.002752 0.025497 0.000000 0.020200 0.012190 0.017941 0.018865 0.011145 0.043952 0.080366 0.007665 0.011264 0.081247 
0.000001 0.000000 0.000000 0.010495 0.000000 0.001286 0.000000 0.000000 0.000002 0.000006 0.000000 0.006160 0.000002 0.000000 0.000000 0.000000 0.003496 0.002099 0.000001 0.000906 0.000000 0.002826 0.001788 0.015669 0.000000 0.000000 0.000000 0.015071 0.000000 0.000000 0.000000 0.000000 0.000022 0.000000 0.003711 0.001206 0.000000 0.000000 0.000000 0.000000 0.001030 0.002413 0.000000 0.000004 0.000000 0.000949 0.004767 0.019311 0.000002 0.000000 0.000000 0.006241 0.000000 0.000000 0.000000 0.001295 0.000000 0.006789 0.017469 0.014282 0.000000 0.000000 0.000000 0.000000 0.003152 0.011244 0.004537 0.013898 0.000000 0.001939 0.000000 0.002933 0.047418 0.010352 0.003259 0.355547 0.000000 0.000000 0.000000 0.000000 0.000000 0.013583 0.243150 0.041506 0.000000 0.000000 0.000000 0.001560 0.003745 0.008524 0.006043 0.011617 0.000000 0.009536 0.001852 0.065307 
0.000620 0.000000 0.000000 0.000000 0.000000 0.000000 0.000000 0.000000 0.000001 0.020923 0.000000 0.003774 0.001277 0.000000 0.002334 0.004935 0.000000 0.000000 0.000389 0.000964 0.000000 0.000000 0.001259 0.000000 0.000000 0.000000 0.000000 0.000002 0.000000 0.000000 0.000000 0.000000 0.085558 0.109500 0.019873 0.077640 0.000000 0.001384 0.000000 0.001427 0.001724 0.000000 0.000000 0.005696 0.000000 0.000835 0.000689 0.001948 0.000001 0.000000 0.000000 0.000001 0.000000 0.000000 0.000000 0.000000 0.000000 0.021352 0.000000 0.014712 0.000000 0.000000 0.000000 0.000000 0.000036 0.000000 0.001653 0.009677 0.000000 0.000000 0.001050 0.000000 0.000028 0.001323 0.000000 0.000001 0.000000 0.000000 0.000000 0.000000 0.121002 0.285242 0.102108 0.083978 0.000000 0.001106 0.001318 0.002027 0.001911 0.000000 0.002219 0.003640 0.000000 0.001017 0.000306 0.001536 
0.047266 0.035820 0.030033 0.026522 0.006739 0.001128 0.000000 0.000000 0.011490 0.003285 0.000000 0.000001 0.003900 0.000921 0.007895 0.000000 0.000000 0.000000 0.005429 0.000003 0.000000 0.000000 0.000000 0.000000 0.059456 0.088074 0.011213 0.058125 0.007605 0.005761 0.005034 0.004094 0.015969 0.011658 0.007368 0.010951 0.006665 0.010636 0.041985 0.012003 0.005212 0.000000 0.010214 0.001323 0.000000 0.001222 0.002792 0.000000 0.052406 0.051356 0.033494 0.033346 0.004711 0.009324 0.009264 0.002731 0.000000 0.004259 0.000000 0.003118 0.009537 0.004250 0.010843 0.002255 0.003604 0.000000 0.003554 0.000002 0.000000 0.000000 0.000000 0.000000 0.044692 0.066944 0.011965 0.053438 0.000000 0.006453 0.001397 0.000000 0.000000 0.000000 0.000001 0.002650 0.005387 0.004173 0.007050 0.000000 0.000001 0.000000 0.000001 0.000001 0.000000 0.000000 0.000000 0.000002 
0.000001 0.000000 0.000000 0.000000 0.000000 0.000580 0.000000 0.000000 0.008541 0.002407 0.000000 0.001920 0.000379 0.000000 0.000000 0.000000 0.000000 0.000000 0.000001 0.000941 0.000000 0.000000 0.000000 0.000000 0.000000 0.000000 0.000000 0.000004 0.000000 0.000000 0.000000 0.000000 0.010237 0.000000 0.005206 0.007836 0.000000 0.000001 0.000000 0.000000 0.000452 0.000000 0.000000 0.000424 0.000000 0.000001 0.000005 0.000000 0.002223 0.000000 0.000000 0.000002 0.000000 0.000000 0.000000 0.000854 0.007069 0.000002 0.000000 0.000119 0.000000 0.000000 0.000370 0.000550 0.000001 0.000000 0.000004 0.000002 0.000000 0.000000 0.001129 0.000000 0.015413 0.004844 0.001388 0.000001 0.042407 0.000000 0.001572 0.073508 0.454438 0.072287 0.037021 0.245853 0.000000 0.000000 0.000000 0.000000 0.000001 0.000000 0.000001 0.000001 0.000000 0.000000 0.000000 0.000002 
0.003940 0.003827 0.000000 0.001498 0.000000 0.001269 0.000000 0.000000 0.032098 0.017330 0.154838 0.016092 0.001548 0.003089 0.000000 0.005409 0.011399 0.005598 0.018019 0.005361 0.000000 0.001518 0.000000 0.003213 0.007876 0.015274 0.006535 0.039887 0.000000 0.000000 0.000000 0.000000 0.009913 0.010518 0.107962 0.006963 0.000000 0.002926 0.000000 0.000000 0.005905 0.004106 0.020771 0.002198 0.000000 0.003354 0.002891 0.008575 0.004042 0.006656 0.000000 0.006881 0.000000 0.002767 0.000000 0.000651 0.055952 0.062834 0.140347 0.043320 0.000000 0.001882 0.000000 0.000925 0.014003 0.006106 0.008766 0.007046 0.000000 0.000926 0.000000 0.002032 0.001415 0.004914 0.001684 0.000001 0.000000 0.000000 0.000000 0.000000 0.000000 0.000000 0.046390 0.002373 0.001143 0.000336 0.000000 0.000000 0.008027 0.003340 0.011958 0.002860 0.000000 0.001329 0.001273 0.006124 
0.026580 0.022802 0.000000 0.022752 0.020040 0.010676 0.004095 0.019947 0.022233 0.008971 0.004125 0.020176 0.012669 0.011317 0.013231 0.015910 0.026058 0.011501 0.018248 0.024096 0.000000 0.001168 0.008781 0.003902 0.021400 0.011946 0.000000 0.012636 0.013649 0.011638 0.003288 0.019313 0.011917 0.002652 0.000001 0.021653 0.009107 0.014110 0.013164 0.020514 0.007395 0.015557 0.009581 0.014271 0.000000 0.003591 0.008954 0.000000 0.013486 0.011316 0.000000 0.015394 0.008611 0.008279 0.000000 0.014095 0.012711 0.005149 0.000000 0.009061 0.007540 0.006902 0.010636 0.014197 0.010379 0.007872 0.008224 0.010276 0.001576 0.002255 0.011918 0.004873 0.019702 0.016149 0.002482 0.020805 0.009945 0.014882 0.002270 0.020211 0.000000 0.000000 0.000000 0.007080 0.012132 0.010242 0.006877 0.023716 0.011780 0.011623 0.006453 0.011712 0.000000 0.004831 0.009495 0.007248 
0.000080 0.000005 0.695560 0.085590 0.000007 0.022941 0.195818 
0.000113 0.535175 0.137558 0.000097 0.000010 0.225994 0.101054 
0.000123 0.563707 0.178175 0.000132 0.033568 0.094605 0.129690 
0.052968 0.000010 0.074076 0.108953 0.000007 0.725798 0.038188 
0.000117 0.119556 0.038245 0.078729 0.000006 0.422512 0.340835 
0.117511 0.000009 0.081621 0.276723 0.000006 0.152043 0.372087 
0.000056 0.201921 0.033399 0.103382 0.648940 0.007354 0.004947 
0.246811 0.000010 0.127700 0.046311 0.280959 0.150935 0.147274 
0.103877 0.000005 0.082936 0.193917 0.050643 0.025720 0.542902 
0.040928 0.000009 0.329259 0.000088 0.000009 0.001848 0.627859 
0.019953 0.054464 0.026250 0.274362 0.026276 0.242663 0.356032 
0.116575 0.000007 0.015746 0.052883 0.015910 0.002942 0.795937 
0.017275 0.000005 0.796411 0.000027 0.000010 0.147344 0.038928 
0.029416 0.000009 0.060750 0.334793 0.000009 0.042736 0.532287 
0.000093 0.094437 0.078200 0.343221 0.000011 0.381738 0.102301 
0.040812 0.000009 0.044117 0.013923 0.000008 0.158042 0.743089 
0.013934 0.623354 0.238263 0.000136 0.000007 0.076059 0.048247 
0.025599 0.067722 0.052839 0.000129 0.393047 0.365026 0.095638 
0.197586 0.047215 0.082642 0.043130 0.000010 0.110608 0.518809 
0.000113 0.053746 0.142727 0.000112 0.117791 0.242953 0.442559 
0.485009 0.000005 0.023945 0.117057 0.025672 0.051884 0.296427 
0.038208 0.100115 0.068133 0.081319 0.162193 0.159344 0.390688 
0.019925 0.000008 0.072991 0.088945 0.000010 0.472133 0.345989 
0.000127 0.357343 0.326392 0.066258 0.000007 0.233427 0.016447 
0.091491 0.000008 0.063693 0.152186 0.000010 0.393803 0.298809 
0.263866 0.000008 0.428543 0.000118 0.000008 0.136923 0.170533 
0.000127 0.000012 0.001508 0.000125 0.019969 0.875899 0.102359 
0.033070 0.000006 0.060980 0.026705 0.044589 0.023364 0.811286 
0.063430 0.045600 0.116206 0.112715 0.000010 0.053156 0.608883 
0.434125 0.029529 0.041368 0.000098 0.000008 0.214235 0.280637 
0.000150 0.525012 0.064945 0.000115 0.000010 0.017185 0.392583 
0.120247 0.000009 0.112781 0.074111 0.000010 0.090903 0.601940 
0.068437 0.058977 0.046155 0.023339 0.036835 0.525333 0.240923 
0.000056 0.006390 0.555483 0.000110 0.396326 0.016448 0.025186 
0.000142 0.116523 0.096749 0.000084 0.000009 0.652111 0.134382 
0.032861 0.000006 0.296843 0.196596 0.000008 0.180875 0.292811 
0.000041 0.000005 0.005577 0.205511 0.229605 0.300944 0.258317 
0.035168 0.109588 0.008977 0.057775 0.012731 0.054843 0.720920 
0.000082 0.506700 0.008676 0.071675 0.020460 0.275020 0.117387 
0.013308 0.000006 0.001134 0.035093 0.006524 0.004246 0.939690 
0.010713 0.264448 0.001716 0.000073 0.659493 0.013923 0.049634 
0.000066 0.031459 0.032786 0.259623 0.543969 0.007383 0.124714 
0.000147 0.033548 0.087939 0.032303 0.000007 0.141216 0.704840 
0.000079 0.015886 0.019341 0.016125 0.064752 0.846484 0.037332 
0.075602 0.000005 0.262123 0.000083 0.038305 0.043238 0.580644 
0.339889 0.435367 0.079511 0.000074 0.033065 0.076089 0.036004 
0.048209 0.354891 0.048628 0.242221 0.047274 0.200007 0.058771 
0.000132 0.000008 0.764487 0.000063 0.000007 0.021731 0.213573 
0.036104 0.000007 0.001005 0.060412 0.000002 0.469822 0.432648 
0.000120 0.000006 0.900716 0.042524 0.000006 0.001469 0.055159 
0.016346 0.239388 0.210482 0.034222 0.000006 0.009634 0.489922 
0.000111 0.026948 0.000878 0.022185 0.040210 0.580862 0.328806 
0.000070 0.000010 0.032704 0.703139 0.000005 0.020558 0.243514 
0.000054 0.000008 0.003331 0.041937 0.225148 0.668670 0.060851 
0.039671 0.137374 0.094190 0.013934 0.306444 0.054993 0.353393 
0.025314 0.000009 0.105526 0.278047 0.000009 0.397097 0.193996 
0.126750 0.000004 0.290330 0.020892 0.000009 0.121681 0.440334 
0.050366 0.000010 0.079560 0.387678 0.000004 0.032287 0.450096 
0.000140 0.252923 0.211615 0.000100 0.000008 0.525562 0.009652 
0.000114 0.022323 0.077547 0.078397 0.000008 0.729362 0.092250 
0.579996 0.000006 0.026273 0.109190 0.026854 0.073666 0.184015 
0.031716 0.053247 0.224136 0.000103 0.224927 0.447453 0.018418 
0.170044 0.097691 0.038232 0.000114 0.110762 0.540987 0.042170 
0.337435 0.000007 0.000794 0.059487 0.015665 0.032194 0.554419 
0.043971 0.230333 0.247069 0.033152 0.000007 0.357083 0.088384 
0.065125 0.111723 0.053905 0.021709 0.193947 0.326618 0.226973 
0.235339 0.113121 0.049770 0.039262 0.000009 0.126896 0.435602 
0.019257 0.235050 0.042317 0.284255 0.000011 0.095774 0.323336 
0.105092 0.000006 0.433358 0.000331 0.282569 0.002659 0.175984 
0.032210 0.000011 0.027384 0.000087 0.093113 0.023566 0.823629 
0.079043 0.000007 0.093400 0.058125 0.000009 0.156439 0.612977 
0.033393 0.000009 0.006739 0.000124 0.048513 0.548482 0.362740 
0.034427 0.083669 0.436414 0.119568 0.154598 0.021990 0.149333 
0.000143 0.047210 0.271024 0.000112 0.377781 0.002842 0.300889 
0.026315 0.015599 0.001365 0.073323 0.446009 0.003594 0.433794 
0.015486 0.000010 0.064931 0.110395 0.000010 0.623849 0.185319 
0.017936 0.000008 0.723432 0.127873 0.000007 0.005599 0.125146 
0.055199 0.000005 0.034583 0.073065 0.000009 0.031451 0.805688 
0.022534 0.000008 0.035528 0.000125 0.033042 0.046850 0.861912 
0.041190 0.041689 0.108410 0.000115 0.000008 0.518600 0.289987 
0.024069 0.094583 0.692057 0.000064 0.045704 0.026994 0.116530 
0.028017 0.000006 0.021350 0.134518 0.000013 0.011822 0.804273 
0.143696 0.144963 0.072269 0.063977 0.060559 0.104326 0.410210 
0.000090 0.000010 0.121716 0.000115 0.000004 0.637525 0.240541 
0.000037 0.000004 0.026731 0.720209 0.000005 0.013774 0.239239 
0.000054 0.000009 0.157978 0.429144 0.000007 0.172336 0.240473 
0.081647 0.000007 0.037064 0.045427 0.038853 0.052169 0.744833 
0.046019 0.000009 0.022373 0.061092 0.000006 0.828970 0.041530 
0.029300 0.522144 0.002849 0.078634 0.000003 0.124053 0.243018 
0.103997 0.500282 0.041125 0.000106 0.000010 0.177416 0.177063 
0.000106 0.021156 0.085292 0.000110 0.020637 0.706479 0.166220 
0.000111 0.044736 0.813268 0.021813 0.000007 0.024578 0.095487 
0.012259 0.510608 0.019352 0.134652 0.000006 0.009478 0.313646 
0.033282 0.061727 0.331006 0.129226 0.000009 0.065095 0.379655 
0.000091 0.017965 0.030168 0.018249 0.000008 0.921082 0.012436 
0.023134 0.000007 0.135161 0.039022 0.042877 0.065963 0.693835 
0.088867 0.000005 0.051984 0.023419 0.028878 0.278868 0.527979 
0.531325 0.000005 0.019339 0.000108 0.000002 0.064055 0.385166 
0.049565 0.059545 0.259673 0.000113 0.000007 0.016337 0.614759 
0.000121 0.000014 0.550185 0.000113 0.000008 0.351551 0.098007 
0.035842 0.000006 0.045013 0.575747 0.000012 0.071304 0.272076 
0.000054 0.000006 0.287317 0.417021 0.103437 0.021337 0.170827 
0.000089 0.000006 0.413521 0.330870 0.028992 0.123451 0.103071 
0.350111 0.022321 0.002292 0.000083 0.116404 0.050995 0.457794 
0.000156 0.058676 0.008773 0.142957 0.126520 0.066354 0.596564 
0.052966 0.358305 0.065441 0.000095 0.000010 0.437053 0.086131 
0.000162 0.016283 0.081508 0.000106 0.658857 0.126059 0.117025 
0.028400 0.242385 0.051693 0.119709 0.000008 0.058310 0.499495 
0.073520 0.613403 0.075216 0.000072 0.000010 0.046099 0.191681 
0.000174 0.142674 0.027217 0.000116 0.017605 0.045784 0.766430 
0.102310 0.000006 0.066843 0.041395 0.000010 0.002257 0.787180 
0.000143 0.000009 0.161923 0.318555 0.023208 0.053672 0.442491 
0.036963 0.041649 0.136006 0.000096 0.000008 0.653597 0.131680 
0.039398 0.125833 0.068053 0.366577 0.000005 0.045875 0.354258 
0.126120 0.000007 0.074722 0.019637 0.372268 0.029012 0.378234 
0.047976 0.592441 0.044238 0.000127 0.023698 0.054945 0.236575 
0.028482 0.000007 0.019065 0.336213 0.012736 0.022968 0.580529 
0.493816 0.000008 0.029598 0.000116 0.000003 0.113041 0.363418 
0.064367 0.000006 0.488123 0.255460 0.000007 0.056952 0.135085 
0.022638 0.000011 0.372581 0.041278 0.000008 0.477788 0.085695 
0.014321 0.000008 0.350595 0.389925 0.000008 0.023840 0.221304 
0.066242 0.523692 0.045822 0.000109 0.000010 0.079172 0.284952 
0.088219 0.000004 0.066388 0.056905 0.128279 0.358638 0.301566 
0.000055 0.000005 0.132360 0.627731 0.000010 0.166080 0.073759 
0.000089 0.036041 0.094218 0.017942 0.439165 0.107098 0.305448 
0.061814 0.000010 0.000634 0.175345 0.000006 0.089383 0.672808 
0.063026 0.000008 0.012591 0.057890 0.078126 0.003680 0.784679 
0.561201 0.000007 0.053829 0.042954 0.000010 0.097045 0.244953 
0.046686 0.000008 0.042283 0.518204 0.000005 0.084698 0.308116 
0.028722 0.000005 0.248040 0.000093 0.318155 0.054931 0.350054 
0.059592 0.000009 0.121966 0.089557 0.033731 0.047963 0.647182 
0.025955 0.087927 0.055164 0.506285 0.000010 0.039854 0.284804 
0.457775 0.000010 0.053021 0.000098 0.055535 0.294922 0.138639 
0.000077 0.040534 0.034656 0.100362 0.041931 0.148056 0.634384 
0.012790 0.034571 0.029304 0.050107 0.012296 0.822637 0.038296 
0.025175 0.000005 0.159927 0.000094 0.000005 0.097642 0.717152 
0.568814 0.000011 0.003330 0.093449 0.070603 0.102387 0.161406 
0.135059 0.000009 0.057272 0.333222 0.015116 0.070005 0.389318 
0.000078 0.066154 0.089186 0.000105 0.000011 0.665686 0.178780 
0.037540 0.000006 0.027852 0.028734 0.022794 0.184462 0.698611 
0.000062 0.000005 0.916385 0.000182 0.027000 0.002075 0.054292 
0.000104 0.000012 0.748706 0.080736 0.000007 0.024456 0.145979 
0.305140 0.000006 0.045602 0.011958 0.000011 0.026567 0.610717 
0.133946 0.000006 0.079739 0.036939 0.000009 0.362619 0.386744 
0.157441 0.000010 0.392437 0.000096 0.000008 0.028188 0.421820 
0.141732 0.000006 0.093196 0.063342 0.000007 0.055495 0.646223 
0.000069 0.035016 0.012248 0.000134 0.000002 0.854378 0.098153 
0.085340 0.000011 0.508727 0.000140 0.227777 0.027068 0.150936 
0.057175 0.591342 0.105658 0.036258 0.000009 0.057817 0.151742 
0.123256 0.033400 0.134437 0.084942 0.239996 0.014241 0.369729 
0.027351 0.000008 0.014171 0.228044 0.000004 0.074856 0.655566 
0.021206 0.000011 0.359496 0.012453 0.307690 0.083022 0.216121 
0.049976 0.390086 0.013637 0.084913 0.025336 0.363966 0.072086 
0.016037 0.107312 0.056618 0.026332 0.182016 0.450827 0.160857 
0.000121 0.000009 0.217173 0.347624 0.000008 0.069308 0.365758 
0.000113 0.039919 0.014083 0.024742 0.791099 0.079432 0.050612 
0.012878 0.000013 0.001375 0.034690 0.004522 0.920477 0.026044 
0.009310 0.000005 0.030596 0.640420 0.000010 0.042461 0.277198 
0.068344 0.000011 0.032915 0.539324 0.000006 0.036465 0.322934 
0.103977 0.772566 0.017536 0.000037 0.010134 0.089788 0.005961 
0.000093 0.000004 0.026097 0.000038 0.949755 0.000959 0.023053 
0.257663 0.000006 0.212250 0.196450 0.000009 0.077099 0.256523 
0.000082 0.117747 0.007767 0.000110 0.544827 0.003257 0.326209 
0.096949 0.541755 0.008526 0.154364 0.000004 0.033589 0.164813 
0.303335 0.000006 0.000985 0.105005 0.007778 0.074313 0.508579 
0.000103 0.695217 0.027466 0.096401 0.000010 0.088679 0.092126 
0.012449 0.000010 0.026217 0.299023 0.025544 0.093414 0.543345 
0.053912 0.000007 0.054742 0.034025 0.000010 0.031321 0.825982 
0.000096 0.000007 0.035344 0.686511 0.021189 0.056560 0.200293 
0.032273 0.863689 0.001007 0.000078 0.016655 0.080416 0.005883 
0.128359 0.000009 0.056522 0.084636 0.000004 0.027594 0.702876 
0.014959 0.000007 0.004392 0.329086 0.053542 0.078099 0.519915 
0.109276 0.031005 0.084106 0.048051 0.000010 0.403159 0.324392 
0.383411 0.044496 0.178251 0.000075 0.000007 0.181205 0.212554 
0.159459 0.000008 0.026770 0.039709 0.035218 0.112960 0.625876 
0.544428 0.000007 0.019077 0.000076 0.032520 0.133641 0.270252 
0.032374 0.000010 0.028642 0.000112 0.000007 0.682056 0.256798 
0.000138 0.043233 0.144559 0.007797 0.140746 0.291762 0.371764 
0.113142 0.273234 0.422510 0.010583 0.031821 0.066719 0.081991 
0.027389 0.000008 0.043009 0.479880 0.000009 0.057367 0.392338 
0.049142 0.025570 0.000630 0.197787 0.020210 0.088700 0.617960 
0.111998 0.000008 0.471314 0.027405 0.000008 0.024645 0.364622 
0.064501 0.000009 0.166074 0.000124 0.000007 0.060468 0.708815 
0.000077 0.000007 0.026857 0.677569 0.000007 0.154585 0.140899 
0.063597 0.000010 0.433667 0.021499 0.000009 0.373532 0.107687 
0.013817 0.050741 0.002895 0.013571 0.080216 0.831195 0.007565 
0.000064 0.038194 0.025264 0.040743 0.000007 0.853265 0.042464 
0.035047 0.203876 0.655768 0.019749 0.023945 0.022156 0.039459 
0.000078 0.000005 0.060560 0.030037 0.000008 0.896409 0.012903 
0.500886 0.037187 0.189441 0.047068 0.016693 0.108651 0.100074 
0.175482 0.070985 0.001601 0.136988 0.060229 0.196118 0.358597 
0.085683 0.133236 0.086903 0.000097 0.000008 0.282163 0.411910 
0.076234 0.124399 0.063211 0.554258 0.000008 0.031718 0.150172 
0.587645 0.000005 0.013105 0.012232 0.033765 0.105007 0.248240 
0.000097 0.035972 0.047267 0.000080 0.688781 0.119959 0.107843 
0.010964 0.000007 0.035700 0.625498 0.055201 0.052559 0.220071 
0.008541 0.059194 0.012932 0.000130 0.584154 0.320464 0.014584 
0.000074 0.057550 0.011654 0.000106 0.057840 0.663531 0.209245 
0.081948 0.000008 0.246573 0.033250 0.000008 0.033701 0.604511 
0.066882 0.411602 0.073452 0.000108 0.000007 0.148837 0.299112 
0.049185 0.000005 0.122270 0.142228 0.324554 0.277209 0.084548 
0.000165 0.065817 0.106872 0.140144 0.035106 0.019417 0.632478 
0.000128 0.000012 0.152349 0.091781 0.000008 0.607121 0.148600 
0.000101 0.335591 0.553963 0.000062 0.000006 0.104057 0.006220 
0.470956 0.000010 0.071776 0.042527 0.000010 0.043733 0.370988 
0.000090 0.138333 0.065023 0.162641 0.385522 0.164835 0.083556 
0.020528 0.041770 0.168619 0.080663 0.365224 0.025213 0.297983 
0.000090 0.000008 0.038406 0.000103 0.683718 0.046698 0.230977 
0.000112 0.000014 0.051666 0.041695 0.084273 0.764857 0.057383 
0.000135 0.000012 0.044311 0.023310 0.000008 0.834491 0.097733 
0.000141 0.000013 0.576766 0.000090 0.000008 0.324197 0.098785 
0.487394 0.101188 0.043727 0.000083 0.000010 0.108992 0.258607 
0.476457 0.000010 0.001246 0.000102 0.000006 0.127699 0.394480 
0.014046 0.000008 0.073473 0.049507 0.000009 0.627196 0.235760 
0.139056 0.000007 0.137042 0.023156 0.000006 0.116286 0.584447 
0.051892 0.000007 0.043651 0.000095 0.000012 0.027233 0.877109 
0.000114 0.000008 0.001942 0.000086 0.021419 0.819490 0.156942 
0.044751 0.000007 0.049195 0.197912 0.000004 0.065554 0.642578 
0.047629 0.650228 0.043117 0.000125 0.059711 0.047228 0.151961 
0.087404 0.739037 0.025798 0.000125 0.000010 0.066344 0.081282 
0.061780 0.000010 0.016818 0.227461 0.000004 0.221779 0.472148 
0.000093 0.030832 0.018407 0.000084 0.707184 0.222187 0.021213 
0.082123 0.000010 0.000975 0.150829 0.020702 0.024839 0.720523 
0.072159 0.072081 0.062567 0.077275 0.000007 0.431265 0.284646 
0.000134 0.000007 0.059857 0.400187 0.000011 0.148175 0.391630 
0.085112 0.000007 0.063629 0.000094 0.000008 0.041098 0.810053 
0.041990 0.426995 0.162304 0.023573 0.041039 0.086141 0.217959 
0.030983 0.000009 0.398584 0.000076 0.131239 0.298678 0.140431 
0.053163 0.675399 0.006691 0.000083 0.041415 0.020995 0.202255 
0.000102 0.348796 0.067830 0.000133 0.000006 0.395522 0.187611 
0.088038 0.000007 0.014564 0.237713 0.032399 0.081911 0.545368 
0.067643 0.000010 0.102983 0.088738 0.000009 0.100070 0.640546 
0.023908 0.000012 0.829394 0.000065 0.000009 0.100877 0.045736 
0.000166 0.675683 0.016714 0.000058 0.204322 0.054227 0.048830 
0.075554 0.000006 0.139146 0.049870 0.080267 0.419364 0.235793 
0.482904 0.000009 0.046979 0.000100 0.000007 0.090147 0.379854 
0.112035 0.388560 0.364795 0.031359 0.022904 0.071262 0.009086 
0.023744 0.000006 0.075637 0.000067 0.000010 0.889570 0.010967 
0.000116 0.000010 0.118297 0.091762 0.000010 0.181594 0.608210 
0.000107 0.621164 0.026354 0.000123 0.108984 0.064791 0.178477 
0.048793 0.000007 0.051563 0.000102 0.000006 0.015010 0.884518 
0.020975 0.037683 0.097484 0.000097 0.012682 0.323661 0.507418 
0.030039 0.294808 0.018708 0.129934 0.000013 0.083141 0.443358 
0.038114 0.039062 0.203179 0.027253 0.000010 0.377336 0.315046 
0.000120 0.557357 0.004317 0.034092 0.000005 0.072321 0.331788 
0.000116 0.017416 0.224654 0.000109 0.000007 0.705404 0.052295 
0.000071 0.000005 0.937149 0.003784 0.000006 0.000844 0.058141 
0.409508 0.333446 0.018950 0.000101 0.000004 0.068889 0.169101 
0.000082 0.239455 0.089643 0.023414 0.000011 0.614913 0.032482 
0.000084 0.023790 0.050788 0.072334 0.690063 0.029912 0.133029 
0.000118 0.044089 0.087372 0.000096 0.000008 0.490449 0.377867 
0.000122 0.157012 0.055131 0.442837 0.000006 0.023743 0.321148 
0.000148 0.050166 0.049802 0.102735 0.652015 0.018025 0.127108 
0.000050 0.031022 0.113269 0.090396 0.634339 0.001471 0.129453 
0.000129 0.000006 0.253238 0.426794 0.000008 0.060665 0.259162 
0.000099 0.000005 0.568205 0.000092 0.008847 0.386422 0.036329 
0.130221 0.108233 0.109266 0.000080 0.223446 0.072549 0.356204 
0.506096 0.000007 0.013373 0.069858 0.016351 0.130173 0.264141 
0.072919 0.296148 0.004202 0.000092 0.089640 0.159424 0.377576 
0.000128 0.000005 0.602400 0.133431 0.000009 0.054180 0.209847 
0.017132 0.118660 0.006452 0.013436 0.765152 0.038768 0.040400 
0.543205 0.000008 0.154517 0.000132 0.000004 0.082493 0.219642 
0.000113 0.053011 0.148111 0.077970 0.000010 0.604334 0.116451 
0.000115 0.015116 0.685176 0.000091 0.000009 0.230209 0.069284 
0.000144 0.000009 0.009039 0.314596 0.000004 0.581746 0.094462 
0.047591 0.000005 0.012838 0.035458 0.226963 0.035202 0.641944 
0.019636 0.000009 0.033650 0.379470 0.118884 0.353387 0.094963 
0.026899 0.000010 0.057193 0.108162 0.000010 0.333551 0.474175 
0.000096 0.239241 0.245801 0.027345 0.000006 0.432454 0.055057 
0.025953 0.023033 0.022672 0.000083 0.478474 0.357624 0.092160 
0.000036 0.015834 0.724187 0.000124 0.000007 0.235769 0.024042 
0.054436 0.521767 0.052180 0.054637 0.118435 0.002506 0.196039 
0.058078 0.125878 0.191145 0.073770 0.158330 0.037622 0.355177 
0.000089 0.000005 0.983217 0.000164 0.000006 0.000577 0.015942 
0.097932 0.023894 0.064887 0.000306 0.020231 0.454362 0.338388 
0.000128 0.000010 0.012444 0.688457 0.000008 0.039142 0.259812 
0.048611 0.032893 0.018121 0.000109 0.022496 0.187028 0.690743 
0.022594 0.000010 0.250056 0.000119 0.078033 0.129467 0.519720 
0.492079 0.000007 0.054174 0.017960 0.000005 0.216753 0.219023 
0.072616 0.000004 0.147304 0.000089 0.251991 0.119745 0.408251 
0.000100 0.000013 0.043145 0.066892 0.059940 0.819450 0.010459 
0.000183 0.000019 0.945293 0.000089 0.000005 0.000728 0.053683 
0.015323 0.000010 0.018485 0.065150 0.088360 0.081883 0.730789 
0.651472 0.000008 0.025112 0.066238 0.013172 0.128121 0.115877 
0.000086 0.038039 0.091021 0.000127 0.237255 0.481286 0.152186 
0.106062 0.075182 0.013881 0.168426 0.000004 0.065503 0.570943 
0.000074 0.000006 0.049514 0.437296 0.225924 0.002232 0.284954 
0.000055 0.000008 0.108691 0.406715 0.320594 0.060467 0.103469 
0.421896 0.262325 0.050870 0.000105 0.091016 0.055311 0.118477 
0.202814 0.290145 0.055488 0.022059 0.000011 0.230365 0.199119 
0.291663 0.000007 0.001010 0.051349 0.012107 0.363453 0.280410 
0.090918 0.000009 0.335067 0.036435 0.064734 0.015144 0.457692 
0.124800 0.000009 0.034259 0.000113 0.000007 0.263944 0.576868 
0.255527 0.588760 0.018294 0.055724 0.000003 0.042822 0.038869 
0.000162 0.076996 0.093858 0.016232 0.000010 0.470585 0.342158 
0.065782 0.000006 0.073655 0.199919 0.012905 0.121867 0.525866 
0.000136 0.178144 0.118628 0.324846 0.024856 0.017800 0.335591 
0.072542 0.000008 0.114354 0.000077 0.000010 0.073398 0.739611 
0.295622 0.000009 0.134196 0.029190 0.000007 0.269596 0.271380 
0.000133 0.023277 0.100954 0.193178 0.000010 0.357754 0.324693 
0.068012 0.000008 0.085967 0.000092 0.000004 0.482607 0.363311 
0.036896 0.024011 0.001189 0.221897 0.013543 0.058182 0.644282 
0.000089 0.050974 0.063258 0.000100 0.028463 0.647529 0.209588 
0.056033 0.000006 0.000890 0.147251 0.025829 0.080824 0.689167 
0.000095 0.051501 0.084855 0.068767 0.000011 0.481767 0.313004 
0.000058 0.042073 0.026952 0.089101 0.707275 0.027977 0.106563 
0.000050 0.000009 0.011565 0.407327 0.425715 0.069770 0.085564 
0.053648 0.181929 0.024442 0.134187 0.000013 0.081000 0.524781 
0.027439 0.307344 0.254533 0.000122 0.000009 0.242689 0.167865 
0.029252 0.000009 0.285149 0.000124 0.051096 0.099514 0.534856 
0.021500 0.000005 0.560946 0.000134 0.063965 0.258222 0.095228 
0.035226 0.000004 0.073956 0.105890 0.000007 0.002966 0.781951 
0.406116 0.000007 0.051711 0.000128 0.107004 0.060205 0.374828 
0.050903 0.000008 0.046160 0.116404 0.000008 0.197887 0.588629 
0.016622 0.015449 0.084994 0.070712 0.000006 0.596556 0.215663 
0.021151 0.280390 0.023941 0.000110 0.000003 0.017806 0.656599 
0.000098 0.000007 0.625995 0.071338 0.000008 0.050103 0.252452 
0.024041 0.000009 0.076990 0.000122 0.083565 0.332891 0.482381 
0.030185 0.019169 0.575135 0.020902 0.000006 0.216493 0.138111 
0.026212 0.000007 0.362749 0.000074 0.000009 0.107391 0.503558 
0.000165 0.000024 0.019012 0.000129 0.000012 0.941890 0.038770 
0.000048 0.000004 0.132007 0.052240 0.759916 0.008969 0.046816 
0.000096 0.408295 0.046838 0.305019 0.050787 0.028985 0.159979 
0.462389 0.201420 0.006541 0.000096 0.000007 0.075656 0.253891 
0.000087 0.009919 0.020965 0.000084 0.923726 0.024100 0.021119 
0.064387 0.634616 0.054525 0.000092 0.000011 0.118716 0.127654 
0.110726 0.225528 0.106714 0.000118 0.000010 0.053680 0.503223 
0.039424 0.000005 0.052094 0.055970 0.014695 0.171350 0.666463 
0.012562 0.000006 0.363599 0.000124 0.000008 0.609297 0.014403 
0.061644 0.000005 0.060964 0.126971 0.000004 0.049613 0.700798 
0.083806 0.029475 0.209984 0.103035 0.087519 0.095066 0.391116 
0.092902 0.000010 0.520342 0.000104 0.000008 0.233976 0.152658 
0.000095 0.000006 0.023546 0.576522 0.000007 0.116478 0.283345 
0.000082 0.050429 0.047998 0.000102 0.000008 0.761127 0.140255 
0.171442 0.000009 0.077468 0.000085 0.000007 0.148498 0.602492 
0.418141 0.000008 0.055445 0.000072 0.000009 0.249138 0.277187 
0.074912 0.030834 0.119743 0.000095 0.077301 0.221544 0.475570 
0.000144 0.544157 0.128528 0.010493 0.043459 0.082058 0.191161 
0.000188 0.000011 0.011008 0.084204 0.000002 0.143029 0.761559 
0.000139 0.000010 0.000645 0.278110 0.000001 0.587881 0.133214 
0.032217 0.000009 0.045556 0.296246 0.000006 0.051629 0.574337 
0.000103 0.273007 0.014915 0.000101 0.195317 0.159347 0.357209 
0.066431 0.046205 0.244009 0.013609 0.237978 0.155210 0.236558 
0.079478 0.000007 0.452771 0.260530 0.000010 0.019563 0.187642 
0.018372 0.000006 0.027993 0.638270 0.000008 0.051706 0.263644 
0.160536 0.000007 0.197334 0.066622 0.000007 0.155495 0.420000 
0.041899 0.041166 0.004051 0.000112 0.702470 0.024328 0.185974 
0.021473 0.058571 0.001170 0.180316 0.000007 0.026499 0.711964 
0.016638 0.042194 0.017926 0.047150 0.763867 0.071537 0.040687 
0.018744 0.057872 0.661379 0.025074 0.000007 0.009470 0.227453 
0.232106 0.000008 0.017763 0.085467 0.000013 0.050560 0.614083 
0.000103 0.000006 0.022876 0.182304 0.000005 0.575203 0.219503 
0.000113 0.240294 0.701529 0.000052 0.000010 0.018870 0.039132 
0.033912 0.000006 0.022482 0.000114 0.000011 0.037016 0.906459 
0.170260 0.000007 0.024225 0.000121 0.000011 0.050406 0.754969 
0.090180 0.020614 0.274207 0.000087 0.031162 0.253487 0.330262 
0.373574 0.028503 0.035073 0.038022 0.096981 0.133500 0.294348 
0.119993 0.000011 0.078118 0.000102 0.213468 0.139337 0.448972 
0.387908 0.130665 0.040730 0.050985 0.000008 0.196288 0.193417 
0.000101 0.324350 0.047753 0.000065 0.058775 0.123534 0.445422 
0.101855 0.038574 0.044471 0.122051 0.000009 0.085689 0.607352 
0.578352 0.000011 0.065874 0.000119 0.000007 0.066921 0.288716 
0.033826 0.000004 0.047999 0.237126 0.000012 0.097824 0.583210 
0.050557 0.000006 0.002540 0.227297 0.034424 0.041445 0.643732 
0.440559 0.000007 0.100273 0.000101 0.156681 0.047459 0.254920 
0.000033 0.000005 0.022315 0.411384 0.414904 0.013978 0.137381 
0.000080 0.166439 0.008165 0.000099 0.527121 0.177979 0.120117 
0.013149 0.320088 0.046595 0.000104 0.000007 0.229905 0.390152 
0.100780 0.000008 0.076997 0.220843 0.000008 0.180933 0.420431 
0.467192 0.000007 0.058357 0.154252 0.000008 0.083362 0.236822 
0.196364 0.000009 0.052240 0.000109 0.000010 0.132694 0.618574 
0.621387 0.000007 0.035431 0.000087 0.000003 0.109966 0.233118 
0.096295 0.000010 0.128331 0.047086 0.000007 0.717483 0.010788 
0.000172 0.000010 0.059589 0.051317 0.160788 0.181982 0.546143 
0.000059 0.000006 0.012138 0.640583 0.000005 0.003163 0.344046 
0.019542 0.208012 0.013913 0.200584 0.128310 0.328184 0.101456 
0.148955 0.000008 0.039270 0.041926 0.000007 0.194940 0.574894 
0.000093 0.128695 0.209689 0.354603 0.000009 0.170177 0.136733 
0.000055 0.000007 0.049841 0.616177 0.021100 0.036202 0.276618 
0.547995 0.000006 0.037331 0.000114 0.000009 0.050895 0.363649 
0.000214 0.000011 0.065886 0.292988 0.000009 0.062258 0.578635 
0.364892 0.000010 0.445458 0.000121 0.038258 0.015451 0.135810 
0.598546 0.000009 0.168057 0.041955 0.000009 0.024327 0.167097 
0.000123 0.000009 0.013432 0.064564 0.013943 0.682397 0.225531 
0.000089 0.000009 0.666099 0.071433 0.213192 0.001188 0.047989 
0.341305 0.000009 0.033809 0.066138 0.364722 0.112430 0.081587 
0.051899 0.627416 0.007601 0.067948 0.028714 0.148337 0.068085 
0.000074 0.030880 0.247338 0.000119 0.635554 0.016233 0.069802 
0.000078 0.084870 0.090019 0.000108 0.000010 0.570813 0.254101 
0.185822 0.022774 0.029690 0.047922 0.015076 0.419753 0.278964 
0.012357 0.054669 0.157258 0.021376 0.000010 0.638026 0.116304 
0.313939 0.000010 0.001617 0.139179 0.000004 0.079908 0.465343 
0.138212 0.000010 0.008088 0.170355 0.070796 0.067291 0.545247 
0.000046 0.028985 0.056659 0.000090 0.846899 0.011204 0.056117 
0.000057 0.034909 0.039359 0.000054 0.887006 0.036303 0.002313 
0.027409 0.115472 0.041597 0.018966 0.022829 0.310434 0.463293 
0.000177 0.045934 0.111606 0.000073 0.812283 0.001091 0.028837 
0.073963 0.020872 0.024714 0.020419 0.054568 0.024404 0.781060 
0.216624 0.586923 0.004807 0.000134 0.000005 0.039454 0.152053 
0.011305 0.000014 0.798661 0.000144 0.000010 0.114956 0.074911 
0.000038 0.000004 0.047219 0.000142 0.889579 0.017103 0.045915 
0.000156 0.022445 0.076601 0.174720 0.093731 0.503886 0.128461 
0.035459 0.000006 0.005264 0.000099 0.019326 0.063364 0.876480 
0.000120 0.035473 0.020101 0.000094 0.000011 0.828303 0.115899 
0.061721 0.000007 0.185393 0.000122 0.000006 0.065689 0.687062 
0.000073 0.000007 0.145662 0.245669 0.102472 0.212378 0.293739 
0.000143 0.061973 0.589789 0.000072 0.000009 0.001323 0.346693 
0.000085 0.000005 0.551561 0.000096 0.000009 0.376925 0.071319 
0.000141 0.053641 0.186983 0.049778 0.000008 0.235260 0.474190 
0.245537 0.000009 0.620738 0.000112 0.000007 0.034893 0.098705 
0.000077 0.046565 0.066558 0.031360 0.009841 0.652754 0.192846 
0.034059 0.159189 0.044999 0.000082 0.000011 0.341131 0.420530 
0.128504 0.067027 0.564684 0.000105 0.145926 0.018602 0.075151 
0.145200 0.000007 0.046390 0.026377 0.027461 0.142580 0.611985 
0.000086 0.190441 0.183887 0.000071 0.000009 0.556296 0.069209 
0.012580 0.084295 0.026707 0.054707 0.065276 0.461628 0.294808 
0.052621 0.000011 0.108191 0.031822 0.000006 0.436449 0.370900 
0.115524 0.000009 0.030159 0.035631 0.000010 0.142587 0.676080 
0.108443 0.031444 0.274984 0.162103 0.000007 0.096874 0.326146 
0.192472 0.000005 0.073728 0.099714 0.049832 0.028044 0.556206 
0.000082 0.840150 0.013780 0.048951 0.032237 0.041095 0.023705 
0.000123 0.000011 0.347770 0.000101 0.463158 0.043745 0.145093 
0.072988 0.000010 0.028262 0.000080 0.410247 0.347110 0.141303 
0.000067 0.000008 0.078149 0.000140 0.670546 0.078379 0.172711 
0.000049 0.000006 0.046460 0.534105 0.030837 0.012137 0.376406 
0.000132 0.860201 0.017266 0.000034 0.074308 0.028803 0.019255 
0.000135 0.093399 0.003200 0.000088 0.826180 0.003944 0.073053 
0.000128 0.208326 0.080820 0.000081 0.000010 0.390959 0.319677 
0.000057 0.056521 0.043255 0.000075 0.840983 0.029060 0.030049 
0.044693 0.000009 0.050148 0.498603 0.081232 0.008498 0.316817 
0.000131 0.158652 0.052435 0.000111 0.000012 0.767401 0.021258 
0.014046 0.000004 0.099345 0.000049 0.045565 0.788967 0.052024 
0.000143 0.000008 0.020008 0.405357 0.041314 0.128804 0.404367 
0.034150 0.000006 0.665312 0.000091 0.000007 0.230919 0.069516 
0.000347 0.000008 0.004151 0.700414 0.062365 0.042943 0.189771 
0.000106 0.000007 0.044212 0.678034 0.000007 0.028170 0.249463 
0.289245 0.000010 0.414237 0.068337 0.059042 0.038151 0.130977 
0.404945 0.081547 0.050741 0.134349 0.050973 0.088005 0.189440 
0.000079 0.206372 0.706781 0.000099 0.000006 0.026662 0.060001 
0.000083 0.029383 0.095042 0.000080 0.622588 0.235690 0.017134 
0.058101 0.000009 0.070065 0.034397 0.317657 0.108238 0.411532 
0.211712 0.000009 0.036694 0.000103 0.000011 0.171142 0.580329 
0.000078 0.039474 0.939002 0.000030 0.000006 0.003138 0.018272 
0.090315 0.090248 0.086469 0.055104 0.000011 0.016522 0.661332 
0.000070 0.000011 0.914550 0.031004 0.000009 0.012638 0.041719 
0.000104 0.155446 0.025277 0.091764 0.646551 0.048347 0.032511 
0.044625 0.667010 0.047169 0.000122 0.000003 0.202387 0.038684 
0.156154 0.000009 0.033575 0.191116 0.159387 0.031662 0.428097 
0.000129 0.155970 0.047642 0.131168 0.000010 0.606256 0.058825 
0.075180 0.552182 0.026486 0.026680 0.189867 0.087978 0.041626 
0.000148 0.049323 0.179537 0.090875 0.000009 0.054220 0.625888 
0.010682 0.000009 0.134693 0.501064 0.000005 0.187975 0.165572 
0.403319 0.428808 0.003126 0.049660 0.000003 0.057998 0.057085 
0.000067 0.000004 0.062725 0.049040 0.067207 0.002085 0.818873 
0.000093 0.000009 0.036442 0.023199 0.412093 0.263247 0.264917 
0.000134 0.053846 0.029788 0.000133 0.616118 0.026227 0.273754 
0.135482 0.070645 0.084429 0.000118 0.000007 0.005553 0.703765 
0.006960 0.000009 0.075633 0.064783 0.000005 0.020874 0.831737 
0.406857 0.000006 0.021529 0.167988 0.000002 0.069235 0.334383 
0.019361 0.000010 0.054505 0.051810 0.492589 0.112734 0.268989 
0.000064 0.000010 0.045846 0.724781 0.000009 0.039550 0.189739 
0.040037 0.269045 0.044108 0.000110 0.039393 0.339160 0.268147 
0.040621 0.289385 0.513249 0.000079 0.000008 0.126301 0.030357 
0.333118 0.000006 0.067188 0.000078 0.000006 0.193948 0.405657 
0.034950 0.075989 0.020192 0.000071 0.778827 0.079739 0.010232 
0.028456 0.210074 0.412896 0.000055 0.251003 0.074542 0.022975 
0.241726 0.502184 0.016822 0.054754 0.000012 0.077492 0.107010 
0.121227 0.000005 0.731564 0.015354 0.000009 0.029832 0.102009 
0.058790 0.000006 0.013361 0.378325 0.028849 0.108590 0.412079 
0.324669 0.000010 0.101330 0.000118 0.038919 0.330806 0.204148 
0.084904 0.000006 0.025297 0.050748 0.000003 0.094549 0.744492 
0.073314 0.690129 0.044694 0.000077 0.000006 0.136287 0.055493 
0.090745 0.000008 0.055676 0.145848 0.000009 0.148865 0.558850 
0.015067 0.582508 0.046969 0.011278 0.074135 0.212303 0.057740 
0.026102 0.000005 0.023866 0.000111 0.066123 0.069622 0.814172 
0.108280 0.381369 0.049602 0.000121 0.013163 0.035564 0.411901 
0.000072 0.000006 0.185264 0.396800 0.000009 0.052001 0.365848 
0.072067 0.533141 0.032167 0.040005 0.000012 0.096200 0.226409 
0.056179 0.092305 0.085402 0.000080 0.000007 0.359356 0.406670 
0.000131 0.011286 0.000688 0.000086 0.029504 0.932373 0.025932 
0.069695 0.000011 0.620263 0.056616 0.000007 0.046393 0.207015 
0.101488 0.000007 0.109730 0.295882 0.121608 0.021850 0.349435 
0.062138 0.000008 0.010352 0.036513 0.093495 0.019877 0.777617 
0.041857 0.000006 0.229577 0.000118 0.000009 0.116554 0.611879 
0.000111 0.177408 0.144577 0.067880 0.058137 0.325287 0.226600 
0.054746 0.253510 0.053510 0.053339 0.000009 0.315381 0.269506 
0.072963 0.000007 0.119995 0.273767 0.000006 0.111203 0.422058 
0.024291 0.012329 0.115993 0.000112 0.000008 0.614957 0.232309 
0.415662 0.000010 0.028660 0.158694 0.000011 0.112891 0.284071 
0.000096 0.000009 0.035374 0.059655 0.102553 0.026088 0.776225 
0.024808 0.000005 0.030957 0.694144 0.000012 0.003088 0.246985 
0.078617 0.000011 0.023096 0.000100 0.000009 0.740278 0.157888 
0.000129 0.117280 0.440227 0.055986 0.302002 0.021073 0.063302 
0.017719 0.406530 0.455106 0.000076 0.000006 0.047240 0.073323 
0.116686 0.000010 0.070174 0.169224 0.023065 0.057449 0.563392 
0.000082 0.152015 0.062512 0.479078 0.000007 0.024290 0.282016 
0.038172 0.772930 0.022146 0.000094 0.033937 0.114970 0.017752 
0.000087 0.000009 0.057279 0.258908 0.538897 0.066971 0.077849 
0.012258 0.000011 0.120797 0.111445 0.000010 0.567596 0.187884 
0.030536 0.000010 0.068181 0.000125 0.110612 0.399681 0.390854 
0.26392 0.163111 0.489794 0.255134 0.162216 0.59391 0.897491 
