-393438.002556
0
0.000000 0.000000 0.000000 0.000000 0.000000 0.000000 0.000000 0.000000 0.000000 0.019075 0.000000 0.002788 0.000000 0.000000 0.000851 0.004280 0.000000 0.000000 0.000000 0.000000 0.000000 0.000000 0.000000 0.000000 0.000000 0.000000 0.000000 0.000000 0.000000 0.000000 0.000000 0.000000 0.092802 0.116551 0.021441 0.087497 0.000000 0.000000 0.000000 0.000000 0.000000 0.000000 0.000000 0.003297 0.000000 0.000567 0.000000 0.000000 0.000000 0.000000 0.000000 0.000000 0.000000 0.000000 0.000000 0.000000 0.000000 0.021980 0.000000 0.015649 0.000000 0.000000 0.000000 0.000000 0.000000 0.000000 0.000000 0.009367 0.000000 0.000000 0.000000 0.000000 0.000000 0.000000 0.000000 0.000000 0.000000 0.000000 0.000000 0.000000 0.094838 0.312233 0.110926 0.080569 0.000000 0.000000 0.000618 0.001972 0.000000 0.000000 0.000907 0.001794 0.000000 0.000000 0.000000 0.000000 
0.000000 0.000000 0.000000 0.000000 0.000000 0.000000 0.000000 0.000000 0.000000 0.000000 0.000000 0.000000 0.000000 0.000000 0.000000 0.000000 0.000000 0.000000 0.000000 0.025350 0.000000 0.039933 0.000000 0.094631 0.000000 0.000000 0.000000 0.000000 0.000000 0.000000 0.000000 0.000000 0.000000 0.000000 0.000000 0.000000 0.000000 0.000000 0.000000 0.000000 0.024343 0.000000 0.000000 0.000000 0.000000 0.008180 0.041000 0.268797 0.011700 0.017255 0.000000 0.000000 0.000000 0.000000 0.000000 0.011686 0.000000 0.000000 0.000000 0.000000 0.000000 0.000000 0.000000 0.000000 0.000000 0.000000 0.029249 0.000000 0.000000 0.000000 0.010250 0.045864 0.000000 0.000000 0.000000 0.000000 0.000000 0.000000 0.000000 0.000000 0.000000 0.000000 0.000000 0.000000 0.000000 0.000000 0.000000 0.000000 0.020716 0.015058 0.014547 0.099939 0.000000 0.000000 0.030256 0.191250 
0.043580 0.027592 0.049172 0.013902 0.010840 0.000000 0.003519 0.000000 0.006685 0.005125 0.000000 0.000000 0.000000 0.000000 0.003989 0.000000 0.000000 0.000000 0.006588 0.000000 0.000000 0.000000 0.000000 0.000000 0.056996 0.105884 0.016339 0.052997 0.012301 0.008811 0.009147 0.007814 0.027416 0.019746 0.003298 0.000000 0.000000 0.000000 0.049796 0.000000 0.006515 0.000000 0.013025 0.000000 0.000000 0.000000 0.004214 0.000000 0.053035 0.061774 0.054840 0.029926 0.007835 0.016028 0.015168 0.005745 0.000000 0.000000 0.000000 0.000000 0.000000 0.000000 0.009598 0.000000 0.004227 0.000000 0.004234 0.000000 0.000000 0.000000 0.000000 0.000000 0.035093 0.099215 0.016344 0.000000 0.000000 0.012100 0.001991 0.000000 0.000000 0.000000 0.000000 0.000000 0.000000 0.000000 0.007556 0.000000 0.000000 0.000000 0.000000 0.000000 0.000000 0.000000 0.000000 0.000000 
0.000000 0.000000 0.000000 0.000000 0.000000 0.000000 0.000000 0.000000 0.000000 0.000000 0.000000 0.000000 0.020068 0.000000 0.000000 0.039323 0.000000 0.000000 0.000000 0.000000 0.167438 0.000000 0.000000 0.000000 0.000000 0.000000 0.000000 0.000000 0.000000 0.000000 0.000000 0.000000 0.000000 0.000000 0.000000 0.000000 0.014806 0.000000 0.000000 0.000000 0.000000 0.000000 0.011318 0.061578 0.110127 0.020343 0.000000 0.000000 0.000000 0.000000 0.000000 0.000000 0.000000 0.009392 0.000000 0.000000 0.000000 0.000000 0.000000 0.009373 0.000000 0.000000 0.000000 0.000000 0.000000 0.008140 0.000000 0.014563 0.019127 0.000000 0.000000 0.037475 0.023149 0.000000 0.000000 0.000000 0.000000 0.000000 0.000000 0.000000 0.000000 0.000000 0.000000 0.000000 0.058997 0.000000 0.040711 0.038144 0.000000 0.000000 0.000000 0.000000 0.247599 0.011445 0.000000 0.036882 
0.012595 0.015914 0.000000 0.000000 0.000000 0.003521 0.000000 0.004878 0.015366 0.014930 0.394733 0.014380 0.000000 0.000000 0.000000 0.005229 0.015729 0.000000 0.000000 0.006243 0.000000 0.000000 0.000000 0.000000 0.000000 0.000000 0.000000 0.000000 0.000000 0.000000 0.000000 0.000000 0.019440 0.009564 0.146907 0.000000 0.000000 0.000000 0.000000 0.000000 0.000000 0.000000 0.000000 0.000000 0.000000 0.000000 0.000000 0.000000 0.007636 0.003580 0.000000 0.000000 0.000000 0.000000 0.000000 0.000000 0.000000 0.000000 0.150448 0.000000 0.000000 0.000000 0.000000 0.000000 0.000000 0.000000 0.000000 0.017174 0.000000 0.000000 0.000000 0.000000 0.000000 0.019736 0.003681 0.000000 0.000000 0.000000 0.000000 0.000000 0.000000 0.000000 0.112057 0.000000 0.006259 0.000000 0.000000 0.000000 0.000000 0.000000 0.000000 0.000000 0.000000 0.000000 0.000000 0.000000 
0.011756 0.000000 0.000000 0.000000 0.000000 0.000000 0.000000 0.000000 0.024049 0.015085 0.000000 0.020462 0.017054 0.000000 0.021001 0.014200 0.095444 0.041353 0.063951 0.058273 0.000000 0.000000 0.010467 0.000000 0.000000 0.000000 0.000000 0.000000 0.000000 0.000000 0.000000 0.000000 0.027044 0.000000 0.000000 0.010908 0.000000 0.000000 0.000000 0.000000 0.033105 0.047691 0.039187 0.055325 0.000000 0.000000 0.017560 0.000000 0.000000 0.000000 0.000000 0.011514 0.000000 0.000000 0.000000 0.000000 0.000000 0.007768 0.000000 0.000000 0.000000 0.000000 0.007817 0.000000 0.034192 0.029815 0.028217 0.040168 0.000000 0.000000 0.000000 0.000000 0.017549 0.000000 0.000000 0.000000 0.000000 0.000000 0.000000 0.000000 0.000000 0.000000 0.000000 0.000000 0.006366 0.000000 0.016300 0.000000 0.044031 0.043883 0.023349 0.038552 0.000000 0.000000 0.006462 0.020106 
0.000000 0.000000 0.000000 0.000000 0.000000 0.000000 0.000000 0.000000 0.000000 0.000000 0.000000 0.000000 0.000000 0.000000 0.000000 0.000000 0.000000 0.000000 0.000000 0.000000 0.000000 0.000000 0.000000 0.000000 0.000000 0.000000 0.000000 0.000000 0.000000 0.000000 0.000000 0.000000 0.000000 0.000000 0.000000 0.000000 0.000000 0.000000 0.000000 0.000000 0.000000 0.000000 0.000000 0.000000 0.000000 0.000000 0.000000 0.000000 0.000000 0.000000 0.000000 0.000000 0.000000 0.000000 0.000000 0.000000 0.000000 0.000000 0.000000 0.000000 0.000000 0.000000 0.000000 0.000000 0.000000 0.000000 0.000000 0.000000 0.000000 0.000000 0.000000 0.000000 0.000000 0.000000 0.000000 0.000000 0.000000 0.000000 0.000000 0.000000 0.000000 0.000000 0.000000 0.000000 0.000000 0.000000 0.000000 0.000000 0.000000 0.000000 0.000000 0.000000 0.000000 0.999999 0.000000 0.000000 
0.000000 0.000000 0.000000 0.000000 0.000000 0.000000 0.000000 0.000000 0.000000 0.000000 0.000000 0.000000 0.000000 0.000000 0.000000 0.000000 0.000000 0.000000 0.000000 0.000000 0.000000 0.000000 0.000000 0.014142 0.000000 0.000000 0.000000 0.000000 0.000000 0.000000 0.000000 0.000000 0.000000 0.000000 0.000000 0.000000 0.000000 0.000000 0.000000 0.000000 0.000000 0.000000 0.000000 0.000000 0.000000 0.000000 0.000000 0.000000 0.000000 0.000000 0.000000 0.000000 0.000000 0.000000 0.000000 0.000000 0.000000 0.000000 0.090351 0.000000 0.000000 0.000000 0.000000 0.000000 0.013851 0.000000 0.000000 0.019900 0.000000 0.000000 0.000000 0.000000 0.000000 0.065666 0.000000 0.000000 0.000000 0.000000 0.000000 0.000000 0.000000 0.000000 0.796090 0.000000 0.000000 0.000000 0.000000 0.000000 0.000000 0.000000 0.000000 0.000000 0.000000 0.000000 0.000000 0.000000 
0.000000 0.000000 0.000000 0.019434 0.000000 0.003152 0.000000 0.000000 0.000000 0.000000 0.000000 0.000000 0.000000 0.000000 0.000000 0.000000 0.000000 0.000000 0.000000 0.000000 0.000000 0.000000 0.000000 0.000000 0.000000 0.000000 0.000000 0.025890 0.000000 0.000000 0.000000 0.000000 0.000000 0.000000 0.000000 0.000000 0.000000 0.000000 0.000000 0.000000 0.000000 0.000000 0.000000 0.000000 0.000000 0.000000 0.000000 0.000000 0.000000 0.000000 0.000000 0.011410 0.000000 0.000000 0.000000 0.000000 0.000000 0.006343 0.000000 0.025698 0.000000 0.000000 0.000000 0.000000 0.000000 0.009056 0.000000 0.000000 0.000000 0.002694 0.000000 0.000000 0.093763 0.000000 0.007074 0.690335 0.000000 0.000000 0.000000 0.000000 0.000000 0.000000 0.000000 0.056997 0.000000 0.000000 0.000000 0.000000 0.000000 0.000000 0.006281 0.000000 0.000000 0.000000 0.000000 0.041873 
0.055813 0.057045 0.000000 0.054632 0.003743 0.008210 0.000000 0.000000 0.024982 0.000000 0.000000 0.020131 0.019681 0.023575 0.017584 0.026263 0.000000 0.000000 0.000000 0.008610 0.000000 0.000000 0.004647 0.000000 0.061855 0.038441 0.000000 0.037068 0.003206 0.004645 0.000000 0.000000 0.000000 0.000000 0.000000 0.040712 0.022982 0.036955 0.027527 0.046354 0.000000 0.004808 0.000000 0.000000 0.000000 0.000000 0.000000 0.000000 0.043175 0.031748 0.000000 0.034852 0.000000 0.000000 0.000000 0.000000 0.000000 0.000000 0.000000 0.000000 0.020529 0.012555 0.017616 0.027527 0.000000 0.000000 0.000000 0.000000 0.000000 0.000000 0.000000 0.000000 0.036325 0.020376 0.005963 0.000000 0.000000 0.000000 0.000000 0.000000 0.000000 0.000000 0.000000 0.003849 0.025036 0.018824 0.006052 0.040073 0.000000 0.000000 0.000000 0.000000 0.000000 0.000000 0.006033 0.000000 
0.000000 0.000000 0.000000 0.000000 0.000000 0.000000 0.000000 0.000000 0.008870 0.000000 0.000000 0.001608 0.000000 0.000000 0.000000 0.000000 0.000000 0.000000 0.000000 0.000000 0.000000 0.000000 0.000000 0.000000 0.000000 0.000000 0.000000 0.000000 0.000000 0.000000 0.000000 0.000000 0.000000 0.000000 0.000000 0.000000 0.000000 0.000000 0.000000 0.000000 0.000000 0.000000 0.000000 0.000000 0.000000 0.000000 0.000000 0.000000 0.002118 0.000000 0.000000 0.000000 0.000000 0.000000 0.000000 0.000000 0.005466 0.000000 0.000000 0.000000 0.000000 0.000000 0.000000 0.000000 0.000000 0.000000 0.000000 0.000000 0.000000 0.000000 0.000000 0.000000 0.015015 0.005724 0.001536 0.000000 0.043817 0.000000 0.000000 0.076661 0.486413 0.051637 0.037359 0.263776 0.000000 0.000000 0.000000 0.000000 0.000000 0.000000 0.000000 0.000000 0.000000 0.000000 0.000000 0.000000 
0.000000 0.000000 0.000000 0.000000 0.000000 0.000000 0.000000 0.000000 0.037637 0.018989 0.120868 0.016966 0.000000 0.003728 0.000000 0.003352 0.000000 0.003290 0.018269 0.000000 0.000000 0.000000 0.000000 0.000000 0.008045 0.019810 0.009665 0.056823 0.000000 0.000000 0.000000 0.000000 0.005556 0.012118 0.117894 0.005506 0.000000 0.003107 0.000000 0.000000 0.003563 0.000000 0.024782 0.000000 0.000000 0.005065 0.000960 0.000000 0.000000 0.006007 0.000000 0.006669 0.000000 0.004303 0.000000 0.000000 0.085329 0.092823 0.153494 0.064814 0.000000 0.002388 0.000000 0.000000 0.015206 0.005213 0.008913 0.001843 0.000000 0.001528 0.000000 0.000000 0.000000 0.000000 0.000000 0.000000 0.000000 0.000000 0.000000 0.000000 0.000000 0.000000 0.035792 0.000000 0.000000 0.000000 0.000000 0.000000 0.005908 0.000000 0.013778 0.000000 0.000000 0.000000 0.000000 0.000000 
0.000000 0.000000 0.000000 0.000000 0.000000 0.000000 0.000000 0.000000 0.000000 0.443461 0.000000 0.000001 0.077014 0.000000 0.000000 0.000000 0.000000 0.000000 0.000000 0.000000 0.000000 0.000000 0.096133 0.000000 0.000000 0.000000 0.000000 0.000000 0.000000 0.000000 0.000000 0.000000 0.000000 0.000000 0.000000 0.000000 0.000000 0.000000 0.000000 0.000000 0.000000 0.000000 0.000000 0.000000 0.000000 0.000000 0.000000 0.000000 0.000000 0.000000 0.000000 0.000000 0.000000 0.000000 0.000000 0.000000 0.000000 0.000000 0.000000 0.000000 0.000000 0.000000 0.000000 0.000000 0.000000 0.000000 0.000000 0.000000 0.000000 0.000000 0.258258 0.000000 0.000000 0.000000 0.000000 0.000000 0.000000 0.000000 0.000000 0.000000 0.000000 0.000000 0.000000 0.000000 0.000000 0.125133 0.000000 0.000000 0.000000 0.000000 0.000000 0.000000 0.000000 0.000000 0.000000 0.000000 
0.000000 0.000000 0.000000 0.000000 0.000000 0.000000 0.000000 0.000000 0.000001 0.000000 0.000000 0.000003 0.000000 0.000000 0.000000 0.000000 0.000000 0.000000 0.000000 0.000000 0.000000 0.000000 0.000000 0.000000 0.000000 0.000000 0.000000 0.000000 0.000000 0.000000 0.000000 0.000000 0.000000 0.000000 0.000000 0.000000 0.000000 0.000000 0.000000 0.000000 0.000000 0.000000 0.000000 0.000000 0.000000 0.000000 0.000000 0.000000 0.000000 0.000000 0.000000 0.000000 0.000000 0.000000 0.000000 0.000000 0.000000 0.000000 0.000000 0.000000 0.000000 0.000000 0.000000 0.000000 0.000000 0.000000 0.000000 0.000000 0.000000 0.000000 0.000000 0.000000 0.000000 0.000000 0.000000 0.000000 0.000000 0.000000 0.999995 0.000000 0.000000 0.000000 0.000000 0.000000 0.000000 0.000000 0.000000 0.000000 0.000000 0.000000 0.000000 0.000000 0.000000 0.000000 0.000000 0.000000 
0.006283 0.000000 0.000000 0.000000 0.071186 0.027613 0.013335 0.076068 0.011831 0.010862 0.000000 0.010948 0.000000 0.000000 0.000000 0.000000 0.000000 0.000000 0.000000 0.012848 0.000000 0.000000 0.014364 0.008667 0.000000 0.000000 0.000000 0.000000 0.047165 0.036716 0.012199 0.074927 0.011573 0.000000 0.000000 0.005211 0.000000 0.000000 0.010433 0.006730 0.000000 0.000000 0.000000 0.000000 0.000000 0.014235 0.013263 0.000000 0.000000 0.000000 0.000000 0.000000 0.033696 0.028557 0.000000 0.052452 0.033460 0.000000 0.000000 0.023460 0.000000 0.007256 0.000000 0.006511 0.000000 0.000000 0.000000 0.000000 0.006472 0.008232 0.042871 0.015318 0.000000 0.033155 0.000000 0.000000 0.036291 0.057208 0.007132 0.073707 0.000000 0.000000 0.000000 0.000000 0.000000 0.007616 0.000000 0.013425 0.000000 0.000000 0.000000 0.000000 0.000000 0.000000 0.016724 0.000000 
0.000000 0.000000 0.000000 0.000000 0.000000 0.000000 0.000000 0.000000 0.000000 0.000000 0.000000 0.030298 0.000000 0.000000 0.000000 0.000000 0.000000 0.000000 0.000000 0.000000 0.000000 0.000000 0.004944 0.029021 0.000000 0.000000 0.000000 0.000000 0.000000 0.000000 0.000000 0.000000 0.000000 0.000000 0.000000 0.000000 0.000000 0.000000 0.000000 0.000000 0.000000 0.000000 0.000000 0.000000 0.000000 0.000000 0.000000 0.000000 0.000000 0.000000 0.000000 0.000000 0.000000 0.000000 0.000000 0.000000 0.000000 0.000000 0.000000 0.000000 0.000000 0.000000 0.000000 0.000000 0.000000 0.028202 0.000000 0.041029 0.000000 0.000000 0.000000 0.000000 0.000000 0.000000 0.000000 0.000000 0.000000 0.000000 0.000000 0.000000 0.000000 0.000000 0.562553 0.058442 0.000000 0.000000 0.000000 0.000000 0.000000 0.026183 0.000000 0.013529 0.000000 0.056470 0.000000 0.149330 
0.656382 0.001533 0.039055 0.000075 0.000004 0.066766 0.000000 0.000000 0.000547 0.153478 0.011892 0.036437 0.000000 0.004383 0.029450 0.000000 
0.132440 0.061768 0.000190 0.000057 0.108161 0.085128 0.000000 0.136659 0.314876 0.033062 0.023741 0.079894 0.000000 0.000000 0.024025 0.000000 
0.172323 0.056872 0.030434 0.000035 0.000004 0.072143 0.000000 0.000000 0.288691 0.027557 0.044888 0.090765 0.000000 0.000000 0.028500 0.187790 
0.079955 0.033852 0.084335 0.018493 0.000004 0.064735 0.000000 0.000000 0.020718 0.022065 0.002482 0.656611 0.000000 0.000000 0.016752 0.000000 
0.046445 0.057872 0.000187 0.000049 0.000004 0.094366 0.000000 0.056118 0.064988 0.267427 0.001808 0.368565 0.000000 0.000000 0.042170 0.000000 
0.076866 0.045271 0.237355 0.014383 0.000002 0.233163 0.004760 0.000000 0.051709 0.119524 0.001633 0.139091 0.000000 0.000000 0.076243 0.000000 
0.078959 0.012083 0.071819 0.000036 0.000002 0.000904 0.000000 0.000000 0.155172 0.010408 0.625768 0.028057 0.000000 0.000000 0.016792 0.000000 
0.134397 0.032443 0.000190 0.112821 0.041827 0.135403 0.000000 0.000000 0.029591 0.134785 0.268538 0.093742 0.000000 0.000000 0.016263 0.000000 
0.074415 0.041383 0.146826 0.031217 0.000002 0.191493 0.004439 0.000000 0.019944 0.217070 0.055201 0.050561 0.000000 0.000000 0.167448 0.000000 
0.301837 0.031529 0.000141 0.007884 0.000002 0.165399 0.009902 0.000000 0.025383 0.194782 0.025610 0.007319 0.000000 0.000000 0.230211 0.000000 
0.027286 0.001057 0.110235 0.010621 0.036745 0.116719 0.000000 0.022397 0.067313 0.305588 0.027365 0.198559 0.000000 0.000000 0.076113 0.000000 
0.024923 0.065329 0.036619 0.031799 0.000003 0.158626 0.004428 0.000000 0.048458 0.252326 0.014378 0.021594 0.000000 0.000000 0.341516 0.000000 
0.729393 0.021558 0.000052 0.000098 0.043285 0.064588 0.004997 0.000000 0.000218 0.020020 0.033103 0.081355 0.000000 0.000000 0.001333 0.000000 
0.049921 0.006811 0.215036 0.007504 0.000002 0.241285 0.004884 0.000000 0.062807 0.266322 0.009648 0.050105 0.000000 0.000000 0.085676 0.000000 
0.057966 0.001445 0.264216 0.000043 0.000004 0.092956 0.000000 0.035898 0.090219 0.063594 0.017545 0.352088 0.000000 0.000000 0.024025 0.000000 
0.045245 0.027417 0.012856 0.014452 0.000004 0.194678 0.004759 0.013255 0.014269 0.221280 0.004411 0.147240 0.000000 0.000000 0.300135 0.000000 
0.242748 0.047705 0.000113 0.007687 0.000003 0.022454 0.000000 0.106252 0.342657 0.041056 0.004767 0.086824 0.000000 0.000000 0.002486 0.095247 
0.071414 0.036561 0.000212 0.007239 0.201336 0.066942 0.000000 0.025768 0.030069 0.058861 0.367805 0.116863 0.000000 0.000000 0.016930 0.000000 
0.068055 0.031913 0.051136 0.069960 0.000004 0.322391 0.000000 0.014401 0.064039 0.140539 0.019206 0.101342 0.000000 0.000000 0.117015 0.000000 
0.151778 0.037738 0.000165 0.000049 0.118276 0.108818 0.004998 0.000000 0.036352 0.227580 0.120688 0.098484 0.000000 0.000000 0.095073 0.000000 
0.022744 0.193909 0.056543 0.128450 0.000003 0.214864 0.008107 0.000000 0.031383 0.196922 0.026298 0.053459 0.000000 0.000000 0.067318 0.000000 
0.071693 0.026631 0.000213 0.013535 0.038033 0.109541 0.000000 0.041053 0.050985 0.281161 0.157909 0.106302 0.000000 0.000000 0.078788 0.024155 
0.057118 0.031814 0.016815 0.008882 0.000004 0.094886 0.000000 0.000000 0.019683 0.300053 0.012885 0.454533 0.000000 0.000000 0.003327 0.000000 
0.299435 0.074659 0.000178 0.000062 0.016519 0.036058 0.000000 0.141079 0.160984 0.080228 0.012909 0.177470 0.000000 0.000000 0.000417 0.000000 
0.049171 0.047053 0.111865 0.016085 0.000004 0.175308 0.000000 0.000000 0.028013 0.136782 0.012697 0.347867 0.000000 0.000000 0.075155 0.000000 
0.372760 0.114139 0.000134 0.089022 0.000003 0.092869 0.008717 0.018594 0.013674 0.103538 0.030891 0.127629 0.015256 0.000000 0.012773 0.000000 
0.012155 0.052674 0.000219 0.000040 0.000004 0.061621 0.000000 0.000000 0.006777 0.073417 0.020732 0.751101 0.000000 0.004747 0.016513 0.000000 
0.059383 0.023492 0.050618 0.007411 0.000001 0.227960 0.014915 0.000000 0.015537 0.168752 0.051127 0.037685 0.012755 0.000000 0.330362 0.000000 
0.094304 0.016423 0.095029 0.018315 0.000002 0.256054 0.000000 0.000000 0.082349 0.156178 0.022284 0.066828 0.000000 0.000000 0.192234 0.000000 
0.043906 0.128497 0.000129 0.175410 0.000004 0.181948 0.000000 0.000000 0.070268 0.141571 0.003279 0.199610 0.000000 0.000000 0.055376 0.000000 
0.069309 0.103238 0.000170 0.000059 0.000003 0.102572 0.000000 0.074221 0.238234 0.150141 0.013054 0.038945 0.000000 0.000000 0.107523 0.102531 
0.084311 0.030489 0.068045 0.024235 0.000003 0.295372 0.009670 0.000000 0.041131 0.180577 0.029437 0.099960 0.000000 0.000000 0.136770 0.000000 
0.036962 0.026210 0.015041 0.023755 0.289975 0.162104 0.000000 0.042889 0.026126 0.154921 0.049323 0.154796 0.000000 0.000000 0.017898 0.000000 
0.550331 0.000017 0.000104 0.000030 0.000005 0.003499 0.000000 0.000000 0.008996 0.013090 0.378057 0.020094 0.016453 0.000000 0.009324 0.000000 
0.087312 0.021170 0.000136 0.000049 0.357384 0.178277 0.000000 0.000000 0.066473 0.040059 0.017887 0.219440 0.000000 0.000000 0.011812 0.000000 
0.258613 0.026472 0.054341 0.007985 0.000004 0.096119 0.004875 0.000000 0.007686 0.329409 0.025175 0.170463 0.000000 0.000000 0.018857 0.000000 
0.028305 0.000871 0.141903 0.000016 0.000004 0.025262 0.000000 0.000000 0.013806 0.140248 0.202065 0.309664 0.000000 0.000000 0.137858 0.000000 
0.017685 0.024953 0.000158 0.018000 0.041933 0.171371 0.000000 0.036864 0.081461 0.446290 0.012592 0.014676 0.000000 0.000000 0.134018 0.000000 
0.031583 0.040551 0.024050 0.000025 0.124202 0.075059 0.000000 0.150324 0.291038 0.106208 0.020595 0.114468 0.000000 0.000000 0.021898 0.000000 
0.006459 0.001082 0.044433 0.008876 0.000005 0.246138 0.004859 0.000000 0.034213 0.254322 0.006763 0.026391 0.000000 0.000000 0.366459 0.000000 
0.043624 0.011360 0.000096 0.006270 0.000002 0.015597 0.012504 0.000000 0.169841 0.024773 0.623444 0.036247 0.000000 0.000000 0.018054 0.038188 
0.080083 0.000633 0.186169 0.000031 0.000002 0.025677 0.000000 0.000000 0.059956 0.066353 0.482547 0.030069 0.000000 0.000000 0.068481 0.000000 
0.082320 0.031924 0.043146 0.000058 0.000004 0.274288 0.000000 0.000000 0.023443 0.205725 0.006465 0.126771 0.000000 0.000000 0.168245 0.037611 
0.033543 0.027336 0.008750 0.000029 0.000003 0.033436 0.000000 0.000000 0.012107 0.045299 0.059515 0.777058 0.000000 0.000000 0.002924 0.000000 
0.238672 0.019981 0.000159 0.037418 0.000003 0.182746 0.009480 0.000000 0.006877 0.180170 0.057603 0.056120 0.000000 0.000000 0.210771 0.000000 
0.086902 0.063203 0.000113 0.097628 0.043556 0.204640 0.000000 0.000000 0.233145 0.024235 0.032118 0.026333 0.000000 0.000000 0.001528 0.186598 
0.060334 0.069935 0.159072 0.005876 0.023629 0.088167 0.009930 0.116238 0.193455 0.091484 0.048081 0.131036 0.000000 0.000000 0.002763 0.000000 
0.722388 0.007830 0.000096 0.000046 0.000003 0.109802 0.000000 0.000000 0.006384 0.071446 0.020365 0.027152 0.000000 0.000000 0.034487 0.000000 
0.006845 0.042922 0.000192 0.014674 0.041242 0.078267 0.004755 0.000000 0.011778 0.300092 0.000251 0.405547 0.000000 0.000000 0.093436 0.000000 
0.843523 0.004822 0.031871 0.000050 0.000001 0.050302 0.004998 0.000000 0.000419 0.036209 0.006922 0.004471 0.000000 0.000000 0.016412 0.000000 
0.225465 0.026985 0.000178 0.007439 0.009672 0.090531 0.000000 0.000000 0.167864 0.280333 0.001870 0.010628 0.000000 0.000000 0.117040 0.061996 
0.005128 0.028486 0.000213 0.000048 0.000004 0.123195 0.004998 0.000000 0.028996 0.184691 0.042164 0.520840 0.000000 0.000000 0.061236 0.000000 
0.030587 0.000303 0.549020 0.000043 0.000003 0.082364 0.004998 0.000000 0.052748 0.221196 0.001164 0.029779 0.000000 0.000000 0.027796 0.000000 
0.024204 0.007889 0.030878 0.000031 0.034374 0.024592 0.000000 0.000000 0.008080 0.040670 0.209910 0.586884 0.000000 0.000000 0.032488 0.000000 
0.103771 0.001321 0.010723 0.021882 0.025078 0.172819 0.000000 0.069802 0.068409 0.148355 0.291521 0.015745 0.000000 0.000000 0.070574 0.000000 
0.083504 0.037694 0.149689 0.000042 0.136975 0.109243 0.000000 0.000000 0.039768 0.220143 0.015643 0.202851 0.000000 0.000000 0.004447 0.000000 
0.249389 0.046305 0.016353 0.040735 0.000004 0.202315 0.000000 0.000000 0.000569 0.184195 0.032861 0.123982 0.013297 0.000000 0.089995 0.000000 
0.079416 0.042544 0.250005 0.000059 0.000004 0.121086 0.000000 0.000000 0.069139 0.259974 0.000805 0.048010 0.000000 0.000000 0.128958 0.000000 
0.201141 0.061063 0.000157 0.000062 0.000004 0.037642 0.000000 0.000000 0.125924 0.027514 0.011608 0.448342 0.000000 0.000000 0.001889 0.084654 
0.072560 0.007177 0.066680 0.000038 0.000003 0.136567 0.004998 0.000000 0.024513 0.038459 0.007012 0.616965 0.000000 0.000000 0.025027 0.000000 
0.024441 0.151098 0.090332 0.253617 0.000004 0.194548 0.005826 0.000000 0.029071 0.088039 0.030156 0.074512 0.015368 0.000000 0.042987 0.000000 
0.213350 0.034278 0.000141 0.007679 0.000003 0.054164 0.000000 0.048541 0.021616 0.031441 0.217106 0.369645 0.000000 0.000000 0.002035 0.000000 
0.055311 0.063554 0.000314 0.063581 0.000004 0.101532 0.009098 0.000000 0.085738 0.035703 0.105699 0.467942 0.000000 0.000000 0.011524 0.000000 
0.002615 0.127131 0.000132 0.134024 0.020951 0.118452 0.000000 0.000000 0.053110 0.432035 0.016729 0.015475 0.010032 0.000000 0.069316 0.000000 
0.251470 0.040267 0.015674 0.020970 0.186905 0.051366 0.004637 0.030911 0.144598 0.091366 0.010480 0.145232 0.000000 0.000000 0.006123 0.000000 
0.064103 0.034350 0.022775 0.019158 0.000003 0.096551 0.000000 0.000000 0.046509 0.060855 0.172976 0.282229 0.021382 0.000000 0.088537 0.090572 
0.041190 0.080263 0.022554 0.047289 0.013049 0.263359 0.000000 0.000000 0.080397 0.197478 0.007162 0.102544 0.016088 0.000000 0.065748 0.062879 
0.032959 0.000873 0.228944 0.008705 0.000004 0.145299 0.000000 0.000000 0.169336 0.138527 0.010836 0.103446 0.000000 0.000000 0.078201 0.082869 
0.399881 0.063688 0.000166 0.000057 0.000002 0.117194 0.004998 0.000000 0.000617 0.102165 0.294735 0.007348 0.000000 0.000000 0.009150 0.000000 
0.039232 0.035391 0.000127 0.010687 0.000005 0.147319 0.000000 0.000000 0.039672 0.273879 0.079614 0.037999 0.000000 0.000000 0.336075 0.000000 
0.081535 0.001894 0.039266 0.033226 0.000004 0.298130 0.000000 0.000000 0.020441 0.252036 0.016277 0.147751 0.000000 0.000000 0.109439 0.000000 
0.019424 0.032221 0.000273 0.014648 0.000003 0.098293 0.004755 0.000000 0.025309 0.105805 0.042074 0.500992 0.000000 0.000000 0.156202 0.000000 
0.434401 0.010479 0.092992 0.027177 0.000004 0.030208 0.004518 0.000000 0.068339 0.077985 0.163690 0.032427 0.000000 0.000000 0.057779 0.000000 
0.282297 0.019764 0.000182 0.000087 0.000003 0.022661 0.000000 0.000000 0.031443 0.099293 0.348977 0.012212 0.000000 0.000000 0.163388 0.019693 
0.014529 0.021649 0.026730 0.006507 0.000003 0.090266 0.004901 0.000000 0.030028 0.248055 0.426781 0.019411 0.000000 0.000000 0.111139 0.000000 
0.040721 0.010573 0.073716 0.007205 0.361982 0.124328 0.000000 0.020723 0.013206 0.100414 0.015708 0.192178 0.000000 0.004115 0.035130 0.000000 
0.698324 0.000443 0.091201 0.025508 0.000002 0.036164 0.004551 0.000000 0.012404 0.070295 0.004311 0.018877 0.000000 0.000000 0.037920 0.000000 
0.037849 0.032397 0.000287 0.022439 0.000004 0.136000 0.009696 0.000000 0.015212 0.360069 0.003834 0.049037 0.000000 0.000000 0.333174 0.000000 
0.039864 0.021486 0.000209 0.009414 0.000005 0.141685 0.009881 0.000000 0.032420 0.330169 0.030818 0.071206 0.000000 0.000000 0.312844 0.000000 
0.110469 0.059693 0.000201 0.007739 0.000004 0.102025 0.004880 0.000000 0.042300 0.134649 0.006712 0.458073 0.000000 0.000000 0.073255 0.000000 
0.614294 0.034545 0.000159 0.000112 0.000005 0.057445 0.000000 0.000000 0.029387 0.018194 0.077026 0.030787 0.000000 0.000000 0.063293 0.074753 
0.018066 0.001376 0.101709 0.016658 0.000005 0.185567 0.014794 0.000000 0.037418 0.311813 0.011106 0.018368 0.000000 0.000000 0.283121 0.000000 
0.074828 0.060790 0.058734 0.051931 0.014471 0.129066 0.000000 0.000000 0.087392 0.141216 0.058289 0.092946 0.000000 0.000000 0.156638 0.073699 
0.118306 0.001532 0.000187 0.000048 0.282516 0.139395 0.000000 0.000000 0.009898 0.118998 0.000674 0.285409 0.000000 0.000000 0.043037 0.000000 
0.027899 0.000080 0.489322 0.000037 0.000002 0.032115 0.000000 0.000000 0.039401 0.295058 0.000768 0.030237 0.000000 0.000000 0.085083 0.000000 
0.152590 0.001514 0.309785 0.000026 0.094257 0.045721 0.000000 0.000000 0.036612 0.179989 0.001459 0.075747 0.000000 0.000000 0.102299 0.000000 
0.042411 0.033723 0.045219 0.030935 0.000004 0.220563 0.004445 0.000000 0.026778 0.201131 0.035167 0.057031 0.000000 0.000000 0.302594 0.000000 
0.024940 0.042809 0.042777 0.015761 0.137730 0.066951 0.000000 0.000000 0.009522 0.055860 0.002465 0.596508 0.000000 0.000000 0.004677 0.000000 
0.016593 0.030459 0.046553 0.009775 0.000003 0.120620 0.000000 0.043431 0.301470 0.151925 0.000343 0.130716 0.000000 0.000000 0.012459 0.135652 
0.045054 0.084578 0.000156 0.015269 0.000004 0.166330 0.009798 0.112258 0.308231 0.062626 0.007280 0.153309 0.000000 0.000000 0.035108 0.000000 
0.078437 0.016175 0.000181 0.000073 0.331252 0.075451 0.000000 0.000000 0.021324 0.090945 0.026637 0.321736 0.000000 0.000000 0.037789 0.000000 
0.754280 0.007500 0.000171 0.000048 0.000002 0.049801 0.000000 0.039493 0.026510 0.074263 0.006149 0.024825 0.015432 0.000000 0.001526 0.000000 
0.039811 0.020185 0.062249 0.008362 0.000003 0.091068 0.009895 0.190720 0.273394 0.196206 0.001770 0.019899 0.010293 0.000000 0.076146 0.000000 
0.276017 0.024262 0.000179 0.007751 0.000005 0.085692 0.000000 0.000000 0.043449 0.359102 0.052550 0.070199 0.000000 0.000000 0.037043 0.043751 
0.029781 0.034017 0.015692 0.000032 0.066434 0.034902 0.009998 0.000000 0.014225 0.030701 0.003568 0.759183 0.000000 0.000000 0.001467 0.000000 
0.127164 0.001530 0.000174 0.013594 0.000005 0.221922 0.000000 0.000000 0.024386 0.352262 0.053762 0.066212 0.000000 0.000000 0.138990 0.000000 
0.057001 0.028448 0.036549 0.044503 0.000003 0.189359 0.000000 0.000000 0.000623 0.128582 0.026170 0.264601 0.000000 0.000000 0.224159 0.000000 
0.019999 0.165555 0.000163 0.196288 0.000004 0.233340 0.012353 0.000000 0.027995 0.209731 0.000110 0.067793 0.000000 0.000000 0.066668 0.000000 
0.265242 0.041518 0.000195 0.007504 0.000002 0.211369 0.000000 0.000000 0.062093 0.190731 0.003887 0.032800 0.000000 0.000000 0.184659 0.000000 
0.484279 0.009989 0.000122 0.000047 0.143706 0.069262 0.004998 0.000000 0.009168 0.054853 0.035587 0.165313 0.022034 0.000000 0.000642 0.000000 
0.028390 0.013434 0.419756 0.007792 0.000003 0.122251 0.000000 0.000000 0.028576 0.212323 0.015390 0.085731 0.000000 0.000000 0.066353 0.000000 
0.269974 0.000400 0.251419 0.000038 0.000003 0.026814 0.004998 0.000000 0.018995 0.237937 0.110570 0.034015 0.000000 0.000000 0.044838 0.000000 
0.363086 0.007221 0.237858 0.000029 0.000004 0.062906 0.000000 0.000000 0.012941 0.125861 0.059867 0.116070 0.011053 0.000000 0.003103 0.000000 
0.013273 0.104189 0.000114 0.169532 0.000005 0.137230 0.000000 0.000000 0.046575 0.194639 0.103909 0.054587 0.000000 0.000000 0.157915 0.018032 
0.029360 0.051042 0.000188 0.000069 0.041420 0.094832 0.000000 0.000000 0.039783 0.539879 0.124636 0.030802 0.000000 0.000000 0.047989 0.000000 
0.060989 0.051028 0.000157 0.015806 0.235456 0.093607 0.000000 0.000000 0.189850 0.040459 0.011335 0.161642 0.000000 0.000000 0.020623 0.119048 
0.103428 0.009873 0.000185 0.000108 0.000004 0.047278 0.000000 0.000000 0.014807 0.029393 0.630484 0.113520 0.000000 0.000000 0.050921 0.000000 
0.069213 0.043450 0.000153 0.009468 0.015110 0.087765 0.000000 0.000000 0.166853 0.445832 0.002475 0.054415 0.000000 0.000000 0.043563 0.061703 
0.079016 0.055349 0.000161 0.018771 0.035684 0.115809 0.000000 0.000000 0.279557 0.032262 0.006635 0.018699 0.000000 0.000000 0.072523 0.285534 
0.035721 0.043993 0.000191 0.000082 0.029488 0.212777 0.004998 0.032411 0.086908 0.315258 0.024697 0.020030 0.000000 0.000000 0.193445 0.000000 
0.060822 0.086735 0.044130 0.000055 0.000001 0.232285 0.004998 0.000000 0.013653 0.224941 0.011270 0.016005 0.000000 0.000000 0.305105 0.000000 
0.136898 0.002201 0.247573 0.000072 0.000005 0.208334 0.000000 0.000000 0.039550 0.180952 0.042628 0.054282 0.000000 0.000000 0.087505 0.000000 
0.120040 0.022585 0.000173 0.010696 0.323946 0.151278 0.000000 0.000000 0.026125 0.051751 0.012222 0.249963 0.000000 0.000000 0.031220 0.000000 
0.076893 0.021875 0.103305 0.017987 0.000005 0.091672 0.009759 0.036876 0.112096 0.430198 0.000922 0.056860 0.000000 0.009356 0.032194 0.000000 
0.092332 0.066954 0.017666 0.000059 0.000004 0.221272 0.000000 0.000000 0.007331 0.121737 0.344050 0.030948 0.000000 0.000000 0.097648 0.000000 
0.050520 0.074262 0.000232 0.015308 0.000004 0.069290 0.000000 0.075703 0.302513 0.096918 0.028141 0.065805 0.022287 0.000000 0.046944 0.152074 
0.023470 0.035424 0.057409 0.000084 0.000005 0.072186 0.004998 0.000000 0.048995 0.609229 0.012914 0.035473 0.000000 0.000000 0.099812 0.000000 
0.031216 0.137867 0.000141 0.190647 0.020538 0.208036 0.007068 0.000000 0.049010 0.214841 0.000376 0.084016 0.000000 0.000000 0.056244 0.000000 
0.458139 0.008187 0.171068 0.036602 0.000005 0.077582 0.000000 0.000000 0.007588 0.160826 0.013083 0.055416 0.000000 0.000000 0.011505 0.000000 
0.306793 0.026478 0.030677 0.010108 0.085623 0.020875 0.004837 0.000000 0.013208 0.069205 0.038750 0.347904 0.041903 0.000000 0.003640 0.000000 
0.290241 0.014915 0.305125 0.000057 0.000004 0.101006 0.004998 0.000000 0.022464 0.151120 0.034564 0.026627 0.039391 0.000000 0.009488 0.000000 
0.062041 0.050997 0.000187 0.028441 0.000003 0.098844 0.000000 0.068053 0.310566 0.092113 0.006739 0.092109 0.000000 0.000000 0.097059 0.092848 
0.070888 0.038867 0.038514 0.028587 0.000004 0.158295 0.000000 0.000000 0.000533 0.164143 0.128540 0.308862 0.000000 0.000000 0.062766 0.000000 
0.108536 0.000317 0.490198 0.000043 0.000003 0.020153 0.000000 0.000000 0.044905 0.119385 0.018631 0.184144 0.000000 0.000000 0.013685 0.000000 
0.124167 0.001342 0.000224 0.000059 0.000003 0.122441 0.000000 0.000000 0.042493 0.133590 0.412000 0.102782 0.000000 0.000000 0.060899 0.000000 
0.002220 0.009909 0.053090 0.039221 0.052412 0.153908 0.000000 0.000000 0.062061 0.470987 0.001550 0.034129 0.000000 0.000000 0.120514 0.000000 
0.025517 0.046271 0.040720 0.008428 0.000002 0.130982 0.004867 0.000000 0.028438 0.277864 0.059467 0.010666 0.000000 0.000000 0.366777 0.000000 
0.042702 0.245223 0.026157 0.141470 0.000003 0.211575 0.000000 0.000000 0.040836 0.113379 0.011230 0.093932 0.000000 0.000000 0.073493 0.000000 
0.041446 0.017014 0.322927 0.017349 0.000005 0.080584 0.004705 0.000000 0.060704 0.287257 0.000727 0.095827 0.000000 0.008342 0.063113 0.000000 
0.246646 0.018165 0.000123 0.008887 0.000004 0.092976 0.004859 0.000000 0.000413 0.153404 0.305195 0.061664 0.000000 0.000000 0.107664 0.000000 
0.100399 0.018821 0.000145 0.024828 0.021441 0.167832 0.000000 0.000000 0.034759 0.466135 0.052882 0.031862 0.028553 0.000000 0.052344 0.000000 
0.048297 0.018831 0.407987 0.005871 0.000004 0.133251 0.000000 0.020484 0.104710 0.136982 0.012411 0.051253 0.000000 0.000000 0.059919 0.000000 
0.049844 0.161485 0.000142 0.139683 0.073347 0.204762 0.000000 0.000000 0.042061 0.075063 0.057399 0.177650 0.000000 0.000000 0.018565 0.000000 
0.041827 0.000282 0.020673 0.000061 0.102933 0.169441 0.000000 0.000000 0.061299 0.403461 0.041491 0.038985 0.000000 0.000000 0.119547 0.000000 
0.028630 0.024679 0.049241 0.006907 0.163706 0.045337 0.000000 0.000000 0.027264 0.017406 0.017300 0.601049 0.016628 0.000000 0.001852 0.000000 
0.158819 0.006365 0.000164 0.008365 0.000003 0.319442 0.004868 0.000000 0.007758 0.270925 0.002156 0.105435 0.000000 0.000000 0.115700 0.000000 
0.008829 0.190928 0.000224 0.152899 0.056712 0.204030 0.012958 0.000000 0.070913 0.186649 0.064111 0.028047 0.000000 0.000000 0.023700 0.000000 
0.051594 0.036158 0.175842 0.054380 0.000004 0.122024 0.000000 0.000000 0.064165 0.312377 0.022271 0.077420 0.000000 0.000000 0.083765 0.000000 
0.061759 0.014312 0.000164 0.000057 0.424545 0.092326 0.000000 0.000000 0.039371 0.094046 0.022774 0.223988 0.000000 0.000000 0.026658 0.000000 
0.030619 0.002039 0.012824 0.023589 0.000004 0.182621 0.000000 0.000000 0.007102 0.370525 0.024922 0.188703 0.000000 0.000000 0.157052 0.000000 
0.873581 0.005591 0.000127 0.000019 0.000001 0.015515 0.000000 0.000000 0.000388 0.039254 0.052695 0.005475 0.000000 0.000000 0.007354 0.000000 
0.717315 0.004601 0.000229 0.000037 0.000004 0.076988 0.000000 0.000000 0.019950 0.130755 0.007400 0.026018 0.000000 0.000000 0.016702 0.000000 
0.035059 0.112899 0.012113 0.074597 0.000004 0.296259 0.008934 0.000000 0.036585 0.159766 0.012964 0.039922 0.000000 0.000000 0.210897 0.000000 
0.070398 0.082708 0.048539 0.000062 0.104620 0.296587 0.004998 0.000000 0.000854 0.110629 0.012449 0.184610 0.000000 0.000000 0.083546 0.000000 
0.361915 0.051632 0.000148 0.037880 0.000005 0.174509 0.009474 0.000000 0.040641 0.138367 0.024087 0.033422 0.000000 0.000000 0.127921 0.000000 
0.090323 0.041408 0.067201 0.017123 0.000005 0.393935 0.004709 0.000000 0.020657 0.157130 0.007637 0.056359 0.000000 0.000000 0.143513 0.000000 
0.016101 0.006297 0.000240 0.000116 0.092471 0.076088 0.000000 0.036639 0.024771 0.093551 0.000117 0.651305 0.000000 0.000000 0.002306 0.000000 
0.454749 0.031111 0.000210 0.034506 0.000005 0.058804 0.000000 0.033964 0.013806 0.065431 0.244390 0.022913 0.000000 0.000000 0.040113 0.000000 
0.108060 0.059554 0.000243 0.018722 0.000003 0.094079 0.000000 0.156067 0.295315 0.084210 0.010648 0.071524 0.000000 0.000000 0.036017 0.065559 
0.151032 0.073183 0.044452 0.024757 0.000004 0.123510 0.000000 0.000000 0.037035 0.177570 0.225332 0.027285 0.000000 0.000000 0.115841 0.000000 
0.013841 0.021843 0.000222 0.000123 0.027959 0.198755 0.004997 0.000000 0.049801 0.561706 0.000780 0.048335 0.000000 0.000000 0.071638 0.000000 
0.349966 0.006890 0.000162 0.009097 0.000004 0.070817 0.000000 0.000000 0.020272 0.119781 0.304987 0.084248 0.000000 0.000000 0.033774 0.000000 
0.030949 0.051033 0.059936 0.018951 0.229828 0.067477 0.000000 0.055832 0.229133 0.060586 0.022992 0.090337 0.012601 0.000000 0.015223 0.055122 
0.069175 0.025352 0.020257 0.005510 0.000003 0.092439 0.004918 0.052008 0.057264 0.062486 0.171186 0.389030 0.000000 0.000000 0.050371 0.000000 
0.197920 0.001450 0.223488 0.000053 0.000002 0.142463 0.004998 0.000000 0.043943 0.235009 0.013746 0.081853 0.000000 0.000000 0.055075 0.000000 
0.077997 0.007995 0.009520 0.000043 0.000003 0.006944 0.000000 0.000000 0.029532 0.052590 0.725024 0.080608 0.000000 0.004882 0.004863 0.000000 
0.003495 0.020418 0.028693 0.006502 0.000004 0.035376 0.000000 0.000000 0.011055 0.025235 0.004189 0.856758 0.000000 0.000000 0.008277 0.000000 
0.022246 0.000097 0.433072 0.011130 0.000003 0.052173 0.000000 0.000000 0.055855 0.241607 0.006094 0.056457 0.021192 0.000000 0.100075 0.000000 
0.029395 0.022668 0.345061 0.021660 0.027431 0.091733 0.000000 0.000000 0.077013 0.295417 0.001567 0.014403 0.000000 0.000000 0.073652 0.000000 
0.034948 0.064821 0.000052 0.058825 0.000004 0.024903 0.000000 0.150064 0.359700 0.003427 0.008179 0.091877 0.000000 0.000000 0.005331 0.197869 
0.063232 0.000753 0.000057 0.000002 0.000001 0.029165 0.000000 0.000000 0.000171 0.002499 0.900681 0.001383 0.000000 0.000000 0.002057 0.000000 
0.182412 0.078584 0.143568 0.079101 0.000003 0.178769 0.000000 0.000000 0.029748 0.137735 0.024519 0.082021 0.000000 0.000000 0.063541 0.000000 
0.075434 0.007720 0.000144 0.000045 0.000006 0.060989 0.000000 0.000000 0.077334 0.125889 0.489415 0.010061 0.000000 0.000000 0.130568 0.022395 
0.031029 0.088648 0.000171 0.047010 0.000005 0.027866 0.000000 0.079794 0.327474 0.256545 0.000820 0.046674 0.000000 0.000000 0.018375 0.075587 
0.002722 0.101801 0.035252 0.113037 0.013703 0.196030 0.000000 0.000000 0.036968 0.361503 0.009547 0.060479 0.000000 0.000000 0.068958 0.000000 
0.041217 0.043453 0.060374 0.000044 0.023949 0.055584 0.000000 0.091962 0.392556 0.053635 0.003635 0.064623 0.000000 0.000000 0.022959 0.146009 
0.028543 0.000599 0.113005 0.008068 0.000004 0.094027 0.000000 0.000000 0.062670 0.464122 0.025534 0.116122 0.000000 0.000000 0.087306 0.000000 
0.054487 0.044264 0.026126 0.008848 0.000005 0.197381 0.004860 0.000000 0.008043 0.285438 0.011986 0.052241 0.000000 0.000000 0.306320 0.000000 
0.031931 0.000274 0.412931 0.000045 0.000003 0.073522 0.000000 0.000000 0.068041 0.294025 0.023620 0.075481 0.000000 0.000000 0.020126 0.000000 
0.009439 0.063769 0.000098 0.013317 0.000004 0.043405 0.000000 0.173451 0.439036 0.002451 0.017599 0.078056 0.000000 0.000000 0.003208 0.156166 
0.062802 0.065233 0.063751 0.048542 0.000004 0.099847 0.009319 0.000000 0.061239 0.234433 0.000446 0.043940 0.000000 0.000000 0.310445 0.000000 
0.011865 0.020115 0.171450 0.000031 0.000003 0.118545 0.000000 0.000000 0.050785 0.375879 0.049136 0.096042 0.000000 0.000000 0.106149 0.000000 
0.071686 0.001197 0.026400 0.066260 0.000004 0.149939 0.003651 0.000000 0.044606 0.171806 0.016378 0.378201 0.000000 0.000000 0.069873 0.000000 
0.156695 0.066201 0.000139 0.130643 0.000003 0.291869 0.000000 0.028766 0.049624 0.075549 0.009216 0.147494 0.000000 0.000000 0.043800 0.000000 
0.032876 0.068735 0.036135 0.029732 0.000004 0.264962 0.000000 0.000000 0.042369 0.182533 0.035069 0.107070 0.000000 0.000000 0.200515 0.000000 
0.021667 0.149470 0.000132 0.212716 0.000003 0.252044 0.000000 0.000000 0.016594 0.103480 0.030503 0.120196 0.000000 0.000000 0.093196 0.000000 
0.030041 0.035982 0.000210 0.008437 0.000004 0.107204 0.009894 0.000000 0.012864 0.108644 0.001784 0.608756 0.000000 0.000000 0.076181 0.000000 
0.149772 0.046663 0.000271 0.000080 0.102219 0.074768 0.000000 0.014967 0.026530 0.143653 0.132383 0.159336 0.000000 0.000000 0.149358 0.000000 
0.391262 0.076477 0.009701 0.010072 0.038895 0.106131 0.000000 0.000000 0.139387 0.038123 0.061236 0.015756 0.000000 0.000000 0.018114 0.094845 
0.036844 0.009949 0.409453 0.006976 0.015092 0.161065 0.000000 0.000000 0.056357 0.153111 0.005329 0.041902 0.000000 0.000000 0.103923 0.000000 
