-393303.832223
0
0.008418 0.000000 0.000000 0.000000 0.073254 0.026304 0.012473 0.072056 0.023086 0.013124 0.000000 0.012465 0.000000 0.000000 0.000000 0.000000 0.000000 0.000000 0.000000 0.008796 0.000000 0.000000 0.017218 0.015174 0.000000 0.000000 0.000000 0.000000 0.045316 0.035044 0.011785 0.070616 0.013643 0.000000 0.000000 0.008848 0.000000 0.000000 0.010914 0.009320 0.000000 0.002159 0.000000 0.000000 0.000000 0.012468 0.013010 0.000000 0.000000 0.000000 0.000000 0.000000 0.030493 0.028010 0.000000 0.050684 0.028370 0.000000 0.000000 0.022549 0.000000 0.007788 0.000000 0.003517 0.000000 0.000000 0.000000 0.000000 0.006271 0.007848 0.036466 0.011403 0.000000 0.030564 0.008504 0.000000 0.034581 0.053756 0.008215 0.070292 0.000000 0.000000 0.000000 0.000000 0.000000 0.006695 0.000000 0.011802 0.000000 0.000000 0.000000 0.000000 0.000000 0.005221 0.021477 0.000000 
0.000000 0.000000 0.000000 0.000000 0.000000 0.000000 0.000000 0.000000 0.195371 0.000000 0.000000 0.000000 0.000000 0.000000 0.000000 0.000000 0.000000 0.000000 0.162788 0.000000 0.000000 0.000000 0.000000 0.000000 0.000000 0.000000 0.000000 0.000000 0.000000 0.000000 0.000000 0.000000 0.000000 0.000000 0.114713 0.000000 0.000000 0.022115 0.000000 0.000000 0.064716 0.000000 0.257574 0.000000 0.000000 0.000000 0.000000 0.000000 0.000000 0.000000 0.000000 0.000000 0.000000 0.057490 0.000000 0.000000 0.000000 0.000000 0.000000 0.000000 0.000000 0.000000 0.000000 0.000000 0.000000 0.000000 0.098254 0.000000 0.000000 0.000000 0.000000 0.000000 0.000000 0.000000 0.026978 0.000000 0.000000 0.000000 0.000000 0.000000 0.000000 0.000000 0.000000 0.000000 0.000000 0.000000 0.000000 0.000000 0.000000 0.000000 0.000000 0.000000 0.000000 0.000000 0.000000 0.000000 
0.000000 0.000000 0.000000 0.000000 0.000000 0.000000 0.000000 0.000000 0.000000 0.000000 0.000000 0.121877 0.000000 0.036907 0.000000 0.000000 0.000000 0.000000 0.031503 0.000000 0.000000 0.000000 0.000000 0.000000 0.000000 0.000000 0.000000 0.000000 0.000000 0.000000 0.000000 0.000000 0.000000 0.000000 0.000000 0.000000 0.000000 0.000000 0.000000 0.000000 0.000000 0.000000 0.000000 0.000000 0.000000 0.000000 0.000000 0.000000 0.000000 0.040800 0.000000 0.000000 0.000000 0.000000 0.000000 0.000000 0.143974 0.176994 0.000000 0.069781 0.000000 0.000000 0.000000 0.000000 0.111546 0.000000 0.000000 0.000000 0.000000 0.009549 0.000000 0.021969 0.000000 0.000000 0.000000 0.000000 0.000000 0.000000 0.000000 0.000000 0.000000 0.000000 0.000000 0.000000 0.000000 0.000000 0.000000 0.000000 0.032229 0.000000 0.168971 0.000000 0.000000 0.000000 0.008445 0.025455 
0.000000 0.000000 0.000000 0.000000 0.000000 0.000000 0.000000 0.000000 0.000000 0.021988 0.000000 0.004045 0.000000 0.000000 0.000000 0.002442 0.000000 0.000000 0.000000 0.000000 0.000000 0.000000 0.000000 0.000000 0.000000 0.000000 0.000000 0.000000 0.000000 0.000000 0.000000 0.000000 0.091628 0.117324 0.020703 0.084433 0.000000 0.000946 0.000000 0.000000 0.000000 0.000000 0.000000 0.000000 0.000000 0.000735 0.000000 0.000000 0.000000 0.000000 0.000000 0.000000 0.000000 0.000000 0.000000 0.000000 0.000000 0.022969 0.000000 0.015917 0.000000 0.000000 0.000000 0.000000 0.000000 0.000000 0.000000 0.008628 0.000000 0.000000 0.000000 0.000000 0.000000 0.000000 0.000000 0.000000 0.000000 0.000000 0.000000 0.000000 0.099511 0.312854 0.109569 0.084893 0.000000 0.000000 0.000000 0.000000 0.000000 0.000000 0.000000 0.001415 0.000000 0.000000 0.000000 0.000000 
0.047859 0.048954 0.000000 0.049065 0.000000 0.007542 0.000000 0.000000 0.031512 0.000000 0.000000 0.024878 0.019510 0.019523 0.015956 0.024529 0.000000 0.004244 0.006566 0.009032 0.005989 0.000000 0.007945 0.000000 0.052857 0.035041 0.000000 0.037791 0.002378 0.003788 0.000000 0.000000 0.000000 0.000000 0.000000 0.032159 0.020868 0.033460 0.023277 0.038281 0.000000 0.007794 0.000000 0.000000 0.000000 0.001276 0.000000 0.000000 0.037861 0.027097 0.000000 0.031817 0.000000 0.000000 0.000000 0.000000 0.000000 0.000000 0.000000 0.000000 0.015603 0.009967 0.015995 0.025883 0.008524 0.000000 0.000000 0.000000 0.000000 0.000000 0.003767 0.003311 0.040202 0.018650 0.000000 0.045965 0.000000 0.000000 0.000000 0.000000 0.000000 0.000000 0.000000 0.010908 0.025217 0.017800 0.006273 0.036694 0.000000 0.000000 0.000000 0.000000 0.000000 0.000000 0.006391 0.000000 
0.000000 0.000000 0.000000 0.000000 0.000000 0.000000 0.000000 0.000000 0.000000 0.000000 0.000000 0.000000 0.008329 0.000000 0.000000 0.020795 0.000000 0.000000 0.000000 0.000000 0.082345 0.009118 0.007591 0.039684 0.000000 0.000000 0.000000 0.000000 0.000000 0.000000 0.000000 0.000000 0.000000 0.000000 0.000000 0.000000 0.008297 0.000000 0.000000 0.000000 0.007591 0.000000 0.000000 0.024676 0.070769 0.015597 0.009253 0.109050 0.005005 0.010634 0.000000 0.000000 0.000000 0.005736 0.000000 0.004358 0.000000 0.000000 0.000000 0.010580 0.000000 0.000000 0.000000 0.000000 0.000000 0.000000 0.000000 0.000000 0.012020 0.000000 0.007246 0.042458 0.023281 0.000000 0.000000 0.037835 0.000000 0.000000 0.000000 0.000000 0.000000 0.000000 0.000000 0.000000 0.036767 0.000000 0.021259 0.019256 0.000000 0.000000 0.026097 0.035228 0.159111 0.000000 0.021488 0.108545 
0.000000 0.000000 0.000000 0.000000 0.000000 0.000000 0.000000 0.000000 0.000000 0.000000 0.000000 0.000000 0.000000 0.000000 0.000000 0.000000 0.000000 0.000000 0.000000 0.000000 0.000000 0.000000 0.000000 0.000000 0.000000 0.000000 0.000000 0.000000 0.000000 0.000000 0.000000 0.000000 0.000000 0.000000 0.188834 0.000001 0.000000 0.000000 0.000000 0.000000 0.000000 0.000000 0.000000 0.000000 0.000000 0.000000 0.000000 0.000000 0.000000 0.000000 0.000000 0.000000 0.000000 0.000000 0.000000 0.000000 0.000000 0.000000 0.000000 0.000000 0.000000 0.000000 0.000000 0.000000 0.000000 0.000000 0.000000 0.068215 0.000000 0.000000 0.000000 0.000000 0.000000 0.143142 0.000000 0.000000 0.000000 0.000000 0.000000 0.000000 0.000000 0.000000 0.482470 0.000000 0.000000 0.000000 0.000000 0.000000 0.000000 0.000000 0.117338 0.000000 0.000000 0.000000 0.000000 0.000000 
0.000000 0.000000 0.000000 0.000000 0.000000 0.000000 0.000000 0.000000 0.032769 0.025673 0.171972 0.000000 0.000000 0.000000 0.000000 0.004622 0.000000 0.003602 0.000000 0.000000 0.000000 0.001154 0.000000 0.005566 0.009943 0.012546 0.010860 0.040766 0.000000 0.000000 0.000000 0.000000 0.000000 0.013013 0.146489 0.006937 0.000000 0.000000 0.000000 0.000000 0.000000 0.000000 0.000000 0.000000 0.000000 0.005981 0.000000 0.007561 0.000000 0.000000 0.000000 0.007881 0.000000 0.000000 0.000000 0.000000 0.075217 0.070867 0.224667 0.063513 0.000000 0.002649 0.000000 0.000000 0.000000 0.004800 0.000000 0.002093 0.000000 0.000000 0.000000 0.000000 0.000000 0.000000 0.000000 0.000000 0.000000 0.000000 0.000000 0.000000 0.000000 0.000000 0.048860 0.000000 0.000000 0.000000 0.000000 0.000000 0.000000 0.000000 0.000000 0.000000 0.000000 0.000000 0.000000 0.000000 
0.000000 0.000000 0.000000 0.000000 0.000000 0.000000 0.000000 0.000000 0.009089 0.001271 0.000000 0.002540 0.000000 0.000000 0.000000 0.000000 0.000000 0.000000 0.000000 0.000000 0.000000 0.000000 0.000000 0.000000 0.000000 0.000000 0.000000 0.000000 0.000000 0.000000 0.000000 0.000000 0.007570 0.000000 0.004812 0.005308 0.000000 0.000000 0.000000 0.000000 0.000000 0.000000 0.000000 0.000000 0.000000 0.000000 0.000000 0.000000 0.002162 0.000000 0.000000 0.000000 0.000000 0.000000 0.000000 0.000000 0.006218 0.000000 0.000000 0.000000 0.000000 0.000000 0.000000 0.000000 0.000000 0.000000 0.000000 0.000000 0.000000 0.000000 0.000000 0.000000 0.015063 0.005489 0.001476 0.000000 0.042449 0.000000 0.001433 0.074174 0.468297 0.062947 0.034543 0.255158 0.000000 0.000000 0.000000 0.000000 0.000000 0.000000 0.000000 0.000000 0.000000 0.000000 0.000000 0.000000 
0.008858 0.000000 0.000000 0.000000 0.000000 0.000000 0.000000 0.000000 0.000000 0.015752 0.000000 0.000000 0.016305 0.000000 0.020100 0.014663 0.092463 0.034478 0.056114 0.066185 0.000000 0.006354 0.000000 0.000000 0.000000 0.000000 0.000000 0.000000 0.000000 0.000000 0.000000 0.000000 0.028620 0.012150 0.000000 0.013978 0.000000 0.000000 0.000000 0.000000 0.037179 0.040049 0.050287 0.061740 0.000000 0.000000 0.023114 0.028485 0.000000 0.000000 0.000000 0.010330 0.000000 0.000000 0.000000 0.000000 0.000000 0.000000 0.000000 0.000000 0.000000 0.000000 0.006307 0.000000 0.013849 0.032343 0.036168 0.043627 0.000000 0.000000 0.000000 0.000000 0.013165 0.000000 0.000000 0.000000 0.000000 0.000000 0.000000 0.000000 0.000000 0.000000 0.000000 0.000000 0.002366 0.000000 0.016620 0.000000 0.047496 0.045493 0.000000 0.051916 0.000000 0.015879 0.000000 0.037566 
0.045647 0.029982 0.045135 0.018899 0.011709 0.000000 0.003432 0.000000 0.000000 0.005765 0.000000 0.000000 0.000000 0.000000 0.005291 0.000000 0.000000 0.000000 0.000000 0.000000 0.000000 0.000000 0.000000 0.000000 0.058060 0.096144 0.015774 0.046226 0.011835 0.008768 0.008115 0.007652 0.023514 0.016764 0.000000 0.005423 0.000000 0.000000 0.048105 0.003404 0.002012 0.000000 0.000000 0.000000 0.000000 0.000000 0.000000 0.000000 0.053169 0.060062 0.050337 0.031783 0.007634 0.012832 0.013923 0.004084 0.000000 0.000000 0.000000 0.005063 0.007451 0.002539 0.010705 0.000000 0.003093 0.000000 0.000000 0.000000 0.000000 0.000000 0.000000 0.000000 0.043361 0.091114 0.015938 0.047757 0.000000 0.011672 0.002476 0.000000 0.000000 0.000000 0.000000 0.000000 0.000000 0.000000 0.007352 0.000000 0.000000 0.000000 0.000000 0.000000 0.000000 0.000000 0.000000 0.000000 
0.000000 0.000000 0.000000 0.000000 0.000000 0.000000 0.000000 0.000000 0.000000 0.000000 0.000000 0.000000 0.000000 0.000000 0.000000 0.096095 0.000000 0.000000 0.000000 0.000000 0.000000 0.000000 0.027195 0.000000 0.000000 0.000000 0.000000 0.000000 0.000000 0.000000 0.000000 0.000000 0.000000 0.000000 0.000000 0.105175 0.000000 0.000000 0.000000 0.038315 0.000000 0.000000 0.000000 0.000000 0.000000 0.000000 0.000000 0.000000 0.000000 0.000000 0.000000 0.000000 0.000000 0.000000 0.000000 0.000000 0.000000 0.000000 0.000000 0.000000 0.000000 0.000000 0.000000 0.000000 0.000000 0.000000 0.000000 0.000000 0.000000 0.000000 0.066708 0.000000 0.000000 0.000000 0.000000 0.000000 0.000000 0.000000 0.000000 0.000000 0.285410 0.243528 0.000000 0.000000 0.000000 0.024818 0.000000 0.112754 0.000000 0.000000 0.000000 0.000000 0.000000 0.000000 0.000000 0.000000 
0.000000 0.000000 0.000000 0.010000 0.000000 0.001662 0.000000 0.000000 0.000000 0.000000 0.000000 0.007137 0.000000 0.000000 0.000000 0.000000 0.000000 0.000000 0.000000 0.000000 0.000000 0.002771 0.002040 0.016891 0.000000 0.000000 0.000000 0.014097 0.000000 0.000000 0.000000 0.000000 0.000000 0.000000 0.000000 0.000000 0.000000 0.000000 0.000000 0.000000 0.000000 0.000000 0.000000 0.000000 0.000000 0.000626 0.003460 0.017563 0.000000 0.000000 0.000000 0.005369 0.000957 0.000000 0.000000 0.001156 0.000000 0.006279 0.012461 0.014110 0.000000 0.000000 0.000000 0.000000 0.004003 0.010472 0.004300 0.011529 0.000000 0.002079 0.000000 0.002881 0.049152 0.009306 0.003874 0.381278 0.000000 0.000000 0.000000 0.000000 0.000000 0.011008 0.246149 0.041946 0.000000 0.000000 0.000000 0.001279 0.001854 0.006456 0.005519 0.009849 0.000000 0.009598 0.001955 0.068933 
0.031716 0.034923 0.000000 0.000000 0.000000 0.008052 0.000000 0.009648 0.023611 0.000000 0.559610 0.056458 0.000000 0.000000 0.000000 0.000000 0.029409 0.000000 0.000000 0.000000 0.000000 0.000000 0.000000 0.000000 0.000000 0.000000 0.000000 0.000000 0.000000 0.000000 0.000000 0.000000 0.046726 0.000000 0.086381 0.000000 0.000000 0.000000 0.000000 0.000000 0.000000 0.000000 0.000000 0.000000 0.000000 0.000000 0.000000 0.000000 0.020383 0.019557 0.000000 0.000000 0.000000 0.000000 0.000000 0.000000 0.000000 0.000000 0.000000 0.000000 0.000000 0.000000 0.000000 0.000000 0.035109 0.000000 0.000000 0.000000 0.000000 0.000000 0.000000 0.000000 0.000000 0.000000 0.007275 0.000000 0.000000 0.000000 0.000000 0.000000 0.000000 0.000000 0.000000 0.000000 0.014979 0.000000 0.000000 0.000000 0.008702 0.000000 0.000000 0.000000 0.000000 0.000000 0.007460 0.000000 
0.000000 0.000000 0.000000 0.000000 0.000000 0.000000 0.000000 0.000000 0.000000 0.000000 0.000000 0.000000 0.000000 0.000000 0.000000 0.000000 0.000000 0.000000 0.000000 0.000000 0.000000 0.000000 0.000000 0.000000 0.000000 0.178416 0.000000 0.423348 0.000000 0.000000 0.000000 0.000000 0.072209 0.000000 0.000000 0.000000 0.000000 0.000000 0.000000 0.000000 0.000000 0.000000 0.000000 0.000000 0.000000 0.000000 0.070795 0.000000 0.000000 0.000000 0.000000 0.000000 0.000000 0.000000 0.000000 0.025443 0.000000 0.229787 0.000000 0.000000 0.000000 0.000000 0.000000 0.000000 0.000000 0.000000 0.000000 0.000000 0.000000 0.000000 0.000000 0.000000 0.000000 0.000000 0.000000 0.000000 0.000000 0.000000 0.000000 0.000000 0.000000 0.000000 0.000000 0.000000 0.000000 0.000000 0.000000 0.000000 0.000000 0.000000 0.000000 0.000000 0.000000 0.000000 0.000000 0.000000 
0.028668 0.000000 0.015021 0.608460 0.121848 0.000032 0.000000 0.017844 0.002041 0.062617 0.043715 0.072379 0.000449 0.000000 0.026926 
0.026980 0.000000 0.000045 0.115358 0.050908 0.000051 0.000000 0.135932 0.023456 0.077659 0.000118 0.000000 0.514276 0.055216 0.000000 
0.031727 0.000000 0.000041 0.156991 0.051332 0.000045 0.000000 0.058479 0.051225 0.089498 0.000125 0.000000 0.524217 0.000000 0.036320 
0.016559 0.051602 0.058559 0.075896 0.036016 0.024436 0.000000 0.509880 0.001708 0.081204 0.085638 0.000000 0.019630 0.000000 0.038872 
0.047118 0.000000 0.026851 0.044178 0.313297 0.000058 0.000000 0.326390 0.001148 0.131437 0.000106 0.000000 0.109418 0.000000 0.000000 
0.074533 0.024368 0.088621 0.072822 0.109017 0.022256 0.000000 0.067331 0.001250 0.231202 0.282920 0.000000 0.025679 0.000000 0.000000 
0.019150 0.000000 0.000021 0.041250 0.006720 0.000038 0.000000 0.021883 0.631657 0.001180 0.086582 0.000000 0.191519 0.000000 0.000000 
0.014708 0.015166 0.000044 0.119501 0.165946 0.128939 0.000000 0.111533 0.278903 0.141811 0.000103 0.000000 0.023348 0.000000 0.000000 
0.176351 0.000000 0.031882 0.068610 0.227171 0.040991 0.000000 0.023874 0.057799 0.221630 0.151139 0.000000 0.000553 0.000000 0.000000 
0.253915 0.000000 0.000030 0.299034 0.227613 0.000078 0.000000 0.003059 0.022283 0.182868 0.000082 0.000000 0.011038 0.000000 0.000000 
0.071942 0.039908 0.000022 0.022807 0.339940 0.010582 0.000000 0.203647 0.028389 0.095700 0.126470 0.000000 0.060592 0.000000 0.000000 
0.348463 0.000000 0.034577 0.016328 0.293661 0.076266 0.000000 0.009243 0.017122 0.160765 0.041127 0.000000 0.002448 0.000000 0.000000 
0.003033 0.000000 0.027230 0.722645 0.018969 0.000087 0.000000 0.105713 0.029292 0.092553 0.000023 0.000000 0.000454 0.000000 0.000000 
0.086387 0.066162 0.012323 0.048103 0.315942 0.008534 0.000000 0.025301 0.009907 0.183649 0.235744 0.000000 0.007948 0.000000 0.000000 
0.022320 0.033677 0.000032 0.051203 0.050244 0.000024 0.000000 0.288443 0.019340 0.102036 0.288856 0.000000 0.101831 0.000000 0.041993 
0.321567 0.033346 0.012940 0.044036 0.254856 0.018768 0.000000 0.112419 0.002494 0.172805 0.012546 0.000000 0.014223 0.000000 0.000000 
0.003069 0.000000 0.000032 0.231269 0.053585 0.011156 0.000000 0.082417 0.002732 0.025751 0.000082 0.000000 0.589907 0.000000 0.000000 
0.016981 0.000000 0.000030 0.059552 0.067932 0.011286 0.028371 0.176066 0.381521 0.068492 0.000111 0.000000 0.064614 0.125044 0.000000 
0.122858 0.000000 0.075055 0.055838 0.168832 0.079535 0.000000 0.061155 0.021150 0.295459 0.055586 0.000000 0.064532 0.000000 0.000000 
0.106748 0.000000 0.017053 0.142435 0.244010 0.000054 0.000000 0.089567 0.122468 0.129872 0.000097 0.000000 0.055966 0.091732 0.000000 
0.076501 0.000000 0.000050 0.020957 0.221155 0.293539 0.000000 0.043793 0.028201 0.248148 0.067005 0.000000 0.000650 0.000000 0.000000 
0.084029 0.000000 0.000041 0.068793 0.321670 0.014554 0.000000 0.130132 0.163365 0.121440 0.000114 0.000000 0.095862 0.000000 0.000000 
0.003170 0.015619 0.140913 0.058931 0.348810 0.000066 0.000000 0.306254 0.010678 0.091287 0.023358 0.000000 0.000912 0.000000 0.000000 
0.000455 0.000000 0.000033 0.297331 0.098039 0.000049 0.000000 0.173683 0.006915 0.060313 0.000108 0.000000 0.333962 0.000000 0.029110 
0.081238 0.016595 0.034190 0.045519 0.137004 0.025292 0.000000 0.287315 0.013332 0.209642 0.142003 0.000000 0.007871 0.000000 0.000000 
0.018592 0.000000 0.023081 0.391837 0.127748 0.172340 0.000000 0.096388 0.024990 0.142798 0.000081 0.000000 0.002145 0.000000 0.000000 
0.023383 0.054218 0.136876 0.006721 0.083549 0.000059 0.000000 0.497289 0.022373 0.078357 0.000111 0.000000 0.005181 0.000000 0.091881 
0.352655 0.000000 0.057792 0.049513 0.189124 0.000072 0.000000 0.011793 0.054055 0.231338 0.052958 0.000000 0.000700 0.000000 0.000000 
0.193752 0.043470 0.036614 0.081727 0.205242 0.017276 0.000000 0.026880 0.024053 0.211781 0.097183 0.000000 0.062021 0.000000 0.000000 
0.063685 0.034659 0.000042 0.032609 0.179630 0.261452 0.000000 0.162847 0.003693 0.210177 0.000076 0.000000 0.051129 0.000000 0.000000 
0.118102 0.000000 0.000049 0.054867 0.168555 0.000064 0.000000 0.030422 0.013233 0.126602 0.000107 0.000000 0.487998 0.000000 0.000000 
0.137693 0.000000 0.088587 0.068358 0.201423 0.027060 0.000000 0.047052 0.033582 0.298005 0.081684 0.000000 0.016555 0.000000 0.000000 
0.017563 0.000000 0.000032 0.032327 0.174701 0.029087 0.102921 0.222125 0.051431 0.161453 0.014524 0.000000 0.020833 0.173002 0.000000 
0.009490 0.005433 0.000006 0.519675 0.009542 0.000013 0.000000 0.014477 0.384307 0.002172 0.000079 0.046085 0.008720 0.000000 0.000000 
0.013723 0.000000 0.000044 0.075968 0.042149 0.000040 0.032382 0.336782 0.018560 0.169510 0.000084 0.000000 0.107931 0.202827 0.000000 
0.020289 0.000000 0.015613 0.262032 0.352897 0.014661 0.000000 0.137488 0.018109 0.118875 0.059455 0.000000 0.000582 0.000000 0.000000 
0.137099 0.038130 0.018244 0.020007 0.159974 0.000019 0.000000 0.216338 0.212810 0.010245 0.127641 0.000000 0.000565 0.000000 0.058929 
0.143869 0.000000 0.005505 0.015377 0.514438 0.019467 0.000000 0.015447 0.011994 0.121150 0.000089 0.000000 0.108122 0.044542 0.000000 
0.024018 0.000000 0.000031 0.015490 0.117280 0.000033 0.037553 0.198096 0.022029 0.061725 0.034519 0.000000 0.457803 0.031423 0.000000 
0.378314 0.000000 0.025742 0.002559 0.310345 0.009684 0.000000 0.002517 0.007349 0.210492 0.039035 0.000000 0.000863 0.013099 0.000000 
0.015409 0.000000 0.009585 0.010550 0.029519 0.007647 0.000000 0.012367 0.644238 0.017333 0.000054 0.000000 0.253298 0.000000 0.000000 
0.063382 0.000000 0.027623 0.047903 0.055037 0.000031 0.000000 0.004831 0.519110 0.015387 0.206791 0.000000 0.038118 0.000000 0.021788 
0.195613 0.000000 0.062034 0.088827 0.214187 0.000049 0.000000 0.088899 0.004180 0.270249 0.048235 0.000000 0.027728 0.000000 0.000000 
0.002746 0.092228 0.075137 0.028148 0.053609 0.000046 0.000000 0.554298 0.062218 0.035343 0.008621 0.000000 0.020721 0.000000 0.066885 
0.220436 0.020384 0.042751 0.198250 0.147420 0.041814 0.000000 0.028098 0.028197 0.160189 0.000091 0.095278 0.000655 0.000000 0.016436 
0.001109 0.017069 0.000025 0.071748 0.031277 0.143064 0.000000 0.058971 0.040762 0.206733 0.000059 0.000000 0.429182 0.000000 0.000000 
0.003077 0.000000 0.000035 0.043185 0.116560 0.000117 0.074005 0.132006 0.052144 0.115194 0.166239 0.000000 0.297438 0.000000 0.000000 
0.036676 0.000000 0.032822 0.685039 0.065502 0.000032 0.000000 0.013710 0.010585 0.103524 0.000068 0.050632 0.001410 0.000000 0.000000 
0.106225 0.000000 0.039465 0.004025 0.341380 0.017123 0.000000 0.374392 0.000173 0.115989 0.000114 0.000000 0.001116 0.000000 0.000000 
0.020533 0.000000 0.000014 0.835580 0.030295 0.000034 0.000000 0.002374 0.002393 0.073527 0.034764 0.000000 0.000484 0.000000 0.000000 
0.123868 0.000000 0.000066 0.208689 0.324231 0.000073 0.000000 0.003108 0.001174 0.083717 0.000103 0.000000 0.241320 0.013652 0.000000 
0.068976 0.000000 0.093322 0.002965 0.226651 0.000043 0.000000 0.379970 0.041611 0.142587 0.000116 0.000000 0.025752 0.000000 0.018007 
0.038719 0.019762 0.000056 0.024638 0.220053 0.000020 0.000000 0.020535 0.000892 0.086524 0.577254 0.000000 0.011549 0.000000 0.000000 
0.030749 0.050986 0.031860 0.016627 0.046770 0.000030 0.000000 0.484086 0.217875 0.027007 0.027334 0.000000 0.001395 0.000000 0.065282 
0.071420 0.000000 0.000035 0.097108 0.177678 0.018301 0.000000 0.046727 0.304850 0.147332 0.011657 0.000000 0.124893 0.000000 0.000000 
0.004691 0.000000 0.032757 0.085105 0.183951 0.000049 0.000000 0.181555 0.015645 0.157721 0.199697 0.000000 0.008854 0.129975 0.000000 
0.093680 0.000000 0.044301 0.214715 0.153168 0.063185 0.000000 0.072080 0.020386 0.203942 0.016760 0.077782 0.000337 0.011795 0.027869 
0.150254 0.000000 0.009322 0.072200 0.282148 0.000084 0.000000 0.043505 0.000606 0.132653 0.280116 0.000000 0.029111 0.000000 0.000000 
0.001358 0.009439 0.034202 0.189457 0.030310 0.000055 0.000000 0.356101 0.010903 0.088513 0.000092 0.000000 0.237084 0.000000 0.042488 
0.018395 0.092764 0.119463 0.074540 0.047178 0.000031 0.000000 0.395325 0.005144 0.115877 0.068586 0.000000 0.026415 0.000000 0.036281 
0.047798 0.000000 0.012474 0.019006 0.117981 0.358649 0.000000 0.057844 0.032957 0.264437 0.087891 0.000000 0.000964 0.000000 0.000000 
0.001997 0.000000 0.000039 0.223805 0.048850 0.025586 0.000000 0.365939 0.220893 0.067459 0.000102 0.000000 0.045330 0.000000 0.000000 
0.011807 0.024322 0.093695 0.034540 0.033131 0.090815 0.000000 0.298923 0.113179 0.122695 0.000128 0.000000 0.106287 0.000000 0.070477 
0.084880 0.000000 0.000025 0.001800 0.481202 0.228744 0.000000 0.009287 0.016854 0.147316 0.000086 0.000000 0.000875 0.028931 0.000000 
0.005840 0.000000 0.000049 0.238940 0.107897 0.028487 0.000000 0.207599 0.010135 0.057511 0.018634 0.000000 0.231090 0.093818 0.000000 
0.099108 0.000000 0.060418 0.063136 0.089272 0.037380 0.000000 0.216425 0.185206 0.113649 0.023236 0.000000 0.112169 0.000000 0.000000 
0.082670 0.000000 0.000050 0.034170 0.224270 0.089238 0.000000 0.103849 0.008896 0.308436 0.023709 0.000000 0.124713 0.000000 0.000000 
0.082797 0.052592 0.000048 0.025244 0.158258 0.009378 0.000000 0.027870 0.013180 0.108912 0.212376 0.000000 0.239888 0.030428 0.039030 
0.009358 0.000000 0.022853 0.380709 0.104900 0.000082 0.000000 0.001722 0.303820 0.175712 0.000101 0.000000 0.000744 0.000000 0.000000 
0.337769 0.000000 0.018362 0.028662 0.314517 0.022325 0.000000 0.025718 0.082674 0.146219 0.000079 0.000000 0.023677 0.000000 0.000000 
0.116893 0.000000 0.037331 0.072219 0.298967 0.032073 0.000000 0.112312 0.016557 0.269507 0.042868 0.000000 0.001272 0.000000 0.000000 
0.166518 0.034321 0.058466 0.014307 0.122110 0.023616 0.000000 0.363558 0.045721 0.107560 0.000131 0.000000 0.006409 0.000000 0.057282 
0.061368 0.000000 0.000031 0.408038 0.091311 0.026506 0.000000 0.023024 0.166965 0.042534 0.093770 0.000000 0.086453 0.000000 0.000000 
0.170337 0.000000 0.000033 0.265176 0.113883 0.000092 0.000000 0.004806 0.362323 0.028448 0.000100 0.000000 0.054802 0.000000 0.000000 
0.110427 0.000000 0.029061 0.005295 0.273347 0.013094 0.000000 0.004595 0.437672 0.074413 0.030511 0.000000 0.021585 0.000000 0.000000 
0.039536 0.000000 0.000040 0.035906 0.110761 0.000095 0.114645 0.270570 0.016402 0.121132 0.073078 0.000000 0.001651 0.216186 0.000000 
0.041720 0.000000 0.000053 0.691540 0.085304 0.014652 0.000000 0.011509 0.002051 0.051842 0.100093 0.000000 0.001234 0.000000 0.000000 
0.340982 0.000000 0.012102 0.033373 0.376733 0.020524 0.000000 0.034928 0.003104 0.153488 0.024261 0.000000 0.000504 0.000000 0.000000 
0.321024 0.000000 0.052519 0.037212 0.375966 0.014421 0.000000 0.017035 0.031637 0.125491 0.000115 0.000000 0.002647 0.021933 0.000000 
0.082056 0.013948 0.035555 0.105355 0.166108 0.016245 0.000000 0.381629 0.004933 0.153965 0.000119 0.000000 0.040086 0.000000 0.000000 
0.070802 0.000000 0.000033 0.634337 0.020651 0.000103 0.000000 0.023281 0.072580 0.082813 0.000075 0.000000 0.095324 0.000000 0.000000 
0.286464 0.000000 0.000028 0.012954 0.355001 0.017627 0.000000 0.014954 0.011715 0.187740 0.112799 0.000000 0.000718 0.000000 0.000000 
0.167101 0.000000 0.000032 0.066527 0.154885 0.079044 0.000000 0.095794 0.063949 0.168832 0.058065 0.000000 0.145771 0.000000 0.000000 
0.046478 0.000000 0.000049 0.113438 0.132277 0.000034 0.066574 0.377958 0.000459 0.135768 0.000108 0.000000 0.001318 0.125539 0.000000 
0.084850 0.012427 0.000052 0.029083 0.236469 0.000011 0.000000 0.024036 0.000598 0.034426 0.577694 0.000000 0.000354 0.000000 0.000000 
0.099355 0.019954 0.000027 0.159361 0.173486 0.000022 0.000000 0.118890 0.000944 0.042996 0.343044 0.000000 0.010982 0.030939 0.000000 
0.307366 0.000000 0.019391 0.035276 0.242084 0.043276 0.000000 0.043023 0.038324 0.221001 0.048603 0.000000 0.001655 0.000000 0.000000 
0.003790 0.045031 0.070286 0.026611 0.075732 0.022919 0.000000 0.604013 0.001262 0.091737 0.051256 0.000000 0.007362 0.000000 0.000000 
0.012212 0.016891 0.036123 0.006823 0.173939 0.000081 0.000000 0.085664 0.000258 0.120861 0.053249 0.000000 0.493898 0.000000 0.000000 
0.034997 0.000000 0.030289 0.026936 0.082059 0.023521 0.000000 0.130817 0.010098 0.182505 0.000104 0.000000 0.478675 0.000000 0.000000 
0.040333 0.000000 0.000033 0.081446 0.089991 0.000043 0.000000 0.435796 0.027542 0.089746 0.000113 0.000000 0.028513 0.206443 0.000000 
0.004140 0.000000 0.000047 0.743355 0.097053 0.000044 0.052232 0.017683 0.002351 0.052489 0.000071 0.000000 0.030535 0.000000 0.000000 
0.082040 0.000000 0.000029 0.025179 0.224874 0.008923 0.065947 0.011405 0.000897 0.068300 0.072182 0.000000 0.440225 0.000000 0.000000 
0.037169 0.000000 0.000017 0.279777 0.406037 0.000063 0.000000 0.055994 0.052266 0.108991 0.000097 0.000000 0.059589 0.000000 0.000000 
0.001982 0.094025 0.062489 0.029640 0.040492 0.000043 0.000000 0.642330 0.002550 0.063322 0.018052 0.000000 0.022106 0.000000 0.022969 
0.136963 0.000000 0.013085 0.121485 0.433208 0.000065 0.000000 0.054159 0.052302 0.187862 0.000093 0.000000 0.000777 0.000000 0.000000 
0.239753 0.000000 0.086749 0.054471 0.132413 0.055881 0.000000 0.167256 0.026354 0.180064 0.030466 0.000000 0.000509 0.000000 0.026082 
0.073373 0.000000 0.000048 0.016217 0.245503 0.325646 0.000000 0.057750 0.000120 0.280726 0.000089 0.000000 0.000528 0.000000 0.000000 
0.194137 0.000000 0.015230 0.239604 0.184869 0.013178 0.000000 0.008314 0.002707 0.225522 0.000086 0.000000 0.064213 0.000000 0.052139 
0.000939 0.000000 0.024533 0.484132 0.078635 0.000045 0.000000 0.281205 0.020581 0.078597 0.000090 0.026093 0.005150 0.000000 0.000000 
0.071310 0.000000 0.000034 0.023068 0.208138 0.000067 0.000000 0.050783 0.017608 0.134654 0.412631 0.000000 0.000743 0.000000 0.080964 
0.054135 0.010406 0.000044 0.250500 0.228889 0.000019 0.029747 0.016642 0.116437 0.031571 0.261071 0.000000 0.000540 0.000000 0.000000 
0.004276 0.034912 0.000041 0.341477 0.117797 0.000022 0.032699 0.083194 0.055310 0.063748 0.245680 0.020333 0.000509 0.000000 0.000000 
0.158920 0.000000 0.000044 0.007305 0.231106 0.237873 0.000000 0.045307 0.110899 0.174297 0.000067 0.000000 0.034182 0.000000 0.000000 
0.071239 0.000000 0.000027 0.015946 0.570553 0.000075 0.000000 0.058412 0.125501 0.100235 0.000126 0.000000 0.057886 0.000000 0.000000 
0.018781 0.000000 0.000047 0.050744 0.041830 0.028203 0.000000 0.245023 0.013541 0.114612 0.000090 0.000000 0.362709 0.124420 0.000000 
0.051584 0.019998 0.011148 0.083467 0.036470 0.000071 0.000000 0.088536 0.644557 0.044922 0.000124 0.000000 0.019123 0.000000 0.000000 
0.053899 0.000000 0.000054 0.061269 0.501023 0.000083 0.000000 0.058534 0.001776 0.091673 0.000099 0.000000 0.231591 0.000000 0.000000 
0.075548 0.000000 0.000045 0.069861 0.031412 0.033320 0.000000 0.013542 0.011293 0.137179 0.000094 0.000000 0.595911 0.031794 0.000000 
0.205581 0.000000 0.000045 0.030571 0.364337 0.000057 0.000000 0.027295 0.022219 0.207663 0.000107 0.000000 0.119953 0.022172 0.000000 
0.316194 0.000000 0.048790 0.049043 0.224089 0.000076 0.000000 0.001620 0.012679 0.294312 0.052224 0.000000 0.000973 0.000000 0.000000 
0.087116 0.025330 0.020868 0.132630 0.191574 0.000049 0.000000 0.037030 0.044697 0.178273 0.277827 0.000000 0.004606 0.000000 0.000000 
0.031979 0.000000 0.024822 0.114886 0.058486 0.013925 0.046876 0.345815 0.011556 0.144750 0.000094 0.000000 0.038630 0.168180 0.000000 
0.037352 0.000000 0.000025 0.068071 0.455911 0.013727 0.000000 0.050149 0.000680 0.100358 0.149071 0.000000 0.124656 0.000000 0.000000 
0.104552 0.000000 0.013442 0.066349 0.137746 0.000083 0.000000 0.026389 0.368899 0.260983 0.020292 0.000000 0.001266 0.000000 0.000000 
0.058762 0.000000 0.000037 0.041061 0.129735 0.024085 0.000000 0.056505 0.029794 0.095765 0.000113 0.000000 0.564143 0.000000 0.000000 
0.110092 0.000000 0.000068 0.020599 0.648773 0.032512 0.000000 0.027343 0.013749 0.079238 0.066646 0.000000 0.000980 0.000000 0.000000 
0.058396 0.000000 0.000041 0.026815 0.271278 0.320069 0.000000 0.092839 0.000332 0.227845 0.000079 0.000000 0.002307 0.000000 0.000000 
0.012616 0.000000 0.000027 0.457493 0.171843 0.032076 0.000000 0.044007 0.010059 0.094931 0.176312 0.000000 0.000636 0.000000 0.000000 
0.008496 0.026798 0.014539 0.239727 0.034122 0.011274 0.000000 0.417108 0.002759 0.043689 0.037633 0.144936 0.018919 0.000000 0.000000 
0.040174 0.000000 0.014920 0.302952 0.163210 0.000052 0.000000 0.018080 0.023483 0.121805 0.314359 0.000000 0.000964 0.000000 0.000000 
0.098915 0.000000 0.025165 0.045358 0.116308 0.035908 0.000000 0.067397 0.008544 0.100699 0.000112 0.000000 0.501595 0.000000 0.000000 
0.069953 0.000000 0.096461 0.064487 0.171687 0.040501 0.000000 0.219614 0.132391 0.159778 0.044788 0.000000 0.000339 0.000000 0.000000 
0.012371 0.064218 0.033243 0.112588 0.092552 0.000028 0.000000 0.111975 0.019445 0.012335 0.540647 0.000000 0.000597 0.000000 0.000000 
0.055902 0.059533 0.058886 0.109480 0.148716 0.000033 0.000000 0.049302 0.427339 0.053592 0.000130 0.000000 0.037088 0.000000 0.000000 
0.116904 0.000000 0.000020 0.001390 0.560890 0.032628 0.000000 0.086124 0.000798 0.135865 0.060698 0.000000 0.004682 0.000000 0.000000 
0.382248 0.000000 0.020558 0.021592 0.306179 0.033783 0.000000 0.004841 0.061926 0.124716 0.042210 0.000000 0.001946 0.000000 0.000000 
0.076628 0.000000 0.019129 0.029047 0.136269 0.319031 0.000000 0.070465 0.015545 0.302280 0.028673 0.000000 0.002932 0.000000 0.000000 
0.067955 0.000000 0.000029 0.040515 0.282812 0.022000 0.000000 0.086491 0.000630 0.108343 0.389530 0.000000 0.001695 0.000000 0.000000 
0.107474 0.000000 0.024578 0.233129 0.165693 0.015473 0.000000 0.045295 0.316888 0.091017 0.000079 0.000000 0.000373 0.000000 0.000000 
0.072413 0.000000 0.000032 0.109269 0.558949 0.000079 0.000000 0.040571 0.047923 0.159206 0.000090 0.000000 0.001500 0.009968 0.000000 
0.070042 0.080694 0.000078 0.039170 0.108840 0.011904 0.000000 0.019597 0.013638 0.106090 0.449703 0.000000 0.100245 0.000000 0.000000 
0.020557 0.000000 0.027132 0.038620 0.084235 0.245955 0.000000 0.160605 0.061243 0.265633 0.000087 0.000000 0.042650 0.053283 0.000000 
0.121309 0.000000 0.000021 0.036580 0.455967 0.000028 0.000000 0.095198 0.042305 0.140937 0.026815 0.000000 0.037239 0.043602 0.000000 
0.012821 0.074275 0.069885 0.026922 0.037885 0.010919 0.053601 0.495089 0.014922 0.037062 0.042927 0.000000 0.030951 0.066783 0.025959 
0.117324 0.000000 0.078560 0.152891 0.303933 0.000052 0.000000 0.057378 0.001212 0.288246 0.000093 0.000000 0.000312 0.000000 0.000000 
0.028454 0.000000 0.000017 0.003833 0.199662 0.277278 0.000000 0.078280 0.066453 0.291428 0.000143 0.000000 0.054452 0.000000 0.000000 
0.090957 0.000000 0.000048 0.045051 0.336512 0.082125 0.000000 0.065962 0.023933 0.133624 0.212631 0.000000 0.009156 0.000000 0.000000 
0.029660 0.000000 0.014705 0.056418 0.096666 0.000036 0.075588 0.292715 0.023335 0.066569 0.000086 0.000000 0.054821 0.289401 0.000000 
0.179508 0.000000 0.000046 0.026853 0.402115 0.013384 0.000000 0.161065 0.025191 0.176900 0.014376 0.000000 0.000563 0.000000 0.000000 
0.007545 0.000000 0.000062 0.877914 0.046183 0.000076 0.000000 0.001593 0.048010 0.018140 0.000069 0.000000 0.000407 0.000000 0.000000 
0.021253 0.025413 0.017173 0.708835 0.140261 0.000044 0.000000 0.014049 0.002501 0.052813 0.000132 0.000000 0.017526 0.000000 0.000000 
0.225884 0.000000 0.034976 0.028146 0.191319 0.146592 0.000000 0.011525 0.015670 0.320306 0.012768 0.000000 0.001935 0.010878 0.000000 
0.115206 0.040239 0.021498 0.068321 0.115173 0.000080 0.000000 0.220533 0.010574 0.316980 0.043878 0.000000 0.000760 0.046757 0.000000 
0.135464 0.000000 0.022266 0.348888 0.166840 0.078292 0.000000 0.015852 0.022492 0.170755 0.000088 0.000000 0.030629 0.008433 0.000000 
0.154734 0.000000 0.038320 0.077324 0.199806 0.028014 0.000000 0.027412 0.007795 0.385983 0.066565 0.000000 0.001034 0.013012 0.000000 
0.001199 0.062352 0.053946 0.016131 0.101625 0.000024 0.045857 0.611224 0.000099 0.083639 0.000131 0.000000 0.023773 0.000000 0.000000 
0.046269 0.000000 0.000041 0.473388 0.085663 0.057917 0.000000 0.020054 0.245753 0.057806 0.000125 0.000000 0.012984 0.000000 0.000000 
0.036078 0.000000 0.027054 0.095243 0.084312 0.027555 0.000000 0.041728 0.010855 0.088908 0.019025 0.000000 0.557036 0.000000 0.012208 
0.124053 0.000000 0.000038 0.118773 0.193703 0.057032 0.000000 0.014435 0.237998 0.146303 0.040394 0.000000 0.045806 0.000000 0.021464 
0.069011 0.000000 0.047942 0.012923 0.643821 0.000061 0.000000 0.025227 0.000520 0.165634 0.000124 0.000000 0.000811 0.033928 0.000000 
0.028185 0.000000 0.000053 0.296678 0.115059 0.011038 0.000000 0.024832 0.305617 0.058059 0.000099 0.085077 0.009123 0.025218 0.040961 
0.017560 0.000000 0.000027 0.018094 0.078480 0.036345 0.038022 0.192373 0.025804 0.073618 0.056498 0.000000 0.361272 0.101906 0.000000 
0.053344 0.039842 0.057605 0.064694 0.069056 0.008065 0.000000 0.309988 0.176438 0.091000 0.025098 0.000000 0.104868 0.000000 0.000000 
0.054371 0.037218 0.032022 0.198829 0.241030 0.000038 0.000000 0.040447 0.012455 0.118864 0.260381 0.000000 0.004345 0.000000 0.000000 
0.006846 0.000000 0.000025 0.037675 0.055208 0.000044 0.000000 0.072491 0.764098 0.017286 0.011254 0.000000 0.035073 0.000000 0.000000 
0.007706 0.113642 0.099662 0.003114 0.045757 0.000203 0.000000 0.617808 0.004354 0.028268 0.027144 0.000000 0.005260 0.000000 0.047083 
0.102779 0.000000 0.012619 0.021364 0.223619 0.000051 0.000000 0.051406 0.007799 0.060003 0.519832 0.000000 0.000526 0.000000 0.000000 
0.074841 0.000000 0.000013 0.024074 0.303546 0.026359 0.000000 0.039335 0.001532 0.110712 0.393239 0.000000 0.026348 0.000000 0.000000 
0.003393 0.000000 0.000042 0.019920 0.003897 0.084758 0.000000 0.090525 0.010408 0.036115 0.000035 0.000000 0.750906 0.000000 0.000000 
0.006317 0.000000 0.000029 0.034533 0.003967 0.000039 0.000000 0.000472 0.933204 0.021113 0.000029 0.000000 0.000296 0.000000 0.000000 
0.069911 0.031327 0.000037 0.172896 0.178822 0.117400 0.000000 0.046597 0.025635 0.202940 0.108015 0.000000 0.001152 0.000000 0.045266 
0.130174 0.000000 0.000011 0.040707 0.150000 0.000032 0.000000 0.007901 0.508153 0.054271 0.000084 0.000000 0.108666 0.000000 0.000000 
0.014753 0.000000 0.000024 0.014185 0.287097 0.071949 0.000000 0.037739 0.000711 0.029917 0.000092 0.000000 0.512720 0.000000 0.030814 
0.079689 0.000000 0.000045 0.001686 0.412089 0.199787 0.000000 0.066161 0.008946 0.192539 0.038544 0.000000 0.000514 0.000000 0.000000 
0.021939 0.000000 0.000047 0.023950 0.054987 0.000041 0.000000 0.045700 0.005170 0.058084 0.060871 0.000000 0.683538 0.021764 0.023908 
0.094450 0.000000 0.000048 0.023947 0.512599 0.000047 0.000000 0.095876 0.026485 0.082060 0.149320 0.000000 0.015169 0.000000 0.000000 
0.337574 0.000000 0.000040 0.040672 0.300065 0.017018 0.000000 0.043310 0.012177 0.220707 0.027609 0.000000 0.000828 0.000000 0.000000 
0.019789 0.000000 0.024882 0.029330 0.280078 0.000027 0.000000 0.018335 0.027510 0.076203 0.475689 0.000000 0.000752 0.016146 0.031259 
0.005732 0.000000 0.000043 0.002522 0.006402 0.021633 0.000000 0.072390 0.017718 0.040075 0.000113 0.000000 0.833373 0.000000 0.000000 
0.337697 0.000000 0.000044 0.057191 0.263402 0.098217 0.000000 0.030963 0.000349 0.123512 0.070436 0.000000 0.018190 0.000000 0.000000 
0.115717 0.000000 0.029158 0.007824 0.387057 0.000051 0.000000 0.048806 0.052286 0.123979 0.198027 0.000000 0.000842 0.000000 0.036253 
0.069937 0.000000 0.000059 0.060717 0.229083 0.071444 0.000000 0.341334 0.017419 0.147103 0.027616 0.000000 0.035288 0.000000 0.000000 
0.048385 0.000000 0.063031 0.152645 0.103413 0.161217 0.000000 0.107474 0.007508 0.288177 0.000074 0.000000 0.068076 0.000000 0.000000 
0.206363 0.000000 0.030519 0.017731 0.223162 0.061331 0.000000 0.083786 0.040054 0.279729 0.042914 0.000000 0.014413 0.000000 0.000000 
0.087738 0.000000 0.000031 0.017166 0.125332 0.335406 0.000000 0.108957 0.033102 0.291189 0.000077 0.000000 0.001001 0.000000 0.000000 
0.081675 0.062614 0.055679 0.028549 0.130608 0.014031 0.000000 0.484504 0.001372 0.130342 0.000121 0.000000 0.010506 0.000000 0.000000 
0.165215 0.000000 0.041373 0.148323 0.110229 0.000069 0.000000 0.165928 0.134223 0.095627 0.036086 0.000000 0.047177 0.055749 0.000000 
0.013434 0.000000 0.010366 0.345724 0.027412 0.031666 0.000000 0.013554 0.046552 0.126865 0.010292 0.058278 0.281698 0.034158 0.000000 
0.101390 0.000000 0.027100 0.034279 0.186927 0.000067 0.000000 0.019922 0.005638 0.152622 0.445385 0.000000 0.002203 0.024466 0.000000 
0.093833 0.000000 0.000026 0.001217 0.591026 0.017621 0.000000 0.073432 0.019749 0.139688 0.039702 0.000000 0.023704 0.000000 0.000000 
0.065624 0.000000 0.000022 0.420127 0.192924 0.056568 0.000000 0.004456 0.011627 0.172366 0.017876 0.038421 0.001686 0.018303 0.000000 
0.242104 0.000000 0.028941 0.146518 0.216006 0.000072 0.000000 0.031480 0.003988 0.273700 0.000128 0.000000 0.021237 0.000000 0.035826 
0.002285 0.000000 0.000029 0.027529 0.287435 0.000021 0.000000 0.116806 0.001162 0.059718 0.486950 0.000000 0.001050 0.017015 0.000000 
0.022664 0.000000 0.021194 0.388337 0.016443 0.013077 0.000000 0.219231 0.032463 0.172047 0.026598 0.000000 0.013832 0.074114 0.000000 
0.001455 0.062445 0.112034 0.011918 0.017872 0.010547 0.000000 0.531255 0.078251 0.049018 0.009766 0.000000 0.051432 0.000000 0.064007 
0.018919 0.087773 0.048892 0.030691 0.008389 0.000021 0.000000 0.532601 0.000942 0.087843 0.046089 0.000000 0.044919 0.000000 0.092920 
0.008746 0.000000 0.000026 0.615776 0.058807 0.021645 0.000000 0.019289 0.049214 0.026958 0.000091 0.000000 0.199449 0.000000 0.000000 
0.000446 0.103888 0.134529 0.070954 0.057912 0.000036 0.000000 0.531741 0.002518 0.022299 0.012558 0.000000 0.000558 0.000000 0.062561 
0.017456 0.000000 0.000050 0.155129 0.147204 0.304971 0.000000 0.086155 0.036149 0.191556 0.000131 0.000000 0.061199 0.000000 0.000000 
0.090564 0.000000 0.000027 0.004426 0.282329 0.132144 0.092473 0.033077 0.060571 0.124519 0.068860 0.000000 0.018665 0.092344 0.000000 
0.141559 0.000000 0.018708 0.077102 0.156897 0.039258 0.000000 0.213064 0.007252 0.209866 0.000111 0.000000 0.136183 0.000000 0.000000 
0.026263 0.024800 0.000022 0.047814 0.126610 0.022449 0.000000 0.009890 0.006375 0.118845 0.439394 0.000000 0.134938 0.012602 0.030001 
0.057024 0.000000 0.000032 0.004303 0.171970 0.334405 0.000000 0.078848 0.037447 0.315157 0.000116 0.000000 0.000698 0.000000 0.000000 
0.016546 0.000000 0.000040 0.058008 0.057945 0.000021 0.000000 0.090095 0.678315 0.066195 0.000081 0.000000 0.032752 0.000000 0.000000 
0.103939 0.072879 0.000036 0.038045 0.157192 0.007853 0.000000 0.040311 0.051302 0.037961 0.489250 0.000000 0.001233 0.000000 0.000000 
0.001838 0.019936 0.016892 0.031298 0.026742 0.005812 0.033718 0.165525 0.558342 0.036823 0.000110 0.000000 0.044538 0.019767 0.038658 
0.074509 0.000000 0.046395 0.017314 0.099653 0.000040 0.066684 0.350527 0.056081 0.088028 0.000096 0.000000 0.046390 0.154284 0.000000 
