-393018.407748
0
0.000000 0.000000 0.000000 0.000000 0.000000 0.000000 0.000000 0.000000 0.000000 0.020488 0.000000 0.000000 0.000000 0.000000 0.000810 0.004144 0.000000 0.000000 0.000000 0.000000 0.000000 0.000000 0.000000 0.000000 0.000000 0.000000 0.000000 0.000000 0.000000 0.000000 0.000000 0.000000 0.087943 0.115989 0.021180 0.086142 0.000000 0.000793 0.000000 0.000000 0.000000 0.000000 0.000000 0.003202 0.000000 0.000638 0.000000 0.000000 0.000000 0.000000 0.000000 0.000000 0.000000 0.000000 0.000000 0.000000 0.000000 0.021788 0.000000 0.015363 0.000000 0.000000 0.000000 0.000000 0.000000 0.000000 0.000000 0.008984 0.000000 0.000000 0.000000 0.000000 0.000000 0.000000 0.000000 0.000000 0.000000 0.000000 0.000000 0.000000 0.107543 0.315934 0.101520 0.084298 0.000000 0.000000 0.001458 0.001782 0.000000 0.000000 0.000000 0.000000 0.000000 0.000000 0.000000 0.000000 
0.000000 0.000000 0.000000 0.000000 0.000000 0.000000 0.000000 0.000000 0.021821 0.016330 0.000000 0.020195 0.010304 0.006554 0.017336 0.009103 0.084910 0.034587 0.061504 0.058641 0.000000 0.000000 0.000000 0.000000 0.000000 0.000000 0.000000 0.000000 0.000000 0.000000 0.005220 0.000000 0.033056 0.014967 0.000000 0.011197 0.000000 0.000000 0.000000 0.000000 0.035498 0.040726 0.042231 0.044979 0.000000 0.000000 0.017416 0.023582 0.000000 0.000000 0.000000 0.000000 0.000000 0.000000 0.000000 0.000000 0.000000 0.015307 0.000000 0.023297 0.000000 0.000000 0.004087 0.000000 0.022084 0.033637 0.038874 0.042569 0.000000 0.000000 0.000000 0.000000 0.000000 0.000000 0.000000 0.000000 0.000000 0.000000 0.000000 0.000000 0.000000 0.000000 0.000000 0.000000 0.000000 0.000000 0.000000 0.000000 0.045234 0.040569 0.030935 0.043241 0.000000 0.015795 0.000000 0.034212 
0.000000 0.000000 0.000000 0.000000 0.000000 0.071542 0.000000 0.113767 0.000000 0.000000 0.000000 0.000000 0.000000 0.000000 0.000000 0.000000 0.000000 0.000000 0.000000 0.021496 0.000000 0.000000 0.000000 0.072741 0.000000 0.000000 0.000000 0.000000 0.000000 0.000000 0.022074 0.000000 0.000000 0.000000 0.000000 0.000000 0.000000 0.000000 0.000000 0.000000 0.000000 0.000000 0.000000 0.000000 0.000000 0.000000 0.000000 0.000000 0.000000 0.000000 0.000000 0.000000 0.000000 0.040745 0.000000 0.000000 0.000000 0.000000 0.000000 0.045900 0.000000 0.000000 0.000000 0.016225 0.000000 0.000000 0.000000 0.000000 0.031826 0.048980 0.119660 0.078676 0.000000 0.000000 0.000000 0.000000 0.117008 0.093272 0.000000 0.082968 0.000000 0.000000 0.000000 0.000000 0.000000 0.000000 0.000000 0.000000 0.000000 0.000000 0.000000 0.000000 0.000000 0.023119 0.000000 0.000000 
0.000000 0.000000 0.000000 0.000000 0.000000 0.000000 0.000000 0.000000 0.000001 0.000001 0.000000 0.000000 0.000000 0.000000 0.000000 0.000000 0.000000 0.000000 0.000000 0.000000 0.000000 0.021886 0.000000 0.000000 0.000000 0.000000 0.042430 0.000000 0.000000 0.000000 0.000000 0.000000 0.000001 0.000000 0.000000 0.000000 0.000000 0.000000 0.000000 0.000000 0.000000 0.000000 0.000000 0.000000 0.000000 0.000000 0.000000 0.000000 0.000000 0.000000 0.000000 0.000000 0.000000 0.000000 0.000000 0.139583 0.000000 0.000000 0.000000 0.000000 0.000000 0.000000 0.000000 0.000000 0.000000 0.000000 0.000000 0.000000 0.000000 0.000000 0.000000 0.000000 0.000000 0.526135 0.186861 0.000000 0.083102 0.000000 0.000000 0.000000 0.000000 0.000000 0.000000 0.000000 0.000000 0.000000 0.000000 0.000000 0.000000 0.000000 0.000000 0.000000 0.000000 0.000000 0.000000 0.000000 
0.000000 0.000000 0.000000 0.000000 0.000000 0.000000 0.000000 0.000000 0.000001 0.000002 0.000000 0.000000 0.000000 0.000000 0.000000 0.239318 0.000000 0.000000 0.000000 0.000000 0.000000 0.000000 0.286150 0.000000 0.000000 0.000000 0.000000 0.000000 0.000000 0.000000 0.000000 0.000000 0.000001 0.000000 0.000000 0.000000 0.000000 0.000000 0.000000 0.000000 0.000000 0.000000 0.000000 0.000000 0.000000 0.000000 0.000000 0.000000 0.000000 0.000000 0.000000 0.000000 0.000000 0.000000 0.000000 0.000000 0.000000 0.000000 0.000000 0.000000 0.000000 0.000000 0.000000 0.137958 0.000000 0.000000 0.000000 0.000000 0.000000 0.000000 0.000000 0.336571 0.000000 0.000000 0.000000 0.000000 0.000000 0.000000 0.000000 0.000000 0.000000 0.000000 0.000000 0.000000 0.000000 0.000000 0.000000 0.000000 0.000000 0.000000 0.000000 0.000000 0.000000 0.000000 0.000000 0.000000 
0.000000 0.000000 0.000000 0.009787 0.000000 0.000000 0.000000 0.000000 0.000000 0.000000 0.000000 0.005309 0.000000 0.000000 0.000000 0.000000 0.000000 0.000000 0.000000 0.000000 0.000000 0.003572 0.001608 0.016973 0.000000 0.000000 0.000000 0.014530 0.000000 0.000000 0.000000 0.000000 0.000000 0.000000 0.003399 0.000000 0.000000 0.000000 0.000000 0.000000 0.000000 0.000000 0.000000 0.000000 0.000000 0.000868 0.004323 0.017961 0.000000 0.000000 0.000000 0.005792 0.000000 0.000000 0.000000 0.000498 0.000000 0.005189 0.016922 0.013882 0.000000 0.000000 0.000000 0.000000 0.002232 0.010444 0.003323 0.012489 0.000000 0.002055 0.000000 0.002564 0.048567 0.011081 0.003720 0.373325 0.000000 0.000000 0.000000 0.000000 0.000000 0.010598 0.254837 0.041626 0.000000 0.000000 0.000000 0.000000 0.001886 0.006740 0.005075 0.010297 0.000000 0.009665 0.001811 0.067052 
0.000000 0.000000 0.000000 0.000000 0.000000 0.002213 0.000000 0.000000 0.000000 0.000000 0.000000 0.000000 0.013953 0.000000 0.000000 0.023714 0.000000 0.000000 0.000000 0.012419 0.086135 0.015955 0.008686 0.038231 0.000000 0.000000 0.000000 0.000000 0.000000 0.000000 0.000000 0.000000 0.000000 0.000000 0.000000 0.000000 0.008691 0.000000 0.000000 0.000000 0.012524 0.000000 0.005769 0.036249 0.056653 0.014595 0.014177 0.099792 0.005177 0.007913 0.000000 0.005712 0.000000 0.005389 0.000000 0.005026 0.000000 0.000000 0.000000 0.000000 0.000000 0.000000 0.000000 0.000000 0.000000 0.001803 0.000000 0.004556 0.011914 0.000000 0.005345 0.040580 0.029443 0.000000 0.000000 0.036355 0.000000 0.000000 0.000000 0.000000 0.000000 0.000000 0.000000 0.000000 0.035272 0.000000 0.029668 0.018661 0.003755 0.007464 0.000000 0.042640 0.127372 0.004179 0.019775 0.102247 
0.042071 0.028292 0.047956 0.016246 0.004651 0.000000 0.000000 0.000000 0.006586 0.004242 0.000000 0.000000 0.000000 0.000000 0.004156 0.000000 0.000000 0.000000 0.006809 0.000000 0.000000 0.000000 0.000000 0.000000 0.057104 0.103633 0.015585 0.054681 0.009456 0.005792 0.009310 0.000000 0.026394 0.016976 0.006725 0.000000 0.000000 0.000000 0.048257 0.000000 0.007114 0.000000 0.013777 0.000000 0.000000 0.000000 0.002260 0.000000 0.053021 0.059190 0.053483 0.030137 0.004354 0.015111 0.014793 0.000000 0.000000 0.004228 0.000000 0.004392 0.006662 0.000000 0.008923 0.000000 0.000000 0.000000 0.000000 0.000000 0.000000 0.000000 0.000000 0.000000 0.042262 0.085585 0.015307 0.046995 0.000000 0.011242 0.000000 0.000000 0.000000 0.000000 0.000000 0.000000 0.000000 0.000000 0.006243 0.000000 0.000000 0.000000 0.000000 0.000000 0.000000 0.000000 0.000000 0.000000 
0.000000 0.000000 0.000000 0.000000 0.000000 0.000000 0.000000 0.000000 0.008894 0.000537 0.000000 0.001418 0.000000 0.000000 0.000000 0.000000 0.000000 0.000000 0.000000 0.000000 0.000000 0.000000 0.000000 0.000000 0.000000 0.000000 0.000000 0.000000 0.000000 0.000000 0.000000 0.000000 0.007307 0.000000 0.004201 0.005217 0.000000 0.000000 0.000000 0.000000 0.000000 0.000000 0.000000 0.000000 0.000000 0.000000 0.000000 0.000000 0.002088 0.000000 0.000000 0.000000 0.000000 0.000000 0.000000 0.000000 0.006125 0.000000 0.000000 0.000000 0.000000 0.000000 0.000000 0.000000 0.000000 0.000000 0.000000 0.000000 0.000000 0.000000 0.000000 0.000000 0.015090 0.000000 0.000000 0.000000 0.043427 0.000000 0.001560 0.076157 0.474331 0.063235 0.032340 0.258073 0.000000 0.000000 0.000000 0.000000 0.000000 0.000000 0.000000 0.000000 0.000000 0.000000 0.000000 0.000000 
0.008076 0.000000 0.000000 0.000000 0.098774 0.000000 0.000000 0.074712 0.011902 0.017186 0.000000 0.000000 0.000000 0.000000 0.000000 0.000000 0.000000 0.000000 0.000000 0.000000 0.000000 0.000000 0.037274 0.000000 0.000000 0.000000 0.000000 0.000000 0.073857 0.052492 0.000000 0.107391 0.016097 0.000000 0.000000 0.000000 0.000000 0.000000 0.013792 0.000000 0.000000 0.000000 0.000000 0.002179 0.000000 0.019826 0.025148 0.000000 0.000000 0.000000 0.000000 0.000000 0.048149 0.029168 0.000000 0.067869 0.053576 0.000000 0.000000 0.000000 0.000000 0.000000 0.000000 0.000000 0.000000 0.000000 0.000000 0.000000 0.000000 0.000000 0.000000 0.000000 0.000000 0.033929 0.013755 0.000000 0.000000 0.056711 0.014117 0.080162 0.000000 0.000000 0.000000 0.000000 0.000000 0.000000 0.014509 0.000000 0.000000 0.000000 0.000000 0.000000 0.000000 0.000000 0.029349 0.000000 
0.000000 0.000000 0.000000 0.000000 0.000000 0.000000 0.000000 0.000000 0.000000 0.094001 0.000000 0.131176 0.047144 0.000000 0.000000 0.000000 0.000000 0.000000 0.000000 0.000000 0.000000 0.000000 0.000000 0.000000 0.000000 0.000000 0.000000 0.000000 0.000000 0.000000 0.000000 0.000000 0.138856 0.000000 0.000000 0.000000 0.000000 0.000000 0.000000 0.000000 0.000000 0.000000 0.000000 0.000000 0.000000 0.000000 0.000000 0.000000 0.000000 0.000000 0.000000 0.000000 0.000000 0.000000 0.000000 0.000000 0.000000 0.000000 0.000000 0.000000 0.000000 0.000000 0.000000 0.000000 0.000000 0.000000 0.000000 0.000000 0.000000 0.000000 0.000000 0.000000 0.000000 0.000000 0.000000 0.000000 0.000000 0.000000 0.000000 0.000000 0.000000 0.000000 0.561342 0.000000 0.000000 0.000000 0.000000 0.000000 0.000000 0.000000 0.000000 0.027481 0.000000 0.000000 0.000000 0.000000 
0.000000 0.000000 0.000000 0.000000 0.000000 0.000000 0.000000 0.000000 0.036594 0.018700 0.125849 0.015234 0.000000 0.002828 0.000000 0.003239 0.000000 0.002699 0.016404 0.000000 0.000000 0.002637 0.000000 0.004575 0.007834 0.019933 0.009157 0.056025 0.000000 0.000000 0.000000 0.000000 0.003859 0.010128 0.116398 0.005221 0.000000 0.003118 0.000000 0.000000 0.003987 0.000000 0.022889 0.000000 0.000000 0.005014 0.002588 0.007034 0.000000 0.007561 0.000000 0.007665 0.000000 0.004489 0.000000 0.000000 0.083604 0.088305 0.158157 0.059432 0.000000 0.002232 0.000000 0.000000 0.015067 0.003665 0.008070 0.000000 0.000000 0.001751 0.000000 0.000000 0.000000 0.000000 0.000000 0.000000 0.000000 0.000000 0.000000 0.000000 0.000000 0.000000 0.035841 0.000000 0.000000 0.000000 0.000000 0.000000 0.005637 0.000000 0.012518 0.000000 0.000000 0.000000 0.001146 0.002917 
0.052066 0.045122 0.000000 0.045332 0.003573 0.013476 0.006370 0.000000 0.024343 0.001905 0.000000 0.022378 0.018318 0.015555 0.016677 0.022407 0.006992 0.005182 0.003765 0.012770 0.000000 0.000000 0.000000 0.000000 0.049690 0.031206 0.000000 0.032884 0.000000 0.003487 0.000000 0.000000 0.000000 0.000000 0.000000 0.037227 0.018232 0.029314 0.022290 0.040020 0.000000 0.008751 0.000000 0.005431 0.000000 0.000000 0.000000 0.000000 0.035269 0.027028 0.000000 0.034367 0.000000 0.000000 0.000000 0.000846 0.000000 0.000000 0.000000 0.000000 0.014437 0.013156 0.016777 0.022256 0.009065 0.000000 0.000000 0.000000 0.000000 0.000000 0.012123 0.000000 0.041697 0.020871 0.000000 0.039631 0.005697 0.000000 0.000000 0.000000 0.000000 0.000000 0.000000 0.010532 0.022534 0.019162 0.008550 0.038079 0.002320 0.002349 0.000000 0.002930 0.000000 0.000000 0.005562 0.000000 
0.020045 0.022101 0.000000 0.000000 0.000000 0.004910 0.000000 0.010128 0.019129 0.000000 0.473636 0.000000 0.000000 0.000000 0.000000 0.000000 0.023194 0.000000 0.000000 0.008433 0.000000 0.000000 0.000000 0.000000 0.000000 0.000000 0.000000 0.000000 0.000000 0.000000 0.000000 0.000000 0.000000 0.000000 0.178034 0.000000 0.000000 0.000000 0.000000 0.000000 0.000000 0.000000 0.000000 0.000000 0.000000 0.000000 0.000000 0.000000 0.010277 0.000000 0.000000 0.000000 0.000000 0.000000 0.000000 0.000000 0.000000 0.000000 0.178228 0.000000 0.000000 0.000000 0.000000 0.000000 0.005077 0.000000 0.000000 0.023261 0.000000 0.000000 0.000000 0.000000 0.009097 0.000000 0.000000 0.000000 0.000000 0.000000 0.000000 0.000000 0.000000 0.000000 0.000000 0.000000 0.010533 0.000000 0.000000 0.000000 0.000000 0.000000 0.000000 0.000000 0.000000 0.000000 0.003918 0.000000 
0.664629 0.054669 0.000000 0.000000 0.000000 0.000540 0.000169 0.035946 0.001828 0.022147 0.000000 0.032584 0.187486 0.000001 
0.123314 0.075747 0.000000 0.000000 0.010275 0.521060 0.000214 0.000085 0.018407 0.022692 0.000000 0.078902 0.052294 0.097009 
0.158582 0.084239 0.000000 0.000000 0.000000 0.537281 0.000231 0.000083 0.045272 0.032125 0.000000 0.081160 0.061026 0.000001 
0.078498 0.068963 0.012067 0.000000 0.000000 0.020824 0.034323 0.087552 0.001173 0.007826 0.000000 0.658926 0.029847 0.000001 
0.042731 0.093579 0.000000 0.000000 0.021512 0.121908 0.000239 0.000075 0.000887 0.042673 0.000000 0.386223 0.290173 0.000001 
0.069666 0.252092 0.000000 0.000000 0.000000 0.025425 0.048432 0.256064 0.001775 0.077404 0.000000 0.118994 0.150145 0.000001 
0.047045 0.001369 0.000000 0.038810 0.000000 0.192916 0.000151 0.055605 0.612210 0.006700 0.000000 0.021252 0.023940 0.000000 
0.121501 0.112899 0.000000 0.000000 0.000000 0.028509 0.160607 0.000074 0.276774 0.007179 0.000000 0.094947 0.164480 0.033030 
0.068016 0.189923 0.017023 0.000000 0.000000 0.000651 0.064383 0.144143 0.057882 0.156849 0.000000 0.037332 0.263796 0.000001 
0.301441 0.180769 0.092730 0.000000 0.000000 0.008040 0.015945 0.000059 0.014835 0.118937 0.000000 0.004026 0.263218 0.000001 
0.023890 0.065584 0.000000 0.000000 0.000000 0.065448 0.014721 0.110743 0.027256 0.070471 0.000000 0.243004 0.378883 0.000002 
0.016625 0.166226 0.094994 0.000000 0.000000 0.002277 0.091007 0.035797 0.016213 0.220114 0.000000 0.017607 0.339138 0.000002 
0.710090 0.086768 0.000000 0.000000 0.014312 0.000482 0.000379 0.000023 0.028114 0.000790 0.040784 0.078656 0.005832 0.033768 
0.042872 0.227094 0.010973 0.000000 0.000000 0.007844 0.010309 0.243263 0.010621 0.064906 0.000000 0.038498 0.343620 0.000001 
0.058782 0.082069 0.000000 0.000000 0.000000 0.106444 0.000122 0.268887 0.014256 0.046834 0.000000 0.346901 0.075704 0.000002 
0.035651 0.195531 0.058696 0.000000 0.000000 0.002221 0.026154 0.011574 0.003442 0.218203 0.016626 0.142922 0.288977 0.000002 
0.230097 0.024995 0.000000 0.000000 0.000000 0.598782 0.011721 0.000055 0.001557 0.000223 0.000000 0.075105 0.057465 0.000001 
0.066559 0.050002 0.000000 0.000000 0.000000 0.070618 0.026952 0.000082 0.374535 0.003036 0.026085 0.131609 0.093430 0.157093 
0.053644 0.289381 0.000000 0.024911 0.000000 0.062636 0.112909 0.027798 0.022730 0.086519 0.000000 0.095891 0.223579 0.000001 
0.148393 0.125056 0.031928 0.000000 0.000000 0.056645 0.000231 0.000063 0.114326 0.049031 0.000000 0.099406 0.287698 0.087223 
0.020480 0.219479 0.000000 0.000000 0.000000 0.000711 0.329470 0.065235 0.027125 0.070959 0.000000 0.049403 0.217135 0.000002 
0.062442 0.090768 0.000000 0.000000 0.000000 0.083902 0.031903 0.000075 0.162657 0.076222 0.028242 0.109720 0.324227 0.029841 
0.057772 0.079168 0.000000 0.000000 0.013684 0.001235 0.017201 0.020356 0.009979 0.008663 0.000000 0.454646 0.337293 0.000001 
0.303917 0.033475 0.000000 0.000000 0.000000 0.352548 0.000292 0.000073 0.002231 0.000315 0.000000 0.216172 0.090975 0.000002 
0.046533 0.185238 0.000000 0.000000 0.000000 0.012529 0.041128 0.122752 0.011753 0.071849 0.000000 0.346275 0.161943 0.000001 
0.391513 0.117006 0.000000 0.000000 0.000000 0.004084 0.198545 0.000055 0.024951 0.008965 0.000000 0.128024 0.126856 0.000001 
0.003797 0.087030 0.000000 0.000000 0.008225 0.003327 0.000254 0.000077 0.021757 0.022512 0.030318 0.745626 0.077074 0.000001 
0.049217 0.280206 0.070601 0.000000 0.000000 0.000656 0.011414 0.044151 0.053149 0.213990 0.000000 0.023873 0.252743 0.000001 
0.073597 0.245841 0.000000 0.000000 0.000000 0.065018 0.027130 0.083856 0.024308 0.168959 0.000000 0.056731 0.254559 0.000001 
0.033343 0.175995 0.015904 0.000000 0.000000 0.050794 0.311160 0.000058 0.002962 0.036870 0.000000 0.191956 0.180957 0.000002 
0.053990 0.116269 0.000000 0.000000 0.000000 0.493894 0.000390 0.000063 0.011354 0.106692 0.000000 0.029391 0.187954 0.000001 
0.063799 0.316991 0.042047 0.000000 0.000000 0.016883 0.043600 0.075350 0.032392 0.076721 0.000000 0.084587 0.247630 0.000001 
0.037145 0.156541 0.000000 0.010519 0.000000 0.037620 0.037801 0.018355 0.046600 0.020062 0.065226 0.150000 0.173965 0.246165 
0.547178 0.003025 0.018112 0.000000 0.000000 0.008859 0.000098 0.000047 0.381024 0.006861 0.000000 0.017720 0.017072 0.000002 
0.092232 0.165006 0.000000 0.008232 0.000000 0.128729 0.000186 0.000057 0.014376 0.008974 0.000000 0.234573 0.066617 0.281017 
0.264862 0.100212 0.000000 0.000000 0.000000 0.000750 0.018848 0.055048 0.013328 0.018536 0.000000 0.166594 0.361820 0.000001 
0.020530 0.015046 0.016680 0.000000 0.000000 0.000609 0.000075 0.148206 0.210392 0.093752 0.000000 0.307965 0.186743 0.000001 
0.010088 0.107947 0.023139 0.000000 0.000000 0.072846 0.036097 0.000061 0.013222 0.096290 0.041463 0.010207 0.551367 0.037272 
0.016016 0.057012 0.000000 0.000000 0.000000 0.495095 0.000121 0.035822 0.021876 0.015949 0.000000 0.115486 0.131344 0.111279 
0.002451 0.199907 0.087081 0.000000 0.000000 0.000830 0.011183 0.027534 0.006933 0.250051 0.000000 0.010943 0.396169 0.006917 
0.011322 0.017992 0.000000 0.011724 0.000000 0.251806 0.008465 0.000037 0.638267 0.001474 0.000000 0.025258 0.033654 0.000001 
0.049891 0.022178 0.000000 0.000000 0.000000 0.042070 0.000090 0.201122 0.508830 0.072311 0.000000 0.017282 0.086226 0.000001 
0.084024 0.267483 0.030514 0.000000 0.000000 0.039019 0.000344 0.030351 0.002724 0.153368 0.000000 0.128182 0.263990 0.000001 
0.020500 0.039024 0.000000 0.000000 0.000000 0.013993 0.000170 0.009445 0.062954 0.000336 0.029785 0.766721 0.057071 0.000001 
0.233582 0.190983 0.029888 0.000000 0.000000 0.000574 0.051661 0.000055 0.056440 0.161482 0.000000 0.049059 0.226275 0.000001 
0.073042 0.204350 0.000000 0.000000 0.000000 0.428612 0.171217 0.000050 0.039994 0.000593 0.000000 0.007610 0.034177 0.040355 
0.047419 0.103477 0.000000 0.000000 0.000000 0.343734 0.014345 0.182090 0.049505 0.001121 0.000000 0.119843 0.104958 0.033508 
0.721375 0.121502 0.000000 0.000000 0.000000 0.001190 0.000143 0.000041 0.010086 0.033719 0.000000 0.021935 0.090008 0.000001 
0.003935 0.080280 0.000000 0.000000 0.000000 0.002139 0.034980 0.000068 0.000157 0.081614 0.000000 0.447595 0.349230 0.000002 
0.842531 0.063273 0.000000 0.000000 0.000000 0.000703 0.000214 0.029809 0.001376 0.025208 0.000000 0.002972 0.033914 0.000000 
0.203440 0.073256 0.000000 0.000000 0.000000 0.235363 0.014982 0.000064 0.000888 0.098828 0.000000 0.006367 0.357653 0.009159 
0.002522 0.127839 0.000000 0.000000 0.000000 0.033173 0.000196 0.000075 0.040621 0.065094 0.000000 0.510210 0.220268 0.000001 
0.015961 0.081759 0.000000 0.000000 0.000000 0.018458 0.000084 0.545059 0.000611 0.067098 0.000000 0.016777 0.254192 0.000001 
0.023361 0.022211 0.000000 0.019355 0.000000 0.003301 0.000102 0.000091 0.211893 0.029038 0.000000 0.590112 0.058151 0.042385 
0.095649 0.134710 0.000000 0.000000 0.009887 0.134846 0.021892 0.011016 0.302118 0.055950 0.000000 0.014315 0.191171 0.028445 
0.091637 0.131502 0.000000 0.000000 0.000000 0.015817 0.000344 0.194348 0.011739 0.010887 0.000000 0.189310 0.217153 0.137263 
0.247756 0.195573 0.000001 0.000000 0.000000 0.000398 0.078645 0.013661 0.027128 0.081950 0.000000 0.125828 0.229060 0.000002 
0.071730 0.121310 0.031302 0.000000 0.000000 0.032213 0.000497 0.263309 0.000463 0.095304 0.000000 0.043638 0.340233 0.000002 
0.195140 0.074459 0.000000 0.000000 0.000000 0.242118 0.000301 0.000067 0.005719 0.004057 0.000000 0.439981 0.038155 0.000002 
0.071039 0.150209 0.000000 0.016126 0.000000 0.026249 0.000138 0.061852 0.004349 0.008668 0.000000 0.600593 0.060776 0.000001 
0.019164 0.224076 0.000000 0.000000 0.000000 0.001102 0.402009 0.078226 0.032366 0.040645 0.000000 0.069528 0.132881 0.000002 
0.220349 0.055206 0.000000 0.000000 0.017163 0.066015 0.012659 0.000084 0.216035 0.000682 0.000000 0.381301 0.030505 0.000001 
0.040404 0.122354 0.000000 0.016625 0.000000 0.101063 0.115556 0.000071 0.107484 0.008123 0.000000 0.452418 0.035900 0.000001 
0.001824 0.101832 0.000000 0.000000 0.000000 0.000993 0.281404 0.000060 0.016448 0.073519 0.000000 0.007697 0.491287 0.024937 
0.250603 0.061261 0.000000 0.000000 0.000000 0.239403 0.033592 0.015920 0.002395 0.000620 0.000000 0.152123 0.106530 0.137553 
0.043477 0.097912 0.028968 0.000000 0.000000 0.081606 0.053937 0.021924 0.186421 0.062400 0.074475 0.272475 0.076405 0.000001 
0.034745 0.269229 0.000000 0.000000 0.000000 0.126918 0.120459 0.022580 0.007502 0.071478 0.000000 0.090907 0.242206 0.013975 
0.023553 0.127896 0.000000 0.012851 0.000000 0.228572 0.011966 0.217307 0.012643 0.076317 0.000000 0.091787 0.197106 0.000002 
0.383702 0.153778 0.007655 0.000000 0.000000 0.000848 0.033736 0.000073 0.301257 0.001362 0.000000 0.004683 0.112906 0.000000 
0.029377 0.133318 0.110701 0.000000 0.000000 0.024202 0.031363 0.000052 0.080243 0.188177 0.000000 0.035481 0.367086 0.000002 
0.068326 0.272018 0.016185 0.000000 0.000000 0.001970 0.042134 0.039326 0.016941 0.073472 0.000000 0.140112 0.329515 0.000001 
0.016078 0.105270 0.042262 0.030531 0.000000 0.004378 0.027617 0.000076 0.043103 0.081155 0.000000 0.500728 0.148800 0.000001 
0.417736 0.030223 0.000000 0.032079 0.000000 0.090051 0.036699 0.054785 0.155338 0.044777 0.000000 0.028144 0.110166 0.000002 
0.272621 0.023550 0.033638 0.000000 0.000000 0.060189 0.000558 0.000068 0.351560 0.123207 0.000000 0.006634 0.127975 0.000001 
0.004870 0.099722 0.046414 0.000000 0.000000 0.026151 0.010837 0.033734 0.429353 0.060525 0.000000 0.007276 0.281117 0.000001 
0.039834 0.121249 0.000000 0.000000 0.000000 0.002719 0.011244 0.092943 0.014524 0.038922 0.096522 0.181345 0.107084 0.293613 
0.665849 0.033077 0.011409 0.000000 0.000000 0.001396 0.018794 0.094739 0.001473 0.026173 0.042431 0.012677 0.091983 0.000001 
0.036213 0.121109 0.101952 0.000000 0.000000 0.000513 0.046362 0.000096 0.001804 0.212195 0.000000 0.047530 0.432226 0.000002 
0.036283 0.121454 0.050191 0.018929 0.000000 0.002691 0.022243 0.000067 0.031369 0.231117 0.000000 0.068906 0.416749 0.000002 
0.097418 0.142370 0.000000 0.000000 0.000000 0.042098 0.023764 0.000073 0.009419 0.041483 0.000000 0.454828 0.188546 0.000001 
0.586924 0.066976 0.015646 0.000000 0.000000 0.075783 0.019478 0.000060 0.071092 0.044511 0.070373 0.026185 0.022969 0.000002 
0.013616 0.165784 0.071355 0.000000 0.000000 0.000792 0.021098 0.087498 0.010092 0.176446 0.000000 0.016957 0.436360 0.000002 
0.066067 0.142085 0.000000 0.020030 0.000000 0.147269 0.107944 0.040033 0.064995 0.116259 0.000000 0.099508 0.195807 0.000002 
0.106734 0.127939 0.000000 0.007032 0.000000 0.001546 0.000126 0.000076 0.000411 0.033310 0.076861 0.286896 0.147588 0.211481 
0.026754 0.025584 0.016801 0.000000 0.000000 0.000390 0.000047 0.542703 0.000451 0.049981 0.000000 0.021239 0.316050 0.000001 
0.136103 0.033170 0.011503 0.022284 0.000000 0.002827 0.000113 0.295490 0.000805 0.079620 0.042787 0.078162 0.227909 0.069225 
0.034112 0.222198 0.079557 0.000000 0.000000 0.002094 0.054498 0.044727 0.037612 0.192352 0.000000 0.053710 0.279138 0.000002 
0.025483 0.085640 0.000000 0.000000 0.000000 0.018539 0.034458 0.052000 0.000966 0.001335 0.000000 0.646426 0.056764 0.078388 
0.005961 0.113791 0.000000 0.000000 0.000000 0.493791 0.018440 0.055063 0.000213 0.007514 0.000000 0.119208 0.186018 0.000001 
0.027477 0.164486 0.000000 0.000000 0.000000 0.485998 0.036897 0.000064 0.009602 0.029268 0.000000 0.147705 0.098502 0.000001 
0.081131 0.062577 0.000000 0.000000 0.000000 0.022940 0.000221 0.000066 0.025863 0.029379 0.052241 0.320132 0.105695 0.299755 
0.769021 0.054603 0.000000 0.000000 0.004187 0.044183 0.000158 0.000072 0.001277 0.000717 0.000000 0.025227 0.100554 0.000001 
0.024794 0.063400 0.000000 0.000000 0.000000 0.497326 0.011133 0.070690 0.000684 0.067277 0.000000 0.017794 0.246902 0.000001 
0.259103 0.083686 0.000000 0.000000 0.000000 0.048874 0.018953 0.000069 0.049549 0.038385 0.036437 0.065459 0.399483 0.000002 
0.029967 0.070726 0.000000 0.006653 0.006956 0.021777 0.000170 0.015328 0.001954 0.000258 0.000000 0.811615 0.034595 0.000002 
0.126174 0.163913 0.000000 0.000000 0.023171 0.001049 0.013005 0.000065 0.050161 0.120726 0.000000 0.023548 0.444968 0.033220 
0.047825 0.167102 0.000000 0.000000 0.000000 0.000576 0.067933 0.020705 0.039071 0.197113 0.000000 0.261070 0.198604 0.000001 
0.016180 0.223573 0.009628 0.000000 0.000000 0.000557 0.389114 0.000062 0.000095 0.049736 0.000000 0.065930 0.245124 0.000002 
0.243063 0.214160 0.018436 0.000000 0.000000 0.067949 0.030015 0.000074 0.001740 0.156807 0.000000 0.023486 0.244270 0.000000 
0.531785 0.071472 0.000000 0.000000 0.014829 0.013206 0.000189 0.000066 0.007982 0.000265 0.000000 0.175246 0.067992 0.116967 
0.025689 0.112169 0.000000 0.000000 0.000000 0.000827 0.014277 0.438057 0.016698 0.086915 0.000000 0.074912 0.230454 0.000001 
0.270729 0.030065 0.000000 0.036560 0.000000 0.000871 0.000088 0.243119 0.108888 0.015851 0.000000 0.030792 0.263036 0.000001 
0.389424 0.058058 0.000000 0.056568 0.000000 0.000714 0.000103 0.184481 0.026025 0.013183 0.000000 0.113213 0.158229 0.000002 
0.007183 0.145420 0.063285 0.000000 0.000000 0.033735 0.268009 0.000048 0.109583 0.069022 0.000000 0.051714 0.251999 0.000002 
0.017124 0.090612 0.026383 0.025946 0.038272 0.060847 0.000309 0.000070 0.121743 0.009874 0.000000 0.027862 0.553066 0.027891 
0.062762 0.096705 0.000000 0.000000 0.000000 0.366162 0.035475 0.000060 0.009263 0.019951 0.000000 0.153169 0.054240 0.202212 
0.087179 0.045496 0.022571 0.000000 0.000000 0.022064 0.000336 0.000094 0.635173 0.034304 0.000000 0.110248 0.042533 0.000002 
0.059626 0.075921 0.000000 0.000000 0.014867 0.233147 0.019208 0.000067 0.001380 0.048848 0.000000 0.061088 0.485846 0.000002 
0.060191 0.124260 0.019618 0.000000 0.000000 0.572035 0.041968 0.000057 0.014876 0.040233 0.030198 0.006151 0.062634 0.027781 
0.029362 0.192251 0.045995 0.000000 0.000000 0.122132 0.000319 0.000069 0.021052 0.138899 0.000000 0.013326 0.410100 0.026495 
0.051724 0.301467 0.123334 0.000000 0.000000 0.001051 0.000396 0.044864 0.009833 0.172722 0.000000 0.005590 0.289017 0.000000 
0.130482 0.206209 0.013787 0.000000 0.000000 0.009632 0.000228 0.264443 0.043673 0.068642 0.000000 0.022753 0.225464 0.014689 
0.115006 0.130067 0.017346 0.013777 0.000000 0.030924 0.018082 0.000064 0.005114 0.010528 0.084202 0.265230 0.077825 0.231836 
0.068905 0.061945 0.000000 0.000000 0.000000 0.131460 0.029694 0.106682 0.000501 0.046124 0.000000 0.055333 0.499354 0.000002 
0.066075 0.249720 0.000000 0.000000 0.000000 0.001214 0.021003 0.016097 0.368924 0.052939 0.000000 0.029030 0.194996 0.000002 
0.027924 0.074698 0.030571 0.000000 0.000000 0.546336 0.036804 0.000079 0.030271 0.021719 0.051699 0.053304 0.126592 0.000001 
0.021062 0.070815 0.000000 0.000000 0.000000 0.001343 0.038253 0.073006 0.013166 0.084288 0.000000 0.013868 0.670303 0.013896 
0.027754 0.201946 0.000000 0.000000 0.000000 0.006965 0.355906 0.000057 0.000272 0.050098 0.000000 0.061884 0.260254 0.034863 
0.408117 0.057646 0.000000 0.000000 0.000000 0.000552 0.043187 0.166318 0.003282 0.011955 0.075180 0.049477 0.184284 0.000002 
0.331310 0.037340 0.000000 0.000000 0.000000 0.011424 0.017212 0.038399 0.022727 0.001710 0.000000 0.437340 0.102535 0.000002 
0.306623 0.112551 0.000000 0.000000 0.000000 0.001333 0.000242 0.287894 0.018877 0.030983 0.000000 0.024175 0.217320 0.000002 
0.046606 0.084397 0.030968 0.000000 0.000000 0.499638 0.046466 0.000062 0.006484 0.055525 0.000000 0.085449 0.144403 0.000001 
0.063553 0.147061 0.000000 0.000000 0.000000 0.000403 0.055223 0.032638 0.129202 0.062266 0.000000 0.307893 0.201758 0.000002 
0.114777 0.015836 0.000000 0.000000 0.000000 0.000682 0.000073 0.513911 0.012661 0.041389 0.000000 0.171906 0.128763 0.000001 
0.098096 0.116411 0.006856 0.010648 0.000000 0.038113 0.000241 0.000077 0.427704 0.042702 0.000000 0.091456 0.167695 0.000001 
0.001324 0.104798 0.000000 0.000000 0.000000 0.019222 0.050977 0.058818 0.000555 0.095490 0.000000 0.024828 0.588274 0.055713 
0.021453 0.133761 0.086263 0.000000 0.000000 0.002515 0.035590 0.040636 0.060938 0.250867 0.000000 0.007217 0.360760 0.000001 
0.025554 0.251805 0.000000 0.000000 0.000000 0.002240 0.380771 0.026238 0.020524 0.054634 0.000000 0.086849 0.151384 0.000001 
0.040680 0.071228 0.000000 0.000000 0.000000 0.009716 0.033930 0.359082 0.000442 0.088730 0.000000 0.057523 0.316003 0.022665 
0.239705 0.095172 0.067115 0.000000 0.000000 0.000414 0.013356 0.000057 0.305638 0.024764 0.000000 0.063614 0.190163 0.000001 
0.109677 0.135615 0.017895 0.000000 0.022119 0.003918 0.035278 0.000070 0.045603 0.036381 0.000000 0.024009 0.547108 0.022327 
0.037183 0.130904 0.000000 0.000000 0.000000 0.092575 0.009200 0.405774 0.014472 0.080605 0.000000 0.037863 0.191423 0.000001 
0.041066 0.221965 0.000000 0.000000 0.000000 0.039584 0.294338 0.000055 0.060509 0.010048 0.000000 0.179069 0.097866 0.055499 
0.038885 0.112446 0.000000 0.000000 0.000000 0.046566 0.000130 0.019194 0.040167 0.095273 0.000000 0.042281 0.524157 0.080900 
0.029838 0.056222 0.009578 0.000000 0.000000 0.046516 0.009210 0.058281 0.014258 0.000492 0.000000 0.648573 0.037380 0.089652 
0.147798 0.308515 0.000000 0.000000 0.011142 0.000402 0.014630 0.000062 0.000990 0.100587 0.000000 0.095108 0.320765 0.000001 
0.004452 0.205371 0.000000 0.000000 0.000000 0.057270 0.347963 0.000092 0.063274 0.021424 0.000000 0.015754 0.228342 0.056057 
0.047242 0.103836 0.029253 0.000000 0.000000 0.011541 0.091852 0.189844 0.021163 0.036084 0.000000 0.073338 0.395844 0.000002 
0.056379 0.068979 0.000000 0.025695 0.000000 0.049519 0.000186 0.000057 0.021095 0.031205 0.094773 0.246908 0.107399 0.297805 
0.027680 0.136690 0.032044 0.000000 0.000000 0.000711 0.032093 0.012700 0.024447 0.108958 0.000000 0.187053 0.437623 0.000001 
0.880466 0.019983 0.000000 0.000000 0.000000 0.000492 0.000329 0.000049 0.044794 0.005854 0.000000 0.003753 0.044281 0.000000 
0.708778 0.076811 0.000000 0.000000 0.000000 0.027313 0.000156 0.000100 0.001459 0.012737 0.000000 0.024886 0.147758 0.000002 
0.027254 0.299460 0.045118 0.000000 0.000000 0.001585 0.196634 0.012942 0.015177 0.162958 0.000000 0.033569 0.205301 0.000002 
0.074769 0.338945 0.025685 0.034781 0.000000 0.000947 0.021136 0.029379 0.006528 0.042670 0.000000 0.171647 0.152800 0.100715 
0.356071 0.184022 0.040479 0.000000 0.000000 0.031627 0.078980 0.000058 0.014150 0.077373 0.000000 0.013217 0.192322 0.011701 
0.074431 0.370263 0.017684 0.000000 0.014479 0.001210 0.043074 0.064920 0.007981 0.123302 0.000000 0.029635 0.238256 0.014766 
0.016516 0.086947 0.000000 0.027305 0.006679 0.036222 0.000102 0.000062 0.000077 0.000223 0.000000 0.738801 0.087067 0.000002 
0.475711 0.055391 0.000000 0.012727 0.000000 0.015422 0.066675 0.000065 0.231335 0.034386 0.000000 0.026623 0.081663 0.000002 
0.095945 0.077681 0.000000 0.000000 0.000000 0.567935 0.033791 0.000087 0.007398 0.036112 0.000000 0.067376 0.113674 0.000001 
0.104633 0.122678 0.000000 0.000000 0.000000 0.028261 0.088621 0.041563 0.241517 0.078117 0.030310 0.022785 0.241513 0.000002 
0.013242 0.175201 0.000000 0.000000 0.021037 0.001026 0.013148 0.000083 0.000488 0.049829 0.000000 0.029016 0.659642 0.037288 
0.345216 0.042810 0.000000 0.000000 0.000000 0.004814 0.014165 0.000062 0.307291 0.035794 0.000000 0.080699 0.169147 0.000002 
0.022436 0.066925 0.000000 0.000000 0.000000 0.393398 0.037539 0.069405 0.023403 0.017759 0.000000 0.098153 0.083441 0.187541 
0.060168 0.121987 0.014445 0.000000 0.000000 0.108602 0.007649 0.025532 0.175176 0.022032 0.000000 0.382648 0.081761 0.000001 
0.198203 0.131327 0.000000 0.000000 0.000000 0.009738 0.000153 0.211469 0.006306 0.064590 0.000000 0.068886 0.309328 0.000001 
0.039362 0.008491 0.000000 0.000000 0.000000 0.039709 0.000232 0.009985 0.759371 0.004483 0.000000 0.078035 0.060333 0.000001 
0.002663 0.048500 0.000000 0.000000 0.000000 0.005850 0.008707 0.036837 0.004290 0.006618 0.000000 0.857957 0.028576 0.000002 
0.026325 0.038562 0.000000 0.000000 0.000000 0.000691 0.008042 0.445269 0.004510 0.137245 0.000000 0.046974 0.292379 0.000001 
0.025033 0.063797 0.000000 0.000000 0.000000 0.033213 0.049032 0.352331 0.001066 0.085852 0.000000 0.009471 0.358136 0.022069 
0.021998 0.025284 0.000000 0.000000 0.000000 0.745189 0.097482 0.000023 0.010269 0.002564 0.000000 0.088597 0.008592 0.000002 
0.023202 0.021609 0.000000 0.009414 0.000000 0.000254 0.000151 0.000027 0.904680 0.005519 0.030789 0.000670 0.003685 0.000000 
0.176250 0.172741 0.000000 0.000000 0.000000 0.001063 0.168428 0.147749 0.026644 0.050537 0.000000 0.078421 0.178166 0.000001 
0.043182 0.048376 0.049969 0.000000 0.000000 0.111365 0.000146 0.000058 0.502144 0.070873 0.000000 0.009157 0.164727 0.000003 
0.013803 0.010553 0.000000 0.000000 0.000000 0.523511 0.089228 0.000067 0.000556 0.014420 0.000000 0.042165 0.305695 0.000002 
0.001673 0.173638 0.000000 0.000000 0.000000 0.000587 0.224536 0.036208 0.008746 0.044551 0.000000 0.033664 0.443225 0.033171 
0.026224 0.052788 0.000000 0.000000 0.000000 0.681453 0.000172 0.065308 0.003834 0.021479 0.000000 0.047076 0.075874 0.025793 
0.024552 0.046204 0.000000 0.000000 0.000000 0.018628 0.010819 0.125490 0.025137 0.073006 0.000000 0.110446 0.565716 0.000001 
0.038550 0.213217 0.096806 0.000000 0.000000 0.001068 0.021068 0.022973 0.011533 0.192186 0.000000 0.048407 0.354190 0.000002 
0.030776 0.062470 0.000000 0.000000 0.000000 0.000984 0.000117 0.469396 0.024505 0.037070 0.000000 0.062607 0.312073 0.000002 
0.002414 0.042608 0.000000 0.000000 0.000000 0.828660 0.022952 0.000064 0.017566 0.004167 0.000000 0.074961 0.006607 0.000002 
0.058743 0.117026 0.051535 0.026206 0.000000 0.016256 0.113132 0.048588 0.000293 0.206622 0.000000 0.044190 0.317408 0.000002 
0.007709 0.121239 0.000000 0.000000 0.000000 0.001001 0.000235 0.202583 0.051629 0.093947 0.000000 0.086735 0.434921 0.000001 
0.062757 0.130667 0.000000 0.000000 0.000000 0.043112 0.079744 0.022672 0.015360 0.063222 0.000000 0.364730 0.217734 0.000002 
0.144997 0.297108 0.000000 0.000000 0.000000 0.072253 0.197084 0.000054 0.012135 0.034574 0.000000 0.138320 0.103474 0.000001 
0.016307 0.282097 0.000000 0.000000 0.022264 0.017680 0.080473 0.041887 0.039887 0.173766 0.000000 0.098906 0.226731 0.000002 
0.019614 0.243963 0.054273 0.000000 0.022894 0.001597 0.350575 0.000061 0.030187 0.036447 0.000000 0.116386 0.124001 0.000001 
0.027533 0.146046 0.000000 0.000000 0.000000 0.013854 0.015648 0.000074 0.001071 0.072663 0.000000 0.596959 0.126150 0.000001 
0.132999 0.086354 0.080249 0.000000 0.000000 0.030434 0.000294 0.036675 0.128804 0.074000 0.054812 0.155488 0.144284 0.075609 
0.375078 0.138321 0.000000 0.000000 0.000000 0.268962 0.047767 0.008757 0.056553 0.015929 0.000000 0.006942 0.047667 0.034024 
0.034383 0.145496 0.000000 0.000000 0.000000 0.003150 0.018422 0.395477 0.005800 0.097512 0.000000 0.024882 0.255141 0.019736 
0.001235 0.102301 0.035038 0.000000 0.029547 0.029295 0.030805 0.045131 0.018846 0.033492 0.000000 0.049586 0.593202 0.031522 
0.434350 0.142963 0.000000 0.000000 0.000000 0.001799 0.082237 0.015971 0.019165 0.055174 0.000000 0.005663 0.225846 0.016832 
0.138945 0.256898 0.000001 0.000000 0.000000 0.030391 0.024123 0.000088 0.006810 0.221365 0.000000 0.072252 0.249126 0.000001 
0.029413 0.032163 0.000000 0.000000 0.000000 0.003317 0.000098 0.499236 0.000807 0.004395 0.000000 0.097759 0.297449 0.035364 
0.411515 0.165631 0.000000 0.000000 0.000000 0.015325 0.016478 0.024134 0.022360 0.027133 0.000000 0.142381 0.024842 0.150200 
0.011551 0.059058 0.000000 0.000000 0.000000 0.052414 0.011718 0.010461 0.078106 0.000530 0.000000 0.758123 0.018037 0.000001 
0.032665 0.106054 0.000000 0.000000 0.000000 0.043424 0.000067 0.064766 0.000651 0.019818 0.000000 0.725029 0.007524 0.000001 
0.616727 0.022444 0.000000 0.000000 0.000000 0.204016 0.027456 0.000060 0.045211 0.006459 0.000000 0.021454 0.056171 0.000002 
0.066650 0.035637 0.000000 0.000000 0.000000 0.000607 0.000130 0.014052 0.002403 0.000202 0.000000 0.824560 0.055757 0.000001 
0.153760 0.175032 0.000000 0.000000 0.000000 0.065983 0.326485 0.000093 0.032956 0.018835 0.000000 0.100710 0.126145 0.000002 
0.005036 0.137798 0.000000 0.000000 0.018443 0.097602 0.119728 0.080625 0.061942 0.061838 0.000000 0.010191 0.278426 0.128372 
0.079220 0.167786 0.000000 0.000000 0.034150 0.140868 0.046147 0.000071 0.004942 0.110134 0.000000 0.220675 0.170507 0.025498 
0.047363 0.112896 0.000000 0.000000 0.000000 0.136010 0.028841 0.445413 0.003734 0.035375 0.000000 0.033593 0.156773 0.000002 
0.004192 0.257777 0.000000 0.000000 0.000000 0.000812 0.389468 0.000080 0.038673 0.043305 0.000000 0.090472 0.175218 0.000002 
0.043185 0.047435 0.000000 0.010289 0.000000 0.027986 0.000135 0.000049 0.661031 0.009910 0.048946 0.033712 0.057239 0.060085 
0.038487 0.051557 0.000000 0.000000 0.000000 0.001709 0.010257 0.472594 0.047710 0.118293 0.000000 0.061263 0.198130 0.000001 
0.038083 0.037542 0.000000 0.019801 0.000000 0.058726 0.006162 0.000073 0.549328 0.000512 0.000000 0.264701 0.025071 0.000002 
0.018763 0.087820 0.010838 0.035581 0.000000 0.052728 0.000224 0.000058 0.054706 0.037032 0.049407 0.327110 0.109328 0.216406 
0.232805 0.169040 0.056284 0.000000 0.000000 0.010246 0.050236 0.027954 0.003057 0.166943 0.000000 0.032300 0.251133 0.000001 
0.060304 0.210816 0.000000 0.000000 0.000000 0.397966 0.019076 0.000070 0.003089 0.044466 0.000000 0.116695 0.147518 0.000001 
0.133244 0.085216 0.000000 0.000000 0.000000 0.000594 0.027603 0.143598 0.313737 0.000970 0.000000 0.049665 0.091195 0.154177 
0.098111 0.190278 0.049607 0.000000 0.000000 0.059581 0.000254 0.129537 0.038907 0.148668 0.000000 0.011698 0.263194 0.010165 
0.142638 0.086537 0.000000 0.000000 0.000000 0.017120 0.000195 0.000068 0.007265 0.002090 0.000000 0.541708 0.202378 0.000001 
0.523836 0.073055 0.000000 0.000000 0.000000 0.315309 0.000143 0.000039 0.001129 0.000198 0.000000 0.081218 0.005072 0.000001 
0.040736 0.267377 0.000000 0.000000 0.021585 0.038902 0.293699 0.028802 0.015507 0.056652 0.000000 0.039613 0.197125 0.000001 
0.071379 0.052598 0.000000 0.023309 0.000000 0.134150 0.000107 0.072819 0.370762 0.007053 0.000000 0.142535 0.125286 0.000002 
0.162039 0.099292 0.000000 0.000000 0.000000 0.044167 0.009471 0.038497 0.360333 0.044928 0.000000 0.025345 0.215927 0.000001 
0.050814 0.028939 0.038263 0.000000 0.000000 0.003169 0.000296 0.000062 0.659161 0.075670 0.000000 0.052297 0.091330 0.000002 
0.056546 0.130020 0.000000 0.025131 0.000000 0.013463 0.000115 0.000087 0.082016 0.000764 0.000000 0.643738 0.048119 0.000001 
0.045110 0.075453 0.000000 0.000000 0.000000 0.023930 0.000282 0.000076 0.001897 0.023942 0.000000 0.740872 0.088435 0.000002 
0.561710 0.114770 0.000000 0.000000 0.000000 0.007456 0.000191 0.000062 0.004368 0.018774 0.000000 0.189169 0.040668 0.062832 
0.028187 0.263547 0.017655 0.000000 0.000000 0.118346 0.283165 0.000050 0.008489 0.021838 0.000000 0.093377 0.165346 0.000002 
0.001979 0.280761 0.060791 0.000000 0.000000 0.038206 0.297318 0.000073 0.000891 0.049542 0.000000 0.105550 0.164887 0.000001 
0.054892 0.143411 0.009062 0.000000 0.000000 0.000867 0.009682 0.059317 0.012620 0.050952 0.058002 0.355342 0.114214 0.131638 
0.128320 0.303548 0.027375 0.000000 0.000000 0.001480 0.067055 0.026249 0.001169 0.104044 0.000000 0.097057 0.243703 0.000001 
0.030657 0.218005 0.106357 0.000000 0.000000 0.001334 0.000372 0.000062 0.013585 0.222285 0.000000 0.030919 0.376423 0.000001 
0.003220 0.131575 0.000000 0.000000 0.009297 0.000663 0.000216 0.000062 0.023045 0.021490 0.074156 0.616283 0.119992 0.000002 
0.053169 0.156397 0.000000 0.000000 0.000000 0.001121 0.020075 0.000073 0.000242 0.039434 0.000000 0.033682 0.665709 0.030097 
0.040309 0.071828 0.000000 0.000000 0.017316 0.619931 0.015986 0.000045 0.060633 0.000113 0.000000 0.045423 0.128414 0.000002 
