-216444.313873
0
0.000000 0.000000 0.000000 0.000000 0.000000 0.000000 0.000000 0.000000 0.000000 0.025191 0.000000 0.004599 0.000000 0.000000 0.000000 0.000000 0.000000 0.000000 0.000000 0.000000 0.000000 0.000000 0.000000 0.000000 0.000000 0.000000 0.000000 0.000000 0.000000 0.000000 0.000000 0.000000 0.125649 0.147630 0.016997 0.115430 0.000000 0.000000 0.000000 0.000000 0.000000 0.000000 0.000000 0.000000 0.000000 0.000000 0.000000 0.000000 0.000000 0.000000 0.000000 0.000000 0.000000 0.000000 0.000000 0.000000 0.000000 0.016971 0.000000 0.020396 0.000000 0.000000 0.000000 0.000000 0.000000 0.000000 0.000000 0.007266 0.000000 0.000000 0.000000 0.000000 0.000000 0.000000 0.000000 0.000000 0.000000 0.000000 0.000000 0.000000 0.000000 0.396242 0.080037 0.043592 0.000000 0.000000 0.000000 0.000000 0.000000 0.000000 0.000000 0.000000 0.000000 0.000000 0.000000 0.000000 
0.000000 0.000000 0.000000 0.000000 0.000000 0.000000 0.000000 0.000000 0.059080 0.035870 0.290971 0.000000 0.000000 0.000000 0.000000 0.000000 0.000000 0.000000 0.000000 0.000000 0.000000 0.000000 0.000000 0.000000 0.000000 0.000000 0.000000 0.000000 0.000000 0.000000 0.000000 0.000000 0.000000 0.000000 0.228675 0.000000 0.000000 0.000000 0.000000 0.000000 0.000000 0.000000 0.000000 0.000000 0.000000 0.000000 0.000000 0.000000 0.000000 0.000000 0.000000 0.000000 0.000000 0.000000 0.000000 0.000000 0.151238 0.000000 0.204387 0.000000 0.000000 0.000000 0.000000 0.000000 0.015239 0.000000 0.000000 0.000000 0.000000 0.000000 0.000000 0.000000 0.000000 0.000000 0.000000 0.000000 0.000000 0.000000 0.000000 0.000000 0.000000 0.000000 0.000000 0.000000 0.000000 0.000000 0.000000 0.000000 0.000000 0.000000 0.014539 0.000000 0.000000 0.000000 0.000000 0.000000 
0.000000 0.000000 0.000000 0.000000 0.084381 0.047786 0.000000 0.081357 0.000000 0.028676 0.000000 0.000000 0.000000 0.034848 0.000000 0.000000 0.000000 0.000000 0.000000 0.000000 0.000000 0.000000 0.031041 0.000000 0.000000 0.000000 0.000000 0.000000 0.055435 0.044453 0.013085 0.083776 0.026054 0.000000 0.000000 0.000000 0.013215 0.063706 0.025283 0.008969 0.000000 0.020626 0.000000 0.000000 0.000000 0.000000 0.000000 0.000000 0.000000 0.000000 0.000000 0.000000 0.000000 0.000000 0.000000 0.064723 0.000000 0.000000 0.000000 0.000000 0.011067 0.000000 0.023698 0.000000 0.000000 0.000000 0.000000 0.000000 0.000000 0.000000 0.038250 0.000000 0.000000 0.035874 0.000000 0.000000 0.031126 0.072889 0.000000 0.059681 0.000000 0.000000 0.000000 0.000000 0.000000 0.000000 0.000000 0.000000 0.000000 0.000000 0.000000 0.000000 0.000000 0.000000 0.000000 0.000000 
0.000000 0.000000 0.000000 0.000000 0.000000 0.000000 0.000000 0.000000 0.000000 0.000000 0.000000 0.000000 0.000000 0.000000 0.000000 0.000000 0.000000 0.000000 0.000000 0.000000 0.000000 0.000000 0.000000 0.000000 0.000000 0.000000 0.000000 0.000000 0.000000 0.000000 0.000000 0.000000 0.000000 0.000000 0.000000 0.000000 0.000000 0.000000 0.000000 0.000000 0.000000 0.000000 0.000000 0.000000 0.000000 0.000000 0.000000 0.000000 0.000000 0.000000 0.000000 0.000000 0.000000 0.000000 0.000000 0.000000 0.000000 0.000000 0.000000 0.000000 0.000000 0.000000 0.000000 0.000000 0.000000 0.000000 0.000000 0.000000 0.000000 0.000000 0.000000 0.000000 0.094226 0.028277 0.007219 0.795250 0.000000 0.000000 0.000000 0.000000 0.000000 0.000000 0.000000 0.066853 0.000000 0.000000 0.000000 0.000000 0.000000 0.000000 0.008175 0.000000 0.000000 0.000000 0.000000 0.000000 
0.111822 0.088844 0.000000 0.073334 0.000000 0.000000 0.008510 0.000000 0.031036 0.000000 0.000000 0.000000 0.000000 0.000000 0.045954 0.000000 0.000000 0.000000 0.000000 0.000000 0.000000 0.000000 0.000000 0.000000 0.107737 0.000000 0.000000 0.076998 0.000000 0.009535 0.000000 0.000000 0.000000 0.000000 0.000000 0.058421 0.026603 0.000000 0.000000 0.058097 0.000000 0.000000 0.000000 0.000000 0.000000 0.000000 0.000000 0.000000 0.087313 0.000000 0.000000 0.084767 0.000000 0.010858 0.000000 0.000000 0.000000 0.000000 0.000000 0.000000 0.018111 0.000000 0.000000 0.000000 0.000000 0.000000 0.000000 0.000000 0.000000 0.000000 0.000000 0.000000 0.095593 0.000000 0.000000 0.000000 0.000000 0.000000 0.006468 0.000000 0.000000 0.000000 0.000000 0.000000 0.000000 0.000000 0.000000 0.000000 0.000000 0.000000 0.000000 0.000000 0.000000 0.000000 0.000000 0.000000 
0.000000 0.000000 0.000000 0.017672 0.000000 0.000000 0.000000 0.000000 0.000000 0.000000 0.000000 0.000000 0.000000 0.000000 0.000000 0.000000 0.000000 0.000000 0.000000 0.000000 0.000000 0.000000 0.000000 0.022387 0.000000 0.000000 0.000000 0.000000 0.000000 0.000000 0.000000 0.000000 0.000000 0.000000 0.000000 0.000000 0.000000 0.000000 0.000000 0.000000 0.000000 0.000000 0.000000 0.000000 0.000000 0.000000 0.000000 0.000000 0.000000 0.000000 0.000000 0.007636 0.000000 0.000000 0.000000 0.000000 0.000000 0.000000 0.000000 0.000000 0.000000 0.000000 0.000000 0.000000 0.000000 0.018823 0.000000 0.030961 0.000000 0.000000 0.000000 0.000000 0.000000 0.000000 0.000000 0.000000 0.000000 0.000000 0.000000 0.000000 0.000000 0.000000 0.728275 0.000000 0.000000 0.000000 0.000000 0.000000 0.000000 0.022605 0.000000 0.000000 0.000000 0.011040 0.000000 0.140601 
0.000000 0.000000 0.052099 0.000000 0.000000 0.000000 0.000000 0.000000 0.000000 0.000000 0.000000 0.000000 0.000000 0.000000 0.000000 0.000000 0.000000 0.000000 0.000000 0.000000 0.000000 0.000000 0.000000 0.000000 0.000000 0.209093 0.025225 0.000000 0.011742 0.000000 0.012089 0.000000 0.032196 0.031021 0.000000 0.000000 0.000000 0.018390 0.114817 0.000000 0.000000 0.000000 0.000000 0.000000 0.000000 0.000000 0.000000 0.000000 0.000000 0.149192 0.056158 0.000000 0.030596 0.000000 0.020298 0.000000 0.000000 0.000000 0.000000 0.000000 0.000000 0.013571 0.040814 0.000000 0.000000 0.000000 0.000000 0.000000 0.000000 0.000000 0.000000 0.000000 0.000000 0.152880 0.029816 0.000000 0.000000 0.000000 0.000000 0.000000 0.000000 0.000000 0.000000 0.000000 0.000000 0.000000 0.000000 0.000000 0.000000 0.000000 0.000000 0.000000 0.000000 0.000000 0.000000 0.000000 
0.000000 0.000000 0.000000 0.000000 0.000000 0.000000 0.000000 0.000000 0.000000 0.000000 0.000000 0.040981 0.000000 0.010499 0.000000 0.000000 0.000000 0.000000 0.000000 0.000000 0.000000 0.000000 0.000000 0.000000 0.000000 0.049265 0.018948 0.158006 0.000000 0.000000 0.000000 0.000000 0.000000 0.000000 0.000000 0.000000 0.000000 0.000000 0.000000 0.000000 0.000000 0.000000 0.065656 0.000000 0.000000 0.000000 0.000000 0.000000 0.000000 0.000000 0.000000 0.000000 0.000000 0.000000 0.000000 0.000000 0.000000 0.285922 0.132586 0.227286 0.000000 0.000000 0.000000 0.000000 0.000000 0.000000 0.010851 0.000000 0.000000 0.000000 0.000000 0.000000 0.000000 0.000000 0.000000 0.000000 0.000000 0.000000 0.000000 0.000000 0.000000 0.000000 0.000000 0.000000 0.000000 0.000000 0.000000 0.000000 0.000000 0.000000 0.000000 0.000000 0.000000 0.000000 0.000000 0.000000 
0.000000 0.000000 0.000000 0.000000 0.000000 0.000000 0.000000 0.000000 0.000000 0.000000 0.000000 0.000000 0.000000 0.000000 0.000000 0.000000 0.000000 0.000000 0.000000 0.000000 0.087740 0.045874 0.010852 0.066527 0.000000 0.000000 0.000000 0.000000 0.000000 0.000000 0.000000 0.000000 0.000000 0.000000 0.000000 0.000000 0.000000 0.000000 0.000000 0.000000 0.000000 0.000000 0.000000 0.013228 0.073042 0.000000 0.000000 0.226698 0.000000 0.000000 0.000000 0.000000 0.000000 0.000000 0.000000 0.000000 0.000000 0.000000 0.000000 0.000000 0.000000 0.000000 0.000000 0.000000 0.000000 0.000000 0.000000 0.000000 0.024050 0.000000 0.000000 0.032254 0.000000 0.000000 0.000000 0.000000 0.000000 0.000000 0.000000 0.000000 0.000000 0.000000 0.000000 0.000000 0.000000 0.000000 0.000000 0.000000 0.008103 0.000000 0.000000 0.071676 0.147866 0.000000 0.000000 0.192091 
0.000000 0.000000 0.000000 0.000000 0.000000 0.000000 0.000000 0.000000 0.077923 0.019327 0.000000 0.133320 0.000000 0.018899 0.000000 0.000000 0.000000 0.000000 0.000000 0.186971 0.000000 0.000000 0.000000 0.022509 0.000000 0.000000 0.000000 0.000000 0.000000 0.000000 0.000000 0.000000 0.000000 0.000000 0.000000 0.000000 0.000000 0.000000 0.000000 0.000000 0.000000 0.000000 0.000000 0.000000 0.000000 0.039100 0.000000 0.000000 0.000000 0.000000 0.000000 0.000000 0.017972 0.037040 0.000000 0.000000 0.000000 0.000000 0.000000 0.000000 0.000000 0.036926 0.000000 0.074291 0.000000 0.000000 0.000000 0.000000 0.000000 0.000000 0.000000 0.000000 0.000000 0.000000 0.000000 0.000000 0.000000 0.000000 0.000000 0.000000 0.000000 0.000000 0.000000 0.000000 0.000000 0.000000 0.000000 0.000000 0.120076 0.000000 0.000000 0.101329 0.000000 0.033982 0.080334 0.000000 
0.000000 0.000000 0.000000 0.000000 0.000000 0.000000 0.000000 0.000000 0.000000 0.000000 0.000000 0.000000 0.092824 0.000000 0.000000 0.138718 0.000000 0.000000 0.000000 0.000000 0.000000 0.000000 0.000000 0.000000 0.000000 0.000000 0.000000 0.000000 0.000000 0.000000 0.000000 0.000000 0.000000 0.000000 0.000000 0.000000 0.000000 0.000000 0.012426 0.000000 0.000000 0.088269 0.000000 0.091025 0.000000 0.000000 0.089373 0.000000 0.000000 0.000000 0.000000 0.000000 0.000000 0.000000 0.000000 0.000000 0.000000 0.000000 0.000000 0.032523 0.000000 0.000000 0.000000 0.000000 0.000000 0.000000 0.000000 0.000000 0.000000 0.000000 0.019852 0.045405 0.000000 0.000000 0.000000 0.000000 0.000000 0.000000 0.000000 0.000000 0.000000 0.000000 0.000000 0.000000 0.102141 0.072120 0.083852 0.131472 0.000000 0.000000 0.000000 0.000000 0.000000 0.000000 0.000000 0.000000 
0.000000 0.000000 0.000000 0.000000 0.000000 0.000000 0.000000 0.000000 0.000000 0.000000 0.000000 0.000000 0.000000 0.000000 0.000000 0.000000 0.000000 0.000000 0.000000 0.000000 0.000000 0.000000 0.000000 0.000000 0.000000 0.000000 0.000000 0.000000 0.000000 0.000000 0.000000 0.000000 0.000000 0.000000 0.000000 0.000000 0.000000 0.000000 0.000000 0.000000 0.000000 0.000000 0.000000 0.000000 0.000000 0.000000 0.000000 0.000000 0.000000 0.000000 0.000000 0.000000 0.000000 0.000000 0.000000 0.000000 0.000000 0.000000 0.000000 0.000000 0.000000 0.000000 0.000000 0.000000 0.000000 0.000000 0.000000 0.000000 0.000000 0.000000 0.000000 0.000000 0.007364 0.000000 0.000000 0.000000 0.034559 0.000000 0.000000 0.073501 0.544296 0.030889 0.000000 0.309391 0.000000 0.000000 0.000000 0.000000 0.000000 0.000000 0.000000 0.000000 0.000000 0.000000 0.000000 0.000000 
0.000000 0.000000 0.000000 0.000000 0.000000 0.000000 0.000000 0.000000 0.000000 0.000000 0.000000 0.000000 0.000000 0.000000 0.000000 0.000000 0.153690 0.074600 0.140966 0.000000 0.000000 0.000000 0.000000 0.000000 0.000000 0.000000 0.000000 0.000000 0.000000 0.000000 0.000000 0.000000 0.025179 0.000000 0.000000 0.000000 0.000000 0.000000 0.000000 0.000000 0.074849 0.000000 0.086785 0.036305 0.000000 0.000000 0.000000 0.000000 0.000000 0.000000 0.000000 0.000000 0.000000 0.000000 0.000000 0.000000 0.000000 0.000000 0.000000 0.000000 0.000000 0.000000 0.000000 0.000000 0.070645 0.056738 0.066964 0.065897 0.000000 0.013223 0.000000 0.000000 0.000000 0.000000 0.000000 0.000000 0.000000 0.000000 0.000000 0.000000 0.000000 0.000000 0.000000 0.000000 0.000000 0.000000 0.000000 0.000000 0.000000 0.072863 0.051763 0.000000 0.000000 0.009533 0.000000 0.000000 
0.223312 0.015715 0.018186 0.014331 0.040461 0.040976 0.014673 0.023807 0.000000 0.010000 0.000000 0.584891 0.013649 
0.057850 0.058775 0.000364 0.285219 0.003747 0.166533 0.000902 0.010334 0.060767 0.010952 0.001256 0.278297 0.065002 
0.055971 0.084818 0.239098 0.050336 0.128963 0.010118 0.063817 0.010863 0.032782 0.123317 0.041787 0.043359 0.114771 
0.017444 0.077587 0.131728 0.022911 0.219012 0.000491 0.126409 0.031883 0.024515 0.088382 0.133258 0.000237 0.126144 
0.477421 0.058539 0.018973 0.002082 0.042035 0.032034 0.012677 0.033395 0.038562 0.061021 0.035010 0.081675 0.106576 
0.036148 0.060260 0.096557 0.049358 0.235502 0.024382 0.045021 0.028121 0.044492 0.064773 0.068517 0.018810 0.228058 
0.067186 0.079076 0.067047 0.173364 0.081246 0.140987 0.022001 0.058774 0.022247 0.057986 0.031379 0.107397 0.091311 
0.081256 0.115893 0.075592 0.160534 0.110874 0.110425 0.019673 0.051506 0.057615 0.089195 0.014379 0.016514 0.096544 
0.032805 0.000360 0.114262 0.014051 0.189738 0.028342 0.128606 0.022786 0.001402 0.013875 0.050233 0.365513 0.038028 
0.106236 0.171578 0.052150 0.013784 0.150684 0.031022 0.140038 0.022649 0.027891 0.038446 0.134302 0.021716 0.089504 
0.055557 0.313206 0.036400 0.014822 0.111537 0.084850 0.059925 0.062870 0.000986 0.066121 0.023574 0.051839 0.118316 
0.086943 0.136892 0.106794 0.012113 0.193133 0.040126 0.028141 0.030879 0.033073 0.066637 0.088748 0.001018 0.175503 
0.093870 0.020423 0.064914 0.026612 0.174498 0.050745 0.087908 0.048740 0.041106 0.077816 0.151503 0.066092 0.095774 
0.023286 0.136206 0.016349 0.226336 0.083875 0.254905 0.044031 0.017279 0.026483 0.058578 0.042643 0.024383 0.045646 
0.025504 0.042584 0.133298 0.026854 0.425906 0.010212 0.169815 0.006357 0.001967 0.033515 0.037469 0.015086 0.071434 
0.088180 0.051996 0.141382 0.036481 0.065106 0.014317 0.058630 0.120930 0.012521 0.132905 0.075413 0.029234 0.172906 
0.133718 0.202282 0.033321 0.031020 0.175341 0.075424 0.125682 0.052048 0.027457 0.055848 0.012759 0.052099 0.023000 
0.523259 0.061105 0.011103 0.012597 0.072635 0.032460 0.000180 0.009820 0.025211 0.032528 0.051139 0.130051 0.037912 
0.093395 0.096371 0.087706 0.021990 0.086284 0.027461 0.006197 0.084591 0.002237 0.092301 0.081491 0.222147 0.097829 
0.035426 0.000704 0.124501 0.034693 0.297930 0.000238 0.286007 0.009234 0.000303 0.070506 0.072390 0.025922 0.042146 
0.064791 0.114526 0.163171 0.013547 0.132572 0.000300 0.035981 0.001080 0.034859 0.114733 0.065575 0.041226 0.217639 
0.002753 0.066357 0.111585 0.023608 0.243543 0.000896 0.070309 0.023876 0.039734 0.064774 0.148514 0.087529 0.116521 
0.025248 0.143492 0.051697 0.062071 0.248023 0.019277 0.050579 0.039316 0.000125 0.038712 0.195421 0.040753 0.085288 
0.079917 0.366124 0.011165 0.000301 0.056209 0.132553 0.037824 0.186403 0.016593 0.021112 0.000270 0.016695 0.074835 
0.526930 0.025001 0.023615 0.000387 0.002287 0.040362 0.000649 0.015206 0.000837 0.019107 0.000110 0.344352 0.001159 
0.068895 0.077027 0.000614 0.324062 0.021183 0.256073 0.017644 0.068715 0.091367 0.011101 0.000391 0.007963 0.054964 
0.060521 0.172198 0.093042 0.052210 0.203251 0.016367 0.006309 0.099490 0.000043 0.073672 0.097490 0.014421 0.110987 
0.028829 0.050310 0.014078 0.053788 0.010000 0.061803 0.000000 0.011092 0.004081 0.022385 0.021698 0.721937 0.000000 
0.029267 0.047203 0.226117 0.037280 0.186065 0.029924 0.067300 0.019435 0.001616 0.089406 0.049916 0.189063 0.027407 
0.037451 0.007404 0.010871 0.403940 0.063774 0.254142 0.001128 0.043434 0.018886 0.065545 0.043538 0.001972 0.047914 
0.559589 0.005955 0.018141 0.000572 0.063213 0.048314 0.064246 0.006467 0.002086 0.047620 0.041608 0.123494 0.018695 
0.108946 0.142357 0.063107 0.061182 0.130336 0.012270 0.028591 0.049783 0.000224 0.089696 0.050753 0.234388 0.028366 
0.013363 0.078661 0.052777 0.053753 0.195633 0.030228 0.174299 0.121901 0.002415 0.092933 0.050761 0.020076 0.113200 
0.064141 0.061562 0.056109 0.193787 0.076914 0.095821 0.034929 0.025417 0.107673 0.099183 0.097436 0.041378 0.045650 
0.076512 0.042789 0.071557 0.053607 0.046120 0.037240 0.015081 0.029302 0.032155 0.000555 0.010000 0.559363 0.025718 
0.011315 0.037026 0.024495 0.135659 0.258775 0.091082 0.212938 0.009082 0.015197 0.054924 0.085150 0.024751 0.039605 
0.083648 0.099870 0.139435 0.032999 0.108412 0.001163 0.080604 0.024410 0.057922 0.131946 0.053379 0.022530 0.163683 
0.001985 0.021156 0.082006 0.093183 0.004112 0.040412 0.035972 0.012437 0.238864 0.103528 0.089754 0.093881 0.182710 
0.081540 0.167136 0.062331 0.015206 0.153919 0.031371 0.030963 0.137022 0.018598 0.078080 0.068725 0.023836 0.131273 
0.071507 0.095256 0.000588 0.310057 0.020407 0.376890 0.004431 0.013948 0.041884 0.000513 0.010814 0.030415 0.023290 
0.059612 0.178143 0.075557 0.050271 0.061083 0.051487 0.026509 0.125392 0.095217 0.053305 0.074113 0.129494 0.019819 
0.158835 0.073903 0.045016 0.032271 0.209817 0.057199 0.018010 0.005494 0.000611 0.017152 0.034017 0.337295 0.010379 
0.161880 0.265793 0.010449 0.001210 0.056324 0.042409 0.042891 0.246971 0.010000 0.000533 0.010320 0.082529 0.068690 
0.140867 0.093197 0.176656 0.025318 0.096184 0.004192 0.025936 0.070570 0.037409 0.056903 0.065092 0.041021 0.166656 
0.093962 0.340276 0.000480 0.109996 0.026061 0.159381 0.000437 0.053124 0.021037 0.067090 0.037707 0.036290 0.054159 
0.672379 0.006418 0.017021 0.000270 0.038119 0.035834 0.000803 0.012776 0.000000 0.015890 0.020890 0.178684 0.000915 
0.021210 0.011472 0.330466 0.012257 0.124071 0.001272 0.064237 0.100332 0.084621 0.071203 0.091695 0.014141 0.073021 
0.086786 0.161397 0.070065 0.000840 0.121316 0.042283 0.059752 0.248516 0.013025 0.045213 0.055167 0.028838 0.066803 
0.016114 0.276143 0.001035 0.011619 0.044485 0.090016 0.018964 0.115395 0.000000 0.027142 0.041773 0.312839 0.044474 
0.051707 0.145329 0.254163 0.024476 0.114907 0.013954 0.041869 0.099213 0.033661 0.084940 0.039966 0.006312 0.089503 
0.007546 0.128666 0.107347 0.016125 0.253104 0.025860 0.131972 0.013900 0.060302 0.108899 0.079021 0.008544 0.058712 
0.108599 0.023859 0.002362 0.002576 0.033615 0.028318 0.000159 0.002303 0.000795 0.020199 0.000000 0.770899 0.006314 
0.131371 0.162016 0.019787 0.023815 0.134994 0.044270 0.026078 0.039650 0.174721 0.030345 0.149223 0.026453 0.037276 
0.040066 0.063961 0.078630 0.000989 0.138573 0.022844 0.083167 0.017557 0.015865 0.082208 0.077156 0.350534 0.028453 
0.428034 0.013194 0.039518 0.002805 0.080492 0.047565 0.000411 0.029206 0.042554 0.008381 0.038483 0.190098 0.079259 
0.019298 0.039201 0.048652 0.039655 0.329560 0.008217 0.116363 0.008516 0.000376 0.144163 0.170379 0.027055 0.048564 
0.472853 0.085443 0.040722 0.011089 0.001539 0.070855 0.011611 0.047946 0.048865 0.002293 0.040343 0.115408 0.051033 
0.183952 0.192328 0.068497 0.052750 0.041269 0.051733 0.014328 0.016310 0.094404 0.059949 0.092490 0.075548 0.056442 
0.284624 0.036532 0.046883 0.014731 0.044957 0.010980 0.003943 0.000238 0.017123 0.003220 0.010000 0.510174 0.016595 
0.106156 0.082340 0.023753 0.016231 0.088451 0.007700 0.016987 0.043534 0.077112 0.023631 0.021114 0.456938 0.036053 
0.165812 0.084532 0.107503 0.000737 0.041411 0.018493 0.071066 0.032489 0.056320 0.043143 0.070244 0.048525 0.259724 
0.018494 0.504056 0.000348 0.011816 0.062670 0.037720 0.005603 0.265369 0.002846 0.041447 0.020522 0.006396 0.022713 
0.044452 0.113260 0.077600 0.130206 0.090412 0.142168 0.003786 0.061713 0.002735 0.058723 0.016282 0.196326 0.062337 
0.043267 0.264006 0.110784 0.010512 0.112236 0.046917 0.018602 0.109721 0.053375 0.053829 0.051916 0.010489 0.114347 
0.048120 0.039168 0.010745 0.016668 0.028136 0.045245 0.000942 0.000000 0.010000 0.010000 0.000000 0.790976 0.000000 
0.005521 0.110601 0.078593 0.025590 0.241714 0.000352 0.074495 0.031466 0.036158 0.088386 0.123689 0.010222 0.173211 
0.001273 0.051184 0.088081 0.059607 0.289264 0.014786 0.067238 0.034085 0.062529 0.154131 0.058275 0.018937 0.100611 
0.054512 0.413477 0.000501 0.031302 0.090666 0.100544 0.020135 0.069533 0.026279 0.039780 0.025265 0.039419 0.088586 
0.308157 0.003531 0.081215 0.015800 0.103791 0.055105 0.040943 0.050436 0.045034 0.042781 0.048945 0.153399 0.050863 
0.322318 0.069357 0.044620 0.049554 0.043756 0.076634 0.049763 0.025745 0.011868 0.013894 0.000124 0.292145 0.000220 
0.045191 0.023127 0.030034 0.013621 0.087697 0.064321 0.042865 0.005874 0.013058 0.073810 0.039556 0.522001 0.038845 
0.058069 0.018117 0.157356 0.024531 0.268596 0.006489 0.321946 0.013556 0.050000 0.019302 0.015481 0.005161 0.041396 
0.140741 0.324854 0.047695 0.046478 0.050696 0.071231 0.059111 0.071496 0.017849 0.070258 0.017454 0.058429 0.023707 
0.025913 0.019737 0.000650 0.290708 0.018806 0.232168 0.035909 0.072749 0.017149 0.017732 0.010262 0.209044 0.049173 
0.314316 0.190558 0.014957 0.010925 0.034832 0.047089 0.036035 0.156926 0.013663 0.041334 0.037641 0.047055 0.054667 
0.052812 0.076529 0.079493 0.039336 0.079623 0.001269 0.005732 0.043488 0.189917 0.050983 0.069737 0.144716 0.166364 
0.035974 0.140504 0.041607 0.149700 0.086498 0.182513 0.084616 0.049293 0.053421 0.060044 0.046328 0.004626 0.064875 
0.078679 0.230074 0.074543 0.047854 0.081980 0.044996 0.066083 0.037771 0.040250 0.061489 0.052259 0.041724 0.142299 
0.114032 0.138165 0.092609 0.022771 0.108323 0.004563 0.009669 0.177460 0.000367 0.044672 0.055533 0.026666 0.205170 
0.386604 0.051771 0.021097 0.148412 0.005391 0.221551 0.002248 0.001109 0.008209 0.010217 0.026316 0.109415 0.007662 
0.278489 0.013053 0.001333 0.189223 0.041516 0.262581 0.000245 0.084626 0.025839 0.035650 0.000064 0.017337 0.050043 
0.034814 0.147831 0.046700 0.113298 0.207743 0.033780 0.195690 0.034810 0.028983 0.051168 0.020920 0.006018 0.078245 
0.025640 0.037082 0.133801 0.111946 0.226037 0.044234 0.191270 0.045534 0.004121 0.042398 0.021451 0.032358 0.084129 
0.018093 0.280862 0.032566 0.064797 0.055711 0.094737 0.039652 0.227677 0.006070 0.030490 0.039323 0.027337 0.082684 
0.423420 0.067336 0.028661 0.031952 0.000960 0.110271 0.020425 0.051942 0.011345 0.016888 0.021924 0.198487 0.016390 
0.744200 0.009057 0.034366 0.001466 0.017986 0.014999 0.002947 0.003368 0.004240 0.001514 0.005796 0.159900 0.000163 
0.164218 0.185145 0.012386 0.068020 0.039171 0.132951 0.004208 0.087931 0.015823 0.025883 0.000139 0.218749 0.045376 
0.353677 0.043945 0.093724 0.011703 0.067260 0.026105 0.015179 0.002304 0.014461 0.049162 0.060000 0.172899 0.089579 
0.071012 0.403376 0.053830 0.036941 0.085294 0.060364 0.002700 0.008707 0.001783 0.080506 0.059428 0.042454 0.093605 
0.044285 0.337401 0.038710 0.021043 0.022980 0.013437 0.040374 0.291053 0.037788 0.100889 0.010070 0.002195 0.039777 
0.012754 0.055579 0.166089 0.026724 0.165770 0.001369 0.207417 0.053238 0.093702 0.036799 0.037215 0.017286 0.126058 
0.060918 0.343679 0.014067 0.000220 0.050862 0.001390 0.046201 0.357899 0.028912 0.001003 0.010349 0.000073 0.084427 
0.043820 0.029683 0.094104 0.177577 0.150961 0.105528 0.215665 0.021378 0.002046 0.000550 0.055541 0.083985 0.019163 
0.411057 0.185395 0.038012 0.052644 0.075083 0.027075 0.005129 0.018338 0.000717 0.025439 0.040000 0.083338 0.037772 
0.004165 0.026588 0.065232 0.209112 0.226041 0.131738 0.091798 0.049556 0.018418 0.033088 0.119986 0.009021 0.015257 
0.041684 0.014106 0.098216 0.012329 0.145338 0.001830 0.016924 0.034771 0.089957 0.075052 0.095878 0.290942 0.082972 
0.049687 0.272846 0.021876 0.064485 0.061925 0.199827 0.008765 0.106462 0.001876 0.041273 0.105320 0.003378 0.062281 
0.114356 0.100333 0.251989 0.057604 0.095404 0.005445 0.101929 0.022658 0.013415 0.117122 0.084903 0.003586 0.031259 
0.018998 0.152963 0.080132 0.030000 0.232220 0.035395 0.055399 0.083100 0.018695 0.068904 0.106943 0.030945 0.086307 
0.009146 0.031309 0.097058 0.062806 0.261078 0.002215 0.265906 0.039740 0.022074 0.036108 0.056055 0.037624 0.078882 
0.023220 0.011579 0.290594 0.036505 0.100741 0.000449 0.005258 0.009826 0.010728 0.136553 0.161509 0.063488 0.149548 
0.013396 0.065524 0.241401 0.012575 0.188763 0.003793 0.082187 0.048354 0.011212 0.036542 0.150690 0.021507 0.124057 
0.037589 0.006649 0.080269 0.085353 0.231247 0.041161 0.036073 0.013985 0.064508 0.071627 0.177968 0.012850 0.140720 
0.064052 0.033777 0.219941 0.041123 0.109512 0.002029 0.016140 0.016919 0.090927 0.066548 0.137344 0.092283 0.109406 
0.026901 0.011797 0.001783 0.260270 0.037932 0.187163 0.014162 0.079377 0.167881 0.033139 0.089330 0.004926 0.085338 
0.030071 0.074687 0.069674 0.145982 0.073046 0.130874 0.027085 0.020210 0.080152 0.094274 0.055738 0.046708 0.151501 
0.066587 0.057788 0.036555 0.070093 0.034886 0.039041 0.043137 0.049360 0.016820 0.089741 0.068835 0.382873 0.044285 
0.005798 0.036265 0.077446 0.012375 0.077928 0.001488 0.053915 0.019294 0.174937 0.108503 0.191216 0.023292 0.217542 
0.106367 0.322486 0.006744 0.026189 0.097084 0.055098 0.021598 0.087169 0.011870 0.047708 0.021656 0.167500 0.028531 
0.102532 0.192343 0.037499 0.001268 0.199668 0.004721 0.192340 0.066732 0.000166 0.100799 0.030772 0.016625 0.054535 
0.100967 0.067102 0.119281 0.013471 0.166173 0.002313 0.071756 0.081499 0.046073 0.143156 0.081779 0.014200 0.092230 
0.070274 0.067167 0.261742 0.030415 0.191323 0.000258 0.062569 0.019194 0.025832 0.065863 0.110732 0.000922 0.093712 
0.018634 0.215556 0.036211 0.024537 0.102520 0.008388 0.070686 0.224838 0.022108 0.057651 0.066860 0.085909 0.066103 
0.146287 0.015228 0.001962 0.013054 0.004437 0.023523 0.000180 0.000000 0.002825 0.004851 0.008954 0.757660 0.021039 
0.032970 0.061504 0.037431 0.080752 0.082877 0.026237 0.004900 0.038673 0.153774 0.064002 0.164931 0.172254 0.079695 
0.090904 0.070292 0.158867 0.137541 0.082951 0.066505 0.041252 0.064153 0.056847 0.042322 0.087724 0.005174 0.095469 
0.013984 0.045408 0.075408 0.163179 0.244931 0.047383 0.179939 0.050499 0.029717 0.046354 0.022805 0.029638 0.050753 
0.046091 0.271931 0.056024 0.078543 0.138994 0.049455 0.039446 0.064428 0.001301 0.053354 0.028924 0.090735 0.080775 
0.215016 0.043071 0.001399 0.276579 0.015018 0.178924 0.001873 0.058824 0.066896 0.029466 0.026348 0.050524 0.036062 
0.235406 0.212160 0.000569 0.010757 0.026878 0.035172 0.016466 0.256738 0.026937 0.003992 0.010302 0.054432 0.110189 
0.100421 0.043898 0.173588 0.070386 0.129118 0.005992 0.078666 0.040022 0.038740 0.151619 0.002764 0.021829 0.142957 
0.023823 0.003184 0.120187 0.100130 0.298580 0.039440 0.232595 0.065505 0.002326 0.023018 0.042010 0.011432 0.037770 
0.675959 0.035211 0.012152 0.000299 0.021070 0.033964 0.000225 0.006031 0.000000 0.000101 0.010903 0.184401 0.019684 
0.360961 0.012794 0.018890 0.105885 0.123709 0.133056 0.026528 0.033669 0.044346 0.026844 0.051458 0.049499 0.012361 
0.339597 0.072376 0.010669 0.018955 0.238631 0.025628 0.033742 0.001468 0.040276 0.057314 0.060000 0.063526 0.037819 
0.029598 0.083256 0.173931 0.028786 0.118355 0.001506 0.046027 0.029777 0.087317 0.055697 0.068443 0.107285 0.170020 
0.024039 0.010859 0.114319 0.024249 0.318491 0.000209 0.310674 0.037227 0.000697 0.021445 0.030822 0.016696 0.090272 
0.049953 0.009440 0.004328 0.025765 0.408679 0.000279 0.221917 0.013048 0.000067 0.073464 0.083340 0.004642 0.105077 
0.009619 0.058467 0.091916 0.033311 0.232419 0.015890 0.057199 0.002581 0.117853 0.113131 0.166099 0.020071 0.081443 
0.110163 0.057531 0.049343 0.041128 0.057417 0.029202 0.002390 0.007088 0.138752 0.015072 0.043004 0.350147 0.098761 
0.036600 0.043373 0.130498 0.081945 0.316240 0.007325 0.050240 0.035104 0.023746 0.124853 0.080998 0.011482 0.057595 
0.336867 0.016338 0.046264 0.027581 0.127259 0.096386 0.131168 0.021901 0.000051 0.005416 0.050096 0.116801 0.023871 
0.110760 0.002436 0.015081 0.033272 0.029857 0.028111 0.011940 0.011083 0.000000 0.002340 0.010000 0.744998 0.000120 
0.377059 0.022999 0.000580 0.042791 0.056212 0.075147 0.000204 0.016239 0.065033 0.060762 0.071131 0.178774 0.033070 
0.047217 0.035903 0.064082 0.047907 0.140005 0.009974 0.002176 0.025137 0.237569 0.040784 0.136926 0.019988 0.192331 
0.062204 0.117543 0.000983 0.024614 0.003825 0.032845 0.003438 0.101858 0.000000 0.012515 0.000133 0.594454 0.045589 
0.044951 0.398427 0.034931 0.011287 0.121868 0.085750 0.059134 0.046489 0.000000 0.046220 0.022627 0.020894 0.107422 
0.092175 0.084680 0.032595 0.020988 0.071044 0.007701 0.048365 0.011815 0.144885 0.124746 0.119215 0.051443 0.190349 
0.161634 0.044889 0.096253 0.013178 0.207880 0.019318 0.030886 0.016426 0.001510 0.082534 0.074535 0.207987 0.042970 
0.098798 0.144193 0.040271 0.029898 0.247676 0.000189 0.175672 0.031523 0.000435 0.090621 0.010639 0.091476 0.038611 
0.072658 0.074398 0.232167 0.000690 0.187598 0.000471 0.162865 0.007013 0.010497 0.078577 0.129148 0.013289 0.030629 
0.191392 0.037339 0.089279 0.086150 0.043915 0.044092 0.001674 0.009912 0.191475 0.031794 0.086701 0.101069 0.085205 
0.069857 0.056722 0.147003 0.165249 0.110284 0.028331 0.052595 0.022453 0.024783 0.140663 0.044282 0.020083 0.117695 
0.044745 0.011907 0.151648 0.000617 0.290641 0.016507 0.236580 0.032977 0.045979 0.062921 0.020391 0.040119 0.044967 
0.101170 0.104795 0.029509 0.001756 0.227312 0.003829 0.104760 0.037385 0.020778 0.012687 0.046029 0.274166 0.035825 
0.066194 0.264197 0.010410 0.019488 0.040823 0.055461 0.008109 0.346387 0.035099 0.040112 0.020396 0.017195 0.076128 
0.049442 0.046495 0.190946 0.218434 0.111280 0.076404 0.032148 0.024984 0.067932 0.059023 0.074869 0.009131 0.038911 
0.622401 0.002962 0.001096 0.000263 0.066983 0.023528 0.000194 0.016740 0.002541 0.041483 0.009908 0.192488 0.019413 
0.301540 0.251111 0.031546 0.001459 0.025066 0.052799 0.038755 0.130050 0.000751 0.033313 0.021441 0.099552 0.012617 
0.390366 0.014814 0.000640 0.025097 0.004563 0.058036 0.000186 0.013081 0.000215 0.007355 0.007682 0.475232 0.002732 
0.081175 0.019115 0.024737 0.177628 0.021083 0.037580 0.005103 0.079749 0.024343 0.031472 0.018806 0.397883 0.081327 
0.060442 0.055634 0.044837 0.031803 0.116779 0.000728 0.051080 0.077975 0.018701 0.060666 0.064514 0.314033 0.102809 
0.098448 0.069774 0.056439 0.012147 0.113846 0.067043 0.070981 0.005390 0.131487 0.101601 0.097328 0.090058 0.085459 
0.081313 0.053101 0.031834 0.244860 0.111682 0.139990 0.029411 0.032703 0.030041 0.037316 0.051846 0.065740 0.090164 
0.093958 0.048247 0.035589 0.079151 0.258725 0.026724 0.112222 0.036239 0.035913 0.084570 0.012425 0.002344 0.173895 
0.089475 0.295778 0.058844 0.001041 0.202013 0.078358 0.080636 0.028159 0.027705 0.021215 0.039780 0.043620 0.033376 
0.039566 0.032462 0.009245 0.335673 0.056192 0.261535 0.023949 0.084425 0.049657 0.002143 0.014663 0.045873 0.044615 
0.019762 0.040085 0.000000 0.288093 0.035580 0.419819 0.003652 0.048481 0.053936 0.016686 0.020617 0.002794 0.050494 
0.044090 0.218971 0.028566 0.000357 0.088039 0.010019 0.009693 0.256975 0.021911 0.012778 0.039898 0.207809 0.060894 
0.314793 0.249999 0.001163 0.030059 0.041282 0.069435 0.027418 0.017371 0.010280 0.023839 0.027887 0.127693 0.058782 
0.020326 0.489496 0.022594 0.014130 0.050586 0.033598 0.021202 0.104590 0.016431 0.034742 0.050284 0.065394 0.076625 
0.060246 0.062306 0.035494 0.268491 0.160105 0.201514 0.015531 0.021071 0.036483 0.046597 0.019607 0.056970 0.015585 
0.073500 0.063902 0.107658 0.180686 0.078967 0.155356 0.048016 0.093220 0.025854 0.040839 0.034154 0.023963 0.073886 
0.072353 0.082250 0.041602 0.067055 0.042614 0.044240 0.027854 0.020590 0.014927 0.002119 0.051585 0.516628 0.016182 
0.117474 0.041759 0.029377 0.014236 0.029956 0.056764 0.004733 0.037781 0.000111 0.005807 0.038592 0.580624 0.042788 
0.103052 0.275318 0.023113 0.012779 0.062183 0.053485 0.112825 0.081600 0.032433 0.062482 0.034052 0.016061 0.130617 
0.019153 0.048419 0.183881 0.000693 0.145332 0.002854 0.081434 0.008078 0.043495 0.097506 0.060623 0.252359 0.056173 
0.050885 0.117926 0.170688 0.023850 0.144522 0.001308 0.054926 0.020480 0.054587 0.057693 0.140858 0.041154 0.121124 
0.038498 0.260512 0.036136 0.073952 0.048937 0.108248 0.031248 0.199734 0.024555 0.064821 0.007577 0.043934 0.061849 
0.023110 0.020451 0.281092 0.022239 0.187848 0.001836 0.019502 0.050956 0.051114 0.149808 0.052500 0.025562 0.113981 
0.626872 0.000744 0.004947 0.000507 0.001098 0.025177 0.019437 0.001852 0.035601 0.046246 0.030736 0.177026 0.029757 
0.048704 0.100153 0.155091 0.052051 0.052440 0.025534 0.029631 0.031445 0.038216 0.161577 0.130243 0.034440 0.140477 
0.034031 0.016494 0.035322 0.367157 0.057058 0.254341 0.019634 0.031817 0.001316 0.018029 0.034023 0.034462 0.096316 
0.015483 0.029266 0.065979 0.064608 0.237120 0.033744 0.023360 0.005297 0.169692 0.110413 0.071817 0.018038 0.155184 
0.002984 0.080844 0.010764 0.369358 0.036304 0.295223 0.013427 0.075287 0.066236 0.001835 0.027955 0.001912 0.017872 
0.141350 0.072452 0.054910 0.091874 0.147556 0.077326 0.016452 0.067062 0.014182 0.091036 0.046226 0.137152 0.042423 
0.098015 0.058200 0.058526 0.036972 0.037800 0.080533 0.008696 0.042935 0.080403 0.046128 0.013410 0.341269 0.097112 
0.097792 0.277549 0.056414 0.012729 0.140227 0.051849 0.027066 0.003064 0.039815 0.063224 0.030554 0.143044 0.056673 
0.027846 0.023405 0.056279 0.102782 0.311298 0.075258 0.275348 0.029830 0.015707 0.018948 0.020273 0.006708 0.036318 
0.025527 0.070928 0.096168 0.012991 0.281849 0.001014 0.121985 0.019704 0.005430 0.038531 0.079058 0.108913 0.137903 
0.040365 0.074555 0.010735 0.395472 0.024529 0.300581 0.017844 0.025426 0.039235 0.030718 0.010000 0.009750 0.020789 
0.372816 0.073675 0.052333 0.106477 0.054687 0.003954 0.019133 0.059517 0.062491 0.018842 0.017267 0.098651 0.060156 
0.055230 0.034782 0.105242 0.074955 0.223227 0.000053 0.365540 0.030629 0.000050 0.023662 0.046005 0.001828 0.038797 
0.114727 0.152527 0.054333 0.096497 0.104095 0.035219 0.023327 0.021640 0.053211 0.071140 0.079060 0.030672 0.163552 
0.017259 0.010116 0.157848 0.071967 0.410524 0.008832 0.049279 0.002173 0.011989 0.052717 0.122157 0.024612 0.060528 
0.129774 0.124326 0.135866 0.041888 0.110505 0.004277 0.051661 0.026791 0.013476 0.103878 0.065815 0.016225 0.175518 
0.019667 0.090592 0.067577 0.054639 0.182159 0.041467 0.060889 0.024648 0.056000 0.108821 0.098502 0.037219 0.157820 
0.152796 0.058576 0.033725 0.013865 0.077964 0.059675 0.020313 0.007249 0.061944 0.095188 0.085076 0.212903 0.120723 
0.022091 0.064515 0.088570 0.016933 0.206209 0.031414 0.026328 0.034349 0.119079 0.050838 0.154120 0.046095 0.139461 
0.082255 0.326565 0.049272 0.035138 0.115453 0.046488 0.041804 0.110308 0.001208 0.066409 0.028772 0.013362 0.082966 
0.056555 0.092371 0.123113 0.031674 0.155662 0.006187 0.017995 0.007544 0.022005 0.108317 0.022372 0.186883 0.169322 
0.012110 0.383733 0.046783 0.010104 0.061535 0.053969 0.006887 0.194187 0.013639 0.070108 0.059946 0.000000 0.087000 
0.061386 0.098845 0.014820 0.126165 0.012528 0.226930 0.008172 0.044921 0.012272 0.004830 0.010000 0.316722 0.062409 
0.015921 0.251717 0.028060 0.068129 0.087656 0.062829 0.031039 0.187075 0.018095 0.130687 0.000077 0.067839 0.050876 
0.117121 0.268521 0.064718 0.044739 0.144731 0.047157 0.012292 0.080570 0.027462 0.035641 0.056504 0.050270 0.050274 
0.016208 0.040658 0.127390 0.037290 0.273413 0.019239 0.170779 0.041981 0.000047 0.013792 0.035881 0.147373 0.075950 
0.018029 0.037567 0.082883 0.025208 0.244460 0.000491 0.271468 0.103895 0.028059 0.077811 0.010218 0.017136 0.082774 
0.021457 0.062734 0.101252 0.074622 0.194104 0.014590 0.129351 0.002870 0.022638 0.130384 0.070106 0.063118 0.112773 
0.042678 0.108476 0.042789 0.084585 0.194857 0.076865 0.137819 0.113556 0.015542 0.014047 0.004819 0.129003 0.034966 
0.045830 0.073650 0.076724 0.011781 0.112064 0.008767 0.052922 0.007717 0.142400 0.128073 0.130361 0.024378 0.185333 
0.180700 0.014199 0.000997 0.050653 0.074789 0.008376 0.016847 0.041133 0.000000 0.001308 0.031536 0.568162 0.011300 
0.052057 0.059494 0.190127 0.027804 0.170714 0.001820 0.110365 0.078226 0.059691 0.067814 0.092585 0.028381 0.060922 
0.031230 0.044951 0.079577 0.025388 0.222184 0.009304 0.074879 0.004765 0.105589 0.122664 0.155871 0.007748 0.115850 
0.070654 0.014878 0.048734 0.200990 0.043118 0.106801 0.024320 0.112364 0.074217 0.095617 0.081456 0.001454 0.125396 
0.067350 0.030845 0.063197 0.034440 0.178885 0.000168 0.066222 0.016631 0.042911 0.084530 0.052137 0.262441 0.100243 
0.050051 0.124437 0.124098 0.025154 0.087112 0.021840 0.079590 0.045200 0.072274 0.136629 0.057354 0.024574 0.151687 
0.052725 0.310132 0.025399 0.010171 0.084647 0.033886 0.043018 0.190282 0.018852 0.023325 0.016565 0.037795 0.153204 
0.372172 0.046245 0.065419 0.013177 0.106424 0.002708 0.032485 0.066400 0.010000 0.046481 0.057398 0.083986 0.097104 
0.298745 0.017457 0.053800 0.090480 0.032384 0.135704 0.006785 0.092239 0.039613 0.001368 0.016860 0.188138 0.026428 
0.039984 0.099383 0.058854 0.030108 0.196624 0.011492 0.024031 0.029302 0.082375 0.053666 0.116893 0.062544 0.194744 
0.302690 0.006874 0.037050 0.111233 0.085726 0.149614 0.002244 0.020465 0.001238 0.053072 0.036138 0.105869 0.087789 
0.019681 0.056912 0.147125 0.034882 0.410792 0.000365 0.238027 0.002173 0.000068 0.002005 0.027800 0.020869 0.039301 
0.050622 0.044391 0.029784 0.039886 0.083425 0.000915 0.020127 0.038392 0.318981 0.096549 0.118225 0.004103 0.154600 
0.336889 0.015937 0.018398 0.023389 0.050406 0.011382 0.018761 0.035688 0.140029 0.129711 0.024182 0.116612 0.078615 
0.373887 0.112725 0.024263 0.022442 0.038528 0.083275 0.011000 0.088254 0.001315 0.085479 0.050511 0.094529 0.013792 
0.004194 0.020793 0.085692 0.131825 0.324094 0.078910 0.092097 0.002897 0.006245 0.096011 0.095546 0.005466 0.056229 
0.016137 0.214099 0.127949 0.020600 0.111688 0.001181 0.074474 0.049439 0.136985 0.064972 0.058418 0.013576 0.110481 
0.057624 0.031985 0.026687 0.082008 0.131342 0.035505 0.052827 0.074250 0.143155 0.094201 0.142643 0.033885 0.093888 
0.672069 0.015849 0.037940 0.000779 0.010617 0.055765 0.004936 0.032072 0.000000 0.010292 0.000076 0.136100 0.023506 
0.236477 0.042177 0.060127 0.039770 0.190794 0.022308 0.163957 0.032235 0.010552 0.018969 0.021043 0.158304 0.003286 
0.304841 0.056877 0.002901 0.162945 0.013590 0.096757 0.019507 0.049576 0.013385 0.025253 0.009899 0.188744 0.055724 
0.005367 0.368526 0.043125 0.000287 0.136350 0.025281 0.005294 0.266749 0.026251 0.006226 0.047364 0.000033 0.069148 
0.160784 0.256580 0.058891 0.029063 0.067237 0.043522 0.038110 0.033342 0.045112 0.113207 0.054639 0.059373 0.040141 
0.514049 0.018619 0.000663 0.102963 0.015952 0.115484 0.010473 0.041142 0.029539 0.026250 0.010881 0.041292 0.072692 
0.060880 0.033870 0.035517 0.075758 0.182817 0.033558 0.085811 0.026644 0.000000 0.035077 0.010562 0.403046 0.016459 
0.010884 0.061893 0.088598 0.000628 0.316296 0.000548 0.160259 0.089611 0.010159 0.043298 0.070187 0.060890 0.086749 
0.242799 0.084978 0.099590 0.001846 0.086521 0.012228 0.030151 0.037277 0.024786 0.051236 0.075405 0.020624 0.232559 
0.040752 0.279615 0.031706 0.020480 0.106403 0.084641 0.028643 0.153388 0.017479 0.061397 0.031019 0.002241 0.142236 
0.743382 0.057234 0.000254 0.015258 0.005263 0.007207 0.000189 0.018156 0.000000 0.001093 0.020775 0.118943 0.012245 
0.004551 0.044951 0.136846 0.059218 0.330726 0.000364 0.284644 0.014473 0.000000 0.013608 0.043391 0.010123 0.057105 
0.212477 0.042398 0.001675 0.043982 0.014071 0.027981 0.030604 0.019607 0.001001 0.021099 0.036965 0.540686 0.007454 
0.275471 0.158702 0.010893 0.024454 0.019527 0.060215 0.000316 0.029890 0.000766 0.056800 0.010000 0.322172 0.030795 
0.627175 0.003875 0.001452 0.000227 0.011365 0.026911 0.007800 0.026785 0.010258 0.024929 0.023237 0.235743 0.000245 
0.022227 0.022853 0.132628 0.013564 0.267263 0.009551 0.281109 0.037830 0.017673 0.040649 0.036756 0.007807 0.110090 
0.036671 0.036874 0.059612 0.119987 0.129821 0.062503 0.040956 0.068995 0.083400 0.064043 0.122342 0.027020 0.147775 
0.113022 0.050779 0.105333 0.068716 0.222244 0.016609 0.070700 0.013379 0.018945 0.119002 0.118441 0.034467 0.048361 
0.014136 0.082623 0.085593 0.001743 0.154097 0.001724 0.113418 0.043649 0.174283 0.056798 0.118173 0.044157 0.109604 
0.094061 0.024006 0.063088 0.044268 0.238533 0.084015 0.143760 0.073553 0.022000 0.072516 0.050491 0.050689 0.039019 
0.041266 0.104798 0.018011 0.041786 0.153394 0.062653 0.209967 0.160170 0.020701 0.014726 0.072065 0.023022 0.077440 
0.468687 0.033943 0.000936 0.014405 0.002972 0.064798 0.003811 0.052557 0.000109 0.001992 0.018367 0.322020 0.015402 
0.067184 0.021127 0.060996 0.321958 0.050568 0.207846 0.001924 0.036879 0.060040 0.039983 0.011608 0.075828 0.044058 
0.080317 0.047224 0.051670 0.145164 0.077153 0.164251 0.061793 0.130807 0.062854 0.057225 0.037210 0.012720 0.071613 
0.177213 0.017228 0.028711 0.211986 0.041251 0.128694 0.027510 0.033421 0.000261 0.015717 0.006528 0.276870 0.034610 
