-211142.849378
0
0.000000 0.000000 0.000000 0.000000 0.000000 0.000000 0.000000 0.000000 0.003039 0.000000 0.000000 0.000000 0.000000 0.000000 0.000000 0.000000 0.000000 0.000000 0.000000 0.000000 0.000000 0.000000 0.000000 0.000000 0.000000 0.000000 0.000000 0.000000 0.000000 0.000000 0.000000 0.000000 0.000000 0.000000 0.000000 0.000000 0.000000 0.000000 0.000000 0.000000 0.000000 0.000000 0.000000 0.000000 0.000000 0.000000 0.000000 0.000000 0.000000 0.000000 0.000000 0.000000 0.000000 0.000000 0.000000 0.000000 0.003790 0.000000 0.000000 0.000000 0.000000 0.000000 0.000000 0.000000 0.000000 0.000000 0.000000 0.000000 0.000000 0.000000 0.000000 0.000000 0.009021 0.000000 0.000000 0.000000 0.034217 0.000000 0.006411 0.072747 0.534332 0.037163 0.000000 0.299281 0.000000 0.000000 0.000000 0.000000 0.000000 0.000000 0.000000 0.000000 0.000000 0.000000 0.000000 0.000000 
0.000000 0.000000 0.000000 0.000000 0.000000 0.000000 0.000000 0.000000 0.000000 0.000000 0.000000 0.000000 0.000000 0.000000 0.000000 0.000000 0.000000 0.000000 0.000000 0.000000 0.125446 0.013058 0.000000 0.091920 0.000000 0.000000 0.000000 0.000000 0.000000 0.000000 0.000000 0.000000 0.000000 0.000000 0.000000 0.000000 0.017024 0.000000 0.000000 0.000000 0.000000 0.000000 0.000000 0.000000 0.000000 0.000000 0.000000 0.247344 0.000000 0.006879 0.000000 0.000000 0.000000 0.000000 0.000000 0.000000 0.000000 0.000000 0.000000 0.000000 0.000000 0.000000 0.000000 0.000000 0.000000 0.000000 0.000000 0.000000 0.022291 0.000000 0.000000 0.016997 0.000000 0.000000 0.000000 0.000000 0.000000 0.000000 0.000000 0.000000 0.000000 0.000000 0.000000 0.000000 0.000000 0.000000 0.020997 0.000000 0.000000 0.000000 0.000000 0.036131 0.211412 0.000000 0.000000 0.190501 
0.000000 0.000000 0.000000 0.018776 0.000000 0.000000 0.000000 0.000000 0.000000 0.000000 0.000000 0.000000 0.000000 0.000000 0.000000 0.000000 0.000000 0.000000 0.000000 0.000000 0.000000 0.006572 0.000000 0.028753 0.000000 0.000000 0.000000 0.012663 0.000000 0.000000 0.000000 0.000000 0.000000 0.000000 0.000000 0.000000 0.000000 0.000000 0.000000 0.000000 0.000000 0.000000 0.000000 0.000000 0.000000 0.000000 0.000000 0.025557 0.000000 0.000000 0.000000 0.009762 0.000000 0.000000 0.000000 0.000000 0.000000 0.000000 0.009267 0.015469 0.000000 0.000000 0.000000 0.000000 0.004381 0.013937 0.000000 0.000000 0.000000 0.000000 0.000000 0.000000 0.062537 0.016852 0.005343 0.557248 0.000000 0.000000 0.000000 0.000000 0.000000 0.000000 0.000000 0.051854 0.000000 0.000000 0.000000 0.000000 0.000000 0.018495 0.007811 0.006973 0.000000 0.010149 0.000000 0.117605 
0.076455 0.056707 0.017921 0.046015 0.005951 0.000000 0.003244 0.000000 0.013164 0.000000 0.000000 0.000000 0.000000 0.000000 0.018337 0.000000 0.000000 0.000000 0.000000 0.000000 0.000000 0.000000 0.000000 0.000000 0.066864 0.071924 0.008430 0.050995 0.000000 0.000000 0.005975 0.000000 0.018653 0.012976 0.000000 0.026026 0.020163 0.020735 0.053414 0.032335 0.000000 0.000000 0.003670 0.000000 0.000000 0.000000 0.000000 0.000000 0.046937 0.050062 0.019317 0.045908 0.006327 0.006126 0.006982 0.000000 0.000000 0.000000 0.000000 0.000000 0.016641 0.000000 0.023158 0.012218 0.000000 0.000000 0.000000 0.000000 0.000000 0.000000 0.000000 0.000000 0.042786 0.068018 0.010100 0.000000 0.000000 0.000000 0.000000 0.000000 0.000000 0.000000 0.000000 0.000000 0.000000 0.008395 0.007069 0.000000 0.000000 0.000000 0.000000 0.000000 0.000000 0.000000 0.000000 0.000000 
0.000000 0.000000 0.000000 0.000000 0.000000 0.000000 0.000000 0.000000 0.000000 0.027425 0.000000 0.008111 0.000000 0.000000 0.000000 0.000000 0.000000 0.000000 0.000000 0.000000 0.000000 0.000000 0.000000 0.000000 0.000000 0.000000 0.000000 0.000000 0.000000 0.000000 0.000000 0.000000 0.132960 0.158163 0.023789 0.121425 0.000000 0.000000 0.000000 0.000000 0.000000 0.000000 0.000000 0.000000 0.000000 0.000000 0.000000 0.000000 0.000000 0.000000 0.000000 0.000000 0.000000 0.000000 0.000000 0.000000 0.000000 0.026953 0.000000 0.026189 0.000000 0.000000 0.000000 0.000000 0.000000 0.000000 0.000000 0.000000 0.000000 0.000000 0.000000 0.000000 0.000000 0.000000 0.000000 0.000000 0.000000 0.000000 0.000000 0.000000 0.000000 0.426759 0.000000 0.048225 0.000000 0.000000 0.000000 0.000000 0.000000 0.000000 0.000000 0.000000 0.000000 0.000000 0.000000 0.000000 
0.000000 0.000000 0.000000 0.000000 0.000000 0.000000 0.000000 0.000000 0.029635 0.023630 0.000000 0.023873 0.000000 0.006255 0.000000 0.000000 0.000000 0.007971 0.024042 0.000000 0.000000 0.000000 0.000000 0.000000 0.011518 0.027391 0.010953 0.078867 0.000000 0.000000 0.000000 0.000000 0.000000 0.000000 0.120773 0.000000 0.000000 0.000000 0.000000 0.000000 0.002813 0.000000 0.041430 0.000000 0.000000 0.004060 0.000000 0.000000 0.000000 0.000000 0.000000 0.006420 0.000000 0.002020 0.000000 0.000000 0.111913 0.149683 0.176340 0.098120 0.000000 0.000000 0.000000 0.000000 0.021726 0.000000 0.011975 0.000000 0.000000 0.000000 0.000000 0.000000 0.000000 0.000000 0.000000 0.000000 0.000000 0.000000 0.000000 0.000000 0.000000 0.000000 0.000000 0.000000 0.000000 0.000000 0.000000 0.000000 0.000000 0.000000 0.008593 0.000000 0.000000 0.000000 0.000000 0.000000 
0.000000 0.000000 0.000000 0.000000 0.081552 0.056548 0.007918 0.096275 0.000000 0.028081 0.000000 0.000000 0.000000 0.025995 0.000000 0.000000 0.000000 0.000000 0.000000 0.000000 0.000000 0.000000 0.007828 0.000000 0.000000 0.000000 0.000000 0.000000 0.078022 0.072654 0.009897 0.099139 0.000000 0.000000 0.000000 0.000000 0.000000 0.000000 0.000000 0.000000 0.000000 0.005771 0.000000 0.000000 0.000000 0.010822 0.012437 0.000000 0.000000 0.000000 0.000000 0.000000 0.031006 0.019940 0.000000 0.055781 0.047555 0.000000 0.000000 0.000000 0.000000 0.000000 0.000000 0.000000 0.000000 0.000000 0.000000 0.000000 0.000000 0.018969 0.041968 0.000000 0.000000 0.000000 0.000000 0.000000 0.036219 0.086254 0.000000 0.069371 0.000000 0.000000 0.000000 0.000000 0.000000 0.000000 0.000000 0.000000 0.000000 0.000000 0.000000 0.000000 0.000000 0.000000 0.000000 0.000000 
0.000000 0.000000 0.000000 0.000000 0.000000 0.000000 0.000000 0.000000 0.037882 0.018222 0.563597 0.000000 0.000000 0.000000 0.000000 0.000000 0.000000 0.000000 0.000000 0.000000 0.000000 0.000000 0.000000 0.000000 0.000000 0.000000 0.000000 0.000000 0.000000 0.000000 0.000000 0.000000 0.000000 0.000000 0.182918 0.000000 0.000000 0.000000 0.000000 0.000000 0.000000 0.000000 0.000000 0.000000 0.000000 0.000000 0.000000 0.000000 0.000000 0.000000 0.000000 0.000000 0.000000 0.000000 0.000000 0.000000 0.000000 0.000000 0.167261 0.000000 0.000000 0.000000 0.000000 0.000000 0.000000 0.010257 0.000000 0.000000 0.000000 0.000000 0.000000 0.000000 0.000000 0.000000 0.000000 0.000000 0.000000 0.000000 0.000000 0.000000 0.000000 0.000000 0.000000 0.000000 0.000000 0.000000 0.000000 0.000000 0.000000 0.000000 0.019862 0.000000 0.000000 0.000000 0.000000 0.000000 
0.000000 0.003333 0.000000 0.000000 0.000000 0.000000 0.000000 0.000000 0.029685 0.007521 0.000000 0.033834 0.025839 0.008995 0.010799 0.038614 0.059169 0.024837 0.042557 0.050524 0.000000 0.004946 0.010098 0.000000 0.000000 0.000000 0.000000 0.000000 0.000000 0.000000 0.000000 0.000000 0.014227 0.000000 0.000000 0.014188 0.000000 0.008339 0.000000 0.008946 0.027446 0.029573 0.027981 0.042168 0.015753 0.005684 0.021540 0.000000 0.010533 0.000000 0.000000 0.004600 0.000000 0.004745 0.000000 0.005585 0.000000 0.000000 0.000000 0.013723 0.000000 0.013832 0.000000 0.009990 0.021625 0.018532 0.022885 0.025843 0.001825 0.000000 0.006411 0.017031 0.019194 0.000000 0.000000 0.000000 0.000000 0.000000 0.000000 0.000000 0.000000 0.000000 0.000000 0.000000 0.028432 0.013146 0.014339 0.036597 0.034195 0.026198 0.016765 0.034230 0.000000 0.011442 0.021708 0.000000 
0.000000 0.000000 0.000000 0.000000 0.000000 0.000000 0.000000 0.000000 0.000000 0.000000 0.000000 0.000000 0.000000 0.000000 0.000000 0.000000 0.000000 0.000000 0.000000 0.000000 0.000000 0.000000 0.000000 0.000000 0.000000 0.000000 0.000000 0.000000 0.000000 0.000000 0.000000 0.000000 0.000000 0.000000 0.000000 0.000000 0.000000 0.000000 0.000000 0.000000 0.000000 0.000000 0.000000 0.000000 0.000000 0.000000 0.000000 0.000000 0.000000 0.000000 0.000000 0.000000 0.000000 0.000000 0.000000 0.000000 0.000000 0.000000 0.000000 0.000000 0.000000 0.000000 0.000000 0.000000 0.000000 0.000000 0.000000 0.047215 0.000000 0.000000 0.000000 0.000000 0.000000 0.000000 0.000000 0.000000 0.000000 0.000000 0.000000 0.000000 0.000000 0.000000 0.952785 0.000000 0.000000 0.000000 0.000000 0.000000 0.000000 0.000000 0.000000 0.000000 0.000000 0.000000 0.000000 0.000000 
0.619936 0.000013 0.013939 0.041054 0.195741 0.030406 0.000376 0.000354 0.030827 0.067354 
0.278367 0.021402 0.381486 0.002945 0.050540 0.025893 0.010388 0.043663 0.055316 0.130000 
0.043983 0.033082 0.073484 0.226219 0.052088 0.058838 0.199807 0.018922 0.282885 0.010693 
0.000213 0.018815 0.029006 0.367147 0.016967 0.022594 0.077209 0.072633 0.395310 0.000106 
0.081968 0.036296 0.009605 0.042828 0.447476 0.077816 0.012404 0.018094 0.223512 0.050000 
0.017275 0.020481 0.100795 0.228200 0.031486 0.031144 0.100529 0.043302 0.415222 0.011566 
0.109594 0.000363 0.234725 0.096415 0.060895 0.114164 0.045899 0.029068 0.198877 0.110000 
0.017280 0.031077 0.242479 0.144110 0.072409 0.160143 0.038929 0.019894 0.195560 0.078118 
0.365315 0.000309 0.029187 0.316913 0.029490 0.017638 0.123140 0.000063 0.097944 0.020000 
0.018123 0.028865 0.030277 0.264851 0.100636 0.059875 0.055929 0.130397 0.289862 0.021183 
0.052451 0.000067 0.016839 0.133831 0.048080 0.124502 0.036776 0.258169 0.241573 0.087712 
0.000737 0.021610 0.026999 0.199850 0.078640 0.050617 0.094863 0.112437 0.380052 0.034195 
0.066969 0.032407 0.038643 0.263708 0.082379 0.049652 0.047626 0.000501 0.370679 0.047437 
0.024224 0.000382 0.312995 0.128597 0.019290 0.038447 0.010790 0.110313 0.158215 0.196747 
0.028010 0.000637 0.038644 0.582342 0.021554 0.034043 0.135626 0.016327 0.132818 0.010000 
0.040613 0.000445 0.049871 0.108132 0.080506 0.183964 0.123576 0.001163 0.390826 0.020904 
0.052110 0.029636 0.047809 0.305061 0.121082 0.103100 0.013055 0.152052 0.100620 0.075475 
0.132430 0.017195 0.019961 0.044169 0.475177 0.038028 0.012005 0.031308 0.149727 0.080000 
0.225193 0.000304 0.038483 0.083573 0.082167 0.163349 0.055667 0.025788 0.303093 0.022384 
0.026146 0.000045 0.038476 0.624480 0.036776 0.003546 0.099465 0.000135 0.170930 0.000000 
0.042195 0.031837 0.014001 0.179363 0.061016 0.045916 0.125946 0.050001 0.449532 0.000193 
0.084383 0.032957 0.034606 0.297842 0.002037 0.069827 0.137512 0.019068 0.321639 0.000130 
0.041264 0.000035 0.070598 0.283690 0.021325 0.129015 0.057324 0.061276 0.315474 0.020000 
0.015892 0.039310 0.020321 0.064333 0.076865 0.389858 0.011254 0.198646 0.097671 0.085850 
0.352417 0.000148 0.000576 0.007075 0.478731 0.024708 0.013499 0.000802 0.023771 0.098272 
0.003495 0.001171 0.558716 0.028232 0.065537 0.071165 0.000134 0.056856 0.046337 0.168358 
0.015062 0.000000 0.060619 0.199482 0.054463 0.206038 0.063163 0.074514 0.305529 0.021129 
0.728616 0.000899 0.080701 0.011599 0.018065 0.025034 0.014376 0.032337 0.038372 0.050000 
0.202650 0.000527 0.051375 0.272363 0.023946 0.041806 0.221365 0.018076 0.137892 0.030000 
0.001212 0.000237 0.574650 0.029519 0.034291 0.015039 0.003124 0.000882 0.171047 0.170000 
0.122100 0.001916 0.021664 0.134215 0.518582 0.005497 0.016688 0.000608 0.114318 0.064412 
0.240073 0.000106 0.061371 0.150647 0.093911 0.090768 0.047578 0.098695 0.195190 0.021660 
0.030288 0.000227 0.068654 0.378299 0.009638 0.162708 0.035367 0.038772 0.253237 0.022810 
0.041541 0.062419 0.227940 0.091033 0.056572 0.042214 0.057878 0.036256 0.300886 0.083261 
0.561602 0.028492 0.079285 0.077222 0.073855 0.043162 0.060295 0.023413 0.022673 0.030000 
0.025701 0.012807 0.152842 0.479483 0.005972 0.052039 0.021098 0.001388 0.168670 0.080000 
0.022399 0.045117 0.046455 0.194393 0.087437 0.075621 0.133090 0.050710 0.344658 0.000121 
0.094277 0.226227 0.112871 0.038589 0.000969 0.021203 0.066798 0.016413 0.392653 0.030000 
0.023461 0.000348 0.030390 0.155334 0.070940 0.287988 0.071318 0.049610 0.278920 0.031691 
0.024540 0.000514 0.509577 0.020514 0.064610 0.009011 0.000421 0.080336 0.021840 0.268638 
0.129751 0.056513 0.083629 0.079436 0.052309 0.213947 0.075952 0.092141 0.176322 0.040000 
0.342859 0.000206 0.047530 0.223169 0.142363 0.063917 0.035963 0.026807 0.057187 0.060000 
0.083923 0.010413 0.001105 0.076210 0.145879 0.503556 0.005827 0.066626 0.046461 0.060000 
0.041445 0.032466 0.033743 0.142394 0.137144 0.110780 0.127284 0.053752 0.310993 0.010000 
0.034947 0.016109 0.173965 0.020603 0.083872 0.145058 0.000792 0.266031 0.148623 0.110000 
0.179397 0.000000 0.000278 0.044532 0.609087 0.007626 0.013320 0.000682 0.037128 0.107948 
0.013869 0.080854 0.018007 0.237601 0.023740 0.078863 0.268675 0.010278 0.268112 0.000000 
0.029157 0.000131 0.001694 0.191217 0.076966 0.330994 0.056469 0.079833 0.183539 0.050000 
0.315563 0.000000 0.013124 0.055289 0.009293 0.198782 0.000808 0.212355 0.104787 0.090000 
0.004164 0.015982 0.050666 0.151364 0.048264 0.194259 0.232856 0.045927 0.246519 0.010000 
0.007992 0.047488 0.025788 0.402435 0.004074 0.025829 0.079715 0.114973 0.271706 0.020000 
0.781064 0.000120 0.002420 0.023301 0.095689 0.006762 0.000575 0.018613 0.031456 0.040000 
0.026542 0.161784 0.039489 0.144928 0.115031 0.088773 0.012806 0.115182 0.255466 0.040000 
0.359965 0.022486 0.002692 0.219234 0.030894 0.053590 0.070013 0.022075 0.199052 0.020000 
0.195095 0.025794 0.003481 0.043251 0.384002 0.047277 0.035455 0.000937 0.174709 0.090000 
0.028839 0.000083 0.040985 0.471904 0.014473 0.008659 0.036265 0.035103 0.353689 0.010000 
0.115118 0.047835 0.018060 0.021012 0.440254 0.041241 0.027262 0.080012 0.102965 0.106241 
0.076191 0.058219 0.067193 0.053852 0.169632 0.011738 0.056988 0.182279 0.263908 0.060000 
0.526161 0.015193 0.018824 0.063718 0.262525 0.009333 0.016665 0.016463 0.041117 0.030000 
0.472110 0.054822 0.027609 0.086867 0.095602 0.093307 0.014035 0.033735 0.111913 0.010000 
0.048577 0.063829 0.003802 0.112845 0.151467 0.081160 0.089280 0.025766 0.400410 0.022865 
0.004524 0.000919 0.036859 0.040151 0.017458 0.616018 0.004838 0.198174 0.061060 0.020000 
0.196263 0.000281 0.210249 0.092662 0.040683 0.109679 0.072889 0.064122 0.133191 0.079982 
0.010730 0.052889 0.018223 0.131237 0.037240 0.313373 0.073198 0.092285 0.228367 0.042457 
0.818206 0.010000 0.015286 0.029250 0.034320 0.010631 0.000815 0.015060 0.016432 0.050000 
0.010277 0.022350 0.026702 0.297931 0.003438 0.041737 0.054060 0.096293 0.447018 0.000194 
0.019081 0.044470 0.085883 0.399082 0.000783 0.034974 0.055824 0.048860 0.301044 0.010000 
0.040139 0.029197 0.052487 0.084140 0.048037 0.179190 0.000380 0.325234 0.156428 0.084767 
0.164867 0.042570 0.032978 0.126158 0.295765 0.034835 0.069235 0.000599 0.169081 0.063912 
0.299571 0.003053 0.068683 0.108614 0.292229 0.066241 0.018476 0.023441 0.019691 0.100000 
0.538773 0.008725 0.015829 0.110948 0.028858 0.016131 0.026699 0.000152 0.183884 0.070000 
0.017757 0.037900 0.029988 0.610151 0.055290 0.024631 0.114540 0.000747 0.098996 0.010000 
0.059172 0.018214 0.069825 0.120924 0.130839 0.233320 0.032648 0.193320 0.081737 0.060000 
0.211652 0.000290 0.408453 0.046024 0.020426 0.092620 0.000121 0.000904 0.059510 0.160000 
0.046714 0.012114 0.023176 0.060666 0.294235 0.289782 0.012218 0.068458 0.132638 0.060000 
0.151210 0.142178 0.052066 0.066560 0.050973 0.080273 0.048839 0.042508 0.365154 0.000239 
0.002458 0.002401 0.261401 0.175161 0.028249 0.112236 0.034712 0.084553 0.163001 0.135828 
0.042452 0.034423 0.060206 0.137479 0.068472 0.153505 0.066140 0.122035 0.268203 0.047085 
0.026737 0.000016 0.026239 0.131735 0.105070 0.309184 0.056310 0.043736 0.289541 0.011433 
0.105382 0.000724 0.250272 0.003987 0.369795 0.028692 0.024315 0.005894 0.044144 0.166793 
0.016179 0.000471 0.262707 0.029165 0.256235 0.097886 0.000878 0.001054 0.077049 0.258375 
0.004222 0.000246 0.157565 0.384491 0.032376 0.068910 0.045491 0.109715 0.176984 0.020000 
0.031963 0.000214 0.155094 0.398714 0.024618 0.046284 0.130859 0.023066 0.159187 0.030000 
0.026862 0.000742 0.120179 0.071916 0.016208 0.438860 0.021893 0.117070 0.126271 0.060000 
0.199325 0.009742 0.050234 0.022305 0.399463 0.071685 0.030604 0.026922 0.051790 0.137930 
0.161218 0.006892 0.004759 0.037445 0.702836 0.003635 0.008803 0.000882 0.013529 0.060000 
0.224833 0.001950 0.106108 0.036555 0.146948 0.218217 0.000920 0.077937 0.056533 0.130000 
0.175075 0.014233 0.020919 0.062403 0.330106 0.019480 0.097210 0.001076 0.234462 0.045035 
0.042558 0.000976 0.062667 0.077279 0.060367 0.094986 0.061232 0.313538 0.227034 0.059364 
0.001594 0.017842 0.045427 0.059749 0.042866 0.554351 0.035738 0.119642 0.112792 0.010000 
0.016780 0.079264 0.044200 0.361232 0.013751 0.082921 0.138972 0.015996 0.246886 0.000000 
0.000077 0.029457 0.001911 0.077095 0.066565 0.670356 0.008201 0.104095 0.041320 0.000924 
0.084117 0.000235 0.235648 0.411681 0.044280 0.016429 0.072841 0.021661 0.046397 0.066710 
0.084699 0.000085 0.054344 0.079747 0.375767 0.053096 0.028390 0.148665 0.110305 0.064903 
0.006627 0.000201 0.270716 0.313145 0.002748 0.039976 0.056785 0.023474 0.191762 0.094565 
0.295245 0.077354 0.023191 0.152484 0.038479 0.045202 0.063979 0.001014 0.303052 0.000000 
0.001927 0.000902 0.131398 0.075105 0.044687 0.214554 0.010749 0.167878 0.207355 0.145444 
0.002230 0.003891 0.086681 0.246754 0.113787 0.042647 0.264281 0.055273 0.174456 0.010000 
0.031480 0.000379 0.056149 0.305057 0.015195 0.139797 0.026677 0.098353 0.305785 0.021128 
0.037845 0.002043 0.085529 0.529536 0.007569 0.059301 0.092044 0.000459 0.185190 0.000485 
0.063248 0.004543 0.049450 0.154542 0.025410 0.006566 0.246460 0.000085 0.449696 0.000000 
0.021192 0.000482 0.026728 0.300821 0.012563 0.086286 0.221931 0.000060 0.329810 0.000127 
0.013985 0.054209 0.118859 0.287776 0.028344 0.013696 0.042598 0.000947 0.407053 0.032534 
0.090629 0.046507 0.074782 0.126818 0.062293 0.020877 0.224124 0.000181 0.353789 0.000000 
0.003176 0.107908 0.349167 0.056103 0.023145 0.064195 0.000358 0.000669 0.245015 0.150265 
0.046486 0.073410 0.220255 0.086048 0.023302 0.047467 0.054603 0.041161 0.317268 0.090000 
0.385085 0.001719 0.093255 0.095890 0.056885 0.041995 0.030292 0.048890 0.213895 0.032094 
0.023703 0.132370 0.019002 0.107251 0.001595 0.047648 0.059032 0.000648 0.608610 0.000141 
0.171873 0.006009 0.035166 0.114838 0.093382 0.190855 0.001570 0.223338 0.097790 0.065179 
0.016539 0.000035 0.001407 0.390027 0.097891 0.135931 0.067842 0.128890 0.150205 0.011233 
0.015319 0.022712 0.027782 0.239403 0.101349 0.128250 0.071366 0.022796 0.371023 0.000000 
0.000615 0.011211 0.036926 0.270103 0.072711 0.076756 0.247045 0.002296 0.282337 0.000000 
0.087257 0.008423 0.031933 0.180343 0.012332 0.397046 0.024302 0.065684 0.182682 0.010000 
0.778751 0.001434 0.021560 0.001454 0.126828 0.002628 0.000834 0.000146 0.036366 0.030000 
0.174946 0.111132 0.099512 0.089241 0.027266 0.036290 0.037565 0.054241 0.347710 0.022098 
0.004271 0.001172 0.207843 0.197837 0.072960 0.077164 0.063476 0.034511 0.288340 0.052426 
0.029577 0.019555 0.199761 0.450873 0.008453 0.058088 0.051898 0.030809 0.110985 0.040000 
0.093448 0.000152 0.099049 0.156845 0.039759 0.148553 0.037367 0.204133 0.180694 0.040000 
0.050981 0.047075 0.352201 0.008285 0.200708 0.086252 0.000256 0.001439 0.092803 0.160000 
0.054919 0.025594 0.013092 0.025514 0.211024 0.457428 0.011074 0.098636 0.042719 0.060000 
0.046292 0.017542 0.087000 0.189418 0.096245 0.057096 0.202636 0.013461 0.278824 0.011487 
0.011642 0.000110 0.128605 0.557068 0.020455 0.057559 0.083822 0.000305 0.110434 0.030000 
0.186952 0.000000 0.000981 0.016769 0.616702 0.014230 0.013108 0.014386 0.039157 0.097715 
0.048022 0.043099 0.169160 0.145482 0.347459 0.010078 0.021075 0.011613 0.097660 0.106352 
0.062972 0.025339 0.028247 0.267122 0.319273 0.045188 0.000598 0.022272 0.178990 0.050000 
0.118672 0.065851 0.045441 0.133518 0.029901 0.070079 0.165941 0.030774 0.339699 0.000123 
0.016677 0.000047 0.026404 0.637444 0.024992 0.037274 0.092988 0.000088 0.164086 0.000000 
0.003768 0.000008 0.029700 0.608150 0.049632 0.017499 0.014744 0.001212 0.275288 0.000000 
0.020490 0.099287 0.048699 0.302488 0.003350 0.019271 0.074361 0.028871 0.391519 0.011664 
0.359676 0.115621 0.054225 0.029547 0.098771 0.010277 0.034768 0.048769 0.216271 0.032076 
0.011074 0.019529 0.095344 0.399964 0.032055 0.041318 0.096048 0.026664 0.268005 0.010000 
0.118515 0.000010 0.028811 0.260410 0.304525 0.019171 0.046277 0.000590 0.094892 0.126800 
0.760717 0.000000 0.029161 0.041967 0.095948 0.007066 0.010953 0.000149 0.014039 0.040000 
0.180618 0.068110 0.058900 0.051520 0.339904 0.039474 0.000052 0.001825 0.164669 0.094927 
0.019511 0.154548 0.069194 0.060295 0.040792 0.040685 0.061106 0.017484 0.526384 0.010000 
0.605015 0.000000 0.024014 0.003392 0.046926 0.193511 0.000643 0.047704 0.038793 0.040000 
0.021285 0.000029 0.014847 0.176178 0.038985 0.145288 0.028986 0.339680 0.154721 0.080000 
0.052909 0.142658 0.022573 0.091267 0.079621 0.034730 0.020975 0.062003 0.483264 0.010000 
0.213149 0.001300 0.025239 0.258441 0.147889 0.060494 0.047231 0.001677 0.214580 0.030000 
0.092925 0.000108 0.033312 0.423635 0.100042 0.102467 0.035868 0.078171 0.133472 0.000000 
0.012595 0.000065 0.000939 0.385791 0.071582 0.024934 0.262154 0.000047 0.241720 0.000172 
0.100317 0.148575 0.130592 0.047764 0.173931 0.040764 0.054624 0.003020 0.255708 0.044706 
0.020399 0.024739 0.182698 0.167903 0.060422 0.047710 0.134484 0.016918 0.313192 0.031534 
0.040205 0.036534 0.006263 0.551808 0.041563 0.042630 0.133477 0.000779 0.135391 0.011350 
0.275271 0.010269 0.001588 0.303483 0.099466 0.058321 0.060924 0.074829 0.105848 0.010000 
0.017008 0.032044 0.035403 0.028059 0.059687 0.640700 0.000281 0.029963 0.102202 0.054652 
0.005242 0.025957 0.303331 0.142769 0.046452 0.029827 0.203357 0.014940 0.182051 0.046074 
0.192797 0.001165 0.012458 0.069145 0.599832 0.008587 0.000680 0.000498 0.069839 0.044999 
0.101820 0.000053 0.000960 0.060767 0.273554 0.235638 0.025505 0.135683 0.079739 0.086281 
0.485677 0.000000 0.023948 0.001735 0.354577 0.004734 0.000252 0.011365 0.017711 0.100000 
0.402480 0.000389 0.245066 0.013086 0.071680 0.087209 0.029989 0.000761 0.127009 0.022332 
0.320400 0.012187 0.047439 0.159381 0.058352 0.117774 0.027674 0.013311 0.243311 0.000171 
0.093682 0.100369 0.021315 0.173090 0.085124 0.058496 0.041367 0.014700 0.351858 0.060000 
0.066853 0.000574 0.336059 0.125882 0.072862 0.063524 0.017913 0.017976 0.183202 0.115157 
0.001575 0.020471 0.117190 0.345243 0.082454 0.099306 0.033482 0.002419 0.267860 0.030000 
0.045575 0.031566 0.003574 0.291653 0.075169 0.121364 0.041693 0.206441 0.107644 0.075321 
0.044354 0.017891 0.459974 0.067748 0.036932 0.106503 0.012717 0.000773 0.056392 0.196716 
0.001340 0.000681 0.527050 0.018849 0.018016 0.057558 0.010864 0.018334 0.061093 0.286214 
0.213044 0.002497 0.011233 0.084165 0.038816 0.387856 0.016615 0.105613 0.130161 0.010000 
0.132359 0.005230 0.035029 0.063690 0.272114 0.138833 0.002036 0.156400 0.087738 0.106570 
0.071067 0.015685 0.019204 0.059531 0.015939 0.226740 0.001347 0.368147 0.192340 0.030000 
0.057756 0.000515 0.351714 0.150170 0.050003 0.049978 0.032340 0.030425 0.089424 0.187675 
0.024411 0.000257 0.269672 0.121605 0.068706 0.117337 0.066659 0.032348 0.194695 0.104312 
0.529059 0.003416 0.088034 0.077827 0.061968 0.063299 0.051183 0.020319 0.064896 0.040000 
0.589161 0.000000 0.013550 0.029896 0.099907 0.061611 0.020476 0.017859 0.097540 0.070000 
0.015017 0.020651 0.016317 0.177150 0.097031 0.157818 0.019296 0.219480 0.213855 0.063386 
0.252589 0.032209 0.006973 0.246251 0.017070 0.015042 0.183008 0.033697 0.213160 0.000000 
0.039863 0.032136 0.039180 0.165028 0.048806 0.131222 0.189490 0.000931 0.353345 0.000000 
0.045782 0.016393 0.114751 0.087475 0.031233 0.334002 0.014555 0.129034 0.141778 0.084999 
0.026392 0.034871 0.036836 0.252864 0.021539 0.047933 0.206613 0.000900 0.371817 0.000234 
0.177329 0.042818 0.001851 0.022453 0.575568 0.001731 0.001809 0.000170 0.106271 0.070000 
0.033928 0.006016 0.087347 0.113528 0.041512 0.058282 0.091567 0.066838 0.480236 0.020748 
0.034250 0.000190 0.471945 0.061055 0.030140 0.045740 0.027241 0.000250 0.139189 0.190000 
0.014084 0.157698 0.110713 0.256004 0.013748 0.011490 0.033213 0.021663 0.359354 0.022034 
0.001016 0.000648 0.561768 0.042079 0.001453 0.086688 0.006023 0.041453 0.058873 0.200000 
0.139736 0.000638 0.112619 0.168928 0.127305 0.093208 0.029219 0.037301 0.213342 0.077703 
0.351763 0.086592 0.059619 0.052222 0.086822 0.073659 0.024233 0.030974 0.165901 0.068214 
0.146820 0.030873 0.020072 0.155763 0.085474 0.068688 0.052720 0.199405 0.186895 0.053290 
0.004994 0.000733 0.141506 0.600623 0.021405 0.046184 0.040120 0.001860 0.076859 0.065715 
0.109001 0.001231 0.025572 0.357055 0.025189 0.049952 0.104699 0.032047 0.295113 0.000142 
0.005949 0.000408 0.547086 0.025255 0.037247 0.032658 0.004189 0.055386 0.070500 0.221323 
0.099741 0.050296 0.119502 0.078381 0.361087 0.097111 0.027029 0.020852 0.120736 0.025266 
0.001263 0.000028 0.072960 0.639168 0.065254 0.043330 0.090770 0.013312 0.073914 0.000000 
0.030873 0.036947 0.119039 0.090542 0.100942 0.060618 0.051809 0.109518 0.357985 0.041726 
0.026989 0.001090 0.087925 0.460233 0.017092 0.009292 0.103784 0.002513 0.281083 0.010000 
0.016009 0.011236 0.046120 0.156355 0.112287 0.077579 0.152374 0.051931 0.364315 0.011793 
0.037037 0.044338 0.075417 0.188188 0.015008 0.088679 0.078073 0.031570 0.407759 0.033930 
0.217271 0.070988 0.018344 0.096359 0.136979 0.048791 0.013273 0.017094 0.320901 0.060000 
0.046524 0.114071 0.031251 0.204103 0.016714 0.058060 0.064375 0.039085 0.401856 0.023961 
0.013779 0.000258 0.047054 0.145752 0.073862 0.195433 0.034898 0.247544 0.195655 0.045766 
0.191965 0.018494 0.037082 0.153269 0.046240 0.082596 0.130074 0.001521 0.328759 0.010000 
0.000012 0.012537 0.011487 0.096014 0.005471 0.337928 0.006395 0.252609 0.221439 0.056108 
0.321136 0.000173 0.204903 0.012848 0.051578 0.126222 0.014362 0.020039 0.064420 0.184318 
0.078857 0.002590 0.124857 0.096810 0.012492 0.428949 0.027242 0.060079 0.128122 0.040000 
0.050845 0.003781 0.070528 0.153047 0.110542 0.084701 0.040338 0.242315 0.193904 0.050000 
0.164688 0.000042 0.039011 0.495379 0.010103 0.074311 0.076320 0.015445 0.104701 0.020000 
0.016952 0.023741 0.031145 0.518185 0.018949 0.142454 0.095596 0.001427 0.151279 0.000273 
0.061148 0.002716 0.112848 0.312237 0.017917 0.012880 0.122375 0.045696 0.301528 0.010653 
0.132648 0.000137 0.094638 0.330144 0.037006 0.172643 0.034462 0.052619 0.065702 0.080000 
0.024169 0.123806 0.015857 0.139238 0.039146 0.017770 0.083545 0.060956 0.485098 0.010415 
0.581318 0.000066 0.049127 0.103445 0.163006 0.034799 0.000466 0.000151 0.043110 0.024513 
0.022419 0.016197 0.054252 0.290226 0.054447 0.095503 0.203346 0.029576 0.233856 0.000178 
0.009643 0.083452 0.032215 0.301570 0.027359 0.004369 0.025921 0.041190 0.464282 0.010000 
0.000994 0.047952 0.269625 0.069616 0.056324 0.117514 0.029536 0.000846 0.324492 0.083100 
0.276949 0.016002 0.043987 0.231719 0.064137 0.046860 0.056530 0.001383 0.262431 0.000000 
0.024110 0.053770 0.039964 0.144228 0.044797 0.082090 0.122347 0.083203 0.384573 0.020918 
0.040625 0.016301 0.020610 0.109612 0.047443 0.423312 0.006480 0.149764 0.153165 0.032688 
0.083100 0.000033 0.013443 0.117519 0.370944 0.073436 0.074254 0.020886 0.226387 0.020000 
0.192640 0.023469 0.133899 0.040149 0.282572 0.088639 0.015737 0.000827 0.084899 0.137167 
0.064426 0.071634 0.040214 0.188062 0.036148 0.052298 0.044986 0.071408 0.419274 0.011551 
0.107796 0.000117 0.144692 0.078869 0.273457 0.026510 0.016687 0.000577 0.201295 0.150000 
0.042181 0.000015 0.040055 0.627110 0.021135 0.061408 0.134500 0.002193 0.071404 0.000000 
0.002925 0.270064 0.053924 0.057645 0.052544 0.040634 0.022423 0.031611 0.468230 0.000000 
0.118386 0.096642 0.031399 0.053834 0.308040 0.040945 0.003021 0.001529 0.313005 0.033200 
0.094105 0.000347 0.034870 0.034999 0.342509 0.179704 0.028534 0.021795 0.153138 0.110000 
0.018569 0.000469 0.193806 0.419038 0.001856 0.018602 0.075306 0.004080 0.225795 0.042478 
0.012981 0.104378 0.030383 0.167884 0.015210 0.176148 0.138449 0.095913 0.258493 0.000161 
0.034968 0.101903 0.127845 0.144143 0.052447 0.064102 0.021000 0.026085 0.404671 0.022835 
0.135379 0.000000 0.002370 0.020079 0.630308 0.015668 0.030924 0.015924 0.039348 0.110000 
0.156575 0.000412 0.067533 0.353166 0.237747 0.034524 0.061922 0.022805 0.045317 0.020000 
0.189448 0.000115 0.214915 0.027086 0.294041 0.047393 0.000313 0.039360 0.091064 0.096265 
0.000079 0.031959 0.003079 0.129593 0.002602 0.481998 0.046723 0.180448 0.103519 0.020000 
0.059010 0.038664 0.053675 0.098403 0.145413 0.083831 0.035309 0.197446 0.245924 0.042324 
0.039125 0.000273 0.144937 0.019798 0.480077 0.022665 0.000044 0.012996 0.143978 0.136107 
0.414505 0.000000 0.074578 0.294738 0.046932 0.050414 0.004116 0.013716 0.061001 0.040000 
0.059742 0.010242 0.001522 0.484152 0.010292 0.119408 0.092432 0.031450 0.190760 0.000000 
0.020450 0.020748 0.002575 0.082472 0.220774 0.121363 0.079563 0.016867 0.402628 0.032559 
0.004137 0.018188 0.038747 0.108005 0.033909 0.401060 0.010403 0.074330 0.237734 0.073488 
0.120640 0.000000 0.014194 0.003760 0.693624 0.018023 0.000066 0.042849 0.039878 0.066967 
0.010223 0.000025 0.062922 0.613821 0.002859 0.057614 0.148364 0.000686 0.103091 0.000395 
0.551412 0.000074 0.044255 0.044078 0.190053 0.037445 0.002248 0.016082 0.064352 0.050000 
0.326585 0.000550 0.038598 0.007316 0.248690 0.077450 0.022874 0.111328 0.090908 0.075701 
0.236734 0.010000 0.000375 0.023592 0.576250 0.018538 0.000151 0.000835 0.043525 0.090000 
0.007425 0.011742 0.016860 0.564238 0.019563 0.056505 0.105835 0.000694 0.207137 0.010000 
0.027228 0.055449 0.160458 0.158420 0.032880 0.077110 0.051770 0.017702 0.362483 0.056501 
0.035914 0.001624 0.093383 0.318296 0.105579 0.041192 0.066281 0.020727 0.297004 0.020000 
0.044313 0.134385 0.005602 0.262105 0.012701 0.095697 0.077316 0.030531 0.337350 0.000000 
0.073951 0.000647 0.084420 0.364926 0.086408 0.064709 0.041146 0.015499 0.198294 0.070000 
0.023675 0.018247 0.049403 0.371678 0.025916 0.217252 0.017762 0.041474 0.174593 0.060000 
0.326730 0.000000 0.013375 0.005593 0.429246 0.058188 0.000592 0.012909 0.035218 0.118148 
0.075822 0.018102 0.465942 0.043288 0.062222 0.049566 0.038639 0.001322 0.111930 0.133168 
0.007123 0.038397 0.245544 0.137472 0.073910 0.161748 0.023896 0.016361 0.175549 0.120000 
0.278781 0.000029 0.269851 0.075071 0.162325 0.010017 0.022501 0.014660 0.049027 0.117737 
0.186296 0.000081 0.099890 0.055965 0.552757 0.003215 0.003782 0.000091 0.017922 0.080000 
0.010978 0.027520 0.061640 0.090379 0.050933 0.314272 0.083650 0.112399 0.195030 0.053199 
0.023309 0.029394 0.233127 0.035768 0.131938 0.093339 0.010467 0.174869 0.156950 0.110838 
0.039679 0.037602 0.072275 0.190081 0.124316 0.036538 0.113355 0.011122 0.335033 0.040000 
0.043236 0.005891 0.074181 0.436445 0.050586 0.132499 0.052908 0.034950 0.139304 0.030000 
0.032892 0.028341 0.039873 0.422212 0.044356 0.065637 0.053026 0.048796 0.254101 0.010766 
0.012983 0.000249 0.263304 0.041802 0.028217 0.363932 0.024418 0.050692 0.071852 0.142553 
0.045440 0.025081 0.034639 0.085710 0.096589 0.042977 0.107362 0.052632 0.509211 0.000360 
0.219662 0.000000 0.000203 0.001469 0.620712 0.008593 0.000000 0.000399 0.054643 0.094320 
0.212562 0.027857 0.019241 0.032685 0.385088 0.007985 0.007169 0.015693 0.211719 0.080000 
0.024989 0.029037 0.045031 0.314219 0.039237 0.043212 0.051345 0.024658 0.428173 0.000098 
0.037080 0.059828 0.024762 0.075847 0.046173 0.015662 0.101491 0.023094 0.605729 0.010335 
0.007727 0.001097 0.375794 0.155231 0.005868 0.112499 0.049456 0.001271 0.113899 0.177158 
0.288807 0.015365 0.033112 0.118175 0.095236 0.034666 0.102289 0.118977 0.153373 0.040000 
0.194069 0.034436 0.031661 0.183198 0.071649 0.184446 0.000999 0.082872 0.204657 0.012012 
0.245600 0.125440 0.031291 0.024345 0.215090 0.035610 0.001601 0.001787 0.279235 0.040000 
0.002631 0.027599 0.092385 0.423179 0.011629 0.046122 0.066652 0.000776 0.299025 0.030000 
0.190398 0.000005 0.042715 0.517031 0.039511 0.017928 0.091838 0.000168 0.100406 0.000000 
0.013554 0.060072 0.223523 0.071622 0.050449 0.056468 0.003931 0.025472 0.404909 0.090000 
0.024158 0.128530 0.081722 0.151036 0.021778 0.013991 0.055403 0.061975 0.461316 0.000091 
0.808871 0.000000 0.015278 0.001615 0.014514 0.011071 0.013148 0.035063 0.070440 0.030000 
0.009216 0.001037 0.054756 0.328130 0.022306 0.003293 0.157068 0.000122 0.423973 0.000099 
0.023104 0.171628 0.112877 0.140056 0.047865 0.048748 0.145179 0.018289 0.262253 0.030000 
0.073741 0.218717 0.076604 0.039092 0.087127 0.029880 0.029566 0.000529 0.413537 0.031207 
0.341188 0.026406 0.184548 0.075170 0.052245 0.010617 0.054513 0.000217 0.185095 0.070000 
0.060705 0.156939 0.204883 0.091663 0.020237 0.100470 0.001734 0.043319 0.189261 0.130790 
0.076071 0.000018 0.046368 0.658406 0.007930 0.035791 0.040931 0.000646 0.123838 0.010000 
0.000091 0.014004 0.048572 0.215740 0.015067 0.111824 0.066319 0.027879 0.500237 0.000267 
0.016266 0.133750 0.065579 0.087997 0.005624 0.026623 0.011612 0.065617 0.556932 0.030000 
0.107238 0.001809 0.049102 0.104811 0.036493 0.421568 0.034813 0.119736 0.090653 0.033776 
0.057931 0.000739 0.037367 0.163652 0.023744 0.233079 0.037668 0.054346 0.380949 0.010523 
0.026423 0.113004 0.033435 0.353540 0.005468 0.001077 0.058575 0.020576 0.364764 0.023138 
0.017908 0.000020 0.046936 0.566921 0.042007 0.119347 0.082653 0.015104 0.109105 0.000000 
0.016431 0.014534 0.118435 0.313654 0.009023 0.028602 0.071740 0.016968 0.410283 0.000329 
0.049548 0.227246 0.099218 0.110866 0.001619 0.049502 0.023077 0.051179 0.387519 0.000224 
0.052089 0.017310 0.173099 0.006784 0.162739 0.107426 0.031011 0.142553 0.165185 0.141804 
0.003934 0.000503 0.663222 0.015660 0.024922 0.021749 0.011258 0.073388 0.036944 0.148420 
0.007911 0.080655 0.406533 0.039600 0.032073 0.054485 0.003517 0.025697 0.193761 0.155768 
0.024156 0.118964 0.098749 0.191670 0.036565 0.007744 0.080493 0.016477 0.425183 0.000000 
0.082588 0.000551 0.181492 0.181299 0.177835 0.079965 0.073383 0.001551 0.146736 0.074600 
0.010668 0.013054 0.023115 0.082795 0.163975 0.384423 0.017334 0.079891 0.118815 0.105930 
0.131037 0.064239 0.355999 0.024193 0.036408 0.049474 0.017001 0.002083 0.242462 0.077105 
0.219266 0.080039 0.033100 0.144288 0.036950 0.107758 0.078238 0.029589 0.240773 0.030000 
0.004537 0.040156 0.458207 0.030714 0.046491 0.069981 0.000043 0.015606 0.198898 0.135364 
0.062478 0.157841 0.109699 0.101239 0.034611 0.042848 0.022752 0.016437 0.430379 0.021716 
0.067398 0.000041 0.016717 0.625380 0.015609 0.092369 0.083166 0.000999 0.098321 0.000000 
0.019167 0.011752 0.006143 0.405398 0.004595 0.330603 0.039530 0.052408 0.118897 0.011508 
0.020674 0.019573 0.044740 0.223696 0.035307 0.034914 0.240779 0.000761 0.369016 0.010539 
0.043289 0.021155 0.001774 0.154951 0.215834 0.077241 0.150702 0.041066 0.260238 0.033751 
0.126337 0.000000 0.002026 0.033862 0.568711 0.002970 0.002291 0.017206 0.086597 0.160000 
0.200473 0.000153 0.047477 0.015628 0.514498 0.011341 0.000044 0.000320 0.072632 0.137432 
0.002063 0.000519 0.569408 0.092132 0.033592 0.055338 0.006081 0.025364 0.036851 0.178651 
0.017751 0.000808 0.120671 0.515839 0.029360 0.035299 0.060286 0.001174 0.138812 0.080000 
0.029822 0.009822 0.038951 0.080457 0.031600 0.479963 0.002863 0.095960 0.210561 0.020000 
0.174823 0.000067 0.022730 0.125196 0.378247 0.009760 0.075680 0.000383 0.163112 0.050000 
0.000665 0.000049 0.049715 0.578153 0.058231 0.094835 0.117063 0.000876 0.080413 0.020000 
0.012585 0.039306 0.003397 0.233665 0.019404 0.006233 0.268961 0.024822 0.391520 0.000107 
0.008210 0.045216 0.087126 0.191198 0.006941 0.279749 0.053059 0.023133 0.285369 0.020000 
0.279206 0.000339 0.055312 0.089488 0.201344 0.020727 0.119240 0.000683 0.223662 0.010000 
0.004533 0.088898 0.107610 0.142127 0.006108 0.027347 0.009694 0.038246 0.575285 0.000150 
0.047918 0.001006 0.055074 0.219031 0.066103 0.221151 0.052273 0.140430 0.143134 0.053880 
0.036296 0.000029 0.025772 0.692492 0.059279 0.047889 0.049750 0.000492 0.078001 0.010000 
0.021495 0.000486 0.055535 0.041091 0.010410 0.534343 0.019305 0.154795 0.055141 0.107399 
0.033984 0.000138 0.128194 0.221304 0.079276 0.136540 0.099678 0.020826 0.213023 0.067036 
0.303749 0.000211 0.204556 0.194024 0.085945 0.018896 0.043325 0.026306 0.052987 0.070000 
0.010123 0.043320 0.045461 0.451015 0.003822 0.102466 0.033663 0.011934 0.286750 0.011446 
0.215141 0.001064 0.011408 0.048161 0.530304 0.010144 0.000044 0.000490 0.036404 0.146839 
0.030708 0.029532 0.002131 0.083321 0.101436 0.355493 0.080075 0.056109 0.251196 0.010000 
0.163473 0.007977 0.013338 0.022091 0.461672 0.062588 0.011667 0.026466 0.090728 0.140000 
0.093236 0.148264 0.030499 0.065474 0.147588 0.093905 0.062385 0.066735 0.279556 0.012359 
0.031550 0.034219 0.080333 0.199011 0.112364 0.036252 0.104441 0.033495 0.335321 0.033013 
0.016794 0.036300 0.158677 0.203678 0.070613 0.042721 0.059246 0.001388 0.342828 0.067756 
0.006203 0.032123 0.033254 0.207725 0.013722 0.107917 0.252946 0.030729 0.294213 0.021167 
0.165166 0.003908 0.000320 0.022387 0.553657 0.011450 0.015974 0.027324 0.072526 0.127287 
0.001817 0.000765 0.190567 0.245112 0.079235 0.023530 0.096549 0.020923 0.281501 0.060000 
0.655790 0.000011 0.000780 0.049305 0.106766 0.025424 0.000794 0.016853 0.004966 0.139311 
0.000288 0.000825 0.486345 0.131046 0.011713 0.107068 0.033907 0.001646 0.107161 0.120000 
0.021385 0.255514 0.021740 0.094673 0.038008 0.013976 0.029755 0.028577 0.486371 0.010000 
0.221966 0.000108 0.000197 0.020743 0.621873 0.002362 0.000274 0.000513 0.034072 0.097891 
0.341387 0.005633 0.031944 0.045194 0.041284 0.316630 0.014725 0.115204 0.053049 0.034951 
0.628486 0.000037 0.015652 0.101599 0.066988 0.024996 0.031003 0.000398 0.075503 0.055337 
0.568084 0.000073 0.078637 0.032998 0.103401 0.035866 0.021955 0.028514 0.043094 0.087378 
0.059770 0.001674 0.097561 0.251080 0.076372 0.057772 0.029172 0.000094 0.364179 0.062326 
0.058488 0.000003 0.013913 0.573511 0.131138 0.019146 0.092262 0.000713 0.110825 0.000000 
0.001025 0.004611 0.045557 0.240602 0.039376 0.300264 0.045505 0.097220 0.205840 0.020000 
0.069017 0.022460 0.001486 0.095306 0.077688 0.155216 0.032263 0.318263 0.105238 0.123063 
0.029005 0.110635 0.047537 0.084489 0.044535 0.002969 0.033596 0.011525 0.635643 0.000066 
0.006132 0.245361 0.033994 0.090241 0.035899 0.069326 0.051508 0.045241 0.422298 0.000000 
0.010530 0.001843 0.274855 0.004247 0.064664 0.365964 0.017543 0.111418 0.058935 0.090000 
0.036676 0.109562 0.020178 0.093967 0.052861 0.114293 0.047656 0.031282 0.493525 0.000000 
0.076035 0.000078 0.054914 0.431045 0.025863 0.113428 0.103061 0.060950 0.124625 0.010000 
0.165831 0.054441 0.004058 0.061619 0.360704 0.010530 0.074654 0.027546 0.180617 0.060000 
0.528121 0.000477 0.024173 0.030018 0.008625 0.229635 0.000281 0.035784 0.087889 0.054997 
0.013773 0.000105 0.016286 0.077707 0.114311 0.170951 0.018294 0.302780 0.207968 0.077824 
0.006475 0.046510 0.069597 0.189290 0.111242 0.048864 0.106443 0.013611 0.345548 0.062420 
0.065295 0.077888 0.147444 0.107504 0.075520 0.054883 0.056342 0.040395 0.219252 0.155478 
0.034054 0.202981 0.019636 0.239954 0.002856 0.053671 0.015479 0.017563 0.383805 0.030000 
0.741099 0.000000 0.048070 0.017020 0.073400 0.007198 0.000679 0.000000 0.052535 0.060000 
0.037672 0.027347 0.022950 0.356444 0.006534 0.029354 0.211196 0.001034 0.307185 0.000285 
0.021614 0.000293 0.077842 0.573328 0.051563 0.043696 0.107675 0.000667 0.113321 0.010000 
0.139095 0.000433 0.024583 0.277162 0.325777 0.004380 0.052916 0.013196 0.080133 0.082324 
