-218087.962742
0
0.000000 0.000000 0.000000 0.000000 0.000000 0.000000 0.000000 0.000000 0.000000 0.000000 0.000000 0.000000 0.000000 0.000000 0.000000 0.000000 0.000000 0.000000 0.000000 0.000000 0.000000 0.000000 0.000000 0.000000 0.000000 0.000000 0.000000 0.000000 0.000000 0.000000 0.000000 0.000000 0.000000 0.000000 0.022638 0.181478 0.000000 0.000000 0.000000 0.000000 0.000000 0.000000 0.000000 0.000000 0.000000 0.000000 0.000000 0.000000 0.000000 0.000000 0.000000 0.000000 0.000000 0.000000 0.000000 0.000000 0.000000 0.023474 0.000000 0.000000 0.000000 0.000000 0.000000 0.000000 0.000000 0.000000 0.000000 0.000000 0.000000 0.000000 0.000000 0.000000 0.000000 0.000000 0.000000 0.000000 0.000000 0.000000 0.000000 0.000000 0.000000 0.709313 0.000000 0.063096 0.000000 0.000000 0.000000 0.000000 0.000000 0.000000 0.000000 0.000000 0.000000 0.000000 0.000000 0.000000 
0.000000 0.000000 0.000000 0.000000 0.000000 0.000000 0.000000 0.000000 0.000000 0.000000 0.000000 0.000000 0.000000 0.000000 0.000000 0.000000 0.000000 0.000000 0.000000 0.000000 0.000000 0.000000 0.000000 0.000000 0.000000 0.000000 0.000000 0.000000 0.000000 0.000000 0.000000 0.000000 0.000000 0.000000 0.000000 0.000000 0.000000 0.000000 0.000000 0.000000 0.000000 0.000000 0.000000 0.000000 0.000000 0.000000 0.000000 0.000000 0.000000 0.000000 0.000000 0.000000 0.000000 0.000000 0.000000 0.000000 0.000000 0.000000 0.000000 0.000000 0.000000 0.000000 0.000000 0.000000 0.000000 0.000000 0.000000 0.044459 0.000000 0.000000 0.000000 0.000000 0.000000 0.000000 0.000000 0.000000 0.000000 0.000000 0.000000 0.000000 0.000000 0.000000 0.955541 0.000000 0.000000 0.000000 0.000000 0.000000 0.000000 0.000000 0.000000 0.000000 0.000000 0.000000 0.000000 0.000000 
0.000000 0.000000 0.000000 0.000000 0.000000 0.000000 0.000000 0.000000 0.000000 0.000000 0.000000 0.000000 0.000000 0.000000 0.000000 0.000000 0.000000 0.000000 0.000000 0.000000 0.000000 0.000000 0.000000 0.000000 0.000000 0.000000 0.000000 0.000000 0.000000 0.000000 0.000000 0.000000 0.000000 0.000000 0.000000 0.000000 0.000000 0.000000 0.000000 0.000000 0.000000 0.000000 0.000000 0.000000 0.000000 0.000000 0.000000 0.000000 0.000000 0.000000 0.000000 0.000000 0.000000 0.000000 0.000000 0.000000 0.000000 0.000000 0.000000 0.000000 0.000000 0.000000 0.000000 0.000000 0.000000 0.000000 0.000000 0.000000 0.000000 0.000000 0.000000 0.000000 0.008449 0.000000 0.000000 0.000000 0.035748 0.000000 0.000000 0.075423 0.557497 0.000000 0.000000 0.322882 0.000000 0.000000 0.000000 0.000000 0.000000 0.000000 0.000000 0.000000 0.000000 0.000000 0.000000 0.000000 
0.000000 0.000000 0.000000 0.000000 0.000000 0.000000 0.000000 0.000000 0.029971 0.000000 0.646265 0.000000 0.000000 0.000000 0.000000 0.000000 0.000000 0.014098 0.000000 0.000000 0.000000 0.000000 0.000000 0.000000 0.000000 0.000000 0.000000 0.000000 0.000000 0.000000 0.000000 0.000000 0.000000 0.000000 0.226131 0.000000 0.000000 0.000000 0.000000 0.000000 0.000000 0.000000 0.000000 0.000000 0.000000 0.000000 0.000000 0.000000 0.000000 0.000000 0.000000 0.000000 0.000000 0.000000 0.000000 0.000000 0.000000 0.000000 0.000000 0.000000 0.000000 0.000000 0.000000 0.000000 0.059358 0.018195 0.000000 0.000000 0.000000 0.005982 0.000000 0.000000 0.000000 0.000000 0.000000 0.000000 0.000000 0.000000 0.000000 0.000000 0.000000 0.000000 0.000000 0.000000 0.000000 0.000000 0.000000 0.000000 0.000000 0.000000 0.000000 0.000000 0.000000 0.000000 0.000000 0.000000 
0.000000 0.000000 0.000000 0.000000 0.000000 0.000000 0.000000 0.000000 0.000000 0.000000 0.000000 0.000000 0.000000 0.000000 0.000000 0.000000 0.000000 0.000000 0.000000 0.000000 0.000000 0.000000 0.000000 0.165141 0.000000 0.000000 0.000000 0.000000 0.000000 0.000000 0.000000 0.000000 0.000000 0.000000 0.000000 0.000000 0.000000 0.000000 0.000000 0.000000 0.000000 0.000000 0.000000 0.000000 0.000000 0.000000 0.006321 0.087594 0.000000 0.000000 0.000000 0.000000 0.000000 0.000000 0.000000 0.000000 0.000000 0.000000 0.000000 0.000000 0.000000 0.000000 0.000000 0.000000 0.000000 0.086712 0.000000 0.000000 0.000000 0.000000 0.000000 0.000000 0.000000 0.000000 0.000000 0.000000 0.000000 0.000000 0.000000 0.000000 0.000000 0.000000 0.000000 0.000000 0.000000 0.000000 0.000000 0.000000 0.000000 0.101025 0.000000 0.000000 0.000000 0.049526 0.000000 0.503680 
0.000000 0.000000 0.000000 0.000000 0.000000 0.000000 0.000000 0.000000 0.079266 0.000000 0.000000 0.114478 0.000000 0.028119 0.000000 0.088789 0.000000 0.056578 0.000000 0.140366 0.000000 0.000000 0.000000 0.000000 0.000000 0.000000 0.000000 0.000000 0.000000 0.000000 0.000000 0.000000 0.000000 0.000000 0.000000 0.000000 0.000000 0.000000 0.000000 0.000000 0.000000 0.100977 0.000000 0.000000 0.000000 0.034282 0.000000 0.000000 0.000000 0.000000 0.000000 0.000000 0.000000 0.000000 0.000000 0.000000 0.000000 0.000000 0.000000 0.000000 0.000000 0.000000 0.000000 0.065136 0.000000 0.000000 0.000000 0.064452 0.000000 0.012505 0.000000 0.000000 0.000000 0.000000 0.000000 0.000000 0.000000 0.000000 0.000000 0.000000 0.000000 0.000000 0.000000 0.000000 0.000000 0.000000 0.000000 0.118742 0.000000 0.000000 0.000000 0.000000 0.000000 0.025876 0.070435 0.000000 
0.000000 0.000000 0.000000 0.000000 0.000000 0.000000 0.000000 0.000000 0.000000 0.000000 0.000000 0.000000 0.026373 0.000000 0.000000 0.028545 0.073573 0.021235 0.038985 0.018431 0.048019 0.018812 0.006195 0.000000 0.000000 0.000000 0.000000 0.000000 0.000000 0.000000 0.000000 0.000000 0.000000 0.000000 0.000000 0.000000 0.000000 0.000000 0.000000 0.000000 0.049395 0.000000 0.034802 0.073301 0.039975 0.000000 0.017813 0.087868 0.000000 0.000000 0.000000 0.000000 0.000000 0.000000 0.000000 0.000000 0.000000 0.000000 0.000000 0.000000 0.000000 0.000000 0.000000 0.000000 0.000000 0.000000 0.029823 0.011440 0.013163 0.000000 0.000000 0.049725 0.000000 0.000000 0.000000 0.000000 0.000000 0.000000 0.000000 0.000000 0.000000 0.000000 0.000000 0.000000 0.036654 0.010389 0.029265 0.000000 0.044134 0.000000 0.030827 0.080330 0.080926 0.000000 0.000000 0.000000 
0.000000 0.000000 0.000000 0.000000 0.000000 0.000000 0.000000 0.000000 0.049470 0.044113 0.000000 0.031448 0.000000 0.005354 0.000000 0.000000 0.019003 0.000000 0.037729 0.000000 0.000000 0.000000 0.000000 0.000000 0.000000 0.033658 0.000000 0.090871 0.000000 0.000000 0.000000 0.000000 0.000000 0.000000 0.130112 0.000000 0.000000 0.000000 0.000000 0.000000 0.003967 0.000000 0.059987 0.000000 0.000000 0.000000 0.000000 0.000000 0.000000 0.000000 0.000000 0.006916 0.000000 0.000000 0.000000 0.000000 0.149898 0.170879 0.000000 0.129734 0.000000 0.000000 0.000000 0.000000 0.000000 0.000000 0.021765 0.004858 0.000000 0.000000 0.000000 0.000000 0.000000 0.000000 0.000000 0.000000 0.000000 0.000000 0.000000 0.000000 0.000000 0.000000 0.000000 0.000000 0.000000 0.000000 0.000000 0.000000 0.010239 0.000000 0.000000 0.000000 0.000000 0.000000 0.000000 0.000000 
0.098244 0.078057 0.000000 0.061770 0.000000 0.000000 0.000000 0.000000 0.018924 0.000000 0.000000 0.000000 0.024046 0.000000 0.040374 0.000000 0.000000 0.000000 0.000000 0.000000 0.000000 0.000000 0.000000 0.000000 0.092642 0.000000 0.000000 0.062290 0.000000 0.000000 0.000000 0.000000 0.000000 0.000000 0.000000 0.038552 0.021019 0.000000 0.045432 0.055477 0.011697 0.000000 0.000000 0.000000 0.000000 0.000000 0.000000 0.000000 0.076711 0.000000 0.000000 0.069414 0.000000 0.000000 0.000000 0.000000 0.000000 0.000000 0.000000 0.000000 0.000000 0.000000 0.000000 0.000000 0.000000 0.000000 0.000000 0.000000 0.000000 0.000000 0.000000 0.000000 0.082437 0.059884 0.000000 0.000000 0.000000 0.000000 0.000000 0.000000 0.000000 0.000000 0.000000 0.000000 0.021776 0.022871 0.018383 0.000000 0.000000 0.000000 0.000000 0.000000 0.000000 0.000000 0.000000 0.000000 
0.000000 0.000000 0.000000 0.000000 0.000000 0.000000 0.000000 0.000000 0.000000 0.000000 0.000000 0.000000 0.000000 0.000000 0.000000 0.000000 0.000000 0.000000 0.000000 0.000000 0.000000 0.000000 0.000000 0.000000 0.008883 0.000000 0.027075 0.000000 0.000000 0.000000 0.000000 0.000000 0.000000 0.000000 0.000000 0.000000 0.000000 0.000000 0.000000 0.000000 0.000000 0.000000 0.000000 0.000000 0.000000 0.000000 0.000000 0.000000 0.000000 0.000000 0.000000 0.000000 0.000000 0.000000 0.000000 0.000000 0.000000 0.000000 0.891500 0.000000 0.000000 0.000000 0.000000 0.000000 0.000000 0.000000 0.000000 0.000000 0.000000 0.000000 0.000000 0.000000 0.000000 0.000000 0.000000 0.000000 0.000000 0.000000 0.000000 0.000000 0.000000 0.000000 0.000000 0.000000 0.000000 0.000000 0.000000 0.000000 0.000000 0.000000 0.072542 0.000000 0.000000 0.000000 0.000000 0.000000 
0.000000 0.000000 0.070696 0.000000 0.000000 0.000000 0.009212 0.000000 0.000000 0.000000 0.000000 0.000000 0.000000 0.000000 0.000000 0.000000 0.000000 0.000000 0.000000 0.000000 0.000000 0.000000 0.000000 0.000000 0.000000 0.272986 0.039924 0.000000 0.013128 0.000000 0.012432 0.000000 0.000000 0.000000 0.000000 0.000000 0.000000 0.000000 0.071237 0.000000 0.000000 0.000000 0.000000 0.000000 0.000000 0.000000 0.000000 0.000000 0.000000 0.202446 0.076204 0.000000 0.018809 0.000000 0.027544 0.000000 0.000000 0.000000 0.000000 0.000000 0.000000 0.000000 0.041691 0.000000 0.000000 0.000000 0.000000 0.000000 0.000000 0.000000 0.000000 0.000000 0.000000 0.086103 0.040146 0.000000 0.000000 0.000000 0.017444 0.000000 0.000000 0.000000 0.000000 0.000000 0.000000 0.000000 0.000000 0.000000 0.000000 0.000000 0.000000 0.000000 0.000000 0.000000 0.000000 0.000000 
0.000000 0.000000 0.000000 0.020220 0.000000 0.000000 0.000000 0.000000 0.000000 0.000000 0.000000 0.000000 0.000000 0.000000 0.000000 0.000000 0.000000 0.000000 0.000000 0.000000 0.000000 0.007362 0.000000 0.000000 0.000000 0.000000 0.000000 0.012302 0.000000 0.000000 0.000000 0.000000 0.000000 0.000000 0.000000 0.000000 0.000000 0.000000 0.000000 0.000000 0.000000 0.000000 0.000000 0.000000 0.000000 0.000000 0.000000 0.000000 0.000000 0.000000 0.000000 0.006684 0.000000 0.000000 0.000000 0.000000 0.000000 0.000000 0.000000 0.021467 0.000000 0.000000 0.000000 0.000000 0.000000 0.000000 0.000000 0.000000 0.000000 0.000000 0.000000 0.000000 0.090301 0.021660 0.006999 0.749578 0.000000 0.000000 0.000000 0.000000 0.000000 0.000000 0.000000 0.063427 0.000000 0.000000 0.000000 0.000000 0.000000 0.000000 0.000000 0.000000 0.000000 0.000000 0.000000 0.000000 
0.000000 0.000000 0.000000 0.000000 0.000000 0.000000 0.000000 0.000000 0.000000 0.075116 0.000000 0.000000 0.000000 0.000000 0.000000 0.000000 0.000000 0.000000 0.000000 0.000000 0.000000 0.000000 0.000000 0.000000 0.000000 0.000000 0.000000 0.000000 0.000000 0.000000 0.000000 0.000000 0.440566 0.417642 0.000000 0.000000 0.000000 0.000000 0.000000 0.000000 0.000000 0.000000 0.000000 0.000000 0.000000 0.000000 0.000000 0.000000 0.000000 0.000000 0.000000 0.000000 0.000000 0.000000 0.000000 0.000000 0.000000 0.000000 0.000000 0.066676 0.000000 0.000000 0.000000 0.000000 0.000000 0.000000 0.000000 0.000000 0.000000 0.000000 0.000000 0.000000 0.000000 0.000000 0.000000 0.000000 0.000000 0.000000 0.000000 0.000000 0.000000 0.000000 0.000000 0.000000 0.000000 0.000000 0.000000 0.000000 0.000000 0.000000 0.000000 0.000000 0.000000 0.000000 0.000000 0.000000 
0.000000 0.000000 0.000000 0.000000 0.050330 0.028502 0.005400 0.048526 0.000000 0.014975 0.000000 0.000000 0.000000 0.014784 0.000000 0.000000 0.040139 0.000000 0.040243 0.000000 0.000000 0.000000 0.018325 0.000000 0.000000 0.000000 0.000000 0.000000 0.034167 0.036620 0.009366 0.049969 0.000000 0.000000 0.000000 0.022746 0.010722 0.047804 0.000000 0.000000 0.000000 0.000000 0.018200 0.024945 0.000000 0.000000 0.031606 0.000000 0.000000 0.000000 0.000000 0.000000 0.018044 0.030306 0.000000 0.038604 0.000000 0.000000 0.000000 0.000000 0.025796 0.025977 0.019515 0.000000 0.041173 0.017645 0.012929 0.000000 0.000000 0.000000 0.033192 0.000000 0.000000 0.000000 0.000000 0.000000 0.018206 0.043475 0.000000 0.035454 0.000000 0.000000 0.000000 0.000000 0.000000 0.002423 0.000000 0.000000 0.022649 0.034042 0.012194 0.021006 0.000000 0.000000 0.000000 0.000000 
0.157715 0.066687 0.568627 0.000559 0.000000 0.011836 0.002955 0.050527 0.008449 0.000000 0.030000 0.016460 0.060000 0.026185 
0.044469 0.130000 0.277970 0.056754 0.082629 0.008928 0.056776 0.020441 0.003982 0.017371 0.000315 0.281821 0.010000 0.008545 
0.043237 0.010845 0.041535 0.016277 0.040091 0.085989 0.041929 0.085626 0.164170 0.011311 0.046934 0.051514 0.011008 0.349534 
0.012097 0.000156 0.000045 0.079261 0.002314 0.159057 0.075363 0.030641 0.262517 0.000113 0.100942 0.023919 0.010000 0.243574 
0.315992 0.050000 0.079500 0.023632 0.056083 0.035590 0.091251 0.079308 0.048025 0.020000 0.006164 0.002479 0.131018 0.060959 
0.017999 0.012010 0.018154 0.036770 0.053937 0.117291 0.105954 0.071782 0.219692 0.011164 0.033507 0.055392 0.023985 0.222362 
0.046281 0.110000 0.103500 0.035996 0.045929 0.055095 0.059858 0.129825 0.072837 0.000032 0.020000 0.184873 0.023485 0.112288 
0.032206 0.076814 0.016157 0.018604 0.071297 0.074448 0.064847 0.177155 0.090019 0.020178 0.005840 0.177350 0.042904 0.132180 
0.032586 0.020000 0.355728 0.000356 0.013035 0.030521 0.008301 0.021469 0.223491 0.000012 0.099313 0.015166 0.022839 0.157182 
0.057087 0.021095 0.023164 0.115199 0.035587 0.110167 0.076994 0.079090 0.183953 0.020000 0.107021 0.013884 0.050000 0.106760 
0.021891 0.088926 0.052338 0.228371 0.002375 0.048096 0.068675 0.146629 0.122387 0.044881 0.048235 0.014824 0.035184 0.077187 
0.050880 0.035301 0.000704 0.104651 0.032732 0.091903 0.109318 0.069834 0.196932 0.020088 0.024093 0.013436 0.031791 0.218337 
0.044710 0.046971 0.065218 0.000669 0.018492 0.131183 0.106910 0.085490 0.237831 0.000005 0.053901 0.029720 0.047902 0.130998 
0.022217 0.196131 0.023643 0.089040 0.056977 0.065390 0.063012 0.033066 0.072247 0.040416 0.025294 0.248261 0.001097 0.063210 
0.017710 0.010000 0.015424 0.014081 0.010106 0.035007 0.007063 0.084178 0.426601 0.000009 0.153468 0.028260 0.014863 0.183231 
0.027153 0.020890 0.030048 0.002031 0.014250 0.129149 0.112735 0.198478 0.065818 0.022265 0.061923 0.037900 0.064128 0.213232 
0.071389 0.074651 0.052673 0.124120 0.024469 0.044981 0.024961 0.063449 0.215005 0.070825 0.081594 0.034228 0.061225 0.056431 
0.339868 0.080000 0.126877 0.034848 0.012818 0.065981 0.037658 0.046922 0.073603 0.010000 0.000000 0.014930 0.130746 0.025749 
0.047826 0.021926 0.218662 0.019089 0.012561 0.142133 0.025565 0.126880 0.084581 0.060536 0.003510 0.024599 0.049476 0.162656 
0.021887 0.000000 0.024642 0.000057 0.000780 0.055298 0.015384 0.010972 0.384132 0.000361 0.197762 0.036595 0.034176 0.217953 
0.015255 0.000389 0.041586 0.053117 0.000778 0.115037 0.137238 0.078137 0.143533 0.010875 0.008080 0.013611 0.063622 0.318743 
0.002171 0.000164 0.088855 0.021098 0.018351 0.143140 0.099200 0.068052 0.300609 0.011346 0.049235 0.025154 0.000000 0.172625 
0.024360 0.020000 0.034571 0.042053 0.001288 0.107164 0.038639 0.093168 0.327762 0.070929 0.030869 0.066029 0.000370 0.142797 
0.030212 0.085932 0.017560 0.169835 0.089618 0.008959 0.005785 0.326776 0.048288 0.113509 0.033734 0.000578 0.049194 0.020020 
0.301060 0.097652 0.342932 0.001134 0.000000 0.007911 0.005587 0.062157 0.001619 0.000000 0.000000 0.000474 0.150299 0.029176 
0.045527 0.167669 0.007355 0.043997 0.161968 0.018780 0.027477 0.059984 0.022613 0.045732 0.014392 0.366221 0.015867 0.002417 
0.044521 0.020857 0.014448 0.058512 0.000560 0.152021 0.015489 0.214118 0.213991 0.056427 0.001409 0.057437 0.012839 0.137370 
0.055353 0.050000 0.690148 0.014442 0.020000 0.016267 0.017222 0.015703 0.014207 0.030000 0.000000 0.056374 0.003626 0.016659 
0.022625 0.030000 0.193855 0.015650 0.010000 0.103235 0.017547 0.046314 0.198660 0.010091 0.070443 0.039493 0.025353 0.216734 
0.033467 0.170000 0.001668 0.000641 0.085906 0.048819 0.049879 0.010876 0.062545 0.024002 0.000321 0.449850 0.000714 0.061313 
0.295567 0.059099 0.126624 0.001413 0.020000 0.086507 0.015712 0.023956 0.091536 0.000013 0.043943 0.000999 0.219139 0.015492 
0.040640 0.021308 0.234101 0.088043 0.000000 0.097908 0.018751 0.058554 0.144447 0.050859 0.026788 0.062397 0.065323 0.090881 
0.000186 0.022278 0.020089 0.033471 0.010000 0.107129 0.055045 0.177197 0.218644 0.024834 0.132901 0.057619 0.035952 0.104654 
0.039073 0.082775 0.040113 0.034391 0.048916 0.113683 0.163207 0.055084 0.083467 0.000383 0.029207 0.192358 0.021143 0.096199 
0.052591 0.030000 0.552851 0.018982 0.030163 0.005468 0.023256 0.025714 0.053621 0.030000 0.011881 0.052369 0.035005 0.078101 
0.001565 0.080000 0.026096 0.001585 0.016769 0.077642 0.068671 0.046554 0.321129 0.011555 0.159519 0.137396 0.024035 0.027484 
0.030672 0.000221 0.021832 0.033912 0.018870 0.091974 0.145021 0.057656 0.149001 0.050399 0.043657 0.033735 0.084898 0.238152 
0.000775 0.030000 0.098213 0.018193 0.119986 0.094973 0.370079 0.019736 0.009470 0.000276 0.036406 0.089471 0.000000 0.112422 
0.034543 0.031501 0.024908 0.045767 0.012074 0.097762 0.073858 0.235825 0.132300 0.072057 0.027345 0.017330 0.044813 0.149917 
0.066076 0.268992 0.028032 0.085491 0.151685 0.000978 0.003003 0.005399 0.023395 0.020499 0.001609 0.336591 0.000291 0.007960 
0.046523 0.040000 0.126121 0.065474 0.063274 0.037357 0.090498 0.164080 0.091578 0.089158 0.009264 0.050953 0.013180 0.112540 
0.123314 0.060000 0.324197 0.021093 0.010000 0.026410 0.002812 0.035883 0.231030 0.030338 0.010732 0.034475 0.040000 0.049717 
0.103861 0.060000 0.081001 0.052482 0.000000 0.006164 0.027758 0.364704 0.049722 0.151260 0.042809 0.001548 0.044139 0.014552 
0.054581 0.010000 0.044240 0.038005 0.021754 0.086192 0.094288 0.079497 0.134445 0.062333 0.013309 0.025979 0.102655 0.232722 
0.032082 0.110000 0.037965 0.219422 0.074830 0.015466 0.080036 0.141718 0.026998 0.067435 0.000000 0.111868 0.056890 0.025290 
0.399356 0.106997 0.175705 0.001923 0.000000 0.022632 0.001547 0.026580 0.039615 0.000026 0.000000 0.000428 0.194707 0.030483 
0.014595 0.000000 0.015464 0.011497 0.033483 0.094902 0.097899 0.090973 0.167711 0.000008 0.056505 0.013164 0.021075 0.382725 
0.040092 0.050000 0.029857 0.055392 0.001211 0.038099 0.065139 0.229851 0.134992 0.135157 0.059421 0.001669 0.048264 0.110858 
0.011355 0.090000 0.307434 0.167900 0.000000 0.038033 0.009900 0.134797 0.057255 0.116349 0.023276 0.012189 0.013841 0.017672 
0.002738 0.010000 0.009198 0.042152 0.029893 0.051865 0.028287 0.203262 0.124368 0.030000 0.023548 0.026373 0.047010 0.371305 
0.002569 0.020000 0.009256 0.084465 0.022939 0.149885 0.075509 0.031038 0.276190 0.034013 0.104003 0.017857 0.014004 0.158272 
0.095617 0.040000 0.753109 0.014292 0.000000 0.008467 0.013916 0.010559 0.013116 0.001694 0.000000 0.002829 0.026270 0.020133 
0.050810 0.040000 0.026822 0.095436 0.102896 0.065199 0.193636 0.077096 0.173795 0.040193 0.011906 0.025912 0.076148 0.020152 
0.048263 0.020000 0.334271 0.021209 0.016578 0.104278 0.034863 0.067992 0.157047 0.000170 0.061595 0.001420 0.010000 0.122314 
0.266388 0.090000 0.187014 0.001120 0.001145 0.000000 0.108469 0.045418 0.080748 0.010102 0.000096 0.003572 0.116979 0.088948 
0.012685 0.010000 0.025697 0.027213 0.000025 0.186785 0.099332 0.014086 0.372026 0.010050 0.099455 0.042309 0.010000 0.090336 
0.265689 0.106045 0.114234 0.082869 0.022429 0.026862 0.065898 0.041784 0.009700 0.012307 0.011586 0.011554 0.172538 0.056507 
0.104510 0.060000 0.075177 0.152534 0.024625 0.044950 0.193310 0.032487 0.052904 0.030000 0.012883 0.058700 0.068607 0.089314 
0.222110 0.030000 0.489218 0.013734 0.014331 0.014532 0.013819 0.021772 0.047036 0.001135 0.000601 0.013178 0.066971 0.051564 
0.121553 0.010000 0.429744 0.034826 0.044497 0.021832 0.067704 0.090075 0.080470 0.012328 0.011583 0.016012 0.010000 0.049376 
0.057244 0.023373 0.054737 0.036159 0.045292 0.105916 0.125609 0.132242 0.039962 0.000000 0.063959 0.001462 0.091823 0.222223 
0.005140 0.020000 0.007259 0.178706 0.020891 0.016638 0.004752 0.486903 0.048225 0.159356 0.002590 0.012701 0.010560 0.026278 
0.028429 0.077408 0.193739 0.058861 0.073303 0.077415 0.007420 0.108286 0.090963 0.020538 0.000794 0.134689 0.025162 0.102991 
0.034546 0.042241 0.010000 0.081359 0.037617 0.065036 0.074901 0.305564 0.122954 0.050327 0.005738 0.011745 0.000840 0.157132 
0.067195 0.050000 0.758648 0.013622 0.000000 0.010000 0.010000 0.025424 0.027328 0.000000 0.000000 0.017006 0.010000 0.010777 
0.002716 0.000383 0.010244 0.087038 0.000372 0.111841 0.182883 0.044578 0.300673 0.030087 0.047299 0.026537 0.011120 0.144229 
0.000558 0.010000 0.020080 0.044469 0.041680 0.213934 0.076446 0.041394 0.345063 0.010027 0.031258 0.061282 0.000000 0.103810 
0.027592 0.084592 0.038900 0.254385 0.036224 0.043862 0.058645 0.126474 0.095303 0.147771 0.016803 0.033294 0.025319 0.010836 
0.189263 0.064058 0.152663 0.000083 0.043353 0.047560 0.055836 0.038680 0.116634 0.012166 0.045002 0.016613 0.103685 0.114405 
0.216342 0.100000 0.285071 0.015365 0.016120 0.015795 0.004488 0.051981 0.052201 0.030000 0.037355 0.050945 0.087281 0.037056 
0.050256 0.070000 0.504256 0.000120 0.000403 0.091260 0.050652 0.038505 0.086049 0.000550 0.037979 0.013567 0.011292 0.045109 
0.015257 0.010000 0.007037 0.000119 0.002805 0.035910 0.061433 0.021370 0.289622 0.010447 0.248723 0.026413 0.081434 0.189429 
0.068359 0.060000 0.057742 0.185628 0.030000 0.090150 0.012400 0.153293 0.061020 0.070385 0.042091 0.047269 0.063306 0.058357 
0.034714 0.160000 0.198214 0.001075 0.073202 0.010790 0.043978 0.068473 0.020479 0.030000 0.030602 0.323168 0.000154 0.005152 
0.152848 0.060000 0.048603 0.059009 0.025789 0.030442 0.030741 0.232097 0.031660 0.090000 0.030193 0.011859 0.141174 0.055585 
0.053367 0.000388 0.141857 0.039214 0.058047 0.086511 0.291867 0.098688 0.094048 0.000396 0.000942 0.038114 0.010584 0.085976 
0.022693 0.134747 0.004549 0.081530 0.078894 0.077981 0.055744 0.129841 0.092256 0.000273 0.080801 0.167736 0.014073 0.058882 
0.043159 0.046389 0.040544 0.104526 0.017124 0.089406 0.101564 0.154776 0.098082 0.050398 0.050555 0.050595 0.035866 0.117015 
0.049836 0.012210 0.026969 0.046775 0.001324 0.047306 0.057663 0.296747 0.102598 0.050383 0.003521 0.024508 0.060308 0.219853 
0.246294 0.165283 0.107608 0.019827 0.080000 0.023933 0.020622 0.007715 0.006912 0.020000 0.000876 0.155630 0.118766 0.026534 
0.175215 0.257981 0.017368 0.001793 0.034158 0.027366 0.042464 0.040014 0.043329 0.062202 0.000000 0.198123 0.083495 0.016492 
0.027694 0.020000 0.005977 0.082364 0.033504 0.032147 0.034434 0.095115 0.164683 0.034095 0.158889 0.122577 0.011921 0.176599 
0.015784 0.030000 0.031932 0.021806 0.024806 0.009764 0.014463 0.064995 0.229454 0.000742 0.160986 0.117318 0.024905 0.253045 
0.011198 0.060000 0.026518 0.117454 0.047256 0.043697 0.020760 0.353794 0.041892 0.092677 0.032284 0.070388 0.012293 0.069790 
0.228344 0.136716 0.195540 0.025176 0.020570 0.029120 0.017275 0.098176 0.003872 0.010000 0.018955 0.033667 0.146862 0.035728 
0.533008 0.060000 0.154279 0.002724 0.010000 0.010000 0.000000 0.013776 0.016710 0.000000 0.001702 0.001854 0.165679 0.030269 
0.094987 0.130000 0.212290 0.068201 0.023935 0.012789 0.031795 0.175091 0.038120 0.060986 0.001367 0.071083 0.059889 0.019467 
0.264922 0.045063 0.165204 0.002515 0.019010 0.082410 0.026601 0.048034 0.085371 0.000378 0.011836 0.011255 0.064918 0.172484 
0.034889 0.057527 0.043060 0.232987 0.024283 0.100312 0.037255 0.141571 0.107753 0.066515 0.000341 0.037269 0.027500 0.088738 
0.031691 0.010000 0.001635 0.083551 0.029019 0.043625 0.044841 0.385027 0.012393 0.212180 0.036547 0.023987 0.011288 0.074217 
0.001229 0.000000 0.017733 0.011657 0.037723 0.048615 0.128428 0.073913 0.191272 0.029153 0.156338 0.030384 0.038837 0.234717 
0.016711 0.000478 0.000000 0.097446 0.012864 0.011563 0.037374 0.477969 0.048081 0.181921 0.036102 0.000387 0.056913 0.022194 
0.001377 0.067633 0.086410 0.021017 0.040000 0.003968 0.009403 0.021949 0.211391 0.000772 0.160388 0.188558 0.067296 0.119838 
0.217660 0.065985 0.086002 0.111078 0.000691 0.013213 0.037258 0.060580 0.103118 0.056623 0.001011 0.049749 0.147393 0.049641 
0.002682 0.094325 0.009893 0.020450 0.040531 0.070470 0.040629 0.039035 0.274773 0.010134 0.068822 0.224604 0.000238 0.103414 
0.031144 0.000000 0.283605 0.001820 0.041930 0.068576 0.132702 0.040022 0.156381 0.010000 0.010927 0.014219 0.024247 0.184425 
0.034817 0.143981 0.003077 0.108805 0.065133 0.130763 0.024536 0.140423 0.090267 0.141107 0.002755 0.069228 0.010858 0.034250 
0.043769 0.010000 0.004996 0.045652 0.016523 0.163602 0.011534 0.065252 0.132812 0.011997 0.079177 0.062730 0.085058 0.266898 
0.012571 0.021277 0.030000 0.080667 0.031565 0.093439 0.033034 0.124396 0.310993 0.057003 0.020126 0.030976 0.013198 0.140753 
0.000926 0.001175 0.037924 0.000524 0.012237 0.034090 0.043010 0.095137 0.327626 0.000070 0.167376 0.065930 0.031320 0.182656 
0.011127 0.000000 0.063172 0.000339 0.001881 0.122243 0.087091 0.032762 0.145162 0.000017 0.000714 0.039560 0.054116 0.441816 
0.012573 0.000217 0.021379 0.000035 0.012364 0.102794 0.057690 0.148688 0.274010 0.000404 0.059575 0.013313 0.000547 0.296410 
0.020000 0.032061 0.012133 0.000220 0.044578 0.180083 0.132614 0.014556 0.280803 0.010131 0.001512 0.091255 0.033218 0.146836 
0.032561 0.000000 0.093187 0.000494 0.063376 0.046290 0.163104 0.059519 0.145423 0.000284 0.012863 0.041044 0.031908 0.309946 
0.012006 0.150164 0.004894 0.000783 0.076431 0.043096 0.264389 0.063735 0.060071 0.011015 0.007386 0.286499 0.012513 0.007019 
0.001943 0.090000 0.047334 0.029115 0.116601 0.036521 0.148232 0.053177 0.060144 0.022093 0.014144 0.154531 0.039094 0.187071 
0.051784 0.031840 0.371442 0.036365 0.025820 0.085952 0.058864 0.047778 0.045122 0.023393 0.031002 0.070131 0.025153 0.095355 
0.003256 0.000261 0.023220 0.000863 0.067683 0.142017 0.382923 0.074525 0.093390 0.013456 0.046063 0.013066 0.000791 0.138485 
0.061419 0.064188 0.163718 0.162547 0.000530 0.035997 0.038313 0.189378 0.102260 0.088516 0.006052 0.028801 0.039670 0.018610 
0.060908 0.010750 0.016514 0.110152 0.000462 0.101357 0.008984 0.144841 0.228154 0.030000 0.150756 0.001545 0.047730 0.087845 
0.050939 0.000000 0.013965 0.013793 0.034899 0.125078 0.100034 0.102750 0.189424 0.050221 0.050417 0.014127 0.071633 0.182718 
0.050422 0.000000 0.000855 0.002279 0.000560 0.058480 0.116724 0.091726 0.227362 0.012861 0.043164 0.031675 0.024723 0.339169 
0.002196 0.010000 0.086458 0.057378 0.001135 0.088023 0.056860 0.323694 0.124954 0.082656 0.057706 0.026594 0.023005 0.059340 
0.139135 0.030000 0.724810 0.000241 0.010000 0.014899 0.009909 0.018296 0.002739 0.000000 0.000000 0.012911 0.030000 0.007061 
0.034634 0.021902 0.165979 0.053458 0.060189 0.106216 0.271397 0.055424 0.106993 0.000023 0.000544 0.076108 0.002113 0.045022 
0.051024 0.052963 0.005724 0.025888 0.054624 0.060196 0.089565 0.112858 0.081437 0.020194 0.029166 0.147074 0.026748 0.242540 
0.001303 0.040000 0.030120 0.027721 0.023744 0.027756 0.034669 0.047171 0.274145 0.020129 0.133537 0.175338 0.033593 0.130775 
0.033327 0.040000 0.087411 0.166599 0.015146 0.076329 0.022638 0.125911 0.150672 0.080428 0.033476 0.079683 0.020000 0.068381 
0.152492 0.160000 0.048440 0.001342 0.068695 0.030021 0.085360 0.069084 0.014395 0.034451 0.000974 0.280207 0.043183 0.011357 
0.153552 0.060000 0.052740 0.100931 0.000681 0.003567 0.067763 0.394962 0.027688 0.054694 0.019601 0.011170 0.049635 0.003015 
0.056309 0.010944 0.022139 0.013375 0.003685 0.174936 0.068272 0.089337 0.091207 0.000229 0.095513 0.076299 0.050499 0.247254 
0.001155 0.030000 0.011580 0.000407 0.011571 0.005857 0.006749 0.069428 0.379554 0.000463 0.133108 0.106602 0.053089 0.190438 
0.382035 0.097507 0.183480 0.016402 0.002748 0.011940 0.002352 0.039305 0.021460 0.000000 0.000000 0.000500 0.218153 0.024119 
0.221444 0.105462 0.048467 0.011011 0.075830 0.045090 0.039608 0.033584 0.139991 0.000009 0.019808 0.112043 0.115498 0.032155 
0.225062 0.050000 0.064354 0.018582 0.011493 0.077864 0.065195 0.051632 0.239031 0.012319 0.008674 0.019367 0.093116 0.063309 
0.017117 0.000280 0.106805 0.031689 0.039214 0.059281 0.160670 0.101422 0.114647 0.010000 0.046567 0.030163 0.034231 0.247913 
0.022655 0.000000 0.015130 0.000303 0.000296 0.033225 0.029090 0.055152 0.331396 0.000340 0.261286 0.026323 0.010955 0.213848 
0.025400 0.000000 0.004914 0.003135 0.000634 0.049428 0.025590 0.026829 0.461382 0.000723 0.146201 0.028989 0.047733 0.179041 
0.001406 0.011603 0.020068 0.028794 0.050544 0.143071 0.173407 0.043023 0.336016 0.000171 0.023334 0.034659 0.020000 0.113905 
0.096784 0.032499 0.338213 0.038731 0.052055 0.030893 0.194848 0.015833 0.075615 0.011060 0.000367 0.037784 0.025155 0.050162 
0.024133 0.010000 0.012998 0.020665 0.000735 0.124438 0.070080 0.041881 0.365239 0.020049 0.030472 0.083483 0.020000 0.175828 
0.190850 0.126792 0.115030 0.000900 0.001242 0.029887 0.008980 0.042453 0.146773 0.000815 0.100617 0.027405 0.115160 0.093096 
0.110045 0.040000 0.717517 0.000221 0.000000 0.012985 0.001131 0.011754 0.042298 0.000000 0.001436 0.031359 0.020000 0.011253 
0.251230 0.093687 0.172650 0.000129 0.042764 0.087467 0.106294 0.005357 0.067215 0.031030 0.000000 0.043829 0.096969 0.001379 
0.037011 0.010000 0.019259 0.015953 0.094441 0.061849 0.372763 0.052894 0.144944 0.010000 0.000208 0.048417 0.013152 0.119110 
0.077071 0.040000 0.567966 0.042766 0.000000 0.001140 0.002959 0.199338 0.002794 0.020000 0.001179 0.025276 0.000532 0.018979 
0.036688 0.080000 0.020197 0.266524 0.002517 0.064089 0.004858 0.123299 0.103224 0.126118 0.046857 0.012799 0.011268 0.101560 
0.044017 0.010000 0.051607 0.055239 0.068149 0.137922 0.304596 0.043854 0.085379 0.010691 0.035186 0.020418 0.050000 0.082943 
0.082489 0.030000 0.207139 0.001463 0.010135 0.076801 0.025787 0.081806 0.257674 0.010035 0.006849 0.013883 0.066559 0.129380 
0.034765 0.000000 0.091970 0.083677 0.001151 0.038381 0.020286 0.113030 0.256406 0.010071 0.129432 0.033108 0.092907 0.094816 
0.027616 0.000201 0.014303 0.000094 0.000014 0.122299 0.024190 0.102387 0.267005 0.000010 0.113401 0.001765 0.061484 0.265231 
0.114610 0.044590 0.102331 0.005036 0.114023 0.065758 0.202525 0.021620 0.057873 0.021975 0.000370 0.085387 0.064320 0.099584 
0.042272 0.031360 0.020072 0.012408 0.016295 0.128969 0.068940 0.042190 0.143380 0.030174 0.040022 0.168386 0.031835 0.223696 
0.015861 0.011305 0.040873 0.001323 0.030000 0.050215 0.033077 0.059570 0.285176 0.000066 0.182684 0.001219 0.042510 0.246122 
0.105179 0.010000 0.256539 0.066591 0.000030 0.010015 0.047582 0.070969 0.223326 0.020078 0.081373 0.002358 0.010819 0.095141 
0.059213 0.052815 0.016276 0.042038 0.042668 0.049015 0.019259 0.518034 0.042908 0.111096 0.001151 0.019549 0.000285 0.025693 
0.026086 0.045115 0.012257 0.013960 0.076784 0.074730 0.053805 0.070240 0.116205 0.000000 0.019757 0.225045 0.023160 0.242856 
0.418673 0.043424 0.185828 0.000885 0.018389 0.049683 0.011845 0.032838 0.064176 0.000018 0.000000 0.000732 0.168801 0.004708 
0.192498 0.085254 0.095796 0.104097 0.000000 0.027442 0.014454 0.233728 0.046348 0.060000 0.010879 0.001534 0.073450 0.054522 
0.275089 0.100000 0.458240 0.011124 0.000000 0.010717 0.007458 0.019369 0.003139 0.000000 0.000000 0.025564 0.085777 0.003523 
0.083429 0.022201 0.382685 0.000582 0.059440 0.043229 0.013039 0.125673 0.002734 0.010000 0.005758 0.184904 0.000896 0.065429 
0.054000 0.000293 0.300347 0.016817 0.014263 0.069762 0.066851 0.124966 0.106305 0.011528 0.042906 0.034561 0.023541 0.133859 
0.060551 0.060000 0.086842 0.014793 0.055239 0.104484 0.212705 0.052698 0.129000 0.020000 0.046234 0.012718 0.040000 0.104736 
0.067083 0.115631 0.061318 0.018644 0.055471 0.042098 0.048178 0.071052 0.119367 0.014134 0.012662 0.260118 0.011128 0.103115 
0.030831 0.030000 0.002886 0.008023 0.034939 0.054004 0.083696 0.099685 0.267622 0.013652 0.076477 0.087813 0.062116 0.148257 
0.032525 0.075521 0.046629 0.168701 0.012967 0.024571 0.035955 0.073417 0.244431 0.088064 0.050347 0.001396 0.057396 0.088079 
0.040422 0.193601 0.044102 0.001019 0.086799 0.044984 0.034450 0.068002 0.050735 0.036325 0.025107 0.362563 0.000304 0.011586 
0.018119 0.285683 0.002523 0.033521 0.168262 0.019739 0.020179 0.033024 0.044980 0.030000 0.006041 0.321659 0.000213 0.016058 
0.040953 0.010000 0.202126 0.078352 0.010000 0.045735 0.034676 0.318099 0.096569 0.119421 0.004127 0.001123 0.011596 0.027222 
0.230546 0.106425 0.119815 0.125807 0.000431 0.017533 0.047286 0.113696 0.053654 0.071472 0.018331 0.028936 0.044803 0.021265 
0.011701 0.030000 0.063920 0.215712 0.010000 0.084878 0.049475 0.211106 0.056130 0.190555 0.006156 0.014015 0.017291 0.039062 
0.034468 0.186162 0.055227 0.018889 0.019755 0.063968 0.040187 0.034096 0.125259 0.035298 0.013180 0.292142 0.024130 0.057240 
0.063453 0.105006 0.023425 0.028278 0.076375 0.049759 0.035355 0.145893 0.081641 0.010204 0.045863 0.190287 0.000721 0.143740 
0.080294 0.040000 0.504637 0.022688 0.019550 0.023700 0.027261 0.083922 0.085642 0.000000 0.015435 0.062385 0.000195 0.034292 
0.074442 0.070000 0.564980 0.018700 0.000000 0.027568 0.023882 0.042994 0.046008 0.020310 0.000610 0.013766 0.048765 0.047975 
0.047446 0.064599 0.016272 0.153200 0.000723 0.013041 0.131980 0.145560 0.096529 0.118805 0.075507 0.014391 0.058669 0.063280 
0.024346 0.000000 0.247740 0.026550 0.034972 0.103082 0.045766 0.027353 0.165661 0.010053 0.061430 0.001476 0.011710 0.239862 
0.015670 0.000000 0.042583 0.001051 0.024007 0.070473 0.096797 0.173197 0.213655 0.020163 0.020657 0.024483 0.042050 0.255213 
0.022487 0.084404 0.043155 0.122377 0.036890 0.039997 0.055041 0.259948 0.056281 0.097133 0.021621 0.084657 0.012171 0.063838 
0.013345 0.000308 0.026844 0.000189 0.027629 0.164233 0.083229 0.051571 0.200717 0.020086 0.016749 0.026499 0.032156 0.336444 
0.385698 0.070000 0.173032 0.000000 0.020000 0.043993 0.063705 0.003760 0.001464 0.000493 0.015079 0.000423 0.198165 0.024188 
0.027114 0.020765 0.033932 0.050010 0.027131 0.159849 0.157862 0.077831 0.098428 0.025967 0.013763 0.054503 0.032222 0.220622 
0.022335 0.190000 0.033530 0.001655 0.071791 0.036758 0.012855 0.048230 0.071304 0.010000 0.012988 0.380501 0.010000 0.098054 
0.015609 0.022143 0.017246 0.015832 0.125509 0.098606 0.222426 0.014897 0.245959 0.010111 0.020165 0.067475 0.000000 0.124023 
0.000536 0.200000 0.002071 0.044740 0.150238 0.015369 0.012725 0.060725 0.038236 0.030521 0.012668 0.395628 0.002101 0.034443 
0.070066 0.077033 0.134897 0.036657 0.012407 0.079925 0.037074 0.105507 0.152954 0.010058 0.010810 0.097140 0.060015 0.115458 
0.088424 0.067092 0.325361 0.025231 0.074741 0.062851 0.070779 0.070339 0.050512 0.023262 0.001187 0.037549 0.022657 0.080017 
0.037352 0.052873 0.143105 0.147193 0.014744 0.068606 0.082955 0.068772 0.152463 0.070382 0.007094 0.013283 0.054696 0.086482 
0.015714 0.065782 0.007006 0.000000 0.017608 0.023587 0.016872 0.006396 0.332171 0.042568 0.225693 0.108225 0.030000 0.108378 
0.020136 0.000378 0.105837 0.033561 0.011565 0.048012 0.087547 0.079172 0.301577 0.000369 0.094550 0.013764 0.012242 0.191289 
0.038278 0.217500 0.008467 0.050133 0.093691 0.039571 0.008608 0.025773 0.030577 0.020000 0.013644 0.433192 0.000000 0.020566 
0.208777 0.024598 0.098542 0.028010 0.001739 0.031497 0.095009 0.116643 0.076512 0.010000 0.002049 0.111958 0.129853 0.064814 
0.014721 0.000000 0.002790 0.016224 0.000000 0.055719 0.005034 0.054628 0.275665 0.000082 0.286784 0.078086 0.093908 0.116359 
0.060198 0.043170 0.031013 0.086083 0.030197 0.021794 0.193969 0.070821 0.120584 0.042725 0.004461 0.098077 0.043695 0.153214 
0.017619 0.010000 0.025582 0.002819 0.001104 0.080045 0.053136 0.013895 0.477176 0.000011 0.027484 0.073076 0.000000 0.218053 
0.079504 0.012803 0.015898 0.048955 0.000742 0.074073 0.098491 0.133434 0.110870 0.010000 0.031716 0.042828 0.034275 0.306412 
0.017239 0.034936 0.035076 0.024658 0.033774 0.093034 0.142024 0.109362 0.195103 0.027863 0.046569 0.056175 0.000557 0.183631 
0.060884 0.060000 0.209303 0.015475 0.037923 0.105106 0.169113 0.078944 0.105233 0.000210 0.002016 0.013030 0.081192 0.061570 
0.015149 0.023926 0.045091 0.037274 0.064597 0.130650 0.171760 0.057679 0.244228 0.020143 0.015018 0.019485 0.013201 0.141801 
0.028966 0.044938 0.013767 0.206272 0.010000 0.074216 0.027145 0.198168 0.144849 0.075111 0.027179 0.034663 0.050076 0.064650 
0.022791 0.010000 0.184741 0.001705 0.000530 0.106574 0.100190 0.110912 0.138570 0.014610 0.005562 0.035270 0.041526 0.227019 
0.000316 0.055124 0.000000 0.204314 0.000000 0.071743 0.085074 0.301119 0.095965 0.106875 0.001342 0.010927 0.023689 0.043513 
0.054383 0.183511 0.305227 0.016129 0.055101 0.016233 0.017359 0.114024 0.022984 0.037031 0.003479 0.140360 0.011584 0.022594 
0.016501 0.040000 0.065942 0.047617 0.058339 0.095359 0.004716 0.343558 0.070707 0.102001 0.035684 0.069331 0.000504 0.049739 
0.076690 0.050000 0.048768 0.220911 0.014829 0.029599 0.056012 0.121162 0.150393 0.030166 0.010280 0.049305 0.032302 0.109581 
0.011179 0.020000 0.146090 0.010538 0.000000 0.025010 0.009799 0.075745 0.333237 0.024224 0.115327 0.039443 0.022297 0.167111 
0.002582 0.000525 0.017794 0.001202 0.000980 0.027671 0.071926 0.110351 0.265769 0.044353 0.194392 0.026919 0.040000 0.195534 
0.012298 0.010433 0.062663 0.034241 0.030292 0.195710 0.045904 0.018797 0.221435 0.020078 0.097282 0.076312 0.020000 0.154555 
0.024061 0.080000 0.131271 0.044130 0.000000 0.013093 0.028505 0.176554 0.225645 0.025520 0.091721 0.092724 0.021161 0.045614 
0.034186 0.010478 0.022249 0.037611 0.039600 0.135052 0.272621 0.019235 0.109605 0.035824 0.043632 0.012704 0.017710 0.209492 
0.167299 0.023829 0.544445 0.000103 0.000000 0.017132 0.003355 0.064397 0.093047 0.000650 0.018022 0.050748 0.014859 0.002113 
0.017882 0.000463 0.032776 0.025501 0.024046 0.028534 0.114952 0.093316 0.224357 0.023966 0.075493 0.028753 0.041752 0.268209 
0.022532 0.010000 0.006972 0.039872 0.035947 0.080471 0.273588 0.022861 0.254332 0.000015 0.052568 0.027606 0.014500 0.158735 
0.033475 0.083245 0.001453 0.000435 0.061450 0.076800 0.180985 0.102155 0.048513 0.043674 0.022479 0.216184 0.031829 0.097324 
0.042345 0.000000 0.253438 0.001334 0.001563 0.099702 0.095740 0.050810 0.165632 0.013406 0.051066 0.036017 0.042602 0.146346 
0.027967 0.020895 0.024478 0.075858 0.033411 0.127883 0.158193 0.092757 0.076542 0.032683 0.078353 0.027783 0.025872 0.197326 
0.031250 0.033823 0.034226 0.136018 0.038681 0.004769 0.025421 0.325824 0.079251 0.128220 0.028360 0.011069 0.023743 0.099345 
0.242171 0.020000 0.081880 0.026980 0.000000 0.108096 0.027375 0.113115 0.111526 0.000011 0.029193 0.014188 0.111791 0.113673 
0.152006 0.136857 0.187694 0.001856 0.036197 0.024842 0.029479 0.087652 0.039358 0.020000 0.004397 0.098422 0.120717 0.060522 
0.039600 0.012041 0.058803 0.089320 0.036599 0.098265 0.195504 0.085628 0.253151 0.000000 0.004606 0.028882 0.000203 0.097398 
0.166345 0.150000 0.102526 0.000756 0.027925 0.041317 0.027906 0.026234 0.093983 0.010180 0.000330 0.112090 0.112243 0.128165 
0.017188 0.000000 0.020232 0.003898 0.000272 0.010525 0.003554 0.047474 0.407212 0.011286 0.193880 0.036822 0.015628 0.232029 
0.023850 0.000000 0.004461 0.029945 0.116526 0.069519 0.461419 0.065909 0.082142 0.000073 0.017914 0.042780 0.038351 0.047110 
0.167835 0.033348 0.114560 0.000845 0.022993 0.070418 0.256807 0.031194 0.048862 0.020000 0.017978 0.026502 0.150926 0.037732 
0.182627 0.110000 0.097546 0.016126 0.010451 0.066649 0.041380 0.154389 0.023936 0.051130 0.012557 0.023754 0.150093 0.059361 
0.001217 0.041945 0.005759 0.003185 0.056675 0.116617 0.022128 0.012686 0.345355 0.012527 0.082345 0.130581 0.010000 0.158980 
0.013360 0.000228 0.013897 0.080036 0.043053 0.075086 0.186397 0.136873 0.117230 0.073961 0.064393 0.022435 0.010447 0.162602 
0.031812 0.022663 0.031263 0.020964 0.088011 0.133970 0.212921 0.068112 0.146405 0.020115 0.044876 0.087529 0.035261 0.056096 
0.373696 0.110000 0.135943 0.012506 0.006783 0.017929 0.000911 0.021890 0.018847 0.010000 0.001320 0.000927 0.245925 0.043324 
