-212981.870832
0
0.103456 0.090891 0.000000 0.071588 0.000000 0.000000 0.000000 0.000000 0.007557 0.000000 0.000000 0.000000 0.000000 0.000000 0.000000 0.000000 0.000000 0.000000 0.000000 0.000000 0.000000 0.000000 0.000000 0.000000 0.110218 0.118686 0.014160 0.084223 0.000000 0.000000 0.000000 0.000000 0.000000 0.000000 0.000000 0.000000 0.000000 0.027768 0.000000 0.000000 0.000000 0.000000 0.000000 0.000000 0.000000 0.000000 0.000000 0.000000 0.000000 0.076787 0.028904 0.083967 0.000000 0.000000 0.000000 0.000000 0.000000 0.000000 0.000000 0.000000 0.000000 0.025073 0.000000 0.036391 0.000000 0.000000 0.000000 0.000000 0.000000 0.000000 0.000000 0.000000 0.000000 0.104718 0.000000 0.000000 0.000000 0.000000 0.006617 0.000000 0.000000 0.000000 0.000000 0.000000 0.000000 0.000000 0.008995 0.000000 0.000000 0.000000 0.000000 0.000000 0.000000 0.000000 0.000000 0.000000 
0.000000 0.000000 0.000000 0.017959 0.000000 0.000000 0.000000 0.000000 0.000000 0.000000 0.000000 0.000000 0.000000 0.000000 0.000000 0.000000 0.000000 0.000000 0.000000 0.000000 0.000000 0.006937 0.000000 0.021098 0.000000 0.000000 0.000000 0.009676 0.000000 0.000000 0.000000 0.000000 0.000000 0.000000 0.000000 0.000000 0.000000 0.000000 0.000000 0.000000 0.000000 0.000000 0.000000 0.000000 0.000000 0.000000 0.000000 0.000000 0.000000 0.000000 0.000000 0.009555 0.000000 0.000000 0.000000 0.000000 0.000000 0.000000 0.000000 0.017059 0.000000 0.000000 0.000000 0.000000 0.000000 0.015345 0.000000 0.000000 0.000000 0.001977 0.000000 0.000000 0.074459 0.015428 0.006401 0.648034 0.000000 0.000000 0.000000 0.000000 0.000000 0.000000 0.000000 0.000000 0.000000 0.000000 0.000000 0.000000 0.000000 0.022010 0.000000 0.000000 0.000000 0.011876 0.000000 0.122186 
0.000000 0.000000 0.000000 0.000000 0.000000 0.000000 0.000000 0.000000 0.000000 0.027687 0.000000 0.009762 0.000000 0.000000 0.000000 0.000000 0.000000 0.000000 0.000000 0.000000 0.000000 0.000000 0.000000 0.000000 0.000000 0.000000 0.000000 0.000000 0.000000 0.000000 0.000000 0.000000 0.142055 0.173342 0.018660 0.125070 0.000000 0.000000 0.000000 0.000000 0.000000 0.000000 0.000000 0.000000 0.000000 0.000000 0.000000 0.000000 0.000000 0.000000 0.000000 0.000000 0.000000 0.000000 0.000000 0.000000 0.000000 0.026523 0.000000 0.027675 0.000000 0.000000 0.000000 0.000000 0.000000 0.000000 0.000000 0.000000 0.000000 0.000000 0.000000 0.000000 0.000000 0.000000 0.000000 0.000000 0.000000 0.000000 0.000000 0.000000 0.000000 0.415441 0.000000 0.033784 0.000000 0.000000 0.000000 0.000000 0.000000 0.000000 0.000000 0.000000 0.000000 0.000000 0.000000 0.000000 
0.000000 0.000000 0.044271 0.000000 0.019305 0.000000 0.014374 0.000000 0.000000 0.000000 0.000000 0.000000 0.013910 0.000000 0.048232 0.000000 0.000000 0.000000 0.000000 0.000000 0.000000 0.000000 0.000000 0.000000 0.000000 0.000000 0.000000 0.000000 0.024856 0.021714 0.016558 0.019052 0.033576 0.000000 0.000000 0.050420 0.057495 0.000000 0.131952 0.051831 0.000000 0.000000 0.000000 0.000000 0.000000 0.000000 0.000000 0.000000 0.124150 0.000000 0.000000 0.000000 0.040534 0.000000 0.017249 0.000000 0.000000 0.000000 0.000000 0.000000 0.041109 0.000000 0.057208 0.000000 0.000000 0.000000 0.000000 0.000000 0.000000 0.000000 0.000000 0.000000 0.135865 0.000000 0.024732 0.000000 0.000000 0.011606 0.000000 0.000000 0.000000 0.000000 0.000000 0.000000 0.000000 0.000000 0.000000 0.000000 0.000000 0.000000 0.000000 0.000000 0.000000 0.000000 0.000000 0.000000 
0.000000 0.000000 0.000000 0.000000 0.000000 0.000000 0.000000 0.000000 0.000000 0.000000 0.000000 0.000000 0.000000 0.000000 0.000000 0.000000 0.000000 0.017984 0.000000 0.000000 0.102991 0.000000 0.000000 0.057447 0.000000 0.000000 0.000000 0.000000 0.000000 0.000000 0.000000 0.000000 0.000000 0.000000 0.000000 0.000000 0.000000 0.000000 0.000000 0.000000 0.000000 0.000000 0.000000 0.000000 0.085738 0.000000 0.023867 0.266102 0.000000 0.000000 0.000000 0.000000 0.000000 0.000000 0.000000 0.000000 0.000000 0.000000 0.000000 0.000000 0.000000 0.000000 0.000000 0.000000 0.000000 0.000000 0.000000 0.000000 0.014557 0.000000 0.000000 0.024713 0.045714 0.000000 0.000000 0.000000 0.000000 0.000000 0.000000 0.000000 0.000000 0.000000 0.000000 0.000000 0.000000 0.000000 0.000000 0.000000 0.000000 0.000000 0.000000 0.000000 0.173568 0.000000 0.000000 0.187319 
0.000000 0.000000 0.000000 0.000000 0.000000 0.000000 0.000000 0.000000 0.000000 0.000000 0.000000 0.000000 0.000000 0.000000 0.000000 0.000000 0.000000 0.000000 0.000000 0.000000 0.000000 0.000000 0.000000 0.000000 0.000000 0.000000 0.000000 0.000000 0.000000 0.000000 0.000000 0.000000 0.000000 0.000000 0.000000 0.000000 0.000000 0.000000 0.000000 0.000000 0.000000 0.000000 0.000000 0.000000 0.000000 0.000000 0.000000 0.000000 0.000000 0.000000 0.000000 0.000000 0.000000 0.000000 0.000000 0.000000 0.000000 0.000000 0.000000 0.000000 0.000000 0.000000 0.000000 0.000000 0.000000 0.000000 0.000000 0.000000 0.000000 0.000000 0.000000 0.000000 0.009229 0.000000 0.000000 0.000000 0.034014 0.000000 0.000000 0.071706 0.542527 0.037953 0.000000 0.304571 0.000000 0.000000 0.000000 0.000000 0.000000 0.000000 0.000000 0.000000 0.000000 0.000000 0.000000 0.000000 
0.000000 0.000000 0.000000 0.000000 0.000000 0.000000 0.000000 0.000000 0.042045 0.026105 0.194477 0.015359 0.000000 0.000000 0.000000 0.000000 0.000000 0.000000 0.017211 0.000000 0.000000 0.000000 0.000000 0.000000 0.000000 0.010537 0.006526 0.052435 0.000000 0.000000 0.000000 0.000000 0.000000 0.000000 0.152413 0.000000 0.000000 0.000000 0.000000 0.000000 0.000000 0.000000 0.000000 0.000000 0.000000 0.000000 0.000000 0.000000 0.000000 0.000000 0.000000 0.000000 0.000000 0.001615 0.000000 0.000000 0.101083 0.105933 0.188884 0.070317 0.000000 0.000000 0.000000 0.000000 0.000000 0.005895 0.000000 0.000000 0.000000 0.001244 0.000000 0.000000 0.000000 0.000000 0.000000 0.000000 0.000000 0.000000 0.000000 0.000000 0.000000 0.000000 0.000000 0.000000 0.000000 0.000000 0.000000 0.000000 0.000000 0.000000 0.007922 0.000000 0.000000 0.000000 0.000000 0.000000 
0.000000 0.000000 0.000000 0.000000 0.000000 0.000000 0.000000 0.000000 0.000000 0.000000 0.000000 0.000000 0.000000 0.000000 0.000000 0.000000 0.000000 0.000000 0.000000 0.000000 0.000000 0.000000 0.000000 0.000000 0.000000 0.000000 0.000000 0.000000 0.000000 0.000000 0.000000 0.000000 0.000000 0.000000 0.000000 0.000000 0.000000 0.000000 0.000000 0.000000 0.000000 0.000000 0.000000 0.000000 0.000000 0.000000 0.000000 0.000000 0.000000 0.000000 0.000000 0.000000 0.000000 0.000000 0.000000 0.000000 0.000000 0.000000 0.000000 0.000000 0.000000 0.000000 0.000000 0.000000 0.000000 0.000000 0.000000 0.042874 0.000000 0.000000 0.000000 0.000000 0.000000 0.000000 0.000000 0.000000 0.000000 0.000000 0.000000 0.000000 0.000000 0.000000 0.856054 0.101072 0.000000 0.000000 0.000000 0.000000 0.000000 0.000000 0.000000 0.000000 0.000000 0.000000 0.000000 0.000000 
0.000000 0.000000 0.000000 0.000000 0.000000 0.000000 0.000000 0.000000 0.019134 0.005125 0.000000 0.000000 0.036845 0.000000 0.017072 0.067138 0.102878 0.000000 0.073801 0.078321 0.000000 0.012502 0.021210 0.014116 0.000000 0.000000 0.000000 0.000000 0.000000 0.000000 0.000000 0.000000 0.000000 0.000000 0.000000 0.000000 0.000000 0.000000 0.000000 0.000000 0.050103 0.036087 0.000000 0.073317 0.000000 0.000000 0.000000 0.000000 0.013551 0.000000 0.000000 0.000000 0.000000 0.000000 0.000000 0.000000 0.000000 0.000000 0.000000 0.000000 0.000000 0.000000 0.000000 0.000000 0.000000 0.029992 0.000000 0.040125 0.004368 0.000000 0.000000 0.026175 0.000000 0.000000 0.000000 0.000000 0.000000 0.000000 0.000000 0.000000 0.000000 0.000000 0.000000 0.000000 0.049435 0.000000 0.031956 0.057210 0.000000 0.045211 0.000000 0.074486 0.000000 0.019844 0.000000 0.000000 
0.015199 0.000000 0.000000 0.000000 0.051242 0.038217 0.000000 0.065066 0.054497 0.023836 0.000000 0.032297 0.000000 0.000000 0.000000 0.000000 0.000000 0.000000 0.000000 0.013797 0.000000 0.000000 0.000000 0.000000 0.000000 0.000000 0.000000 0.000000 0.031816 0.030832 0.005176 0.050971 0.028798 0.000000 0.000000 0.017711 0.000000 0.025524 0.000000 0.046127 0.000000 0.026104 0.000000 0.000000 0.000000 0.009871 0.051605 0.000000 0.000000 0.000000 0.000000 0.000000 0.000000 0.037842 0.000000 0.051763 0.000000 0.000000 0.000000 0.000000 0.000000 0.000000 0.000000 0.000000 0.000000 0.000000 0.000000 0.000000 0.000000 0.008727 0.044506 0.000000 0.000000 0.000000 0.000000 0.000000 0.025504 0.048528 0.000000 0.049929 0.000000 0.000000 0.000000 0.000000 0.000000 0.050553 0.000000 0.009298 0.000000 0.000000 0.000000 0.000000 0.000000 0.000000 0.054665 0.000000 
0.000000 0.000000 0.000000 0.000000 0.000000 0.000000 0.000000 0.000000 0.000000 0.000000 0.000000 0.078790 0.000000 0.071172 0.000000 0.000000 0.000000 0.095112 0.000000 0.000000 0.000000 0.000000 0.000000 0.000000 0.000000 0.000000 0.000000 0.000000 0.000000 0.000000 0.000000 0.000000 0.000000 0.000000 0.000000 0.029987 0.000000 0.000000 0.000000 0.000000 0.000000 0.000000 0.191589 0.000000 0.000000 0.024871 0.000000 0.000000 0.000000 0.000000 0.000000 0.000000 0.000000 0.000000 0.000000 0.000000 0.000000 0.000000 0.000000 0.046325 0.000000 0.000000 0.000000 0.000000 0.127966 0.000000 0.107477 0.009839 0.000000 0.000000 0.000000 0.000000 0.000000 0.000000 0.000000 0.000000 0.000000 0.000000 0.000000 0.000000 0.000000 0.000000 0.000000 0.000000 0.000000 0.000000 0.000000 0.000000 0.127966 0.000000 0.088907 0.000000 0.000000 0.000000 0.000000 0.000000 
0.062336 0.013785 0.195380 0.002772 0.000177 0.594407 0.030158 0.075073 0.022274 0.003439 0.000198 
0.001918 0.332488 0.043999 0.000819 0.035843 0.284979 0.068840 0.155483 0.008816 0.002733 0.064083 
0.148790 0.059553 0.053611 0.114901 0.025728 0.046672 0.099666 0.011420 0.190748 0.188420 0.060490 
0.226207 0.024910 0.023376 0.143524 0.023029 0.000209 0.107603 0.000142 0.239276 0.103612 0.108112 
0.024693 0.005252 0.449029 0.027424 0.054806 0.082300 0.092940 0.053567 0.144628 0.018405 0.046957 
0.082720 0.092871 0.037178 0.183831 0.023929 0.020313 0.090679 0.013081 0.278505 0.104452 0.072440 
0.048850 0.208562 0.063141 0.067029 0.015553 0.109600 0.130866 0.122630 0.136155 0.050366 0.047250 
0.081247 0.225564 0.078618 0.069849 0.035875 0.018071 0.157942 0.082030 0.126981 0.059013 0.064810 
0.156249 0.026135 0.037779 0.191542 0.001264 0.369646 0.011057 0.021232 0.054450 0.097185 0.033459 
0.138742 0.022533 0.102252 0.139021 0.034835 0.018375 0.206996 0.028099 0.188324 0.094686 0.026138 
0.055930 0.013964 0.050519 0.080694 0.000049 0.042837 0.387697 0.098518 0.176299 0.052354 0.041140 
0.104814 0.022062 0.081446 0.128647 0.041788 0.000988 0.173411 0.034187 0.211239 0.115917 0.085502 
0.223755 0.036743 0.092922 0.061740 0.033169 0.064788 0.041223 0.053900 0.205679 0.123116 0.062966 
0.088051 0.282339 0.020335 0.056427 0.017191 0.023845 0.156610 0.203534 0.084603 0.018198 0.048866 
0.320836 0.027356 0.023741 0.267004 0.000689 0.016336 0.049509 0.013636 0.070204 0.158422 0.052266 
0.069128 0.039943 0.088152 0.069927 0.012306 0.029580 0.145530 0.022609 0.181923 0.164706 0.176197 
0.182343 0.037130 0.125488 0.114190 0.034097 0.048516 0.252664 0.084948 0.038074 0.026774 0.055776 
0.022245 0.014619 0.465695 0.024331 0.017004 0.131439 0.075305 0.089736 0.091261 0.034131 0.034235 
0.049522 0.033709 0.087121 0.036917 0.000723 0.222141 0.181470 0.025997 0.191737 0.130199 0.040465 
0.407029 0.037401 0.056794 0.206425 0.000040 0.025898 0.003846 0.000000 0.092623 0.132320 0.037623 
0.069557 0.012600 0.067046 0.154283 0.034041 0.042089 0.111419 0.000612 0.183738 0.161851 0.162763 
0.230268 0.027026 0.003925 0.063960 0.029910 0.084745 0.089585 0.000618 0.230930 0.202606 0.036428 
0.255246 0.060877 0.020851 0.038666 0.000122 0.041257 0.188981 0.026598 0.215731 0.119808 0.031863 
0.084318 0.013822 0.079610 0.002369 0.042870 0.013523 0.546433 0.090751 0.059570 0.022760 0.043975 
0.002855 0.000045 0.462302 0.000894 0.000000 0.341808 0.036711 0.113263 0.012650 0.028320 0.001152 
0.033319 0.437419 0.063102 0.001263 0.052943 0.007715 0.122784 0.206934 0.019137 0.000981 0.054402 
0.176862 0.058280 0.057677 0.045909 0.000250 0.016159 0.261094 0.026582 0.150994 0.120364 0.085829 
0.009318 0.067640 0.017749 0.000000 0.000926 0.726997 0.062292 0.055897 0.042340 0.016548 0.000293 
0.174090 0.040898 0.021788 0.133268 0.000946 0.193019 0.060917 0.033362 0.063753 0.242660 0.035299 
0.038040 0.510634 0.036122 0.001343 0.014414 0.002437 0.029622 0.186678 0.067145 0.065904 0.047661 
0.108795 0.009908 0.516884 0.029903 0.011124 0.123982 0.008053 0.072197 0.074339 0.020254 0.024563 
0.075616 0.053668 0.096555 0.101143 0.000201 0.241201 0.184741 0.024597 0.099696 0.056152 0.066431 
0.256926 0.067037 0.030251 0.152908 0.000552 0.020086 0.183737 0.022589 0.156975 0.048382 0.060556 
0.053114 0.209923 0.057548 0.055337 0.109532 0.041459 0.083436 0.087578 0.113158 0.105625 0.083288 
0.034544 0.072452 0.067823 0.044826 0.029814 0.564355 0.071373 0.034132 0.014916 0.065562 0.000203 
0.262901 0.134261 0.018257 0.204217 0.012678 0.023666 0.049863 0.095217 0.099928 0.062253 0.036759 
0.170944 0.040965 0.098950 0.033789 0.041653 0.022485 0.120576 0.000180 0.175866 0.162604 0.131986 
0.043874 0.095715 0.001097 0.015406 0.222093 0.095248 0.032302 0.034326 0.248096 0.101276 0.110567 
0.138239 0.020689 0.077044 0.061645 0.020595 0.022221 0.257806 0.037113 0.150322 0.081458 0.132867 
0.025520 0.408413 0.061864 0.000943 0.036457 0.023685 0.098290 0.313348 0.004779 0.004065 0.022636 
0.074773 0.061269 0.052120 0.031816 0.102310 0.127940 0.298808 0.043987 0.056285 0.124168 0.026523 
0.145912 0.044737 0.144887 0.075220 0.000587 0.340959 0.089650 0.062812 0.041262 0.049898 0.004077 
0.093137 0.001670 0.146122 0.004276 0.011928 0.079845 0.450800 0.069492 0.036992 0.011838 0.093901 
0.089478 0.028492 0.140769 0.041087 0.027109 0.043183 0.150074 0.011374 0.204013 0.190594 0.073827 
0.020491 0.154790 0.087284 0.000604 0.015119 0.033419 0.415166 0.123836 0.089556 0.007690 0.052046 
0.025085 0.000081 0.595427 0.019232 0.000000 0.178666 0.013211 0.119196 0.019082 0.029647 0.000373 
0.151091 0.019634 0.023009 0.073859 0.089511 0.013794 0.063484 0.000000 0.066988 0.406003 0.092627 
0.118553 0.001034 0.082333 0.078553 0.000122 0.023826 0.399077 0.056739 0.125630 0.097012 0.017120 
0.061154 0.010912 0.013994 0.002629 0.000000 0.305184 0.364148 0.098697 0.058787 0.024378 0.060117 
0.144518 0.038914 0.056279 0.047147 0.018842 0.007058 0.230171 0.012064 0.159274 0.237758 0.047974 
0.302710 0.019948 0.006544 0.123606 0.067068 0.006498 0.152769 0.024042 0.104289 0.147047 0.045480 
0.003168 0.001256 0.091264 0.023865 0.000182 0.776291 0.028970 0.044221 0.019911 0.002258 0.008614 
0.111642 0.033446 0.124383 0.047358 0.137838 0.026151 0.208111 0.042467 0.234844 0.012272 0.021487 
0.163318 0.001326 0.030728 0.072679 0.013458 0.352759 0.083202 0.024360 0.150318 0.097853 0.010000 
0.019324 0.002072 0.377433 0.054325 0.049045 0.188947 0.039508 0.100023 0.085737 0.052217 0.031370 
0.335037 0.040032 0.023468 0.156944 0.000436 0.026848 0.048697 0.011178 0.228555 0.072045 0.056762 
0.007142 0.014690 0.425434 0.012738 0.045780 0.113745 0.125482 0.115463 0.063858 0.034632 0.041036 
0.037945 0.055888 0.161536 0.036657 0.083949 0.075389 0.219773 0.065565 0.153430 0.085390 0.024478 
0.024584 0.014135 0.256861 0.027720 0.015946 0.519634 0.034997 0.032692 0.021388 0.032971 0.019071 
0.027980 0.019833 0.093110 0.064025 0.074744 0.464719 0.137749 0.010849 0.053210 0.026787 0.026994 
0.053781 0.002771 0.151655 0.065957 0.054944 0.047177 0.098259 0.030076 0.232559 0.108692 0.154128 
0.052955 0.028969 0.017418 0.025812 0.004721 0.004542 0.731175 0.024190 0.007754 0.024333 0.078131 
0.056899 0.197769 0.039310 0.041850 0.001263 0.198064 0.161200 0.090922 0.062862 0.087395 0.062466 
0.104861 0.016025 0.040212 0.051119 0.041914 0.010585 0.362872 0.041830 0.184273 0.076099 0.070211 
0.013569 0.014753 0.034210 0.006763 0.011487 0.798439 0.039071 0.057429 0.000000 0.024279 0.000000 
0.145572 0.025775 0.004960 0.192472 0.036158 0.010230 0.145022 0.000299 0.231951 0.090538 0.117024 
0.290355 0.077130 0.000778 0.138807 0.061212 0.021038 0.084287 0.011516 0.150712 0.102026 0.062140 
0.060193 0.055230 0.050333 0.016466 0.037053 0.038465 0.499182 0.088455 0.086970 0.016210 0.051444 
0.079859 0.023327 0.298590 0.071248 0.046037 0.150886 0.026714 0.072386 0.087646 0.111224 0.032083 
0.057650 0.053754 0.285915 0.044229 0.013019 0.294954 0.092838 0.108974 0.009608 0.028111 0.010947 
0.064608 0.011826 0.032172 0.057653 0.011815 0.518633 0.029306 0.078708 0.089727 0.059501 0.046049 
0.323055 0.024581 0.079326 0.301360 0.050496 0.005593 0.032286 0.011961 0.058961 0.098572 0.013808 
0.072202 0.066797 0.130843 0.033140 0.021292 0.058436 0.411890 0.062141 0.009116 0.102362 0.031782 
0.054304 0.364450 0.022110 0.001194 0.012766 0.213117 0.085494 0.170239 0.045765 0.000205 0.030356 
0.028159 0.018074 0.293078 0.031063 0.018745 0.045937 0.330211 0.066403 0.047394 0.051573 0.069363 
0.053540 0.042733 0.052927 0.043579 0.172240 0.156607 0.113567 0.000886 0.206821 0.044917 0.112184 
0.125139 0.198824 0.031371 0.091819 0.035836 0.002763 0.198006 0.151588 0.118435 0.016349 0.029870 
0.082017 0.057003 0.071900 0.076255 0.037611 0.042038 0.274037 0.046685 0.154903 0.083381 0.074169 
0.095475 0.025565 0.115291 0.065790 0.000241 0.027286 0.295014 0.012403 0.184597 0.086887 0.091452 
0.004770 0.219760 0.354155 0.005184 0.007540 0.106326 0.042949 0.190155 0.028983 0.022486 0.017691 
0.036062 0.208018 0.255729 0.001036 0.027245 0.014934 0.069877 0.278372 0.011570 0.012468 0.084689 
0.194975 0.129175 0.037930 0.239092 0.015320 0.010915 0.187962 0.026309 0.062923 0.025892 0.069506 
0.198750 0.131362 0.023652 0.268676 0.000668 0.035752 0.075752 0.034359 0.087878 0.100965 0.042186 
0.105784 0.103718 0.019650 0.000251 0.002903 0.026550 0.475197 0.063899 0.074634 0.055432 0.071984 
0.030046 0.042011 0.387636 0.003285 0.013063 0.195152 0.106067 0.149609 0.038595 0.033130 0.001406 
0.012980 0.003335 0.688497 0.020158 0.004646 0.163784 0.009989 0.065905 0.008326 0.022022 0.000359 
0.049357 0.086132 0.148646 0.000914 0.014690 0.218861 0.255815 0.138070 0.046491 0.005731 0.035293 
0.019338 0.017050 0.313599 0.073688 0.017170 0.173660 0.041444 0.050727 0.104523 0.135812 0.052989 
0.045386 0.041654 0.060354 0.033811 0.000726 0.039248 0.417152 0.068082 0.161816 0.086163 0.045608 
0.051372 0.040115 0.044738 0.021430 0.017618 0.001825 0.583006 0.010000 0.068445 0.050323 0.111128 
0.231792 0.035483 0.033215 0.158137 0.079587 0.018149 0.104063 0.000458 0.160169 0.138716 0.040231 
0.092964 0.001287 0.073929 0.012030 0.034518 0.000061 0.665660 0.000826 0.021310 0.017531 0.079884 
0.284671 0.222120 0.071680 0.064511 0.000533 0.086347 0.036589 0.069925 0.031710 0.098420 0.033494 
0.041771 0.047539 0.361075 0.052011 0.000053 0.086781 0.212869 0.074619 0.066863 0.026364 0.030054 
0.218027 0.248559 0.005005 0.124290 0.000621 0.011742 0.066057 0.107565 0.147031 0.055789 0.015314 
0.108081 0.021100 0.048689 0.039189 0.072886 0.289503 0.040681 0.000341 0.183038 0.154834 0.041659 
0.087302 0.101137 0.044488 0.010000 0.003176 0.001401 0.380738 0.152866 0.161578 0.031959 0.025356 
0.173715 0.065208 0.118114 0.061017 0.012029 0.004518 0.110964 0.011714 0.082231 0.303446 0.057044 
0.164329 0.050444 0.016824 0.131561 0.016325 0.031213 0.235341 0.021304 0.150717 0.138890 0.043052 
0.327192 0.068729 0.029204 0.250149 0.013617 0.039286 0.054565 0.001144 0.088240 0.071635 0.056240 
0.125622 0.039123 0.025756 0.086810 0.011211 0.067166 0.021721 0.000522 0.247112 0.317992 0.056965 
0.199423 0.024167 0.013730 0.091306 0.001365 0.022666 0.104128 0.000602 0.240492 0.261687 0.040434 
0.189544 0.110989 0.034650 0.142917 0.066537 0.013084 0.017401 0.032307 0.266656 0.087929 0.037988 
0.078011 0.062034 0.063432 0.039636 0.064930 0.094920 0.047805 0.000356 0.188949 0.285373 0.074554 
0.053522 0.297862 0.025878 0.011728 0.168128 0.004215 0.046538 0.176010 0.113783 0.028544 0.073792 
0.044727 0.191588 0.028961 0.102025 0.069192 0.046633 0.095861 0.093641 0.220132 0.066448 0.040792 
0.052464 0.071921 0.057623 0.064308 0.016719 0.385927 0.094088 0.035858 0.104024 0.064629 0.052439 
0.103830 0.017782 0.002765 0.016679 0.152043 0.022543 0.044643 0.000225 0.290184 0.125478 0.223829 
0.079892 0.026939 0.094529 0.033799 0.011090 0.167059 0.420315 0.072218 0.059301 0.005067 0.029792 
0.223401 0.001520 0.101915 0.150682 0.000248 0.016494 0.259307 0.013341 0.047276 0.129099 0.056718 
0.139607 0.024940 0.112633 0.099372 0.037612 0.014010 0.138615 0.000000 0.208035 0.141045 0.084131 
0.131711 0.033107 0.073322 0.139195 0.013305 0.000849 0.087514 0.000000 0.199339 0.286348 0.035311 
0.161692 0.028349 0.024335 0.018678 0.012465 0.085139 0.396530 0.010940 0.085458 0.097908 0.078506 
0.000252 0.014793 0.125312 0.001348 0.001211 0.765839 0.013903 0.034123 0.037650 0.005415 0.000155 
0.081963 0.083742 0.025463 0.002526 0.157912 0.175495 0.093340 0.026190 0.224286 0.081844 0.047241 
0.096681 0.163383 0.074800 0.110847 0.041417 0.007370 0.105879 0.063155 0.122469 0.118271 0.095729 
0.318450 0.176323 0.026190 0.109654 0.024299 0.033336 0.085789 0.045511 0.063888 0.090314 0.026246 
0.087533 0.093259 0.041113 0.092397 0.000401 0.092963 0.344790 0.042532 0.101402 0.034804 0.068807 
0.002984 0.310171 0.203221 0.016705 0.055768 0.051928 0.096947 0.168261 0.077070 0.004866 0.012079 
0.056985 0.010910 0.213382 0.000363 0.020878 0.053760 0.483217 0.064201 0.057545 0.001877 0.036882 
0.167600 0.082291 0.099588 0.075566 0.033772 0.025558 0.068622 0.014599 0.110049 0.191766 0.130587 
0.298025 0.124978 0.055018 0.243593 0.000212 0.011792 0.037912 0.030000 0.065230 0.102802 0.030437 
0.010000 0.000681 0.599006 0.004265 0.000000 0.184497 0.041514 0.108644 0.031310 0.019540 0.000543 
0.082575 0.154460 0.343748 0.063690 0.034972 0.049419 0.030154 0.117863 0.078235 0.043781 0.001103 
0.144156 0.017150 0.308193 0.141750 0.043587 0.061765 0.074730 0.066532 0.075736 0.035080 0.031321 
0.043015 0.036683 0.025038 0.138820 0.063473 0.111620 0.098197 0.000660 0.160991 0.151500 0.170003 
0.471192 0.026688 0.028723 0.186575 0.000291 0.019573 0.027185 0.000000 0.093436 0.085974 0.060364 
0.377649 0.026599 0.065101 0.233861 0.000160 0.005717 0.016441 0.000688 0.099058 0.099224 0.075503 
0.215519 0.044534 0.008299 0.095602 0.093024 0.020107 0.064356 0.011666 0.242442 0.153173 0.051276 
0.014310 0.044312 0.094852 0.014649 0.144945 0.352232 0.067010 0.034291 0.140769 0.081827 0.010805 
0.255889 0.078559 0.037537 0.146903 0.023606 0.017851 0.069755 0.013239 0.123782 0.158204 0.074674 
0.141638 0.025976 0.302220 0.119661 0.000065 0.112480 0.025451 0.138803 0.047014 0.063020 0.023673 
0.036859 0.026874 0.095560 0.002184 0.000133 0.755510 0.009201 0.045450 0.011463 0.016572 0.000196 
0.051955 0.051543 0.344067 0.008911 0.063547 0.178476 0.037159 0.104396 0.106589 0.028069 0.025287 
0.043325 0.057518 0.048831 0.031987 0.239035 0.020179 0.061214 0.011314 0.292085 0.142640 0.051871 
0.019132 0.023257 0.046179 0.001130 0.000079 0.601477 0.208686 0.043660 0.017046 0.001459 0.037896 
0.123825 0.014958 0.044002 0.047393 0.000076 0.021171 0.471605 0.080000 0.080551 0.053190 0.063227 
0.057245 0.018680 0.089113 0.051968 0.163614 0.050354 0.097027 0.012113 0.293118 0.081447 0.085320 
0.138456 0.014604 0.150604 0.095321 0.000657 0.207912 0.065831 0.035159 0.133256 0.133608 0.024593 
0.259027 0.029737 0.112084 0.190900 0.000223 0.095674 0.180809 0.000591 0.033230 0.031126 0.066598 
0.207856 0.000976 0.081471 0.195046 0.000075 0.013468 0.089808 0.000257 0.133832 0.236420 0.040792 
0.041978 0.099808 0.169929 0.001311 0.168761 0.106248 0.039251 0.057687 0.125645 0.098546 0.090836 
0.081942 0.163454 0.056994 0.134191 0.023909 0.025706 0.079146 0.037119 0.150559 0.183369 0.063611 
0.420364 0.003795 0.070899 0.113622 0.048211 0.038162 0.030339 0.013838 0.059421 0.174490 0.026858 
0.133705 0.001002 0.094825 0.189871 0.024592 0.274300 0.146530 0.011455 0.038894 0.053228 0.031599 
0.046485 0.028945 0.053892 0.005167 0.043443 0.015953 0.536049 0.058251 0.045673 0.002783 0.163358 
0.086944 0.272298 0.045980 0.069510 0.035157 0.016075 0.064560 0.054495 0.118346 0.214536 0.022101 
0.071118 0.008629 0.594743 0.000297 0.003277 0.195478 0.011594 0.050244 0.033072 0.007219 0.024329 
0.032556 0.000830 0.267681 0.041744 0.000356 0.098855 0.383029 0.089957 0.048490 0.036007 0.000495 
0.000264 0.023115 0.345526 0.001535 0.000091 0.478691 0.024549 0.109228 0.011653 0.004051 0.001297 
0.009501 0.222685 0.071814 0.020076 0.012623 0.409038 0.067629 0.024989 0.069441 0.042306 0.049898 
0.094666 0.037743 0.065667 0.073900 0.013440 0.314967 0.109414 0.000400 0.138372 0.064772 0.086660 
0.104433 0.016332 0.091663 0.066347 0.121439 0.084079 0.077852 0.067535 0.217647 0.092081 0.060593 
0.093035 0.279836 0.076852 0.034305 0.025724 0.068860 0.076865 0.132655 0.112378 0.053109 0.046382 
0.229728 0.099449 0.102448 0.102203 0.024753 0.002729 0.084428 0.033758 0.162586 0.069009 0.088909 
0.170667 0.002572 0.079122 0.130697 0.029336 0.034812 0.321382 0.087097 0.051374 0.065955 0.026987 
0.054739 0.409732 0.037854 0.024753 0.033995 0.046732 0.093619 0.219311 0.023449 0.007180 0.048636 
0.024568 0.454351 0.018097 0.001840 0.040237 0.001583 0.069813 0.304240 0.031743 0.019457 0.034072 
0.067548 0.007456 0.041265 0.041020 0.003691 0.210019 0.429236 0.011489 0.092189 0.025457 0.070630 
0.045509 0.024449 0.260636 0.016170 0.010779 0.120884 0.276994 0.128356 0.046845 0.010610 0.058768 
0.029284 0.016780 0.017499 0.041143 0.018731 0.063908 0.601150 0.032826 0.138847 0.029447 0.010384 
0.108658 0.291542 0.051211 0.054857 0.034610 0.057233 0.089010 0.202599 0.052285 0.047697 0.010299 
0.119236 0.256875 0.070977 0.002072 0.014934 0.025988 0.137055 0.113780 0.123058 0.097383 0.038642 
0.028879 0.072585 0.056571 0.045218 0.016363 0.521952 0.101333 0.045501 0.044320 0.055047 0.012232 
0.023528 0.012806 0.100836 0.004474 0.000156 0.582366 0.065793 0.075353 0.050262 0.047474 0.036952 
0.092767 0.012421 0.096830 0.067761 0.020000 0.007981 0.374825 0.073780 0.109833 0.053421 0.090381 
0.162827 0.007053 0.017024 0.116876 0.029196 0.256631 0.061307 0.000187 0.128591 0.186113 0.034194 
0.097813 0.030951 0.055291 0.106788 0.045203 0.043002 0.145197 0.000473 0.215660 0.198633 0.060989 
0.082070 0.105618 0.035336 0.016689 0.016445 0.044790 0.414358 0.087938 0.092448 0.020762 0.083546 
0.134381 0.036547 0.021863 0.131089 0.020055 0.026123 0.055159 0.000316 0.236701 0.298311 0.039455 
0.010000 0.001375 0.567139 0.011019 0.035468 0.179140 0.001052 0.078814 0.061800 0.012394 0.041799 
0.056226 0.066082 0.043530 0.069823 0.014961 0.036174 0.131401 0.023974 0.301196 0.154009 0.102623 
0.041609 0.427740 0.032018 0.027197 0.000422 0.036077 0.036124 0.214502 0.097829 0.029668 0.056814 
0.180411 0.086224 0.013869 0.086441 0.143864 0.020968 0.035137 0.030765 0.245665 0.079322 0.077334 
0.025078 0.486956 0.001831 0.019090 0.044320 0.001812 0.127046 0.218002 0.031768 0.023786 0.020310 
0.133296 0.104971 0.129389 0.049037 0.000906 0.138453 0.125226 0.089032 0.132152 0.058277 0.039261 
0.063833 0.048362 0.088615 0.012978 0.085821 0.346579 0.096377 0.074179 0.090901 0.034192 0.058164 
0.092727 0.016876 0.092731 0.067600 0.027602 0.141169 0.276810 0.057545 0.127288 0.065457 0.034197 
0.338384 0.105870 0.023703 0.281168 0.011908 0.005594 0.043369 0.079271 0.039563 0.050000 0.021171 
0.212575 0.015113 0.036339 0.159256 0.000443 0.110821 0.092328 0.000377 0.229924 0.098580 0.044244 
0.047389 0.449143 0.034355 0.002337 0.031658 0.008612 0.095593 0.272293 0.040674 0.011096 0.006853 
0.022432 0.108206 0.357208 0.071467 0.050000 0.107111 0.122494 0.027416 0.102051 0.016594 0.015021 
0.362919 0.072191 0.093949 0.245274 0.000145 0.001694 0.048135 0.000000 0.023032 0.109673 0.042988 
0.030357 0.095361 0.098645 0.117169 0.041015 0.032668 0.176266 0.046625 0.229372 0.027433 0.105089 
0.212526 0.072912 0.017148 0.247373 0.011197 0.027710 0.012990 0.011172 0.185953 0.176795 0.024224 
0.073045 0.043626 0.107925 0.113402 0.010956 0.017499 0.148442 0.013310 0.213768 0.173562 0.084464 
0.089984 0.061969 0.014592 0.155489 0.053064 0.035832 0.125414 0.043270 0.181061 0.119944 0.119380 
0.049587 0.017676 0.141916 0.051085 0.064916 0.212868 0.069962 0.062524 0.218025 0.041206 0.070235 
0.101147 0.022328 0.018502 0.134854 0.107060 0.043011 0.102860 0.031524 0.285246 0.094619 0.058851 
0.067389 0.045098 0.075093 0.080883 0.000628 0.013651 0.408021 0.045428 0.098833 0.048206 0.116770 
0.103399 0.029043 0.050861 0.115239 0.023058 0.191940 0.105273 0.011889 0.180886 0.126440 0.061972 
0.060297 0.010873 0.013431 0.039561 0.010223 0.000000 0.561649 0.055382 0.137358 0.028685 0.082540 
0.025976 0.179873 0.052270 0.000777 0.000520 0.309673 0.137331 0.202805 0.039811 0.016876 0.034090 
0.117980 0.100932 0.013867 0.026123 0.016227 0.068572 0.414780 0.043346 0.045786 0.071355 0.081032 
0.087105 0.056809 0.106272 0.070662 0.013159 0.050841 0.325486 0.054325 0.085917 0.058408 0.091016 
0.385976 0.034692 0.015714 0.105036 0.000034 0.151644 0.068532 0.022501 0.056688 0.100089 0.059094 
0.307234 0.024024 0.048795 0.237911 0.020518 0.017591 0.120915 0.000846 0.100889 0.084201 0.037075 
0.154538 0.091976 0.025670 0.186298 0.016393 0.062654 0.076939 0.011397 0.156405 0.148717 0.069012 
0.277536 0.080623 0.057070 0.052223 0.000248 0.128340 0.193146 0.092835 0.047804 0.027612 0.042564 
0.117620 0.014104 0.042576 0.042731 0.130182 0.023904 0.081778 0.010423 0.284095 0.131547 0.121040 
0.081214 0.046398 0.164869 0.011526 0.000058 0.578507 0.023703 0.028654 0.022836 0.016498 0.025736 
0.187786 0.034517 0.064669 0.099585 0.043684 0.031146 0.111259 0.001416 0.111763 0.246546 0.067629 
0.213252 0.027299 0.029376 0.120510 0.103988 0.008293 0.055362 0.012248 0.271619 0.096581 0.061472 
0.075825 0.251403 0.067206 0.009633 0.067344 0.001759 0.091700 0.089835 0.173365 0.054117 0.117813 
0.141618 0.034684 0.072374 0.095412 0.042832 0.259577 0.048921 0.000327 0.099910 0.132025 0.072320 
0.088642 0.029524 0.046012 0.088898 0.061967 0.024267 0.161284 0.025298 0.195612 0.134665 0.143831 
0.153916 0.016210 0.053474 0.000144 0.017976 0.038321 0.466649 0.032587 0.066288 0.025922 0.128512 
0.042585 0.012728 0.367520 0.090436 0.010555 0.085346 0.087390 0.022382 0.103161 0.097019 0.080878 
0.034959 0.110749 0.289189 0.004640 0.031636 0.187635 0.074664 0.151367 0.068348 0.033043 0.013770 
0.106628 0.033280 0.034495 0.103388 0.073796 0.065005 0.123583 0.014881 0.230712 0.083396 0.130833 
0.061130 0.133480 0.276934 0.008874 0.000519 0.103912 0.019723 0.161119 0.119994 0.053579 0.060736 
0.352033 0.038728 0.023388 0.313757 0.000056 0.020925 0.056810 0.000000 0.031735 0.130750 0.031819 
0.036413 0.045519 0.060000 0.037948 0.237797 0.005967 0.076191 0.000701 0.386798 0.050910 0.061755 
0.047730 0.028518 0.313980 0.004754 0.117558 0.117783 0.038071 0.034747 0.168024 0.029862 0.098973 
0.024375 0.030299 0.334045 0.023133 0.001685 0.085739 0.189347 0.127543 0.058150 0.086234 0.039449 
0.340995 0.168674 0.004622 0.066557 0.000849 0.005517 0.025864 0.048053 0.177211 0.150857 0.010801 
0.108311 0.028826 0.015778 0.065819 0.113405 0.013325 0.262917 0.000232 0.138078 0.161740 0.091569 
0.115385 0.121597 0.061628 0.057222 0.133446 0.030392 0.090588 0.022596 0.265134 0.059638 0.042375 
0.019667 0.002384 0.614905 0.000784 0.000198 0.134809 0.036740 0.121484 0.015720 0.042989 0.010320 
0.187679 0.057790 0.234986 0.192125 0.001549 0.162354 0.059715 0.022945 0.029562 0.040361 0.010934 
0.031909 0.195139 0.283481 0.002333 0.000433 0.193853 0.097207 0.105776 0.048613 0.016320 0.024934 
0.085952 0.002445 0.004085 0.075655 0.022625 0.000041 0.624026 0.020000 0.089350 0.036947 0.038875 
0.067308 0.041402 0.143308 0.019814 0.040525 0.059018 0.289515 0.049680 0.132597 0.094041 0.062790 
0.018252 0.126301 0.472956 0.002604 0.016667 0.039642 0.036506 0.156604 0.118083 0.000625 0.011760 
0.166398 0.070290 0.059422 0.119160 0.000076 0.406238 0.059013 0.045088 0.017498 0.038560 0.018257 
0.314965 0.001630 0.011646 0.186043 0.011287 0.058022 0.135316 0.000188 0.099272 0.137360 0.044271 
0.053401 0.002159 0.221197 0.059279 0.026418 0.021464 0.118448 0.034508 0.222431 0.097765 0.142930 
0.102683 0.031816 0.042277 0.007686 0.017271 0.001546 0.420068 0.073315 0.120176 0.049697 0.133466 
0.000122 0.014033 0.674739 0.003081 0.000198 0.123376 0.073191 0.073581 0.024313 0.013003 0.000363 
0.366669 0.059266 0.014952 0.304693 0.000120 0.010119 0.058288 0.000646 0.044356 0.102083 0.038807 
0.039561 0.040000 0.184626 0.000237 0.000000 0.544123 0.055614 0.057775 0.050275 0.017622 0.010166 
0.000113 0.037609 0.241624 0.014917 0.001398 0.319862 0.185771 0.082085 0.014284 0.040558 0.061779 
0.010000 0.000121 0.570773 0.011408 0.010000 0.236341 0.017128 0.097835 0.017843 0.015037 0.013514 
0.339085 0.013547 0.021589 0.269104 0.011364 0.008297 0.052202 0.012349 0.142030 0.085708 0.044725 
0.112455 0.137777 0.033177 0.068130 0.081742 0.028300 0.086394 0.059942 0.220329 0.109909 0.061845 
0.264066 0.071513 0.110348 0.046796 0.013698 0.037190 0.062963 0.024187 0.146538 0.158907 0.063793 
0.165858 0.004113 0.028136 0.124675 0.152260 0.044981 0.117477 0.000228 0.221970 0.061200 0.079102 
0.256505 0.065529 0.099276 0.134994 0.018387 0.048848 0.063305 0.075661 0.098554 0.062663 0.076276 
0.203652 0.039843 0.037970 0.190283 0.024228 0.019411 0.242022 0.068928 0.091337 0.029028 0.053299 
0.006805 0.013110 0.422928 0.001900 0.000132 0.321045 0.070230 0.131564 0.029289 0.001482 0.001515 
0.035205 0.417008 0.061959 0.016690 0.031834 0.083364 0.051119 0.149511 0.085214 0.048299 0.019797 
0.122807 0.185317 0.076616 0.035524 0.053814 0.007874 0.163770 0.147632 0.127679 0.048025 0.030942 
0.044353 0.247809 0.160700 0.022726 0.000144 0.281351 0.033386 0.128665 0.034331 0.036915 0.009619 
0.015836 0.091877 0.539127 0.042150 0.000244 0.192960 0.004039 0.095605 0.013726 0.003284 0.001153 
0.049562 0.058074 0.052717 0.071843 0.024341 0.010894 0.379654 0.053230 0.083707 0.089866 0.126112 
0.035344 0.187890 0.125318 0.011141 0.055732 0.024948 0.261618 0.131646 0.072683 0.018453 0.075227 
0.132982 0.069604 0.132119 0.038031 0.035857 0.039291 0.036009 0.041987 0.125094 0.217239 0.131787 
0.272021 0.060549 0.060890 0.183377 0.016449 0.043753 0.133214 0.031687 0.052297 0.058715 0.087047 
0.241289 0.028158 0.055644 0.175846 0.001856 0.033868 0.121689 0.014008 0.207329 0.072009 0.048303 
0.057089 0.246619 0.029579 0.000455 0.000908 0.012897 0.360608 0.150429 0.017755 0.052942 0.070719 
0.069741 0.029371 0.104566 0.001412 0.026400 0.044122 0.100564 0.000761 0.295935 0.211863 0.115265 
0.000000 0.000154 0.615708 0.000321 0.000000 0.220212 0.012190 0.097750 0.023772 0.012968 0.016925 
0.018245 0.015884 0.381030 0.031051 0.029483 0.210187 0.023421 0.093083 0.135875 0.014320 0.047421 
0.214855 0.035670 0.049313 0.103559 0.032296 0.025590 0.061696 0.000487 0.266408 0.086143 0.123983 
0.026971 0.020615 0.051578 0.085109 0.056033 0.035461 0.043411 0.011274 0.368247 0.179718 0.121583 
0.130770 0.279354 0.012280 0.032471 0.039665 0.008302 0.109679 0.209724 0.080334 0.067571 0.029850 
0.064981 0.030650 0.090083 0.060562 0.014425 0.287394 0.176248 0.044395 0.086745 0.120568 0.023948 
0.131875 0.026212 0.083272 0.057477 0.031022 0.192580 0.258443 0.012610 0.165945 0.002741 0.037823 
0.026946 0.027007 0.218872 0.002953 0.131440 0.237883 0.040441 0.043798 0.199523 0.063140 0.007998 
0.280183 0.078312 0.033759 0.163845 0.040990 0.003489 0.034454 0.034855 0.151999 0.099453 0.078662 
0.255477 0.039138 0.045858 0.295405 0.000176 0.191332 0.028465 0.000315 0.055677 0.074838 0.013320 
0.067756 0.194958 0.068485 0.002601 0.089065 0.005947 0.082727 0.102843 0.269978 0.084485 0.031154 
0.133164 0.076828 0.030870 0.019896 0.162110 0.023942 0.086645 0.000573 0.198452 0.142433 0.125088 
0.000124 0.013025 0.013635 0.002907 0.000388 0.801465 0.044138 0.033828 0.007476 0.039879 0.043136 
0.245698 0.033728 0.032074 0.044494 0.016684 0.011612 0.012640 0.000801 0.245106 0.284967 0.072197 
0.084486 0.087108 0.046408 0.090443 0.162925 0.031399 0.057592 0.040037 0.145917 0.154836 0.098851 
0.038541 0.067343 0.091766 0.028384 0.214117 0.073847 0.026897 0.034723 0.300562 0.049240 0.074580 
0.060067 0.156577 0.054927 0.014525 0.054593 0.343453 0.010406 0.079182 0.099748 0.097888 0.028633 
0.103286 0.173555 0.020773 0.003503 0.164066 0.057188 0.122595 0.141948 0.153893 0.003592 0.055600 
0.483817 0.042571 0.023773 0.206104 0.000366 0.066315 0.033611 0.012579 0.067254 0.048258 0.015353 
0.121840 0.050415 0.030056 0.115142 0.014525 0.000072 0.135586 0.000368 0.296315 0.114830 0.120852 
0.067109 0.055157 0.009039 0.053043 0.161123 0.016385 0.095993 0.033409 0.284452 0.058915 0.165375 
0.106196 0.035021 0.041199 0.037580 0.008204 0.105287 0.489743 0.039685 0.038376 0.050453 0.048255 
0.111906 0.023653 0.032062 0.060485 0.022924 0.049373 0.273762 0.012213 0.212533 0.134073 0.067018 
0.222298 0.021526 0.017855 0.122080 0.154164 0.024485 0.024528 0.028229 0.244900 0.124462 0.015473 
0.286762 0.036484 0.057138 0.318754 0.000163 0.023708 0.089367 0.001252 0.020060 0.070241 0.096071 
0.194601 0.094199 0.020692 0.144867 0.039766 0.029788 0.060734 0.001914 0.266534 0.110370 0.036535 
0.043103 0.085218 0.003092 0.063405 0.257604 0.041483 0.106152 0.000647 0.205259 0.101040 0.092997 
0.004524 0.156167 0.153941 0.002310 0.015686 0.049536 0.255973 0.158005 0.115079 0.040003 0.048777 
0.016867 0.565752 0.023982 0.000547 0.040339 0.013430 0.106534 0.193536 0.016844 0.004168 0.018001 
0.028042 0.374520 0.032726 0.017776 0.083102 0.006556 0.086824 0.154754 0.162935 0.007119 0.045646 
0.139929 0.099173 0.043666 0.065614 0.123221 0.012200 0.026638 0.000000 0.248016 0.148037 0.093507 
0.114986 0.151402 0.174025 0.131916 0.013324 0.074109 0.066785 0.078629 0.084283 0.040991 0.069550 
0.064956 0.019078 0.170348 0.019825 0.017402 0.010638 0.374763 0.105646 0.045953 0.037824 0.133567 
0.039510 0.331385 0.042828 0.004649 0.084895 0.133857 0.056779 0.084819 0.109703 0.049400 0.062176 
0.105119 0.029289 0.039514 0.041709 0.095883 0.216285 0.126458 0.030938 0.129037 0.125465 0.060302 
0.044636 0.381776 0.050341 0.000535 0.058237 0.009537 0.073110 0.173297 0.066155 0.050757 0.091619 
0.081840 0.088844 0.052382 0.065444 0.179024 0.064039 0.059896 0.023752 0.284774 0.033672 0.066333 
0.335376 0.015494 0.026593 0.328145 0.000214 0.067339 0.070400 0.000333 0.027425 0.067887 0.060795 
0.326778 0.006151 0.010681 0.095992 0.010475 0.017996 0.312568 0.013344 0.061832 0.056041 0.088143 
0.166589 0.040784 0.039473 0.077940 0.028103 0.007679 0.046647 0.013145 0.155760 0.347544 0.076335 
0.111682 0.000863 0.210158 0.068586 0.022183 0.042505 0.115827 0.038731 0.085076 0.219560 0.084828 
0.019478 0.001500 0.553779 0.016239 0.000000 0.121580 0.025735 0.176707 0.072845 0.012026 0.000110 
0.015655 0.042031 0.507249 0.001659 0.000109 0.197947 0.011138 0.153556 0.057049 0.001036 0.012571 
0.099960 0.469471 0.032923 0.000908 0.042229 0.004082 0.097769 0.203640 0.022227 0.021557 0.005235 
0.336202 0.094835 0.037477 0.189656 0.024022 0.018410 0.026863 0.085060 0.028767 0.048120 0.110588 
0.093498 0.031136 0.043034 0.037726 0.013788 0.028349 0.467804 0.020000 0.096584 0.008081 0.160001 
0.089977 0.021223 0.375181 0.044997 0.020000 0.175322 0.009619 0.054709 0.057294 0.109905 0.041773 
0.343223 0.047358 0.069065 0.248792 0.000069 0.001041 0.063874 0.020000 0.028055 0.106829 0.071694 
0.157206 0.001708 0.017198 0.089777 0.056273 0.012927 0.030542 0.001049 0.083227 0.422002 0.128091 
0.147893 0.066974 0.011309 0.065652 0.047306 0.011834 0.232517 0.026839 0.115903 0.126959 0.146813 
0.041539 0.051949 0.194845 0.069744 0.000683 0.282967 0.018870 0.010874 0.080083 0.160987 0.087460 
0.080028 0.098758 0.013135 0.061870 0.118407 0.000750 0.068266 0.000216 0.330639 0.111084 0.116847 
0.131564 0.044867 0.072200 0.074771 0.004577 0.043720 0.371504 0.062094 0.094962 0.098739 0.001002 
