-209601.603598
0
0.000000 0.000000 0.000000 0.000000 0.000000 0.000000 0.000000 0.000000 0.048172 0.017298 0.281537 0.026240 0.000000 0.000000 0.000000 0.008068 0.006809 0.005533 0.000000 0.000000 0.000000 0.000000 0.000000 0.000000 0.000000 0.000000 0.000000 0.000000 0.000000 0.000000 0.000000 0.000000 0.000000 0.000000 0.185975 0.000000 0.000000 0.000000 0.000000 0.000000 0.000000 0.000000 0.000000 0.000000 0.000000 0.003402 0.000000 0.000000 0.000000 0.000000 0.000000 0.000000 0.000000 0.000000 0.000000 0.000000 0.000000 0.026363 0.273441 0.021585 0.000000 0.000000 0.000000 0.000000 0.007877 0.000000 0.000000 0.007022 0.000000 0.005863 0.000000 0.000000 0.000000 0.000000 0.000000 0.000000 0.000000 0.000000 0.000000 0.000000 0.000000 0.000000 0.053998 0.000000 0.000000 0.000000 0.000000 0.000000 0.000000 0.000000 0.020817 0.000000 0.000000 0.000000 0.000000 0.000000 
0.081232 0.065637 0.000000 0.057570 0.000000 0.000000 0.000000 0.000000 0.000000 0.000000 0.000000 0.000000 0.063282 0.040899 0.052934 0.077355 0.000000 0.000000 0.000000 0.000000 0.000000 0.007883 0.000000 0.020368 0.037879 0.000000 0.000000 0.017500 0.000000 0.000000 0.000000 0.000000 0.000000 0.000000 0.000000 0.000000 0.000000 0.000000 0.000000 0.066407 0.000000 0.000000 0.000000 0.000000 0.000000 0.000000 0.000000 0.000000 0.025715 0.000000 0.000000 0.053295 0.000000 0.000000 0.000000 0.000000 0.000000 0.000000 0.000000 0.000000 0.012381 0.000000 0.000000 0.058075 0.000000 0.000000 0.000000 0.000000 0.000000 0.000000 0.000000 0.000000 0.014897 0.000000 0.000000 0.027087 0.000000 0.000000 0.008718 0.000000 0.000000 0.000000 0.000000 0.000000 0.036791 0.028937 0.051349 0.093808 0.000000 0.000000 0.000000 0.000000 0.000000 0.000000 0.000000 0.000000 
0.000000 0.000000 0.000000 0.012513 0.000000 0.000000 0.000000 0.000000 0.000000 0.000000 0.000000 0.000000 0.000000 0.000000 0.000000 0.000000 0.000000 0.002832 0.000000 0.000000 0.000000 0.005989 0.000000 0.017435 0.000000 0.000000 0.000000 0.012821 0.000000 0.000000 0.000000 0.000000 0.000000 0.000000 0.000000 0.000000 0.000000 0.000000 0.000000 0.000000 0.000000 0.000000 0.000000 0.000000 0.000000 0.000000 0.000000 0.017491 0.000000 0.000000 0.000000 0.009069 0.000000 0.000000 0.000000 0.000000 0.000000 0.000000 0.000000 0.017724 0.000000 0.000000 0.000000 0.000000 0.003865 0.012561 0.000000 0.013484 0.000000 0.004026 0.000000 0.000000 0.048241 0.014180 0.003998 0.424036 0.000000 0.000000 0.000000 0.000000 0.000000 0.000000 0.257100 0.000000 0.000000 0.000000 0.000000 0.000000 0.000000 0.014270 0.005691 0.006313 0.000000 0.007593 0.000000 0.088769 
0.000000 0.000000 0.000000 0.000000 0.000000 0.000000 0.000000 0.000000 0.000000 0.000000 0.000000 0.000000 0.017359 0.000000 0.000000 0.035234 0.014864 0.009265 0.000000 0.000000 0.082877 0.016356 0.000000 0.043167 0.000000 0.000000 0.000000 0.000000 0.000000 0.000000 0.000000 0.000000 0.000000 0.000000 0.000000 0.000000 0.013397 0.000000 0.000000 0.000000 0.011376 0.000000 0.019968 0.036247 0.068994 0.000000 0.000000 0.140285 0.017097 0.000000 0.000000 0.000000 0.000000 0.000000 0.000000 0.000000 0.000000 0.000000 0.000000 0.000000 0.000000 0.000000 0.000000 0.000000 0.000000 0.000000 0.000000 0.000000 0.022718 0.000000 0.000000 0.026895 0.042272 0.000000 0.000000 0.000000 0.000000 0.000000 0.000000 0.000000 0.000000 0.000000 0.000000 0.000000 0.010699 0.000000 0.024487 0.014439 0.000000 0.000000 0.010822 0.045192 0.139671 0.000000 0.000000 0.136322 
0.000000 0.000000 0.000000 0.000000 0.000000 0.000000 0.000000 0.000000 0.002765 0.000000 0.000000 0.000000 0.000000 0.000000 0.000000 0.000000 0.000000 0.000000 0.000000 0.000000 0.000000 0.000000 0.000000 0.000000 0.000000 0.000000 0.000000 0.000000 0.000000 0.000000 0.000000 0.000000 0.000000 0.000000 0.000000 0.000000 0.000000 0.000000 0.000000 0.000000 0.000000 0.000000 0.000000 0.000000 0.000000 0.000000 0.000000 0.000000 0.000000 0.000000 0.000000 0.000000 0.000000 0.000000 0.000000 0.000000 0.000000 0.000000 0.000000 0.000000 0.000000 0.000000 0.000000 0.000000 0.000000 0.000000 0.000000 0.000000 0.000000 0.000000 0.000000 0.000000 0.009445 0.000000 0.000000 0.000000 0.032221 0.000000 0.001036 0.067741 0.495330 0.033297 0.000000 0.358164 0.000000 0.000000 0.000000 0.000000 0.000000 0.000000 0.000000 0.000000 0.000000 0.000000 0.000000 0.000000 
0.044827 0.035131 0.018931 0.024845 0.014098 0.019422 0.006146 0.005715 0.010919 0.000000 0.000000 0.000000 0.000000 0.000000 0.009773 0.000000 0.000000 0.000000 0.000000 0.000000 0.000000 0.000000 0.000000 0.000000 0.055651 0.076549 0.015735 0.043261 0.014630 0.013046 0.009711 0.014815 0.020206 0.019219 0.000000 0.025013 0.020671 0.017963 0.056424 0.016228 0.000000 0.000000 0.005237 0.000000 0.000000 0.000000 0.000000 0.000000 0.046690 0.054211 0.020406 0.033813 0.017333 0.007947 0.007376 0.009261 0.000000 0.000000 0.000000 0.000000 0.012101 0.007513 0.024463 0.000000 0.000000 0.000000 0.000000 0.000000 0.000000 0.000000 0.000000 0.000000 0.050832 0.071217 0.010834 0.000000 0.000000 0.011836 0.000000 0.000000 0.000000 0.000000 0.000000 0.000000 0.000000 0.000000 0.000000 0.000000 0.000000 0.000000 0.000000 0.000000 0.000000 0.000000 0.000000 0.000000 
0.000000 0.000000 0.000000 0.000000 0.000000 0.000000 0.000000 0.000000 0.000000 0.024094 0.000000 0.000000 0.000000 0.015171 0.000000 0.000000 0.000000 0.003264 0.041212 0.000000 0.000000 0.000000 0.000000 0.000000 0.013128 0.040093 0.000000 0.121385 0.000000 0.000000 0.000000 0.000000 0.000000 0.000000 0.046277 0.000000 0.000000 0.000000 0.000000 0.000000 0.000000 0.000000 0.076884 0.000000 0.000000 0.000000 0.000000 0.021234 0.000000 0.000000 0.000000 0.000000 0.000000 0.000000 0.000000 0.000000 0.215867 0.190902 0.000000 0.146651 0.000000 0.000000 0.000000 0.000000 0.022787 0.000000 0.021051 0.000000 0.000000 0.000000 0.000000 0.000000 0.000000 0.000000 0.000000 0.000000 0.000000 0.000000 0.000000 0.000000 0.000000 0.000000 0.000000 0.000000 0.000000 0.000000 0.000000 0.000000 0.000000 0.000000 0.000000 0.000000 0.000000 0.000000 0.000000 0.000000 
0.000000 0.000000 0.000000 0.000000 0.018134 0.000000 0.000000 0.024557 0.037468 0.018269 0.000000 0.037696 0.000000 0.000000 0.000000 0.000000 0.060372 0.024479 0.047122 0.058052 0.000000 0.000000 0.014016 0.000000 0.000000 0.000000 0.000000 0.000000 0.010924 0.010691 0.000000 0.017270 0.020294 0.000000 0.000000 0.022409 0.000000 0.013119 0.000000 0.000000 0.030125 0.035758 0.020464 0.038941 0.000000 0.010285 0.028584 0.000000 0.000000 0.000000 0.000000 0.000000 0.000000 0.011406 0.000000 0.015304 0.000000 0.000000 0.000000 0.000000 0.000000 0.009147 0.000000 0.000000 0.024025 0.023067 0.025218 0.025445 0.000000 0.000000 0.020307 0.015459 0.000000 0.000000 0.000000 0.000000 0.010814 0.015971 0.000000 0.021177 0.000000 0.000000 0.000000 0.000000 0.015249 0.011573 0.000000 0.000000 0.039290 0.030329 0.015611 0.033207 0.000000 0.013428 0.024942 0.000000 
0.000000 0.000000 0.000000 0.000000 0.000000 0.000000 0.000000 0.000000 0.000000 0.023372 0.000000 0.007740 0.000000 0.000000 0.000000 0.000000 0.000000 0.000000 0.000000 0.000000 0.000000 0.000000 0.000000 0.000000 0.000000 0.000000 0.000000 0.000000 0.000000 0.000000 0.000000 0.000000 0.114784 0.136957 0.020107 0.105023 0.000000 0.000000 0.000000 0.000000 0.000000 0.000000 0.000000 0.000000 0.000000 0.000000 0.000000 0.000000 0.000000 0.000000 0.000000 0.000000 0.000000 0.000000 0.000000 0.000000 0.000000 0.022894 0.000000 0.025486 0.000000 0.000000 0.000000 0.000000 0.000000 0.000000 0.000000 0.009110 0.000000 0.000000 0.000000 0.000000 0.000000 0.000000 0.000000 0.000000 0.000000 0.000000 0.000000 0.000000 0.000000 0.390326 0.142731 0.000000 0.000000 0.000000 0.000000 0.001471 0.000000 0.000000 0.000000 0.000000 0.000000 0.000000 0.000000 0.000000 
0.002368 0.001728 0.025176 0.000094 0.621580 0.032278 0.037195 0.034338 0.245243 
0.070974 0.000334 0.479720 0.026821 0.314066 0.002508 0.008835 0.044841 0.051901 
0.040063 0.129977 0.060667 0.025659 0.049574 0.222903 0.066235 0.353387 0.051535 
0.086737 0.199616 0.018873 0.021190 0.000270 0.330906 0.026839 0.300765 0.014803 
0.050141 0.025854 0.007865 0.068261 0.096923 0.037453 0.052496 0.184164 0.476844 
0.061210 0.100994 0.095296 0.043116 0.022969 0.230366 0.048323 0.371632 0.026095 
0.053481 0.053192 0.313429 0.025709 0.125283 0.104309 0.102047 0.153537 0.069013 
0.080112 0.023847 0.308933 0.033667 0.024035 0.142927 0.100311 0.208561 0.077605 
0.000898 0.107709 0.041105 0.000692 0.382442 0.330175 0.024077 0.080317 0.032585 
0.174878 0.127556 0.023408 0.045893 0.034659 0.245759 0.043125 0.215038 0.089685 
0.369254 0.065219 0.046334 0.000285 0.055951 0.116004 0.056359 0.227900 0.062695 
0.151965 0.129558 0.031255 0.055016 0.000750 0.186573 0.042085 0.310848 0.091949 
0.003550 0.210975 0.061001 0.049163 0.073705 0.177501 0.077507 0.243904 0.102695 
0.164540 0.051464 0.487789 0.023950 0.031025 0.099668 0.004852 0.111096 0.025615 
0.022712 0.103814 0.028424 0.000355 0.025001 0.586837 0.052783 0.159195 0.020878 
0.064697 0.089981 0.045987 0.017305 0.033925 0.150284 0.123163 0.395395 0.079263 
0.234885 0.028096 0.082336 0.024370 0.062397 0.293595 0.046431 0.088448 0.139442 
0.054336 0.100232 0.021950 0.010308 0.159309 0.024141 0.036540 0.071486 0.521698 
0.144834 0.109977 0.039254 0.000727 0.231138 0.082645 0.048444 0.257951 0.085028 
0.001154 0.147715 0.030446 0.000229 0.029246 0.587159 0.006490 0.164418 0.033142 
0.063846 0.051869 0.010833 0.038098 0.043944 0.210579 0.065909 0.472118 0.042805 
0.052818 0.180195 0.023370 0.038631 0.089740 0.246257 0.053687 0.314116 0.001188 
0.149118 0.326824 0.058550 0.000192 0.054301 0.154134 0.063967 0.172376 0.020539 
0.389691 0.004968 0.105372 0.000951 0.020523 0.074581 0.222682 0.091547 0.089685 
0.005270 0.000000 0.002175 0.000173 0.379710 0.005356 0.022448 0.042387 0.542482 
0.118488 0.002201 0.678197 0.001098 0.052371 0.028729 0.014638 0.037939 0.066340 
0.166543 0.181207 0.059283 0.000216 0.027030 0.094576 0.134140 0.284261 0.052744 
0.063263 0.028355 0.114469 0.000932 0.731667 0.012617 0.001865 0.019327 0.027504 
0.047586 0.131984 0.062897 0.000364 0.216863 0.287344 0.030700 0.194941 0.027322 
0.023754 0.048434 0.718264 0.000378 0.021259 0.009769 0.002499 0.138489 0.037154 
0.002905 0.095834 0.025905 0.003035 0.151421 0.092306 0.004605 0.062055 0.561934 
0.175775 0.078103 0.062271 0.000414 0.249371 0.170194 0.015268 0.157850 0.090754 
0.078816 0.127270 0.084437 0.000483 0.020347 0.334203 0.141854 0.204575 0.008017 
0.062159 0.094631 0.289953 0.125987 0.046428 0.080507 0.031076 0.204646 0.064612 
0.065672 0.025121 0.090943 0.030549 0.575893 0.088951 0.008675 0.036380 0.077816 
0.025872 0.090347 0.216677 0.021757 0.040656 0.444956 0.023458 0.130706 0.005569 
0.090999 0.033925 0.039033 0.068188 0.022497 0.238055 0.042933 0.390374 0.073996 
0.024887 0.016357 0.125968 0.306617 0.094393 0.070460 0.013167 0.346929 0.001223 
0.158791 0.098612 0.029621 0.024073 0.031823 0.143047 0.200402 0.237786 0.075845 
0.101671 0.001767 0.713646 0.000350 0.073234 0.016299 0.002129 0.019958 0.070945 
0.207206 0.011517 0.093255 0.102209 0.137535 0.117392 0.101728 0.175644 0.053514 
0.075675 0.131524 0.066030 0.000280 0.344784 0.140898 0.022324 0.041463 0.177021 
0.329987 0.002953 0.003081 0.015040 0.094776 0.103087 0.256496 0.026271 0.168309 
0.104699 0.095448 0.025853 0.044441 0.051656 0.139654 0.066866 0.347399 0.123984 
0.349220 0.028012 0.241960 0.020267 0.051068 0.007453 0.076573 0.133750 0.091697 
0.003464 0.043987 0.001650 0.000090 0.207566 0.036637 0.003632 0.010632 0.692341 
0.018817 0.057952 0.019749 0.089939 0.018047 0.266282 0.089918 0.423774 0.015523 
0.238032 0.070151 0.007331 0.000613 0.035299 0.196582 0.167903 0.189346 0.094743 
0.353223 0.046559 0.049356 0.000088 0.313704 0.032349 0.111835 0.071737 0.021149 
0.094598 0.050224 0.051930 0.005136 0.013781 0.203236 0.172125 0.382499 0.026472 
0.156431 0.132660 0.027959 0.078890 0.012345 0.386011 0.005266 0.196216 0.004221 
0.024447 0.002284 0.010010 0.000444 0.782026 0.019815 0.004368 0.030063 0.126542 
0.163316 0.200032 0.045482 0.187603 0.031024 0.062175 0.060840 0.112362 0.137166 
0.041122 0.138189 0.006905 0.018326 0.358310 0.197275 0.045945 0.150553 0.043376 
0.018357 0.002182 0.006588 0.070091 0.214076 0.059654 0.031029 0.149016 0.449007 
0.045541 0.326718 0.032410 0.000459 0.028081 0.327206 0.003416 0.220682 0.015486 
0.101134 0.011451 0.027776 0.056540 0.134515 0.022277 0.048681 0.090914 0.506712 
0.219850 0.060955 0.079236 0.118726 0.086495 0.058242 0.003550 0.186504 0.186444 
0.022983 0.051504 0.019594 0.009673 0.532108 0.040392 0.018630 0.025786 0.279330 
0.058626 0.038203 0.023288 0.086905 0.471262 0.061975 0.080513 0.080334 0.098894 
0.035501 0.041994 0.004840 0.081980 0.065068 0.122893 0.107847 0.395790 0.144086 
0.496013 0.024793 0.039548 0.001173 0.010100 0.060046 0.306440 0.049257 0.012629 
0.114991 0.017756 0.267361 0.000644 0.212437 0.109691 0.075291 0.164172 0.037658 
0.199519 0.110598 0.039201 0.031602 0.010508 0.110749 0.243184 0.206149 0.048489 
0.018954 0.011810 0.045533 0.011084 0.799695 0.015580 0.021663 0.015091 0.060589 
0.131875 0.214912 0.017276 0.054139 0.010381 0.234871 0.021999 0.311459 0.003087 
0.075126 0.287792 0.076005 0.074961 0.023402 0.235942 0.023723 0.202395 0.000654 
0.477430 0.022316 0.099595 0.034055 0.042837 0.084320 0.056521 0.124963 0.057963 
0.014619 0.074225 0.039660 0.057361 0.175282 0.122846 0.024803 0.159206 0.331999 
0.065795 0.020359 0.097570 0.000716 0.312931 0.100271 0.033559 0.023791 0.345008 
0.001927 0.043650 0.070895 0.001786 0.524109 0.103470 0.035196 0.160413 0.058555 
0.012893 0.046331 0.030070 0.051212 0.013862 0.664944 0.028592 0.109313 0.042782 
0.345036 0.027036 0.093466 0.016632 0.062254 0.135136 0.084522 0.092472 0.143446 
0.049120 0.011175 0.556765 0.000707 0.223245 0.039343 0.053687 0.040476 0.025481 
0.200810 0.021183 0.034163 0.001183 0.062227 0.057745 0.175017 0.128896 0.318775 
0.057794 0.062345 0.040300 0.247375 0.152579 0.071911 0.084843 0.237126 0.045726 
0.124538 0.077624 0.369944 0.001443 0.020731 0.165932 0.082172 0.126248 0.031369 
0.219843 0.060878 0.083419 0.042488 0.042081 0.138303 0.080062 0.255251 0.077675 
0.122896 0.086084 0.024718 0.000201 0.031266 0.111563 0.240164 0.283593 0.099516 
0.049109 0.007586 0.322621 0.001636 0.145554 0.009317 0.000632 0.054012 0.409533 
0.060925 0.025985 0.424470 0.015904 0.041219 0.011314 0.032161 0.060576 0.327446 
0.157057 0.054889 0.142870 0.024593 0.021222 0.424546 0.046725 0.104124 0.023973 
0.029270 0.004302 0.167332 0.000372 0.041933 0.501217 0.054263 0.182585 0.018725 
0.297040 0.009494 0.162099 0.000775 0.031328 0.082015 0.265350 0.134489 0.017409 
0.084660 0.027795 0.087274 0.002266 0.217094 0.035908 0.018611 0.036443 0.489948 
0.003915 0.008008 0.006576 0.001679 0.191613 0.036165 0.001499 0.019999 0.730547 
0.170172 0.005448 0.177508 0.000653 0.226181 0.028135 0.135068 0.068928 0.187908 
0.005631 0.075481 0.023777 0.014245 0.189696 0.065553 0.034427 0.241671 0.349520 
0.401053 0.118717 0.060780 0.000507 0.052171 0.035507 0.065653 0.198233 0.067379 
0.369751 0.003505 0.048487 0.017153 0.001468 0.122030 0.265029 0.129540 0.043036 
0.041828 0.005156 0.033687 0.100197 0.020227 0.457999 0.068204 0.268402 0.004301 
0.359280 0.001588 0.002422 0.025123 0.000079 0.092203 0.410813 0.046900 0.061591 
0.033449 0.107840 0.291110 0.000432 0.096920 0.367796 0.005743 0.058518 0.038192 
0.200067 0.080539 0.062272 0.000376 0.113051 0.058969 0.022671 0.070524 0.391531 
0.040403 0.159014 0.343327 0.000628 0.028336 0.256771 0.030487 0.137725 0.003308 
0.019223 0.133208 0.013851 0.099998 0.294974 0.070334 0.038101 0.295951 0.034359 
0.371838 0.133954 0.211202 0.000443 0.010632 0.031971 0.051019 0.128988 0.059954 
0.083211 0.159669 0.069248 0.000881 0.014072 0.247441 0.057767 0.266235 0.101477 
0.206922 0.205301 0.057999 0.021232 0.031319 0.215205 0.052434 0.190922 0.018666 
0.002736 0.048642 0.076450 0.001568 0.040568 0.586041 0.089809 0.150794 0.003390 
0.000650 0.132232 0.034069 0.002342 0.072061 0.168618 0.041501 0.533688 0.014840 
0.000578 0.205153 0.018898 0.001561 0.025904 0.253519 0.134231 0.349642 0.010514 
0.013513 0.232718 0.142046 0.088336 0.012618 0.202341 0.007865 0.264926 0.035636 
0.001909 0.085729 0.060090 0.095523 0.103694 0.163579 0.059614 0.386571 0.043290 
0.021521 0.040200 0.479200 0.177957 0.031123 0.035436 0.054737 0.134395 0.025432 
0.072890 0.028247 0.292919 0.120702 0.050972 0.117720 0.031659 0.265474 0.019417 
0.079226 0.056402 0.105326 0.010739 0.393148 0.103300 0.027148 0.165442 0.059270 
0.015403 0.118319 0.011836 0.241899 0.021867 0.101608 0.068685 0.418936 0.001447 
0.350956 0.056949 0.049693 0.000793 0.174751 0.073208 0.111670 0.069496 0.112483 
0.192756 0.041477 0.001682 0.000147 0.021363 0.405634 0.089863 0.157269 0.089810 
0.099527 0.114614 0.015050 0.061573 0.013932 0.224174 0.045956 0.329595 0.095579 
0.036961 0.092322 0.028712 0.023482 0.001122 0.307723 0.053352 0.391352 0.064975 
0.200744 0.110825 0.027458 0.000668 0.087591 0.139022 0.279454 0.143572 0.010667 
0.001022 0.001480 0.027704 0.000848 0.775119 0.001204 0.010000 0.038641 0.143981 
0.070827 0.065035 0.109215 0.210039 0.179700 0.064356 0.040833 0.234414 0.025581 
0.064545 0.066697 0.216053 0.036968 0.023343 0.184605 0.078968 0.261204 0.067617 
0.062558 0.041467 0.224420 0.020359 0.040205 0.459457 0.029261 0.116788 0.005484 
0.298020 0.092230 0.116995 0.000428 0.097587 0.132178 0.074636 0.145352 0.042573 
0.057541 0.003557 0.465634 0.069030 0.063762 0.006595 0.034705 0.062781 0.236394 
0.207991 0.011511 0.019916 0.001750 0.062623 0.034449 0.368952 0.051299 0.241509 
0.026161 0.086176 0.088076 0.030577 0.035015 0.202763 0.075070 0.373213 0.082948 
0.002831 0.050128 0.156232 0.000355 0.013246 0.595960 0.060878 0.108588 0.011781 
0.020367 0.023879 0.002414 0.000062 0.216379 0.006367 0.018057 0.030786 0.681688 
0.015637 0.074562 0.218435 0.048654 0.074339 0.115337 0.010036 0.058812 0.384186 
0.052629 0.193522 0.020651 0.063452 0.107179 0.137921 0.028514 0.065779 0.330355 
0.049721 0.115720 0.028739 0.096258 0.116250 0.179503 0.104062 0.291741 0.018005 
0.000765 0.010497 0.024229 0.000247 0.019946 0.684768 0.054404 0.182460 0.022684 
0.008508 0.196675 0.017665 0.000185 0.010703 0.505440 0.019521 0.199131 0.042172 
0.039260 0.292082 0.046043 0.130634 0.020246 0.189919 0.034911 0.241513 0.005392 
0.063243 0.041357 0.057375 0.175802 0.356059 0.018886 0.002700 0.173457 0.111122 
0.045869 0.258082 0.076409 0.026826 0.027208 0.271707 0.040191 0.225696 0.028012 
0.002921 0.023338 0.056945 0.000296 0.133497 0.273873 0.026019 0.095021 0.388089 
0.001739 0.015429 0.045037 0.000226 0.765207 0.038626 0.006100 0.010097 0.117539 
0.040014 0.083361 0.076570 0.089740 0.198559 0.010979 0.001698 0.097987 0.401092 
0.041986 0.060638 0.064810 0.346862 0.023648 0.037963 0.033122 0.351658 0.039312 
0.110139 0.000216 0.039928 0.000082 0.600226 0.005018 0.146650 0.031660 0.066080 
0.440543 0.052812 0.040952 0.000140 0.020939 0.151129 0.085532 0.151601 0.056353 
0.080721 0.039665 0.017556 0.264689 0.056167 0.090715 0.028486 0.349962 0.072039 
0.032880 0.215303 0.012597 0.000253 0.223878 0.117160 0.033844 0.197719 0.166367 
0.111259 0.045070 0.025460 0.000410 0.102961 0.442213 0.084407 0.113028 0.075192 
0.008309 0.187236 0.004658 0.000241 0.017265 0.390069 0.098476 0.235291 0.058455 
0.044004 0.063468 0.132160 0.227220 0.131535 0.041094 0.003531 0.182922 0.174065 
0.054592 0.109570 0.200751 0.030836 0.035586 0.176142 0.036271 0.301691 0.054560 
0.008173 0.022170 0.009713 0.053000 0.046213 0.631941 0.035445 0.157986 0.035360 
0.099937 0.036046 0.001713 0.029102 0.285088 0.313844 0.055266 0.084613 0.094391 
0.262533 0.005675 0.068182 0.001601 0.021702 0.041814 0.456201 0.071398 0.070894 
0.021034 0.064475 0.325752 0.035214 0.038792 0.163402 0.047983 0.264446 0.038901 
0.002898 0.059708 0.013579 0.001401 0.220762 0.011106 0.004876 0.064144 0.621527 
0.266604 0.006214 0.003468 0.000339 0.106667 0.081024 0.133232 0.068694 0.333757 
0.016592 0.000169 0.037689 0.000300 0.497711 0.001374 0.002073 0.016959 0.427133 
0.021489 0.009866 0.248921 0.000644 0.417964 0.044142 0.076806 0.115256 0.064912 
0.035704 0.062736 0.040156 0.001703 0.317306 0.149806 0.107252 0.233355 0.051984 
0.041317 0.054305 0.048490 0.167068 0.094354 0.156292 0.048990 0.277253 0.111931 
0.044047 0.048564 0.418129 0.000626 0.091100 0.100537 0.041131 0.179061 0.076805 
0.055766 0.041540 0.130344 0.024693 0.010562 0.366408 0.044151 0.250891 0.075645 
0.317784 0.076168 0.017057 0.036996 0.054860 0.273427 0.047534 0.076097 0.100077 
0.056070 0.028697 0.636779 0.025645 0.071531 0.056086 0.051453 0.028742 0.044998 
0.059372 0.004920 0.802658 0.000569 0.021133 0.011662 0.025468 0.052722 0.021497 
0.287009 0.034966 0.004455 0.020863 0.213335 0.107168 0.211403 0.083481 0.037320 
0.256414 0.033278 0.050371 0.001074 0.157388 0.046704 0.081242 0.060918 0.312611 
0.616425 0.007132 0.020194 0.034165 0.066214 0.073986 0.052536 0.112377 0.016972 
0.082685 0.085688 0.504435 0.018602 0.074135 0.090477 0.006858 0.075003 0.062117 
0.073018 0.030481 0.344898 0.016975 0.040449 0.114424 0.085213 0.219070 0.075472 
0.045643 0.047970 0.115584 0.002465 0.539664 0.069496 0.064193 0.048211 0.066774 
0.056819 0.034042 0.036207 0.000352 0.586822 0.022351 0.023462 0.089870 0.150075 
0.354649 0.027605 0.027444 0.031995 0.023775 0.181161 0.050822 0.193111 0.109438 
0.044896 0.092501 0.003991 0.043863 0.267856 0.290667 0.020752 0.223011 0.012463 
0.045663 0.165047 0.027722 0.050424 0.048248 0.172803 0.142762 0.312216 0.035114 
0.277438 0.005529 0.180976 0.018088 0.046400 0.075125 0.205722 0.154668 0.036053 
0.023255 0.086593 0.028588 0.051780 0.028439 0.249455 0.037459 0.478438 0.015993 
0.000823 0.028978 0.003116 0.048235 0.208792 0.024153 0.001828 0.067214 0.616861 
0.103144 0.104297 0.084108 0.019606 0.041894 0.137408 0.042935 0.430626 0.035982 
0.012877 0.054428 0.626007 0.000351 0.063240 0.047091 0.046862 0.116190 0.032955 
0.033398 0.203565 0.100380 0.192236 0.031953 0.127345 0.003111 0.295844 0.012168 
0.100360 0.030671 0.751484 0.000614 0.020235 0.026529 0.025898 0.042064 0.002145 
0.081124 0.116185 0.157276 0.017337 0.155049 0.111626 0.059389 0.156238 0.145776 
0.067868 0.011916 0.113031 0.089542 0.348160 0.050055 0.048125 0.162037 0.109267 
0.261227 0.061366 0.031326 0.045494 0.148964 0.143896 0.039552 0.167951 0.100223 
0.043495 0.042837 0.182411 0.001092 0.020991 0.633628 0.002363 0.051490 0.021693 
0.053915 0.085333 0.014345 0.000576 0.111546 0.367087 0.053306 0.297337 0.016554 
0.091227 0.014227 0.710057 0.000598 0.064829 0.031184 0.005883 0.045289 0.036707 
0.057354 0.023784 0.123430 0.057171 0.121639 0.073021 0.070846 0.117383 0.355372 
0.019440 0.070089 0.066166 0.000226 0.004688 0.659624 0.046095 0.089039 0.044634 
0.157710 0.104215 0.126444 0.048855 0.041780 0.092869 0.032989 0.296228 0.098909 
0.009558 0.252738 0.079758 0.002700 0.035235 0.353473 0.003537 0.246770 0.016231 
0.069274 0.061800 0.045740 0.014384 0.022355 0.176111 0.105706 0.411939 0.092690 
0.064239 0.094482 0.092037 0.064210 0.045592 0.192104 0.070191 0.362070 0.015076 
0.031263 0.074894 0.036150 0.095574 0.217237 0.071282 0.044697 0.251884 0.177019 
0.083517 0.157273 0.042533 0.157875 0.053067 0.163615 0.038172 0.284826 0.019122 
0.363976 0.020583 0.063672 0.000513 0.012617 0.167542 0.121803 0.172681 0.076612 
0.040397 0.055139 0.040525 0.023298 0.199088 0.204389 0.076893 0.323353 0.036918 
0.467117 0.069003 0.020442 0.017871 0.000004 0.059443 0.180474 0.176299 0.009347 
0.085404 0.014582 0.358643 0.000340 0.328878 0.008256 0.069356 0.064305 0.070237 
0.247730 0.060240 0.137054 0.000581 0.074224 0.079810 0.241250 0.145645 0.013466 
0.302983 0.141815 0.082000 0.001446 0.058286 0.078373 0.070848 0.143867 0.120381 
0.048756 0.102956 0.047576 0.000246 0.161993 0.472190 0.049459 0.104748 0.012076 
0.074358 0.030262 0.025054 0.026575 0.020174 0.590272 0.059977 0.166852 0.006475 
0.080793 0.134383 0.116508 0.002820 0.067403 0.312575 0.014363 0.256227 0.014929 
0.122171 0.011561 0.155393 0.000390 0.146208 0.339942 0.118968 0.066141 0.039226 
0.082505 0.109621 0.014897 0.183596 0.023203 0.119831 0.006091 0.415980 0.044277 
0.001306 0.056970 0.053098 0.000179 0.593610 0.064928 0.049633 0.008329 0.171945 
0.058890 0.024507 0.031033 0.058281 0.044353 0.376547 0.067815 0.309980 0.028594 
0.052554 0.204043 0.025385 0.155235 0.012477 0.214889 0.005782 0.300529 0.029105 
0.058100 0.080154 0.330281 0.081193 0.010524 0.072046 0.067310 0.240108 0.060283 
0.023330 0.077129 0.033019 0.049655 0.270938 0.227760 0.034587 0.230153 0.053430 
0.139921 0.063862 0.040458 0.087048 0.031590 0.206087 0.062186 0.327997 0.040851 
0.301521 0.036131 0.029063 0.000686 0.035954 0.095048 0.299819 0.146336 0.055441 
0.040898 0.089705 0.013318 0.014351 0.101467 0.101773 0.089227 0.188749 0.360513 
0.040931 0.033027 0.201565 0.023291 0.211488 0.020131 0.050200 0.079285 0.340084 
0.096456 0.180754 0.033649 0.112817 0.070016 0.105892 0.062697 0.302247 0.035473 
0.014239 0.053997 0.223585 0.000276 0.120730 0.045256 0.010452 0.199415 0.332048 
0.036426 0.099252 0.030899 0.000161 0.021720 0.671840 0.026910 0.091493 0.021300 
0.045529 0.115212 0.037304 0.411582 0.010646 0.032621 0.046020 0.254966 0.046120 
0.030286 0.019068 0.034085 0.156271 0.120764 0.048581 0.008519 0.244493 0.337933 
0.126801 0.009108 0.052860 0.000639 0.120492 0.044517 0.080255 0.166525 0.398802 
0.024417 0.263527 0.205155 0.000481 0.014268 0.270839 0.001544 0.217597 0.002173 
0.185816 0.019017 0.028966 0.141291 0.014029 0.200450 0.105311 0.292136 0.012984 
0.053130 0.139220 0.137575 0.180983 0.027260 0.102299 0.056489 0.244080 0.058964 
0.025232 0.002360 0.003526 0.000027 0.165571 0.024626 0.004099 0.067286 0.707272 
0.047441 0.012659 0.066673 0.001397 0.176074 0.413127 0.013891 0.044695 0.224043 
0.072380 0.000956 0.272495 0.000311 0.211177 0.028134 0.021600 0.077905 0.315044 
0.367764 0.110582 0.005078 0.001650 0.000075 0.097796 0.327391 0.086271 0.003393 
0.263045 0.036118 0.061375 0.045337 0.073388 0.091596 0.050060 0.235248 0.143832 
0.017812 0.007601 0.184510 0.026939 0.083156 0.017025 0.032186 0.106087 0.524683 
0.027492 0.042304 0.099746 0.000063 0.417730 0.269324 0.041438 0.052617 0.049287 
0.064714 0.072295 0.001022 0.012659 0.063960 0.482810 0.088108 0.205432 0.009001 
0.045312 0.054097 0.005529 0.012937 0.026436 0.090052 0.139522 0.386414 0.239700 
0.279028 0.022535 0.087185 0.000937 0.000714 0.097277 0.224347 0.244105 0.043872 
0.062991 0.010122 0.015950 0.000250 0.152353 0.002250 0.002398 0.026604 0.727083 
0.025988 0.067863 0.057383 0.000151 0.010136 0.688790 0.054601 0.092944 0.002144 
0.024774 0.002023 0.057561 0.000401 0.558671 0.042011 0.035733 0.070755 0.208070 
0.151045 0.002207 0.053544 0.000645 0.329205 0.015712 0.050951 0.108494 0.288198 
0.012666 0.013833 0.001492 0.010527 0.258414 0.018462 0.002992 0.030195 0.651419 
0.005888 0.004004 0.020640 0.017815 0.012435 0.638182 0.056564 0.225720 0.018752 
0.045823 0.116835 0.203720 0.101256 0.032749 0.140397 0.064765 0.256614 0.037842 
0.043514 0.193604 0.086489 0.001837 0.050960 0.223451 0.037750 0.259313 0.103083 
0.043259 0.076303 0.002698 0.224067 0.044672 0.264937 0.108992 0.229073 0.006000 
0.050944 0.100021 0.114440 0.021524 0.058383 0.347382 0.022378 0.175186 0.109742 
0.099874 0.084617 0.091867 0.018657 0.030384 0.353033 0.178611 0.105246 0.037710 
0.023849 0.008240 0.022413 0.000714 0.347436 0.004164 0.060018 0.019245 0.513920 
0.036789 0.015979 0.563794 0.022904 0.104563 0.044392 0.016805 0.127668 0.067106 
0.081459 0.029005 0.331131 0.031670 0.042415 0.136049 0.092730 0.179114 0.076427 
0.018532 0.001049 0.352427 0.000089 0.297462 0.077817 0.006867 0.068225 0.177533 
0.000892 0.002830 0.112616 0.000181 0.238386 0.058539 0.002179 0.018887 0.565490 
0.235091 0.019505 0.093481 0.026834 0.010837 0.139388 0.177543 0.237949 0.059371 
0.256706 0.033700 0.299973 0.033470 0.052545 0.019138 0.046089 0.120115 0.138262 
0.016795 0.037038 0.109969 0.036085 0.044044 0.188964 0.043601 0.401015 0.122489 
0.079143 0.063992 0.089036 0.001828 0.047881 0.449058 0.118153 0.098918 0.051992 
0.103563 0.221880 0.022078 0.019694 0.042221 0.359682 0.025756 0.165145 0.039982 
0.244419 0.012575 0.374477 0.000273 0.020582 0.060828 0.177077 0.076849 0.032920 
0.065825 0.097167 0.026365 0.033864 0.046484 0.032143 0.052271 0.562768 0.083113 
0.003495 0.023457 0.001470 0.000144 0.227983 0.000443 0.004687 0.019668 0.718653 
0.023858 0.058331 0.022996 0.043747 0.240143 0.033430 0.002875 0.143091 0.431528 
0.058104 0.270822 0.025343 0.049986 0.026065 0.212112 0.016530 0.303816 0.037223 
0.029578 0.096456 0.023527 0.102939 0.036443 0.097047 0.024255 0.550861 0.038893 
0.060296 0.047154 0.510596 0.001203 0.046031 0.155136 0.067885 0.106611 0.005088 
0.157305 0.047499 0.045818 0.018130 0.298589 0.130060 0.033675 0.169043 0.099881 
0.175935 0.058602 0.031384 0.056386 0.191464 0.171559 0.118328 0.123735 0.072607 
0.025073 0.015160 0.036696 0.219712 0.245935 0.028139 0.011278 0.175149 0.242858 
0.025597 0.102242 0.104259 0.054285 0.010198 0.427197 0.020446 0.248036 0.007741 
0.000865 0.020883 0.035874 0.000174 0.199508 0.573345 0.024873 0.114646 0.029831 
0.047357 0.140831 0.276064 0.108671 0.023292 0.010548 0.058088 0.275097 0.060052 
0.074050 0.145344 0.061271 0.194418 0.025614 0.088688 0.021915 0.369916 0.018784 
0.061301 0.000149 0.035440 0.000133 0.808681 0.002464 0.002295 0.069181 0.020355 
0.000480 0.327800 0.018290 0.024650 0.017428 0.135130 0.016395 0.439503 0.020325 
0.048182 0.028896 0.117956 0.228260 0.048889 0.210960 0.020101 0.261870 0.034886 
0.003419 0.069170 0.086288 0.362298 0.078857 0.013946 0.040599 0.248492 0.096931 
0.002310 0.073010 0.240566 0.048506 0.355463 0.028477 0.009375 0.186943 0.055350 
0.088624 0.057437 0.326822 0.220549 0.064369 0.062722 0.072409 0.081383 0.025684 
0.015926 0.128917 0.045908 0.000197 0.071357 0.620814 0.021811 0.088171 0.006899 
0.049072 0.152755 0.041629 0.020749 0.000108 0.200375 0.106619 0.419425 0.009268 
0.099377 0.064158 0.080975 0.254965 0.020415 0.066382 0.007050 0.400690 0.005988 
0.307942 0.002303 0.061986 0.001269 0.113381 0.137665 0.239124 0.103516 0.032814 
0.109502 0.093950 0.024163 0.030733 0.051998 0.139659 0.171284 0.357400 0.021311 
0.025200 0.164794 0.045938 0.184111 0.030688 0.300979 0.000927 0.241212 0.006152 
0.053782 0.133131 0.028953 0.000236 0.031545 0.565582 0.100349 0.061707 0.024714 
0.042822 0.248554 0.084963 0.081482 0.033782 0.199268 0.029872 0.271077 0.008182 
0.074966 0.061265 0.080335 0.343053 0.040931 0.084559 0.041998 0.271508 0.001386 
0.204194 0.014743 0.253446 0.025058 0.072570 0.020689 0.069995 0.152978 0.186327 
0.100526 0.006090 0.757731 0.000854 0.062432 0.015376 0.011147 0.023719 0.022125 
0.055063 0.006666 0.562333 0.113069 0.001468 0.034431 0.036044 0.152006 0.038920 
0.028323 0.106365 0.094182 0.205528 0.012493 0.189836 0.005530 0.322682 0.035061 
0.021397 0.030241 0.220102 0.000886 0.083378 0.223697 0.068200 0.157061 0.195038 
0.241471 0.019632 0.059483 0.000717 0.010458 0.069871 0.246854 0.128009 0.223504 
0.044187 0.081131 0.414233 0.106853 0.142098 0.006741 0.011909 0.151710 0.041140 
0.069994 0.085804 0.048123 0.108012 0.217854 0.115087 0.081376 0.226173 0.047576 
0.039512 0.012022 0.551855 0.044757 0.051351 0.025664 0.048355 0.180317 0.046167 
0.041600 0.116559 0.109018 0.260054 0.065044 0.066476 0.025273 0.278943 0.037033 
0.025975 0.034940 0.012087 0.000229 0.072403 0.696579 0.077683 0.068858 0.011245 
0.193276 0.051181 0.005726 0.023144 0.020370 0.399988 0.192339 0.109701 0.004274 
0.009319 0.139100 0.049342 0.039573 0.015605 0.233909 0.050983 0.434920 0.027248 
0.066165 0.072146 0.003373 0.013200 0.058219 0.175971 0.083400 0.306396 0.221130 
0.023933 0.033796 0.007486 0.000234 0.155554 0.026225 0.000694 0.060295 0.691782 
0.001768 0.013214 0.078914 0.000528 0.232021 0.009657 0.009818 0.051839 0.602240 
0.082180 0.041337 0.697160 0.021263 0.032413 0.075054 0.008494 0.005835 0.036264 
0.008105 0.027158 0.187070 0.018861 0.024624 0.522892 0.043914 0.131827 0.035548 
0.271553 0.051903 0.044407 0.000923 0.023753 0.061481 0.319497 0.194641 0.031844 
0.002878 0.080404 0.023855 0.023958 0.193038 0.111321 0.007009 0.149344 0.408194 
0.026575 0.057113 0.057642 0.000224 0.001840 0.618162 0.074213 0.100837 0.063394 
0.027559 0.112819 0.001700 0.051969 0.020035 0.229709 0.003632 0.539572 0.013006 
0.154493 0.122354 0.079120 0.050924 0.020204 0.164737 0.156412 0.247121 0.004635 
0.012148 0.064966 0.049200 0.000780 0.293803 0.124334 0.005486 0.255402 0.193880 
0.049939 0.218785 0.084228 0.194629 0.000550 0.092470 0.038428 0.315389 0.005583 
0.260346 0.081721 0.075484 0.001123 0.057725 0.213190 0.117218 0.121008 0.072185 
0.004980 0.044048 0.026567 0.000211 0.037473 0.734309 0.054699 0.062676 0.035036 
0.390381 0.015002 0.119013 0.000670 0.021062 0.055137 0.333110 0.048873 0.016752 
0.073157 0.069193 0.165340 0.000393 0.055684 0.236100 0.098317 0.224867 0.076949 
0.036372 0.004125 0.248148 0.000313 0.319224 0.229270 0.012401 0.059038 0.091108 
0.036595 0.249780 0.045610 0.046292 0.010112 0.304628 0.112654 0.189514 0.004815 
0.002592 0.043469 0.020039 0.000808 0.246403 0.020543 0.014811 0.010547 0.640788 
0.215764 0.060319 0.001868 0.022306 0.034032 0.097799 0.197414 0.276249 0.094250 
0.050081 0.048931 0.023014 0.001185 0.177104 0.017047 0.057272 0.050176 0.575188 
0.106271 0.017957 0.030710 0.177751 0.101233 0.098078 0.073180 0.252804 0.142017 
0.041878 0.092549 0.089699 0.038432 0.031586 0.204938 0.043861 0.350860 0.106197 
0.011526 0.061076 0.211638 0.061062 0.022970 0.204148 0.043163 0.310510 0.073907 
0.058800 0.063521 0.043707 0.033557 0.012292 0.229149 0.102671 0.449833 0.006469 
0.040819 0.017692 0.002290 0.017310 0.185817 0.026102 0.011512 0.041152 0.657306 
0.027469 0.180864 0.226792 0.001280 0.012195 0.214925 0.029630 0.226319 0.080526 
0.037224 0.000893 0.029153 0.000040 0.639720 0.047118 0.014411 0.003763 0.227678 
0.063575 0.101097 0.595752 0.000901 0.000308 0.093005 0.051232 0.080451 0.013679 
0.034561 0.086876 0.017677 0.416846 0.030900 0.059700 0.040252 0.276866 0.036322 
0.002365 0.017311 0.001326 0.000918 0.249543 0.012797 0.000898 0.023939 0.690902 
0.275456 0.003207 0.037824 0.000399 0.344981 0.076747 0.184373 0.032794 0.044219 
0.004902 0.016840 0.040340 0.000173 0.624295 0.105282 0.012863 0.087995 0.107310 
0.053142 0.028932 0.133195 0.000185 0.575296 0.025520 0.014075 0.035865 0.133790 
0.000795 0.097468 0.140432 0.001170 0.056117 0.221315 0.083735 0.316875 0.082094 
0.004961 0.035204 0.009854 0.000111 0.073962 0.631720 0.014220 0.129666 0.100300 
0.200262 0.133889 0.043927 0.000491 0.001039 0.221912 0.211387 0.149140 0.037952 
0.538980 0.026137 0.013524 0.037564 0.074569 0.091027 0.038743 0.058081 0.121376 
0.015634 0.154865 0.033478 0.240002 0.033116 0.036493 0.012277 0.429527 0.044608 
0.077382 0.061849 0.024192 0.347326 0.011683 0.086400 0.043827 0.319195 0.028148 
0.259763 0.000697 0.333251 0.000668 0.010482 0.017925 0.243431 0.062438 0.071345 
0.065844 0.164482 0.010056 0.198728 0.023314 0.033481 0.093630 0.357820 0.052643 
0.105743 0.081032 0.052423 0.000332 0.071284 0.441675 0.078771 0.143563 0.025178 
0.033213 0.003207 0.005506 0.085253 0.184005 0.076787 0.019569 0.203765 0.388696 
0.148120 0.000931 0.056274 0.000429 0.525697 0.027074 0.124601 0.102972 0.013902 
0.479901 0.081299 0.028778 0.000590 0.024284 0.050114 0.048765 0.152548 0.133721 
0.022268 0.148098 0.098949 0.067309 0.023821 0.159995 0.057497 0.300128 0.121935 
0.083159 0.079955 0.291408 0.067860 0.079584 0.087361 0.025386 0.191615 0.093671 
0.046619 0.210891 0.040453 0.296509 0.033886 0.115713 0.043804 0.206161 0.005965 
0.000374 0.018240 0.079891 0.016998 0.737145 0.013909 0.019683 0.013880 0.099881 
0.013482 0.176386 0.020131 0.005908 0.040242 0.376672 0.047081 0.316898 0.003200 
0.004076 0.058897 0.068139 0.000373 0.031720 0.627996 0.051840 0.116202 0.040757 
0.019866 0.035717 0.036051 0.000750 0.144419 0.305855 0.011397 0.058636 0.387308 
0.032046 0.048331 0.063561 0.032867 0.030230 0.272714 0.043019 0.452400 0.024832 
0.001873 0.002529 0.001626 0.000304 0.269657 0.014577 0.011716 0.073384 0.624334 
0.029382 0.066371 0.001967 0.403555 0.045224 0.146711 0.041985 0.236015 0.028791 
0.060837 0.021373 0.453206 0.000550 0.344790 0.016508 0.007658 0.085169 0.009908 
0.028075 0.138238 0.009760 0.172347 0.045053 0.189725 0.035840 0.320112 0.060850 
0.065928 0.003858 0.054128 0.140391 0.390286 0.003041 0.076572 0.119191 0.146604 
0.003396 0.002622 0.003233 0.006466 0.270062 0.030260 0.017280 0.026497 0.640184 
0.025202 0.002696 0.041252 0.026752 0.411788 0.053269 0.049054 0.206257 0.183730 
0.031208 0.162839 0.049940 0.000835 0.398929 0.128629 0.010481 0.151003 0.066136 
0.165087 0.036780 0.003857 0.000164 0.184107 0.024665 0.038497 0.084462 0.462381 
0.276775 0.033141 0.050375 0.024656 0.052383 0.052729 0.165943 0.059453 0.284546 
0.009538 0.054363 0.025430 0.044029 0.197802 0.272581 0.081199 0.285777 0.029281 
0.002766 0.058382 0.012961 0.000029 0.416301 0.142250 0.088080 0.107398 0.171834 
0.391606 0.004185 0.011501 0.040102 0.000182 0.066118 0.256895 0.132820 0.096592 
0.070983 0.067644 0.002884 0.000232 0.062863 0.313821 0.167260 0.090166 0.224147 
0.272995 0.029019 0.006855 0.160835 0.010792 0.069411 0.032252 0.217912 0.199928 
0.142498 0.043395 0.002202 0.001130 0.031579 0.205398 0.213174 0.349169 0.011456 
0.222589 0.049472 0.090414 0.001054 0.175246 0.134155 0.111496 0.157973 0.057600 
0.514391 0.032979 0.044036 0.000292 0.099104 0.053838 0.072955 0.113983 0.068422 
0.020614 0.026713 0.017477 0.423073 0.012363 0.033789 0.059464 0.379712 0.026795 
0.005148 0.005982 0.056011 0.014366 0.044080 0.309994 0.075812 0.458712 0.029895 
0.356705 0.066625 0.003136 0.001028 0.010258 0.080955 0.310194 0.150812 0.020289 
0.085071 0.000561 0.612761 0.017984 0.084718 0.006809 0.056505 0.036397 0.099195 
0.081765 0.000358 0.630485 0.001111 0.209055 0.013493 0.005338 0.041035 0.017360 
0.025073 0.096028 0.035247 0.302586 0.033824 0.197010 0.055131 0.247784 0.007317 
0.015180 0.157539 0.045601 0.010533 0.051499 0.223330 0.024319 0.407911 0.064088 
0.050555 0.046769 0.022976 0.048888 0.162670 0.091282 0.030625 0.162366 0.383869 
0.435368 0.020899 0.016457 0.012229 0.020728 0.060390 0.273691 0.098570 0.061668 
0.015326 0.058131 0.013921 0.000151 0.021315 0.600302 0.038914 0.131423 0.120516 
0.038895 0.000641 0.038366 0.010973 0.731588 0.036004 0.005884 0.032622 0.105026 
0.163308 0.121045 0.082864 0.023350 0.023656 0.107394 0.049042 0.213177 0.216164 
0.195016 0.087826 0.284232 0.000822 0.021331 0.198279 0.019487 0.109901 0.083104 
0.072789 0.033805 0.098662 0.095027 0.407891 0.047324 0.077613 0.092767 0.074123 
0.096237 0.004529 0.671922 0.049349 0.021133 0.009421 0.030512 0.051715 0.065182 
0.069052 0.109046 0.059870 0.085083 0.133176 0.009654 0.040955 0.173474 0.319690 
0.430512 0.005514 0.044558 0.000569 0.010247 0.034368 0.374225 0.005785 0.094223 
0.184696 0.079630 0.006875 0.031488 0.118906 0.114225 0.219040 0.215512 0.029627 
0.071309 0.096976 0.042366 0.025098 0.024226 0.151209 0.047197 0.528369 0.013249 
0.004215 0.051995 0.002650 0.001004 0.214053 0.124830 0.004436 0.158438 0.438380 
0.046326 0.107136 0.052347 0.241271 0.000127 0.181979 0.040777 0.313225 0.016813 
0.395476 0.019860 0.015736 0.000201 0.000015 0.039531 0.380673 0.141549 0.006959 
0.237626 0.039397 0.015379 0.025943 0.020681 0.235176 0.223243 0.146559 0.055997 
0.046925 0.134739 0.052519 0.137374 0.043301 0.157149 0.093217 0.331210 0.003566 
0.431874 0.029816 0.040345 0.013732 0.173661 0.071544 0.023608 0.162354 0.053066 
0.042034 0.027858 0.039284 0.003287 0.013781 0.387466 0.076974 0.401233 0.008083 
0.051768 0.056260 0.054126 0.000439 0.540992 0.145819 0.008534 0.094804 0.047258 
0.065750 0.004257 0.125891 0.000216 0.012712 0.626696 0.009523 0.146720 0.008234 
0.000877 0.183836 0.007457 0.063244 0.070396 0.290423 0.036296 0.346194 0.001276 
