-214621.336510
0
0.046184 0.039300 0.028535 0.020481 0.000000 0.000000 0.005832 0.000000 0.016403 0.000000 0.000000 0.000000 0.000000 0.000000 0.000000 0.000000 0.000000 0.000000 0.000000 0.000000 0.000000 0.000000 0.000000 0.000000 0.065563 0.112054 0.012688 0.071798 0.000000 0.007822 0.008653 0.000000 0.000000 0.000000 0.000000 0.000000 0.016562 0.000000 0.076240 0.000000 0.000000 0.000000 0.005917 0.000000 0.000000 0.000000 0.000000 0.000000 0.065805 0.081715 0.030759 0.031122 0.026126 0.000000 0.011118 0.000000 0.000000 0.000000 0.000000 0.000000 0.014663 0.000000 0.025671 0.000000 0.000000 0.000000 0.000000 0.000000 0.000000 0.000000 0.000000 0.000000 0.049409 0.106638 0.017524 0.000000 0.000000 0.000000 0.005418 0.000000 0.000000 0.000000 0.000000 0.000000 0.000000 0.000000 0.000000 0.000000 0.000000 0.000000 0.000000 0.000000 0.000000 0.000000 0.000000 0.000000 
0.000000 0.000000 0.000000 0.000000 0.086632 0.049060 0.005752 0.083527 0.000000 0.000000 0.000000 0.000000 0.000000 0.000000 0.000000 0.000000 0.000000 0.000000 0.000000 0.000000 0.000000 0.000000 0.032944 0.000000 0.000000 0.000000 0.000000 0.000000 0.067691 0.049925 0.010030 0.086011 0.000000 0.000000 0.000000 0.000000 0.034348 0.000000 0.014763 0.000000 0.000000 0.000000 0.000000 0.000000 0.000000 0.034156 0.080422 0.000000 0.000000 0.000000 0.000000 0.000000 0.000000 0.052165 0.000000 0.066449 0.000000 0.000000 0.000000 0.000000 0.000000 0.000000 0.000000 0.000000 0.000000 0.000000 0.000000 0.000000 0.000000 0.016457 0.057133 0.000000 0.000000 0.000000 0.000000 0.000000 0.032541 0.074832 0.001467 0.063696 0.000000 0.000000 0.000000 0.000000 0.000000 0.000000 0.000000 0.000000 0.000000 0.000000 0.000000 0.000000 0.000000 0.000000 0.000000 0.000000 
0.000000 0.000000 0.000000 0.000000 0.000000 0.000000 0.000000 0.000000 0.000000 0.000000 0.000000 0.000000 0.000000 0.000000 0.000000 0.000000 0.000000 0.000000 0.000000 0.000000 0.000000 0.000000 0.000000 0.000000 0.000000 0.000000 0.000000 0.000000 0.000000 0.000000 0.000000 0.000000 0.000000 0.000000 0.000000 0.000000 0.000000 0.000000 0.000000 0.000000 0.000000 0.000000 0.000000 0.000000 0.000000 0.000000 0.000000 0.000000 0.000000 0.000000 0.000000 0.000000 0.000000 0.000000 0.000000 0.000000 0.000000 0.000000 0.000000 0.000000 0.000000 0.000000 0.000000 0.000000 0.000000 0.000000 0.000000 0.044745 0.000000 0.000000 0.000000 0.000000 0.000000 0.000000 0.006164 0.000000 0.000000 0.000000 0.000000 0.000000 0.000000 0.000000 0.949091 0.000000 0.000000 0.000000 0.000000 0.000000 0.000000 0.000000 0.000000 0.000000 0.000000 0.000000 0.000000 0.000000 
0.000000 0.000000 0.000000 0.000000 0.000000 0.000000 0.000000 0.000000 0.000000 0.048334 0.000000 0.018512 0.000000 0.000000 0.000000 0.000000 0.000000 0.000000 0.037206 0.000000 0.000000 0.000000 0.000000 0.000000 0.013460 0.045265 0.017696 0.130161 0.000000 0.000000 0.000000 0.000000 0.000000 0.000000 0.000000 0.000000 0.000000 0.000000 0.000000 0.000000 0.000000 0.000000 0.067536 0.000000 0.000000 0.000000 0.000000 0.000000 0.000000 0.000000 0.000000 0.000000 0.000000 0.000000 0.000000 0.000000 0.214935 0.221329 0.000000 0.140111 0.000000 0.000000 0.000000 0.000000 0.026017 0.000000 0.019439 0.000000 0.000000 0.000000 0.000000 0.000000 0.000000 0.000000 0.000000 0.000000 0.000000 0.000000 0.000000 0.000000 0.000000 0.000000 0.000000 0.000000 0.000000 0.000000 0.000000 0.000000 0.000000 0.000000 0.000000 0.000000 0.000000 0.000000 0.000000 0.000000 
0.000000 0.000000 0.000000 0.015693 0.000000 0.000000 0.000000 0.000000 0.000000 0.000000 0.000000 0.000000 0.000000 0.000000 0.000000 0.000000 0.000000 0.000000 0.000000 0.000000 0.000000 0.009929 0.000000 0.027069 0.000000 0.000000 0.000000 0.015065 0.000000 0.000000 0.000000 0.000000 0.000000 0.000000 0.000000 0.000000 0.000000 0.000000 0.000000 0.000000 0.000000 0.000000 0.000000 0.000000 0.000000 0.000000 0.000000 0.022456 0.000000 0.000000 0.000000 0.009328 0.000000 0.000000 0.000000 0.000000 0.000000 0.000000 0.000000 0.021853 0.000000 0.000000 0.000000 0.000000 0.004491 0.014094 0.000000 0.000000 0.000000 0.000000 0.000000 0.000000 0.067892 0.018341 0.000000 0.544902 0.000000 0.000000 0.000000 0.000000 0.000000 0.000000 0.000000 0.045855 0.000000 0.000000 0.000000 0.000000 0.000000 0.018994 0.006482 0.007007 0.000000 0.034613 0.000000 0.115935 
0.000000 0.000000 0.000000 0.000000 0.000000 0.000000 0.000000 0.000000 0.000000 0.052331 0.000000 0.014106 0.000000 0.000000 0.000000 0.000000 0.000000 0.000000 0.000000 0.000000 0.000000 0.000000 0.000000 0.000000 0.000000 0.000000 0.000000 0.000000 0.000000 0.000000 0.000000 0.000000 0.259447 0.245947 0.036565 0.229341 0.000000 0.000000 0.000000 0.000000 0.000000 0.000000 0.000000 0.000000 0.000000 0.000000 0.000000 0.000000 0.000000 0.000000 0.000000 0.000000 0.000000 0.000000 0.000000 0.000000 0.000000 0.035992 0.000000 0.054421 0.000000 0.000000 0.000000 0.000000 0.000000 0.000000 0.000000 0.000000 0.000000 0.000000 0.000000 0.000000 0.000000 0.000000 0.000000 0.000000 0.000000 0.000000 0.000000 0.000000 0.000000 0.000000 0.000000 0.071851 0.000000 0.000000 0.000000 0.000000 0.000000 0.000000 0.000000 0.000000 0.000000 0.000000 0.000000 0.000000 
0.000000 0.000000 0.000000 0.000000 0.000000 0.000000 0.000000 0.000000 0.047885 0.013069 0.000000 0.044605 0.000000 0.000000 0.000000 0.052422 0.080329 0.038991 0.057358 0.068592 0.000000 0.000000 0.000000 0.000000 0.000000 0.000000 0.000000 0.000000 0.000000 0.000000 0.000000 0.000000 0.000000 0.000000 0.000000 0.000000 0.000000 0.000000 0.000000 0.000000 0.039121 0.042251 0.035716 0.053516 0.000000 0.000000 0.000000 0.000000 0.020585 0.000000 0.000000 0.000000 0.000000 0.000000 0.000000 0.000000 0.000000 0.000000 0.000000 0.000000 0.008328 0.000000 0.000000 0.000000 0.028885 0.028167 0.030464 0.035927 0.000000 0.000000 0.000000 0.020077 0.000000 0.000000 0.000000 0.000000 0.000000 0.000000 0.000000 0.000000 0.000000 0.000000 0.000000 0.000000 0.038599 0.008854 0.000000 0.027342 0.046424 0.034995 0.024156 0.043871 0.000000 0.000000 0.029471 0.000000 
0.000000 0.000000 0.000000 0.000000 0.000000 0.000000 0.000000 0.000000 0.000000 0.000000 0.000000 0.000000 0.000000 0.000000 0.000000 0.000000 0.000000 0.000000 0.000000 0.000000 0.000000 0.000000 0.000000 0.000000 0.000000 0.000000 0.000000 0.000000 0.000000 0.000000 0.000000 0.000000 0.000000 0.000000 0.000000 0.000000 0.000000 0.000000 0.000000 0.000000 0.000000 0.000000 0.000000 0.000000 0.000000 0.000000 0.000000 0.000000 0.000000 0.000000 0.000000 0.000000 0.000000 0.000000 0.000000 0.000000 0.000000 0.000000 0.000000 0.000000 0.000000 0.000000 0.000000 0.000000 0.000000 0.000000 0.000000 0.000000 0.000000 0.000000 0.000000 0.000000 0.009562 0.000000 0.000000 0.000000 0.035446 0.000000 0.000719 0.074711 0.563535 0.000000 0.000000 0.316028 0.000000 0.000000 0.000000 0.000000 0.000000 0.000000 0.000000 0.000000 0.000000 0.000000 0.000000 0.000000 
0.000000 0.000000 0.000000 0.000000 0.000000 0.000000 0.000000 0.000000 0.000000 0.000000 0.000000 0.000000 0.000000 0.000000 0.000000 0.000000 0.000000 0.000000 0.000000 0.000000 0.000000 0.000000 0.000000 0.000000 0.000000 0.000000 0.000000 0.000000 0.000000 0.000000 0.000000 0.000000 0.000000 0.000000 0.000000 0.000000 0.000000 0.000000 0.000000 0.000000 0.000000 0.000000 0.000000 0.000000 0.000000 0.000000 0.000000 0.000000 0.000000 0.000000 0.000000 0.000000 0.000000 0.000000 0.000000 0.000000 0.000000 0.000000 0.000000 0.000000 0.000000 0.000000 0.000000 0.000000 0.000000 0.000000 0.000000 0.000000 0.000000 0.000000 0.000000 0.000000 0.000000 0.000000 0.000000 0.000000 0.000000 0.000000 0.000000 0.000000 0.000000 1.000000 0.000000 0.000000 0.000000 0.000000 0.000000 0.000000 0.000000 0.000000 0.000000 0.000000 0.000000 0.000000 0.000000 0.000000 
0.098628 0.074960 0.000000 0.072021 0.000000 0.000000 0.000000 0.000000 0.000000 0.000000 0.000000 0.000000 0.065066 0.047892 0.065308 0.000000 0.000000 0.000000 0.000000 0.000000 0.000000 0.000000 0.000000 0.000000 0.056574 0.000000 0.000000 0.000000 0.000000 0.000000 0.000000 0.000000 0.000000 0.000000 0.000000 0.029184 0.000000 0.064098 0.000000 0.089738 0.000000 0.000000 0.000000 0.000000 0.000000 0.000000 0.000000 0.000000 0.000000 0.000000 0.000000 0.069255 0.000000 0.000000 0.000000 0.000000 0.000000 0.000000 0.000000 0.000000 0.000000 0.034831 0.014624 0.050553 0.000000 0.000000 0.000000 0.000000 0.000000 0.000000 0.000000 0.000000 0.050429 0.000000 0.000000 0.000000 0.000000 0.000000 0.000000 0.000000 0.000000 0.000000 0.000000 0.000000 0.000000 0.034129 0.041270 0.041440 0.000000 0.000000 0.000000 0.000000 0.000000 0.000000 0.000000 0.000000 
0.000000 0.000000 0.000000 0.000000 0.000000 0.000000 0.000000 0.000000 0.053167 0.000000 0.323983 0.013324 0.000000 0.000000 0.000000 0.000000 0.000000 0.000000 0.000000 0.000000 0.000000 0.000000 0.000000 0.000000 0.000000 0.000000 0.000000 0.000000 0.000000 0.000000 0.000000 0.000000 0.000000 0.000000 0.244335 0.000000 0.000000 0.000000 0.000000 0.000000 0.000000 0.000000 0.000000 0.000000 0.000000 0.000000 0.000000 0.000000 0.000000 0.000000 0.000000 0.005058 0.000000 0.000000 0.000000 0.000000 0.000000 0.004626 0.314667 0.014567 0.000000 0.000000 0.000000 0.000000 0.005896 0.000000 0.000000 0.000000 0.000000 0.000000 0.000000 0.000000 0.000000 0.000000 0.000000 0.000000 0.000000 0.000000 0.000000 0.000000 0.000000 0.000000 0.000000 0.000000 0.000000 0.000000 0.000000 0.000000 0.000000 0.000000 0.020377 0.000000 0.000000 0.000000 0.000000 0.000000 
0.000000 0.000000 0.000000 0.000000 0.000000 0.000000 0.000000 0.000000 0.000000 0.000000 0.000000 0.000000 0.000000 0.000000 0.000000 0.000000 0.000000 0.000000 0.000000 0.000000 0.100816 0.028196 0.010697 0.076455 0.000000 0.000000 0.000000 0.000000 0.000000 0.000000 0.000000 0.000000 0.000000 0.000000 0.000000 0.000000 0.000000 0.000000 0.000000 0.000000 0.000000 0.000000 0.000000 0.014644 0.083928 0.000000 0.000000 0.205039 0.000000 0.000000 0.000000 0.000000 0.000000 0.000000 0.000000 0.000000 0.000000 0.000000 0.000000 0.000000 0.000000 0.000000 0.000000 0.000000 0.000000 0.000000 0.000000 0.000000 0.027635 0.000000 0.000000 0.025607 0.030482 0.000000 0.000000 0.000000 0.000000 0.000000 0.000000 0.000000 0.000000 0.000000 0.000000 0.000000 0.000000 0.000000 0.037041 0.000000 0.000000 0.000000 0.000000 0.038773 0.169903 0.000000 0.000000 0.150786 
0.025033 0.000571 0.066967 0.037663 0.014438 0.099068 0.023033 0.585680 0.120000 0.023671 0.003787 0.000089 
0.001580 0.010427 0.130000 0.008743 0.369294 0.052355 0.058837 0.276715 0.010000 0.000457 0.058504 0.023089 
0.114874 0.198286 0.011539 0.070052 0.081528 0.014569 0.201996 0.041657 0.040000 0.149527 0.042550 0.033421 
0.280057 0.130552 0.000147 0.024903 0.029937 0.017720 0.286215 0.000044 0.010000 0.122255 0.077529 0.020640 
0.020877 0.020000 0.050000 0.046671 0.031637 0.248527 0.149441 0.078929 0.210000 0.047231 0.048881 0.047807 
0.128259 0.113143 0.011386 0.034842 0.119503 0.058291 0.349225 0.015951 0.010000 0.087055 0.054318 0.018027 
0.053726 0.047692 0.110000 0.093899 0.237644 0.032721 0.145902 0.104979 0.040000 0.060915 0.052985 0.019537 
0.089859 0.062291 0.076547 0.099424 0.257961 0.052533 0.186043 0.015735 0.030000 0.029523 0.073077 0.027008 
0.220841 0.120476 0.021035 0.022542 0.027455 0.025512 0.062912 0.351637 0.030000 0.116391 0.000289 0.000911 
0.174641 0.074155 0.021581 0.043480 0.032665 0.103549 0.218286 0.013599 0.030000 0.108678 0.153922 0.025444 
0.071921 0.033762 0.092601 0.076638 0.015868 0.071293 0.214889 0.048373 0.010000 0.072130 0.292278 0.000248 
0.084875 0.125068 0.034161 0.043582 0.027190 0.052270 0.267780 0.000596 0.040000 0.155574 0.133686 0.035218 
0.120085 0.048747 0.048791 0.070196 0.038404 0.059695 0.210701 0.063710 0.040000 0.251084 0.006314 0.042273 
0.079739 0.012916 0.196140 0.013075 0.302884 0.024652 0.139488 0.023667 0.010000 0.046226 0.132913 0.018300 
0.444428 0.123226 0.010098 0.054501 0.037945 0.057345 0.098634 0.009625 0.010000 0.131465 0.020830 0.001905 
0.100148 0.126558 0.021517 0.094433 0.055027 0.094955 0.330928 0.027902 0.020000 0.049482 0.061918 0.017132 
0.211573 0.020210 0.076361 0.043991 0.048064 0.140216 0.073320 0.047916 0.030000 0.077455 0.200325 0.030568 
0.008022 0.020000 0.080000 0.033752 0.022051 0.236648 0.099304 0.130372 0.240000 0.059000 0.046932 0.023919 
0.030896 0.071607 0.021984 0.057046 0.036559 0.092733 0.262772 0.215032 0.030000 0.069042 0.111320 0.001010 
0.433742 0.100965 0.000000 0.004715 0.049639 0.042479 0.116162 0.025231 0.020000 0.205877 0.000967 0.000225 
0.077994 0.124655 0.000233 0.056285 0.015381 0.087359 0.373569 0.040066 0.010000 0.119296 0.062338 0.032826 
0.151467 0.165497 0.000178 0.054495 0.046906 0.012028 0.234832 0.081464 0.000000 0.167704 0.045180 0.040250 
0.115606 0.074199 0.020000 0.066356 0.070036 0.002377 0.183176 0.039034 0.020000 0.274158 0.134893 0.000165 
0.052320 0.010000 0.084929 0.230468 0.057468 0.071395 0.096653 0.014194 0.020000 0.018304 0.326193 0.018078 
0.000523 0.011549 0.097775 0.023701 0.000765 0.340292 0.021081 0.336366 0.150000 0.010684 0.006868 0.000395 
0.029403 0.000000 0.173832 0.022558 0.540001 0.041637 0.054128 0.005352 0.030000 0.003941 0.092284 0.006864 
0.036858 0.056446 0.020984 0.143936 0.059904 0.036398 0.253938 0.016633 0.030000 0.195840 0.148969 0.000095 
0.001534 0.012735 0.050000 0.005878 0.077391 0.006574 0.030465 0.692437 0.050000 0.016702 0.051381 0.004902 
0.182704 0.205614 0.030000 0.039648 0.049887 0.033360 0.094069 0.184354 0.020000 0.123965 0.034278 0.002121 
0.007133 0.030000 0.170000 0.004196 0.564716 0.020074 0.115023 0.001510 0.020000 0.044540 0.022050 0.000758 
0.070319 0.012620 0.063771 0.003948 0.019753 0.355989 0.082133 0.119202 0.180000 0.085471 0.002865 0.003930 
0.104083 0.054236 0.021589 0.029699 0.063602 0.095319 0.144705 0.233135 0.030000 0.076615 0.146288 0.000728 
0.257505 0.027254 0.022586 0.138420 0.068695 0.039190 0.196166 0.020199 0.000000 0.163051 0.066176 0.000759 
0.048704 0.088836 0.083583 0.032633 0.225775 0.037832 0.175829 0.038924 0.030000 0.078932 0.054196 0.104757 
0.039596 0.057083 0.030000 0.014775 0.078515 0.071715 0.009807 0.549067 0.030000 0.041481 0.048915 0.029044 
0.406142 0.031857 0.082632 0.022656 0.140561 0.039432 0.139425 0.024846 0.000000 0.076225 0.020796 0.015428 
0.154896 0.138144 0.000142 0.052900 0.044808 0.086782 0.295587 0.021711 0.030000 0.042057 0.078849 0.054124 
0.040522 0.083738 0.030000 0.013886 0.135765 0.001810 0.316444 0.091867 0.000000 0.024730 0.021972 0.239266 
0.101530 0.083801 0.032657 0.181890 0.024089 0.053817 0.205512 0.022499 0.030000 0.104831 0.141842 0.017532 
0.018386 0.010000 0.276674 0.003298 0.492034 0.024978 0.007892 0.027470 0.040000 0.004240 0.093222 0.001806 
0.058388 0.094257 0.040000 0.127944 0.077700 0.042080 0.094693 0.122663 0.030000 0.044465 0.180208 0.087603 
0.079146 0.050536 0.060000 0.024800 0.047272 0.063736 0.044479 0.324618 0.100000 0.135926 0.069048 0.000438 
0.079155 0.010000 0.060000 0.252641 0.001606 0.084673 0.050421 0.081200 0.070000 0.005709 0.294098 0.010498 
0.072281 0.111839 0.010000 0.073466 0.033650 0.131991 0.261351 0.040772 0.040000 0.090666 0.093101 0.040882 
0.006299 0.010000 0.110000 0.078457 0.171909 0.082758 0.144900 0.033744 0.020000 0.012862 0.313260 0.015812 
0.010954 0.018913 0.108730 0.008086 0.000459 0.307091 0.005575 0.177385 0.300000 0.056479 0.006329 0.000000 
0.096198 0.291680 0.000000 0.104386 0.034214 0.038397 0.152904 0.013617 0.010000 0.166674 0.011723 0.080206 
0.127647 0.075580 0.050000 0.211374 0.020942 0.068288 0.122276 0.025183 0.030000 0.063524 0.199087 0.006100 
0.023433 0.010792 0.090000 0.126413 0.013232 0.015485 0.084872 0.307044 0.010000 0.033557 0.285172 0.000000 
0.076115 0.206405 0.010000 0.174782 0.047059 0.080699 0.168632 0.004024 0.000000 0.117900 0.091361 0.023022 
0.257113 0.096888 0.020000 0.008387 0.025454 0.036353 0.154197 0.005668 0.000000 0.202140 0.131086 0.062714 
0.012056 0.000612 0.040000 0.005655 0.003734 0.064711 0.033177 0.757745 0.060000 0.001802 0.020028 0.000480 
0.051737 0.026056 0.040000 0.054763 0.041060 0.096636 0.163927 0.025164 0.040000 0.143486 0.151050 0.166122 
0.125255 0.076222 0.020000 0.045972 0.004156 0.014967 0.133072 0.336857 0.040000 0.137643 0.042814 0.023043 
0.040695 0.062231 0.090000 0.031372 0.006690 0.226372 0.109440 0.190778 0.170000 0.005350 0.018209 0.048863 
0.284578 0.063333 0.010306 0.004380 0.040283 0.016144 0.246430 0.024392 0.010000 0.258493 0.041307 0.000355 
0.014645 0.032433 0.105888 0.045637 0.019551 0.240433 0.079022 0.113263 0.200000 0.012749 0.088614 0.047765 
0.020922 0.068841 0.060000 0.005577 0.065185 0.101244 0.171868 0.073062 0.080000 0.067405 0.196554 0.089342 
0.018671 0.011599 0.030000 0.013479 0.020224 0.106121 0.036173 0.495520 0.180000 0.050630 0.022543 0.015040 
0.052087 0.022524 0.010000 0.076240 0.027740 0.012775 0.084754 0.434860 0.110000 0.033883 0.061424 0.073713 
0.080089 0.099200 0.022378 0.089036 0.005979 0.154295 0.345593 0.040714 0.030000 0.035695 0.031488 0.065532 
0.031420 0.015108 0.020000 0.315118 0.035287 0.027075 0.038344 0.004105 0.000000 0.025109 0.486939 0.001494 
0.056479 0.074283 0.078130 0.074351 0.209253 0.045364 0.130898 0.189706 0.020000 0.024811 0.095902 0.000822 
0.042802 0.086226 0.042558 0.227475 0.020971 0.026380 0.147859 0.010000 0.020000 0.141094 0.177439 0.057195 
0.002083 0.000345 0.050000 0.020000 0.015618 0.012747 0.010000 0.765680 0.060000 0.033323 0.019330 0.010873 
0.151907 0.067180 0.000294 0.022972 0.040196 0.032456 0.296184 0.010308 0.000000 0.224250 0.117148 0.037104 
0.157152 0.070077 0.010000 0.028885 0.093902 0.001240 0.203676 0.018948 0.000000 0.303299 0.058017 0.054804 
0.045190 0.010000 0.084170 0.080013 0.057838 0.038663 0.135178 0.038381 0.020000 0.053092 0.405724 0.031753 
0.057772 0.069638 0.063889 0.027919 0.034141 0.217006 0.114467 0.150200 0.100000 0.107505 0.011335 0.046128 
0.058521 0.011825 0.100000 0.028940 0.066032 0.159181 0.012883 0.287474 0.150000 0.058313 0.061392 0.005440 
0.076410 0.032014 0.072348 0.032592 0.015148 0.022889 0.139117 0.505553 0.040000 0.053348 0.000962 0.009619 
0.521606 0.095040 0.010168 0.020783 0.027753 0.110860 0.076513 0.002977 0.010000 0.065392 0.010618 0.048290 
0.066748 0.038895 0.060000 0.111284 0.071610 0.108486 0.073302 0.056691 0.040000 0.053875 0.302003 0.017107 
0.048234 0.000218 0.165087 0.051349 0.391260 0.001805 0.064968 0.200392 0.030000 0.004713 0.041146 0.000828 
0.037806 0.030000 0.060000 0.170066 0.024347 0.201206 0.108396 0.044770 0.110000 0.028526 0.173524 0.011359 
0.034139 0.052070 0.000307 0.072350 0.052633 0.024935 0.284013 0.142540 0.040000 0.067360 0.057157 0.172495 
0.112932 0.040000 0.135610 0.086420 0.252917 0.043240 0.118859 0.002972 0.010000 0.074421 0.108981 0.013649 
0.102414 0.059906 0.045827 0.073817 0.061673 0.062935 0.233539 0.040581 0.030000 0.061810 0.191956 0.035542 
0.023624 0.060000 0.011280 0.240360 0.026880 0.102923 0.241389 0.025353 0.030000 0.122783 0.115272 0.000134 
0.003161 0.029538 0.166232 0.000707 0.240864 0.203637 0.033969 0.106345 0.160000 0.004972 0.045815 0.004759 
0.006877 0.010000 0.258225 0.036666 0.244929 0.177535 0.055023 0.016642 0.090000 0.036335 0.049069 0.018700 
0.289547 0.038819 0.020523 0.043678 0.144749 0.060422 0.113936 0.004251 0.010000 0.119309 0.138308 0.016457 
0.333656 0.141320 0.030321 0.054257 0.152543 0.052222 0.110808 0.030193 0.010000 0.058774 0.025206 0.000702 
0.057191 0.050000 0.060000 0.278233 0.119686 0.015358 0.105348 0.025715 0.010000 0.022773 0.253339 0.002358 
0.017723 0.030000 0.137764 0.020665 0.050165 0.245555 0.035486 0.192664 0.170000 0.017160 0.070728 0.012092 
0.007191 0.010720 0.060000 0.002058 0.006201 0.328842 0.010000 0.159957 0.370000 0.029004 0.009394 0.006633 
0.009875 0.000867 0.130000 0.141081 0.101951 0.077909 0.060599 0.214017 0.080000 0.029289 0.149035 0.005378 
0.029296 0.109096 0.044678 0.030393 0.023535 0.171961 0.176785 0.166718 0.170000 0.056753 0.009636 0.011149 
0.023149 0.062978 0.058026 0.069475 0.059975 0.058774 0.190294 0.039900 0.020000 0.071101 0.343123 0.003204 
0.055194 0.048794 0.010000 0.315954 0.058683 0.013121 0.107514 0.001206 0.030000 0.005107 0.336391 0.018035 
0.291471 0.141162 0.000040 0.068664 0.058490 0.052425 0.180315 0.014838 0.000000 0.068209 0.039321 0.085064 
0.069174 0.020000 0.000641 0.382768 0.003383 0.073777 0.058942 0.000000 0.010000 0.015090 0.338702 0.027523 
0.256744 0.057968 0.066657 0.004225 0.234245 0.085309 0.028585 0.085303 0.000000 0.153039 0.027110 0.000816 
0.039286 0.026770 0.064808 0.026522 0.054996 0.233472 0.075439 0.083356 0.150000 0.065836 0.179108 0.000406 
0.212971 0.068499 0.094851 0.033141 0.271027 0.014999 0.113095 0.008059 0.000000 0.148810 0.033460 0.001087 
0.039200 0.112588 0.000000 0.032852 0.028080 0.049250 0.198098 0.281021 0.020000 0.140303 0.018782 0.079826 
0.029251 0.021181 0.144839 0.070752 0.127875 0.015091 0.179212 0.002436 0.030000 0.074332 0.302154 0.002876 
0.144184 0.248121 0.010290 0.045961 0.080117 0.094510 0.122253 0.002509 0.040000 0.127881 0.076461 0.007712 
0.119656 0.052357 0.021384 0.087755 0.061775 0.022053 0.171150 0.030000 0.010000 0.248659 0.159911 0.015301 
0.443259 0.100579 0.000737 0.066334 0.082333 0.046877 0.119425 0.036748 0.000000 0.091823 0.006706 0.005180 
0.062453 0.222752 0.000000 0.036508 0.059914 0.060974 0.297269 0.059250 0.010000 0.183342 0.000403 0.007133 
0.142155 0.213137 0.000187 0.161380 0.026784 0.005148 0.222326 0.020298 0.010000 0.196660 0.000414 0.001509 
0.150451 0.064639 0.032498 0.007087 0.132123 0.033443 0.289567 0.012481 0.020000 0.189012 0.011581 0.057117 
0.031377 0.249220 0.000000 0.057823 0.068089 0.061222 0.197124 0.086843 0.020000 0.148427 0.000857 0.079021 
0.033334 0.036324 0.151089 0.047657 0.352221 0.017335 0.137705 0.004396 0.010000 0.045340 0.020604 0.143994 
0.061227 0.046265 0.090000 0.030216 0.231903 0.054619 0.220316 0.046045 0.000000 0.092889 0.060073 0.066447 
0.071565 0.043089 0.032110 0.028524 0.103409 0.042540 0.146216 0.370544 0.040000 0.052113 0.064682 0.005208 
0.070069 0.063777 0.000202 0.058733 0.049259 0.014727 0.429493 0.023457 0.000000 0.110258 0.014083 0.165941 
0.055161 0.002416 0.064484 0.120883 0.034366 0.075655 0.087432 0.164370 0.040000 0.058297 0.289474 0.007461 
0.294054 0.068692 0.011398 0.100106 0.013728 0.090148 0.110530 0.014720 0.040000 0.093637 0.162816 0.000171 
0.140489 0.085416 0.000000 0.052440 0.054919 0.101294 0.255142 0.014364 0.040000 0.129918 0.084474 0.041542 
0.128847 0.254861 0.000000 0.051894 0.035089 0.050675 0.222720 0.000512 0.040000 0.150841 0.041241 0.023320 
0.095259 0.053555 0.010000 0.264881 0.046319 0.037715 0.097190 0.083699 0.000000 0.103901 0.191975 0.015507 
0.000870 0.000554 0.030000 0.010000 0.020228 0.054628 0.038356 0.730401 0.110000 0.000684 0.001197 0.003082 
0.064740 0.071234 0.021905 0.050013 0.108760 0.002857 0.274589 0.161554 0.030000 0.021012 0.052097 0.141240 
0.094399 0.098921 0.052740 0.069142 0.190382 0.090708 0.166491 0.004232 0.020000 0.119713 0.060270 0.033002 
0.326719 0.072377 0.040423 0.024167 0.196717 0.051568 0.097776 0.028996 0.000000 0.086652 0.054835 0.019769 
0.087065 0.030000 0.040000 0.075719 0.106802 0.024802 0.136142 0.087828 0.030000 0.111648 0.269398 0.000596 
0.009270 0.017307 0.167793 0.041178 0.339942 0.079371 0.078240 0.049587 0.120000 0.002169 0.051829 0.043314 
0.022014 0.010000 0.060000 0.357293 0.013205 0.097958 0.060288 0.053814 0.110000 0.005562 0.182197 0.027669 
0.136056 0.207165 0.011745 0.070648 0.107242 0.089086 0.174582 0.019368 0.040000 0.094520 0.020067 0.029523 
0.398037 0.095980 0.030000 0.048523 0.129484 0.078158 0.086951 0.011641 0.000000 0.118835 0.002041 0.000350 
0.001271 0.010639 0.097502 0.017656 0.001506 0.358149 0.026759 0.181510 0.260000 0.024931 0.020078 0.000000 
0.089803 0.024770 0.106041 0.027619 0.173359 0.148340 0.073393 0.049320 0.190000 0.066885 0.012238 0.038232 
0.088119 0.000000 0.050000 0.027683 0.026276 0.220756 0.104938 0.059807 0.120000 0.218241 0.043535 0.040646 
0.089400 0.143051 0.000604 0.070705 0.056620 0.061251 0.255505 0.103486 0.010000 0.092190 0.050776 0.066411 
0.483721 0.102801 0.000024 0.055444 0.026738 0.017792 0.128736 0.015585 0.020000 0.148270 0.000610 0.000278 
0.336858 0.059190 0.000035 0.011962 0.030076 0.069136 0.157050 0.002726 0.020000 0.305546 0.007360 0.000061 
0.123623 0.077784 0.012120 0.035997 0.062060 0.032989 0.229068 0.020086 0.000000 0.253208 0.035200 0.117865 
0.010279 0.038743 0.031932 0.007803 0.051570 0.039864 0.163990 0.338728 0.080000 0.046046 0.054223 0.136822 
0.122712 0.105154 0.010000 0.049542 0.104043 0.061382 0.146286 0.009068 0.010000 0.318811 0.041585 0.021417 
0.211674 0.045263 0.126465 0.026389 0.028917 0.184495 0.072630 0.114356 0.140000 0.046270 0.003441 0.000100 
0.036371 0.011086 0.040000 0.009374 0.029155 0.047749 0.015691 0.724165 0.080000 0.004765 0.001570 0.000074 
0.008936 0.000000 0.094448 0.002427 0.058392 0.161388 0.134874 0.175488 0.190000 0.068165 0.033707 0.072175 
0.027001 0.077033 0.010000 0.032057 0.081909 0.046624 0.309251 0.017688 0.020000 0.085526 0.032253 0.260658 
0.002824 0.000731 0.040000 0.144856 0.024380 0.015047 0.024491 0.573015 0.060000 0.012014 0.102594 0.000049 
0.102833 0.034195 0.080000 0.090673 0.016141 0.039069 0.146790 0.020215 0.020000 0.072459 0.377587 0.000040 
0.064746 0.056408 0.010000 0.024916 0.025657 0.093020 0.362868 0.045936 0.020000 0.057040 0.072650 0.166759 
0.072635 0.076347 0.030000 0.034980 0.023275 0.135139 0.144688 0.201013 0.050000 0.199336 0.028355 0.004231 
0.309959 0.046293 0.000000 0.078436 0.046213 0.114567 0.083136 0.084783 0.030000 0.104564 0.101469 0.000580 
0.220163 0.186706 0.000385 0.099395 0.004466 0.089158 0.125372 0.013194 0.020000 0.233495 0.000263 0.007402 
0.008374 0.058501 0.044720 0.003325 0.127379 0.118123 0.174696 0.098296 0.070000 0.067159 0.039013 0.190414 
0.074204 0.138644 0.034628 0.035439 0.179321 0.053429 0.180174 0.019880 0.030000 0.184866 0.043637 0.025779 
0.415898 0.144888 0.011332 0.025843 0.008190 0.075449 0.099941 0.035738 0.010000 0.118142 0.007893 0.046685 
0.260489 0.051532 0.010165 0.056489 0.002275 0.055780 0.074152 0.260792 0.070000 0.047780 0.088885 0.021661 
0.016377 0.010000 0.054297 0.443809 0.051786 0.037403 0.078851 0.015896 0.030000 0.016443 0.213391 0.031746 
0.092169 0.181535 0.046169 0.047377 0.306287 0.039328 0.120607 0.007580 0.020000 0.084577 0.021240 0.033133 
0.006107 0.010000 0.044554 0.010167 0.011324 0.292568 0.055333 0.188741 0.310000 0.065659 0.003201 0.002347 
0.038658 0.032672 0.086116 0.159370 0.001671 0.123495 0.055120 0.097051 0.150000 0.034660 0.220795 0.000389 
0.001061 0.000470 0.100000 0.008037 0.024553 0.167460 0.018939 0.463649 0.200000 0.000778 0.014864 0.000189 
0.016592 0.024093 0.021766 0.062916 0.242338 0.045049 0.126777 0.385736 0.050000 0.001589 0.021974 0.001169 
0.100664 0.030234 0.000190 0.092940 0.047400 0.048791 0.219270 0.304042 0.040000 0.066133 0.036033 0.014303 
0.113707 0.050111 0.060000 0.047565 0.035953 0.054187 0.275073 0.086185 0.050000 0.064343 0.034297 0.128581 
0.051386 0.033335 0.114789 0.040774 0.341812 0.047321 0.142962 0.063434 0.040000 0.078135 0.043938 0.002114 
0.231807 0.041935 0.030000 0.026110 0.119718 0.105072 0.254340 0.001467 0.020000 0.095948 0.048561 0.025041 
0.172313 0.046913 0.077124 0.054113 0.005540 0.091300 0.056718 0.039846 0.020000 0.132910 0.272256 0.030965 
0.042747 0.012216 0.201332 0.054642 0.445552 0.025466 0.058544 0.044381 0.020000 0.031751 0.043180 0.020189 
0.011358 0.020000 0.286290 0.026892 0.521901 0.011117 0.035903 0.001735 0.010000 0.018835 0.052927 0.003042 
0.068621 0.020106 0.010000 0.219563 0.009549 0.027315 0.111082 0.201290 0.030000 0.035378 0.253866 0.013229 
0.038749 0.022861 0.106314 0.073010 0.034772 0.083287 0.064036 0.132745 0.180000 0.032344 0.225225 0.006658 
0.047267 0.001386 0.030000 0.114920 0.020812 0.023250 0.197531 0.067079 0.010000 0.015398 0.456714 0.015643 
0.069740 0.037780 0.187702 0.015681 0.337712 0.030763 0.055609 0.056278 0.030000 0.090644 0.067273 0.020817 
0.088358 0.083255 0.107528 0.088456 0.273295 0.014331 0.126830 0.023524 0.050000 0.058230 0.069155 0.017038 
0.051597 0.038615 0.040000 0.049769 0.083326 0.048089 0.044673 0.505385 0.040000 0.042085 0.044763 0.011699 
0.017315 0.024637 0.070000 0.029779 0.014433 0.069246 0.071820 0.566416 0.060000 0.031593 0.044621 0.000141 
0.135639 0.029347 0.062836 0.071615 0.018064 0.077532 0.189431 0.012422 0.040000 0.044498 0.290761 0.027856 
0.160892 0.188135 0.000000 0.018985 0.047162 0.021431 0.109873 0.240694 0.020000 0.122547 0.042019 0.028261 
0.077866 0.157707 0.000000 0.134221 0.036361 0.072835 0.195937 0.037793 0.010000 0.190634 0.039381 0.047265 
0.044308 0.013031 0.084466 0.197505 0.122403 0.036061 0.118626 0.044569 0.010000 0.056408 0.254861 0.017763 
0.114778 0.243637 0.000289 0.049339 0.040190 0.049821 0.301814 0.025250 0.010000 0.093526 0.022355 0.049003 
0.016033 0.010000 0.070000 0.001525 0.003285 0.270674 0.080452 0.176535 0.310000 0.020566 0.000565 0.040364 
0.073766 0.114195 0.021654 0.049627 0.093693 0.050250 0.375427 0.031464 0.020000 0.073774 0.080593 0.015559 
0.031770 0.031495 0.190000 0.047906 0.464489 0.012453 0.104698 0.034417 0.020000 0.051096 0.010871 0.000805 
0.092746 0.065921 0.021781 0.004628 0.113248 0.006000 0.295283 0.015259 0.010000 0.190131 0.030984 0.154020 
0.027181 0.029616 0.206759 0.036376 0.555924 0.005127 0.021522 0.001603 0.000000 0.028288 0.084138 0.003465 
0.071613 0.048203 0.077427 0.064054 0.115739 0.083209 0.152598 0.134697 0.060000 0.110761 0.068687 0.013012 
0.024902 0.053125 0.067729 0.050914 0.067674 0.027516 0.123303 0.326186 0.080000 0.041218 0.057456 0.079976 
0.090688 0.047747 0.052675 0.040173 0.021969 0.091771 0.172338 0.140238 0.020000 0.053287 0.232386 0.036728 
0.451930 0.044241 0.065655 0.003429 0.130845 0.051031 0.050363 0.004799 0.010000 0.144814 0.040172 0.002723 
0.234663 0.116337 0.000177 0.051317 0.024503 0.054514 0.235829 0.104217 0.010000 0.121768 0.042453 0.004223 
0.027465 0.010000 0.229005 0.011606 0.527661 0.002730 0.039645 0.009649 0.030000 0.030032 0.080773 0.001436 
0.043385 0.030499 0.024425 0.058097 0.119240 0.240748 0.103642 0.096697 0.140000 0.032923 0.054065 0.056278 
0.499415 0.092718 0.000024 0.038290 0.073058 0.120594 0.057562 0.001617 0.010000 0.088249 0.018189 0.000283 
0.065624 0.047795 0.043376 0.030139 0.108609 0.097576 0.284480 0.029663 0.030000 0.079145 0.137129 0.046463 
0.204310 0.139754 0.010000 0.003121 0.087794 0.020129 0.196310 0.023994 0.010000 0.292003 0.009197 0.003389 
0.078790 0.150155 0.011691 0.096873 0.045497 0.122661 0.286793 0.014754 0.030000 0.086617 0.064873 0.011298 
0.112473 0.114055 0.033867 0.084496 0.076514 0.018217 0.290181 0.033943 0.010000 0.117975 0.057396 0.050883 
0.055968 0.019240 0.060000 0.039692 0.020359 0.103693 0.297444 0.208189 0.050000 0.040843 0.026464 0.078107 
0.114619 0.090744 0.024232 0.032281 0.057552 0.029894 0.266799 0.039590 0.010000 0.128283 0.070391 0.135618 
0.099127 0.033384 0.044526 0.112822 0.047823 0.103641 0.184486 0.013892 0.010000 0.039310 0.310442 0.000548 
0.064960 0.123507 0.010000 0.068145 0.038932 0.051165 0.267262 0.183880 0.020000 0.116408 0.034368 0.021374 
0.029826 0.034417 0.055492 0.193512 0.011550 0.028274 0.174895 0.000000 0.000000 0.072555 0.387307 0.012171 
0.009863 0.012188 0.182519 0.073826 0.198190 0.027592 0.061428 0.306077 0.040000 0.017888 0.069823 0.000606 
0.069150 0.047131 0.040000 0.228143 0.128386 0.011319 0.104038 0.065908 0.010000 0.059200 0.232156 0.004570 
0.034338 0.053112 0.050000 0.062666 0.070878 0.070150 0.123888 0.048661 0.050000 0.141777 0.282826 0.011704 
0.339480 0.081294 0.020000 0.054423 0.038764 0.027473 0.090613 0.146875 0.010000 0.152960 0.037883 0.000235 
0.413205 0.101412 0.000329 0.052538 0.029400 0.074146 0.137642 0.014730 0.000000 0.088191 0.064659 0.023748 
0.219728 0.108485 0.010812 0.013687 0.115403 0.030102 0.246622 0.060083 0.010000 0.121176 0.057681 0.006221 
0.276694 0.029550 0.080000 0.097418 0.097758 0.066752 0.059362 0.127453 0.010000 0.045959 0.108172 0.000883 
0.098251 0.102101 0.010397 0.009197 0.029661 0.024946 0.382368 0.022366 0.030000 0.075692 0.069939 0.145080 
0.052892 0.000234 0.024876 0.055526 0.049473 0.074913 0.021490 0.552424 0.110000 0.056567 0.001349 0.000257 
0.217264 0.222505 0.000243 0.071171 0.044095 0.080023 0.169665 0.018542 0.010000 0.057172 0.056914 0.052407 
0.149380 0.057783 0.010281 0.007661 0.033002 0.018376 0.330239 0.007291 0.020000 0.214832 0.044309 0.106845 
0.042655 0.034736 0.086957 0.074451 0.264858 0.055983 0.225730 0.001143 0.020000 0.085398 0.045405 0.062684 
0.159752 0.079263 0.000000 0.027023 0.040873 0.071143 0.208227 0.253734 0.030000 0.068689 0.021663 0.039632 
0.119248 0.104422 0.020792 0.051094 0.040292 0.046058 0.323554 0.022056 0.020000 0.067574 0.118856 0.066055 
0.045485 0.023836 0.032958 0.296024 0.036057 0.025238 0.090408 0.036164 0.030000 0.095359 0.274643 0.013829 
0.055933 0.081978 0.021150 0.099752 0.013052 0.215943 0.146395 0.080924 0.160000 0.090942 0.023624 0.010307 
0.009961 0.030772 0.137438 0.056280 0.130505 0.174027 0.045106 0.185311 0.120000 0.042471 0.034970 0.033159 
0.087875 0.049544 0.011493 0.054696 0.042842 0.007543 0.324531 0.061617 0.030000 0.156661 0.088252 0.084947 
0.031435 0.063483 0.150000 0.019243 0.145029 0.155866 0.149922 0.102230 0.130000 0.040640 0.011651 0.000500 
0.480548 0.115794 0.000025 0.033225 0.039736 0.062614 0.059570 0.020391 0.010000 0.148587 0.029404 0.000106 
0.024479 0.022181 0.000000 0.034695 0.067897 0.050053 0.338468 0.002610 0.020000 0.097553 0.041384 0.300680 
0.037509 0.032207 0.033068 0.008742 0.043728 0.210246 0.228971 0.112265 0.120000 0.018830 0.026955 0.127481 
0.030857 0.049019 0.110000 0.083376 0.034425 0.247520 0.126527 0.088497 0.120000 0.005590 0.103171 0.001019 
0.231825 0.104593 0.042385 0.001825 0.192107 0.016777 0.162934 0.004023 0.000000 0.220182 0.021852 0.001495 
0.132469 0.139526 0.000192 0.089172 0.030912 0.020372 0.216685 0.012444 0.010000 0.043153 0.179466 0.125610 
0.088240 0.043501 0.024346 0.054980 0.154776 0.038028 0.241907 0.029457 0.030000 0.122890 0.045366 0.126510 
0.014211 0.030000 0.110000 0.013912 0.002746 0.350182 0.039104 0.134039 0.280000 0.005292 0.020514 0.000000 
0.322273 0.053436 0.020000 0.010532 0.066322 0.198586 0.034397 0.150745 0.080000 0.023875 0.038604 0.001229 
0.027188 0.000220 0.095662 0.029958 0.222821 0.158327 0.078444 0.184530 0.140000 0.002818 0.059496 0.000538 
0.041455 0.052378 0.020000 0.325163 0.004649 0.013304 0.082007 0.000056 0.000000 0.097502 0.332117 0.031368 
0.064383 0.068511 0.044072 0.050567 0.051897 0.109618 0.184734 0.056046 0.060000 0.038420 0.231601 0.040152 
0.013661 0.000000 0.135742 0.027359 0.140297 0.304947 0.111994 0.040147 0.180000 0.011190 0.016990 0.017673 
0.148119 0.013366 0.040000 0.042149 0.074992 0.075483 0.037756 0.402984 0.010000 0.133937 0.021159 0.000055 
0.417570 0.101922 0.000028 0.091029 0.002251 0.009594 0.159978 0.056115 0.010000 0.077626 0.063523 0.010362 
0.053682 0.073213 0.032193 0.092477 0.022292 0.113988 0.334872 0.021048 0.120000 0.062618 0.052601 0.021016 
0.062933 0.017001 0.072663 0.203028 0.039841 0.045801 0.241169 0.002999 0.010000 0.046210 0.241606 0.016751 
0.001386 0.000000 0.066436 0.008345 0.015117 0.308445 0.032831 0.120880 0.380000 0.007507 0.058934 0.000121 
0.503479 0.117557 0.000650 0.060825 0.061790 0.027457 0.057979 0.010156 0.000000 0.138680 0.021283 0.000143 
0.036483 0.012430 0.050000 0.034694 0.043874 0.098867 0.060813 0.524880 0.110000 0.001261 0.026412 0.000286 
0.005079 0.037797 0.075329 0.052969 0.047587 0.131816 0.069902 0.307910 0.130000 0.000540 0.139892 0.001178 
0.014592 0.000661 0.090000 0.007387 0.000476 0.317069 0.032765 0.230650 0.270000 0.015637 0.010762 0.010000 
0.472428 0.105926 0.010092 0.050105 0.028499 0.039981 0.180645 0.004979 0.010000 0.077208 0.007753 0.012385 
0.100516 0.089916 0.056476 0.059223 0.160683 0.001901 0.250197 0.025910 0.030000 0.104125 0.045045 0.076008 
0.158865 0.089638 0.020000 0.030235 0.090395 0.042333 0.217508 0.035043 0.070000 0.197159 0.044017 0.004805 
0.184496 0.076625 0.000000 0.085676 0.007994 0.037786 0.229849 0.042953 0.000000 0.109612 0.050022 0.174985 
0.268416 0.079627 0.070835 0.031917 0.082210 0.082688 0.120276 0.046879 0.040000 0.112716 0.043451 0.020985 
0.273745 0.032267 0.060716 0.172208 0.048024 0.097871 0.109257 0.018980 0.000000 0.086580 0.080191 0.020161 
0.003680 0.000414 0.117643 0.070720 0.014345 0.202664 0.031381 0.317762 0.220000 0.000882 0.020332 0.000178 
0.017785 0.052746 0.132604 0.023076 0.458453 0.012123 0.083405 0.073126 0.050000 0.042001 0.033290 0.021389 
0.103806 0.048863 0.120000 0.110385 0.257035 0.035663 0.121774 0.009563 0.040000 0.042892 0.068794 0.041226 
0.058240 0.033153 0.121089 0.008247 0.260554 0.121073 0.046107 0.271369 0.060000 0.002952 0.017106 0.000110 
0.044836 0.000413 0.080000 0.005413 0.098633 0.304129 0.017126 0.186640 0.250000 0.012386 0.000234 0.000191 
0.049394 0.080000 0.052679 0.210937 0.064009 0.027561 0.171935 0.010245 0.030000 0.060896 0.213540 0.028804 
0.011609 0.020000 0.109763 0.042994 0.235379 0.079599 0.130806 0.024296 0.060000 0.037353 0.217725 0.030476 
0.104929 0.136503 0.040000 0.046437 0.076848 0.109707 0.291361 0.037943 0.040000 0.069142 0.011657 0.035472 
0.348919 0.039978 0.030000 0.084206 0.071229 0.073494 0.105768 0.041846 0.020000 0.103218 0.072119 0.009224 
0.291723 0.064925 0.010728 0.025757 0.037201 0.049672 0.199968 0.029527 0.020000 0.148602 0.085781 0.036116 
0.041005 0.040000 0.139629 0.193892 0.258656 0.026256 0.078232 0.012822 0.010000 0.004121 0.194841 0.000546 
0.017680 0.113707 0.000441 0.052416 0.046966 0.087282 0.415493 0.042520 0.040000 0.094893 0.061529 0.027073 
0.000000 0.000000 0.093202 0.012645 0.000380 0.323466 0.046477 0.212258 0.300000 0.007700 0.003871 0.000000 
0.027078 0.010602 0.080000 0.002986 0.032688 0.196429 0.156633 0.208266 0.200000 0.035401 0.020893 0.029024 
0.172943 0.064029 0.000135 0.009782 0.062306 0.035964 0.312141 0.022401 0.020000 0.210965 0.052774 0.036561 
0.061178 0.096347 0.010996 0.016869 0.041414 0.078483 0.466481 0.035637 0.010000 0.085062 0.023612 0.073922 
0.106399 0.055801 0.176818 0.060613 0.364539 0.014709 0.088792 0.011068 0.000000 0.058453 0.056156 0.006652 
0.078114 0.099911 0.040000 0.036596 0.033241 0.082738 0.098778 0.278264 0.040000 0.063545 0.132464 0.016350 
0.165138 0.001610 0.012363 0.093652 0.031911 0.068490 0.148641 0.186020 0.030000 0.056441 0.162105 0.043629 
0.021449 0.024794 0.040000 0.010727 0.031336 0.169280 0.179237 0.234103 0.070000 0.041172 0.021709 0.156194 
0.248563 0.085738 0.030000 0.022478 0.098111 0.050569 0.197791 0.002233 0.000000 0.198558 0.021995 0.043965 
0.435346 0.083507 0.000027 0.028153 0.042655 0.039680 0.076724 0.180180 0.030000 0.082782 0.000813 0.000133 
0.010177 0.037508 0.090000 0.056521 0.219890 0.061155 0.275703 0.006520 0.020000 0.097891 0.041760 0.082875 
0.034655 0.099811 0.000150 0.018791 0.082001 0.041569 0.279441 0.019853 0.010000 0.179630 0.071076 0.163022 
0.001075 0.023851 0.030000 0.003986 0.016452 0.017436 0.050764 0.788612 0.020000 0.000753 0.046981 0.000091 
0.094687 0.176319 0.000146 0.020187 0.059307 0.038749 0.286950 0.007985 0.010000 0.266820 0.000749 0.038101 
0.113372 0.151696 0.030000 0.016432 0.113368 0.076664 0.201922 0.019431 0.010000 0.051428 0.040030 0.175656 
0.007779 0.078662 0.031257 0.030170 0.089837 0.050394 0.276921 0.067577 0.050000 0.066525 0.006174 0.244706 
0.015240 0.061519 0.070000 0.015851 0.177301 0.029407 0.144748 0.329194 0.040000 0.073995 0.000560 0.042185 
0.068602 0.002939 0.129798 0.069908 0.204711 0.002053 0.155399 0.056985 0.020000 0.049602 0.073249 0.166753 
0.515885 0.052374 0.010170 0.014609 0.046265 0.074158 0.071523 0.059185 0.000000 0.144028 0.011624 0.000178 
0.112959 0.106205 0.000410 0.107987 0.062740 0.040135 0.329129 0.000078 0.000000 0.177184 0.046199 0.016975 
