-1963722.370792
0
0.000000 0.001712 0.000000 0.001189 0.001511 0.000000 0.000000 0.001894 0.020335 0.106102 0.000000 0.065250 0.000000 0.000000 0.002313 0.000000 0.000000 0.000787 0.000000 0.003687 0.000000 0.000000 0.000000 0.000000 0.000000 0.002384 0.000000 0.000000 0.000000 0.000000 0.000000 0.000000 0.043255 0.167039 0.007441 0.125566 0.000000 0.002273 0.000000 0.000000 0.000000 0.000000 0.000000 0.000000 0.000000 0.000000 0.000000 0.000000 0.000000 0.000000 0.000000 0.000000 0.000000 0.000000 0.000000 0.000000 0.028928 0.100308 0.000000 0.079933 0.000000 0.000000 0.000000 0.000000 0.000000 0.000000 0.000000 0.004212 0.000000 0.000000 0.001078 0.000000 0.000000 0.004477 0.000000 0.000000 0.000000 0.000000 0.000000 0.000000 0.000000 0.144629 0.000000 0.081310 0.000000 0.000000 0.000000 0.001594 0.000000 0.000000 0.000000 0.000000 0.000000 0.000793 0.000000 0.000000 
0.000000 0.000000 0.000000 0.003659 0.000000 0.000000 0.000000 0.000000 0.008474 0.001811 0.000000 0.006093 0.000000 0.000839 0.000000 0.001696 0.000000 0.006355 0.000000 0.000000 0.000000 0.009825 0.004606 0.038630 0.000000 0.000000 0.000000 0.000000 0.000711 0.000000 0.000000 0.000673 0.017962 0.000000 0.004580 0.007594 0.000000 0.008758 0.002363 0.036740 0.006192 0.045173 0.028805 0.122307 0.000000 0.023992 0.015596 0.325452 0.004448 0.000000 0.000000 0.008759 0.000000 0.000000 0.000000 0.001119 0.000000 0.000000 0.000000 0.000000 0.000000 0.003581 0.002653 0.005432 0.000000 0.009270 0.000000 0.006776 0.000000 0.010504 0.005961 0.074743 0.000000 0.000001 0.001478 0.000000 0.000000 0.000000 0.000000 0.000000 0.000000 0.009442 0.000000 0.010903 0.000000 0.000669 0.000000 0.002136 0.000000 0.008829 0.004183 0.009026 0.000000 0.011583 0.005090 0.074529 
0.000000 0.000000 0.000000 0.000000 0.000000 0.000000 0.000000 0.000000 0.000001 0.000000 0.000000 0.000000 0.002116 0.000000 0.000000 0.004057 0.000000 0.000000 0.000000 0.000000 0.000000 0.000000 0.001017 0.000579 0.000000 0.000000 0.000000 0.001690 0.000000 0.001132 0.000794 0.000000 0.090055 0.095591 0.027677 0.075243 0.000000 0.000000 0.000517 0.001715 0.000000 0.000000 0.000000 0.002395 0.000000 0.001795 0.000000 0.000000 0.000000 0.000000 0.000427 0.000000 0.000000 0.000000 0.000000 0.000000 0.000000 0.006184 0.000000 0.007936 0.000000 0.000000 0.000474 0.000000 0.000000 0.000000 0.000000 0.009231 0.000000 0.000000 0.002252 0.000000 0.000000 0.001993 0.000000 0.000000 0.001244 0.001789 0.000000 0.000000 0.098874 0.358592 0.128036 0.061630 0.000000 0.000000 0.000704 0.006048 0.002386 0.000000 0.001655 0.001203 0.000000 0.001530 0.001437 0.000000 
0.060118 0.016539 0.015795 0.024320 0.000000 0.000747 0.002009 0.001506 0.001453 0.000000 0.000000 0.002399 0.002316 0.000000 0.004262 0.001859 0.000258 0.000000 0.000000 0.000964 0.000935 0.000792 0.001360 0.000000 0.102632 0.038059 0.018534 0.046689 0.000000 0.003448 0.006455 0.002803 0.008485 0.004590 0.009169 0.004595 0.000000 0.003770 0.012893 0.000000 0.000000 0.000000 0.000000 0.000000 0.000000 0.000000 0.003899 0.000000 0.134759 0.031643 0.022134 0.076365 0.000000 0.000000 0.003379 0.000000 0.000000 0.000000 0.000000 0.000000 0.002612 0.001342 0.000394 0.003625 0.000000 0.000000 0.003033 0.000000 0.000474 0.000000 0.006821 0.000604 0.077934 0.064379 0.018931 0.119360 0.000000 0.007148 0.002541 0.000000 0.000000 0.004162 0.000000 0.000000 0.004618 0.001313 0.002752 0.002492 0.000000 0.001584 0.000173 0.000000 0.000000 0.001774 0.000000 0.000000 
0.000000 0.001686 0.000000 0.023645 0.000000 0.000000 0.000000 0.000000 0.014221 0.018201 0.037398 0.009363 0.000000 0.008268 0.000000 0.004699 0.000000 0.004047 0.000000 0.002771 0.000000 0.000000 0.000690 0.005207 0.005072 0.007300 0.000000 0.066562 0.000000 0.000000 0.000000 0.000000 0.000000 0.000000 0.015642 0.000955 0.000000 0.001465 0.000000 0.000000 0.000000 0.000000 0.000000 0.000000 0.000000 0.000000 0.000000 0.001027 0.000000 0.013015 0.000000 0.072897 0.000000 0.000000 0.000000 0.000000 0.060140 0.133949 0.233425 0.090722 0.000000 0.003703 0.001068 0.002128 0.020402 0.045599 0.010302 0.010235 0.000000 0.001400 0.002939 0.016354 0.000000 0.009222 0.000000 0.022761 0.000000 0.000000 0.000000 0.000000 0.000000 0.009179 0.000000 0.000000 0.000000 0.001686 0.000000 0.000000 0.002416 0.008237 0.000000 0.000000 0.000000 0.000000 0.000000 0.000000 
0.004206 0.000000 0.000917 0.000000 0.001908 0.000885 0.000000 0.002514 0.010029 0.000000 0.000000 0.000131 0.005904 0.008454 0.005414 0.006585 0.089813 0.038625 0.069562 0.053621 0.000000 0.002076 0.002044 0.001458 0.009312 0.002330 0.001689 0.000000 0.000000 0.000781 0.000000 0.000000 0.020155 0.000000 0.000000 0.018612 0.002863 0.011288 0.003855 0.002507 0.034012 0.041640 0.045888 0.037036 0.000000 0.006596 0.005305 0.000000 0.000000 0.001214 0.000000 0.000000 0.000000 0.000000 0.000000 0.000000 0.007446 0.002369 0.000000 0.009227 0.001987 0.003052 0.001473 0.001718 0.054607 0.031746 0.045635 0.044428 0.000000 0.000000 0.000000 0.002381 0.004956 0.005532 0.002868 0.000000 0.000000 0.001807 0.000000 0.000000 0.005343 0.002945 0.000000 0.000000 0.006947 0.015011 0.003999 0.007305 0.057201 0.041983 0.036224 0.042235 0.000000 0.004959 0.000000 0.005385 
0.000000 0.003101 0.000789 0.005392 0.000000 0.001669 0.000000 0.000000 0.040447 0.019802 0.038004 0.020609 0.000000 0.001208 0.000000 0.004998 0.011850 0.015621 0.049685 0.003959 0.000000 0.000000 0.000000 0.000000 0.021783 0.044992 0.014575 0.157051 0.000000 0.000000 0.000000 0.000000 0.008372 0.010531 0.052248 0.007196 0.000000 0.005756 0.000724 0.002884 0.014536 0.016524 0.070849 0.008872 0.000000 0.010361 0.016442 0.000000 0.000000 0.005977 0.004168 0.015517 0.000688 0.002194 0.000000 0.001102 0.075683 0.055148 0.000000 0.052498 0.000000 0.003804 0.001008 0.001154 0.000000 0.000000 0.027728 0.000000 0.000000 0.003791 0.002778 0.001733 0.000000 0.005785 0.000967 0.007584 0.000000 0.000000 0.000000 0.000000 0.000496 0.000000 0.009092 0.000000 0.000000 0.000000 0.000000 0.002402 0.002997 0.008545 0.022959 0.003366 0.000000 0.000000 0.000000 0.000000 
0.034864 0.042732 0.000000 0.034091 0.028752 0.015036 0.004847 0.027106 0.024807 0.002287 0.001041 0.018107 0.013508 0.014250 0.017542 0.017792 0.013685 0.004606 0.004147 0.020766 0.000000 0.000594 0.013085 0.003789 0.014594 0.034750 0.000000 0.008608 0.021782 0.019762 0.005460 0.030694 0.018514 0.000000 0.000000 0.023419 0.016930 0.021755 0.032557 0.032954 0.003997 0.007372 0.000000 0.005958 0.000000 0.004447 0.009662 0.000000 0.000000 0.020903 0.000000 0.005275 0.017558 0.014446 0.001813 0.020785 0.008452 0.000000 0.000000 0.003840 0.010600 0.010435 0.019426 0.017264 0.000000 0.000000 0.000000 0.002088 0.002025 0.003641 0.014418 0.002164 0.004902 0.021575 0.000000 0.000000 0.000000 0.016010 0.001363 0.009007 0.000000 0.000000 0.000000 0.005676 0.012006 0.013383 0.012905 0.027087 0.000000 0.002585 0.000000 0.003646 0.000000 0.005569 0.014032 0.004470 
0.000000 0.000000 0.000000 0.000000 0.000000 0.000000 0.000414 0.000000 0.006209 0.000000 0.000000 0.000000 0.000000 0.000000 0.000000 0.000000 0.000000 0.000000 0.000000 0.000835 0.000000 0.000000 0.000000 0.000000 0.001349 0.000000 0.000000 0.000000 0.000000 0.000000 0.000000 0.000000 0.016009 0.000000 0.003169 0.004049 0.000000 0.000000 0.000000 0.000000 0.000000 0.000000 0.000000 0.000000 0.000000 0.000000 0.000000 0.000000 0.000000 0.000000 0.000000 0.000000 0.000000 0.000000 0.000000 0.000000 0.002513 0.000000 0.000000 0.000000 0.000000 0.000000 0.000000 0.000000 0.000000 0.000000 0.000000 0.000000 0.000000 0.000000 0.000000 0.000444 0.014011 0.007616 0.002201 0.006583 0.022125 0.000000 0.001113 0.054657 0.479576 0.085360 0.043263 0.248505 0.000000 0.000000 0.000000 0.000000 0.000000 0.000000 0.000000 0.000000 0.000000 0.000000 0.000000 0.000000 
0.017246 0.007608 0.000000 0.002137 0.005718 0.000000 0.000000 0.001144 0.001602 0.000000 0.000000 0.003954 0.024360 0.004131 0.009174 0.034613 0.018259 0.002772 0.000000 0.038364 0.086338 0.007936 0.005576 0.029520 0.006903 0.000000 0.000000 0.000000 0.000000 0.000000 0.000000 0.000780 0.000001 0.000000 0.003738 0.000001 0.008575 0.000000 0.000000 0.000000 0.015347 0.000000 0.000000 0.010269 0.050445 0.005355 0.016482 0.000000 0.013122 0.015070 0.000000 0.000000 0.000000 0.002971 0.000000 0.003849 0.000000 0.000000 0.000000 0.000000 0.005030 0.000000 0.000000 0.002305 0.000000 0.000000 0.000000 0.000000 0.017181 0.000000 0.007070 0.014944 0.037376 0.000002 0.000000 0.039304 0.000000 0.000000 0.000000 0.000000 0.000000 0.000000 0.000000 0.000000 0.046153 0.000000 0.024524 0.021514 0.012886 0.005004 0.005996 0.055304 0.125146 0.012376 0.015338 0.099182 
0.000000 0.000000 0.000000 0.000000 0.005161 0.000750 0.000000 0.003239 0.000592 0.000000 0.000000 0.000000 0.000000 0.000000 0.000000 0.000000 0.000000 0.000000 0.000000 0.000000 0.000000 0.001031 0.000000 0.000000 0.000630 0.000000 0.000000 0.000000 0.007424 0.000000 0.000000 0.006187 0.001610 0.000000 0.000000 0.000000 0.000000 0.000000 0.000000 0.000000 0.000000 0.000000 0.000000 0.000000 0.000000 0.000000 0.000000 0.000000 0.000000 0.000000 0.000897 0.000000 0.001148 0.000919 0.000000 0.004031 0.000000 0.000000 0.000000 0.000000 0.000000 0.000000 0.001610 0.000000 0.000000 0.000000 0.000000 0.000000 0.000000 0.000000 0.000000 0.000000 0.051576 0.017970 0.001473 0.007999 0.327860 0.075906 0.010916 0.396661 0.071856 0.002554 0.000000 0.000000 0.000000 0.000000 0.000000 0.000000 0.000000 0.000000 0.000000 0.000000 0.000000 0.000000 0.000000 0.000000 
0.008336 0.007616 0.001246 0.000000 0.001405 0.002968 0.000000 0.003878 0.039707 0.000000 0.277381 0.004696 0.003376 0.000000 0.000000 0.009869 0.004627 0.000000 0.006151 0.001177 0.000000 0.003756 0.000000 0.003367 0.000000 0.004651 0.000000 0.000000 0.000000 0.000000 0.000000 0.000000 0.019481 0.000000 0.168336 0.003137 0.000000 0.000000 0.000000 0.000000 0.000000 0.000000 0.000000 0.000736 0.000000 0.001110 0.000000 0.004900 0.005241 0.004450 0.000000 0.000000 0.000000 0.002698 0.000000 0.000000 0.035637 0.023092 0.167613 0.013865 0.000000 0.000000 0.000000 0.003447 0.010907 0.000000 0.000000 0.009159 0.000000 0.000000 0.000000 0.000000 0.009478 0.005304 0.001479 0.000000 0.000000 0.000000 0.000000 0.000000 0.000825 0.000000 0.108089 0.000000 0.003721 0.000000 0.000000 0.000000 0.003531 0.000000 0.005179 0.001003 0.000000 0.000000 0.002158 0.001216 
0.000000 0.000000 0.000000 0.007358 0.000301 0.000000 0.000000 0.000000 0.000001 0.000000 0.004334 0.004873 0.000000 0.000000 0.000000 0.000000 0.000000 0.004168 0.000000 0.000860 0.000000 0.004409 0.001840 0.016000 0.000000 0.000000 0.000000 0.012913 0.000000 0.000000 0.000000 0.000000 0.000000 0.000000 0.004804 0.000000 0.000000 0.000000 0.000000 0.000443 0.000000 0.000000 0.000000 0.000000 0.002634 0.000725 0.001673 0.013310 0.000000 0.001254 0.000662 0.003035 0.000000 0.000000 0.000000 0.000000 0.000000 0.001497 0.008840 0.006357 0.000000 0.000000 0.000000 0.000000 0.002236 0.005964 0.003212 0.012563 0.000000 0.001641 0.000615 0.000000 0.043219 0.009320 0.002677 0.384613 0.000000 0.000000 0.000000 0.000000 0.000000 0.022832 0.246437 0.041125 0.000000 0.000000 0.000000 0.003474 0.001223 0.009091 0.004357 0.009978 0.007693 0.009357 0.002185 0.073893 
0.124619 0.007418 0.235649 0.046931 0.075381 0.099837 0.018426 0.049826 0.033173 0.007937 0.000322 0.282780 0.017700 
0.056053 0.017158 0.186765 0.406273 0.030705 0.026677 0.040267 0.103083 0.071940 0.005908 0.006005 0.027378 0.021787 
0.063060 0.003309 0.000000 0.236714 0.119362 0.167214 0.043454 0.041114 0.036496 0.006166 0.014164 0.253455 0.015490 
0.175397 0.277848 0.000000 0.141271 0.003036 0.029835 0.079233 0.163187 0.029651 0.000220 0.002386 0.041721 0.056216 
0.092187 0.017919 0.087233 0.019121 0.017202 0.124519 0.113768 0.158088 0.054873 0.018898 0.012057 0.236393 0.047740 
0.091152 0.040409 0.000000 0.002804 0.306569 0.076621 0.357254 0.019373 0.016249 0.000127 0.000017 0.048784 0.040641 
0.201793 0.017462 0.000000 0.180893 0.039808 0.230044 0.116979 0.098818 0.060569 0.018068 0.006788 0.012884 0.015895 
0.019741 0.000427 0.000000 0.021988 0.003401 0.058508 0.016007 0.013466 0.829188 0.009009 0.022648 0.002076 0.003540 
0.120147 0.004322 0.452322 0.073331 0.020446 0.032741 0.034027 0.044313 0.067204 0.005150 0.134000 0.011587 0.000411 
0.029911 0.152963 0.000000 0.038505 0.070575 0.121389 0.018130 0.032753 0.021784 0.057573 0.136073 0.050404 0.269940 
0.188885 0.020063 0.000000 0.003138 0.150618 0.012391 0.239730 0.008510 0.023694 0.004757 0.133450 0.213955 0.000809 
0.060247 0.040862 0.134499 0.020958 0.006367 0.264316 0.025618 0.151126 0.100722 0.057123 0.016672 0.005733 0.115757 
0.088519 0.013101 0.000000 0.031344 0.090669 0.268754 0.056537 0.077876 0.320763 0.009393 0.019759 0.012484 0.010802 
0.207271 0.044168 0.024480 0.036006 0.051381 0.104215 0.041461 0.093432 0.019289 0.004556 0.000363 0.162995 0.210382 
0.096493 0.006909 0.000000 0.015373 0.005456 0.040283 0.018689 0.017801 0.629403 0.008567 0.020744 0.138797 0.001484 
0.089353 0.045309 0.000000 0.055613 0.016698 0.478706 0.012260 0.085359 0.107777 0.074493 0.010147 0.018671 0.005614 
0.051080 0.044286 0.000000 0.073016 0.021628 0.374573 0.032157 0.176956 0.039681 0.069932 0.026281 0.077561 0.012850 
0.278641 0.092876 0.000000 0.038316 0.054816 0.091537 0.038596 0.149082 0.129169 0.010345 0.027550 0.058142 0.030930 
0.071452 0.015736 0.311492 0.155955 0.003765 0.038635 0.011200 0.126622 0.186931 0.000029 0.067690 0.009590 0.000902 
0.045347 0.013654 0.000000 0.168781 0.054157 0.087564 0.042071 0.313902 0.018447 0.028836 0.005853 0.190833 0.030554 
0.044298 0.012931 0.041522 0.014045 0.505387 0.055647 0.098050 0.030121 0.026735 0.000053 0.000147 0.105537 0.065527 
0.088938 0.005661 0.035101 0.022911 0.068403 0.070434 0.107335 0.036288 0.280116 0.003961 0.015165 0.255327 0.010359 
0.009234 0.084330 0.000000 0.494157 0.008201 0.070923 0.003793 0.067795 0.036393 0.055063 0.114789 0.020665 0.034656 
0.218164 0.008395 0.000000 0.041095 0.368588 0.054944 0.170863 0.019479 0.013653 0.016354 0.005014 0.033531 0.049920 
0.050307 0.002713 0.000000 0.030090 0.025429 0.198981 0.497280 0.065580 0.008917 0.000124 0.003159 0.027500 0.089919 
0.092790 0.009818 0.000000 0.063289 0.173738 0.094599 0.069783 0.039533 0.037904 0.038511 0.058031 0.308128 0.013877 
0.068794 0.018922 0.000000 0.270203 0.184162 0.014093 0.183910 0.024799 0.020518 0.000057 0.001782 0.210388 0.002373 
0.076959 0.102657 0.020603 0.039400 0.023446 0.145723 0.008898 0.063852 0.073062 0.253833 0.020512 0.101208 0.069848 
0.028330 0.001100 0.000000 0.014186 0.053449 0.033375 0.051831 0.003338 0.019050 0.000093 0.014762 0.018491 0.761995 
0.131987 0.014993 0.000000 0.088483 0.095614 0.104610 0.089535 0.336483 0.017044 0.020836 0.026984 0.047630 0.025800 
0.094101 0.011739 0.000000 0.047705 0.006151 0.106064 0.066330 0.463400 0.080101 0.031336 0.074174 0.009788 0.009110 
0.140475 0.041971 0.000000 0.032298 0.096896 0.213619 0.051376 0.225489 0.031021 0.082974 0.016600 0.036035 0.031246 
0.063024 0.004574 0.000000 0.011018 0.240998 0.057306 0.338475 0.033574 0.019845 0.000052 0.002465 0.215666 0.013004 
0.134716 0.001502 0.000000 0.070968 0.019300 0.095379 0.104331 0.047066 0.156268 0.015161 0.090732 0.241244 0.023335 
0.072680 0.048299 0.000000 0.014315 0.012880 0.089930 0.028932 0.062886 0.376665 0.195836 0.028060 0.042201 0.027317 
0.042009 0.022897 0.000000 0.020413 0.018904 0.270607 0.039351 0.015452 0.262311 0.004765 0.079223 0.015066 0.209002 
0.133880 0.043594 0.000000 0.070204 0.031387 0.324884 0.035386 0.108131 0.027754 0.067319 0.015110 0.024674 0.117675 
0.048254 0.274812 0.000000 0.013353 0.070303 0.071654 0.099402 0.194668 0.060789 0.001173 0.029929 0.106668 0.028995 
0.129983 0.027271 0.000000 0.072595 0.025789 0.428230 0.059350 0.021829 0.021404 0.005131 0.001091 0.024867 0.182462 
0.385316 0.025442 0.020388 0.080437 0.019030 0.054375 0.023312 0.186678 0.034907 0.023002 0.006319 0.031244 0.109551 
0.100454 0.014038 0.000000 0.163409 0.296081 0.042852 0.156759 0.076553 0.009310 0.000084 0.001126 0.072323 0.067012 
0.123537 0.055776 0.076452 0.087876 0.031611 0.327548 0.034436 0.125144 0.057224 0.045169 0.012348 0.020170 0.002709 
0.564583 0.003543 0.000000 0.075692 0.038675 0.096181 0.028341 0.057068 0.049241 0.009302 0.021250 0.047164 0.008958 
0.218008 0.023801 0.000000 0.081763 0.009716 0.197726 0.032350 0.268401 0.026301 0.022527 0.034700 0.074625 0.010084 
0.545231 0.002431 0.000000 0.004509 0.048742 0.001711 0.052021 0.006474 0.060810 0.000061 0.254222 0.011040 0.012747 
0.036944 0.161380 0.000000 0.144221 0.033505 0.100745 0.142755 0.261589 0.015519 0.031217 0.013264 0.029299 0.029561 
0.102291 0.009134 0.517997 0.013131 0.010813 0.076136 0.014801 0.082953 0.118107 0.010448 0.019881 0.015808 0.008500 
0.077419 0.009176 0.233139 0.015275 0.099965 0.058977 0.373468 0.041778 0.042086 0.000057 0.000098 0.047272 0.001290 
0.024162 0.031996 0.000000 0.045956 0.003458 0.104758 0.235721 0.112255 0.055017 0.042668 0.287184 0.032395 0.024431 
0.128677 0.086088 0.000000 0.003039 0.138107 0.135822 0.048210 0.079774 0.018755 0.289312 0.006766 0.019281 0.046168 
0.058207 0.024884 0.141682 0.044006 0.027676 0.116046 0.015072 0.190697 0.140283 0.042086 0.040227 0.033992 0.125143 
0.080595 0.033863 0.000000 0.075067 0.041459 0.292827 0.032061 0.081737 0.173584 0.040597 0.017310 0.012136 0.118764 
0.049752 0.014819 0.017293 0.015310 0.101103 0.042760 0.311132 0.042610 0.022756 0.004956 0.010067 0.078574 0.288870 
0.085066 0.051396 0.000000 0.114455 0.117141 0.119080 0.117182 0.053502 0.009080 0.005631 0.009508 0.300913 0.017049 
0.273889 0.041658 0.000000 0.054647 0.040530 0.277076 0.027318 0.171146 0.038163 0.021550 0.035595 0.003669 0.014758 
0.050813 0.004663 0.000000 0.068121 0.008017 0.042211 0.028698 0.108631 0.412075 0.000051 0.249160 0.017893 0.009668 
0.215356 0.059948 0.000000 0.020969 0.355915 0.015208 0.181740 0.016317 0.058024 0.000042 0.001574 0.043293 0.031613 
0.015144 0.576523 0.016482 0.011564 0.034510 0.043571 0.045499 0.031484 0.029572 0.000068 0.019414 0.023241 0.152928 
0.071455 0.013035 0.027726 0.089781 0.019086 0.066972 0.046517 0.146082 0.353258 0.011421 0.026360 0.096772 0.031537 
0.046547 0.338180 0.000000 0.138096 0.037291 0.053710 0.037493 0.041014 0.020854 0.000129 0.052700 0.043975 0.190011 
0.487793 0.016649 0.000000 0.004262 0.236725 0.023177 0.097886 0.009267 0.022953 0.000065 0.000016 0.042531 0.058677 
0.103979 0.013903 0.000000 0.125827 0.021022 0.112344 0.054670 0.133885 0.028923 0.025491 0.008922 0.355427 0.015607 
0.080319 0.242461 0.000000 0.028338 0.137700 0.248574 0.059851 0.094281 0.045144 0.015418 0.001126 0.037755 0.009032 
0.079822 0.004343 0.041580 0.037533 0.026282 0.277549 0.034557 0.063117 0.036607 0.000159 0.164431 0.199379 0.034642 
0.078942 0.002613 0.000000 0.011480 0.026494 0.075811 0.029415 0.087148 0.057344 0.013003 0.318615 0.282803 0.016333 
0.100951 0.009182 0.021041 0.019785 0.055866 0.091119 0.056931 0.051493 0.016007 0.021099 0.003170 0.136585 0.416773 
0.011529 0.006540 0.000000 0.557215 0.021250 0.079770 0.023300 0.046777 0.057170 0.000052 0.147204 0.035083 0.014110 
0.271163 0.086878 0.193829 0.042917 0.036275 0.088956 0.036897 0.070891 0.056592 0.040595 0.000240 0.046662 0.028105 
0.099984 0.005290 0.045191 0.033606 0.004214 0.101998 0.018100 0.059391 0.035899 0.049173 0.002977 0.523414 0.020764 
0.058327 0.023726 0.000000 0.280190 0.003279 0.079615 0.091588 0.235089 0.017431 0.052585 0.002699 0.150746 0.004725 
0.087573 0.021642 0.061892 0.108879 0.012185 0.132328 0.007464 0.220401 0.089331 0.026940 0.071986 0.045354 0.114024 
0.112215 0.024234 0.000000 0.044415 0.285361 0.104515 0.175323 0.086255 0.017458 0.015108 0.088143 0.005989 0.040985 
0.154977 0.044206 0.000000 0.036791 0.020058 0.161171 0.141073 0.094645 0.254285 0.000148 0.019339 0.042016 0.031293 
0.047878 0.012761 0.115335 0.004193 0.000565 0.017446 0.021184 0.007602 0.693393 0.027476 0.030529 0.012409 0.009229 
0.027433 0.115886 0.000000 0.016777 0.072753 0.159207 0.080918 0.071944 0.014786 0.296977 0.026607 0.087561 0.029152 
0.122890 0.040126 0.000000 0.026161 0.018231 0.325673 0.239549 0.084976 0.021901 0.010681 0.007610 0.099137 0.003065 
0.042279 0.077139 0.000000 0.492814 0.009476 0.085640 0.056122 0.015594 0.128964 0.008314 0.008465 0.023414 0.051777 
0.040673 0.011411 0.048093 0.137640 0.435341 0.138498 0.054357 0.043060 0.037603 0.000049 0.013988 0.036800 0.002487 
0.059621 0.071798 0.037645 0.048656 0.185166 0.048928 0.182309 0.132699 0.022200 0.145128 0.003335 0.031807 0.030707 
0.091786 0.009969 0.000000 0.119307 0.039967 0.087061 0.027341 0.048606 0.021502 0.010425 0.016587 0.448782 0.078667 
0.050672 0.004242 0.000000 0.347298 0.005082 0.058870 0.038113 0.378097 0.048228 0.010113 0.008625 0.048572 0.002087 
0.211360 0.186493 0.000000 0.038445 0.023328 0.067921 0.013729 0.018913 0.018647 0.000119 0.000018 0.047644 0.373383 
0.648742 0.006538 0.000000 0.017426 0.051374 0.044640 0.054328 0.007671 0.060075 0.007392 0.000120 0.011399 0.090295 
0.043333 0.022659 0.000000 0.012900 0.396718 0.196724 0.142533 0.038306 0.014791 0.004416 0.000126 0.126330 0.001163 
0.115285 0.007405 0.000000 0.421371 0.042519 0.108516 0.034914 0.163448 0.041510 0.015513 0.014228 0.013012 0.022278 
0.107274 0.019563 0.000000 0.040520 0.141778 0.067254 0.104169 0.061577 0.030125 0.045995 0.006272 0.261978 0.113494 
0.124531 0.011205 0.000000 0.050717 0.033787 0.402836 0.028795 0.109983 0.026174 0.022686 0.001899 0.166399 0.020989 
0.082343 0.027332 0.000000 0.042428 0.173772 0.037330 0.142985 0.077702 0.031863 0.000094 0.119734 0.032197 0.232220 
0.481678 0.014702 0.113331 0.004387 0.076627 0.023227 0.119595 0.014328 0.051218 0.000049 0.001411 0.097191 0.002255 
0.062273 0.003455 0.000000 0.002066 0.119930 0.028494 0.144719 0.004501 0.069321 0.001809 0.406515 0.130471 0.026446 
0.023594 0.024281 0.000000 0.090207 0.028216 0.038316 0.012426 0.095358 0.085498 0.001952 0.548294 0.046190 0.005668 
0.080373 0.140793 0.207609 0.038913 0.012703 0.084760 0.013388 0.077102 0.044600 0.133797 0.000284 0.125828 0.039851 
0.069491 0.031282 0.000000 0.039407 0.020964 0.308412 0.217894 0.146591 0.016510 0.024415 0.023298 0.082305 0.019431 
0.176375 0.159166 0.000000 0.057832 0.016073 0.234950 0.038299 0.178802 0.024249 0.018010 0.033331 0.057225 0.005688 
0.105396 0.010882 0.141913 0.021686 0.130424 0.012865 0.140346 0.035267 0.086178 0.009765 0.139941 0.153991 0.011347 
0.032063 0.007829 0.000000 0.003044 0.071418 0.023983 0.019802 0.049779 0.686666 0.005331 0.053587 0.016062 0.030437 
0.036265 0.019109 0.000000 0.088921 0.020420 0.626298 0.065292 0.066914 0.027750 0.030913 0.004703 0.008026 0.005389 
0.040186 0.102723 0.000000 0.058734 0.027505 0.132712 0.135732 0.127044 0.021983 0.260163 0.017866 0.018226 0.057125 
0.062164 0.027008 0.000000 0.059385 0.062157 0.102752 0.103309 0.439619 0.030247 0.017093 0.040758 0.047298 0.008211 
0.092324 0.027661 0.000000 0.045000 0.096677 0.338471 0.005617 0.157228 0.016221 0.024920 0.005788 0.062785 0.127310 
0.101727 0.014856 0.137116 0.013677 0.018657 0.077342 0.462889 0.097107 0.040837 0.000046 0.007194 0.009445 0.019109 
0.062633 0.066670 0.021151 0.053429 0.011540 0.124216 0.020890 0.380199 0.011217 0.015376 0.034455 0.010478 0.187745 
0.137919 0.117798 0.000000 0.004577 0.024550 0.341758 0.115219 0.119795 0.024164 0.020539 0.044218 0.038892 0.010568 
0.092093 0.041640 0.000000 0.299416 0.021329 0.077466 0.034438 0.218057 0.069857 0.017660 0.059708 0.031601 0.036733 
0.066254 0.547588 0.000000 0.013899 0.060142 0.057386 0.078766 0.037877 0.032011 0.001833 0.014008 0.059310 0.030926 
0.096439 0.036678 0.000000 0.025508 0.008737 0.065320 0.194412 0.038786 0.371322 0.090227 0.033408 0.022124 0.017039 
0.032513 0.122772 0.000000 0.048777 0.077451 0.251510 0.020884 0.070192 0.044466 0.261516 0.009330 0.048219 0.012370 
0.077806 0.027988 0.000000 0.044421 0.117618 0.143602 0.007604 0.079887 0.030342 0.030591 0.009937 0.009769 0.420435 
0.081187 0.032656 0.000000 0.055828 0.013183 0.351594 0.039032 0.089336 0.023521 0.011736 0.260541 0.032101 0.009286 
0.144925 0.008397 0.000000 0.018731 0.473624 0.075200 0.078467 0.036132 0.026034 0.000140 0.012777 0.084351 0.041222 
0.081257 0.083655 0.010644 0.065393 0.010203 0.244386 0.019914 0.156364 0.041602 0.031612 0.010086 0.227422 0.017462 
0.121255 0.017109 0.000000 0.023034 0.396963 0.004823 0.201622 0.071544 0.024278 0.012686 0.005885 0.087489 0.033311 
0.224022 0.006646 0.000000 0.298842 0.052295 0.059547 0.039811 0.225761 0.034817 0.005756 0.006703 0.037603 0.008196 
0.079795 0.040427 0.000000 0.054554 0.058067 0.475903 0.043792 0.055753 0.108477 0.007210 0.012832 0.036719 0.026469 
0.110063 0.017267 0.000000 0.283940 0.062308 0.066989 0.130986 0.213805 0.024682 0.014747 0.028078 0.013927 0.033206 
0.029487 0.075696 0.000000 0.121437 0.358066 0.101311 0.009550 0.224949 0.034663 0.010984 0.009092 0.023173 0.001592 
0.138036 0.022629 0.000000 0.112911 0.149944 0.056660 0.199267 0.172460 0.035503 0.013473 0.000276 0.075350 0.023489 
0.220353 0.016966 0.000000 0.046453 0.370567 0.008349 0.171065 0.019121 0.046196 0.003148 0.001838 0.033971 0.061973 
0.071060 0.048525 0.000000 0.041092 0.024897 0.351283 0.225597 0.082272 0.028843 0.049957 0.000185 0.068343 0.007945 
0.051089 0.008846 0.000000 0.585851 0.011942 0.047538 0.052634 0.178243 0.015249 0.000063 0.003686 0.033606 0.011253 
0.084204 0.028727 0.000000 0.033625 0.118047 0.290800 0.191493 0.122200 0.029439 0.025245 0.014491 0.039093 0.022636 
0.032852 0.287096 0.000000 0.086097 0.104653 0.076765 0.136758 0.136028 0.030855 0.021149 0.003725 0.062537 0.021485 
0.072673 0.013841 0.000000 0.005067 0.020455 0.074980 0.642729 0.077192 0.021485 0.000042 0.028417 0.012311 0.030809 
0.401173 0.015310 0.046130 0.057004 0.141653 0.072580 0.004498 0.120517 0.030738 0.028836 0.003640 0.032073 0.045848 
0.053848 0.016884 0.000000 0.122984 0.089957 0.374824 0.022430 0.234765 0.026353 0.017363 0.004195 0.024077 0.012320 
0.087549 0.013850 0.000000 0.125225 0.003030 0.176406 0.060551 0.243351 0.121733 0.022613 0.058765 0.058274 0.028653 
0.071003 0.009768 0.055801 0.039784 0.277827 0.149897 0.045537 0.090472 0.031910 0.031580 0.001680 0.184628 0.010113 
0.046020 0.104158 0.000000 0.052780 0.005916 0.291913 0.017754 0.179723 0.044771 0.167204 0.010651 0.053337 0.025773 
0.077029 0.004133 0.010087 0.010703 0.028302 0.067827 0.019778 0.021271 0.268087 0.011243 0.053109 0.396000 0.032430 
0.114168 0.024260 0.000000 0.247440 0.004261 0.173298 0.086650 0.312378 0.023322 0.002905 0.005107 0.004557 0.001654 
0.032737 0.000293 0.033752 0.313328 0.013884 0.261355 0.094096 0.221491 0.015618 0.002061 0.006276 0.000964 0.004146 
0.033270 0.009387 0.014845 0.055753 0.013834 0.289290 0.064848 0.054609 0.050660 0.000055 0.279054 0.037809 0.096587 
0.179255 0.007660 0.000000 0.328210 0.017964 0.036212 0.060439 0.321257 0.031547 0.001916 0.007962 0.005812 0.001767 
0.040394 0.024326 0.055953 0.026007 0.016445 0.066049 0.022354 0.310851 0.300682 0.011022 0.037203 0.004604 0.084110 
0.027243 0.403776 0.027316 0.052104 0.011787 0.060824 0.049870 0.227539 0.070002 0.013648 0.016800 0.026697 0.012395 
0.324893 0.003237 0.000000 0.223346 0.030762 0.022930 0.062014 0.269371 0.032727 0.005547 0.008691 0.015800 0.000682 
0.065475 0.016369 0.000000 0.048088 0.004274 0.140300 0.295920 0.321078 0.011872 0.012574 0.047114 0.011613 0.025322 
0.140930 0.026784 0.000000 0.066222 0.038081 0.134694 0.072897 0.372292 0.037814 0.031295 0.024394 0.036551 0.018045 
0.094284 0.326222 0.147162 0.165994 0.004705 0.024656 0.037809 0.149334 0.033020 0.000048 0.000305 0.015610 0.000850 
0.084398 0.007723 0.586173 0.007753 0.030843 0.043731 0.015302 0.010998 0.117846 0.000072 0.074187 0.008882 0.012092 
0.077980 0.306816 0.080063 0.001796 0.031930 0.336291 0.025216 0.050232 0.050387 0.012824 0.001976 0.017788 0.006701 
0.028216 0.025068 0.000000 0.274596 0.055111 0.021507 0.056303 0.106931 0.231884 0.000061 0.020620 0.093390 0.086314 
0.063239 0.000177 0.055024 0.198193 0.033618 0.014576 0.067807 0.166340 0.265291 0.001830 0.119446 0.012932 0.001529 
0.436154 0.000951 0.000000 0.037207 0.078022 0.090565 0.034102 0.163989 0.044557 0.008043 0.004291 0.097062 0.005058 
0.102837 0.062834 0.042984 0.180754 0.010082 0.112309 0.028484 0.191729 0.016314 0.202181 0.015758 0.017741 0.015993 
0.235949 0.003842 0.060748 0.297910 0.027833 0.016171 0.002935 0.029497 0.092663 0.000100 0.189725 0.015404 0.027222 
0.212570 0.017988 0.440047 0.003826 0.120835 0.060038 0.019937 0.019923 0.058366 0.000068 0.000529 0.038818 0.007058 
0.053654 0.091805 0.000000 0.016377 0.218907 0.126843 0.094048 0.051261 0.014569 0.231485 0.010409 0.083076 0.007564 
0.085473 0.090283 0.000000 0.063106 0.299649 0.071204 0.163374 0.094168 0.040708 0.020330 0.016368 0.026933 0.028404 
0.033301 0.241401 0.000000 0.061024 0.068022 0.040262 0.075821 0.033086 0.011192 0.000064 0.001353 0.044393 0.390080 
0.282791 0.011577 0.000000 0.034747 0.037499 0.087513 0.037085 0.133154 0.240542 0.012790 0.042115 0.063817 0.016371 
0.528176 0.000356 0.000000 0.039122 0.032615 0.087950 0.034504 0.084079 0.076576 0.013137 0.003889 0.097912 0.001684 
0.057385 0.002521 0.000000 0.447142 0.010850 0.051673 0.075609 0.315230 0.002544 0.002196 0.013598 0.008548 0.012705 
0.134783 0.425038 0.000000 0.008008 0.059804 0.052278 0.036504 0.023409 0.030038 0.005194 0.005443 0.195907 0.023597 
0.125310 0.041109 0.000000 0.087609 0.019459 0.244054 0.043510 0.246858 0.017545 0.045598 0.069899 0.037214 0.021837 
0.057850 0.238327 0.000000 0.039419 0.022273 0.166079 0.110837 0.063856 0.031698 0.043415 0.009757 0.194542 0.021949 
0.035866 0.036072 0.000000 0.079961 0.159021 0.145230 0.035084 0.259319 0.004210 0.136912 0.006036 0.059794 0.042495 
0.038464 0.006361 0.000000 0.236294 0.012937 0.034550 0.047484 0.130652 0.045301 0.000123 0.444547 0.002773 0.000514 
0.226957 0.053922 0.000000 0.037344 0.053084 0.136309 0.033605 0.075558 0.019004 0.149179 0.012073 0.199710 0.003256 
0.347219 0.011289 0.068124 0.092477 0.145281 0.025275 0.172216 0.023022 0.039251 0.000049 0.000142 0.041926 0.033728 
0.041374 0.017573 0.000000 0.194129 0.019195 0.324187 0.058476 0.189876 0.033449 0.024673 0.056388 0.036328 0.004351 
0.168930 0.003777 0.000000 0.023410 0.020905 0.124082 0.485615 0.070466 0.033942 0.004191 0.000565 0.061415 0.002702 
0.047861 0.011467 0.000000 0.275904 0.030144 0.058267 0.009409 0.273015 0.008563 0.007628 0.002447 0.032708 0.242586 
0.084516 0.034091 0.000000 0.287832 0.063089 0.027167 0.082161 0.031313 0.049980 0.000165 0.180098 0.133123 0.026465 
0.027727 0.025200 0.000000 0.001387 0.014010 0.012935 0.012987 0.016687 0.704863 0.005619 0.120372 0.032251 0.025962 
0.118837 0.007569 0.228017 0.024271 0.029023 0.025640 0.006724 0.093245 0.148911 0.000142 0.007175 0.023768 0.286679 
0.027617 0.082749 0.014754 0.035742 0.040137 0.121182 0.038372 0.208285 0.016691 0.203029 0.119527 0.059631 0.032284 
0.091297 0.281905 0.000000 0.021138 0.218964 0.061912 0.130393 0.019725 0.020477 0.000053 0.026783 0.111464 0.015891 
0.056355 0.135131 0.026571 0.278864 0.012007 0.089913 0.021727 0.328033 0.003133 0.003081 0.011455 0.015367 0.018363 
0.234307 0.031344 0.000000 0.053442 0.034489 0.145471 0.008900 0.367958 0.020319 0.013479 0.027718 0.050224 0.012350 
0.043440 0.039190 0.000000 0.043690 0.054177 0.077462 0.119395 0.430048 0.018376 0.044424 0.075979 0.046103 0.007715 
0.081068 0.028377 0.033531 0.036758 0.109679 0.110208 0.091951 0.320983 0.012884 0.050694 0.033936 0.089097 0.000834 
0.050954 0.026444 0.000000 0.291816 0.022876 0.126701 0.007736 0.195987 0.008473 0.018547 0.008852 0.063435 0.178178 
0.033023 0.008596 0.022987 0.012008 0.111999 0.105311 0.138290 0.032941 0.048978 0.000063 0.451360 0.018301 0.016143 
0.045114 0.061109 0.000000 0.058585 0.130854 0.158331 0.011340 0.170335 0.009158 0.231196 0.001425 0.102285 0.020267 
0.320932 0.009043 0.000000 0.033585 0.061668 0.076842 0.009373 0.090219 0.273265 0.008840 0.013066 0.098352 0.004815 
0.025281 0.030073 0.000000 0.030061 0.076690 0.071179 0.008119 0.007504 0.013806 0.000078 0.000018 0.040740 0.696453 
0.043456 0.017566 0.000000 0.029927 0.061219 0.550132 0.130991 0.051833 0.019607 0.003812 0.034641 0.009178 0.047637 
0.073712 0.029867 0.000000 0.077896 0.018965 0.100470 0.014836 0.463482 0.005216 0.033738 0.125233 0.041093 0.015492 
0.045845 0.239970 0.000000 0.067912 0.124671 0.076710 0.115175 0.176930 0.020309 0.018577 0.009227 0.049822 0.054852 
0.125338 0.007521 0.000000 0.149984 0.027924 0.202172 0.054252 0.033362 0.076945 0.006701 0.295984 0.009856 0.009961 
0.030185 0.022430 0.017406 0.284755 0.025777 0.108218 0.055497 0.302480 0.062261 0.027313 0.040370 0.003552 0.019756 
0.041141 0.316705 0.029988 0.056260 0.012860 0.071257 0.107820 0.224830 0.052339 0.008519 0.042426 0.006991 0.028865 
0.151325 0.021465 0.000000 0.150767 0.011217 0.102688 0.224874 0.118508 0.021697 0.021577 0.000400 0.041759 0.133723 
0.059584 0.025213 0.027619 0.069091 0.266772 0.079469 0.079214 0.229072 0.036119 0.020442 0.032761 0.049358 0.025285 
0.082352 0.047651 0.000000 0.051508 0.019035 0.063066 0.012132 0.069598 0.222719 0.000077 0.021555 0.398749 0.011557 
0.077780 0.005317 0.000000 0.421514 0.093361 0.118313 0.070733 0.103081 0.030057 0.021266 0.004353 0.048041 0.006186 
0.044652 0.128520 0.000000 0.141613 0.013811 0.099006 0.004401 0.320945 0.056394 0.036124 0.008525 0.053718 0.092292 
0.291971 0.010416 0.154739 0.019022 0.017644 0.121247 0.009451 0.005913 0.068159 0.000079 0.229193 0.007313 0.064852 
0.242789 0.020480 0.352186 0.016138 0.021594 0.082197 0.102883 0.072332 0.058223 0.002277 0.000254 0.012037 0.016611 
0.026444 0.010151 0.127417 0.009146 0.040447 0.087484 0.004458 0.013794 0.069808 0.000066 0.265708 0.006516 0.338562 
0.537222 0.029009 0.000000 0.001371 0.083459 0.036918 0.084845 0.016558 0.037285 0.039463 0.023522 0.107361 0.002989 
0.084932 0.168684 0.000000 0.094105 0.041807 0.210979 0.004266 0.077042 0.023302 0.006301 0.000615 0.062228 0.225738 
0.096112 0.009548 0.000000 0.057989 0.046419 0.362440 0.027042 0.149078 0.048103 0.009378 0.007821 0.038174 0.147897 
0.159624 0.048322 0.000000 0.355403 0.016362 0.070820 0.129961 0.097855 0.031584 0.000134 0.002237 0.064395 0.023304 
0.089123 0.087036 0.000000 0.086180 0.013189 0.223766 0.030330 0.305909 0.015861 0.031269 0.001877 0.026258 0.089202 
0.084303 0.155155 0.063891 0.084628 0.020793 0.074310 0.046996 0.114230 0.265420 0.006206 0.019265 0.042908 0.021894 
0.058976 0.000479 0.000000 0.053898 0.169044 0.034983 0.208715 0.093222 0.274972 0.001732 0.039034 0.038996 0.025946 
0.064122 0.058051 0.022513 0.037021 0.006237 0.159850 0.173188 0.115270 0.098717 0.037363 0.203011 0.019437 0.005220 
0.257080 0.005953 0.214030 0.040931 0.004424 0.107792 0.045217 0.169047 0.071848 0.012167 0.000104 0.049813 0.021595 
0.064321 0.058970 0.000000 0.116210 0.008507 0.373382 0.026906 0.209446 0.035031 0.058334 0.033448 0.008564 0.006881 
0.124780 0.017653 0.000000 0.202734 0.211601 0.043939 0.162596 0.124856 0.021755 0.010990 0.003980 0.048454 0.026662 
0.060410 0.010886 0.000000 0.236809 0.009129 0.087052 0.045477 0.376823 0.024324 0.011387 0.003803 0.082444 0.051455 
0.052386 0.007367 0.000000 0.016651 0.064506 0.026116 0.002337 0.004161 0.016787 0.000058 0.008482 0.046813 0.754336 
0.122775 0.033988 0.000000 0.015192 0.098747 0.063472 0.080177 0.049782 0.030605 0.000095 0.000120 0.115702 0.389344 
0.354437 0.004814 0.029423 0.025470 0.183309 0.125568 0.009820 0.188063 0.020115 0.017427 0.022195 0.017256 0.002103 
0.033390 0.008604 0.000000 0.005888 0.142908 0.057175 0.370585 0.013122 0.095467 0.001773 0.252450 0.011390 0.007249 
0.038037 0.354590 0.000000 0.054711 0.002722 0.132867 0.014136 0.069361 0.020428 0.181428 0.004380 0.115599 0.011741 
0.072677 0.014521 0.000000 0.035835 0.260964 0.037324 0.208190 0.098377 0.029270 0.017187 0.002742 0.195558 0.027356 
0.457703 0.011379 0.000000 0.026811 0.017035 0.099943 0.040298 0.113519 0.074219 0.012995 0.002469 0.126652 0.016978 
0.043290 0.030250 0.000000 0.035692 0.167998 0.547764 0.031346 0.043767 0.025176 0.045123 0.006568 0.012869 0.010157 
0.047575 0.043183 0.000000 0.101931 0.029233 0.177503 0.023059 0.438471 0.020895 0.065995 0.020943 0.023288 0.007925 
0.037367 0.203388 0.000000 0.020529 0.050567 0.140354 0.008478 0.107971 0.011066 0.349208 0.003868 0.050978 0.016227 
0.070886 0.004115 0.000000 0.058943 0.087109 0.220563 0.013677 0.136042 0.152061 0.010814 0.241985 0.001359 0.002445 
0.102288 0.002301 0.000000 0.028978 0.132270 0.107207 0.006798 0.109975 0.027849 0.005545 0.024455 0.434392 0.017941 
0.044065 0.002259 0.014929 0.098490 0.350449 0.045612 0.087635 0.146228 0.062969 0.002986 0.086764 0.021059 0.036555 
0.047090 0.011969 0.000000 0.042129 0.201916 0.077800 0.077780 0.373796 0.025161 0.049546 0.044461 0.032990 0.015362 
0.074706 0.032780 0.000000 0.069753 0.117919 0.181494 0.059219 0.355147 0.016398 0.017117 0.041742 0.017839 0.015886 
0.102516 0.018147 0.000000 0.065648 0.005876 0.152804 0.031769 0.221331 0.030231 0.034021 0.013808 0.293229 0.030619 
0.069545 0.428537 0.000000 0.043555 0.003479 0.095737 0.086084 0.048189 0.019067 0.000043 0.002426 0.184793 0.018545 
0.028758 0.025506 0.000000 0.043305 0.007425 0.177588 0.103832 0.237557 0.034462 0.023097 0.272057 0.007636 0.038778 
0.033597 0.091138 0.000000 0.027987 0.453761 0.067136 0.022586 0.060304 0.018021 0.000071 0.000462 0.013743 0.211193 
0.076122 0.197800 0.011503 0.009911 0.103476 0.078258 0.362088 0.063756 0.041289 0.010309 0.009781 0.008949 0.026760 
0.091829 0.022106 0.000000 0.056616 0.012730 0.119563 0.013950 0.029378 0.020633 0.039132 0.006780 0.472290 0.114994 
0.043403 0.066400 0.154591 0.032623 0.023900 0.120741 0.120613 0.173554 0.030427 0.146225 0.018315 0.048558 0.020650 
0.075220 0.063726 0.000000 0.030807 0.075177 0.065739 0.133658 0.009750 0.015916 0.000084 0.000180 0.242047 0.287696 
0.010835 0.031779 0.030420 0.018543 0.035391 0.044317 0.011822 0.101722 0.037703 0.004799 0.075669 0.023318 0.573681 
0.105718 0.010044 0.000000 0.086662 0.091504 0.392824 0.112369 0.087576 0.029265 0.003049 0.040436 0.024274 0.016278 
0.191079 0.006282 0.015977 0.020023 0.132782 0.054360 0.228234 0.045017 0.023088 0.004977 0.042500 0.201353 0.034328 
0.108078 0.063345 0.000000 0.019730 0.147408 0.111473 0.045100 0.073445 0.038130 0.104965 0.230538 0.025665 0.032124 
0.053557 0.004585 0.000000 0.025332 0.083009 0.035260 0.020348 0.120046 0.579028 0.006894 0.019617 0.031523 0.020802 
0.064205 0.111697 0.000000 0.122283 0.022559 0.290661 0.055919 0.163867 0.008754 0.004883 0.008660 0.130025 0.016488 
0.031138 0.123534 0.000000 0.215791 0.061507 0.052947 0.136763 0.233842 0.022085 0.010363 0.008232 0.090822 0.012976 
0.059481 0.015165 0.000000 0.083229 0.250843 0.043736 0.113945 0.096485 0.172873 0.002350 0.049199 0.089436 0.023257 
0.662125 0.005959 0.000000 0.020207 0.054660 0.002549 0.045593 0.011879 0.135050 0.002838 0.001175 0.046869 0.011096 
0.127048 0.051698 0.000000 0.043740 0.155127 0.132392 0.134621 0.080804 0.082970 0.009274 0.002281 0.051566 0.128481 
0.030031 0.060471 0.000000 0.010858 0.117966 0.080065 0.045266 0.016308 0.392806 0.162225 0.024052 0.012157 0.047795 
0.048778 0.064761 0.010595 0.129830 0.015915 0.311722 0.024861 0.202174 0.035708 0.088246 0.045981 0.018115 0.003313 
0.044867 0.019347 0.000000 0.036967 0.635464 0.144476 0.008233 0.039402 0.007759 0.007775 0.011701 0.040857 0.003151 
0.017243 0.290918 0.024612 0.032406 0.013619 0.103342 0.042885 0.318374 0.017669 0.009003 0.105838 0.010829 0.013262 
0.052858 0.045068 0.000000 0.540865 0.012719 0.052778 0.018184 0.042757 0.115280 0.000086 0.022276 0.054472 0.042657 
0.027416 0.018384 0.000000 0.497703 0.038496 0.052893 0.060866 0.191471 0.012078 0.004645 0.001230 0.056215 0.038603 
0.031662 0.172868 0.000000 0.040034 0.033911 0.043893 0.009841 0.050913 0.217041 0.000067 0.019332 0.023714 0.356724 
