-1961883.442924
0
0.000000 0.000000 0.000000 0.005413 0.000000 0.000000 0.000000 0.000000 0.005658 0.016948 0.018218 0.000000 0.000000 0.011427 0.000000 0.006176 0.000000 0.005094 0.000000 0.000000 0.000000 0.000000 0.001258 0.001406 0.005425 0.007798 0.000000 0.012861 0.000000 0.000000 0.000000 0.000000 0.000000 0.000000 0.003336 0.000000 0.000713 0.001470 0.000000 0.000000 0.000000 0.000000 0.000000 0.000000 0.000000 0.000000 0.000000 0.005350 0.000000 0.012356 0.000000 0.040138 0.001611 0.000000 0.000000 0.000000 0.057791 0.183971 0.296777 0.111439 0.000000 0.004575 0.002766 0.002709 0.029253 0.063940 0.014147 0.009613 0.000000 0.001330 0.003880 0.022384 0.002217 0.000001 0.001022 0.009872 0.000000 0.001644 0.000000 0.000000 0.000000 0.000000 0.000000 0.000000 0.000000 0.000000 0.000000 0.000000 0.003343 0.010358 0.000000 0.000000 0.000000 0.000000 0.000000 0.004312 
0.004210 0.001729 0.000000 0.003087 0.001844 0.000761 0.000000 0.001631 0.011272 0.000000 0.000000 0.002728 0.006028 0.007572 0.006134 0.005083 0.094056 0.038670 0.066733 0.053680 0.000000 0.001818 0.001525 0.002185 0.006245 0.004031 0.000000 0.000000 0.000000 0.001424 0.000000 0.000000 0.020496 0.000000 0.000000 0.019994 0.003178 0.012300 0.007340 0.003236 0.034136 0.041133 0.040646 0.038583 0.000000 0.005915 0.003256 0.000000 0.000000 0.003895 0.000000 0.000000 0.000000 0.000000 0.000000 0.000000 0.004734 0.000000 0.000000 0.006062 0.002498 0.003060 0.002827 0.001315 0.056610 0.030852 0.045959 0.045809 0.000000 0.000000 0.000000 0.000000 0.003772 0.009848 0.002419 0.000001 0.000000 0.001627 0.000000 0.000000 0.000000 0.000000 0.000000 0.000000 0.007031 0.016322 0.004563 0.007326 0.060205 0.040654 0.036705 0.043296 0.000000 0.004778 0.000000 0.005175 
0.000000 0.001618 0.000000 0.002605 0.000000 0.001869 0.000000 0.000953 0.036510 0.012418 0.031625 0.013625 0.000000 0.001906 0.000000 0.006233 0.010935 0.016705 0.059969 0.003789 0.000000 0.000000 0.000000 0.000000 0.024237 0.045746 0.016993 0.136570 0.000000 0.000000 0.000000 0.000000 0.007718 0.002453 0.051071 0.000000 0.000000 0.005480 0.000000 0.002226 0.016822 0.015820 0.087555 0.008421 0.000000 0.011062 0.019593 0.000000 0.000000 0.004226 0.004550 0.012093 0.000000 0.002575 0.000000 0.001216 0.076752 0.056406 0.000000 0.051520 0.000000 0.003917 0.000000 0.001316 0.000000 0.000000 0.031306 0.000000 0.000000 0.003841 0.002791 0.002300 0.000000 0.002141 0.001425 0.012525 0.000000 0.000000 0.000000 0.000000 0.012956 0.000000 0.019777 0.000000 0.000000 0.000000 0.000000 0.002013 0.003585 0.009794 0.025181 0.003267 0.000000 0.000000 0.000000 0.000000 
0.000000 0.000000 0.000000 0.000000 0.005298 0.000793 0.000000 0.003129 0.000000 0.001739 0.000000 0.000000 0.000000 0.000000 0.000000 0.000000 0.000000 0.000000 0.000000 0.000000 0.000000 0.000985 0.000000 0.000000 0.000000 0.000000 0.000000 0.000000 0.007521 0.000000 0.000000 0.006222 0.000000 0.000000 0.000000 0.000000 0.000000 0.000000 0.000000 0.000000 0.000000 0.000000 0.000000 0.000000 0.000000 0.000000 0.000000 0.000000 0.000000 0.000000 0.000000 0.000000 0.001013 0.000862 0.000000 0.003698 0.000000 0.000000 0.000000 0.000000 0.000000 0.000000 0.001445 0.000000 0.000000 0.000000 0.000000 0.000000 0.000000 0.000000 0.000000 0.000000 0.052606 0.017709 0.001328 0.014642 0.330266 0.077881 0.010916 0.393808 0.068136 0.000000 0.000000 0.000000 0.000000 0.000000 0.000000 0.000000 0.000000 0.000000 0.000000 0.000000 0.000000 0.000000 0.000000 0.000000 
0.062774 0.012778 0.005143 0.024364 0.000000 0.000894 0.001925 0.002386 0.000000 0.000000 0.000000 0.004275 0.002396 0.000000 0.003875 0.002663 0.001382 0.000000 0.000000 0.003094 0.000000 0.000962 0.002147 0.000000 0.110833 0.021947 0.019793 0.044442 0.000000 0.002893 0.005987 0.003214 0.003812 0.000000 0.009019 0.001771 0.000000 0.003262 0.005655 0.000000 0.000000 0.001011 0.000000 0.000000 0.000000 0.000000 0.004460 0.000000 0.156310 0.018994 0.012453 0.088789 0.000000 0.000000 0.000000 0.000000 0.000000 0.000000 0.003256 0.000000 0.002017 0.001399 0.000000 0.004990 0.000000 0.000000 0.004476 0.001413 0.000404 0.000000 0.008252 0.001190 0.084335 0.051688 0.017701 0.146204 0.000000 0.006784 0.001758 0.000000 0.000000 0.000000 0.000000 0.000000 0.005126 0.001636 0.001712 0.003576 0.000000 0.003019 0.000855 0.000000 0.000000 0.002502 0.000000 0.000000 
0.000000 0.000000 0.000000 0.000000 0.000000 0.000000 0.000000 0.000000 0.000000 0.014521 0.000000 0.000000 0.001638 0.000000 0.000000 0.003104 0.000000 0.000000 0.000000 0.000000 0.000000 0.000256 0.000828 0.000634 0.000000 0.000000 0.000000 0.003333 0.000000 0.000000 0.000000 0.000000 0.079650 0.097299 0.025091 0.071405 0.000000 0.000000 0.000000 0.001368 0.000000 0.000000 0.000000 0.001936 0.000000 0.001505 0.000000 0.000000 0.000000 0.000000 0.000000 0.000000 0.000000 0.000000 0.000000 0.000000 0.000000 0.011488 0.000000 0.010743 0.000000 0.000000 0.000000 0.000000 0.000000 0.000000 0.000000 0.008619 0.000000 0.000000 0.001811 0.000000 0.000000 0.002578 0.000000 0.000001 0.000000 0.001416 0.000000 0.000000 0.114855 0.344008 0.110008 0.078926 0.000000 0.000000 0.000346 0.005370 0.002019 0.000000 0.001264 0.001377 0.000000 0.001629 0.000974 0.000000 
0.007342 0.009179 0.003347 0.004392 0.001161 0.002785 0.000000 0.002934 0.040262 0.000000 0.276188 0.005974 0.003238 0.000000 0.000419 0.008575 0.006383 0.000000 0.004777 0.002844 0.000000 0.003599 0.000000 0.004611 0.000000 0.006484 0.000000 0.000000 0.000000 0.000000 0.000000 0.000000 0.018346 0.000000 0.166657 0.002911 0.000000 0.000000 0.000000 0.000000 0.000000 0.000000 0.000000 0.002376 0.000000 0.001511 0.000000 0.006724 0.001432 0.006718 0.000000 0.000000 0.000000 0.002778 0.000000 0.000000 0.032699 0.016565 0.160254 0.011120 0.000000 0.000000 0.000000 0.003192 0.010502 0.000000 0.000000 0.010205 0.000000 0.000000 0.000000 0.000000 0.008978 0.008464 0.001171 0.003604 0.000000 0.000000 0.000000 0.000000 0.000000 0.000000 0.107540 0.000000 0.003524 0.000000 0.000980 0.000000 0.004174 0.000000 0.004820 0.002191 0.000000 0.000720 0.002141 0.003207 
0.000000 0.000000 0.000000 0.000000 0.000000 0.000000 0.000000 0.000000 0.008462 0.002826 0.000000 0.005444 0.000000 0.000000 0.000000 0.001303 0.000000 0.006668 0.000000 0.000000 0.000000 0.009842 0.004294 0.038927 0.000000 0.000000 0.000000 0.000000 0.000947 0.000000 0.000000 0.000000 0.016477 0.000000 0.003271 0.006864 0.000000 0.009034 0.003477 0.037300 0.006788 0.045103 0.031712 0.125316 0.000000 0.024910 0.016407 0.334989 0.002887 0.000000 0.000000 0.005074 0.000000 0.000000 0.000000 0.000723 0.000000 0.000000 0.000000 0.000000 0.000000 0.003625 0.003286 0.005364 0.000000 0.009838 0.000000 0.006054 0.000000 0.010316 0.005198 0.075813 0.000000 0.000001 0.001585 0.000001 0.000000 0.000000 0.000000 0.000000 0.000000 0.000000 0.000000 0.011992 0.000000 0.000000 0.000000 0.001265 0.000000 0.008749 0.004979 0.008733 0.000000 0.011475 0.004887 0.077795 
0.000000 0.006782 0.000000 0.058319 0.000000 0.000000 0.000000 0.000000 0.037845 0.028409 0.041288 0.038126 0.000000 0.000000 0.000000 0.000000 0.003134 0.005652 0.000000 0.005228 0.000000 0.001306 0.000000 0.012299 0.005454 0.013263 0.000000 0.240179 0.000000 0.000000 0.000000 0.000000 0.000000 0.000000 0.025361 0.000000 0.000000 0.003404 0.000000 0.003022 0.000000 0.009079 0.000000 0.002115 0.000000 0.000000 0.000000 0.000000 0.000000 0.014568 0.000000 0.123862 0.000000 0.000000 0.000000 0.000000 0.060198 0.000000 0.034136 0.029289 0.000000 0.002155 0.000000 0.000000 0.000000 0.000000 0.007139 0.007303 0.000000 0.002073 0.000000 0.000000 0.000000 0.032367 0.000000 0.093153 0.000000 0.000000 0.000000 0.000000 0.000000 0.018495 0.000000 0.016113 0.000000 0.003049 0.000000 0.003671 0.000000 0.004958 0.003057 0.001807 0.000000 0.002342 0.000000 0.000000 
0.013573 0.008274 0.000000 0.002690 0.005337 0.000000 0.000000 0.000000 0.000000 0.000000 0.000000 0.000000 0.024809 0.004024 0.009441 0.035373 0.015172 0.000000 0.000000 0.035490 0.095236 0.007868 0.004656 0.029646 0.000000 0.000000 0.000000 0.000000 0.000000 0.000000 0.000000 0.000000 0.000000 0.000000 0.000000 0.000000 0.009360 0.000000 0.003567 0.000000 0.016027 0.000000 0.000000 0.008050 0.054668 0.004707 0.017225 0.001329 0.003421 0.017685 0.000000 0.000000 0.000000 0.004207 0.000000 0.003527 0.000000 0.000000 0.000000 0.000000 0.005507 0.000000 0.000000 0.001029 0.000000 0.000000 0.000000 0.000000 0.016921 0.000000 0.004773 0.015669 0.035344 0.000001 0.000000 0.044690 0.000000 0.000000 0.000000 0.000000 0.000000 0.000000 0.000000 0.000000 0.047392 0.000000 0.026554 0.020964 0.011482 0.003809 0.005934 0.055823 0.136645 0.012218 0.015353 0.104528 
0.034333 0.049816 0.038558 0.027859 0.013152 0.006446 0.003699 0.005902 0.016199 0.000000 0.000000 0.000000 0.006355 0.002867 0.014299 0.002404 0.007885 0.000000 0.004102 0.000000 0.000000 0.000000 0.000000 0.000000 0.027641 0.102271 0.003653 0.039403 0.015776 0.016220 0.007558 0.013729 0.025906 0.005737 0.000000 0.017857 0.012359 0.018526 0.066218 0.018679 0.004241 0.000000 0.000000 0.000000 0.000000 0.000000 0.003000 0.000000 0.000000 0.069172 0.037995 0.000000 0.009394 0.015575 0.013576 0.006587 0.000000 0.000000 0.000000 0.000000 0.010738 0.006505 0.023980 0.003549 0.007158 0.000000 0.000000 0.000000 0.000000 0.000000 0.000000 0.000000 0.019915 0.076973 0.011468 0.002996 0.000000 0.012768 0.004459 0.000000 0.000000 0.000000 0.000000 0.000000 0.004431 0.007414 0.013737 0.005408 0.000000 0.000000 0.000000 0.000000 0.000000 0.000000 0.003552 0.000000 
0.000000 0.000000 0.000000 0.007869 0.000587 0.000000 0.000000 0.000000 0.000000 0.000000 0.000000 0.005341 0.000000 0.000000 0.000000 0.000000 0.000000 0.003938 0.000000 0.000000 0.000000 0.004191 0.001792 0.016264 0.000000 0.000000 0.000000 0.015671 0.000000 0.000000 0.000000 0.000000 0.000000 0.000000 0.001341 0.000000 0.000000 0.000000 0.000000 0.000000 0.000000 0.000000 0.000000 0.000000 0.002997 0.000668 0.001915 0.013732 0.000000 0.001367 0.001502 0.000000 0.000000 0.000000 0.000000 0.000317 0.000000 0.000000 0.000000 0.005074 0.000000 0.000000 0.000000 0.000000 0.001471 0.004674 0.003015 0.011865 0.000000 0.001602 0.000000 0.000000 0.045358 0.009669 0.002871 0.392558 0.000000 0.000000 0.000000 0.000000 0.000000 0.019781 0.254979 0.042203 0.000000 0.000000 0.000000 0.003296 0.000945 0.008788 0.004415 0.009666 0.008380 0.009216 0.002259 0.078422 
0.000000 0.000000 0.000000 0.000000 0.000000 0.000000 0.000460 0.000000 0.006841 0.000000 0.000000 0.000000 0.000000 0.000000 0.000000 0.000000 0.000000 0.000000 0.000000 0.000872 0.000000 0.000000 0.000000 0.000000 0.001023 0.000000 0.000000 0.000000 0.000000 0.000000 0.000000 0.000000 0.014650 0.000000 0.002415 0.003367 0.000000 0.000000 0.000000 0.000000 0.000000 0.000000 0.000000 0.000000 0.000000 0.000000 0.000000 0.000000 0.000000 0.000000 0.000000 0.000000 0.000000 0.000000 0.000000 0.000000 0.002902 0.000000 0.000000 0.000054 0.000000 0.000000 0.000000 0.000000 0.000000 0.000000 0.000000 0.000000 0.000000 0.000000 0.000000 0.000000 0.016140 0.008626 0.002249 0.012125 0.035549 0.000000 0.001628 0.069579 0.465039 0.075221 0.041418 0.239843 0.000000 0.000000 0.000000 0.000000 0.000000 0.000000 0.000000 0.000000 0.000000 0.000000 0.000000 0.000000 
0.033269 0.035140 0.000000 0.030810 0.027943 0.014554 0.004480 0.028315 0.022951 0.002337 0.000000 0.020023 0.013292 0.016043 0.015454 0.020043 0.015021 0.007705 0.005840 0.027105 0.000000 0.001532 0.014716 0.005381 0.015616 0.021433 0.000000 0.008491 0.019418 0.017564 0.005080 0.030024 0.014479 0.000000 0.000000 0.020410 0.014481 0.019046 0.020368 0.030482 0.004275 0.011200 0.000000 0.008553 0.000000 0.005939 0.010788 0.000000 0.000000 0.013415 0.000000 0.009063 0.016163 0.011020 0.001444 0.021036 0.010051 0.000000 0.000000 0.006849 0.008940 0.009716 0.013954 0.017924 0.000000 0.003404 0.000000 0.004534 0.002602 0.004437 0.016788 0.005542 0.008280 0.015746 0.000000 0.011365 0.000000 0.015070 0.001149 0.013570 0.000000 0.000000 0.000000 0.005102 0.012586 0.013050 0.010381 0.029080 0.001120 0.007270 0.000000 0.007441 0.000000 0.007295 0.014668 0.010345 
0.000000 0.001705 0.000000 0.000000 0.001673 0.000000 0.000000 0.001944 0.023597 0.108284 0.004702 0.069931 0.000000 0.000000 0.002363 0.000000 0.000000 0.001433 0.002194 0.003499 0.000000 0.000000 0.000000 0.000000 0.000000 0.005209 0.000551 0.000000 0.000000 0.000000 0.000000 0.000000 0.038396 0.163647 0.007921 0.128958 0.000000 0.002648 0.000768 0.000000 0.000726 0.000000 0.000000 0.000000 0.000000 0.000000 0.000000 0.000000 0.000000 0.000000 0.000000 0.000000 0.000000 0.000000 0.000000 0.000000 0.034693 0.111048 0.000000 0.088768 0.000000 0.000000 0.000000 0.000000 0.000000 0.000000 0.000000 0.003142 0.000000 0.000000 0.000667 0.000000 0.000000 0.003463 0.000000 0.002176 0.000000 0.000000 0.000000 0.000000 0.000000 0.102863 0.000000 0.081909 0.000000 0.000000 0.000000 0.000000 0.000000 0.000000 0.001119 0.000000 0.000000 0.000000 0.000000 0.000000 
0.066357 0.089241 0.031531 0.001144 0.045932 0.286820 0.288518 0.005065 0.000000 0.008059 0.017518 0.008529 0.015492 0.041240 0.094554 
0.015586 0.017724 0.028354 0.004948 0.396107 0.236710 0.029852 0.015443 0.038666 0.005812 0.000000 0.000001 0.054198 0.123940 0.032658 
0.095192 0.143658 0.076940 0.012510 0.245105 0.017517 0.257447 0.001522 0.000000 0.006723 0.000000 0.000001 0.034419 0.047153 0.061814 
0.001449 0.027400 0.064346 0.001480 0.092242 0.017751 0.045983 0.274822 0.000000 0.001601 0.126036 0.049905 0.026000 0.090843 0.180142 
0.014571 0.104248 0.121830 0.010309 0.023295 0.115159 0.241425 0.014332 0.000000 0.016628 0.000000 0.032846 0.045507 0.176697 0.083154 
0.213689 0.070003 0.308482 0.000010 0.002951 0.031952 0.069477 0.039143 0.146272 0.002234 0.000000 0.008261 0.002423 0.019202 0.085900 
0.025290 0.211652 0.120561 0.004535 0.181162 0.045440 0.013072 0.016659 0.018446 0.017009 0.000000 0.000001 0.050848 0.113268 0.182056 
0.002531 0.055714 0.017748 0.000093 0.020834 0.003658 0.002408 0.000744 0.000000 0.008314 0.000000 0.000001 0.851989 0.016604 0.019363 
0.019604 0.028212 0.037967 0.136115 0.047584 0.523461 0.010953 0.004274 0.000000 0.005228 0.056742 0.000001 0.032186 0.016028 0.081646 
0.063232 0.112779 0.027275 0.133582 0.046132 0.003246 0.058136 0.149312 0.000000 0.051258 0.000000 0.258229 0.024835 0.041232 0.030752 
0.143798 0.006450 0.242666 0.133141 0.006128 0.021395 0.212142 0.016674 0.000000 0.003336 0.000000 0.000001 0.014881 0.006604 0.192784 
0.007773 0.255805 0.028039 0.012656 0.018430 0.162316 0.007546 0.039118 0.000000 0.052091 0.013513 0.106548 0.093883 0.156930 0.045352 
0.080437 0.244288 0.083268 0.005869 0.028800 0.026569 0.013393 0.012562 0.000000 0.009842 0.013438 0.000001 0.328090 0.077596 0.075847 
0.052916 0.089356 0.053803 0.000339 0.039235 0.072343 0.161848 0.041113 0.000000 0.004517 0.000000 0.192781 0.009285 0.101803 0.180660 
0.007538 0.034636 0.021434 0.000149 0.012694 0.043454 0.137382 0.005687 0.000000 0.007622 0.000000 0.000001 0.629624 0.020548 0.079232 
0.017996 0.464525 0.027200 0.006110 0.055505 0.038350 0.014279 0.044932 0.000000 0.069509 0.006787 0.000001 0.102863 0.084161 0.067782 
0.017670 0.362228 0.043844 0.023713 0.061551 0.014757 0.079993 0.043125 0.000000 0.067544 0.041599 0.000001 0.041064 0.155998 0.046913 
0.043393 0.077560 0.044110 0.019297 0.042422 0.005749 0.061201 0.087830 0.000000 0.009504 0.000000 0.018732 0.138223 0.166390 0.285588 
0.003057 0.033724 0.013829 0.064918 0.075979 0.360767 0.009557 0.017596 0.000000 0.000035 0.174076 0.000001 0.170542 0.031544 0.044377 
0.021249 0.081826 0.013352 0.004773 0.158400 0.006783 0.212460 0.010702 0.069814 0.024777 0.000000 0.000001 0.018742 0.328720 0.048402 
0.462109 0.025320 0.153562 0.000076 0.016347 0.069449 0.117913 0.005823 0.000000 0.000055 0.011502 0.061710 0.016104 0.023851 0.036179 
0.068896 0.055217 0.122221 0.000149 0.024746 0.067355 0.252597 0.003476 0.000000 0.004309 0.000000 0.000001 0.284874 0.040660 0.075500 
0.005070 0.061995 0.006781 0.112900 0.488249 0.020571 0.022300 0.082075 0.000000 0.051297 0.024576 0.014369 0.033931 0.067469 0.008418 
0.148857 0.080168 0.009619 0.005233 0.025177 0.025267 0.062613 0.008622 0.389537 0.016606 0.000000 0.000001 0.008084 0.012714 0.207502 
0.017808 0.182827 0.484109 0.003324 0.027406 0.002016 0.039630 0.002533 0.000000 0.000167 0.021743 0.076136 0.001590 0.063605 0.077105 
0.107023 0.094748 0.049215 0.056289 0.058923 0.002080 0.332622 0.006614 0.077135 0.034456 0.000000 0.000001 0.038791 0.039443 0.102660 
0.134189 0.007756 0.174060 0.001681 0.261016 0.020550 0.215461 0.014040 0.057277 0.000050 0.000000 0.000001 0.011706 0.033096 0.069116 
0.021610 0.142077 0.013508 0.017512 0.054800 0.049100 0.104605 0.099515 0.000000 0.241018 0.000000 0.053214 0.070186 0.069717 0.063139 
0.055880 0.031268 0.048649 0.014529 0.014388 0.022940 0.033014 0.000921 0.012601 0.000093 0.000000 0.730993 0.013341 0.003155 0.018228 
0.070455 0.082125 0.097564 0.023751 0.083662 0.004549 0.057872 0.012711 0.000000 0.018506 0.043096 0.009218 0.016664 0.336011 0.143816 
0.002222 0.074178 0.071447 0.067127 0.043669 0.025968 0.011954 0.009505 0.000000 0.023148 0.000000 0.000001 0.076143 0.513718 0.080919 
0.084867 0.187776 0.082299 0.015231 0.040160 0.045286 0.034270 0.038983 0.000000 0.076259 0.000000 0.012134 0.022165 0.244686 0.115882 
0.225830 0.039657 0.359329 0.002672 0.014154 0.009188 0.215091 0.002081 0.000000 0.000058 0.015950 0.000001 0.011122 0.023664 0.081202 
0.003406 0.090239 0.093168 0.085079 0.071678 0.016678 0.252452 0.001101 0.025425 0.015751 0.000000 0.000001 0.159738 0.046129 0.139156 
0.008401 0.084971 0.034033 0.011845 0.023699 0.022276 0.044933 0.047120 0.000000 0.184319 0.000000 0.010004 0.387919 0.074706 0.065773 
0.022218 0.260561 0.048812 0.068768 0.021526 0.010076 0.017162 0.023392 0.000000 0.004834 0.000000 0.196030 0.273496 0.014492 0.038631 
0.024724 0.312471 0.046172 0.013676 0.071670 0.025569 0.027597 0.042553 0.000000 0.062767 0.009978 0.103063 0.025114 0.110177 0.124468 
0.072125 0.048232 0.118095 0.027066 0.019567 0.031417 0.102011 0.260284 0.000000 0.002060 0.000000 0.013315 0.053360 0.218428 0.034040 
0.025386 0.411184 0.078624 0.000859 0.076309 0.047125 0.025040 0.027800 0.000000 0.005621 0.000000 0.163633 0.013782 0.020820 0.103817 
0.011219 0.048322 0.008979 0.006161 0.082528 0.099316 0.030604 0.023444 0.023703 0.020370 0.000000 0.082759 0.017539 0.202397 0.342657 
0.152003 0.063807 0.032842 0.001007 0.112593 0.011063 0.098783 0.014235 0.282255 0.000190 0.041061 0.032700 0.006377 0.049909 0.101175 
0.022028 0.312435 0.046223 0.010324 0.087216 0.111864 0.021509 0.052810 0.000000 0.038897 0.000000 0.000001 0.048848 0.142915 0.104930 
0.028361 0.088489 0.027528 0.020437 0.079462 0.059291 0.041627 0.003188 0.003053 0.009314 0.000000 0.000001 0.037188 0.063437 0.538625 
0.006795 0.178764 0.035381 0.033087 0.069615 0.036095 0.072938 0.021316 0.000000 0.019518 0.029856 0.000001 0.020114 0.273488 0.203032 
0.029028 0.001741 0.023099 0.252831 0.004440 0.050492 0.008090 0.004705 0.042009 0.000120 0.000000 0.000001 0.052933 0.007952 0.522559 
0.020858 0.079232 0.153480 0.012522 0.157580 0.020453 0.037073 0.152875 0.000000 0.026777 0.000000 0.000001 0.010044 0.294294 0.034810 
0.007535 0.070941 0.011912 0.020171 0.013322 0.594118 0.018181 0.008230 0.000000 0.008674 0.009202 0.000001 0.084260 0.093417 0.060035 
0.093009 0.041359 0.377880 0.000080 0.013939 0.265294 0.051630 0.007365 0.000000 0.000057 0.013529 0.000001 0.018567 0.044666 0.072624 
0.001665 0.090817 0.236867 0.283558 0.053500 0.009059 0.039274 0.031480 0.000000 0.040328 0.000000 0.000001 0.054512 0.127398 0.031540 
0.101753 0.132103 0.046831 0.005633 0.016151 0.008620 0.027310 0.083707 0.031979 0.271074 0.000000 0.033385 0.017882 0.090177 0.133394 
0.019724 0.101304 0.023125 0.034356 0.048766 0.175982 0.040596 0.021764 0.000000 0.035851 0.000000 0.109721 0.132066 0.216374 0.040369 
0.035636 0.283407 0.040945 0.008887 0.071309 0.001616 0.015182 0.033501 0.000000 0.039050 0.021126 0.109037 0.184848 0.069993 0.085461 
0.091065 0.031386 0.315565 0.009989 0.019513 0.035763 0.089655 0.012060 0.000000 0.000162 0.000000 0.275212 0.011374 0.052871 0.055384 
0.088449 0.108116 0.112586 0.009006 0.116447 0.005826 0.312656 0.048021 0.034266 0.006298 0.000000 0.000001 0.006950 0.056087 0.095291 
0.029304 0.261661 0.034617 0.032020 0.056745 0.019605 0.004380 0.040397 0.000000 0.019973 0.013361 0.000001 0.039618 0.177682 0.270636 
0.007749 0.040195 0.025317 0.231765 0.027179 0.016765 0.018658 0.005638 0.000000 0.000067 0.091583 0.000001 0.427322 0.060377 0.047384 
0.145764 0.031726 0.028720 0.000154 0.011471 0.032228 0.071343 0.058962 0.358415 0.000036 0.000000 0.000001 0.048871 0.012401 0.199908 
0.032137 0.039454 0.051842 0.018779 0.013799 0.043960 0.027126 0.561146 0.000000 0.000070 0.000000 0.144102 0.022240 0.038335 0.007011 
0.011093 0.056245 0.042432 0.012537 0.095149 0.064367 0.102683 0.012151 0.015175 0.011965 0.000000 0.000001 0.356629 0.160085 0.059489 
0.034757 0.042806 0.046079 0.051646 0.148849 0.023281 0.047360 0.327458 0.000000 0.000143 0.000000 0.170965 0.016097 0.050681 0.039878 
0.088420 0.035783 0.006426 0.000011 0.003970 0.098531 0.051922 0.017573 0.238332 0.001036 0.000000 0.012633 0.002040 0.005909 0.437414 
0.007499 0.120485 0.012417 0.008874 0.066911 0.034455 0.367461 0.012562 0.062469 0.026546 0.097214 0.000001 0.022042 0.071703 0.089362 
0.125044 0.219509 0.098315 0.000109 0.032456 0.031036 0.036144 0.233634 0.000000 0.014605 0.000000 0.000001 0.038483 0.106865 0.063799 
0.038732 0.269101 0.044950 0.164003 0.031305 0.068738 0.192599 0.003649 0.000000 0.000799 0.031014 0.025219 0.032799 0.032546 0.064546 
0.031069 0.062437 0.036071 0.315263 0.017123 0.024912 0.282211 0.001321 0.000000 0.012037 0.000000 0.000001 0.056629 0.094943 0.065982 
0.062180 0.079357 0.065853 0.003136 0.021511 0.053986 0.142583 0.007261 0.000000 0.018962 0.000000 0.397270 0.007744 0.057513 0.082642 
0.012714 0.064587 0.037393 0.145097 0.557649 0.026856 0.036232 0.006241 0.000000 0.000055 0.000000 0.000001 0.051013 0.055033 0.007127 
0.032560 0.080877 0.041926 0.000107 0.047915 0.249936 0.046348 0.083656 0.000000 0.038029 0.000000 0.017126 0.038508 0.080715 0.242297 
0.001793 0.098458 0.018558 0.001876 0.041707 0.070513 0.538782 0.003127 0.000000 0.047634 0.000000 0.000001 0.031997 0.054301 0.091253 
0.002360 0.081215 0.073561 0.003885 0.179413 0.003087 0.155991 0.025099 0.000000 0.057671 0.278219 0.000001 0.017140 0.051690 0.070667 
0.008213 0.119269 0.010051 0.067667 0.113315 0.099374 0.049473 0.018511 0.000000 0.022328 0.000000 0.093171 0.083175 0.246817 0.068635 
0.130604 0.133402 0.032079 0.088633 0.021916 0.017532 0.026964 0.024157 0.312068 0.015170 0.013532 0.000001 0.012656 0.066088 0.105196 
0.015750 0.148437 0.146685 0.007456 0.042046 0.026965 0.043506 0.042883 0.000000 0.001250 0.000000 0.014194 0.259832 0.100574 0.150422 
0.000214 0.016010 0.021785 0.006087 0.005397 0.154721 0.013148 0.012501 0.000000 0.025982 0.000000 0.000001 0.701058 0.010438 0.032657 
0.057563 0.149226 0.097382 0.025811 0.034682 0.011354 0.096122 0.112472 0.000000 0.285267 0.000000 0.013127 0.012554 0.076460 0.027980 
0.013675 0.297922 0.247514 0.006232 0.026822 0.009175 0.100861 0.038776 0.000000 0.009558 0.000000 0.000001 0.017646 0.097627 0.134189 
0.002842 0.072413 0.063485 0.000165 0.500314 0.007301 0.025888 0.075732 0.000000 0.008419 0.000000 0.030609 0.137200 0.024753 0.050880 
0.393848 0.102623 0.115460 0.012786 0.148240 0.073201 0.042791 0.004710 0.000000 0.000044 0.000000 0.000001 0.028997 0.044526 0.032773 
0.081792 0.083729 0.041350 0.003356 0.037486 0.057478 0.057618 0.068988 0.233014 0.132414 0.006331 0.000001 0.013512 0.126426 0.056507 
0.039834 0.074503 0.038044 0.015865 0.125090 0.021017 0.453442 0.006735 0.000000 0.009812 0.000000 0.060643 0.018505 0.051882 0.084627 
0.001319 0.053260 0.021026 0.006977 0.225742 0.014921 0.047412 0.004285 0.036267 0.013464 0.264247 0.000001 0.046697 0.216413 0.047971 
0.026340 0.066703 0.008478 0.000011 0.041021 0.074980 0.051130 0.180506 0.011002 0.000134 0.000000 0.347419 0.002507 0.019803 0.169966 
0.043581 0.041327 0.041043 0.000058 0.020033 0.098398 0.006793 0.006588 0.017729 0.008692 0.000000 0.072048 0.036419 0.006852 0.600439 
0.359582 0.161896 0.206478 0.000058 0.017845 0.023515 0.128210 0.014275 0.000000 0.003394 0.000000 0.000001 0.007050 0.040060 0.037637 
0.026255 0.089791 0.041789 0.012040 0.428473 0.030992 0.016456 0.006915 0.000000 0.013965 0.000000 0.000001 0.036325 0.186180 0.110817 
0.073935 0.077474 0.046686 0.005398 0.038988 0.018287 0.288511 0.017594 0.112878 0.042400 0.000000 0.084485 0.026260 0.060257 0.106848 
0.026741 0.393211 0.041396 0.000119 0.054636 0.002618 0.171815 0.010070 0.000000 0.021881 0.000000 0.007543 0.030342 0.107631 0.131997 
0.079417 0.057159 0.009326 0.119416 0.020974 0.001233 0.052560 0.030742 0.237621 0.000118 0.019750 0.190536 0.032171 0.058159 0.090819 
0.068295 0.017902 0.110323 0.001479 0.001986 0.181302 0.092505 0.013247 0.009802 0.000051 0.011197 0.000001 0.031219 0.011511 0.449181 
0.116182 0.016996 0.157281 0.404075 0.003440 0.017336 0.129503 0.001848 0.000000 0.002767 0.000000 0.015917 0.067561 0.006128 0.060965 
0.022356 0.035666 0.011249 0.540699 0.057607 0.003075 0.050080 0.024501 0.000000 0.002399 0.081893 0.000001 0.094363 0.051827 0.024284 
0.008027 0.082193 0.014395 0.000183 0.047963 0.252694 0.133406 0.136793 0.000000 0.124480 0.000000 0.027557 0.029748 0.086345 0.056217 
0.013323 0.290147 0.229820 0.022473 0.045473 0.015379 0.089494 0.029704 0.000000 0.023223 0.000000 0.000001 0.011389 0.155101 0.074474 
0.014759 0.219857 0.043503 0.031682 0.051676 0.029419 0.054693 0.153652 0.000000 0.015945 0.019495 0.000001 0.019940 0.181545 0.163832 
0.122728 0.005885 0.153005 0.138385 0.028690 0.178891 0.152267 0.008360 0.000000 0.009079 0.000000 0.000001 0.072625 0.038282 0.091802 
0.063559 0.015679 0.028578 0.022227 0.004338 0.013605 0.019170 0.006852 0.000000 0.005121 0.000000 0.019081 0.716120 0.058977 0.026692 
0.017873 0.618717 0.082216 0.003311 0.076529 0.011900 0.006709 0.019799 0.000000 0.032037 0.029385 0.000001 0.029801 0.037473 0.034248 
0.016948 0.124001 0.141599 0.016167 0.075158 0.011723 0.025486 0.099040 0.000000 0.243013 0.000000 0.039495 0.018849 0.144698 0.043822 
0.042646 0.070182 0.120724 0.035438 0.055960 0.021064 0.051452 0.016451 0.000000 0.010983 0.000000 0.000001 0.024874 0.496416 0.053807 
0.095398 0.319040 0.020288 0.004909 0.053669 0.042496 0.062553 0.025196 0.000000 0.022193 0.000000 0.109944 0.009728 0.170452 0.064133 
0.006913 0.068964 0.426343 0.008060 0.009913 0.163066 0.017695 0.015520 0.037872 0.000048 0.019393 0.000001 0.021045 0.094811 0.110356 
0.010678 0.100812 0.026415 0.031707 0.055030 0.047507 0.014696 0.059094 0.000000 0.011179 0.000000 0.165348 0.005903 0.422975 0.048656 
0.021698 0.321679 0.129113 0.043595 0.008198 0.029198 0.036878 0.114814 0.000000 0.019133 0.000000 0.000001 0.018599 0.129987 0.127106 
0.008833 0.060670 0.039591 0.054668 0.305490 0.009767 0.038138 0.038741 0.000000 0.016226 0.000000 0.014998 0.073594 0.241945 0.097337 
0.027444 0.062180 0.029805 0.013563 0.022871 0.033124 0.070859 0.531037 0.083581 0.003851 0.000000 0.000001 0.025081 0.038275 0.058328 
0.004894 0.060440 0.187437 0.017175 0.026910 0.014562 0.027882 0.037208 0.000000 0.088550 0.016253 0.000001 0.384007 0.033488 0.101194 
0.047389 0.253030 0.008954 0.006955 0.058643 0.011340 0.058068 0.119078 0.038606 0.242947 0.000000 0.000001 0.045653 0.078910 0.030428 
0.105539 0.135891 0.017246 0.007319 0.050071 0.002986 0.020856 0.025919 0.000000 0.026637 0.000000 0.407191 0.032934 0.087422 0.079989 
0.015234 0.341043 0.053784 0.259795 0.051729 0.026007 0.028310 0.032026 0.000000 0.011582 0.013543 0.000001 0.021386 0.077594 0.067967 
0.418818 0.053752 0.121036 0.011353 0.024048 0.042409 0.093030 0.003519 0.022676 0.000276 0.000000 0.031113 0.014714 0.036356 0.126901 
0.016250 0.227557 0.034560 0.008154 0.068301 0.043882 0.226749 0.079768 0.000000 0.029266 0.000000 0.000001 0.036888 0.166013 0.062610 
0.176793 0.011949 0.061208 0.005239 0.015811 0.003005 0.123784 0.016038 0.357796 0.012891 0.000000 0.000001 0.019818 0.065708 0.129959 
0.041112 0.048358 0.040662 0.005538 0.226510 0.012470 0.039223 0.007175 0.000000 0.007107 0.184831 0.000001 0.034198 0.120988 0.231825 
0.047840 0.453995 0.072910 0.008431 0.063524 0.035566 0.035343 0.039206 0.000000 0.007622 0.000000 0.010348 0.106169 0.056786 0.062260 
0.035530 0.048940 0.124602 0.025695 0.288424 0.029755 0.022625 0.016127 0.030958 0.015151 0.000000 0.000001 0.017272 0.238215 0.106705 
0.284026 0.079720 0.022415 0.006972 0.107431 0.008754 0.039090 0.066760 0.048451 0.009409 0.039316 0.000001 0.034323 0.222785 0.030548 
0.077385 0.065503 0.105131 0.000127 0.041104 0.044302 0.087846 0.022120 0.189668 0.014792 0.096480 0.000001 0.022842 0.120932 0.111767 
0.156667 0.023705 0.026398 0.001610 0.032187 0.054127 0.067135 0.016800 0.382755 0.006349 0.000000 0.000001 0.033325 0.012659 0.186280 
0.023581 0.330586 0.242686 0.000083 0.038246 0.027629 0.063697 0.047223 0.000000 0.048041 0.020199 0.000001 0.019676 0.073476 0.064876 
0.005753 0.038541 0.053679 0.005109 0.468581 0.012050 0.036520 0.011298 0.000000 0.002887 0.257436 0.000001 0.012713 0.039572 0.055860 
0.103087 0.267914 0.212713 0.013589 0.028506 0.010687 0.041571 0.027974 0.000000 0.025944 0.049690 0.012982 0.026114 0.087544 0.091685 
0.047523 0.090857 0.038537 0.002585 0.067168 0.015875 0.080286 0.276250 0.159146 0.018659 0.000000 0.000001 0.026091 0.144315 0.032707 
0.016080 0.060015 0.629358 0.028482 0.008309 0.002703 0.020295 0.013398 0.000000 0.000043 0.000000 0.010601 0.007826 0.093077 0.109812 
0.128835 0.064148 0.007697 0.004383 0.062719 0.120594 0.032010 0.014060 0.000000 0.028090 0.025648 0.031976 0.013377 0.105893 0.360570 
0.065947 0.355409 0.027597 0.002769 0.114578 0.027098 0.027918 0.015037 0.024876 0.015547 0.020449 0.000001 0.023400 0.241217 0.038158 
0.001713 0.168097 0.060818 0.054108 0.082818 0.022505 0.060534 0.013586 0.000000 0.023634 0.117436 0.019787 0.121715 0.171410 0.081840 
0.215137 0.139267 0.054549 0.000307 0.045176 0.079601 0.194481 0.005751 0.056626 0.028383 0.000000 0.000001 0.026316 0.093696 0.060708 
0.005245 0.280621 0.024780 0.007601 0.050408 0.020765 0.055821 0.101957 0.000000 0.158215 0.027106 0.011539 0.043780 0.174019 0.038145 
0.022238 0.058405 0.028606 0.044205 0.016873 0.047818 0.402372 0.001933 0.000000 0.010966 0.000000 0.017757 0.265669 0.021334 0.061823 
0.001037 0.182271 0.049847 0.006641 0.118651 0.014986 0.005556 0.025791 0.029048 0.003686 0.305546 0.000001 0.020792 0.119124 0.117025 
0.011834 0.259415 0.092803 0.006058 0.157052 0.033421 0.000927 0.000344 0.000000 0.002325 0.336621 0.009267 0.015272 0.032732 0.041928 
0.016363 0.270677 0.086934 0.277244 0.055562 0.038537 0.035846 0.009619 0.000000 0.000060 0.000000 0.081928 0.048146 0.057878 0.021206 
0.014896 0.033132 0.053355 0.009177 0.187309 0.045724 0.003534 0.008427 0.000000 0.002706 0.375426 0.000001 0.019172 0.085297 0.161845 
0.011301 0.051293 0.026422 0.023522 0.026931 0.083691 0.007889 0.021527 0.000000 0.008184 0.000000 0.065594 0.303962 0.341275 0.028407 
0.008539 0.043308 0.061502 0.012064 0.057191 0.056730 0.027960 0.383773 0.000000 0.011958 0.000000 0.000001 0.062828 0.258565 0.015581 
0.024148 0.016902 0.052339 0.010304 0.120926 0.047902 0.014040 0.003121 0.000000 0.008163 0.270806 0.000001 0.020948 0.104465 0.305936 
0.000931 0.117933 0.270023 0.045094 0.037423 0.014541 0.017943 0.014579 0.029183 0.011190 0.029383 0.000001 0.005027 0.334073 0.072676 
0.012128 0.125277 0.035356 0.019517 0.061309 0.001948 0.047245 0.021492 0.044488 0.021911 0.000000 0.000001 0.040832 0.412462 0.156033 
0.002470 0.019210 0.025736 0.000237 0.093052 0.179365 0.017731 0.328057 0.000000 0.000063 0.176320 0.000001 0.022851 0.053160 0.081746 
0.023213 0.042710 0.010078 0.075910 0.008857 0.682053 0.011333 0.007514 0.010511 0.000078 0.000000 0.003893 0.075788 0.018805 0.029255 
0.030384 0.326184 0.035277 0.000195 0.002141 0.113691 0.017496 0.304877 0.000000 0.014517 0.013704 0.000001 0.044777 0.036004 0.060753 
0.036911 0.018077 0.047455 0.009960 0.240076 0.004790 0.101868 0.024906 0.021757 0.000068 0.085002 0.072269 0.242326 0.059787 0.034749 
0.020063 0.017228 0.042509 0.111204 0.112498 0.077675 0.016004 0.000187 0.038583 0.002123 0.187774 0.000001 0.265482 0.050792 0.057878 
0.060046 0.073644 0.041441 0.000123 0.038687 0.001117 0.097405 0.000438 0.000000 0.006921 0.000000 0.000001 0.046979 0.179221 0.453977 
0.005562 0.109120 0.025924 0.016383 0.125335 0.071645 0.021341 0.063107 0.000000 0.207298 0.148459 0.000001 0.009855 0.101331 0.094639 
0.022512 0.010286 0.002517 0.186958 0.311224 0.124410 0.013962 0.004855 0.000000 0.000131 0.000000 0.000001 0.080665 0.037899 0.204579 
0.092103 0.055084 0.017814 0.003584 0.004511 0.521477 0.044371 0.015971 0.030195 0.000071 0.000000 0.000001 0.024328 0.025854 0.164636 
0.166893 0.119897 0.099665 0.010320 0.032387 0.026595 0.088436 0.087101 0.049791 0.213895 0.000000 0.000001 0.007075 0.055929 0.042015 
0.154067 0.091778 0.040777 0.015675 0.036025 0.015590 0.051916 0.088874 0.265182 0.019633 0.030731 0.000001 0.035263 0.071885 0.082603 
0.044431 0.048292 0.025056 0.001371 0.057582 0.021691 0.057512 0.237056 0.087881 0.000065 0.000000 0.353791 0.006353 0.033064 0.025854 
0.020067 0.076463 0.040472 0.029992 0.038227 0.005872 0.069045 0.010902 0.000000 0.012421 0.008530 0.000001 0.255669 0.140843 0.291496 
0.023491 0.077409 0.034405 0.000120 0.037242 0.010844 0.094889 0.000259 0.000000 0.011426 0.000000 0.000001 0.078002 0.092849 0.539063 
0.007821 0.044926 0.071878 0.015751 0.222711 0.004120 0.009390 0.002839 0.000000 0.002467 0.522366 0.013313 0.001284 0.010953 0.070181 
0.049632 0.048755 0.026661 0.005449 0.014693 0.045740 0.194359 0.414880 0.026156 0.005261 0.000000 0.009406 0.020359 0.025226 0.113422 
0.010643 0.231403 0.047340 0.067679 0.088599 0.005990 0.042657 0.040055 0.000000 0.043844 0.029170 0.000001 0.020443 0.240225 0.131952 
0.018435 0.155721 0.114286 0.007874 0.049358 0.001669 0.201899 0.232617 0.000000 0.040136 0.000000 0.005693 0.032799 0.070472 0.069040 
0.122290 0.136674 0.040016 0.005364 0.067820 0.012173 0.071189 0.033089 0.023317 0.129816 0.072436 0.029384 0.002445 0.219717 0.034269 
0.008835 0.034004 0.040986 0.442961 0.132364 0.001753 0.004636 0.007342 0.000000 0.003491 0.207455 0.000001 0.049877 0.023073 0.043222 
0.034445 0.131189 0.040386 0.010262 0.048901 0.001758 0.205024 0.050849 0.000000 0.132830 0.000000 0.000001 0.020212 0.084296 0.239846 
0.101672 0.025338 0.131498 0.000101 0.096613 0.136363 0.048456 0.014081 0.084298 0.000062 0.000000 0.000001 0.020305 0.023939 0.317271 
0.009163 0.305077 0.071646 0.053883 0.182294 0.006137 0.038368 0.016283 0.000000 0.022873 0.019144 0.000001 0.035142 0.194227 0.045764 
0.013200 0.106582 0.470082 0.000134 0.024734 0.001601 0.066195 0.002697 0.000000 0.003322 0.000000 0.000001 0.023657 0.084197 0.203598 
0.027360 0.051252 0.009725 0.003417 0.165583 0.019681 0.039735 0.013002 0.000000 0.010926 0.263251 0.238821 0.004711 0.112382 0.040154 
0.059228 0.014745 0.092334 0.178822 0.282718 0.039111 0.134896 0.034198 0.000000 0.002188 0.035625 0.000001 0.042310 0.014079 0.069745 
0.016500 0.009334 0.015380 0.091115 0.001500 0.012226 0.031400 0.025272 0.000000 0.005875 0.000000 0.011822 0.737022 0.020042 0.022514 
0.028348 0.021346 0.006219 0.000187 0.027795 0.278762 0.029186 0.004945 0.000000 0.000135 0.000000 0.270194 0.136354 0.106909 0.089618 
0.018957 0.121368 0.026407 0.117536 0.043477 0.031721 0.072453 0.078185 0.028761 0.187325 0.000000 0.010244 0.014040 0.227446 0.022081 
0.150014 0.060658 0.095125 0.026430 0.019406 0.028038 0.124696 0.273686 0.105657 0.000054 0.000000 0.000001 0.012232 0.019847 0.084155 
0.010146 0.085543 0.012892 0.012274 0.140798 0.036909 0.016752 0.141435 0.000000 0.005630 0.347816 0.022499 0.001569 0.109173 0.056564 
0.034037 0.121869 0.016432 0.025504 0.053614 0.054358 0.044090 0.026377 0.000000 0.010085 0.000000 0.000001 0.009916 0.401933 0.201785 
0.039227 0.054927 0.128862 0.072139 0.038303 0.005603 0.052821 0.033478 0.000000 0.035475 0.012304 0.000001 0.016619 0.461118 0.049123 
0.091854 0.083408 0.116525 0.031969 0.036500 0.057664 0.089199 0.022438 0.000000 0.040494 0.000000 0.000001 0.005390 0.354459 0.070099 
0.015845 0.115346 0.012421 0.008446 0.291698 0.025536 0.070157 0.023655 0.000000 0.017260 0.024512 0.150239 0.004281 0.198155 0.042450 
0.100923 0.083142 0.164899 0.449903 0.015781 0.043624 0.020573 0.007605 0.000000 0.000069 0.000000 0.000001 0.045744 0.040403 0.027332 
0.097571 0.144488 0.032480 0.000410 0.087010 0.007687 0.116804 0.057629 0.000000 0.213027 0.000000 0.000001 0.009545 0.186120 0.047227 
0.051519 0.065282 0.017061 0.000132 0.036392 0.001903 0.097147 0.007057 0.000000 0.006297 0.000000 0.000001 0.288349 0.101905 0.326956 
0.066552 0.071628 0.006065 0.000010 0.031883 0.010222 0.056097 0.027803 0.020605 0.000079 0.000000 0.670631 0.011660 0.005510 0.021252 
0.057163 0.520256 0.168532 0.034771 0.027927 0.023412 0.007152 0.018092 0.000000 0.004244 0.006765 0.036443 0.015667 0.046285 0.033290 
0.009809 0.076285 0.026198 0.121198 0.069603 0.032880 0.044484 0.023760 0.000000 0.028832 0.019517 0.000001 0.002324 0.492778 0.052330 
0.060453 0.090101 0.028332 0.008524 0.047996 0.015575 0.068274 0.232075 0.157188 0.017475 0.024177 0.025012 0.016089 0.165499 0.043231 
0.016913 0.198746 0.040236 0.294419 0.134994 0.039076 0.009072 0.007556 0.033640 0.006768 0.006917 0.000001 0.070540 0.034809 0.106312 
0.014874 0.084944 0.067222 0.036266 0.275354 0.043362 0.006324 0.019087 0.000000 0.023207 0.024077 0.000001 0.057566 0.325713 0.022003 
0.009683 0.048637 0.119378 0.039305 0.064012 0.061594 0.008695 0.301990 0.000000 0.007216 0.000000 0.008407 0.043953 0.258265 0.028864 
0.013759 0.095363 0.215115 0.000127 0.098117 0.002407 0.044263 0.022525 0.000000 0.024129 0.128950 0.127812 0.017918 0.038775 0.170738 
0.175123 0.076212 0.039215 0.031142 0.066274 0.057202 0.065550 0.021215 0.135393 0.016183 0.000000 0.000001 0.027625 0.246819 0.042046 
0.027683 0.049153 0.020653 0.013610 0.047340 0.031175 0.399645 0.042447 0.000000 0.000073 0.000000 0.000001 0.222324 0.078225 0.067669 
0.053605 0.111872 0.047666 0.002446 0.388474 0.002048 0.055380 0.004259 0.060600 0.020312 0.036185 0.000001 0.030139 0.095104 0.091909 
0.008652 0.087197 0.004388 0.004530 0.123219 0.018682 0.060657 0.120346 0.000000 0.029365 0.050005 0.075457 0.056115 0.323743 0.037644 
0.018968 0.114713 0.014223 0.229967 0.021753 0.223349 0.004576 0.010971 0.000000 0.000100 0.000000 0.053931 0.050062 0.005984 0.251402 
0.018868 0.071766 0.105390 0.000167 0.019417 0.424954 0.012223 0.019042 0.000000 0.002693 0.000000 0.006557 0.032461 0.086108 0.200354 
0.035969 0.085649 0.004602 0.263860 0.011444 0.157696 0.014126 0.009746 0.009198 0.000069 0.000000 0.319433 0.061649 0.016947 0.009612 
0.094381 0.026941 0.087305 0.023653 0.003136 0.060157 0.089014 0.027128 0.000000 0.039617 0.000000 0.000001 0.022491 0.016666 0.509511 
0.037648 0.205621 0.005051 0.000101 0.090886 0.009786 0.067907 0.164524 0.000000 0.006799 0.020562 0.213326 0.023413 0.069597 0.084778 
0.031325 0.351995 0.030289 0.004331 0.060872 0.014436 0.045169 0.009179 0.013970 0.008725 0.000000 0.130361 0.050376 0.155857 0.093113 
0.010294 0.052837 0.137757 0.002139 0.348228 0.056180 0.064635 0.045330 0.000000 0.003969 0.021551 0.000001 0.016758 0.104227 0.136094 
0.008261 0.206931 0.032717 0.000246 0.084951 0.016951 0.030517 0.081619 0.000000 0.027085 0.012414 0.072582 0.014751 0.325843 0.085131 
0.009071 0.078639 0.013244 0.008997 0.040159 0.091066 0.047177 0.152987 0.042365 0.006681 0.072000 0.012039 0.265331 0.080874 0.079371 
0.090273 0.037262 0.145550 0.027351 0.044701 0.005132 0.055438 0.000386 0.142341 0.002200 0.000000 0.000001 0.282584 0.097866 0.068914 
