-1976979.683516
0
0.000157 0.001528 0.000000 0.000498 0.001556 0.000000 0.000000 0.001566 0.011994 0.077710 0.000000 0.044826 0.000317 0.000000 0.001868 0.000997 0.000000 0.000000 0.000762 0.001147 0.000000 0.000000 0.000495 0.000000 0.000000 0.002501 0.000000 0.002532 0.000000 0.000534 0.000533 0.000000 0.064244 0.159320 0.016397 0.119125 0.000000 0.001977 0.000540 0.001610 0.000000 0.000000 0.000000 0.001126 0.000000 0.000746 0.000235 0.000000 0.000000 0.000000 0.000000 0.000000 0.000000 0.000000 0.000000 0.000000 0.015537 0.070407 0.000000 0.056048 0.000000 0.000000 0.000495 0.000000 0.000000 0.000000 0.000000 0.006553 0.000000 0.000000 0.002097 0.000000 0.000000 0.003312 0.000000 0.000000 0.000000 0.001288 0.000000 0.000000 0.000000 0.213263 0.034968 0.072689 0.000000 0.000131 0.000307 0.003889 0.000000 0.000000 0.001147 0.000000 0.000000 0.001028 0.000000 0.000000 
0.011619 0.010147 0.000136 0.006139 0.011367 0.005355 0.000000 0.010524 0.016839 0.003326 0.001692 0.010034 0.011500 0.010251 0.009084 0.015634 0.056281 0.025083 0.043792 0.043110 0.012050 0.002645 0.006572 0.006045 0.007458 0.008965 0.000803 0.003593 0.004963 0.005349 0.000519 0.008724 0.016502 0.003449 0.000534 0.019530 0.007502 0.012964 0.008297 0.010484 0.024259 0.027758 0.032192 0.026579 0.006743 0.007211 0.010846 0.000000 0.000000 0.005858 0.000000 0.000000 0.004820 0.004475 0.000000 0.007391 0.013324 0.006523 0.000000 0.011924 0.004546 0.004700 0.005020 0.005901 0.028246 0.016705 0.026356 0.024536 0.003180 0.002469 0.005249 0.003706 0.006221 0.004953 0.000651 0.000214 0.000000 0.003765 0.000000 0.000000 0.000000 0.000000 0.000000 0.002155 0.014991 0.012353 0.009324 0.016084 0.032615 0.025252 0.022732 0.032425 0.016953 0.006481 0.007691 0.015764 
0.053796 0.029778 0.010164 0.031636 0.007761 0.005346 0.004417 0.008743 0.010714 0.002203 0.001907 0.008155 0.005163 0.003498 0.009003 0.005523 0.004244 0.000216 0.002444 0.004680 0.000000 0.000000 0.004234 0.000000 0.071079 0.042284 0.011733 0.041677 0.008175 0.009660 0.006769 0.011731 0.010724 0.003506 0.008279 0.010255 0.006021 0.010411 0.022936 0.012441 0.000787 0.002043 0.001636 0.000000 0.000000 0.000851 0.005106 0.000000 0.081314 0.030194 0.013935 0.052520 0.006513 0.005780 0.003278 0.005892 0.002804 0.000000 0.000000 0.000031 0.005570 0.004987 0.008786 0.008797 0.000000 0.000000 0.002159 0.000026 0.000599 0.000000 0.009054 0.000709 0.050975 0.052050 0.012026 0.076549 0.000000 0.009866 0.002358 0.002498 0.001841 0.000000 0.000000 0.003682 0.006067 0.005108 0.005877 0.009346 0.000000 0.001485 0.000601 0.000000 0.000000 0.001992 0.003001 0.000000 
0.000617 0.000000 0.000000 0.000000 0.000000 0.000000 0.000000 0.000000 0.004853 0.000000 0.004226 0.000000 0.000405 0.000000 0.000000 0.000549 0.000000 0.000000 0.000000 0.000900 0.000000 0.000000 0.000000 0.000000 0.001599 0.000000 0.000000 0.000000 0.000000 0.000000 0.000000 0.000000 0.022635 0.000000 0.009174 0.006310 0.000000 0.000000 0.000000 0.000000 0.000409 0.000000 0.000000 0.000346 0.000000 0.000000 0.000000 0.000000 0.000000 0.000000 0.000000 0.000000 0.000000 0.000000 0.000000 0.000000 0.001456 0.000000 0.000000 0.000000 0.000000 0.000000 0.000000 0.000248 0.000000 0.000000 0.000000 0.001072 0.000000 0.000000 0.000000 0.000343 0.011575 0.006962 0.002013 0.007581 0.012111 0.000000 0.000645 0.034593 0.458356 0.110977 0.066082 0.231582 0.000000 0.000000 0.000000 0.000494 0.000497 0.000000 0.000000 0.000607 0.000000 0.000134 0.000649 0.000000 
0.000000 0.000000 0.000000 0.005013 0.000759 0.000549 0.000000 0.000000 0.009796 0.002573 0.012277 0.006833 0.000000 0.001106 0.000000 0.002647 0.000000 0.005078 0.000000 0.000000 0.000000 0.009929 0.004559 0.040738 0.000000 0.000000 0.000000 0.003100 0.001383 0.000000 0.000000 0.001130 0.015795 0.000000 0.012516 0.006344 0.000000 0.008153 0.002674 0.035534 0.005433 0.040418 0.024618 0.114753 0.000000 0.022221 0.015252 0.311396 0.004496 0.001862 0.000000 0.006633 0.000000 0.000000 0.000000 0.001498 0.000000 0.000000 0.004564 0.000000 0.000000 0.003381 0.002966 0.005596 0.000000 0.007050 0.000000 0.004844 0.000000 0.010034 0.006254 0.075235 0.001195 0.000003 0.001332 0.000000 0.000000 0.000000 0.000000 0.002339 0.000000 0.005046 0.000273 0.012433 0.000588 0.000745 0.000000 0.002598 0.000000 0.006876 0.003258 0.008729 0.000000 0.011480 0.005559 0.080552 
0.001169 0.000000 0.000300 0.007265 0.000000 0.000000 0.000000 0.000000 0.000002 0.000000 0.015052 0.003842 0.000000 0.000000 0.000000 0.000293 0.002018 0.004962 0.001328 0.002391 0.000000 0.004688 0.001213 0.014815 0.002609 0.000000 0.000000 0.011183 0.000000 0.000000 0.000000 0.000000 0.000003 0.000000 0.010626 0.000283 0.000000 0.000000 0.000000 0.000000 0.000000 0.000992 0.000000 0.000000 0.002465 0.000607 0.001303 0.013609 0.003114 0.002108 0.001276 0.007594 0.000000 0.000000 0.000000 0.000000 0.000000 0.005464 0.023463 0.007650 0.000000 0.000000 0.000000 0.000000 0.005516 0.008148 0.004558 0.014084 0.000000 0.001234 0.000377 0.000762 0.045493 0.010460 0.003205 0.346142 0.000000 0.000000 0.000000 0.000000 0.000000 0.020942 0.233869 0.036562 0.000000 0.000473 0.000000 0.002813 0.003430 0.010130 0.005163 0.010768 0.006436 0.008492 0.001795 0.065462 
0.000000 0.000859 0.000000 0.000000 0.007186 0.001452 0.001574 0.004586 0.002533 0.002526 0.000000 0.000001 0.000000 0.000000 0.000000 0.000000 0.000000 0.000000 0.000000 0.000000 0.000000 0.001016 0.000422 0.000000 0.000996 0.000000 0.000532 0.000001 0.009288 0.000000 0.000000 0.007412 0.001435 0.000000 0.000004 0.000003 0.000000 0.000000 0.000000 0.000000 0.000000 0.000000 0.000000 0.000000 0.000000 0.000213 0.000624 0.000000 0.000000 0.000000 0.000722 0.000000 0.001829 0.001281 0.000000 0.005395 0.003641 0.001574 0.000000 0.000000 0.000000 0.000858 0.001706 0.000000 0.000000 0.000000 0.000000 0.000001 0.000000 0.000000 0.000000 0.000000 0.048085 0.017360 0.001332 0.011033 0.307617 0.073358 0.010729 0.389761 0.077015 0.000000 0.000000 0.004037 0.000000 0.000000 0.000000 0.000000 0.000000 0.000000 0.000000 0.000000 0.000000 0.000000 0.000000 0.000000 
0.000000 0.003289 0.000267 0.010391 0.000000 0.001002 0.000000 0.000909 0.032761 0.020169 0.107911 0.016416 0.000710 0.003751 0.000000 0.005605 0.006755 0.007512 0.017290 0.004146 0.000000 0.000980 0.000000 0.002428 0.007763 0.018641 0.005224 0.077488 0.000000 0.000000 0.000000 0.000000 0.006180 0.008793 0.071027 0.008697 0.000000 0.002096 0.000000 0.000000 0.004472 0.005253 0.022215 0.002522 0.000000 0.003534 0.003922 0.000000 0.000000 0.007370 0.000760 0.029662 0.000000 0.001169 0.000000 0.000000 0.063976 0.085693 0.136244 0.064844 0.000000 0.002344 0.000423 0.001955 0.012497 0.017927 0.013672 0.007152 0.000000 0.001631 0.001572 0.005886 0.000000 0.006053 0.000736 0.005642 0.000000 0.000000 0.000000 0.000000 0.000000 0.000000 0.020564 0.000603 0.000238 0.000527 0.000000 0.000000 0.003952 0.006322 0.008518 0.001669 0.000000 0.000000 0.000281 0.000000 
0.289378 0.104517 0.059528 0.097699 0.009572 0.056299 0.000182 0.382825 
0.185880 0.038009 0.496662 0.119969 0.017692 0.066623 0.005805 0.069361 
0.035048 0.138275 0.243815 0.041772 0.003888 0.066674 0.015377 0.455151 
0.185400 0.080705 0.281582 0.029217 0.295070 0.038185 0.004130 0.085711 
0.147885 0.245094 0.079968 0.084063 0.019047 0.067235 0.015557 0.341150 
0.077155 0.106449 0.017335 0.018909 0.048620 0.038162 0.000017 0.693353 
0.191839 0.336779 0.251576 0.059667 0.016693 0.007584 0.010080 0.125782 
0.013914 0.081078 0.025647 0.805680 0.000316 0.000884 0.057939 0.014541 
0.452030 0.061522 0.108571 0.197573 0.005505 0.003115 0.130355 0.041329 
0.016926 0.191565 0.042771 0.021525 0.158226 0.315293 0.140312 0.113382 
0.156914 0.021829 0.016982 0.025329 0.025494 0.000958 0.140027 0.612468 
0.144524 0.447498 0.061087 0.145260 0.040845 0.132383 0.020928 0.007475 
0.068669 0.346760 0.055543 0.320277 0.012542 0.007606 0.033645 0.154957 
0.207307 0.153668 0.072069 0.027498 0.046106 0.233526 0.000894 0.258933 
0.069306 0.047157 0.021514 0.645775 0.008611 0.000600 0.044559 0.162478 
0.070111 0.636429 0.067905 0.111254 0.045142 0.011879 0.015988 0.041292 
0.032046 0.575716 0.120316 0.045923 0.044944 0.024426 0.031081 0.125546 
0.263017 0.188969 0.107215 0.127592 0.095013 0.016831 0.038294 0.163070 
0.272803 0.060293 0.258049 0.299592 0.017787 0.009348 0.070155 0.011975 
0.026543 0.223899 0.366506 0.022594 0.017278 0.047936 0.006993 0.288251 
0.069743 0.036982 0.037367 0.039320 0.020103 0.083518 0.000227 0.712740 
0.080286 0.079214 0.045508 0.316149 0.008800 0.014394 0.026801 0.428848 
0.008040 0.108768 0.554095 0.031480 0.083651 0.078455 0.117555 0.017955 
0.192484 0.069648 0.076541 0.014035 0.010349 0.066443 0.005407 0.565092 
0.042183 0.342746 0.078398 0.011455 0.002974 0.078771 0.003951 0.439523 
0.055726 0.132002 0.079208 0.044191 0.012004 0.055295 0.061019 0.560557 
0.048409 0.005239 0.303041 0.022315 0.020765 0.032604 0.001843 0.565784 
0.067568 0.423048 0.055724 0.080555 0.113215 0.128561 0.024229 0.107101 
0.031331 0.031399 0.006404 0.019662 0.001072 0.813414 0.015697 0.081021 
0.128774 0.303348 0.286899 0.016810 0.017386 0.005164 0.033304 0.208315 
0.098533 0.423003 0.262430 0.074826 0.013695 0.000270 0.094844 0.032399 
0.130974 0.459281 0.120591 0.032374 0.046469 0.025752 0.021570 0.162989 
0.043821 0.076646 0.043142 0.023469 0.007886 0.021962 0.003675 0.779400 
0.098731 0.126369 0.084908 0.170094 0.003183 0.039882 0.101269 0.375564 
0.051499 0.327773 0.037958 0.376881 0.057418 0.048978 0.044409 0.055083 
0.029832 0.302716 0.013628 0.266630 0.020337 0.222720 0.089020 0.055117 
0.118298 0.486826 0.099575 0.030590 0.043823 0.130598 0.017353 0.072937 
0.039965 0.209256 0.093158 0.066539 0.287813 0.023332 0.037101 0.242836 
0.116478 0.471222 0.064019 0.026321 0.024244 0.202084 0.001462 0.094172 
0.412896 0.157356 0.196741 0.037404 0.029692 0.091258 0.009591 0.065062 
0.083766 0.042047 0.253877 0.009455 0.019034 0.075119 0.001484 0.515219 
0.171275 0.478475 0.127314 0.078728 0.053015 0.008099 0.014771 0.068322 
0.543612 0.124670 0.109427 0.047458 0.004270 0.002638 0.024518 0.143406 
0.205352 0.379301 0.196964 0.027435 0.024790 0.000883 0.041693 0.123582 
0.541866 0.002886 0.011714 0.049297 0.002686 0.009533 0.269034 0.112983 
0.039049 0.287914 0.322492 0.015749 0.172381 0.019010 0.014992 0.128414 
0.466349 0.152008 0.032728 0.274392 0.010052 0.021012 0.018144 0.025314 
0.268636 0.153072 0.046590 0.098921 0.010516 0.002488 0.000078 0.419698 
0.020583 0.275006 0.113377 0.053495 0.034869 0.021523 0.299944 0.181203 
0.098984 0.484650 0.030624 0.019494 0.106953 0.088365 0.007735 0.163195 
0.149565 0.271157 0.122361 0.185932 0.028664 0.147103 0.048955 0.046264 
0.063124 0.406681 0.096751 0.177304 0.032841 0.129072 0.024271 0.069956 
0.059759 0.129677 0.041209 0.028707 0.018491 0.301174 0.011026 0.409956 
0.058214 0.120709 0.144309 0.011913 0.053023 0.054386 0.010120 0.547326 
0.258969 0.442435 0.114525 0.036770 0.039172 0.001781 0.042494 0.063854 
0.046652 0.077848 0.146472 0.402746 0.005768 0.000675 0.278041 0.041796 
0.190553 0.007086 0.055408 0.057324 0.065009 0.034982 0.004018 0.585621 
0.031128 0.066097 0.023815 0.034956 0.597820 0.164090 0.019653 0.062441 
0.069520 0.139855 0.178768 0.378351 0.015239 0.024822 0.041667 0.151779 
0.043817 0.064522 0.164862 0.020813 0.346858 0.212368 0.053592 0.093168 
0.467072 0.016944 0.016107 0.024002 0.017460 0.054192 0.000018 0.404204 
0.079322 0.169283 0.187219 0.035187 0.015493 0.065915 0.010694 0.436887 
0.069377 0.346272 0.051938 0.046974 0.242706 0.010307 0.004465 0.227962 
0.087947 0.304772 0.041138 0.055712 0.004652 0.065098 0.168028 0.272652 
0.058022 0.127899 0.029604 0.065661 0.005162 0.036754 0.337919 0.338979 
0.102749 0.137841 0.034487 0.022545 0.009389 0.466693 0.004424 0.221871 
0.007090 0.062496 0.596200 0.055032 0.005326 0.050000 0.150304 0.073551 
0.412661 0.176310 0.070129 0.102280 0.089713 0.044286 0.000221 0.104400 
0.101077 0.166338 0.052779 0.058954 0.008102 0.074214 0.003693 0.534842 
0.044399 0.194945 0.463596 0.018224 0.027485 0.032573 0.004841 0.213938 
0.124550 0.269304 0.217049 0.109287 0.023653 0.123481 0.079674 0.053002 
0.097734 0.167417 0.126309 0.016496 0.029225 0.038760 0.092031 0.432026 
0.146338 0.245639 0.087545 0.255599 0.046235 0.017476 0.031483 0.169685 
0.095966 0.057901 0.009079 0.753818 0.013370 0.007942 0.052542 0.009382 
0.010147 0.503012 0.042094 0.016395 0.138686 0.080351 0.028029 0.181285 
0.104631 0.446179 0.051499 0.026831 0.038921 0.002399 0.009348 0.320191 
0.030445 0.083867 0.520251 0.127338 0.075444 0.083174 0.011334 0.068147 
0.069663 0.100507 0.173607 0.050775 0.015471 0.010036 0.014871 0.565071 
0.084832 0.283093 0.156977 0.029256 0.085075 0.048198 0.004274 0.308295 
0.053810 0.071702 0.143170 0.027226 0.011352 0.151338 0.017942 0.523461 
0.050199 0.146867 0.661934 0.049109 0.006485 0.000872 0.011623 0.072910 
0.216655 0.073396 0.033847 0.020322 0.192594 0.397018 0.000019 0.066149 
0.646020 0.059862 0.020705 0.061241 0.005855 0.079953 0.000142 0.126223 
0.032608 0.206870 0.026219 0.019554 0.024025 0.004987 0.000174 0.685564 
0.107753 0.167012 0.551265 0.039622 0.008058 0.026350 0.016727 0.083214 
0.082129 0.133993 0.073702 0.033531 0.022886 0.156949 0.007978 0.488832 
0.092894 0.502797 0.066835 0.033522 0.010519 0.034924 0.003913 0.254595 
0.070689 0.060271 0.121069 0.030194 0.035036 0.235891 0.125740 0.321110 
0.554125 0.029199 0.013432 0.077260 0.015953 0.001246 0.001211 0.307575 
0.043967 0.031392 0.005092 0.070809 0.005138 0.030371 0.419801 0.393431 
0.013165 0.058566 0.155288 0.084910 0.027697 0.002310 0.568183 0.089881 
0.210117 0.267671 0.057368 0.103379 0.146668 0.093080 0.000221 0.121496 
0.055792 0.493050 0.088487 0.020899 0.030148 0.022060 0.025929 0.263635 
0.162332 0.390881 0.114660 0.025487 0.159450 0.001161 0.038373 0.107658 
0.203734 0.043968 0.047488 0.130434 0.013798 0.025523 0.145725 0.389331 
0.020345 0.057668 0.021429 0.667504 0.009826 0.020718 0.094657 0.107853 
0.022335 0.749627 0.103108 0.034386 0.017335 0.007376 0.005527 0.060306 
0.027245 0.506218 0.126395 0.021064 0.114912 0.089955 0.020465 0.093746 
0.061343 0.378579 0.278890 0.029750 0.030020 0.000403 0.054253 0.166762 
0.077601 0.471680 0.084080 0.019914 0.027736 0.141243 0.008309 0.169436 
0.222981 0.237187 0.091664 0.071335 0.017753 0.011609 0.008175 0.339296 
0.087659 0.367340 0.232586 0.014542 0.068770 0.170759 0.046933 0.011412 
0.123620 0.499738 0.025793 0.026808 0.117166 0.007237 0.048521 0.151118 
0.084190 0.153276 0.469535 0.068166 0.046121 0.035410 0.067341 0.075960 
0.063584 0.089494 0.027258 0.033092 0.569710 0.033121 0.014487 0.169255 
0.087564 0.229650 0.062523 0.363401 0.041706 0.021641 0.049586 0.143930 
0.012570 0.552202 0.073053 0.047513 0.139165 0.048918 0.011364 0.115214 
0.071396 0.217190 0.065650 0.030878 0.027263 0.460549 0.012849 0.114225 
0.068295 0.448048 0.073887 0.024321 0.031766 0.008330 0.268659 0.076695 
0.125300 0.066072 0.041105 0.027101 0.011018 0.045981 0.014587 0.668836 
0.063975 0.354786 0.114261 0.053760 0.087375 0.040873 0.013493 0.271478 
0.098125 0.040520 0.106256 0.025638 0.023632 0.037294 0.007405 0.661129 
0.212310 0.112884 0.484893 0.032696 0.009016 0.000850 0.009826 0.137525 
0.059141 0.545565 0.057600 0.116098 0.037886 0.028836 0.017207 0.137666 
0.109769 0.169207 0.469869 0.022414 0.020300 0.021633 0.032520 0.154287 
0.022790 0.198350 0.265821 0.035717 0.079971 0.000538 0.011628 0.385185 
0.129354 0.147799 0.264265 0.036602 0.027415 0.011050 0.001780 0.381735 
0.197849 0.009173 0.089392 0.046357 0.020488 0.067922 0.003010 0.565808 
0.057972 0.517864 0.073557 0.035071 0.048474 0.012381 0.000854 0.253826 
0.046861 0.060441 0.762941 0.012530 0.011781 0.023775 0.004249 0.077421 
0.070810 0.443701 0.087341 0.032504 0.029045 0.018464 0.017167 0.300968 
0.029916 0.174381 0.183926 0.032189 0.302091 0.019978 0.004949 0.252570 
0.065944 0.250902 0.064251 0.022630 0.013729 0.012442 0.031078 0.539023 
0.428236 0.146048 0.129790 0.039133 0.016280 0.042965 0.005308 0.192239 
0.044721 0.547906 0.218441 0.030299 0.016961 0.006888 0.006418 0.128365 
0.076963 0.333960 0.259600 0.126709 0.015799 0.018386 0.069144 0.099440 
0.101905 0.214946 0.078933 0.048968 0.012527 0.029570 0.002692 0.510459 
0.026594 0.581337 0.107739 0.049834 0.117192 0.045502 0.015338 0.056464 
0.047373 0.071446 0.019837 0.306332 0.005516 0.051354 0.063524 0.434619 
0.119257 0.311935 0.482853 0.020346 0.024378 0.000250 0.009947 0.031034 
0.063147 0.379955 0.484618 0.024558 0.000196 0.004997 0.006794 0.035734 
0.035371 0.351972 0.063943 0.057469 0.006834 0.109089 0.285804 0.089517 
0.190386 0.093921 0.625631 0.025479 0.008885 0.000213 0.010873 0.044613 
0.076205 0.246657 0.193417 0.325108 0.028793 0.055209 0.058746 0.015865 
0.052022 0.201690 0.178952 0.081475 0.421274 0.002434 0.023641 0.038511 
0.330749 0.080716 0.460443 0.027289 0.004027 0.000190 0.013183 0.083403 
0.072380 0.416945 0.230682 0.011778 0.016298 0.003214 0.055879 0.192824 
0.133016 0.399101 0.245683 0.037589 0.029812 0.000720 0.033121 0.120957 
0.217037 0.058472 0.290547 0.068855 0.345317 0.002893 0.000235 0.016644 
0.482077 0.061558 0.007086 0.297520 0.006573 0.039132 0.067868 0.038186 
0.131705 0.412021 0.007623 0.075802 0.307544 0.010301 0.002843 0.052161 
0.012679 0.019207 0.375930 0.238393 0.028628 0.103180 0.030044 0.191939 
0.099466 0.043023 0.360863 0.279074 0.000222 0.000428 0.135589 0.081336 
0.399566 0.170429 0.115365 0.043504 0.002053 0.000397 0.010874 0.257813 
0.124362 0.378697 0.305510 0.022944 0.082345 0.044177 0.017724 0.024240 
0.271571 0.009358 0.318299 0.099604 0.003052 0.049443 0.199412 0.049262 
0.542472 0.068466 0.006943 0.162610 0.017909 0.026691 0.000178 0.174731 
0.037361 0.404631 0.043243 0.015825 0.107627 0.041255 0.011229 0.338829 
0.074134 0.131570 0.157964 0.040558 0.099960 0.026222 0.018795 0.450796 
0.034032 0.040501 0.085531 0.011693 0.255783 0.422740 0.001501 0.148219 
0.262245 0.174439 0.097123 0.239059 0.012934 0.004418 0.056472 0.153309 
0.490263 0.137201 0.074420 0.074989 0.000215 0.000381 0.009479 0.213051 
0.067613 0.096160 0.757316 0.001164 0.003375 0.003504 0.014910 0.055958 
0.118672 0.069060 0.014995 0.033559 0.436095 0.035275 0.005489 0.286855 
0.106451 0.454893 0.195336 0.018373 0.042564 0.014350 0.078665 0.089369 
0.031914 0.259321 0.056466 0.037098 0.248180 0.054396 0.010785 0.301841 
0.026149 0.419596 0.211118 0.004830 0.043407 0.059227 0.009151 0.226521 
0.037826 0.062268 0.358664 0.034170 0.007215 0.000259 0.463605 0.035993 
0.177363 0.330381 0.061252 0.022603 0.062333 0.029814 0.013967 0.302286 
0.386550 0.028588 0.127989 0.054231 0.016085 0.036590 0.000171 0.349796 
0.027562 0.469814 0.288384 0.037162 0.017087 0.006892 0.060898 0.092201 
0.146182 0.276662 0.061836 0.036382 0.003157 0.000416 0.001868 0.473497 
0.050565 0.107023 0.509610 0.007358 0.015745 0.256693 0.004378 0.048628 
0.065205 0.008977 0.322612 0.051108 0.033687 0.052520 0.184504 0.281387 
0.016356 0.025885 0.004151 0.696978 0.026333 0.020425 0.156023 0.053850 
0.285373 0.076270 0.072871 0.207523 0.009604 0.313561 0.014283 0.020515 
0.029948 0.436674 0.124527 0.018726 0.102329 0.061286 0.127890 0.098620 
0.079058 0.057543 0.036437 0.021947 0.293842 0.024231 0.027191 0.459751 
0.084494 0.173961 0.532209 0.006022 0.144453 0.018471 0.012843 0.027547 
0.233468 0.367605 0.209144 0.019053 0.032351 0.000405 0.037953 0.100021 
0.040669 0.363204 0.278633 0.016860 0.048620 0.000433 0.092679 0.158904 
0.106000 0.357310 0.184501 0.019996 0.032183 0.000389 0.042005 0.257616 
0.042730 0.193607 0.422010 0.008685 0.027634 0.208582 0.009879 0.086873 
0.047606 0.148891 0.022311 0.051575 0.009490 0.014633 0.464944 0.240550 
0.022990 0.480561 0.135219 0.010973 0.069453 0.056929 0.002581 0.221294 
0.283878 0.124059 0.072820 0.274650 0.009144 0.000957 0.025186 0.209306 
0.022779 0.056940 0.014035 0.015820 0.031296 0.769287 0.000017 0.089826 
0.034332 0.651023 0.036552 0.025927 0.014830 0.048782 0.034657 0.153897 
0.079659 0.346100 0.314420 0.004159 0.034996 0.006218 0.150350 0.064098 
0.044001 0.184711 0.195823 0.020964 0.254370 0.047541 0.011071 0.241519 
0.116149 0.240455 0.167348 0.070214 0.006988 0.013671 0.306743 0.078431 
0.045812 0.257806 0.501980 0.065947 0.025855 0.014090 0.048477 0.040034 
0.077154 0.231716 0.189536 0.059467 0.332599 0.014690 0.050102 0.044734 
0.145277 0.231532 0.252226 0.022887 0.023228 0.132731 0.001042 0.191076 
0.083084 0.213502 0.214094 0.042392 0.030209 0.017757 0.039306 0.359657 
0.046542 0.061287 0.091934 0.254209 0.049436 0.025472 0.030584 0.440536 
0.056839 0.154142 0.517685 0.029195 0.005975 0.022391 0.005302 0.208471 
0.038040 0.266522 0.335347 0.059127 0.142486 0.087540 0.013387 0.057551 
0.405373 0.132152 0.013909 0.098318 0.009479 0.074937 0.234158 0.031673 
0.527263 0.167662 0.044573 0.137780 0.020101 0.020935 0.000159 0.081527 
0.107514 0.097567 0.005915 0.109740 0.009122 0.388006 0.265708 0.016427 
0.508823 0.096229 0.005325 0.036852 0.033022 0.006034 0.025682 0.288032 
0.071605 0.256292 0.113769 0.026315 0.172375 0.257573 0.001261 0.100811 
0.082895 0.492498 0.095056 0.052469 0.008168 0.155585 0.011727 0.101601 
0.148886 0.099984 0.451077 0.030505 0.049246 0.031843 0.003261 0.185197 
0.080698 0.451998 0.225279 0.017987 0.090387 0.078629 0.005465 0.049558 
0.122662 0.133836 0.158757 0.291765 0.163229 0.015966 0.029863 0.083921 
0.043716 0.087952 0.147050 0.274111 0.000560 0.014514 0.052667 0.379430 
0.077100 0.328996 0.091624 0.105941 0.059194 0.001115 0.213651 0.122379 
0.421832 0.223205 0.115655 0.128893 0.007071 0.018131 0.000122 0.085090 
0.052454 0.591990 0.197793 0.037965 0.057324 0.002297 0.038563 0.021614 
0.114771 0.090894 0.324457 0.021295 0.021535 0.024924 0.005093 0.397032 
0.053498 0.242475 0.484978 0.026095 0.011617 0.053333 0.005988 0.122016 
0.058060 0.011189 0.008093 0.017053 0.006668 0.829735 0.009473 0.059728 
0.105294 0.095188 0.032545 0.034603 0.036866 0.417375 0.000291 0.277837 
0.369934 0.260795 0.099504 0.023582 0.007506 0.000369 0.027898 0.210411 
0.026363 0.118880 0.026457 0.090629 0.010311 0.001248 0.263623 0.462488 
0.019650 0.352308 0.079259 0.023394 0.377633 0.050483 0.004836 0.092437 
0.056896 0.109484 0.107742 0.033183 0.020067 0.039675 0.004583 0.628369 
0.447948 0.169236 0.073512 0.073390 0.012415 0.006211 0.009326 0.207961 
0.028823 0.637707 0.038190 0.029855 0.029161 0.016898 0.007255 0.212112 
0.039817 0.485007 0.314766 0.021985 0.049249 0.000766 0.029372 0.059038 
0.020813 0.541185 0.068087 0.012138 0.220136 0.060901 0.004653 0.072085 
0.063088 0.322555 0.110501 0.143723 0.004097 0.000430 0.261812 0.093793 
0.071691 0.142492 0.076822 0.035795 0.003461 0.062892 0.027892 0.578955 
0.052919 0.073798 0.235059 0.066217 0.005888 0.023960 0.093187 0.448971 
0.049049 0.319387 0.266229 0.024413 0.021343 0.000966 0.054638 0.263975 
0.076898 0.401578 0.263579 0.015821 0.033969 0.000620 0.049963 0.157571 
0.084034 0.299006 0.149286 0.035928 0.020060 0.058227 0.018418 0.335042 
0.061104 0.117161 0.065857 0.022195 0.444949 0.039065 0.002263 0.247406 
0.027966 0.391665 0.141677 0.033147 0.025959 0.028738 0.292632 0.058216 
0.020405 0.070320 0.059772 0.019583 0.095447 0.232749 0.001060 0.500664 
0.082999 0.184547 0.059292 0.044087 0.211753 0.016047 0.011369 0.389905 
0.057530 0.134722 0.065105 0.025999 0.024837 0.198645 0.007312 0.485850 
0.155173 0.397504 0.113879 0.070489 0.077808 0.053967 0.019866 0.111314 
0.056432 0.054868 0.034802 0.018967 0.070957 0.335751 0.000151 0.428073 
0.033653 0.098509 0.072998 0.046838 0.035019 0.605788 0.083853 0.023343 
0.080709 0.488244 0.120835 0.032516 0.008910 0.012462 0.043320 0.213005 
0.183946 0.093635 0.050007 0.028984 0.009324 0.044452 0.045125 0.544527 
0.093573 0.270847 0.045602 0.032699 0.068552 0.045996 0.242780 0.199951 
0.044257 0.093155 0.101240 0.572750 0.007159 0.005719 0.046062 0.129658 
0.047955 0.392054 0.180703 0.012169 0.113477 0.038162 0.009696 0.205783 
0.020800 0.143902 0.402413 0.022913 0.134288 0.016994 0.010556 0.248135 
0.044076 0.066169 0.166893 0.176730 0.019489 0.019094 0.058837 0.448711 
0.665273 0.008952 0.033524 0.126147 0.005788 0.004214 0.006314 0.149788 
0.110779 0.196971 0.089951 0.085173 0.055978 0.130301 0.006507 0.324340 
0.014879 0.252620 0.023622 0.384344 0.066715 0.074725 0.039335 0.143760 
0.046837 0.532488 0.216141 0.040645 0.067360 0.006451 0.051026 0.039053 
0.029780 0.121018 0.054975 0.009300 0.024086 0.013133 0.012762 0.734945 
0.046569 0.305762 0.179482 0.023571 0.298160 0.001968 0.121906 0.022583 
0.044697 0.031935 0.577504 0.111619 0.044336 0.082266 0.026012 0.081631 
0.025207 0.076754 0.673176 0.010415 0.020647 0.057621 0.001790 0.134389 
0.030647 0.056246 0.069542 0.217556 0.182500 0.375050 0.029182 0.039275 
0.081429 0.054915 0.025230 0.018358 0.046054 0.562880 0.002154 0.208981 
0.038514 0.468151 0.118699 0.033448 0.043518 0.019043 0.017328 0.261300 
0.137744 0.222859 0.010244 0.032354 0.351978 0.152714 0.005415 0.086693 
0.169667 0.141311 0.204574 0.026936 0.030301 0.039155 0.027452 0.360604 
0.287759 0.060836 0.027242 0.356248 0.006681 0.035437 0.006545 0.219252 
0.066112 0.036596 0.076750 0.039881 0.019303 0.031538 0.381822 0.347998 
0.021631 0.113395 0.331783 0.014843 0.020368 0.406435 0.053802 0.037741 
0.184891 0.220781 0.064554 0.269040 0.052971 0.006284 0.043429 0.158050 
0.472197 0.018498 0.019036 0.254379 0.002226 0.005971 0.123277 0.104417 
0.070601 0.290691 0.181820 0.016942 0.028037 0.011018 0.025685 0.375205 
0.055316 0.126755 0.174005 0.062241 0.118642 0.254581 0.019163 0.189296 
0.049113 0.192426 0.041828 0.033436 0.003569 0.292196 0.143105 0.244327 
0.206524 0.172968 0.037072 0.081638 0.015985 0.027944 0.033957 0.423911 
0.138074 0.330346 0.171673 0.025719 0.077968 0.064223 0.009843 0.182154 
0.117280 0.104417 0.164837 0.037761 0.142276 0.049081 0.002478 0.381871 
0.112590 0.009907 0.082835 0.036084 0.021997 0.073486 0.000115 0.662986 
0.046578 0.294571 0.057182 0.018159 0.037578 0.022749 0.003127 0.520057 
0.101013 0.006593 0.025002 0.120656 0.008244 0.058666 0.443986 0.235840 
0.082860 0.212519 0.144738 0.023827 0.072726 0.080893 0.008055 0.374381 
0.086101 0.161365 0.050864 0.037930 0.012598 0.066969 0.007257 0.576915 
0.153976 0.237812 0.152380 0.038249 0.018824 0.003587 0.024747 0.370425 
0.483912 0.239797 0.017638 0.048859 0.116740 0.016113 0.003687 0.073254 
0.061010 0.151424 0.047292 0.017794 0.044602 0.482607 0.005783 0.189488 
0.048295 0.141612 0.234552 0.044434 0.173325 0.010450 0.005666 0.341666 
0.025812 0.002189 0.224017 0.662339 0.000333 0.017028 0.049279 0.019003 
0.011845 0.090524 0.749995 0.019486 0.015839 0.024294 0.004796 0.083221 
0.058894 0.266073 0.162323 0.037063 0.034586 0.026483 0.121791 0.292787 
0.473885 0.254514 0.057553 0.050127 0.052092 0.017692 0.021942 0.072195 
0.051770 0.141423 0.061424 0.085368 0.011874 0.023270 0.009074 0.615798 
0.025029 0.106844 0.068989 0.172538 0.013618 0.012000 0.024462 0.576521 
0.034951 0.089692 0.160911 0.538785 0.084768 0.000380 0.072403 0.018111 
0.199510 0.136640 0.433119 0.018632 0.011687 0.001096 0.008040 0.191277 
0.019967 0.082909 0.517688 0.043624 0.012893 0.079861 0.000220 0.242838 
0.212619 0.302121 0.273728 0.012306 0.048446 0.035674 0.057949 0.057157 
0.060059 0.205189 0.093597 0.011295 0.047802 0.048298 0.002490 0.531272 
0.033751 0.581068 0.047393 0.010059 0.129090 0.098391 0.015492 0.084755 
0.154161 0.205845 0.052790 0.160272 0.019065 0.053421 0.033425 0.321022 
0.064751 0.010708 0.590236 0.042941 0.005494 0.057457 0.001522 0.226890 
0.077012 0.048543 0.030205 0.005201 0.032167 0.169014 0.050250 0.587608 
0.027993 0.323178 0.108742 0.035758 0.005112 0.032325 0.008529 0.458364 
0.121454 0.379909 0.384692 0.021667 0.006429 0.001530 0.003140 0.081179 
0.280466 0.155457 0.058443 0.044935 0.134318 0.002453 0.008402 0.315526 
0.197868 0.312747 0.060883 0.046125 0.246683 0.021659 0.010733 0.103301 
0.046324 0.171937 0.091757 0.252851 0.299832 0.090928 0.029674 0.016697 
0.201032 0.094179 0.029947 0.040422 0.025126 0.498278 0.002681 0.108335 
0.027937 0.027475 0.034019 0.661904 0.061360 0.004410 0.106649 0.076244 
0.055962 0.461217 0.061561 0.056507 0.019937 0.017832 0.016659 0.310325 
0.062037 0.047702 0.178151 0.014426 0.109130 0.094010 0.001917 0.492627 
0.111562 0.633687 0.113136 0.024275 0.069760 0.000812 0.022063 0.024704 
0.044855 0.575267 0.161482 0.011744 0.128256 0.040507 0.017402 0.020489 
0.254137 0.095731 0.058048 0.019692 0.047789 0.268290 0.003011 0.253301 
0.043982 0.083695 0.619344 0.033996 0.003219 0.050773 0.012323 0.152668 
0.085353 0.171608 0.048285 0.219528 0.027676 0.013599 0.405481 0.028471 
0.059787 0.117198 0.108618 0.053917 0.035800 0.039404 0.167802 0.417474 
0.033921 0.247390 0.222737 0.027710 0.359230 0.021118 0.013329 0.074565 
0.026273 0.294613 0.193000 0.026929 0.411995 0.016740 0.000081 0.030370 
0.526540 0.074446 0.005441 0.340095 0.015457 0.022937 0.000156 0.014927 
0.440850 0.231087 0.157204 0.046586 0.018666 0.000668 0.002345 0.102594 
0.090634 0.315838 0.125349 0.024070 0.053296 0.000765 0.010732 0.379316 
0.056573 0.287262 0.272648 0.020870 0.053868 0.020225 0.033652 0.254901 
0.035753 0.028644 0.274061 0.090798 0.006028 0.063097 0.143229 0.358389 
0.143475 0.043041 0.089943 0.137613 0.268968 0.026576 0.024042 0.266344 
0.077888 0.233596 0.159695 0.026469 0.022278 0.023704 0.020068 0.436302 
0.042469 0.244242 0.073222 0.387631 0.006762 0.110835 0.079408 0.055432 
0.053861 0.415444 0.264255 0.035644 0.030764 0.000623 0.165307 0.034103 
0.014983 0.025811 0.658491 0.020114 0.049712 0.096163 0.013271 0.121454 
0.526998 0.043836 0.015626 0.365634 0.008001 0.002296 0.013397 0.024211 
0.044109 0.252860 0.272409 0.027470 0.107927 0.070802 0.015806 0.208616 
0.338940 0.248113 0.121784 0.044432 0.009279 0.000243 0.012058 0.225151 
0.030692 0.532476 0.111489 0.037940 0.038716 0.018666 0.014080 0.215942 
0.049727 0.102783 0.704346 0.027686 0.013947 0.000493 0.029738 0.071280 
0.107726 0.234190 0.204156 0.028827 0.021011 0.146865 0.012378 0.244847 
0.208081 0.350072 0.200733 0.051298 0.024101 0.014870 0.013228 0.137619 
0.031560 0.070520 0.069695 0.021441 0.014727 0.022738 0.003921 0.765398 
0.045469 0.486408 0.286903 0.027149 0.036052 0.020198 0.019378 0.078442 
0.139721 0.192185 0.109268 0.329085 0.019129 0.114547 0.029571 0.066494 
0.028756 0.207239 0.083156 0.016809 0.018588 0.001403 0.005357 0.638691 
0.021482 0.039684 0.374102 0.022981 0.019954 0.073438 0.004100 0.444259 
0.026442 0.527277 0.030486 0.024568 0.019962 0.016777 0.003112 0.351375 
0.271880 0.004343 0.037657 0.096043 0.006702 0.070200 0.000080 0.513094 
0.046688 0.312963 0.073135 0.040951 0.026646 0.009982 0.319567 0.170068 
0.031581 0.082498 0.061881 0.025731 0.448605 0.089807 0.000107 0.259789 
0.031459 0.155913 0.273517 0.014012 0.023861 0.000685 0.005050 0.495502 
0.392231 0.079456 0.045182 0.048379 0.019375 0.000469 0.000074 0.414833 
0.072363 0.321548 0.323732 0.059414 0.033107 0.021670 0.084549 0.083617 
0.046074 0.264654 0.218372 0.032062 0.065860 0.102146 0.101429 0.169402 
0.021894 0.066906 0.029058 0.503566 0.009719 0.005524 0.058609 0.304724 
0.298979 0.085833 0.139058 0.105979 0.010164 0.047659 0.003811 0.308517 
0.441543 0.317542 0.110179 0.029863 0.013557 0.008968 0.009359 0.068989 
0.042321 0.171492 0.549934 0.023674 0.033673 0.013133 0.026636 0.139136 
0.140358 0.199201 0.041486 0.059214 0.000438 0.013919 0.000015 0.545370 
0.244833 0.249759 0.121756 0.151207 0.019492 0.001996 0.035539 0.175419 
0.042869 0.558244 0.058811 0.010979 0.107055 0.058907 0.031607 0.131527 
0.028900 0.056286 0.082453 0.035771 0.010169 0.035900 0.088841 0.661679 
0.286272 0.363189 0.186095 0.021315 0.020797 0.022656 0.025933 0.073744 
0.032548 0.334824 0.038926 0.104587 0.014250 0.379114 0.016520 0.079230 
0.112448 0.409588 0.066938 0.024561 0.107558 0.005248 0.002382 0.271278 
0.073734 0.196694 0.386176 0.032775 0.258618 0.000704 0.024537 0.026762 
0.119795 0.447465 0.134134 0.051649 0.028328 0.021792 0.016749 0.180088 
0.039845 0.349466 0.182139 0.019144 0.034854 0.032818 0.000080 0.341654 
0.146384 0.052613 0.068891 0.024811 0.032074 0.126022 0.000038 0.549168 
0.097769 0.049507 0.070681 0.031336 0.155844 0.032617 0.000168 0.562077 
0.035822 0.379286 0.065850 0.017088 0.105169 0.053288 0.005813 0.337684 
0.031394 0.322218 0.098015 0.031257 0.060034 0.000395 0.018279 0.438409 
0.051551 0.507003 0.077273 0.017079 0.147194 0.055889 0.009431 0.134580 
0.081739 0.008371 0.216925 0.023012 0.018878 0.090009 0.115332 0.445734 
0.040200 0.661234 0.054701 0.061331 0.007940 0.094290 0.028234 0.052070 
0.033357 0.118148 0.170829 0.174481 0.016972 0.003670 0.250010 0.232533 
0.074488 0.192512 0.164551 0.012190 0.059346 0.021835 0.240423 0.234655 
0.299429 0.095367 0.227400 0.152147 0.000336 0.025346 0.188971 0.011004 
0.049870 0.551617 0.186465 0.018756 0.051831 0.007460 0.080297 0.053704 
0.159482 0.366400 0.222503 0.023974 0.052196 0.000514 0.039445 0.135486 
0.064549 0.388162 0.150456 0.030410 0.287449 0.012976 0.022333 0.043665 
0.045004 0.157112 0.040845 0.029421 0.212672 0.161525 0.012571 0.340850 
0.135581 0.345079 0.023318 0.122138 0.234811 0.016836 0.044672 0.077564 
0.102151 0.566214 0.115754 0.034681 0.152422 0.004024 0.018013 0.006741 
0.057001 0.055191 0.717897 0.008309 0.030151 0.038416 0.026313 0.066722 
0.625400 0.052367 0.007435 0.282199 0.015216 0.007542 0.000080 0.009762 
0.250287 0.089212 0.018340 0.433407 0.013702 0.099201 0.022962 0.072888 
0.109421 0.085879 0.011034 0.050575 0.010690 0.351703 0.349698 0.031000 
0.024567 0.139289 0.040052 0.036665 0.492958 0.031104 0.006568 0.228798 
0.231042 0.125060 0.215291 0.083978 0.010236 0.027264 0.010571 0.296559 
0.042504 0.197150 0.198675 0.025684 0.079824 0.037514 0.032830 0.385819 
0.046693 0.053848 0.664868 0.019231 0.005052 0.050330 0.000619 0.159358 
0.126556 0.015583 0.081661 0.019956 0.114637 0.034050 0.076240 0.531317 
0.018114 0.260781 0.366497 0.027227 0.018901 0.001811 0.003750 0.302920 
0.031039 0.463428 0.188448 0.152434 0.031616 0.001630 0.047602 0.083803 
0.011390 0.101630 0.684386 0.038855 0.038645 0.055147 0.026022 0.043925 
0.161090 0.317349 0.076168 0.041682 0.064571 0.003025 0.014339 0.321775 
0.263532 0.440437 0.129504 0.027027 0.021507 0.021498 0.002352 0.094143 
0.276092 0.116317 0.062358 0.068164 0.008631 0.034363 0.007815 0.426259 
0.070111 0.202237 0.017768 0.029584 0.012471 0.026620 0.000058 0.641150 
0.215851 0.108769 0.091352 0.060279 0.008539 0.051301 0.007159 0.456751 
0.023998 0.317780 0.464710 0.020081 0.016648 0.007713 0.016698 0.132370 
0.012710 0.052427 0.526284 0.013266 0.004260 0.006953 0.167556 0.216545 
0.052843 0.264786 0.172253 0.035586 0.176665 0.034568 0.004450 0.258850 
0.032759 0.531251 0.033503 0.034872 0.209980 0.013961 0.011341 0.132332 
0.139747 0.208179 0.113269 0.024561 0.030448 0.001218 0.011747 0.470831 
0.149151 0.474991 0.161411 0.078881 0.067958 0.021578 0.017015 0.029014 
0.258166 0.133942 0.082287 0.029527 0.009568 0.205929 0.007125 0.273456 
0.191115 0.399511 0.083861 0.130640 0.074418 0.072279 0.000400 0.047776 
0.271734 0.112850 0.026518 0.115284 0.018600 0.024399 0.000056 0.430560 
0.040293 0.654219 0.067620 0.030527 0.087800 0.041497 0.048517 0.029527 
0.193965 0.266368 0.198339 0.026550 0.007227 0.098443 0.017423 0.191684 
0.061626 0.130293 0.068881 0.044924 0.009403 0.079221 0.072659 0.532993 
0.020992 0.128012 0.045783 0.603020 0.009541 0.022797 0.067252 0.102603 
0.057901 0.438057 0.126343 0.027752 0.033808 0.028083 0.025527 0.262529 
0.026199 0.033179 0.016203 0.016132 0.015193 0.763106 0.022789 0.107199 
0.107721 0.426977 0.302682 0.018559 0.023549 0.000799 0.057321 0.062391 
0.104245 0.106653 0.565736 0.052928 0.009557 0.096914 0.004384 0.059584 
0.254783 0.193812 0.067983 0.073238 0.025899 0.061593 0.000169 0.322523 
0.044682 0.463532 0.282205 0.012818 0.074352 0.012271 0.101909 0.008231 
0.097275 0.042808 0.067309 0.009165 0.021227 0.709157 0.002208 0.050849 
0.065367 0.284691 0.436582 0.038144 0.031419 0.021341 0.055671 0.066785 
0.038708 0.227106 0.014365 0.081502 0.070830 0.304813 0.155226 0.107449 
0.091901 0.160935 0.309566 0.013626 0.029811 0.003340 0.016554 0.374267 
0.139962 0.047992 0.308018 0.020237 0.035708 0.182962 0.011413 0.253708 
0.037264 0.253761 0.156051 0.040763 0.030957 0.121462 0.238593 0.121149 
0.191634 0.130346 0.034395 0.372613 0.133094 0.006756 0.037426 0.093735 
0.084233 0.330734 0.161000 0.024569 0.030666 0.028216 0.008986 0.331594 
0.045243 0.053796 0.366947 0.024379 0.014264 0.006021 0.027221 0.462128 
0.037202 0.806510 0.058477 0.034028 0.020083 0.000573 0.003935 0.039192 
0.016154 0.014464 0.423813 0.043834 0.018369 0.080326 0.002169 0.400871 
0.030818 0.076274 0.010890 0.020713 0.081937 0.039075 0.009888 0.730405 
0.089039 0.203692 0.299574 0.024436 0.026781 0.005360 0.010397 0.340721 
0.044820 0.230824 0.312617 0.032091 0.012566 0.026098 0.008626 0.332358 
0.184998 0.067925 0.629037 0.013447 0.033740 0.000229 0.003726 0.066899 
0.017766 0.056452 0.194138 0.019170 0.070143 0.040714 0.001055 0.600562 
0.165766 0.099199 0.010242 0.697070 0.005116 0.007106 0.012101 0.003401 
0.056198 0.090711 0.736643 0.060542 0.002594 0.000311 0.023732 0.029270 
0.054758 0.330146 0.163988 0.035188 0.058795 0.019142 0.079610 0.258372 
0.023509 0.062387 0.433649 0.021886 0.022381 0.396565 0.000027 0.039595 
0.467281 0.180394 0.118498 0.055166 0.051075 0.017551 0.000888 0.109147 
0.061819 0.517476 0.137582 0.048573 0.034203 0.021678 0.015852 0.162817 
0.041855 0.038195 0.008703 0.598406 0.132556 0.054378 0.045447 0.080460 
0.406435 0.109666 0.048375 0.087353 0.033060 0.217067 0.003802 0.094242 
0.363701 0.164198 0.044669 0.312106 0.027100 0.020633 0.000222 0.067370 
0.161154 0.070431 0.036153 0.100407 0.008924 0.002764 0.486311 0.133856 
0.051197 0.085109 0.019255 0.056636 0.704874 0.034281 0.000120 0.048528 
0.057285 0.388623 0.173428 0.044969 0.029835 0.017915 0.013519 0.274426 
0.271350 0.113120 0.043648 0.100066 0.049833 0.008806 0.009806 0.403370 
0.181839 0.337007 0.213470 0.025352 0.023967 0.014527 0.013437 0.190400 
0.046129 0.131027 0.184573 0.031630 0.054488 0.102453 0.002341 0.447360 
0.238847 0.181188 0.088293 0.095659 0.008285 0.348774 0.000084 0.038871 
0.053458 0.063312 0.270888 0.008431 0.005446 0.012590 0.006816 0.579058 
0.123654 0.494380 0.027348 0.048371 0.003744 0.266874 0.001598 0.034031 
0.149018 0.048733 0.330085 0.050984 0.006858 0.008138 0.003749 0.402434 
0.040252 0.133481 0.114107 0.051927 0.016103 0.054211 0.007388 0.582532 
0.398069 0.012020 0.037590 0.071782 0.005167 0.245613 0.009246 0.220512 
0.013006 0.035667 0.537261 0.129420 0.013143 0.091947 0.026692 0.152864 
0.075026 0.056745 0.132411 0.054928 0.025315 0.059124 0.179776 0.416674 
0.076241 0.025542 0.091100 0.028418 0.012564 0.050616 0.077091 0.638427 
0.135178 0.081886 0.036241 0.050539 0.001788 0.346162 0.215446 0.132760 
0.449572 0.121884 0.042547 0.047112 0.208854 0.001731 0.000544 0.127757 
0.098541 0.061929 0.024328 0.041882 0.016738 0.224388 0.021244 0.510948 
0.077696 0.278240 0.314115 0.024693 0.104998 0.026213 0.004624 0.169420 
0.396763 0.227876 0.035178 0.163680 0.013624 0.042546 0.000117 0.120216 
0.214879 0.170601 0.232431 0.093757 0.013675 0.035767 0.012225 0.226665 
0.242186 0.353379 0.096477 0.038142 0.039343 0.000470 0.000241 0.229760 
0.088255 0.313572 0.178114 0.023620 0.046328 0.035248 0.009557 0.305305 
0.122159 0.211836 0.119319 0.233639 0.035520 0.018362 0.066992 0.192173 
0.052340 0.131103 0.331222 0.023588 0.014314 0.157389 0.000109 0.289936 
0.017200 0.261288 0.049747 0.063035 0.051224 0.073329 0.244762 0.239414 
0.057551 0.074786 0.336976 0.021994 0.183105 0.085418 0.000098 0.240073 
0.016608 0.010892 0.007444 0.106891 0.108856 0.062426 0.680506 0.006375 
0.609222 0.045208 0.006373 0.046498 0.001000 0.258063 0.000018 0.033618 
0.074030 0.745420 0.092459 0.024837 0.015267 0.000431 0.002407 0.045149 
0.025323 0.263167 0.015933 0.053952 0.363221 0.077511 0.156492 0.044402 
0.350606 0.113237 0.206081 0.032720 0.212823 0.001890 0.006813 0.075832 
