-1962003.855702
0
0.000000 0.000000 0.000000 0.005707 0.000758 0.000000 0.000000 0.000000 0.000000 0.000000 0.000000 0.003731 0.000000 0.000000 0.000000 0.000000 0.000000 0.003615 0.000000 0.000000 0.000000 0.004114 0.001807 0.015850 0.000000 0.000000 0.000000 0.006014 0.000000 0.000000 0.000000 0.000000 0.000000 0.000000 0.000000 0.000000 0.000000 0.000000 0.000000 0.000000 0.000000 0.000000 0.000000 0.000000 0.003003 0.000442 0.001838 0.013760 0.000000 0.001135 0.001176 0.000000 0.000000 0.000000 0.000000 0.000000 0.000000 0.005001 0.011447 0.008151 0.000000 0.000000 0.000000 0.000000 0.002846 0.006883 0.003276 0.011559 0.000000 0.001677 0.000000 0.000000 0.044642 0.008456 0.002970 0.390799 0.000000 0.000000 0.000000 0.000000 0.000000 0.017718 0.255012 0.041166 0.000000 0.000000 0.000000 0.003049 0.001164 0.008718 0.004233 0.009654 0.008000 0.009165 0.002351 0.079113 
0.049445 0.051346 0.000000 0.039963 0.014206 0.006554 0.000000 0.016406 0.024685 0.000000 0.000000 0.020092 0.018169 0.023614 0.024047 0.032160 0.024476 0.005051 0.011433 0.040614 0.000000 0.000000 0.014618 0.001714 0.028072 0.037074 0.000000 0.000000 0.010826 0.009648 0.000000 0.014989 0.011519 0.000000 0.000000 0.033560 0.021130 0.029419 0.030840 0.037853 0.004925 0.014345 0.000000 0.011949 0.000000 0.004169 0.009518 0.000000 0.000000 0.020225 0.000000 0.000000 0.009333 0.000000 0.000000 0.010414 0.000000 0.000000 0.000000 0.009707 0.014840 0.014649 0.015853 0.025307 0.000000 0.000000 0.000000 0.003474 0.000000 0.000000 0.000000 0.000000 0.015692 0.015252 0.000000 0.000000 0.000000 0.000000 0.000000 0.000000 0.000000 0.000000 0.000000 0.000000 0.021370 0.016968 0.016580 0.042482 0.000000 0.000000 0.000000 0.006219 0.000000 0.002988 0.010218 0.000000 
0.000000 0.000000 0.000000 0.000000 0.000000 0.000000 0.000000 0.000000 0.000000 0.014494 0.000000 0.000000 0.001705 0.000000 0.000000 0.003335 0.000000 0.000000 0.000000 0.000000 0.000000 0.000274 0.000804 0.000000 0.000000 0.000000 0.000000 0.000000 0.000000 0.000873 0.000907 0.000000 0.080002 0.097030 0.025363 0.073801 0.000000 0.000000 0.000000 0.001080 0.000000 0.000000 0.000000 0.001514 0.000000 0.001300 0.000000 0.000000 0.000000 0.000000 0.000000 0.000000 0.000000 0.000000 0.000000 0.000000 0.000000 0.011854 0.000000 0.010728 0.000000 0.000000 0.000000 0.000000 0.000000 0.000000 0.000000 0.008720 0.000000 0.000000 0.001899 0.000000 0.000000 0.002338 0.000000 0.000000 0.000000 0.001570 0.000000 0.000000 0.110701 0.348156 0.111139 0.077560 0.000000 0.000000 0.000342 0.005418 0.001895 0.000000 0.001142 0.001358 0.000000 0.001612 0.001089 0.000000 
0.000000 0.000000 0.000000 0.000000 0.004119 0.000000 0.000000 0.002453 0.000000 0.000000 0.000000 0.000000 0.000000 0.000000 0.000000 0.000000 0.000000 0.000000 0.000000 0.000000 0.000000 0.001255 0.000000 0.000000 0.000993 0.000000 0.000000 0.000000 0.007010 0.000000 0.000000 0.005433 0.000000 0.000000 0.000000 0.000000 0.000000 0.000000 0.000000 0.000000 0.000000 0.000000 0.000000 0.000000 0.000000 0.000000 0.000000 0.000000 0.000000 0.000000 0.000000 0.000000 0.000000 0.000000 0.000000 0.003509 0.000000 0.000000 0.000000 0.000000 0.000000 0.000000 0.001070 0.000000 0.000000 0.000000 0.000000 0.000000 0.000000 0.000000 0.000000 0.000000 0.053722 0.017590 0.001284 0.016580 0.332422 0.074739 0.010072 0.398538 0.069210 0.000000 0.000000 0.000000 0.000000 0.000000 0.000000 0.000000 0.000000 0.000000 0.000000 0.000000 0.000000 0.000000 0.000000 0.000000 
0.000000 0.000000 0.000000 0.000000 0.000000 0.002342 0.000000 0.001175 0.035681 0.009779 0.028869 0.010524 0.000000 0.002046 0.000000 0.006916 0.011589 0.017384 0.066478 0.003745 0.000000 0.000000 0.000000 0.000000 0.026146 0.049391 0.019131 0.120360 0.000000 0.000000 0.000000 0.000000 0.008571 0.002286 0.052633 0.000000 0.000000 0.005909 0.000000 0.001764 0.018384 0.015982 0.098751 0.008907 0.000000 0.011427 0.021755 0.000000 0.000000 0.003145 0.004446 0.000000 0.000932 0.003133 0.000000 0.001864 0.076517 0.062261 0.000000 0.054284 0.000000 0.004206 0.001275 0.001213 0.000000 0.000000 0.033790 0.000000 0.000000 0.004447 0.003369 0.002937 0.000000 0.000000 0.001633 0.000000 0.000000 0.000000 0.000000 0.000000 0.015037 0.000000 0.021995 0.000000 0.000000 0.000000 0.000000 0.001602 0.003479 0.009751 0.027417 0.003340 0.000000 0.000000 0.000000 0.000000 
0.005742 0.000000 0.000000 0.000000 0.065513 0.034064 0.018937 0.057154 0.013537 0.000000 0.000000 0.011481 0.003755 0.000000 0.000000 0.000000 0.000000 0.008652 0.000000 0.000000 0.000000 0.002945 0.016927 0.009198 0.000000 0.000000 0.000000 0.000000 0.048375 0.037976 0.018212 0.068120 0.022183 0.000000 0.000000 0.000000 0.000000 0.000000 0.002421 0.008588 0.001843 0.000000 0.000000 0.000000 0.000000 0.009164 0.016278 0.000000 0.000000 0.000810 0.000000 0.000000 0.036831 0.035456 0.004491 0.053812 0.030983 0.000000 0.000000 0.000000 0.000000 0.000000 0.010075 0.000000 0.000000 0.006392 0.000000 0.000000 0.012302 0.015703 0.054526 0.013442 0.000000 0.012230 0.000000 0.000000 0.000000 0.056952 0.006917 0.055209 0.000000 0.000000 0.000000 0.000000 0.000000 0.003966 0.000000 0.000000 0.004849 0.021273 0.000000 0.007565 0.005352 0.015013 0.026363 0.028425 
0.005714 0.007895 0.002275 0.001535 0.002342 0.003719 0.000000 0.003781 0.041088 0.000000 0.290405 0.004922 0.003020 0.000000 0.000000 0.008621 0.004721 0.000000 0.005019 0.001219 0.000000 0.003780 0.000000 0.003803 0.000000 0.005278 0.000000 0.000000 0.000000 0.000000 0.000000 0.000000 0.018614 0.000000 0.176269 0.000000 0.000000 0.000000 0.000000 0.000000 0.000000 0.000000 0.000000 0.000000 0.000000 0.000730 0.000000 0.001726 0.000000 0.005660 0.000000 0.000000 0.000000 0.004450 0.000000 0.000000 0.035240 0.017062 0.164949 0.010138 0.000000 0.000000 0.000000 0.002338 0.010008 0.000000 0.000000 0.010462 0.000000 0.000000 0.000000 0.000000 0.008689 0.006705 0.000929 0.000000 0.000000 0.000000 0.000000 0.000000 0.000000 0.000000 0.111991 0.000000 0.002790 0.000000 0.000000 0.000000 0.003569 0.000000 0.004886 0.001157 0.000000 0.000000 0.002500 0.000000 
0.030630 0.046429 0.040636 0.022221 0.016096 0.007823 0.005033 0.006564 0.012912 0.000000 0.000000 0.000000 0.004268 0.000000 0.012118 0.000000 0.005996 0.000000 0.003025 0.000000 0.000000 0.000000 0.000000 0.000000 0.025143 0.106894 0.004260 0.038943 0.018730 0.018084 0.009203 0.015391 0.028272 0.009478 0.000000 0.016726 0.009603 0.015371 0.067662 0.013360 0.004876 0.000000 0.000000 0.000000 0.000000 0.000000 0.002091 0.000000 0.000000 0.071855 0.041897 0.000000 0.010440 0.020198 0.016129 0.008627 0.000000 0.000000 0.000000 0.000000 0.009602 0.004931 0.023836 0.000000 0.008660 0.000000 0.000000 0.000000 0.000000 0.000000 0.000000 0.000000 0.022614 0.084283 0.012537 0.000000 0.000000 0.016681 0.005762 0.000000 0.000000 0.000000 0.000000 0.000000 0.000000 0.006155 0.012766 0.000000 0.001751 0.000000 0.000000 0.000000 0.000000 0.000000 0.003442 0.000000 
0.000000 0.007898 0.000000 0.055765 0.000000 0.000000 0.000000 0.000000 0.039906 0.031754 0.048985 0.038459 0.000000 0.000000 0.000000 0.000000 0.002781 0.007388 0.000000 0.004848 0.000000 0.001640 0.000000 0.011827 0.005310 0.013472 0.000000 0.240188 0.000000 0.000000 0.000000 0.000000 0.000000 0.000000 0.030218 0.000000 0.000000 0.003580 0.000000 0.002201 0.000000 0.008087 0.000000 0.000000 0.000000 0.003466 0.000000 0.000000 0.000000 0.014653 0.000000 0.125651 0.000000 0.000000 0.000000 0.000000 0.054321 0.000000 0.017214 0.024589 0.000000 0.001810 0.000000 0.000000 0.000000 0.000000 0.007235 0.009517 0.000000 0.002396 0.003855 0.000000 0.000000 0.031230 0.000000 0.104152 0.000000 0.000000 0.000000 0.000000 0.000000 0.009379 0.000000 0.016539 0.000000 0.002306 0.000000 0.003000 0.000000 0.006820 0.003011 0.001825 0.000000 0.002722 0.000000 0.000000 
0.000000 0.000000 0.000000 0.000000 0.000000 0.000000 0.000000 0.000000 0.002952 0.015917 0.012258 0.000000 0.000000 0.011953 0.000000 0.004828 0.000000 0.002073 0.000000 0.000000 0.000000 0.000000 0.001497 0.000000 0.005479 0.008355 0.000000 0.000000 0.000000 0.000000 0.000000 0.000000 0.000000 0.000000 0.000000 0.000000 0.000271 0.000769 0.000000 0.000000 0.000000 0.000000 0.000000 0.000000 0.000000 0.000000 0.000000 0.000000 0.000000 0.012156 0.000000 0.031989 0.002269 0.000000 0.000000 0.000000 0.064596 0.201839 0.326883 0.122867 0.000000 0.004743 0.002479 0.002882 0.031136 0.066368 0.015247 0.005168 0.000000 0.001467 0.000000 0.019806 0.000000 0.000000 0.000954 0.000000 0.000000 0.002085 0.000000 0.000000 0.000000 0.001901 0.000000 0.000000 0.000000 0.000000 0.000000 0.000000 0.003303 0.008102 0.000000 0.000000 0.000000 0.000000 0.000000 0.005405 
0.000000 0.000000 0.000000 0.000000 0.000000 0.000000 0.000556 0.000000 0.006837 0.000000 0.000000 0.000000 0.000000 0.000000 0.000000 0.000000 0.000000 0.000000 0.000000 0.000788 0.000000 0.000000 0.000000 0.000000 0.000918 0.000000 0.000000 0.000000 0.000000 0.000000 0.000000 0.000000 0.013751 0.000000 0.002013 0.000000 0.000000 0.000000 0.000000 0.000000 0.000000 0.000000 0.000000 0.000000 0.000000 0.000000 0.000000 0.000000 0.000000 0.000000 0.000000 0.000000 0.000000 0.000000 0.000000 0.000000 0.002594 0.000000 0.000000 0.000000 0.000000 0.000000 0.000000 0.000000 0.000000 0.000000 0.000000 0.000000 0.000000 0.000000 0.000000 0.000000 0.015714 0.008489 0.002291 0.012458 0.030628 0.000000 0.001561 0.067880 0.474816 0.071549 0.041274 0.245882 0.000000 0.000000 0.000000 0.000000 0.000000 0.000000 0.000000 0.000000 0.000000 0.000000 0.000000 0.000000 
0.008752 0.000000 0.000000 0.000000 0.007549 0.000000 0.000000 0.000000 0.000000 0.000000 0.000000 0.000000 0.024492 0.000000 0.006989 0.030022 0.016909 0.000000 0.000000 0.035307 0.102634 0.009103 0.004266 0.032452 0.000000 0.000000 0.000000 0.000000 0.000000 0.000000 0.000000 0.000000 0.000000 0.000000 0.000000 0.000000 0.007218 0.000000 0.000000 0.000000 0.018478 0.000000 0.000000 0.008285 0.058863 0.005682 0.018861 0.000000 0.007204 0.016540 0.000000 0.000000 0.000000 0.007452 0.000000 0.000000 0.000000 0.000000 0.000000 0.000000 0.004120 0.000000 0.000000 0.000000 0.000000 0.000000 0.000000 0.000000 0.018735 0.000000 0.000000 0.009067 0.024626 0.000000 0.000000 0.051388 0.000000 0.000000 0.000000 0.000000 0.000000 0.000000 0.000000 0.000000 0.047215 0.000000 0.026132 0.017327 0.014202 0.000000 0.008523 0.061519 0.143419 0.013988 0.016431 0.116247 
0.000000 0.000000 0.000000 0.000000 0.000000 0.000955 0.000000 0.000000 0.007950 0.002111 0.000000 0.005279 0.000000 0.000000 0.000000 0.000900 0.000000 0.006244 0.000000 0.000000 0.000000 0.010081 0.004575 0.039300 0.000000 0.000000 0.000000 0.000000 0.002172 0.000000 0.000000 0.001709 0.016644 0.000000 0.003273 0.006207 0.000000 0.008320 0.003061 0.035886 0.006790 0.044809 0.032975 0.125231 0.000000 0.024673 0.016686 0.333389 0.002972 0.000000 0.000000 0.003465 0.000000 0.000000 0.000000 0.001661 0.000000 0.000000 0.000000 0.000000 0.000000 0.003478 0.003146 0.004636 0.000000 0.008808 0.000000 0.004781 0.000000 0.011266 0.005810 0.076532 0.000000 0.000000 0.001661 0.000000 0.000000 0.000000 0.000000 0.000000 0.000000 0.000000 0.000000 0.012172 0.000000 0.000000 0.000000 0.000911 0.000000 0.008654 0.004966 0.008838 0.000000 0.011799 0.005279 0.079947 
0.063525 0.010012 0.004409 0.020454 0.000000 0.001682 0.003122 0.003429 0.000000 0.000000 0.000000 0.002198 0.001727 0.000000 0.002654 0.000000 0.000000 0.000000 0.000000 0.000177 0.000000 0.000000 0.001824 0.000000 0.115733 0.019888 0.021799 0.033691 0.000000 0.003868 0.008082 0.004891 0.004611 0.000000 0.009468 0.000000 0.000000 0.001649 0.004398 0.000000 0.000000 0.000000 0.000000 0.000000 0.000000 0.000000 0.004854 0.000000 0.169812 0.018570 0.013048 0.087577 0.000603 0.000000 0.001007 0.000000 0.000000 0.000000 0.002841 0.000000 0.001022 0.000000 0.000000 0.003558 0.000000 0.000000 0.004605 0.000000 0.000650 0.000000 0.010771 0.000000 0.085318 0.053836 0.019496 0.153154 0.000000 0.009154 0.002015 0.000000 0.000000 0.000000 0.000000 0.000000 0.004345 0.000807 0.000912 0.001461 0.000000 0.003243 0.001063 0.000000 0.000000 0.002990 0.000000 0.000000 
0.000000 0.000000 0.000000 0.000000 0.002460 0.000000 0.000000 0.002836 0.023095 0.108228 0.002209 0.070253 0.000000 0.000000 0.002198 0.000000 0.000000 0.001708 0.002343 0.003265 0.000000 0.000000 0.000000 0.000000 0.000000 0.004245 0.000862 0.000000 0.000000 0.000000 0.000000 0.000000 0.038503 0.163952 0.006896 0.129814 0.000000 0.002073 0.000000 0.000000 0.000806 0.000000 0.000000 0.000000 0.000000 0.000000 0.000476 0.000000 0.000000 0.000000 0.000000 0.000000 0.000000 0.000000 0.000000 0.000000 0.035206 0.113036 0.000000 0.089579 0.000000 0.000000 0.000000 0.000000 0.000000 0.000000 0.000000 0.003108 0.000000 0.000000 0.001960 0.000000 0.000000 0.003115 0.000000 0.004195 0.000000 0.000000 0.000000 0.000000 0.000000 0.099646 0.000000 0.082681 0.000000 0.000000 0.000000 0.000000 0.000000 0.000000 0.001250 0.000000 0.000000 0.000000 0.000000 0.000000 
0.000000 0.000000 0.000000 0.000000 0.000000 0.000000 0.000000 0.000000 0.000001 0.000000 0.000000 0.000000 0.000000 0.000000 0.000000 0.064956 0.000000 0.072896 0.000000 0.000000 0.000000 0.000000 0.000000 0.000000 0.000000 0.000000 0.000000 0.000000 0.000000 0.000000 0.000000 0.000000 0.000001 0.000000 0.000000 0.000000 0.000000 0.000000 0.011529 0.000000 0.000000 0.000000 0.000000 0.000000 0.000000 0.000000 0.000000 0.000000 0.000000 0.000000 0.000000 0.000000 0.000000 0.000000 0.000000 0.044402 0.000000 0.000000 0.000000 0.000000 0.000000 0.000000 0.000000 0.000000 0.000000 0.100544 0.000000 0.101094 0.000000 0.000000 0.140107 0.176106 0.185370 0.000002 0.000000 0.029054 0.000000 0.000000 0.000000 0.000000 0.000000 0.000000 0.000000 0.000000 0.000000 0.000000 0.000000 0.000000 0.000000 0.073938 0.000000 0.000000 0.000000 0.000000 0.000000 0.000000 
0.000000 0.000000 0.003265 0.000000 0.003110 0.001690 0.000000 0.002841 0.009274 0.000000 0.000000 0.000000 0.004559 0.004752 0.003501 0.000000 0.097150 0.041552 0.069894 0.051551 0.000000 0.002632 0.000000 0.002419 0.001750 0.000000 0.000000 0.000000 0.000000 0.002551 0.000000 0.002240 0.022415 0.000000 0.000000 0.016165 0.000645 0.008785 0.005114 0.000000 0.036602 0.042139 0.044679 0.039442 0.000000 0.006110 0.002529 0.000000 0.000000 0.003159 0.002149 0.000000 0.000000 0.002795 0.000000 0.000000 0.005335 0.000000 0.000000 0.003271 0.000000 0.001353 0.001349 0.000000 0.061836 0.033593 0.049740 0.049046 0.000000 0.000000 0.000000 0.000000 0.001289 0.010731 0.002952 0.000000 0.000000 0.005002 0.000000 0.000000 0.000000 0.000000 0.000000 0.000000 0.004080 0.015275 0.002927 0.002481 0.065501 0.046102 0.039572 0.047046 0.000000 0.005793 0.000000 0.008265 
0.006842 0.044949 0.286376 0.002232 0.013764 0.000002 0.273749 0.018277 0.031843 0.060955 0.016639 0.008409 0.010811 0.041474 0.093058 0.000000 0.090620 
0.000001 0.081328 0.237710 0.004837 0.017640 0.037317 0.024211 0.000000 0.081896 0.013773 0.054404 0.004270 0.016825 0.369690 0.030212 0.006579 0.019304 
0.000001 0.047743 0.017769 0.013242 0.061710 0.005657 0.247172 0.000000 0.032249 0.087055 0.033467 0.006838 0.006476 0.236128 0.062797 0.000000 0.141694 
0.048334 0.081744 0.022164 0.003530 0.049307 0.011274 0.042341 0.118302 0.031323 0.001250 0.024092 0.001504 0.277586 0.082782 0.176354 0.000000 0.028113 
0.035337 0.117172 0.113462 0.010098 0.102064 0.053005 0.230733 0.000000 0.029308 0.011854 0.045542 0.015793 0.019585 0.023704 0.087325 0.000000 0.105020 
0.000002 0.016287 0.034924 0.000024 0.266899 0.000002 0.069634 0.000000 0.200120 0.198489 0.002566 0.002946 0.044957 0.004954 0.084097 0.000000 0.074099 
0.000001 0.106682 0.048182 0.006188 0.105199 0.019505 0.010465 0.000000 0.055326 0.024073 0.049181 0.015696 0.018978 0.165545 0.178851 0.000000 0.196127 
0.000001 0.018947 0.009617 0.000459 0.012388 0.000001 0.002754 0.000000 0.006668 0.001185 0.842354 0.006948 0.000347 0.017292 0.021644 0.010518 0.048875 
0.000001 0.025853 0.517972 0.135513 0.042117 0.000002 0.010866 0.051808 0.002315 0.018531 0.036438 0.004918 0.005861 0.045106 0.079428 0.000000 0.023271 
0.257681 0.043636 0.004760 0.133744 0.020968 0.006845 0.054327 0.000000 0.022631 0.050196 0.023800 0.047844 0.152147 0.043564 0.031213 0.000000 0.106643 
0.000001 0.010345 0.022932 0.132450 0.219664 0.000002 0.199499 0.000000 0.032927 0.136905 0.013883 0.004072 0.021609 0.007346 0.190229 0.000000 0.008135 
0.108089 0.136774 0.162169 0.012098 0.035374 0.045110 0.005903 0.000000 0.008007 0.004171 0.094360 0.049508 0.040312 0.018496 0.045018 0.000000 0.234609 
0.000002 0.074200 0.031832 0.009724 0.078242 0.021835 0.013912 0.000000 0.015058 0.073366 0.318426 0.009495 0.014481 0.032087 0.077871 0.000000 0.229469 
0.194428 0.087470 0.075477 0.001023 0.043561 0.015275 0.155299 0.000000 0.023497 0.043850 0.008268 0.004382 0.044974 0.037959 0.179320 0.000000 0.085216 
0.000001 0.025867 0.053477 0.007999 0.020303 0.000002 0.129715 0.000000 0.003066 0.008929 0.613646 0.007560 0.007820 0.011861 0.078011 0.000000 0.031744 
0.000001 0.126431 0.040501 0.009730 0.035653 0.000002 0.012023 0.000000 0.002373 0.018194 0.100366 0.065505 0.046873 0.053322 0.066627 0.000000 0.422398 
0.000002 0.152569 0.015037 0.024017 0.037446 0.034890 0.074297 0.025815 0.020000 0.017271 0.040761 0.064003 0.046595 0.059607 0.047896 0.000000 0.339792 
0.020378 0.117630 0.008974 0.020405 0.037604 0.045703 0.058236 0.000000 0.015675 0.040153 0.134107 0.008670 0.091044 0.040631 0.286124 0.000000 0.074665 
0.000002 0.047562 0.359099 0.066329 0.016865 0.000002 0.009020 0.161879 0.001668 0.003033 0.169554 0.000037 0.018532 0.074481 0.043015 0.000000 0.028925 
0.013520 0.357229 0.009674 0.006723 0.008040 0.000002 0.186100 0.000000 0.102832 0.028975 0.018277 0.021197 0.015304 0.125155 0.040910 0.000000 0.066061 
0.057716 0.006871 0.065368 0.000192 0.127037 0.007116 0.121184 0.012939 0.054850 0.401491 0.016436 0.000064 0.012148 0.014986 0.038718 0.033078 0.029807 
0.000002 0.041397 0.071408 0.008380 0.102724 0.000002 0.243594 0.000000 0.022772 0.064822 0.273482 0.004222 0.008233 0.025960 0.076039 0.000000 0.056963 
0.013144 0.053239 0.019968 0.110842 0.008730 0.014861 0.021441 0.030701 0.002802 0.003747 0.034265 0.050761 0.080903 0.474372 0.008822 0.013832 0.057568 
0.000001 0.024408 0.036865 0.005754 0.006301 0.000001 0.051584 0.000000 0.402098 0.149346 0.005867 0.014734 0.011850 0.021069 0.196781 0.000000 0.073339 
0.072493 0.069317 0.002581 0.003921 0.429133 0.010225 0.037092 0.000000 0.081141 0.010325 0.001504 0.000251 0.003953 0.024697 0.076271 0.000000 0.177097 
0.000001 0.047468 0.003547 0.057850 0.035802 0.000002 0.315694 0.000000 0.102143 0.099095 0.036958 0.032672 0.013947 0.057403 0.104156 0.000000 0.093263 
0.000001 0.018981 0.022095 0.002063 0.148226 0.008399 0.205317 0.000000 0.101160 0.128427 0.010512 0.000062 0.019555 0.253840 0.068802 0.000000 0.012560 
0.050918 0.100262 0.051212 0.019618 0.015830 0.000002 0.101313 0.000000 0.009089 0.013159 0.068098 0.218638 0.093807 0.047236 0.062889 0.037889 0.110040 
0.731499 0.005534 0.026117 0.015106 0.046344 0.000002 0.028805 0.000000 0.046073 0.027613 0.012271 0.000129 0.001942 0.011351 0.017441 0.000000 0.029772 
0.015098 0.305694 0.006041 0.027608 0.072304 0.045728 0.050573 0.019654 0.055235 0.065862 0.015973 0.016776 0.016150 0.071844 0.140482 0.000000 0.074978 
0.000001 0.271492 0.024334 0.057258 0.049213 0.223331 0.009065 0.000000 0.039428 0.001746 0.078653 0.017517 0.010351 0.047047 0.086764 0.000000 0.083800 
0.016635 0.211568 0.042582 0.015872 0.068154 0.049594 0.032011 0.000000 0.028130 0.079195 0.023034 0.070978 0.043018 0.033897 0.116614 0.000000 0.168718 
0.011497 0.019614 0.008094 0.003921 0.329409 0.000002 0.202884 0.019332 0.038229 0.211481 0.009617 0.000061 0.006903 0.015124 0.082292 0.000000 0.041540 
0.000002 0.047110 0.020621 0.087356 0.074786 0.006414 0.240731 0.000000 0.050340 0.003400 0.154725 0.015015 0.004406 0.066875 0.140161 0.000000 0.088057 
0.004954 0.071729 0.028958 0.017596 0.027377 0.012763 0.044190 0.000000 0.011597 0.006647 0.378471 0.174696 0.048352 0.021580 0.066193 0.010123 0.074775 
0.194826 0.022770 0.014852 0.071243 0.051272 0.000002 0.016315 0.000000 0.007739 0.013475 0.266076 0.005008 0.025648 0.023706 0.040094 0.000000 0.246976 
0.102765 0.130767 0.027639 0.015217 0.035430 0.012820 0.023945 0.000000 0.027850 0.020340 0.024469 0.058617 0.045273 0.063886 0.123008 0.000000 0.287973 
0.018426 0.109073 0.028616 0.024617 0.111551 0.095123 0.097912 0.000000 0.013161 0.066811 0.052997 0.000118 0.264071 0.024739 0.040394 0.000000 0.052392 
0.159300 0.034655 0.049088 0.001331 0.065576 0.000002 0.022681 0.000000 0.030673 0.017343 0.012647 0.006793 0.030371 0.069333 0.105257 0.000000 0.394949 
0.089871 0.212571 0.100428 0.010569 0.005886 0.000002 0.027552 0.000000 0.045932 0.009335 0.017751 0.016650 0.025316 0.062100 0.335863 0.000000 0.040174 
0.030141 0.048144 0.019904 0.001926 0.018174 0.000004 0.089675 0.044691 0.308189 0.152266 0.004707 0.000516 0.018531 0.105346 0.094091 0.000000 0.063696 
0.000001 0.165976 0.112366 0.014697 0.021577 0.000002 0.018085 0.000000 0.038846 0.022030 0.048134 0.037235 0.056880 0.067807 0.103961 0.000000 0.292403 
0.000001 0.055142 0.063256 0.021023 0.012473 0.013257 0.041883 0.000000 0.031725 0.023156 0.036035 0.008269 0.004454 0.067871 0.534227 0.000000 0.087227 
0.000001 0.197378 0.037303 0.031350 0.021844 0.083466 0.068557 0.020293 0.025992 0.006892 0.020529 0.017826 0.023836 0.066846 0.203518 0.000000 0.174368 
0.000002 0.007221 0.052704 0.252763 0.016905 0.000002 0.011146 0.000000 0.048618 0.026448 0.050872 0.000136 0.005572 0.003062 0.522643 0.000000 0.001907 
0.000002 0.264926 0.019700 0.014129 0.122965 0.021042 0.032670 0.000000 0.065238 0.016749 0.010660 0.022715 0.156466 0.129498 0.033896 0.023942 0.065403 
0.000002 0.051480 0.585738 0.019376 0.005192 0.037821 0.016021 0.008143 0.019582 0.006371 0.088683 0.006647 0.009898 0.011369 0.062018 0.000000 0.071660 
0.000001 0.045804 0.260827 0.000250 0.364291 0.004750 0.051418 0.000000 0.025256 0.085727 0.020694 0.000066 0.009928 0.021284 0.073998 0.000000 0.035706 
0.008948 0.124354 0.008120 0.287798 0.221962 0.008643 0.035284 0.000000 0.022421 0.001705 0.051425 0.035837 0.033818 0.043920 0.033279 0.000000 0.082484 
0.029341 0.102690 0.011888 0.007494 0.035707 0.001676 0.027607 0.000000 0.056368 0.086588 0.016466 0.245801 0.082270 0.010155 0.131241 0.042950 0.111757 
0.109655 0.135767 0.172735 0.032748 0.016032 0.071797 0.037021 0.000000 0.026353 0.012112 0.132326 0.032907 0.020409 0.041998 0.045079 0.014365 0.098696 
0.110325 0.114395 0.002894 0.013092 0.044418 0.000002 0.013725 0.000000 0.013413 0.029271 0.179713 0.036548 0.034834 0.067533 0.085136 0.000000 0.254703 
0.269367 0.045381 0.036500 0.012052 0.277063 0.000002 0.088046 0.000000 0.066885 0.066369 0.010348 0.002260 0.013309 0.016208 0.055486 0.012054 0.028669 
0.000001 0.037864 0.006839 0.008593 0.084789 0.016796 0.300539 0.000000 0.071101 0.081683 0.006706 0.006637 0.054270 0.112956 0.096041 0.000000 0.115185 
0.000002 0.164425 0.022815 0.033290 0.013184 0.036158 0.004123 0.000000 0.034397 0.026100 0.038709 0.017324 0.043469 0.048307 0.269101 0.000000 0.248595 
0.000002 0.044187 0.024111 0.233584 0.022449 0.022649 0.017247 0.089753 0.005434 0.007616 0.413800 0.000080 0.006030 0.026423 0.048192 0.000000 0.038444 
0.000001 0.005078 0.047853 0.002013 0.019015 0.000002 0.063463 0.000000 0.367387 0.151805 0.043521 0.000044 0.061819 0.013278 0.188011 0.000000 0.036709 
0.141728 0.029558 0.043719 0.020206 0.035164 0.000002 0.025040 0.000000 0.027755 0.025115 0.021866 0.000091 0.567553 0.011951 0.008660 0.000000 0.041592 
0.010191 0.151012 0.070030 0.023099 0.029713 0.012650 0.093204 0.000000 0.042585 0.012459 0.343159 0.009263 0.014832 0.079479 0.056806 0.000000 0.051517 
0.172561 0.060260 0.023599 0.053265 0.048419 0.000002 0.043798 0.000000 0.014213 0.024444 0.015326 0.000172 0.323956 0.134767 0.040337 0.012084 0.032798 
0.000002 0.005519 0.108593 0.000027 0.003148 0.000002 0.051840 0.000000 0.253891 0.085922 0.002365 0.001943 0.019913 0.005022 0.426219 0.000000 0.035596 
0.000002 0.098259 0.036193 0.009904 0.008043 0.000002 0.349514 0.087200 0.076113 0.009503 0.021537 0.024576 0.019145 0.062396 0.087158 0.000000 0.110455 
0.000002 0.088460 0.028856 0.000342 0.081670 0.024277 0.036827 0.000000 0.026465 0.112185 0.038622 0.013299 0.234655 0.028993 0.067371 0.010613 0.207362 
0.028189 0.086120 0.070017 0.165382 0.058641 0.000002 0.180893 0.000000 0.002338 0.037417 0.031549 0.000648 0.006616 0.031223 0.062528 0.000000 0.238439 
0.000002 0.062479 0.023697 0.311262 0.021624 0.038031 0.273607 0.000000 0.016711 0.027365 0.055611 0.011138 0.005339 0.017741 0.070477 0.000000 0.064917 
0.397805 0.041218 0.055310 0.002859 0.058052 0.018079 0.134220 0.000000 0.027303 0.044840 0.007849 0.019147 0.010960 0.020305 0.083505 0.000000 0.078548 
0.000001 0.056046 0.026882 0.144274 0.034035 0.009719 0.033153 0.000000 0.015191 0.012169 0.049589 0.000068 0.008027 0.539252 0.008187 0.000000 0.063406 
0.021846 0.102545 0.246481 0.001002 0.041112 0.000002 0.041493 0.000000 0.012384 0.031409 0.042452 0.032675 0.086796 0.037348 0.236896 0.000000 0.065558 
0.000002 0.072144 0.070080 0.003402 0.004221 0.000002 0.513750 0.000000 0.021340 0.001629 0.031393 0.045796 0.011116 0.039100 0.092788 0.000000 0.093238 
0.000002 0.096078 0.004624 0.005526 0.059135 0.000002 0.147491 0.248414 0.029446 0.002799 0.016352 0.055382 0.027204 0.166414 0.066833 0.000000 0.074300 
0.098518 0.222488 0.100040 0.072352 0.004845 0.026516 0.042602 0.000000 0.033969 0.006401 0.082051 0.019917 0.023426 0.094514 0.065893 0.000000 0.106469 
0.000002 0.073575 0.026733 0.089609 0.025712 0.010254 0.019429 0.000000 0.327558 0.133028 0.010663 0.013292 0.027304 0.020807 0.097501 0.000000 0.124533 
0.015367 0.108195 0.033249 0.014500 0.128452 0.000002 0.039244 0.000000 0.032685 0.014491 0.250163 0.001111 0.045232 0.034593 0.148887 0.000000 0.133829 
0.000001 0.012924 0.162794 0.014454 0.017902 0.000002 0.012414 0.000000 0.005666 0.000184 0.684379 0.025230 0.012784 0.004029 0.032185 0.000000 0.015053 
0.011924 0.099273 0.011582 0.027895 0.076390 0.000002 0.090560 0.000000 0.029475 0.053548 0.012143 0.270739 0.115211 0.027049 0.026837 0.009526 0.137847 
0.000001 0.115247 0.011090 0.009798 0.221557 0.000002 0.093931 0.000000 0.036911 0.012325 0.016104 0.008717 0.041882 0.023761 0.133789 0.000000 0.274886 
0.029200 0.035174 0.011002 0.003987 0.060898 0.000002 0.023812 0.000000 0.012596 0.002473 0.131160 0.008608 0.076839 0.484180 0.050497 0.000000 0.069573 
0.000001 0.045684 0.066216 0.013098 0.121456 0.000002 0.048518 0.000000 0.010860 0.344335 0.029232 0.000048 0.010087 0.142908 0.039962 0.038554 0.089039 
0.000001 0.159885 0.065836 0.005345 0.031687 0.000002 0.049349 0.000000 0.249384 0.087639 0.012133 0.121751 0.070985 0.029178 0.046250 0.000000 0.070574 
0.060797 0.049668 0.021586 0.016336 0.021466 0.007940 0.434215 0.000000 0.027364 0.035449 0.018068 0.009410 0.014421 0.121990 0.085278 0.000000 0.076011 
0.000001 0.287483 0.018387 0.009915 0.016868 0.000002 0.040262 0.203648 0.075546 0.002574 0.046182 0.012055 0.004932 0.199690 0.040108 0.000000 0.042347 
0.347971 0.038645 0.077133 0.000021 0.006492 0.000001 0.046192 0.000000 0.034515 0.013624 0.003066 0.000151 0.180416 0.032164 0.165383 0.000000 0.054226 
0.067543 0.013213 0.101522 0.000149 0.030518 0.000001 0.010170 0.000000 0.035136 0.035960 0.036920 0.008795 0.007549 0.018005 0.594524 0.000000 0.039996 
0.000001 0.036268 0.020493 0.000168 0.173833 0.005652 0.126522 0.000000 0.054157 0.332597 0.007684 0.003046 0.020772 0.019597 0.037406 0.000000 0.161803 
0.000002 0.146213 0.034263 0.012124 0.017892 0.049480 0.012416 0.000000 0.058331 0.024502 0.035522 0.012901 0.008690 0.390343 0.107304 0.000000 0.090019 
0.083905 0.055387 0.022231 0.006073 0.033249 0.011622 0.273656 0.000000 0.135436 0.070108 0.024995 0.040520 0.023833 0.037380 0.105277 0.000000 0.076328 
0.011435 0.140369 0.004034 0.002193 0.036279 0.000002 0.157681 0.000000 0.011784 0.029975 0.029762 0.020731 0.014127 0.052490 0.130774 0.000000 0.358364 
0.188161 0.051595 0.002769 0.119671 0.005817 0.010375 0.045266 0.017373 0.255404 0.075851 0.031983 0.000153 0.033721 0.018670 0.089269 0.000000 0.053921 
0.000001 0.005893 0.189047 0.002633 0.092226 0.000002 0.089459 0.013105 0.033642 0.063719 0.029163 0.000061 0.016160 0.001700 0.441679 0.000000 0.021510 
0.017531 0.003184 0.016574 0.402916 0.146014 0.006725 0.124708 0.000000 0.011848 0.110041 0.065049 0.002598 0.004676 0.004397 0.063901 0.000000 0.019840 
0.000001 0.047720 0.004429 0.538639 0.005030 0.012749 0.046478 0.078140 0.020252 0.019801 0.091187 0.001828 0.026090 0.047920 0.024450 0.000000 0.035285 
0.028508 0.099141 0.251898 0.001236 0.005317 0.000002 0.125381 0.000000 0.021216 0.008466 0.029386 0.117386 0.141905 0.038145 0.054075 0.000000 0.077937 
0.000002 0.120979 0.014690 0.021802 0.190368 0.042486 0.083507 0.000000 0.053219 0.011857 0.011655 0.021647 0.032098 0.039968 0.077042 0.000000 0.278679 
0.000001 0.145790 0.029522 0.030066 0.031825 0.054826 0.052211 0.000000 0.021635 0.013280 0.020374 0.015092 0.154571 0.052024 0.165089 0.000000 0.213693 
0.000002 0.026160 0.176380 0.137233 0.137983 0.013398 0.144366 0.000000 0.023942 0.115270 0.072756 0.009674 0.012618 0.029867 0.093113 0.000000 0.007239 
0.017978 0.030905 0.026554 0.030288 0.023318 0.026263 0.019328 0.000000 0.010412 0.057496 0.693799 0.004840 0.008216 0.004797 0.028206 0.000000 0.017599 
0.000001 0.109323 0.012412 0.004217 0.083264 0.000001 0.005485 0.000000 0.012106 0.016242 0.028342 0.029319 0.020622 0.074684 0.034854 0.000000 0.569128 
0.037720 0.088690 0.011540 0.013607 0.111153 0.061393 0.023194 0.000000 0.044220 0.013954 0.018831 0.234975 0.101438 0.067415 0.046140 0.000000 0.125729 
0.000001 0.261661 0.017925 0.026788 0.082434 0.214002 0.047983 0.000000 0.057644 0.037251 0.027700 0.008600 0.019015 0.057121 0.060772 0.000000 0.081102 
0.111192 0.138188 0.042246 0.004834 0.018949 0.043500 0.059475 0.000000 0.017162 0.083559 0.009957 0.020276 0.027727 0.051923 0.066608 0.007990 0.296414 
0.000002 0.057947 0.161213 0.007203 0.376915 0.030868 0.016951 0.016275 0.096968 0.005292 0.021629 0.000053 0.016161 0.009213 0.111599 0.000000 0.071711 
0.168030 0.207782 0.045300 0.023102 0.017955 0.195314 0.011755 0.000000 0.024816 0.004309 0.008195 0.008957 0.060829 0.057431 0.056313 0.000000 0.109911 
0.000001 0.073326 0.027688 0.036763 0.101127 0.050153 0.037236 0.000000 0.039824 0.014313 0.019182 0.016300 0.110690 0.004809 0.131877 0.029855 0.306854 
0.015906 0.154262 0.011911 0.053305 0.024124 0.081331 0.033083 0.000000 0.041053 0.007685 0.071903 0.014133 0.041097 0.286997 0.097608 0.000000 0.065604 
0.000002 0.043163 0.036229 0.014717 0.024970 0.000002 0.065440 0.000000 0.093385 0.029511 0.023750 0.003471 0.533318 0.019729 0.056879 0.000000 0.055435 
0.000002 0.064597 0.022291 0.024733 0.161839 0.000002 0.025321 0.000000 0.036551 0.004332 0.372152 0.079828 0.038980 0.018766 0.097115 0.000000 0.053492 
0.000001 0.113573 0.013170 0.008824 0.005693 0.000002 0.053353 0.000000 0.053997 0.043105 0.044242 0.225018 0.117912 0.046939 0.029189 0.022089 0.222893 
0.407894 0.076778 0.005351 0.007930 0.013585 0.018095 0.019079 0.000000 0.028000 0.085165 0.032054 0.025925 0.028886 0.046130 0.078512 0.000000 0.126616 
0.000001 0.119326 0.026861 0.261826 0.063282 0.000002 0.025178 0.000000 0.003258 0.014603 0.020340 0.010640 0.033701 0.048553 0.066710 0.000000 0.305720 
0.026402 0.032341 0.042809 0.012221 0.097511 0.000002 0.094435 0.000000 0.078538 0.370120 0.014389 0.000859 0.010149 0.020893 0.124522 0.026233 0.048575 
0.000002 0.124379 0.043003 0.007667 0.035691 0.049126 0.214637 0.000000 0.004644 0.017312 0.037196 0.029351 0.084720 0.073662 0.065692 0.000000 0.212920 
0.000001 0.022025 0.008480 0.004711 0.046657 0.031999 0.114761 0.000000 0.381944 0.173957 0.018363 0.012819 0.020902 0.016438 0.128523 0.000000 0.018420 
0.000002 0.129985 0.015309 0.007559 0.041775 0.011013 0.037697 0.168788 0.005949 0.041178 0.032679 0.008229 0.009570 0.221565 0.227727 0.000000 0.040977 
0.007886 0.073504 0.037028 0.010661 0.057847 0.000002 0.033667 0.000000 0.025144 0.042887 0.103568 0.007820 0.041043 0.061751 0.066141 0.000000 0.431051 
0.000002 0.150126 0.032423 0.022901 0.093313 0.081439 0.018895 0.000000 0.091534 0.032579 0.017389 0.012945 0.017983 0.268031 0.104984 0.000000 0.055457 
0.000001 0.241127 0.010737 0.010438 0.015411 0.000002 0.035326 0.024049 0.092520 0.260574 0.032915 0.008046 0.074771 0.091433 0.025111 0.012513 0.065025 
0.000001 0.108885 0.050794 0.000850 0.090188 0.021907 0.079010 0.088011 0.216552 0.080608 0.021509 0.013415 0.025880 0.036962 0.105536 0.000000 0.059894 
0.000002 0.007749 0.065078 0.002409 0.019648 0.003558 0.058135 0.000000 0.393089 0.157597 0.030600 0.005779 0.020890 0.031551 0.177324 0.000000 0.026592 
0.000001 0.121966 0.026218 0.001277 0.222615 0.000002 0.059095 0.000000 0.036721 0.019670 0.020981 0.042385 0.046604 0.031707 0.064794 0.010275 0.295689 
0.000002 0.065540 0.013660 0.006293 0.047001 0.000002 0.033230 0.239166 0.024888 0.006328 0.012023 0.003154 0.014492 0.445765 0.051814 0.000000 0.036642 
0.016098 0.121714 0.011776 0.016442 0.202287 0.000002 0.038163 0.030620 0.027652 0.095088 0.024247 0.023498 0.031788 0.028789 0.089733 0.000000 0.242102 
0.000001 0.166101 0.020714 0.005010 0.027417 0.000002 0.073136 0.000000 0.178152 0.050862 0.024835 0.013987 0.280053 0.054759 0.028337 0.000000 0.076631 
0.013159 0.059597 0.003223 0.028058 0.573296 0.025805 0.016555 0.000000 0.069854 0.011796 0.006352 0.000048 0.013704 0.007084 0.110133 0.000000 0.061336 
0.036067 0.148523 0.123761 0.006388 0.008610 0.000002 0.031474 0.000000 0.016574 0.120396 0.013137 0.023579 0.015889 0.054337 0.349930 0.000000 0.051333 
0.000002 0.291321 0.027853 0.006010 0.020617 0.000002 0.023884 0.000000 0.059541 0.059243 0.023601 0.014156 0.016527 0.090584 0.036216 0.021546 0.308897 
0.022230 0.185491 0.025869 0.057894 0.056141 0.020316 0.054656 0.093588 0.026257 0.001724 0.118356 0.021095 0.016542 0.075177 0.077992 0.000000 0.146672 
0.000001 0.093127 0.082855 0.002158 0.040613 0.009258 0.185932 0.000000 0.087952 0.201022 0.024181 0.027241 0.012397 0.044664 0.057870 0.000000 0.130729 
0.012114 0.166038 0.021253 0.007388 0.026791 0.048180 0.051680 0.000000 0.008366 0.005310 0.043630 0.150051 0.103749 0.054242 0.038689 0.000000 0.262520 
0.019034 0.031063 0.050091 0.048340 0.015788 0.000002 0.385336 0.000000 0.017451 0.018717 0.258448 0.010666 0.007079 0.015072 0.065357 0.000000 0.057557 
0.000001 0.164656 0.017856 0.010481 0.042218 0.000002 0.003802 0.269586 0.058481 0.001274 0.019805 0.003795 0.028316 0.108053 0.111015 0.000000 0.160657 
0.008561 0.097502 0.033842 0.006356 0.092897 0.000002 0.000879 0.295328 0.013973 0.010935 0.014855 0.002261 0.000622 0.151198 0.038136 0.000000 0.232654 
0.081807 0.057434 0.037397 0.274333 0.087204 0.013654 0.033892 0.000000 0.004539 0.013102 0.047742 0.000073 0.011386 0.056423 0.024105 0.000000 0.256907 
0.000001 0.129268 0.047391 0.010339 0.052919 0.000002 0.003450 0.339845 0.012787 0.013896 0.018963 0.002825 0.009329 0.178530 0.155767 0.000000 0.024688 
0.065603 0.181302 0.084035 0.021299 0.010770 0.143536 0.005559 0.000000 0.034655 0.007287 0.300027 0.005923 0.022632 0.026708 0.033311 0.000000 0.057355 
0.000001 0.169002 0.055748 0.010321 0.046336 0.077079 0.025039 0.000000 0.026806 0.008087 0.063755 0.009734 0.388114 0.056239 0.018241 0.000000 0.045498 
0.000001 0.126724 0.052451 0.013122 0.040389 0.000002 0.011679 0.244194 0.037790 0.022732 0.019875 0.008312 0.004104 0.106272 0.296577 0.000000 0.015778 
0.000002 0.178918 0.014455 0.038655 0.221523 0.133151 0.015621 0.031563 0.094901 0.000817 0.006212 0.009363 0.015346 0.035332 0.076347 0.000000 0.127794 
0.000002 0.294740 0.003240 0.019184 0.018113 0.104850 0.042702 0.000000 0.082121 0.012089 0.040614 0.021629 0.024046 0.052058 0.157310 0.010873 0.116429 
0.000001 0.044320 0.181607 0.001179 0.015810 0.014779 0.015211 0.164614 0.023665 0.002431 0.021426 0.000075 0.328927 0.084619 0.079417 0.000000 0.021919 
0.000002 0.018813 0.676926 0.077265 0.006207 0.000002 0.009043 0.000000 0.026792 0.021595 0.079697 0.000109 0.010378 0.006377 0.027156 0.000000 0.039638 
0.000002 0.050533 0.113516 0.001803 0.020662 0.000002 0.016881 0.009493 0.018867 0.026969 0.042962 0.015184 0.304360 0.001727 0.064138 0.000000 0.312903 
0.072840 0.050468 0.009305 0.013172 0.036568 0.013176 0.094041 0.083233 0.054911 0.033666 0.235378 0.000091 0.027744 0.223487 0.032625 0.000000 0.019297 
0.000001 0.077568 0.083699 0.115076 0.038522 0.000002 0.013132 0.165385 0.055109 0.022530 0.258042 0.002042 0.000326 0.104443 0.052124 0.000000 0.011999 
0.000001 0.155335 0.001867 0.002665 0.036313 0.030101 0.093895 0.000000 0.014512 0.059467 0.045918 0.005784 0.002003 0.036893 0.450489 0.000000 0.064756 
0.000002 0.104398 0.073088 0.016246 0.010912 0.024826 0.017316 0.134568 0.036677 0.005474 0.010392 0.194343 0.066680 0.110194 0.090332 0.000000 0.104553 
0.000002 0.040634 0.127299 0.190656 0.001842 0.000002 0.012256 0.000000 0.018999 0.021621 0.077880 0.000360 0.007023 0.291118 0.200574 0.000000 0.009734 
0.000001 0.013803 0.515505 0.003518 0.012208 0.007388 0.042133 0.000000 0.047597 0.081829 0.027697 0.000086 0.019229 0.003983 0.167060 0.000000 0.057961 
0.000001 0.074492 0.027426 0.011617 0.082272 0.000002 0.084907 0.000000 0.078913 0.157371 0.006879 0.203971 0.094077 0.028693 0.039522 0.000000 0.109858 
0.000001 0.069586 0.023733 0.016619 0.032393 0.012271 0.045186 0.027165 0.280195 0.154627 0.032939 0.018517 0.092313 0.034007 0.076635 0.000000 0.083812 
0.350776 0.026688 0.026063 0.001937 0.018695 0.002594 0.050778 0.000000 0.115865 0.033187 0.005512 0.000079 0.240231 0.055241 0.024139 0.000000 0.048215 
0.000002 0.145571 0.010180 0.038826 0.021083 0.000002 0.068527 0.000000 0.032391 0.011715 0.245481 0.011466 0.012197 0.028286 0.295232 0.013214 0.065828 
0.000001 0.120328 0.017907 0.004276 0.036004 0.000001 0.090893 0.000000 0.009350 0.021756 0.073792 0.010297 0.000368 0.023475 0.528446 0.009781 0.053325 
0.012720 0.054104 0.005772 0.014952 0.066802 0.000002 0.008395 0.486851 0.015243 0.007248 0.001338 0.002693 0.003120 0.217593 0.065226 0.000000 0.037942 
0.008066 0.028836 0.046740 0.006357 0.015532 0.000002 0.187432 0.000000 0.042392 0.046091 0.019853 0.005034 0.417944 0.014084 0.114190 0.000000 0.047449 
0.000002 0.157641 0.006879 0.063256 0.027315 0.084221 0.040484 0.027540 0.029172 0.009586 0.020940 0.041759 0.042149 0.085856 0.134437 0.000000 0.228763 
0.000002 0.066256 0.002614 0.008996 0.084855 0.007027 0.195679 0.000000 0.034805 0.017392 0.031871 0.039152 0.238556 0.048431 0.071104 0.000000 0.153260 
0.033115 0.246473 0.013086 0.008032 0.030110 0.022335 0.063562 0.042437 0.057459 0.115995 0.002327 0.117774 0.038346 0.060973 0.030077 0.000000 0.117898 
0.000001 0.056291 0.002582 0.441220 0.026351 0.000002 0.003400 0.185975 0.029810 0.007944 0.047924 0.003226 0.007252 0.116298 0.042246 0.000000 0.029480 
0.000001 0.086539 0.002648 0.011966 0.025624 0.007883 0.197044 0.000000 0.023031 0.028044 0.019393 0.123956 0.053542 0.041240 0.242578 0.018678 0.117832 
0.000002 0.027964 0.140636 0.000415 0.116265 0.000002 0.044355 0.000000 0.113308 0.098845 0.020449 0.000074 0.016980 0.088528 0.309205 0.000000 0.022971 
0.000001 0.221458 0.007711 0.059344 0.063064 0.000002 0.034544 0.000000 0.038697 0.006642 0.033575 0.020765 0.016289 0.161221 0.043776 0.020005 0.272905 
0.000001 0.086205 0.002391 0.002797 0.429546 0.000002 0.064378 0.000000 0.054949 0.006969 0.021114 0.003120 0.003439 0.016632 0.205117 0.011486 0.091853 
0.243723 0.144338 0.021283 0.006210 0.009876 0.000002 0.034469 0.235992 0.025324 0.020175 0.004371 0.010029 0.017525 0.150580 0.034753 0.000000 0.041350 
0.000002 0.024233 0.039066 0.177089 0.086223 0.000002 0.129185 0.033629 0.006438 0.056996 0.040996 0.002261 0.036377 0.279304 0.071380 0.000000 0.016820 
