-1961990.453899
0
0.015320 0.017710 0.000000 0.008164 0.009768 0.002264 0.000000 0.014878 0.016420 0.000000 0.024257 0.022951 0.000000 0.005586 0.007483 0.000000 0.017630 0.000000 0.017200 0.033773 0.000000 0.000000 0.000000 0.000000 0.009728 0.023827 0.000000 0.000000 0.000000 0.002257 0.000000 0.000000 0.067034 0.084958 0.011316 0.202329 0.006524 0.008043 0.003285 0.002956 0.008166 0.002446 0.000000 0.000000 0.000000 0.000000 0.000000 0.000000 0.000000 0.000000 0.000000 0.000000 0.002711 0.000000 0.000000 0.000000 0.043211 0.058608 0.000000 0.149701 0.006052 0.000000 0.002971 0.005892 0.000000 0.000000 0.002839 0.014662 0.000000 0.000000 0.007118 0.000000 0.000000 0.009710 0.001569 0.000000 0.000000 0.000000 0.000000 0.013366 0.000000 0.000000 0.000000 0.000000 0.000000 0.006776 0.010013 0.015272 0.000000 0.000000 0.003256 0.000000 0.000000 0.000000 0.000000 0.000000 
0.005318 0.004352 0.002206 0.003366 0.002133 0.000877 0.000000 0.001548 0.010465 0.000000 0.000000 0.001512 0.006286 0.008439 0.006350 0.006992 0.066474 0.041494 0.064423 0.036726 0.000000 0.000000 0.000162 0.000000 0.007137 0.006995 0.000000 0.000000 0.000000 0.001384 0.000000 0.000000 0.018409 0.000000 0.000000 0.022978 0.003819 0.012210 0.005674 0.004882 0.036750 0.044580 0.044826 0.037245 0.000909 0.004032 0.002854 0.000000 0.000000 0.004996 0.000000 0.000000 0.000000 0.000000 0.000000 0.000000 0.003106 0.000000 0.000000 0.008750 0.002815 0.004022 0.003188 0.002732 0.061046 0.033829 0.049263 0.049974 0.000000 0.000000 0.000000 0.000714 0.004604 0.010615 0.002145 0.000000 0.000000 0.001385 0.000000 0.000000 0.000000 0.000000 0.000000 0.000000 0.007839 0.017890 0.004889 0.009821 0.061464 0.041161 0.037050 0.047070 0.000000 0.003417 0.000000 0.002410 
0.000000 0.000000 0.000000 0.000491 0.000000 0.000000 0.000000 0.000000 0.008252 0.000000 0.000000 0.004655 0.000000 0.000000 0.000000 0.001142 0.000000 0.006120 0.000000 0.000000 0.000000 0.009944 0.004723 0.039723 0.000000 0.000000 0.000000 0.000000 0.000793 0.000000 0.000000 0.000000 0.018414 0.000000 0.004183 0.008186 0.000000 0.009187 0.003593 0.037853 0.006430 0.045043 0.031789 0.126063 0.000000 0.024622 0.016279 0.337531 0.003149 0.000000 0.000000 0.004308 0.000000 0.000000 0.000000 0.000502 0.000000 0.000000 0.000000 0.000000 0.000000 0.003553 0.003777 0.005490 0.000000 0.008943 0.000000 0.005544 0.000000 0.009814 0.005228 0.075980 0.000000 0.000000 0.001712 0.000000 0.000000 0.000000 0.000000 0.000000 0.000000 0.000000 0.000000 0.009689 0.000000 0.000000 0.000000 0.001515 0.000000 0.008281 0.004750 0.008196 0.000000 0.012276 0.004962 0.077314 
0.000000 0.000000 0.000000 0.000000 0.000000 0.002007 0.000000 0.001145 0.035316 0.014012 0.026492 0.013074 0.000000 0.002269 0.000000 0.007148 0.014360 0.017321 0.065533 0.005403 0.000000 0.000000 0.000743 0.000000 0.025664 0.047406 0.019099 0.117964 0.000000 0.000000 0.000000 0.000000 0.008995 0.007870 0.051222 0.000000 0.000000 0.006636 0.001634 0.002301 0.017707 0.015757 0.094601 0.009200 0.000000 0.011341 0.020829 0.000000 0.000000 0.003329 0.004972 0.000000 0.000704 0.002808 0.000000 0.001273 0.076855 0.066453 0.000000 0.054447 0.000000 0.004396 0.001823 0.001479 0.000000 0.000000 0.032606 0.000000 0.000000 0.003847 0.002807 0.002344 0.000000 0.000000 0.001862 0.000000 0.000000 0.000000 0.000000 0.000000 0.012221 0.000000 0.016182 0.000000 0.000000 0.000000 0.000000 0.001733 0.004088 0.010359 0.027261 0.003101 0.000000 0.000000 0.000000 0.000000 
0.036033 0.051385 0.034109 0.027003 0.013653 0.006514 0.003590 0.006549 0.014871 0.000000 0.000000 0.000000 0.007350 0.003509 0.016235 0.004726 0.008223 0.000000 0.004468 0.000000 0.000000 0.000000 0.001606 0.000000 0.026820 0.102512 0.000000 0.027912 0.015875 0.015818 0.006881 0.014092 0.027002 0.007770 0.000000 0.024541 0.014231 0.019924 0.065428 0.019647 0.004350 0.000000 0.000000 0.001441 0.000000 0.000000 0.003231 0.000000 0.000000 0.066832 0.034708 0.000000 0.009615 0.015190 0.013983 0.006807 0.000000 0.000000 0.000000 0.000000 0.011915 0.007277 0.024815 0.006998 0.006131 0.000000 0.000000 0.000000 0.000000 0.000000 0.000000 0.000000 0.019838 0.071212 0.010008 0.000000 0.000000 0.011981 0.004619 0.000000 0.000000 0.000000 0.000000 0.000000 0.005572 0.008301 0.014640 0.008211 0.000000 0.000000 0.000000 0.000000 0.000000 0.000000 0.004050 0.000000 
0.067924 0.112690 0.000000 0.089226 0.000000 0.000000 0.000000 0.000000 0.000001 0.000000 0.000000 0.031951 0.000000 0.048327 0.000000 0.103426 0.000000 0.000000 0.000000 0.000000 0.000000 0.000000 0.000000 0.000000 0.033899 0.000000 0.000000 0.000000 0.000000 0.000000 0.000000 0.000000 0.000002 0.000000 0.000000 0.000003 0.000000 0.070078 0.000000 0.096317 0.000000 0.031476 0.000000 0.000000 0.000000 0.000000 0.000000 0.000000 0.000000 0.000000 0.000000 0.000000 0.000000 0.000000 0.000000 0.000000 0.000000 0.000000 0.000000 0.000000 0.000000 0.039260 0.000000 0.097780 0.000000 0.000000 0.000000 0.000000 0.000000 0.000000 0.000000 0.002865 0.000000 0.000001 0.000000 0.030813 0.000000 0.000000 0.000000 0.000000 0.000000 0.000000 0.000000 0.000000 0.000000 0.026104 0.000000 0.117858 0.000000 0.000000 0.000000 0.000000 0.000000 0.000000 0.000000 0.000000 
0.066387 0.010881 0.003908 0.020660 0.000000 0.000719 0.001998 0.002676 0.000000 0.000000 0.000000 0.000000 0.002498 0.000000 0.004453 0.000000 0.002941 0.000000 0.000000 0.004741 0.000000 0.000000 0.002277 0.000000 0.120180 0.023697 0.023316 0.031558 0.000000 0.002939 0.006606 0.002814 0.005040 0.000000 0.010198 0.002789 0.000000 0.000000 0.006614 0.000000 0.000000 0.000000 0.000000 0.000000 0.000000 0.000000 0.004876 0.000000 0.170133 0.020032 0.013520 0.086040 0.000000 0.000000 0.001374 0.000000 0.000000 0.000000 0.000000 0.000000 0.002256 0.000000 0.000000 0.000000 0.000000 0.000000 0.003646 0.000000 0.000253 0.000000 0.008763 0.000000 0.092023 0.055255 0.019955 0.144329 0.000000 0.007148 0.003017 0.000000 0.000000 0.000000 0.000000 0.000000 0.005514 0.000000 0.001976 0.000000 0.000000 0.000000 0.000000 0.000000 0.000000 0.000000 0.000000 0.000000 
0.032526 0.030314 0.000000 0.024002 0.033889 0.018269 0.005748 0.034506 0.023778 0.000000 0.000000 0.019112 0.015772 0.014543 0.015528 0.016430 0.014710 0.008707 0.006378 0.026171 0.000000 0.002458 0.017513 0.005260 0.013716 0.017347 0.000000 0.000000 0.024335 0.021267 0.006068 0.038527 0.016313 0.000000 0.000000 0.017846 0.015221 0.016920 0.019679 0.027742 0.003968 0.009844 0.000000 0.008339 0.000000 0.006690 0.013551 0.000000 0.000000 0.012276 0.000000 0.000000 0.020029 0.013829 0.000000 0.026894 0.010929 0.000000 0.000000 0.004374 0.008726 0.009398 0.015468 0.015535 0.000000 0.002754 0.000000 0.003203 0.003563 0.004922 0.020975 0.006483 0.006808 0.013607 0.000000 0.000000 0.000000 0.020742 0.000000 0.014169 0.000000 0.000000 0.000000 0.001989 0.013540 0.012987 0.010126 0.024224 0.001190 0.010607 0.000000 0.007609 0.000000 0.010879 0.017896 0.011287 
0.000000 0.000000 0.000000 0.000000 0.000000 0.000000 0.000431 0.000000 0.006943 0.000000 0.000000 0.000000 0.000000 0.000000 0.000000 0.000000 0.001066 0.000000 0.000000 0.001826 0.000000 0.000000 0.000000 0.000000 0.000884 0.000000 0.000000 0.000000 0.000000 0.000000 0.000000 0.000000 0.015038 0.000000 0.002506 0.003888 0.000000 0.000000 0.000000 0.000000 0.000000 0.000000 0.000000 0.000000 0.000000 0.000000 0.000000 0.000000 0.000000 0.000000 0.000000 0.000000 0.000000 0.000000 0.000000 0.000000 0.002597 0.000000 0.000000 0.000000 0.000000 0.000000 0.000000 0.000000 0.000000 0.000000 0.000000 0.000000 0.000000 0.000000 0.000000 0.000000 0.013764 0.007755 0.002153 0.000000 0.022657 0.000000 0.000000 0.053434 0.488860 0.081755 0.037422 0.257019 0.000000 0.000000 0.000000 0.000000 0.000000 0.000000 0.000000 0.000000 0.000000 0.000000 0.000000 0.000000 
0.000000 0.000000 0.000000 0.000000 0.000000 0.000000 0.000000 0.000000 0.005169 0.014963 0.029001 0.000000 0.000000 0.010946 0.000000 0.005901 0.000000 0.003802 0.000000 0.000000 0.000000 0.000000 0.000000 0.001821 0.004808 0.007580 0.000000 0.000000 0.000000 0.000000 0.000000 0.000000 0.000000 0.000000 0.012791 0.001914 0.000000 0.000000 0.000000 0.000000 0.000000 0.000000 0.000000 0.000000 0.000000 0.000000 0.000000 0.000000 0.000000 0.011835 0.000000 0.030434 0.000000 0.000000 0.000000 0.000000 0.063576 0.197848 0.322511 0.119531 0.000000 0.003974 0.000000 0.002594 0.028532 0.062103 0.012739 0.008074 0.000000 0.001059 0.003619 0.020418 0.000000 0.000000 0.001371 0.000000 0.000000 0.000000 0.000000 0.000000 0.000000 0.000000 0.000000 0.000000 0.000000 0.000000 0.000000 0.000000 0.001851 0.009236 0.000000 0.000000 0.000000 0.000000 0.000000 0.000000 
0.000000 0.000000 0.000000 0.006398 0.000000 0.000000 0.000000 0.000000 0.000000 0.000000 0.000000 0.004191 0.000000 0.000000 0.000000 0.000000 0.000000 0.003478 0.000000 0.001213 0.000000 0.004537 0.002112 0.016319 0.000000 0.000000 0.000000 0.007707 0.000000 0.000000 0.000000 0.000000 0.000000 0.000000 0.000938 0.000000 0.000000 0.000000 0.000000 0.000000 0.000000 0.000000 0.000000 0.000000 0.000000 0.000000 0.001526 0.014889 0.000000 0.000000 0.001680 0.000000 0.000000 0.000000 0.000000 0.000000 0.000000 0.000000 0.001278 0.006901 0.000000 0.000000 0.000000 0.000000 0.000000 0.004570 0.002406 0.012087 0.000000 0.001666 0.000000 0.000000 0.046885 0.009303 0.003288 0.405369 0.000000 0.000000 0.000000 0.000000 0.000000 0.018199 0.267065 0.042327 0.000000 0.000000 0.000000 0.002526 0.000000 0.008887 0.004040 0.007825 0.000000 0.009809 0.001981 0.078601 
0.016161 0.010135 0.000000 0.003365 0.005357 0.000000 0.000000 0.000000 0.000000 0.000000 0.000000 0.000000 0.024044 0.004947 0.010384 0.034839 0.027127 0.000989 0.003604 0.042515 0.083198 0.007321 0.005266 0.028772 0.004870 0.003080 0.000000 0.000000 0.000000 0.000000 0.000000 0.000000 0.000000 0.000000 0.000000 0.000000 0.009864 0.002612 0.005896 0.000000 0.015516 0.000000 0.000000 0.009586 0.049060 0.005688 0.016712 0.000000 0.007114 0.018028 0.000000 0.000000 0.000000 0.003826 0.000000 0.003406 0.000000 0.000000 0.000000 0.000000 0.005597 0.000000 0.000000 0.002140 0.000000 0.000000 0.000000 0.000000 0.014545 0.000000 0.004831 0.013889 0.036125 0.000000 0.000000 0.037352 0.000000 0.000000 0.000000 0.000000 0.000000 0.000000 0.000000 0.000000 0.045318 0.000000 0.025251 0.021511 0.011650 0.003768 0.006931 0.053276 0.131704 0.011706 0.014572 0.096549 
0.000000 0.000000 0.000000 0.000000 0.004650 0.000000 0.000000 0.002759 0.000000 0.000000 0.000000 0.000000 0.000000 0.000000 0.000000 0.000000 0.000000 0.000000 0.000000 0.000000 0.000000 0.001189 0.000000 0.000000 0.000996 0.000000 0.000000 0.000000 0.006659 0.000000 0.000000 0.005129 0.001688 0.000000 0.000000 0.000000 0.000000 0.000000 0.000000 0.000000 0.000000 0.000000 0.000000 0.000000 0.000000 0.000000 0.000000 0.000000 0.000000 0.000000 0.000000 0.000000 0.000535 0.000527 0.000000 0.003011 0.000000 0.000000 0.000000 0.000000 0.000000 0.000000 0.001206 0.000000 0.000000 0.000000 0.000000 0.000000 0.000000 0.000000 0.000000 0.000000 0.052357 0.018130 0.001451 0.014004 0.329661 0.073519 0.013429 0.395232 0.073298 0.000000 0.000000 0.000000 0.000000 0.000000 0.000000 0.000000 0.000000 0.000000 0.000000 0.000000 0.000000 0.000571 0.000000 0.000000 
0.000000 0.007657 0.000000 0.062280 0.000000 0.000000 0.000000 0.000000 0.038724 0.027574 0.012347 0.040857 0.000000 0.000000 0.000000 0.000000 0.000000 0.006739 0.000000 0.006402 0.000000 0.000000 0.000000 0.012624 0.007291 0.017726 0.000000 0.265313 0.000000 0.000000 0.000000 0.000000 0.000000 0.000000 0.000000 0.017589 0.000000 0.004261 0.000000 0.001934 0.000000 0.008665 0.000000 0.000000 0.000000 0.003613 0.000000 0.000000 0.000000 0.015946 0.000000 0.140654 0.000467 0.000000 0.000000 0.000000 0.056375 0.000000 0.000000 0.040265 0.000000 0.002177 0.000000 0.000000 0.000000 0.000000 0.008537 0.009395 0.000000 0.001657 0.000000 0.000000 0.000000 0.034532 0.000000 0.110761 0.000000 0.000000 0.000000 0.000000 0.000000 0.012421 0.000000 0.013533 0.000000 0.002716 0.000000 0.000000 0.000000 0.006167 0.002798 0.000000 0.000000 0.000000 0.000000 0.000000 
0.000000 0.000000 0.000000 0.000000 0.000000 0.000000 0.000000 0.000000 0.000000 0.010586 0.000000 0.000000 0.001692 0.000000 0.000505 0.003664 0.000000 0.000000 0.000000 0.000000 0.000000 0.000000 0.000888 0.000000 0.000000 0.000000 0.000000 0.000000 0.000000 0.000809 0.000628 0.000000 0.086855 0.099239 0.025435 0.084021 0.000000 0.000557 0.000537 0.001633 0.000000 0.000000 0.000000 0.001842 0.000000 0.001557 0.000000 0.000000 0.000000 0.000000 0.000000 0.000000 0.000000 0.000000 0.000000 0.000000 0.000000 0.011748 0.000000 0.015531 0.000000 0.000000 0.000529 0.000000 0.000000 0.000000 0.000000 0.009653 0.000000 0.000000 0.002065 0.000000 0.000000 0.002558 0.000000 0.000000 0.000000 0.001234 0.000000 0.000000 0.103589 0.339898 0.113056 0.065906 0.000000 0.000000 0.000509 0.006215 0.001971 0.000000 0.001290 0.001007 0.000000 0.001699 0.001091 0.000000 
0.000000 0.000000 0.000000 0.014478 0.000000 0.000000 0.000000 0.000000 0.019104 0.000000 0.000000 0.018744 0.000000 0.000000 0.009883 0.000000 0.291560 0.000000 0.062007 0.187966 0.000000 0.017873 0.017481 0.020646 0.000000 0.000000 0.000000 0.000000 0.000000 0.000000 0.000000 0.000000 0.041407 0.000000 0.000000 0.020949 0.000000 0.021922 0.038076 0.000000 0.000000 0.000000 0.000000 0.042933 0.000000 0.023757 0.006490 0.000000 0.000000 0.000000 0.000000 0.000000 0.000000 0.000000 0.000000 0.000000 0.009944 0.000000 0.000000 0.000000 0.000000 0.000000 0.000000 0.000000 0.000000 0.000000 0.000000 0.000000 0.000000 0.010394 0.000000 0.000000 0.000000 0.000001 0.000000 0.000000 0.000000 0.000000 0.000000 0.000000 0.000000 0.000000 0.000000 0.000000 0.000000 0.000000 0.000000 0.000000 0.026120 0.022821 0.016518 0.000000 0.000000 0.021225 0.000000 0.037698 
0.008073 0.010592 0.002415 0.004637 0.000922 0.002981 0.000000 0.002946 0.043576 0.000000 0.294711 0.006672 0.003382 0.000000 0.000990 0.009377 0.011532 0.000000 0.006375 0.004867 0.000000 0.004497 0.000000 0.000000 0.000000 0.005511 0.000000 0.000000 0.000000 0.000000 0.000000 0.000000 0.020487 0.000000 0.181425 0.006110 0.000000 0.000000 0.000000 0.000000 0.000000 0.000000 0.000000 0.001451 0.000000 0.001079 0.000000 0.000000 0.002954 0.006534 0.000000 0.000000 0.000000 0.002782 0.000000 0.000000 0.029875 0.000000 0.152646 0.000000 0.000000 0.000000 0.000000 0.004185 0.009781 0.000000 0.000000 0.010443 0.000000 0.000000 0.000000 0.000000 0.009616 0.008598 0.000000 0.000000 0.000000 0.000000 0.000000 0.000000 0.000000 0.000000 0.105343 0.000000 0.003777 0.000000 0.000000 0.002240 0.005756 0.000000 0.005813 0.002938 0.000000 0.000000 0.002110 0.000000 
0.000000 0.000000 0.000000 0.000000 0.001068 0.000000 0.000000 0.000454 0.022956 0.130043 0.000000 0.076317 0.000000 0.000000 0.001596 0.000000 0.000000 0.001756 0.000000 0.000000 0.000000 0.000000 0.000000 0.000000 0.000000 0.001890 0.000593 0.000000 0.000000 0.000000 0.000000 0.000000 0.029515 0.175605 0.007849 0.092253 0.000000 0.002571 0.000000 0.000000 0.000000 0.000000 0.000000 0.000000 0.000000 0.000000 0.000354 0.000000 0.000000 0.000000 0.000000 0.000000 0.000000 0.000000 0.000000 0.000000 0.028391 0.116052 0.000000 0.061880 0.000000 0.000000 0.000000 0.000000 0.000000 0.000000 0.000000 0.000000 0.000000 0.000000 0.000000 0.000000 0.000000 0.002013 0.000000 0.000000 0.000000 0.000000 0.000000 0.000000 0.000000 0.146099 0.000000 0.099860 0.000000 0.000000 0.000000 0.000000 0.000000 0.000000 0.000883 0.000000 0.000000 0.000000 0.000000 0.000000 
0.000000 0.087611 0.011522 0.021361 0.020368 0.000000 0.035454 0.032790 0.022968 0.077117 0.016906 0.009746 0.001624 0.026225 0.273555 0.000000 0.268965 0.093788 
0.000000 0.021877 0.017373 0.017080 0.000002 0.000000 0.367372 0.116473 0.060071 0.018422 0.001254 0.006557 0.006578 0.075909 0.227030 0.000000 0.033503 0.030500 
0.000000 0.148218 0.006888 0.063094 0.000002 0.000000 0.223051 0.046356 0.032241 0.107054 0.010339 0.006801 0.014154 0.034675 0.015399 0.000000 0.239386 0.052341 
0.043259 0.027965 0.275808 0.055356 0.128229 0.000000 0.083238 0.066340 0.026137 0.002517 0.050566 0.005749 0.002817 0.029384 0.011155 0.000000 0.044752 0.146729 
0.026501 0.101402 0.018801 0.109434 0.000002 0.000000 0.019254 0.152069 0.049530 0.022325 0.040696 0.019611 0.011397 0.026295 0.108192 0.000000 0.230753 0.063739 
0.000000 0.071137 0.043938 0.283144 0.000002 0.000000 0.002240 0.017786 0.005089 0.210147 0.014985 0.003168 0.000023 0.171773 0.027137 0.000000 0.076045 0.073386 
0.000000 0.155566 0.015636 0.120974 0.000002 0.000000 0.170082 0.096069 0.049008 0.028713 0.000666 0.015891 0.007441 0.050760 0.037477 0.067942 0.015624 0.168148 
0.000000 0.056653 0.001135 0.011614 0.000002 0.000000 0.021090 0.012902 0.817241 0.002668 0.012452 0.009231 0.023583 0.007887 0.002063 0.000000 0.003185 0.018295 
0.000000 0.027458 0.005088 0.044368 0.052021 0.000000 0.048746 0.015086 0.051437 0.020262 0.000213 0.006151 0.135732 0.002302 0.503983 0.000000 0.010355 0.076798 
0.000000 0.113927 0.148850 0.023138 0.000002 0.000000 0.042513 0.034521 0.022577 0.060364 0.253293 0.063267 0.134728 0.017084 0.001367 0.000000 0.052478 0.031890 
0.031833 0.004582 0.023927 0.225910 0.000002 0.000000 0.005219 0.004790 0.016192 0.152558 0.000480 0.003651 0.134254 0.030120 0.011674 0.000000 0.191002 0.163808 
0.000000 0.168093 0.036332 0.041951 0.007064 0.000000 0.020295 0.131663 0.095202 0.008902 0.107304 0.054434 0.016499 0.004294 0.156024 0.107567 0.005732 0.038642 
0.037213 0.243483 0.014776 0.073817 0.014105 0.000000 0.025834 0.062556 0.310761 0.075015 0.015877 0.008886 0.020874 0.015897 0.022124 0.000000 0.011109 0.047673 
0.000000 0.093731 0.043976 0.048897 0.010696 0.000000 0.035192 0.082557 0.012462 0.058424 0.194121 0.010260 0.000826 0.017646 0.051559 0.000000 0.152533 0.187120 
0.028963 0.028381 0.008699 0.022193 0.000002 0.000000 0.014198 0.009515 0.603682 0.013669 0.006216 0.008972 0.025666 0.003082 0.036393 0.000000 0.129800 0.060569 
0.000000 0.413140 0.043518 0.035364 0.002770 0.000000 0.059027 0.066036 0.098111 0.019352 0.000809 0.075584 0.011896 0.002287 0.034791 0.063115 0.012613 0.061585 
0.000000 0.300799 0.040936 0.046210 0.040693 0.000000 0.056883 0.128809 0.039337 0.025462 0.009745 0.066912 0.025993 0.015411 0.011531 0.081744 0.070173 0.039363 
0.201743 0.066233 0.093971 0.031045 0.000002 0.000000 0.037671 0.109536 0.138575 0.044800 0.030132 0.010680 0.022798 0.017360 0.009162 0.000000 0.046134 0.140158 
0.000000 0.032688 0.017174 0.018120 0.177093 0.000000 0.075468 0.024519 0.173194 0.003928 0.008018 0.000098 0.071013 0.001792 0.344351 0.000000 0.009177 0.043367 
0.000000 0.095222 0.015562 0.009076 0.058373 0.113449 0.126100 0.137770 0.018477 0.034581 0.012176 0.033994 0.006242 0.085142 0.001652 0.000000 0.200374 0.051811 
0.000000 0.029193 0.013143 0.138649 0.010116 0.000000 0.015421 0.025860 0.019803 0.444580 0.073962 0.000168 0.000313 0.038252 0.057759 0.000000 0.095241 0.037540 
0.000000 0.052556 0.008646 0.114492 0.000002 0.000000 0.023703 0.034113 0.260108 0.082547 0.012039 0.004979 0.019863 0.018368 0.064121 0.000000 0.233822 0.070640 
0.000000 0.062000 0.082499 0.008881 0.008079 0.000000 0.477180 0.085146 0.032493 0.007927 0.021720 0.053122 0.112438 0.002947 0.016876 0.000000 0.019996 0.008695 
0.000000 0.084176 0.012928 0.007081 0.000002 0.000000 0.019026 0.014189 0.010980 0.154492 0.000732 0.020335 0.005468 0.358567 0.009889 0.000000 0.097286 0.204849 
0.000000 0.187836 0.003655 0.441581 0.010790 0.000000 0.021643 0.054670 0.002271 0.012214 0.071990 0.006636 0.003554 0.072208 0.001144 0.000000 0.048789 0.061018 
0.036466 0.087070 0.015155 0.039498 0.000002 0.000000 0.051024 0.029549 0.038187 0.124490 0.003243 0.039026 0.057602 0.094251 0.001719 0.000000 0.312826 0.069893 
0.000000 0.009657 0.021029 0.149217 0.000002 0.000000 0.245213 0.031425 0.012433 0.152545 0.000389 0.000156 0.002320 0.097549 0.018439 0.000000 0.203211 0.056416 
0.000000 0.136429 0.100642 0.013462 0.000002 0.012825 0.044231 0.047493 0.066104 0.026447 0.061047 0.255203 0.021674 0.009103 0.044670 0.000000 0.098307 0.062360 
0.000000 0.026470 0.001424 0.047063 0.000002 0.000000 0.009493 0.002261 0.013338 0.051547 0.705706 0.021353 0.015244 0.037525 0.024052 0.000000 0.030343 0.014179 
0.135566 0.087516 0.016692 0.061867 0.057284 0.041676 0.070924 0.207219 0.019766 0.067354 0.018231 0.022207 0.024099 0.053116 0.006469 0.000000 0.047612 0.062403 
0.000000 0.083109 0.009882 0.055574 0.000002 0.000000 0.050218 0.480005 0.074654 0.002788 0.000586 0.024657 0.070184 0.033574 0.015671 0.000000 0.014134 0.084963 
0.000000 0.202058 0.041398 0.062664 0.028894 0.000000 0.034665 0.192904 0.023246 0.081259 0.020868 0.085375 0.016975 0.027978 0.032338 0.000000 0.033501 0.115876 
0.023236 0.027966 0.007625 0.347484 0.016834 0.000000 0.011001 0.017849 0.011311 0.231937 0.021428 0.000166 0.003025 0.030442 0.008131 0.000000 0.188438 0.053128 
0.066337 0.081364 0.004497 0.080443 0.000002 0.000000 0.056060 0.031410 0.152174 0.010815 0.017783 0.016153 0.092107 0.043259 0.009193 0.000000 0.240061 0.098340 
0.000000 0.079254 0.047920 0.030533 0.000002 0.000000 0.017649 0.064201 0.364009 0.012307 0.028635 0.194138 0.028272 0.010058 0.016732 0.000000 0.041667 0.064622 
0.000000 0.262966 0.022346 0.047924 0.000002 0.000000 0.019519 0.013055 0.258789 0.019938 0.197661 0.012266 0.079473 0.007137 0.006561 0.000000 0.016808 0.035556 
0.000000 0.226426 0.040260 0.045472 0.000002 0.000000 0.069613 0.095407 0.025089 0.028376 0.101371 0.064972 0.014874 0.022675 0.018003 0.107610 0.024091 0.115760 
0.000000 0.050077 0.257125 0.120092 0.000002 0.000000 0.020752 0.206769 0.053759 0.074044 0.025180 0.003238 0.028265 0.007284 0.019836 0.000000 0.092019 0.041557 
0.000000 0.422279 0.028639 0.063437 0.000002 0.000000 0.063797 0.019133 0.015606 0.022300 0.161678 0.008990 0.001536 0.027214 0.035847 0.000000 0.026665 0.102877 
0.000000 0.059514 0.022785 0.008066 0.013629 0.053876 0.070560 0.118657 0.024699 0.010951 0.090595 0.025421 0.007649 0.038248 0.052971 0.000000 0.035926 0.366454 
0.000000 0.065976 0.018591 0.022798 0.038656 0.000000 0.103073 0.050052 0.006828 0.161128 0.031139 0.003357 0.001403 0.282432 0.008717 0.000000 0.116699 0.089151 
0.026770 0.225902 0.050327 0.031145 0.000002 0.000000 0.079507 0.109799 0.052878 0.025804 0.000404 0.038048 0.012147 0.031294 0.105106 0.111875 0.018974 0.080016 
0.080472 0.090840 0.004636 0.015181 0.000002 0.000000 0.067170 0.050790 0.040597 0.030180 0.001022 0.010374 0.021137 0.030105 0.036158 0.000000 0.041636 0.479700 
0.052117 0.159395 0.022686 0.028307 0.030854 0.000000 0.068368 0.238619 0.022420 0.011260 0.002685 0.020507 0.032894 0.022289 0.026717 0.025374 0.068312 0.167195 
0.000000 0.002677 0.003790 0.022381 0.000002 0.000000 0.002943 0.010815 0.049741 0.026975 0.005398 0.000251 0.257575 0.044853 0.009794 0.000000 0.018791 0.544013 
0.000000 0.093008 0.152689 0.122550 0.023700 0.052241 0.131134 0.194700 0.012202 0.020329 0.012763 0.032352 0.013343 0.051353 0.009558 0.000000 0.038460 0.039619 
0.000000 0.046256 0.008155 0.011346 0.009994 0.000000 0.010373 0.079015 0.099272 0.009402 0.006294 0.008430 0.022058 0.014935 0.581140 0.028380 0.016536 0.048414 
0.027312 0.034401 0.010511 0.368593 0.010031 0.000000 0.019905 0.032776 0.029672 0.090072 0.001448 0.000204 0.000279 0.023728 0.259756 0.000000 0.049360 0.041953 
0.000000 0.089230 0.031208 0.226947 0.000002 0.000000 0.047167 0.116021 0.049058 0.002265 0.015329 0.042799 0.285916 0.021887 0.004843 0.000000 0.039678 0.027651 
0.000000 0.130601 0.086260 0.032021 0.000001 0.000000 0.008372 0.077832 0.017722 0.099488 0.036900 0.291282 0.006422 0.054893 0.002836 0.000000 0.029119 0.126251 
0.000000 0.092314 0.021979 0.019082 0.000002 0.000000 0.042545 0.194851 0.131734 0.021195 0.112674 0.042405 0.038812 0.023070 0.170160 0.014713 0.036920 0.037545 
0.040173 0.262868 0.033785 0.035983 0.017813 0.000000 0.066471 0.050713 0.175484 0.033485 0.112162 0.046214 0.016872 0.015806 0.001148 0.022894 0.012643 0.055485 
0.000000 0.029589 0.014085 0.284811 0.000002 0.000000 0.015151 0.040135 0.013812 0.085812 0.259734 0.020266 0.010530 0.056246 0.029631 0.000000 0.088017 0.052179 
0.000000 0.109082 0.055203 0.098303 0.000002 0.000000 0.104914 0.052486 0.007191 0.103729 0.008179 0.007321 0.009225 0.062751 0.002858 0.000000 0.295270 0.083484 
0.000000 0.196522 0.036260 0.028341 0.013459 0.000000 0.050375 0.149198 0.037252 0.032120 0.008944 0.019908 0.034905 0.025964 0.003125 0.095859 0.005500 0.262268 
0.026362 0.034549 0.004729 0.028402 0.092615 0.000000 0.026040 0.047997 0.401547 0.009111 0.018407 0.000157 0.250640 0.005034 0.010713 0.000000 0.015366 0.028330 
0.000000 0.036854 0.063241 0.022132 0.000001 0.000000 0.009406 0.012551 0.048425 0.153750 0.000356 0.000114 0.002636 0.327601 0.014032 0.000000 0.104980 0.203920 
0.000000 0.045904 0.559027 0.036780 0.000002 0.000000 0.011242 0.032505 0.024293 0.030986 0.139992 0.002246 0.019659 0.023737 0.038353 0.000000 0.025613 0.009662 
0.033005 0.060031 0.013835 0.027712 0.016897 0.027916 0.073754 0.094779 0.342336 0.014561 0.024558 0.013083 0.027787 0.039678 0.050577 0.000000 0.096060 0.043431 
0.029151 0.038120 0.326889 0.045807 0.000002 0.015242 0.135073 0.025497 0.016645 0.033513 0.168388 0.012226 0.052751 0.014790 0.021651 0.000000 0.041804 0.022451 
0.000000 0.039561 0.019817 0.004917 0.000001 0.000000 0.002966 0.007601 0.008101 0.096852 0.012734 0.002267 0.000025 0.221679 0.066725 0.000000 0.078153 0.438600 
0.000000 0.117087 0.018545 0.011319 0.108393 0.000000 0.056386 0.052350 0.023462 0.028232 0.013187 0.028867 0.009775 0.067400 0.020907 0.000000 0.351772 0.092315 
0.000000 0.231390 0.235547 0.091028 0.000002 0.000000 0.032062 0.095095 0.038181 0.116020 0.006725 0.015124 0.001885 0.017908 0.024628 0.000000 0.033131 0.061275 
0.000000 0.266523 0.008024 0.052824 0.030935 0.000000 0.027440 0.028485 0.031062 0.050572 0.034784 0.003848 0.165772 0.002466 0.066263 0.000000 0.172813 0.058188 
0.000000 0.055469 0.006034 0.033286 0.000002 0.000000 0.013328 0.092225 0.051915 0.045630 0.010510 0.014078 0.316414 0.010392 0.015957 0.000000 0.266069 0.068691 
0.000000 0.065848 0.009751 0.065063 0.000002 0.000000 0.017721 0.051039 0.009452 0.069933 0.390013 0.029033 0.003417 0.020410 0.049385 0.012640 0.128247 0.078045 
0.000000 0.068562 0.007499 0.030533 0.000002 0.004154 0.525278 0.065067 0.048648 0.015947 0.001499 0.000161 0.145500 0.020920 0.023399 0.000000 0.035561 0.007270 
0.222448 0.061354 0.092152 0.025154 0.000002 0.000000 0.036140 0.020541 0.049092 0.034118 0.026319 0.042061 0.000248 0.018443 0.247138 0.000000 0.032985 0.091807 
0.019387 0.088076 0.011984 0.011779 0.006666 0.000000 0.028416 0.035173 0.031211 0.011963 0.016195 0.052318 0.004162 0.015031 0.056860 0.000000 0.519872 0.090907 
0.000000 0.080539 0.027390 0.070028 0.296134 0.000000 0.154026 0.030463 0.015510 0.008535 0.013988 0.060434 0.005533 0.031393 0.001660 0.000000 0.146113 0.058255 
0.000000 0.128226 0.018477 0.004874 0.000002 0.058659 0.100936 0.159560 0.083224 0.009001 0.094988 0.031546 0.073529 0.027836 0.082628 0.000000 0.048320 0.078195 
0.000000 0.092710 0.026128 0.034881 0.009083 0.000000 0.019605 0.060685 0.013574 0.140538 0.000863 0.016495 0.089138 0.295776 0.009335 0.044245 0.049563 0.097381 
0.118184 0.146023 0.045961 0.114050 0.000002 0.000000 0.034394 0.056086 0.249001 0.014594 0.024042 0.002797 0.019733 0.035971 0.022474 0.000000 0.041342 0.075346 
0.000000 0.012007 0.012214 0.020300 0.000002 0.000000 0.004211 0.006212 0.666512 0.000295 0.018309 0.027905 0.036876 0.004874 0.144000 0.000000 0.014285 0.031999 
0.000000 0.146214 0.115757 0.078182 0.000002 0.000000 0.021866 0.061324 0.012889 0.061104 0.022714 0.302791 0.026553 0.028525 0.007599 0.000000 0.089265 0.025214 
0.067835 0.298658 0.042893 0.216848 0.000002 0.000000 0.020905 0.066745 0.019606 0.010214 0.000499 0.011952 0.006194 0.039226 0.007215 0.000000 0.102539 0.088670 
0.000000 0.076399 0.076131 0.061303 0.000002 0.005192 0.475968 0.019766 0.125727 0.006620 0.037518 0.011329 0.008322 0.018878 0.005906 0.000000 0.025499 0.045440 
0.000000 0.112253 0.012227 0.112947 0.000002 0.000000 0.152930 0.046458 0.030888 0.375718 0.001704 0.000146 0.013677 0.011573 0.068525 0.000000 0.030280 0.030672 
0.000000 0.081011 0.071616 0.029733 0.021948 0.030694 0.025495 0.069908 0.016527 0.086828 0.000546 0.148834 0.004156 0.229333 0.051795 0.000000 0.078908 0.052669 
0.000000 0.063093 0.014916 0.036311 0.000002 0.000000 0.112333 0.047727 0.018775 0.065916 0.071714 0.012958 0.016610 0.018338 0.009690 0.000000 0.426088 0.085528 
0.000000 0.063188 0.005484 0.014269 0.294567 0.063951 0.202755 0.102185 0.045860 0.002675 0.000813 0.016233 0.010030 0.070623 0.008269 0.000000 0.052493 0.046603 
0.000000 0.070734 0.178923 0.007567 0.000002 0.000000 0.033098 0.012220 0.006830 0.026024 0.331294 0.020159 0.000026 0.029900 0.059275 0.000000 0.050491 0.173458 
0.000000 0.049243 0.006558 0.036809 0.000002 0.000000 0.017616 0.009001 0.045860 0.038917 0.072527 0.013730 0.000204 0.030331 0.048596 0.000000 0.016487 0.614120 
0.000000 0.150085 0.023091 0.185797 0.000002 0.000000 0.017972 0.040785 0.009448 0.343427 0.002006 0.004801 0.000172 0.040797 0.013975 0.014705 0.114070 0.038869 
0.090638 0.089931 0.008262 0.012114 0.000002 0.000000 0.383465 0.161096 0.038157 0.026022 0.006798 0.016456 0.012398 0.061616 0.028903 0.000000 0.013831 0.050311 
0.000000 0.072437 0.024031 0.042137 0.000002 0.000000 0.032915 0.051684 0.025411 0.089984 0.087505 0.050334 0.007066 0.120954 0.013495 0.000000 0.281954 0.100091 
0.124505 0.341007 0.014215 0.029483 0.000002 0.000000 0.046479 0.067231 0.031659 0.034771 0.019850 0.022807 0.000610 0.014981 0.004190 0.044477 0.149100 0.054632 
0.000000 0.041656 0.032726 0.009773 0.018854 0.000000 0.018136 0.051539 0.029356 0.086816 0.179221 0.011372 0.121165 0.224232 0.000812 0.015352 0.072614 0.086377 
0.000000 0.012159 0.014962 0.105973 0.007310 0.000000 0.002110 0.011092 0.034849 0.073876 0.000792 0.000155 0.003161 0.031298 0.160905 0.008858 0.090646 0.441853 
0.000000 0.013173 0.004672 0.158922 0.000002 0.000000 0.002772 0.009339 0.061776 0.119492 0.026132 0.003726 0.408401 0.005256 0.006716 0.000000 0.115178 0.064445 
0.000000 0.036888 0.025072 0.007026 0.083810 0.000000 0.048314 0.046928 0.085352 0.023977 0.002722 0.002741 0.545915 0.020230 0.001566 0.000000 0.046467 0.022989 
0.000000 0.079376 0.138174 0.007774 0.000002 0.000000 0.036939 0.071972 0.036976 0.013182 0.033811 0.136680 0.001260 0.018149 0.235299 0.000000 0.127626 0.062779 
0.024953 0.231240 0.029409 0.204612 0.000002 0.000000 0.038239 0.127903 0.012286 0.020019 0.008779 0.023783 0.022769 0.043670 0.013751 0.066526 0.082108 0.049952 
0.000000 0.214344 0.153670 0.042185 0.017880 0.000000 0.051698 0.168872 0.021438 0.017717 0.001139 0.015371 0.032612 0.014848 0.015995 0.016732 0.053962 0.161537 
0.000000 0.004432 0.012253 0.148230 0.000002 0.000000 0.025690 0.038279 0.072832 0.129566 0.012284 0.009808 0.140520 0.018072 0.174374 0.000000 0.132828 0.080831 
0.000000 0.014216 0.006672 0.027292 0.000001 0.000000 0.004414 0.054157 0.669055 0.063131 0.037603 0.005928 0.057274 0.007310 0.010771 0.000000 0.016312 0.025865 
0.000000 0.628454 0.021306 0.076250 0.019694 0.000000 0.071770 0.034170 0.028753 0.015395 0.001335 0.034492 0.004774 0.016497 0.009870 0.000000 0.008200 0.029039 
0.018822 0.119909 0.101456 0.114117 0.000002 0.000000 0.059964 0.121348 0.019630 0.017626 0.044478 0.259576 0.017333 0.041680 0.010079 0.000000 0.025801 0.028179 
0.000000 0.073889 0.018652 0.093359 0.025832 0.000000 0.054139 0.446257 0.026524 0.043056 0.000620 0.012377 0.036994 0.047712 0.011454 0.000000 0.052150 0.056986 
0.000000 0.308984 0.027229 0.020359 0.000002 0.000000 0.052037 0.153784 0.011484 0.094217 0.111772 0.027453 0.005280 0.014020 0.034846 0.018985 0.055743 0.063805 
0.000000 0.072407 0.015469 0.389525 0.014632 0.000000 0.007623 0.085508 0.026221 0.005967 0.006851 0.000131 0.008280 0.085604 0.155456 0.000000 0.029243 0.097086 
0.000000 0.108013 0.058057 0.022939 0.005780 0.000000 0.054536 0.391924 0.008038 0.010934 0.164393 0.018353 0.031200 0.019885 0.041739 0.000000 0.013639 0.050571 
0.000000 0.336903 0.115265 0.100838 0.000002 0.000000 0.005412 0.117625 0.020852 0.017684 0.003363 0.019534 0.043496 0.032760 0.012451 0.000000 0.043055 0.130760 
0.040515 0.060674 0.039887 0.026800 0.000002 0.000000 0.278981 0.221584 0.071226 0.012467 0.023939 0.017894 0.056917 0.040493 0.005350 0.000000 0.034378 0.068893 
0.000000 0.063648 0.526573 0.028775 0.000001 0.015538 0.015833 0.026390 0.025847 0.035091 0.010146 0.004436 0.014766 0.079931 0.026613 0.000000 0.071551 0.054859 
0.000000 0.057551 0.037387 0.169482 0.022070 0.000000 0.015358 0.020386 0.355471 0.005168 0.017902 0.094883 0.037156 0.031383 0.006893 0.000000 0.031401 0.097509 
0.000000 0.253350 0.120578 0.005067 0.000002 0.000000 0.045384 0.061499 0.043668 0.047475 0.002944 0.262946 0.009640 0.051968 0.007024 0.000000 0.057833 0.030621 
0.000000 0.134194 0.027914 0.016533 0.000002 0.000000 0.044841 0.078753 0.031273 0.101067 0.394201 0.045078 0.008761 0.024531 0.002025 0.000000 0.016890 0.073939 
0.037811 0.345061 0.034849 0.053345 0.000002 0.000000 0.051694 0.067828 0.021273 0.015282 0.002264 0.011167 0.260676 0.005372 0.024547 0.000000 0.024601 0.044227 
0.000000 0.059725 0.009848 0.102576 0.000002 0.000000 0.022082 0.038861 0.016641 0.401808 0.037191 0.003500 0.012560 0.063901 0.032089 0.000000 0.078497 0.120719 
0.000000 0.225235 0.082715 0.042135 0.000002 0.000000 0.065363 0.154300 0.037423 0.028832 0.013235 0.029890 0.009352 0.002724 0.030949 0.000000 0.209339 0.068505 
0.000000 0.012642 0.022349 0.053043 0.000002 0.000000 0.013092 0.063469 0.019645 0.188014 0.000376 0.014173 0.006059 0.343103 0.001829 0.000000 0.147677 0.114526 
0.105976 0.041584 0.008925 0.041018 0.187933 0.000000 0.218137 0.090010 0.035427 0.046057 0.012790 0.007713 0.005971 0.007065 0.006822 0.000000 0.027638 0.156934 
0.034614 0.463945 0.042342 0.045950 0.000002 0.000000 0.050784 0.042002 0.102484 0.044367 0.019326 0.007449 0.012978 0.028772 0.030649 0.000000 0.032531 0.041805 
0.031995 0.056272 0.016888 0.094526 0.000002 0.013577 0.255572 0.204868 0.019496 0.036756 0.012643 0.016178 0.025714 0.088148 0.020260 0.000000 0.024073 0.083031 
0.000000 0.098021 0.072715 0.011076 0.061257 0.069902 0.094682 0.122968 0.033867 0.265411 0.000392 0.011544 0.009505 0.080418 0.006434 0.000000 0.034616 0.027192 
0.000000 0.044316 0.024736 0.102355 0.101661 0.000000 0.038731 0.102078 0.024472 0.088048 0.001291 0.015699 0.001034 0.190500 0.036798 0.023226 0.101503 0.103549 
0.000000 0.032245 0.020910 0.017399 0.000002 0.000000 0.027082 0.013243 0.034869 0.163093 0.006586 0.006826 0.003433 0.357210 0.035100 0.000000 0.095494 0.186507 
0.000000 0.343197 0.049567 0.219461 0.014507 0.000000 0.031855 0.055894 0.021631 0.020639 0.000946 0.054537 0.000457 0.039700 0.023010 0.000000 0.067869 0.056731 
0.000000 0.040443 0.011924 0.047647 0.261812 0.000000 0.429394 0.046146 0.012618 0.011490 0.014900 0.003050 0.005562 0.030145 0.006930 0.000000 0.033102 0.044837 
0.049125 0.212729 0.028981 0.206518 0.049827 0.000000 0.025977 0.061435 0.026914 0.101311 0.021150 0.027573 0.014334 0.027312 0.011148 0.051134 0.033691 0.050841 
0.000000 0.096610 0.273945 0.031185 0.000002 0.046435 0.058468 0.087257 0.027304 0.051994 0.000600 0.023074 0.004298 0.160945 0.010115 0.000000 0.092670 0.035099 
0.047626 0.058446 0.013586 0.581571 0.000002 0.000000 0.005559 0.069466 0.011076 0.013708 0.020531 0.000118 0.027604 0.062679 0.002536 0.000000 0.023657 0.061835 
0.000000 0.072603 0.015667 0.008132 0.046754 0.036879 0.052350 0.049005 0.021767 0.123932 0.041146 0.032514 0.005006 0.010441 0.077199 0.000000 0.030199 0.376407 
0.000000 0.377600 0.017690 0.012946 0.028858 0.066282 0.097002 0.145842 0.024419 0.062486 0.001100 0.017748 0.004568 0.054248 0.021503 0.000000 0.029593 0.038115 
0.028754 0.123594 0.014222 0.060368 0.129693 0.000000 0.077878 0.124514 0.117749 0.003772 0.028054 0.025909 0.059253 0.021231 0.015652 0.050915 0.056505 0.061938 
0.000000 0.145119 0.013107 0.038971 0.000002 0.000000 0.042442 0.081351 0.024580 0.222499 0.001188 0.033058 0.002634 0.084924 0.085603 0.000000 0.180102 0.044418 
0.000000 0.278331 0.102514 0.028684 0.021560 0.000000 0.047278 0.158646 0.042676 0.008098 0.021512 0.170295 0.009956 0.006901 0.012256 0.000000 0.050390 0.040903 
0.000000 0.054718 0.007708 0.020619 0.000002 0.000000 0.010242 0.014704 0.250909 0.047297 0.030709 0.012628 0.055401 0.013791 0.042980 0.000000 0.379545 0.058748 
0.000000 0.130608 0.023688 0.059429 0.323805 0.000000 0.115639 0.072388 0.020958 0.002510 0.000932 0.003678 0.008954 0.048438 0.004889 0.064937 0.008947 0.110199 
0.000000 0.266062 0.000604 0.083670 0.336913 0.000000 0.140993 0.023534 0.016302 0.011270 0.016380 0.000370 0.006756 0.033417 0.027178 0.000000 0.001096 0.035454 
0.000000 0.273664 0.009642 0.084125 0.000002 0.000000 0.053634 0.056621 0.046467 0.015364 0.089714 0.000181 0.277512 0.003603 0.028939 0.000000 0.034596 0.025937 
0.000000 0.036669 0.008830 0.055812 0.385295 0.000000 0.185137 0.065475 0.021589 0.015363 0.000433 0.003178 0.009966 0.017850 0.029388 0.000000 0.004903 0.160113 
0.000000 0.057609 0.021614 0.013188 0.017381 0.000000 0.025318 0.297811 0.287864 0.011081 0.072636 0.010891 0.037531 0.031179 0.081473 0.000000 0.008032 0.026392 
0.000000 0.048321 0.380851 0.052603 0.000002 0.015936 0.056611 0.222277 0.065858 0.008153 0.002992 0.013589 0.014029 0.020507 0.044978 0.000000 0.028145 0.025148 
0.000000 0.022913 0.003872 0.044735 0.288484 0.000000 0.110264 0.079680 0.023374 0.022777 0.000336 0.009286 0.011513 0.036945 0.026067 0.000000 0.018359 0.301397 
0.024776 0.119242 0.014566 0.232581 0.025318 0.000000 0.033020 0.307366 0.007539 0.001344 0.009567 0.011010 0.043237 0.084691 0.009591 0.000000 0.024260 0.051892 
0.138042 0.104065 0.024074 0.015448 0.000002 0.000000 0.059080 0.333078 0.043102 0.015727 0.003860 0.026090 0.021074 0.075518 0.002750 0.022218 0.044470 0.071400 
0.000000 0.023232 0.325826 0.019258 0.177571 0.000000 0.084214 0.044770 0.026627 0.003402 0.000780 0.000195 0.001641 0.023867 0.169948 0.000000 0.018292 0.080377 
0.000000 0.045647 0.008924 0.006971 0.000002 0.000000 0.006036 0.009925 0.097349 0.020402 0.009026 0.000302 0.077596 0.021898 0.648149 0.000000 0.012246 0.035528 
0.000000 0.344478 0.303213 0.016879 0.012444 0.000000 0.001152 0.027079 0.043699 0.028268 0.003905 0.012103 0.003537 0.017718 0.107211 0.000000 0.017850 0.060465 
0.000000 0.021185 0.026331 0.038232 0.087978 0.000000 0.218241 0.053464 0.226144 0.043832 0.082133 0.000222 0.021241 0.053662 0.002733 0.000000 0.094492 0.030111 
0.000000 0.016576 0.000304 0.038587 0.196641 0.000000 0.108985 0.035962 0.253053 0.022235 0.001142 0.002182 0.122546 0.056301 0.070751 0.000000 0.020935 0.053802 
0.448594 0.034347 0.003057 0.029969 0.000002 0.000000 0.036355 0.064501 0.052198 0.063438 0.005976 0.009347 0.000248 0.015185 0.002558 0.000000 0.067279 0.166946 
0.000000 0.107053 0.063562 0.014519 0.152505 0.000000 0.097703 0.087163 0.012868 0.007318 0.017065 0.217630 0.016642 0.035849 0.054185 0.000000 0.020687 0.095251 
0.000000 0.009623 0.004487 0.003129 0.000002 0.000000 0.287978 0.045440 0.077788 0.024789 0.014223 0.000459 0.190672 0.017254 0.105229 0.000000 0.014844 0.204082 
0.000000 0.058036 0.019495 0.016138 0.000002 0.000000 0.003003 0.021737 0.038685 0.092112 0.003995 0.000270 0.003489 0.041364 0.507326 0.000000 0.041737 0.152612 
0.000000 0.111802 0.092307 0.084879 0.000002 0.000000 0.023253 0.047395 0.008092 0.165181 0.000591 0.232994 0.010703 0.076609 0.025267 0.000000 0.085338 0.035587 
0.000000 0.074231 0.092613 0.036810 0.032756 0.000000 0.034776 0.059680 0.034816 0.159721 0.000557 0.022529 0.017725 0.255656 0.010358 0.019926 0.071658 0.076188 
