-1969837.239334
0
0.026606 0.025076 0.000000 0.020666 0.021795 0.009754 0.002653 0.019382 0.017915 0.003654 0.007074 0.016047 0.016654 0.013010 0.014671 0.021948 0.031486 0.010641 0.010399 0.038119 0.018138 0.003241 0.011455 0.010052 0.008644 0.009458 0.000000 0.000000 0.013755 0.011733 0.002719 0.020087 0.011476 0.000228 0.001230 0.019784 0.013062 0.014994 0.015425 0.020621 0.010717 0.011536 0.000000 0.014148 0.010247 0.005041 0.009259 0.000000 0.003540 0.012972 0.000000 0.002609 0.010640 0.008484 0.000000 0.015086 0.007215 0.000000 0.000000 0.005394 0.008188 0.006623 0.009748 0.012448 0.005875 0.006687 0.003364 0.009752 0.005134 0.003036 0.011877 0.005413 0.014896 0.009446 0.000000 0.007438 0.000000 0.008549 0.000000 0.005645 0.000000 0.000000 0.000000 0.008554 0.021795 0.011975 0.014678 0.024880 0.012304 0.010967 0.004115 0.023075 0.025824 0.008235 0.013731 0.025211 
0.007285 0.007206 0.001230 0.000000 0.001455 0.003391 0.000000 0.003725 0.040571 0.007793 0.258809 0.008571 0.002575 0.000000 0.000000 0.009719 0.002713 0.000000 0.011265 0.000000 0.000000 0.003253 0.000000 0.002419 0.001677 0.009012 0.001898 0.001604 0.000000 0.000000 0.000000 0.000000 0.018299 0.013424 0.168270 0.009638 0.000000 0.000000 0.000000 0.000000 0.000000 0.000000 0.004233 0.000000 0.000000 0.001736 0.000000 0.002891 0.004626 0.004396 0.000000 0.000000 0.000000 0.003554 0.000000 0.000000 0.038674 0.029069 0.142383 0.019182 0.000000 0.000000 0.000000 0.003236 0.008167 0.000000 0.000000 0.007363 0.000000 0.000000 0.000000 0.000000 0.009030 0.005416 0.001503 0.000000 0.000000 0.000000 0.000000 0.000000 0.000000 0.000000 0.105948 0.000000 0.002793 0.000000 0.000000 0.000000 0.001315 0.000000 0.006647 0.000000 0.000000 0.000000 0.002035 0.000000 
0.000000 0.000563 0.000000 0.000000 0.006203 0.001155 0.000000 0.003937 0.002241 0.002291 0.000000 0.000001 0.000000 0.000000 0.000000 0.000000 0.000000 0.000000 0.000000 0.000000 0.000000 0.001040 0.000000 0.000000 0.001147 0.000000 0.000000 0.000000 0.008468 0.000000 0.000000 0.006915 0.000298 0.000000 0.000004 0.000001 0.000000 0.000000 0.000000 0.000000 0.000000 0.000000 0.000000 0.000000 0.000000 0.000000 0.000000 0.000000 0.000000 0.000000 0.000489 0.000000 0.001420 0.001192 0.000000 0.004652 0.002321 0.000000 0.000000 0.000000 0.000000 0.000527 0.001553 0.000000 0.000000 0.000000 0.000000 0.000001 0.000000 0.000000 0.000000 0.000000 0.049645 0.018452 0.001416 0.011494 0.318708 0.075114 0.011712 0.396220 0.070822 0.000000 0.000000 0.000000 0.000000 0.000000 0.000000 0.000000 0.000000 0.000000 0.000000 0.000000 0.000000 0.000000 0.000000 0.000000 
0.000000 0.000000 0.000000 0.007151 0.000000 0.000000 0.000000 0.000000 0.000004 0.000000 0.006398 0.004035 0.000000 0.000000 0.000000 0.000000 0.001611 0.004909 0.000000 0.002670 0.000000 0.004315 0.001543 0.015512 0.000000 0.000000 0.000000 0.010792 0.000000 0.000000 0.000000 0.000000 0.000001 0.000000 0.004963 0.000001 0.000000 0.000000 0.000000 0.000000 0.000000 0.000000 0.000000 0.000000 0.002876 0.000431 0.001334 0.011228 0.000000 0.001530 0.000725 0.006457 0.000000 0.000000 0.000000 0.000000 0.000001 0.006531 0.020144 0.008814 0.000000 0.000000 0.000000 0.000000 0.005208 0.009054 0.004313 0.013731 0.000000 0.001361 0.000421 0.000000 0.044409 0.009058 0.002708 0.366542 0.000000 0.000000 0.000000 0.000000 0.000000 0.021258 0.234465 0.039014 0.000000 0.000514 0.000000 0.003092 0.003064 0.010286 0.004905 0.010844 0.007376 0.008881 0.001961 0.073562 
0.001117 0.000000 0.000902 0.000000 0.001079 0.001395 0.000000 0.001541 0.016755 0.003346 0.000000 0.004308 0.003166 0.006087 0.002904 0.005617 0.068501 0.035569 0.077705 0.035994 0.000000 0.000717 0.000878 0.000000 0.014671 0.016832 0.005801 0.021417 0.000000 0.000608 0.000000 0.000000 0.018480 0.005021 0.004447 0.016639 0.001757 0.010590 0.003967 0.003783 0.034171 0.038253 0.073280 0.030993 0.000000 0.008853 0.012796 0.000000 0.000000 0.002157 0.002287 0.000000 0.000000 0.001148 0.000000 0.000000 0.020587 0.013765 0.000000 0.018005 0.000903 0.003366 0.001904 0.001133 0.045230 0.021717 0.048464 0.032573 0.000000 0.001020 0.000000 0.000956 0.001473 0.005858 0.002807 0.000000 0.000000 0.001138 0.000000 0.000000 0.008217 0.000000 0.000000 0.000000 0.002683 0.010422 0.002113 0.005798 0.044831 0.034106 0.039434 0.030620 0.000000 0.003073 0.000000 0.002270 
0.000000 0.003116 0.000000 0.019166 0.000000 0.000000 0.000000 0.000000 0.027588 0.028680 0.036032 0.023169 0.000000 0.005440 0.000000 0.003570 0.000000 0.005484 0.003533 0.001481 0.000000 0.000000 0.000609 0.003594 0.009679 0.020568 0.004134 0.117142 0.000000 0.000000 0.000000 0.000000 0.000000 0.005451 0.023177 0.006839 0.000000 0.002568 0.000000 0.000125 0.000000 0.002624 0.010106 0.000000 0.000000 0.002671 0.002964 0.000000 0.000000 0.010499 0.000519 0.053358 0.001178 0.000000 0.000000 0.000930 0.077761 0.120392 0.142126 0.090362 0.000000 0.003803 0.001172 0.001893 0.009508 0.026136 0.012134 0.004088 0.000000 0.002676 0.003615 0.010453 0.000000 0.009260 0.000000 0.031722 0.000000 0.000000 0.000000 0.000000 0.001375 0.001265 0.000000 0.006515 0.000000 0.000329 0.000000 0.000000 0.000000 0.005385 0.002036 0.000000 0.000000 0.000000 0.000000 0.000000 
0.000000 0.000000 0.000000 0.000000 0.000000 0.000000 0.000494 0.000000 0.004651 0.000000 0.000000 0.000001 0.000000 0.000000 0.000000 0.000202 0.000000 0.000000 0.000000 0.000916 0.000000 0.000000 0.000000 0.000000 0.001461 0.000000 0.000000 0.000000 0.000000 0.000000 0.000000 0.000000 0.020645 0.000000 0.005357 0.005485 0.000000 0.000000 0.000000 0.000000 0.000000 0.000000 0.000000 0.000000 0.000000 0.000000 0.000000 0.000000 0.000000 0.000000 0.000000 0.000000 0.000000 0.000000 0.000000 0.000000 0.001598 0.000000 0.000000 0.000000 0.000000 0.000000 0.000000 0.000000 0.000000 0.000000 0.000000 0.000602 0.000000 0.000000 0.000000 0.000406 0.012149 0.006976 0.002061 0.009399 0.015571 0.000000 0.000883 0.040587 0.464626 0.107253 0.061354 0.235966 0.000000 0.000000 0.000000 0.000315 0.000000 0.000000 0.000000 0.000119 0.000000 0.000292 0.000630 0.000000 
0.055138 0.025801 0.012411 0.027644 0.003985 0.003537 0.003008 0.005620 0.008386 0.001286 0.000000 0.005711 0.003624 0.001834 0.007417 0.003570 0.002695 0.000000 0.002183 0.003110 0.000000 0.000526 0.002753 0.000000 0.083509 0.046402 0.014162 0.045475 0.004348 0.007579 0.006661 0.008188 0.010327 0.003130 0.008501 0.008133 0.003885 0.008665 0.022567 0.008131 0.000258 0.001578 0.002069 0.000000 0.000000 0.000606 0.004918 0.001520 0.100001 0.031840 0.017027 0.059270 0.003423 0.004156 0.004294 0.003042 0.001643 0.000000 0.000000 0.000000 0.004732 0.003609 0.006990 0.006208 0.000000 0.000000 0.002829 0.000000 0.000381 0.000000 0.007025 0.000541 0.059003 0.058214 0.014740 0.093275 0.000000 0.009097 0.002800 0.000885 0.000000 0.000000 0.000000 0.000000 0.004781 0.003780 0.004584 0.005935 0.000000 0.001306 0.000480 0.000000 0.000000 0.001849 0.001412 0.000000 
0.000000 0.000000 0.000000 0.003015 0.000000 0.000000 0.000000 0.000000 0.007263 0.001635 0.000000 0.004958 0.000000 0.000000 0.000000 0.001359 0.000000 0.006351 0.000000 0.000000 0.000000 0.010198 0.003928 0.040309 0.000000 0.000000 0.000000 0.004194 0.000500 0.000000 0.000000 0.000000 0.015364 0.000000 0.005360 0.005057 0.000000 0.007641 0.002111 0.033717 0.007199 0.044052 0.028989 0.120135 0.000000 0.022958 0.015602 0.320564 0.006981 0.001029 0.000000 0.008483 0.000000 0.000000 0.000000 0.000288 0.000001 0.000000 0.000000 0.000000 0.000000 0.003049 0.002121 0.004541 0.000000 0.008835 0.000727 0.006810 0.000000 0.009688 0.005013 0.075105 0.002154 0.000004 0.001608 0.009283 0.000000 0.000000 0.000000 0.000000 0.000000 0.004558 0.000000 0.011022 0.000000 0.000429 0.000000 0.001542 0.000000 0.008917 0.005309 0.010468 0.000000 0.011658 0.004525 0.083393 
0.000000 0.001178 0.000000 0.000000 0.001024 0.000000 0.000000 0.001123 0.011211 0.074064 0.000000 0.041736 0.000589 0.000000 0.001806 0.001173 0.000000 0.000000 0.001374 0.001497 0.000000 0.000000 0.000342 0.000000 0.000000 0.002118 0.000000 0.001378 0.000000 0.000631 0.000472 0.000000 0.063670 0.156374 0.017194 0.116544 0.000000 0.001705 0.000517 0.001277 0.000630 0.000000 0.000000 0.000989 0.000000 0.000715 0.000308 0.000000 0.000000 0.000000 0.000000 0.000000 0.000000 0.000000 0.000000 0.000000 0.012470 0.064691 0.000000 0.051710 0.000000 0.000000 0.000332 0.000000 0.000000 0.000000 0.000000 0.006830 0.000000 0.000000 0.001718 0.000000 0.000000 0.003454 0.000000 0.000000 0.000000 0.001164 0.000000 0.000000 0.017508 0.215443 0.037397 0.078603 0.000000 0.000000 0.000323 0.003788 0.000447 0.000000 0.001492 0.000000 0.000000 0.000985 0.000000 0.000000 
0.058527 0.324055 0.000202 0.023202 0.099658 0.050139 0.073625 0.057927 0.009788 0.302876 
0.038865 0.039670 0.005752 0.042473 0.033373 0.029367 0.111628 0.481288 0.017264 0.200321 
0.029139 0.268386 0.015401 0.021471 0.184555 0.140458 0.036118 0.257375 0.003904 0.043193 
0.091240 0.051473 0.005278 0.019671 0.047737 0.042863 0.022282 0.240126 0.283763 0.195568 
0.188517 0.261463 0.013583 0.038064 0.147940 0.066485 0.068733 0.042425 0.017903 0.154889 
0.016791 0.086910 0.000018 0.019570 0.200461 0.531367 0.010926 0.007792 0.045062 0.081102 
0.111404 0.012921 0.009794 0.000028 0.269447 0.107467 0.050557 0.223492 0.018388 0.196502 
0.026730 0.001388 0.046070 0.000021 0.062380 0.013027 0.812806 0.022814 0.000352 0.014411 
0.028455 0.034268 0.128950 0.000024 0.048404 0.005904 0.167438 0.103047 0.005898 0.477612 
0.108389 0.051756 0.136463 0.291671 0.107421 0.071234 0.021463 0.035600 0.158139 0.017865 
0.008802 0.233523 0.135461 0.000016 0.082692 0.336313 0.016321 0.005039 0.022962 0.158870 
0.263051 0.003789 0.016973 0.130423 0.233127 0.003812 0.133910 0.021440 0.040995 0.152480 
0.102706 0.012719 0.029252 0.000027 0.287915 0.128407 0.318413 0.037292 0.014226 0.069043 
0.107892 0.169468 0.001026 0.202471 0.098309 0.090174 0.016636 0.050036 0.046154 0.217833 
0.030951 0.141742 0.037188 0.000020 0.040403 0.025577 0.617965 0.014762 0.007361 0.084031 
0.214176 0.016271 0.013522 0.008391 0.452012 0.015965 0.101857 0.051445 0.050169 0.076192 
0.294449 0.079758 0.027942 0.012103 0.352395 0.023222 0.037478 0.087362 0.045908 0.039383 
0.175926 0.047474 0.034498 0.007994 0.075185 0.136028 0.119016 0.054355 0.090159 0.259365 
0.036541 0.016641 0.068275 0.000026 0.045572 0.001598 0.281384 0.240985 0.016371 0.292608 
0.334594 0.200859 0.006424 0.012744 0.043587 0.094015 0.019478 0.243583 0.013764 0.030953 
0.021245 0.142383 0.000226 0.061011 0.093392 0.540837 0.033010 0.020534 0.017119 0.070243 
0.034102 0.273768 0.022952 0.000026 0.109674 0.132858 0.291816 0.036249 0.007628 0.090928 
0.089109 0.018126 0.114678 0.056882 0.053895 0.006350 0.035637 0.530204 0.084438 0.010681 
0.052363 0.032360 0.005745 0.037816 0.073202 0.564198 0.005425 0.031380 0.011243 0.186270 
0.050276 0.071474 0.004352 0.070320 0.401531 0.275088 0.003376 0.073252 0.002796 0.047536 
0.101811 0.327483 0.058797 0.013828 0.100071 0.229705 0.038096 0.060429 0.012435 0.057344 
0.002749 0.225701 0.002316 0.000024 0.059925 0.320964 0.018926 0.296520 0.020611 0.052263 
0.377888 0.099179 0.021235 0.106137 0.091892 0.017905 0.071871 0.025511 0.111332 0.077050 
0.003998 0.019105 0.015412 0.784335 0.048355 0.061298 0.017732 0.017030 0.002233 0.030501 
0.345749 0.050439 0.030179 0.000027 0.088535 0.178581 0.011822 0.155080 0.014272 0.125315 
0.523111 0.003857 0.082745 0.000019 0.073591 0.052204 0.072236 0.088640 0.009674 0.093924 
0.346222 0.032418 0.019085 0.020789 0.190357 0.142253 0.024564 0.049974 0.043270 0.131069 
0.014037 0.261588 0.004286 0.000026 0.187773 0.430462 0.015775 0.031057 0.008888 0.046108 
0.063556 0.250226 0.096313 0.016036 0.124358 0.100835 0.154788 0.081589 0.002179 0.110118 
0.298262 0.034628 0.035646 0.038284 0.065676 0.034978 0.369963 0.009918 0.056582 0.056064 
0.027638 0.016218 0.086987 0.215357 0.295438 0.020076 0.262449 0.018017 0.024340 0.033480 
0.231280 0.019509 0.015836 0.124564 0.302512 0.047570 0.021655 0.068877 0.045252 0.122946 
0.216652 0.122944 0.033139 0.000029 0.083133 0.135991 0.062967 0.032326 0.270869 0.041949 
0.029039 0.026689 0.001906 0.192775 0.468846 0.032790 0.014105 0.076872 0.028928 0.128051 
0.217339 0.019237 0.008895 0.086681 0.026394 0.070855 0.022669 0.111450 0.025088 0.411392 
0.039463 0.082969 0.001811 0.054279 0.074931 0.436391 0.005175 0.205286 0.016926 0.082771 
0.218027 0.020894 0.013310 0.000028 0.302473 0.040359 0.066980 0.101103 0.056251 0.180576 
0.063326 0.028771 0.024618 0.000023 0.093953 0.121968 0.026307 0.085300 0.003617 0.552118 
0.321040 0.063188 0.038283 0.000022 0.161802 0.054052 0.016859 0.112492 0.020810 0.211451 
0.005211 0.003380 0.263730 0.000032 0.002556 0.142279 0.036654 0.004559 0.005231 0.536367 
0.272802 0.039714 0.014215 0.010368 0.124096 0.098664 0.013300 0.224226 0.162593 0.040021 
0.116779 0.024892 0.015122 0.015152 0.061270 0.006460 0.244239 0.017493 0.009016 0.489577 
0.013715 0.112511 0.000092 0.000021 0.233576 0.223603 0.077440 0.043406 0.009023 0.286614 
0.148594 0.058966 0.291703 0.011332 0.190602 0.102878 0.053499 0.084826 0.034172 0.023427 
0.421670 0.011509 0.006080 0.070080 0.093963 0.180972 0.013970 0.002797 0.105453 0.093507 
0.261752 0.039493 0.042334 0.135592 0.082346 0.018135 0.175549 0.062291 0.025049 0.157458 
0.152255 0.009764 0.021801 0.124923 0.290534 0.055208 0.171235 0.074652 0.034741 0.064887 
0.035017 0.104596 0.010982 0.279379 0.169899 0.260159 0.022411 0.038322 0.016485 0.062751 
0.045091 0.323138 0.010179 0.009124 0.155312 0.192545 0.007294 0.138824 0.055645 0.062848 
0.244105 0.001019 0.039515 0.000025 0.247316 0.081511 0.026230 0.067134 0.039238 0.253908 
0.067626 0.015456 0.265792 0.000021 0.045340 0.028810 0.403782 0.118903 0.004568 0.049702 
0.008722 0.049308 0.004060 0.000030 0.045473 0.561604 0.051998 0.026050 0.066954 0.185801 
0.033950 0.028023 0.020840 0.144406 0.055194 0.046567 0.033559 0.019929 0.583232 0.034300 
0.145824 0.099442 0.036179 0.012466 0.060861 0.056346 0.364879 0.131616 0.013775 0.078612 
0.030414 0.046768 0.053801 0.186921 0.058400 0.056109 0.019377 0.159145 0.341500 0.047565 
0.011310 0.029865 0.000019 0.032970 0.037839 0.401154 0.007016 0.005109 0.017442 0.457274 
0.149673 0.369914 0.009863 0.000029 0.106751 0.060164 0.028036 0.171952 0.016459 0.087159 
0.134004 0.042816 0.004547 0.000025 0.266928 0.171700 0.040301 0.026722 0.240359 0.072599 
0.057153 0.219009 0.166987 0.031884 0.302960 0.018203 0.043434 0.052384 0.005751 0.102235 
0.124979 0.292505 0.324735 0.006874 0.060502 0.054861 0.059417 0.012134 0.003991 0.060001 
0.084772 0.143074 0.003619 0.432052 0.093869 0.082061 0.016166 0.023747 0.011640 0.108999 
0.002656 0.035239 0.148026 0.024160 0.085294 0.026191 0.059355 0.603780 0.004497 0.010801 
0.130140 0.053880 0.000223 0.033255 0.081795 0.056840 0.082084 0.047886 0.087311 0.426585 
0.137291 0.544568 0.003618 0.025857 0.085002 0.008496 0.044963 0.034784 0.007480 0.107941 
0.199787 0.167535 0.004308 0.000024 0.096067 0.031652 0.015092 0.407142 0.024498 0.053895 
0.270398 0.043005 0.075176 0.111203 0.087684 0.013577 0.101209 0.143764 0.020807 0.133177 
0.110701 0.007543 0.090612 0.024939 0.127319 0.453317 0.013179 0.055766 0.026389 0.090235 
0.077211 0.044896 0.027987 0.001482 0.215541 0.104037 0.248601 0.079409 0.046102 0.154734 
0.041528 0.014611 0.042528 0.000030 0.026199 0.004501 0.747885 0.006267 0.014028 0.102423 
0.413273 0.088577 0.024499 0.059606 0.138744 0.100160 0.012948 0.012032 0.135983 0.014178 
0.110253 0.115338 0.009570 0.000020 0.427506 0.132949 0.013990 0.037966 0.038871 0.113537 
0.006234 0.024543 0.010456 0.066651 0.102738 0.032399 0.127942 0.519122 0.073310 0.036604 
0.013147 0.063954 0.015250 0.000026 0.165154 0.452162 0.045499 0.157637 0.013918 0.073252 
0.305325 0.042300 0.003621 0.036031 0.054403 0.312766 0.024106 0.059031 0.079045 0.083372 
0.059392 0.465572 0.017245 0.084736 0.083115 0.061805 0.022182 0.130649 0.011823 0.063480 
0.245863 0.049021 0.011000 0.000019 0.045555 0.018818 0.045220 0.525603 0.002440 0.056462 
0.029301 0.040226 0.000019 0.371341 0.058119 0.038150 0.010717 0.037295 0.189617 0.225217 
0.016288 0.003666 0.000260 0.073592 0.056449 0.139323 0.037721 0.017013 0.006591 0.649097 
0.048695 0.153916 0.000253 0.000020 0.251077 0.462062 0.011198 0.012575 0.025368 0.034836 
0.131257 0.007712 0.016280 0.013416 0.094923 0.086376 0.037333 0.496557 0.006254 0.109893 
0.121102 0.275692 0.007126 0.118200 0.077704 0.222417 0.027410 0.044138 0.022870 0.083341 
0.173629 0.173185 0.003134 0.018468 0.397773 0.039589 0.021059 0.057154 0.012842 0.103167 
0.077387 0.033044 0.123189 0.218973 0.043655 0.313859 0.029567 0.063972 0.032724 0.063629 
0.004641 0.100044 0.002471 0.000019 0.065621 0.179990 0.051196 0.007105 0.014840 0.574075 
0.006606 0.148911 0.410459 0.015954 0.081181 0.211635 0.070373 0.002640 0.005472 0.046769 
0.059547 0.048597 0.556634 0.000022 0.036982 0.037880 0.088128 0.130801 0.024929 0.016478 
0.242324 0.134820 0.000199 0.066757 0.054205 0.007344 0.086253 0.035953 0.148766 0.223378 
0.190972 0.094700 0.024820 0.006906 0.384683 0.129799 0.011995 0.064008 0.030598 0.061519 
0.234286 0.050628 0.036652 0.000022 0.218311 0.049862 0.015753 0.069612 0.154896 0.169978 
0.037791 0.193914 0.141403 0.000030 0.057327 0.196178 0.116815 0.031059 0.015347 0.210136 
0.062531 0.010827 0.074511 0.011472 0.019118 0.109429 0.688238 0.003818 0.008735 0.011321 
0.116151 0.011927 0.005463 0.005437 0.666781 0.016878 0.025412 0.101666 0.022908 0.027376 
0.423652 0.021631 0.017076 0.077618 0.138817 0.090294 0.017084 0.068506 0.115826 0.029495 
0.486812 0.048756 0.046447 0.000019 0.073910 0.140872 0.026257 0.104243 0.016493 0.056191 
0.228496 0.065670 0.006943 0.129205 0.303582 0.092763 0.011761 0.050781 0.028594 0.082204 
0.053613 0.063334 0.008691 0.000027 0.280816 0.201110 0.057266 0.079375 0.015368 0.240401 
0.442175 0.005488 0.039569 0.170810 0.069559 0.022493 0.012130 0.091177 0.062021 0.084578 
0.176842 0.039366 0.047631 0.000026 0.377014 0.085009 0.016884 0.007961 0.117912 0.131355 
0.181601 0.029021 0.064284 0.021634 0.064762 0.053581 0.067635 0.388870 0.040962 0.087649 
0.057220 0.065085 0.015296 0.011898 0.067444 0.118868 0.030002 0.012979 0.553240 0.067968 
0.140741 0.031866 0.043297 0.013207 0.134361 0.106846 0.360007 0.038191 0.041276 0.090207 
0.404073 0.043783 0.009669 0.036268 0.197094 0.077723 0.041956 0.032857 0.139772 0.016806 
0.134235 0.006203 0.011076 0.443138 0.114970 0.122751 0.027401 0.046487 0.029445 0.064295 
0.108266 0.034286 0.265574 0.000028 0.370434 0.019157 0.019764 0.072692 0.033864 0.075936 
0.034680 0.103338 0.014722 0.025349 0.094979 0.551243 0.019934 0.021333 0.010572 0.123851 
0.218399 0.235907 0.011712 0.011413 0.224453 0.013480 0.042726 0.083516 0.083186 0.075207 
0.088546 0.100981 0.007182 0.010055 0.019691 0.608359 0.020186 0.029883 0.022415 0.092702 
0.133539 0.026491 0.009856 0.000021 0.061321 0.116213 0.025986 0.407686 0.005339 0.213549 
0.079015 0.040714 0.016588 0.020868 0.503049 0.061750 0.105166 0.063523 0.041993 0.067333 
0.160385 0.020393 0.031676 0.013940 0.095833 0.145710 0.019671 0.385664 0.016939 0.109788 
0.234301 0.020545 0.010653 0.000020 0.068079 0.391752 0.033354 0.148753 0.071249 0.021296 
0.152858 0.085031 0.001450 0.000025 0.091923 0.308327 0.030323 0.177902 0.024169 0.127992 
0.018355 0.033393 0.003524 0.043704 0.032398 0.567619 0.038793 0.048896 0.020872 0.192445 
0.155052 0.084901 0.000311 0.000028 0.446737 0.111472 0.024315 0.059674 0.050678 0.066832 
0.024079 0.039167 0.005802 0.000029 0.068181 0.029222 0.013198 0.752307 0.010676 0.057338 
0.151087 0.057279 0.016435 0.009387 0.373046 0.202821 0.024065 0.059829 0.030218 0.075833 
0.162345 0.074041 0.004692 0.000029 0.086503 0.198021 0.030195 0.118830 0.293162 0.032182 
0.047850 0.087787 0.031132 0.000029 0.345304 0.340755 0.014973 0.043608 0.013187 0.075375 
0.151549 0.019897 0.005241 0.032901 0.046874 0.207887 0.023535 0.073652 0.015688 0.422776 
0.273133 0.025960 0.005430 0.000028 0.347342 0.096994 0.023925 0.161345 0.016773 0.049069 
0.246936 0.062235 0.064868 0.005369 0.176160 0.022831 0.118664 0.201379 0.013699 0.087860 
0.143498 0.209893 0.002304 0.000030 0.140449 0.296585 0.040017 0.048601 0.012978 0.105646 
0.411816 0.047665 0.011236 0.034545 0.240905 0.007865 0.042547 0.056603 0.113280 0.033538 
0.048089 0.414099 0.058945 0.030756 0.063319 0.038760 0.276814 0.008210 0.005488 0.055521 
0.201722 0.004686 0.009532 0.000016 0.197726 0.024512 0.015106 0.401703 0.021047 0.123951 
0.077264 0.001582 0.006903 0.004683 0.330278 0.022162 0.019546 0.467906 0.000268 0.069408 
0.044162 0.046031 0.283490 0.099495 0.331164 0.014826 0.054246 0.074297 0.010838 0.041451 
0.127029 0.002254 0.011073 0.000013 0.051698 0.046229 0.020389 0.539838 0.005560 0.195919 
0.336412 0.002479 0.047532 0.059388 0.029019 0.032046 0.324090 0.068861 0.023420 0.076754 
0.243012 0.030883 0.020989 0.000024 0.055867 0.027619 0.077302 0.090092 0.399944 0.054267 
0.143111 0.008612 0.013471 0.000012 0.028111 0.094006 0.016991 0.363157 0.001898 0.330632 
0.322636 0.044356 0.051599 0.000027 0.219685 0.148230 0.007224 0.122463 0.013353 0.070427 
0.456091 0.029125 0.028400 0.000024 0.083933 0.120484 0.032591 0.103426 0.019386 0.126539 
0.073240 0.024476 0.000380 0.000022 0.029630 0.004902 0.058441 0.251015 0.329676 0.228217 
0.017074 0.027759 0.066679 0.032136 0.050969 0.015408 0.262505 0.007699 0.007463 0.512308 
0.073675 0.030670 0.003052 0.000027 0.352157 0.016866 0.064386 0.006795 0.310188 0.142184 
0.026627 0.099626 0.027736 0.076770 0.036442 0.090628 0.235892 0.360443 0.028088 0.017749 
0.056659 0.017990 0.130501 0.000018 0.033519 0.064143 0.276783 0.314745 0.000180 0.105462 
0.172748 0.084774 0.009424 0.000017 0.071620 0.180924 0.027559 0.051788 0.001053 0.400091 
0.401708 0.011132 0.015619 0.034112 0.079499 0.022626 0.017375 0.214339 0.072785 0.130805 
0.011369 0.009640 0.194420 0.031863 0.009442 0.051582 0.094570 0.313093 0.002783 0.281237 
0.022652 0.077005 0.000203 0.014854 0.063669 0.099737 0.132493 0.003600 0.019967 0.565819 
0.331297 0.085238 0.009071 0.020082 0.115017 0.268739 0.011623 0.010985 0.108679 0.039270 
0.114349 0.038064 0.018337 0.000031 0.089804 0.442748 0.038617 0.089808 0.096688 0.071553 
0.018864 0.046843 0.001872 0.391909 0.049982 0.112314 0.009788 0.081147 0.252214 0.035068 
0.163973 0.052168 0.051264 0.000026 0.065309 0.116092 0.228071 0.048837 0.011032 0.263229 
0.109389 0.078980 0.009105 0.000016 0.075124 0.133167 0.053859 0.040736 0.000187 0.499436 
0.059326 0.014683 0.015891 0.000024 0.084510 0.033421 0.000987 0.715206 0.000725 0.075227 
0.038608 0.206676 0.006849 0.007133 0.056932 0.093907 0.025726 0.006856 0.430048 0.127265 
0.324017 0.031772 0.073818 0.009425 0.219797 0.055707 0.012680 0.123446 0.040384 0.108955 
0.133126 0.206070 0.010299 0.016113 0.190929 0.086043 0.031422 0.044162 0.243935 0.037901 
0.422923 0.062163 0.006210 0.046792 0.101513 0.184307 0.002916 0.107846 0.038768 0.026561 
0.038274 0.002712 0.452914 0.000015 0.048303 0.036774 0.042692 0.334221 0.005847 0.038249 
0.292868 0.195744 0.011182 0.010730 0.099049 0.105944 0.012793 0.026583 0.060797 0.184310 
0.003609 0.044668 0.000261 0.020344 0.080270 0.293172 0.039115 0.111940 0.013240 0.393380 
0.203720 0.039454 0.058947 0.000025 0.331247 0.033126 0.031970 0.251080 0.016934 0.033497 
0.055208 0.096270 0.002386 0.000016 0.333737 0.283663 0.023409 0.047371 0.002273 0.155665 
0.178863 0.033037 0.004151 0.232698 0.035085 0.026755 0.006717 0.416663 0.012439 0.053592 
0.003474 0.141550 0.181495 0.021486 0.056025 0.114174 0.049314 0.324547 0.032997 0.074937 
0.023567 0.029497 0.142883 0.013223 0.013709 0.032155 0.699561 0.001929 0.025840 0.017636 
0.107977 0.025466 0.009570 0.298570 0.009481 0.017677 0.194631 0.035118 0.008763 0.292747 
0.460875 0.059571 0.119921 0.046489 0.072388 0.056564 0.016277 0.044491 0.090732 0.032692 
0.014650 0.131636 0.028311 0.000025 0.104729 0.307423 0.016366 0.025999 0.287210 0.083649 
0.186928 0.021994 0.012735 0.005912 0.085013 0.011599 0.004115 0.444314 0.135355 0.092036 
0.421869 0.033901 0.032953 0.000020 0.079642 0.079192 0.010245 0.084171 0.025729 0.232279 
0.467558 0.052693 0.083986 0.000019 0.081643 0.123909 0.014767 0.101434 0.035818 0.038173 
0.394044 0.100955 0.036422 0.000017 0.093315 0.167708 0.014089 0.062609 0.026092 0.104750 
0.179155 0.062268 0.009579 0.181808 0.095714 0.024349 0.006708 0.364571 0.026295 0.049553 
0.026944 0.037849 0.455699 0.006102 0.171008 0.166925 0.055645 0.019609 0.009726 0.050493 
0.464594 0.105997 0.001436 0.037447 0.099676 0.134384 0.007445 0.057342 0.065586 0.026093 
0.119971 0.087952 0.021076 0.000021 0.052968 0.127307 0.259802 0.034844 0.007036 0.289024 
0.013566 0.040587 0.000018 0.729337 0.057960 0.058396 0.013495 0.029302 0.034592 0.022746 
0.059262 0.022765 0.037144 0.046526 0.639169 0.079022 0.014836 0.040421 0.020170 0.040685 
0.494852 0.039220 0.135274 0.000024 0.050457 0.033430 0.002242 0.143377 0.024555 0.076569 
0.192753 0.059390 0.010715 0.035683 0.072703 0.208982 0.018340 0.112935 0.245276 0.043223 
0.030655 0.009019 0.302612 0.000028 0.226412 0.059677 0.069932 0.172307 0.007122 0.122236 
0.281445 0.004196 0.044706 0.008503 0.095082 0.047137 0.066569 0.385026 0.020321 0.047014 
0.227618 0.014776 0.046645 0.010017 0.093613 0.047275 0.057629 0.108748 0.316347 0.077334 
0.081266 0.058511 0.001346 0.119795 0.211894 0.097778 0.014073 0.236496 0.022338 0.156503 
0.263501 0.059817 0.036319 0.008741 0.058073 0.334559 0.039360 0.097228 0.025223 0.077178 
0.072358 0.419437 0.027575 0.000028 0.052377 0.028935 0.227585 0.067360 0.049151 0.055193 
0.088177 0.048338 0.005300 0.000029 0.124182 0.157477 0.028797 0.482035 0.004901 0.060765 
0.372894 0.050718 0.011223 0.078924 0.041211 0.020790 0.055841 0.200773 0.126041 0.041585 
0.006366 0.008985 0.233121 0.070171 0.127810 0.016542 0.082334 0.017741 0.010947 0.425983 
0.072481 0.028668 0.000175 0.016001 0.125581 0.044372 0.110930 0.031629 0.019878 0.550285 
0.021114 0.009729 0.262982 0.370778 0.080416 0.012242 0.105761 0.011554 0.011530 0.113893 
0.066379 0.087899 0.024942 0.000021 0.058281 0.196351 0.016167 0.001281 0.032149 0.516530 
0.085440 0.064793 0.001458 0.231952 0.201124 0.033707 0.020238 0.111701 0.170313 0.079274 
0.195296 0.037845 0.010151 0.146045 0.344622 0.051761 0.043700 0.071827 0.010173 0.088579 
0.033893 0.070772 0.004337 0.000063 0.112297 0.092018 0.024767 0.447392 0.050503 0.163957 
0.387387 0.018494 0.003293 0.076408 0.176525 0.038732 0.012470 0.121570 0.083558 0.081564 
0.103916 0.047784 0.026289 0.000028 0.075848 0.042650 0.284135 0.129335 0.158061 0.131954 
0.060412 0.053403 0.048279 0.000027 0.099142 0.323265 0.276308 0.096816 0.000469 0.041879 
0.160812 0.033562 0.207549 0.000023 0.225845 0.071064 0.100266 0.060448 0.057894 0.082538 
0.188258 0.054999 0.000114 0.013162 0.098309 0.025006 0.104273 0.070894 0.005755 0.439231 
0.332878 0.004523 0.035490 0.000027 0.326418 0.016254 0.032451 0.138873 0.057160 0.055926 
0.083058 0.064066 0.005093 0.000029 0.085624 0.335827 0.017220 0.273971 0.019831 0.115279 
0.360268 0.083843 0.004969 0.034008 0.051335 0.044196 0.023373 0.333609 0.007860 0.056539 
0.004798 0.047188 0.009003 0.789466 0.011686 0.039029 0.014845 0.016486 0.012660 0.054839 
0.059128 0.121921 0.000240 0.387826 0.077814 0.159415 0.028198 0.021845 0.037400 0.106214 
0.238680 0.004948 0.025137 0.000017 0.086053 0.240421 0.010377 0.030316 0.003791 0.360260 
0.007926 0.042612 0.256750 0.000022 0.217219 0.330775 0.090475 0.014332 0.008760 0.031129 
0.299948 0.112550 0.004217 0.020306 0.095722 0.004925 0.019400 0.049720 0.366287 0.026926 
0.107076 0.225931 0.003992 0.003838 0.091517 0.404279 0.027542 0.059718 0.019223 0.056885 
0.136502 0.109637 0.008506 0.000026 0.088302 0.094789 0.052642 0.040840 0.011310 0.457447 
0.123419 0.014677 0.007169 0.012045 0.561544 0.159714 0.022074 0.032687 0.033926 0.032744 
0.545849 0.016168 0.024126 0.000024 0.108041 0.055242 0.019214 0.154333 0.038480 0.038524 
0.508397 0.047757 0.003205 0.042257 0.076371 0.043512 0.008747 0.019485 0.223445 0.026824 
0.150969 0.000957 0.253043 0.000019 0.212107 0.100018 0.146310 0.073422 0.003832 0.059324 
0.149039 0.462611 0.025706 0.007592 0.075342 0.140372 0.028135 0.033504 0.003494 0.074205 
0.097248 0.037541 0.090858 0.020934 0.060549 0.413380 0.065891 0.158887 0.003629 0.051085 
0.436768 0.039284 0.049194 0.000025 0.044780 0.270505 0.022100 0.083851 0.010627 0.042865 
0.383577 0.018941 0.046379 0.000025 0.151065 0.163388 0.012602 0.121024 0.031095 0.071903 
0.277039 0.306581 0.015745 0.020354 0.124102 0.025050 0.027641 0.096867 0.018554 0.088067 
0.026660 0.209769 0.003668 0.000027 0.143747 0.024716 0.016492 0.072020 0.432352 0.070549 
0.283284 0.011746 0.279123 0.027074 0.189219 0.048248 0.034543 0.075762 0.023542 0.027460 
0.055138 0.016591 0.001021 0.215499 0.060284 0.484301 0.016464 0.035891 0.092855 0.021955 
0.062838 0.042920 0.011225 0.000030 0.201526 0.313492 0.039871 0.033098 0.205837 0.089163 
0.083891 0.487949 0.006876 0.133058 0.109737 0.016020 0.020136 0.052729 0.024461 0.065143 
0.336248 0.066255 0.016367 0.039448 0.137316 0.048601 0.059060 0.058310 0.073487 0.164908 
0.006324 0.261071 0.000264 0.289473 0.111076 0.151587 0.014330 0.037853 0.069386 0.058635 
0.110929 0.023558 0.078186 0.586196 0.030761 0.018693 0.046964 0.036935 0.035655 0.032123 
0.101573 0.031492 0.042400 0.000030 0.436050 0.152674 0.025343 0.112152 0.011199 0.087088 
0.039219 0.225538 0.044619 0.016862 0.135622 0.289511 0.018404 0.035328 0.008977 0.185921 
0.212866 0.024510 0.232218 0.034857 0.099623 0.189648 0.032614 0.014548 0.067211 0.091905 
0.129619 0.024989 0.036059 0.000026 0.022245 0.124397 0.580111 0.041608 0.004641 0.036306 
0.152033 0.143801 0.009453 0.000028 0.304688 0.035332 0.006910 0.176831 0.112592 0.058332 
0.167737 0.109247 0.010276 0.000024 0.081781 0.136657 0.021422 0.323483 0.125961 0.023412 
0.064066 0.109089 0.055830 0.000027 0.078284 0.328636 0.174455 0.125544 0.018193 0.045875 
0.011606 0.029726 0.006903 0.000021 0.004361 0.140524 0.101160 0.024447 0.006434 0.674819 
0.104213 0.055875 0.005482 0.115644 0.151069 0.268563 0.078962 0.055723 0.054449 0.110020 
0.201894 0.011617 0.031150 0.061005 0.072633 0.141073 0.387638 0.008088 0.068714 0.016189 
0.329573 0.015659 0.047784 0.000028 0.274316 0.020980 0.035447 0.158564 0.065848 0.051802 
0.057772 0.048009 0.012826 0.000024 0.131774 0.660204 0.003964 0.032487 0.022717 0.030222 
0.338576 0.015170 0.112985 0.000026 0.088830 0.022434 0.022027 0.072491 0.280219 0.047242 
0.010588 0.051544 0.025776 0.051810 0.048939 0.024452 0.112522 0.578912 0.043162 0.052295 
0.074786 0.063935 0.002020 0.032263 0.065891 0.066425 0.011413 0.634173 0.018443 0.030652 
0.037870 0.023495 0.026646 0.354421 0.039534 0.028589 0.217211 0.062435 0.178116 0.031684 
0.019363 0.186386 0.002407 0.513142 0.060679 0.035592 0.012838 0.029847 0.047262 0.092484 
0.222705 0.032878 0.015638 0.014420 0.314617 0.219319 0.027503 0.069257 0.043443 0.040220 
0.158924 0.039329 0.005121 0.134148 0.074722 0.065247 0.025847 0.003426 0.350731 0.142506 
0.187585 0.072124 0.026103 0.028007 0.043465 0.333025 0.020814 0.101157 0.027105 0.160614 
0.050357 0.227261 0.004557 0.017874 0.038700 0.010071 0.313205 0.020341 0.007939 0.309695 
0.008615 0.107007 0.375804 0.011449 0.069147 0.231700 0.041527 0.067932 0.019037 0.067784 
0.200524 0.030465 0.051412 0.379074 0.011159 0.027731 0.015801 0.244550 0.018294 0.020989 
0.106411 0.057181 0.040046 0.000026 0.163558 0.084602 0.255409 0.044949 0.051604 0.196216 
0.004307 0.006263 0.118443 0.000027 0.028896 0.110841 0.242254 0.014605 0.002971 0.471392 
0.213918 0.029546 0.023886 0.012374 0.186863 0.349777 0.011973 0.082621 0.023303 0.065738 
0.153576 0.020874 0.017492 0.241897 0.046818 0.194800 0.061104 0.101438 0.112255 0.049745 
0.116677 0.114068 0.138772 0.265404 0.122444 0.131834 0.030756 0.024225 0.005219 0.050601 
0.041150 0.106837 0.033421 0.012962 0.216189 0.256118 0.068001 0.031087 0.015965 0.218271 
0.271762 0.061345 0.008593 0.052675 0.137736 0.126264 0.018307 0.109375 0.073521 0.140422 
0.048485 0.135583 0.003537 0.023658 0.121518 0.226829 0.030905 0.147619 0.139359 0.122506 
0.012078 0.057614 0.000172 0.042434 0.057560 0.624439 0.030053 0.041621 0.023677 0.110350 
0.181045 0.231556 0.002959 0.000024 0.191997 0.257763 0.011013 0.035983 0.037961 0.049700 
0.008509 0.085054 0.432641 0.045656 0.020839 0.156420 0.122817 0.018157 0.008721 0.101186 
0.026132 0.079519 0.008985 0.068137 0.275958 0.219246 0.015646 0.145750 0.068743 0.091885 
0.057851 0.527539 0.007084 0.003601 0.183050 0.027317 0.026064 0.055504 0.013697 0.098292 
0.271537 0.139461 0.022549 0.000023 0.073417 0.250324 0.029783 0.049170 0.014748 0.148988 
0.045996 0.005502 0.004700 0.008218 0.208356 0.070470 0.027854 0.011291 0.119509 0.498103 
0.076082 0.079063 0.005531 0.451526 0.112270 0.112701 0.013283 0.041180 0.045520 0.062845 
0.189689 0.059241 0.004907 0.000028 0.045392 0.312738 0.043061 0.138265 0.162887 0.043793 
0.002496 0.015935 0.040292 0.000030 0.006408 0.010299 0.665053 0.227952 0.000837 0.030699 
0.100837 0.049318 0.005575 0.000027 0.056685 0.032267 0.020357 0.704958 0.012771 0.017206 
0.313540 0.257835 0.112683 0.000027 0.070106 0.030497 0.030556 0.091004 0.029329 0.064422 
0.180913 0.014290 0.020486 0.009700 0.103645 0.071070 0.031500 0.034296 0.051836 0.482265 
0.021383 0.295960 0.008795 0.000027 0.243560 0.222950 0.072688 0.063327 0.013336 0.057975 
0.106435 0.007455 0.020511 0.000024 0.065536 0.566872 0.176219 0.020470 0.010379 0.026099 
0.089132 0.007382 0.062896 0.000019 0.046450 0.017171 0.542038 0.119701 0.079154 0.036056 
0.117856 0.058670 0.008381 0.000021 0.097109 0.123224 0.010253 0.371138 0.008605 0.204742 
0.052910 0.046131 0.000364 0.057708 0.084693 0.190201 0.044432 0.489063 0.011678 0.022820 
0.433349 0.005233 0.051167 0.041121 0.033542 0.088233 0.006896 0.102576 0.035980 0.201904 
0.208576 0.085015 0.001864 0.022840 0.059997 0.477482 0.006269 0.034570 0.046054 0.057332 
0.500821 0.060500 0.012063 0.077888 0.132909 0.032162 0.005937 0.008626 0.128908 0.040186 
0.054752 0.056131 0.031153 0.044087 0.218585 0.222099 0.151604 0.042799 0.018733 0.160057 
0.008222 0.117987 0.002132 0.019672 0.039791 0.098028 0.041846 0.592398 0.004321 0.075602 
0.027095 0.373690 0.048434 0.122690 0.085691 0.209212 0.002201 0.018865 0.034029 0.078092 
0.141531 0.128775 0.007716 0.015742 0.296758 0.272864 0.028757 0.071789 0.004101 0.031966 
0.087123 0.009575 0.003460 0.000025 0.332770 0.054347 0.014290 0.363783 0.005984 0.128643 
0.119646 0.225775 0.008561 0.000019 0.088117 0.074651 0.027602 0.030644 0.130106 0.294880 
0.158332 0.034214 0.010333 0.009403 0.188087 0.071495 0.036186 0.040844 0.245848 0.205258 
0.183172 0.017003 0.024447 0.083922 0.043819 0.018973 0.251990 0.041166 0.288907 0.046600 
0.014759 0.041238 0.002917 0.475786 0.109967 0.050161 0.029304 0.040056 0.025472 0.210339 
0.031695 0.009168 0.095360 0.000024 0.014084 0.078072 0.668600 0.017290 0.059869 0.025837 
0.092256 0.017473 0.016668 0.000029 0.428793 0.260629 0.050805 0.052379 0.020492 0.060476 
0.060252 0.063341 0.002186 0.068160 0.034657 0.456850 0.011223 0.135645 0.107368 0.060320 
0.401297 0.002028 0.019055 0.000025 0.308321 0.025430 0.015954 0.046814 0.066961 0.114117 
0.533024 0.012412 0.012989 0.031816 0.121108 0.019247 0.007558 0.087499 0.124886 0.049462 
0.078446 0.042292 0.003171 0.249604 0.055596 0.232647 0.009591 0.030659 0.048514 0.249479 
0.013269 0.046089 0.012567 0.028777 0.121999 0.072345 0.032946 0.616847 0.001571 0.053589 
0.141173 0.018984 0.390811 0.007308 0.066938 0.013912 0.217678 0.025625 0.026052 0.091519 
0.102702 0.027892 0.163967 0.022499 0.071108 0.406237 0.053555 0.057728 0.034867 0.059446 
0.126664 0.052085 0.013457 0.000028 0.166516 0.028139 0.025067 0.197303 0.351178 0.039563 
0.297397 0.048405 0.000073 0.000028 0.086535 0.005275 0.023909 0.118653 0.389205 0.030520 
0.035706 0.018121 0.000143 0.018633 0.044847 0.002635 0.302018 0.003077 0.015763 0.559057 
0.212736 0.015591 0.002427 0.000022 0.090037 0.108247 0.029091 0.083691 0.016394 0.441764 
0.191445 0.087749 0.009631 0.000019 0.215681 0.271245 0.016448 0.068035 0.049004 0.090745 
0.426811 0.146833 0.029949 0.000025 0.026949 0.127178 0.017839 0.127913 0.040077 0.056427 
0.023907 0.180320 0.139799 0.031023 0.069217 0.159536 0.088495 0.262392 0.005248 0.040063 
0.040731 0.069717 0.023288 0.000029 0.039004 0.214369 0.133808 0.068533 0.264787 0.145734 
0.167569 0.052524 0.018708 0.018619 0.187346 0.371918 0.020642 0.069170 0.016927 0.076576 
0.178498 0.020423 0.069606 0.105729 0.112939 0.040499 0.386555 0.033626 0.007223 0.044901 
0.259229 0.006282 0.159372 0.000022 0.230714 0.026355 0.033645 0.199146 0.028771 0.056464 
0.007782 0.095297 0.013719 0.055243 0.051146 0.016689 0.021774 0.666744 0.049182 0.022424 
0.033804 0.032595 0.011300 0.000025 0.018562 0.002808 0.328455 0.011985 0.007878 0.552588 
0.118938 0.176643 0.015632 0.033605 0.187657 0.015196 0.021833 0.265066 0.109235 0.056195 
0.251417 0.056115 0.009408 0.000014 0.074155 0.186820 0.031152 0.050509 0.007235 0.333176 
0.141001 0.036989 0.013279 0.016094 0.468494 0.124975 0.030030 0.091234 0.039982 0.037924 
0.095527 0.038460 0.030268 0.000016 0.082040 0.018974 0.025995 0.642028 0.009248 0.057444 
0.124825 0.061304 0.011899 0.134063 0.197004 0.155130 0.021650 0.162267 0.019535 0.112323 
0.293971 0.073673 0.010692 0.000028 0.153426 0.061291 0.039864 0.130848 0.020578 0.215630 
0.045742 0.068936 0.003676 0.000030 0.094707 0.680861 0.018221 0.041252 0.014028 0.032548 
0.467146 0.031417 0.016063 0.016212 0.160075 0.053777 0.022457 0.156815 0.030486 0.045553 
0.081609 0.014708 0.025501 0.106798 0.142411 0.049486 0.321384 0.092130 0.019540 0.146433 
0.059817 0.035610 0.005585 0.000028 0.227497 0.551245 0.011303 0.061109 0.016958 0.030848 
0.024209 0.014181 0.005357 0.053193 0.067664 0.429433 0.021622 0.343617 0.017470 0.023255 
0.024103 0.074800 0.003511 0.010665 0.637268 0.145006 0.015109 0.032011 0.020532 0.036994 
0.002986 0.056774 0.000081 0.046575 0.033432 0.479208 0.085578 0.013125 0.007901 0.274340 
0.104461 0.045349 0.313601 0.000029 0.264841 0.090938 0.041103 0.061202 0.027042 0.051433 
0.047859 0.059871 0.000231 0.068565 0.082432 0.196132 0.023745 0.045565 0.440348 0.035252 
0.047361 0.105323 0.005650 0.000020 0.228073 0.308192 0.008518 0.240807 0.020592 0.035464 
0.040092 0.134160 0.000100 0.000017 0.107435 0.241427 0.029219 0.026790 0.017410 0.403350 
0.366586 0.022243 0.080196 0.017660 0.076455 0.080491 0.056824 0.200836 0.027703 0.071006 
0.283456 0.037626 0.097793 0.090365 0.068049 0.155159 0.030458 0.131052 0.060316 0.045726 
0.007611 0.063990 0.051624 0.000024 0.127348 0.189778 0.500825 0.022504 0.009614 0.026683 
0.053868 0.057723 0.003279 0.030277 0.082409 0.252795 0.094142 0.113586 0.008767 0.303156 
0.173394 0.028624 0.008943 0.000031 0.190759 0.032704 0.010640 0.083623 0.013481 0.457801 
0.105134 0.031721 0.026589 0.000027 0.130525 0.103111 0.023585 0.501696 0.031159 0.046453 
0.003897 0.125510 0.000017 0.000024 0.333686 0.297229 0.044797 0.039727 0.000310 0.154804 
0.228411 0.071843 0.031748 0.000024 0.109578 0.111333 0.136149 0.048829 0.015092 0.246992 
0.476264 0.046962 0.027177 0.041916 0.128851 0.098391 0.006671 0.018208 0.109119 0.046440 
0.021850 0.362601 0.086904 0.003556 0.123977 0.261288 0.031139 0.070202 0.011241 0.027243 
0.257139 0.029995 0.023830 0.018164 0.178513 0.040703 0.008882 0.129310 0.019171 0.294294 
0.121879 0.053034 0.015030 0.358066 0.239445 0.019404 0.097869 0.039141 0.019021 0.037111 
0.057081 0.028834 0.002887 0.000021 0.398474 0.212810 0.013673 0.055835 0.113326 0.117058 
0.149868 0.020360 0.024404 0.000020 0.110752 0.012346 0.029613 0.326255 0.247104 0.079278 
0.219979 0.017468 0.015297 0.018833 0.296022 0.153689 0.043412 0.084302 0.028765 0.122234 
0.124060 0.020439 0.000084 0.024823 0.293765 0.309679 0.012844 0.137302 0.035997 0.041007 
0.035509 0.211916 0.000040 0.095590 0.085379 0.332156 0.016402 0.044081 0.031744 0.147183 
