-1962868.257936
0
0.000000 0.000000 0.000000 0.000000 0.000000 0.000000 0.000449 0.000000 0.006565 0.000000 0.000000 0.000000 0.000000 0.000000 0.000000 0.000000 0.000000 0.000000 0.000000 0.000944 0.000000 0.000000 0.000000 0.000000 0.001298 0.000000 0.000000 0.000000 0.000000 0.000000 0.000000 0.000000 0.015517 0.000000 0.002990 0.003792 0.000000 0.000000 0.000000 0.000000 0.000000 0.000000 0.000000 0.000000 0.000000 0.000000 0.000000 0.000000 0.000000 0.000000 0.000000 0.000000 0.000000 0.000000 0.000000 0.000357 0.002651 0.000000 0.000000 0.000000 0.000000 0.000000 0.000000 0.000000 0.000000 0.000000 0.000000 0.000000 0.000000 0.000000 0.000000 0.000457 0.015410 0.008071 0.002154 0.008466 0.032001 0.000000 0.001431 0.066428 0.466009 0.082619 0.042288 0.240102 0.000000 0.000000 0.000000 0.000000 0.000000 0.000000 0.000000 0.000000 0.000000 0.000000 0.000000 0.000000 
0.000000 0.001587 0.000534 0.000000 0.000000 0.001944 0.000000 0.001013 0.035879 0.016256 0.029751 0.013434 0.000000 0.001899 0.000000 0.006094 0.010710 0.016626 0.062920 0.002921 0.000000 0.000000 0.000000 0.000000 0.024828 0.050071 0.018805 0.119501 0.000000 0.000000 0.000000 0.000000 0.010247 0.011825 0.051721 0.006268 0.000000 0.005677 0.001192 0.001885 0.017865 0.014562 0.092206 0.008329 0.000000 0.010710 0.020271 0.000000 0.000000 0.004435 0.004823 0.000000 0.000000 0.002876 0.000000 0.001210 0.075738 0.065685 0.000000 0.056114 0.000000 0.003962 0.001343 0.001262 0.000000 0.000000 0.031821 0.000000 0.000000 0.003923 0.002978 0.002383 0.000000 0.000000 0.001636 0.000000 0.000000 0.000000 0.000000 0.000000 0.010304 0.000000 0.018446 0.000000 0.000000 0.000000 0.000000 0.001238 0.003889 0.009185 0.026095 0.003121 0.000000 0.000000 0.000000 0.000000 
0.000000 0.000000 0.000000 0.000948 0.000000 0.000000 0.000000 0.000000 0.003628 0.014677 0.015382 0.000000 0.000000 0.012394 0.000000 0.007118 0.000000 0.004577 0.000000 0.000000 0.000000 0.000000 0.001434 0.000000 0.005960 0.006734 0.000587 0.000000 0.000000 0.000000 0.000000 0.000000 0.000000 0.000000 0.002876 0.000000 0.000706 0.001110 0.000000 0.000000 0.000000 0.000000 0.000000 0.000000 0.000000 0.000000 0.000000 0.006152 0.000000 0.011499 0.000000 0.033534 0.001922 0.000000 0.000000 0.000000 0.060598 0.192470 0.309839 0.114976 0.000000 0.004689 0.002263 0.003354 0.029595 0.065826 0.014344 0.009000 0.000000 0.001398 0.004050 0.023443 0.001332 0.000000 0.000912 0.000000 0.000000 0.001721 0.000000 0.000000 0.004751 0.008249 0.000000 0.000000 0.000000 0.000000 0.000000 0.000000 0.002856 0.010059 0.000000 0.000000 0.000000 0.000000 0.000000 0.003037 
0.000000 0.000000 0.000000 0.000000 0.000000 0.000633 0.000000 0.000000 0.007706 0.000000 0.000000 0.004385 0.000000 0.001046 0.000000 0.002070 0.000000 0.006502 0.000000 0.000000 0.000000 0.009877 0.004662 0.038348 0.000000 0.000000 0.000000 0.000000 0.001028 0.000000 0.000000 0.000913 0.017917 0.000000 0.004598 0.006450 0.000000 0.008541 0.002398 0.037390 0.006622 0.044953 0.031887 0.121493 0.000000 0.024396 0.016607 0.330924 0.004296 0.000000 0.000801 0.004444 0.000000 0.000000 0.000000 0.001221 0.000000 0.000000 0.000000 0.000000 0.000000 0.003686 0.002773 0.005417 0.000000 0.009373 0.000000 0.005863 0.000000 0.010795 0.006121 0.074451 0.000000 0.000000 0.001770 0.000000 0.000000 0.000000 0.000000 0.000000 0.000000 0.008252 0.002144 0.009922 0.000000 0.000000 0.000000 0.002036 0.000000 0.008703 0.004820 0.008809 0.000000 0.011522 0.005231 0.076204 
0.000000 0.000685 0.000000 0.000000 0.001474 0.000000 0.000000 0.001783 0.019378 0.105273 0.000000 0.062191 0.000000 0.000000 0.002132 0.000000 0.000000 0.001124 0.001626 0.003081 0.000000 0.000000 0.000000 0.000000 0.000000 0.002877 0.000000 0.000000 0.000000 0.000000 0.000000 0.000000 0.041897 0.164985 0.006722 0.124452 0.000000 0.002182 0.000000 0.000000 0.000601 0.000000 0.000000 0.000000 0.000000 0.000000 0.000145 0.000000 0.000000 0.000000 0.000000 0.000000 0.000000 0.000000 0.000000 0.000000 0.029798 0.107081 0.000000 0.083659 0.000000 0.000000 0.000000 0.000000 0.000000 0.000000 0.000000 0.003447 0.000000 0.000000 0.001298 0.000000 0.000000 0.002501 0.000000 0.000000 0.000000 0.000000 0.000000 0.000000 0.009107 0.134118 0.000000 0.084119 0.000000 0.000000 0.000000 0.000908 0.000000 0.000000 0.000883 0.000000 0.000000 0.000472 0.000000 0.000000 
0.000000 0.000000 0.000000 0.000000 0.000000 0.000000 0.000000 0.000000 0.000000 0.000000 0.000000 0.000000 0.001900 0.000000 0.000000 0.003771 0.000000 0.000000 0.000000 0.000000 0.000000 0.000000 0.000849 0.000707 0.000000 0.000000 0.000000 0.003166 0.000000 0.000000 0.000000 0.000000 0.086466 0.090019 0.027112 0.069881 0.000000 0.000000 0.000000 0.001417 0.000000 0.000000 0.000000 0.002230 0.000000 0.001646 0.000000 0.000000 0.000000 0.000000 0.000000 0.000000 0.000000 0.000000 0.000000 0.000000 0.000000 0.000000 0.000000 0.004229 0.000000 0.000000 0.000000 0.000000 0.000000 0.000000 0.000000 0.009300 0.000000 0.000000 0.001889 0.000000 0.000000 0.002624 0.000000 0.000000 0.000000 0.001421 0.000000 0.000000 0.121792 0.355864 0.125185 0.074370 0.000000 0.000000 0.000520 0.005938 0.002248 0.000000 0.001376 0.001310 0.000000 0.001514 0.001255 0.000000 
0.000000 0.007461 0.000000 0.056541 0.000000 0.000000 0.000000 0.000000 0.040335 0.029253 0.049692 0.040109 0.000000 0.000000 0.000000 0.000000 0.002824 0.005958 0.000000 0.005516 0.000000 0.001377 0.000000 0.011614 0.006229 0.013700 0.000000 0.233316 0.000000 0.000000 0.000000 0.000000 0.000000 0.000000 0.030411 0.004631 0.000000 0.003797 0.000000 0.003267 0.000000 0.009592 0.000000 0.002351 0.000000 0.003833 0.000000 0.000000 0.000000 0.013417 0.000000 0.124573 0.000000 0.000000 0.000000 0.000000 0.057670 0.000000 0.025954 0.029968 0.000000 0.002200 0.000000 0.000000 0.000000 0.000000 0.006636 0.007684 0.000000 0.002062 0.000759 0.000000 0.000000 0.029716 0.000000 0.089817 0.000000 0.000000 0.000000 0.000000 0.000000 0.014734 0.000000 0.015822 0.000000 0.002578 0.000000 0.003948 0.000000 0.005572 0.002720 0.000000 0.000000 0.002362 0.000000 0.000000 
0.003744 0.000000 0.000000 0.002282 0.001705 0.000708 0.000000 0.002314 0.011048 0.000000 0.000000 0.003077 0.006281 0.008100 0.005590 0.006177 0.094115 0.039281 0.066829 0.057380 0.000000 0.002467 0.002002 0.002135 0.006059 0.000000 0.000000 0.000000 0.000000 0.001045 0.000000 0.000000 0.020723 0.000000 0.000000 0.020236 0.002811 0.011485 0.003412 0.002972 0.033725 0.043426 0.041169 0.038630 0.000000 0.006461 0.003687 0.000000 0.000000 0.000776 0.000000 0.000000 0.000000 0.000000 0.000000 0.000000 0.005658 0.000000 0.000000 0.006401 0.002057 0.003034 0.001265 0.001573 0.055102 0.030601 0.044733 0.046452 0.000000 0.000000 0.000000 0.001430 0.003255 0.007114 0.002347 0.000000 0.000000 0.001515 0.000000 0.000000 0.001906 0.005464 0.000000 0.000000 0.007405 0.016387 0.003985 0.008288 0.058201 0.043048 0.035674 0.044473 0.000000 0.005417 0.000000 0.005364 
0.061191 0.016019 0.011951 0.022420 0.000000 0.000781 0.002035 0.001629 0.000422 0.000000 0.000000 0.001793 0.002193 0.000000 0.004188 0.001733 0.000408 0.000000 0.000000 0.000974 0.000000 0.000803 0.001387 0.000000 0.106398 0.037441 0.020276 0.042509 0.000000 0.003469 0.006615 0.002947 0.008376 0.004496 0.008876 0.004464 0.000000 0.003762 0.012301 0.000000 0.000000 0.000000 0.000000 0.000000 0.000000 0.000000 0.004010 0.000000 0.140785 0.031188 0.023372 0.074704 0.000000 0.000000 0.003348 0.000000 0.000000 0.000000 0.000288 0.000000 0.002554 0.001271 0.000000 0.003642 0.000000 0.000000 0.003174 0.000000 0.000431 0.000000 0.007048 0.000000 0.080655 0.063999 0.020006 0.120245 0.000000 0.007300 0.002519 0.000000 0.000000 0.003514 0.000000 0.000000 0.004466 0.001306 0.002507 0.002245 0.000000 0.001704 0.000173 0.000000 0.000000 0.001691 0.000000 0.000000 
0.000000 0.000000 0.000000 0.007244 0.000625 0.000000 0.000000 0.000000 0.000000 0.000000 0.002678 0.004270 0.000000 0.000000 0.000000 0.000000 0.000000 0.004364 0.000564 0.001220 0.000000 0.003894 0.001809 0.014415 0.000000 0.000000 0.000000 0.011419 0.000000 0.000000 0.000000 0.000000 0.000000 0.000000 0.003563 0.000000 0.000000 0.000000 0.000000 0.000000 0.000000 0.000000 0.000000 0.000000 0.002690 0.000000 0.001422 0.000000 0.000000 0.001369 0.000000 0.003881 0.000000 0.000000 0.000000 0.000278 0.000000 0.005368 0.014316 0.008557 0.000000 0.000000 0.000000 0.000000 0.003552 0.007540 0.004096 0.012676 0.000000 0.001328 0.000420 0.000000 0.044645 0.008666 0.002705 0.383552 0.000000 0.000000 0.000000 0.000000 0.000000 0.022970 0.252245 0.040192 0.000000 0.000000 0.000000 0.003267 0.001878 0.009445 0.004606 0.009815 0.007573 0.008919 0.002049 0.073915 
0.037429 0.044593 0.004973 0.030841 0.029720 0.015425 0.005086 0.027655 0.023563 0.000000 0.000000 0.014726 0.013570 0.014618 0.018015 0.018197 0.012016 0.003940 0.004942 0.018786 0.000000 0.000000 0.013395 0.002565 0.017722 0.038495 0.000000 0.000000 0.022583 0.020761 0.006025 0.031553 0.019425 0.000000 0.000000 0.022929 0.017215 0.022035 0.034863 0.033332 0.004042 0.005838 0.000000 0.004884 0.000000 0.004263 0.010519 0.000000 0.000000 0.022417 0.000000 0.000000 0.017876 0.014841 0.002032 0.021252 0.006300 0.000000 0.000000 0.003380 0.011062 0.010752 0.020511 0.017814 0.000000 0.001065 0.000000 0.000895 0.001979 0.003662 0.014681 0.002414 0.007662 0.022426 0.000000 0.000000 0.000000 0.016858 0.001564 0.010145 0.000000 0.000000 0.000000 0.004072 0.011932 0.013251 0.013171 0.027025 0.000000 0.001789 0.000000 0.002734 0.000000 0.005139 0.014244 0.004512 
0.000000 0.000000 0.000000 0.000000 0.005246 0.000809 0.000000 0.003107 0.000001 0.000000 0.000000 0.000000 0.000000 0.000000 0.000000 0.000000 0.000000 0.000000 0.000000 0.000000 0.000000 0.001034 0.000000 0.000000 0.000000 0.000000 0.000000 0.000000 0.007575 0.000000 0.000000 0.006272 0.001546 0.000000 0.000000 0.000000 0.000000 0.000000 0.000000 0.000000 0.000000 0.000000 0.000000 0.000000 0.000000 0.000000 0.000000 0.000000 0.000000 0.000000 0.000999 0.000000 0.001109 0.000820 0.000000 0.003821 0.000000 0.000000 0.000000 0.000000 0.000000 0.000000 0.001483 0.000000 0.000000 0.000000 0.000000 0.000000 0.000000 0.000000 0.000000 0.000000 0.051560 0.017981 0.001367 0.008430 0.328408 0.078003 0.010844 0.396434 0.069791 0.003356 0.000000 0.000000 0.000000 0.000000 0.000000 0.000000 0.000000 0.000000 0.000000 0.000000 0.000000 0.000000 0.000000 0.000000 
0.008241 0.008475 0.001046 0.003329 0.001599 0.003059 0.000000 0.003769 0.040889 0.000604 0.279716 0.006319 0.003598 0.000000 0.000643 0.009680 0.006541 0.000000 0.005798 0.003455 0.000000 0.003416 0.000000 0.003286 0.000000 0.004265 0.000000 0.000000 0.000000 0.000000 0.000000 0.000000 0.019572 0.000938 0.169725 0.004650 0.000000 0.000000 0.000000 0.000000 0.000000 0.000000 0.000000 0.000000 0.000000 0.000699 0.000000 0.000000 0.003894 0.004776 0.000000 0.000000 0.000000 0.002605 0.000000 0.000000 0.034775 0.018255 0.163149 0.012192 0.000000 0.000000 0.000000 0.003519 0.010868 0.000000 0.000000 0.010051 0.000000 0.000000 0.000000 0.000000 0.009159 0.006758 0.001057 0.000000 0.000000 0.000000 0.000000 0.000000 0.000000 0.000000 0.106377 0.000000 0.003925 0.000000 0.000838 0.000660 0.004191 0.000000 0.005038 0.002240 0.000000 0.000000 0.002360 0.000000 
0.017657 0.007847 0.000000 0.003478 0.006026 0.000000 0.000000 0.001987 0.001168 0.000000 0.000000 0.002686 0.022783 0.004580 0.008767 0.033461 0.013787 0.002622 0.000000 0.033489 0.081314 0.007864 0.005874 0.029120 0.009289 0.000000 0.000000 0.000000 0.000000 0.000000 0.000000 0.001909 0.000000 0.000000 0.001372 0.000000 0.008372 0.001934 0.001537 0.000000 0.014447 0.000000 0.000000 0.015866 0.046248 0.006505 0.017427 0.018385 0.014938 0.014774 0.000000 0.006881 0.000000 0.003019 0.000000 0.004189 0.000000 0.000000 0.000000 0.000000 0.004868 0.000000 0.000000 0.003152 0.000000 0.002884 0.000000 0.000505 0.016276 0.000000 0.007443 0.019427 0.037152 0.000000 0.000000 0.039486 0.000000 0.000000 0.000000 0.000000 0.000000 0.000000 0.000000 0.000000 0.042984 0.000000 0.022789 0.020401 0.010101 0.004918 0.005569 0.050335 0.115381 0.012136 0.014975 0.097613 
0.018307 0.017970 0.060030 0.010432 0.124746 0.246082 0.025840 0.093465 0.048628 0.015548 0.044929 0.001291 0.283949 0.008782 
0.058821 0.014017 0.017373 0.018201 0.053277 0.200536 0.077704 0.030022 0.380410 0.014068 0.098360 0.005944 0.023677 0.007589 
0.036467 0.058214 0.090780 0.005407 0.061902 0.000000 0.029040 0.152023 0.240491 0.014146 0.037206 0.012915 0.253318 0.008091 
0.026810 0.065523 0.001052 0.277109 0.181074 0.000000 0.022298 0.029260 0.136272 0.051252 0.163311 0.001329 0.042769 0.001941 
0.048875 0.105652 0.010914 0.021023 0.095326 0.089074 0.027348 0.117409 0.017735 0.045714 0.151344 0.011265 0.237681 0.020643 
0.007286 0.285603 0.201726 0.040106 0.093070 0.000000 0.185569 0.077255 0.002767 0.025120 0.015164 0.000015 0.065089 0.001232 
0.058834 0.095471 0.021134 0.016845 0.203722 0.000000 0.057643 0.228762 0.172526 0.010704 0.093079 0.005100 0.015361 0.020819 
0.853749 0.011019 0.001712 0.000476 0.020187 0.000000 0.007343 0.058890 0.020744 0.001093 0.012314 0.000204 0.002553 0.009716 
0.038569 0.040770 0.020187 0.003913 0.124871 0.468663 0.001267 0.027594 0.071685 0.000295 0.049979 0.135613 0.011148 0.005445 
0.022695 0.023010 0.051529 0.154756 0.030838 0.000000 0.016966 0.113555 0.040480 0.266849 0.030211 0.134492 0.052587 0.062032 
0.016906 0.232720 0.134581 0.020953 0.191091 0.000000 0.035281 0.006971 0.005605 0.000852 0.006612 0.133227 0.211180 0.004021 
0.096619 0.034184 0.003346 0.041641 0.063360 0.135021 0.004231 0.261448 0.022645 0.113742 0.144362 0.014503 0.006024 0.058874 
0.330173 0.077479 0.075918 0.012217 0.084393 0.000000 0.011734 0.252701 0.035740 0.010304 0.074825 0.009467 0.014700 0.010349 
0.012868 0.046031 0.041094 0.051643 0.202066 0.034479 0.017747 0.092981 0.036613 0.207639 0.090290 0.000371 0.160593 0.005585 
0.647151 0.019970 0.005695 0.008330 0.095748 0.000000 0.002693 0.035886 0.014659 0.000651 0.018869 0.003330 0.137907 0.009111 
0.112738 0.028905 0.015359 0.041013 0.086184 0.000000 0.002042 0.466737 0.058555 0.003680 0.082675 0.006178 0.016645 0.079288 
0.041800 0.044033 0.015312 0.041045 0.050063 0.000000 0.014851 0.365757 0.070224 0.010650 0.169492 0.024654 0.076569 0.075550 
0.129241 0.044760 0.044165 0.092679 0.281448 0.000000 0.013275 0.084368 0.039454 0.030434 0.146361 0.023130 0.059112 0.011573 
0.173900 0.018260 0.003705 0.015802 0.077376 0.319223 0.001031 0.033734 0.150308 0.000601 0.133018 0.063756 0.009231 0.000053 
0.018330 0.005656 0.024134 0.014617 0.045467 0.000000 0.105550 0.099434 0.140434 0.020487 0.291021 0.005284 0.196584 0.033003 
0.018097 0.145104 0.436885 0.009797 0.044653 0.042638 0.037940 0.026458 0.018652 0.075644 0.028160 0.000118 0.115756 0.000097 
0.285615 0.110384 0.063459 0.007985 0.083278 0.041992 0.018360 0.059051 0.025228 0.009883 0.035419 0.004888 0.250210 0.004249 
0.038657 0.004775 0.006135 0.082224 0.009984 0.000000 0.001644 0.069854 0.493009 0.032470 0.067240 0.112656 0.021251 0.060102 
0.008569 0.007186 0.146780 0.008124 0.218369 0.000000 0.406862 0.082110 0.023700 0.007606 0.010449 0.005321 0.056270 0.018655 
0.002661 0.452993 0.010294 0.005998 0.052309 0.000000 0.072717 0.188044 0.030090 0.081573 0.065513 0.003560 0.033765 0.000483 
0.036152 0.039748 0.103131 0.010926 0.093173 0.000000 0.103680 0.096837 0.058248 0.003662 0.031539 0.057342 0.324758 0.040805 
0.015924 0.148948 0.128791 0.019597 0.069243 0.000000 0.102600 0.012568 0.262203 0.000803 0.022461 0.001625 0.215134 0.000103 
0.074123 0.013172 0.014646 0.089475 0.077658 0.022681 0.007898 0.142880 0.035797 0.066990 0.058336 0.018076 0.103895 0.274374 
0.018674 0.046938 0.022051 0.019850 0.028677 0.000000 0.023670 0.026385 0.016375 0.755299 0.002370 0.013972 0.025551 0.000188 
0.014062 0.075940 0.068148 0.014852 0.135581 0.000000 0.054816 0.105659 0.083036 0.021943 0.325673 0.026217 0.051016 0.023056 
0.082032 0.051097 0.001575 0.010670 0.097339 0.000000 0.040938 0.109341 0.039301 0.004486 0.447615 0.070556 0.009520 0.035530 
0.029564 0.067017 0.076183 0.037316 0.140899 0.000000 0.025727 0.202546 0.032036 0.029648 0.216681 0.015482 0.036407 0.090495 
0.011853 0.354596 0.216177 0.004599 0.065843 0.000000 0.031303 0.039434 0.015292 0.019760 0.032116 0.002664 0.206272 0.000090 
0.158641 0.080145 0.002675 0.004113 0.139284 0.000000 0.049170 0.094117 0.061471 0.017287 0.040923 0.086695 0.248430 0.017049 
0.388481 0.031444 0.005582 0.037903 0.074513 0.000000 0.008634 0.089156 0.011368 0.023660 0.058277 0.016284 0.044660 0.210037 
0.271354 0.051460 0.012826 0.029371 0.040294 0.000000 0.003770 0.255435 0.024216 0.205626 0.014092 0.070808 0.015232 0.005517 
0.027563 0.033340 0.017752 0.043344 0.135087 0.000000 0.025335 0.320010 0.069540 0.113122 0.102181 0.014281 0.026357 0.072089 
0.060892 0.115248 0.068070 0.274515 0.049418 0.000000 0.008243 0.058782 0.016438 0.029873 0.189133 0.027519 0.099847 0.002020 
0.019930 0.061620 0.014319 0.033003 0.123223 0.006769 0.024086 0.415939 0.073352 0.175600 0.020213 0.000510 0.025102 0.006333 
0.023747 0.005078 0.005108 0.027620 0.380255 0.039595 0.043814 0.058051 0.072622 0.101415 0.177022 0.006577 0.032398 0.026697 
0.005809 0.023442 0.150548 0.015601 0.098355 0.000000 0.311817 0.067492 0.129656 0.041967 0.065438 0.001228 0.088359 0.000288 
0.052816 0.014569 0.019211 0.053105 0.127646 0.078964 0.040089 0.331663 0.079194 0.000895 0.120581 0.011428 0.021735 0.048104 
0.040900 0.016429 0.020032 0.003780 0.574689 0.000000 0.028855 0.095570 0.074208 0.005826 0.056583 0.020664 0.052118 0.010347 
0.024236 0.023453 0.004573 0.023904 0.223086 0.000000 0.025182 0.197869 0.073487 0.008086 0.262161 0.033891 0.075027 0.025047 
0.053584 0.024386 0.024267 0.003432 0.556007 0.000000 0.048844 0.002329 0.004148 0.008260 0.006796 0.252677 0.015122 0.000148 
0.013806 0.116038 0.018987 0.159602 0.039720 0.000000 0.061891 0.102282 0.136051 0.021852 0.249206 0.012854 0.031181 0.036530 
0.089279 0.006091 0.006654 0.009530 0.118363 0.529355 0.011009 0.078235 0.016051 0.005918 0.080364 0.021060 0.017193 0.010900 
0.023440 0.371904 0.089919 0.008702 0.083204 0.233480 0.021853 0.045932 0.023229 0.002317 0.045703 0.000113 0.050100 0.000105 
0.054266 0.226803 0.001388 0.030626 0.024907 0.000000 0.022712 0.098444 0.046376 0.020618 0.109143 0.284355 0.033799 0.046563 
0.016041 0.040531 0.094486 0.068380 0.133171 0.000000 0.054005 0.137345 0.002528 0.040490 0.067927 0.006504 0.026069 0.312523 
0.135811 0.015130 0.014674 0.026179 0.063278 0.144153 0.022068 0.113232 0.038180 0.123460 0.184646 0.036754 0.035650 0.046785 
0.179056 0.044282 0.030365 0.035316 0.080561 0.000000 0.009782 0.280456 0.078308 0.114773 0.077986 0.011465 0.013431 0.044218 
0.016274 0.286929 0.071173 0.022171 0.052615 0.017324 0.056284 0.034570 0.016919 0.284278 0.039376 0.010085 0.085318 0.006685 
0.006544 0.093587 0.085404 0.054087 0.085110 0.000000 0.068659 0.113123 0.111639 0.011376 0.049677 0.009480 0.303706 0.007610 
0.036152 0.016181 0.026620 0.040917 0.278601 0.000000 0.032092 0.277960 0.051752 0.012087 0.165034 0.034412 0.004880 0.023311 
0.426249 0.032561 0.006556 0.005331 0.050054 0.000000 0.003967 0.039101 0.062359 0.008784 0.112170 0.235158 0.017617 0.000093 
0.052803 0.020873 0.142623 0.059828 0.214827 0.000000 0.376033 0.037584 0.010532 0.001101 0.009762 0.000360 0.073604 0.000069 
0.029446 0.033806 0.023250 0.576754 0.019428 0.015916 0.024630 0.043463 0.011509 0.148325 0.030578 0.018298 0.024470 0.000128 
0.360941 0.023848 0.008514 0.014658 0.075876 0.028778 0.042196 0.071277 0.080555 0.025153 0.140340 0.016181 0.098694 0.012988 
0.020479 0.040634 0.025918 0.340493 0.048877 0.000000 0.009691 0.047874 0.142320 0.187246 0.038978 0.051699 0.045283 0.000507 
0.003953 0.004596 0.083191 0.017715 0.472363 0.041969 0.248406 0.037423 0.002716 0.027236 0.005181 0.000015 0.054913 0.000323 
0.025922 0.012499 0.004174 0.017088 0.100121 0.009259 0.072845 0.120414 0.106181 0.006337 0.123247 0.008579 0.365795 0.027539 
0.043916 0.087472 0.116446 0.240099 0.077744 0.000000 0.018016 0.229974 0.030588 0.010252 0.090540 0.000246 0.038050 0.016657 
0.034925 0.057112 0.034790 0.007456 0.071239 0.047434 0.001581 0.257233 0.038862 0.035315 0.062078 0.163203 0.188333 0.000439 
0.059588 0.028593 0.026421 0.005680 0.077761 0.000000 0.012189 0.070479 0.013335 0.014568 0.080111 0.316048 0.281509 0.013719 
0.011867 0.062430 0.041382 0.023069 0.096914 0.026538 0.014834 0.077342 0.020644 0.413303 0.049994 0.003143 0.135995 0.022546 
0.059869 0.027333 0.015068 0.007730 0.011075 0.000000 0.012156 0.074422 0.553485 0.011947 0.047088 0.144353 0.035374 0.000100 
0.042133 0.039649 0.029581 0.084572 0.274012 0.202649 0.010287 0.084237 0.042792 0.027999 0.072062 0.000222 0.046532 0.043274 
0.033942 0.006087 0.001200 0.009771 0.100283 0.047841 0.017921 0.100122 0.029034 0.017108 0.051141 0.002166 0.530917 0.052465 
0.016271 0.093237 0.001712 0.022843 0.060539 0.000000 0.012128 0.073578 0.269178 0.003349 0.238381 0.001820 0.149678 0.057285 
0.087791 0.003211 0.003848 0.023876 0.089201 0.065406 0.027974 0.135160 0.100952 0.109998 0.207804 0.069449 0.045248 0.030083 
0.013317 0.025887 0.130937 0.023357 0.108079 0.000000 0.331379 0.137340 0.024847 0.012656 0.068073 0.088881 0.018623 0.016623 
0.260682 0.129993 0.011586 0.045295 0.156721 0.000000 0.031112 0.155727 0.037226 0.025842 0.090860 0.010551 0.043723 0.000681 
0.704185 0.018085 0.000180 0.011634 0.048304 0.125647 0.004427 0.017747 0.004203 0.004115 0.007421 0.011802 0.013069 0.029182 
0.014112 0.087161 0.052153 0.099118 0.028164 0.000000 0.025977 0.152938 0.012455 0.027058 0.067272 0.026157 0.090497 0.316939 
0.018022 0.228170 0.010789 0.040538 0.124213 0.000000 0.040708 0.307646 0.025268 0.000885 0.084872 0.007426 0.099305 0.012159 
0.132671 0.056175 0.003963 0.077874 0.043581 0.000000 0.012856 0.080376 0.491921 0.048182 0.014816 0.003738 0.024362 0.009486 
0.032067 0.118029 0.381740 0.005537 0.042431 0.046967 0.005636 0.105023 0.160642 0.003859 0.040094 0.012625 0.045266 0.000084 
0.015339 0.030129 0.081952 0.062245 0.061875 0.042716 0.261365 0.088688 0.028441 0.002602 0.113910 0.003580 0.051219 0.155940 
0.021402 0.022924 0.033837 0.017277 0.090771 0.000000 0.021128 0.079872 0.118816 0.076168 0.041913 0.015995 0.448059 0.011838 
0.048801 0.016030 0.001193 0.004263 0.051805 0.000000 0.068528 0.063505 0.304903 0.001175 0.374673 0.006919 0.044434 0.013770 
0.006721 0.006139 0.009280 0.192519 0.194592 0.034557 0.025189 0.064975 0.038672 0.360949 0.017556 0.000016 0.048251 0.000586 
0.047212 0.041298 0.032469 0.008685 0.661622 0.000000 0.028715 0.041619 0.018486 0.088677 0.007799 0.000088 0.015256 0.008075 
0.010052 0.181372 0.341128 0.017604 0.041872 0.000000 0.051903 0.167987 0.017152 0.003359 0.035081 0.000095 0.127920 0.004474 
0.040863 0.014388 0.025997 0.007175 0.119400 0.000000 0.052025 0.111881 0.406219 0.019194 0.156747 0.012926 0.014226 0.018958 
0.027833 0.038741 0.065543 0.023110 0.111935 0.000000 0.133653 0.079928 0.033606 0.097074 0.051105 0.005816 0.281754 0.049903 
0.027115 0.040476 0.028628 0.012375 0.123703 0.000000 0.010424 0.391442 0.053676 0.020166 0.102839 0.000634 0.164176 0.024345 
0.029160 0.007593 0.075213 0.036079 0.084498 0.000000 0.256038 0.057439 0.027473 0.199089 0.064676 0.120196 0.042298 0.000248 
0.034952 0.103192 0.059104 0.015329 0.488427 0.120020 0.034874 0.019505 0.004948 0.001151 0.017779 0.001671 0.098962 0.000087 
0.069009 0.156893 0.111350 0.003985 0.063019 0.000000 0.007199 0.018129 0.002869 0.031478 0.004238 0.403727 0.126278 0.001825 
0.088859 0.008335 0.019860 0.024551 0.023903 0.000000 0.019034 0.037949 0.084050 0.003463 0.096603 0.544121 0.046894 0.002378 
0.033080 0.005887 0.005756 0.134572 0.085393 0.215822 0.017147 0.087057 0.034384 0.036515 0.071251 0.000389 0.128613 0.144133 
0.013940 0.203624 0.011431 0.031184 0.070512 0.000000 0.044825 0.300288 0.038741 0.013451 0.138189 0.023042 0.083943 0.026830 
0.022981 0.033395 0.011727 0.158815 0.179812 0.000000 0.019818 0.232273 0.055343 0.003087 0.173663 0.032476 0.057038 0.019572 
0.075225 0.148254 0.118260 0.010537 0.105284 0.148716 0.016526 0.007162 0.025501 0.014685 0.033949 0.138420 0.147718 0.009763 
0.711536 0.023994 0.060296 0.007973 0.030683 0.000000 0.008796 0.021031 0.003591 0.029273 0.047822 0.030038 0.018962 0.006005 
0.030354 0.083056 0.015898 0.017399 0.032332 0.000000 0.009081 0.611176 0.091272 0.002565 0.062114 0.003519 0.006939 0.034295 
0.020666 0.119387 0.013196 0.088369 0.043532 0.000000 0.041575 0.134048 0.049481 0.051328 0.118417 0.017375 0.021760 0.280867 
0.029112 0.083053 0.041068 0.027402 0.065304 0.000000 0.060750 0.105709 0.053135 0.002987 0.421834 0.039239 0.050056 0.020351 
0.013805 0.016924 0.085795 0.029993 0.081806 0.011175 0.012756 0.326535 0.051814 0.124680 0.150991 0.005354 0.061858 0.026514 
0.026121 0.397701 0.004942 0.016341 0.111278 0.136990 0.090157 0.078023 0.010307 0.009945 0.095884 0.008127 0.014096 0.000089 
0.010064 0.020872 0.004376 0.071564 0.066398 0.020681 0.020949 0.122025 0.048813 0.184467 0.367668 0.033740 0.010619 0.017764 
0.022800 0.103393 0.015919 0.116457 0.139181 0.000000 0.035614 0.335337 0.005079 0.005690 0.114059 0.043981 0.039658 0.022833 
0.070844 0.023178 0.010214 0.041696 0.095814 0.000000 0.038219 0.079556 0.287180 0.033188 0.209653 0.057139 0.032217 0.021102 
0.031260 0.026334 0.024219 0.540438 0.074302 0.000000 0.092638 0.068085 0.014786 0.016206 0.026900 0.013339 0.067971 0.003521 
0.381854 0.173878 0.002855 0.031796 0.098569 0.000000 0.030623 0.062634 0.022187 0.011927 0.038726 0.021114 0.025713 0.098124 
0.046245 0.005704 0.044540 0.105107 0.033415 0.000000 0.056272 0.257756 0.038360 0.005660 0.062327 0.007785 0.053787 0.283041 
0.029999 0.014146 0.086732 0.038753 0.078436 0.000000 0.017701 0.135267 0.049838 0.417250 0.074124 0.008900 0.016704 0.032151 
0.025351 0.059419 0.012432 0.032352 0.077197 0.000000 0.002310 0.337127 0.057484 0.007958 0.087424 0.258966 0.029315 0.012667 
0.019221 0.107797 0.393316 0.006264 0.145781 0.000000 0.065521 0.056481 0.021584 0.045322 0.031857 0.011274 0.095257 0.000326 
0.040726 0.035539 0.015527 0.084810 0.074682 0.017845 0.002976 0.231223 0.065456 0.016674 0.151534 0.008777 0.220607 0.033625 
0.017403 0.052712 0.175418 0.018111 0.119932 0.000000 0.391006 0.016765 0.012973 0.000944 0.055210 0.006186 0.116620 0.016720 
0.031425 0.051381 0.043636 0.007079 0.227858 0.000000 0.003728 0.050162 0.296791 0.007638 0.229944 0.005584 0.038161 0.006613 
0.112731 0.054542 0.042163 0.040217 0.077415 0.000000 0.023503 0.463159 0.057706 0.022854 0.051920 0.008995 0.036496 0.008300 
0.021775 0.090569 0.035381 0.017532 0.113356 0.000000 0.090991 0.072073 0.264768 0.026733 0.205076 0.027451 0.016144 0.018150 
0.032674 0.009993 0.272763 0.070715 0.029634 0.000000 0.094899 0.096245 0.118331 0.000706 0.218696 0.007959 0.035034 0.012350 
0.024876 0.100076 0.076320 0.023100 0.117580 0.024625 0.213751 0.070280 0.076903 0.002544 0.170862 0.000224 0.082697 0.016162 
0.036929 0.024301 0.153838 0.016939 0.205316 0.014844 0.392490 0.025941 0.029834 0.022663 0.012091 0.001728 0.057164 0.005921 
0.026035 0.224419 0.016959 0.045925 0.069836 0.000000 0.035873 0.334355 0.040298 0.003590 0.080378 0.000126 0.067084 0.055123 
0.014323 0.053989 0.007496 0.009883 0.052990 0.000000 0.011813 0.043370 0.576545 0.009504 0.180055 0.002901 0.034361 0.002770 
0.026229 0.217196 0.096256 0.027049 0.083083 0.000000 0.024094 0.264747 0.038778 0.021994 0.120168 0.013681 0.038965 0.027761 
0.029140 0.019450 0.048157 0.283327 0.038310 0.000000 0.186696 0.104608 0.062170 0.002578 0.120360 0.003046 0.077147 0.025010 
0.010753 0.602633 0.013673 0.014502 0.079069 0.000000 0.063510 0.067225 0.006114 0.022904 0.078773 0.028870 0.011895 0.000078 
0.018137 0.008407 0.119477 0.014424 0.398269 0.059828 0.012619 0.066331 0.062901 0.046837 0.120524 0.004086 0.036933 0.031227 
0.027589 0.010286 0.062148 0.016086 0.052146 0.000000 0.057808 0.374855 0.113839 0.008420 0.227773 0.003075 0.026460 0.019516 
0.125504 0.060283 0.001152 0.014527 0.088295 0.000000 0.018380 0.172985 0.120800 0.024977 0.235782 0.054401 0.058135 0.024776 
0.026592 0.041803 0.205371 0.008126 0.069133 0.058582 0.089032 0.144389 0.041130 0.005741 0.083227 0.001262 0.191703 0.033909 
0.047095 0.028776 0.003723 0.094845 0.046502 0.000000 0.005881 0.285350 0.047773 0.024190 0.174717 0.008650 0.052501 0.179997 
0.272172 0.015593 0.014361 0.008510 0.074711 0.017469 0.017999 0.063382 0.010244 0.028821 0.015438 0.045975 0.403343 0.011983 
0.021901 0.064384 0.000991 0.023859 0.116156 0.000000 0.046086 0.174573 0.225068 0.000754 0.315472 0.003879 0.003708 0.003170 
0.014420 0.116584 0.010726 0.000353 0.033192 0.030820 0.003409 0.243377 0.303203 0.003433 0.231360 0.005914 0.000983 0.002227 
0.052194 0.083458 0.011748 0.012728 0.029466 0.015831 0.003145 0.272249 0.059308 0.095518 0.052438 0.276870 0.034942 0.000103 
0.020847 0.066260 0.015688 0.007598 0.166275 0.024232 0.008999 0.031994 0.317605 0.000391 0.326561 0.007900 0.003404 0.002245 
0.307233 0.011050 0.006856 0.026764 0.046059 0.055862 0.031960 0.069471 0.022794 0.077985 0.298024 0.027458 0.005292 0.013193 
0.070155 0.040161 0.006758 0.399938 0.032583 0.027264 0.028047 0.061311 0.051050 0.007441 0.218634 0.014407 0.026533 0.015718 
0.027142 0.050315 0.020453 0.002858 0.330399 0.000000 0.030688 0.021726 0.202177 0.000419 0.281466 0.007774 0.017167 0.007416 
0.007722 0.241512 0.000788 0.016542 0.068048 0.000000 0.085234 0.144338 0.037826 0.016119 0.308292 0.047006 0.011862 0.014711 
0.036510 0.016240 0.015473 0.026381 0.153183 0.000000 0.084102 0.152521 0.054440 0.008637 0.350875 0.023128 0.042044 0.036466 
0.023917 0.027193 0.002214 0.324561 0.102388 0.149768 0.017707 0.024546 0.157036 0.000509 0.153968 0.000295 0.015810 0.000088 
0.082156 0.005676 0.021920 0.008093 0.095136 0.607628 0.016559 0.043600 0.008494 0.009853 0.014821 0.075697 0.010230 0.000137 
0.048003 0.025480 0.026035 0.303786 0.080877 0.081145 0.015258 0.329283 0.002112 0.004915 0.051470 0.000576 0.017496 0.013566 
0.238686 0.040279 0.034660 0.028663 0.028840 0.000000 0.051249 0.021178 0.262494 0.081671 0.104910 0.012605 0.094648 0.000117 
0.268228 0.046679 0.019026 0.000206 0.065325 0.057565 0.049571 0.016254 0.177907 0.000817 0.170695 0.111192 0.014629 0.001907 
0.037554 0.039527 0.064287 0.001105 0.440790 0.000000 0.014809 0.083597 0.041534 0.004866 0.161085 0.003355 0.099003 0.008490 
0.012150 0.020018 0.004286 0.051196 0.104095 0.047569 0.028591 0.114947 0.162101 0.013054 0.190678 0.015708 0.017890 0.217718 
0.086237 0.001740 0.020461 0.004774 0.234295 0.071935 0.009410 0.015440 0.299791 0.023701 0.028492 0.187212 0.016273 0.000239 
0.029215 0.014804 0.086818 0.017447 0.221487 0.454187 0.040905 0.057249 0.004020 0.005341 0.022630 0.003404 0.042368 0.000125 
0.010812 0.084030 0.155376 0.076455 0.050724 0.004280 0.084013 0.125684 0.013417 0.001942 0.042394 0.010439 0.090477 0.249958 
0.036594 0.034261 0.150891 0.089057 0.085397 0.000000 0.289481 0.096404 0.045883 0.003625 0.082814 0.016072 0.047122 0.022399 
0.010541 0.018909 0.029261 0.251188 0.035499 0.000000 0.103428 0.047897 0.053700 0.370699 0.027338 0.001065 0.050356 0.000118 
0.244491 0.023461 0.019201 0.012219 0.291225 0.000000 0.031331 0.088455 0.030037 0.012005 0.131140 0.034437 0.067713 0.014283 
0.070523 0.037417 0.026115 0.000408 0.533744 0.000000 0.006068 0.081669 0.042519 0.001284 0.083612 0.001676 0.101386 0.013577 
0.001537 0.083458 0.007821 0.002895 0.059567 0.000000 0.004666 0.045592 0.430271 0.009810 0.329887 0.012924 0.008989 0.002584 
0.028808 0.016446 0.040155 0.423569 0.140815 0.000000 0.040369 0.053718 0.009399 0.018031 0.020253 0.004615 0.197946 0.005877 
0.016917 0.040052 0.011646 0.039641 0.128282 0.000000 0.025753 0.243298 0.085062 0.018122 0.234813 0.069128 0.037693 0.049595 
0.031161 0.093949 0.017949 0.236741 0.060180 0.000000 0.032389 0.162781 0.039804 0.017444 0.057313 0.008882 0.194706 0.046699 
0.003172 0.035452 0.114620 0.028527 0.036271 0.000000 0.057158 0.144302 0.075321 0.038922 0.248417 0.005752 0.065130 0.146957 
0.045959 0.038561 0.007988 0.006017 0.040338 0.000000 0.020787 0.033440 0.221789 0.000302 0.137151 0.441767 0.003072 0.002828 
0.015573 0.028738 0.032753 0.046359 0.233065 0.000000 0.025851 0.136599 0.035100 0.001262 0.067529 0.012004 0.205360 0.159809 
0.024196 0.123697 0.095587 0.012427 0.345015 0.082596 0.104050 0.028556 0.089103 0.023787 0.020996 0.000157 0.049741 0.000093 
0.034711 0.050771 0.009895 0.016816 0.040826 0.000000 0.042111 0.319845 0.181033 0.001969 0.182103 0.055260 0.035944 0.028716 
0.023972 0.447374 0.009163 0.004172 0.176479 0.000000 0.058578 0.115840 0.024984 0.000732 0.067356 0.000445 0.066203 0.004700 
0.008121 0.011028 0.015965 0.018478 0.049344 0.000000 0.018384 0.052637 0.262895 0.242494 0.273927 0.001931 0.034799 0.009996 
0.049962 0.085257 0.055764 0.035900 0.085909 0.000000 0.004362 0.019973 0.296657 0.025390 0.030415 0.177587 0.132351 0.000472 
0.730437 0.014920 0.014572 0.025876 0.026588 0.000000 0.001353 0.010560 0.001400 0.023050 0.016739 0.097486 0.030828 0.006189 
0.137958 0.003191 0.012382 0.015101 0.130216 0.230187 0.017328 0.023104 0.023402 0.282861 0.089019 0.004590 0.026529 0.004133 
0.016884 0.017187 0.016959 0.071654 0.032221 0.012185 0.052758 0.131438 0.024965 0.025693 0.191706 0.119186 0.067494 0.219671 
0.016742 0.077359 0.140818 0.280836 0.094576 0.000000 0.132606 0.066779 0.019125 0.003606 0.014893 0.026423 0.126142 0.000095 
0.002298 0.031658 0.008766 0.135029 0.059636 0.024682 0.007454 0.082606 0.261980 0.018130 0.336371 0.011255 0.015037 0.005096 
0.016477 0.011044 0.029022 0.031663 0.234018 0.005225 0.018126 0.145545 0.054165 0.010026 0.353663 0.026975 0.048696 0.015355 
0.016809 0.116984 0.039687 0.037044 0.045557 0.000000 0.039000 0.072125 0.037031 0.004798 0.419491 0.074538 0.046845 0.050090 
0.008501 0.098165 0.087808 0.025673 0.081170 0.035273 0.036940 0.104414 0.034977 0.000513 0.310175 0.033526 0.087819 0.055045 
0.008670 0.003938 0.009274 0.030954 0.050799 0.000000 0.040819 0.125216 0.273960 0.173665 0.188732 0.008467 0.062841 0.022667 
0.048787 0.152782 0.096020 0.007804 0.034160 0.019832 0.016201 0.089079 0.014963 0.017003 0.033770 0.448904 0.020575 0.000118 
0.008778 0.016751 0.092778 0.047830 0.045874 0.000000 0.042063 0.156185 0.055046 0.016762 0.157866 0.001072 0.107858 0.251135 
0.277821 0.015061 0.052055 0.008916 0.323056 0.000000 0.009597 0.071023 0.038095 0.003524 0.086760 0.004069 0.099810 0.010213 
0.013231 0.004996 0.037630 0.051378 0.025535 0.000000 0.034239 0.063810 0.033055 0.684047 0.004127 0.000015 0.047782 0.000156 
0.019817 0.168892 0.051712 0.018441 0.037932 0.000000 0.005349 0.517078 0.037787 0.046374 0.050526 0.034031 0.007510 0.004553 
0.004034 0.011988 0.009243 0.029261 0.068641 0.008292 0.038331 0.101924 0.066390 0.011071 0.447577 0.124446 0.040280 0.038523 
0.018201 0.018458 0.059328 0.237347 0.048733 0.000000 0.180261 0.101363 0.050432 0.034794 0.159294 0.009056 0.061420 0.021311 
0.079235 0.024520 0.013892 0.007786 0.126472 0.000000 0.053355 0.206101 0.138506 0.004825 0.032356 0.293396 0.011862 0.007694 
0.061995 0.037981 0.014129 0.021513 0.031787 0.018385 0.055422 0.110116 0.263739 0.016195 0.294933 0.038340 0.003314 0.032152 
0.050618 0.104045 0.007539 0.315668 0.045171 0.030006 0.021395 0.066512 0.057570 0.024931 0.217666 0.040704 0.007848 0.010328 
0.015856 0.233313 0.008887 0.024596 0.155213 0.000000 0.002245 0.086573 0.154627 0.132239 0.119963 0.000270 0.042779 0.023440 
0.030158 0.023854 0.169812 0.023167 0.053604 0.035142 0.171396 0.094081 0.061044 0.009225 0.211012 0.032458 0.061241 0.023806 
0.229604 0.016783 0.023343 0.052190 0.080798 0.000000 0.005337 0.054251 0.050924 0.010706 0.067601 0.014909 0.393401 0.000154 
0.028341 0.029248 0.057252 0.004259 0.078538 0.000000 0.106593 0.125077 0.393575 0.002362 0.096516 0.003572 0.049823 0.024844 
0.058646 0.002503 0.005586 0.126976 0.045899 0.000000 0.030830 0.100961 0.121603 0.090806 0.316438 0.006055 0.053390 0.040308 
0.054635 0.016099 0.014496 0.012280 0.290026 0.168388 0.001796 0.113038 0.022421 0.063818 0.006834 0.228967 0.007043 0.000159 
0.037263 0.094761 0.015138 0.020629 0.247899 0.364230 0.019919 0.078532 0.016888 0.014974 0.072830 0.000542 0.013602 0.002794 
0.065366 0.003286 0.021053 0.021533 0.028247 0.130545 0.018781 0.082611 0.009214 0.331602 0.014737 0.263490 0.009408 0.000128 
0.026742 0.089268 0.084178 0.026714 0.542347 0.000000 0.012187 0.026471 0.001844 0.005045 0.016916 0.023365 0.101812 0.043112 
0.023057 0.003392 0.027106 0.173917 0.087070 0.000000 0.018441 0.205941 0.094890 0.221230 0.072804 0.000224 0.063905 0.008025 
0.049641 0.018869 0.024853 0.014269 0.096800 0.000000 0.040350 0.359575 0.053645 0.142483 0.141609 0.005991 0.040672 0.011242 
0.022462 0.100939 0.008716 0.049012 0.146988 0.022644 0.061987 0.069603 0.338539 0.013582 0.095003 0.002343 0.062631 0.005551 
0.015877 0.016554 0.005754 0.088167 0.093160 0.000000 0.034330 0.228252 0.079343 0.084166 0.292449 0.001119 0.026402 0.034428 
0.269108 0.011286 0.006941 0.155169 0.095722 0.061697 0.052954 0.083430 0.071503 0.015391 0.112006 0.011405 0.046215 0.007174 
0.279726 0.131520 0.088860 0.000611 0.060005 0.000000 0.180842 0.044733 0.039168 0.007463 0.084273 0.030876 0.049174 0.002750 
0.098923 0.176634 0.003557 0.056216 0.066346 0.021128 0.011936 0.150511 0.040216 0.002702 0.110993 0.199676 0.020437 0.040725 
0.052910 0.027952 0.001372 0.006719 0.260435 0.231113 0.027583 0.109731 0.038400 0.016525 0.163061 0.000094 0.050333 0.013771 
0.036672 0.015140 0.003496 0.055622 0.065513 0.000000 0.033375 0.377021 0.107375 0.004670 0.197850 0.032230 0.008060 0.062975 
0.014707 0.138273 0.151742 0.016688 0.121273 0.007283 0.097703 0.041908 0.198536 0.017914 0.120568 0.003974 0.056005 0.013426 
0.024403 0.011004 0.002066 0.013025 0.062084 0.000000 0.074860 0.098443 0.211516 0.046842 0.355766 0.002902 0.081749 0.015341 
0.016400 0.001552 0.030958 0.029925 0.052913 0.000000 0.017211 0.020075 0.019585 0.746882 0.002401 0.007827 0.054167 0.000103 
0.026989 0.083502 0.073179 0.045629 0.123742 0.000000 0.022875 0.050395 0.016027 0.389225 0.048991 0.000089 0.119152 0.000205 
0.009925 0.011518 0.137446 0.003429 0.351073 0.039551 0.054515 0.120437 0.024086 0.000883 0.182745 0.022410 0.022319 0.019665 
0.090858 0.367960 0.119393 0.007521 0.034299 0.000000 0.043131 0.042162 0.007962 0.006554 0.013193 0.249640 0.015068 0.002260 
0.021360 0.014131 0.001199 0.341788 0.041914 0.000000 0.007282 0.131122 0.050409 0.008882 0.065300 0.003590 0.116390 0.196633 
0.024270 0.153645 0.175115 0.014771 0.072413 0.000000 0.157039 0.038229 0.027914 0.013987 0.093547 0.002238 0.207317 0.019516 
0.059502 0.047383 0.018693 0.012305 0.439210 0.034833 0.007619 0.089709 0.028904 0.013796 0.111716 0.002017 0.119785 0.014528 
0.026477 0.084168 0.141830 0.025741 0.037223 0.000000 0.008153 0.512508 0.043941 0.010495 0.042708 0.005558 0.012044 0.049155 
0.021638 0.009623 0.017632 0.039651 0.049941 0.000000 0.049256 0.185991 0.086361 0.004626 0.420402 0.019639 0.023341 0.071900 
0.011359 0.013322 0.035500 0.180915 0.039801 0.000000 0.014246 0.141067 0.016870 0.013410 0.098916 0.003451 0.054182 0.376961 
0.156932 0.019069 0.066352 0.003136 0.069785 0.000000 0.028280 0.213801 0.057864 0.001204 0.133259 0.236306 0.001967 0.012044 
0.027519 0.008574 0.106736 0.005839 0.100239 0.000000 0.035513 0.100288 0.032049 0.017328 0.100124 0.023472 0.436183 0.006137 
0.059479 0.084744 0.262482 0.001253 0.044399 0.014976 0.095778 0.040106 0.095431 0.032744 0.146336 0.084439 0.033660 0.004173 
0.023046 0.047654 0.134878 0.008917 0.048719 0.000000 0.113921 0.085066 0.036367 0.007168 0.353767 0.043457 0.041780 0.055259 
0.011990 0.035226 0.070906 0.031372 0.062816 0.013477 0.105204 0.188728 0.056371 0.005266 0.337270 0.041640 0.019875 0.019860 
0.030726 0.014444 0.001444 0.020741 0.103077 0.000000 0.036457 0.155503 0.056029 0.025667 0.207935 0.012802 0.297741 0.037434 
