-1961535.318857
0
0.000000 0.000000 0.000000 0.000000 0.000000 0.000000 0.000423 0.000000 0.006886 0.000000 0.000000 0.000000 0.000000 0.000000 0.000000 0.000000 0.000000 0.000000 0.000000 0.001275 0.000000 0.000000 0.000000 0.000000 0.000765 0.000000 0.000000 0.000000 0.000000 0.000000 0.000000 0.000000 0.016114 0.000000 0.003018 0.005668 0.000000 0.000000 0.000000 0.000000 0.000000 0.000000 0.000000 0.000000 0.000000 0.000000 0.000000 0.000000 0.000000 0.000000 0.000000 0.000000 0.000000 0.000000 0.000000 0.000000 0.003129 0.000000 0.000000 0.001382 0.000000 0.000000 0.000000 0.000000 0.000000 0.000000 0.000000 0.000000 0.000000 0.000000 0.000000 0.000000 0.014204 0.008073 0.002209 0.008323 0.025856 0.000000 0.000000 0.058228 0.470752 0.085492 0.043498 0.244707 0.000000 0.000000 0.000000 0.000000 0.000000 0.000000 0.000000 0.000000 0.000000 0.000000 0.000000 0.000000 
0.007297 0.008710 0.000000 0.004007 0.001280 0.002888 0.000000 0.003000 0.041302 0.000000 0.280545 0.006035 0.003330 0.000000 0.000000 0.008877 0.004822 0.000000 0.004591 0.001939 0.000000 0.003570 0.000000 0.004323 0.000000 0.005448 0.000000 0.000000 0.000000 0.000000 0.000000 0.000000 0.020329 0.000000 0.171139 0.006676 0.000000 0.000000 0.000000 0.000000 0.000000 0.000000 0.000000 0.001700 0.000000 0.001175 0.000000 0.005875 0.001857 0.005760 0.000000 0.000000 0.000000 0.002603 0.000000 0.000000 0.033742 0.016878 0.164473 0.011821 0.000000 0.000000 0.000000 0.003157 0.010219 0.000000 0.000000 0.009471 0.000000 0.000000 0.000000 0.000000 0.007648 0.007288 0.001099 0.000000 0.000000 0.000000 0.000000 0.000000 0.000000 0.000000 0.108746 0.000000 0.003537 0.000000 0.000000 0.000000 0.004002 0.000000 0.004946 0.001699 0.000000 0.000000 0.002196 0.000000 
0.004205 0.002004 0.003430 0.002868 0.001433 0.000000 0.000000 0.001344 0.009822 0.000000 0.000000 0.000000 0.006067 0.007238 0.005962 0.004660 0.093440 0.038088 0.065418 0.053844 0.000000 0.001885 0.001309 0.002035 0.006152 0.000000 0.000000 0.000000 0.000000 0.001093 0.000000 0.000000 0.023682 0.000000 0.000000 0.025736 0.003106 0.011838 0.007905 0.002887 0.033727 0.040565 0.037101 0.038530 0.000000 0.005467 0.000000 0.000000 0.000000 0.004446 0.000000 0.000000 0.000000 0.000000 0.000000 0.000000 0.000000 0.000000 0.000000 0.007261 0.002348 0.002824 0.002603 0.000918 0.057655 0.031274 0.044477 0.046333 0.000000 0.000000 0.000000 0.002192 0.003812 0.010904 0.002677 0.000000 0.000000 0.001878 0.000000 0.000000 0.003330 0.006595 0.000000 0.000000 0.006944 0.016035 0.004596 0.007093 0.060986 0.040879 0.035964 0.043620 0.000000 0.004824 0.000000 0.004693 
0.000000 0.000000 0.000000 0.000000 0.000000 0.000000 0.000000 0.000000 0.007812 0.000000 0.000000 0.003658 0.000000 0.000000 0.000000 0.001425 0.000000 0.006704 0.000000 0.000000 0.000000 0.009831 0.004335 0.039031 0.000000 0.000000 0.000000 0.000000 0.000663 0.000000 0.000000 0.000000 0.018376 0.000000 0.003405 0.006604 0.000000 0.009055 0.003208 0.037253 0.006934 0.045340 0.031872 0.125735 0.000000 0.024650 0.016652 0.336202 0.003788 0.000000 0.000000 0.005113 0.000000 0.000000 0.000000 0.000666 0.000000 0.000000 0.000000 0.000000 0.000000 0.003715 0.003430 0.005429 0.000000 0.009966 0.001077 0.006312 0.000000 0.010273 0.005369 0.077933 0.000000 0.000001 0.001578 0.000000 0.000000 0.000000 0.000000 0.000000 0.000000 0.000000 0.000000 0.008656 0.000000 0.000000 0.000000 0.001355 0.000000 0.008779 0.005036 0.008811 0.000000 0.011485 0.004855 0.077632 
0.000000 0.000000 0.000000 0.000000 0.001326 0.000000 0.000000 0.000802 0.021599 0.118837 0.000000 0.073446 0.000000 0.000000 0.002241 0.000000 0.000000 0.001417 0.000000 0.000000 0.000000 0.000000 0.000000 0.000000 0.000000 0.003136 0.000000 0.000000 0.000000 0.000000 0.000000 0.000000 0.036217 0.174767 0.007052 0.098507 0.000000 0.002254 0.000000 0.000000 0.000000 0.000000 0.000000 0.000000 0.000000 0.000000 0.000000 0.000000 0.000000 0.000000 0.000000 0.000000 0.000000 0.000000 0.000000 0.000000 0.028546 0.106026 0.000000 0.063668 0.000000 0.000000 0.000000 0.000000 0.000000 0.000000 0.000000 0.002003 0.000000 0.000000 0.000000 0.000000 0.000000 0.002677 0.000000 0.000000 0.000000 0.000000 0.000000 0.000000 0.000000 0.164049 0.000000 0.091430 0.000000 0.000000 0.000000 0.000000 0.000000 0.000000 0.000000 0.000000 0.000000 0.000000 0.000000 0.000000 
0.000000 0.000000 0.000000 0.000000 0.005176 0.000671 0.000000 0.003413 0.000000 0.000000 0.000000 0.000000 0.000000 0.000000 0.000000 0.000000 0.000000 0.000000 0.000000 0.000000 0.000000 0.000926 0.000000 0.000000 0.001033 0.000000 0.000000 0.000000 0.007307 0.000000 0.000000 0.006025 0.002361 0.000000 0.000000 0.000001 0.000000 0.000000 0.000000 0.000000 0.000000 0.000000 0.000000 0.000000 0.000000 0.000000 0.000000 0.000000 0.000000 0.000000 0.000000 0.000000 0.000989 0.000800 0.000000 0.003715 0.000000 0.000000 0.000000 0.000000 0.000000 0.000000 0.001360 0.000000 0.000000 0.000000 0.000000 0.000000 0.000000 0.000000 0.000000 0.000000 0.052216 0.018067 0.001372 0.012054 0.329022 0.076249 0.012081 0.393268 0.071893 0.000000 0.000000 0.000000 0.000000 0.000000 0.000000 0.000000 0.000000 0.000000 0.000000 0.000000 0.000000 0.000000 0.000000 0.000000 
0.000000 0.000000 0.000000 0.005712 0.000000 0.000000 0.000000 0.000000 0.007312 0.014632 0.025333 0.000000 0.000000 0.010800 0.000000 0.005960 0.000000 0.004762 0.000000 0.000000 0.000000 0.000000 0.001019 0.000000 0.007425 0.014184 0.000000 0.018257 0.000000 0.000000 0.000000 0.000000 0.000000 0.000000 0.009124 0.003465 0.000000 0.001204 0.000000 0.000000 0.000000 0.000000 0.000000 0.000000 0.000000 0.000000 0.000000 0.000000 0.000000 0.012217 0.000000 0.039028 0.001414 0.000000 0.000000 0.000000 0.061235 0.175860 0.295864 0.112254 0.000000 0.005122 0.000000 0.002607 0.027123 0.059591 0.016413 0.009084 0.000000 0.001115 0.003789 0.021133 0.000000 0.000001 0.000000 0.000453 0.000000 0.000000 0.000000 0.000000 0.007520 0.006768 0.000000 0.000000 0.000000 0.000000 0.000000 0.000000 0.002849 0.009372 0.000000 0.000000 0.000000 0.000000 0.000000 0.000000 
0.000000 0.000000 0.000000 0.008359 0.000547 0.000000 0.000000 0.000000 0.000000 0.000000 0.000000 0.004713 0.000000 0.000000 0.000000 0.000000 0.000000 0.003803 0.000000 0.000700 0.000000 0.004076 0.001833 0.015866 0.000000 0.000000 0.000000 0.017550 0.000000 0.000000 0.000000 0.000000 0.000000 0.000000 0.001919 0.001669 0.000000 0.000000 0.000000 0.000000 0.000000 0.000000 0.000000 0.000000 0.002826 0.000726 0.002133 0.013790 0.000000 0.001769 0.001481 0.005596 0.000000 0.000000 0.000000 0.000275 0.000000 0.000000 0.004070 0.007950 0.000000 0.000000 0.000000 0.000000 0.001495 0.005429 0.002858 0.011993 0.000000 0.001581 0.000544 0.000000 0.044308 0.009872 0.002970 0.382328 0.000000 0.000000 0.000000 0.000000 0.000000 0.022967 0.250909 0.039867 0.000000 0.000000 0.000000 0.003406 0.000456 0.008535 0.004252 0.009247 0.008243 0.009121 0.002150 0.075817 
0.033436 0.050023 0.037359 0.027890 0.012749 0.006131 0.003718 0.005657 0.015775 0.000000 0.000000 0.000000 0.006026 0.002462 0.014459 0.001627 0.007875 0.000000 0.003931 0.000000 0.000000 0.000000 0.000000 0.000000 0.026254 0.104160 0.003226 0.039468 0.015450 0.015752 0.007228 0.013190 0.027579 0.008263 0.000000 0.024790 0.012103 0.018062 0.066337 0.018389 0.004595 0.000000 0.000000 0.000756 0.000000 0.000000 0.002415 0.000000 0.000000 0.069521 0.037945 0.000000 0.008911 0.015274 0.013951 0.006232 0.000000 0.000000 0.000000 0.000000 0.010740 0.006351 0.023675 0.003258 0.007547 0.000000 0.000000 0.000000 0.000000 0.000000 0.000000 0.000000 0.018975 0.077745 0.011274 0.000912 0.000000 0.012660 0.004421 0.000000 0.000000 0.000000 0.000000 0.000000 0.004282 0.007217 0.013665 0.004996 0.000000 0.000000 0.000000 0.000000 0.000000 0.000000 0.003309 0.000000 
0.013624 0.008573 0.000000 0.001912 0.005340 0.000000 0.000000 0.000000 0.000001 0.000000 0.000000 0.000000 0.024750 0.004015 0.009684 0.035422 0.015993 0.000000 0.000000 0.036426 0.095032 0.007815 0.004481 0.029779 0.000000 0.001883 0.000000 0.000000 0.000000 0.000000 0.000000 0.000000 0.000001 0.000000 0.000000 0.000002 0.009391 0.000000 0.003152 0.000000 0.016541 0.000000 0.000000 0.008416 0.055618 0.004921 0.018890 0.000000 0.003419 0.017796 0.000000 0.000000 0.000000 0.004090 0.000000 0.003287 0.000000 0.000000 0.000000 0.000000 0.005558 0.000000 0.000000 0.001098 0.000000 0.000000 0.000000 0.000000 0.017308 0.000000 0.004823 0.018176 0.034799 0.000001 0.000000 0.033089 0.000000 0.000000 0.000000 0.000000 0.000000 0.000000 0.000000 0.000000 0.047942 0.000000 0.027493 0.021367 0.011865 0.003248 0.006043 0.056330 0.137987 0.012137 0.015225 0.105257 
0.000000 0.000000 0.000000 0.000000 0.000000 0.000000 0.000000 0.000000 0.000000 0.011738 0.000000 0.000000 0.001783 0.000000 0.000390 0.003343 0.000000 0.000000 0.000000 0.000000 0.000000 0.000000 0.000928 0.000721 0.000000 0.000000 0.000000 0.000000 0.000000 0.000887 0.000624 0.000000 0.086036 0.098096 0.025131 0.081629 0.000000 0.000305 0.000412 0.001423 0.000000 0.000000 0.000000 0.002140 0.000000 0.001498 0.000000 0.000000 0.000000 0.000000 0.000000 0.000000 0.000000 0.000000 0.000000 0.000000 0.000000 0.010879 0.000000 0.013767 0.000000 0.000000 0.000442 0.000000 0.000000 0.000000 0.000000 0.009247 0.000000 0.000000 0.002089 0.000000 0.000000 0.002940 0.000000 0.000000 0.000000 0.001379 0.000000 0.000000 0.108950 0.332886 0.115326 0.071076 0.000000 0.000000 0.000658 0.005905 0.002209 0.000000 0.001252 0.001253 0.000000 0.001520 0.001134 0.000000 
0.034784 0.035941 0.000000 0.031848 0.029426 0.015468 0.004590 0.028665 0.023332 0.000742 0.000581 0.021640 0.014063 0.016798 0.016497 0.021063 0.015310 0.007795 0.005126 0.026396 0.000000 0.001473 0.015321 0.005169 0.014759 0.022172 0.000000 0.000000 0.020069 0.018153 0.005118 0.030848 0.014747 0.000000 0.000000 0.020398 0.015487 0.020084 0.021614 0.031461 0.003783 0.011116 0.000000 0.008025 0.000000 0.005746 0.011709 0.000000 0.000000 0.014025 0.000000 0.007647 0.016719 0.011466 0.001464 0.021602 0.009812 0.000000 0.000000 0.005092 0.009393 0.010100 0.014720 0.018570 0.000000 0.003112 0.000000 0.003943 0.002635 0.004318 0.016744 0.000000 0.007827 0.015691 0.000000 0.007293 0.000000 0.015757 0.001381 0.012064 0.000000 0.001357 0.000000 0.004855 0.013236 0.013869 0.011133 0.029065 0.001336 0.007072 0.000000 0.007639 0.000000 0.007441 0.015141 0.009163 
0.000000 0.001758 0.000000 0.002280 0.000000 0.002090 0.000000 0.000984 0.037829 0.019886 0.031125 0.018601 0.000000 0.002006 0.000000 0.006427 0.011257 0.016858 0.060318 0.003622 0.000000 0.000000 0.000000 0.000000 0.023686 0.046817 0.017053 0.136677 0.000000 0.000000 0.000000 0.000000 0.007375 0.011875 0.049924 0.000001 0.000000 0.005923 0.000000 0.002457 0.016708 0.015933 0.087108 0.008879 0.000000 0.010901 0.020708 0.000000 0.000000 0.004493 0.004568 0.011512 0.000000 0.002665 0.000000 0.001145 0.079140 0.061528 0.000000 0.053141 0.000000 0.003991 0.001639 0.001443 0.000000 0.000000 0.030823 0.000000 0.000000 0.003776 0.002647 0.002853 0.000000 0.001854 0.001416 0.000000 0.000000 0.000000 0.000000 0.000000 0.000000 0.000000 0.010702 0.000000 0.000000 0.000000 0.000000 0.001626 0.003793 0.009613 0.025339 0.003227 0.000000 0.000000 0.000000 0.000000 
0.062660 0.013133 0.004429 0.024184 0.000000 0.000925 0.001925 0.002642 0.000547 0.000000 0.000000 0.002914 0.002548 0.000000 0.003850 0.003035 0.001665 0.000000 0.000000 0.003970 0.001097 0.000922 0.002117 0.000000 0.110990 0.022548 0.019605 0.045488 0.000000 0.002889 0.005943 0.003140 0.005467 0.000000 0.009557 0.003506 0.000000 0.003285 0.005474 0.000000 0.000000 0.001053 0.000000 0.000000 0.000000 0.000000 0.004705 0.000000 0.155478 0.018947 0.012300 0.088153 0.000000 0.000000 0.000000 0.000000 0.000000 0.000000 0.003327 0.000000 0.002007 0.001367 0.000000 0.005052 0.000000 0.000000 0.004241 0.001720 0.000489 0.000000 0.008432 0.002330 0.083547 0.051556 0.017720 0.139043 0.000000 0.006843 0.002075 0.000000 0.000000 0.000000 0.000000 0.000000 0.005290 0.001621 0.001992 0.003954 0.000000 0.002840 0.001017 0.000000 0.000000 0.002449 0.000000 0.000000 
0.000000 0.007339 0.000000 0.063203 0.000000 0.000000 0.000000 0.000000 0.040288 0.029960 0.033544 0.043305 0.000000 0.000000 0.000000 0.000000 0.002836 0.005490 0.000000 0.006478 0.000000 0.001231 0.000000 0.014182 0.000000 0.000000 0.000000 0.259106 0.000000 0.000000 0.000000 0.000000 0.000001 0.000000 0.020363 0.010615 0.000000 0.003692 0.000000 0.003148 0.000000 0.009828 0.000000 0.001938 0.000000 0.003547 0.000000 0.000000 0.000000 0.013995 0.000000 0.133768 0.000000 0.000000 0.000000 0.000000 0.059490 0.000000 0.000000 0.028646 0.000000 0.000000 0.000000 0.000000 0.000000 0.000000 0.000000 0.008184 0.000000 0.002225 0.000000 0.000000 0.000000 0.034874 0.000000 0.103466 0.000000 0.000000 0.000000 0.000000 0.000000 0.016406 0.000000 0.018839 0.000000 0.003214 0.000000 0.004099 0.000000 0.004880 0.003287 0.001804 0.000000 0.002728 0.000000 0.000000 
0.000000 0.014478 0.000000 0.000000 0.000000 0.000000 0.000000 0.011740 0.012859 0.000000 0.034371 0.000000 0.000000 0.000000 0.000000 0.000000 0.014484 0.000000 0.017770 0.035355 0.000000 0.000000 0.000000 0.000000 0.008306 0.024343 0.000000 0.000000 0.000000 0.000000 0.000000 0.000000 0.079845 0.104135 0.019529 0.254727 0.000000 0.000000 0.000000 0.000000 0.009491 0.000000 0.000000 0.000000 0.000000 0.000000 0.000000 0.000000 0.000000 0.000000 0.000000 0.000000 0.000000 0.000000 0.000000 0.000000 0.050077 0.067603 0.000000 0.184692 0.000000 0.000000 0.000000 0.000000 0.000000 0.000000 0.003370 0.019850 0.000000 0.000000 0.006204 0.000000 0.000000 0.008994 0.000000 0.000000 0.000000 0.000000 0.000000 0.000000 0.000000 0.000000 0.000000 0.000000 0.000000 0.000000 0.000000 0.012684 0.000000 0.000000 0.005092 0.000000 0.000000 0.000000 0.000000 0.000000 
0.023298 0.282851 0.091053 0.006372 0.100328 0.001039 0.067439 0.020732 0.018601 0.007487 0.261502 0.040746 0.035081 0.043472 0.000000 0.000000 
0.060727 0.029396 0.018025 0.015939 0.034914 0.006346 0.018469 0.003611 0.000000 0.005515 0.222332 0.114904 0.027244 0.399210 0.043368 0.000000 
0.036875 0.252764 0.148118 0.002806 0.059929 0.013476 0.097569 0.011530 0.000000 0.005348 0.000000 0.046455 0.077045 0.248083 0.000000 0.000000 
0.030997 0.043944 0.024099 0.273377 0.157602 0.002225 0.001622 0.061260 0.125188 0.000112 0.000000 0.091368 0.070361 0.089942 0.000000 0.027903 
0.053824 0.233679 0.103934 0.016477 0.063839 0.011161 0.015004 0.045465 0.000000 0.016392 0.099769 0.167640 0.128530 0.023660 0.000000 0.020625 
0.012789 0.068429 0.076760 0.039216 0.087188 0.000015 0.229993 0.032355 0.000000 0.000103 0.000000 0.019750 0.304960 0.002569 0.125875 0.000000 
0.061495 0.016711 0.209964 0.016479 0.195082 0.005142 0.025924 0.010084 0.000000 0.015507 0.000000 0.112611 0.142730 0.188270 0.000000 0.000000 
0.844019 0.002298 0.056047 0.000625 0.017129 0.011092 0.002346 0.000901 0.000000 0.008373 0.000000 0.014489 0.018738 0.023942 0.000000 0.000000 
0.045078 0.010578 0.027640 0.004267 0.079934 0.136836 0.020567 0.000313 0.054166 0.005393 0.507361 0.014847 0.044317 0.048704 0.000000 0.000000 
0.022669 0.053821 0.112817 0.148450 0.030282 0.135104 0.061511 0.269333 0.000000 0.051157 0.000000 0.040745 0.031725 0.042387 0.000000 0.000000 
0.022860 0.206917 0.007181 0.019789 0.168130 0.134332 0.150640 0.004162 0.000000 0.005230 0.000000 0.008599 0.239605 0.007939 0.000000 0.024616 
0.099847 0.006774 0.251968 0.039175 0.048501 0.014834 0.006279 0.114329 0.008274 0.051452 0.141811 0.157734 0.040836 0.018186 0.000000 0.000000 
0.326576 0.012017 0.246728 0.012984 0.074080 0.016451 0.083767 0.012932 0.013802 0.008742 0.000000 0.076454 0.088587 0.026880 0.000000 0.000000 
0.020845 0.163507 0.093796 0.041628 0.211005 0.000185 0.047084 0.209595 0.000000 0.003800 0.012376 0.101771 0.056449 0.037960 0.000000 0.000000 
0.637047 0.137353 0.039002 0.006362 0.090304 0.017043 0.006777 0.000648 0.000000 0.007940 0.000000 0.019753 0.022588 0.015182 0.000000 0.000000 
0.110757 0.015027 0.462472 0.044695 0.078692 0.008332 0.017171 0.003323 0.000000 0.069303 0.000000 0.092790 0.041691 0.055747 0.000000 0.000000 
0.041953 0.075577 0.361998 0.042993 0.043746 0.025112 0.018922 0.012687 0.037540 0.065403 0.000000 0.157839 0.057375 0.058856 0.000000 0.000000 
0.145286 0.045519 0.063012 0.092190 0.157388 0.023397 0.045326 0.030057 0.000000 0.009092 0.000000 0.151872 0.044376 0.041859 0.000000 0.150626 
0.177079 0.009458 0.031480 0.017256 0.044311 0.069285 0.003013 0.003592 0.170230 0.000025 0.344747 0.033577 0.017998 0.077949 0.000000 0.000000 
0.018578 0.204127 0.083676 0.011921 0.045384 0.005505 0.027627 0.011135 0.014192 0.023895 0.000000 0.312412 0.017661 0.154817 0.069070 0.000000 
0.020590 0.107321 0.030253 0.011543 0.045984 0.000150 0.467803 0.084371 0.011350 0.000038 0.040631 0.024613 0.139570 0.015784 0.000000 0.000000 
0.279674 0.248179 0.059905 0.004663 0.080481 0.014630 0.071321 0.012765 0.007578 0.003478 0.039923 0.035431 0.118193 0.023778 0.000000 0.000000 
0.038410 0.021336 0.062594 0.081331 0.018447 0.113657 0.003338 0.027354 0.023857 0.048195 0.000000 0.066480 0.006577 0.488424 0.000000 0.000000 
0.010452 0.072845 0.081978 0.010300 0.205663 0.005351 0.182639 0.003830 0.000000 0.016066 0.000000 0.014594 0.019554 0.029998 0.346729 0.000000 
0.009907 0.037756 0.183438 0.002012 0.048022 0.002598 0.016607 0.092529 0.010737 0.000076 0.000000 0.067318 0.500950 0.028051 0.000000 0.000000 
0.038766 0.322391 0.094875 0.009129 0.069003 0.057789 0.115833 0.004711 0.008908 0.035531 0.000000 0.033195 0.047737 0.057657 0.077927 0.026547 
0.018464 0.217631 0.009682 0.016945 0.070591 0.001476 0.142873 0.000697 0.000000 0.000036 0.000000 0.032392 0.165721 0.270138 0.053351 0.000000 
0.073579 0.104816 0.143481 0.099573 0.073950 0.019589 0.019181 0.067015 0.000000 0.236616 0.022321 0.069183 0.016425 0.054270 0.000000 0.000000 
0.019497 0.032918 0.034100 0.001110 0.025266 0.014269 0.047223 0.760516 0.000000 0.000059 0.000000 0.003127 0.049892 0.012023 0.000000 0.000000 
0.021081 0.042579 0.071965 0.014587 0.069544 0.024556 0.075598 0.025451 0.037055 0.017328 0.000000 0.320506 0.102947 0.083520 0.000000 0.093283 
0.082880 0.011133 0.073329 0.010895 0.088628 0.070085 0.002705 0.001945 0.000000 0.023784 0.000000 0.499261 0.087391 0.047965 0.000000 0.000000 
0.030907 0.033977 0.188651 0.040436 0.131132 0.015493 0.087378 0.030563 0.000000 0.074026 0.000000 0.239658 0.089735 0.038044 0.000000 0.000000 
0.018265 0.202286 0.040633 0.003852 0.050683 0.002483 0.234312 0.027314 0.019752 0.000036 0.000000 0.021588 0.348033 0.011811 0.000000 0.018950 
0.162073 0.245489 0.086913 0.001290 0.102210 0.089832 0.004260 0.016376 0.000000 0.014653 0.000000 0.045131 0.094263 0.069145 0.022929 0.045437 
0.383576 0.044391 0.085175 0.046910 0.069282 0.022862 0.008263 0.025674 0.000000 0.180694 0.000000 0.072738 0.037505 0.022931 0.000000 0.000000 
0.267992 0.016365 0.262340 0.022363 0.035062 0.076619 0.019809 0.206054 0.000000 0.004331 0.000000 0.014583 0.055320 0.019162 0.000000 0.000000 
0.028819 0.026334 0.314225 0.041645 0.125546 0.014065 0.024294 0.115403 0.000000 0.061202 0.000000 0.117835 0.061211 0.069422 0.000000 0.000000 
0.063059 0.101328 0.049317 0.260912 0.050396 0.027852 0.069253 0.028877 0.000000 0.000141 0.000000 0.213226 0.117857 0.017780 0.000000 0.000000 
0.023175 0.026044 0.412329 0.026297 0.120218 0.000602 0.020681 0.179574 0.000000 0.004700 0.000000 0.023553 0.092499 0.070329 0.000000 0.000000 
0.037908 0.037675 0.050481 0.023159 0.396774 0.004843 0.008954 0.103491 0.000000 0.018485 0.000000 0.201757 0.017909 0.081308 0.017256 0.000000 
0.006416 0.101785 0.064485 0.014864 0.090881 0.001362 0.176747 0.041593 0.048713 0.000082 0.000000 0.045498 0.035807 0.113300 0.258468 0.000000 
0.057523 0.018425 0.308670 0.054077 0.094742 0.011130 0.022416 0.001027 0.000000 0.039532 0.084619 0.137448 0.058336 0.088625 0.000000 0.023429 
0.048547 0.050055 0.094236 0.003313 0.550858 0.020515 0.030188 0.005629 0.000000 0.008603 0.000000 0.068141 0.039971 0.079944 0.000000 0.000000 
0.028627 0.070586 0.176001 0.022800 0.185429 0.033241 0.007375 0.006771 0.023154 0.019030 0.000000 0.269167 0.048470 0.071840 0.000000 0.037508 
0.055508 0.015933 0.001698 0.002969 0.547643 0.256759 0.031818 0.008495 0.000000 0.000049 0.000000 0.008771 0.034709 0.003780 0.031869 0.000000 
0.016624 0.034829 0.079289 0.152339 0.041309 0.012476 0.020391 0.021187 0.000000 0.023836 0.000000 0.286356 0.158256 0.153107 0.000000 0.000000 
0.096421 0.016029 0.070466 0.009230 0.054160 0.021605 0.009509 0.007769 0.008549 0.008450 0.577143 0.083407 0.025693 0.011571 0.000000 0.000000 
0.033191 0.047930 0.035864 0.008752 0.029459 0.000113 0.093905 0.005650 0.000000 0.000040 0.260512 0.049365 0.377258 0.020394 0.000000 0.037565 
0.057034 0.036161 0.091380 0.030592 0.023823 0.286076 0.001777 0.020917 0.000000 0.036813 0.000000 0.125387 0.240489 0.049549 0.000000 0.000000 
0.017555 0.025627 0.132999 0.084449 0.123426 0.006314 0.110310 0.045104 0.000000 0.266891 0.000000 0.091481 0.049980 0.015846 0.030017 0.000000 
0.136236 0.036468 0.103165 0.024351 0.041137 0.038382 0.020194 0.120105 0.000000 0.036271 0.160849 0.204182 0.031337 0.047323 0.000000 0.000000 
0.178386 0.013041 0.280098 0.033344 0.070249 0.014851 0.037986 0.117379 0.018645 0.038018 0.000000 0.074685 0.054554 0.068763 0.000000 0.000000 
0.025753 0.092025 0.035451 0.012975 0.066695 0.009213 0.083886 0.297244 0.000000 0.000087 0.000000 0.050303 0.307670 0.018697 0.000000 0.000000 
0.008596 0.302562 0.111683 0.050004 0.081633 0.009204 0.094816 0.011889 0.000000 0.004964 0.000000 0.056341 0.121118 0.120156 0.027033 0.000000 
0.038465 0.003887 0.263031 0.039655 0.263197 0.033880 0.032466 0.012041 0.000000 0.018102 0.000000 0.186102 0.054589 0.054586 0.000000 0.000000 
0.417978 0.017581 0.040147 0.004553 0.045795 0.246286 0.008578 0.012952 0.093195 0.000037 0.000000 0.058911 0.028549 0.025437 0.000000 0.000000 
0.052640 0.085651 0.032210 0.059033 0.205586 0.001325 0.177977 0.000795 0.000000 0.000026 0.000000 0.012384 0.041552 0.013350 0.317469 0.000000 
0.027301 0.026602 0.038688 0.558331 0.012540 0.019037 0.030522 0.153770 0.000000 0.000046 0.031854 0.038649 0.050922 0.011738 0.000000 0.000000 
0.361850 0.098194 0.056562 0.012279 0.050644 0.021491 0.010273 0.021128 0.000000 0.010301 0.033019 0.152876 0.042327 0.089422 0.018206 0.021427 
0.023162 0.045542 0.040298 0.328039 0.037276 0.051537 0.030236 0.186040 0.000000 0.000079 0.000000 0.047473 0.042723 0.146355 0.000000 0.021239 
0.016075 0.069722 0.038142 0.016684 0.468439 0.000015 0.107327 0.028134 0.000000 0.000085 0.018650 0.008558 0.013792 0.003900 0.210477 0.000000 
0.028722 0.366170 0.123037 0.013079 0.101405 0.008981 0.008595 0.014612 0.103869 0.025831 0.000000 0.070224 0.018422 0.064973 0.052079 0.000000 
0.045105 0.035598 0.222481 0.235862 0.074429 0.000237 0.122687 0.012431 0.000000 0.013444 0.000000 0.107430 0.100341 0.029953 0.000000 0.000000 
0.035394 0.188796 0.263620 0.004179 0.063521 0.165250 0.038230 0.035293 0.027429 0.000106 0.050053 0.041015 0.057844 0.029270 0.000000 0.000000 
0.058522 0.279119 0.065481 0.001994 0.074946 0.317459 0.029821 0.012204 0.000000 0.011630 0.000000 0.093974 0.039060 0.015789 0.000000 0.000000 
0.016279 0.139628 0.086683 0.007678 0.096632 0.002593 0.054979 0.417353 0.000000 0.018288 0.018966 0.056927 0.064825 0.019169 0.000000 0.000000 
0.053273 0.035354 0.063218 0.006314 0.009283 0.146748 0.012172 0.002562 0.000000 0.000038 0.017280 0.052084 0.039611 0.562063 0.000000 0.000000 
0.054182 0.033070 0.066608 0.087059 0.124824 0.000164 0.034247 0.029330 0.000000 0.035954 0.224727 0.071375 0.038200 0.045174 0.000000 0.155085 
0.034583 0.529018 0.104456 0.004012 0.093224 0.002940 0.002013 0.018141 0.014080 0.047102 0.048873 0.045002 0.020424 0.036133 0.000000 0.000000 
0.018138 0.149522 0.078431 0.024738 0.055785 0.004404 0.003738 0.015829 0.277746 0.054841 0.000000 0.057772 0.082816 0.176240 0.000000 0.000000 
0.089006 0.048817 0.120415 0.020035 0.084594 0.070066 0.006211 0.105186 0.000000 0.021534 0.066457 0.237118 0.016314 0.114246 0.000000 0.000000 
0.013563 0.031255 0.132913 0.024604 0.098911 0.089136 0.156728 0.009063 0.016030 0.014206 0.000000 0.066258 0.044549 0.022200 0.280584 0.000000 
0.268136 0.038039 0.139836 0.043639 0.087575 0.015594 0.015734 0.029437 0.000000 0.000102 0.000000 0.090844 0.143966 0.040370 0.000000 0.086728 
0.695409 0.013260 0.015551 0.012312 0.034432 0.028422 0.000235 0.006521 0.000000 0.025748 0.130047 0.009137 0.023203 0.005723 0.000000 0.000000 
0.015264 0.090031 0.152188 0.112068 0.026814 0.026130 0.060888 0.030889 0.000000 0.279711 0.000000 0.075114 0.097391 0.033512 0.000000 0.000000 
0.025408 0.096046 0.292479 0.039218 0.087042 0.006178 0.012707 0.003160 0.000000 0.009847 0.000000 0.091559 0.256607 0.030798 0.000000 0.048950 
0.133168 0.024601 0.071246 0.074273 0.046687 0.006409 0.003373 0.040714 0.000000 0.007470 0.000000 0.023109 0.068052 0.500897 0.000000 0.000000 
0.031039 0.035642 0.106232 0.011183 0.033913 0.013953 0.400284 0.003525 0.000000 0.000034 0.057499 0.046530 0.105990 0.154176 0.000000 0.000000 
0.016662 0.062421 0.080686 0.069368 0.051842 0.003620 0.101408 0.002299 0.013764 0.131534 0.045375 0.120545 0.054393 0.039554 0.206532 0.000000 
0.021940 0.447535 0.077766 0.008041 0.089287 0.016231 0.039524 0.073587 0.000000 0.008890 0.000000 0.052262 0.039245 0.125691 0.000000 0.000000 
0.049434 0.049558 0.053152 0.004314 0.048752 0.008339 0.001664 0.001687 0.257002 0.011111 0.000000 0.219235 0.023802 0.231871 0.040080 0.000000 
0.012393 0.054003 0.068135 0.178797 0.194912 0.000016 0.022146 0.365997 0.000000 0.000079 0.026644 0.021833 0.015395 0.039651 0.000000 0.000000 
0.057414 0.015800 0.043888 0.005606 0.642231 0.000080 0.044305 0.090559 0.000000 0.006973 0.000000 0.012927 0.058225 0.021992 0.000000 0.000000 
0.011054 0.118334 0.165956 0.020482 0.043307 0.000096 0.363956 0.012112 0.000000 0.002920 0.000000 0.043176 0.199213 0.019393 0.000000 0.000000 
0.046148 0.011479 0.084698 0.007303 0.072442 0.012505 0.024601 0.016328 0.000000 0.011284 0.000000 0.172706 0.035650 0.431455 0.000000 0.073402 
0.028766 0.286168 0.083300 0.018503 0.104619 0.006190 0.081727 0.096779 0.000000 0.041616 0.000000 0.059673 0.050665 0.041432 0.100562 0.000000 
0.032391 0.155379 0.371004 0.011754 0.055640 0.000411 0.025529 0.021251 0.000000 0.022098 0.000000 0.104882 0.048618 0.050952 0.000000 0.100091 
0.028552 0.056831 0.056393 0.030298 0.080858 0.121289 0.096630 0.197269 0.024305 0.000072 0.000000 0.055388 0.017125 0.021266 0.213724 0.000000 
0.045400 0.098209 0.024584 0.013675 0.469268 0.001465 0.070136 0.005148 0.011936 0.000038 0.122033 0.010917 0.113237 0.002062 0.011893 0.000000 
0.068107 0.124470 0.022790 0.002880 0.063594 0.406748 0.116959 0.031625 0.000000 0.000156 0.000000 0.006381 0.152800 0.003490 0.000000 0.000000 
0.088061 0.046965 0.035691 0.024449 0.024096 0.545730 0.024021 0.005984 0.079862 0.001896 0.000000 0.051530 0.014117 0.057599 0.000000 0.000000 
0.037611 0.129439 0.082661 0.135714 0.065933 0.000572 0.007631 0.037711 0.000000 0.122809 0.228684 0.083421 0.020126 0.047689 0.000000 0.000000 
0.018663 0.083900 0.289126 0.029535 0.054108 0.022367 0.013575 0.018539 0.000000 0.021530 0.000000 0.150588 0.239922 0.041443 0.000000 0.016705 
0.025377 0.055330 0.220080 0.154288 0.169888 0.032224 0.014504 0.002420 0.009105 0.015506 0.000000 0.186561 0.059912 0.054804 0.000000 0.000000 
0.078669 0.144054 0.008425 0.009927 0.087007 0.140268 0.126957 0.015159 0.000000 0.008305 0.162248 0.038123 0.151689 0.029167 0.000000 0.000000 
0.696942 0.017165 0.016042 0.007542 0.026582 0.047859 0.064775 0.029501 0.000000 0.004276 0.000000 0.056528 0.028316 0.004472 0.000000 0.000000 
0.030483 0.005650 0.609195 0.018815 0.027111 0.004174 0.016463 0.004727 0.022787 0.031011 0.000000 0.047904 0.105494 0.076187 0.000000 0.000000 
0.024619 0.022438 0.121417 0.099308 0.028850 0.016515 0.017139 0.055646 0.000000 0.238878 0.000000 0.138629 0.143008 0.074700 0.000000 0.018854 
0.031447 0.049523 0.071531 0.024904 0.058968 0.037209 0.046357 0.001954 0.000000 0.011860 0.000000 0.471137 0.132285 0.062823 0.000000 0.000000 
0.016738 0.060966 0.319736 0.026685 0.084181 0.004751 0.093466 0.124900 0.000000 0.021321 0.000000 0.169285 0.027181 0.050790 0.000000 0.000000 
0.033912 0.019315 0.069935 0.014176 0.090417 0.007395 0.009403 0.017263 0.015576 0.000031 0.153237 0.092595 0.430358 0.009143 0.037245 0.000000 
0.010223 0.012195 0.103178 0.061851 0.053803 0.032270 0.009734 0.178442 0.000000 0.010622 0.028699 0.408792 0.037438 0.052752 0.000000 0.000000 
0.024977 0.038305 0.319989 0.113981 0.131095 0.043436 0.020313 0.009971 0.000000 0.018332 0.000000 0.128969 0.143792 0.006839 0.000000 0.000000 
0.074965 0.032347 0.056387 0.039465 0.072850 0.057351 0.010624 0.027001 0.000000 0.014389 0.000000 0.230740 0.045021 0.307524 0.000000 0.031337 
0.034169 0.073278 0.061764 0.528856 0.064894 0.013204 0.030212 0.016892 0.000000 0.002268 0.000000 0.039496 0.029933 0.018527 0.072831 0.013675 
0.374173 0.027320 0.061614 0.035779 0.095405 0.031038 0.005358 0.018310 0.017249 0.084842 0.000000 0.031893 0.191625 0.025393 0.000000 0.000000 
0.044882 0.055694 0.253902 0.118657 0.031810 0.008639 0.051257 0.006155 0.000000 0.241372 0.000000 0.079109 0.012178 0.058096 0.038248 0.000000 
0.030455 0.017934 0.136053 0.026902 0.072154 0.008893 0.106210 0.420754 0.000000 0.026237 0.000000 0.087380 0.020620 0.046406 0.000000 0.000000 
0.025711 0.029238 0.340438 0.031635 0.070685 0.260613 0.014262 0.006334 0.000000 0.010725 0.000000 0.090601 0.067807 0.051953 0.000000 0.000000 
0.020077 0.085997 0.054455 0.008157 0.142200 0.012439 0.428860 0.055227 0.000000 0.000072 0.000000 0.043091 0.125223 0.024203 0.000000 0.000000 
0.045902 0.224737 0.228725 0.080376 0.085210 0.008508 0.011013 0.013683 0.000000 0.027990 0.000000 0.166597 0.042673 0.064585 0.000000 0.000000 
0.018594 0.131361 0.011101 0.019034 0.109537 0.006239 0.205671 0.000831 0.000000 0.013727 0.000000 0.066673 0.070432 0.017422 0.329379 0.000000 
0.034639 0.034601 0.045077 0.007044 0.212389 0.006797 0.051673 0.012024 0.184560 0.005708 0.000000 0.128505 0.053663 0.223320 0.000000 0.000000 
0.113117 0.033645 0.451690 0.039464 0.060967 0.010796 0.045782 0.025037 0.000000 0.006481 0.000000 0.059705 0.080183 0.058053 0.000000 0.015081 
0.026011 0.019362 0.048139 0.016486 0.096982 0.026072 0.039937 0.023097 0.000000 0.012646 0.000000 0.227381 0.123616 0.285512 0.032515 0.022243 
0.032039 0.032564 0.082025 0.072600 0.028271 0.008507 0.295825 0.000764 0.035463 0.009185 0.000000 0.218934 0.020867 0.116420 0.046536 0.000000 
0.033848 0.094569 0.069422 0.022741 0.129225 0.000197 0.090954 0.011098 0.100480 0.013753 0.000000 0.118262 0.109861 0.042321 0.163269 0.000000 
0.041066 0.076409 0.024696 0.017197 0.208468 0.002414 0.188679 0.022141 0.000000 0.004589 0.000000 0.014796 0.040771 0.034043 0.324733 0.000000 
0.029533 0.066913 0.334472 0.045943 0.064197 0.000107 0.020478 0.008610 0.000000 0.046592 0.000000 0.085865 0.255877 0.041412 0.000000 0.000000 
0.015785 0.032861 0.038343 0.009774 0.050531 0.005357 0.007331 0.014815 0.261853 0.000052 0.000000 0.036637 0.057069 0.469591 0.000000 0.000000 
0.032096 0.034918 0.259448 0.028866 0.053479 0.013831 0.103977 0.028625 0.045047 0.024899 0.000000 0.088638 0.220461 0.027534 0.000000 0.038182 
0.029869 0.085667 0.088171 0.275958 0.037914 0.003254 0.055451 0.001619 0.000000 0.017925 0.000000 0.141345 0.048904 0.072028 0.141895 0.000000 
0.024665 0.012883 0.056854 0.012137 0.044903 0.027151 0.018750 0.035447 0.000000 0.000028 0.000000 0.084360 0.629024 0.007010 0.000000 0.046787 
0.029893 0.036744 0.066765 0.015062 0.402830 0.003313 0.129969 0.049015 0.024617 0.026039 0.035632 0.111625 0.010041 0.058455 0.000000 0.000000 
0.027574 0.025602 0.351007 0.016395 0.048467 0.003306 0.069244 0.006303 0.000000 0.015330 0.000000 0.247019 0.055984 0.125096 0.008672 0.000000 
0.124242 0.058981 0.166374 0.013549 0.081684 0.057414 0.002016 0.031829 0.114246 0.022290 0.000000 0.173444 0.072624 0.081306 0.000000 0.000000 
0.026111 0.188671 0.140898 0.009455 0.055320 0.001892 0.227414 0.006631 0.000000 0.028921 0.066992 0.092900 0.053878 0.047168 0.053748 0.000000 
0.046583 0.052599 0.278956 0.101063 0.043677 0.008874 0.004474 0.024097 0.013388 0.154607 0.000000 0.183901 0.037480 0.050299 0.000000 0.000000 
0.271690 0.399793 0.064673 0.002527 0.070838 0.050353 0.021191 0.029748 0.000000 0.010252 0.013060 0.021508 0.027547 0.016821 0.000000 0.000000 
0.023149 0.006792 0.178947 0.025025 0.112224 0.007249 0.001810 0.005085 0.298462 0.003126 0.000000 0.125437 0.066747 0.121375 0.024571 0.000000 
0.021332 0.000891 0.254885 0.000309 0.043506 0.006044 0.010859 0.022578 0.332574 0.000962 0.010034 0.039325 0.102879 0.153821 0.000000 0.000000 
0.052631 0.034527 0.264425 0.008849 0.028519 0.278249 0.012440 0.093795 0.000000 0.000041 0.015242 0.059789 0.099321 0.052172 0.000000 0.000000 
0.030883 0.006709 0.032662 0.008250 0.179437 0.008624 0.013355 0.003679 0.365642 0.002282 0.000000 0.097063 0.059241 0.192172 0.000000 0.000000 
0.301524 0.006054 0.049883 0.022683 0.027487 0.033738 0.011502 0.075626 0.000000 0.007808 0.070745 0.327523 0.037504 0.027924 0.000000 0.000000 
0.070115 0.027849 0.041508 0.383665 0.025478 0.013700 0.006579 0.004993 0.000000 0.011619 0.039511 0.249298 0.066690 0.058996 0.000000 0.000000 
0.031692 0.019274 0.017055 0.003379 0.320925 0.009811 0.023393 0.000896 0.265601 0.007115 0.000000 0.114408 0.059065 0.127387 0.000000 0.000000 
0.013726 0.017273 0.120487 0.015922 0.049588 0.045384 0.001308 0.018171 0.026308 0.010067 0.000000 0.317864 0.264538 0.033890 0.044236 0.021236 
0.043789 0.036933 0.113612 0.028220 0.073354 0.021590 0.018828 0.005385 0.000000 0.023565 0.000000 0.382070 0.032515 0.061219 0.056300 0.102619 
0.028861 0.018089 0.018620 0.325694 0.087978 0.000755 0.002300 0.001751 0.176327 0.000043 0.162413 0.052284 0.030318 0.094567 0.000000 0.000000 
0.090894 0.010408 0.039079 0.006892 0.032800 0.077099 0.024327 0.012797 0.000000 0.000049 0.656355 0.012455 0.028589 0.008255 0.000000 0.000000 
0.046683 0.016487 0.325177 0.303439 0.064899 0.002163 0.030914 0.007731 0.008598 0.012845 0.093700 0.042040 0.044030 0.001294 0.000000 0.000000 
0.235262 0.098044 0.017765 0.024813 0.030548 0.018325 0.039444 0.082922 0.084680 0.000046 0.000000 0.058771 0.050102 0.240966 0.018314 0.000000 
0.270969 0.019347 0.014116 0.000211 0.067002 0.117499 0.023298 0.004878 0.185019 0.001834 0.049804 0.054427 0.058491 0.133105 0.000000 0.000000 
0.056927 0.063961 0.034825 0.001548 0.185282 0.000358 0.068410 0.005415 0.000000 0.007196 0.000000 0.155471 0.038135 0.040579 0.000000 0.341891 
0.016530 0.020478 0.109385 0.061934 0.107587 0.016176 0.005641 0.024635 0.148823 0.199215 0.035880 0.103147 0.031928 0.118643 0.000000 0.000000 
0.087680 0.016623 0.012196 0.003773 0.225234 0.189282 0.021434 0.015905 0.000000 0.000060 0.078306 0.036776 0.003591 0.309141 0.000000 0.000000 
0.034467 0.040620 0.057421 0.016998 0.162765 0.003468 0.098405 0.006283 0.000000 0.000048 0.500425 0.022675 0.023743 0.003725 0.028955 0.000000 
0.012770 0.091766 0.122764 0.089528 0.052235 0.010153 0.170586 0.004486 0.000000 0.214220 0.000000 0.054632 0.093735 0.034966 0.048160 0.000000 
0.036214 0.057537 0.089343 0.089901 0.079303 0.016967 0.176502 0.003207 0.035332 0.019550 0.000000 0.070047 0.051463 0.038813 0.235821 0.000000 
0.011025 0.060931 0.047689 0.234860 0.035982 0.001206 0.043728 0.371559 0.000000 0.000043 0.000000 0.032959 0.030565 0.057185 0.072268 0.000000 
0.266933 0.045710 0.056102 0.013037 0.116605 0.036365 0.026677 0.014936 0.008150 0.011952 0.000000 0.121489 0.038544 0.034873 0.000000 0.208627 
0.094883 0.066300 0.044386 0.000470 0.265576 0.000284 0.033560 0.002903 0.000000 0.012946 0.000000 0.075554 0.029609 0.035909 0.000000 0.337621 
0.002633 0.007308 0.040825 0.002581 0.055739 0.015807 0.010033 0.021049 0.519975 0.001854 0.000000 0.016000 0.082306 0.223890 0.000000 0.000000 
0.030344 0.197678 0.050631 0.414073 0.138805 0.004889 0.049608 0.019904 0.000000 0.004678 0.000000 0.026374 0.029245 0.012780 0.020991 0.000000 
0.018553 0.037082 0.226237 0.039920 0.118925 0.068945 0.014270 0.016914 0.026418 0.040615 0.000000 0.242052 0.067197 0.082871 0.000000 0.000000 
0.033500 0.194025 0.153237 0.230860 0.056223 0.008865 0.020515 0.020929 0.000000 0.039255 0.000000 0.071461 0.125165 0.045965 0.000000 0.000000 
0.003375 0.063670 0.129382 0.034833 0.034489 0.005635 0.129032 0.044719 0.068501 0.127809 0.000000 0.222617 0.062271 0.073665 0.000000 0.000000 
0.046654 0.004097 0.032817 0.007446 0.038121 0.446405 0.009825 0.000526 0.200448 0.001431 0.000000 0.028110 0.046313 0.137806 0.000000 0.000000 
0.024828 0.191987 0.114146 0.053997 0.136083 0.010616 0.035396 0.002579 0.000000 0.135107 0.000000 0.075575 0.040018 0.051793 0.000000 0.127875 
0.032432 0.052991 0.027531 0.010969 0.334255 0.000134 0.112401 0.025253 0.000000 0.000035 0.081031 0.025669 0.142273 0.093061 0.061963 0.000000 
0.035648 0.036867 0.302047 0.016606 0.036446 0.055129 0.009860 0.001256 0.000000 0.021882 0.000000 0.203177 0.090885 0.190198 0.000000 0.000000 
0.039622 0.059629 0.090049 0.003368 0.086056 0.000188 0.013515 0.002930 0.000000 0.003532 0.000000 0.070855 0.458788 0.028701 0.017583 0.125184 
0.008674 0.038661 0.052287 0.013748 0.046032 0.003398 0.024745 0.253122 0.261736 0.009686 0.000000 0.111947 0.011434 0.164530 0.000000 0.000000 
0.050455 0.132014 0.016961 0.033193 0.086203 0.179461 0.058527 0.023745 0.040174 0.000128 0.000000 0.014254 0.088514 0.276371 0.000000 0.000000 
0.717627 0.030742 0.009205 0.024828 0.023599 0.114092 0.016063 0.021935 0.000000 0.005102 0.000000 0.019738 0.015548 0.001521 0.000000 0.000000 
0.142038 0.026038 0.020610 0.007056 0.070103 0.006320 0.026051 0.283278 0.000000 0.000081 0.257722 0.096755 0.008079 0.025966 0.000000 0.029902 
0.016870 0.070348 0.119925 0.078622 0.028103 0.118277 0.020262 0.024482 0.000000 0.183366 0.014667 0.222572 0.031269 0.042682 0.028557 0.000000 
0.018621 0.128049 0.066163 0.275151 0.090330 0.026737 0.159289 0.006767 0.004711 0.000037 0.000000 0.019349 0.090004 0.018285 0.096507 0.000000 
0.004274 0.016181 0.083380 0.140250 0.062503 0.012239 0.009978 0.032403 0.342949 0.004153 0.017221 0.115592 0.018417 0.140460 0.000000 0.000000 
0.016832 0.045491 0.121932 0.028987 0.210212 0.026046 0.036361 0.003725 0.000000 0.009980 0.018261 0.392570 0.033121 0.056481 0.000000 0.000000 
0.019206 0.049110 0.055723 0.036492 0.041468 0.073679 0.042883 0.002381 0.006919 0.036262 0.000000 0.450185 0.138969 0.046723 0.000000 0.000000 
0.010355 0.085373 0.084287 0.025998 0.070932 0.032711 0.097183 0.000479 0.000000 0.042281 0.041152 0.341318 0.126074 0.041856 0.000000 0.000000 
0.009161 0.067826 0.116126 0.024313 0.053209 0.008346 0.014735 0.166421 0.024403 0.015180 0.000000 0.193827 0.016101 0.290351 0.000000 0.000000 
0.047245 0.017856 0.083998 0.008194 0.025383 0.451653 0.103754 0.016221 0.000000 0.000044 0.030653 0.038965 0.161368 0.014667 0.000000 0.000000 
0.008778 0.106832 0.142780 0.059276 0.044549 0.001057 0.102277 0.017323 0.000000 0.208548 0.000000 0.184692 0.038231 0.085657 0.000000 0.000000 
0.279429 0.094938 0.067371 0.008168 0.299447 0.009054 0.069311 0.002366 0.000000 0.007057 0.000000 0.101490 0.022477 0.038892 0.000000 0.000000 
0.013472 0.056155 0.071560 0.027364 0.020961 0.000014 0.063223 0.699893 0.000000 0.000053 0.000000 0.006112 0.010515 0.030677 0.000000 0.000000 
0.021276 0.006116 0.515254 0.016988 0.033272 0.034423 0.053453 0.049168 0.000000 0.003618 0.000000 0.053931 0.186867 0.025634 0.000000 0.000000 
0.004419 0.042523 0.073852 0.028792 0.061939 0.122652 0.011330 0.005827 0.018381 0.029570 0.012452 0.476013 0.037752 0.074499 0.000000 0.000000 
0.018776 0.070365 0.085669 0.231377 0.048384 0.008991 0.070734 0.034242 0.030412 0.016911 0.000000 0.159726 0.040289 0.049157 0.134965 0.000000 
