-1967428.284373
0
0.008422 0.007717 0.001011 0.001248 0.001744 0.002912 0.000000 0.003585 0.038975 0.006373 0.265175 0.008352 0.003499 0.000000 0.000938 0.010322 0.004128 0.000000 0.005220 0.000993 0.000000 0.003617 0.000000 0.003194 0.000000 0.004897 0.000000 0.000000 0.000000 0.000000 0.000000 0.000000 0.017567 0.009778 0.164050 0.008181 0.000000 0.000000 0.000000 0.000000 0.000000 0.000000 0.000000 0.000409 0.000000 0.001260 0.000000 0.004546 0.005498 0.004574 0.000000 0.000000 0.000000 0.003018 0.000000 0.000000 0.036056 0.028308 0.159729 0.017422 0.000000 0.000000 0.000000 0.003494 0.010488 0.000000 0.000000 0.008312 0.000000 0.000000 0.000000 0.000000 0.010112 0.005285 0.001278 0.000002 0.000000 0.000000 0.000000 0.000000 0.000000 0.000000 0.101390 0.000000 0.003653 0.000000 0.000738 0.000000 0.003309 0.000000 0.004713 0.000967 0.000000 0.000000 0.002157 0.001382 
0.000000 0.000000 0.000000 0.003406 0.000000 0.000403 0.000000 0.000000 0.008984 0.001517 0.000000 0.006513 0.000000 0.000866 0.000000 0.002257 0.000000 0.005851 0.000000 0.000000 0.000000 0.010157 0.004835 0.041383 0.000000 0.000000 0.000000 0.002542 0.000777 0.000000 0.000000 0.000638 0.015169 0.000000 0.005182 0.005468 0.000000 0.008095 0.002042 0.036160 0.006033 0.042902 0.028298 0.118169 0.000000 0.024039 0.017116 0.319309 0.003990 0.000865 0.000000 0.007781 0.000000 0.000000 0.000000 0.001569 0.000000 0.000000 0.000000 0.000000 0.000000 0.003430 0.002498 0.005374 0.000000 0.007920 0.000000 0.005518 0.000000 0.010320 0.006983 0.076274 0.000652 0.000004 0.001442 0.003332 0.000000 0.000000 0.000000 0.000000 0.000000 0.004696 0.000000 0.012175 0.000000 0.000693 0.000000 0.002601 0.000000 0.008051 0.003827 0.009569 0.000000 0.012097 0.005713 0.084516 
0.000000 0.000000 0.000000 0.007047 0.000519 0.000000 0.000000 0.000000 0.000004 0.000000 0.004774 0.004177 0.000000 0.000000 0.000000 0.000000 0.000000 0.004628 0.000860 0.001069 0.000000 0.004180 0.001612 0.015341 0.000000 0.000000 0.000000 0.010660 0.000000 0.000000 0.000000 0.000000 0.000001 0.000000 0.005012 0.000388 0.000000 0.000000 0.000000 0.000000 0.000000 0.000000 0.000000 0.000000 0.002422 0.000690 0.001548 0.012132 0.000000 0.001164 0.000784 0.003304 0.000000 0.000000 0.000000 0.000328 0.000000 0.001800 0.010959 0.006593 0.000000 0.000000 0.000000 0.000000 0.003276 0.006805 0.003809 0.012730 0.000000 0.001535 0.000521 0.000000 0.043455 0.009008 0.002631 0.381242 0.000000 0.000000 0.000000 0.000000 0.000000 0.021326 0.249288 0.041274 0.000000 0.000123 0.000000 0.003305 0.001937 0.009307 0.004767 0.009798 0.005957 0.009055 0.001996 0.074859 
0.000000 0.000000 0.000000 0.000000 0.000000 0.000000 0.000418 0.000000 0.004891 0.000000 0.000000 0.000001 0.000000 0.000000 0.000000 0.000174 0.000000 0.000000 0.000000 0.000801 0.000000 0.000000 0.000000 0.000000 0.001258 0.000000 0.000000 0.000000 0.000000 0.000000 0.000000 0.000000 0.021250 0.000000 0.005082 0.005693 0.000000 0.000000 0.000000 0.000000 0.000077 0.000000 0.000000 0.000000 0.000000 0.000000 0.000000 0.000000 0.000000 0.000000 0.000000 0.000000 0.000000 0.000000 0.000000 0.000321 0.001641 0.000000 0.000000 0.000000 0.000000 0.000000 0.000000 0.000000 0.000000 0.000000 0.000000 0.000531 0.000000 0.000000 0.000000 0.000000 0.011253 0.006906 0.002067 0.007204 0.014512 0.000000 0.000727 0.038885 0.468105 0.107825 0.061785 0.237041 0.000000 0.000000 0.000000 0.000589 0.000000 0.000000 0.000000 0.000272 0.000000 0.000156 0.000537 0.000000 
0.034229 0.041453 0.004273 0.031810 0.027742 0.014240 0.004613 0.025818 0.024918 0.006565 0.003407 0.020062 0.012798 0.013372 0.016878 0.016659 0.013762 0.004792 0.004438 0.020157 0.000000 0.000636 0.012394 0.003645 0.014486 0.033536 0.000000 0.004432 0.020604 0.018926 0.005302 0.028475 0.017263 0.003697 0.000000 0.026817 0.016174 0.020537 0.031358 0.030846 0.004373 0.006839 0.000000 0.006063 0.000000 0.004172 0.009218 0.000000 0.000000 0.020806 0.000000 0.005248 0.016154 0.014056 0.001881 0.020297 0.009785 0.000000 0.000000 0.007308 0.010271 0.009709 0.018363 0.016169 0.000622 0.001150 0.000000 0.001673 0.002519 0.003185 0.014540 0.001712 0.006076 0.021987 0.000000 0.004675 0.000000 0.015087 0.001354 0.009153 0.000000 0.000000 0.000000 0.011216 0.011027 0.012747 0.012387 0.025514 0.000696 0.002544 0.000000 0.003965 0.000000 0.005252 0.013220 0.005875 
0.000000 0.001982 0.000883 0.002354 0.000000 0.001780 0.000000 0.001472 0.035845 0.019146 0.030029 0.017622 0.000000 0.002456 0.000000 0.004348 0.021547 0.020228 0.061181 0.009616 0.000000 0.000000 0.000000 0.000000 0.021362 0.040487 0.014534 0.106818 0.000000 0.000000 0.000000 0.000000 0.012442 0.015564 0.041231 0.013993 0.000000 0.006860 0.001445 0.002897 0.018986 0.020478 0.079269 0.013032 0.000000 0.009885 0.015714 0.000000 0.000000 0.003974 0.004499 0.009198 0.000325 0.001922 0.000000 0.000729 0.066144 0.053513 0.000000 0.051657 0.000000 0.003885 0.001351 0.001245 0.005357 0.001973 0.032954 0.004293 0.000000 0.003370 0.002233 0.001826 0.000000 0.005016 0.001838 0.004271 0.000000 0.000000 0.000000 0.000000 0.001862 0.000000 0.009843 0.000000 0.000000 0.000852 0.000000 0.002141 0.009915 0.013423 0.027225 0.007129 0.000000 0.000550 0.000000 0.000000 
0.059465 0.016256 0.011747 0.024323 0.000000 0.000879 0.002062 0.001773 0.001909 0.000000 0.000000 0.002778 0.002192 0.000000 0.004242 0.001585 0.002279 0.000000 0.000932 0.001901 0.000000 0.000838 0.001460 0.000000 0.101972 0.036682 0.018244 0.048153 0.000000 0.003502 0.006320 0.003046 0.007275 0.002603 0.008541 0.003021 0.000000 0.004179 0.012606 0.000760 0.000000 0.000919 0.000000 0.000000 0.000000 0.000000 0.003827 0.001845 0.133927 0.030530 0.021980 0.076527 0.000000 0.000000 0.003292 0.000000 0.000000 0.000000 0.000000 0.000000 0.002525 0.001479 0.000616 0.003858 0.001274 0.000000 0.003744 0.001555 0.000325 0.000000 0.006839 0.001041 0.077641 0.063447 0.019014 0.124388 0.000000 0.006891 0.002568 0.000000 0.000000 0.000000 0.000000 0.000000 0.004266 0.001819 0.002406 0.002482 0.000000 0.002597 0.000932 0.000000 0.000000 0.001920 0.000000 0.000000 
0.000000 0.000771 0.000000 0.000000 0.000844 0.000000 0.000000 0.000858 0.010915 0.074628 0.000000 0.042531 0.000435 0.000000 0.001632 0.000986 0.000000 0.000000 0.000461 0.001687 0.000000 0.000000 0.000359 0.000000 0.000000 0.000983 0.000000 0.000000 0.000000 0.000380 0.000368 0.000000 0.063249 0.158623 0.016193 0.117179 0.000000 0.001507 0.000000 0.000936 0.000000 0.000000 0.000000 0.000874 0.000000 0.000627 0.000000 0.000000 0.000000 0.000000 0.000000 0.000000 0.000000 0.000000 0.000000 0.000000 0.012648 0.066779 0.000000 0.052069 0.000000 0.000000 0.000000 0.000000 0.000000 0.000000 0.000000 0.007227 0.000000 0.000000 0.001813 0.000000 0.000000 0.003116 0.000000 0.000001 0.000000 0.000967 0.000000 0.000000 0.017290 0.220688 0.034896 0.078944 0.000000 0.000000 0.000000 0.003428 0.000755 0.000000 0.001236 0.000000 0.000000 0.001118 0.000000 0.000000 
0.000000 0.000000 0.000000 0.000000 0.005125 0.000783 0.000000 0.003334 0.001542 0.001082 0.000000 0.000001 0.000000 0.000000 0.000000 0.000000 0.000000 0.000000 0.000000 0.000000 0.000000 0.001096 0.000470 0.000000 0.001401 0.000000 0.000604 0.000000 0.007246 0.000000 0.000000 0.005996 0.000202 0.000000 0.000000 0.000003 0.000000 0.000000 0.000000 0.000000 0.000000 0.000000 0.000000 0.000000 0.000000 0.000000 0.000000 0.000000 0.000000 0.000000 0.001030 0.000000 0.001205 0.000866 0.000000 0.003792 0.000000 0.000000 0.000000 0.000000 0.000000 0.000000 0.001479 0.000000 0.000000 0.000000 0.000000 0.000002 0.000000 0.000000 0.000000 0.000000 0.052620 0.018495 0.001654 0.014632 0.322664 0.073028 0.010893 0.396739 0.071380 0.000000 0.000000 0.000000 0.000000 0.000000 0.000000 0.000000 0.000633 0.000000 0.000000 0.000000 0.000000 0.000000 0.000000 0.000000 
0.000000 0.002894 0.000000 0.022416 0.000000 0.000000 0.000000 0.000000 0.021786 0.025589 0.043319 0.019248 0.000000 0.006602 0.000000 0.003488 0.000989 0.004722 0.000000 0.003234 0.000000 0.000232 0.000451 0.004909 0.005599 0.010113 0.000634 0.087220 0.000000 0.000000 0.000000 0.000000 0.000000 0.000962 0.019742 0.004980 0.000000 0.002020 0.000000 0.000000 0.000000 0.001691 0.000000 0.000000 0.000000 0.000476 0.000000 0.000000 0.000000 0.011794 0.000000 0.064421 0.000846 0.000000 0.000000 0.000000 0.066776 0.127080 0.192908 0.090135 0.000000 0.003389 0.000943 0.001748 0.016672 0.037021 0.009978 0.008300 0.000000 0.001463 0.002762 0.012990 0.000000 0.010524 0.000485 0.032474 0.000000 0.000000 0.000000 0.000000 0.000000 0.000000 0.000000 0.004451 0.000000 0.001479 0.000000 0.000000 0.001045 0.007001 0.000000 0.000000 0.000000 0.000000 0.000000 0.000000 
0.008887 0.001662 0.000000 0.001464 0.002854 0.000416 0.000000 0.002170 0.006834 0.000000 0.000000 0.001755 0.011248 0.007775 0.006936 0.014156 0.076073 0.030420 0.048872 0.053285 0.019951 0.003573 0.003016 0.006885 0.009232 0.000000 0.000000 0.000000 0.000000 0.000580 0.000000 0.000733 0.013466 0.000000 0.000000 0.014319 0.004522 0.008970 0.003364 0.001553 0.029379 0.032506 0.028296 0.032602 0.011479 0.005822 0.006847 0.000000 0.007144 0.004686 0.000000 0.000000 0.000000 0.000228 0.000000 0.000000 0.002694 0.000858 0.000000 0.003891 0.002928 0.002175 0.001060 0.002046 0.044725 0.026612 0.033310 0.037192 0.003390 0.000000 0.000000 0.004022 0.015258 0.005125 0.002099 0.008890 0.000000 0.001273 0.000000 0.000000 0.003788 0.000000 0.000000 0.000042 0.017622 0.012780 0.009194 0.011072 0.049891 0.034843 0.028357 0.048206 0.029049 0.007014 0.003465 0.023168 
0.315393 0.007877 0.018645 0.074613 0.047362 0.030845 0.044829 0.303297 0.000255 0.054420 0.102465 
0.040961 0.017036 0.031748 0.110912 0.103288 0.027139 0.412705 0.200915 0.005940 0.018819 0.030536 
0.261912 0.003023 0.000268 0.037736 0.037065 0.084795 0.234363 0.050028 0.015771 0.125487 0.149552 
0.036303 0.275250 0.038430 0.023151 0.174400 0.109050 0.139947 0.172202 0.003765 0.012733 0.014768 
0.245148 0.019098 0.047781 0.070113 0.165664 0.146465 0.014317 0.146255 0.012847 0.019891 0.112421 
0.043441 0.043149 0.028328 0.014800 0.019464 0.367008 0.002545 0.076530 0.000019 0.376162 0.028554 
0.002899 0.016381 0.000199 0.053078 0.100341 0.190937 0.176901 0.187994 0.009624 0.062093 0.199554 
0.000805 0.000637 0.000156 0.805861 0.011986 0.026577 0.021075 0.014794 0.049975 0.007794 0.060339 
0.031666 0.005557 0.000200 0.171153 0.050562 0.033610 0.073553 0.465925 0.128421 0.003776 0.035577 
0.049075 0.158198 0.268354 0.021635 0.036284 0.018217 0.036350 0.022081 0.138233 0.083704 0.167869 
0.214979 0.020866 0.000104 0.018350 0.007287 0.230113 0.002119 0.159002 0.135227 0.204548 0.007405 
0.005225 0.042410 0.120498 0.133492 0.152145 0.040577 0.016811 0.154526 0.017699 0.005136 0.311480 
0.002591 0.012966 0.000200 0.318124 0.075829 0.127603 0.020152 0.068129 0.029856 0.109046 0.235504 
0.158629 0.045430 0.200150 0.017585 0.097834 0.070820 0.029443 0.213009 0.000938 0.077082 0.089080 
0.136908 0.006662 0.000132 0.614235 0.017764 0.029389 0.012379 0.086025 0.040301 0.015772 0.040432 
0.009992 0.044733 0.000171 0.102162 0.086854 0.059375 0.039884 0.086879 0.014758 0.025810 0.529382 
0.074171 0.045297 0.004741 0.039619 0.182359 0.078197 0.062515 0.041934 0.027928 0.026167 0.417071 
0.039653 0.091854 0.016705 0.118886 0.160236 0.077451 0.031733 0.251212 0.033490 0.102381 0.076400 
0.014495 0.016075 0.006026 0.282872 0.135253 0.021562 0.149628 0.279520 0.066387 0.001530 0.026652 
0.195815 0.013525 0.022908 0.018583 0.323552 0.026414 0.168467 0.029571 0.006342 0.078511 0.116313 
0.113003 0.016703 0.060697 0.035001 0.029620 0.113771 0.011640 0.074630 0.000238 0.514121 0.030576 
0.258810 0.006554 0.000524 0.291778 0.036715 0.128620 0.022949 0.090077 0.024046 0.089740 0.050188 
0.021550 0.087516 0.031143 0.036138 0.071141 0.003865 0.499780 0.014543 0.116831 0.007093 0.110401 
0.021448 0.011001 0.028689 0.006868 0.016114 0.067451 0.042379 0.198707 0.005871 0.521712 0.079759 
0.022732 0.002740 0.084578 0.008519 0.071921 0.596419 0.026420 0.031785 0.003446 0.046199 0.105241 
0.317307 0.011401 0.005849 0.038509 0.041636 0.055152 0.060620 0.067414 0.059558 0.213965 0.128590 
0.214891 0.018582 0.000164 0.019483 0.025099 0.159239 0.271746 0.057211 0.002550 0.227127 0.003909 
0.108540 0.112223 0.087052 0.071236 0.083781 0.003454 0.043916 0.085725 0.023143 0.019113 0.361818 
0.014345 0.001760 0.763652 0.018215 0.003087 0.063097 0.013223 0.027692 0.015372 0.059234 0.020322 
0.038799 0.015579 0.015561 0.012937 0.355949 0.108223 0.081325 0.110174 0.028056 0.130188 0.103208 
0.003622 0.012613 0.000234 0.074772 0.490224 0.093898 0.043685 0.077493 0.077871 0.014782 0.110805 
0.026910 0.044903 0.022171 0.025814 0.237651 0.062603 0.027534 0.130357 0.018001 0.125006 0.279051 
0.225460 0.006355 0.007470 0.019653 0.036743 0.363353 0.009139 0.041984 0.003254 0.277229 0.009360 
0.239932 0.001436 0.015639 0.154621 0.049035 0.132402 0.066365 0.110844 0.096714 0.046975 0.086039 
0.039174 0.057983 0.033744 0.364788 0.087052 0.011669 0.019901 0.064391 0.040125 0.029280 0.251893 
0.007242 0.024451 0.191336 0.264973 0.012953 0.095433 0.010268 0.032305 0.087941 0.025185 0.247912 
0.015069 0.045278 0.106753 0.023867 0.114072 0.076300 0.059053 0.126841 0.016438 0.048793 0.367534 
0.106502 0.275947 0.018253 0.062618 0.198630 0.131419 0.011249 0.035661 0.031828 0.081295 0.046598 
0.012067 0.026739 0.163264 0.018680 0.019291 0.144431 0.057319 0.127068 0.001811 0.040220 0.389112 
0.020674 0.025871 0.091829 0.022632 0.199671 0.027892 0.079779 0.403175 0.008417 0.051279 0.068780 
0.067469 0.016120 0.051339 0.006689 0.078671 0.111853 0.163626 0.086293 0.001551 0.383030 0.033359 
0.016231 0.054719 0.000177 0.067252 0.126810 0.061646 0.074768 0.184846 0.013761 0.041348 0.358441 
0.021503 0.003559 0.000150 0.027643 0.065171 0.073072 0.064823 0.546824 0.024228 0.098125 0.074904 
0.059728 0.023113 0.000211 0.018863 0.285774 0.079880 0.067613 0.201770 0.036360 0.033965 0.192724 
0.002419 0.003841 0.003789 0.035587 0.007759 0.032543 0.003086 0.542430 0.262692 0.104856 0.000997 
0.029314 0.163525 0.020836 0.014111 0.270160 0.155158 0.149487 0.031877 0.013867 0.043959 0.107706 
0.025038 0.010880 0.018390 0.243519 0.083613 0.019536 0.012377 0.480863 0.015967 0.003529 0.086288 
0.080505 0.009914 0.000340 0.085300 0.050006 0.397253 0.014041 0.261679 0.000107 0.090073 0.010782 
0.034726 0.033519 0.020196 0.055843 0.120621 0.263428 0.046585 0.014181 0.291053 0.006792 0.113056 
0.015287 0.107382 0.061942 0.013211 0.117105 0.007545 0.006666 0.106785 0.007213 0.177883 0.378982 
0.039364 0.028935 0.135012 0.174415 0.198684 0.021351 0.041017 0.152513 0.042217 0.019550 0.146941 
0.004753 0.034613 0.104919 0.173102 0.082351 0.070968 0.065587 0.068300 0.022643 0.057805 0.314959 
0.080833 0.015668 0.287919 0.025052 0.044088 0.321371 0.015880 0.054315 0.010683 0.125632 0.018559 
0.307739 0.051968 0.007016 0.008885 0.054656 0.138444 0.110134 0.064668 0.009847 0.148390 0.098253 
0.000667 0.039911 0.000176 0.027710 0.177338 0.070167 0.043126 0.254365 0.038455 0.066927 0.281157 
0.011773 0.005090 0.000205 0.405482 0.119585 0.049386 0.059565 0.039696 0.265424 0.017557 0.026238 
0.030345 0.064671 0.010589 0.052081 0.014170 0.105338 0.020448 0.192225 0.004069 0.497230 0.008834 
0.023050 0.581028 0.147390 0.033702 0.029502 0.053077 0.010826 0.030885 0.020316 0.036603 0.033621 
0.094324 0.013393 0.020301 0.361820 0.148980 0.054450 0.091015 0.075185 0.036511 0.034320 0.069702 
0.041747 0.339755 0.177275 0.019648 0.038282 0.054245 0.138498 0.046657 0.054158 0.044651 0.045082 
0.020631 0.018074 0.031155 0.008333 0.009382 0.049250 0.003995 0.464419 0.000021 0.374121 0.020619 
0.363067 0.014001 0.006965 0.027908 0.136754 0.055466 0.123829 0.088576 0.009745 0.044226 0.129463 
0.027971 0.242519 0.000192 0.042918 0.092294 0.109138 0.017543 0.073070 0.003600 0.157768 0.232987 
0.207856 0.004076 0.023170 0.046022 0.059684 0.092476 0.025026 0.102699 0.165544 0.020182 0.253264 
0.289086 0.003218 0.006407 0.058369 0.088320 0.030027 0.008478 0.063699 0.323737 0.044181 0.084478 
0.135659 0.010677 0.416255 0.016903 0.055770 0.073339 0.015033 0.108030 0.003632 0.069870 0.094833 
0.036085 0.004499 0.001658 0.060623 0.043522 0.046568 0.561091 0.014859 0.149928 0.020910 0.060256 
0.051828 0.087672 0.033062 0.082652 0.078316 0.043723 0.038374 0.423005 0.000315 0.041989 0.119063 
0.543527 0.005867 0.021661 0.044079 0.061632 0.017390 0.031151 0.114773 0.003679 0.008096 0.148145 
0.156939 0.022795 0.000246 0.015789 0.252650 0.092714 0.280690 0.046605 0.003225 0.006845 0.121503 
0.044785 0.022856 0.108395 0.100165 0.223728 0.013494 0.107586 0.131010 0.074661 0.015308 0.158013 
0.002218 0.026332 0.024075 0.015110 0.087952 0.121298 0.040585 0.093527 0.089755 0.387722 0.111425 
0.025164 0.044415 0.017410 0.248886 0.097545 0.216737 0.032745 0.136632 0.028197 0.046080 0.106190 
0.013546 0.013179 0.006502 0.739757 0.009359 0.018979 0.005557 0.100826 0.047348 0.001053 0.043894 
0.091624 0.138543 0.046996 0.012291 0.090640 0.033876 0.026156 0.019767 0.027132 0.094417 0.418557 
0.085691 0.038376 0.000156 0.019418 0.086511 0.349665 0.011717 0.100265 0.008843 0.040547 0.258809 
0.020721 0.076398 0.036350 0.130169 0.014248 0.088596 0.500091 0.038793 0.012371 0.014028 0.068235 
0.040799 0.011929 0.000195 0.047645 0.041159 0.099146 0.127102 0.078941 0.014925 0.432142 0.106015 
0.041673 0.080909 0.035270 0.024327 0.148847 0.060658 0.059547 0.087555 0.003886 0.259069 0.198258 
0.460978 0.010286 0.073081 0.022119 0.048446 0.038282 0.115289 0.069064 0.017343 0.057044 0.088068 
0.045102 0.002648 0.000152 0.044941 0.399195 0.047343 0.340007 0.044202 0.010109 0.010363 0.055936 
0.038309 0.188386 0.352346 0.011439 0.016341 0.023732 0.035855 0.222420 0.000022 0.044276 0.066874 
0.001758 0.006346 0.068122 0.038594 0.007837 0.072966 0.015477 0.648791 0.000360 0.100949 0.038799 
0.122580 0.020602 0.000098 0.014205 0.038271 0.172461 0.004387 0.038016 0.000204 0.423300 0.165877 
0.006590 0.006452 0.005753 0.037941 0.167228 0.045748 0.423228 0.112456 0.015849 0.066940 0.111813 
0.265583 0.021890 0.112513 0.027723 0.067708 0.069902 0.039490 0.089173 0.007258 0.192152 0.106608 
0.164008 0.009431 0.004473 0.024209 0.104974 0.082473 0.037713 0.110167 0.003056 0.050450 0.409046 
0.025505 0.030809 0.216693 0.029986 0.081827 0.087026 0.040679 0.064798 0.122326 0.264843 0.035508 
0.087805 0.014253 0.000143 0.053434 0.014929 0.137920 0.001998 0.564172 0.002419 0.118401 0.004527 
0.134950 0.004729 0.016099 0.070634 0.003447 0.152434 0.001323 0.047804 0.413409 0.140929 0.014241 
0.044463 0.024448 0.000166 0.086976 0.104616 0.020473 0.080775 0.015156 0.555314 0.035901 0.031713 
0.139721 0.144560 0.060467 0.085516 0.090694 0.004843 0.041745 0.225606 0.000310 0.005411 0.201126 
0.075597 0.030563 0.011848 0.016132 0.150336 0.302968 0.030421 0.051671 0.024046 0.036735 0.269684 
0.044871 0.155911 0.000166 0.017852 0.184173 0.087039 0.043038 0.164787 0.035057 0.036216 0.230890 
0.179871 0.012762 0.011119 0.116037 0.036870 0.125821 0.020669 0.207665 0.140787 0.131513 0.016888 
0.008125 0.009616 0.017887 0.680449 0.047909 0.022430 0.002612 0.013387 0.076391 0.095420 0.025774 
0.002020 0.017065 0.000148 0.029042 0.058938 0.140366 0.063781 0.031936 0.005488 0.025114 0.626101 
0.020640 0.115534 0.073030 0.017871 0.155099 0.099690 0.066089 0.031208 0.018424 0.046340 0.356074 
0.042396 0.028831 0.000219 0.028319 0.457892 0.123773 0.054534 0.046605 0.042039 0.081122 0.094271 
0.056081 0.028674 0.111507 0.013950 0.156513 0.033551 0.034331 0.086232 0.006568 0.116119 0.356475 
0.012938 0.014417 0.025332 0.062754 0.108179 0.520243 0.011815 0.203748 0.006960 0.026057 0.007555 
0.005548 0.068153 0.181900 0.013257 0.396353 0.042845 0.045599 0.071468 0.034893 0.015582 0.124403 
0.026049 0.116780 0.000190 0.020640 0.120269 0.183052 0.001516 0.125268 0.044753 0.046164 0.315319 
0.025234 0.042371 0.024690 0.067089 0.229889 0.054273 0.299958 0.081280 0.062615 0.036771 0.075829 
0.056736 0.550325 0.019338 0.030011 0.033520 0.078567 0.013817 0.066024 0.015409 0.085818 0.050434 
0.021627 0.040754 0.018866 0.357247 0.050010 0.194710 0.030869 0.084074 0.046245 0.020850 0.134748 
0.048548 0.136734 0.019703 0.042194 0.089155 0.005223 0.052171 0.025878 0.010689 0.089783 0.479923 
0.003793 0.030752 0.413014 0.028193 0.082612 0.015905 0.039676 0.066952 0.011220 0.140580 0.167304 
0.023383 0.031377 0.000183 0.022265 0.084551 0.110743 0.039532 0.074830 0.264605 0.019532 0.328999 
0.078840 0.010798 0.023795 0.022117 0.033519 0.091854 0.015601 0.131487 0.014189 0.519302 0.058499 
0.230079 0.084084 0.010658 0.043361 0.160308 0.060348 0.055789 0.076328 0.011379 0.012149 0.255518 
0.083361 0.021699 0.018980 0.021175 0.072404 0.094219 0.022124 0.098972 0.006865 0.535595 0.024605 
0.019193 0.005915 0.000171 0.027505 0.251789 0.077910 0.285222 0.198511 0.008119 0.090522 0.035145 
0.025732 0.038899 0.010063 0.109388 0.050050 0.119782 0.038043 0.072197 0.016618 0.071251 0.447977 
0.008704 0.016868 0.020323 0.020925 0.222714 0.144542 0.289529 0.099354 0.029397 0.088673 0.058969 
0.014628 0.076220 0.000130 0.033953 0.228147 0.011721 0.108008 0.024276 0.010203 0.380895 0.111819 
0.067558 0.023284 0.012915 0.031467 0.190489 0.180382 0.104244 0.121202 0.000994 0.217270 0.050197 
0.021182 0.019597 0.041127 0.039942 0.021123 0.078496 0.046342 0.201107 0.003511 0.513107 0.014465 
0.061732 0.048719 0.000263 0.029094 0.086911 0.303039 0.032242 0.058921 0.000367 0.038907 0.339807 
0.033753 0.007037 0.000282 0.013684 0.187887 0.071104 0.588418 0.050906 0.004261 0.016257 0.026412 
0.029499 0.028861 0.013000 0.028609 0.124386 0.278974 0.023917 0.066860 0.015753 0.140279 0.249863 
0.063995 0.290598 0.009385 0.030101 0.134239 0.103915 0.091773 0.030852 0.004678 0.146247 0.094217 
0.007339 0.013561 0.027264 0.021205 0.086117 0.719990 0.005336 0.046624 0.029090 0.040022 0.003451 
0.016716 0.015953 0.032415 0.023915 0.126717 0.008082 0.054738 0.426111 0.005090 0.193488 0.096773 
0.017376 0.016112 0.000233 0.025257 0.232710 0.058033 0.107272 0.050849 0.005061 0.104529 0.382568 
0.052921 0.013856 0.017583 0.119002 0.254307 0.110056 0.118905 0.074403 0.063562 0.006845 0.168560 
0.195041 0.011489 0.000277 0.040802 0.088054 0.043470 0.035217 0.111035 0.002337 0.293196 0.179082 
0.051137 0.112373 0.027407 0.042564 0.202185 0.026587 0.046811 0.038965 0.012091 0.012424 0.427455 
0.406498 0.004451 0.027106 0.274142 0.018089 0.027393 0.007894 0.062751 0.060828 0.036075 0.074774 
0.001080 0.021239 0.000104 0.018290 0.339408 0.143436 0.228377 0.099822 0.006071 0.008789 0.133382 
0.000895 0.000237 0.000311 0.023393 0.231319 0.166773 0.295790 0.054913 0.006435 0.014233 0.205701 
0.033267 0.008677 0.084984 0.057843 0.050580 0.127522 0.045426 0.038567 0.281828 0.013705 0.257601 
0.001102 0.005962 0.000087 0.022018 0.344281 0.083096 0.318772 0.172384 0.009364 0.028771 0.014163 
0.002436 0.025779 0.076538 0.320472 0.320612 0.030066 0.024928 0.064437 0.044902 0.020364 0.069467 
0.027528 0.405076 0.004850 0.078265 0.231273 0.060605 0.053608 0.045368 0.018528 0.012134 0.062764 
0.004025 0.002244 0.000082 0.018923 0.302930 0.073900 0.202733 0.307858 0.010454 0.060471 0.016380 
0.007246 0.016612 0.018509 0.010471 0.340084 0.363400 0.044439 0.046929 0.047679 0.012103 0.092528 
0.027279 0.028736 0.006678 0.033433 0.393015 0.086547 0.062105 0.114411 0.026010 0.074627 0.147158 
0.020307 0.327556 0.000233 0.060091 0.158265 0.041719 0.162397 0.212852 0.000287 0.003659 0.012633 
0.026052 0.007478 0.031351 0.264641 0.012993 0.015912 0.005194 0.503116 0.067494 0.015503 0.050265 
0.020409 0.308720 0.000193 0.065910 0.044473 0.052240 0.001010 0.146439 0.002912 0.029204 0.328490 
0.094183 0.026086 0.074396 0.234407 0.110799 0.058960 0.278803 0.016599 0.027453 0.068031 0.010284 
0.011665 0.000159 0.000145 0.278930 0.177364 0.065802 0.193631 0.093154 0.127432 0.043518 0.008200 
0.072801 0.001161 0.000149 0.029877 0.181467 0.087649 0.025837 0.388476 0.007208 0.144488 0.060888 
0.016738 0.077782 0.030449 0.016805 0.236161 0.010797 0.179497 0.132995 0.016064 0.016419 0.266295 
0.010262 0.003003 0.015809 0.093665 0.030297 0.003707 0.297183 0.289613 0.195042 0.045541 0.015878 
0.068015 0.018259 0.013973 0.135628 0.019938 0.025604 0.001442 0.560919 0.000259 0.099310 0.056653 
0.087262 0.106784 0.011494 0.011309 0.058405 0.014380 0.023163 0.048564 0.011055 0.266094 0.361489 
0.022325 0.094669 0.012832 0.038402 0.095599 0.102384 0.065409 0.074321 0.018020 0.386853 0.089185 
0.040494 0.247204 0.381465 0.010352 0.032081 0.070577 0.063655 0.033407 0.001772 0.091897 0.027096 
0.047779 0.011598 0.004260 0.227027 0.142374 0.054736 0.027553 0.259023 0.051644 0.088926 0.085080 
0.070265 0.000229 0.000111 0.055153 0.096769 0.084507 0.024671 0.493478 0.008842 0.095136 0.070839 
0.006252 0.000931 0.003470 0.001566 0.342852 0.101913 0.437293 0.051219 0.013482 0.016515 0.024507 
0.194918 0.425347 0.013844 0.025575 0.022744 0.042627 0.006226 0.127945 0.006968 0.084153 0.049653 
0.026665 0.041704 0.012492 0.014503 0.262014 0.088594 0.078522 0.102527 0.071355 0.040395 0.261229 
0.197476 0.241090 0.016358 0.032592 0.064806 0.135175 0.036268 0.038677 0.010686 0.039901 0.186972 
0.059190 0.041814 0.047333 0.003042 0.280572 0.012381 0.079501 0.028361 0.006040 0.177065 0.264700 
0.001259 0.005080 0.000080 0.042054 0.144696 0.059332 0.223612 0.031943 0.451116 0.019186 0.021642 
0.195498 0.060369 0.003236 0.012251 0.095485 0.013884 0.036260 0.199215 0.012826 0.102396 0.268578 
0.030778 0.011629 0.023041 0.040444 0.022783 0.172208 0.094446 0.390089 0.000327 0.208211 0.006044 
0.029474 0.016350 0.000176 0.034079 0.193422 0.112376 0.180032 0.030686 0.057902 0.026425 0.319078 
0.050345 0.003421 0.000177 0.030660 0.080474 0.585993 0.023825 0.128724 0.001628 0.053613 0.041140 
0.030059 0.011878 0.233896 0.007071 0.286485 0.018376 0.271572 0.045944 0.002754 0.034712 0.057253 
0.135404 0.033635 0.011194 0.049807 0.030732 0.097508 0.291991 0.077404 0.182932 0.078684 0.010709 
0.027701 0.025924 0.016877 0.692032 0.015026 0.015090 0.001119 0.018991 0.146312 0.025250 0.015677 
0.027025 0.009994 0.297568 0.193334 0.094669 0.006974 0.025025 0.285866 0.009144 0.021083 0.029317 
0.063924 0.097745 0.044931 0.015761 0.232505 0.010329 0.042657 0.034532 0.121582 0.049261 0.286773 
0.113079 0.284688 0.001538 0.018363 0.017852 0.137263 0.019800 0.083927 0.027948 0.258367 0.037174 
0.012646 0.133419 0.017281 0.004760 0.350977 0.047327 0.262040 0.074389 0.011691 0.014270 0.071200 
0.033815 0.031074 0.000183 0.011833 0.382483 0.029945 0.046694 0.221684 0.029132 0.065738 0.147419 
0.045214 0.043733 0.001233 0.017208 0.456049 0.127765 0.039244 0.027886 0.077316 0.067902 0.096450 
0.093914 0.030384 0.000125 0.015578 0.334402 0.093060 0.031586 0.098241 0.034435 0.123283 0.144992 
0.062446 0.026425 0.166643 0.007057 0.198230 0.014122 0.293013 0.049541 0.009251 0.030351 0.142920 
0.018981 0.009354 0.007403 0.058389 0.030235 0.170640 0.008029 0.046488 0.454077 0.122346 0.074059 
0.107725 0.068160 0.028923 0.006896 0.196836 0.003394 0.062595 0.032290 0.001761 0.132239 0.359180 
0.082766 0.008060 0.000154 0.258530 0.096343 0.034008 0.025633 0.289063 0.021901 0.112478 0.071065 
0.037004 0.034145 0.693777 0.014206 0.004147 0.015451 0.027835 0.022442 0.000020 0.085331 0.065641 
0.002851 0.016707 0.035768 0.021546 0.049672 0.248735 0.012554 0.036751 0.036166 0.062270 0.476979 
0.036720 0.031780 0.007344 0.002601 0.488114 0.028422 0.070921 0.064131 0.125927 0.025637 0.118403 
0.049313 0.242745 0.043510 0.018626 0.180400 0.085799 0.070289 0.040677 0.009997 0.167899 0.090744 
0.002734 0.007191 0.000168 0.069707 0.030884 0.092103 0.140426 0.123857 0.303523 0.045914 0.183494 
0.002376 0.023110 0.013456 0.065701 0.315684 0.063865 0.284667 0.040566 0.042210 0.029763 0.118600 
0.005981 0.318595 0.023206 0.058583 0.230209 0.133600 0.055652 0.060739 0.043961 0.014998 0.054478 
0.034362 0.020692 0.128467 0.017495 0.130506 0.295596 0.146387 0.128515 0.001070 0.024024 0.072885 
0.050322 0.027130 0.015625 0.039639 0.231324 0.045585 0.067916 0.077654 0.033916 0.306088 0.104800 
0.408539 0.047652 0.003422 0.224993 0.070033 0.027412 0.047708 0.059622 0.027882 0.026796 0.055941 
0.041791 0.004010 0.000195 0.028417 0.107876 0.077026 0.418775 0.065743 0.005484 0.126900 0.123784 
0.051800 0.130750 0.085883 0.054582 0.343023 0.006528 0.132713 0.036714 0.010359 0.020387 0.127260 
0.004517 0.010086 0.060520 0.083919 0.005435 0.042650 0.012341 0.421696 0.233046 0.021544 0.104246 
0.021512 0.019845 0.022982 0.113710 0.075751 0.126689 0.012461 0.526041 0.000190 0.017628 0.063190 
0.008556 0.013049 0.344827 0.105847 0.015293 0.009189 0.007198 0.113892 0.264236 0.030798 0.087115 
0.083833 0.032798 0.000148 0.016734 0.018593 0.087302 0.001001 0.521981 0.025729 0.144279 0.067602 
0.058004 0.171673 0.212867 0.021573 0.076807 0.018283 0.087264 0.081134 0.001389 0.059375 0.211630 
0.028660 0.009578 0.132198 0.046138 0.149336 0.081570 0.042050 0.088871 0.009723 0.061117 0.350760 
0.059094 0.047186 0.004478 0.025711 0.099492 0.160402 0.362205 0.156341 0.003847 0.037064 0.044180 
0.017859 0.087853 0.079099 0.013572 0.321782 0.064341 0.075723 0.074879 0.002436 0.027464 0.234991 
0.041250 0.156496 0.012560 0.281516 0.119136 0.060232 0.083008 0.123498 0.026237 0.028893 0.067174 
0.033771 0.000463 0.012809 0.274944 0.097267 0.196581 0.055084 0.037247 0.048063 0.226661 0.017111 
0.016663 0.060181 0.000210 0.104976 0.121186 0.221194 0.033822 0.068468 0.206891 0.011080 0.155329 
0.052098 0.005826 0.021816 0.105266 0.176451 0.068171 0.035051 0.423045 0.000126 0.007074 0.105077 
0.002822 0.058079 0.000179 0.033001 0.215199 0.061296 0.103586 0.057863 0.035091 0.016679 0.416207 
0.043064 0.017966 0.012728 0.017995 0.129253 0.151512 0.205003 0.112856 0.004804 0.262916 0.041902 
0.081493 0.010441 0.041932 0.023071 0.389359 0.055840 0.237699 0.047413 0.004527 0.020168 0.088058 
0.044445 0.010792 0.753965 0.015042 0.003111 0.004064 0.016236 0.053372 0.009064 0.069754 0.020157 
0.110003 0.035921 0.381500 0.028804 0.054327 0.101557 0.010628 0.102358 0.000235 0.130140 0.044526 
0.002784 0.005023 0.000102 0.011814 0.196804 0.025013 0.015027 0.359961 0.023535 0.227919 0.132017 
0.009596 0.009689 0.000200 0.096336 0.013459 0.401188 0.005112 0.019609 0.258198 0.172640 0.013974 
0.119422 0.362573 0.014555 0.018640 0.086453 0.006736 0.059425 0.033639 0.004955 0.004602 0.289000 
0.197200 0.017224 0.020838 0.028574 0.107117 0.174736 0.030304 0.056486 0.003547 0.319324 0.044649 
0.100183 0.011103 0.004266 0.054162 0.121934 0.085396 0.022224 0.446480 0.007820 0.063622 0.082810 
0.005062 0.030515 0.000256 0.026259 0.039177 0.097865 0.015610 0.040297 0.007415 0.175680 0.561864 
0.019078 0.046227 0.000309 0.019738 0.460712 0.029457 0.096060 0.033656 0.021728 0.043403 0.229630 
0.053628 0.215397 0.032609 0.007502 0.133407 0.002492 0.034460 0.032021 0.004268 0.045799 0.438417 
0.000558 0.003975 0.000105 0.145996 0.139768 0.040898 0.044094 0.061268 0.249233 0.098378 0.215728 
0.449976 0.002655 0.006751 0.028008 0.106025 0.015155 0.023904 0.079870 0.025447 0.147587 0.114621 
0.016190 0.003278 0.029532 0.065930 0.154474 0.086812 0.089751 0.050538 0.089275 0.380679 0.033543 
0.031476 0.016437 0.009253 0.022322 0.389137 0.050786 0.040854 0.039220 0.045709 0.234292 0.120514 
0.009511 0.033749 0.004738 0.014513 0.367050 0.091494 0.061380 0.064658 0.042780 0.139467 0.170661 
0.298768 0.018339 0.025495 0.028124 0.231084 0.052276 0.058328 0.085677 0.014915 0.014230 0.172764 
0.183821 0.427771 0.013430 0.018022 0.052241 0.148157 0.037581 0.060387 0.003179 0.005180 0.050231 
0.004192 0.026198 0.030661 0.036727 0.246540 0.143987 0.036806 0.018092 0.274528 0.012201 0.170068 
0.005468 0.095522 0.201929 0.017718 0.057124 0.032851 0.022971 0.028007 0.000961 0.479624 0.057825 
0.006100 0.197535 0.018926 0.041872 0.066739 0.385203 0.010504 0.073677 0.011071 0.143212 0.045161 
0.487905 0.022598 0.113812 0.020081 0.030926 0.018036 0.052413 0.073132 0.007486 0.020644 0.152966 
0.064130 0.076723 0.042409 0.058998 0.191141 0.096467 0.039989 0.160713 0.017126 0.012783 0.239522 
0.246529 0.065826 0.283640 0.015539 0.008911 0.163200 0.028297 0.057190 0.000371 0.094092 0.036403 
0.022614 0.035153 0.577856 0.046363 0.105835 0.019004 0.015839 0.028838 0.076634 0.030565 0.041299 
0.012598 0.009150 0.000239 0.029021 0.081546 0.186642 0.071627 0.086695 0.042024 0.125028 0.355429 
0.195869 0.007087 0.027008 0.020897 0.049463 0.254369 0.017468 0.179465 0.043632 0.178439 0.026303 
0.020946 0.068316 0.027807 0.032727 0.087247 0.027311 0.016983 0.098482 0.234999 0.179110 0.206072 
0.022460 0.005758 0.008296 0.574939 0.123362 0.021421 0.023412 0.036428 0.036063 0.109497 0.038364 
0.130291 0.111046 0.004836 0.008477 0.163503 0.104352 0.110462 0.054534 0.008997 0.031226 0.272277 
0.097107 0.124255 0.001298 0.022192 0.244703 0.141549 0.219935 0.016949 0.008882 0.077747 0.045384 
0.087861 0.017008 0.009857 0.174251 0.102752 0.120082 0.078127 0.045040 0.055046 0.281053 0.028925 
0.026074 0.005705 0.000147 0.100608 0.012144 0.028424 0.022527 0.675512 0.007297 0.114896 0.006665 
0.043365 0.053870 0.112012 0.080119 0.082494 0.126598 0.038821 0.110431 0.005377 0.219442 0.127471 
0.010938 0.068696 0.049630 0.385445 0.026631 0.009128 0.015857 0.023599 0.036284 0.142503 0.231289 
0.014078 0.066738 0.000198 0.035590 0.215024 0.044615 0.119502 0.054281 0.047533 0.022817 0.379625 
0.030704 0.019844 0.000140 0.005946 0.032703 0.026776 0.027647 0.040522 0.012588 0.659126 0.144004 
0.010317 0.292519 0.007278 0.022858 0.325268 0.061765 0.027250 0.037150 0.106471 0.013295 0.095830 
0.054048 0.044502 0.027913 0.112580 0.039900 0.032697 0.545674 0.058113 0.027182 0.016719 0.040673 
0.057976 0.017098 0.029804 0.011387 0.196446 0.068640 0.503328 0.028404 0.001614 0.043412 0.041891 
0.020091 0.176477 0.347697 0.215623 0.053276 0.023049 0.037052 0.028021 0.026650 0.038561 0.033502 
0.180466 0.045547 0.491749 0.013282 0.015159 0.039384 0.022308 0.092052 0.002414 0.041131 0.056509 
0.023151 0.042935 0.009359 0.030010 0.143541 0.090419 0.048356 0.044869 0.015392 0.208472 0.343495 
0.039280 0.347984 0.120710 0.025623 0.025327 0.012271 0.009516 0.147959 0.006575 0.069521 0.195234 
0.061285 0.026679 0.038156 0.021671 0.184791 0.109317 0.065422 0.156570 0.025302 0.259126 0.051682 
0.225838 0.007244 0.012437 0.311165 0.018286 0.002838 0.023537 0.313047 0.006350 0.012982 0.066277 
0.096591 0.018339 0.009034 0.042145 0.021879 0.076629 0.053221 0.070749 0.375680 0.203140 0.032593 
0.031901 0.017776 0.379093 0.015131 0.215456 0.010988 0.176359 0.017586 0.050243 0.030682 0.054785 
0.044476 0.051120 0.005796 0.257496 0.099589 0.157908 0.019147 0.181930 0.039761 0.042503 0.100273 
0.004363 0.002190 0.003411 0.240767 0.011540 0.082452 0.008369 0.469286 0.119305 0.055446 0.002872 
0.003998 0.025717 0.024490 0.014956 0.223289 0.289557 0.034634 0.054467 0.021735 0.229285 0.077871 
0.012717 0.111292 0.244309 0.060803 0.159723 0.070799 0.064031 0.046471 0.016984 0.168407 0.044466 
0.104991 0.004785 0.254851 0.031349 0.088625 0.074013 0.013075 0.051070 0.138404 0.116066 0.122771 
0.077781 0.014510 0.023559 0.070718 0.030556 0.393615 0.018964 0.204869 0.033830 0.078638 0.052960 
0.054064 0.074353 0.058736 0.019354 0.175949 0.158236 0.076089 0.134152 0.008721 0.054686 0.185661 
0.119220 0.136113 0.026174 0.032392 0.064172 0.153436 0.115087 0.120460 0.003076 0.167930 0.061941 
0.040410 0.023150 0.041047 0.031777 0.019910 0.112815 0.036056 0.115971 0.000172 0.564872 0.013821 
0.217282 0.037320 0.000195 0.012964 0.073176 0.195683 0.026656 0.051678 0.002974 0.176375 0.205698 
0.073263 0.006815 0.047161 0.121894 0.021181 0.066986 0.006458 0.101747 0.431340 0.121128 0.002027 
0.032694 0.067008 0.089393 0.020437 0.086959 0.522429 0.065523 0.063122 0.007789 0.025049 0.019597 
0.518310 0.010802 0.000257 0.026985 0.043861 0.067896 0.039814 0.101755 0.007015 0.024729 0.158577 
0.125048 0.016629 0.005618 0.031614 0.256203 0.135235 0.024409 0.141187 0.020400 0.177706 0.065952 
0.001606 0.120888 0.005196 0.029857 0.025694 0.067127 0.007550 0.494978 0.004746 0.064513 0.177843 
0.070349 0.045930 0.433779 0.014425 0.056692 0.067615 0.031719 0.062034 0.005453 0.109883 0.102122 
0.049999 0.164074 0.006787 0.042487 0.181700 0.059259 0.105416 0.044665 0.004748 0.272075 0.068790 
0.015467 0.001051 0.000192 0.655248 0.004113 0.003742 0.223455 0.036399 0.044815 0.009084 0.006435 
0.047700 0.012134 0.000188 0.020269 0.195613 0.024012 0.582410 0.017927 0.004669 0.026039 0.069039 
0.250628 0.033611 0.008570 0.030357 0.268992 0.042912 0.052327 0.061792 0.109271 0.016399 0.125141 
0.015438 0.052373 0.003797 0.030954 0.052014 0.035224 0.039209 0.491372 0.022304 0.056025 0.201291 
0.264086 0.008287 0.017381 0.076848 0.048904 0.461286 0.024277 0.043701 0.008507 0.029707 0.017016 
0.002145 0.011790 0.000175 0.174293 0.088705 0.033711 0.016767 0.035221 0.020220 0.541399 0.075575 
0.003856 0.080359 0.000155 0.542564 0.133194 0.047072 0.065394 0.026453 0.062560 0.009740 0.028651 
0.048780 0.008674 0.000184 0.012507 0.240066 0.133082 0.240764 0.186777 0.007327 0.077732 0.044107 
0.041684 0.012231 0.041093 0.045338 0.063779 0.123922 0.451016 0.026782 0.000757 0.127818 0.065579 
0.005609 0.042393 0.055473 0.007566 0.409603 0.039094 0.054169 0.186892 0.046428 0.064347 0.088425 
0.082222 0.046706 0.018460 0.007314 0.077343 0.046836 0.042383 0.067804 0.002248 0.435194 0.173490 
0.067374 0.126361 0.065986 0.005002 0.139860 0.006536 0.019245 0.048315 0.014120 0.038772 0.468428 
0.032829 0.017290 0.051582 0.153926 0.047423 0.331416 0.024281 0.145405 0.031538 0.086771 0.077540 
0.119854 0.003944 0.006540 0.041530 0.054803 0.087323 0.540027 0.081434 0.002602 0.052235 0.009707 
0.356909 0.030844 0.124017 0.002981 0.017669 0.167653 0.009926 0.079355 0.048716 0.133930 0.028001 
0.073500 0.004263 0.040283 0.033418 0.180053 0.539244 0.023450 0.016002 0.006768 0.046516 0.036504 
0.001232 0.005283 0.000192 0.018115 0.181718 0.212815 0.237235 0.109808 0.002825 0.024174 0.206605 
0.216415 0.129605 0.000138 0.028868 0.087935 0.083922 0.022589 0.290856 0.007886 0.046800 0.084986 
0.031468 0.242741 0.006086 0.036840 0.052984 0.079296 0.041474 0.209025 0.011317 0.049925 0.238843 
0.016860 0.291418 0.090766 0.248976 0.151944 0.017193 0.022063 0.042169 0.024582 0.016902 0.077129 
0.032537 0.024335 0.474410 0.030797 0.024391 0.150360 0.016279 0.198372 0.003039 0.016558 0.028924 
0.007383 0.060149 0.000243 0.663843 0.025245 0.015949 0.015025 0.027293 0.098439 0.068502 0.017928 
0.003032 0.020426 0.000222 0.053044 0.065415 0.146811 0.025659 0.063890 0.016435 0.244892 0.360175 
0.058534 0.107345 0.054601 0.012116 0.023763 0.042582 0.142239 0.069613 0.002539 0.419812 0.066858 
0.001496 0.071169 0.000168 0.017180 0.264705 0.055791 0.028059 0.115534 0.018678 0.023494 0.403725 
0.020980 0.125170 0.022591 0.006956 0.195853 0.009659 0.092975 0.057617 0.015177 0.016916 0.436108 
0.034971 0.047232 0.241565 0.010515 0.056843 0.059669 0.024071 0.249643 0.003102 0.208291 0.064099 
0.032093 0.001642 0.019069 0.035007 0.056078 0.207533 0.543234 0.048707 0.012898 0.012794 0.030945 
0.018808 0.027625 0.007813 0.215685 0.097846 0.016751 0.016985 0.091304 0.389801 0.011658 0.105725 
0.017870 0.034841 0.020486 0.054323 0.052204 0.102549 0.055060 0.064753 0.164976 0.344362 0.088576 
0.045888 0.355125 0.000301 0.025879 0.117377 0.052420 0.159157 0.038981 0.013137 0.026407 0.165328 
0.044844 0.390988 0.009257 0.023416 0.245146 0.027564 0.075864 0.025341 0.000074 0.002918 0.154589 
0.017166 0.015988 0.020738 0.303945 0.022985 0.014404 0.001936 0.550811 0.000189 0.002067 0.049772 
0.012420 0.017482 0.000253 0.030753 0.190769 0.087457 0.051391 0.430759 0.002178 0.069688 0.106850 
0.064924 0.050626 0.000146 0.019752 0.172467 0.223411 0.037717 0.083450 0.008264 0.192901 0.146343 
0.139663 0.046561 0.009556 0.017645 0.382999 0.019957 0.073778 0.053772 0.028709 0.110641 0.116719 
0.162711 0.003387 0.039314 0.088373 0.115680 0.136335 0.166909 0.035934 0.138825 0.108021 0.004509 
