-1973201.658649
0
0.000000 0.000000 0.000000 0.000000 0.000000 0.000000 0.000442 0.000000 0.004967 0.000000 0.003836 0.000000 0.000000 0.000000 0.000000 0.000637 0.000561 0.000000 0.000000 0.001085 0.000000 0.000000 0.000000 0.000000 0.001408 0.000000 0.000000 0.000000 0.000000 0.000000 0.000000 0.000000 0.022382 0.000000 0.008978 0.006168 0.000000 0.000000 0.000000 0.000000 0.000513 0.000000 0.000000 0.000000 0.000000 0.000000 0.000000 0.000000 0.000000 0.000000 0.000000 0.000000 0.000000 0.000000 0.000000 0.000000 0.001368 0.000000 0.000000 0.000000 0.000000 0.000000 0.000000 0.000000 0.000000 0.000000 0.000000 0.001093 0.000000 0.000000 0.000000 0.000364 0.011780 0.006885 0.002056 0.006287 0.014054 0.000000 0.000716 0.037493 0.457837 0.109522 0.064837 0.232378 0.000000 0.000000 0.000000 0.000429 0.000627 0.000000 0.000000 0.000409 0.000000 0.000173 0.000711 0.000000 
0.028799 0.024787 0.000933 0.018708 0.020905 0.009724 0.002520 0.018964 0.018021 0.002906 0.008954 0.014705 0.016757 0.012438 0.014671 0.021712 0.034077 0.010814 0.012316 0.038197 0.017236 0.003545 0.010901 0.009357 0.009637 0.009373 0.000000 0.000000 0.012898 0.011474 0.002690 0.018897 0.014274 0.001854 0.002774 0.020451 0.012613 0.014454 0.015527 0.019909 0.011548 0.011967 0.000000 0.015298 0.009575 0.004894 0.008894 0.000000 0.005897 0.012842 0.000000 0.002121 0.010102 0.008417 0.000000 0.014190 0.006249 0.000000 0.000000 0.003958 0.008179 0.006169 0.009373 0.012157 0.007149 0.006231 0.003850 0.010837 0.004886 0.002739 0.011195 0.004563 0.016133 0.010201 0.000000 0.005191 0.000000 0.008386 0.000241 0.005145 0.000000 0.000000 0.000000 0.007643 0.022172 0.011786 0.014495 0.024065 0.013750 0.011113 0.005049 0.023502 0.024201 0.007919 0.013786 0.023169 
0.000000 0.000000 0.000000 0.000000 0.000588 0.001163 0.000000 0.000799 0.017214 0.005071 0.000000 0.005607 0.002726 0.006278 0.002187 0.004979 0.064594 0.035083 0.076190 0.034183 0.000000 0.000203 0.000895 0.000000 0.014173 0.017717 0.006233 0.029040 0.000000 0.000000 0.000000 0.000000 0.017419 0.004444 0.002839 0.015605 0.001438 0.010903 0.002952 0.003533 0.033041 0.038187 0.074942 0.030062 0.000000 0.009000 0.013119 0.000000 0.000000 0.002017 0.002394 0.000000 0.000000 0.000823 0.000000 0.000000 0.024790 0.018787 0.000000 0.022845 0.000468 0.003880 0.001956 0.000918 0.044176 0.023300 0.049489 0.031192 0.000000 0.001652 0.000000 0.002363 0.000000 0.005197 0.002582 0.000000 0.000000 0.000617 0.000000 0.000000 0.011124 0.000000 0.000000 0.001291 0.002475 0.010042 0.001726 0.005079 0.042807 0.034447 0.038617 0.027965 0.000000 0.002573 0.000000 0.000000 
0.053676 0.025290 0.012010 0.029086 0.003904 0.003435 0.002872 0.005525 0.008550 0.001526 0.000000 0.006153 0.003498 0.001863 0.007083 0.003330 0.002621 0.000000 0.002263 0.003133 0.000000 0.000429 0.002711 0.000000 0.082643 0.046654 0.014184 0.048866 0.004289 0.007514 0.006270 0.007988 0.010025 0.003415 0.008618 0.008235 0.003776 0.008993 0.021871 0.008182 0.000000 0.001871 0.002630 0.000000 0.000000 0.000689 0.004992 0.001405 0.095038 0.031718 0.016947 0.063595 0.003675 0.003982 0.004057 0.003073 0.001960 0.000000 0.000000 0.000000 0.004468 0.003953 0.007097 0.006098 0.000000 0.000000 0.003127 0.000000 0.000353 0.000000 0.007242 0.000816 0.056648 0.057996 0.014334 0.095622 0.000000 0.008936 0.002537 0.000915 0.000000 0.000000 0.000000 0.001069 0.004780 0.003792 0.004438 0.005795 0.000000 0.001467 0.000645 0.000000 0.000000 0.001767 0.000000 0.000000 
0.000000 0.000000 0.000000 0.006605 0.000000 0.000000 0.000000 0.000000 0.000003 0.000000 0.014723 0.003857 0.000000 0.000000 0.000000 0.000607 0.002402 0.005071 0.001254 0.002989 0.000000 0.004588 0.001457 0.015181 0.000000 0.000000 0.000000 0.009121 0.000000 0.000000 0.000000 0.000000 0.000003 0.000000 0.010318 0.000396 0.000000 0.000000 0.000000 0.000000 0.000000 0.000730 0.000000 0.000000 0.002587 0.000551 0.001272 0.011916 0.000000 0.001332 0.000000 0.005686 0.000000 0.000000 0.000000 0.000000 0.000000 0.004988 0.023366 0.007492 0.000000 0.000000 0.000000 0.000000 0.005721 0.008183 0.004396 0.014377 0.000000 0.001287 0.000255 0.000000 0.043893 0.008978 0.002817 0.350327 0.000000 0.000000 0.000000 0.000000 0.000000 0.020830 0.243638 0.037767 0.000000 0.000483 0.000000 0.003055 0.003631 0.010457 0.005408 0.010633 0.006473 0.008623 0.002167 0.068104 
0.000000 0.000505 0.000000 0.000000 0.006102 0.001086 0.000000 0.003893 0.002372 0.002513 0.000000 0.000001 0.000000 0.000000 0.000000 0.000001 0.000000 0.000000 0.000000 0.000000 0.000000 0.000996 0.000353 0.000000 0.000846 0.000000 0.000000 0.000000 0.008383 0.000000 0.000000 0.006700 0.001102 0.000000 0.000005 0.000003 0.000000 0.000000 0.000000 0.000000 0.000000 0.000000 0.000000 0.000000 0.000000 0.000000 0.000466 0.000000 0.000000 0.000000 0.000241 0.000000 0.001498 0.001208 0.000000 0.004699 0.003451 0.001055 0.000000 0.000000 0.000000 0.000674 0.001584 0.000000 0.000000 0.000000 0.000000 0.000000 0.000000 0.000000 0.000000 0.000000 0.048756 0.017957 0.001357 0.012247 0.314885 0.073682 0.011288 0.392615 0.075536 0.000000 0.000000 0.001939 0.000000 0.000000 0.000000 0.000000 0.000000 0.000000 0.000000 0.000000 0.000000 0.000000 0.000000 0.000000 
0.000000 0.001003 0.000000 0.000000 0.000891 0.000000 0.000000 0.000980 0.011581 0.075965 0.000000 0.043394 0.000584 0.000000 0.001642 0.001048 0.000000 0.000383 0.001338 0.001381 0.000000 0.000000 0.000315 0.000000 0.000000 0.002473 0.000000 0.001973 0.000000 0.000541 0.000374 0.000000 0.063741 0.156418 0.016332 0.116364 0.000000 0.001891 0.000157 0.001237 0.000345 0.000000 0.000000 0.001264 0.000000 0.000797 0.000466 0.000000 0.000000 0.000000 0.000000 0.000000 0.000000 0.000000 0.000000 0.000000 0.015103 0.068092 0.000000 0.054384 0.000000 0.000000 0.000316 0.000000 0.000000 0.000000 0.000000 0.006614 0.000000 0.000000 0.001815 0.000000 0.000000 0.003314 0.000000 0.000000 0.000000 0.001068 0.000000 0.000000 0.013733 0.211876 0.035660 0.077315 0.000000 0.000000 0.000000 0.003517 0.000000 0.000000 0.001462 0.000000 0.000000 0.000851 0.000000 0.000000 
0.000000 0.000000 0.000000 0.002985 0.000000 0.000000 0.000000 0.000000 0.008447 0.001744 0.007025 0.005091 0.000000 0.000000 0.000000 0.001579 0.000000 0.006263 0.000000 0.000000 0.000000 0.009873 0.003909 0.039943 0.000000 0.000000 0.000000 0.002003 0.000498 0.000000 0.000000 0.000000 0.016113 0.000000 0.010305 0.005560 0.000000 0.007839 0.001909 0.033713 0.007104 0.044177 0.029886 0.120319 0.000000 0.023021 0.015675 0.319654 0.005832 0.000872 0.000000 0.008650 0.000000 0.000000 0.000000 0.000495 0.000000 0.000000 0.002717 0.000000 0.000000 0.003085 0.002204 0.004602 0.000000 0.008687 0.000913 0.006448 0.000000 0.009689 0.005159 0.076306 0.000000 0.000004 0.001616 0.000000 0.000000 0.000000 0.000000 0.000756 0.000000 0.004949 0.000000 0.010519 0.000000 0.000521 0.000000 0.001430 0.000000 0.008799 0.005507 0.009931 0.000000 0.011268 0.004404 0.080001 
0.000027 0.004093 0.000233 0.012571 0.000799 0.001178 0.000000 0.001603 0.035136 0.022035 0.125904 0.018291 0.000617 0.003754 0.000000 0.006150 0.000000 0.003244 0.005994 0.000403 0.000000 0.001146 0.000229 0.003137 0.004681 0.015948 0.003014 0.078115 0.000000 0.000000 0.000000 0.000000 0.004356 0.008272 0.082260 0.007602 0.000000 0.000858 0.000000 0.000000 0.000000 0.001044 0.007664 0.000000 0.000000 0.002486 0.001470 0.003033 0.000000 0.008218 0.000000 0.034445 0.000556 0.001395 0.000000 0.000574 0.068996 0.095160 0.161200 0.070332 0.000000 0.002162 0.000403 0.002516 0.009409 0.018063 0.007057 0.004631 0.000000 0.001648 0.002296 0.007275 0.000000 0.006042 0.000265 0.000000 0.000000 0.000000 0.000000 0.000000 0.000515 0.000000 0.021209 0.001709 0.000000 0.000000 0.000000 0.000000 0.000000 0.002291 0.003302 0.000000 0.000000 0.000000 0.000980 0.000000 
0.085353 0.079584 0.080782 0.044491 0.060353 0.000197 0.296958 0.006256 0.346025 
0.116503 0.045472 0.028330 0.480308 0.051520 0.006189 0.195388 0.016203 0.060088 
0.037308 0.039603 0.176118 0.246768 0.064463 0.015843 0.040365 0.000905 0.378627 
0.023947 0.098186 0.044389 0.240665 0.036032 0.005050 0.192291 0.283408 0.076032 
0.075747 0.219423 0.124496 0.026817 0.073804 0.013633 0.149887 0.013088 0.303105 
0.010125 0.008169 0.230738 0.036299 0.045019 0.000019 0.086164 0.042799 0.540667 
0.048764 0.115537 0.279751 0.235993 0.009301 0.010459 0.202383 0.017649 0.080163 
0.806784 0.025968 0.064291 0.025956 0.001877 0.052813 0.015305 0.000297 0.006708 
0.181114 0.033464 0.045459 0.100506 0.006263 0.129795 0.466856 0.004601 0.031942 
0.019387 0.115614 0.103293 0.038617 0.309667 0.138430 0.018609 0.157077 0.099307 
0.018681 0.009884 0.089085 0.019072 0.006345 0.137770 0.161707 0.020123 0.537333 
0.136678 0.283294 0.218179 0.018250 0.135636 0.017814 0.145816 0.040349 0.003986 
0.312384 0.104222 0.299361 0.046928 0.011750 0.031992 0.075469 0.013303 0.104592 
0.019065 0.124835 0.085919 0.048266 0.233293 0.000977 0.210230 0.043464 0.233950 
0.643479 0.039895 0.030359 0.016523 0.001663 0.039935 0.071044 0.007328 0.149775 
0.101167 0.243279 0.430419 0.046323 0.016378 0.014309 0.072185 0.049986 0.025955 
0.037855 0.329458 0.326025 0.073811 0.029455 0.028360 0.035002 0.044162 0.095872 
0.118802 0.179149 0.078623 0.060091 0.023741 0.035797 0.265149 0.089027 0.149622 
0.291258 0.044084 0.041090 0.237854 0.007898 0.069830 0.282222 0.016133 0.009632 
0.020677 0.365122 0.026032 0.214566 0.052919 0.006531 0.025406 0.011337 0.277410 
0.033547 0.016142 0.113094 0.032875 0.089942 0.000269 0.073035 0.013601 0.627496 
0.310968 0.042708 0.102313 0.038483 0.020631 0.024082 0.084626 0.004888 0.371300 
0.034581 0.102473 0.045487 0.527535 0.061465 0.116334 0.009291 0.084346 0.018490 
0.005871 0.036907 0.100778 0.085766 0.066447 0.005678 0.199022 0.006213 0.493318 
0.001954 0.046832 0.431686 0.101509 0.084669 0.004511 0.053304 0.001040 0.274495 
0.039462 0.110742 0.094859 0.061108 0.058246 0.059583 0.058455 0.007645 0.509900 
0.020115 0.003607 0.064773 0.310760 0.025556 0.002337 0.053176 0.016717 0.502959 
0.074803 0.402161 0.072935 0.017869 0.123957 0.021482 0.071384 0.110732 0.104677 
0.017312 0.003849 0.048181 0.026265 0.798558 0.015742 0.033697 0.001585 0.054811 
0.011715 0.349474 0.092270 0.169821 0.011771 0.030862 0.127069 0.012352 0.194666 
0.070927 0.521677 0.079125 0.099386 0.000673 0.084987 0.097891 0.009495 0.035838 
0.023863 0.355282 0.194409 0.056267 0.031928 0.019313 0.132667 0.042424 0.143846 
0.016187 0.011290 0.200148 0.048529 0.032317 0.004366 0.049305 0.002050 0.635809 
0.165389 0.083079 0.111679 0.069708 0.043257 0.097592 0.102887 0.000814 0.325594 
0.372309 0.305733 0.060013 0.008736 0.048497 0.038298 0.053703 0.056253 0.056457 
0.261771 0.032763 0.295061 0.020939 0.225011 0.089725 0.032171 0.022975 0.019584 
0.020905 0.248829 0.293515 0.070954 0.133926 0.016191 0.122228 0.044563 0.048890 
0.063446 0.224718 0.081315 0.031407 0.031882 0.033758 0.039889 0.268625 0.224961 
0.012803 0.037420 0.466406 0.081654 0.204820 0.002069 0.125652 0.027262 0.041914 
0.025155 0.218656 0.025790 0.121133 0.093892 0.009053 0.416432 0.024406 0.065483 
0.005516 0.030352 0.088794 0.248239 0.070968 0.001830 0.088779 0.014425 0.451096 
0.067749 0.242759 0.288329 0.097087 0.010143 0.013787 0.176765 0.054928 0.048454 
0.029363 0.065751 0.098846 0.097683 0.003117 0.024898 0.559921 0.002759 0.117662 
0.018904 0.345847 0.146981 0.107878 0.004574 0.038703 0.207757 0.020231 0.109126 
0.034405 0.003087 0.006427 0.013903 0.009917 0.267680 0.554321 0.001911 0.108349 
0.012597 0.276666 0.127299 0.234996 0.021796 0.014521 0.040829 0.161254 0.110042 
0.259373 0.127230 0.053582 0.014580 0.023908 0.015518 0.475468 0.008337 0.022004 
0.083024 0.015781 0.244775 0.059800 0.007887 0.000097 0.290069 0.007254 0.291314 
0.049924 0.155262 0.195431 0.088405 0.024686 0.296442 0.024315 0.032204 0.133331 
0.013584 0.422962 0.102701 0.003532 0.083658 0.006301 0.099594 0.104454 0.163214 
0.180425 0.276762 0.071885 0.057013 0.148303 0.043543 0.151232 0.024673 0.046164 
0.169511 0.161649 0.291380 0.079197 0.132757 0.023223 0.066100 0.033775 0.042407 
0.021669 0.033089 0.185721 0.054502 0.301956 0.011236 0.067028 0.013967 0.310832 
0.006930 0.062425 0.145597 0.133500 0.056732 0.010295 0.062743 0.047800 0.473979 
0.024494 0.251305 0.254337 0.075819 0.004738 0.040605 0.263717 0.038776 0.046209 
0.403532 0.072476 0.042242 0.120822 0.001034 0.271960 0.048379 0.004346 0.035209 
0.049663 0.003264 0.059703 0.059446 0.038400 0.004400 0.196041 0.060420 0.528662 
0.033089 0.032333 0.057258 0.027304 0.160348 0.020841 0.034310 0.582643 0.051875 
0.374539 0.161080 0.052078 0.122272 0.029358 0.038185 0.070705 0.012592 0.139189 
0.018887 0.033627 0.057615 0.166065 0.202493 0.054341 0.047953 0.340462 0.078558 
0.008790 0.007600 0.050922 0.018101 0.057586 0.000020 0.475924 0.014141 0.366916 
0.030473 0.190725 0.076789 0.128087 0.068032 0.010105 0.082111 0.011512 0.402165 
0.038504 0.139295 0.279239 0.036655 0.014530 0.004564 0.074782 0.237971 0.174460 
0.047047 0.086445 0.271886 0.043192 0.069633 0.167780 0.093914 0.002934 0.217169 
0.064088 0.146048 0.041739 0.009329 0.039706 0.324784 0.058441 0.002023 0.313843 
0.017534 0.095763 0.083677 0.026494 0.461693 0.003576 0.104790 0.009387 0.197086 
0.058136 0.004422 0.081981 0.604097 0.032526 0.150148 0.009635 0.003568 0.055486 
0.087524 0.141034 0.076612 0.046608 0.046522 0.000245 0.421241 0.086106 0.094108 
0.052235 0.182345 0.051369 0.025171 0.077964 0.003358 0.104964 0.004079 0.498517 
0.016602 0.230750 0.074239 0.380093 0.029487 0.004287 0.047537 0.023138 0.193867 
0.104133 0.291231 0.074780 0.134899 0.123011 0.076331 0.126911 0.020081 0.048622 
0.010782 0.089583 0.157722 0.119097 0.039248 0.091004 0.102842 0.025134 0.364588 
0.247295 0.082991 0.222317 0.084089 0.018160 0.030032 0.156114 0.044188 0.114814 
0.752281 0.041460 0.023042 0.006498 0.010343 0.047137 0.099169 0.013474 0.006596 
0.012736 0.433260 0.126600 0.008722 0.078080 0.024828 0.012571 0.134107 0.169095 
0.014164 0.126428 0.421314 0.045448 0.008216 0.009740 0.114402 0.037580 0.222709 
0.128284 0.007395 0.103483 0.526728 0.070821 0.011388 0.035852 0.072532 0.043518 
0.044143 0.009456 0.183450 0.184867 0.010814 0.015454 0.076931 0.011937 0.462948 
0.024553 0.295078 0.067652 0.095817 0.051047 0.003764 0.085497 0.076817 0.299775 
0.023877 0.088308 0.061648 0.116099 0.150041 0.017372 0.056138 0.007253 0.479262 
0.048575 0.267515 0.033805 0.516272 0.001256 0.011171 0.052011 0.002295 0.067099 
0.012496 0.031885 0.055276 0.042160 0.388927 0.000021 0.224138 0.188812 0.056285 
0.040557 0.014632 0.067740 0.025896 0.082007 0.000291 0.667620 0.005122 0.096135 
0.011584 0.051337 0.265819 0.027889 0.015519 0.000266 0.037302 0.021490 0.568794 
0.036711 0.142652 0.096723 0.502621 0.016579 0.016863 0.114316 0.005458 0.068078 
0.028927 0.135336 0.071035 0.046193 0.156294 0.007145 0.083925 0.018524 0.452621 
0.022001 0.213770 0.362306 0.044470 0.043795 0.003104 0.097855 0.010193 0.202507 
0.027723 0.060720 0.056891 0.105181 0.230158 0.124304 0.072065 0.032023 0.290934 
0.057625 0.005792 0.068434 0.018173 0.004668 0.002349 0.574025 0.013450 0.255484 
0.068255 0.006004 0.087731 0.007342 0.034463 0.416799 0.047862 0.002112 0.329431 
0.087655 0.067158 0.032670 0.129994 0.002345 0.561519 0.014145 0.024421 0.080092 
0.093952 0.272485 0.033422 0.023623 0.092831 0.000215 0.216702 0.147705 0.119065 
0.010451 0.208694 0.386375 0.062657 0.028952 0.025265 0.061518 0.028061 0.188027 
0.016510 0.256073 0.205654 0.070028 0.004492 0.037049 0.167080 0.154649 0.088466 
0.123215 0.041317 0.060273 0.037631 0.029424 0.142430 0.208504 0.009943 0.347262 
0.675304 0.059080 0.024646 0.005848 0.024622 0.081932 0.018053 0.007708 0.102807 
0.022349 0.139123 0.652337 0.097935 0.012903 0.005826 0.025515 0.022480 0.021533 
0.016478 0.432673 0.141995 0.073053 0.087069 0.017236 0.029545 0.113935 0.088017 
0.027169 0.491675 0.072934 0.115389 0.001254 0.047322 0.057889 0.016955 0.169413 
0.011119 0.249121 0.292944 0.049269 0.145709 0.007128 0.080654 0.026900 0.137156 
0.056957 0.049303 0.302762 0.104000 0.014811 0.009192 0.245154 0.013291 0.204530 
0.011976 0.449850 0.065603 0.091789 0.176621 0.040288 0.084814 0.061698 0.017361 
0.015401 0.188912 0.379759 0.010497 0.011660 0.048468 0.131301 0.116826 0.097177 
0.067288 0.190910 0.060301 0.391001 0.029068 0.065719 0.087420 0.040128 0.068163 
0.029740 0.056399 0.071745 0.022988 0.034758 0.015273 0.068049 0.552129 0.148920 
0.357482 0.139579 0.143084 0.049232 0.024634 0.046237 0.094507 0.040268 0.104976 
0.041670 0.424639 0.185216 0.030649 0.050127 0.009792 0.015346 0.139143 0.103417 
0.026198 0.134308 0.120061 0.055327 0.453264 0.011592 0.073038 0.028007 0.098206 
0.017306 0.130069 0.357972 0.065424 0.010307 0.267795 0.071674 0.033128 0.046326 
0.019780 0.030670 0.116954 0.037179 0.052798 0.014655 0.129273 0.005609 0.593082 
0.047050 0.259185 0.189354 0.061904 0.046933 0.011563 0.066655 0.080964 0.236392 
0.021166 0.075028 0.034459 0.067673 0.045751 0.007197 0.097461 0.016644 0.634622 
0.026792 0.144521 0.060485 0.413722 0.000944 0.010152 0.219374 0.004464 0.119546 
0.104545 0.097398 0.494999 0.065024 0.031310 0.017458 0.064671 0.041072 0.083523 
0.018686 0.159017 0.104933 0.408156 0.017448 0.032542 0.115932 0.016469 0.126818 
0.033424 0.222191 0.088973 0.191058 0.001487 0.010932 0.023625 0.070932 0.357378 
0.030787 0.147104 0.102160 0.214013 0.012979 0.001675 0.133278 0.021725 0.336279 
0.038964 0.009413 0.049087 0.094435 0.067296 0.003415 0.202933 0.017184 0.517272 
0.023141 0.171006 0.444308 0.060360 0.020420 0.000391 0.066078 0.048281 0.166014 
0.012942 0.034049 0.064166 0.745972 0.014906 0.005958 0.053648 0.008273 0.060087 
0.021669 0.155730 0.387846 0.072630 0.024677 0.017019 0.078544 0.028519 0.213365 
0.029523 0.161987 0.092065 0.138913 0.023267 0.004825 0.032367 0.290008 0.227045 
0.011738 0.040044 0.382707 0.072345 0.021199 0.032016 0.082386 0.010257 0.347308 
0.025244 0.151910 0.053293 0.086862 0.045991 0.005389 0.435138 0.013663 0.182511 
0.022025 0.288137 0.346174 0.166068 0.010360 0.005778 0.048630 0.015776 0.097051 
0.121666 0.270049 0.161389 0.187649 0.021087 0.066069 0.079794 0.012652 0.079645 
0.041435 0.157382 0.138525 0.051056 0.036830 0.002399 0.105492 0.008151 0.458729 
0.043421 0.447865 0.214071 0.045514 0.048853 0.011292 0.029333 0.114037 0.045614 
0.301330 0.069159 0.047152 0.009973 0.056589 0.059079 0.050376 0.004535 0.401807 
0.014946 0.217251 0.192260 0.401981 0.000379 0.009812 0.122836 0.021222 0.019314 
0.017700 0.093907 0.326111 0.465394 0.008685 0.007201 0.066123 0.000213 0.014665 
0.052326 0.058712 0.318492 0.072008 0.112026 0.286549 0.038809 0.008478 0.052600 
0.021136 0.136466 0.049274 0.542547 0.000273 0.011356 0.197703 0.005354 0.035892 
0.322238 0.335013 0.028262 0.077981 0.064076 0.050564 0.076280 0.023148 0.022438 
0.078974 0.246051 0.052151 0.095926 0.008250 0.021330 0.052165 0.402740 0.042412 
0.018527 0.143627 0.031129 0.377138 0.000234 0.013789 0.338489 0.001369 0.075699 
0.005657 0.323490 0.233423 0.139364 0.009791 0.052592 0.073932 0.012223 0.149528 
0.032794 0.460732 0.083062 0.118575 0.004140 0.028901 0.130139 0.019253 0.122404 
0.063413 0.081141 0.026008 0.251624 0.003510 0.000355 0.224104 0.331938 0.017907 
0.278799 0.023091 0.045949 0.007406 0.041823 0.067247 0.498169 0.006462 0.031054 
0.065356 0.088168 0.341282 0.007668 0.011827 0.003208 0.136594 0.311813 0.034084 
0.239980 0.032372 0.032940 0.362878 0.092001 0.029201 0.015926 0.026276 0.168425 
0.277800 0.058892 0.032943 0.323722 0.000573 0.133927 0.105437 0.000157 0.066549 
0.030729 0.177353 0.070522 0.068797 0.001488 0.009601 0.403528 0.000385 0.237597 
0.018223 0.418976 0.068415 0.212022 0.039644 0.015888 0.128831 0.072640 0.025361 
0.094380 0.014660 0.008809 0.317912 0.035375 0.197627 0.282714 0.002241 0.046281 
0.143152 0.029431 0.061749 0.006168 0.030783 0.000220 0.557731 0.017200 0.153566 
0.011342 0.338907 0.119483 0.015749 0.042750 0.009315 0.039531 0.105791 0.317132 
0.036070 0.097627 0.110743 0.140784 0.027600 0.018345 0.077823 0.094208 0.396801 
0.009649 0.016637 0.052756 0.096685 0.409414 0.001792 0.037837 0.250510 0.124720 
0.230243 0.170979 0.063092 0.053537 0.010938 0.053386 0.265320 0.009891 0.142615 
0.058977 0.116040 0.073439 0.051841 0.000894 0.009246 0.500307 0.000163 0.189093 
0.000939 0.069937 0.082562 0.714418 0.003054 0.016057 0.074422 0.000591 0.038018 
0.028613 0.054125 0.048013 0.007292 0.039375 0.006260 0.122424 0.427826 0.266072 
0.011575 0.342401 0.211911 0.120068 0.019607 0.075008 0.107939 0.039396 0.072095 
0.031860 0.150565 0.175081 0.038753 0.058791 0.010431 0.035524 0.240314 0.258680 
0.002822 0.433467 0.097832 0.116845 0.060258 0.006403 0.026554 0.037496 0.218322 
0.037061 0.044854 0.047371 0.336738 0.000338 0.459539 0.040836 0.005558 0.027706 
0.015168 0.318075 0.081013 0.020762 0.033005 0.011192 0.177552 0.058086 0.285147 
0.040463 0.003140 0.093755 0.137140 0.034259 0.000302 0.405167 0.011276 0.274497 
0.031173 0.227627 0.318072 0.244049 0.009384 0.059891 0.030877 0.015901 0.063025 
0.023377 0.056021 0.352117 0.074817 0.001299 0.002415 0.164366 0.001079 0.324508 
0.007165 0.192442 0.027947 0.414722 0.241420 0.004225 0.051970 0.011600 0.048508 
0.050051 0.003356 0.055837 0.327044 0.045823 0.183639 0.071831 0.030763 0.231656 
0.697024 0.023071 0.013227 0.002737 0.023099 0.149700 0.017089 0.024986 0.049067 
0.200556 0.110463 0.007798 0.036679 0.309569 0.010568 0.287610 0.008180 0.028576 
0.016104 0.477447 0.059274 0.040850 0.060876 0.120950 0.030379 0.090885 0.103235 
0.016518 0.013496 0.113252 0.042568 0.027234 0.028141 0.085213 0.284226 0.389352 
0.004201 0.207384 0.075807 0.435415 0.017691 0.012884 0.087240 0.134741 0.024636 
0.011976 0.436993 0.071050 0.087508 0.001349 0.033247 0.232447 0.025562 0.099867 
0.015068 0.472987 0.078910 0.113002 0.001555 0.085010 0.038561 0.036145 0.158763 
0.015970 0.406855 0.087163 0.071846 0.001492 0.036832 0.105188 0.025582 0.249072 
0.007104 0.198846 0.081789 0.356950 0.197713 0.009663 0.045040 0.024961 0.077934 
0.048140 0.026185 0.184148 0.027724 0.017393 0.462726 0.053639 0.008038 0.172007 
0.007688 0.483808 0.088007 0.053822 0.059086 0.001497 0.024261 0.064119 0.217712 
0.266938 0.125525 0.050794 0.042512 0.004458 0.022608 0.285669 0.005892 0.195604 
0.013640 0.013920 0.054511 0.037938 0.747787 0.000020 0.024171 0.032795 0.075217 
0.011275 0.069966 0.643446 0.049063 0.054306 0.038014 0.041027 0.018590 0.074313 
0.002324 0.506095 0.043199 0.138068 0.009334 0.136946 0.074463 0.024968 0.064603 
0.018193 0.186066 0.080759 0.140864 0.050602 0.010717 0.045358 0.244496 0.222945 
0.065040 0.033649 0.232475 0.177949 0.007273 0.307432 0.123925 0.006385 0.045873 
0.064730 0.286523 0.095433 0.391945 0.011988 0.046220 0.047952 0.020080 0.035128 
0.056101 0.225602 0.098084 0.119577 0.019338 0.047678 0.078512 0.315407 0.039701 
0.014055 0.087639 0.215599 0.243558 0.132340 0.001453 0.157748 0.020729 0.126878 
0.038241 0.255365 0.070752 0.124416 0.026181 0.036713 0.081055 0.022899 0.344377 
0.249900 0.109565 0.028048 0.049602 0.033259 0.027663 0.048720 0.042265 0.410978 
0.027306 0.092982 0.127880 0.495647 0.014026 0.005693 0.063804 0.003017 0.169645 
0.057118 0.394888 0.027141 0.191245 0.093060 0.011584 0.037909 0.126223 0.060832 
0.083753 0.009092 0.126869 0.019860 0.075902 0.235977 0.419754 0.010023 0.018769 
0.118751 0.077854 0.125126 0.033228 0.024972 0.000194 0.543456 0.018913 0.057506 
0.105610 0.024432 0.075172 0.014911 0.380539 0.265866 0.111647 0.010619 0.011204 
0.019993 0.070276 0.062433 0.002652 0.010262 0.025456 0.518595 0.029484 0.260850 
0.020380 0.100157 0.190407 0.110824 0.250916 0.001526 0.075258 0.169900 0.080632 
0.042980 0.214391 0.334927 0.073032 0.157824 0.010596 0.086853 0.008752 0.070646 
0.025391 0.044764 0.111406 0.441700 0.023483 0.004399 0.160548 0.046407 0.141904 
0.012183 0.405106 0.169883 0.119304 0.084590 0.003466 0.081385 0.082743 0.041341 
0.287830 0.113755 0.070436 0.126086 0.017229 0.027816 0.126502 0.156615 0.073730 
0.270386 0.045887 0.118809 0.138810 0.015737 0.050923 0.049592 0.000397 0.309459 
0.099902 0.166099 0.230304 0.066147 0.003852 0.210901 0.083363 0.058125 0.081306 
0.112538 0.204593 0.088447 0.061703 0.024239 0.000123 0.429802 0.005020 0.073536 
0.030768 0.355474 0.313536 0.135615 0.005632 0.036252 0.053348 0.056683 0.012692 
0.016421 0.076900 0.101998 0.303412 0.020387 0.005318 0.121842 0.016985 0.336737 
0.024400 0.381546 0.039189 0.319165 0.055547 0.005149 0.051876 0.006594 0.116535 
0.015337 0.005698 0.007265 0.022832 0.809674 0.009004 0.057224 0.010474 0.062493 
0.029099 0.064479 0.075797 0.028344 0.413813 0.000268 0.106759 0.035153 0.246287 
0.011620 0.238315 0.097652 0.048200 0.001529 0.025558 0.371573 0.003327 0.202226 
0.084602 0.006349 0.246728 0.038336 0.006433 0.261790 0.034631 0.006761 0.314370 
0.020495 0.327207 0.073779 0.039650 0.049822 0.004212 0.021997 0.368707 0.094132 
0.028183 0.107831 0.098039 0.074516 0.045412 0.004142 0.058716 0.012600 0.570561 
0.058399 0.150734 0.082211 0.038866 0.012836 0.008464 0.451667 0.009841 0.186982 
0.018408 0.134795 0.573639 0.039970 0.022093 0.007624 0.034400 0.032716 0.136354 
0.018787 0.559074 0.101502 0.156755 0.003395 0.024769 0.039035 0.038687 0.057997 
0.009178 0.529502 0.061182 0.013639 0.057246 0.003252 0.024025 0.222961 0.079014 
0.139856 0.151780 0.222924 0.087902 0.000775 0.258443 0.065407 0.003465 0.069448 
0.031801 0.175625 0.054482 0.029989 0.066405 0.025707 0.072188 0.000638 0.543167 
0.063621 0.083712 0.080099 0.198275 0.024979 0.092140 0.055240 0.001576 0.400358 
0.021778 0.430481 0.050813 0.115666 0.005261 0.049873 0.045112 0.009598 0.271417 
0.011148 0.378506 0.159777 0.149786 0.003438 0.046975 0.076115 0.030383 0.143872 
0.030827 0.328078 0.090031 0.061984 0.066386 0.015775 0.083905 0.015410 0.307605 
0.017851 0.044146 0.125461 0.061967 0.040911 0.003171 0.066278 0.432728 0.207487 
0.030057 0.290168 0.192610 0.078727 0.031944 0.284166 0.028836 0.023136 0.040356 
0.016428 0.049828 0.084085 0.053293 0.232924 0.001134 0.022755 0.091101 0.448451 
0.035977 0.052142 0.232396 0.066932 0.019205 0.011781 0.093071 0.201659 0.286837 
0.021599 0.120900 0.077326 0.047281 0.197660 0.006713 0.060240 0.021761 0.446520 
0.062612 0.354095 0.126578 0.051283 0.056275 0.016669 0.159198 0.072701 0.100589 
0.014595 0.011884 0.104821 0.047646 0.330036 0.000233 0.060199 0.066715 0.363871 
0.046350 0.112455 0.027004 0.040176 0.599538 0.079613 0.032971 0.035077 0.026815 
0.021446 0.110899 0.447429 0.124086 0.015740 0.043384 0.090211 0.009422 0.137384 
0.019789 0.043310 0.139379 0.046159 0.050391 0.044932 0.190508 0.004746 0.460787 
0.028766 0.215667 0.104658 0.024009 0.047442 0.235701 0.096112 0.066311 0.181335 
0.573095 0.126573 0.025467 0.050687 0.011747 0.040599 0.041598 0.003325 0.126909 
0.005645 0.189450 0.279208 0.149084 0.041037 0.009641 0.052285 0.108930 0.164719 
0.021716 0.177917 0.078066 0.327042 0.017677 0.010448 0.023348 0.124413 0.219373 
0.173200 0.060229 0.088068 0.146448 0.021808 0.057406 0.048009 0.014474 0.390359 
0.105822 0.010673 0.007823 0.035953 0.004354 0.006968 0.681782 0.005342 0.141283 
0.078149 0.100002 0.162715 0.080806 0.131006 0.005992 0.115949 0.052761 0.272620 
0.382351 0.204047 0.075204 0.010695 0.073628 0.034569 0.016777 0.067936 0.134793 
0.034339 0.360817 0.254629 0.149603 0.009434 0.048486 0.049033 0.065096 0.028563 
0.004276 0.052504 0.158171 0.050969 0.021603 0.012622 0.032312 0.018650 0.648893 
0.020980 0.344702 0.084520 0.075685 0.007030 0.114474 0.045794 0.281181 0.025634 
0.113857 0.013184 0.045137 0.579387 0.061556 0.026791 0.049634 0.042041 0.068412 
0.011159 0.081977 0.062516 0.634879 0.047493 0.002129 0.029029 0.016628 0.114189 
0.216805 0.038762 0.036643 0.067938 0.367119 0.028242 0.032308 0.177408 0.034773 
0.014540 0.031515 0.050309 0.031842 0.552320 0.002219 0.083244 0.045404 0.188607 
0.025095 0.226692 0.324976 0.090942 0.024099 0.016170 0.042969 0.042803 0.206254 
0.026558 0.164287 0.072884 0.005530 0.150052 0.005065 0.142472 0.350323 0.082829 
0.020904 0.175636 0.058765 0.141637 0.044549 0.026550 0.169998 0.025301 0.336659 
0.346160 0.067669 0.023363 0.015697 0.036762 0.004320 0.295368 0.004787 0.205873 
0.038311 0.010711 0.073852 0.081159 0.030734 0.379412 0.070374 0.016112 0.299334 
0.015389 0.205084 0.007779 0.248325 0.389546 0.052289 0.021308 0.017033 0.043247 
0.260032 0.112021 0.162568 0.049540 0.010459 0.041659 0.193014 0.050611 0.120097 
0.238940 0.003444 0.034841 0.024746 0.006878 0.121744 0.491169 0.001405 0.076834 
0.010352 0.200083 0.212643 0.128112 0.018426 0.024422 0.074000 0.022074 0.309888 
0.059750 0.144344 0.056527 0.126819 0.251206 0.018247 0.056250 0.112222 0.174635 
0.029597 0.126371 0.117464 0.028102 0.289948 0.140351 0.050651 0.002848 0.214669 
0.068720 0.041756 0.232730 0.044341 0.034256 0.034155 0.221717 0.012693 0.309631 
0.018569 0.278611 0.139654 0.115681 0.066438 0.008858 0.141654 0.071898 0.158639 
0.031426 0.051616 0.125608 0.159749 0.047666 0.003505 0.124987 0.136296 0.319146 
0.030627 0.004455 0.078201 0.091258 0.074774 0.000168 0.116977 0.017259 0.586280 
0.011477 0.194554 0.188793 0.039238 0.029056 0.002923 0.050153 0.032567 0.451241 
0.119416 0.008092 0.023412 0.025018 0.058609 0.439667 0.103671 0.006845 0.215270 
0.014182 0.024477 0.296707 0.168147 0.083985 0.009224 0.098068 0.066584 0.238625 
0.030700 0.090816 0.153031 0.038939 0.071527 0.006926 0.090300 0.007782 0.509978 
0.031709 0.278147 0.073429 0.061813 0.015417 0.022701 0.151321 0.012219 0.353245 
0.029574 0.049593 0.211805 0.018634 0.016931 0.004764 0.500709 0.118433 0.049556 
0.013283 0.081268 0.110420 0.046696 0.474020 0.005651 0.063706 0.043404 0.161552 
0.041737 0.179998 0.057450 0.171303 0.015723 0.005236 0.048605 0.162090 0.317858 
0.665077 0.001865 0.002623 0.227703 0.010013 0.044994 0.028831 0.000338 0.018556 
0.020994 0.120097 0.046242 0.693064 0.013422 0.005652 0.014512 0.011616 0.074401 
0.034090 0.352968 0.045956 0.061645 0.033092 0.113409 0.059276 0.025220 0.274343 
0.033714 0.186054 0.104437 0.037294 0.018698 0.020751 0.485598 0.050957 0.062497 
0.076844 0.029524 0.240429 0.069731 0.033185 0.009019 0.059751 0.006865 0.474652 
0.169092 0.096730 0.086075 0.040941 0.022674 0.022190 0.026567 0.007690 0.528041 
0.542074 0.087450 0.045529 0.126154 0.000660 0.067187 0.036129 0.079907 0.014909 
0.011860 0.128617 0.095890 0.377752 0.001588 0.008429 0.207915 0.007728 0.160220 
0.044133 0.054758 0.091610 0.514473 0.064219 0.000501 0.024681 0.010448 0.195175 
0.006939 0.431128 0.036773 0.117304 0.045819 0.052097 0.207470 0.035863 0.066608 
0.006910 0.200347 0.073845 0.060961 0.052149 0.001907 0.060384 0.042401 0.501095 
0.006141 0.524167 0.113849 0.004994 0.091920 0.012170 0.036805 0.129055 0.080900 
0.149132 0.054497 0.236427 0.056591 0.059092 0.032887 0.168144 0.016262 0.226968 
0.043056 0.009912 0.037607 0.592039 0.044547 0.002367 0.072149 0.002544 0.195780 
0.002161 0.037747 0.078309 0.029802 0.169665 0.048579 0.079159 0.027731 0.526847 
0.027278 0.144181 0.314154 0.087208 0.040490 0.008144 0.034598 0.001453 0.342495 
0.012954 0.098696 0.335515 0.369784 0.002843 0.003662 0.129544 0.005719 0.041284 
0.034659 0.143399 0.072458 0.031066 0.008650 0.007748 0.283876 0.128960 0.289184 
0.036338 0.167909 0.188464 0.043610 0.023817 0.010499 0.205141 0.243814 0.080407 
0.251200 0.187005 0.040127 0.042949 0.095287 0.026260 0.046776 0.288491 0.021904 
0.030927 0.014949 0.112517 0.047780 0.492749 0.003018 0.211254 0.023957 0.062849 
0.662494 0.025574 0.015107 0.030012 0.006822 0.101423 0.029306 0.060186 0.069076 
0.045760 0.089495 0.452990 0.080784 0.015954 0.017349 0.065656 0.018215 0.213797 
0.011671 0.053492 0.048478 0.174904 0.087324 0.002160 0.065357 0.106930 0.449685 
0.014887 0.422372 0.295388 0.046676 0.004540 0.019534 0.112343 0.066593 0.017668 
0.007423 0.549576 0.110358 0.084836 0.039402 0.013291 0.048530 0.125103 0.021481 
0.010809 0.073441 0.061932 0.050542 0.263930 0.003176 0.257889 0.046706 0.231575 
0.032654 0.013281 0.125108 0.625702 0.038468 0.012980 0.053399 0.000860 0.097549 
0.217604 0.148968 0.060890 0.023629 0.014893 0.396002 0.086896 0.025603 0.025514 
0.050776 0.092987 0.086133 0.099739 0.039015 0.164783 0.062809 0.032267 0.371492 
0.024439 0.140888 0.156830 0.193402 0.020228 0.013585 0.036930 0.351383 0.062316 
0.024176 0.321090 0.071469 0.108991 0.020477 0.000074 0.027384 0.391269 0.035070 
0.319072 0.040753 0.040492 0.002848 0.026621 0.000162 0.543157 0.015195 0.011701 
0.031772 0.214241 0.093760 0.099157 0.002186 0.002454 0.447661 0.015690 0.093080 
0.016333 0.191318 0.226622 0.092849 0.003849 0.009807 0.095590 0.048751 0.314880 
0.019322 0.442508 0.018115 0.118850 0.025465 0.030305 0.053566 0.037972 0.253898 
0.090060 0.038011 0.065298 0.256715 0.059115 0.141742 0.039850 0.002578 0.306631 
0.132514 0.036964 0.044711 0.084916 0.026458 0.024021 0.149053 0.261778 0.239584 
0.019223 0.150423 0.216657 0.117415 0.031440 0.019035 0.083365 0.016061 0.346381 
0.385936 0.185649 0.110901 0.034311 0.114437 0.073004 0.043919 0.006342 0.045501 
0.031700 0.277940 0.219806 0.199352 0.001321 0.161681 0.055688 0.028928 0.023585 
0.022026 0.012106 0.043529 0.659354 0.078617 0.013971 0.018461 0.048093 0.103843 
0.347459 0.039443 0.015526 0.010603 0.004680 0.012122 0.540514 0.007458 0.022196 
0.023326 0.158753 0.159418 0.241577 0.068331 0.015603 0.048117 0.104246 0.180629 
0.033460 0.254461 0.076728 0.066242 0.000584 0.009857 0.340886 0.006040 0.211743 
0.026584 0.151066 0.486005 0.101715 0.025918 0.013993 0.042321 0.038636 0.113763 
0.027721 0.115515 0.071743 0.634369 0.000687 0.030472 0.054386 0.008946 0.056162 
0.021124 0.126433 0.205439 0.179749 0.146775 0.012260 0.116269 0.017661 0.174290 
0.042253 0.315912 0.142301 0.119403 0.020431 0.010933 0.210154 0.018848 0.119765 
0.016923 0.040266 0.123203 0.059833 0.031050 0.003830 0.033754 0.007966 0.683175 
0.022047 0.486150 0.149943 0.154374 0.025948 0.016501 0.044577 0.029838 0.070623 
0.322449 0.085100 0.143481 0.100469 0.113975 0.027681 0.147260 0.018650 0.040935 
0.009725 0.055253 0.254746 0.087570 0.006045 0.005720 0.033952 0.014358 0.532630 
0.021422 0.021463 0.086665 0.381919 0.058557 0.005440 0.025851 0.016433 0.382250 
0.011521 0.029398 0.656498 0.042279 0.027126 0.003866 0.039228 0.018647 0.171436 
0.086362 0.002256 0.046536 0.045793 0.072292 0.000094 0.278987 0.003334 0.464348 
0.036330 0.110776 0.272160 0.065246 0.013306 0.317882 0.052826 0.025342 0.106133 
0.023048 0.042325 0.096082 0.066869 0.088102 0.000184 0.036514 0.437036 0.209840 
0.008334 0.043182 0.242813 0.274166 0.002406 0.005723 0.039689 0.019764 0.363924 
0.033767 0.044891 0.111655 0.039434 0.001765 0.000093 0.407272 0.016039 0.345086 
0.055770 0.374062 0.073616 0.208960 0.025018 0.081646 0.072031 0.027042 0.081855 
0.029496 0.284657 0.069997 0.148582 0.099658 0.099033 0.047453 0.060007 0.161118 
0.498788 0.006700 0.137956 0.035273 0.010810 0.055943 0.030191 0.007117 0.217221 
0.094819 0.052142 0.093049 0.128848 0.046443 0.003928 0.309672 0.007256 0.263844 
0.013238 0.195016 0.179829 0.073850 0.012480 0.008973 0.450949 0.012252 0.053414 
0.022039 0.110888 0.133483 0.509732 0.008474 0.027338 0.048229 0.030045 0.109774 
0.045122 0.003824 0.359841 0.056996 0.019911 0.000018 0.161397 0.000243 0.352648 
0.141320 0.237920 0.107561 0.051810 0.010312 0.032620 0.245872 0.014034 0.158551 
0.006414 0.493906 0.121092 0.014956 0.056412 0.027591 0.045134 0.107491 0.127003 
0.031189 0.030761 0.123131 0.074513 0.042400 0.088000 0.033127 0.004084 0.572796 
0.010139 0.275249 0.169078 0.126414 0.025593 0.024208 0.291110 0.018372 0.059838 
0.098431 0.138666 0.227459 0.038363 0.375519 0.015679 0.035621 0.016531 0.053731 
0.011862 0.057398 0.416391 0.083525 0.004207 0.003064 0.123739 0.113590 0.186223 
0.030607 0.163762 0.101373 0.327606 0.001103 0.024601 0.077092 0.249174 0.024681 
0.041345 0.225757 0.306327 0.101929 0.026775 0.015948 0.126490 0.027641 0.127789 
0.011026 0.116313 0.321103 0.182665 0.032950 0.000092 0.047037 0.034428 0.254386 
0.017722 0.036594 0.090404 0.060046 0.128772 0.000040 0.150533 0.027197 0.488690 
0.026674 0.058789 0.061345 0.050600 0.039868 0.000249 0.099486 0.145438 0.517550 
0.011941 0.296909 0.150335 0.032673 0.055743 0.005037 0.037970 0.101960 0.307431 
0.024187 0.150699 0.268140 0.081030 0.001031 0.017734 0.035898 0.057575 0.363707 
0.013200 0.495076 0.075836 0.022189 0.052897 0.007540 0.053458 0.138996 0.140807 
0.020905 0.023688 0.035423 0.214548 0.083412 0.114487 0.084837 0.015996 0.406703 
0.049895 0.180259 0.515473 0.049425 0.098706 0.027834 0.043110 0.010004 0.025293 
0.172657 0.077092 0.106830 0.149232 0.004984 0.247430 0.037260 0.013894 0.190621 
0.010189 0.235552 0.062592 0.083691 0.028924 0.231259 0.071502 0.051344 0.224948 
0.143546 0.079729 0.050862 0.198126 0.023077 0.187625 0.308328 0.000263 0.008445 
0.013566 0.532744 0.147989 0.072861 0.014753 0.073456 0.049481 0.044349 0.050801 
0.018448 0.445945 0.076904 0.085833 0.003177 0.034574 0.154973 0.040026 0.140121 
0.025909 0.332276 0.131737 0.083988 0.016731 0.019788 0.065419 0.281880 0.042272 
0.025270 0.112735 0.111215 0.022391 0.164649 0.011902 0.047092 0.203852 0.300894 
0.115401 0.284242 0.086383 0.004588 0.017612 0.041510 0.140513 0.234708 0.075042 
0.025377 0.296241 0.318094 0.072958 0.007390 0.016851 0.104229 0.153931 0.004929 
0.008217 0.020678 0.063429 0.710357 0.025845 0.027978 0.061825 0.028429 0.053242 
0.257720 0.031108 0.026045 0.005456 0.010842 0.000092 0.645568 0.014911 0.008259 
0.423524 0.045075 0.059080 0.016973 0.099539 0.020808 0.257873 0.013812 0.063317 
0.047908 0.047560 0.047886 0.014405 0.344302 0.346529 0.112335 0.012318 0.026757 
0.033317 0.086782 0.104879 0.024804 0.034936 0.006791 0.027632 0.479509 0.201350 
0.076522 0.187712 0.039672 0.132456 0.031704 0.009622 0.230151 0.004271 0.287890 
0.022125 0.251709 0.078922 0.104599 0.045890 0.030409 0.042918 0.069121 0.354307 
0.018670 0.011682 0.092875 0.665169 0.037221 0.000578 0.054938 0.002300 0.116568 
0.014989 0.014549 0.053185 0.084973 0.035482 0.076218 0.131193 0.110474 0.478938 
0.024081 0.364764 0.067101 0.218311 0.006701 0.003560 0.017344 0.009780 0.288357 
0.146381 0.443928 0.136505 0.088916 0.008507 0.042156 0.032881 0.027740 0.072986 
0.041135 0.045920 0.087403 0.673087 0.039125 0.026889 0.013993 0.037212 0.035235 
0.028741 0.078046 0.351066 0.078584 0.006451 0.014918 0.180110 0.061084 0.201000 
0.014952 0.335621 0.190318 0.066361 0.026945 0.000260 0.267307 0.019184 0.079053 
0.056921 0.093654 0.098834 0.039316 0.040273 0.007484 0.281098 0.004084 0.378336 
0.018149 0.008965 0.393782 0.029658 0.039033 0.000098 0.084198 0.004902 0.421214 
0.051176 0.115091 0.073770 0.054266 0.057269 0.006766 0.219550 0.004385 0.417728 
0.018159 0.477514 0.045672 0.273495 0.011014 0.014086 0.021089 0.007297 0.131674 
0.014762 0.085760 0.057011 0.471985 0.004777 0.167600 0.015635 0.000782 0.181688 
0.029498 0.145146 0.214110 0.145239 0.036973 0.004410 0.058916 0.167913 0.197796 
0.025159 0.180689 0.409074 0.017590 0.019265 0.011303 0.036571 0.210525 0.089824 
0.017506 0.174252 0.127604 0.071136 0.008200 0.010399 0.142174 0.024109 0.424621 
0.069462 0.304464 0.247019 0.101575 0.026102 0.014950 0.152164 0.065696 0.018567 
0.020634 0.134595 0.055883 0.054275 0.204006 0.006479 0.260330 0.008082 0.255715 
0.119116 0.320550 0.128171 0.045017 0.072369 0.000301 0.197742 0.074761 0.041972 
0.101536 0.045392 0.141082 0.025941 0.031129 0.000062 0.282948 0.014672 0.357238 
0.023511 0.455592 0.255934 0.023629 0.043131 0.045055 0.042899 0.088435 0.021814 
0.018706 0.240148 0.118942 0.137056 0.098757 0.015761 0.197087 0.004404 0.169139 
0.040076 0.099064 0.108076 0.048550 0.083160 0.070812 0.064448 0.005247 0.480568 
0.601565 0.085379 0.077402 0.030570 0.026699 0.062041 0.022642 0.008168 0.085534 
0.021088 0.353039 0.188724 0.063625 0.032942 0.022365 0.060035 0.028463 0.229719 
0.014958 0.023400 0.019374 0.027913 0.745026 0.021844 0.026275 0.017213 0.103997 
0.014457 0.553052 0.064472 0.126862 0.007663 0.050599 0.104243 0.013788 0.064864 
