-1962022.100441
0
0.053134 0.056260 0.000000 0.047703 0.000000 0.000000 0.000000 0.000000 0.021561 0.000000 0.000000 0.019422 0.017699 0.023260 0.025197 0.035428 0.023416 0.007151 0.009383 0.026888 0.000000 0.001791 0.011191 0.000000 0.040359 0.037143 0.000000 0.000000 0.000000 0.000000 0.000000 0.005893 0.000000 0.000000 0.000000 0.026963 0.020360 0.032000 0.031468 0.039682 0.003136 0.015915 0.000000 0.013559 0.000000 0.002868 0.007844 0.000000 0.014956 0.021951 0.000000 0.011640 0.004998 0.000000 0.000000 0.000000 0.000000 0.000000 0.000000 0.000000 0.014437 0.015445 0.014490 0.029253 0.000000 0.003775 0.000000 0.004642 0.000000 0.000000 0.000000 0.004620 0.029176 0.017057 0.000000 0.030182 0.000000 0.000000 0.000000 0.006884 0.000000 0.000000 0.000000 0.005010 0.024521 0.016800 0.016074 0.045330 0.000000 0.000000 0.000000 0.006512 0.000000 0.000000 0.005573 0.000000 
0.000000 0.000000 0.000000 0.000000 0.000000 0.000000 0.000000 0.000000 0.000003 0.000000 0.000000 0.000000 0.000000 0.181533 0.000000 0.000000 0.000000 0.000000 0.000000 0.000001 0.000000 0.000000 0.034645 0.000000 0.000000 0.000000 0.000000 0.000000 0.000000 0.000000 0.000000 0.000000 0.000001 0.000000 0.000000 0.000000 0.000000 0.000000 0.000000 0.000000 0.000000 0.000000 0.000000 0.000000 0.000000 0.000000 0.000000 0.000000 0.000000 0.000000 0.000000 0.000000 0.037312 0.000000 0.000000 0.000000 0.243315 0.000000 0.000000 0.000000 0.000000 0.000000 0.050627 0.000000 0.000000 0.000000 0.000000 0.000000 0.000000 0.017085 0.049564 0.158259 0.000000 0.000005 0.000000 0.000000 0.000000 0.026170 0.000000 0.000000 0.000000 0.000000 0.000000 0.000000 0.000000 0.000000 0.000000 0.000000 0.000000 0.201479 0.000000 0.000000 0.000000 0.000000 0.000000 0.000000 
0.009373 0.000000 0.000000 0.000000 0.008410 0.000000 0.000000 0.004547 0.000000 0.000000 0.000000 0.000000 0.022844 0.001851 0.007415 0.030604 0.027322 0.000000 0.003051 0.042517 0.094417 0.007867 0.004516 0.030206 0.000000 0.000000 0.000000 0.000000 0.000000 0.000000 0.000000 0.003362 0.000000 0.000000 0.000000 0.000000 0.007389 0.000000 0.001647 0.000000 0.016862 0.000000 0.000000 0.008950 0.051036 0.006027 0.017577 0.000000 0.006585 0.015642 0.000000 0.000000 0.000000 0.005986 0.000000 0.006361 0.000000 0.000000 0.000000 0.000000 0.004291 0.000000 0.000000 0.000000 0.000000 0.000000 0.000000 0.000000 0.016560 0.000000 0.007165 0.016621 0.033237 0.000000 0.000000 0.041075 0.000000 0.000000 0.000000 0.000000 0.000000 0.000000 0.000000 0.000000 0.043443 0.000000 0.024785 0.016158 0.012297 0.005678 0.007727 0.056071 0.135742 0.014153 0.015679 0.106950 
0.000000 0.000000 0.000000 0.006223 0.001042 0.000000 0.000000 0.000000 0.000000 0.000000 0.000000 0.004075 0.000000 0.000000 0.000000 0.000000 0.000000 0.003105 0.000000 0.001721 0.000000 0.004426 0.001977 0.016325 0.000000 0.000000 0.000000 0.008005 0.000000 0.000000 0.000000 0.000000 0.000000 0.000000 0.000000 0.000000 0.000000 0.000000 0.000000 0.000000 0.000000 0.000000 0.000000 0.000000 0.002852 0.000584 0.001954 0.014197 0.000000 0.001053 0.001692 0.000000 0.000000 0.000000 0.000000 0.000000 0.000000 0.000000 0.000000 0.006129 0.000000 0.000000 0.000000 0.000000 0.000000 0.004167 0.002236 0.011312 0.000000 0.001653 0.000626 0.000000 0.047003 0.009118 0.003009 0.400963 0.000000 0.000000 0.000000 0.000000 0.000000 0.016102 0.261084 0.041708 0.000000 0.000000 0.000000 0.002978 0.000000 0.008753 0.004040 0.009027 0.008278 0.009740 0.002320 0.080522 
0.000000 0.000000 0.000000 0.000000 0.000000 0.000842 0.000000 0.000000 0.008227 0.000000 0.000000 0.004769 0.000000 0.000000 0.000000 0.001158 0.002341 0.006485 0.000000 0.000000 0.000000 0.010092 0.004661 0.039385 0.000000 0.000000 0.000000 0.000000 0.002259 0.000000 0.000000 0.000930 0.019102 0.000000 0.002909 0.007797 0.000000 0.008560 0.003828 0.036553 0.006671 0.044805 0.032102 0.125935 0.000000 0.024677 0.016503 0.335209 0.000000 0.000000 0.000000 0.002348 0.000000 0.000000 0.000000 0.001504 0.000000 0.000000 0.000000 0.000000 0.000000 0.003372 0.003455 0.004595 0.000000 0.009381 0.000000 0.005819 0.000000 0.010605 0.005177 0.076021 0.000000 0.000000 0.001910 0.000000 0.000000 0.000000 0.000000 0.000000 0.000000 0.000000 0.000000 0.010181 0.000000 0.000000 0.000000 0.001120 0.000000 0.008161 0.004971 0.008483 0.000000 0.012386 0.005249 0.079463 
0.009749 0.010000 0.000000 0.000000 0.012624 0.003392 0.000000 0.018177 0.015216 0.000000 0.030615 0.021984 0.000000 0.002708 0.004862 0.000000 0.017343 0.000000 0.017865 0.034516 0.000000 0.000000 0.000000 0.000000 0.005294 0.019712 0.000000 0.000000 0.000000 0.004028 0.000000 0.000000 0.073766 0.092870 0.016180 0.212072 0.004060 0.002783 0.000000 0.000000 0.008872 0.000000 0.000000 0.000000 0.000000 0.000000 0.000000 0.000000 0.000000 0.000000 0.000000 0.000000 0.003392 0.000000 0.000000 0.000000 0.047035 0.062955 0.000000 0.157964 0.005037 0.000000 0.001494 0.000000 0.000000 0.000000 0.003294 0.016464 0.000000 0.000000 0.009147 0.000000 0.000000 0.009610 0.000000 0.000000 0.000000 0.001286 0.000000 0.014709 0.000000 0.000000 0.000000 0.000000 0.000000 0.004782 0.009033 0.009158 0.000000 0.000000 0.004379 0.000000 0.000000 0.001574 0.000000 0.000000 
0.000000 0.000000 0.000000 0.000000 0.000000 0.000000 0.000000 0.000000 0.002492 0.015739 0.013319 0.000000 0.000000 0.006006 0.000000 0.006448 0.002077 0.004050 0.000000 0.000000 0.000000 0.000000 0.000000 0.000000 0.005299 0.008092 0.000000 0.000000 0.000000 0.000000 0.000000 0.000000 0.000000 0.000000 0.000000 0.000000 0.000000 0.000000 0.000000 0.000000 0.000000 0.000000 0.000000 0.000000 0.000000 0.000000 0.000000 0.003936 0.000000 0.012587 0.000000 0.032137 0.000000 0.000000 0.000000 0.000000 0.054102 0.211687 0.340419 0.125843 0.000000 0.004478 0.000000 0.002759 0.029926 0.069557 0.014499 0.008203 0.000000 0.000000 0.000000 0.019052 0.001030 0.000000 0.001209 0.000000 0.000000 0.000000 0.000000 0.000000 0.000000 0.000000 0.000000 0.000000 0.000000 0.000000 0.000000 0.000000 0.000000 0.000000 0.000000 0.000000 0.000000 0.000000 0.000000 0.005053 
0.000000 0.000000 0.000000 0.000000 0.000000 0.002065 0.000000 0.001319 0.035847 0.015792 0.025520 0.014046 0.000000 0.002004 0.000000 0.006575 0.015352 0.017334 0.065102 0.005712 0.000000 0.000000 0.000000 0.000000 0.025569 0.047645 0.018857 0.112795 0.000000 0.000000 0.000000 0.000000 0.009970 0.010659 0.048193 0.007350 0.000000 0.006246 0.001575 0.002023 0.017500 0.015732 0.094018 0.009530 0.000000 0.011269 0.020995 0.000000 0.000000 0.003261 0.005119 0.000000 0.000000 0.002892 0.000000 0.001534 0.075476 0.066088 0.000000 0.056047 0.000000 0.004037 0.001484 0.000921 0.000000 0.000000 0.032612 0.000000 0.000000 0.004152 0.002739 0.002380 0.000000 0.000000 0.001785 0.000000 0.000000 0.000000 0.000000 0.000000 0.008882 0.000000 0.018606 0.000000 0.000000 0.000000 0.000000 0.001161 0.004272 0.009788 0.026729 0.003441 0.000000 0.000000 0.000000 0.000000 
0.000000 0.000000 0.003856 0.000000 0.004293 0.002015 0.000000 0.002770 0.008091 0.000000 0.000000 0.000000 0.004194 0.005978 0.003006 0.000851 0.066490 0.045942 0.067488 0.035281 0.000000 0.000000 0.000000 0.001494 0.002032 0.000000 0.000000 0.000000 0.000000 0.003139 0.000000 0.000000 0.020680 0.000000 0.000000 0.020975 0.001530 0.008940 0.002355 0.000000 0.040561 0.046553 0.046121 0.038382 0.001004 0.003646 0.001423 0.000000 0.000000 0.002564 0.000000 0.000000 0.000000 0.000000 0.000000 0.000000 0.006011 0.000000 0.000000 0.010456 0.000000 0.001759 0.001062 0.000000 0.069964 0.038359 0.054366 0.056102 0.000000 0.000000 0.000000 0.000000 0.000000 0.010149 0.001757 0.000000 0.000000 0.002696 0.000000 0.000000 0.000000 0.000000 0.000000 0.000000 0.004518 0.017207 0.003602 0.003927 0.071554 0.050980 0.040713 0.052710 0.000000 0.003985 0.000000 0.006471 
0.013683 0.000000 0.000000 0.000000 0.000000 0.000000 0.000000 0.012743 0.020254 0.000000 0.000000 0.011139 0.013160 0.000000 0.014795 0.000000 0.261861 0.000000 0.055154 0.171877 0.000000 0.015018 0.018167 0.011369 0.000000 0.000000 0.000000 0.000000 0.009410 0.008134 0.009798 0.018068 0.049700 0.000000 0.000000 0.027623 0.000000 0.010641 0.038524 0.000000 0.000000 0.000000 0.000000 0.032612 0.000000 0.022684 0.008176 0.000000 0.000000 0.012719 0.011688 0.000000 0.000000 0.000000 0.000000 0.000000 0.000000 0.000000 0.000000 0.000000 0.008138 0.000000 0.009163 0.000000 0.000000 0.000000 0.000000 0.000000 0.000000 0.000000 0.000000 0.000000 0.000000 0.021734 0.013983 0.000000 0.000000 0.007360 0.000000 0.000000 0.000000 0.000000 0.000000 0.000000 0.000000 0.000000 0.000000 0.000000 0.018757 0.000000 0.014203 0.000000 0.000000 0.022098 0.005565 0.000000 
0.000000 0.000000 0.000000 0.000000 0.001409 0.000000 0.000000 0.000000 0.023980 0.133688 0.000000 0.077786 0.000000 0.000000 0.002296 0.000000 0.000000 0.001716 0.000000 0.000000 0.000000 0.000000 0.000000 0.000000 0.000000 0.002018 0.000887 0.000000 0.000000 0.000000 0.000000 0.000000 0.027375 0.175449 0.006425 0.092019 0.000000 0.002245 0.000000 0.000000 0.000000 0.000000 0.000000 0.000000 0.000000 0.000000 0.000365 0.000000 0.000000 0.000000 0.000000 0.000000 0.000000 0.000000 0.000000 0.000000 0.030717 0.115558 0.000000 0.061372 0.000000 0.000000 0.000000 0.000000 0.000000 0.000000 0.000000 0.000000 0.000000 0.000000 0.000000 0.000000 0.000000 0.002100 0.000000 0.000000 0.000000 0.000000 0.000000 0.000000 0.000000 0.140788 0.000000 0.101807 0.000000 0.000000 0.000000 0.000000 0.000000 0.000000 0.000000 0.000000 0.000000 0.000000 0.000000 0.000000 
0.013424 0.000000 0.000000 0.000000 0.082689 0.041293 0.014821 0.077360 0.018541 0.000000 0.000000 0.015390 0.007484 0.000000 0.000000 0.000000 0.000000 0.007550 0.000000 0.017668 0.000000 0.000000 0.019091 0.010974 0.000000 0.000000 0.000000 0.000000 0.058849 0.048564 0.014275 0.075364 0.033586 0.000000 0.000000 0.000000 0.002415 0.000000 0.001031 0.012505 0.002949 0.000000 0.000000 0.000000 0.000000 0.009671 0.018271 0.000000 0.000000 0.000000 0.000000 0.000000 0.040174 0.034121 0.000000 0.066454 0.000000 0.000000 0.000000 0.000000 0.000000 0.001462 0.010016 0.000000 0.000000 0.000000 0.000000 0.000000 0.009208 0.013123 0.049826 0.000000 0.000000 0.012526 0.000000 0.000000 0.000000 0.047045 0.000000 0.000000 0.000000 0.000000 0.000000 0.000000 0.000000 0.006445 0.000000 0.000000 0.002371 0.013623 0.000000 0.007887 0.000000 0.020169 0.031493 0.030295 
0.000000 0.000000 0.000000 0.000000 0.000000 0.000000 0.000422 0.000000 0.007035 0.000000 0.000000 0.000685 0.000000 0.000000 0.000000 0.000000 0.001143 0.000000 0.000000 0.001650 0.000000 0.000000 0.000000 0.000000 0.000000 0.000000 0.000000 0.000000 0.000000 0.000000 0.000000 0.000000 0.013534 0.000000 0.002042 0.002956 0.000000 0.000000 0.000000 0.000000 0.000000 0.000000 0.000000 0.000000 0.000000 0.000000 0.000000 0.000000 0.000000 0.000000 0.000000 0.000000 0.000000 0.000000 0.000000 0.000000 0.003030 0.000000 0.000000 0.000000 0.000000 0.000000 0.000000 0.000000 0.000000 0.000000 0.000000 0.000000 0.000000 0.000000 0.000000 0.000000 0.015297 0.008282 0.002364 0.012062 0.027816 0.000000 0.001662 0.061359 0.473044 0.074725 0.041856 0.249035 0.000000 0.000000 0.000000 0.000000 0.000000 0.000000 0.000000 0.000000 0.000000 0.000000 0.000000 0.000000 
0.000000 0.000000 0.000000 0.000000 0.000000 0.000000 0.000000 0.000000 0.000000 0.011573 0.000000 0.000000 0.001634 0.000000 0.000000 0.002974 0.000000 0.000000 0.000000 0.000000 0.000000 0.000000 0.000694 0.000527 0.000000 0.000000 0.000000 0.000000 0.000000 0.000000 0.000000 0.000000 0.084679 0.096632 0.025147 0.082474 0.000000 0.000000 0.000000 0.001210 0.000000 0.000000 0.000000 0.001752 0.000000 0.001402 0.000000 0.000000 0.000000 0.000000 0.000000 0.000000 0.000000 0.000000 0.000000 0.000000 0.000000 0.012235 0.000000 0.015953 0.000000 0.000000 0.000000 0.000000 0.000000 0.000000 0.000000 0.009520 0.000000 0.000000 0.001863 0.000000 0.000000 0.002377 0.000000 0.000000 0.000000 0.001086 0.000000 0.000000 0.113635 0.334508 0.112742 0.072671 0.000000 0.000000 0.000000 0.005469 0.001976 0.000000 0.001453 0.001212 0.000000 0.001630 0.000970 0.000000 
0.063926 0.007115 0.000000 0.018893 0.000000 0.001803 0.002356 0.004876 0.000000 0.000000 0.000000 0.001353 0.001174 0.000000 0.001660 0.000000 0.000000 0.000000 0.000000 0.002081 0.000000 0.000964 0.001930 0.000000 0.118602 0.016278 0.023968 0.033256 0.000000 0.004047 0.007202 0.004479 0.005231 0.000000 0.010342 0.000000 0.000000 0.000000 0.000000 0.000000 0.000000 0.000000 0.000000 0.000000 0.000000 0.000000 0.004966 0.001282 0.179558 0.015882 0.012635 0.089768 0.000000 0.000000 0.000000 0.000861 0.000000 0.000000 0.002844 0.000000 0.000000 0.000000 0.000000 0.002497 0.000000 0.000000 0.004893 0.001115 0.000534 0.000000 0.011514 0.001570 0.089802 0.052543 0.020589 0.152051 0.000000 0.008357 0.002291 0.000000 0.000000 0.000000 0.000000 0.000000 0.003566 0.000000 0.000000 0.000000 0.000000 0.004117 0.001491 0.000000 0.000000 0.003739 0.000000 0.000000 
0.000000 0.007401 0.000000 0.054324 0.000000 0.000000 0.000000 0.000000 0.039785 0.027809 0.052698 0.036906 0.000000 0.000000 0.000000 0.000000 0.000000 0.005174 0.000000 0.005943 0.000000 0.001420 0.000000 0.011675 0.005140 0.015016 0.000000 0.237095 0.000000 0.000000 0.000000 0.000000 0.000000 0.000000 0.032604 0.013408 0.000000 0.003494 0.000000 0.000000 0.000000 0.006723 0.000000 0.000000 0.000000 0.003355 0.000000 0.000000 0.000000 0.014372 0.000000 0.123353 0.000000 0.000000 0.000000 0.000000 0.062589 0.000000 0.021807 0.039152 0.000000 0.001567 0.000000 0.000000 0.000000 0.000000 0.006700 0.008194 0.000000 0.002371 0.002829 0.000000 0.000000 0.031306 0.000000 0.098633 0.000000 0.000000 0.000000 0.000000 0.000000 0.000000 0.000000 0.012002 0.000000 0.001690 0.000000 0.002263 0.000000 0.008461 0.002738 0.000000 0.000000 0.000000 0.000000 0.000000 
0.006204 0.007698 0.003120 0.001372 0.000000 0.003044 0.000000 0.003270 0.041200 0.000000 0.286238 0.005199 0.003240 0.000000 0.000000 0.008046 0.008392 0.000000 0.005812 0.003564 0.000000 0.003692 0.000000 0.003631 0.000000 0.005036 0.000000 0.000000 0.000000 0.000000 0.000000 0.000000 0.019382 0.000000 0.175482 0.000000 0.000000 0.000000 0.000000 0.000000 0.000000 0.000000 0.000000 0.000000 0.000000 0.000786 0.000000 0.000000 0.003123 0.006187 0.000000 0.000000 0.000000 0.003374 0.000000 0.000000 0.034719 0.015828 0.162247 0.009899 0.000000 0.000000 0.000000 0.002384 0.010961 0.000000 0.000000 0.009313 0.000000 0.000000 0.000000 0.000000 0.009333 0.007535 0.001580 0.000000 0.000000 0.000000 0.000000 0.000000 0.000000 0.000000 0.111827 0.000000 0.002841 0.000000 0.000000 0.000000 0.005272 0.000000 0.005355 0.001647 0.000000 0.000000 0.002167 0.000000 
0.000000 0.000000 0.000000 0.000000 0.003642 0.000000 0.000000 0.002073 0.000000 0.000000 0.000000 0.000000 0.000000 0.000000 0.000000 0.000000 0.000000 0.000000 0.000000 0.000000 0.000000 0.001124 0.000000 0.000000 0.001486 0.000000 0.000000 0.000000 0.006395 0.000000 0.000000 0.004740 0.000000 0.000000 0.000000 0.000000 0.000000 0.000000 0.000000 0.000000 0.000000 0.000000 0.000000 0.000000 0.000000 0.000000 0.000000 0.000000 0.000000 0.000000 0.000000 0.000000 0.000000 0.000000 0.000000 0.002362 0.000000 0.000000 0.000000 0.000000 0.000000 0.000000 0.000728 0.000000 0.000000 0.000000 0.000000 0.000000 0.000000 0.000000 0.000000 0.000000 0.053131 0.017768 0.001267 0.015925 0.327630 0.074022 0.012036 0.403811 0.071860 0.000000 0.000000 0.000000 0.000000 0.000000 0.000000 0.000000 0.000000 0.000000 0.000000 0.000000 0.000000 0.000000 0.000000 0.000000 
0.030814 0.045307 0.043638 0.019992 0.018823 0.008879 0.005114 0.009770 0.011703 0.000000 0.000000 0.000000 0.004297 0.000000 0.011773 0.000000 0.000000 0.000000 0.002494 0.000000 0.000000 0.000000 0.000000 0.000000 0.026019 0.104585 0.003850 0.035120 0.020979 0.019618 0.009008 0.016605 0.032597 0.010252 0.000000 0.022004 0.008855 0.014733 0.067279 0.011979 0.004737 0.000000 0.000000 0.000000 0.000000 0.000000 0.002287 0.000000 0.000000 0.071099 0.041263 0.000000 0.011628 0.018853 0.019901 0.009549 0.000000 0.000000 0.000000 0.000000 0.010003 0.004242 0.022533 0.000000 0.007617 0.000000 0.000000 0.000000 0.000000 0.000000 0.000000 0.000000 0.018178 0.083361 0.012271 0.000000 0.000000 0.016392 0.006547 0.000000 0.000000 0.000000 0.000000 0.000000 0.000000 0.006099 0.013167 0.000000 0.000000 0.000000 0.000000 0.000000 0.000000 0.000000 0.004185 0.000000 
0.043237 0.000000 0.008821 0.009235 0.010736 0.000000 0.059069 0.019226 0.084928 0.000000 0.088417 0.011974 0.015630 0.286059 0.032215 0.031122 0.276175 0.002158 0.021000 
0.081684 0.000000 0.006306 0.000004 0.015805 0.000000 0.013535 0.018535 0.020284 0.000000 0.028920 0.038728 0.055403 0.235222 0.347176 0.084013 0.022910 0.007439 0.024036 
0.053604 0.000000 0.006528 0.000004 0.005700 0.016530 0.080828 0.067465 0.136177 0.000000 0.043831 0.014529 0.033548 0.019621 0.223137 0.036247 0.248826 0.013422 0.000002 
0.076616 0.000000 0.002140 0.048616 0.276932 0.045064 0.001794 0.056935 0.023519 0.000000 0.137428 0.017687 0.025255 0.019651 0.072723 0.031707 0.040282 0.002871 0.120780 
0.103870 0.000000 0.017406 0.031767 0.019984 0.030075 0.013063 0.110864 0.096493 0.000000 0.055509 0.071129 0.048148 0.116586 0.011233 0.030944 0.231225 0.011702 0.000002 
0.011815 0.000000 0.002617 0.008325 0.044390 0.000000 0.193982 0.286204 0.070050 0.000000 0.060901 0.011547 0.003680 0.041026 0.002704 0.198767 0.063967 0.000023 0.000002 
0.085912 0.000000 0.017271 0.000004 0.017076 0.000000 0.025454 0.136118 0.135249 0.075613 0.161007 0.030025 0.048641 0.044296 0.153359 0.052901 0.009227 0.007846 0.000002 
0.019385 0.000000 0.008372 0.000003 0.001140 0.000000 0.001929 0.016387 0.049549 0.000000 0.015766 0.003303 0.844290 0.007775 0.017732 0.005648 0.002487 0.006232 0.000001 
0.022197 0.000000 0.005614 0.000003 0.004604 0.000000 0.016999 0.045657 0.024098 0.000000 0.071991 0.003715 0.035905 0.521008 0.041757 0.002596 0.011774 0.135272 0.056811 
0.037215 0.008035 0.056100 0.250530 0.147341 0.000000 0.050690 0.020629 0.106758 0.000000 0.031400 0.009728 0.023328 0.003956 0.038523 0.020458 0.057246 0.133752 0.004310 
0.004533 0.000000 0.003088 0.000003 0.021612 0.040600 0.134913 0.224908 0.004890 0.000000 0.150203 0.003317 0.016704 0.019068 0.004254 0.040638 0.199513 0.131754 0.000002 
0.096462 0.000000 0.050629 0.105147 0.040160 0.000000 0.008002 0.051194 0.153803 0.126416 0.037021 0.043487 0.093768 0.159056 0.007127 0.005526 0.005605 0.016595 0.000002 
0.061423 0.000000 0.009650 0.000004 0.016071 0.043990 0.068493 0.080995 0.219704 0.000000 0.038334 0.026207 0.322839 0.031194 0.022284 0.017320 0.011669 0.013337 0.016485 
0.081479 0.000000 0.004757 0.189552 0.043831 0.000000 0.046317 0.050338 0.086283 0.000000 0.182675 0.028655 0.010243 0.060300 0.025520 0.020969 0.159271 0.001022 0.008787 
0.023067 0.000000 0.007887 0.000003 0.008732 0.028683 0.008573 0.023245 0.026183 0.000000 0.053790 0.001325 0.616390 0.047790 0.008885 0.003167 0.129337 0.012939 0.000002 
0.106155 0.000000 0.072160 0.000003 0.045316 0.000000 0.017412 0.048665 0.366187 0.068092 0.056186 0.011111 0.099006 0.039555 0.038275 0.002196 0.011972 0.010290 0.007417 
0.128140 0.000000 0.068012 0.000004 0.043750 0.000000 0.018448 0.058503 0.275826 0.086360 0.034167 0.046149 0.039216 0.017913 0.042576 0.018766 0.071772 0.026697 0.023701 
0.083959 0.000000 0.009600 0.019820 0.095746 0.200989 0.039637 0.033584 0.059575 0.000000 0.130049 0.046885 0.144205 0.018423 0.032249 0.020995 0.044384 0.019898 0.000002 
0.044798 0.000000 0.000054 0.000004 0.017238 0.000000 0.002756 0.019251 0.029262 0.000000 0.037726 0.006227 0.169075 0.359217 0.068607 0.001940 0.009368 0.067765 0.166712 
0.366357 0.000000 0.022164 0.000004 0.014396 0.000000 0.023312 0.013431 0.064597 0.000000 0.043812 0.037919 0.017025 0.009390 0.085836 0.098506 0.197202 0.006047 0.000002 
0.006080 0.032253 0.000088 0.062753 0.008730 0.000000 0.388960 0.128345 0.035997 0.000000 0.036680 0.011858 0.018634 0.062335 0.014068 0.055344 0.122582 0.000211 0.015082 
0.034898 0.000000 0.004665 0.000004 0.008291 0.000000 0.064622 0.111936 0.052414 0.000000 0.065610 0.013482 0.271332 0.071856 0.019499 0.024772 0.244914 0.011703 0.000002 
0.052210 0.000000 0.057737 0.014882 0.079637 0.000000 0.005281 0.010992 0.054039 0.000000 0.006457 0.021888 0.033723 0.019608 0.455841 0.003096 0.020678 0.111312 0.052617 
0.030788 0.000000 0.016858 0.000004 0.011100 0.000000 0.140804 0.007770 0.081133 0.000000 0.191511 0.003480 0.006031 0.034076 0.017393 0.403693 0.049588 0.005770 0.000002 
0.060728 0.000000 0.001249 0.071848 0.003934 0.000000 0.009507 0.451385 0.169728 0.000000 0.053246 0.022811 0.003483 0.004217 0.016111 0.078326 0.040729 0.003909 0.008788 
0.035755 0.010370 0.036036 0.000004 0.013661 0.041914 0.086953 0.037858 0.082962 0.000000 0.067782 0.006395 0.038998 0.005002 0.046047 0.109657 0.318519 0.056833 0.005253 
0.019610 0.000000 0.000080 0.000003 0.018038 0.000000 0.128596 0.150072 0.012741 0.000000 0.052579 0.012532 0.011503 0.025667 0.236202 0.114253 0.201037 0.002473 0.014613 
0.099903 0.000000 0.240119 0.052471 0.098595 0.000000 0.019823 0.017034 0.118746 0.000000 0.056645 0.007780 0.066267 0.052575 0.040998 0.008443 0.100310 0.020289 0.000002 
0.005089 0.000000 0.000189 0.716091 0.001588 0.000000 0.048828 0.046846 0.030960 0.000000 0.010765 0.000993 0.011982 0.031098 0.009344 0.040690 0.030397 0.015138 0.000002 
0.265644 0.000000 0.018024 0.010640 0.015722 0.124064 0.061510 0.074697 0.069021 0.000000 0.054929 0.070144 0.018260 0.015753 0.042746 0.059373 0.042331 0.025581 0.031561 
0.248264 0.000000 0.022711 0.000003 0.010213 0.000000 0.002477 0.069759 0.082430 0.000000 0.084965 0.237929 0.074746 0.019849 0.019374 0.035671 0.008905 0.074169 0.008536 
0.192931 0.000000 0.077632 0.012167 0.041057 0.000000 0.076029 0.080777 0.169046 0.000000 0.106511 0.069753 0.021327 0.043999 0.014458 0.026198 0.033775 0.018512 0.015826 
0.014198 0.012672 0.000084 0.012255 0.005486 0.022395 0.198248 0.344273 0.030114 0.000000 0.046084 0.006444 0.012987 0.012831 0.009650 0.046859 0.204961 0.002543 0.017916 
0.042867 0.000000 0.016028 0.000004 0.005105 0.061684 0.003306 0.077156 0.076335 0.000000 0.088301 0.011931 0.157473 0.021792 0.057081 0.054967 0.237853 0.088114 0.000002 
0.061050 0.000000 0.187657 0.010359 0.047908 0.000000 0.009603 0.034804 0.071145 0.000000 0.057991 0.023904 0.374165 0.030316 0.016244 0.010525 0.042541 0.021787 0.000002 
0.021101 0.000000 0.006132 0.189469 0.024462 0.000000 0.017417 0.055542 0.246896 0.000000 0.030481 0.007658 0.265498 0.016008 0.021571 0.006852 0.017529 0.073380 0.000002 
0.088614 0.000000 0.061668 0.101938 0.042916 0.000000 0.025120 0.059792 0.198497 0.132923 0.109799 0.020138 0.023904 0.023918 0.048051 0.025019 0.022183 0.015519 0.000002 
0.095618 0.013246 0.002145 0.015036 0.259059 0.000000 0.061030 0.120203 0.050982 0.000000 0.039877 0.103683 0.054553 0.024601 0.017666 0.011738 0.101998 0.028565 0.000002 
0.030538 0.000000 0.006342 0.155326 0.030144 0.000000 0.018309 0.072501 0.398289 0.000000 0.097438 0.008515 0.013740 0.044990 0.069723 0.027198 0.025579 0.001366 0.000002 
0.212890 0.000000 0.016401 0.086141 0.022380 0.000000 0.010311 0.011182 0.043442 0.000000 0.351174 0.031712 0.019497 0.072195 0.042904 0.041038 0.030485 0.008246 0.000002 
0.039482 0.000000 0.000686 0.030578 0.016987 0.000000 0.143922 0.020267 0.063909 0.008965 0.082320 0.016629 0.004221 0.023506 0.096660 0.320799 0.084473 0.001753 0.044845 
0.114793 0.000000 0.038511 0.000003 0.053477 0.020215 0.023500 0.042303 0.199491 0.135479 0.077060 0.016701 0.049170 0.111552 0.055583 0.034209 0.014967 0.012986 0.000002 
0.039919 0.000000 0.009628 0.000004 0.004265 0.083634 0.025901 0.017131 0.082811 0.000000 0.468834 0.019497 0.038641 0.046342 0.059445 0.032344 0.038080 0.020476 0.013049 
0.166243 0.000000 0.019430 0.000004 0.023716 0.054780 0.008864 0.036757 0.140290 0.040448 0.159908 0.099200 0.021053 0.033065 0.045486 0.024696 0.065001 0.034290 0.026771 
0.006464 0.000000 0.000136 0.000004 0.004122 0.000000 0.025266 0.021939 0.002658 0.000000 0.531614 0.009418 0.047485 0.027911 0.002361 0.052147 0.013336 0.255137 0.000002 
0.263358 0.000000 0.023178 0.000004 0.154863 0.000000 0.017513 0.134076 0.068011 0.000000 0.028660 0.064763 0.010924 0.019939 0.102037 0.058804 0.032565 0.013719 0.007586 
0.028927 0.011647 0.008968 0.000004 0.006758 0.000000 0.005205 0.011273 0.042934 0.035598 0.046154 0.041344 0.085602 0.599764 0.008863 0.019034 0.016267 0.022380 0.009277 
0.024834 0.020086 0.000098 0.000004 0.008831 0.034309 0.073350 0.362847 0.029447 0.000000 0.034213 0.006857 0.026323 0.262425 0.014981 0.030286 0.055576 0.000187 0.015345 
0.120841 0.000000 0.037364 0.007499 0.032290 0.000000 0.001570 0.238231 0.073109 0.000000 0.019504 0.031645 0.051661 0.011527 0.031713 0.019337 0.037549 0.286159 0.000002 
0.091889 0.000000 0.273777 0.031494 0.084858 0.003632 0.091040 0.040077 0.115032 0.000000 0.118700 0.026181 0.016834 0.009975 0.005690 0.057792 0.026467 0.006560 0.000001 
0.118908 0.000000 0.040083 0.103561 0.024407 0.000000 0.018326 0.023683 0.089248 0.014739 0.034424 0.090119 0.130125 0.181551 0.030361 0.025917 0.036011 0.038535 0.000002 
0.091483 0.000000 0.037961 0.107573 0.034222 0.033623 0.030622 0.050568 0.227602 0.031688 0.054241 0.012752 0.181136 0.003351 0.055351 0.014080 0.011468 0.013693 0.008588 
0.033858 0.013839 0.004180 0.264446 0.012100 0.000000 0.069731 0.285288 0.028103 0.000000 0.045181 0.014155 0.013844 0.036388 0.012485 0.064307 0.091640 0.010452 0.000002 
0.037655 0.000000 0.007264 0.000004 0.054104 0.000000 0.082961 0.090484 0.110096 0.000000 0.081320 0.024294 0.007055 0.007549 0.098431 0.077064 0.300485 0.009495 0.011739 
0.133780 0.000000 0.019305 0.000004 0.041190 0.000000 0.028759 0.042285 0.178655 0.103179 0.256312 0.044524 0.036681 0.013419 0.033740 0.026916 0.004435 0.036814 0.000002 
0.036172 0.000000 0.000108 0.000004 0.006249 0.027842 0.008432 0.027341 0.033541 0.000000 0.023059 0.026217 0.417989 0.020073 0.021817 0.006477 0.015041 0.238286 0.091354 
0.004567 0.000000 0.000059 0.000003 0.061843 0.000000 0.144418 0.020710 0.041801 0.000000 0.190496 0.008799 0.044611 0.038547 0.011378 0.368694 0.061679 0.002393 0.000002 
0.021937 0.000000 0.000119 0.136289 0.565381 0.000000 0.028461 0.037004 0.039220 0.000000 0.007725 0.010242 0.023316 0.043720 0.013985 0.028382 0.024845 0.019371 0.000002 
0.143791 0.000000 0.010133 0.006363 0.014095 0.024163 0.010590 0.032177 0.048746 0.000000 0.037648 0.033959 0.346848 0.067874 0.060985 0.045565 0.093155 0.023905 0.000002 
0.060779 0.000000 0.000267 0.169302 0.327634 0.027861 0.028516 0.047529 0.031445 0.000000 0.018760 0.002040 0.015783 0.026452 0.131231 0.015994 0.043674 0.052730 0.000002 
0.009688 0.000000 0.001331 0.011714 0.020083 0.000000 0.082183 0.005330 0.041303 0.000000 0.429233 0.002588 0.003492 0.086827 0.003012 0.250236 0.052955 0.000025 0.000001 
0.096222 0.000000 0.025317 0.000004 0.018288 0.000000 0.010525 0.011395 0.106808 0.000000 0.083651 0.015943 0.021437 0.032831 0.047655 0.076330 0.352800 0.009558 0.091236 
0.077673 0.017474 0.014979 0.000004 0.233323 0.000000 0.102939 0.096737 0.206266 0.000000 0.057830 0.034560 0.039410 0.029247 0.028321 0.020441 0.038552 0.002243 0.000002 
0.071724 0.000000 0.001136 0.026840 0.007164 0.000000 0.035842 0.060834 0.239879 0.000000 0.052752 0.006609 0.029558 0.073623 0.020101 0.002479 0.183608 0.165522 0.022328 
0.057880 0.000000 0.013456 0.000004 0.006143 0.000000 0.028373 0.031738 0.057156 0.000000 0.065889 0.048449 0.052584 0.022687 0.010582 0.014688 0.276559 0.313810 0.000002 
0.032297 0.000000 0.019920 0.388676 0.010573 0.000000 0.060664 0.066876 0.060477 0.023138 0.073157 0.022190 0.007649 0.057274 0.013082 0.025357 0.134603 0.004063 0.000002 
0.063348 0.000000 0.000096 0.000004 0.005621 0.000000 0.010244 0.034996 0.058882 0.000000 0.005847 0.011009 0.049557 0.025796 0.507089 0.019360 0.033605 0.144675 0.029870 
0.075121 0.000000 0.035157 0.021753 0.090764 0.193089 0.030706 0.029229 0.052154 0.000000 0.090381 0.001707 0.041123 0.260436 0.027846 0.020162 0.030125 0.000244 0.000002 
0.072558 0.000000 0.047030 0.007616 0.011694 0.000000 0.002419 0.009145 0.077916 0.011296 0.083455 0.006495 0.028703 0.073184 0.021632 0.020941 0.521804 0.004112 0.000002 
0.099729 0.000000 0.058607 0.000004 0.027241 0.000000 0.003452 0.068802 0.070165 0.000000 0.053072 0.001536 0.016170 0.005785 0.145741 0.033878 0.147652 0.004585 0.263582 
0.225072 0.000000 0.021517 0.091983 0.019486 0.000000 0.007633 0.008178 0.103516 0.000000 0.070902 0.055856 0.080745 0.094425 0.072987 0.030137 0.044512 0.073047 0.000002 
0.057358 0.000000 0.015257 0.000004 0.026533 0.000000 0.127241 0.038275 0.089830 0.048076 0.086885 0.021694 0.010380 0.029336 0.013706 0.331306 0.015123 0.088994 0.000002 
0.085676 0.000000 0.001382 0.013716 0.045997 0.105615 0.013855 0.124916 0.124242 0.000000 0.067551 0.013355 0.257149 0.035017 0.025306 0.037745 0.034283 0.014193 0.000002 
0.012040 0.000000 0.027572 0.000004 0.012934 0.000000 0.000228 0.022958 0.008755 0.000000 0.026043 0.000888 0.685867 0.161024 0.003341 0.004721 0.012644 0.020979 0.000002 
0.086651 0.000000 0.288297 0.013949 0.112887 0.000000 0.051490 0.083260 0.132284 0.000000 0.020779 0.017893 0.012455 0.012735 0.018232 0.031318 0.090966 0.026802 0.000002 
0.101947 0.000000 0.009954 0.000003 0.042571 0.062161 0.007888 0.230724 0.260274 0.000000 0.079349 0.020606 0.019159 0.014623 0.011560 0.038785 0.093960 0.006435 0.000002 
0.042061 0.000000 0.009502 0.030757 0.073263 0.000000 0.003481 0.067669 0.064953 0.000000 0.039760 0.000689 0.129893 0.012973 0.458636 0.016888 0.023438 0.005405 0.020633 
0.040157 0.000000 0.000069 0.000003 0.007686 0.000000 0.352207 0.123830 0.103582 0.000000 0.029252 0.017314 0.030235 0.069316 0.144146 0.012511 0.046906 0.013114 0.009672 
0.146405 0.000000 0.130696 0.000004 0.069067 0.000000 0.079133 0.040441 0.067089 0.000000 0.040582 0.024905 0.011730 0.070557 0.017832 0.251345 0.045813 0.004400 0.000002 
0.053434 0.000000 0.010182 0.061837 0.014702 0.000000 0.038326 0.031842 0.056718 0.013090 0.082200 0.014948 0.018095 0.016090 0.107221 0.025090 0.439398 0.016827 0.000002 
0.286248 0.000000 0.012522 0.000004 0.004389 0.000000 0.002123 0.023187 0.038743 0.000000 0.036696 0.022742 0.043803 0.018644 0.158555 0.074431 0.040228 0.009286 0.228401 
0.045460 0.000000 0.000192 0.338148 0.178083 0.000000 0.023736 0.009003 0.058075 0.000000 0.166265 0.000414 0.003752 0.069952 0.028342 0.030486 0.048067 0.000024 0.000002 
0.016178 0.000000 0.008784 0.071394 0.006178 0.000000 0.034505 0.037550 0.047571 0.000000 0.599946 0.001611 0.039723 0.071683 0.016718 0.033388 0.014572 0.000197 0.000002 
0.032673 0.017365 0.004238 0.000003 0.018056 0.000000 0.307776 0.183626 0.157182 0.000000 0.035093 0.016901 0.009587 0.018111 0.014706 0.053435 0.131057 0.000188 0.000002 
0.138346 0.000000 0.014714 0.000004 0.006993 0.093880 0.021086 0.014312 0.078975 0.000000 0.043281 0.060007 0.037146 0.038335 0.365346 0.067969 0.006856 0.012747 0.000002 
0.057178 0.000000 0.044213 0.082591 0.023317 0.000000 0.073557 0.043210 0.068789 0.000000 0.092074 0.020918 0.023670 0.026348 0.027114 0.136023 0.273929 0.007068 0.000002 
0.116220 0.000000 0.022102 0.013601 0.015274 0.109480 0.025576 0.039320 0.303573 0.048240 0.051981 0.014379 0.030940 0.009290 0.032629 0.015223 0.151708 0.000463 0.000002 
0.048024 0.000000 0.000220 0.186699 0.033469 0.000000 0.079032 0.009532 0.042899 0.018128 0.087978 0.021567 0.030870 0.002626 0.013551 0.249653 0.042947 0.119770 0.013035 
0.003268 0.000000 0.000077 0.000003 0.014499 0.000000 0.067130 0.106651 0.012543 0.015081 0.432905 0.006422 0.030486 0.170893 0.001363 0.037327 0.091810 0.002941 0.006601 
0.001687 0.015398 0.002497 0.018785 0.003396 0.000000 0.094907 0.149321 0.016730 0.000000 0.061104 0.009496 0.064300 0.011392 0.002638 0.012401 0.132649 0.403298 0.000002 
0.045717 0.000000 0.002472 0.000004 0.024923 0.000000 0.019835 0.007663 0.034887 0.000000 0.021488 0.022050 0.088359 0.004302 0.040545 0.022271 0.045974 0.539768 0.079743 
0.086568 0.000000 0.125324 0.026995 0.137896 0.000000 0.007583 0.009090 0.069824 0.000000 0.056337 0.022824 0.029437 0.249839 0.029795 0.020556 0.126623 0.001306 0.000002 
0.091669 0.000000 0.024589 0.000004 0.031510 0.019785 0.014099 0.214409 0.207806 0.085210 0.043841 0.049456 0.012209 0.020075 0.027041 0.054459 0.080314 0.023522 0.000002 
0.124706 0.005552 0.014093 0.000003 0.153952 0.000000 0.013543 0.047751 0.187819 0.032778 0.157371 0.063947 0.020556 0.021360 0.037344 0.016105 0.053763 0.033937 0.015421 
0.024044 0.000000 0.010310 0.000004 0.011779 0.006796 0.113579 0.144932 0.004863 0.000000 0.072046 0.021687 0.071642 0.182662 0.023700 0.029577 0.143938 0.138439 0.000002 
0.030026 0.007473 0.005441 0.017796 0.007263 0.000000 0.055274 0.027539 0.013734 0.000000 0.023518 0.025073 0.690510 0.023670 0.003053 0.009089 0.019771 0.040767 0.000001 
0.095830 0.000000 0.031045 0.000003 0.020081 0.000000 0.012987 0.087469 0.567863 0.000000 0.024349 0.004596 0.028565 0.013850 0.061379 0.010822 0.006981 0.004237 0.029942 
0.078518 0.000000 0.254762 0.037768 0.100205 0.022593 0.013834 0.118892 0.113899 0.000000 0.022008 0.056347 0.020698 0.015259 0.056820 0.048679 0.021759 0.017956 0.000002 
0.220526 0.040113 0.011611 0.000003 0.015189 0.000000 0.032355 0.091691 0.067559 0.015426 0.057831 0.195478 0.025443 0.015396 0.029607 0.052314 0.050718 0.043446 0.035292 
0.125236 0.000000 0.022080 0.107741 0.027846 0.000000 0.087581 0.032719 0.265610 0.046684 0.061092 0.056149 0.010096 0.039186 0.038041 0.014073 0.059063 0.006802 0.000002 
0.053361 0.000000 0.000072 0.000004 0.016096 0.000000 0.004216 0.399314 0.066670 0.000000 0.083656 0.039745 0.024300 0.167525 0.004692 0.097920 0.017720 0.009298 0.015412 
0.186195 0.000000 0.012285 0.159487 0.061546 0.000000 0.010205 0.034102 0.108565 0.000000 0.051462 0.203070 0.006470 0.046234 0.034392 0.024906 0.011062 0.035239 0.014779 
0.072059 0.000000 0.019433 0.000004 0.115804 0.000000 0.013631 0.112066 0.315378 0.000000 0.125409 0.063134 0.020392 0.019214 0.004231 0.035278 0.040622 0.043344 0.000002 
0.138923 0.000000 0.016861 0.016521 0.039834 0.041548 0.009654 0.032100 0.055466 0.000000 0.063544 0.092567 0.072817 0.012851 0.258204 0.043566 0.028626 0.057152 0.019767 
0.043759 0.000000 0.003685 0.000004 0.531951 0.000000 0.029905 0.027369 0.055498 0.000000 0.047028 0.004021 0.023502 0.039472 0.019644 0.095773 0.063830 0.014557 0.000001 
0.064290 0.000000 0.088446 0.000004 0.036994 0.000000 0.004622 0.177841 0.043662 0.000000 0.083896 0.002136 0.368936 0.022017 0.009849 0.035546 0.026011 0.029485 0.006265 
0.108521 0.000000 0.244241 0.000004 0.118459 0.000000 0.041149 0.007697 0.227612 0.000000 0.026499 0.013856 0.043608 0.013180 0.038458 0.054378 0.053367 0.008969 0.000002 
0.060857 0.000000 0.025900 0.401661 0.027436 0.000000 0.101928 0.029068 0.076425 0.063951 0.068321 0.023107 0.031020 0.006082 0.034246 0.023017 0.017478 0.009500 0.000002 
0.104683 0.000000 0.009154 0.000004 0.033973 0.034241 0.013253 0.064949 0.304765 0.000000 0.038719 0.020029 0.020528 0.029966 0.037559 0.003894 0.023952 0.260328 0.000002 
0.036317 0.028432 0.000789 0.030396 0.006758 0.000000 0.354570 0.102410 0.054465 0.000000 0.118223 0.008935 0.015874 0.037831 0.018928 0.077304 0.096690 0.012078 0.000002 
0.124704 0.000000 0.029435 0.000004 0.083804 0.000000 0.014737 0.046309 0.206110 0.000000 0.065010 0.065310 0.037217 0.036731 0.056063 0.004010 0.220344 0.010210 0.000002 
0.020867 0.000000 0.013395 0.000003 0.020701 0.000000 0.165092 0.047972 0.022857 0.000000 0.113926 0.038843 0.018511 0.011514 0.012732 0.397262 0.109953 0.006371 0.000002 
0.111951 0.000000 0.008502 0.000004 0.008889 0.104465 0.039968 0.043127 0.034946 0.000000 0.146660 0.022762 0.035193 0.017940 0.201561 0.009622 0.030801 0.005619 0.177990 
0.063467 0.000000 0.007165 0.007311 0.041195 0.037651 0.036252 0.051430 0.431784 0.000000 0.035680 0.016420 0.104765 0.039234 0.053338 0.030050 0.033484 0.010771 0.000002 
0.149196 0.000000 0.015808 0.000004 0.016677 0.030833 0.032417 0.104874 0.049452 0.000000 0.073490 0.084859 0.017113 0.035874 0.244177 0.093552 0.015163 0.028607 0.007906 
0.230274 0.006154 0.008358 0.000003 0.070315 0.000000 0.248254 0.018331 0.074603 0.000000 0.020764 0.040053 0.031862 0.014444 0.065999 0.093349 0.034591 0.009257 0.033389 
0.092298 0.000000 0.014860 0.000004 0.024704 0.000000 0.077648 0.103113 0.040927 0.030999 0.094851 0.037035 0.022330 0.050215 0.025845 0.219634 0.076521 0.001493 0.087525 
0.007464 0.000000 0.006235 0.000004 0.019311 0.000000 0.149831 0.015502 0.037235 0.000000 0.172104 0.006361 0.029700 0.064574 0.029548 0.404461 0.054283 0.003385 0.000002 
0.133191 0.000000 0.046484 0.000003 0.048183 0.000000 0.017327 0.242217 0.293284 0.000000 0.046961 0.007347 0.020768 0.029831 0.020269 0.032095 0.061674 0.000363 0.000002 
0.080566 0.000000 0.003216 0.004526 0.009669 0.000000 0.007079 0.054817 0.033227 0.000000 0.040015 0.001615 0.012018 0.013764 0.416901 0.028911 0.029966 0.005417 0.258293 
0.107716 0.000000 0.025656 0.014722 0.029634 0.036537 0.092485 0.230138 0.181667 0.064904 0.044983 0.014248 0.026615 0.017999 0.016472 0.029607 0.034383 0.014568 0.017666 
0.164085 0.000000 0.014235 0.000003 0.277434 0.000000 0.046698 0.033033 0.074391 0.000000 0.026735 0.025689 0.024808 0.022348 0.038330 0.177360 0.070701 0.004149 0.000002 
0.053591 0.000000 0.000065 0.013358 0.014166 0.027385 0.010822 0.597545 0.054522 0.000000 0.055571 0.031048 0.013156 0.008473 0.002835 0.071334 0.017893 0.028234 0.000002 
0.157222 0.000000 0.023142 0.036285 0.013762 0.000000 0.117658 0.013552 0.054814 0.000000 0.360945 0.019916 0.016194 0.095867 0.035478 0.015201 0.034782 0.005180 0.000002 
0.291117 0.000000 0.012430 0.000004 0.016792 0.000000 0.057818 0.026129 0.316082 0.000000 0.030287 0.051159 0.021542 0.030416 0.060272 0.058015 0.023339 0.004597 0.000002 
0.162290 0.000000 0.022506 0.020811 0.015154 0.020487 0.002252 0.075438 0.099043 0.062998 0.055759 0.035811 0.118584 0.025499 0.054838 0.024468 0.052865 0.058562 0.092636 
0.094781 0.000000 0.028105 0.000004 0.010993 0.017619 0.194593 0.046270 0.126657 0.000000 0.034107 0.025227 0.023836 0.090016 0.030957 0.092317 0.182015 0.002501 0.000002 
0.145022 0.000000 0.162533 0.011846 0.103359 0.000000 0.004919 0.036179 0.251341 0.000000 0.036914 0.055784 0.042969 0.018042 0.034515 0.006621 0.053060 0.011253 0.025643 
0.034305 0.000000 0.010930 0.019771 0.007575 0.000000 0.023967 0.018825 0.052695 0.000000 0.053060 0.005492 0.254130 0.057262 0.007048 0.018658 0.384962 0.051317 0.000001 
0.143619 0.000000 0.004069 0.000004 0.027170 0.000000 0.001520 0.064540 0.110656 0.076757 0.103893 0.011351 0.020197 0.010869 0.090481 0.051829 0.003524 0.008727 0.270795 
0.104976 0.000000 0.000151 0.010372 0.000533 0.000000 0.009212 0.098828 0.233194 0.000000 0.028790 0.001043 0.015531 0.033421 0.132074 0.016371 0.000998 0.006297 0.308210 
0.055636 0.005509 0.000099 0.080188 0.008862 0.000000 0.010418 0.088805 0.252313 0.000000 0.022047 0.025615 0.047708 0.034799 0.050776 0.003903 0.037915 0.275405 0.000002 
0.132501 0.000000 0.002799 0.000003 0.008082 0.000000 0.013864 0.062811 0.025993 0.000000 0.153011 0.009977 0.020232 0.035164 0.158949 0.012367 0.003806 0.009616 0.350825 
0.144891 0.000000 0.008725 0.059193 0.023203 0.017049 0.009307 0.017547 0.057832 0.000000 0.020309 0.151988 0.301895 0.082908 0.012376 0.034853 0.004617 0.031107 0.022199 
0.167428 0.000000 0.011732 0.000004 0.383242 0.000000 0.006327 0.059720 0.039480 0.000000 0.022279 0.089374 0.064568 0.050188 0.041527 0.020761 0.026336 0.017033 0.000002 
0.129561 0.000000 0.008204 0.000003 0.003337 0.000000 0.019962 0.048652 0.016859 0.000000 0.293328 0.019511 0.020982 0.036142 0.087928 0.038827 0.013858 0.011727 0.251119 
