-1965315.917227
0
0.035261 0.041894 0.004879 0.032346 0.028077 0.014289 0.004707 0.026335 0.024095 0.005615 0.000000 0.019414 0.013097 0.013682 0.017474 0.016604 0.015804 0.005027 0.004562 0.021710 0.000000 0.000000 0.012580 0.003656 0.015038 0.034320 0.000000 0.001561 0.020665 0.019263 0.005789 0.028992 0.017636 0.000000 0.000000 0.026850 0.016278 0.021105 0.032527 0.031350 0.004493 0.007443 0.000000 0.006204 0.000000 0.003905 0.008587 0.000000 0.000000 0.021127 0.000872 0.003968 0.016432 0.013667 0.001935 0.019495 0.007460 0.000000 0.000000 0.005458 0.010457 0.009846 0.018916 0.016339 0.001645 0.000963 0.000000 0.003079 0.001837 0.003270 0.013471 0.001204 0.006381 0.023439 0.000000 0.002594 0.000000 0.015685 0.001466 0.008574 0.000000 0.000000 0.000000 0.010606 0.011762 0.013365 0.012686 0.025711 0.001704 0.003228 0.000000 0.004715 0.000000 0.005394 0.013311 0.004829 
0.060433 0.016169 0.011595 0.024480 0.000000 0.000704 0.002055 0.001631 0.001374 0.000000 0.000000 0.002493 0.002253 0.000000 0.004102 0.001768 0.000000 0.000000 0.000000 0.001041 0.000907 0.001066 0.001404 0.000000 0.104334 0.036618 0.018793 0.047660 0.000000 0.003351 0.006448 0.002810 0.006532 0.003385 0.008071 0.002224 0.000000 0.003763 0.011995 0.000000 0.000000 0.000000 0.000000 0.000000 0.000000 0.000000 0.004000 0.000000 0.138656 0.031095 0.021810 0.078544 0.000000 0.000000 0.003350 0.000000 0.000000 0.000000 0.000431 0.000000 0.002475 0.001360 0.000000 0.003767 0.000000 0.000000 0.003143 0.000000 0.000515 0.000000 0.006981 0.000988 0.079884 0.064152 0.019476 0.126263 0.000000 0.006707 0.002589 0.000000 0.000000 0.000000 0.000000 0.000000 0.004647 0.001246 0.002472 0.002349 0.000000 0.001772 0.000000 0.000000 0.000000 0.001874 0.000000 0.000000 
0.000000 0.000000 0.000000 0.003749 0.000000 0.000526 0.000000 0.000000 0.009217 0.001311 0.000000 0.006190 0.000000 0.000955 0.000000 0.001627 0.000000 0.006434 0.000000 0.000000 0.000000 0.010083 0.004746 0.039193 0.000000 0.000000 0.000000 0.000798 0.000837 0.000000 0.000000 0.000870 0.015814 0.000000 0.003764 0.005995 0.000000 0.008855 0.002439 0.037354 0.006314 0.045758 0.028861 0.123208 0.000000 0.024202 0.015811 0.328369 0.003571 0.000000 0.000000 0.007542 0.000000 0.000000 0.000000 0.001327 0.000000 0.000000 0.000000 0.000000 0.000000 0.003682 0.002842 0.005571 0.000000 0.008819 0.000000 0.006417 0.000000 0.010668 0.006023 0.075549 0.000000 0.000001 0.001450 0.000000 0.000000 0.000000 0.000000 0.001173 0.000000 0.002247 0.000000 0.011606 0.000000 0.000874 0.000000 0.002166 0.000000 0.008947 0.004191 0.009026 0.000000 0.011763 0.005138 0.076129 
0.000000 0.003629 0.000504 0.007031 0.000000 0.001490 0.000000 0.001269 0.044150 0.028024 0.040842 0.027504 0.000000 0.000000 0.000000 0.004048 0.008108 0.013815 0.043627 0.002285 0.000000 0.000000 0.000000 0.000000 0.020584 0.043990 0.013378 0.160933 0.000000 0.000000 0.000000 0.000000 0.007189 0.019720 0.050827 0.013373 0.000000 0.005533 0.000626 0.002645 0.012439 0.014112 0.061748 0.006631 0.000000 0.009347 0.014766 0.000000 0.000000 0.006104 0.003755 0.018871 0.000000 0.001946 0.000000 0.000920 0.080701 0.063148 0.000000 0.058860 0.000000 0.003530 0.000845 0.000895 0.000000 0.000000 0.024476 0.000000 0.000000 0.003648 0.002761 0.001455 0.000000 0.007115 0.000000 0.005678 0.000000 0.000000 0.000000 0.000000 0.000000 0.000000 0.000000 0.003114 0.000000 0.000000 0.000000 0.001914 0.000000 0.006139 0.019958 0.000000 0.000000 0.000000 0.000000 0.000000 
0.000000 0.000000 0.000000 0.007083 0.000555 0.000000 0.000000 0.000000 0.000002 0.000000 0.003572 0.004798 0.000000 0.000000 0.000000 0.000000 0.000000 0.004217 0.000000 0.000886 0.000000 0.004425 0.001839 0.016200 0.000000 0.000000 0.000000 0.013706 0.000000 0.000000 0.000000 0.000000 0.000000 0.000000 0.004857 0.000000 0.000000 0.000000 0.000000 0.000265 0.000000 0.000000 0.000000 0.000000 0.002661 0.000820 0.001708 0.013200 0.000000 0.001166 0.000723 0.002609 0.000000 0.000000 0.000000 0.000000 0.000000 0.000000 0.005913 0.004935 0.000000 0.000000 0.000000 0.000000 0.001889 0.005274 0.003134 0.012524 0.000000 0.001636 0.000499 0.000000 0.043159 0.009351 0.002646 0.384945 0.000000 0.000000 0.000000 0.000000 0.000000 0.021040 0.253061 0.042064 0.000000 0.000000 0.000000 0.003499 0.001216 0.009183 0.004394 0.010197 0.007560 0.009411 0.002232 0.074941 
0.017794 0.008355 0.000000 0.003651 0.006559 0.000000 0.000000 0.002557 0.003368 0.000000 0.003558 0.004981 0.023255 0.004298 0.009384 0.032451 0.020306 0.003900 0.000000 0.038636 0.079301 0.008223 0.005682 0.028142 0.007408 0.000000 0.000000 0.000000 0.000000 0.000000 0.000000 0.001831 0.000001 0.000000 0.003074 0.000001 0.008638 0.002125 0.001658 0.000000 0.014844 0.000000 0.000000 0.010840 0.046293 0.004909 0.015107 0.000000 0.013616 0.014568 0.000000 0.003969 0.000000 0.003048 0.000000 0.004057 0.000000 0.000000 0.000000 0.000000 0.005127 0.000000 0.000000 0.002737 0.000000 0.002719 0.000000 0.003303 0.016090 0.000000 0.006966 0.014134 0.036765 0.000002 0.000000 0.045793 0.000000 0.000000 0.000000 0.000000 0.000000 0.000000 0.000000 0.003723 0.043825 0.000000 0.023128 0.020685 0.013464 0.006127 0.005860 0.052994 0.115297 0.012219 0.014559 0.094100 
0.000000 0.002224 0.000000 0.021454 0.000557 0.000000 0.000000 0.000000 0.015902 0.023411 0.043902 0.013679 0.000000 0.008212 0.000000 0.004477 0.001733 0.004302 0.000000 0.004711 0.000000 0.000000 0.000721 0.005089 0.003869 0.006332 0.000000 0.045363 0.000000 0.000000 0.000000 0.000000 0.000000 0.000000 0.015873 0.004513 0.000000 0.001560 0.000000 0.000000 0.000000 0.000000 0.000000 0.000000 0.000000 0.000000 0.000000 0.000000 0.000000 0.012068 0.000000 0.063578 0.000997 0.000000 0.000000 0.000000 0.062143 0.145033 0.232254 0.096871 0.000000 0.003370 0.001084 0.002075 0.021054 0.042835 0.009575 0.010116 0.000000 0.001113 0.002674 0.014868 0.000000 0.008645 0.000583 0.023716 0.000000 0.000475 0.000000 0.000000 0.000000 0.000000 0.000000 0.001832 0.000000 0.001723 0.000000 0.000000 0.003608 0.008108 0.000000 0.001713 0.000000 0.000000 0.000000 0.000000 
0.000000 0.000000 0.000000 0.000000 0.005092 0.000677 0.000000 0.003402 0.001516 0.000000 0.000000 0.000001 0.000000 0.000000 0.000000 0.000000 0.000000 0.000000 0.000000 0.000000 0.000000 0.001167 0.000000 0.000000 0.000971 0.000000 0.000000 0.000000 0.006707 0.000000 0.000000 0.005640 0.000336 0.000000 0.000000 0.000000 0.000000 0.000000 0.000000 0.000000 0.000000 0.000000 0.000000 0.000000 0.000000 0.000000 0.000000 0.000000 0.000000 0.000000 0.000810 0.000000 0.001163 0.000857 0.000000 0.003932 0.000000 0.000000 0.000000 0.000000 0.000000 0.000000 0.001446 0.000000 0.000000 0.000000 0.000000 0.000000 0.000000 0.000000 0.000000 0.000000 0.052603 0.018162 0.001811 0.013184 0.323344 0.069135 0.011169 0.397374 0.077502 0.000000 0.000000 0.001998 0.000000 0.000000 0.000000 0.000000 0.000000 0.000000 0.000000 0.000000 0.000000 0.000000 0.000000 0.000000 
0.010253 0.008432 0.001400 0.000000 0.001568 0.003190 0.000000 0.004150 0.039549 0.000000 0.282834 0.005116 0.003811 0.000000 0.000895 0.010844 0.006501 0.000000 0.007671 0.002084 0.000000 0.004004 0.000000 0.003091 0.001556 0.005019 0.000000 0.000000 0.000000 0.000000 0.000000 0.000000 0.019421 0.004045 0.174587 0.004888 0.000000 0.000000 0.000000 0.000000 0.000000 0.000000 0.000000 0.002261 0.000000 0.001360 0.000000 0.004867 0.008663 0.004199 0.000000 0.000000 0.000000 0.003027 0.000000 0.000000 0.030369 0.000000 0.152433 0.006129 0.000000 0.000000 0.000000 0.003824 0.009614 0.000000 0.000000 0.008953 0.000000 0.000000 0.000000 0.000000 0.012258 0.006504 0.002237 0.000000 0.000000 0.000000 0.000000 0.000000 0.004836 0.000000 0.112629 0.000000 0.004254 0.000000 0.000877 0.000000 0.004934 0.000000 0.006147 0.002440 0.000000 0.000000 0.002276 0.000000 
0.000000 0.000000 0.000000 0.000000 0.000000 0.000000 0.000000 0.000000 0.010291 0.076398 0.000000 0.043047 0.000495 0.000000 0.001555 0.001012 0.000000 0.000000 0.000000 0.001755 0.000000 0.000000 0.000000 0.000000 0.000000 0.000000 0.000000 0.000000 0.000000 0.000000 0.000000 0.000000 0.063930 0.162378 0.015447 0.119447 0.000000 0.001293 0.000000 0.000294 0.000000 0.000000 0.000000 0.000424 0.000000 0.000312 0.000000 0.000000 0.000000 0.000000 0.000000 0.000000 0.000000 0.000000 0.000000 0.000000 0.012455 0.070079 0.000000 0.053571 0.000000 0.000000 0.000000 0.000000 0.000000 0.000000 0.000000 0.007011 0.000000 0.000000 0.001672 0.000000 0.000000 0.002923 0.000000 0.000000 0.000000 0.000000 0.000000 0.000000 0.014298 0.222182 0.033452 0.078557 0.000000 0.000000 0.000000 0.003234 0.000655 0.000000 0.000671 0.000000 0.000000 0.001160 0.000000 0.000000 
0.004341 0.000000 0.000000 0.000000 0.001592 0.000825 0.000000 0.002257 0.010100 0.000000 0.000000 0.000880 0.005765 0.008563 0.004889 0.006956 0.087791 0.038466 0.069887 0.052267 0.000000 0.002228 0.002049 0.001208 0.011018 0.003050 0.002095 0.000000 0.000000 0.000976 0.000000 0.000000 0.019030 0.000000 0.000000 0.017812 0.002587 0.010911 0.003495 0.002545 0.033988 0.042101 0.047268 0.036855 0.000000 0.006840 0.005856 0.000000 0.003212 0.001335 0.000600 0.000000 0.000000 0.000000 0.000000 0.000000 0.008561 0.004914 0.000000 0.009688 0.001783 0.003018 0.001384 0.001734 0.053151 0.029385 0.046266 0.042540 0.000000 0.000000 0.000000 0.002637 0.005644 0.005843 0.003569 0.000000 0.000000 0.001285 0.000000 0.000000 0.008488 0.000000 0.000000 0.000000 0.006528 0.014521 0.003591 0.007070 0.056626 0.042143 0.036746 0.041757 0.000000 0.004740 0.000000 0.004752 
0.000000 0.000000 0.000000 0.000000 0.000000 0.000000 0.000416 0.000000 0.005171 0.000000 0.000000 0.000001 0.000000 0.000000 0.000000 0.000550 0.000000 0.000000 0.000000 0.000673 0.000000 0.000000 0.000000 0.000000 0.001095 0.000000 0.000000 0.000000 0.000000 0.000000 0.000000 0.000000 0.021995 0.000000 0.005443 0.005506 0.000000 0.000000 0.000000 0.000000 0.000000 0.000000 0.000000 0.000000 0.000000 0.000000 0.000000 0.000000 0.000000 0.000000 0.000000 0.000000 0.000000 0.000000 0.000000 0.000000 0.001849 0.000000 0.000000 0.000000 0.000000 0.000000 0.000000 0.000000 0.000000 0.000000 0.000000 0.000000 0.000000 0.000000 0.000000 0.000000 0.009083 0.006156 0.001961 0.004072 0.000000 0.000000 0.000000 0.022601 0.487495 0.112729 0.062925 0.248547 0.000000 0.000000 0.000000 0.000680 0.000000 0.000000 0.000000 0.000382 0.000000 0.000000 0.000668 0.000000 
0.053108 0.038956 0.007549 0.021505 0.023913 0.008091 0.074302 0.002790 0.296967 0.306494 0.096388 0.069937 
0.106422 0.400838 0.017829 0.031449 0.036471 0.005028 0.014435 0.010927 0.041870 0.197052 0.031502 0.106176 
0.042629 0.226568 0.003880 0.051723 0.013410 0.007058 0.151567 0.017579 0.234748 0.056912 0.162744 0.031182 
0.175950 0.130342 0.274940 0.107358 0.045958 0.002306 0.010324 0.004645 0.032984 0.168622 0.023891 0.022680 
0.163706 0.009750 0.018318 0.117875 0.050841 0.019974 0.025138 0.016111 0.237635 0.153428 0.124036 0.063188 
0.017857 0.002401 0.041656 0.384114 0.042935 0.000178 0.301428 0.000031 0.037403 0.071610 0.084744 0.015643 
0.104449 0.175223 0.017864 0.141543 0.006046 0.021908 0.050874 0.012068 0.004300 0.187150 0.228764 0.049811 
0.011073 0.023115 0.000686 0.020332 0.002481 0.009754 0.005379 0.086943 0.000950 0.015514 0.058880 0.764892 
0.055133 0.073200 0.005887 0.020478 0.003087 0.005269 0.003974 0.135478 0.033449 0.458536 0.040949 0.164559 
0.033788 0.035149 0.152061 0.022692 0.265610 0.061294 0.084756 0.139324 0.043559 0.024772 0.118815 0.018180 
0.007156 0.001569 0.021238 0.272545 0.000576 0.003987 0.187847 0.136549 0.183984 0.156517 0.011584 0.016449 
0.156786 0.014117 0.040822 0.024460 0.125281 0.059737 0.005133 0.023222 0.007335 0.150655 0.265587 0.126865 
0.080190 0.026593 0.013423 0.065371 0.008218 0.010737 0.107230 0.043440 0.004256 0.071333 0.269533 0.299677 
0.101434 0.027409 0.043705 0.059809 0.204370 0.005451 0.086159 0.001816 0.144582 0.214934 0.094750 0.015581 
0.017817 0.011513 0.006894 0.027155 0.001107 0.009326 0.024440 0.067827 0.125286 0.092771 0.034204 0.581659 
0.092010 0.046051 0.044655 0.018702 0.002261 0.081732 0.024457 0.019138 0.011799 0.088642 0.476104 0.094447 
0.186276 0.060009 0.043891 0.039945 0.010367 0.077349 0.033038 0.029906 0.070040 0.046774 0.369032 0.033373 
0.159523 0.032049 0.091622 0.068378 0.022406 0.012196 0.096015 0.038874 0.036770 0.250198 0.079112 0.112857 
0.139651 0.145459 0.016270 0.006680 0.011311 0.000039 0.001365 0.078611 0.016909 0.275693 0.039844 0.268167 
0.324061 0.155548 0.013959 0.062455 0.027155 0.032309 0.070875 0.007314 0.182516 0.034155 0.074622 0.015032 
0.029278 0.012530 0.014866 0.101769 0.068633 0.000069 0.510337 0.001447 0.095311 0.075798 0.056567 0.033395 
0.037599 0.016855 0.005986 0.116574 0.010264 0.004286 0.097823 0.037680 0.235666 0.097596 0.068733 0.270936 
0.068321 0.489321 0.084068 0.004351 0.027750 0.060207 0.009076 0.118634 0.020007 0.015572 0.069401 0.033293 
0.019365 0.040933 0.009593 0.239055 0.046161 0.020131 0.360265 0.006168 0.016033 0.187487 0.046972 0.007839 
0.069787 0.023388 0.002836 0.493015 0.095597 0.000169 0.027288 0.004011 0.023739 0.030217 0.223192 0.006760 
0.041444 0.052403 0.010426 0.090380 0.011898 0.041279 0.210164 0.061576 0.287591 0.075165 0.085047 0.032625 
0.025163 0.262915 0.019640 0.200502 0.001752 0.000078 0.204340 0.003502 0.192341 0.057842 0.014269 0.017657 
0.060775 0.032149 0.101274 0.014886 0.062622 0.273920 0.033521 0.026601 0.095798 0.093507 0.137157 0.067789 
0.003936 0.013406 0.001267 0.052020 0.753496 0.000127 0.063467 0.016523 0.016048 0.028261 0.034782 0.016668 
0.350554 0.078313 0.015845 0.116355 0.021491 0.023256 0.112879 0.029186 0.034502 0.111467 0.094582 0.011569 
0.475598 0.041349 0.012271 0.089163 0.003509 0.036184 0.010240 0.081744 0.005522 0.080156 0.094642 0.069623 
0.232058 0.025692 0.042346 0.069796 0.023660 0.090853 0.113164 0.019376 0.023609 0.130884 0.204710 0.023850 
0.034635 0.006499 0.005529 0.346212 0.015496 0.000068 0.264090 0.004095 0.197873 0.042969 0.065147 0.017386 
0.049428 0.057352 0.001583 0.127227 0.020925 0.017078 0.049525 0.104049 0.221601 0.117970 0.090856 0.142406 
0.059018 0.009331 0.047860 0.039209 0.017455 0.214001 0.023429 0.056311 0.032108 0.066721 0.082519 0.352036 
0.016704 0.015503 0.022946 0.044695 0.202136 0.005594 0.027010 0.099113 0.010625 0.035703 0.272967 0.247004 
0.117613 0.058921 0.043407 0.050131 0.109890 0.074990 0.044371 0.017511 0.016073 0.127014 0.319228 0.020851 
0.195689 0.011393 0.274180 0.103559 0.025982 0.001950 0.088435 0.034282 0.095020 0.040522 0.071584 0.057404 
0.024831 0.064161 0.026470 0.068872 0.177003 0.005920 0.037019 0.002690 0.018399 0.128933 0.431686 0.014015 
0.198493 0.073666 0.025749 0.050628 0.093813 0.026709 0.039567 0.009603 0.019250 0.395752 0.043231 0.023539 
0.079219 0.160642 0.015216 0.197684 0.065187 0.000122 0.293139 0.001928 0.059614 0.082015 0.038830 0.006403 
0.133434 0.078425 0.054873 0.044029 0.002785 0.050337 0.032610 0.016662 0.018305 0.181042 0.324231 0.063266 
0.070282 0.065768 0.003892 0.069999 0.001292 0.010858 0.085438 0.025676 0.019063 0.538673 0.080176 0.028884 
0.286249 0.066109 0.023892 0.060772 0.004835 0.026687 0.032966 0.037579 0.057476 0.202752 0.184048 0.016636 
0.007658 0.002725 0.002709 0.077583 0.007727 0.000083 0.065124 0.267106 0.001928 0.531663 0.001059 0.034635 
0.263764 0.141201 0.160689 0.146959 0.025858 0.036024 0.034255 0.014591 0.028249 0.033374 0.102521 0.012513 
0.090814 0.010065 0.011052 0.016150 0.024159 0.010015 0.002232 0.026589 0.027982 0.469888 0.077472 0.233581 
0.048370 0.011269 0.009533 0.334056 0.008075 0.000065 0.075000 0.001703 0.079604 0.258901 0.088176 0.085250 
0.113837 0.040218 0.032423 0.231891 0.022873 0.046080 0.004668 0.294440 0.032361 0.015810 0.115607 0.049791 
0.074181 0.001942 0.085791 0.069941 0.036308 0.314032 0.150966 0.008274 0.007810 0.113074 0.123378 0.014303 
0.195451 0.039449 0.026049 0.017046 0.134108 0.044783 0.021637 0.049870 0.039690 0.153322 0.113140 0.165454 
0.086910 0.066888 0.034092 0.044602 0.111795 0.045101 0.052695 0.030148 0.006056 0.069219 0.290524 0.161971 
0.041661 0.013476 0.015917 0.308595 0.289887 0.005662 0.108599 0.011735 0.071805 0.052385 0.056411 0.023866 
0.057385 0.102011 0.051677 0.135484 0.017285 0.006539 0.149597 0.010267 0.281356 0.070273 0.112827 0.005299 
0.185144 0.046567 0.041757 0.054221 0.004687 0.026282 0.055471 0.039784 0.000803 0.251770 0.267996 0.025517 
0.119136 0.058646 0.005171 0.039529 0.005070 0.000074 0.015351 0.283564 0.011460 0.041673 0.037885 0.382441 
0.014207 0.022684 0.060718 0.240251 0.027431 0.000061 0.358927 0.006357 0.023405 0.183183 0.011972 0.050805 
0.029498 0.012532 0.573440 0.040144 0.152313 0.000094 0.036507 0.020980 0.023143 0.033644 0.045995 0.031711 
0.148274 0.084715 0.013457 0.058328 0.027046 0.013055 0.030555 0.051809 0.088844 0.079141 0.062762 0.342015 
0.040815 0.137349 0.335538 0.040392 0.183476 0.000207 0.047588 0.054516 0.039696 0.048561 0.054298 0.017566 
0.012350 0.004520 0.016222 0.153554 0.045650 0.000120 0.269225 0.000034 0.018247 0.451236 0.016743 0.012098 
0.141367 0.107316 0.013366 0.069893 0.013286 0.028022 0.051406 0.011131 0.342922 0.098861 0.100527 0.021903 
0.095345 0.023500 0.240789 0.070418 0.006759 0.017039 0.151741 0.005020 0.026689 0.074657 0.249003 0.039040 
0.069945 0.026114 0.004408 0.035333 0.035820 0.000228 0.048444 0.168726 0.188930 0.109502 0.276308 0.036241 
0.088236 0.005245 0.003064 0.036006 0.011208 0.014748 0.062421 0.326679 0.263021 0.074213 0.067526 0.047634 
0.056094 0.012971 0.009448 0.062877 0.411341 0.022779 0.082849 0.004525 0.124132 0.110751 0.087318 0.014916 
0.049597 0.551913 0.006834 0.019473 0.007694 0.000073 0.021387 0.152981 0.036503 0.017981 0.082503 0.053060 
0.080756 0.034509 0.085887 0.046690 0.034570 0.042465 0.039894 0.003460 0.048111 0.416612 0.086066 0.080979 
0.063005 0.016832 0.004816 0.026743 0.021989 0.052340 0.023667 0.006080 0.523082 0.137650 0.090037 0.033759 
0.254412 0.255829 0.023486 0.114868 0.003478 0.055972 0.010031 0.004287 0.142962 0.050154 0.071129 0.013393 
0.225171 0.105096 0.022136 0.012631 0.111650 0.030549 0.015435 0.079527 0.044716 0.132818 0.127359 0.092912 
0.089838 0.042191 0.025445 0.217496 0.038180 0.017503 0.274634 0.090196 0.002152 0.088371 0.100066 0.013927 
0.098864 0.032322 0.043876 0.161228 0.026911 0.000392 0.035185 0.039418 0.028173 0.138225 0.161953 0.233453 
0.006848 0.003721 0.013013 0.020853 0.010149 0.029340 0.000680 0.080181 0.012535 0.100889 0.019207 0.702584 
0.068715 0.009903 0.115146 0.088215 0.024301 0.316584 0.079715 0.028106 0.080068 0.024209 0.153217 0.011821 
0.091500 0.016402 0.039652 0.254733 0.003677 0.011909 0.030453 0.009690 0.090086 0.104062 0.332156 0.015681 
0.014861 0.490561 0.076889 0.062428 0.041596 0.009722 0.013962 0.017986 0.020377 0.040336 0.088688 0.122594 
0.044942 0.136782 0.012792 0.048338 0.004306 0.000064 0.430517 0.016359 0.038502 0.080354 0.142121 0.044924 
0.127845 0.046908 0.071973 0.204488 0.030636 0.158596 0.165342 0.005146 0.031845 0.085166 0.047175 0.024880 
0.050897 0.103219 0.009657 0.039327 0.076271 0.011564 0.094295 0.018619 0.423577 0.081966 0.075127 0.015481 
0.400307 0.325920 0.004317 0.056890 0.001033 0.011240 0.007814 0.012328 0.044702 0.046849 0.046955 0.041645 
0.021923 0.035440 0.182879 0.022140 0.358716 0.000188 0.043650 0.000036 0.038774 0.218934 0.064725 0.012595 
0.013539 0.014775 0.006297 0.085684 0.069772 0.011854 0.082526 0.002125 0.001516 0.633713 0.036898 0.041302 
0.038919 0.008147 0.024429 0.154221 0.001101 0.004942 0.409605 0.000463 0.109594 0.039562 0.196088 0.012931 
0.168353 0.413650 0.007986 0.055692 0.011928 0.019272 0.051029 0.017692 0.006484 0.110338 0.101928 0.035649 
0.062960 0.031100 0.019866 0.129255 0.110319 0.050398 0.163556 0.008779 0.246923 0.093473 0.059072 0.024297 
0.118003 0.036346 0.011496 0.040677 0.019668 0.026183 0.066045 0.004340 0.147462 0.113417 0.398166 0.018196 
0.081282 0.038778 0.028228 0.179541 0.230261 0.000141 0.173862 0.123929 0.022903 0.058783 0.034772 0.027521 
0.020980 0.002180 0.014786 0.145370 0.001420 0.000068 0.106191 0.005046 0.075789 0.552124 0.021275 0.054771 
0.005043 0.001304 0.004305 0.152303 0.022005 0.002380 0.141412 0.414987 0.113911 0.049173 0.030677 0.062500 
0.106501 0.079370 0.024479 0.019378 0.002179 0.002420 0.035567 0.560121 0.041247 0.018988 0.033606 0.076144 
0.075575 0.032818 0.139903 0.014545 0.049321 0.141036 0.006472 0.003886 0.140375 0.232203 0.082431 0.081436 
0.152228 0.029045 0.031133 0.224637 0.020577 0.026425 0.031565 0.024883 0.075213 0.055101 0.317186 0.012007 
0.189398 0.047859 0.156627 0.059657 0.002754 0.021034 0.034947 0.035952 0.043747 0.166454 0.226221 0.015350 
0.037126 0.016445 0.011553 0.142206 0.015293 0.009582 0.129712 0.145926 0.160384 0.206584 0.015426 0.109763 
0.047106 0.002969 0.008632 0.028130 0.024800 0.006466 0.086613 0.107077 0.006528 0.015305 0.021178 0.645197 
0.071936 0.077910 0.019004 0.066603 0.004518 0.033909 0.021454 0.006840 0.005965 0.034477 0.634713 0.022671 
0.125338 0.050904 0.101909 0.140993 0.053193 0.279689 0.029420 0.019992 0.014401 0.034697 0.131452 0.018012 
0.447467 0.052290 0.029348 0.122305 0.005228 0.019890 0.068768 0.043928 0.040884 0.048935 0.095587 0.025372 
0.166302 0.036989 0.027778 0.010978 0.122038 0.027625 0.118087 0.007345 0.052444 0.087551 0.332514 0.010350 
0.102874 0.007613 0.014787 0.437397 0.031582 0.000060 0.009357 0.009752 0.022007 0.199537 0.103443 0.061590 
0.394442 0.045215 0.066981 0.031712 0.184730 0.017478 0.016348 0.035381 0.008373 0.072701 0.114922 0.011717 
0.124502 0.002332 0.116898 0.131129 0.007297 0.022846 0.036198 0.046389 0.028722 0.125627 0.341041 0.017019 
0.227377 0.291092 0.042210 0.054812 0.028344 0.020466 0.031873 0.066013 0.023737 0.082405 0.069233 0.062439 
0.034044 0.014960 0.543433 0.085282 0.027712 0.002824 0.066492 0.016040 0.054755 0.067837 0.058912 0.027709 
0.037867 0.020704 0.036533 0.214381 0.013360 0.099997 0.014569 0.062670 0.013797 0.075941 0.065974 0.344207 
0.068199 0.040782 0.121506 0.034016 0.007109 0.284149 0.077512 0.012847 0.042894 0.030100 0.241111 0.039777 
0.084417 0.040686 0.028500 0.013179 0.412719 0.033225 0.138597 0.012378 0.003935 0.066904 0.139141 0.026319 
0.097461 0.046307 0.032591 0.045885 0.005266 0.012974 0.023578 0.265652 0.024874 0.078411 0.351933 0.015068 
0.036444 0.017701 0.010240 0.098908 0.037134 0.000268 0.504688 0.014290 0.061705 0.130543 0.066797 0.021284 
0.165527 0.051214 0.082456 0.027117 0.016247 0.034502 0.039037 0.013368 0.212145 0.085554 0.236427 0.036406 
0.069153 0.022546 0.018319 0.262419 0.032666 0.013826 0.387030 0.007780 0.068997 0.091842 0.003828 0.021593 
0.251566 0.278957 0.007355 0.076189 0.001734 0.006913 0.082443 0.009603 0.017172 0.197645 0.043457 0.026966 
0.059886 0.046994 0.040451 0.052925 0.022790 0.008223 0.068449 0.021544 0.028440 0.074539 0.477817 0.097943 
0.219680 0.278615 0.017819 0.154545 0.026433 0.016958 0.066736 0.030650 0.008078 0.096265 0.064232 0.019988 
0.231113 0.116951 0.076706 0.022350 0.000967 0.011891 0.364312 0.011719 0.014131 0.027057 0.091031 0.031772 
0.189944 0.094777 0.022997 0.234093 0.023019 0.015164 0.157016 0.002603 0.062920 0.117133 0.050174 0.030161 
0.018020 0.046826 0.018005 0.233949 0.056684 0.004142 0.364815 0.005245 0.015340 0.190841 0.006017 0.040115 
0.089750 0.031029 0.048165 0.225977 0.008299 0.053078 0.030750 0.001677 0.064279 0.061374 0.361190 0.024432 
0.191436 0.571614 0.009023 0.063030 0.006462 0.000089 0.015076 0.005139 0.030976 0.051527 0.043386 0.012243 
0.127251 0.026689 0.029235 0.195403 0.022285 0.026967 0.130217 0.017009 0.030449 0.069511 0.300429 0.024556 
0.132948 0.086507 0.285689 0.149197 0.018622 0.024351 0.098185 0.005993 0.062179 0.031082 0.077517 0.027730 
0.079430 0.002931 0.014008 0.636521 0.039716 0.000055 0.018781 0.029999 0.013282 0.042006 0.103042 0.020227 
0.131402 0.054806 0.016166 0.014974 0.034661 0.032107 0.188982 0.006221 0.013224 0.420668 0.061839 0.024950 
0.243966 0.115150 0.017561 0.037404 0.008644 0.020098 0.090754 0.006352 0.019749 0.052516 0.367269 0.020537 
0.258553 0.112658 0.014104 0.077425 0.023981 0.025468 0.008244 0.068904 0.052558 0.079313 0.169343 0.109450 
0.091339 0.033673 0.010808 0.061764 0.010386 0.034467 0.287449 0.004285 0.174522 0.112819 0.141969 0.036517 
0.188146 0.039656 0.103090 0.027267 0.021295 0.180247 0.012400 0.014394 0.048147 0.042653 0.283640 0.039064 
0.019178 0.003485 0.004078 0.024347 0.030272 0.012304 0.065070 0.072746 0.377145 0.079892 0.059507 0.251976 
0.346253 0.219808 0.023989 0.111039 0.000734 0.003196 0.006276 0.007201 0.001649 0.100726 0.162354 0.016775 
0.246254 0.291179 0.000297 0.087275 0.011627 0.001558 0.012510 0.007554 0.000907 0.057584 0.264592 0.018664 
0.058983 0.049318 0.009404 0.059249 0.094922 0.000075 0.018346 0.285250 0.036751 0.044229 0.296514 0.046959 
0.348730 0.303806 0.007729 0.085845 0.000393 0.002140 0.022715 0.010458 0.001203 0.169610 0.025143 0.022228 
0.314401 0.025139 0.025129 0.031972 0.081208 0.012814 0.016570 0.058942 0.003808 0.066678 0.059925 0.303414 
0.227233 0.052708 0.401385 0.048266 0.010711 0.014988 0.012143 0.021159 0.027391 0.048890 0.061563 0.073562 
0.305569 0.190508 0.003340 0.103227 0.000334 0.006041 0.046871 0.011569 0.003023 0.299333 0.009768 0.020416 
0.332952 0.037556 0.016820 0.304627 0.027322 0.013890 0.005598 0.048203 0.010200 0.046187 0.147550 0.009095 
0.382802 0.058233 0.027586 0.106739 0.012432 0.038191 0.051709 0.028151 0.025971 0.115049 0.122231 0.030908 
0.161151 0.157418 0.323860 0.033901 0.004592 0.000064 0.002743 0.002416 0.021688 0.209895 0.023784 0.058490 
0.018987 0.005779 0.007320 0.017513 0.036756 0.000089 0.007134 0.078541 0.033005 0.490937 0.050262 0.253676 
0.053907 0.001216 0.304265 0.025273 0.008451 0.013300 0.029461 0.005737 0.019543 0.142273 0.336194 0.060380 
0.111107 0.269583 0.025815 0.065553 0.078857 0.000085 0.066892 0.037928 0.084728 0.019369 0.018803 0.221280 
0.178477 0.187606 0.000197 0.076075 0.001081 0.002001 0.033147 0.139402 0.011728 0.091217 0.012809 0.266260 
0.181317 0.026671 0.001362 0.078804 0.001774 0.009438 0.144820 0.008930 0.062688 0.383612 0.070753 0.029830 
0.205070 0.162565 0.061920 0.039666 0.015779 0.215052 0.012901 0.017246 0.014275 0.135083 0.102925 0.017520 
0.033635 0.295319 0.004128 0.007124 0.019288 0.000151 0.039870 0.199725 0.010214 0.286828 0.015283 0.088435 
0.026306 0.001714 0.018039 0.025636 0.021353 0.000079 0.095646 0.005360 0.065292 0.547832 0.059818 0.132926 
0.044307 0.012549 0.091654 0.109065 0.004668 0.247088 0.223165 0.011735 0.072405 0.050177 0.121835 0.011352 
0.094601 0.063052 0.090853 0.199378 0.025866 0.023343 0.293612 0.019593 0.016592 0.069406 0.066628 0.037075 
0.031780 0.061590 0.239523 0.080092 0.384468 0.000087 0.073533 0.002166 0.041659 0.034288 0.041562 0.009253 
0.143519 0.025237 0.011318 0.062468 0.011811 0.015129 0.076997 0.061836 0.043173 0.256633 0.076473 0.215405 
0.099816 0.024266 0.000265 0.085583 0.000607 0.014901 0.090780 0.011519 0.061970 0.487252 0.068538 0.054503 
0.353046 0.414780 0.002673 0.090947 0.009755 0.002522 0.012966 0.013506 0.005735 0.050265 0.042422 0.001382 
0.023602 0.005009 0.419775 0.046223 0.020577 0.005926 0.090355 0.007516 0.177530 0.133444 0.047620 0.022422 
0.261522 0.076655 0.040822 0.069276 0.017196 0.051040 0.035775 0.072200 0.025860 0.104446 0.233652 0.011556 
0.064832 0.030921 0.237155 0.118129 0.021150 0.046742 0.046215 0.012067 0.182739 0.045250 0.167094 0.027706 
0.262963 0.071882 0.036755 0.051211 0.039540 0.146420 0.164827 0.006501 0.051686 0.031612 0.134151 0.002452 
0.148615 0.217755 0.006270 0.057573 0.000348 0.000188 0.014275 0.453034 0.001392 0.032902 0.031554 0.036096 
0.080376 0.022542 0.053075 0.059187 0.001259 0.161780 0.098708 0.013972 0.172319 0.204349 0.121697 0.010735 
0.026672 0.089714 0.011753 0.202727 0.030596 0.000071 0.165955 0.001986 0.025110 0.378726 0.024949 0.041742 
0.199305 0.183512 0.017662 0.067218 0.002275 0.027025 0.023103 0.059620 0.033300 0.034810 0.323539 0.028631 
0.071695 0.018271 0.003877 0.516064 0.003810 0.004650 0.031488 0.003301 0.049859 0.126237 0.141342 0.029406 
0.289507 0.263274 0.012036 0.016252 0.234353 0.008607 0.038472 0.003288 0.029870 0.048612 0.049567 0.006163 
0.034403 0.279762 0.034189 0.091164 0.020715 0.000589 0.086978 0.185335 0.117959 0.079220 0.025890 0.043797 
0.013817 0.001325 0.025072 0.017261 0.022399 0.005722 0.025538 0.176226 0.023201 0.020732 0.011683 0.657025 
0.095474 0.024346 0.009571 0.009095 0.299483 0.001890 0.020810 0.017404 0.028583 0.281906 0.025821 0.185617 
0.205299 0.029523 0.082548 0.047720 0.028168 0.220104 0.038571 0.122428 0.060036 0.039566 0.111898 0.014138 
0.019181 0.019406 0.280467 0.148052 0.013933 0.000071 0.228649 0.027910 0.100781 0.083857 0.061067 0.016626 
0.355787 0.256101 0.133454 0.028998 0.020265 0.003223 0.012873 0.011919 0.014779 0.076916 0.081800 0.003886 
0.382370 0.047980 0.032486 0.028391 0.003564 0.016722 0.062563 0.029931 0.032027 0.221013 0.131996 0.010957 
0.442341 0.033496 0.040241 0.135096 0.005790 0.048363 0.060552 0.078196 0.040379 0.030685 0.069950 0.014912 
0.325897 0.028805 0.029481 0.104809 0.000657 0.054445 0.115725 0.035337 0.084967 0.100835 0.105125 0.013917 
0.204253 0.285278 0.026426 0.013350 0.168598 0.021063 0.032863 0.009681 0.060975 0.051789 0.120400 0.005323 
0.033976 0.009543 0.009114 0.132877 0.015760 0.000084 0.110185 0.457384 0.018420 0.047841 0.115557 0.049260 
0.168591 0.052554 0.061352 0.021784 0.014247 0.249166 0.143604 0.002287 0.094802 0.039221 0.146405 0.005988 
0.098458 0.026992 0.007889 0.026244 0.001860 0.011131 0.119191 0.033284 0.073993 0.288369 0.065565 0.247025 
0.007566 0.028297 0.030027 0.010825 0.689030 0.000108 0.091230 0.000034 0.036216 0.023358 0.069607 0.013702 
0.058903 0.021564 0.017465 0.122138 0.048166 0.004121 0.065544 0.036446 0.006896 0.040965 0.563021 0.014771 
0.478565 0.069695 0.030798 0.030629 0.008764 0.038307 0.026284 0.125463 0.036839 0.066995 0.085635 0.002024 
0.178501 0.066412 0.239356 0.132819 0.052105 0.021181 0.121062 0.010724 0.046501 0.040393 0.073711 0.017234 
0.036751 0.143912 0.007598 0.068796 0.002642 0.007800 0.033930 0.307339 0.004432 0.123366 0.201136 0.062297 
0.310581 0.277734 0.023197 0.060755 0.017172 0.030476 0.023375 0.045306 0.003317 0.041990 0.104929 0.061168 
0.226394 0.055892 0.316119 0.102630 0.028266 0.009319 0.012600 0.045771 0.008055 0.063800 0.076061 0.055093 
0.130631 0.138066 0.021110 0.251019 0.130903 0.023038 0.026884 0.001962 0.028451 0.125157 0.105769 0.017011 
0.231078 0.067273 0.026241 0.104025 0.024647 0.023076 0.259237 0.035419 0.043744 0.076066 0.071668 0.037527 
0.073608 0.036867 0.047092 0.017166 0.011298 0.000112 0.069387 0.037296 0.371953 0.075716 0.052635 0.206871 
0.109414 0.412372 0.005764 0.089842 0.002700 0.023831 0.103077 0.006864 0.039557 0.065871 0.114316 0.026393 
0.339809 0.128729 0.128062 0.009894 0.087020 0.039917 0.023285 0.013121 0.049788 0.041964 0.088486 0.049926 
0.012512 0.016764 0.010066 0.013107 0.066401 0.000110 0.021244 0.237225 0.006100 0.415766 0.121956 0.078749 
0.081657 0.012223 0.020115 0.093400 0.029796 0.000781 0.011446 0.003253 0.026766 0.514641 0.092077 0.113845 
0.018628 0.008134 0.010412 0.004143 0.347494 0.000091 0.032927 0.270092 0.010447 0.112303 0.088029 0.097301 
0.019781 0.000777 0.028219 0.125177 0.000543 0.043549 0.143368 0.026740 0.060323 0.506889 0.025275 0.019358 
0.082228 0.087864 0.167559 0.007419 0.219084 0.007088 0.063146 0.002332 0.054521 0.082455 0.207511 0.018793 
0.159214 0.047964 0.009795 0.039846 0.143237 0.011091 0.057476 0.011952 0.032258 0.090313 0.356634 0.040219 
0.103553 0.347175 0.048060 0.150664 0.014554 0.000237 0.028161 0.005086 0.054541 0.153508 0.070355 0.024107 
0.319041 0.075340 0.086858 0.049990 0.084159 0.035600 0.023310 0.003273 0.019951 0.076995 0.214126 0.011357 
0.120383 0.078724 0.154659 0.053558 0.021125 0.006912 0.022660 0.038225 0.041146 0.124102 0.072201 0.266305 
0.092956 0.053567 0.000568 0.233691 0.023174 0.002117 0.171152 0.059842 0.029203 0.033805 0.038192 0.261733 
0.118320 0.032114 0.058201 0.170786 0.003965 0.039785 0.008937 0.211625 0.018094 0.070665 0.170079 0.097429 
0.180948 0.032806 0.005866 0.053046 0.026379 0.012929 0.005143 0.002241 0.053700 0.416945 0.105349 0.104647 
0.220045 0.105213 0.058509 0.039115 0.002481 0.065215 0.011906 0.036563 0.005146 0.059204 0.367851 0.028752 
0.131117 0.197589 0.018553 0.186669 0.022033 0.012415 0.222199 0.005687 0.035192 0.109940 0.041113 0.017493 
0.387281 0.228097 0.011778 0.065164 0.045137 0.013372 0.015827 0.005794 0.079300 0.050901 0.077076 0.020274 
0.005112 0.015229 0.007398 0.003391 0.742785 0.000079 0.083537 0.009774 0.041521 0.053480 0.023688 0.014005 
0.055537 0.010337 0.033980 0.093735 0.383346 0.000134 0.135137 0.001054 0.096831 0.103372 0.059463 0.027073 
0.202801 0.017693 0.005330 0.030164 0.000659 0.019398 0.217674 0.024129 0.003111 0.354838 0.111293 0.012910 
0.013187 0.004638 0.009310 0.366840 0.007806 0.001868 0.140003 0.261602 0.009441 0.018331 0.075804 0.091171 
0.069543 0.046275 0.349103 0.022321 0.006892 0.196323 0.007204 0.005827 0.113203 0.041156 0.125659 0.016494 
0.104731 0.025288 0.015537 0.232675 0.028801 0.018769 0.276327 0.004924 0.176098 0.057010 0.033552 0.026288 
0.126269 0.019530 0.011003 0.071656 0.008867 0.015084 0.065035 0.010442 0.092085 0.442639 0.085214 0.052176 
0.047257 0.028174 0.030606 0.037987 0.008492 0.049100 0.170357 0.008557 0.007131 0.043339 0.548524 0.020476 
0.454991 0.088139 0.043747 0.042428 0.004856 0.073302 0.034748 0.023237 0.018211 0.035846 0.163548 0.016948 
0.100885 0.014544 0.199779 0.015680 0.008949 0.378262 0.055700 0.004844 0.045783 0.038534 0.129106 0.007932 
0.145579 0.050790 0.004470 0.024613 0.000735 0.011751 0.091924 0.255613 0.000636 0.062685 0.215017 0.136186 
0.114131 0.015859 0.002769 0.014181 0.017213 0.006719 0.190188 0.026897 0.405282 0.091733 0.094109 0.020919 
0.155397 0.091624 0.003391 0.103152 0.037010 0.003173 0.350481 0.091782 0.012523 0.050036 0.039198 0.062232 
0.377362 0.039232 0.013394 0.099848 0.012049 0.054523 0.202130 0.047014 0.025397 0.040016 0.068030 0.021002 
0.365411 0.064591 0.033231 0.077628 0.011386 0.019327 0.122285 0.043412 0.012080 0.066028 0.172660 0.011961 
0.230501 0.048796 0.017825 0.051172 0.028288 0.037727 0.025823 0.016600 0.284250 0.096384 0.140276 0.022357 
0.051283 0.037814 0.423526 0.090525 0.017437 0.000058 0.015119 0.003605 0.178215 0.071284 0.097212 0.013921 
0.245055 0.036469 0.025863 0.108333 0.036372 0.025554 0.009639 0.276935 0.005887 0.021087 0.179002 0.029804 
0.060228 0.029663 0.092585 0.027225 0.207419 0.000099 0.466093 0.001804 0.005827 0.030252 0.062517 0.016288 
0.062805 0.008965 0.197636 0.364920 0.029850 0.011010 0.099143 0.012836 0.007736 0.070884 0.094058 0.040159 
0.032911 0.038837 0.021828 0.021024 0.111436 0.041915 0.056595 0.008605 0.457445 0.088980 0.107204 0.013219 
0.174106 0.028047 0.067319 0.105421 0.033065 0.152150 0.010337 0.020073 0.061484 0.162475 0.128251 0.057272 
0.009608 0.024682 0.063738 0.143751 0.285437 0.000109 0.110247 0.000875 0.221863 0.061896 0.064845 0.012948 
0.104701 0.015515 0.032549 0.010888 0.571591 0.005299 0.040166 0.078932 0.023559 0.030767 0.043433 0.042600 
0.095334 0.076859 0.010583 0.136433 0.014689 0.003892 0.102041 0.043298 0.014704 0.085062 0.393524 0.023583 
0.048389 0.014287 0.006993 0.245234 0.033376 0.005445 0.171950 0.044868 0.174329 0.180557 0.055865 0.018708 
0.076883 0.013312 0.063611 0.060217 0.025235 0.113660 0.163168 0.237075 0.014440 0.098706 0.103926 0.029767 
0.121332 0.023534 0.005442 0.032931 0.015889 0.008286 0.098249 0.060308 0.019237 0.038423 0.029436 0.546934 
0.174655 0.109857 0.111051 0.066383 0.014073 0.005527 0.034170 0.009389 0.124478 0.059744 0.286063 0.004610 
0.244418 0.205380 0.124041 0.148919 0.012374 0.011273 0.069387 0.010086 0.085272 0.019110 0.050413 0.019327 
0.102922 0.077038 0.016457 0.128654 0.019847 0.002938 0.265359 0.061806 0.073346 0.046369 0.040137 0.165128 
0.015329 0.020386 0.005798 0.070403 0.001765 0.003481 0.085008 0.012216 0.021639 0.661954 0.001700 0.100321 
0.084655 0.038920 0.052063 0.168102 0.124154 0.011349 0.160742 0.009029 0.040594 0.106529 0.128577 0.075286 
0.011638 0.010367 0.060418 0.052870 0.038047 0.174861 0.121947 0.052377 0.005359 0.023387 0.076462 0.372266 
0.215702 0.115699 0.063959 0.032939 0.001924 0.095753 0.018627 0.049298 0.014871 0.055894 0.303907 0.031428 
0.037758 0.035641 0.021679 0.011992 0.002386 0.008691 0.658856 0.012331 0.025434 0.043402 0.136498 0.005332 
0.324334 0.028231 0.289132 0.042002 0.012761 0.009676 0.011970 0.106840 0.012653 0.040742 0.102257 0.019401 
0.044020 0.536795 0.044912 0.023594 0.031220 0.000126 0.017031 0.032074 0.052917 0.059792 0.051929 0.105591 
0.198091 0.490261 0.018611 0.065245 0.033086 0.005485 0.039672 0.002268 0.056025 0.029804 0.051592 0.009860 
0.052787 0.037919 0.171866 0.012398 0.348752 0.000093 0.043851 0.035682 0.020084 0.030168 0.042198 0.204203 
0.018635 0.019413 0.042378 0.026835 0.489101 0.000124 0.064935 0.003046 0.165632 0.097804 0.061521 0.010577 
0.152184 0.051551 0.044185 0.094278 0.021041 0.030568 0.176166 0.016863 0.020460 0.044608 0.322698 0.025397 
0.013780 0.005417 0.337985 0.036659 0.112866 0.130667 0.063759 0.007555 0.032730 0.148958 0.084542 0.025083 
0.179368 0.060192 0.026617 0.198451 0.046750 0.021033 0.184246 0.026505 0.053445 0.151895 0.030480 0.021016 
0.020973 0.018218 0.006418 0.003339 0.016160 0.016051 0.023618 0.019989 0.217910 0.318511 0.046913 0.291901 
0.023094 0.052531 0.017363 0.109635 0.018448 0.000068 0.162811 0.378539 0.089945 0.071599 0.041032 0.034934 
0.206352 0.167165 0.017788 0.029908 0.368761 0.038969 0.029264 0.051400 0.030577 0.019645 0.026557 0.013614 
0.099062 0.017849 0.050489 0.128511 0.012591 0.014995 0.034896 0.050870 0.043478 0.181120 0.121884 0.244256 
0.012424 0.007598 0.002068 0.097216 0.007682 0.000072 0.039567 0.129778 0.002879 0.458638 0.009583 0.232496 
0.216209 0.033997 0.025162 0.280733 0.034400 0.015055 0.184367 0.022465 0.004667 0.052825 0.116239 0.013881 
0.161937 0.063184 0.108886 0.082264 0.252079 0.000197 0.149147 0.019735 0.012001 0.046801 0.046669 0.057101 
0.094109 0.012638 0.004324 0.075097 0.263515 0.000122 0.107450 0.140078 0.097325 0.053727 0.125673 0.025941 
0.027708 0.014204 0.014153 0.376779 0.028030 0.021585 0.049063 0.037003 0.075096 0.200107 0.087578 0.068693 
0.156984 0.065567 0.069719 0.184003 0.051908 0.118228 0.045943 0.009841 0.044181 0.131341 0.103039 0.019247 
0.064976 0.110806 0.135157 0.152355 0.034776 0.008086 0.151408 0.004385 0.107467 0.121231 0.079512 0.029841 
0.017941 0.038086 0.020465 0.247429 0.058346 0.000067 0.425008 0.000657 0.033758 0.107971 0.017350 0.032921 
0.063836 0.017674 0.030489 0.223835 0.000996 0.106961 0.165983 0.003731 0.192457 0.053719 0.129553 0.010769 
0.021279 0.005537 0.006374 0.091587 0.052642 0.000087 0.106901 0.438143 0.061505 0.100887 0.003278 0.111780 
0.081510 0.058180 0.068126 0.454152 0.098740 0.000181 0.013896 0.008782 0.033004 0.060526 0.103348 0.019555 
0.050372 0.027205 0.011414 0.030235 0.010152 0.003034 0.077343 0.008578 0.476096 0.118720 0.168630 0.018222 
0.250971 0.021111 0.016028 0.164223 0.014193 0.013881 0.145178 0.021915 0.115880 0.141772 0.065649 0.029199 
0.033213 0.009386 0.119707 0.028956 0.012258 0.011369 0.061989 0.006087 0.002286 0.491963 0.193284 0.029503 
0.058969 0.033021 0.042878 0.050061 0.433521 0.005102 0.114096 0.006130 0.065764 0.064527 0.113610 0.012320 
0.181163 0.101678 0.160631 0.126827 0.017306 0.012043 0.216209 0.006701 0.042619 0.043508 0.051397 0.039919 
0.004259 0.223670 0.001146 0.003398 0.002615 0.000109 0.008343 0.072874 0.014870 0.038403 0.008222 0.622090 
0.200335 0.568605 0.014468 0.024090 0.001717 0.012775 0.025655 0.005868 0.045394 0.019901 0.063179 0.018014 
0.263816 0.043125 0.030929 0.043101 0.011037 0.040177 0.035644 0.111542 0.232165 0.071722 0.092778 0.023964 
0.047328 0.030577 0.045898 0.062860 0.002058 0.112979 0.045586 0.024285 0.010055 0.478759 0.106916 0.032701 
