-391538.966649
0
0.025308 0.019486 0.002060 0.022511 0.023261 0.014007 0.005220 0.024509 0.022622 0.008800 0.009972 0.022167 0.012555 0.011246 0.013171 0.016340 0.014036 0.007301 0.013293 0.021772 0.000000 0.000000 0.010261 0.000000 0.021254 0.009103 0.000000 0.015666 0.013964 0.013248 0.004215 0.020280 0.009015 0.005700 0.004469 0.015582 0.008207 0.015694 0.015343 0.023560 0.003299 0.017613 0.004218 0.011653 0.000000 0.005508 0.007749 0.000000 0.010572 0.008927 0.000000 0.014880 0.008837 0.007434 0.001369 0.015985 0.017238 0.006937 0.000000 0.006318 0.006956 0.006810 0.010815 0.013208 0.008047 0.005124 0.000003 0.009218 0.000000 0.001922 0.013891 0.000000 0.014370 0.014189 0.004452 0.018752 0.012935 0.016432 0.002797 0.024868 0.012433 0.015193 0.000001 0.015808 0.011304 0.010941 0.007781 0.023714 0.009009 0.009111 0.008856 0.009396 0.000000 0.005828 0.012100 0.000000 
0.000000 0.000000 0.000000 0.000001 0.000000 0.000000 0.000000 0.000000 0.007344 0.002301 0.002530 0.001892 0.000000 0.000000 0.000000 0.000001 0.000008 0.000707 0.000666 0.000601 0.000000 0.000478 0.000000 0.000000 0.000629 0.000001 0.000000 0.000000 0.000000 0.000000 0.000000 0.000000 0.016129 0.005884 0.005130 0.007063 0.000000 0.000000 0.000000 0.000000 0.000526 0.000001 0.000012 0.000008 0.000000 0.000000 0.000001 0.000000 0.000011 0.000001 0.000312 0.000000 0.000000 0.000000 0.000000 0.000000 0.007136 0.000459 0.000000 0.002989 0.000000 0.000734 0.000000 0.000000 0.000012 0.000001 0.000003 0.000681 0.000738 0.000000 0.000000 0.000000 0.015442 0.007320 0.001979 0.013611 0.035433 0.000000 0.000000 0.066537 0.426835 0.084268 0.051440 0.230540 0.000000 0.000000 0.000000 0.000000 0.000006 0.000003 0.000003 0.000672 0.000922 0.000000 0.000000 0.000000 
0.000001 0.000000 0.000000 0.000003 0.007835 0.000000 0.000000 0.000000 0.025318 0.017115 0.000016 0.032699 0.011570 0.000000 0.015563 0.000003 0.102376 0.026883 0.057294 0.050351 0.000000 0.005799 0.000000 0.000000 0.000004 0.000003 0.000000 0.000002 0.000000 0.000000 0.000000 0.000000 0.037580 0.028402 0.000524 0.034782 0.004716 0.000000 0.000000 0.000000 0.031342 0.006115 0.040445 0.031912 0.000000 0.000000 0.007360 0.000000 0.013550 0.006199 0.000000 0.000001 0.006886 0.000000 0.000000 0.000000 0.000009 0.028905 0.000002 0.034800 0.012216 0.000000 0.000000 0.000000 0.038774 0.026217 0.037176 0.036247 0.002885 0.000000 0.000000 0.000000 0.000023 0.000493 0.000000 0.007510 0.000000 0.000000 0.000000 0.000000 0.012679 0.031223 0.000009 0.009068 0.004020 0.000000 0.005837 0.000000 0.042484 0.027047 0.000026 0.033772 0.000000 0.000000 0.000000 0.005924 
0.013095 0.008335 0.000000 0.005946 0.000000 0.000974 0.000000 0.000000 0.030100 0.013871 0.235914 0.011013 0.002552 0.000000 0.000000 0.009699 0.014651 0.005127 0.006257 0.010170 0.000000 0.001771 0.000000 0.000000 0.000002 0.004889 0.000000 0.000001 0.000000 0.000000 0.000000 0.000000 0.023123 0.012260 0.122144 0.017011 0.000000 0.000000 0.000000 0.000000 0.002409 0.000734 0.005671 0.005892 0.000000 0.000000 0.000001 0.000000 0.007585 0.005914 0.000000 0.000000 0.000000 0.000000 0.000000 0.000000 0.019539 0.019526 0.121816 0.012007 0.000000 0.000000 0.000000 0.000000 0.012996 0.003536 0.004544 0.013958 0.000000 0.000000 0.000000 0.000000 0.013873 0.011473 0.000000 0.017855 0.000000 0.000000 0.000000 0.000000 0.020231 0.010658 0.099311 0.013966 0.005269 0.000000 0.000000 0.001649 0.007514 0.002258 0.005914 0.004994 0.000000 0.000000 0.000000 0.000000 
0.001645 0.000000 0.000000 0.007795 0.000000 0.000000 0.000000 0.000000 0.000051 0.001852 0.012601 0.005225 0.000000 0.000000 0.000000 0.002085 0.000021 0.005494 0.001691 0.003928 0.000000 0.005546 0.002115 0.012134 0.002438 0.000002 0.001267 0.013527 0.000000 0.000000 0.000000 0.000000 0.000466 0.001756 0.012797 0.004240 0.000000 0.000000 0.000000 0.000000 0.001139 0.002382 0.000020 0.003810 0.002196 0.000000 0.004499 0.018791 0.002246 0.000003 0.000000 0.005926 0.000000 0.000000 0.000000 0.000000 0.000002 0.017046 0.026196 0.016400 0.000000 0.000000 0.000000 0.000000 0.004520 0.010900 0.005698 0.010826 0.000000 0.002583 0.000000 0.003225 0.033332 0.010047 0.002064 0.322073 0.000000 0.000000 0.000000 0.000000 0.003881 0.021031 0.225753 0.035276 0.000001 0.000000 0.000000 0.001519 0.004326 0.008452 0.007018 0.008040 0.003317 0.008650 0.003169 0.064963 
0.000000 0.000000 0.001488 0.001387 0.000000 0.000000 0.000000 0.000000 0.029995 0.018210 0.097268 0.014761 0.000000 0.003522 0.000000 0.004911 0.009338 0.006650 0.020775 0.000005 0.000000 0.001216 0.000000 0.002628 0.011725 0.022160 0.010054 0.051480 0.000000 0.000000 0.000000 0.000000 0.009088 0.013200 0.095194 0.011459 0.000000 0.001861 0.000000 0.000000 0.008550 0.004874 0.025381 0.000008 0.000000 0.005893 0.004398 0.008955 0.001168 0.004413 0.001558 0.006660 0.000000 0.003663 0.000000 0.000000 0.074383 0.080805 0.136117 0.053996 0.000000 0.001771 0.000000 0.001939 0.012581 0.007035 0.010809 0.001905 0.000000 0.001829 0.000000 0.003201 0.000005 0.003572 0.000000 0.003150 0.000000 0.000000 0.000000 0.000000 0.006400 0.006947 0.048019 0.005895 0.000000 0.000000 0.000000 0.000000 0.004732 0.004998 0.011777 0.000006 0.000000 0.000000 0.000000 0.004227 
0.000000 0.000000 0.000000 0.000001 0.000000 0.000000 0.000000 0.000000 0.001005 0.023804 0.000005 0.004156 0.000000 0.000000 0.000000 0.002910 0.003369 0.000004 0.001957 0.002395 0.000000 0.000000 0.000000 0.000000 0.000001 0.001304 0.000000 0.000001 0.000000 0.000000 0.000000 0.000000 0.080332 0.103748 0.018751 0.084024 0.000000 0.000000 0.000000 0.000000 0.000018 0.000001 0.002015 0.008134 0.000000 0.000400 0.000001 0.000000 0.000890 0.000001 0.000000 0.000000 0.000000 0.000000 0.000000 0.000000 0.000002 0.018605 0.000001 0.017592 0.000000 0.000000 0.000000 0.000000 0.001643 0.000001 0.000970 0.007358 0.000000 0.000000 0.000000 0.001571 0.000007 0.001436 0.000000 0.001965 0.000000 0.001494 0.000000 0.000000 0.118810 0.288293 0.101255 0.080981 0.001327 0.000000 0.000000 0.004898 0.000007 0.001597 0.001864 0.002707 0.000000 0.001236 0.001385 0.003768 
0.041899 0.039343 0.019480 0.025635 0.004384 0.003412 0.002215 0.000000 0.007491 0.005247 0.000005 0.002649 0.003016 0.002244 0.010172 0.000001 0.005369 0.000003 0.007294 0.000005 0.000000 0.000000 0.000000 0.000000 0.056859 0.076501 0.011071 0.048757 0.010039 0.008194 0.005680 0.006148 0.021451 0.015834 0.008609 0.022227 0.009481 0.010291 0.039118 0.009681 0.005543 0.000000 0.009058 0.004303 0.000000 0.000000 0.004569 0.000000 0.046553 0.050042 0.025190 0.029686 0.005819 0.007976 0.006113 0.003666 0.002028 0.008374 0.005750 0.007005 0.006643 0.006114 0.014441 0.000000 0.005889 0.000001 0.005696 0.000027 0.000000 0.000000 0.000000 0.000000 0.040411 0.059247 0.010069 0.045143 0.000000 0.008876 0.002132 0.000000 0.005728 0.006342 0.000002 0.006685 0.001659 0.004388 0.007435 0.000000 0.001098 0.000004 0.000486 0.000005 0.000000 0.000000 0.000000 0.000000 
0.009183 0.006786 0.000000 0.004284 0.000000 0.000000 0.000000 0.000000 0.008106 0.005486 0.007887 0.001992 0.011933 0.002686 0.006149 0.018966 0.022984 0.009086 0.017549 0.023703 0.036465 0.006653 0.004815 0.027586 0.007140 0.002051 0.000000 0.008952 0.000000 0.000000 0.000000 0.000000 0.010488 0.005351 0.004883 0.005528 0.005278 0.002894 0.001527 0.004482 0.019942 0.011691 0.020616 0.031984 0.024309 0.008435 0.013446 0.063773 0.013009 0.008200 0.000000 0.010068 0.000000 0.001702 0.000000 0.001235 0.002622 0.002419 0.009341 0.009834 0.000634 0.001400 0.001608 0.002564 0.007772 0.010966 0.013708 0.012620 0.009862 0.000000 0.004957 0.023637 0.028982 0.005984 0.000000 0.036436 0.000000 0.000000 0.000000 0.000937 0.002499 0.007764 0.000003 0.009372 0.022403 0.002598 0.012985 0.011078 0.015682 0.020717 0.010527 0.034764 0.053398 0.008502 0.008788 0.073356 
0.047572 0.000000 0.000000 0.000000 0.305904 0.000020 0.462621 0.135639 0.048244 
0.501846 0.000000 0.000000 0.290921 0.000000 0.099925 0.036341 0.000014 0.070954 
0.634874 0.000000 0.028643 0.000000 0.078443 0.000021 0.000001 0.052336 0.205681 
0.129301 0.046344 0.000000 0.091902 0.000000 0.000020 0.000001 0.000014 0.732419 
0.266960 0.000000 0.000000 0.024185 0.054423 0.484933 0.000001 0.070090 0.099409 
0.046923 0.810350 0.000000 0.000000 0.118897 0.000016 0.011523 0.000016 0.012275 
0.082563 0.000000 0.000000 0.000000 0.000000 0.253893 0.536002 0.123390 0.004153 
0.559720 0.000000 0.000000 0.000000 0.000000 0.072724 0.012830 0.016189 0.338537 
0.710305 0.000000 0.000000 0.072306 0.000000 0.105306 0.000001 0.000015 0.112067 
0.159333 0.000000 0.030934 0.070592 0.000000 0.261205 0.000001 0.000015 0.477920 
0.672845 0.000000 0.000000 0.000000 0.000000 0.133324 0.035306 0.056236 0.102289 
0.229961 0.000000 0.040966 0.000000 0.000000 0.000020 0.000001 0.599245 0.129807 
0.104392 0.593285 0.000000 0.000000 0.049306 0.126055 0.000001 0.000015 0.126947 
0.069893 0.000000 0.000000 0.000000 0.000000 0.320185 0.404950 0.013921 0.191051 
0.147618 0.424457 0.000000 0.000000 0.000000 0.000020 0.000001 0.412467 0.015436 
0.309424 0.000000 0.182312 0.042629 0.000000 0.310391 0.032141 0.044463 0.078640 
0.201876 0.000000 0.000000 0.000000 0.000000 0.060059 0.064697 0.446304 0.227064 
0.015504 0.952592 0.000000 0.007176 0.000000 0.000020 0.015563 0.000011 0.009134 
0.044801 0.155124 0.000000 0.298480 0.012824 0.422240 0.000001 0.020379 0.046151 
0.054879 0.579797 0.000000 0.000000 0.000000 0.198107 0.000001 0.167022 0.000194 
0.173076 0.000000 0.000000 0.000000 0.012428 0.000021 0.000001 0.802440 0.012034 
0.413836 0.000000 0.240265 0.000000 0.000000 0.149516 0.016413 0.059206 0.120764 
0.191768 0.000000 0.063710 0.130546 0.203325 0.349056 0.000001 0.049443 0.012151 
0.483404 0.214347 0.000000 0.045666 0.000000 0.000018 0.000001 0.145838 0.110727 
0.147056 0.000000 0.000000 0.000000 0.000000 0.252818 0.013309 0.568280 0.018537 
0.251095 0.000000 0.136459 0.231641 0.000000 0.132010 0.140000 0.052508 0.056286 
0.222834 0.357762 0.129054 0.000000 0.090388 0.043861 0.064124 0.024707 0.067269 
0.093702 0.146661 0.027456 0.025445 0.531626 0.000020 0.012480 0.012629 0.149981 
0.035473 0.581750 0.000000 0.032220 0.075124 0.000018 0.000001 0.000012 0.275402 
0.532453 0.000000 0.192951 0.000000 0.026656 0.068360 0.028718 0.025381 0.125481 
0.360276 0.000000 0.141340 0.096745 0.192057 0.000023 0.028403 0.080913 0.100243 
0.032491 0.355393 0.000000 0.013292 0.159091 0.000019 0.078394 0.057690 0.303630 
0.092212 0.279309 0.000000 0.425376 0.000000 0.117200 0.000001 0.000014 0.085889 
0.188995 0.000000 0.000000 0.000000 0.000000 0.238003 0.015892 0.520508 0.036603 
0.400882 0.000000 0.000000 0.341333 0.034393 0.094936 0.022805 0.008653 0.096998 
0.075380 0.000000 0.018313 0.027673 0.507466 0.037352 0.000001 0.019299 0.314517 
0.537661 0.071893 0.000000 0.204388 0.000000 0.000020 0.000001 0.051400 0.134637 
0.032833 0.802183 0.000000 0.000000 0.064790 0.000018 0.000001 0.099984 0.000192 
0.414634 0.000000 0.000000 0.031750 0.073360 0.000018 0.041602 0.375046 0.063590 
0.114347 0.742599 0.072293 0.000000 0.000000 0.027713 0.000001 0.025861 0.017186 
0.152235 0.000000 0.064305 0.000000 0.014789 0.727673 0.000001 0.010159 0.030839 
0.096005 0.000000 0.000000 0.000000 0.192591 0.711211 0.000001 0.000014 0.000180 
0.239264 0.712563 0.000000 0.000000 0.000000 0.000016 0.011011 0.000016 0.037130 
0.127788 0.000000 0.000000 0.000000 0.000000 0.197834 0.109579 0.000016 0.564784 
0.277341 0.000000 0.000000 0.556196 0.000000 0.031783 0.000001 0.068499 0.066180 
0.018165 0.013901 0.000000 0.000000 0.912783 0.000017 0.000001 0.055029 0.000104 
0.705735 0.000000 0.000000 0.000000 0.000000 0.016048 0.017243 0.159596 0.101378 
0.037962 0.288604 0.000000 0.000000 0.235323 0.062278 0.246941 0.034296 0.094596 
0.256987 0.000000 0.000000 0.000000 0.000000 0.017777 0.009032 0.000014 0.716190 
0.182512 0.000000 0.000000 0.000000 0.000000 0.099793 0.647895 0.069684 0.000116 
0.215662 0.000000 0.017323 0.000000 0.000000 0.067310 0.000001 0.678720 0.020983 
0.299334 0.000000 0.073880 0.000000 0.000000 0.000024 0.440286 0.088694 0.097781 
0.144861 0.000000 0.044418 0.000000 0.000000 0.154299 0.000001 0.000012 0.656409 
0.174869 0.000000 0.000000 0.123745 0.000000 0.028067 0.000001 0.509731 0.163587 
0.228604 0.462705 0.117426 0.000000 0.000000 0.103782 0.000001 0.026185 0.061297 
0.048947 0.710630 0.000000 0.000000 0.177259 0.050317 0.000001 0.000012 0.012835 
0.169789 0.050967 0.000000 0.000000 0.000000 0.000021 0.000001 0.511332 0.267891 
0.157205 0.000000 0.000000 0.025343 0.013546 0.000020 0.097721 0.706042 0.000123 
0.131666 0.000000 0.000000 0.187018 0.000000 0.316475 0.165159 0.162311 0.037372 
0.170055 0.000000 0.000000 0.000000 0.019169 0.043562 0.000001 0.130388 0.636827 
0.319610 0.007066 0.000000 0.496274 0.000000 0.019339 0.000001 0.082534 0.075177 
0.061553 0.000000 0.042811 0.000000 0.613162 0.190855 0.032069 0.021699 0.037851 
0.114500 0.050716 0.000000 0.000000 0.000000 0.623701 0.204530 0.000013 0.006539 
0.325374 0.110000 0.117440 0.036220 0.000000 0.108897 0.000001 0.230533 0.071535 
0.079955 0.000000 0.000000 0.686704 0.000000 0.122986 0.050607 0.031815 0.027933 
0.208113 0.000000 0.079955 0.000000 0.039369 0.066210 0.547855 0.009567 0.048931 
0.120210 0.000000 0.000000 0.000000 0.000000 0.818653 0.027241 0.000013 0.033883 
0.220307 0.601316 0.000000 0.000000 0.000000 0.072587 0.040317 0.032254 0.033219 
0.369639 0.000000 0.041055 0.000000 0.011947 0.207354 0.237640 0.040920 0.091445 
0.091750 0.242988 0.000000 0.023053 0.000000 0.000019 0.000001 0.000014 0.642176 
0.472026 0.000000 0.059113 0.065963 0.000000 0.046377 0.000001 0.306614 0.049906 
0.420172 0.000000 0.000000 0.000000 0.082017 0.241315 0.000001 0.121033 0.135462 
0.064161 0.000000 0.000000 0.000000 0.020681 0.220832 0.566889 0.000014 0.127423 
0.015571 0.000000 0.031603 0.000000 0.814822 0.089729 0.048101 0.000017 0.000157 
0.041435 0.348114 0.000000 0.021665 0.021571 0.033947 0.528881 0.004210 0.000177 
0.147633 0.000000 0.009054 0.032757 0.000000 0.678331 0.000001 0.106626 0.025599 
0.126923 0.000000 0.000000 0.000000 0.228069 0.088937 0.457724 0.000015 0.098332 
0.230673 0.000000 0.009870 0.000000 0.011163 0.000020 0.000001 0.732814 0.015458 
0.033873 0.825983 0.000000 0.000000 0.000000 0.000018 0.000001 0.085185 0.054939 
0.079329 0.000000 0.000000 0.344018 0.000000 0.074618 0.447778 0.012564 0.041693 
0.330027 0.360991 0.170699 0.000000 0.000000 0.062488 0.000001 0.000015 0.075780 
0.062116 0.066744 0.000000 0.000000 0.000000 0.068644 0.786052 0.000013 0.016430 
0.112045 0.013837 0.000000 0.593811 0.000000 0.125484 0.097126 0.000014 0.057683 
0.012279 0.000000 0.000000 0.000000 0.000000 0.905529 0.000001 0.038117 0.044074 
0.319783 0.000000 0.043609 0.000000 0.514570 0.011111 0.000001 0.038481 0.072445 
0.234394 0.000000 0.000000 0.242464 0.000000 0.122934 0.060110 0.305664 0.034434 
0.154899 0.000000 0.000000 0.044819 0.000000 0.282072 0.121663 0.396413 0.000134 
0.433323 0.000000 0.314438 0.061833 0.000000 0.000022 0.017961 0.070788 0.101635 
0.391103 0.375841 0.101570 0.000000 0.000000 0.038871 0.000001 0.019174 0.073440 
0.214605 0.035064 0.000000 0.000000 0.000000 0.016965 0.566724 0.000015 0.166626 
0.111473 0.083376 0.000000 0.527230 0.068777 0.165719 0.019231 0.016147 0.008047 
0.447396 0.000000 0.238141 0.000000 0.000000 0.096884 0.037040 0.071268 0.109271 
0.387067 0.000000 0.000000 0.000000 0.000000 0.586896 0.000001 0.000014 0.026022 
0.090969 0.000000 0.000000 0.036370 0.342537 0.044466 0.186208 0.230158 0.069292 
0.056697 0.000000 0.012300 0.272200 0.128450 0.040406 0.407010 0.063640 0.019295 
0.396660 0.000000 0.191800 0.076005 0.000000 0.015090 0.016303 0.090719 0.213423 
0.117862 0.000000 0.000000 0.573271 0.000000 0.134364 0.130204 0.020883 0.023415 
0.096062 0.088906 0.000000 0.000000 0.056932 0.000015 0.440955 0.315239 0.001892 
0.133079 0.020394 0.000000 0.000000 0.000000 0.000019 0.214898 0.000014 0.631595 
0.605136 0.006110 0.000000 0.000000 0.028834 0.000023 0.000001 0.271146 0.088750 
0.613066 0.086223 0.0659246 0.0914854 0.0873095 0.249107 0.144917 0.235728 0.364014 
