-392111.302576
0
0.001307 0.000000 0.000000 0.008163 0.000000 0.000000 0.000000 0.000000 0.000090 0.001845 0.013477 0.005627 0.000001 0.000000 0.001006 0.002207 0.001290 0.005676 0.001988 0.004487 0.000000 0.005991 0.002068 0.011869 0.002363 0.000000 0.000668 0.013200 0.000000 0.000000 0.000000 0.000000 0.000432 0.001701 0.012678 0.004503 0.000000 0.000000 0.000000 0.000000 0.001103 0.002342 0.000007 0.003944 0.001231 0.000000 0.004348 0.017456 0.002258 0.000001 0.000000 0.005795 0.000483 0.000000 0.000000 0.000000 0.000005 0.016547 0.026233 0.016081 0.000000 0.000000 0.000000 0.000000 0.004696 0.011011 0.005894 0.011070 0.000000 0.002561 0.000000 0.002768 0.033315 0.009750 0.002055 0.321346 0.000000 0.000000 0.000000 0.000000 0.004749 0.020921 0.226231 0.035671 0.000003 0.000000 0.000000 0.001802 0.004452 0.008464 0.006560 0.007629 0.003046 0.008196 0.003110 0.064228 
0.000003 0.000000 0.000000 0.000001 0.000000 0.000000 0.000000 0.000000 0.001049 0.023771 0.000054 0.004004 0.000000 0.000000 0.000000 0.003079 0.002042 0.000007 0.001307 0.002142 0.000000 0.000000 0.000579 0.000000 0.000003 0.000000 0.000000 0.000002 0.000000 0.000000 0.000000 0.000000 0.080017 0.103732 0.018870 0.084687 0.000000 0.000000 0.000000 0.000000 0.000005 0.000017 0.001643 0.007694 0.000000 0.000836 0.000002 0.000000 0.000010 0.000000 0.000000 0.000004 0.000000 0.000000 0.000000 0.000000 0.000005 0.018825 0.000000 0.017396 0.000000 0.000000 0.000000 0.000000 0.001413 0.000002 0.000011 0.007089 0.000000 0.000000 0.000000 0.001122 0.000404 0.001233 0.000000 0.001375 0.000000 0.001464 0.000000 0.000000 0.121233 0.290370 0.101947 0.082631 0.001326 0.000000 0.000000 0.005444 0.000011 0.001568 0.001643 0.002215 0.000000 0.000951 0.001868 0.002891 
0.000609 0.000000 0.000000 0.000001 0.000000 0.000000 0.000000 0.000000 0.007513 0.002390 0.002930 0.002134 0.000000 0.000000 0.000000 0.000016 0.000019 0.000755 0.000644 0.000654 0.000000 0.000000 0.000000 0.000000 0.000741 0.000000 0.000000 0.000001 0.000000 0.000000 0.000000 0.000676 0.015976 0.006054 0.005529 0.007230 0.000000 0.000000 0.000000 0.000000 0.000284 0.000833 0.000004 0.000060 0.000000 0.000000 0.000001 0.000000 0.000005 0.000000 0.000000 0.000003 0.000000 0.000000 0.000000 0.000000 0.007288 0.000481 0.000000 0.003174 0.000000 0.000000 0.000488 0.000000 0.000013 0.000001 0.000005 0.000636 0.000000 0.000000 0.000000 0.000000 0.015101 0.007000 0.001805 0.013346 0.035487 0.000000 0.001942 0.066584 0.425179 0.085155 0.051283 0.229462 0.000002 0.000000 0.000000 0.000002 0.000009 0.000008 0.000007 0.000475 0.000000 0.000000 0.000000 0.000001 
0.009647 0.007953 0.000000 0.005186 0.000000 0.000000 0.000000 0.000000 0.008551 0.005275 0.007663 0.003191 0.012587 0.002910 0.006958 0.020199 0.023043 0.009342 0.017885 0.024339 0.037625 0.010247 0.004332 0.021784 0.007948 0.002760 0.000000 0.009762 0.000000 0.000000 0.000000 0.000000 0.010398 0.005132 0.004439 0.005806 0.005952 0.003286 0.002808 0.005314 0.019642 0.011487 0.020222 0.031813 0.026470 0.008056 0.013201 0.059834 0.013957 0.009346 0.000000 0.010925 0.000000 0.001640 0.000000 0.000000 0.002876 0.002084 0.008427 0.009356 0.000000 0.001815 0.001745 0.003541 0.007903 0.010959 0.011782 0.013361 0.008096 0.000000 0.004337 0.020353 0.029393 0.006601 0.000000 0.036966 0.000000 0.000000 0.000000 0.000000 0.002119 0.006393 0.000001 0.009342 0.023390 0.002832 0.012413 0.012482 0.015369 0.020233 0.010930 0.034281 0.058007 0.007091 0.008837 0.067771 
0.011484 0.000000 0.000000 0.000002 0.000000 0.002185 0.000000 0.000000 0.030932 0.014146 0.242859 0.010460 0.002406 0.000000 0.000001 0.009095 0.014781 0.004763 0.005468 0.009957 0.000000 0.002265 0.000763 0.002018 0.000006 0.004652 0.000000 0.000002 0.000000 0.000000 0.000000 0.000000 0.023282 0.011656 0.122741 0.013760 0.000000 0.000000 0.000000 0.000000 0.000012 0.001708 0.005563 0.005987 0.000000 0.002231 0.000002 0.000000 0.006739 0.004833 0.000000 0.000006 0.000000 0.002871 0.000000 0.000000 0.021766 0.019198 0.123924 0.011847 0.000000 0.000000 0.000000 0.000000 0.013344 0.003745 0.003222 0.013429 0.000000 0.000000 0.000000 0.000000 0.013216 0.011315 0.001898 0.017410 0.003018 0.000000 0.000000 0.000000 0.021484 0.007387 0.099790 0.014107 0.005750 0.000000 0.000000 0.001941 0.007312 0.002767 0.007603 0.004886 0.000000 0.000000 0.000000 0.000001 
0.041116 0.037619 0.018428 0.024535 0.006633 0.005054 0.002659 0.002714 0.008567 0.005398 0.000056 0.004116 0.003916 0.002934 0.010650 0.002309 0.006741 0.000005 0.007394 0.002095 0.000000 0.000000 0.000000 0.000000 0.053914 0.072500 0.009061 0.043903 0.011495 0.009245 0.006072 0.008025 0.021337 0.015452 0.004997 0.021882 0.009050 0.010910 0.039333 0.010437 0.005318 0.000793 0.008225 0.005196 0.000000 0.000000 0.005088 0.000000 0.043800 0.048984 0.020835 0.028874 0.006329 0.008502 0.006566 0.004912 0.001307 0.005837 0.000000 0.005300 0.006778 0.006345 0.014839 0.002524 0.006251 0.000002 0.004025 0.001219 0.000000 0.000000 0.000000 0.000000 0.037969 0.058993 0.010844 0.044583 0.001466 0.010173 0.003931 0.000000 0.004787 0.007160 0.000001 0.007246 0.002690 0.005070 0.007864 0.003302 0.001974 0.000446 0.002086 0.001013 0.000000 0.000000 0.000000 0.000000 
0.000002 0.000000 0.000616 0.001929 0.000000 0.000000 0.000000 0.000000 0.030576 0.018194 0.102771 0.015980 0.000000 0.003727 0.000000 0.005947 0.010256 0.007012 0.021160 0.001793 0.000000 0.000000 0.000000 0.001463 0.010296 0.019476 0.008762 0.048807 0.000000 0.000000 0.000000 0.000000 0.009648 0.013295 0.097923 0.012717 0.000000 0.002043 0.000000 0.000000 0.009004 0.005092 0.024659 0.001232 0.000000 0.004920 0.004256 0.007616 0.000661 0.003532 0.000000 0.006323 0.000000 0.002696 0.000000 0.000000 0.070807 0.078512 0.135183 0.052302 0.000000 0.001827 0.000000 0.002252 0.012730 0.007116 0.010273 0.002938 0.000000 0.001649 0.000912 0.002890 0.000149 0.002498 0.000000 0.003014 0.000000 0.000000 0.000000 0.000000 0.006388 0.008892 0.049748 0.006192 0.000001 0.000000 0.000000 0.000001 0.005487 0.005082 0.011391 0.002012 0.000000 0.002836 0.000000 0.002534 
0.020572 0.014319 0.000000 0.019177 0.029865 0.015640 0.006520 0.031387 0.022254 0.010784 0.006396 0.020363 0.011611 0.010831 0.008324 0.012571 0.015904 0.008230 0.013033 0.023039 0.000000 0.000000 0.014708 0.005899 0.013809 0.000000 0.000000 0.007673 0.016150 0.015994 0.003491 0.025207 0.009028 0.005331 0.002793 0.013285 0.005598 0.014795 0.007499 0.021154 0.005281 0.019566 0.006304 0.013177 0.000000 0.007803 0.009355 0.007195 0.002418 0.000000 0.000000 0.008053 0.010871 0.007736 0.000000 0.021839 0.017505 0.008846 0.000000 0.008583 0.006705 0.006954 0.010228 0.009294 0.009808 0.006925 0.003693 0.008430 0.003004 0.002796 0.019845 0.003111 0.006397 0.007704 0.000000 0.013369 0.015469 0.020171 0.000000 0.035945 0.012408 0.019668 0.000001 0.015440 0.009532 0.010076 0.009833 0.020230 0.012189 0.013309 0.005689 0.010464 0.000000 0.007528 0.015398 0.010618 
0.039437 0.047763 0.000000 0.049298 0.000000 0.000000 0.000000 0.005635 0.020861 0.001973 0.030571 0.030603 0.023243 0.017840 0.027615 0.039525 0.013681 0.010263 0.017983 0.030625 0.004424 0.000000 0.000000 0.000000 0.029847 0.000000 0.000000 0.029601 0.000000 0.000000 0.000000 0.000000 0.000880 0.000576 0.013948 0.019332 0.017127 0.020888 0.000000 0.046443 0.001901 0.016844 0.000014 0.015064 0.000000 0.000000 0.003532 0.000000 0.025844 0.010268 0.000000 0.019630 0.000000 0.000000 0.000000 0.000000 0.000010 0.000512 0.012036 0.000341 0.009724 0.006383 0.004874 0.030242 0.003215 0.005297 0.007208 0.016508 0.000000 0.000000 0.000000 0.005130 0.037666 0.000159 0.000000 0.034223 0.000000 0.000000 0.000000 0.000000 0.001615 0.000700 0.000004 0.015036 0.023984 0.019398 0.000000 0.047520 0.002835 0.002804 0.000026 0.015324 0.000000 0.000000 0.010740 0.003405 
0.000010 0.000000 0.000000 0.000002 0.008474 0.007197 0.000000 0.000000 0.031036 0.013736 0.009336 0.033770 0.013186 0.000000 0.020908 0.000072 0.093158 0.024869 0.053773 0.045598 0.000000 0.000000 0.000000 0.000000 0.000009 0.000000 0.000000 0.000005 0.000000 0.000000 0.003596 0.000000 0.031072 0.020382 0.000753 0.029183 0.007590 0.000000 0.017917 0.000000 0.026243 0.008765 0.032240 0.028194 0.000000 0.000000 0.007321 0.000000 0.016970 0.008225 0.000000 0.012301 0.004978 0.000000 0.000000 0.000000 0.020683 0.019597 0.000001 0.027970 0.011979 0.000000 0.000000 0.000000 0.032530 0.021579 0.026996 0.036298 0.000000 0.000000 0.000000 0.000000 0.007781 0.002313 0.011355 0.010791 0.000000 0.000000 0.000000 0.000000 0.012129 0.009972 0.000003 0.007131 0.008458 0.000000 0.006227 0.000008 0.037205 0.023432 0.022408 0.032279 0.000000 0.000000 0.000000 0.000002 
0.308823 0.459655 0.000000 0.051846 0.000000 0.149229 0.000293 0.030154 0.000000 0.000000 
0.000000 0.032548 0.000000 0.032299 0.306179 0.078833 0.089007 0.461133 0.000000 0.000000 
0.074764 0.000002 0.000000 0.179443 0.000000 0.149020 0.014677 0.582093 0.000000 0.000000 
0.000000 0.000002 0.047257 0.745079 0.093856 0.003063 0.000220 0.110523 0.000000 0.000000 
0.054394 0.000002 0.000000 0.056594 0.000000 0.077662 0.518825 0.108175 0.184349 0.000000 
0.117401 0.011294 0.812002 0.018275 0.000000 0.010915 0.000125 0.029987 0.000000 0.000000 
0.000000 0.529437 0.000000 0.007818 0.000000 0.155683 0.260029 0.047033 0.000000 0.000000 
0.000000 0.007846 0.000000 0.316687 0.000000 0.094107 0.077517 0.503842 0.000000 0.000000 
0.000000 0.000002 0.000000 0.060569 0.092279 0.127057 0.084364 0.635728 0.000000 0.000000 
0.000000 0.000002 0.004928 0.502875 0.040428 0.026342 0.299589 0.125837 0.000000 0.000000 
0.000000 0.018481 0.012573 0.058345 0.000000 0.165366 0.140594 0.604641 0.000000 0.000000 
0.000000 0.000002 0.015693 0.129068 0.000000 0.659331 0.020468 0.130679 0.000000 0.044760 
0.049512 0.000002 0.595556 0.130410 0.000000 0.017804 0.127638 0.079077 0.000000 0.000000 
0.000000 0.398959 0.000000 0.192003 0.000000 0.034453 0.326134 0.048452 0.000000 0.000000 
0.000000 0.000002 0.426491 0.000234 0.000000 0.456345 0.014602 0.089130 0.013197 0.000000 
0.000000 0.041759 0.000000 0.079653 0.029160 0.098365 0.319275 0.239673 0.000000 0.192116 
0.000000 0.063975 0.000000 0.223866 0.000000 0.502608 0.078331 0.131220 0.000000 0.000000 
0.000000 0.015042 0.955145 0.013145 0.000000 0.003057 0.004393 0.009217 0.000000 0.000000 
0.012596 0.000002 0.156010 0.045083 0.262105 0.050985 0.452081 0.021138 0.000000 0.000000 
0.000000 0.000002 0.579331 0.015057 0.000000 0.191184 0.199321 0.015105 0.000000 0.000000 
0.000000 0.000002 0.000000 0.008404 0.000000 0.867029 0.032890 0.053793 0.037882 0.000000 
0.000000 0.027005 0.000000 0.110673 0.000000 0.110499 0.140816 0.311969 0.000000 0.299038 
0.214822 0.000002 0.000000 0.000317 0.000000 0.073093 0.463989 0.107768 0.074539 0.065469 
0.000000 0.000002 0.236107 0.067958 0.000000 0.165374 0.022109 0.173125 0.335325 0.000000 
0.000000 0.011439 0.000000 0.021679 0.000000 0.626151 0.265799 0.074931 0.000000 0.000000 
0.000000 0.147777 0.000000 0.050357 0.226948 0.096175 0.126278 0.179580 0.000000 0.172884 
0.089936 0.068824 0.360874 0.066812 0.000000 0.055374 0.040290 0.153741 0.000000 0.164149 
0.533593 0.016255 0.146181 0.157896 0.024847 0.029052 0.000224 0.066498 0.000000 0.025453 
0.077537 0.000002 0.583807 0.280141 0.031012 0.000464 0.000167 0.026870 0.000000 0.000000 
0.025040 0.037745 0.000000 0.115835 0.000000 0.106595 0.058387 0.436226 0.000000 0.220173 
0.194381 0.038827 0.000000 0.086124 0.000000 0.116487 0.119990 0.296992 0.000000 0.147200 
0.160637 0.079356 0.356539 0.306157 0.011524 0.062364 0.000207 0.006491 0.016725 0.000000 
0.000000 0.000002 0.284212 0.078602 0.393523 0.006588 0.136064 0.052394 0.048615 0.000000 
0.000000 0.000002 0.013236 0.029340 0.000000 0.585700 0.256823 0.091710 0.023188 0.000000 
0.035152 0.021841 0.000000 0.072885 0.336816 0.078106 0.087781 0.342370 0.000000 0.025050 
0.511752 0.000002 0.000000 0.320526 0.018618 0.029937 0.047665 0.051292 0.000000 0.020208 
0.000000 0.000002 0.071636 0.095935 0.207854 0.149098 0.000190 0.475287 0.000000 0.000000 
0.059771 0.000002 0.802528 0.008923 0.000000 0.108129 0.000176 0.020470 0.000000 0.000000 
0.071394 0.055844 0.000000 0.034330 0.000000 0.402262 0.020258 0.170383 0.245529 0.000000 
0.000000 0.000002 0.747965 0.016576 0.000000 0.046415 0.028513 0.084764 0.000000 0.075765 
0.008370 0.000002 0.000000 0.038609 0.000000 0.054353 0.753107 0.110586 0.000000 0.034974 
0.185776 0.000002 0.000000 0.008794 0.000000 0.019991 0.714056 0.071381 0.000000 0.000000 
0.000000 0.000002 0.726909 0.019923 0.000000 0.049235 0.000140 0.187761 0.016030 0.000000 
0.000000 0.108310 0.000000 0.568203 0.000000 0.023636 0.199954 0.099897 0.000000 0.000000 
0.000000 0.018360 0.000000 0.037583 0.491732 0.070433 0.066279 0.114156 0.201458 0.000000 
0.917272 0.000002 0.012769 0.000143 0.000000 0.061034 0.000153 0.008627 0.000000 0.000000 
0.000000 0.010572 0.000000 0.048443 0.000000 0.276378 0.025989 0.638618 0.000000 0.000000 
0.233185 0.244335 0.287325 0.102750 0.000000 0.045625 0.065372 0.021408 0.000000 0.000000 
0.000000 0.012546 0.000000 0.696731 0.000000 0.016113 0.018031 0.174942 0.081636 0.000000 
0.000000 0.628686 0.018027 0.000136 0.000000 0.085306 0.103948 0.052635 0.111263 0.000000 
0.000000 0.000002 0.000000 0.015636 0.000000 0.755740 0.088031 0.140591 0.000000 0.000000 
0.000000 0.443848 0.000000 0.080233 0.000000 0.125151 0.000399 0.187430 0.078199 0.084741 
0.000000 0.006548 0.000000 0.685007 0.000000 0.000402 0.165382 0.142662 0.000000 0.000000 
0.000000 0.003067 0.000000 0.158285 0.110866 0.561058 0.056410 0.110314 0.000000 0.000000 
0.000000 0.000002 0.465517 0.056693 0.000000 0.056084 0.098827 0.165211 0.021629 0.136037 
0.173876 0.000002 0.710697 0.019605 0.000000 0.001962 0.050394 0.043463 0.000000 0.000000 
0.000000 0.000002 0.053672 0.268212 0.000000 0.555146 0.024265 0.098703 0.000000 0.000000 
0.000000 0.100675 0.000000 0.000135 0.000000 0.774943 0.052018 0.072228 0.000000 0.000000 
0.000000 0.178678 0.000000 0.035625 0.000000 0.209971 0.487298 0.088428 0.000000 0.000000 
0.017436 0.000002 0.000000 0.643492 0.000000 0.158020 0.052549 0.128501 0.000000 0.000000 
0.000000 0.000002 0.016286 0.051009 0.448259 0.106642 0.056040 0.152137 0.169626 0.000000 
0.614282 0.033525 0.000000 0.042720 0.000000 0.035117 0.196535 0.043636 0.000000 0.034186 
0.000000 0.195432 0.053429 0.008559 0.000000 0.028658 0.626578 0.087344 0.000000 0.000000 
0.000000 0.010889 0.109753 0.068195 0.032180 0.302120 0.115270 0.218769 0.000000 0.142824 
0.000000 0.056663 0.000000 0.026657 0.698829 0.064493 0.106233 0.047125 0.000000 0.000000 
0.039302 0.545603 0.000000 0.046662 0.000000 0.038441 0.063062 0.163125 0.000000 0.103805 
0.000000 0.000002 0.018769 0.031587 0.000000 0.027921 0.838178 0.083543 0.000000 0.000000 
0.000000 0.037210 0.605098 0.027436 0.000000 0.071553 0.072852 0.158944 0.026907 0.000000 
0.000000 0.242024 0.000000 0.066010 0.000000 0.093421 0.208114 0.217128 0.113555 0.059748 
0.000000 0.007707 0.238848 0.642751 0.023639 0.000989 0.000186 0.085879 0.000000 0.000000 
0.000000 0.023070 0.000000 0.036312 0.000000 0.323729 0.118834 0.171135 0.326919 0.000000 
0.079284 0.000002 0.000000 0.117317 0.000000 0.204441 0.248463 0.350492 0.000000 0.000000 
0.021204 0.560202 0.000000 0.126833 0.000000 0.010445 0.228363 0.052953 0.000000 0.000000 
0.810923 0.051718 0.000000 0.019828 0.000000 0.013896 0.098447 0.005188 0.000000 0.000000 
0.023621 0.522646 0.348888 0.000291 0.023323 0.020467 0.028952 0.013397 0.000000 0.018415 
0.000000 0.000002 0.000000 0.025049 0.000000 0.132744 0.712000 0.036250 0.093955 0.000000 
0.232968 0.444830 0.000000 0.077486 0.000000 0.024859 0.081582 0.085956 0.000000 0.052319 
0.000000 0.000002 0.000000 0.013890 0.000000 0.810032 0.033985 0.142092 0.000000 0.000000 
0.000000 0.000002 0.829331 0.060058 0.000000 0.097341 0.000280 0.012989 0.000000 0.000000 
0.000000 0.447600 0.000000 0.042651 0.333855 0.041239 0.081531 0.053124 0.000000 0.000000 
0.000000 0.000002 0.368104 0.062214 0.000000 0.057859 0.060972 0.244239 0.000000 0.206609 
0.000000 0.780041 0.068855 0.013916 0.000000 0.005990 0.074240 0.041300 0.015658 0.000000 
0.000000 0.108269 0.000000 0.042494 0.609410 0.026907 0.105018 0.090438 0.000000 0.017464 
0.000000 0.000002 0.000000 0.021159 0.000000 0.060790 0.916946 0.001102 0.000000 0.000000 
0.513449 0.000002 0.000000 0.066101 0.000000 0.091954 0.019694 0.279619 0.000000 0.029182 
0.000000 0.059547 0.000000 0.024571 0.248908 0.376707 0.127622 0.162645 0.000000 0.000000 
0.010235 0.118287 0.000000 0.000223 0.000000 0.450245 0.331706 0.089304 0.000000 0.000000 
0.000000 0.045603 0.000000 0.086880 0.000000 0.098074 0.061994 0.266743 0.097488 0.343217 
0.000000 0.000002 0.376601 0.052340 0.000000 0.084278 0.039151 0.320349 0.000000 0.127280 
0.000000 0.590877 0.000000 0.158648 0.000000 0.042750 0.021041 0.186684 0.000000 0.000000 
0.066375 0.029444 0.082233 0.000226 0.505992 0.052050 0.171391 0.031490 0.060799 0.000000 
0.000000 0.046865 0.000000 0.093254 0.000000 0.128142 0.093395 0.355535 0.000000 0.282808 
0.000000 0.000002 0.000000 0.014133 0.000000 0.077644 0.584554 0.323667 0.000000 0.000000 
0.346292 0.184479 0.000000 0.067756 0.000000 0.255128 0.089673 0.056672 0.000000 0.000000 
0.130740 0.408407 0.000000 0.018662 0.239721 0.076739 0.069511 0.019333 0.036886 0.000000 
0.000000 0.042909 0.000000 0.193532 0.000000 0.119256 0.088002 0.224153 0.152514 0.179634 
0.000000 0.135084 0.000000 0.020615 0.553629 0.069998 0.137956 0.082718 0.000000 0.000000 
0.060390 0.439330 0.088425 0.003944 0.000000 0.349596 0.000174 0.058141 0.000000 0.000000 
0.000000 0.211978 0.024624 0.640100 0.000000 0.018695 0.000217 0.104387 0.000000 0.000000 
0.018814 0.000001 0.021650 0.034982 0.000000 0.280769 0.000158 0.208910 0.434715 0.000000 
0.0830809 0.166318 0.103546 0.387769 0.0555582 0.484011 0.383893 0.542823 0.051353 0.0567712 
