-394190.920068
0
0.000000 0.000000 0.000000 0.000000 0.000425 0.000000 0.000000 0.000373 0.007899 0.002161 0.000000 0.002351 0.000000 0.000000 0.000000 0.000000 0.000000 0.000839 0.000000 0.000871 0.000000 0.000330 0.000652 0.000000 0.000629 0.000000 0.000000 0.000000 0.000000 0.000000 0.000000 0.001122 0.015358 0.005344 0.004155 0.006596 0.000000 0.000734 0.000000 0.000552 0.000000 0.001162 0.000000 0.000000 0.000000 0.000000 0.000000 0.000000 0.000000 0.000000 0.000000 0.000000 0.000000 0.000000 0.000000 0.000000 0.006987 0.000000 0.000000 0.003057 0.000000 0.000701 0.000267 0.000000 0.000000 0.000000 0.000000 0.000721 0.000553 0.000000 0.000000 0.000000 0.014782 0.006576 0.001480 0.012344 0.036203 0.000000 0.001382 0.068451 0.426288 0.084530 0.052913 0.230933 0.000000 0.000000 0.000000 0.000279 0.000000 0.000000 0.000000 0.000000 0.000000 0.000000 0.000000 0.000000 
0.000000 0.000000 0.000000 0.000000 0.048153 0.025502 0.000000 0.055229 0.041905 0.015204 0.000000 0.018088 0.006118 0.007932 0.022401 0.000000 0.015309 0.008691 0.000000 0.026186 0.000000 0.000000 0.039821 0.009923 0.000000 0.000000 0.000000 0.000000 0.015261 0.021793 0.000000 0.046508 0.000001 0.000000 0.000000 0.000005 0.000000 0.010017 0.000000 0.016465 0.000000 0.027190 0.000000 0.000000 0.000000 0.015715 0.015283 0.000000 0.000000 0.000000 0.000000 0.000000 0.016439 0.004283 0.000000 0.062631 0.022263 0.000000 0.000000 0.000003 0.000000 0.000000 0.000000 0.000000 0.011518 0.000000 0.000000 0.000000 0.007611 0.009603 0.044558 0.000000 0.000003 0.000000 0.000000 0.000001 0.029803 0.044696 0.000000 0.089882 0.000000 0.027740 0.000000 0.009549 0.000000 0.000000 0.003566 0.012312 0.013852 0.024128 0.000000 0.018809 0.000000 0.015149 0.022899 0.000000 
0.000000 0.000000 0.000000 0.000000 0.000000 0.000000 0.000000 0.000000 0.000000 0.000001 0.000000 0.009435 0.000000 0.000000 0.000000 0.000000 0.000000 0.011573 0.000000 0.006528 0.000000 0.000000 0.004568 0.023516 0.000000 0.000000 0.000000 0.000000 0.000000 0.000000 0.000000 0.000000 0.000001 0.000000 0.009011 0.005157 0.000000 0.000000 0.000000 0.000000 0.000000 0.004302 0.000000 0.000000 0.000000 0.000000 0.000000 0.032648 0.000000 0.000000 0.000000 0.000000 0.000000 0.000000 0.000000 0.000000 0.000000 0.032060 0.038269 0.033025 0.000000 0.000000 0.000000 0.000000 0.009330 0.023263 0.000000 0.021054 0.000000 0.005725 0.000000 0.000000 0.000004 0.000001 0.000000 0.000002 0.000000 0.000000 0.000000 0.000000 0.000000 0.039097 0.478853 0.074495 0.000000 0.000000 0.000000 0.000001 0.006933 0.017679 0.000000 0.000000 0.000000 0.000000 0.000000 0.113466 
0.037331 0.045257 0.033333 0.009322 0.000000 0.000000 0.000000 0.000000 0.000000 0.000000 0.000000 0.000005 0.000000 0.000000 0.025607 0.000000 0.000000 0.000001 0.000000 0.000003 0.000000 0.000000 0.004684 0.000000 0.074314 0.136187 0.011082 0.055090 0.000000 0.000000 0.000000 0.000000 0.014783 0.000000 0.012787 0.000005 0.018503 0.000000 0.036861 0.000000 0.000000 0.002762 0.021013 0.000000 0.000000 0.000000 0.012773 0.000000 0.055145 0.075477 0.046198 0.037356 0.000000 0.000000 0.000000 0.018157 0.000000 0.000000 0.000000 0.000002 0.000000 0.000000 0.000000 0.000000 0.000000 0.000000 0.007521 0.000000 0.000000 0.000000 0.000000 0.000000 0.060538 0.081245 0.000000 0.022175 0.000000 0.015089 0.000000 0.011129 0.000000 0.000010 0.000000 0.011066 0.002748 0.000000 0.000000 0.000001 0.000000 0.000000 0.000000 0.004439 0.000000 0.000000 0.000000 0.000000 
0.000000 0.000000 0.000000 0.017388 0.000000 0.000000 0.000000 0.000000 0.000000 0.000001 0.000000 0.000007 0.000000 0.000000 0.000000 0.000000 0.000000 0.000001 0.000000 0.000005 0.000000 0.011750 0.000000 0.000000 0.004771 0.000000 0.001199 0.029471 0.000000 0.000000 0.000000 0.000000 0.000001 0.000000 0.000000 0.000007 0.000000 0.000000 0.000000 0.000000 0.000000 0.000003 0.000000 0.004677 0.000000 0.000000 0.008900 0.000000 0.002754 0.000000 0.000000 0.011965 0.001114 0.000000 0.000000 0.000000 0.000000 0.000000 0.000000 0.000003 0.000000 0.000000 0.000000 0.000000 0.000000 0.000000 0.011808 0.000000 0.000000 0.000000 0.000000 0.004087 0.070320 0.020895 0.004426 0.719026 0.000000 0.000000 0.000000 0.000000 0.000000 0.000015 0.000000 0.000045 0.000000 0.000000 0.000000 0.002631 0.000000 0.000000 0.012813 0.013442 0.000000 0.018772 0.006363 0.021340 
0.000000 0.000000 0.000000 0.000000 0.001525 0.000000 0.000000 0.000000 0.000000 0.025040 0.000000 0.004252 0.000000 0.000000 0.000000 0.002699 0.002599 0.000000 0.000000 0.002504 0.000000 0.000000 0.001804 0.000000 0.000000 0.000000 0.000000 0.000000 0.000000 0.000000 0.000000 0.001037 0.081627 0.106585 0.018752 0.086037 0.000000 0.000000 0.000000 0.000000 0.000000 0.000001 0.000000 0.007654 0.000000 0.001153 0.000000 0.000000 0.000000 0.000000 0.000000 0.000000 0.000000 0.000000 0.000000 0.000000 0.000000 0.018562 0.000000 0.017229 0.000000 0.000000 0.000000 0.000000 0.001842 0.000000 0.000000 0.006764 0.000000 0.000000 0.000000 0.000918 0.000001 0.000000 0.000000 0.000001 0.000000 0.002282 0.000000 0.000000 0.112355 0.297014 0.102439 0.077646 0.000000 0.000000 0.000000 0.005585 0.000000 0.002239 0.001505 0.003105 0.000000 0.001600 0.002047 0.003596 
0.008664 0.007391 0.000000 0.004797 0.000000 0.000000 0.000000 0.000000 0.000000 0.004645 0.000000 0.000002 0.014258 0.000000 0.000000 0.024354 0.021833 0.009511 0.018412 0.025934 0.039467 0.007008 0.006458 0.026742 0.006840 0.000000 0.000000 0.006693 0.000000 0.000000 0.000000 0.000000 0.008261 0.002606 0.000000 0.002413 0.006402 0.002874 0.000000 0.006123 0.020541 0.013442 0.022508 0.035245 0.027707 0.009136 0.015153 0.071757 0.011973 0.006518 0.000000 0.010404 0.000000 0.000907 0.000000 0.001316 0.000000 0.000000 0.000000 0.007688 0.000000 0.001325 0.000000 0.004009 0.000000 0.012407 0.011891 0.013440 0.008811 0.000000 0.008551 0.024133 0.031093 0.003465 0.000000 0.036838 0.000000 0.000000 0.000000 0.000000 0.000000 0.006420 0.000000 0.010112 0.026377 0.000000 0.014000 0.015098 0.015589 0.024058 0.011641 0.039275 0.060938 0.008424 0.011095 0.085023 
0.043701 0.050117 0.000000 0.045344 0.000000 0.000000 0.000000 0.004849 0.000000 0.000000 0.000000 0.031719 0.026055 0.018480 0.033923 0.039600 0.000000 0.009840 0.015440 0.027537 0.000000 0.000000 0.000000 0.000000 0.046832 0.035031 0.000000 0.036635 0.000000 0.000000 0.000000 0.000000 0.000001 0.000000 0.000000 0.008929 0.024197 0.022689 0.000000 0.042791 0.000000 0.022517 0.000000 0.013947 0.000000 0.000000 0.009001 0.000000 0.021878 0.014190 0.000000 0.023348 0.000000 0.000000 0.000000 0.000000 0.000000 0.000000 0.000000 0.000002 0.000000 0.008062 0.002823 0.038570 0.000000 0.008438 0.008971 0.017859 0.000000 0.000000 0.010600 0.006116 0.044805 0.008783 0.000000 0.041305 0.000000 0.000000 0.000000 0.000000 0.000000 0.000008 0.000000 0.017731 0.028555 0.019796 0.000000 0.054567 0.000000 0.000000 0.000000 0.000000 0.000000 0.000000 0.014415 0.000000 
0.000000 0.000000 0.000000 0.000000 0.012512 0.000000 0.000000 0.008170 0.000000 0.000000 0.000000 0.048499 0.019886 0.012679 0.033893 0.017822 0.080074 0.029946 0.052729 0.057394 0.000000 0.004595 0.000000 0.000000 0.000000 0.000000 0.000000 0.000000 0.000000 0.000000 0.000000 0.000000 0.012356 0.000000 0.000000 0.008732 0.020779 0.000000 0.000000 0.000000 0.020146 0.023899 0.041805 0.033287 0.000000 0.005875 0.015067 0.000000 0.000000 0.000000 0.000000 0.010507 0.000000 0.000000 0.000000 0.000000 0.031724 0.022379 0.000000 0.029780 0.000000 0.000000 0.000000 0.013806 0.030398 0.027817 0.031891 0.043650 0.000000 0.000000 0.000000 0.000000 0.010120 0.000000 0.000000 0.000001 0.000000 0.000000 0.000000 0.000000 0.000000 0.002045 0.000000 0.009142 0.019553 0.000000 0.000000 0.025424 0.039148 0.021336 0.021209 0.034846 0.000000 0.006255 0.008823 0.000000 
0.000000 0.000000 0.000000 0.000000 0.000000 0.000000 0.000000 0.000000 0.025686 0.018562 0.000000 0.017209 0.000000 0.007639 0.000000 0.004434 0.004136 0.007813 0.029641 0.000002 0.000000 0.000000 0.000000 0.002161 0.020658 0.034545 0.014298 0.087998 0.000000 0.000000 0.000000 0.000000 0.000000 0.010943 0.067063 0.006208 0.000000 0.004490 0.000000 0.000000 0.011427 0.008238 0.037241 0.000000 0.000000 0.005935 0.008518 0.014910 0.000000 0.002750 0.000000 0.011914 0.000000 0.002978 0.000000 0.000000 0.101437 0.111510 0.129838 0.074828 0.000000 0.003569 0.000000 0.004882 0.010329 0.009752 0.014721 0.000000 0.000000 0.003413 0.003783 0.005473 0.000001 0.000000 0.000000 0.000001 0.000000 0.000000 0.000000 0.000000 0.011132 0.004910 0.000000 0.008336 0.000000 0.000950 0.000000 0.000000 0.000000 0.008976 0.013621 0.000000 0.000000 0.005266 0.000000 0.005877 
0.007977 0.004728 0.001147 0.004478 0.000000 0.001936 0.000000 0.002173 0.034354 0.015877 0.229601 0.013290 0.000000 0.000000 0.000000 0.009831 0.016797 0.005836 0.009089 0.008988 0.000000 0.002021 0.000000 0.001569 0.000000 0.005359 0.000000 0.000000 0.000000 0.000000 0.000000 0.000000 0.022323 0.013720 0.126602 0.018031 0.000000 0.000000 0.000000 0.000000 0.003185 0.002531 0.009630 0.005533 0.000000 0.003504 0.000000 0.000000 0.004911 0.005218 0.000000 0.000000 0.000000 0.002801 0.000000 0.000000 0.027493 0.027557 0.127192 0.017470 0.000000 0.000000 0.000000 0.000000 0.015291 0.004217 0.004285 0.011447 0.000000 0.000000 0.000000 0.000000 0.007531 0.009900 0.000840 0.013912 0.000000 0.000828 0.000000 0.000000 0.000000 0.011101 0.091645 0.002861 0.003975 0.000000 0.000000 0.002752 0.009954 0.000000 0.008365 0.006114 0.000000 0.000000 0.002232 0.000000 
0.040100 0.025794 0.008068 0.030927 0.018601 0.013189 0.008425 0.012488 0.028504 0.013506 0.000000 0.007331 0.006065 0.006356 0.000000 0.000000 0.015119 0.000000 0.013968 0.003673 0.000000 0.000000 0.000000 0.000000 0.034785 0.020957 0.006562 0.030724 0.021773 0.017901 0.009620 0.017996 0.026701 0.025973 0.000000 0.038823 0.000000 0.017367 0.039667 0.019201 0.009810 0.000001 0.000000 0.009304 0.000000 0.000000 0.000000 0.000000 0.030800 0.026250 0.007429 0.021052 0.012779 0.014006 0.006214 0.003376 0.005879 0.012970 0.000000 0.011470 0.016610 0.010620 0.024652 0.000000 0.013634 0.000000 0.000000 0.000000 0.000000 0.000000 0.000000 0.000000 0.014201 0.039092 0.012569 0.035156 0.005450 0.011748 0.004022 0.000000 0.000000 0.016711 0.000000 0.000009 0.000000 0.012780 0.015788 0.000000 0.006006 0.004775 0.004671 0.000000 0.000000 0.000000 0.000000 0.000000 
0.000538 0.000002 0.173031 0.060107 0.124267 0.453731 0.057638 0.011092 0.000000 0.004782 0.012164 0.102647 
0.040212 0.151423 0.000000 0.000000 0.000000 0.013419 0.061222 0.097342 0.036494 0.030813 0.373291 0.195785 
0.020467 0.222103 0.036869 0.000000 0.020509 0.000001 0.208034 0.076529 0.062938 0.016216 0.026676 0.309658 
0.055581 0.052334 0.000000 0.000000 0.000000 0.000001 0.670862 0.000004 0.000000 0.009185 0.131095 0.080937 
0.001174 0.039028 0.029898 0.027498 0.020615 0.000001 0.060795 0.175973 0.024408 0.301515 0.258510 0.060585 
0.809568 0.000003 0.029773 0.000000 0.060692 0.020457 0.026644 0.000003 0.000000 0.000070 0.016922 0.035870 
0.009670 0.000002 0.000000 0.038664 0.000000 0.522560 0.005140 0.021836 0.000000 0.159741 0.118030 0.124357 
0.017230 0.210091 0.000000 0.000000 0.000000 0.000001 0.319206 0.048674 0.063727 0.051395 0.053932 0.235744 
0.018994 0.279251 0.000000 0.000000 0.000000 0.000001 0.108567 0.122046 0.000000 0.053101 0.151952 0.266088 
0.016826 0.034995 0.000000 0.000000 0.000000 0.000001 0.399960 0.000003 0.095634 0.154078 0.209688 0.088815 
0.040005 0.267129 0.000000 0.000000 0.000000 0.000001 0.104871 0.111256 0.000000 0.081405 0.098867 0.296465 
0.029037 0.000002 0.000000 0.252667 0.000000 0.000001 0.121997 0.056256 0.053702 0.031921 0.006255 0.448163 
0.604829 0.013399 0.000000 0.000000 0.030653 0.000001 0.114634 0.000003 0.033459 0.072176 0.076376 0.054469 
0.006621 0.000002 0.000000 0.000000 0.000000 0.394835 0.176003 0.000003 0.000000 0.191858 0.165395 0.065283 
0.432370 0.000002 0.000000 0.209956 0.000000 0.000001 0.013790 0.069970 0.000000 0.000123 0.016594 0.257194 
0.018617 0.075503 0.000000 0.000000 0.004392 0.042238 0.071906 0.000003 0.211888 0.172747 0.198589 0.204117 
0.024431 0.000002 0.000000 0.213504 0.000000 0.046278 0.203400 0.000003 0.051877 0.046867 0.041761 0.371876 
0.945705 0.000002 0.000000 0.000000 0.000000 0.019706 0.012827 0.000002 0.000000 0.000070 0.017401 0.004288 
0.169239 0.000002 0.000000 0.035279 0.009583 0.000001 0.038391 0.000004 0.000000 0.239463 0.495300 0.012737 
0.575885 0.000002 0.000000 0.097688 0.000000 0.014332 0.009392 0.000003 0.000000 0.145662 0.064886 0.092149 
0.007985 0.000002 0.000000 0.369608 0.029123 0.000001 0.007602 0.110295 0.000000 0.016681 0.016997 0.441706 
0.023483 0.082408 0.000000 0.000000 0.000000 0.023243 0.115451 0.000003 0.301719 0.052747 0.097371 0.303575 
0.011686 0.019019 0.107070 0.000000 0.083571 0.000001 0.016682 0.033680 0.066792 0.199241 0.303962 0.158296 
0.236164 0.055719 0.000000 0.000000 0.000000 0.000001 0.091535 0.354940 0.000000 0.000098 0.071837 0.189704 
0.014384 0.000002 0.000000 0.211003 0.008543 0.000001 0.019136 0.027296 0.000000 0.144532 0.133301 0.441801 
0.049024 0.000003 0.031718 0.000000 0.000000 0.110078 0.049496 0.000003 0.195115 0.045918 0.294323 0.224322 
0.371415 0.041188 0.015191 0.000000 0.048465 0.085010 0.074006 0.000003 0.151263 0.027252 0.036865 0.149342 
0.157300 0.007966 0.240366 0.000000 0.240235 0.015650 0.143271 0.000003 0.052567 0.000101 0.070328 0.072213 
0.599765 0.000002 0.000000 0.000000 0.041006 0.000001 0.254320 0.020387 0.000000 0.000091 0.069469 0.014958 
0.011832 0.136692 0.000000 0.000000 0.021323 0.054901 0.118664 0.000003 0.268513 0.050294 0.029384 0.308394 
0.024864 0.088374 0.076607 0.000000 0.088620 0.030938 0.106689 0.000003 0.169313 0.019342 0.121173 0.274076 
0.357521 0.000002 0.069868 0.031079 0.070333 0.084346 0.262475 0.049281 0.000000 0.000103 0.045211 0.029782 
0.301401 0.000002 0.000000 0.000000 0.000000 0.000001 0.083606 0.042663 0.000000 0.048280 0.481286 0.042761 
0.023284 0.000002 0.000000 0.179953 0.012754 0.000001 0.030413 0.083303 0.000000 0.152670 0.118758 0.398862 
0.036568 0.116471 0.030023 0.000000 0.010584 0.000001 0.084262 0.060482 0.068646 0.013649 0.407078 0.172236 
0.018694 0.000002 0.206056 0.000000 0.247197 0.000001 0.271191 0.000003 0.076898 0.017788 0.098134 0.064035 
0.094899 0.201577 0.000000 0.000000 0.000000 0.000001 0.122838 0.139333 0.000000 0.000101 0.228361 0.212890 
0.807210 0.000002 0.016382 0.023888 0.034454 0.000001 0.011631 0.000003 0.000000 0.004510 0.007277 0.094642 
0.022229 0.040377 0.021615 0.118270 0.035027 0.043967 0.062348 0.284345 0.000000 0.000101 0.061973 0.309749 
0.750808 0.011747 0.000000 0.000000 0.000000 0.000001 0.017716 0.000003 0.084064 0.007026 0.028375 0.100260 
0.001730 0.026035 0.032639 0.000000 0.000000 0.000001 0.017909 0.000003 0.074643 0.443461 0.318584 0.084995 
0.000968 0.038382 0.076856 0.000000 0.087808 0.000001 0.019157 0.000004 0.000000 0.458561 0.306082 0.012181 
0.722764 0.061986 0.000000 0.000000 0.000000 0.000001 0.037756 0.061527 0.000000 0.000063 0.021833 0.094070 
0.000452 0.027204 0.020167 0.000000 0.000000 0.102912 0.488467 0.000003 0.057055 0.126505 0.097337 0.079899 
0.040164 0.033272 0.000000 0.000000 0.000000 0.000001 0.049066 0.204353 0.000000 0.000111 0.572301 0.100733 
0.023137 0.000002 0.420118 0.026860 0.406399 0.000001 0.030113 0.000003 0.000000 0.000093 0.054789 0.038485 
0.028884 0.245932 0.000000 0.027001 0.000000 0.000001 0.083492 0.149186 0.031933 0.026242 0.021455 0.385875 
0.294736 0.000002 0.110092 0.018987 0.101840 0.243641 0.090793 0.022936 0.000000 0.047823 0.045913 0.023238 
0.014005 0.064973 0.000000 0.000000 0.000000 0.000001 0.620531 0.098091 0.000000 0.019493 0.047975 0.134931 
0.042713 0.000002 0.000000 0.000000 0.000000 0.608868 0.000877 0.131586 0.000000 0.066362 0.061238 0.088354 
0.011671 0.000002 0.000000 0.327379 0.025706 0.000001 0.019601 0.034601 0.037599 0.039457 0.047125 0.456856 
0.044281 0.038991 0.000000 0.000000 0.000000 0.401341 0.087163 0.079295 0.091733 0.000097 0.023924 0.233175 
0.004259 0.044623 0.000000 0.000000 0.000000 0.010945 0.571086 0.000003 0.099692 0.096195 0.102110 0.071086 
0.022604 0.000002 0.000000 0.253082 0.010037 0.000001 0.159608 0.039550 0.000000 0.021755 0.152569 0.340792 
0.483079 0.000003 0.000000 0.000000 0.000000 0.000001 0.066391 0.000003 0.161553 0.054196 0.055268 0.179506 
0.713404 0.000003 0.096126 0.000000 0.066979 0.000001 0.027605 0.005624 0.000000 0.036164 0.030045 0.024049 
0.062715 0.000002 0.000000 0.249767 0.021293 0.000001 0.230262 0.093336 0.000000 0.038915 0.011532 0.292177 
0.006800 0.000002 0.000000 0.316079 0.021494 0.102840 0.001513 0.046867 0.000000 0.000121 0.042814 0.461471 
0.020853 0.000002 0.000000 0.069074 0.000000 0.152511 0.038583 0.030974 0.000000 0.168518 0.348411 0.171073 
0.007150 0.030302 0.000000 0.044996 0.022770 0.000001 0.550646 0.059330 0.023994 0.039613 0.055125 0.166073 
0.045661 0.041768 0.000000 0.000000 0.000000 0.000001 0.064672 0.204073 0.000000 0.000109 0.502279 0.141437 
0.001185 0.024885 0.274403 0.000000 0.275321 0.045965 0.080253 0.000004 0.000000 0.129122 0.128275 0.040587 
0.062616 0.025648 0.000000 0.000000 0.000000 0.194229 0.005418 0.000003 0.012365 0.377797 0.268900 0.053025 
0.131762 0.043158 0.000000 0.056450 0.000000 0.000001 0.072243 0.000003 0.146031 0.051102 0.106940 0.392309 
0.038417 0.000003 0.000000 0.045026 0.000000 0.042846 0.039055 0.000004 0.000000 0.030800 0.764802 0.039048 
0.029000 0.044951 0.000000 0.000000 0.022496 0.536918 0.054681 0.000003 0.120259 0.021316 0.052422 0.117953 
0.018052 0.032771 0.000000 0.000000 0.000000 0.011795 0.023868 0.000003 0.000000 0.503269 0.362241 0.048001 
0.605330 0.057850 0.000000 0.000000 0.000000 0.039479 0.032590 0.079420 0.000000 0.051935 0.042086 0.091308 
0.015712 0.048589 0.000000 0.000000 0.000000 0.239367 0.072857 0.135772 0.077013 0.160970 0.072754 0.176965 
0.245443 0.030246 0.000000 0.000000 0.000000 0.000001 0.585713 0.000004 0.000000 0.000120 0.059127 0.079345 
0.005172 0.034281 0.000000 0.074678 0.000000 0.020300 0.039071 0.300426 0.088715 0.036202 0.101929 0.299226 
0.012601 0.116300 0.028887 0.000000 0.037099 0.000001 0.143295 0.085183 0.000000 0.153844 0.139544 0.283246 
0.022713 0.013262 0.000000 0.000000 0.010840 0.549624 0.121077 0.000003 0.000000 0.149223 0.106698 0.026561 
0.001351 0.000001 0.378870 0.000000 0.353747 0.059775 0.044220 0.000003 0.000000 0.043626 0.103038 0.015369 
0.364362 0.000002 0.000000 0.000000 0.013256 0.505188 0.010163 0.000004 0.021216 0.015205 0.046979 0.023626 
0.005626 0.000002 0.000000 0.000000 0.000000 0.000001 0.017377 0.091486 0.000000 0.415419 0.339192 0.130897 
0.008196 0.018200 0.108585 0.000000 0.099404 0.443255 0.082506 0.000003 0.053916 0.032044 0.072681 0.081211 
0.011515 0.000002 0.003875 0.348942 0.000000 0.000001 0.016348 0.069922 0.028136 0.021476 0.006972 0.492810 
0.827008 0.000002 0.000000 0.054326 0.000000 0.000001 0.054495 0.000004 0.000000 0.000072 0.011576 0.052517 
0.032733 0.000003 0.000000 0.000000 0.000000 0.428470 0.044264 0.034206 0.000000 0.029388 0.383987 0.046948 
0.379763 0.059898 0.000000 0.000000 0.000000 0.000001 0.070720 0.000003 0.201604 0.037497 0.037990 0.212523 
0.091109 0.000003 0.000000 0.000000 0.000000 0.761308 0.015593 0.022888 0.000000 0.066345 0.019356 0.023396 
0.048630 0.027473 0.000000 0.000000 0.000000 0.082316 0.057290 0.000004 0.000000 0.036236 0.681098 0.066953 
0.000653 0.000001 0.000000 0.026552 0.000000 0.000001 0.010567 0.000003 0.000000 0.570224 0.381141 0.010857 
0.017645 0.093965 0.237862 0.000000 0.221382 0.000001 0.081842 0.090144 0.053013 0.025811 0.039837 0.138498 
0.030877 0.020670 0.000000 0.114655 0.000000 0.040882 0.037298 0.049000 0.000000 0.058371 0.321023 0.327223 
0.005978 0.000002 0.013261 0.174911 0.000000 0.112770 0.000742 0.028990 0.000000 0.162922 0.180847 0.319576 
0.009680 0.061674 0.000000 0.000000 0.000000 0.053025 0.099776 0.021897 0.351566 0.000101 0.077748 0.324532 
0.390823 0.094521 0.000000 0.000000 0.000000 0.000001 0.065164 0.000003 0.157272 0.019075 0.030766 0.242373 
0.057354 0.058787 0.000000 0.000000 0.000000 0.545334 0.164752 0.043827 0.000000 0.029811 0.015373 0.084762 
0.119418 0.000003 0.045956 0.000000 0.030075 0.000001 0.008500 0.057803 0.000000 0.064431 0.611534 0.062278 
0.019907 0.111822 0.000000 0.000000 0.003193 0.047554 0.104429 0.000003 0.282514 0.034092 0.071871 0.324616 
0.013851 0.143912 0.000000 0.000000 0.000000 0.000001 0.022443 0.063606 0.000000 0.361319 0.270854 0.124013 
0.011181 0.000002 0.156139 0.124080 0.156259 0.186075 0.076191 0.032126 0.000000 0.031114 0.084981 0.141853 
0.016711 0.000002 0.070181 0.036305 0.055082 0.397329 0.024974 0.037472 0.000000 0.009767 0.307610 0.044568 
0.024772 0.046114 0.000000 0.000000 0.000000 0.024947 0.191581 0.107191 0.214944 0.000115 0.105122 0.285215 
0.038554 0.000002 0.000000 0.000000 0.000000 0.115220 0.023046 0.067986 0.000000 0.036062 0.657465 0.061665 
0.103224 0.000002 0.020158 0.153578 0.034855 0.438783 0.011487 0.032102 0.000000 0.005858 0.001064 0.198889 
0.039082 0.030492 0.000000 0.000000 0.000000 0.197203 0.558812 0.000003 0.044156 0.013745 0.024412 0.092094 
0.033080 0.061834 0.000000 0.040054 0.000000 0.000001 0.075894 0.466635 0.000000 0.000076 0.053796 0.268629 
0.459798 0.168222 0.0712082 0.0865032 0.10763 0.152869 0.545168 0.180081 0.112051 0.343212 0.656617 0.773356 
