-1925123.719297
0
0.000530 0.000115 0.000141 0.000001 0.000000 0.000000 0.000000 0.000457 0.007448 0.002278 0.002551 0.003577 0.000000 0.000000 0.000325 0.000000 0.000708 0.000243 0.000000 0.001319 0.000000 0.000000 0.000098 0.000000 0.000371 0.000000 0.000000 0.000113 0.000000 0.000281 0.000000 0.000000 0.014549 0.002627 0.004688 0.008789 0.000000 0.000620 0.000000 0.000243 0.000468 0.000208 0.000337 0.000000 0.000000 0.000000 0.000000 0.000000 0.000294 0.000000 0.000000 0.000000 0.000000 0.000000 0.000000 0.000000 0.006338 0.001594 0.000000 0.002866 0.000000 0.000000 0.000000 0.000000 0.000000 0.000000 0.000000 0.000000 0.000000 0.000000 0.000000 0.000000 0.015170 0.006223 0.001824 0.011649 0.038102 0.000000 0.001586 0.066532 0.431245 0.082731 0.046904 0.233013 0.000069 0.000000 0.000000 0.000070 0.000000 0.000290 0.000148 0.000264 0.000000 0.000000 0.000000 0.000000 
0.009716 0.008594 0.000000 0.004942 0.000000 0.000768 0.000000 0.000000 0.035068 0.014194 0.243331 0.012086 0.000000 0.000990 0.000000 0.008069 0.006476 0.000000 0.002882 0.002827 0.000878 0.000000 0.000000 0.000000 0.004117 0.000000 0.000000 0.003923 0.000000 0.000000 0.000000 0.000000 0.018208 0.019725 0.135724 0.016067 0.000000 0.000000 0.000000 0.000000 0.000000 0.002553 0.002189 0.002023 0.000000 0.001812 0.000000 0.000000 0.006261 0.000000 0.000000 0.000481 0.000000 0.001590 0.000000 0.000000 0.027688 0.032167 0.151476 0.016971 0.000000 0.000000 0.000000 0.001025 0.010148 0.006246 0.001486 0.008741 0.000000 0.000000 0.000000 0.000000 0.008836 0.009246 0.000000 0.012590 0.000000 0.000000 0.000000 0.000000 0.000000 0.014049 0.103391 0.005459 0.004611 0.000000 0.000000 0.001802 0.004860 0.002013 0.007363 0.003337 0.000000 0.000000 0.001001 0.000000 
0.010943 0.002922 0.000000 0.004795 0.006385 0.006254 0.001123 0.007468 0.023716 0.015981 0.000126 0.018199 0.012810 0.008111 0.015013 0.014566 0.050513 0.022577 0.042207 0.037474 0.004957 0.000000 0.004624 0.005563 0.002794 0.000000 0.002165 0.006549 0.001747 0.003335 0.000000 0.000624 0.029082 0.022425 0.008125 0.023528 0.003113 0.002905 0.009342 0.006939 0.019523 0.013599 0.026591 0.026897 0.002284 0.002961 0.006505 0.013928 0.010918 0.009364 0.000000 0.009993 0.002278 0.003138 0.000000 0.000000 0.021640 0.022487 0.000000 0.027719 0.008363 0.006281 0.006398 0.003720 0.022809 0.012493 0.020115 0.021794 0.000000 0.000000 0.000000 0.000000 0.015522 0.005616 0.013109 0.019121 0.000000 0.002715 0.000000 0.000000 0.000000 0.024518 0.000000 0.007089 0.010762 0.006370 0.010195 0.009463 0.023277 0.018176 0.019114 0.022981 0.005692 0.005142 0.003686 0.016656 
0.024396 0.021728 0.000000 0.020204 0.041262 0.017917 0.012540 0.040208 0.016505 0.006208 0.000000 0.018610 0.006623 0.012402 0.002702 0.007730 0.000000 0.004028 0.000000 0.010498 0.000754 0.008190 0.013945 0.009387 0.015868 0.000000 0.000000 0.009041 0.027778 0.022637 0.017484 0.046301 0.004412 0.000001 0.000000 0.008865 0.011989 0.020222 0.000000 0.025709 0.003136 0.019609 0.000000 0.008540 0.002078 0.008850 0.015093 0.007795 0.000000 0.000000 0.000000 0.008632 0.019697 0.014676 0.000000 0.033458 0.017129 0.000001 0.000000 0.001637 0.000000 0.000000 0.007271 0.013161 0.000000 0.003731 0.000000 0.000000 0.007353 0.005810 0.031963 0.014586 0.000002 0.008837 0.000000 0.006246 0.023839 0.033729 0.004207 0.051019 0.000000 0.009502 0.000000 0.002807 0.007379 0.012979 0.000000 0.023306 0.003485 0.007903 0.001190 0.005994 0.006324 0.008323 0.020755 0.011828 
0.042752 0.037617 0.023916 0.029641 0.007268 0.004134 0.000000 0.000000 0.008935 0.006636 0.000000 0.002110 0.003961 0.000000 0.009547 0.000000 0.002820 0.000000 0.002807 0.000000 0.000000 0.000000 0.000000 0.000000 0.058405 0.085366 0.010479 0.056273 0.010008 0.009000 0.000000 0.007054 0.022619 0.014120 0.000000 0.020468 0.007720 0.011536 0.044473 0.010196 0.003089 0.000000 0.008510 0.001708 0.000000 0.000000 0.003058 0.000000 0.047369 0.052280 0.026410 0.031208 0.006886 0.009963 0.009075 0.003813 0.005155 0.006191 0.000000 0.005825 0.007026 0.005882 0.015224 0.003680 0.003614 0.000000 0.001885 0.000000 0.000000 0.000000 0.000000 0.000000 0.040932 0.068491 0.000000 0.044650 0.000000 0.009249 0.003347 0.000000 0.000000 0.001889 0.000000 0.006802 0.002833 0.003745 0.008822 0.000820 0.000000 0.000000 0.000000 0.000000 0.000000 0.000000 0.000704 0.000000 
0.132152 0.164724 0.126928 0.052832 0.523364 
0.949784 0.000227 0.014222 0.025137 0.010630 
0.030574 0.037648 0.419587 0.406126 0.106064 
0.040132 0.694529 0.161502 0.037965 0.065872 
0.031987 0.161780 0.268597 0.429119 0.108517 
0.036166 0.653804 0.205743 0.033847 0.070441 
0.025077 0.739456 0.172189 0.037628 0.025651 
0.188881 0.048439 0.561748 0.128203 0.072730 
0.708918 0.117719 0.060914 0.044475 0.067973 
0.344676 0.143004 0.191529 0.249415 0.071375 
0.034525 0.060644 0.626899 0.182237 0.095695 
0.036773 0.071405 0.603153 0.156451 0.132219 
0.963047 0.019193 0.011137 0.006295 0.000328 
0.023261 0.062622 0.619949 0.188349 0.105819 
0.049701 0.010167 0.304957 0.478719 0.156456 
0.020754 0.069166 0.631029 0.151044 0.128008 
0.002474 0.020188 0.122561 0.094426 0.760351 
0.038163 0.687583 0.202317 0.039196 0.032742 
0.002852 0.019805 0.121850 0.095199 0.760294 
0.092278 0.073623 0.597870 0.157626 0.078603 
0.489681 0.248933 0.113634 0.083613 0.064139 
0.076475 0.015671 0.225049 0.302796 0.380010 
0.056661 0.153465 0.553448 0.184507 0.051918 
0.402073 0.340506 0.190347 0.028666 0.038409 
0.038544 0.094244 0.609709 0.192005 0.065498 
0.050365 0.018317 0.105920 0.073298 0.752100 
0.012172 0.037037 0.279430 0.115090 0.556270 
0.012819 0.012003 0.302362 0.504125 0.168692 
0.029106 0.306109 0.432236 0.134886 0.097663 
0.622920 0.013147 0.074630 0.025639 0.263664 
0.013579 0.074523 0.308918 0.485140 0.117839 
0.021211 0.065525 0.643971 0.195947 0.073347 
0.733819 0.177416 0.062855 0.016449 0.009460 
0.023290 0.016333 0.279216 0.503804 0.177357 
0.032786 0.705709 0.191549 0.015745 0.054211 
0.783156 0.141291 0.050818 0.010808 0.013927 
0.034201 0.676024 0.205475 0.037209 0.047091 
0.017087 0.333812 0.471164 0.107682 0.070255 
0.034730 0.109720 0.221229 0.484501 0.149819 
0.072305 0.014039 0.107259 0.124846 0.681550 
0.023915 0.343134 0.239744 0.200103 0.193104 
0.035308 0.013266 0.309980 0.500580 0.140868 
0.041301 0.674928 0.231593 0.025338 0.026841 
0.127390 0.073456 0.580308 0.163351 0.055496 
0.100626 0.119476 0.247819 0.404628 0.127451 
0.026016 0.000359 0.287990 0.540086 0.145549 
0.018091 0.064306 0.595246 0.173813 0.148544 
0.094678 0.022710 0.297811 0.114445 0.470357 
0.219338 0.025865 0.168407 0.272872 0.313519 
0.941355 0.002143 0.018492 0.000857 0.037152 
0.987483 0.000926 0.008977 0.000379 0.002235 
0.014287 0.024362 0.238789 0.112517 0.610044 
0.022853 0.172656 0.142645 0.054289 0.607558 
0.835254 0.009384 0.101733 0.029249 0.024380 
0.036598 0.674906 0.158569 0.047931 0.081996 
0.865891 0.007336 0.055457 0.014185 0.057132 
0.046338 0.643731 0.218700 0.046769 0.044461 
0.858969 0.017518 0.045209 0.052617 0.025687 
0.112817 0.017273 0.149491 0.094129 0.626289 
0.024884 0.048799 0.517387 0.307810 0.101121 
0.015614 0.008538 0.182716 0.190064 0.603068 
0.034252 0.678691 0.213260 0.038000 0.035797 
0.039147 0.020574 0.352000 0.452583 0.135696 
0.627709 0.031562 0.255123 0.067199 0.018408 
0.064281 0.167873 0.232007 0.374191 0.161648 
0.009567 0.017332 0.107581 0.118292 0.747227 
0.030998 0.696619 0.182197 0.042410 0.047775 
0.911281 0.057766 0.008143 0.016069 0.006741 
0.002183 0.012676 0.113798 0.092246 0.779097 
0.892633 0.007646 0.012950 0.014868 0.071903 
0.165806 0.007136 0.243863 0.371194 0.212002 
0.018328 0.062891 0.538602 0.263370 0.116810 
0.012807 0.030585 0.105823 0.109174 0.741610 
0.037135 0.525042 0.225048 0.151528 0.061247 
0.011105 0.014729 0.143838 0.099159 0.731170 
0.334825 0.210067 0.143871 0.102005 0.209232 
0.054079 0.062367 0.592268 0.184283 0.107003 
0.142246 0.020584 0.138873 0.063499 0.634798 
0.018296 0.047061 0.586034 0.191459 0.157150 
0.075841 0.331854 0.129483 0.076503 0.386318 
0.055369 0.519040 0.279161 0.056156 0.090274 
0.028075 0.031474 0.092354 0.095559 0.752539 
0.184750 0.142876 0.448495 0.138820 0.085058 
0.017186 0.022430 0.374335 0.440205 0.145843 
0.070609 0.202367 0.526752 0.139137 0.061135 
0.976116 0.004009 0.010622 0.005826 0.003426 
0.023040 0.052236 0.279460 0.519495 0.125768 
0.520861 0.049952 0.273379 0.119646 0.036161 
0.029533 0.062666 0.568956 0.171029 0.167816 
0.016138 0.255973 0.150010 0.065629 0.512250 
0.028124 0.156122 0.372427 0.348902 0.094424 
0.039077 0.014862 0.239332 0.315054 0.391676 
0.630440 0.233115 0.087658 0.027819 0.020968 
0.105188 0.052063 0.603985 0.148079 0.090684 
0.046870 0.692893 0.200407 0.018503 0.041327 
0.162191 0.065961 0.553394 0.141859 0.076595 
0.689880 0.189465 0.093168 0.004730 0.022757 
0.024408 0.013321 0.307108 0.456961 0.198202 
0.014041 0.003671 0.268370 0.519670 0.194247 
0.017421 0.029635 0.170776 0.127816 0.654352 
0.186101 0.027448 0.216735 0.134255 0.435460 
0.024482 0.462315 0.165222 0.060310 0.287671 
0.022081 0.046286 0.625654 0.225404 0.080575 
0.957895 0.000163 0.018184 0.004327 0.019432 
0.033567 0.690466 0.177402 0.028032 0.070534 
0.244496 0.559025 0.150306 0.005552 0.040621 
0.022259 0.061998 0.664476 0.173563 0.077705 
0.051439 0.065321 0.632034 0.169959 0.081247 
0.010964 0.007553 0.164249 0.084684 0.732550 
0.012630 0.022631 0.181905 0.105760 0.677075 
0.165128 0.067570 0.486928 0.119399 0.160976 
0.880532 0.017691 0.063549 0.008037 0.030191 
0.025306 0.051163 0.507157 0.201119 0.215256 
0.444140 0.311523 0.109711 0.109619 0.025007 
0.012054 0.061293 0.443498 0.135658 0.347497 
0.036214 0.717490 0.154304 0.048900 0.043091 
0.024952 0.011624 0.331485 0.521444 0.110494 
0.936124 0.014346 0.028057 0.006196 0.015277 
0.019926 0.019761 0.379519 0.460819 0.119975 
0.039358 0.583855 0.274274 0.055069 0.047444 
0.043397 0.057107 0.650170 0.175002 0.074325 
0.858697 0.004327 0.025405 0.013471 0.098101 
0.021686 0.020028 0.356480 0.476542 0.125263 
0.332520 0.460996 0.132706 0.039596 0.034181 
0.020776 0.064487 0.286814 0.481165 0.146758 
0.036944 0.657135 0.215915 0.042235 0.047771 
0.029310 0.014179 0.245439 0.512876 0.198197 
0.823300 0.007061 0.029009 0.029049 0.111580 
0.027882 0.115024 0.614519 0.140784 0.101791 
0.024870 0.714243 0.168155 0.034936 0.057797 
0.018919 0.015233 0.319557 0.495847 0.150445 
0.874291 0.010057 0.025759 0.068288 0.021605 
0.023397 0.041875 0.368395 0.122623 0.443710 
0.104229 0.050361 0.414850 0.091029 0.339531 
0.633210 0.007742 0.064574 0.038218 0.256256 
0.354468 0.418774 0.141714 0.021211 0.063833 
0.565505 0.316369 0.070409 0.033372 0.014345 
0.009620 0.052053 0.154845 0.113506 0.669977 
0.043475 0.669078 0.202093 0.019150 0.066203 
0.451798 0.030506 0.293090 0.078059 0.146547 
0.205946 0.013530 0.245825 0.398540 0.136160 
0.004183 0.076528 0.137835 0.132530 0.648923 
0.009591 0.009957 0.125048 0.089126 0.766279 
0.079113 0.111315 0.288619 0.377709 0.143243 
0.295614 0.020604 0.379785 0.102018 0.201980 
0.015608 0.017383 0.293149 0.534086 0.139774 
0.055046 0.252762 0.246724 0.344241 0.101228 
0.032216 0.046713 0.290718 0.462571 0.167783 
0.007936 0.024919 0.115914 0.094051 0.757179 
0.006391 0.160088 0.150053 0.067784 0.615685 
0.033358 0.635377 0.256499 0.036319 0.038447 
0.011396 0.025912 0.189087 0.107343 0.666262 
0.033666 0.706064 0.154523 0.041098 0.064648 
0.078816 0.528315 0.160588 0.037384 0.194896 
0.009304 0.073277 0.142985 0.076851 0.697583 
0.012012 0.058031 0.133082 0.086658 0.710217 
0.113743 0.012497 0.343656 0.394473 0.135631 
0.027379 0.061902 0.653433 0.199996 0.057289 
0.585258 0.049038 0.258835 0.057350 0.049519 
0.024047 0.550287 0.176636 0.055171 0.193859 
0.031598 0.720975 0.146207 0.049272 0.051948 
0.040630 0.011555 0.285065 0.506410 0.156339 
0.024780 0.408205 0.267802 0.210126 0.089087 
0.967385 0.005311 0.019348 0.005681 0.002276 
0.025480 0.059875 0.642354 0.180938 0.091353 
0.003393 0.015235 0.171395 0.150853 0.659124 
0.038310 0.082377 0.636290 0.163143 0.079880 
0.019700 0.728956 0.169035 0.028704 0.053605 
0.302591 0.146845 0.107608 0.068251 0.374704 
0.035041 0.071860 0.634988 0.173385 0.084727 
0.138121 0.607806 0.188225 0.022111 0.043737 
0.030158 0.078498 0.563099 0.219841 0.108404 
0.006914 0.015639 0.245267 0.279867 0.452313 
0.007178 0.049792 0.250972 0.082864 0.609194 
0.020890 0.017763 0.133754 0.087711 0.739882 
0.048707 0.668734 0.200538 0.032659 0.049361 
0.028858 0.536727 0.310909 0.068997 0.054510 
0.039466 0.544443 0.180302 0.051233 0.184556 
0.432913 0.030911 0.297794 0.162110 0.076272 
0.016293 0.074092 0.668280 0.177753 0.063582 
0.051293 0.026520 0.153783 0.120438 0.647966 
0.025373 0.051852 0.653103 0.185699 0.083973 
0.047123 0.007823 0.302556 0.487572 0.154926 
0.020565 0.020557 0.137294 0.085974 0.735611 
0.125937 0.568069 0.149306 0.039852 0.116836 
0.006121 0.024596 0.158555 0.088992 0.721737 
0.019025 0.252068 0.488399 0.147075 0.093433 
0.627678 0.258206 0.079182 0.009733 0.025201 
0.019648 0.041200 0.303472 0.491800 0.143880 
0.523393 0.046211 0.338983 0.070083 0.021330 
0.142187 0.052658 0.563896 0.147894 0.093366 
0.987247 0.001197 0.003940 0.004198 0.003417 
0.427862 0.007186 0.188898 0.296498 0.079555 
0.008312 0.019144 0.117145 0.081802 0.773597 
0.055839 0.013162 0.305745 0.520328 0.104925 
0.010875 0.014436 0.171011 0.080684 0.722993 
0.023756 0.163017 0.580388 0.153053 0.079785 
0.792855 0.011437 0.134196 0.042692 0.018820 
0.970244 0.005281 0.012145 0.001065 0.011264 
0.024520 0.078447 0.681661 0.125884 0.089488 
0.026211 0.679573 0.218403 0.042927 0.032886 
0.034133 0.653398 0.225430 0.028520 0.058519 
0.057899 0.012621 0.289555 0.473025 0.166900 
0.317138 0.040925 0.477497 0.109498 0.054942 
0.012114 0.532491 0.211446 0.163536 0.080414 
0.035095 0.203871 0.238927 0.366371 0.155736 
0.022377 0.071290 0.546541 0.238727 0.121065 
0.034042 0.046024 0.638635 0.163784 0.117514 
0.862978 0.000377 0.020118 0.077132 0.039395 
0.023893 0.136021 0.538063 0.210985 0.091038 
0.015326 0.024207 0.347286 0.482041 0.131140 
0.029924 0.584278 0.184226 0.117331 0.084241 
0.032333 0.082303 0.555718 0.206376 0.123270 
0.019861 0.059555 0.523311 0.163323 0.233951 
0.016737 0.052939 0.586457 0.115659 0.228207 
0.700239 0.207801 0.057966 0.022942 0.011052 
0.074728 0.128475 0.599187 0.141722 0.055888 
0.746256 0.017020 0.112771 0.033280 0.090674 
0.002688 0.013772 0.138083 0.108567 0.736890 
0.039271 0.475188 0.338273 0.090698 0.056569 
0.035736 0.055941 0.653891 0.162013 0.092420 
0.785989 0.154214 0.029265 0.012835 0.017697 
0.633045 0.000322 0.108455 0.187993 0.070184 
0.022432 0.075186 0.623370 0.160320 0.118693 
0.031600 0.021189 0.211086 0.100246 0.635879 
0.035853 0.059790 0.663852 0.147062 0.093443 
0.007442 0.072788 0.132703 0.101786 0.685281 
0.029401 0.081803 0.611592 0.177814 0.099390 
0.035795 0.009623 0.265057 0.445932 0.243593 
0.031727 0.676129 0.204608 0.027733 0.059803 
0.018353 0.015370 0.132034 0.160300 0.673942 
0.591400 0.008069 0.269483 0.087947 0.043102 
0.028009 0.689918 0.176053 0.053613 0.052408 
0.022643 0.007679 0.283232 0.495452 0.190994 
0.025556 0.100825 0.629046 0.171313 0.073259 
0.972129 0.003478 0.010905 0.008339 0.005148 
0.442742 0.044827 0.230379 0.052558 0.229494 
0.676009 0.022809 0.160266 0.050049 0.090868 
0.804760 0.047212 0.037274 0.021121 0.089634 
0.038583 0.671558 0.191043 0.039058 0.059759 
0.021062 0.073509 0.635035 0.175380 0.095013 
0.035395 0.695842 0.172911 0.036360 0.059491 
0.814851 0.108468 0.046995 0.024195 0.005491 
0.833877 0.017088 0.103048 0.031560 0.014427 
0.202166 0.307304 0.120978 0.057901 0.311650 
0.252977 0.522981 0.139949 0.020002 0.064091 
0.019879 0.009802 0.310190 0.511880 0.148249 
0.335750 0.012159 0.069968 0.102099 0.480023 
0.006482 0.026241 0.129596 0.074295 0.763386 
0.185575 0.578445 0.152137 0.031519 0.052324 
0.022565 0.518587 0.196486 0.059259 0.203104 
0.857523 0.003034 0.018174 0.036393 0.084876 
0.925900 0.000307 0.050544 0.009816 0.013433 
0.020864 0.035071 0.414088 0.442173 0.087804 
0.979998 0.000480 0.011993 0.000423 0.007106 
0.012193 0.010903 0.208220 0.348318 0.420366 
0.019942 0.075612 0.677831 0.162099 0.064516 
0.026449 0.092620 0.650876 0.145979 0.084076 
0.014063 0.055529 0.628165 0.214059 0.088184 
0.014181 0.048384 0.394780 0.243322 0.299333 
0.023743 0.019929 0.338378 0.456594 0.161357 
0.032439 0.018926 0.333925 0.465938 0.148772 
0.790261 0.146694 0.046853 0.008382 0.007809 
0.021329 0.012764 0.340882 0.496892 0.128133 
0.038519 0.721835 0.150413 0.046575 0.042658 
0.890254 0.000881 0.020225 0.015771 0.072868 
0.034805 0.400660 0.250080 0.241174 0.073282 
0.011153 0.014784 0.176289 0.129475 0.668300 
0.027770 0.607572 0.186003 0.068459 0.110197 
0.134590 0.532643 0.156369 0.103766 0.072632 
0.434706 0.041590 0.362001 0.112355 0.049349 
0.440729 0.012497 0.084150 0.078268 0.384356 
0.015363 0.069695 0.655957 0.142994 0.115991 
0.011209 0.012508 0.282373 0.517544 0.176366 
0.024372 0.063522 0.653492 0.173815 0.084799 
0.925742 0.033646 0.016785 0.012033 0.011794 
0.020213 0.054726 0.253510 0.398817 0.272734 
0.980358 0.004957 0.009893 0.000725 0.004068 
0.110546 0.065016 0.622865 0.119780 0.081792 
0.477641 0.010710 0.169820 0.263364 0.078466 
0.018834 0.102831 0.227815 0.121135 0.529385 
0.583089 0.016954 0.125402 0.206542 0.068012 
0.069860 0.061373 0.480389 0.308793 0.079586 
0.053868 0.694692 0.171798 0.015467 0.064175 
0.016190 0.027523 0.129102 0.098740 0.728445 
0.047218 0.655512 0.242047 0.017092 0.038131 
0.004222 0.017598 0.112773 0.090484 0.774923 
0.012556 0.045694 0.173307 0.089324 0.679119 
0.861352 0.008985 0.020514 0.019168 0.089982 
0.027959 0.695947 0.192112 0.019902 0.064081 
0.052455 0.689466 0.177928 0.044556 0.035594 
0.348751 0.419581 0.169927 0.028988 0.032753 
0.988235 0.005225 0.002405 0.003554 0.000581 
0.022242 0.196661 0.551123 0.132325 0.097649 
0.965767 0.004637 0.013178 0.006155 0.010263 
0.020984 0.026775 0.212734 0.239811 0.499695 
0.009434 0.037085 0.187387 0.076938 0.689156 
0.416719 0.040544 0.409603 0.117166 0.015967 
0.464995 0.023095 0.204995 0.118163 0.188753 
0.556638 0.025049 0.227101 0.039375 0.151837 
0.011069 0.005391 0.154707 0.282680 0.546153 
0.580816 0.273938 0.088754 0.014237 0.042255 
0.082931 0.586042 0.228343 0.047911 0.054774 
0.032604 0.716546 0.165233 0.033719 0.051899 
0.098731 0.069811 0.593970 0.157738 0.079750 
0.009678 0.012325 0.150175 0.109815 0.718005 
0.263114 0.055557 0.313467 0.257729 0.110133 
0.057161 0.688547 0.153678 0.042443 0.058172 
0.023012 0.072115 0.691310 0.144107 0.069457 
0.024538 0.049804 0.547832 0.131431 0.246395 
0.021335 0.395810 0.435842 0.098974 0.048039 
0.016038 0.401403 0.187128 0.057250 0.338181 
0.057345 0.696072 0.168436 0.035442 0.042705 
0.003624 0.140555 0.179897 0.098828 0.577095 
0.012989 0.024599 0.148925 0.135497 0.677989 
0.452632 0.149703 0.073996 0.051573 0.272096 
0.884237 0.010004 0.084932 0.012462 0.008365 
0.010512 0.013865 0.188178 0.116715 0.670729 
0.038936 0.670386 0.173194 0.035870 0.081614 
0.021175 0.047791 0.134691 0.092661 0.703681 
0.023837 0.480411 0.254410 0.113424 0.127918 
0.012362 0.139568 0.627818 0.150247 0.070005 
0.325465 0.053691 0.439623 0.141208 0.040014 
0.901639 0.031224 0.046072 0.020275 0.000790 
0.978411 0.000428 0.011802 0.006864 0.002495 
0.836701 0.002935 0.099887 0.041795 0.018682 
0.405611 0.045890 0.344144 0.140767 0.063588 
0.023588 0.060793 0.653522 0.162615 0.099481 
0.026305 0.286808 0.499548 0.106047 0.081292 
0.911464 0.004624 0.038210 0.031878 0.013825 
0.137237 0.073253 0.406555 0.253530 0.129424 
0.016342 0.043996 0.488412 0.278398 0.172852 
0.077803 0.011286 0.130983 0.078697 0.701230 
0.959010 0.023666 0.008468 0.004074 0.004782 
0.963333 0.020163 0.010109 0.000925 0.005470 
0.018304 0.047905 0.692806 0.137455 0.103529 
0.944467 0.011577 0.030785 0.012162 0.001009 
0.098479 0.018497 0.317864 0.444392 0.120769 
0.029507 0.068564 0.663104 0.142601 0.096225 
0.319691 0.426757 0.147063 0.041968 0.064521 
0.986542 0.005206 0.004946 0.003071 0.000235 
0.018806 0.030849 0.341253 0.440045 0.169047 
0.067707 0.057047 0.619219 0.186619 0.069407 
0.364918 0.438097 0.126405 0.026251 0.044329 
0.670871 0.021116 0.214058 0.071008 0.022947 
0.041194 0.323119 0.154089 0.089597 0.392001 
0.020814 0.135722 0.627121 0.146556 0.069788 
0.021440 0.000211 0.319582 0.510173 0.148594 
0.024284 0.039333 0.450792 0.256038 0.229553 
0.269848 0.181325 0.370043 0.140220 0.038564 
0.015981 0.006379 0.294084 0.437878 0.245677 
0.070126 0.622124 0.239987 0.024050 0.043713 
0.022236 0.084819 0.615877 0.178844 0.098224 
0.013959 0.057210 0.565027 0.177789 0.186015 
0.029773 0.079470 0.650020 0.154721 0.086015 
0.040784 0.009965 0.294047 0.491356 0.163848 
0.006879 0.013221 0.125046 0.080768 0.774086 
0.015519 0.019615 0.160917 0.151991 0.651958 
0.007315 0.012019 0.111530 0.111389 0.757746 
0.030339 0.064886 0.287105 0.478739 0.138931 
0.698153 0.019783 0.200010 0.047353 0.034701 
0.095886 0.610166 0.158135 0.044640 0.091173 
0.182356 0.593255 0.152029 0.023508 0.048852 
0.023844 0.020082 0.287870 0.496814 0.171390 
0.970009 0.004693 0.007110 0.011071 0.007117 
0.950557 0.007240 0.031528 0.004323 0.006352 
0.032292 0.703100 0.172736 0.028496 0.063376 
0.038561 0.058031 0.543033 0.146031 0.214344 
0.023020 0.142713 0.613033 0.152980 0.068253 
0.019249 0.680336 0.186020 0.038200 0.076195 
0.031760 0.389766 0.414895 0.087807 0.075772 
0.022248 0.174018 0.425930 0.097921 0.279882 
0.022261 0.059006 0.667692 0.174614 0.076426 
0.083401 0.675381 0.166773 0.029628 0.044818 
0.017389 0.238849 0.231373 0.237119 0.275269 
0.036999 0.697181 0.185897 0.031095 0.048829 
0.021939 0.657800 0.237827 0.041673 0.040761 
0.031310 0.054185 0.698658 0.115597 0.100249 
0.025733 0.500787 0.346249 0.063936 0.063295 
0.401821 0.017441 0.233348 0.203462 0.143928 
0.022432 0.008321 0.298166 0.509562 0.161518 
0.934039 0.000462 0.011828 0.017480 0.036191 
0.018728 0.021267 0.121871 0.095460 0.742674 
0.506153 0.007364 0.152441 0.261350 0.072692 
0.006983 0.010837 0.148540 0.110345 0.723295 
0.002666 0.017568 0.123612 0.093544 0.762611 
0.010396 0.011602 0.114251 0.046098 0.817653 
0.091738 0.654726 0.176463 0.032868 0.044205 
0.958484 0.005203 0.027967 0.004369 0.003977 
0.053885 0.191767 0.312840 0.314086 0.127422 
0.020010 0.073785 0.625898 0.181860 0.098447 
0.015050 0.072883 0.706216 0.095387 0.110464 
0.041145 0.077657 0.611616 0.178250 0.091331 
0.034262 0.659253 0.228454 0.029142 0.048889 
0.129367 0.010167 0.295152 0.431946 0.133369 
0.004062 0.023794 0.142038 0.080741 0.749365 
0.029982 0.012726 0.309419 0.455891 0.191982 
0.029472 0.671278 0.230177 0.020730 0.048343 
0.047859 0.653023 0.200549 0.041286 0.057283 
0.313800 0.046600 0.450107 0.133474 0.056019 
0.972586 0.006042 0.008194 0.003657 0.009520 
0.011863 0.026272 0.304462 0.096649 0.560753 
0.025211 0.674961 0.185144 0.039496 0.075188 
0.023141 0.012487 0.321543 0.481832 0.160997 
0.039959 0.668342 0.203595 0.033802 0.054302 
0.025673 0.062291 0.649087 0.144274 0.118675 
0.214301 0.008462 0.109158 0.074852 0.593227 
0.043913 0.157882 0.285587 0.365506 0.147113 
0.645433 0.215365 0.074446 0.025037 0.039719 
0.027569 0.019109 0.233247 0.084064 0.636012 
0.074783 0.044143 0.576571 0.229052 0.075452 
0.022892 0.011078 0.307154 0.488213 0.170663 
0.029220 0.063436 0.629892 0.185498 0.091954 
0.020099 0.000480 0.274675 0.492038 0.212709 
0.135147 0.604279 0.187177 0.039305 0.034093 
0.020178 0.118135 0.609583 0.164932 0.087171 
0.025185 0.021158 0.339969 0.445877 0.167811 
0.023983 0.151553 0.553510 0.136803 0.134152 
0.034681 0.011620 0.336921 0.505692 0.111085 
0.621011 0.010921 0.056547 0.044056 0.267464 
0.063627 0.054839 0.632391 0.175099 0.074044 
0.018076 0.086302 0.670224 0.135986 0.089412 
0.013656 0.027206 0.125244 0.113144 0.720750 
0.021961 0.062504 0.623937 0.187066 0.104532 
0.947258 0.007344 0.031196 0.010211 0.003991 
0.984687 0.007250 0.003763 0.002390 0.001909 
0.517182 0.064285 0.062245 0.058070 0.298218 
0.260375 0.013409 0.146729 0.157774 0.421714 
0.007806 0.016067 0.143726 0.081313 0.751088 
0.053106 0.703158 0.167226 0.039816 0.036694 
0.009931 0.027631 0.118696 0.106200 0.737542 
0.034996 0.701253 0.179546 0.026277 0.057928 
0.333035 0.258895 0.260227 0.103746 0.044097 
0.397295 0.019680 0.309094 0.171382 0.102548 
0.004502 0.011986 0.137807 0.076836 0.768870 
0.010985 0.014906 0.147705 0.117262 0.709142 
0.740833 0.000246 0.075609 0.148121 0.035191 
0.025874 0.006769 0.311626 0.488359 0.167371 
0.026587 0.668830 0.210639 0.034089 0.059855 
0.045475 0.565498 0.195803 0.123322 0.069902 
0.052472 0.375344 0.403834 0.102728 0.065622 
0.018467 0.015605 0.331787 0.492596 0.141544 
0.968959 0.010929 0.014687 0.003843 0.001581 
0.970278 0.007716 0.007964 0.010113 0.003928 
0.042945 0.508455 0.198125 0.074979 0.175495 
0.013969 0.678971 0.175641 0.055426 0.075993 
0.648636 0.235490 0.078086 0.023338 0.014450 
0.024542 0.088524 0.475794 0.293928 0.117211 
0.007008 0.018833 0.136246 0.103988 0.733926 
0.755680 0.010142 0.084699 0.106473 0.043006 
0.250341 0.010070 0.231351 0.362345 0.145894 
0.009363 0.081212 0.100841 0.091768 0.716816 
0.484256 0.330625 0.097009 0.019545 0.068565 
0.033332 0.009898 0.303255 0.505075 0.148440 
0.009790 0.017863 0.161344 0.084040 0.726963 
0.060969 0.015681 0.123934 0.108154 0.691261 
0.039147 0.669732 0.185455 0.029050 0.076617 
0.005512 0.023672 0.252501 0.102634 0.615681 
0.021696 0.558180 0.302965 0.069364 0.047796 
0.010441 0.016596 0.134826 0.060515 0.777622 
0.978444 0.001398 0.002777 0.012307 0.005073 
0.024742 0.038809 0.553511 0.282369 0.100569 
0.014186 0.034768 0.141506 0.052794 0.756746 
0.855378 0.098764 0.020205 0.014301 0.011352 
0.025837 0.137244 0.627561 0.143439 0.065920 
0.026180 0.609428 0.183484 0.070496 0.110412 
0.569950 0.163094 0.188233 0.057896 0.020828 
0.965668 0.009046 0.020645 0.001018 0.003622 
0.104755 0.065747 0.584680 0.152054 0.092764 
0.028626 0.345045 0.372168 0.086491 0.167669 
0.026177 0.563245 0.168323 0.165153 0.077102 
0.033831 0.090260 0.617782 0.177739 0.080388 
0.025401 0.057893 0.634229 0.196780 0.085697 
0.024995 0.133680 0.618935 0.156483 0.065907 
0.041234 0.634306 0.170551 0.076007 0.077902 
0.403611 0.034800 0.268623 0.231122 0.061845 
0.298785 0.070936 0.427038 0.149393 0.053848 
0.958021 0.003900 0.022439 0.014452 0.001188 
0.225188 0.541141 0.154802 0.012926 0.065943 
0.026135 0.023561 0.364476 0.401452 0.184376 
0.033417 0.738557 0.160867 0.024731 0.042429 
0.015530 0.021100 0.312236 0.501057 0.150076 
0.023829 0.212446 0.124543 0.079108 0.560074 
0.026942 0.076762 0.554591 0.247516 0.094188 
0.044285 0.672835 0.201488 0.034168 0.047223 
0.015438 0.129855 0.319183 0.413469 0.122055 
0.026050 0.332797 0.151978 0.038573 0.450602 
0.031890 0.571842 0.179627 0.062905 0.153736 
0.023287 0.062391 0.652951 0.160939 0.100432 
0.024979 0.056347 0.572060 0.129420 0.217195 
0.970263 0.000354 0.024633 0.003253 0.001498 
0.029440 0.710278 0.149942 0.041361 0.068978 
0.019290 0.144041 0.237317 0.449217 0.150136 
0.019944 0.161962 0.613441 0.125685 0.078969 
0.005631 0.022677 0.136066 0.094930 0.740696 
0.033975 0.108054 0.249596 0.464288 0.144088 
0.968973 0.007267 0.020034 0.002860 0.000866 
0.039581 0.013851 0.117180 0.072869 0.756519 
0.016890 0.012760 0.267863 0.541392 0.161096 
0.018990 0.103770 0.631637 0.165112 0.080490 
0.552957 0.525929 0.972531 0.634626 0.679282 
