-1932137.781885
0
0.011573 0.009920 0.000000 0.000000 0.018155 0.013912 0.008034 0.022278 0.021847 0.021290 0.000000 0.031834 0.019052 0.000000 0.000000 0.019962 0.015125 0.023008 0.018698 0.044618 0.011189 0.000000 0.014589 0.020315 0.000000 0.000000 0.000000 0.000000 0.000000 0.000000 0.000000 0.009332 0.013580 0.000000 0.000000 0.016906 0.007219 0.022465 0.000000 0.009506 0.012234 0.040951 0.016085 0.026344 0.006479 0.012148 0.019713 0.025422 0.000000 0.000000 0.000000 0.000000 0.000000 0.000000 0.000000 0.000000 0.041495 0.003705 0.000000 0.008105 0.010151 0.000000 0.000000 0.007489 0.000000 0.014516 0.009783 0.014340 0.004818 0.000000 0.017022 0.015285 0.000000 0.000000 0.000000 0.001374 0.007529 0.017317 0.006449 0.010294 0.000000 0.028569 0.000000 0.000000 0.000000 0.014491 0.000000 0.025069 0.019630 0.028945 0.000000 0.025616 0.017347 0.018406 0.013046 0.035425 
0.045898 0.025156 0.010581 0.034931 0.025163 0.013539 0.000000 0.007747 0.026247 0.000000 0.000000 0.011812 0.002246 0.001976 0.017028 0.000000 0.000000 0.000000 0.000000 0.000000 0.000000 0.000000 0.000000 0.000000 0.037161 0.023993 0.005733 0.041051 0.025750 0.025168 0.010875 0.023357 0.018653 0.019129 0.000000 0.024087 0.011061 0.001339 0.038147 0.013159 0.003604 0.004284 0.000000 0.001179 0.000000 0.002320 0.000000 0.000000 0.023999 0.035531 0.000000 0.038452 0.019928 0.021937 0.004419 0.010498 0.003627 0.011429 0.000000 0.015635 0.000000 0.014113 0.025977 0.011086 0.003318 0.000000 0.000000 0.000000 0.000000 0.000000 0.002357 0.000000 0.031480 0.044334 0.000000 0.044448 0.000000 0.013058 0.000000 0.007652 0.000000 0.000000 0.000000 0.016605 0.000000 0.011513 0.022199 0.006972 0.001450 0.000000 0.000000 0.000000 0.000000 0.000000 0.005610 0.000000 
0.039764 0.045469 0.032143 0.024819 0.000000 0.000000 0.005870 0.000000 0.000000 0.010161 0.000000 0.000000 0.007077 0.000000 0.000000 0.000000 0.000000 0.000000 0.001434 0.000000 0.000000 0.000000 0.000000 0.000000 0.069206 0.111295 0.013286 0.062388 0.000000 0.000000 0.005153 0.000000 0.019153 0.007002 0.000000 0.018055 0.006306 0.020834 0.044125 0.008389 0.000000 0.000000 0.012805 0.000000 0.000000 0.000000 0.007157 0.000000 0.058248 0.058192 0.047172 0.024511 0.000000 0.000000 0.011060 0.000000 0.010522 0.000000 0.000000 0.000000 0.010885 0.000000 0.006978 0.000000 0.000000 0.001039 0.000000 0.000000 0.000000 0.000000 0.000000 0.000000 0.044265 0.079308 0.020353 0.041755 0.000000 0.009926 0.000000 0.000000 0.000000 0.000000 0.000000 0.000000 0.003895 0.000000 0.000000 0.000000 0.000000 0.000000 0.000000 0.000000 0.000000 0.000000 0.000000 0.000000 
0.017212 0.029284 0.000000 0.023007 0.041173 0.010927 0.013803 0.052158 0.000001 0.000000 0.000000 0.000000 0.000000 0.024536 0.000000 0.000000 0.000000 0.000000 0.000000 0.000000 0.000000 0.004323 0.015844 0.000000 0.027448 0.041036 0.000000 0.009919 0.034936 0.024304 0.000000 0.060792 0.000001 0.000000 0.000000 0.000005 0.009419 0.022473 0.000000 0.036922 0.000000 0.000000 0.000000 0.000000 0.000000 0.000000 0.013460 0.000000 0.000000 0.000000 0.000000 0.000000 0.022298 0.013080 0.000000 0.058260 0.000003 0.000000 0.000000 0.000000 0.000000 0.000000 0.000000 0.009399 0.000000 0.000000 0.000000 0.000000 0.010279 0.021675 0.046772 0.000000 0.000000 0.012829 0.000000 0.000001 0.055692 0.042027 0.008068 0.107355 0.000000 0.000000 0.000000 0.000000 0.024987 0.000000 0.000000 0.016448 0.000000 0.000000 0.014265 0.000000 0.000000 0.000000 0.023578 0.000000 
0.012742 0.010687 0.000000 0.006997 0.000000 0.001043 0.000000 0.000000 0.033245 0.015168 0.237143 0.010596 0.000000 0.001683 0.000000 0.008737 0.002242 0.000000 0.000000 0.000000 0.000000 0.002137 0.000000 0.000000 0.007561 0.008993 0.000000 0.007672 0.000000 0.000000 0.000000 0.000000 0.021478 0.019477 0.137092 0.015393 0.000000 0.000000 0.000000 0.000000 0.000812 0.002481 0.000000 0.003513 0.000000 0.001576 0.000000 0.000000 0.009639 0.006384 0.000000 0.003180 0.000000 0.002233 0.000000 0.000000 0.025764 0.031185 0.143402 0.012394 0.000000 0.000000 0.000000 0.001287 0.012325 0.004059 0.003007 0.005706 0.000000 0.000000 0.000000 0.000000 0.009512 0.013608 0.000000 0.013519 0.000000 0.000000 0.000000 0.000000 0.000000 0.015402 0.103060 0.006729 0.002657 0.000000 0.000000 0.001813 0.000000 0.000000 0.004666 0.000000 0.000000 0.000000 0.000000 0.000000 
0.000000 0.000000 0.000000 0.000000 0.000000 0.000000 0.000000 0.014066 0.002602 0.034082 0.000000 0.000000 0.000000 0.030351 0.034773 0.027547 0.080285 0.000000 0.058093 0.016135 0.000000 0.008712 0.007434 0.000000 0.000000 0.000000 0.000000 0.000000 0.000000 0.000000 0.000000 0.000000 0.066931 0.029609 0.065035 0.009088 0.000000 0.000000 0.000000 0.018806 0.044066 0.000000 0.029651 0.055141 0.000000 0.000000 0.007941 0.009862 0.027685 0.000000 0.016221 0.000000 0.000000 0.000000 0.000000 0.015324 0.006747 0.032496 0.000000 0.000000 0.015320 0.000000 0.000000 0.000000 0.072143 0.000000 0.049459 0.010897 0.000000 0.000000 0.000000 0.000000 0.000000 0.000000 0.000000 0.000000 0.000000 0.000000 0.000000 0.000000 0.000000 0.051910 0.000000 0.000000 0.014442 0.000000 0.000000 0.007148 0.000000 0.000000 0.023489 0.005625 0.000000 0.000000 0.000000 0.000881 
0.000548 0.000200 0.000000 0.000000 0.000000 0.000000 0.000000 0.000415 0.007307 0.002319 0.003289 0.003452 0.000000 0.000000 0.000000 0.000000 0.000370 0.000000 0.000000 0.001069 0.000000 0.000000 0.000000 0.000000 0.000512 0.000000 0.000000 0.000206 0.000000 0.000293 0.000000 0.000000 0.014506 0.002543 0.004993 0.008702 0.000000 0.000668 0.000000 0.000000 0.000429 0.000000 0.000193 0.000000 0.000000 0.000000 0.000000 0.000000 0.000419 0.000000 0.000000 0.000000 0.000000 0.000000 0.000000 0.000000 0.006350 0.001485 0.000000 0.002604 0.000000 0.000000 0.000000 0.000000 0.000000 0.000000 0.000000 0.000000 0.000000 0.000000 0.000000 0.000000 0.015226 0.006421 0.001731 0.011610 0.039199 0.000000 0.001803 0.067778 0.429540 0.082765 0.047632 0.233422 0.000000 0.000000 0.000000 0.000000 0.000000 0.000000 0.000000 0.000000 0.000000 0.000000 0.000000 0.000000 
0.000000 0.000000 0.000000 0.000000 0.000000 0.000000 0.000000 0.000000 0.035218 0.000000 0.080020 0.019050 0.016209 0.000000 0.000000 0.000000 0.066443 0.037962 0.051659 0.049068 0.000000 0.000000 0.000000 0.000000 0.000000 0.000000 0.004557 0.000000 0.000000 0.000000 0.000000 0.000000 0.000000 0.026996 0.000000 0.029924 0.000000 0.000000 0.000000 0.000000 0.000000 0.000000 0.037321 0.000000 0.000000 0.000000 0.000000 0.004903 0.000000 0.000000 0.000000 0.000000 0.000000 0.000000 0.000000 0.000000 0.025635 0.029700 0.057445 0.062970 0.000000 0.000000 0.000000 0.000000 0.000000 0.024791 0.000000 0.039327 0.000000 0.000000 0.000000 0.000000 0.026604 0.000000 0.020829 0.027822 0.000000 0.000000 0.000000 0.000000 0.000000 0.000000 0.028776 0.000000 0.026861 0.000000 0.000000 0.000000 0.049933 0.025881 0.037197 0.039423 0.000000 0.000000 0.005154 0.012317 
0.039696 0.238599 0.327603 0.000000 0.148320 0.066774 0.133599 0.045408 
0.024147 0.019564 0.000000 0.000000 0.000000 0.008687 0.947188 0.000413 
0.322550 0.293442 0.000000 0.146847 0.000000 0.080812 0.031039 0.125310 
0.075550 0.051072 0.000000 0.000000 0.684003 0.022650 0.041386 0.125340 
0.254874 0.237190 0.000000 0.193884 0.140125 0.062364 0.031189 0.080374 
0.097964 0.073985 0.000000 0.004456 0.644656 0.015043 0.036228 0.127668 
0.080799 0.036155 0.000000 0.000000 0.712966 0.049410 0.025906 0.094764 
0.209117 0.239791 0.000000 0.000000 0.000000 0.166538 0.193114 0.191439 
0.020365 0.052574 0.029431 0.020472 0.108392 0.038493 0.707486 0.022788 
0.179675 0.149078 0.000000 0.108995 0.132004 0.039293 0.342085 0.048869 
0.285312 0.284604 0.000000 0.014740 0.000000 0.173521 0.037966 0.203857 
0.251550 0.316399 0.000000 0.000000 0.000000 0.190796 0.039429 0.201826 
0.009910 0.004016 0.000000 0.000000 0.015513 0.008736 0.961341 0.000484 
0.251647 0.295289 0.000000 0.000000 0.000000 0.231001 0.026226 0.195837 
0.323834 0.311030 0.000000 0.210155 0.000000 0.063829 0.047403 0.043750 
0.254594 0.332395 0.000000 0.000000 0.000000 0.178519 0.023418 0.211074 
0.031807 0.439196 0.416973 0.000000 0.000000 0.070063 0.002651 0.039310 
0.107725 0.042020 0.000000 0.000000 0.668669 0.034810 0.038830 0.107945 
0.034460 0.397525 0.441336 0.000000 0.000000 0.084247 0.006089 0.036341 
0.283784 0.225248 0.000000 0.000000 0.013134 0.206653 0.098737 0.172444 
0.101312 0.082088 0.000000 0.018602 0.246133 0.030360 0.489526 0.031979 
0.162736 0.359876 0.153901 0.120312 0.000000 0.085138 0.074718 0.043319 
0.313238 0.213455 0.000000 0.000000 0.100381 0.135495 0.061334 0.176097 
0.070452 0.048533 0.000000 0.000000 0.311937 0.051645 0.403435 0.113997 
0.320576 0.244490 0.000000 0.000000 0.033422 0.178025 0.042999 0.180488 
0.013501 0.349940 0.474628 0.000000 0.000000 0.074094 0.053265 0.034572 
0.083605 0.353299 0.306638 0.024610 0.000000 0.130329 0.013197 0.088322 
0.337494 0.352415 0.000000 0.198014 0.000000 0.060164 0.011712 0.040201 
0.185094 0.222979 0.000000 0.000000 0.256345 0.140328 0.031647 0.163606 
0.000830 0.161282 0.133689 0.000000 0.000000 0.060727 0.623178 0.020293 
0.389663 0.272548 0.000000 0.174321 0.062805 0.044690 0.013328 0.042644 
0.313855 0.271150 0.000000 0.000000 0.014970 0.247803 0.022926 0.129295 
0.022897 0.031059 0.000000 0.000000 0.158663 0.003796 0.733419 0.050167 
0.265495 0.322902 0.000000 0.252737 0.000000 0.077953 0.022071 0.058843 
0.068102 0.029480 0.014662 0.000000 0.684441 0.038318 0.033066 0.131930 
0.017075 0.016676 0.000000 0.000000 0.135049 0.026389 0.781514 0.023297 
0.081162 0.057624 0.000000 0.000000 0.658191 0.054770 0.035035 0.113218 
0.180548 0.176641 0.000000 0.008431 0.284627 0.167945 0.019315 0.162493 
0.300626 0.302357 0.000000 0.204500 0.102889 0.022556 0.032912 0.034161 
0.018811 0.326168 0.437389 0.045875 0.000000 0.071758 0.073038 0.026961 
0.125981 0.245922 0.000000 0.092708 0.320216 0.079352 0.022678 0.113145 
0.334301 0.293969 0.000000 0.223828 0.000000 0.063603 0.034179 0.050120 
0.056555 0.045999 0.000000 0.000000 0.626760 0.066015 0.042432 0.162239 
0.267641 0.209535 0.000000 0.010651 0.000000 0.184930 0.133228 0.194015 
0.285526 0.232074 0.000000 0.174127 0.105718 0.049035 0.098420 0.055099 
0.363514 0.273456 0.000000 0.258788 0.000000 0.078356 0.025007 0.000880 
0.231156 0.332809 0.000000 0.011464 0.000000 0.203735 0.019367 0.201468 
0.118005 0.313557 0.268453 0.000000 0.000000 0.121276 0.098884 0.079824 
0.182868 0.329649 0.112219 0.079640 0.013313 0.024701 0.218860 0.038749 
0.006847 0.038627 0.000000 0.000000 0.000000 0.009835 0.936089 0.008602 
0.001325 0.003315 0.000000 0.000000 0.000000 0.002357 0.982480 0.010523 
0.093009 0.411002 0.314535 0.000000 0.000000 0.099938 0.015179 0.066336 
0.033809 0.303149 0.365351 0.000000 0.156453 0.053785 0.024754 0.062699 
0.036052 0.060059 0.000000 0.000000 0.000000 0.048607 0.835661 0.019620 
0.095668 0.082854 0.000000 0.000000 0.671302 0.031756 0.036646 0.081773 
0.031364 0.041307 0.031833 0.000000 0.000000 0.006002 0.863705 0.025789 
0.134448 0.044065 0.000000 0.000000 0.633307 0.048380 0.046987 0.092813 
0.041053 0.033958 0.000000 0.030101 0.000000 0.004530 0.860324 0.030034 
0.027945 0.321816 0.373482 0.039325 0.000000 0.075492 0.112966 0.048973 
0.310101 0.261156 0.000000 0.096337 0.000000 0.162675 0.026214 0.143517 
0.081335 0.377432 0.316184 0.086482 0.000000 0.093411 0.015117 0.030039 
0.080009 0.052748 0.000000 0.000000 0.631789 0.043000 0.035783 0.156670 
0.335632 0.326825 0.000000 0.156726 0.000000 0.077715 0.038469 0.064633 
0.104369 0.104531 0.000000 0.004023 0.000000 0.094099 0.630300 0.062678 
0.209872 0.292183 0.000000 0.159814 0.145289 0.053473 0.062165 0.077204 
0.045123 0.369452 0.441401 0.036174 0.000000 0.080705 0.010083 0.017062 
0.074653 0.045438 0.000000 0.000000 0.666847 0.029259 0.032822 0.150980 
0.004781 0.009675 0.000000 0.011274 0.052171 0.003729 0.909497 0.008874 
0.027599 0.402266 0.466814 0.013112 0.000000 0.076335 0.002230 0.011643 
0.003169 0.080877 0.000000 0.005578 0.000000 0.009665 0.892389 0.008322 
0.239039 0.357607 0.000000 0.151912 0.000000 0.044890 0.161386 0.045166 
0.281215 0.284996 0.000000 0.065983 0.000000 0.178720 0.019367 0.169718 
0.026808 0.416533 0.422981 0.000000 0.015618 0.082048 0.014958 0.021053 
0.148095 0.095916 0.000000 0.060340 0.504755 0.041272 0.036899 0.112722 
0.022873 0.417482 0.403053 0.022907 0.000000 0.084723 0.011228 0.037735 
0.083283 0.181575 0.077508 0.030159 0.196116 0.048378 0.333962 0.049019 
0.318497 0.294418 0.000000 0.000000 0.000000 0.153377 0.058703 0.175004 
0.022526 0.321877 0.382377 0.000000 0.000000 0.079558 0.146496 0.047166 
0.262112 0.351047 0.000000 0.021902 0.000000 0.159523 0.019366 0.186050 
0.063486 0.168814 0.243652 0.018465 0.324098 0.053017 0.076509 0.051958 
0.106630 0.134613 0.000000 0.000000 0.495791 0.107928 0.055822 0.099217 
0.020144 0.361938 0.469307 0.000000 0.000000 0.077782 0.033837 0.036991 
0.234765 0.213889 0.000000 0.000000 0.101170 0.139304 0.187950 0.122922 
0.342454 0.315333 0.000000 0.162719 0.000000 0.082908 0.016887 0.079698 
0.220111 0.203413 0.000000 0.000000 0.143345 0.168594 0.076584 0.187952 
0.011676 0.009366 0.000000 0.000000 0.000000 0.001057 0.975548 0.002352 
0.342515 0.259101 0.000000 0.242563 0.040078 0.051204 0.022419 0.042121 
0.160215 0.133383 0.000000 0.000000 0.000000 0.078392 0.528544 0.099464 
0.228092 0.364237 0.000000 0.000000 0.000000 0.187614 0.031367 0.188689 
0.047904 0.259257 0.305632 0.000000 0.240222 0.062219 0.018391 0.066374 
0.307524 0.230502 0.000000 0.125937 0.132131 0.086443 0.028394 0.089068 
0.179783 0.409329 0.143346 0.114373 0.000000 0.064025 0.038409 0.050735 
0.059231 0.032105 0.000000 0.000000 0.223832 0.003556 0.629066 0.052210 
0.217829 0.257071 0.000000 0.000000 0.000000 0.205912 0.111491 0.207697 
0.091655 0.040048 0.000000 0.000000 0.685195 0.024326 0.046723 0.112053 
0.234743 0.242959 0.000000 0.000000 0.000000 0.152142 0.168171 0.201985 
0.022548 0.037874 0.000000 0.000000 0.179201 0.026839 0.688746 0.044791 
0.311351 0.363427 0.000000 0.186959 0.000000 0.076136 0.022437 0.039690 
0.318116 0.333747 0.000000 0.251830 0.000000 0.062102 0.013048 0.021157 
0.054284 0.336461 0.385603 0.050957 0.000000 0.093882 0.018260 0.060553 
0.097150 0.262220 0.256888 0.034707 0.000000 0.095425 0.187883 0.065727 
0.083701 0.095472 0.205727 0.016110 0.459962 0.021523 0.025471 0.092034 
0.320432 0.280146 0.000000 0.032552 0.000000 0.186052 0.023789 0.157029 
0.007276 0.025951 0.000000 0.000000 0.000000 0.003052 0.954994 0.008726 
0.051400 0.072919 0.000000 0.006665 0.663547 0.040062 0.033214 0.132193 
0.047290 0.037420 0.000000 0.000000 0.535333 0.036098 0.243354 0.100505 
0.273151 0.270303 0.000000 0.000000 0.000000 0.225176 0.025260 0.206109 
0.284993 0.252670 0.000000 0.000000 0.000000 0.223247 0.055052 0.184038 
0.037209 0.380371 0.444307 0.000000 0.000000 0.092381 0.012633 0.033099 
0.087338 0.303103 0.446320 0.020724 0.000000 0.076906 0.014798 0.050811 
0.160466 0.207897 0.071030 0.000000 0.000000 0.196960 0.172694 0.190952 
0.025034 0.045003 0.000000 0.000000 0.000000 0.018341 0.882360 0.029262 
0.261335 0.295591 0.077457 0.030590 0.000000 0.137279 0.027909 0.169838 
0.096711 0.045321 0.000000 0.050843 0.301530 0.026825 0.440419 0.038350 
0.171048 0.322697 0.168228 0.000000 0.000000 0.165780 0.017026 0.155220 
0.080951 0.057057 0.000000 0.000000 0.690140 0.009037 0.038230 0.124584 
0.342707 0.278780 0.000000 0.236698 0.000000 0.082108 0.024403 0.035304 
0.010255 0.028188 0.000000 0.000000 0.000000 0.000618 0.937467 0.023472 
0.376562 0.294379 0.000000 0.162937 0.000000 0.081350 0.019794 0.064977 
0.124649 0.079542 0.000000 0.000000 0.555016 0.072413 0.041081 0.127298 
0.300454 0.263023 0.000000 0.000000 0.000000 0.215475 0.047221 0.173826 
0.017006 0.049695 0.058905 0.000000 0.000000 0.011780 0.856406 0.006207 
0.327616 0.275587 0.000000 0.216984 0.000000 0.084858 0.021075 0.073880 
0.071940 0.042169 0.000000 0.000000 0.453624 0.039871 0.333009 0.059387 
0.330551 0.314208 0.000000 0.185847 0.052984 0.060661 0.019976 0.035772 
0.109856 0.068573 0.000000 0.000000 0.627205 0.004789 0.038130 0.151447 
0.323795 0.353713 0.000000 0.218802 0.004291 0.045851 0.027718 0.025829 
0.016071 0.081339 0.055881 0.000000 0.000000 0.010984 0.822611 0.013113 
0.219557 0.271465 0.000000 0.011321 0.035005 0.184567 0.030907 0.247179 
0.076771 0.040969 0.000000 0.000000 0.698056 0.075505 0.025668 0.083032 
0.348726 0.328840 0.000000 0.185568 0.000000 0.088888 0.018975 0.029003 
0.035723 0.044283 0.000000 0.031654 0.007146 0.009135 0.870933 0.001126 
0.122369 0.373926 0.206122 0.000000 0.000000 0.158485 0.024804 0.114294 
0.128413 0.265592 0.189178 0.000000 0.000000 0.158773 0.108382 0.149661 
0.024004 0.156650 0.134554 0.000000 0.000000 0.035262 0.632021 0.017508 
0.063210 0.055708 0.000000 0.000000 0.414109 0.053076 0.354008 0.059889 
0.048243 0.010087 0.000000 0.010484 0.310169 0.005711 0.564522 0.050784 
0.026014 0.316423 0.426120 0.038346 0.029698 0.097671 0.010236 0.055492 
0.081363 0.056095 0.000000 0.000000 0.658758 0.059116 0.042832 0.101836 
0.087947 0.238225 0.024522 0.000000 0.000000 0.075428 0.453429 0.120449 
0.257565 0.239707 0.000000 0.191450 0.000000 0.073438 0.202697 0.035143 
0.068774 0.350634 0.377412 0.032471 0.066068 0.071157 0.004431 0.029053 
0.005610 0.379428 0.464529 0.027417 0.000000 0.077418 0.010055 0.035543 
0.273852 0.290725 0.000000 0.151255 0.096678 0.038722 0.077419 0.071350 
0.130388 0.202581 0.104608 0.009691 0.000000 0.124336 0.295872 0.132524 
0.329779 0.319279 0.000000 0.229377 0.000000 0.058432 0.014854 0.048277 
0.227980 0.214197 0.000000 0.146771 0.233818 0.036484 0.054035 0.086715 
0.276324 0.340801 0.000000 0.190890 0.000000 0.080413 0.032859 0.078714 
0.029444 0.431112 0.407210 0.000000 0.000000 0.094637 0.010080 0.027517 
0.057808 0.295287 0.377243 0.000000 0.149370 0.080002 0.008006 0.032283 
0.101377 0.045586 0.000000 0.003149 0.608729 0.058940 0.034113 0.148106 
0.031807 0.364703 0.392639 0.026180 0.000000 0.109703 0.012218 0.062750 
0.061686 0.062447 0.000000 0.000000 0.686649 0.013715 0.034800 0.140702 
0.061449 0.118822 0.089436 0.000000 0.521907 0.041400 0.079895 0.087091 
0.046308 0.376492 0.395417 0.000000 0.055863 0.069450 0.012782 0.043688 
0.003596 0.354665 0.426470 0.025714 0.035243 0.081243 0.013469 0.059600 
0.324426 0.285571 0.000000 0.140360 0.000000 0.081882 0.111906 0.055856 
0.284349 0.251857 0.000000 0.023492 0.000000 0.194024 0.030223 0.216056 
0.098398 0.111411 0.000000 0.000000 0.000000 0.083060 0.590051 0.117080 
0.098754 0.110659 0.095469 0.000000 0.536565 0.030121 0.026014 0.102418 
0.084144 0.064581 0.000000 0.000000 0.712891 0.047054 0.031775 0.059555 
0.319763 0.323634 0.000000 0.220410 0.000000 0.052239 0.039051 0.044903 
0.205476 0.151296 0.000000 0.076857 0.398045 0.060863 0.024401 0.083062 
0.010645 0.009791 0.000000 0.000000 0.000000 0.004194 0.966435 0.008934 
0.273409 0.267995 0.000000 0.000000 0.000000 0.223175 0.028724 0.206696 
0.093609 0.362873 0.382630 0.048106 0.000000 0.079152 0.003522 0.030108 
0.267049 0.251039 0.000000 0.017691 0.000000 0.162513 0.042511 0.259197 
0.052004 0.052702 0.000000 0.000000 0.698578 0.012239 0.020944 0.163533 
0.040078 0.219904 0.209522 0.000000 0.133150 0.059433 0.302844 0.035069 
0.254682 0.285200 0.000000 0.010551 0.000000 0.187913 0.038794 0.222860 
0.076582 0.047996 0.000000 0.000000 0.585187 0.039593 0.138303 0.112339 
0.241525 0.286087 0.000000 0.047671 0.000000 0.188988 0.032723 0.203006 
0.196304 0.319659 0.241982 0.112228 0.000000 0.076588 0.007230 0.046009 
0.104310 0.301225 0.386861 0.000000 0.020673 0.097028 0.008045 0.081858 
0.024180 0.339544 0.464557 0.025554 0.000000 0.085688 0.022087 0.038391 
0.070733 0.072204 0.000000 0.000000 0.637372 0.043106 0.048996 0.127589 
0.121496 0.094873 0.000000 0.000000 0.502933 0.097672 0.031278 0.151748 
0.058827 0.202688 0.000000 0.000000 0.539551 0.059383 0.038910 0.100640 
0.179660 0.200558 0.000000 0.026840 0.000000 0.092045 0.436653 0.064244 
0.324995 0.233495 0.000000 0.000000 0.000000 0.213767 0.019418 0.208325 
0.033634 0.430134 0.339077 0.000000 0.000000 0.091559 0.054707 0.050888 
0.316568 0.276159 0.000000 0.006352 0.000000 0.186127 0.027650 0.187144 
0.346621 0.307781 0.000000 0.205724 0.000000 0.054655 0.045776 0.039442 
0.029229 0.416187 0.413244 0.000000 0.000000 0.094383 0.022749 0.024208 
0.048789 0.100529 0.000000 0.000000 0.567799 0.047174 0.126799 0.108910 
0.038322 0.322637 0.474716 0.024207 0.000000 0.081678 0.007028 0.051411 
0.215654 0.223874 0.000000 0.000000 0.202249 0.192941 0.020590 0.144694 
0.023962 0.024022 0.000000 0.000000 0.249246 0.031507 0.626552 0.044712 
0.305818 0.315195 0.000000 0.209458 0.000000 0.052770 0.019577 0.097182 
0.120706 0.107651 0.000000 0.000000 0.000000 0.114026 0.527461 0.130155 
0.248171 0.257736 0.000000 0.000000 0.000000 0.177262 0.147551 0.169280 
0.000507 0.000770 0.000000 0.003773 0.000000 0.006272 0.988136 0.000543 
0.206696 0.182464 0.000000 0.122929 0.000000 0.045110 0.423818 0.018982 
0.025093 0.337031 0.506926 0.000000 0.000000 0.088804 0.011525 0.030620 
0.307145 0.265703 0.000000 0.248807 0.000000 0.071853 0.054400 0.052091 
0.028218 0.321947 0.474780 0.030946 0.000000 0.106855 0.011690 0.025565 
0.232055 0.248947 0.000000 0.018606 0.098520 0.176697 0.026526 0.198649 
0.050568 0.060533 0.000000 0.000000 0.000000 0.045780 0.791180 0.051939 
0.003322 0.012359 0.000000 0.000000 0.000000 0.008125 0.972451 0.003742 
0.227239 0.261307 0.000000 0.000000 0.000000 0.263602 0.026343 0.221508 
0.090725 0.052945 0.000000 0.000000 0.653823 0.068555 0.027154 0.106798 
0.087561 0.043774 0.000000 0.000000 0.635884 0.033899 0.035601 0.163280 
0.315902 0.320537 0.000000 0.205538 0.000000 0.050802 0.055806 0.051414 
0.212138 0.183705 0.000000 0.000000 0.000000 0.148108 0.320636 0.135412 
0.120907 0.112015 0.000000 0.077050 0.510540 0.063561 0.011718 0.104209 
0.162098 0.267004 0.000000 0.185799 0.176432 0.094005 0.033641 0.081021 
0.287587 0.304358 0.000000 0.032307 0.000000 0.160805 0.024419 0.190522 
0.269485 0.289495 0.000000 0.000000 0.000000 0.204597 0.037596 0.198827 
0.040433 0.059339 0.000000 0.038565 0.000000 0.001676 0.859053 0.000934 
0.256039 0.270296 0.000000 0.032279 0.079033 0.152195 0.025484 0.184674 
0.333343 0.314899 0.000000 0.191161 0.000000 0.057619 0.015110 0.087868 
0.088278 0.108288 0.000000 0.050831 0.568512 0.050362 0.029256 0.104474 
0.269298 0.320438 0.000000 0.000000 0.000000 0.174628 0.036206 0.199430 
0.212001 0.346478 0.064303 0.010153 0.000000 0.166846 0.021715 0.178505 
0.210843 0.261746 0.109334 0.000000 0.000000 0.214448 0.019659 0.183970 
0.028744 0.013510 0.000000 0.000000 0.191192 0.019049 0.700583 0.046922 
0.257963 0.201551 0.000000 0.000000 0.063962 0.201268 0.081799 0.193456 
0.015044 0.111196 0.000000 0.012873 0.000000 0.075360 0.747178 0.038349 
0.017751 0.351175 0.449467 0.045859 0.000000 0.099939 0.002815 0.032994 
0.161376 0.125713 0.000000 0.000000 0.437515 0.095273 0.041413 0.138709 
0.264354 0.275532 0.000000 0.008598 0.000000 0.240998 0.038612 0.171905 
0.010895 0.017922 0.000000 0.000000 0.140444 0.013865 0.783212 0.033663 
0.147538 0.127095 0.000000 0.074982 0.000000 0.014513 0.628960 0.006912 
0.258738 0.300013 0.000000 0.005559 0.000000 0.198542 0.024868 0.212280 
0.073270 0.380397 0.353520 0.000000 0.000000 0.112051 0.033336 0.047425 
0.226421 0.273810 0.000000 0.000000 0.000000 0.248873 0.039372 0.211524 
0.065795 0.367753 0.406994 0.000000 0.064281 0.077067 0.008286 0.009825 
0.226478 0.276974 0.000000 0.027442 0.000000 0.219011 0.032500 0.217595 
0.264744 0.386142 0.000000 0.198364 0.000000 0.069235 0.033746 0.047769 
0.072216 0.057890 0.000000 0.004262 0.664518 0.064412 0.031552 0.105151 
0.058406 0.329301 0.437850 0.055595 0.000000 0.060495 0.019610 0.038742 
0.137572 0.114669 0.000000 0.012129 0.000000 0.079181 0.590338 0.066111 
0.073157 0.071906 0.000000 0.000000 0.664250 0.065719 0.028815 0.096153 
0.327794 0.328785 0.000000 0.221744 0.000000 0.085107 0.021283 0.015287 
0.219362 0.286556 0.000000 0.000000 0.024093 0.220107 0.027471 0.222411 
0.010629 0.007611 0.000000 0.000000 0.000000 0.007626 0.969419 0.004715 
0.063318 0.184658 0.114215 0.000000 0.000000 0.091172 0.447690 0.098946 
0.040926 0.150032 0.000000 0.000000 0.000000 0.086610 0.676021 0.046411 
0.019769 0.067175 0.041586 0.000000 0.040899 0.009967 0.803356 0.017246 
0.111647 0.030677 0.000000 0.000000 0.662300 0.031155 0.040482 0.123739 
0.257682 0.284843 0.000000 0.000000 0.000000 0.221315 0.024290 0.211868 
0.059983 0.064834 0.000000 0.004136 0.673302 0.045016 0.035619 0.117111 
0.029924 0.019730 0.000000 0.000000 0.097817 0.001149 0.813076 0.038304 
0.051957 0.044016 0.000000 0.000000 0.000000 0.011219 0.835333 0.057474 
0.016941 0.205485 0.156766 0.000000 0.283593 0.061393 0.204913 0.070908 
0.043636 0.056567 0.000000 0.000000 0.514472 0.037868 0.252834 0.094624 
0.311286 0.326191 0.000000 0.233610 0.000000 0.080349 0.019124 0.029441 
0.014763 0.272427 0.278568 0.028166 0.000000 0.038656 0.336066 0.031354 
0.015535 0.371889 0.485046 0.000000 0.000000 0.064638 0.012053 0.050838 
0.061860 0.063462 0.000000 0.000000 0.563420 0.025940 0.186070 0.099247 
0.074699 0.141814 0.094244 0.010381 0.503731 0.053553 0.022755 0.098822 
0.026897 0.074167 0.035219 0.000000 0.000000 0.000819 0.855743 0.007155 
0.027578 0.023649 0.000000 0.000000 0.000000 0.020157 0.923094 0.005521 
0.328050 0.247310 0.000000 0.190284 0.000000 0.124492 0.021612 0.088252 
0.003818 0.002633 0.005286 0.000000 0.000000 0.003012 0.977629 0.007622 
0.211400 0.330654 0.203724 0.149486 0.000000 0.066706 0.011910 0.026121 
0.273118 0.242147 0.000000 0.000000 0.000000 0.247806 0.024639 0.212289 
0.285611 0.245814 0.000000 0.004456 0.032186 0.221088 0.029260 0.181584 
0.309211 0.299862 0.000000 0.000000 0.000000 0.180217 0.017849 0.192859 
0.198292 0.272594 0.149999 0.095328 0.000000 0.128585 0.014629 0.140573 
0.368349 0.322050 0.000000 0.169907 0.000000 0.056935 0.023507 0.059252 
0.315800 0.296506 0.000000 0.217875 0.000000 0.069526 0.031275 0.069018 
0.022186 0.014529 0.000000 0.000000 0.138951 0.010511 0.788874 0.024950 
0.335725 0.309331 0.000000 0.204191 0.000000 0.081537 0.020657 0.048558 
0.044035 0.056455 0.000000 0.016065 0.682786 0.042296 0.038224 0.120138 
0.004620 0.083229 0.000000 0.000000 0.000000 0.026492 0.884668 0.000991 
0.227058 0.137429 0.000000 0.083971 0.393643 0.059644 0.034338 0.063918 
0.071302 0.418657 0.366466 0.030535 0.000000 0.038417 0.011770 0.062853 
0.096278 0.131664 0.000000 0.005478 0.603330 0.077758 0.027380 0.058111 
0.099567 0.127706 0.000000 0.015357 0.520260 0.050959 0.133822 0.052329 
0.134611 0.157753 0.000000 0.012316 0.000000 0.123285 0.437872 0.134162 
0.024393 0.179837 0.261450 0.010832 0.000000 0.057298 0.442558 0.023632 
0.238794 0.310417 0.000000 0.000000 0.000000 0.213828 0.017139 0.219821 
0.301462 0.326463 0.000000 0.246262 0.000000 0.076430 0.010607 0.038777 
0.272576 0.268095 0.000000 0.000000 0.000000 0.220297 0.027204 0.211828 
0.009957 0.012083 0.000000 0.007346 0.028841 0.002161 0.924817 0.014794 
0.247480 0.385422 0.048578 0.156242 0.038540 0.057857 0.017594 0.048287 
0.004258 0.008058 0.000000 0.000000 0.000000 0.000400 0.975842 0.011442 
0.235889 0.218169 0.000000 0.008266 0.000000 0.200119 0.114848 0.222709 
0.184095 0.170684 0.000000 0.105854 0.000000 0.041111 0.475686 0.022570 
0.072081 0.238663 0.365859 0.046772 0.072684 0.075947 0.020318 0.107676 
0.120529 0.117076 0.000000 0.110366 0.000000 0.039592 0.580772 0.031664 
0.285992 0.257009 0.000000 0.090466 0.000000 0.142135 0.072222 0.152176 
0.058205 0.042826 0.000000 0.006661 0.671742 0.030745 0.052575 0.137245 
0.034524 0.421304 0.397824 0.000000 0.000000 0.070923 0.020391 0.055032 
0.065250 0.043795 0.000000 0.000000 0.626637 0.075270 0.047665 0.141383 
0.036131 0.337367 0.510598 0.000000 0.000000 0.075931 0.009717 0.030254 
0.030518 0.336545 0.407117 0.027963 0.000000 0.107514 0.015015 0.075327 
0.015229 0.053567 0.050600 0.000000 0.000000 0.005546 0.862484 0.012573 
0.056150 0.069304 0.000000 0.000000 0.665477 0.036414 0.028146 0.144510 
0.078666 0.062990 0.000000 0.000000 0.662409 0.030290 0.053162 0.112483 
0.060582 0.052602 0.000000 0.000000 0.391124 0.030244 0.349440 0.116008 
0.002904 0.002269 0.000000 0.002685 0.000000 0.000362 0.985657 0.006122 
0.291204 0.221839 0.000000 0.000000 0.149773 0.146392 0.024198 0.166594 
0.004891 0.017757 0.000000 0.000000 0.000000 0.002381 0.964613 0.010357 
0.143668 0.300413 0.294009 0.094704 0.000000 0.091352 0.021585 0.054270 
0.039551 0.341617 0.411472 0.017160 0.000000 0.101177 0.011460 0.077563 
0.164975 0.146732 0.000000 0.000000 0.000000 0.109712 0.421570 0.157010 
0.122785 0.186272 0.089614 0.000000 0.000000 0.076292 0.469204 0.055833 
0.057965 0.213282 0.000000 0.000000 0.000000 0.080021 0.556691 0.092041 
0.151381 0.400331 0.265755 0.101267 0.000000 0.055179 0.010389 0.015697 
0.025506 0.042055 0.000000 0.000000 0.263565 0.053361 0.580284 0.035229 
0.079127 0.083987 0.000000 0.000000 0.560892 0.077201 0.083798 0.114994 
0.054123 0.068403 0.000000 0.000000 0.682614 0.030039 0.032823 0.131999 
0.266859 0.237806 0.000000 0.000000 0.014188 0.234825 0.103132 0.143189 
0.064335 0.377022 0.450343 0.000000 0.000000 0.075609 0.011665 0.021025 
0.249591 0.233754 0.000000 0.074094 0.031580 0.078867 0.263807 0.068307 
0.068266 0.061715 0.000000 0.000000 0.663313 0.040260 0.058215 0.108232 
0.266367 0.262846 0.000000 0.000000 0.000000 0.213310 0.027031 0.230446 
0.246172 0.242329 0.133973 0.007954 0.000000 0.166518 0.026740 0.176315 
0.164583 0.140022 0.000000 0.000000 0.343710 0.152120 0.023149 0.176416 
0.073494 0.203209 0.184523 0.000000 0.385566 0.054836 0.016686 0.081685 
0.085203 0.043484 0.000000 0.000000 0.671036 0.026980 0.057615 0.115683 
0.040239 0.219434 0.419355 0.037706 0.118348 0.078412 0.003839 0.082667 
0.071330 0.380015 0.383239 0.032494 0.000000 0.068747 0.013619 0.050556 
0.018585 0.182650 0.125254 0.000000 0.137645 0.060214 0.451938 0.023714 
0.035693 0.030195 0.000000 0.000000 0.000000 0.029642 0.885040 0.019429 
0.078817 0.409927 0.368519 0.000000 0.000000 0.099926 0.011569 0.031241 
0.068457 0.070875 0.000000 0.000000 0.654168 0.044302 0.039152 0.123046 
0.034675 0.362988 0.426280 0.016619 0.034486 0.070237 0.022070 0.032646 
0.152402 0.142722 0.000000 0.040867 0.468591 0.060341 0.022916 0.112160 
0.272918 0.250223 0.000000 0.000000 0.076322 0.180407 0.015243 0.204887 
0.222925 0.160547 0.000000 0.000000 0.000000 0.145054 0.331783 0.139691 
0.018187 0.006014 0.000000 0.006135 0.020934 0.029483 0.899382 0.019864 
0.003710 0.011619 0.000000 0.000000 0.000000 0.000300 0.971804 0.012566 
0.060157 0.029786 0.000000 0.011611 0.000000 0.049377 0.832217 0.016850 
0.200764 0.193128 0.000000 0.000000 0.000000 0.078156 0.411964 0.115987 
0.242656 0.309877 0.000000 0.000000 0.000000 0.200534 0.025722 0.221210 
0.224417 0.191044 0.000000 0.000000 0.245910 0.158264 0.028145 0.152220 
0.033368 0.028779 0.000000 0.008456 0.000000 0.006328 0.907115 0.015954 
0.246926 0.288181 0.000000 0.052985 0.032927 0.122399 0.139239 0.117342 
0.285132 0.310256 0.035081 0.062576 0.000000 0.161572 0.017424 0.127958 
0.032265 0.321312 0.456769 0.000000 0.000000 0.067526 0.084112 0.038016 
0.005105 0.008120 0.000000 0.000000 0.018703 0.001053 0.956527 0.010492 
0.003781 0.008585 0.000000 0.000000 0.000000 0.001191 0.972811 0.013631 
0.239102 0.279246 0.000000 0.007509 0.000000 0.232400 0.020119 0.221624 
0.020727 0.005940 0.000000 0.000000 0.000000 0.013941 0.946248 0.013143 
0.331418 0.266114 0.000000 0.187229 0.000000 0.059354 0.097311 0.058573 
0.252880 0.268008 0.000000 0.000000 0.000000 0.227369 0.032822 0.218921 
0.067397 0.070062 0.000000 0.007013 0.420969 0.030281 0.319587 0.084690 
0.005652 0.001219 0.000000 0.000000 0.000000 0.002187 0.987484 0.003457 
0.355271 0.349365 0.000000 0.152021 0.021828 0.077923 0.017749 0.025844 
0.304160 0.208691 0.000000 0.029143 0.000000 0.214157 0.071335 0.172513 
0.048586 0.055733 0.000000 0.000000 0.419870 0.008615 0.365552 0.101643 
0.103098 0.083675 0.000000 0.000000 0.000000 0.079793 0.672021 0.061413 
0.056533 0.219310 0.221416 0.019174 0.301661 0.041532 0.042580 0.097794 
0.268144 0.230759 0.000000 0.000000 0.072455 0.211491 0.024371 0.192779 
0.334513 0.326371 0.000000 0.215006 0.000000 0.096474 0.020065 0.007572 
0.292266 0.380677 0.043216 0.036714 0.000000 0.075532 0.024719 0.146876 
0.215578 0.134773 0.000000 0.000000 0.142015 0.115571 0.275274 0.116789 
0.303407 0.410547 0.000000 0.173239 0.000000 0.061459 0.014478 0.036871 
0.062717 0.043855 0.000000 0.000000 0.604546 0.066689 0.071471 0.150721 
0.281725 0.277764 0.000000 0.000000 0.022909 0.221246 0.025590 0.170766 
0.251878 0.336653 0.036254 0.000000 0.000000 0.167085 0.015264 0.192866 
0.277605 0.263902 0.000000 0.000000 0.000000 0.229881 0.035133 0.193479 
0.377172 0.302621 0.000000 0.193780 0.000000 0.061548 0.039404 0.025475 
0.026167 0.410320 0.455492 0.000000 0.000000 0.071543 0.007451 0.029027 
0.055951 0.354710 0.389698 0.061601 0.000000 0.071588 0.015616 0.050836 
0.044193 0.362549 0.469247 0.028041 0.000000 0.061344 0.007849 0.026777 
0.294361 0.321794 0.000000 0.197525 0.044322 0.042291 0.029492 0.070215 
0.070333 0.093050 0.000000 0.000000 0.000000 0.059166 0.697821 0.079630 
0.076038 0.099672 0.000000 0.000000 0.593135 0.060348 0.095511 0.075295 
0.052161 0.045464 0.000000 0.005627 0.567079 0.022990 0.182107 0.124572 
0.272499 0.336238 0.000000 0.235884 0.000000 0.075098 0.022697 0.057584 
0.011607 0.010600 0.000000 0.000000 0.000000 0.005603 0.966032 0.006157 
0.015111 0.001904 0.008077 0.000000 0.000000 0.004703 0.951769 0.018435 
0.060222 0.062566 0.000000 0.003655 0.682581 0.028970 0.032291 0.129716 
0.198089 0.385131 0.000000 0.000000 0.000000 0.163498 0.040489 0.212792 
0.248122 0.233815 0.000000 0.010152 0.067629 0.171550 0.025994 0.242736 
0.075026 0.075419 0.000000 0.000000 0.665324 0.022766 0.019791 0.141673 
0.160050 0.174671 0.000000 0.000000 0.348476 0.134729 0.034253 0.147821 
0.130051 0.302991 0.104945 0.005668 0.124622 0.148642 0.023773 0.159308 
0.300869 0.248737 0.000000 0.000000 0.000000 0.233871 0.024581 0.191941 
0.080897 0.036542 0.000000 0.000000 0.662116 0.041835 0.083704 0.094905 
0.192627 0.236333 0.125565 0.080222 0.221033 0.051907 0.017413 0.074901 
0.100908 0.048820 0.000000 0.000000 0.690234 0.037134 0.037232 0.085672 
0.112893 0.030985 0.000000 0.007388 0.647517 0.040360 0.022412 0.138446 
0.260999 0.253615 0.000000 0.000000 0.000000 0.256719 0.033864 0.194802 
0.137763 0.098879 0.000000 0.000000 0.461194 0.128394 0.027466 0.146303 
0.170483 0.239395 0.000000 0.059593 0.000000 0.089732 0.401359 0.039439 
0.303523 0.341317 0.000000 0.234949 0.000000 0.060503 0.020327 0.039380 
0.003436 0.052560 0.000000 0.000000 0.000000 0.014126 0.929137 0.000740 
0.015694 0.374013 0.426707 0.039123 0.000000 0.087896 0.018918 0.037648 
0.155159 0.175193 0.000000 0.108316 0.000000 0.045105 0.502495 0.013732 
0.054040 0.329379 0.470821 0.033033 0.000000 0.068202 0.007756 0.036769 
0.028047 0.342005 0.472180 0.030849 0.000000 0.107973 0.003794 0.015152 
0.011217 0.328916 0.541740 0.000000 0.000000 0.081487 0.014897 0.021742 
0.071877 0.032814 0.000000 0.000000 0.628590 0.038543 0.093222 0.134953 
0.006389 0.007886 0.000000 0.000000 0.000000 0.000289 0.954982 0.030454 
0.218509 0.252451 0.000000 0.135641 0.162341 0.055851 0.052861 0.122347 
0.230211 0.272892 0.000000 0.016262 0.000000 0.231082 0.022229 0.227324 
0.273299 0.260236 0.000000 0.000000 0.000000 0.231256 0.017244 0.217965 
0.272444 0.274309 0.000000 0.012146 0.000000 0.162139 0.044802 0.234159 
0.080657 0.054061 0.000000 0.000000 0.647327 0.080007 0.034484 0.103464 
0.299140 0.264130 0.000000 0.202217 0.000000 0.072895 0.126342 0.035276 
0.019603 0.411668 0.421101 0.000000 0.000000 0.096006 0.007223 0.044398 
0.309326 0.365907 0.000000 0.174423 0.000000 0.075279 0.028409 0.046656 
0.083023 0.043553 0.000000 0.000000 0.646404 0.039077 0.029904 0.158039 
0.072176 0.050573 0.000000 0.008022 0.629529 0.037564 0.048510 0.153626 
0.229782 0.184492 0.000000 0.000000 0.000000 0.127017 0.320034 0.138675 
0.002197 0.006913 0.000000 0.000000 0.000000 0.011445 0.969034 0.010410 
0.103491 0.304785 0.359263 0.000000 0.000000 0.130728 0.013017 0.088715 
0.086995 0.070055 0.000000 0.000000 0.671794 0.048290 0.025742 0.097124 
0.321969 0.339582 0.000000 0.195210 0.000000 0.066433 0.021792 0.055014 
0.081752 0.045937 0.000000 0.000000 0.632942 0.057758 0.041098 0.140513 
0.254692 0.296357 0.000000 0.000000 0.000000 0.196050 0.029337 0.223564 
0.023912 0.325475 0.345742 0.000000 0.000000 0.065932 0.216245 0.022694 
0.286467 0.221062 0.031153 0.158871 0.141735 0.049387 0.042925 0.068400 
0.048420 0.013310 0.022601 0.003789 0.221162 0.028551 0.644722 0.017445 
0.065390 0.298267 0.428639 0.000000 0.000000 0.118526 0.031452 0.057724 
0.349737 0.256727 0.000000 0.031751 0.000000 0.121302 0.079236 0.161247 
0.329316 0.337103 0.000000 0.198352 0.000000 0.073114 0.021559 0.040556 
0.241938 0.298325 0.000000 0.000000 0.000000 0.211294 0.034050 0.214393 
0.334503 0.372284 0.000000 0.190546 0.000000 0.079450 0.019110 0.004107 
0.087366 0.028269 0.000000 0.004199 0.591396 0.041324 0.136061 0.111384 
0.264267 0.266255 0.000000 0.000000 0.000000 0.166277 0.026442 0.276759 
0.315412 0.312164 0.000000 0.185778 0.000000 0.093346 0.024559 0.068741 
0.193987 0.291494 0.000000 0.000000 0.078967 0.177527 0.026124 0.231901 
0.367733 0.276950 0.000000 0.202575 0.000000 0.081801 0.034172 0.036769 
0.010119 0.157978 0.152318 0.000000 0.000000 0.032588 0.621304 0.025694 
0.287256 0.272654 0.000000 0.005446 0.000000 0.181333 0.066909 0.186402 
0.249215 0.276391 0.000000 0.000000 0.000000 0.196422 0.021584 0.256387 
0.034196 0.358926 0.437215 0.027823 0.000000 0.087199 0.014900 0.039741 
0.273542 0.292307 0.000000 0.000000 0.000000 0.207053 0.024166 0.202931 
0.015683 0.009582 0.000000 0.000000 0.000000 0.021716 0.947680 0.005338 
0.001931 0.005440 0.000000 0.000000 0.000000 0.002208 0.984712 0.005707 
0.026223 0.169955 0.171585 0.000000 0.054569 0.035246 0.517564 0.024858 
0.066314 0.264477 0.227905 0.067141 0.000000 0.081544 0.258919 0.033699 
0.011557 0.411800 0.430770 0.000000 0.000000 0.096790 0.013906 0.035176 
0.066889 0.016271 0.000000 0.016365 0.681021 0.039463 0.052557 0.127436 
0.031341 0.371408 0.439642 0.036943 0.014903 0.062113 0.010194 0.033455 
0.066718 0.060628 0.000000 0.000000 0.690073 0.040077 0.034904 0.107600 
0.107497 0.105595 0.000000 0.031910 0.225874 0.073241 0.334163 0.121720 
0.162637 0.213259 0.000000 0.049604 0.000000 0.086726 0.396008 0.091766 
0.020507 0.403737 0.454895 0.000000 0.000000 0.079458 0.006757 0.034646 
0.044580 0.344608 0.441364 0.037339 0.000000 0.072671 0.012000 0.047437 
0.112464 0.066850 0.000000 0.065012 0.000000 0.016529 0.738354 0.000792 
0.307770 0.351514 0.000000 0.194650 0.000000 0.095878 0.024113 0.026075 
0.076586 0.067227 0.000000 0.000000 0.641009 0.049837 0.027531 0.137810 
0.131746 0.104303 0.000000 0.030906 0.550032 0.084466 0.045522 0.053025 
0.126814 0.158383 0.000000 0.015101 0.318576 0.124867 0.054654 0.201605 
0.337637 0.307472 0.000000 0.218265 0.000000 0.050784 0.017681 0.068160 
0.006108 0.005902 0.000000 0.000000 0.000000 0.007126 0.969457 0.011407 
0.004051 0.008363 0.000000 0.005693 0.000000 0.001503 0.969482 0.010908 
0.086397 0.107488 0.095581 0.024062 0.485048 0.057763 0.043270 0.100390 
0.097137 0.088218 0.000000 0.000000 0.649928 0.028659 0.014209 0.121848 
0.047940 0.013489 0.000000 0.000000 0.226939 0.008608 0.648918 0.054106 
0.267169 0.268906 0.000000 0.100924 0.040264 0.151744 0.025310 0.145683 
0.022984 0.398534 0.423529 0.021836 0.000000 0.084359 0.007698 0.041060 
0.089203 0.078900 0.000000 0.043175 0.000000 0.008792 0.754946 0.024983 
0.230645 0.276600 0.000000 0.155109 0.000000 0.058949 0.246575 0.032122 
0.008584 0.316872 0.441993 0.036467 0.064389 0.082201 0.009553 0.039941 
