-1929159.036257
0
0.009011 0.012393 0.000000 0.000000 0.006616 0.006449 0.006372 0.014295 0.008579 0.041160 0.001968 0.009545 0.031523 0.004675 0.024209 0.038919 0.000000 0.000000 0.011781 0.025372 0.005666 0.000000 0.000000 0.000000 0.016101 0.000000 0.006387 0.000000 0.000000 0.000000 0.000000 0.000000 0.046315 0.000000 0.000000 0.010223 0.015058 0.018763 0.024636 0.023051 0.024671 0.026119 0.010829 0.044169 0.008307 0.008509 0.015003 0.032943 0.010364 0.000000 0.000000 0.014424 0.000000 0.000000 0.000000 0.000000 0.021200 0.012578 0.000000 0.019765 0.020136 0.000000 0.000000 0.000000 0.004326 0.000000 0.000000 0.009029 0.005130 0.000000 0.012006 0.012570 0.000000 0.007767 0.000000 0.014201 0.000000 0.025412 0.002942 0.000000 0.000000 0.001899 0.000000 0.005472 0.031509 0.006657 0.021113 0.035978 0.015123 0.036483 0.000000 0.000000 0.020617 0.020460 0.000000 0.023222 
0.043348 0.032601 0.000000 0.008878 0.013873 0.000000 0.013384 0.041564 0.004021 0.000000 0.000000 0.008221 0.001890 0.015567 0.000000 0.000000 0.000000 0.012144 0.000000 0.012031 0.000000 0.002422 0.019379 0.019114 0.038283 0.041234 0.000000 0.017046 0.015420 0.003169 0.014021 0.031679 0.000001 0.000000 0.002801 0.002249 0.014470 0.026830 0.013821 0.019199 0.000000 0.021739 0.000000 0.000000 0.000000 0.004751 0.013319 0.000000 0.008469 0.021654 0.000000 0.000000 0.000000 0.000000 0.001316 0.023229 0.014948 0.000000 0.000000 0.000000 0.000000 0.000000 0.000000 0.000000 0.000000 0.000000 0.000000 0.000000 0.009188 0.015105 0.035820 0.013596 0.000000 0.020915 0.000000 0.014980 0.046781 0.042834 0.005389 0.103905 0.000000 0.018689 0.000000 0.000000 0.000000 0.000000 0.000000 0.021458 0.000000 0.000000 0.003528 0.012528 0.003142 0.006073 0.014290 0.013691 
0.017402 0.000000 0.000000 0.000000 0.000000 0.000000 0.000000 0.008654 0.027227 0.000000 0.000000 0.020998 0.000000 0.012927 0.009989 0.000000 0.085683 0.035342 0.060600 0.050717 0.005669 0.004913 0.009851 0.010561 0.000000 0.000000 0.000000 0.005660 0.000000 0.000000 0.000000 0.000000 0.018793 0.034246 0.006496 0.026606 0.000000 0.000000 0.000000 0.000000 0.016072 0.012770 0.037342 0.017647 0.000000 0.000000 0.003740 0.007293 0.012983 0.012814 0.000000 0.000000 0.000000 0.000000 0.000000 0.000000 0.023752 0.028614 0.000000 0.033104 0.000000 0.000000 0.004276 0.000000 0.035481 0.020751 0.035416 0.030366 0.000000 0.000000 0.000000 0.000000 0.018263 0.000001 0.006657 0.020657 0.000000 0.000000 0.000000 0.000000 0.000000 0.040456 0.000000 0.000000 0.000000 0.000000 0.000000 0.000000 0.028766 0.011876 0.030730 0.040976 0.000000 0.000000 0.000000 0.016862 
0.000496 0.000000 0.000000 0.000000 0.000000 0.000000 0.000000 0.000455 0.007373 0.002216 0.002416 0.003532 0.000000 0.000000 0.000296 0.000000 0.000500 0.000000 0.000000 0.001166 0.000000 0.000000 0.000080 0.000000 0.000259 0.000000 0.000000 0.000000 0.000000 0.000309 0.000000 0.000000 0.014428 0.002559 0.004525 0.008714 0.000000 0.000653 0.000000 0.000269 0.000408 0.000223 0.000177 0.000000 0.000000 0.000000 0.000000 0.000000 0.000236 0.000000 0.000000 0.000000 0.000000 0.000000 0.000000 0.000000 0.006279 0.001479 0.000000 0.002752 0.000000 0.000000 0.000000 0.000000 0.000000 0.000000 0.000000 0.000000 0.000000 0.000000 0.000000 0.000000 0.015150 0.006208 0.001646 0.011619 0.039336 0.000000 0.001579 0.073599 0.425731 0.082909 0.046764 0.233656 0.000000 0.000000 0.000000 0.000000 0.000000 0.000000 0.000000 0.000000 0.000000 0.000000 0.000000 0.000000 
0.010475 0.014343 0.005006 0.051913 0.075199 0.041279 0.000000 0.021390 0.038245 0.000000 0.000000 0.029947 0.000000 0.000000 0.000000 0.000000 0.000000 0.000000 0.000000 0.000000 0.000000 0.000000 0.005199 0.000000 0.000000 0.000000 0.000000 0.028887 0.046122 0.051455 0.000000 0.061701 0.000000 0.010562 0.000000 0.027787 0.000000 0.000000 0.000000 0.021886 0.000000 0.000000 0.000000 0.000000 0.000000 0.008123 0.008275 0.000000 0.000001 0.000000 0.000000 0.032852 0.047485 0.041615 0.003332 0.042684 0.011392 0.000000 0.000000 0.000000 0.000000 0.027516 0.029807 0.034352 0.000000 0.006301 0.000000 0.000000 0.000000 0.000000 0.013356 0.000000 0.025584 0.024350 0.000000 0.011961 0.000000 0.000000 0.000000 0.000000 0.000000 0.000002 0.000000 0.015086 0.000000 0.032992 0.005787 0.000000 0.004377 0.000000 0.000000 0.000000 0.000000 0.000000 0.031377 0.000000 
0.043894 0.038016 0.024541 0.023385 0.000000 0.000000 0.004048 0.002017 0.005563 0.009588 0.000000 0.000001 0.006213 0.003403 0.011205 0.002787 0.004010 0.000000 0.004397 0.000000 0.000000 0.000000 0.000000 0.000000 0.060652 0.078554 0.011248 0.052794 0.005430 0.003137 0.010485 0.001581 0.025793 0.013107 0.006540 0.018035 0.009541 0.014159 0.044960 0.010322 0.004946 0.001846 0.009677 0.004987 0.000000 0.000000 0.003937 0.000000 0.048900 0.051870 0.030234 0.027805 0.000000 0.005624 0.007949 0.000000 0.006407 0.007447 0.000000 0.007510 0.008081 0.000000 0.011580 0.000000 0.004357 0.000000 0.000000 0.000000 0.000000 0.000000 0.000000 0.000000 0.037368 0.066064 0.012692 0.044414 0.002985 0.013379 0.003766 0.000000 0.000000 0.002798 0.000000 0.003571 0.005084 0.000000 0.008887 0.004699 0.000000 0.000000 0.001729 0.000000 0.000000 0.000000 0.000000 0.000000 
0.009363 0.009812 0.000000 0.006428 0.000000 0.001859 0.000000 0.000000 0.034672 0.016172 0.245460 0.011514 0.003094 0.000000 0.000000 0.009689 0.000000 0.000000 0.000000 0.000000 0.000000 0.001458 0.000000 0.000000 0.005476 0.005482 0.000000 0.005171 0.000000 0.000000 0.000000 0.000000 0.019160 0.017819 0.136329 0.015645 0.000000 0.000000 0.000000 0.000000 0.000000 0.002185 0.000000 0.002403 0.000000 0.002174 0.000000 0.000000 0.006405 0.002720 0.000000 0.002455 0.000000 0.000000 0.000000 0.000000 0.027097 0.030966 0.153401 0.015574 0.000000 0.000000 0.000000 0.001845 0.007724 0.004724 0.000000 0.006964 0.000000 0.000000 0.000000 0.000000 0.009011 0.011455 0.001366 0.012767 0.000000 0.000000 0.000000 0.000000 0.000000 0.011074 0.104140 0.006262 0.005761 0.001379 0.000000 0.002741 0.003390 0.002289 0.005155 0.000000 0.000000 0.000000 0.001967 0.000000 
0.037592 0.000002 0.075191 0.135766 0.083168 0.511854 0.156426 
0.016388 0.000002 0.010803 0.948120 0.011051 0.013341 0.000295 
0.281218 0.205928 0.214433 0.031523 0.190089 0.039758 0.037051 
0.033865 0.000002 0.164328 0.044366 0.016703 0.054213 0.686523 
0.154906 0.271079 0.174700 0.030903 0.176195 0.031979 0.160238 
0.039110 0.014550 0.177856 0.036742 0.030170 0.051866 0.649705 
0.061898 0.000002 0.142572 0.028711 0.028773 0.008747 0.729297 
0.214225 0.000002 0.342817 0.200175 0.127049 0.067336 0.048396 
0.010014 0.017917 0.056614 0.705921 0.032532 0.064091 0.112910 
0.134595 0.134435 0.106147 0.343868 0.125624 0.010995 0.144336 
0.235158 0.070698 0.394073 0.037921 0.124866 0.076632 0.060652 
0.210458 0.000002 0.394333 0.045782 0.156961 0.122218 0.070247 
0.002116 0.000002 0.010203 0.961608 0.006404 0.000197 0.019471 
0.256064 0.034367 0.373494 0.027739 0.145269 0.099497 0.063571 
0.219556 0.292219 0.163154 0.048492 0.211688 0.054748 0.010141 
0.228970 0.000002 0.389359 0.033357 0.155975 0.123800 0.068536 
0.008098 0.000002 0.071866 0.008454 0.166902 0.729996 0.014683 
0.087188 0.000002 0.151916 0.041518 0.023623 0.007362 0.688390 
0.008097 0.000002 0.064123 0.007880 0.141511 0.761355 0.017032 
0.263637 0.040510 0.357587 0.099745 0.106990 0.056272 0.075259 
0.060301 0.047852 0.078922 0.488241 0.038578 0.037886 0.248220 
0.115447 0.168311 0.126732 0.076066 0.167836 0.332096 0.013513 
0.267452 0.000002 0.326644 0.071873 0.130711 0.050686 0.152632 
0.054551 0.000002 0.147904 0.403867 0.026303 0.029313 0.338060 
0.247687 0.049069 0.376683 0.043154 0.145559 0.042973 0.094876 
0.008942 0.000002 0.058252 0.055338 0.112242 0.750883 0.014341 
0.090110 0.000002 0.162925 0.027348 0.116476 0.573626 0.029512 
0.215614 0.282922 0.168959 0.012289 0.258652 0.050533 0.011031 
0.168491 0.000002 0.284992 0.038851 0.111098 0.095366 0.301201 
0.004151 0.000001 0.042250 0.620807 0.044076 0.277130 0.011585 
0.244575 0.263724 0.159691 0.013522 0.220403 0.024379 0.073705 
0.314479 0.000002 0.367205 0.028277 0.151279 0.071788 0.066971 
0.019644 0.000001 0.045292 0.733228 0.019894 0.002117 0.179823 
0.172179 0.304708 0.169912 0.022311 0.242499 0.072777 0.015615 
0.035150 0.000002 0.175607 0.034926 0.014033 0.049304 0.690978 
0.010479 0.000002 0.049096 0.780589 0.006779 0.012445 0.140610 
0.051053 0.000002 0.172171 0.037604 0.037513 0.025673 0.675985 
0.212571 0.024830 0.275744 0.021530 0.076364 0.053211 0.335748 
0.163482 0.313246 0.133052 0.032908 0.215391 0.032898 0.109023 
0.023110 0.023783 0.047986 0.075085 0.127984 0.693105 0.008948 
0.087479 0.110108 0.171120 0.023924 0.115998 0.151072 0.340299 
0.240232 0.320513 0.162492 0.034331 0.201154 0.028216 0.013062 
0.051352 0.000002 0.195593 0.043989 0.027537 0.019918 0.661610 
0.238349 0.021351 0.365909 0.135306 0.125394 0.040197 0.073494 
0.125429 0.293347 0.174062 0.096287 0.146582 0.046094 0.118199 
0.261278 0.347317 0.148306 0.025285 0.202694 0.014570 0.000549 
0.252048 0.033885 0.342308 0.021681 0.143946 0.140990 0.065143 
0.117216 0.000002 0.169829 0.104414 0.122315 0.465563 0.020661 
0.111884 0.133907 0.092083 0.219051 0.162719 0.256603 0.023753 
0.000379 0.000001 0.019874 0.934349 0.005577 0.037598 0.002222 
0.002583 0.000001 0.011708 0.981259 0.000366 0.002327 0.001757 
0.044372 0.000002 0.159966 0.019941 0.152484 0.604719 0.018515 
0.005219 0.000002 0.085860 0.025174 0.118050 0.597135 0.168561 
0.055998 0.000001 0.046893 0.837067 0.030086 0.020360 0.009595 
0.050012 0.000002 0.149783 0.040335 0.029548 0.067437 0.662884 
0.016253 0.000002 0.039238 0.863070 0.017851 0.056309 0.007278 
0.093724 0.000002 0.164660 0.050209 0.022727 0.030058 0.638620 
0.027794 0.034536 0.031418 0.855381 0.021566 0.011411 0.017893 
0.015604 0.014724 0.083223 0.115576 0.137878 0.620249 0.012744 
0.266691 0.135363 0.303730 0.026664 0.165699 0.052538 0.049315 
0.066933 0.066763 0.101032 0.016692 0.183298 0.559351 0.005931 
0.051680 0.000002 0.186921 0.038874 0.036029 0.026005 0.660489 
0.243642 0.231793 0.188576 0.039053 0.235691 0.041161 0.020085 
0.117243 0.006944 0.138547 0.630866 0.054922 0.018384 0.033093 
0.174957 0.182408 0.128186 0.064144 0.202534 0.081370 0.166400 
0.017053 0.034162 0.056741 0.010726 0.150953 0.720364 0.010001 
0.041138 0.012334 0.160857 0.032678 0.021475 0.033808 0.697709 
0.006267 0.015979 0.005468 0.907764 0.003868 0.001057 0.059597 
0.007834 0.033279 0.047233 0.002782 0.136356 0.767811 0.004705 
0.001353 0.009778 0.010008 0.888263 0.012386 0.070479 0.007734 
0.140156 0.210991 0.143451 0.163892 0.217470 0.117777 0.006263 
0.218129 0.115222 0.342838 0.019216 0.158236 0.082618 0.063740 
0.015998 0.000002 0.055555 0.024751 0.159409 0.722102 0.022183 
0.095369 0.080013 0.168519 0.037601 0.077360 0.016460 0.524679 
0.029230 0.000002 0.067961 0.023534 0.141999 0.726870 0.010404 
0.063452 0.031013 0.097969 0.336582 0.086529 0.178983 0.205473 
0.251323 0.036819 0.353970 0.061639 0.155490 0.078800 0.061959 
0.015674 0.000002 0.087470 0.147069 0.100855 0.632454 0.016476 
0.200384 0.061185 0.375615 0.020598 0.164255 0.131285 0.046678 
0.050898 0.014706 0.085921 0.078658 0.067860 0.374539 0.327418 
0.124327 0.000002 0.179889 0.059344 0.055230 0.069985 0.511223 
0.002334 0.000002 0.060528 0.035205 0.131056 0.746598 0.024277 
0.177398 0.000002 0.295542 0.193764 0.125263 0.068338 0.139694 
0.231413 0.239447 0.213819 0.017327 0.210425 0.065612 0.021957 
0.210518 0.031694 0.329489 0.077929 0.095215 0.053191 0.201963 
0.007860 0.000002 0.005725 0.972830 0.002709 0.005951 0.004923 
0.224599 0.316917 0.151412 0.022245 0.211832 0.021329 0.051667 
0.139008 0.000002 0.168589 0.530179 0.086869 0.025754 0.049599 
0.206561 0.000002 0.361632 0.039718 0.170052 0.160778 0.061257 
0.021366 0.000002 0.097126 0.022199 0.093351 0.512209 0.253748 
0.247142 0.155049 0.190177 0.029129 0.186549 0.034225 0.157730 
0.110093 0.162128 0.135439 0.039257 0.213700 0.326061 0.013322 
0.039382 0.015514 0.064255 0.628676 0.012738 0.005736 0.233699 
0.205554 0.052568 0.403033 0.111025 0.092466 0.082792 0.052562 
0.047792 0.000002 0.165257 0.048666 0.023005 0.019653 0.695626 
0.215531 0.000002 0.350548 0.173581 0.111106 0.084349 0.064883 
0.003941 0.000001 0.083113 0.687579 0.017524 0.017376 0.190466 
0.190799 0.299982 0.174931 0.023716 0.204615 0.093173 0.012785 
0.191059 0.291903 0.156604 0.013459 0.277738 0.066777 0.002461 
0.054540 0.032565 0.090647 0.019743 0.149478 0.629194 0.023833 
0.092395 0.019068 0.128038 0.191972 0.125928 0.417211 0.025387 
0.023534 0.045978 0.127034 0.023479 0.032495 0.285633 0.461847 
0.285534 0.044907 0.363314 0.024862 0.183983 0.050170 0.047230 
0.007576 0.000002 0.012206 0.954811 0.004906 0.020291 0.000208 
0.057037 0.007167 0.133681 0.034742 0.027100 0.050662 0.689612 
0.025758 0.000002 0.128671 0.244882 0.015331 0.031023 0.554333 
0.278873 0.034748 0.390884 0.026815 0.140388 0.065752 0.062539 
0.281727 0.000002 0.376191 0.063000 0.138212 0.075956 0.064911 
0.029582 0.000002 0.079074 0.017116 0.137973 0.730281 0.005972 
0.069685 0.000002 0.091935 0.022598 0.122139 0.675203 0.018438 
0.149343 0.000002 0.341755 0.176264 0.100563 0.166075 0.065997 
0.024171 0.000001 0.036186 0.879527 0.011019 0.030748 0.018348 
0.203843 0.082407 0.316463 0.028676 0.127647 0.190434 0.050530 
0.058351 0.054943 0.083263 0.443165 0.052164 0.002743 0.305370 
0.151351 0.000002 0.271510 0.027176 0.152882 0.338767 0.058311 
0.033077 0.026294 0.151738 0.036465 0.029248 0.013704 0.709474 
0.272395 0.299777 0.158301 0.024509 0.231429 0.002781 0.010809 
0.006347 0.000001 0.020071 0.933527 0.011436 0.013551 0.015065 
0.201916 0.239547 0.232764 0.019650 0.258764 0.027310 0.020050 
0.077678 0.017441 0.221282 0.041784 0.033819 0.032815 0.575179 
0.280516 0.016248 0.386792 0.051420 0.150350 0.057260 0.057414 
0.017046 0.000002 0.013507 0.855685 0.018362 0.090887 0.004511 
0.227748 0.301308 0.211181 0.021194 0.192619 0.026478 0.019473 
0.049656 0.018334 0.105374 0.332904 0.018773 0.014982 0.459977 
0.235221 0.282118 0.123408 0.020444 0.218973 0.054652 0.065184 
0.061425 0.018895 0.171034 0.037934 0.026725 0.031357 0.652630 
0.200121 0.325113 0.133059 0.028157 0.232475 0.067794 0.013282 
0.011631 0.000002 0.018986 0.820392 0.030234 0.111545 0.007210 
0.246876 0.029787 0.366786 0.033811 0.122975 0.084695 0.115069 
0.054457 0.000002 0.153425 0.028755 0.013441 0.055051 0.694870 
0.240150 0.241378 0.165309 0.018511 0.272731 0.046797 0.015124 
0.035290 0.037377 0.005595 0.871286 0.029707 0.009709 0.011036 
0.104168 0.000002 0.235695 0.032226 0.160713 0.428256 0.038940 
0.129420 0.000002 0.257523 0.109066 0.113852 0.341790 0.048349 
0.019560 0.000002 0.039620 0.632749 0.055224 0.245718 0.007128 
0.040069 0.000002 0.119478 0.355707 0.012824 0.060843 0.411078 
0.016153 0.023038 0.069063 0.562445 0.007716 0.005325 0.316259 
0.030029 0.040698 0.090430 0.011208 0.099554 0.681639 0.046442 
0.056630 0.000002 0.165336 0.046675 0.009067 0.058325 0.663964 
0.096610 0.000001 0.172256 0.458781 0.113601 0.128553 0.030198 
0.155087 0.293268 0.152684 0.200054 0.142375 0.043432 0.013100 
0.033393 0.043247 0.085199 0.006354 0.142884 0.616560 0.072363 
0.001228 0.000002 0.064457 0.025649 0.138509 0.764299 0.005856 
0.176531 0.222423 0.166701 0.077690 0.201381 0.043334 0.111940 
0.093257 0.016558 0.261447 0.300648 0.097479 0.210362 0.020248 
0.233536 0.301349 0.145468 0.014625 0.274726 0.013226 0.017070 
0.153237 0.197427 0.153165 0.054187 0.167155 0.021659 0.253171 
0.221152 0.243978 0.143990 0.031690 0.234471 0.078328 0.046391 
0.002268 0.000002 0.068044 0.015036 0.171839 0.729226 0.013584 
0.024198 0.000002 0.090975 0.014960 0.097465 0.618951 0.153449 
0.081256 0.006931 0.201548 0.035069 0.017891 0.026411 0.630894 
0.037664 0.000002 0.110460 0.018368 0.138897 0.672642 0.021967 
0.039116 0.000002 0.142000 0.036550 0.034330 0.045694 0.702308 
0.032257 0.000002 0.133288 0.082191 0.044046 0.181646 0.526571 
0.014058 0.000002 0.089111 0.023787 0.129802 0.678839 0.064399 
0.008309 0.000002 0.075890 0.019410 0.121747 0.722439 0.052203 
0.204793 0.207845 0.196390 0.113531 0.198520 0.065912 0.013009 
0.243331 0.052377 0.421953 0.031219 0.148168 0.041406 0.061546 
0.097644 0.000002 0.163351 0.588472 0.057340 0.043906 0.049286 
0.036541 0.021827 0.159153 0.026003 0.029281 0.187530 0.539666 
0.067064 0.000002 0.115021 0.035129 0.041400 0.020518 0.720867 
0.207420 0.323052 0.153055 0.039261 0.218168 0.047790 0.011255 
0.129912 0.120701 0.179293 0.024753 0.109126 0.026068 0.410147 
0.014618 0.000001 0.008507 0.965774 0.004069 0.001095 0.005936 
0.247283 0.033329 0.404459 0.030356 0.142771 0.081337 0.060465 
0.066914 0.062886 0.077551 0.004741 0.135114 0.640837 0.011957 
0.249488 0.043468 0.389190 0.043377 0.121563 0.071391 0.081523 
0.021346 0.000002 0.174311 0.023242 0.029942 0.031816 0.719342 
0.036430 0.000002 0.067130 0.303988 0.075976 0.374138 0.142336 
0.229128 0.046594 0.402307 0.040132 0.144699 0.065012 0.072129 
0.056879 0.000002 0.144047 0.140868 0.023232 0.030277 0.604696 
0.263699 0.070092 0.320498 0.033866 0.147762 0.086090 0.077994 
0.130272 0.132216 0.133987 0.007929 0.188207 0.393824 0.013565 
0.088564 0.000002 0.144167 0.010717 0.112286 0.598546 0.045717 
0.011648 0.000002 0.076202 0.029182 0.143502 0.726796 0.012668 
0.051166 0.000002 0.172157 0.050499 0.031952 0.034184 0.660040 
0.083983 0.018930 0.245913 0.031929 0.047181 0.041620 0.530445 
0.039208 0.000002 0.140844 0.042745 0.062300 0.171358 0.543542 
0.167870 0.050269 0.150945 0.438670 0.111163 0.048795 0.032288 
0.258883 0.040201 0.425628 0.019464 0.133693 0.047757 0.074375 
0.028065 0.000002 0.089703 0.061431 0.162840 0.638487 0.019472 
0.296532 0.029147 0.371800 0.029797 0.149394 0.071535 0.051796 
0.247272 0.261541 0.148077 0.046612 0.242541 0.047728 0.006229 
0.015558 0.000002 0.062862 0.031301 0.150863 0.726675 0.012739 
0.017303 0.022993 0.147003 0.124832 0.019126 0.097422 0.571320 
0.027992 0.000002 0.080362 0.009918 0.120755 0.742555 0.018417 
0.186474 0.000002 0.340641 0.027977 0.106425 0.093080 0.245400 
0.012476 0.000002 0.077834 0.626009 0.008790 0.022763 0.252126 
0.226705 0.288855 0.166072 0.019217 0.219478 0.039970 0.039703 
0.115679 0.000002 0.226581 0.528686 0.061767 0.020116 0.047169 
0.223150 0.000002 0.354656 0.155393 0.127443 0.086299 0.053057 
0.000305 0.000002 0.005899 0.984877 0.000250 0.007270 0.001397 
0.137093 0.171551 0.105578 0.424902 0.142989 0.010689 0.007199 
0.001963 0.000002 0.065401 0.012171 0.125694 0.781055 0.013715 
0.218852 0.288567 0.169143 0.054399 0.250787 0.005383 0.012870 
0.023053 0.000002 0.069569 0.016987 0.132607 0.749759 0.008022 
0.187635 0.046001 0.379266 0.028122 0.141378 0.055953 0.161644 
0.046716 0.000002 0.095915 0.793226 0.031502 0.021390 0.011251 
0.007185 0.000001 0.002774 0.970163 0.002861 0.011180 0.005835 
0.283141 0.000002 0.392072 0.030584 0.126044 0.087384 0.080772 
0.058749 0.000002 0.186032 0.030198 0.031564 0.022104 0.671350 
0.059242 0.000002 0.189574 0.038319 0.017106 0.045207 0.650550 
0.186186 0.289212 0.170933 0.056014 0.234215 0.051399 0.012041 
0.197711 0.000002 0.288061 0.325752 0.096093 0.050582 0.041798 
0.062786 0.097068 0.179097 0.012096 0.083731 0.036532 0.528691 
0.134577 0.196999 0.162009 0.034694 0.195145 0.076376 0.200199 
0.240420 0.073355 0.337091 0.024744 0.167153 0.086530 0.070706 
0.232804 0.038495 0.396091 0.040168 0.139202 0.106365 0.046874 
0.035048 0.042378 0.005761 0.861134 0.037840 0.017335 0.000505 
0.251421 0.038380 0.314029 0.027548 0.175004 0.056862 0.136757 
0.207904 0.261714 0.205190 0.015166 0.248039 0.038580 0.023408 
0.043682 0.072009 0.162151 0.029688 0.071921 0.041072 0.579477 
0.242389 0.000002 0.345613 0.045466 0.171580 0.115656 0.079293 
0.193916 0.038674 0.313299 0.023745 0.156218 0.214329 0.059819 
0.199046 0.028001 0.365547 0.021259 0.107631 0.225561 0.052955 
0.014500 0.000002 0.058565 0.699655 0.014824 0.008147 0.204307 
0.256943 0.000002 0.367690 0.092978 0.098921 0.056072 0.127395 
0.022824 0.009013 0.083772 0.744690 0.032958 0.089827 0.016917 
0.004496 0.000003 0.083187 0.012295 0.143098 0.748815 0.008108 
0.131718 0.000002 0.230027 0.047645 0.071054 0.049884 0.469669 
0.264938 0.029360 0.382252 0.041059 0.138091 0.085818 0.058482 
0.000491 0.000002 0.044170 0.782546 0.011321 0.014178 0.147292 
0.097955 0.099281 0.049564 0.631515 0.091448 0.029823 0.000414 
0.283019 0.011681 0.353013 0.027524 0.146440 0.102567 0.075757 
0.043092 0.000002 0.128284 0.038458 0.147615 0.626352 0.016196 
0.228975 0.018076 0.421273 0.043331 0.136154 0.091626 0.060565 
0.034851 0.027242 0.055692 0.008720 0.120190 0.686595 0.066711 
0.233875 0.049916 0.384167 0.033663 0.141023 0.074377 0.082980 
0.192263 0.244059 0.140689 0.035361 0.230448 0.148435 0.008745 
0.027984 0.017631 0.180661 0.031983 0.016049 0.048555 0.677137 
0.040320 0.075167 0.056921 0.020717 0.124948 0.669177 0.012750 
0.130604 0.010167 0.154755 0.597700 0.067689 0.030775 0.008310 
0.070391 0.000002 0.148610 0.031282 0.032269 0.043305 0.674141 
0.199984 0.328600 0.157400 0.021657 0.211384 0.073907 0.007067 
0.226221 0.000002 0.407590 0.031997 0.169257 0.064586 0.100346 
0.007190 0.000002 0.009390 0.969172 0.004927 0.005636 0.003682 
0.063230 0.000001 0.145411 0.446355 0.081388 0.219664 0.043951 
0.067159 0.000002 0.095506 0.678522 0.042526 0.094156 0.022130 
0.012980 0.000002 0.027692 0.802826 0.022399 0.088255 0.045846 
0.047560 0.027604 0.159537 0.037804 0.009712 0.036122 0.681660 
0.271508 0.000002 0.373271 0.037040 0.142383 0.102279 0.073517 
0.029340 0.009083 0.161781 0.036292 0.032229 0.043628 0.687646 
0.028901 0.000002 0.033262 0.813557 0.012824 0.001919 0.109536 
0.027369 0.000002 0.077724 0.833376 0.031658 0.012567 0.017305 
0.015623 0.000002 0.098856 0.206585 0.075988 0.304373 0.298573 
0.034394 0.000001 0.122363 0.254140 0.019105 0.054485 0.515512 
0.252684 0.306681 0.147802 0.019474 0.225081 0.039073 0.009204 
0.017641 0.000002 0.042746 0.340579 0.108863 0.479639 0.010530 
0.001141 0.000002 0.069430 0.014502 0.126415 0.769452 0.019058 
0.061384 0.000002 0.117190 0.189198 0.014515 0.041501 0.576210 
0.041648 0.020246 0.145012 0.023937 0.059272 0.191707 0.518177 
0.019103 0.000002 0.007977 0.856247 0.042965 0.070642 0.003064 
0.019310 0.000002 0.035266 0.923911 0.008148 0.012962 0.000401 
0.257269 0.258707 0.223380 0.021009 0.189894 0.014290 0.035450 
0.000354 0.000001 0.011982 0.976139 0.002102 0.008865 0.000557 
0.149552 0.191571 0.098048 0.012463 0.190170 0.348538 0.009658 
0.282645 0.000002 0.407948 0.029135 0.145869 0.058395 0.076005 
0.266932 0.021896 0.391633 0.031175 0.114052 0.079493 0.094819 
0.281555 0.061382 0.364877 0.018141 0.161787 0.057662 0.054596 
0.193275 0.118293 0.222198 0.014737 0.140389 0.263612 0.047496 
0.273733 0.251241 0.154162 0.023959 0.215205 0.062661 0.019038 
0.228640 0.277801 0.177412 0.031595 0.228727 0.037097 0.018728 
0.018989 0.000002 0.036561 0.787900 0.004063 0.007628 0.144858 
0.220062 0.295575 0.191882 0.020795 0.229991 0.029683 0.012013 
0.037698 0.014817 0.130436 0.040050 0.031489 0.033322 0.712188 
0.007874 0.000002 0.013458 0.887337 0.019766 0.070683 0.000880 
0.127282 0.128367 0.166600 0.034935 0.116476 0.025827 0.400513 
0.066109 0.000002 0.079901 0.023380 0.170746 0.646940 0.012921 
0.055874 0.022747 0.151839 0.029463 0.049028 0.091738 0.599311 
0.088802 0.022756 0.103637 0.137638 0.077920 0.041954 0.527293 
0.171093 0.000002 0.215326 0.443877 0.080593 0.047631 0.041477 
0.021907 0.010128 0.045016 0.441144 0.062342 0.410360 0.009103 
0.250076 0.018078 0.388603 0.020093 0.149550 0.102156 0.071444 
0.195064 0.303763 0.156332 0.010778 0.255215 0.066863 0.011985 
0.260559 0.031746 0.400136 0.028687 0.146007 0.068976 0.063888 
0.004204 0.008201 0.017548 0.922390 0.005928 0.008329 0.033402 
0.135525 0.207030 0.159323 0.019514 0.252198 0.174341 0.052070 
0.002664 0.000002 0.010798 0.975893 0.000497 0.004826 0.005319 
0.193039 0.035576 0.415967 0.115847 0.092092 0.080064 0.067416 
0.099022 0.170018 0.103686 0.472687 0.120596 0.023374 0.010618 
0.036301 0.055194 0.142324 0.020001 0.095946 0.548415 0.101819 
0.084099 0.144668 0.070892 0.576809 0.081189 0.025110 0.017233 
0.223593 0.134499 0.290979 0.072123 0.191039 0.025570 0.062197 
0.025054 0.010399 0.159854 0.053692 0.021917 0.045645 0.683439 
0.015917 0.000002 0.083344 0.021617 0.152292 0.706409 0.020418 
0.028372 0.000002 0.216772 0.049722 0.033007 0.014719 0.657406 
0.014548 0.000002 0.050161 0.010930 0.120488 0.789477 0.014394 
0.024500 0.000002 0.105392 0.022038 0.136930 0.671425 0.039712 
0.018602 0.000002 0.007808 0.860665 0.021638 0.082039 0.009247 
0.029342 0.000002 0.167083 0.029890 0.026719 0.052727 0.694238 
0.029144 0.000002 0.162157 0.055141 0.043900 0.026932 0.682723 
0.061472 0.000002 0.123056 0.350775 0.018904 0.027358 0.418433 
0.002498 0.002781 0.003558 0.982884 0.000136 0.002508 0.005635 
0.212434 0.032966 0.352504 0.025608 0.104455 0.075952 0.196081 
0.003707 0.000002 0.012966 0.962419 0.005363 0.010796 0.004746 
0.087546 0.131164 0.121754 0.021359 0.146793 0.468806 0.022579 
0.032567 0.000002 0.120039 0.020181 0.099443 0.696319 0.031449 
0.153805 0.000002 0.260427 0.424901 0.108822 0.010359 0.041684 
0.085878 0.026093 0.130340 0.468286 0.090556 0.176750 0.022097 
0.070452 0.000001 0.142253 0.559022 0.067445 0.136063 0.024763 
0.087551 0.134508 0.078050 0.011755 0.204425 0.479731 0.003981 
0.029285 0.000001 0.074554 0.580413 0.012983 0.039187 0.263577 
0.065352 0.000002 0.181622 0.086223 0.045978 0.038741 0.582082 
0.038811 0.000001 0.159913 0.033309 0.030209 0.040538 0.697218 
0.257070 0.000002 0.358348 0.110540 0.127713 0.074629 0.071699 
0.020562 0.000002 0.074136 0.018014 0.158588 0.719283 0.009415 
0.195632 0.102626 0.160464 0.267205 0.157617 0.060997 0.055459 
0.050281 0.000002 0.143348 0.061073 0.026406 0.044331 0.674560 
0.291620 0.000002 0.397668 0.034308 0.131809 0.073463 0.071130 
0.193732 0.029250 0.353556 0.027725 0.111240 0.236284 0.048213 
0.149298 0.000002 0.319837 0.027562 0.073592 0.040336 0.389373 
0.035284 0.000002 0.143062 0.020356 0.083929 0.324677 0.392690 
0.077816 0.000002 0.123706 0.059201 0.015885 0.032555 0.690834 
0.024591 0.030609 0.112464 0.003978 0.071998 0.620979 0.135380 
0.052839 0.047033 0.081809 0.014385 0.153274 0.631210 0.019450 
0.025267 0.000002 0.048513 0.453427 0.058479 0.267979 0.146333 
0.042006 0.000001 0.039243 0.884763 0.015820 0.007722 0.010446 
0.055431 0.000002 0.106267 0.019442 0.156393 0.653967 0.008498 
0.034572 0.000002 0.175197 0.041020 0.015367 0.079071 0.654771 
0.030835 0.015106 0.054314 0.026096 0.123239 0.708233 0.042177 
0.108855 0.069888 0.169883 0.023751 0.056013 0.090780 0.480830 
0.277979 0.000002 0.366254 0.028386 0.118557 0.070129 0.138693 
0.188327 0.036797 0.283409 0.330650 0.079844 0.028079 0.052895 
0.018724 0.011017 0.034993 0.898450 0.005894 0.000828 0.030095 
0.000446 0.000003 0.014538 0.971930 0.008918 0.003621 0.000544 
0.048694 0.020092 0.064821 0.834534 0.012007 0.016482 0.003371 
0.179657 0.041404 0.186944 0.411227 0.093575 0.040928 0.046264 
0.247188 0.000002 0.397090 0.033657 0.177817 0.083643 0.060604 
0.209557 0.000002 0.313188 0.038163 0.070061 0.083767 0.285262 
0.012239 0.029336 0.029413 0.906006 0.008236 0.009973 0.004796 
0.198987 0.100062 0.235599 0.141284 0.153900 0.096949 0.073218 
0.246056 0.096980 0.283397 0.018243 0.185075 0.126913 0.043337 
0.000873 0.000002 0.084519 0.083386 0.122949 0.700415 0.007856 
0.001055 0.000001 0.010146 0.955060 0.005335 0.003007 0.025395 
0.006774 0.000002 0.006613 0.961064 0.000117 0.004313 0.021117 
0.223668 0.021849 0.443610 0.023437 0.146454 0.092622 0.048361 
0.015672 0.000002 0.023501 0.941418 0.004719 0.001455 0.013233 
0.224922 0.267637 0.168908 0.096949 0.209398 0.013364 0.018822 
0.238839 0.000002 0.425770 0.041329 0.137788 0.088242 0.068029 
0.035350 0.017941 0.123515 0.319540 0.029098 0.045500 0.429055 
0.000143 0.000002 0.008838 0.984992 0.001459 0.000220 0.004345 
0.252175 0.231252 0.173703 0.018833 0.230612 0.062745 0.030679 
0.293236 0.065216 0.359909 0.072651 0.102592 0.048272 0.058124 
0.019815 0.000002 0.121472 0.365641 0.027324 0.034754 0.430992 
0.087752 0.028359 0.137287 0.670850 0.037005 0.016573 0.022175 
0.029210 0.000002 0.121728 0.049908 0.101387 0.379815 0.317950 
0.240782 0.049140 0.396999 0.024424 0.096240 0.056316 0.136099 
0.177862 0.314437 0.197128 0.020561 0.242541 0.047196 0.000275 
0.261562 0.061431 0.230596 0.026792 0.204620 0.176496 0.038503 
0.179846 0.038376 0.226848 0.274852 0.071886 0.029843 0.178348 
0.188962 0.266005 0.160114 0.015731 0.220013 0.143067 0.006108 
0.029562 0.000002 0.229017 0.073561 0.023610 0.026420 0.617828 
0.275163 0.000002 0.364166 0.035440 0.152806 0.087818 0.084604 
0.203258 0.041060 0.360585 0.016387 0.164851 0.157006 0.056854 
0.226650 0.060428 0.405824 0.033136 0.120349 0.070304 0.083309 
0.208407 0.323720 0.167039 0.039103 0.207216 0.045198 0.009317 
0.001584 0.000002 0.070813 0.013630 0.144194 0.761136 0.008640 
0.033093 0.068421 0.087774 0.016986 0.156052 0.621539 0.016135 
0.030816 0.000003 0.058544 0.017118 0.139826 0.746641 0.007052 
0.203974 0.260360 0.149702 0.029661 0.254706 0.036778 0.064819 
0.078690 0.000002 0.128108 0.700547 0.040961 0.031945 0.019747 
0.060708 0.000002 0.124685 0.099265 0.041516 0.071385 0.602439 
0.025682 0.014568 0.138673 0.181542 0.016350 0.030100 0.593085 
0.163240 0.319282 0.182207 0.022610 0.239267 0.053865 0.019528 
0.008538 0.000002 0.008171 0.964762 0.006124 0.007219 0.005184 
0.015947 0.000002 0.017966 0.947642 0.000277 0.009983 0.008184 
0.025767 0.005670 0.163165 0.033688 0.036174 0.044122 0.691414 
0.189822 0.000002 0.337802 0.046678 0.162744 0.205704 0.057249 
0.225900 0.037423 0.388634 0.027259 0.120843 0.057755 0.142184 
0.044698 0.000002 0.159380 0.022526 0.030962 0.058674 0.683757 
0.146717 0.000002 0.291382 0.042988 0.078630 0.058045 0.382237 
0.168491 0.007336 0.241978 0.025667 0.120130 0.262043 0.174354 
0.293213 0.022289 0.410701 0.026371 0.131394 0.058224 0.057808 
0.034724 0.000002 0.163891 0.086234 0.018735 0.029487 0.666927 
0.121015 0.118304 0.144541 0.017854 0.141290 0.221528 0.235468 
0.064054 0.000002 0.150956 0.041161 0.023105 0.027253 0.693470 
0.044322 0.026032 0.213251 0.022267 0.022473 0.014024 0.657630 
0.269729 0.000002 0.425703 0.040924 0.113389 0.094877 0.055377 
0.118886 0.021392 0.240920 0.027794 0.041437 0.052351 0.497219 
0.107671 0.101405 0.148206 0.401543 0.114248 0.110264 0.016663 
0.201328 0.285271 0.165990 0.021172 0.280005 0.038518 0.007715 
0.003793 0.000002 0.007731 0.931426 0.020103 0.036254 0.000692 
0.015566 0.000002 0.069415 0.028676 0.144437 0.728943 0.012961 
0.109757 0.123350 0.086555 0.505256 0.152174 0.015785 0.007122 
0.031383 0.000002 0.077355 0.015581 0.132986 0.734064 0.008629 
0.021193 0.000002 0.064352 0.006207 0.116648 0.785201 0.006397 
0.000644 0.000002 0.050765 0.013605 0.098062 0.828010 0.008912 
0.025445 0.029689 0.177303 0.089741 0.005895 0.023150 0.648777 
0.008450 0.000002 0.024636 0.954317 0.003194 0.004014 0.005388 
0.160349 0.185747 0.187050 0.053248 0.162030 0.057896 0.193680 
0.227229 0.039941 0.405662 0.023617 0.135763 0.093640 0.074147 
0.255083 0.000002 0.434706 0.021582 0.099572 0.115162 0.073895 
0.283572 0.033688 0.351158 0.047469 0.138434 0.069542 0.076137 
0.055024 0.000002 0.190739 0.036990 0.017559 0.046650 0.653036 
0.233680 0.249563 0.147568 0.128292 0.199869 0.031450 0.009577 
0.007212 0.000002 0.086369 0.012804 0.138069 0.736530 0.019013 
0.245582 0.206894 0.141349 0.030664 0.263337 0.100453 0.011720 
0.054409 0.000002 0.195418 0.032389 0.017422 0.030136 0.670223 
0.032581 0.018756 0.187633 0.048421 0.018777 0.050157 0.643677 
0.209010 0.000002 0.269524 0.326074 0.101481 0.047504 0.046404 
0.001291 0.000002 0.013459 0.966301 0.003666 0.009051 0.006231 
0.089139 0.000002 0.185254 0.019365 0.113793 0.569322 0.023125 
0.031777 0.018975 0.173566 0.026194 0.021821 0.062612 0.665054 
0.240117 0.243037 0.175239 0.022928 0.255959 0.050841 0.011880 
0.048477 0.000002 0.185479 0.043070 0.023795 0.040776 0.658401 
0.228014 0.000002 0.413219 0.038915 0.139739 0.118958 0.061153 
0.003559 0.000002 0.069710 0.215422 0.107780 0.597528 0.005999 
0.164484 0.244880 0.171974 0.042203 0.152867 0.066116 0.157476 
0.036414 0.011479 0.048797 0.644097 0.002470 0.034070 0.222673 
0.057872 0.000002 0.125784 0.034520 0.105079 0.662888 0.013856 
0.298762 0.091700 0.316052 0.080265 0.136757 0.032264 0.044200 
0.171271 0.292111 0.194172 0.021939 0.250870 0.059366 0.010271 
0.259493 0.048151 0.381667 0.034972 0.130107 0.081196 0.064414 
0.191461 0.277547 0.147052 0.019628 0.249665 0.114155 0.000492 
0.039900 0.033168 0.164801 0.134183 0.009016 0.008335 0.610597 
0.225352 0.000002 0.388438 0.036503 0.158141 0.075206 0.116358 
0.199169 0.265939 0.209357 0.024898 0.201859 0.078071 0.020707 
0.213754 0.000002 0.350089 0.033964 0.133191 0.119169 0.149832 
0.225145 0.285380 0.200206 0.033929 0.236586 0.007053 0.011701 
0.002070 0.000001 0.041417 0.620422 0.062572 0.263777 0.009741 
0.219589 0.027310 0.402822 0.069818 0.165374 0.060027 0.055061 
0.219412 0.000002 0.440970 0.027728 0.148900 0.076691 0.086297 
0.024768 0.000002 0.071650 0.027239 0.119063 0.738623 0.018655 
0.267499 0.045282 0.378084 0.024821 0.128088 0.092467 0.063759 
0.019513 0.000002 0.016146 0.946306 0.005970 0.004001 0.008063 
0.000318 0.000001 0.003720 0.984410 0.002483 0.001293 0.007775 
0.010241 0.000002 0.052170 0.517360 0.066589 0.292129 0.061510 
0.047298 0.060420 0.095123 0.262298 0.124067 0.399638 0.011155 
0.002651 0.000002 0.080856 0.010457 0.151902 0.741535 0.012598 
0.026322 0.025965 0.168263 0.052733 0.012775 0.015609 0.698332 
0.015658 0.040127 0.058595 0.011417 0.129328 0.720676 0.024199 
0.060763 0.000001 0.135114 0.036632 0.021743 0.035370 0.710378 
0.090391 0.023771 0.181380 0.337852 0.080635 0.027678 0.258295 
0.144362 0.052822 0.188215 0.401044 0.118293 0.075939 0.019324 
0.001056 0.000002 0.069940 0.006949 0.142041 0.771909 0.008104 
0.024571 0.000002 0.090551 0.027146 0.147995 0.697492 0.012242 
0.073703 0.084671 0.040217 0.738855 0.060045 0.002182 0.000328 
0.211023 0.271462 0.172437 0.025476 0.246482 0.067022 0.006099 
0.053850 0.000002 0.178284 0.030660 0.026497 0.060929 0.649778 
0.087095 0.073986 0.151794 0.045055 0.049409 0.038536 0.554124 
0.117329 0.022540 0.297496 0.056628 0.089783 0.043765 0.372460 
0.249046 0.287734 0.164965 0.017965 0.239538 0.024892 0.015860 
0.007636 0.000002 0.010262 0.966220 0.003741 0.001067 0.011073 
0.003817 0.010547 0.006784 0.964257 0.000769 0.005658 0.008168 
0.084237 0.029333 0.123657 0.044727 0.050849 0.162762 0.504434 
0.072756 0.000002 0.139023 0.016508 0.047816 0.053079 0.670817 
0.020396 0.021605 0.067687 0.645268 0.004704 0.001981 0.238359 
0.249612 0.122083 0.274808 0.026404 0.177580 0.060478 0.089034 
0.002409 0.000002 0.085044 0.015370 0.139792 0.746083 0.011300 
0.053969 0.053822 0.047244 0.754236 0.061880 0.018367 0.010483 
0.179579 0.227535 0.121038 0.246922 0.151545 0.063706 0.009675 
0.003022 0.000002 0.075499 0.020957 0.114681 0.714427 0.071411 
0.014164 0.000001 0.081810 0.483599 0.026484 0.064550 0.329392 
0.200408 0.300754 0.172903 0.032485 0.252284 0.031513 0.009654 
0.013348 0.007127 0.098249 0.011330 0.131701 0.723770 0.014476 
0.016430 0.000002 0.072733 0.069578 0.150967 0.678579 0.011711 
0.058434 0.018874 0.146480 0.039113 0.008484 0.052981 0.675635 
0.060862 0.000002 0.157467 0.013007 0.144625 0.602991 0.021045 
0.118089 0.000002 0.203559 0.030030 0.054118 0.041767 0.552434 
0.005434 0.000002 0.078889 0.013902 0.135498 0.755056 0.011220 
0.000392 0.005697 0.006065 0.975932 0.007174 0.002747 0.001993 
0.233077 0.110722 0.336482 0.026605 0.199724 0.054032 0.039358 
0.000740 0.000001 0.091811 0.015910 0.134529 0.728494 0.028514 
0.015385 0.000002 0.014695 0.853804 0.009199 0.006689 0.100226 
0.240124 0.000002 0.388786 0.032950 0.149885 0.051873 0.136380 
0.055632 0.019844 0.148467 0.028133 0.046918 0.099377 0.601629 
0.095912 0.000002 0.114126 0.573388 0.030910 0.023232 0.162431 
0.010337 0.000001 0.012279 0.962110 0.000459 0.005236 0.009579 
0.246855 0.000002 0.339126 0.120305 0.148500 0.078733 0.066479 
0.117001 0.000002 0.257731 0.032069 0.082564 0.170072 0.340561 
0.100559 0.094242 0.126657 0.026146 0.059834 0.036909 0.555653 
0.269441 0.041870 0.372244 0.038555 0.114586 0.073198 0.090107 
0.221821 0.053280 0.421543 0.027794 0.143993 0.074392 0.057176 
0.220898 0.050748 0.397087 0.029198 0.117018 0.050707 0.134343 
0.048653 0.037209 0.149695 0.041873 0.039722 0.053108 0.629739 
0.180796 0.131390 0.143220 0.403363 0.090521 0.015197 0.035512 
0.206761 0.060391 0.246088 0.302107 0.075541 0.035964 0.073149 
0.018166 0.000002 0.013588 0.954117 0.006271 0.003460 0.004395 
0.022511 0.000002 0.148254 0.225282 0.013176 0.052337 0.538439 
0.209279 0.213314 0.210474 0.026143 0.227003 0.090830 0.022957 
0.032222 0.000002 0.163253 0.035577 0.020460 0.034159 0.714328 
0.230357 0.313267 0.165332 0.015008 0.216831 0.038625 0.020582 
0.011066 0.023914 0.072931 0.027529 0.093839 0.561169 0.209553 
0.263109 0.084967 0.320406 0.029828 0.165838 0.058555 0.077297 
0.055775 0.008831 0.178491 0.045897 0.020365 0.028960 0.661681 
0.204303 0.222493 0.188206 0.015389 0.195619 0.045418 0.128573 
0.022773 0.000002 0.101536 0.028816 0.065919 0.451517 0.329437 
0.053790 0.000002 0.140691 0.036216 0.059162 0.145189 0.564950 
0.258049 0.039864 0.403457 0.027593 0.128274 0.079558 0.063205 
0.185950 0.030356 0.354734 0.030857 0.131214 0.210636 0.056253 
0.003033 0.000001 0.023121 0.967683 0.004136 0.001574 0.000451 
0.037312 0.017506 0.138112 0.030233 0.011388 0.057392 0.708057 
0.213192 0.273112 0.117836 0.018724 0.182793 0.050328 0.144014 
0.231630 0.016689 0.368964 0.025367 0.131914 0.059837 0.165600 
0.018846 0.000002 0.068744 0.012971 0.137780 0.746464 0.015192 
0.134179 0.293140 0.172568 0.032634 0.206310 0.055683 0.105485 
0.011118 0.000002 0.012838 0.966468 0.000934 0.001378 0.007261 
0.001700 0.000002 0.072479 0.046978 0.125449 0.741889 0.011502 
0.209657 0.327613 0.150431 0.016175 0.239832 0.044789 0.011503 
0.250099 0.055448 0.388814 0.022844 0.123662 0.054611 0.104523 
0.588508 0.163532 0.863643 0.64868 0.620829 0.632556 0.56854 
