-1926411.927152
0
0.025366 0.023813 0.000000 0.025806 0.047091 0.021427 0.007102 0.041120 0.000565 0.006316 0.000000 0.023318 0.010334 0.012785 0.004947 0.010393 0.000000 0.010186 0.000000 0.000000 0.000000 0.000000 0.000000 0.000000 0.019180 0.011205 0.000000 0.015440 0.031567 0.026236 0.000000 0.052293 0.000312 0.000400 0.000000 0.000005 0.013861 0.010460 0.009855 0.029714 0.005472 0.017620 0.000000 0.012915 0.000000 0.010440 0.017804 0.006231 0.000000 0.006173 0.000000 0.000000 0.022730 0.001908 0.001249 0.037498 0.013506 0.000001 0.000000 0.005366 0.004079 0.015450 0.009564 0.010337 0.000000 0.005965 0.000000 0.000000 0.000000 0.009048 0.038410 0.000000 0.002223 0.015720 0.000000 0.012211 0.031293 0.036780 0.000000 0.069752 0.000000 0.000034 0.000000 0.004227 0.009709 0.015988 0.007086 0.025329 0.000000 0.000000 0.002767 0.000000 0.000000 0.000000 0.024020 0.000000 
0.040604 0.035504 0.021324 0.027953 0.009044 0.004775 0.003406 0.003450 0.010931 0.006853 0.000000 0.003197 0.004119 0.002618 0.008999 0.000000 0.003383 0.000000 0.003148 0.000000 0.000000 0.000000 0.000000 0.000000 0.054068 0.069384 0.009687 0.051372 0.010623 0.009674 0.012435 0.009042 0.021870 0.013377 0.007189 0.020375 0.007718 0.012405 0.039915 0.010807 0.003224 0.000513 0.008239 0.000000 0.000000 0.000478 0.003693 0.000000 0.043733 0.046767 0.024794 0.029448 0.007420 0.010781 0.007950 0.005386 0.006624 0.006318 0.000000 0.005840 0.006413 0.006495 0.014382 0.004441 0.003677 0.000000 0.002076 0.000000 0.000000 0.000000 0.000000 0.000000 0.037496 0.062525 0.011125 0.041023 0.001917 0.010329 0.003589 0.003010 0.000000 0.003648 0.000000 0.006629 0.003145 0.004146 0.007857 0.002279 0.000000 0.000000 0.001484 0.000000 0.000000 0.000000 0.001858 0.000000 
0.021031 0.012587 0.000000 0.000000 0.000000 0.000000 0.012710 0.013343 0.065766 0.008799 0.000000 0.000002 0.000000 0.000000 0.000000 0.000000 0.000000 0.000000 0.000000 0.053831 0.026044 0.006827 0.054617 0.047288 0.010596 0.000000 0.000000 0.000000 0.000000 0.000000 0.000000 0.000000 0.029087 0.005652 0.000000 0.043441 0.000833 0.042357 0.000000 0.000000 0.000000 0.021711 0.002277 0.000000 0.015081 0.000000 0.000000 0.017032 0.000000 0.000000 0.000000 0.038258 0.000000 0.046146 0.000000 0.000000 0.026206 0.007811 0.000000 0.000002 0.000000 0.000000 0.000000 0.015607 0.000000 0.000000 0.003718 0.009246 0.017936 0.000000 0.000000 0.035579 0.004791 0.000004 0.000000 0.001216 0.000000 0.006109 0.014060 0.000000 0.000000 0.043997 0.000000 0.002714 0.000000 0.000000 0.000000 0.006947 0.019362 0.042197 0.000000 0.031842 0.029127 0.032367 0.000000 0.053850 
0.011045 0.009785 0.001472 0.006271 0.000000 0.001147 0.000000 0.000000 0.032874 0.013999 0.232115 0.012138 0.002180 0.001250 0.000000 0.007981 0.006901 0.003833 0.003278 0.001893 0.000000 0.000000 0.000000 0.000000 0.006410 0.006556 0.000251 0.006467 0.000000 0.000000 0.000000 0.000000 0.018235 0.019686 0.132949 0.015678 0.000000 0.000000 0.000000 0.000000 0.000000 0.002237 0.002761 0.002332 0.000000 0.001845 0.000000 0.000000 0.007999 0.005103 0.000000 0.000000 0.000000 0.000000 0.000000 0.000000 0.026595 0.031266 0.144364 0.017086 0.000000 0.000000 0.000000 0.000864 0.010055 0.006262 0.001711 0.008570 0.000000 0.000000 0.000000 0.000000 0.010407 0.012047 0.002272 0.014429 0.000374 0.000000 0.000000 0.000000 0.000000 0.012871 0.098493 0.005210 0.004806 0.000608 0.000000 0.001924 0.004504 0.000000 0.007456 0.000000 0.000000 0.000000 0.001154 0.000000 
0.000312 0.000001 0.000000 0.000000 0.000000 0.000000 0.000000 0.000000 0.007124 0.002179 0.002552 0.003526 0.000000 0.000000 0.000000 0.000000 0.000000 0.000089 0.000000 0.000943 0.000000 0.000000 0.000000 0.000000 0.000001 0.000000 0.000000 0.000000 0.000000 0.000000 0.000000 0.000000 0.014384 0.002504 0.004830 0.008549 0.000000 0.000000 0.000000 0.000000 0.000000 0.000000 0.000000 0.000000 0.000000 0.000000 0.000000 0.000000 0.000000 0.000000 0.000000 0.000000 0.000000 0.000000 0.000000 0.000000 0.006192 0.001454 0.000000 0.002766 0.000000 0.000000 0.000000 0.000000 0.000000 0.000000 0.000000 0.000000 0.000000 0.000000 0.000000 0.000000 0.015157 0.006108 0.001639 0.011581 0.038840 0.000000 0.000000 0.068518 0.434656 0.083331 0.047312 0.235449 0.000000 0.000000 0.000000 0.000000 0.000000 0.000000 0.000000 0.000000 0.000000 0.000000 0.000000 0.000000 
0.010315 0.002785 0.000000 0.006314 0.012011 0.008455 0.000000 0.010869 0.018234 0.016106 0.000000 0.021073 0.012281 0.009124 0.016678 0.016664 0.055696 0.020854 0.046180 0.035508 0.000000 0.003342 0.000000 0.000000 0.001739 0.000000 0.002356 0.006077 0.005531 0.006477 0.000000 0.006472 0.026642 0.022741 0.000000 0.019644 0.004762 0.000000 0.008086 0.010971 0.021634 0.014653 0.028611 0.031214 0.000000 0.004123 0.008800 0.013541 0.011534 0.006165 0.000000 0.006976 0.004867 0.000000 0.000000 0.004241 0.021147 0.022300 0.000000 0.028857 0.007853 0.000000 0.007750 0.003448 0.024877 0.013625 0.020978 0.021753 0.000000 0.000000 0.004525 0.000000 0.014627 0.004736 0.003373 0.019099 0.000000 0.006306 0.000000 0.000000 0.000000 0.020814 0.000000 0.006547 0.012027 0.007773 0.008909 0.011732 0.023270 0.016113 0.019436 0.023839 0.002860 0.002662 0.006218 0.012204 
0.005122 0.570010 0.022047 0.166619 0.130807 0.105395 
0.012439 0.016753 0.016616 0.000266 0.937364 0.016562 
0.314324 0.114867 0.125895 0.040169 0.030106 0.374639 
0.006026 0.037654 0.035300 0.734863 0.042267 0.143890 
0.333784 0.112915 0.129494 0.169433 0.031357 0.223017 
0.018015 0.034051 0.048103 0.710463 0.036454 0.152913 
0.012212 0.008640 0.041482 0.758537 0.026000 0.153129 
0.086178 0.086974 0.063953 0.054911 0.188875 0.519108 
0.031127 0.073973 0.010785 0.121334 0.701661 0.061120 
0.203199 0.060726 0.079653 0.150906 0.340502 0.165012 
0.103218 0.117655 0.103146 0.067453 0.035736 0.572792 
0.059706 0.166643 0.128986 0.078962 0.037938 0.527766 
0.007003 0.000549 0.007153 0.018861 0.954560 0.011874 
0.076892 0.137883 0.121813 0.071237 0.024354 0.567820 
0.389640 0.151984 0.142849 0.013252 0.048003 0.254271 
0.078031 0.156162 0.103537 0.078569 0.021464 0.562237 
0.038819 0.832805 0.010365 0.015861 0.002418 0.099732 
0.017184 0.003865 0.043556 0.717079 0.038934 0.179383 
0.012588 0.847832 0.006659 0.017798 0.002845 0.112278 
0.083557 0.081223 0.106798 0.084449 0.093904 0.550069 
0.051921 0.053413 0.049519 0.260797 0.486230 0.098120 
0.205748 0.419415 0.098505 0.015098 0.074932 0.186302 
0.093516 0.063793 0.114873 0.166596 0.057810 0.503412 
0.012957 0.028357 0.029165 0.359272 0.399505 0.170743 
0.113528 0.072558 0.118103 0.104296 0.039462 0.552052 
0.000366 0.832320 0.006119 0.015351 0.050113 0.095732 
0.038103 0.631622 0.041514 0.032722 0.012768 0.243272 
0.410936 0.147445 0.157277 0.012712 0.012281 0.259350 
0.059710 0.109170 0.068260 0.319078 0.030372 0.413410 
0.000335 0.301778 0.000143 0.011469 0.612810 0.073465 
0.374588 0.108662 0.187001 0.079682 0.013123 0.236944 
0.083153 0.098208 0.121462 0.077489 0.021621 0.598068 
0.015541 0.003729 0.011628 0.187792 0.727889 0.053421 
0.430776 0.161410 0.128426 0.018669 0.022513 0.238207 
0.000195 0.034283 0.049276 0.741545 0.033984 0.140716 
0.000227 0.015900 0.012791 0.145557 0.777144 0.048381 
0.012706 0.020510 0.039411 0.713559 0.034955 0.178858 
0.053904 0.070963 0.064151 0.351312 0.018349 0.441321 
0.398514 0.136909 0.149836 0.115587 0.033495 0.165659 
0.061676 0.764674 0.008612 0.009312 0.070617 0.085110 
0.158090 0.189787 0.057906 0.362820 0.023498 0.207899 
0.407965 0.125746 0.173099 0.015618 0.034103 0.243470 
0.000305 0.013891 0.028300 0.688231 0.043119 0.226154 
0.079939 0.060306 0.110480 0.082733 0.127587 0.538955 
0.316038 0.116751 0.146821 0.126591 0.098183 0.195616 
0.442850 0.118612 0.178505 0.002578 0.025090 0.232364 
0.080126 0.183103 0.074941 0.071837 0.018784 0.571209 
0.031640 0.525907 0.040458 0.022790 0.096029 0.283176 
0.201972 0.336238 0.086762 0.026077 0.215032 0.133920 
0.000121 0.043283 0.007787 0.002428 0.928726 0.017655 
0.000246 0.004712 0.006022 0.001121 0.971746 0.016153 
0.040149 0.679747 0.020417 0.020248 0.014318 0.225122 
0.017573 0.657498 0.010059 0.178153 0.022170 0.114548 
0.012034 0.032866 0.024601 0.009608 0.825380 0.095511 
0.009340 0.061212 0.050528 0.699669 0.037933 0.141318 
0.001077 0.066542 0.022749 0.007468 0.854585 0.047578 
0.003949 0.028778 0.066189 0.671895 0.048536 0.180653 
0.035394 0.025757 0.035064 0.018647 0.848334 0.036804 
0.039468 0.704694 0.016777 0.013638 0.110028 0.115395 
0.204284 0.108408 0.157351 0.056560 0.024921 0.448477 
0.139277 0.651592 0.025820 0.006642 0.015156 0.161514 
0.013420 0.009581 0.050186 0.710349 0.035080 0.181383 
0.348750 0.133622 0.158101 0.023858 0.038389 0.297280 
0.033877 0.033037 0.043618 0.036879 0.623360 0.229229 
0.324924 0.143761 0.077862 0.175397 0.062845 0.215210 
0.057896 0.825199 0.017731 0.010333 0.009171 0.079671 
0.000509 0.029395 0.051485 0.726305 0.034500 0.157806 
0.015892 0.008189 0.008343 0.058134 0.899018 0.010424 
0.038878 0.872607 0.014550 0.004765 0.002036 0.067164 
0.013800 0.079016 0.000165 0.007441 0.883793 0.015785 
0.301070 0.207319 0.128833 0.008025 0.162382 0.192370 
0.161849 0.131993 0.136023 0.071551 0.018470 0.480114 
0.053865 0.812928 0.002814 0.023723 0.012422 0.094248 
0.112452 0.030102 0.066233 0.550058 0.037127 0.204027 
0.040171 0.802075 0.006937 0.011072 0.010673 0.129072 
0.067393 0.214036 0.048708 0.217063 0.330488 0.122312 
0.099854 0.118651 0.127362 0.069015 0.055326 0.529792 
0.014265 0.695181 0.004362 0.017667 0.139999 0.128527 
0.119317 0.179289 0.078807 0.052033 0.018652 0.551902 
0.034843 0.404522 0.017512 0.339771 0.075151 0.128201 
0.016002 0.077950 0.044130 0.534773 0.056492 0.270653 
0.026385 0.837355 0.004494 0.025787 0.027546 0.078434 
0.071131 0.089372 0.101846 0.151532 0.184302 0.401816 
0.333089 0.159070 0.153753 0.025180 0.016836 0.312072 
0.072126 0.071775 0.066344 0.216205 0.072584 0.500966 
0.004746 0.008997 0.006359 0.004855 0.966462 0.008581 
0.422931 0.108624 0.170639 0.056876 0.022298 0.218633 
0.080351 0.038659 0.058415 0.054789 0.518083 0.249703 
0.076945 0.204738 0.099564 0.068207 0.030155 0.520390 
0.010935 0.562292 0.016685 0.265755 0.016400 0.127933 
0.285895 0.075702 0.125397 0.169077 0.027687 0.316242 
0.261048 0.417116 0.067356 0.015251 0.037687 0.201543 
0.014407 0.009596 0.039617 0.245043 0.624933 0.066404 
0.071252 0.113180 0.068390 0.060460 0.108040 0.578678 
0.000781 0.023917 0.053741 0.732729 0.047922 0.140910 
0.063723 0.103988 0.074134 0.071722 0.163563 0.522870 
0.000496 0.019600 0.015059 0.203316 0.684297 0.077233 
0.363118 0.199496 0.140332 0.015415 0.023583 0.258056 
0.424143 0.174970 0.172108 0.004669 0.013536 0.210574 
0.067970 0.713570 0.024508 0.025384 0.016861 0.151707 
0.072197 0.479672 0.044771 0.027192 0.184115 0.192053 
0.027248 0.300055 0.037702 0.489288 0.024501 0.121206 
0.148375 0.082799 0.116606 0.054701 0.022368 0.575152 
0.004252 0.023503 0.000847 0.000215 0.950226 0.020957 
0.019613 0.043891 0.023180 0.729768 0.033243 0.150306 
0.000415 0.026173 0.016850 0.579864 0.241995 0.134703 
0.079932 0.105115 0.085227 0.068118 0.023243 0.638365 
0.071917 0.100936 0.094843 0.072553 0.053080 0.606670 
0.007974 0.824145 0.004455 0.006443 0.011003 0.145980 
0.042386 0.745533 0.032164 0.020569 0.012421 0.146928 
0.043779 0.186546 0.059383 0.072997 0.167853 0.469442 
0.000207 0.037213 0.017722 0.019229 0.872750 0.052879 
0.106070 0.242458 0.110286 0.056970 0.026216 0.457999 
0.083839 0.005669 0.055207 0.323249 0.438735 0.093302 
0.053091 0.398748 0.079469 0.066223 0.013394 0.389075 
0.020032 0.016784 0.050115 0.741471 0.037319 0.134279 
0.446912 0.089817 0.160668 0.014540 0.024048 0.264015 
0.007513 0.018511 0.001718 0.015708 0.927370 0.029181 
0.345954 0.121122 0.172843 0.024590 0.019367 0.316124 
0.022669 0.022884 0.049350 0.612167 0.041337 0.251593 
0.090154 0.079395 0.096503 0.064797 0.044519 0.624632 
0.008139 0.106349 0.005018 0.003807 0.848457 0.028230 
0.366751 0.118491 0.166487 0.021743 0.021029 0.305498 
0.018225 0.016629 0.030680 0.482312 0.331842 0.120312 
0.393759 0.150521 0.157890 0.070472 0.020187 0.207170 
0.011224 0.032568 0.063442 0.689642 0.038469 0.164655 
0.412184 0.186888 0.163428 0.016014 0.028257 0.193229 
0.012697 0.129440 0.010591 0.007011 0.812979 0.027282 
0.066386 0.117213 0.088944 0.124646 0.029481 0.573331 
0.000365 0.037370 0.046739 0.740639 0.027433 0.147454 
0.404755 0.137645 0.161563 0.018378 0.018217 0.259442 
0.055653 0.025079 0.020461 0.010435 0.864828 0.023544 
0.032371 0.503754 0.032965 0.042279 0.024271 0.364360 
0.000402 0.397398 0.053116 0.052624 0.105368 0.391092 
0.022020 0.277770 0.009916 0.007574 0.623935 0.058784 
0.000251 0.054255 0.026500 0.433627 0.353263 0.132104 
0.020533 0.002094 0.024682 0.337808 0.560075 0.054808 
0.048566 0.740454 0.011364 0.048770 0.009485 0.141361 
0.000232 0.041454 0.046846 0.704853 0.045166 0.161449 
0.031125 0.170964 0.039664 0.031862 0.450252 0.276133 
0.322661 0.130915 0.116170 0.016900 0.202385 0.210969 
0.069460 0.708654 0.030538 0.075665 0.004061 0.111622 
0.039285 0.841766 0.002913 0.006197 0.008814 0.101025 
0.316527 0.124825 0.130309 0.121420 0.077083 0.229837 
0.033365 0.241411 0.031600 0.023560 0.296373 0.373690 
0.481500 0.113918 0.121671 0.020423 0.015034 0.247454 
0.281221 0.094105 0.091958 0.266798 0.054139 0.211779 
0.390869 0.161975 0.136129 0.052344 0.031086 0.227598 
0.037651 0.834957 0.003411 0.013585 0.007557 0.102839 
0.013649 0.680334 0.014386 0.163025 0.006407 0.122200 
0.006058 0.007123 0.056496 0.674046 0.034172 0.222104 
0.036469 0.741662 0.012466 0.023130 0.011282 0.174991 
0.016372 0.035699 0.028227 0.740025 0.034238 0.145440 
0.000478 0.195875 0.018566 0.554550 0.079857 0.150674 
0.026125 0.762375 0.010057 0.068876 0.008883 0.123684 
0.027132 0.785481 0.000145 0.055341 0.011544 0.120357 
0.300505 0.141717 0.144877 0.017620 0.111362 0.283918 
0.104460 0.075795 0.123264 0.067635 0.028311 0.600536 
0.028258 0.055288 0.034218 0.053290 0.580566 0.248380 
0.008645 0.187411 0.050182 0.570162 0.025916 0.157684 
0.031404 0.015809 0.035595 0.748457 0.031981 0.136753 
0.413873 0.150331 0.174882 0.013502 0.039235 0.208178 
0.163692 0.059722 0.098430 0.432576 0.024516 0.221063 
0.002775 0.006289 0.008044 0.005787 0.958138 0.018967 
0.086337 0.111665 0.094811 0.068943 0.026514 0.611731 
0.081313 0.726717 0.037558 0.012486 0.003236 0.138690 
0.084731 0.105294 0.109110 0.090357 0.039565 0.570942 
0.000506 0.023512 0.027218 0.763497 0.022371 0.162896 
0.000565 0.423826 0.026016 0.148338 0.299270 0.101985 
0.090819 0.105174 0.081960 0.079109 0.036401 0.606537 
0.003472 0.024871 0.025360 0.634702 0.138901 0.172694 
0.142691 0.125863 0.077333 0.084763 0.030582 0.538768 
0.209620 0.479923 0.080461 0.015289 0.006667 0.208041 
0.000407 0.671941 0.044624 0.048569 0.007418 0.227041 
0.043516 0.798078 0.000198 0.014097 0.019953 0.124159 
0.000329 0.025606 0.045880 0.697493 0.049442 0.181250 
0.019877 0.043739 0.058281 0.561943 0.031212 0.284948 
0.000417 0.192883 0.025655 0.564300 0.041045 0.175699 
0.128797 0.082834 0.060814 0.035584 0.429993 0.261977 
0.091351 0.072759 0.102469 0.082626 0.016898 0.633897 
0.075328 0.710669 0.010768 0.021242 0.049810 0.132183 
0.088363 0.108888 0.093021 0.057399 0.026089 0.626241 
0.396436 0.131043 0.172033 0.008799 0.045940 0.245749 
0.039685 0.815817 0.006655 0.013392 0.019712 0.104739 
0.000441 0.103342 0.021275 0.595320 0.128301 0.151321 
0.018448 0.812967 0.000281 0.019383 0.005993 0.142928 
0.050455 0.106099 0.098390 0.263117 0.020068 0.461871 
0.000155 0.016815 0.023189 0.269294 0.623445 0.067103 
0.396866 0.140171 0.151755 0.043876 0.019103 0.248229 
0.020173 0.028927 0.050464 0.051638 0.519541 0.329257 
0.060569 0.110350 0.103990 0.060547 0.144478 0.520066 
0.000751 0.008273 0.002120 0.001487 0.981032 0.006338 
0.244176 0.072455 0.087269 0.008117 0.421681 0.166302 
0.013694 0.867221 0.000212 0.014378 0.008072 0.096423 
0.411496 0.105104 0.162649 0.016254 0.054401 0.250095 
0.029994 0.827176 0.008923 0.008721 0.010477 0.114709 
0.093888 0.086873 0.110690 0.175824 0.024780 0.507945 
0.026344 0.025098 0.018557 0.012437 0.786159 0.131405 
0.000228 0.017565 0.006093 0.005939 0.959450 0.010725 
0.044015 0.113381 0.065117 0.089070 0.025300 0.663116 
0.019699 0.016704 0.042090 0.708965 0.026976 0.185565 
0.000213 0.031341 0.048408 0.694795 0.037118 0.188126 
0.384403 0.156106 0.152153 0.014443 0.056169 0.236726 
0.036930 0.072973 0.094746 0.047405 0.316277 0.431669 
0.125253 0.049601 0.070935 0.557999 0.012080 0.184132 
0.295218 0.146610 0.088120 0.211749 0.034375 0.223927 
0.152279 0.130452 0.092604 0.077753 0.022605 0.524307 
0.082206 0.141432 0.086585 0.054898 0.035578 0.599301 
0.068563 0.035807 0.027032 0.000486 0.851129 0.016983 
0.139263 0.090428 0.092293 0.148078 0.024152 0.505786 
0.399169 0.120896 0.131503 0.027175 0.014986 0.306272 
0.085767 0.061401 0.048694 0.612740 0.029886 0.161512 
0.120076 0.138953 0.080271 0.087114 0.032836 0.540749 
0.084599 0.270002 0.064906 0.066014 0.020561 0.493919 
0.037415 0.265180 0.079880 0.059083 0.018954 0.539489 
0.008852 0.008912 0.013039 0.217204 0.695781 0.056213 
0.061354 0.067233 0.103911 0.138834 0.078277 0.550391 
0.018262 0.104167 0.000335 0.017578 0.739104 0.120554 
0.038957 0.822222 0.014659 0.008538 0.002597 0.113028 
0.036824 0.053011 0.059827 0.497091 0.040744 0.312504 
0.084866 0.123198 0.066932 0.067259 0.036764 0.620980 
0.003432 0.015802 0.013680 0.153190 0.779102 0.034794 
0.147748 0.065968 0.080388 0.000455 0.625695 0.079746 
0.064415 0.145297 0.115925 0.084021 0.023017 0.567324 
0.025453 0.716183 0.027066 0.017569 0.031572 0.182158 
0.057221 0.129096 0.105111 0.068551 0.037747 0.602274 
0.047645 0.757117 0.017271 0.069815 0.007203 0.100950 
0.113785 0.106115 0.068822 0.093042 0.029955 0.588281 
0.363039 0.241770 0.124198 0.010548 0.034708 0.225737 
0.012944 0.029365 0.023954 0.715927 0.032059 0.185751 
0.107924 0.740804 0.017137 0.013774 0.017567 0.102794 
0.052671 0.046040 0.039558 0.009309 0.588474 0.263948 
0.012423 0.042704 0.052160 0.705311 0.029232 0.158170 
0.401362 0.182485 0.157456 0.009720 0.021752 0.227226 
0.066470 0.089467 0.090029 0.109831 0.026112 0.618091 
0.007570 0.008299 0.010431 0.003682 0.955873 0.014145 
0.000403 0.264284 0.027300 0.046713 0.441306 0.219995 
0.025899 0.106622 0.011434 0.023861 0.672050 0.160133 
0.004177 0.104819 0.010723 0.048623 0.796001 0.035658 
0.014578 0.029605 0.044489 0.716207 0.040748 0.154372 
0.091999 0.124740 0.080919 0.083279 0.022003 0.597061 
0.012961 0.039767 0.044631 0.723107 0.035785 0.143749 
0.013450 0.002990 0.008007 0.111165 0.809841 0.054547 
0.020478 0.016805 0.017791 0.019066 0.828620 0.097240 
0.025476 0.334609 0.004327 0.313442 0.200139 0.122008 
0.000174 0.048665 0.041166 0.550389 0.252190 0.107416 
0.413319 0.146035 0.160748 0.011332 0.019253 0.249313 
0.043149 0.541101 0.008512 0.011313 0.330146 0.065780 
0.009921 0.863308 0.000201 0.020171 0.006367 0.100033 
0.000444 0.041215 0.029428 0.602992 0.186831 0.139090 
0.032536 0.202217 0.035009 0.543832 0.022727 0.163680 
0.024638 0.092839 0.021367 0.003085 0.845482 0.012589 
0.002286 0.018180 0.011421 0.000390 0.913941 0.053783 
0.360706 0.080732 0.138242 0.040001 0.020375 0.359945 
0.000113 0.012467 0.001988 0.000584 0.967803 0.017045 
0.276868 0.440712 0.103591 0.010865 0.011618 0.156347 
0.072529 0.080317 0.094108 0.086410 0.020653 0.645984 
0.054381 0.110980 0.094563 0.105607 0.027608 0.606861 
0.130263 0.101765 0.088250 0.058577 0.014793 0.606352 
0.167510 0.325824 0.086801 0.051506 0.014097 0.354262 
0.380940 0.143612 0.160107 0.022759 0.022939 0.269642 
0.398513 0.128326 0.129711 0.022105 0.031391 0.289954 
0.002488 0.008643 0.014605 0.152449 0.783000 0.038815 
0.405036 0.115436 0.158966 0.015086 0.020726 0.284750 
0.031497 0.024906 0.015414 0.752456 0.038627 0.137101 
0.002996 0.088838 0.003187 0.000784 0.879886 0.024311 
0.185345 0.056489 0.089033 0.420236 0.034577 0.214320 
0.069995 0.739553 0.026223 0.014701 0.010682 0.138846 
0.029900 0.100697 0.054005 0.630379 0.028693 0.156325 
0.063316 0.061575 0.062109 0.545660 0.133931 0.133408 
0.061003 0.058994 0.040256 0.045974 0.432457 0.361316 
0.029309 0.441214 0.000154 0.009255 0.434026 0.086042 
0.060751 0.140947 0.082488 0.079241 0.016235 0.620339 
0.418032 0.167203 0.176362 0.016146 0.010690 0.211567 
0.103430 0.097805 0.084018 0.072225 0.024932 0.617591 
0.008894 0.011829 0.008898 0.035066 0.916582 0.018731 
0.326056 0.269337 0.127871 0.057260 0.019456 0.200020 
0.000271 0.004961 0.003644 0.005475 0.971971 0.013679 
0.037493 0.106655 0.087052 0.076028 0.114521 0.578251 
0.210192 0.077781 0.091995 0.012387 0.472330 0.135316 
0.059515 0.592420 0.025685 0.106579 0.018682 0.197119 
0.153115 0.075767 0.080110 0.018828 0.574070 0.098109 
0.234032 0.075343 0.113519 0.070718 0.069439 0.436949 
0.007774 0.028267 0.043294 0.728694 0.053720 0.138250 
0.030122 0.802312 0.005658 0.021814 0.016183 0.123912 
0.000255 0.004614 0.037490 0.692888 0.049035 0.215719 
0.027101 0.857313 0.003157 0.015652 0.004078 0.092699 
0.038574 0.743496 0.012034 0.043396 0.012164 0.150336 
0.016390 0.095165 0.001322 0.009194 0.852041 0.025888 
0.000320 0.036694 0.021822 0.732932 0.029240 0.178992 
0.022683 0.026752 0.042208 0.717958 0.053076 0.137323 
0.000308 0.025602 0.015266 0.433412 0.348231 0.177181 
0.003009 0.003085 0.008577 0.006500 0.975435 0.003394 
0.074179 0.101489 0.094891 0.212338 0.022889 0.494214 
0.000227 0.016356 0.009818 0.004542 0.953001 0.016056 
0.162340 0.546227 0.069576 0.024572 0.020452 0.176832 
0.008616 0.759911 0.020261 0.034235 0.009984 0.166993 
0.087181 0.012813 0.045149 0.047839 0.415908 0.391110 
0.056437 0.213403 0.057220 0.023939 0.461128 0.187873 
0.000416 0.170779 0.024157 0.025881 0.552636 0.226132 
0.209817 0.580996 0.060601 0.004839 0.010519 0.133228 
0.000262 0.035395 0.018601 0.284008 0.575574 0.086159 
0.012915 0.039561 0.027484 0.610829 0.084088 0.225123 
0.000250 0.033780 0.033986 0.737866 0.032927 0.161191 
0.072048 0.094124 0.080079 0.081092 0.099936 0.572721 
0.060580 0.799456 0.008239 0.010033 0.009253 0.112440 
0.194187 0.108679 0.119008 0.060089 0.260149 0.257889 
0.013534 0.027538 0.030436 0.712375 0.058487 0.157629 
0.069667 0.100573 0.081652 0.079005 0.024118 0.644986 
0.053028 0.275940 0.073230 0.053049 0.024931 0.519823 
0.026997 0.039273 0.062615 0.413386 0.022821 0.434908 
0.019156 0.364170 0.035379 0.422518 0.016270 0.142507 
0.000296 0.027648 0.056225 0.721216 0.057810 0.136804 
0.021480 0.664163 0.012445 0.140738 0.003847 0.157327 
0.076932 0.730126 0.033232 0.020596 0.012630 0.126484 
0.015336 0.296010 0.009951 0.150946 0.446944 0.080812 
0.002779 0.014245 0.019875 0.010684 0.875650 0.076767 
0.054786 0.736545 0.023095 0.009385 0.010201 0.165988 
0.000227 0.067544 0.052583 0.693915 0.040306 0.145425 
0.034785 0.778015 0.006101 0.043922 0.020607 0.116571 
0.079143 0.106246 0.073255 0.505693 0.023827 0.211836 
0.069284 0.082502 0.100758 0.151349 0.013657 0.582449 
0.062063 0.050362 0.082549 0.057335 0.325639 0.422051 
0.007358 0.006839 0.011517 0.031463 0.889901 0.052922 
0.006313 0.004877 0.004147 0.000596 0.968997 0.015070 
0.020488 0.023024 0.027642 0.004043 0.826151 0.098652 
0.101413 0.065736 0.068516 0.050120 0.403329 0.310885 
0.087874 0.118089 0.079652 0.068378 0.024245 0.621762 
0.039393 0.090776 0.092205 0.302742 0.028429 0.446456 
0.018489 0.019629 0.019214 0.004927 0.899753 0.037987 
0.156408 0.159898 0.102414 0.078615 0.137275 0.365390 
0.181586 0.186079 0.122942 0.047828 0.016517 0.445049 
0.016709 0.781261 0.004754 0.008692 0.076668 0.111915 
0.000312 0.006612 0.008991 0.024468 0.944301 0.015315 
0.000129 0.007106 0.007920 0.021313 0.953579 0.009953 
0.064152 0.128938 0.083061 0.055716 0.019226 0.648907 
0.000582 0.004525 0.016700 0.012966 0.934149 0.031077 
0.368333 0.104514 0.147975 0.022319 0.096212 0.260647 
0.071523 0.111078 0.101911 0.077154 0.030553 0.607782 
0.018117 0.050293 0.032128 0.451044 0.317753 0.130665 
0.002277 0.000454 0.008284 0.005227 0.978644 0.005114 
0.352829 0.155788 0.158636 0.034889 0.018199 0.279658 
0.104855 0.072563 0.101794 0.066627 0.068786 0.585375 
0.011628 0.028245 0.027450 0.461677 0.362924 0.108075 
0.044216 0.025806 0.026158 0.024418 0.667425 0.211978 
0.038328 0.415944 0.021044 0.333432 0.041237 0.150016 
0.075150 0.077952 0.092080 0.147750 0.022082 0.584987 
0.406393 0.154575 0.154610 0.001395 0.021221 0.261806 
0.173355 0.240655 0.129529 0.042254 0.024185 0.390023 
0.063760 0.050841 0.082688 0.189138 0.270015 0.343559 
0.358455 0.241953 0.143332 0.007182 0.015479 0.233599 
0.000280 0.011991 0.027099 0.666107 0.072341 0.222182 
0.072974 0.117702 0.128538 0.093053 0.023557 0.564176 
0.104274 0.200851 0.082029 0.064537 0.014193 0.534116 
0.097090 0.100615 0.094265 0.095343 0.030759 0.581927 
0.364186 0.157711 0.210307 0.012945 0.039297 0.215553 
0.023353 0.854302 0.002937 0.009440 0.006734 0.103234 
0.109881 0.710903 0.008157 0.017196 0.014618 0.139245 
0.048062 0.830044 0.009907 0.007457 0.006897 0.097633 
0.408576 0.123762 0.151078 0.070267 0.029584 0.216734 
0.017743 0.037942 0.025492 0.020850 0.694496 0.203476 
0.029380 0.070937 0.025715 0.635539 0.095889 0.142539 
0.016978 0.021780 0.025555 0.627202 0.181040 0.127444 
0.426813 0.159511 0.119984 0.022677 0.023247 0.247769 
0.011459 0.007992 0.005911 0.004801 0.957831 0.012006 
0.000130 0.010274 0.016511 0.008776 0.939221 0.025087 
0.009366 0.036036 0.057693 0.736294 0.033165 0.127446 
0.068501 0.245125 0.077317 0.063794 0.039281 0.505981 
0.067518 0.087140 0.099011 0.153493 0.024560 0.568278 
0.013795 0.051110 0.022260 0.716481 0.020252 0.176102 
0.028030 0.069888 0.099311 0.405790 0.034727 0.362255 
0.046146 0.305571 0.037908 0.183691 0.022581 0.404102 
0.094593 0.083751 0.090057 0.064213 0.022757 0.644629 
0.000327 0.008495 0.047917 0.713528 0.085187 0.144547 
0.158360 0.283864 0.096825 0.246672 0.017285 0.196995 
0.019531 0.011197 0.045529 0.732572 0.037437 0.153734 
0.014812 0.005075 0.056486 0.706179 0.022725 0.194722 
0.038354 0.121321 0.065830 0.064340 0.033128 0.677027 
0.029464 0.051617 0.041489 0.525670 0.026910 0.324849 
0.130697 0.157684 0.089663 0.019202 0.397854 0.204900 
0.425578 0.145245 0.153761 0.010150 0.021555 0.243712 
0.018731 0.040854 0.000124 0.000577 0.925821 0.013893 
0.050316 0.805851 0.007385 0.014081 0.017729 0.104640 
0.219593 0.063461 0.072362 0.008534 0.498930 0.137120 
0.053964 0.792945 0.006561 0.009168 0.006670 0.130692 
0.025107 0.850537 0.011555 0.007374 0.002911 0.102516 
0.000474 0.898282 0.002733 0.009423 0.009346 0.079742 
0.004820 0.009259 0.026782 0.686712 0.093656 0.178771 
0.000162 0.004806 0.003787 0.005407 0.951645 0.034192 
0.255224 0.126202 0.100262 0.205204 0.052892 0.260216 
0.077809 0.125590 0.087480 0.085229 0.021074 0.602819 
0.013865 0.145267 0.115297 0.083265 0.017084 0.625222 
0.095740 0.103531 0.111229 0.081790 0.042248 0.565463 
0.000204 0.024648 0.050068 0.692165 0.035750 0.197166 
0.360592 0.112061 0.148985 0.012222 0.126220 0.239920 
0.015437 0.832746 0.000225 0.020083 0.004053 0.127456 
0.382851 0.182087 0.138561 0.014907 0.029124 0.252470 
0.000295 0.021118 0.050653 0.711304 0.031806 0.184822 
0.011481 0.037187 0.054389 0.683709 0.048903 0.164332 
0.067203 0.061325 0.096479 0.051678 0.313981 0.409335 
0.000406 0.011867 0.010370 0.005777 0.958993 0.012587 
0.013240 0.632122 0.037811 0.025445 0.012396 0.278986 
0.000493 0.056695 0.068568 0.704688 0.028104 0.141452 
0.382756 0.149868 0.147009 0.013933 0.022469 0.283965 
0.005368 0.029845 0.043230 0.697899 0.041490 0.182168 
0.067497 0.146177 0.107799 0.069770 0.027267 0.581490 
0.032946 0.654219 0.004074 0.006390 0.208439 0.093932 
0.304369 0.129540 0.132654 0.168570 0.042340 0.222527 
0.009220 0.031676 0.019086 0.230758 0.639077 0.070183 
0.006863 0.723048 0.000343 0.014706 0.028392 0.226648 
0.149510 0.081032 0.134200 0.048640 0.075478 0.511140 
0.387909 0.163796 0.164644 0.013343 0.021920 0.248389 
0.088754 0.120372 0.094210 0.072561 0.030942 0.593162 
0.383644 0.223939 0.174624 0.002259 0.019618 0.195916 
0.012917 0.019299 0.034131 0.643205 0.135895 0.154553 
0.079907 0.098973 0.100092 0.127966 0.021746 0.571316 
0.343587 0.161631 0.155939 0.024377 0.024601 0.289865 
0.071338 0.144082 0.068873 0.160966 0.024675 0.530065 
0.401943 0.106358 0.148239 0.015868 0.033728 0.293863 
0.011925 0.300426 0.002674 0.009966 0.613602 0.061406 
0.090879 0.094552 0.115803 0.062428 0.064477 0.571861 
0.044971 0.109934 0.119955 0.095310 0.019716 0.610115 
0.038489 0.803713 0.012768 0.020465 0.013697 0.110868 
0.089001 0.126227 0.084419 0.071245 0.022661 0.606447 
0.006319 0.005000 0.005181 0.007952 0.938634 0.036914 
0.002326 0.001904 0.000096 0.007977 0.978659 0.009039 
0.007534 0.340966 0.019919 0.064889 0.510019 0.056672 
0.102725 0.465303 0.027600 0.012153 0.255846 0.136372 
0.030275 0.826966 0.003205 0.013481 0.007405 0.118669 
0.015925 0.009054 0.044546 0.736977 0.053802 0.139696 
0.058409 0.805559 0.013708 0.026071 0.009271 0.086982 
0.000296 0.030354 0.024506 0.735226 0.035897 0.173720 
0.069907 0.034978 0.048232 0.274918 0.331687 0.240277 
0.104761 0.110420 0.096196 0.022304 0.394220 0.272099 
0.000344 0.871435 0.003505 0.008278 0.004414 0.112024 
0.057164 0.773743 0.018133 0.013121 0.010477 0.127364 
0.113607 0.026192 0.062751 0.000346 0.732247 0.064857 
0.367197 0.178376 0.164045 0.008743 0.024676 0.256963 
0.000361 0.046677 0.049192 0.699925 0.029103 0.174742 
0.064751 0.059961 0.080430 0.580184 0.046448 0.168225 
0.049306 0.058813 0.044436 0.390705 0.054020 0.402720 
0.418430 0.120072 0.162833 0.018688 0.017822 0.262154 
0.003969 0.002445 0.007162 0.009874 0.958459 0.018091 
0.009089 0.010282 0.000850 0.008260 0.958708 0.012810 
0.043327 0.178068 0.037564 0.532660 0.043036 0.165344 
0.020219 0.056909 0.044071 0.701183 0.014503 0.163115 
0.005711 0.004819 0.025440 0.250605 0.643026 0.070399 
0.228307 0.107394 0.090692 0.097755 0.024301 0.451551 
0.032450 0.823140 0.000203 0.011850 0.006881 0.125477 
0.093496 0.039404 0.033647 0.011229 0.748968 0.073257 
0.277752 0.145558 0.131762 0.011345 0.245434 0.188149 
0.032465 0.774625 0.013206 0.077130 0.009147 0.093427 
0.000570 0.070591 0.013603 0.346363 0.481037 0.087836 
0.425773 0.134591 0.147920 0.013873 0.032785 0.245058 
0.017130 0.807794 0.008797 0.015589 0.009570 0.141120 
0.058189 0.754243 0.007508 0.012974 0.059274 0.107813 
0.008825 0.039472 0.042412 0.716449 0.040443 0.152398 
0.035870 0.673628 0.021968 0.022778 0.005574 0.240183 
0.024073 0.044837 0.034217 0.574102 0.023733 0.299039 
0.000294 0.863449 0.007312 0.012241 0.010398 0.106305 
0.009712 0.007413 0.003136 0.001419 0.969590 0.008730 
0.185288 0.120131 0.136856 0.045271 0.024981 0.487474 
0.000330 0.829559 0.008049 0.030446 0.013749 0.117867 
0.012977 0.007009 0.018283 0.104307 0.843871 0.013553 
0.057652 0.077377 0.106079 0.147529 0.026649 0.584714 
0.032304 0.100300 0.042264 0.629808 0.026900 0.168425 
0.020391 0.026454 0.037355 0.169035 0.566061 0.180704 
0.000380 0.009303 0.005150 0.008935 0.951334 0.024899 
0.102421 0.104700 0.068987 0.075091 0.105320 0.543480 
0.006638 0.193709 0.050332 0.357575 0.029896 0.361850 
0.109545 0.049611 0.087270 0.585726 0.025944 0.141905 
0.071237 0.107275 0.077114 0.097322 0.035036 0.612017 
0.093018 0.115070 0.111087 0.064223 0.025909 0.590694 
0.080708 0.081705 0.100815 0.146085 0.026058 0.564630 
0.039299 0.053618 0.059969 0.660150 0.041518 0.145446 
0.172292 0.049441 0.099026 0.039205 0.399098 0.240937 
0.088818 0.065369 0.071285 0.080606 0.296904 0.397018 
0.005817 0.005130 0.010971 0.004507 0.948836 0.024740 
0.000157 0.035527 0.038991 0.577607 0.224508 0.123210 
0.311160 0.178085 0.154310 0.026632 0.025519 0.304295 
0.000319 0.016045 0.046906 0.753719 0.034621 0.148390 
0.394643 0.129636 0.203764 0.023630 0.014668 0.233660 
0.042729 0.603154 0.006190 0.220637 0.022742 0.104547 
0.155775 0.106330 0.134295 0.084623 0.027331 0.491645 
0.006683 0.015629 0.050922 0.702658 0.045034 0.179074 
0.326008 0.113765 0.125818 0.137944 0.015119 0.281345 
0.000215 0.490166 0.020057 0.345323 0.025818 0.118421 
0.019556 0.153583 0.027358 0.591615 0.032737 0.175152 
0.074450 0.111910 0.101075 0.070140 0.024567 0.617858 
0.070382 0.254196 0.051609 0.064106 0.025982 0.533724 
0.000618 0.003274 0.007002 0.000453 0.957079 0.031573 
0.009856 0.046564 0.028995 0.748337 0.030972 0.135276 
0.358972 0.131339 0.160482 0.152149 0.018663 0.178395 
0.063651 0.085563 0.082991 0.178636 0.020946 0.568213 
0.033655 0.818275 0.005960 0.016079 0.005449 0.120581 
0.349678 0.146336 0.152494 0.113692 0.033096 0.204703 
0.000146 0.002109 0.016731 0.007126 0.957100 0.016788 
0.027495 0.814501 0.004533 0.012390 0.037374 0.103708 
0.421434 0.155926 0.184433 0.014138 0.016269 0.207799 
0.095048 0.090290 0.099389 0.113095 0.020094 0.582083 
0.419883 0.708023 0.455894 0.562848 0.581675 0.978978 
