-1944310.066547
0
0.000000 0.000774 0.000000 0.000000 0.000000 0.000000 0.000358 0.000837 0.008006 0.001850 0.001639 0.002591 0.000000 0.000000 0.000000 0.000000 0.001199 0.000575 0.000001 0.001175 0.000000 0.000000 0.000000 0.000237 0.000609 0.000000 0.000000 0.000000 0.000000 0.000000 0.000000 0.000000 0.011094 0.000000 0.002615 0.005512 0.000000 0.000000 0.000000 0.000584 0.001033 0.000554 0.000001 0.000001 0.000000 0.000000 0.000127 0.000000 0.000000 0.000000 0.000000 0.000000 0.000000 0.000000 0.000000 0.000426 0.006276 0.000001 0.000000 0.002719 0.000000 0.000187 0.000000 0.000000 0.000000 0.000000 0.000000 0.000000 0.000000 0.000000 0.000000 0.000000 0.015933 0.005913 0.002609 0.011994 0.043543 0.000000 0.001766 0.072641 0.442761 0.072112 0.041569 0.238178 0.000000 0.000000 0.000000 0.000000 0.000001 0.000000 0.000000 0.000001 0.000000 0.000000 0.000000 0.000000 
0.000000 0.000000 0.000000 0.000000 0.000000 0.000000 0.000000 0.000000 0.000000 0.018825 0.000000 0.004676 0.000988 0.000771 0.000801 0.003347 0.000992 0.000000 0.000654 0.001247 0.000000 0.000000 0.000599 0.000000 0.000643 0.000000 0.000000 0.001435 0.000000 0.000000 0.000445 0.000000 0.075324 0.101369 0.021903 0.080377 0.000000 0.001454 0.000340 0.002324 0.000000 0.000775 0.000898 0.004250 0.000000 0.000762 0.000796 0.001353 0.000000 0.000000 0.000000 0.000000 0.000000 0.000610 0.000000 0.000000 0.000000 0.021500 0.000000 0.016388 0.000000 0.000000 0.000212 0.001109 0.000000 0.000000 0.000580 0.007688 0.000000 0.000000 0.001945 0.000883 0.001255 0.001860 0.000000 0.000859 0.000000 0.001104 0.000000 0.000000 0.121257 0.290003 0.100167 0.084837 0.000783 0.001650 0.001102 0.006550 0.002240 0.001961 0.001731 0.002488 0.000000 0.000885 0.001004 0.000000 
0.000000 0.000000 0.000000 0.007690 0.000000 0.000000 0.000000 0.000000 0.000000 0.002843 0.010972 0.004608 0.000000 0.000000 0.000000 0.000000 0.003074 0.005527 0.002502 0.003560 0.000000 0.003917 0.001649 0.014858 0.000785 0.000000 0.000609 0.014959 0.000000 0.000000 0.000000 0.000000 0.000000 0.000000 0.009673 0.000853 0.000000 0.000000 0.000000 0.000000 0.000000 0.002156 0.001116 0.001776 0.001950 0.002249 0.003568 0.019857 0.000000 0.000000 0.000000 0.008492 0.000000 0.000000 0.000000 0.000000 0.000000 0.014461 0.027570 0.015984 0.000000 0.000000 0.000000 0.000000 0.007758 0.010489 0.006575 0.012360 0.000000 0.002285 0.000818 0.003117 0.038143 0.010758 0.003362 0.322371 0.000000 0.000000 0.000000 0.000000 0.000000 0.013973 0.223418 0.036441 0.000000 0.000964 0.000000 0.002811 0.003233 0.009993 0.007418 0.010445 0.005539 0.010790 0.001846 0.067835 
0.017496 0.021748 0.000000 0.031979 0.000000 0.000000 0.000000 0.006775 0.021650 0.000001 0.041227 0.041499 0.032604 0.032183 0.018238 0.052422 0.017944 0.011701 0.004293 0.043381 0.000000 0.000000 0.017558 0.005260 0.000000 0.000000 0.000000 0.014308 0.000000 0.013110 0.000000 0.000000 0.000001 0.000000 0.008708 0.008878 0.013318 0.021659 0.016386 0.042824 0.000000 0.020247 0.000001 0.013147 0.000000 0.002504 0.005589 0.000000 0.015541 0.000000 0.000000 0.008232 0.000000 0.000000 0.000000 0.013772 0.000000 0.000001 0.025049 0.000016 0.006587 0.011638 0.000000 0.035552 0.001750 0.008500 0.003295 0.013691 0.000000 0.000000 0.010639 0.011431 0.018708 0.000001 0.000000 0.013380 0.009964 0.000000 0.000000 0.000264 0.011821 0.000000 0.000000 0.017485 0.024067 0.025205 0.008141 0.064738 0.003317 0.013044 0.000000 0.015705 0.000000 0.000000 0.009829 0.000000 
0.004683 0.000000 0.000000 0.000000 0.002809 0.000894 0.000000 0.004357 0.006130 0.003148 0.002747 0.007318 0.016930 0.005419 0.007019 0.022679 0.028158 0.011884 0.021098 0.030429 0.041365 0.007147 0.006792 0.023582 0.001868 0.000000 0.000000 0.001928 0.000000 0.002190 0.000000 0.002486 0.006688 0.004070 0.000002 0.002929 0.004804 0.003156 0.003028 0.004429 0.018111 0.013586 0.016002 0.035249 0.026671 0.007819 0.015981 0.063691 0.009033 0.005392 0.000000 0.002907 0.000000 0.001246 0.000000 0.005828 0.006021 0.004650 0.000000 0.010065 0.001800 0.003316 0.000000 0.003550 0.009977 0.011671 0.011528 0.013711 0.008937 0.000000 0.005554 0.023247 0.019512 0.000000 0.000000 0.031296 0.002639 0.001694 0.000000 0.004208 0.000000 0.000000 0.000000 0.008386 0.025484 0.002489 0.015923 0.018027 0.018700 0.016967 0.012263 0.041274 0.060831 0.011208 0.010802 0.070588 
0.000000 0.000000 0.000000 0.000000 0.002566 0.001220 0.000000 0.003246 0.024786 0.017906 0.000000 0.016047 0.000000 0.003547 0.000000 0.002453 0.002818 0.006130 0.030802 0.000002 0.000000 0.002469 0.002248 0.000000 0.015507 0.037703 0.015446 0.098258 0.000000 0.000000 0.000000 0.000000 0.000001 0.002620 0.075052 0.002232 0.000000 0.003029 0.001094 0.000570 0.011387 0.001824 0.043212 0.002199 0.000000 0.005169 0.007855 0.014498 0.000000 0.007637 0.004073 0.013554 0.000000 0.003872 0.000000 0.003053 0.091758 0.107569 0.139402 0.077707 0.000000 0.004050 0.000000 0.002561 0.013220 0.005025 0.014585 0.000000 0.000000 0.002616 0.001980 0.005518 0.000003 0.000001 0.000000 0.002291 0.000000 0.000000 0.000000 0.000000 0.005080 0.000000 0.000000 0.000582 0.000000 0.001084 0.000000 0.000000 0.004451 0.002653 0.010516 0.000592 0.000000 0.003592 0.001921 0.015158 
0.059409 0.049592 0.005328 0.041917 0.015427 0.009036 0.000000 0.009059 0.017740 0.011298 0.000000 0.008401 0.000000 0.000000 0.015757 0.004096 0.014302 0.003502 0.013429 0.004164 0.000000 0.000000 0.000000 0.000000 0.064043 0.047565 0.001786 0.050167 0.012142 0.000000 0.000922 0.014060 0.005759 0.005600 0.005001 0.027585 0.013150 0.017638 0.019625 0.017933 0.008219 0.003394 0.010239 0.007657 0.000000 0.000000 0.006540 0.000000 0.032896 0.033629 0.000000 0.039349 0.004879 0.007120 0.000000 0.000000 0.000000 0.000000 0.000000 0.009372 0.009885 0.005517 0.018065 0.007094 0.008637 0.001853 0.006634 0.003186 0.000000 0.000000 0.002466 0.000000 0.038171 0.037556 0.003854 0.052086 0.000000 0.005723 0.000000 0.008234 0.000000 0.000000 0.000000 0.008779 0.007298 0.005622 0.006762 0.005851 0.003899 0.000000 0.000000 0.000000 0.000000 0.000000 0.004097 0.000000 
0.007083 0.000000 0.000000 0.000000 0.015956 0.012860 0.004084 0.017610 0.025362 0.017166 0.000000 0.018008 0.004664 0.005603 0.013308 0.005184 0.058081 0.019658 0.042583 0.038131 0.000000 0.003131 0.006597 0.000000 0.001976 0.000000 0.000000 0.000000 0.008635 0.009235 0.004225 0.012419 0.029708 0.020325 0.004210 0.020497 0.000000 0.001546 0.006252 0.003841 0.028519 0.015203 0.027781 0.026013 0.000000 0.003863 0.008372 0.012705 0.008648 0.007114 0.000000 0.007350 0.008372 0.007649 0.000000 0.006744 0.028285 0.023268 0.000000 0.028493 0.009288 0.002122 0.006422 0.000000 0.026140 0.014372 0.021657 0.020840 0.003425 0.000000 0.006160 0.000000 0.005599 0.008681 0.005158 0.011563 0.000000 0.011717 0.002033 0.008418 0.000000 0.010820 0.000000 0.004071 0.006214 0.005443 0.006627 0.000000 0.025632 0.019629 0.018898 0.022064 0.000000 0.006718 0.006938 0.017033 
0.005774 0.005448 0.000000 0.005840 0.032804 0.016797 0.008686 0.038002 0.018483 0.005724 0.000000 0.019987 0.012833 0.011458 0.000000 0.009043 0.000002 0.010627 0.004158 0.021686 0.000000 0.000000 0.014930 0.010278 0.000000 0.000000 0.004015 0.000000 0.024680 0.024064 0.006032 0.036658 0.016250 0.004678 0.000003 0.009658 0.006239 0.014402 0.009001 0.020477 0.003734 0.020641 0.003747 0.008292 0.000000 0.010760 0.013687 0.000000 0.000000 0.000000 0.000000 0.000000 0.020526 0.014303 0.003681 0.033017 0.025621 0.010920 0.000000 0.007624 0.000000 0.005812 0.003086 0.010806 0.003167 0.008040 0.002547 0.004854 0.005917 0.009738 0.029029 0.007885 0.000004 0.009891 0.000000 0.000024 0.030036 0.035260 0.003925 0.052945 0.017470 0.011926 0.000000 0.006678 0.006316 0.014971 0.006168 0.019940 0.008977 0.016737 0.009383 0.011388 0.000000 0.009491 0.015409 0.016907 
0.000000 0.000000 0.044247 0.000000 0.000000 0.000000 0.009959 0.000000 0.000001 0.000002 0.000000 0.000014 0.012481 0.012084 0.000000 0.000000 0.000002 0.000001 0.000002 0.000002 0.000000 0.000000 0.004444 0.000000 0.017820 0.090867 0.025288 0.041381 0.009104 0.028579 0.018330 0.000000 0.044109 0.023856 0.009193 0.000008 0.000000 0.000000 0.068090 0.000000 0.000000 0.000003 0.009793 0.000001 0.000000 0.002761 0.000001 0.002593 0.054764 0.057974 0.076313 0.000000 0.008731 0.012745 0.019254 0.017456 0.023296 0.019922 0.000000 0.001654 0.000000 0.004625 0.006254 0.000000 0.000000 0.000000 0.000001 0.000001 0.000000 0.000000 0.000000 0.000000 0.029185 0.090403 0.024383 0.010776 0.008899 0.019706 0.010110 0.000000 0.000000 0.000000 0.000000 0.000033 0.000000 0.000000 0.014287 0.000000 0.000001 0.000001 0.009353 0.004858 0.000000 0.000000 0.000000 0.000000 
0.003874 0.004193 0.001396 0.001405 0.000000 0.000000 0.000000 0.000000 0.037819 0.015499 0.235182 0.015531 0.003339 0.002555 0.000000 0.009226 0.012808 0.007249 0.009432 0.008359 0.000000 0.001721 0.000000 0.004445 0.000000 0.000000 0.000754 0.000000 0.000000 0.000000 0.000000 0.000000 0.018093 0.015068 0.122618 0.010990 0.000000 0.000000 0.000000 0.000000 0.000000 0.006038 0.005715 0.005156 0.000000 0.001933 0.000000 0.000000 0.005006 0.001510 0.000000 0.000000 0.000000 0.000000 0.000000 0.000000 0.032666 0.034968 0.142309 0.019122 0.000000 0.000000 0.000000 0.000000 0.012785 0.007258 0.005079 0.012405 0.000000 0.000000 0.000000 0.000000 0.006167 0.006533 0.000000 0.010955 0.000000 0.000000 0.000000 0.001471 0.007652 0.000000 0.091004 0.008323 0.003693 0.000000 0.000000 0.000000 0.008964 0.005125 0.010794 0.005811 0.000000 0.000000 0.000000 0.000000 
0.000000 0.185047 0.000000 0.013233 0.141430 0.000000 0.110602 0.000000 0.000000 0.000003 0.549684 
0.101435 0.051142 0.000000 0.034591 0.053124 0.000000 0.403060 0.000000 0.000000 0.160123 0.196523 
0.016414 0.290698 0.000000 0.000001 0.268193 0.000000 0.152067 0.177673 0.020165 0.014919 0.059870 
0.010769 0.026584 0.016272 0.000002 0.035707 0.000000 0.206147 0.058448 0.000000 0.080454 0.565616 
0.000000 0.043310 0.000000 0.034071 0.034076 0.042350 0.241574 0.066370 0.067585 0.081625 0.389038 
0.000000 0.060678 0.000000 0.000002 0.038004 0.311538 0.076465 0.030017 0.000000 0.006428 0.476868 
0.000000 0.042025 0.535710 0.000001 0.000068 0.226061 0.057944 0.000000 0.024878 0.000003 0.113308 
0.000000 0.445668 0.021182 0.029855 0.000046 0.000000 0.092187 0.108540 0.036576 0.020783 0.245162 
0.366490 0.012917 0.000000 0.104689 0.058964 0.000000 0.220687 0.000000 0.000000 0.000004 0.236249 
0.417212 0.079242 0.000000 0.000001 0.013106 0.000000 0.061879 0.027118 0.040809 0.010192 0.350441 
0.000000 0.819561 0.000000 0.027484 0.041225 0.000000 0.082590 0.000000 0.000000 0.017356 0.011785 
0.000000 0.032510 0.329378 0.000001 0.294672 0.000000 0.233806 0.000000 0.000000 0.082981 0.026651 
0.032728 0.033071 0.000000 0.124203 0.016790 0.350327 0.137977 0.000000 0.000000 0.017738 0.287166 
0.000000 0.058559 0.531093 0.028825 0.022843 0.000000 0.143571 0.045684 0.169056 0.000004 0.000365 
0.000000 0.023389 0.019664 0.171051 0.033064 0.000000 0.480143 0.000000 0.047449 0.123452 0.101788 
0.028359 0.574831 0.017498 0.022598 0.012262 0.000000 0.047505 0.000000 0.000000 0.000005 0.296941 
0.000000 0.017368 0.682846 0.010931 0.103052 0.017019 0.094174 0.000000 0.074304 0.000004 0.000302 
0.000000 0.063113 0.000000 0.057119 0.220737 0.064321 0.313461 0.000000 0.060816 0.122827 0.097606 
0.000000 0.818455 0.000000 0.000002 0.011776 0.000000 0.036956 0.118215 0.000000 0.000003 0.014593 
0.000000 0.016591 0.936359 0.000002 0.000069 0.000000 0.023570 0.000000 0.007790 0.000004 0.015615 
0.107955 0.036083 0.061324 0.000001 0.048356 0.000000 0.239144 0.089126 0.392599 0.000004 0.025408 
0.000000 0.621862 0.000000 0.000001 0.118350 0.000000 0.088523 0.000000 0.101922 0.000004 0.069337 
0.057620 0.067119 0.468906 0.066891 0.104963 0.000000 0.174482 0.000000 0.028049 0.006383 0.025589 
0.070468 0.058600 0.000000 0.021463 0.043961 0.000000 0.109214 0.000000 0.000000 0.018563 0.677730 
0.114621 0.025073 0.010576 0.000001 0.087613 0.000000 0.286435 0.053828 0.399613 0.010553 0.011686 
0.895882 0.062506 0.000000 0.000002 0.003939 0.000000 0.012794 0.000000 0.023001 0.000004 0.001872 
0.089882 0.213296 0.027510 0.000001 0.000051 0.032043 0.124753 0.000000 0.024205 0.060686 0.427573 
0.007711 0.026099 0.011786 0.133328 0.041049 0.000000 0.261145 0.306233 0.079441 0.082568 0.050641 
0.000000 0.005998 0.000000 0.098534 0.079369 0.000000 0.337571 0.079907 0.384054 0.005828 0.008738 
0.000000 0.248240 0.000000 0.040904 0.021203 0.019788 0.081626 0.035934 0.000000 0.011417 0.540888 
0.000000 0.024992 0.000000 0.013398 0.000046 0.000000 0.586951 0.000000 0.000000 0.301953 0.072659 
0.000000 0.033400 0.000000 0.186708 0.369824 0.000000 0.329767 0.000000 0.043696 0.003620 0.032985 
0.000000 0.031231 0.239316 0.039149 0.215586 0.258935 0.075670 0.000000 0.000000 0.000004 0.140108 
0.000000 0.063791 0.000000 0.015563 0.031028 0.094162 0.210357 0.244495 0.000000 0.079633 0.260971 
0.000000 0.059007 0.023988 0.091806 0.083154 0.000000 0.211637 0.425546 0.024929 0.044040 0.035892 
0.000000 0.050775 0.637714 0.011345 0.000065 0.000000 0.134824 0.000000 0.157763 0.000004 0.007510 
0.000000 0.151937 0.024464 0.326869 0.042875 0.000000 0.352771 0.058471 0.022757 0.000005 0.019851 
0.030015 0.540487 0.012728 0.023845 0.020844 0.000000 0.256283 0.000000 0.000000 0.115637 0.000161 
0.096276 0.043495 0.000000 0.038464 0.063075 0.000000 0.239281 0.339582 0.044879 0.086007 0.048941 
0.278275 0.255090 0.000000 0.000002 0.016769 0.000000 0.061466 0.049480 0.000000 0.028334 0.310584 
0.000000 0.022820 0.190579 0.000002 0.543368 0.000000 0.167461 0.000000 0.026110 0.000003 0.049657 
0.000000 0.263780 0.131096 0.000002 0.055134 0.000000 0.186107 0.177892 0.139833 0.013631 0.032525 
0.000000 0.039985 0.000000 0.027347 0.062574 0.000000 0.524628 0.073238 0.000000 0.232559 0.039668 
0.432930 0.330555 0.010170 0.020049 0.000041 0.025899 0.102236 0.000000 0.000000 0.025639 0.052481 
0.000000 0.016162 0.000000 0.015514 0.039465 0.379527 0.178295 0.024393 0.038892 0.077742 0.230009 
0.348925 0.128859 0.000000 0.137000 0.092872 0.000000 0.266637 0.000000 0.000000 0.011186 0.014520 
0.000000 0.030988 0.063660 0.000002 0.653121 0.000000 0.144681 0.000000 0.020667 0.000004 0.086879 
0.000000 0.030681 0.000000 0.000001 0.036104 0.000000 0.558872 0.000000 0.195553 0.167278 0.011510 
0.242174 0.743795 0.006817 0.000001 0.000052 0.000000 0.006592 0.000000 0.000000 0.000003 0.000564 
0.703652 0.046243 0.000000 0.036910 0.038341 0.000000 0.104273 0.000000 0.000000 0.050672 0.019909 
0.000000 0.014020 0.024602 0.328414 0.092338 0.000000 0.499226 0.000000 0.000000 0.000004 0.041396 
0.000000 0.096108 0.000000 0.000001 0.085570 0.000000 0.264271 0.060990 0.459496 0.025746 0.007819 
0.000000 0.026665 0.852402 0.007991 0.000050 0.000000 0.018168 0.000000 0.000000 0.004102 0.090622 
0.008266 0.137518 0.618911 0.000001 0.000061 0.000000 0.184400 0.000000 0.000000 0.050387 0.000455 
0.000000 0.087617 0.400728 0.000002 0.000071 0.000000 0.076524 0.000000 0.022972 0.019525 0.392562 
0.000000 0.056278 0.000000 0.318044 0.099718 0.000000 0.370283 0.079494 0.035077 0.012831 0.028275 
0.174771 0.148738 0.000000 0.000001 0.018905 0.348821 0.027470 0.000000 0.000000 0.011590 0.269704 
0.566545 0.117327 0.000000 0.009263 0.006922 0.000000 0.037468 0.000000 0.000000 0.009300 0.253174 
0.000000 0.554895 0.000000 0.062298 0.036499 0.058559 0.068732 0.177058 0.000000 0.000005 0.041953 
0.014245 0.040686 0.000000 0.187283 0.056449 0.039437 0.159489 0.457046 0.000000 0.017779 0.027586 
0.000000 0.013224 0.000000 0.019773 0.202889 0.250265 0.217804 0.000000 0.000000 0.059248 0.236796 
0.000000 0.010048 0.012966 0.286021 0.104568 0.000000 0.469285 0.000000 0.082494 0.007999 0.026620 
0.000000 0.394605 0.137488 0.000001 0.014685 0.000000 0.131647 0.085213 0.182341 0.015494 0.038525 
0.000000 0.063103 0.000000 0.126665 0.045959 0.024780 0.144089 0.459402 0.048986 0.034093 0.052923 
0.000000 0.013418 0.066019 0.322377 0.073752 0.000000 0.446377 0.000000 0.049300 0.000004 0.028754 
0.000000 0.021348 0.000000 0.000001 0.000107 0.015421 0.613904 0.000000 0.000000 0.343181 0.006037 
0.000000 0.201698 0.000000 0.000001 0.000044 0.448692 0.050773 0.000000 0.000000 0.030110 0.268680 
0.000000 0.201784 0.567914 0.019151 0.008855 0.000000 0.032226 0.068300 0.000000 0.007716 0.094054 
0.016980 0.202066 0.000000 0.101602 0.023036 0.174096 0.083121 0.245416 0.000000 0.026912 0.126772 
0.000000 0.039907 0.000000 0.075892 0.019869 0.030599 0.494233 0.028628 0.027917 0.242824 0.040130 
0.441714 0.049557 0.000000 0.036197 0.028434 0.000000 0.149334 0.131535 0.089982 0.046137 0.027110 
0.021691 0.864107 0.000000 0.000002 0.009839 0.000000 0.041366 0.026982 0.029448 0.004487 0.002079 
0.000000 0.070874 0.061342 0.007260 0.000081 0.102676 0.077456 0.000000 0.030635 0.000004 0.649672 
0.043496 0.108448 0.111923 0.029959 0.000049 0.030143 0.077150 0.059232 0.000000 0.000006 0.539594 
0.000000 0.021071 0.015717 0.065914 0.071414 0.000000 0.333487 0.103674 0.199007 0.128001 0.061714 
0.000000 0.098481 0.625597 0.008383 0.051270 0.086500 0.071919 0.000000 0.000000 0.000004 0.057847 
0.341380 0.033180 0.000000 0.000001 0.036776 0.000000 0.200245 0.000000 0.022332 0.048126 0.317959 
0.000000 0.039196 0.000000 0.000001 0.097535 0.000000 0.316443 0.077930 0.403944 0.006423 0.058529 
0.000000 0.603585 0.000000 0.122409 0.042918 0.000000 0.198758 0.000000 0.000000 0.005963 0.026367 
0.000000 0.026441 0.027934 0.248352 0.313612 0.000000 0.327212 0.000000 0.023520 0.004170 0.028760 
0.305734 0.042047 0.216668 0.013637 0.029218 0.011087 0.117043 0.116490 0.000000 0.032307 0.115768 
0.000000 0.059804 0.000000 0.023299 0.078250 0.000000 0.245175 0.032848 0.338499 0.000004 0.222121 
0.000000 0.033258 0.000000 0.000002 0.770924 0.000000 0.115848 0.000000 0.000000 0.000003 0.079965 
0.017935 0.793562 0.000000 0.020968 0.007802 0.013516 0.033730 0.039736 0.000000 0.000004 0.072745 
0.323818 0.038922 0.000000 0.000001 0.406576 0.023958 0.139534 0.000000 0.000000 0.000003 0.067187 
0.015980 0.032070 0.000000 0.000001 0.023118 0.000000 0.424102 0.000000 0.000000 0.229378 0.275351 
0.000000 0.034021 0.022763 0.049845 0.088787 0.025141 0.183963 0.278126 0.216197 0.019735 0.081421 
0.000000 0.041202 0.000000 0.017883 0.537319 0.000000 0.145695 0.131001 0.050195 0.000004 0.076698 
0.000000 0.022846 0.000000 0.264210 0.085552 0.000000 0.349494 0.000000 0.052398 0.009911 0.215589 
0.164048 0.651930 0.007903 0.000002 0.000056 0.104031 0.001909 0.000000 0.000000 0.003486 0.066634 
0.000000 0.057304 0.019114 0.022816 0.514931 0.016541 0.146652 0.165699 0.000000 0.000004 0.056939 
0.000000 0.020486 0.000000 0.000001 0.000054 0.000000 0.608696 0.000000 0.041911 0.315916 0.012934 
0.000000 0.036118 0.031260 0.265553 0.061202 0.000000 0.351302 0.235762 0.000000 0.006133 0.012671 
0.000000 0.666320 0.085160 0.000001 0.126244 0.000000 0.035687 0.000000 0.000000 0.000004 0.086584 
0.000000 0.543767 0.056649 0.034187 0.028317 0.000000 0.120068 0.141880 0.000000 0.031591 0.043541 
0.000000 0.085523 0.362981 0.020999 0.262092 0.000000 0.178407 0.000000 0.000000 0.064022 0.025976 
0.000000 0.012445 0.018454 0.387602 0.056059 0.000000 0.466527 0.000000 0.051411 0.005620 0.001882 
0.000000 0.038092 0.012859 0.053145 0.066454 0.000000 0.273708 0.000000 0.177743 0.000004 0.377995 
0.000000 0.016596 0.270958 0.058906 0.175339 0.000000 0.222086 0.000000 0.235341 0.003850 0.016923 
0.000000 0.053713 0.000000 0.033913 0.063677 0.000000 0.142543 0.131795 0.018175 0.000004 0.556179 
0.000000 0.079434 0.011687 0.309343 0.089618 0.000000 0.426621 0.000000 0.049925 0.000004 0.033368 
0.046931 0.027137 0.000000 0.000001 0.000059 0.000000 0.589691 0.022541 0.000000 0.290378 0.023261 
0.000000 0.030799 0.635829 0.000001 0.000047 0.000000 0.175402 0.000000 0.000000 0.150061 0.007860 
0.000000 0.023241 0.058181 0.041175 0.623102 0.063138 0.104261 0.000000 0.000000 0.000003 0.086899 
0.000000 0.214616 0.252848 0.055109 0.000071 0.224750 0.055084 0.000000 0.000000 0.000004 0.197520 
0.000000 0.045675 0.000000 0.321688 0.076055 0.000000 0.481638 0.000000 0.036671 0.009769 0.028504 
0.058532 0.101234 0.000000 0.000002 0.068304 0.000000 0.122026 0.000000 0.000000 0.004090 0.645812 
0.010125 0.057336 0.253493 0.000001 0.000045 0.000000 0.435324 0.000000 0.000000 0.236935 0.006740 
0.012317 0.032066 0.000000 0.000002 0.295989 0.000000 0.176191 0.000000 0.019577 0.008101 0.455758 
0.017003 0.098857 0.129919 0.030172 0.000054 0.024057 0.447044 0.000000 0.000000 0.252054 0.000840 
0.026407 0.674484 0.000000 0.000001 0.024835 0.000000 0.064895 0.146980 0.017258 0.017261 0.027879 
0.814810 0.168036 0.000000 0.000001 0.000024 0.000000 0.001172 0.000000 0.000000 0.007017 0.008939 
0.018038 0.703180 0.023206 0.025765 0.031247 0.000000 0.008914 0.141894 0.000000 0.024309 0.023447 
0.000000 0.047718 0.038186 0.019413 0.184171 0.362002 0.081977 0.000000 0.000000 0.000004 0.266529 
0.017618 0.086836 0.254882 0.072986 0.086673 0.000000 0.086073 0.358158 0.000000 0.027890 0.008884 
0.000000 0.044411 0.623195 0.000001 0.260546 0.000000 0.052513 0.000000 0.000000 0.000004 0.019330 
0.175844 0.025939 0.726637 0.000001 0.000062 0.020651 0.027606 0.000000 0.000000 0.000004 0.023256 
0.000000 0.000280 0.000000 0.341473 0.094375 0.000000 0.488743 0.000000 0.025806 0.013169 0.036154 
0.021771 0.024961 0.000000 0.111755 0.078297 0.000000 0.185682 0.439954 0.027218 0.056492 0.053871 
0.000000 0.127872 0.000000 0.000001 0.053888 0.199634 0.112690 0.000000 0.029623 0.000004 0.476286 
0.017399 0.245847 0.000000 0.000002 0.573419 0.020487 0.087850 0.000000 0.000000 0.004191 0.050806 
0.093588 0.032440 0.050290 0.090167 0.034409 0.013470 0.146744 0.405808 0.068144 0.000004 0.064935 
0.000000 0.036725 0.000000 0.043048 0.092202 0.000000 0.226728 0.425600 0.094846 0.000004 0.080847 
0.250764 0.212150 0.000000 0.000001 0.006333 0.000000 0.330891 0.000000 0.000000 0.176215 0.023646 
0.000000 0.099465 0.215249 0.145687 0.277974 0.000000 0.207955 0.000000 0.000000 0.021361 0.032309 
0.000000 0.042020 0.000000 0.027966 0.088534 0.000000 0.235225 0.080232 0.246387 0.000004 0.279631 
0.000000 0.019924 0.701391 0.033699 0.054765 0.000000 0.168640 0.000000 0.005898 0.000004 0.015679 
0.000000 0.014372 0.000000 0.432759 0.075321 0.000000 0.457409 0.000000 0.000000 0.000004 0.020135 
0.000000 0.061463 0.000000 0.030057 0.000065 0.075563 0.525026 0.000000 0.000000 0.261125 0.046701 
0.000000 0.012721 0.000000 0.067206 0.016749 0.466831 0.137327 0.000000 0.000000 0.000004 0.299160 
0.030104 0.324735 0.544225 0.000001 0.007239 0.000000 0.030865 0.000000 0.000000 0.000004 0.062827 
0.000000 0.206682 0.074627 0.000001 0.600935 0.032371 0.072104 0.000000 0.000000 0.000006 0.013272 
0.000000 0.015303 0.000000 0.330572 0.068560 0.000000 0.477272 0.000000 0.042470 0.040978 0.024845 
0.000000 0.010939 0.000000 0.000001 0.109764 0.253602 0.185727 0.069680 0.174476 0.014184 0.181626 
0.000000 0.040492 0.000000 0.048562 0.549973 0.000000 0.183775 0.117531 0.000000 0.005654 0.054013 
0.000000 0.018899 0.000000 0.039186 0.410376 0.000000 0.361554 0.000000 0.000000 0.132353 0.037632 
0.289075 0.021139 0.038976 0.123806 0.012685 0.146775 0.189374 0.000000 0.023918 0.000004 0.154247 
0.000000 0.031388 0.098458 0.000001 0.610967 0.000000 0.184512 0.000000 0.057635 0.004389 0.012650 
0.000000 0.075238 0.016388 0.000002 0.023207 0.000000 0.284911 0.000000 0.041181 0.140886 0.418187 
0.106755 0.096124 0.020047 0.310551 0.091211 0.014782 0.332600 0.000000 0.000000 0.023820 0.004110 
0.034016 0.027728 0.000000 0.045321 0.040598 0.052079 0.362150 0.034190 0.162262 0.174454 0.067202 
0.591490 0.045110 0.000000 0.023501 0.027053 0.000000 0.052991 0.225037 0.000000 0.000003 0.034814 
0.000000 0.486381 0.000000 0.000001 0.026498 0.022313 0.129867 0.043265 0.228964 0.000004 0.062707 
0.000000 0.010699 0.037052 0.090715 0.017226 0.000000 0.496446 0.061894 0.102104 0.164179 0.019685 
0.094701 0.150931 0.000000 0.000001 0.249793 0.000000 0.314174 0.000000 0.000000 0.164902 0.025497 
0.000000 0.692874 0.000000 0.044175 0.035312 0.000000 0.126074 0.000000 0.077156 0.012416 0.011993 
0.000000 0.037589 0.011131 0.032825 0.050483 0.445137 0.041713 0.000000 0.028756 0.000005 0.352362 
0.007667 0.011215 0.419299 0.088194 0.021919 0.000000 0.179234 0.212901 0.000000 0.036308 0.023264 
0.000000 0.033120 0.143404 0.075676 0.129834 0.000000 0.327777 0.121327 0.049289 0.094410 0.025163 
0.000000 0.790771 0.173419 0.000001 0.000097 0.000000 0.028419 0.000000 0.000000 0.007006 0.000286 
0.014551 0.052357 0.025651 0.028516 0.033331 0.000000 0.259197 0.000000 0.000000 0.080075 0.506321 
0.022449 0.051664 0.077003 0.040690 0.035740 0.028072 0.178192 0.000000 0.033384 0.000004 0.532802 
0.000000 0.031818 0.000000 0.027457 0.005273 0.000000 0.564952 0.000000 0.000000 0.318283 0.052215 
0.000000 0.027480 0.705556 0.033421 0.025049 0.000000 0.120929 0.037277 0.000000 0.042636 0.007652 
0.007422 0.039297 0.477410 0.015218 0.008370 0.000000 0.063761 0.107169 0.000000 0.000004 0.281349 
0.000000 0.011239 0.125792 0.053251 0.000055 0.033288 0.522417 0.000000 0.000000 0.252908 0.001049 
0.000000 0.738770 0.000000 0.033725 0.015186 0.062509 0.098361 0.000000 0.000000 0.024598 0.026849 
0.869536 0.048894 0.000000 0.000001 0.000043 0.000000 0.021733 0.000000 0.048203 0.000006 0.011583 
0.023362 0.038835 0.079460 0.000001 0.052729 0.000000 0.226895 0.000000 0.281030 0.000004 0.297683 
0.011180 0.033062 0.314897 0.000001 0.000060 0.051264 0.100014 0.076685 0.000000 0.018581 0.394254 
0.196473 0.012925 0.587690 0.049513 0.000086 0.032020 0.098875 0.000000 0.015400 0.000003 0.007014 
0.016344 0.438530 0.470060 0.025283 0.000056 0.000000 0.039585 0.000000 0.000000 0.009530 0.000611 
0.130199 0.054437 0.000000 0.000002 0.007987 0.451261 0.043878 0.000000 0.000000 0.000003 0.312233 
0.178628 0.048988 0.000000 0.018380 0.000052 0.190901 0.051003 0.068032 0.000000 0.011841 0.432174 
0.043593 0.445098 0.000000 0.000001 0.014494 0.145422 0.027733 0.036297 0.000000 0.000005 0.287357 
0.288910 0.089363 0.000000 0.000001 0.077725 0.036080 0.176863 0.000000 0.000000 0.061874 0.269182 
0.000000 0.005393 0.037023 0.351237 0.065629 0.000000 0.440887 0.049799 0.028091 0.000004 0.021938 
0.000000 0.035701 0.154001 0.000001 0.076211 0.000000 0.238792 0.100940 0.383867 0.000004 0.010482 
0.000000 0.035728 0.012113 0.108646 0.094495 0.000000 0.226909 0.403943 0.000000 0.061197 0.056968 
0.000000 0.086232 0.000000 0.000001 0.000045 0.511345 0.030645 0.000000 0.000000 0.004708 0.367023 
0.041174 0.045926 0.000000 0.000002 0.055938 0.000000 0.143719 0.148998 0.067122 0.000004 0.497116 
0.000000 0.022436 0.000000 0.000001 0.095515 0.000000 0.286938 0.089180 0.443722 0.020384 0.041824 
0.000000 0.037249 0.000000 0.062739 0.048789 0.023407 0.387000 0.244536 0.000000 0.186460 0.009820 
0.018149 0.045463 0.000000 0.126945 0.085258 0.000000 0.140084 0.503864 0.000000 0.029353 0.050883 
0.000000 0.027476 0.000000 0.000001 0.031022 0.016987 0.579504 0.000000 0.000000 0.276962 0.068048 
0.339466 0.040870 0.000000 0.000001 0.009558 0.251843 0.059695 0.052850 0.069052 0.000004 0.176659 
0.000000 0.048230 0.000000 0.044339 0.175418 0.000000 0.279637 0.064961 0.000000 0.150107 0.237307 
0.000000 0.038533 0.066920 0.157668 0.135290 0.000000 0.426860 0.000000 0.030302 0.112615 0.031810 
0.000000 0.548853 0.143477 0.038963 0.028131 0.030919 0.083436 0.000000 0.011939 0.027970 0.086312 
0.110230 0.061749 0.038476 0.000001 0.017776 0.169142 0.071890 0.000000 0.066286 0.000004 0.464446 
0.000000 0.432800 0.015843 0.000001 0.000044 0.000000 0.367530 0.000000 0.000000 0.183471 0.000311 
0.000000 0.015642 0.114563 0.000001 0.016456 0.457475 0.036826 0.000000 0.000000 0.000004 0.359033 
0.000000 0.115688 0.000000 0.000001 0.597307 0.000000 0.193751 0.000000 0.071284 0.000004 0.021964 
0.000000 0.506127 0.000000 0.017349 0.003906 0.272021 0.016778 0.000000 0.000000 0.000004 0.183813 
0.000000 0.029115 0.000000 0.000001 0.697169 0.000000 0.150844 0.063066 0.021852 0.000004 0.037948 
0.920311 0.064510 0.000000 0.000002 0.000048 0.000000 0.005192 0.000000 0.000000 0.002751 0.007186 
0.000000 0.077517 0.586594 0.000002 0.000053 0.000000 0.215355 0.000000 0.000000 0.119989 0.000489 
0.000000 0.298006 0.000000 0.000001 0.016781 0.150234 0.190013 0.045186 0.233400 0.000005 0.066373 
0.028859 0.674429 0.000000 0.000001 0.116165 0.000000 0.069426 0.068018 0.000000 0.012713 0.030387 
0.031721 0.496096 0.157649 0.018646 0.022344 0.000000 0.077570 0.059697 0.000000 0.000003 0.136275 
0.029753 0.256801 0.000000 0.000001 0.047304 0.025755 0.223941 0.113867 0.225559 0.046730 0.030289 
0.000000 0.016194 0.000000 0.035353 0.079297 0.088067 0.418444 0.000000 0.102754 0.211679 0.048211 
0.000000 0.018006 0.000000 0.026806 0.011726 0.455549 0.039261 0.089163 0.000000 0.025235 0.334253 
0.009011 0.008856 0.000000 0.314545 0.123142 0.000000 0.448498 0.046623 0.000000 0.017102 0.032223 
0.486447 0.041646 0.200644 0.061118 0.000053 0.000000 0.100629 0.046616 0.000000 0.054228 0.008618 
0.000000 0.676859 0.273122 0.000001 0.000053 0.000000 0.030360 0.000000 0.000000 0.000003 0.019602 
0.000000 0.021994 0.000000 0.384862 0.062495 0.000000 0.479700 0.000000 0.050188 0.000004 0.000757 
0.218412 0.034124 0.026355 0.018562 0.000045 0.017692 0.414227 0.000000 0.000000 0.255216 0.015367 
0.006513 0.051095 0.021452 0.111730 0.039989 0.162650 0.202422 0.000000 0.033192 0.020446 0.350510 
0.000000 0.077291 0.876378 0.000001 0.000048 0.000000 0.033404 0.000000 0.000000 0.000002 0.012875 
0.097018 0.022872 0.078000 0.045006 0.043806 0.026979 0.304641 0.224267 0.000000 0.111090 0.046322 
0.050558 0.042343 0.000000 0.029826 0.701888 0.018655 0.096751 0.000000 0.012535 0.000004 0.047439 
0.004718 0.968059 0.000000 0.000001 0.008852 0.000000 0.011473 0.000000 0.000000 0.004919 0.001977 
0.012458 0.007085 0.033184 0.317025 0.076121 0.000000 0.502352 0.000000 0.000000 0.008974 0.042801 
0.089593 0.022727 0.000000 0.018960 0.000046 0.000000 0.540349 0.044829 0.000000 0.269788 0.013706 
0.000000 0.023137 0.000000 0.000001 0.101130 0.000000 0.423694 0.062806 0.132301 0.191211 0.065719 
0.000000 0.014970 0.000000 0.000001 0.027357 0.000000 0.544132 0.029738 0.167781 0.196443 0.019578 
0.000000 0.004389 0.117959 0.021011 0.011682 0.478335 0.018748 0.000000 0.000000 0.000004 0.347871 
0.000000 0.032818 0.000000 0.000002 0.025359 0.138271 0.174515 0.115432 0.000000 0.060139 0.453464 
0.000000 0.122900 0.095619 0.000002 0.000051 0.000000 0.271259 0.000000 0.032936 0.098081 0.379153 
0.000000 0.032995 0.222434 0.021998 0.033254 0.249012 0.072526 0.191295 0.000000 0.000005 0.176481 
0.015303 0.524301 0.222634 0.000001 0.011106 0.000000 0.049772 0.000000 0.000000 0.002162 0.174719 
0.072136 0.039432 0.008519 0.000002 0.027990 0.000000 0.120666 0.018427 0.000000 0.000004 0.712825 
0.171882 0.199830 0.000000 0.000002 0.038484 0.000000 0.099750 0.017585 0.000000 0.013957 0.458511 
0.020022 0.234702 0.000000 0.054458 0.067563 0.000000 0.134090 0.352140 0.077419 0.012956 0.046649 
0.012901 0.968126 0.000000 0.000001 0.006194 0.000000 0.010986 0.000000 0.000000 0.000003 0.001789 
0.187511 0.063299 0.247677 0.017417 0.068207 0.000000 0.103269 0.262362 0.000000 0.012522 0.037737 
0.374942 0.034401 0.000000 0.028969 0.017144 0.212251 0.060933 0.111095 0.000000 0.000005 0.160258 
0.881074 0.057833 0.000000 0.003322 0.004253 0.000000 0.023665 0.000000 0.021624 0.000003 0.008224 
0.000000 0.051634 0.000000 0.000002 0.734672 0.023806 0.119224 0.020065 0.000000 0.000004 0.050593 
0.029202 0.747186 0.000000 0.016436 0.043075 0.000000 0.050707 0.000000 0.000000 0.000003 0.113391 
0.000000 0.068282 0.493668 0.000001 0.000074 0.178705 0.035424 0.062721 0.000000 0.005207 0.155917 
0.079962 0.016052 0.000000 0.000001 0.138289 0.062006 0.253972 0.030582 0.312822 0.053003 0.053311 
0.009467 0.024524 0.290487 0.088002 0.095147 0.030130 0.108451 0.307361 0.000000 0.008923 0.037507 
0.000000 0.025589 0.000000 0.033462 0.028478 0.000000 0.579874 0.000000 0.000000 0.325432 0.007165 
0.000000 0.029551 0.430957 0.000002 0.133384 0.015311 0.109308 0.000000 0.077697 0.000004 0.203788 
0.000000 0.047947 0.000000 0.000002 0.444404 0.000000 0.230020 0.171408 0.000000 0.065920 0.040300 
0.000000 0.016290 0.017719 0.193841 0.108512 0.000000 0.327789 0.000000 0.022586 0.056275 0.256989 
0.000000 0.034886 0.000000 0.000001 0.000054 0.000000 0.578578 0.048114 0.000000 0.327643 0.010723 
0.172023 0.027751 0.345127 0.089071 0.040075 0.035679 0.117869 0.172100 0.000000 0.000004 0.000301 
0.000000 0.661233 0.188429 0.000002 0.000056 0.000000 0.066472 0.000000 0.051130 0.000004 0.032675 
0.000000 0.011676 0.016675 0.189327 0.048917 0.000000 0.446430 0.049000 0.217649 0.000004 0.020323 
0.000000 0.024689 0.000000 0.000001 0.000062 0.000000 0.591513 0.033141 0.000000 0.337132 0.013462 
0.830172 0.049723 0.000000 0.000001 0.000033 0.000000 0.015211 0.023839 0.000000 0.000005 0.081015 
0.030463 0.932829 0.000000 0.000001 0.018547 0.000000 0.018046 0.000000 0.000000 0.000006 0.000107 
0.630470 0.032402 0.252986 0.000001 0.000040 0.000000 0.065966 0.000000 0.000000 0.016362 0.001772 
0.000000 0.053053 0.000000 0.098603 0.099548 0.000000 0.237128 0.380758 0.000000 0.087533 0.043377 
0.000000 0.452289 0.000000 0.095570 0.036664 0.087723 0.220626 0.000000 0.000000 0.013524 0.093603 
0.000000 0.074062 0.000000 0.000002 0.008138 0.000000 0.586594 0.000000 0.000000 0.295241 0.035963 
0.000000 0.482253 0.000000 0.063133 0.025379 0.000000 0.326446 0.000000 0.000000 0.100598 0.002190 
0.738349 0.043652 0.093882 0.000001 0.000046 0.011214 0.056612 0.000000 0.027799 0.028055 0.000391 
0.000000 0.020553 0.016484 0.092958 0.029263 0.154923 0.346523 0.081551 0.041289 0.146374 0.070082 
0.067471 0.037012 0.000000 0.064596 0.073013 0.000000 0.233360 0.127882 0.348192 0.022380 0.026095 
0.000000 0.476807 0.096796 0.000001 0.012207 0.079275 0.032990 0.000000 0.016652 0.011174 0.274098 
0.071262 0.021621 0.000000 0.343170 0.097288 0.000000 0.425205 0.000000 0.000000 0.000003 0.041450 
0.000000 0.059237 0.000000 0.187617 0.090101 0.000000 0.231106 0.334208 0.000000 0.051340 0.046392 
0.000000 0.185835 0.000000 0.000002 0.138475 0.374019 0.047145 0.000000 0.000000 0.000004 0.254520 
0.000000 0.030675 0.000000 0.008020 0.159403 0.057606 0.271848 0.046120 0.376835 0.000005 0.049488 
0.000000 0.026476 0.892420 0.006973 0.000065 0.000000 0.034695 0.000000 0.000000 0.014355 0.025015 
0.011630 0.043222 0.000000 0.136271 0.101766 0.037554 0.158791 0.442598 0.000000 0.024354 0.043815 
0.569392 0.046818 0.201908 0.000001 0.024027 0.000000 0.052353 0.041005 0.000000 0.016951 0.047547 
0.000000 0.016331 0.109095 0.314689 0.054596 0.000000 0.435235 0.000000 0.025149 0.011076 0.033829 
0.000000 0.035407 0.000000 0.000001 0.665682 0.000000 0.186019 0.040833 0.000000 0.019864 0.052193 
0.472987 0.309506 0.118921 0.000001 0.000061 0.000000 0.063628 0.000000 0.000000 0.028829 0.006067 
0.000000 0.042740 0.010134 0.000001 0.001900 0.557617 0.006633 0.000000 0.000000 0.000007 0.380967 
0.000000 0.033915 0.000000 0.155236 0.097592 0.000000 0.305254 0.000000 0.028117 0.007223 0.372662 
0.000000 0.014499 0.000000 0.344446 0.071577 0.077522 0.381144 0.000000 0.000000 0.018613 0.092199 
0.000000 0.245230 0.000000 0.074660 0.029543 0.000000 0.177848 0.240748 0.012754 0.090460 0.128757 
0.000000 0.032952 0.023403 0.070231 0.011665 0.000000 0.093537 0.129360 0.000000 0.033260 0.605590 
0.000000 0.022232 0.732183 0.031776 0.000061 0.000000 0.048380 0.124672 0.000000 0.008529 0.032167 
0.229462 0.149925 0.000000 0.018644 0.013401 0.000000 0.317572 0.092446 0.000000 0.157385 0.021165 
0.804108 0.018087 0.014505 0.000002 0.000068 0.000000 0.057273 0.000000 0.029656 0.000004 0.076297 
0.000000 0.046579 0.000000 0.108243 0.103141 0.000000 0.112088 0.535507 0.012976 0.024836 0.056629 
0.010867 0.036525 0.000000 0.047407 0.016506 0.160121 0.329698 0.135823 0.000000 0.151311 0.111742 
0.922625 0.057031 0.000000 0.000001 0.000022 0.000000 0.001680 0.000000 0.010184 0.003800 0.004656 
0.000000 0.025939 0.000000 0.130925 0.458408 0.000000 0.295901 0.000000 0.013698 0.035216 0.039912 
0.000000 0.006182 0.090782 0.192318 0.070056 0.101385 0.343496 0.000000 0.053098 0.032038 0.110644 
0.009350 0.052793 0.000000 0.034785 0.061077 0.000000 0.166493 0.037734 0.135653 0.007664 0.494451 
0.000000 0.062947 0.037406 0.000002 0.000055 0.430862 0.021490 0.027220 0.012700 0.011293 0.396025 
0.235722 0.091250 0.000000 0.000001 0.534260 0.037679 0.090418 0.000000 0.000000 0.000003 0.010667 
0.000000 0.018661 0.000000 0.012233 0.013030 0.025395 0.560263 0.000000 0.025948 0.288327 0.056142 
0.000000 0.033433 0.000000 0.000002 0.565180 0.032156 0.131917 0.081847 0.000000 0.009026 0.146440 
0.010338 0.006854 0.000000 0.000001 0.334838 0.000000 0.314825 0.000000 0.220190 0.089922 0.023030 
0.000000 0.025080 0.000000 0.041185 0.636706 0.000000 0.143547 0.000000 0.019964 0.000004 0.133514 
0.024719 0.021300 0.000000 0.031895 0.045872 0.000000 0.534700 0.000000 0.000000 0.324458 0.017055 
0.000000 0.008633 0.005955 0.376299 0.063746 0.000000 0.466255 0.000000 0.035194 0.013748 0.030171 
0.017434 0.030294 0.000000 0.216503 0.069944 0.000000 0.332792 0.000000 0.020597 0.016412 0.296023 
0.010952 0.019379 0.877895 0.000002 0.000056 0.000000 0.044656 0.000000 0.000000 0.000004 0.047055 
0.034988 0.019222 0.038604 0.355864 0.072273 0.000000 0.476427 0.000000 0.000000 0.000004 0.002619 
0.000000 0.033807 0.512712 0.029369 0.050638 0.000000 0.139194 0.096066 0.125615 0.007418 0.005182 
0.000000 0.055465 0.065855 0.000002 0.009656 0.000000 0.190788 0.060298 0.030040 0.087654 0.500241 
0.026116 0.326137 0.000000 0.000001 0.053036 0.000000 0.199964 0.062671 0.317535 0.007713 0.006826 
0.006973 0.027106 0.000000 0.063564 0.064458 0.000000 0.392332 0.039314 0.327075 0.035897 0.043281 
0.641636 0.336428 0.000000 0.000002 0.004351 0.000000 0.010153 0.000000 0.000000 0.000002 0.007427 
0.196172 0.078545 0.418830 0.000002 0.032132 0.000000 0.064330 0.000000 0.033033 0.021324 0.155633 
0.008438 0.012346 0.000000 0.000002 0.000061 0.000000 0.614445 0.000000 0.026394 0.320421 0.017894 
0.000000 0.087927 0.013327 0.000001 0.000081 0.000000 0.565603 0.062727 0.000000 0.256602 0.013731 
0.000000 0.288419 0.093683 0.147816 0.049009 0.000000 0.264307 0.018199 0.128891 0.000004 0.009671 
0.013692 0.213594 0.526014 0.013565 0.127569 0.000000 0.059410 0.000000 0.000000 0.018586 0.027571 
0.197407 0.041414 0.000000 0.122314 0.100709 0.000000 0.286423 0.000000 0.226401 0.011488 0.013844 
0.000000 0.487924 0.000000 0.000002 0.047964 0.000000 0.112281 0.076832 0.225585 0.026116 0.023296 
0.059503 0.013668 0.025441 0.020208 0.067362 0.000000 0.436404 0.097778 0.020472 0.238576 0.020588 
0.000000 0.156118 0.077125 0.288834 0.077426 0.000000 0.326613 0.000000 0.056218 0.005190 0.012476 
0.532285 0.068429 0.000000 0.000001 0.058289 0.041998 0.134734 0.000000 0.000000 0.020623 0.143639 
0.205030 0.025634 0.000000 0.034012 0.015458 0.000000 0.355526 0.079142 0.025013 0.180561 0.079623 
0.152982 0.040365 0.000000 0.040406 0.000097 0.000000 0.500109 0.000000 0.045117 0.207737 0.013187 
0.000000 0.606811 0.000000 0.000001 0.023787 0.000000 0.160824 0.000000 0.031893 0.071138 0.105545 
0.181790 0.411231 0.028102 0.102206 0.038660 0.008018 0.167667 0.051827 0.000000 0.000005 0.010494 
0.000000 0.101313 0.014191 0.239600 0.043703 0.000000 0.284914 0.274228 0.000000 0.022294 0.019758 
0.120474 0.675463 0.000000 0.000002 0.008152 0.000000 0.078292 0.056006 0.000000 0.045209 0.016402 
0.000000 0.035350 0.013440 0.000001 0.067823 0.000000 0.451633 0.075739 0.268545 0.081400 0.006069 
0.105652 0.050946 0.000000 0.113112 0.035872 0.000000 0.113445 0.499605 0.000000 0.027519 0.053849 
0.019950 0.036368 0.159502 0.070911 0.050886 0.000000 0.284709 0.059223 0.314664 0.000003 0.003784 
0.000000 0.027119 0.000000 0.143422 0.527580 0.000000 0.262920 0.000000 0.011116 0.000003 0.027839 
