-1947509.236375
0
0.000000 0.000563 0.000000 0.000000 0.000000 0.000000 0.000341 0.000718 0.008099 0.001775 0.001677 0.002478 0.000000 0.000000 0.000000 0.000000 0.000899 0.000621 0.000000 0.001116 0.000000 0.000000 0.000000 0.000239 0.000404 0.000000 0.000000 0.000000 0.000000 0.000000 0.000000 0.000000 0.011085 0.000000 0.002715 0.005397 0.000000 0.000000 0.000000 0.000259 0.000594 0.000555 0.000000 0.000000 0.000000 0.000000 0.000149 0.000000 0.000000 0.000000 0.000000 0.000000 0.000000 0.000000 0.000000 0.000000 0.006321 0.000736 0.000000 0.002642 0.000000 0.000157 0.000000 0.000000 0.000000 0.000000 0.000000 0.000482 0.000000 0.000000 0.000000 0.000000 0.015923 0.005927 0.002373 0.010683 0.042980 0.000000 0.001741 0.072987 0.445329 0.072168 0.041303 0.238562 0.000000 0.000000 0.000000 0.000000 0.000000 0.000000 0.000000 0.000000 0.000000 0.000000 0.000000 0.000000 
0.039071 0.025027 0.025356 0.020160 0.005825 0.004747 0.005553 0.000000 0.010621 0.005898 0.000000 0.000000 0.006461 0.000000 0.008904 0.000000 0.000000 0.003206 0.003527 0.000000 0.000000 0.000000 0.000000 0.000000 0.044368 0.071389 0.015381 0.049739 0.013668 0.014858 0.010890 0.006633 0.026115 0.015865 0.009622 0.010406 0.004779 0.005417 0.041964 0.000000 0.001658 0.000000 0.010135 0.000000 0.000000 0.001595 0.004884 0.000892 0.048339 0.048259 0.036971 0.021803 0.007038 0.013679 0.009263 0.003112 0.012747 0.011046 0.000000 0.006620 0.003225 0.000729 0.017580 0.000000 0.003717 0.000000 0.006175 0.001362 0.000000 0.000000 0.000000 0.000000 0.041467 0.069803 0.015743 0.043261 0.000000 0.015800 0.005306 0.001675 0.000000 0.000000 0.000000 0.000000 0.003126 0.000000 0.013844 0.000000 0.003914 0.002455 0.004790 0.002533 0.000000 0.000000 0.000000 0.000000 
0.000000 0.000000 0.000000 0.025179 0.000000 0.000000 0.000000 0.000000 0.000000 0.000002 0.032363 0.013972 0.000000 0.000000 0.000000 0.001822 0.000000 0.000000 0.000001 0.000001 0.000000 0.000000 0.000000 0.000000 0.000000 0.000000 0.000000 0.000000 0.000000 0.000000 0.000000 0.000000 0.000000 0.000000 0.000000 0.000000 0.000000 0.000000 0.000000 0.000000 0.000000 0.000001 0.000001 0.000000 0.000000 0.000000 0.000001 0.000000 0.000000 0.000000 0.000000 0.000000 0.000000 0.001031 0.000000 0.000000 0.000000 0.045534 0.000000 0.044347 0.000000 0.000000 0.000000 0.000000 0.000000 0.000000 0.000000 0.000001 0.000000 0.000000 0.002582 0.000000 0.000000 0.016344 0.009958 0.000000 0.000000 0.000000 0.000000 0.000000 0.000000 0.040443 0.724054 0.000000 0.000000 0.000000 0.000000 0.000000 0.010699 0.031660 0.000000 0.000001 0.000000 0.000000 0.000000 0.000000 
0.000000 0.000000 0.000000 0.000000 0.001098 0.000000 0.000000 0.000000 0.027863 0.017488 0.037019 0.016139 0.000000 0.003225 0.000000 0.004508 0.000888 0.006551 0.027143 0.000000 0.000000 0.002207 0.001775 0.002356 0.011256 0.032887 0.015145 0.088212 0.000000 0.000000 0.000000 0.000000 0.000000 0.003674 0.086601 0.000000 0.000000 0.001457 0.000000 0.000000 0.006665 0.002281 0.038816 0.000754 0.000000 0.004935 0.007058 0.012670 0.000000 0.005212 0.003364 0.010427 0.000000 0.003914 0.000000 0.000000 0.088384 0.103691 0.148083 0.072394 0.000000 0.000000 0.000000 0.001569 0.012532 0.005493 0.013874 0.000001 0.000000 0.001879 0.001337 0.005077 0.000000 0.000000 0.000000 0.000000 0.000000 0.000000 0.000000 0.000000 0.009637 0.000000 0.017556 0.002195 0.000000 0.000000 0.000000 0.000000 0.005130 0.003177 0.010479 0.001199 0.000000 0.002696 0.000000 0.010028 
0.006227 0.004339 0.001356 0.000854 0.000000 0.000000 0.000000 0.000000 0.039008 0.016545 0.234303 0.015174 0.003123 0.001416 0.000000 0.007923 0.015517 0.007658 0.011475 0.009051 0.000000 0.001835 0.000000 0.002653 0.001249 0.000000 0.000000 0.000000 0.000000 0.000000 0.000000 0.000000 0.020222 0.016030 0.123420 0.012835 0.000000 0.000000 0.000000 0.000000 0.004808 0.005871 0.007479 0.006275 0.000000 0.001793 0.000000 0.000000 0.005918 0.002605 0.000000 0.000979 0.000000 0.000000 0.000000 0.000000 0.033422 0.035821 0.140318 0.020555 0.000000 0.000000 0.000000 0.000000 0.013843 0.007750 0.006275 0.013329 0.000000 0.000000 0.000000 0.000000 0.006345 0.007437 0.002401 0.000000 0.000000 0.000000 0.000000 0.000000 0.000000 0.000000 0.084124 0.003778 0.004243 0.000000 0.000000 0.000000 0.009953 0.004911 0.011426 0.006128 0.000000 0.000000 0.000000 0.000000 
0.000000 0.000000 0.000000 0.000000 0.000000 0.000000 0.000000 0.000000 0.000000 0.003987 0.000000 0.000000 0.000000 0.000000 0.000000 0.000000 0.003816 0.008095 0.003264 0.004913 0.000000 0.005754 0.002330 0.021587 0.001666 0.000000 0.000000 0.022323 0.000000 0.000000 0.000000 0.000000 0.000000 0.000000 0.013763 0.000000 0.000000 0.000000 0.000000 0.000000 0.000000 0.002944 0.001507 0.002177 0.003013 0.003295 0.005512 0.029218 0.000000 0.001851 0.000000 0.012849 0.000000 0.000000 0.000000 0.000398 0.000000 0.000000 0.039014 0.003070 0.000000 0.000000 0.000000 0.000000 0.011096 0.015822 0.010090 0.017806 0.000000 0.003536 0.000000 0.004495 0.056236 0.008507 0.000000 0.467667 0.000000 0.000000 0.000000 0.000000 0.000000 0.000000 0.000000 0.052843 0.000000 0.000000 0.000000 0.003570 0.000000 0.000000 0.010966 0.014998 0.010725 0.015682 0.002639 0.096975 
0.004040 0.000000 0.000000 0.000000 0.001724 0.000000 0.000000 0.001902 0.000000 0.002130 0.000000 0.000000 0.016715 0.000000 0.004926 0.021113 0.025315 0.010442 0.021260 0.028340 0.052813 0.009067 0.004946 0.028150 0.004826 0.000000 0.000000 0.000000 0.000000 0.000000 0.000000 0.001923 0.005850 0.003538 0.000000 0.000000 0.004289 0.000000 0.000767 0.000000 0.019688 0.012491 0.017938 0.041147 0.035650 0.009362 0.019138 0.079187 0.009726 0.007511 0.000000 0.001460 0.000000 0.000000 0.000000 0.004363 0.005341 0.000000 0.000000 0.010544 0.000000 0.001972 0.000000 0.000000 0.008891 0.011027 0.011150 0.011842 0.011514 0.000000 0.004725 0.028901 0.018791 0.000000 0.000000 0.000000 0.000000 0.000000 0.000000 0.004144 0.000000 0.000000 0.000000 0.002558 0.029356 0.000000 0.019824 0.012534 0.020828 0.018037 0.012731 0.048339 0.092339 0.010918 0.011483 0.080469 
0.000000 0.000000 0.000000 0.000000 0.000000 0.000000 0.000000 0.000000 0.000000 0.018985 0.000000 0.004443 0.000970 0.000583 0.000937 0.003187 0.001118 0.000000 0.000759 0.001214 0.000000 0.000000 0.000567 0.000000 0.000876 0.000000 0.000000 0.001419 0.000186 0.000000 0.000597 0.000000 0.075650 0.101844 0.022092 0.080853 0.000000 0.001325 0.000228 0.001782 0.000757 0.000701 0.000948 0.004371 0.000000 0.000784 0.000860 0.001582 0.000000 0.000000 0.000000 0.000000 0.000000 0.000736 0.000000 0.000000 0.000000 0.021331 0.000000 0.016213 0.000000 0.000000 0.000518 0.000724 0.000000 0.000000 0.000000 0.007612 0.000000 0.000000 0.001822 0.000885 0.001300 0.001949 0.000000 0.000000 0.000000 0.001279 0.000000 0.000000 0.123324 0.290308 0.096564 0.085616 0.000788 0.001688 0.001271 0.005764 0.002271 0.001659 0.001763 0.002607 0.000000 0.000717 0.000997 0.000674 
0.050347 0.019212 0.000000 0.030759 0.000000 0.000000 0.000000 0.000000 0.029127 0.000001 0.024704 0.032276 0.040942 0.016206 0.025241 0.056645 0.003507 0.019549 0.000000 0.045328 0.013028 0.000000 0.016886 0.005678 0.000000 0.000000 0.000000 0.017495 0.008410 0.016345 0.000000 0.000000 0.000000 0.000000 0.000000 0.000000 0.010114 0.013669 0.007988 0.019260 0.000000 0.019430 0.000000 0.007864 0.005683 0.004556 0.014442 0.007296 0.025500 0.000000 0.000000 0.013007 0.000000 0.010489 0.000000 0.000000 0.000000 0.000000 0.004572 0.000008 0.000000 0.000000 0.016021 0.026546 0.000000 0.012126 0.013527 0.014614 0.002775 0.000000 0.010266 0.015816 0.038258 0.008540 0.000000 0.000000 0.000000 0.011765 0.000000 0.000000 0.000000 0.000000 0.000000 0.000000 0.030376 0.018268 0.022374 0.058848 0.013776 0.018755 0.000000 0.023556 0.000000 0.002461 0.005764 0.000000 
0.000000 0.000000 0.000000 0.000000 0.012304 0.010516 0.000000 0.016275 0.025163 0.021072 0.000000 0.020929 0.000000 0.009182 0.015805 0.000000 0.086201 0.021795 0.061662 0.044871 0.000000 0.004575 0.000000 0.000000 0.000000 0.000000 0.000000 0.000000 0.000000 0.000000 0.000000 0.007210 0.030145 0.020304 0.004764 0.026305 0.000000 0.000000 0.007111 0.005909 0.038275 0.015073 0.038153 0.037679 0.000000 0.001091 0.005112 0.015672 0.008163 0.009131 0.000000 0.007879 0.000000 0.002451 0.000000 0.002859 0.030271 0.029699 0.000000 0.036885 0.014581 0.005457 0.000000 0.000000 0.036329 0.015454 0.026336 0.025199 0.002627 0.000000 0.000000 0.000000 0.000000 0.000001 0.000000 0.000000 0.000000 0.000000 0.000000 0.000000 0.000000 0.000000 0.000000 0.006797 0.005590 0.000000 0.002481 0.000000 0.031019 0.019520 0.023356 0.026066 0.000000 0.005795 0.007059 0.015842 
0.012255 0.000000 0.000000 0.000000 0.035128 0.021117 0.011270 0.036416 0.023642 0.007725 0.000000 0.013607 0.010545 0.000000 0.000000 0.000000 0.000000 0.014900 0.005946 0.021334 0.000000 0.000000 0.014138 0.010102 0.000000 0.000000 0.007054 0.000000 0.030519 0.027235 0.009606 0.038967 0.020432 0.004995 0.002162 0.002260 0.000000 0.007833 0.003974 0.005105 0.006126 0.019593 0.007562 0.005777 0.000000 0.012150 0.017179 0.006859 0.000000 0.000000 0.000000 0.000000 0.025047 0.020926 0.003408 0.028366 0.034313 0.016494 0.000000 0.012671 0.000000 0.000000 0.010355 0.000000 0.005780 0.011318 0.009178 0.006324 0.007377 0.007383 0.028878 0.007005 0.000000 0.015908 0.000000 0.000000 0.023815 0.043494 0.005120 0.054326 0.014983 0.000000 0.000000 0.000000 0.004144 0.010499 0.010656 0.007371 0.015705 0.019851 0.012909 0.014325 0.000000 0.009897 0.013007 0.015652 
0.035941 0.048360 0.004280 0.040664 0.018706 0.009778 0.000000 0.018781 0.014238 0.010349 0.000000 0.019214 0.000000 0.015209 0.013334 0.009786 0.029259 0.000000 0.019989 0.010527 0.000000 0.000000 0.004509 0.000000 0.058551 0.043941 0.000000 0.041138 0.006628 0.000000 0.000000 0.015642 0.004512 0.003983 0.000000 0.034091 0.017100 0.025300 0.025241 0.036993 0.010728 0.008040 0.011509 0.017264 0.000000 0.000000 0.003006 0.000000 0.025101 0.029596 0.000000 0.033258 0.005551 0.000000 0.000000 0.013200 0.000000 0.000000 0.000000 0.009149 0.013704 0.015521 0.006796 0.015826 0.009502 0.000000 0.000000 0.002753 0.000000 0.000000 0.005858 0.000000 0.018338 0.026409 0.002798 0.000000 0.008937 0.000000 0.000000 0.012380 0.000000 0.000000 0.000000 0.012564 0.008409 0.013430 0.000000 0.014606 0.000000 0.000000 0.000000 0.000000 0.000000 0.000000 0.009722 0.000000 
0.000001 0.000087 0.000000 0.000000 0.551086 0.045995 0.084534 0.192653 0.032475 0.000000 0.000001 0.093168 
0.108669 0.365147 0.000000 0.000000 0.192658 0.015730 0.017645 0.050837 0.085380 0.000000 0.000001 0.163931 
0.000001 0.038832 0.000000 0.000000 0.060197 0.033822 0.205314 0.310250 0.000083 0.135360 0.065240 0.150901 
0.020643 0.153844 0.023712 0.000000 0.567724 0.030192 0.021563 0.023597 0.022499 0.000000 0.000001 0.136226 
0.007168 0.166569 0.000000 0.050646 0.387900 0.040981 0.012471 0.047261 0.061913 0.000000 0.083493 0.141598 
0.000001 0.016703 0.000000 0.335557 0.438311 0.022281 0.026529 0.064381 0.000082 0.000000 0.014790 0.081364 
0.000001 0.000064 0.158736 0.233162 0.084298 0.383447 0.000002 0.045044 0.000073 0.000000 0.015102 0.080070 
0.000001 0.036979 0.017790 0.000000 0.249489 0.028843 0.000001 0.446216 0.016685 0.054302 0.052594 0.097100 
0.363446 0.011792 0.000000 0.000000 0.237924 0.064314 0.000002 0.015391 0.102457 0.000000 0.000001 0.204673 
0.419193 0.016551 0.027320 0.000000 0.337159 0.012521 0.000002 0.071325 0.019666 0.000000 0.038363 0.057900 
0.000001 0.040056 0.012294 0.000000 0.012110 0.005975 0.020467 0.807750 0.051862 0.000000 0.000001 0.049483 
0.000001 0.174798 0.086277 0.000000 0.025952 0.281441 0.197573 0.036147 0.040495 0.027267 0.000001 0.130049 
0.032999 0.014278 0.000000 0.370779 0.245210 0.040882 0.000002 0.034361 0.091349 0.000000 0.000001 0.170140 
0.000001 0.000076 0.171350 0.000000 0.001133 0.380776 0.000002 0.068371 0.058202 0.000000 0.159364 0.160725 
0.014073 0.259995 0.000000 0.000000 0.120691 0.056102 0.000002 0.020263 0.161458 0.000000 0.000001 0.367416 
0.029898 0.000094 0.015178 0.000000 0.291811 0.027012 0.000002 0.569012 0.023533 0.000000 0.000001 0.043459 
0.000001 0.000078 0.222023 0.013115 0.000881 0.478385 0.073983 0.020726 0.009413 0.000000 0.059836 0.121559 
0.000001 0.210728 0.000000 0.064714 0.095441 0.045331 0.153777 0.067523 0.050030 0.000000 0.061781 0.250673 
0.000001 0.000111 0.000000 0.000000 0.011217 0.022562 0.000002 0.816947 0.022538 0.077469 0.024721 0.024434 
0.000002 0.003624 0.278173 0.000000 0.015714 0.659343 0.000002 0.018728 0.000044 0.000000 0.000001 0.024369 
0.104772 0.020338 0.014446 0.000000 0.020006 0.077415 0.023312 0.059602 0.062664 0.000000 0.369510 0.247935 
0.000001 0.000083 0.000000 0.000000 0.066953 0.024983 0.076096 0.625819 0.019612 0.000000 0.096544 0.089909 
0.057674 0.013584 0.126207 0.000000 0.037226 0.374270 0.059555 0.072315 0.057085 0.000000 0.012344 0.189741 
0.081806 0.041000 0.000000 0.000000 0.674596 0.026731 0.011925 0.055251 0.039802 0.000000 0.000001 0.068889 
0.113271 0.025225 0.000000 0.000000 0.006118 0.050772 0.050814 0.045746 0.056258 0.000000 0.351464 0.300332 
0.898659 0.000060 0.000000 0.000000 0.001797 0.003978 0.001964 0.057978 0.000080 0.000000 0.013601 0.021882 
0.098076 0.117255 0.013439 0.027381 0.419395 0.027980 0.000001 0.209371 0.000074 0.000000 0.016063 0.070963 
0.000001 0.152707 0.000000 0.000000 0.059796 0.042565 0.010931 0.048512 0.129972 0.205415 0.132146 0.217955 
0.000001 0.011827 0.000000 0.000000 0.014923 0.042689 0.040882 0.024961 0.125235 0.000000 0.348252 0.391230 
0.014858 0.024910 0.000000 0.000000 0.567726 0.020914 0.009104 0.242631 0.034760 0.000000 0.000001 0.085096 
0.000001 0.615297 0.004906 0.000000 0.067084 0.010239 0.000001 0.025255 0.008910 0.000000 0.000001 0.268304 
0.000001 0.011727 0.000000 0.000000 0.043153 0.084037 0.223975 0.039305 0.215044 0.026458 0.026395 0.329904 
0.000001 0.000063 0.080730 0.281458 0.105153 0.183849 0.181262 0.031923 0.010434 0.000000 0.000001 0.125127 
0.000001 0.157629 0.000000 0.089648 0.254630 0.025700 0.018182 0.070715 0.000077 0.166605 0.058600 0.158214 
0.000001 0.123533 0.009984 0.000000 0.039078 0.042456 0.045935 0.070841 0.132789 0.294771 0.098790 0.141820 
0.000001 0.000080 0.195786 0.000000 0.008378 0.446697 0.000002 0.056986 0.025815 0.000000 0.127126 0.139130 
0.000001 0.033818 0.000000 0.000000 0.057749 0.076202 0.000002 0.165589 0.257135 0.000000 0.000001 0.409503 
0.031505 0.238229 0.000000 0.000000 0.000275 0.023251 0.000002 0.543006 0.046844 0.000000 0.000001 0.116887 
0.091236 0.192467 0.000000 0.000000 0.045289 0.028707 0.024225 0.058559 0.089577 0.242435 0.098548 0.128957 
0.279453 0.051251 0.000000 0.013309 0.310407 0.021164 0.000002 0.259518 0.027359 0.000000 0.000001 0.037536 
0.000001 0.000074 0.056849 0.000000 0.050077 0.192251 0.409328 0.027171 0.054673 0.000000 0.036324 0.173252 
0.000001 0.052324 0.043440 0.000000 0.026736 0.116511 0.018034 0.271060 0.071318 0.117232 0.141788 0.141555 
0.006871 0.469866 0.000000 0.000000 0.042369 0.019937 0.044143 0.035569 0.022395 0.049772 0.000001 0.309077 
0.432526 0.068824 0.000000 0.025797 0.049875 0.016745 0.000001 0.331664 0.020677 0.000000 0.000001 0.053890 
0.000001 0.142251 0.000000 0.417694 0.158079 0.021515 0.020794 0.018620 0.014343 0.030713 0.038722 0.137267 
0.348135 0.034646 0.000000 0.000000 0.024414 0.042490 0.039736 0.128857 0.140960 0.000000 0.000001 0.240761 
0.000001 0.000072 0.015732 0.000000 0.092680 0.112905 0.482881 0.034376 0.041002 0.030684 0.014424 0.175244 
0.000001 0.355973 0.000000 0.000000 0.007367 0.053083 0.000002 0.036847 0.014300 0.000000 0.171123 0.361305 
0.238405 0.000062 0.000000 0.000000 0.000488 0.006848 0.000001 0.747419 0.000056 0.000000 0.000001 0.006721 
0.705665 0.081595 0.000000 0.000000 0.024935 0.001271 0.028601 0.044995 0.026551 0.000000 0.000001 0.086387 
0.003297 0.000084 0.004141 0.000000 0.068635 0.082544 0.010761 0.020169 0.303802 0.000000 0.000001 0.506566 
0.000001 0.046215 0.000000 0.000000 0.002112 0.019055 0.057616 0.114182 0.058468 0.000000 0.416848 0.285504 
0.000001 0.003745 0.230528 0.000000 0.093276 0.616910 0.000001 0.030854 0.000063 0.000000 0.000001 0.024621 
0.000001 0.131218 0.198193 0.000000 0.001530 0.429502 0.000002 0.143983 0.000075 0.000000 0.000001 0.095494 
0.009026 0.048854 0.102554 0.000000 0.387512 0.298636 0.000002 0.088087 0.019442 0.000000 0.016069 0.029817 
0.009534 0.037638 0.000000 0.000000 0.050304 0.065454 0.018268 0.056276 0.321968 0.055622 0.028696 0.356240 
0.170902 0.017576 0.000000 0.385523 0.211329 0.018207 0.012361 0.152563 0.000064 0.000000 0.000001 0.031474 
0.570985 0.020778 0.000000 0.000000 0.249434 0.005868 0.002239 0.114820 0.014357 0.000000 0.000001 0.021517 
0.000001 0.000114 0.000000 0.056595 0.041394 0.017602 0.019943 0.559611 0.053748 0.117271 0.048274 0.085447 
0.010247 0.052537 0.000000 0.000000 0.055030 0.044625 0.000002 0.056135 0.195861 0.342584 0.089511 0.153469 
0.000001 0.123351 0.000000 0.279818 0.195532 0.034796 0.143436 0.014580 0.040294 0.000000 0.013466 0.154726 
0.008556 0.023574 0.000000 0.000000 0.050635 0.073864 0.032472 0.013108 0.289153 0.000000 0.043314 0.465324 
0.000001 0.027703 0.044613 0.000000 0.037072 0.114726 0.000002 0.402194 0.016924 0.033500 0.181899 0.141365 
0.000001 0.107465 0.000000 0.000000 0.068936 0.018455 0.019096 0.076991 0.179723 0.322803 0.139066 0.067464 
0.000001 0.000080 0.010715 0.000000 0.059066 0.121642 0.000002 0.024184 0.287000 0.000000 0.022590 0.474720 
0.000001 0.683629 0.000000 0.000000 0.007229 0.029309 0.000001 0.021961 0.000064 0.000000 0.000001 0.257805 
0.000001 0.047511 0.015995 0.513070 0.168330 0.008729 0.000001 0.195525 0.000059 0.000000 0.000001 0.050777 
0.000001 0.026681 0.193409 0.000000 0.090804 0.382724 0.000002 0.202752 0.038595 0.053669 0.000001 0.011362 
0.000001 0.054059 0.000000 0.182093 0.110842 0.020729 0.010939 0.226791 0.090981 0.158347 0.061641 0.083577 
0.000001 0.461558 0.000000 0.035600 0.041132 0.016341 0.004935 0.044232 0.086249 0.000000 0.032902 0.277049 
0.440578 0.085197 0.000000 0.000000 0.029044 0.009635 0.014039 0.058027 0.048668 0.078876 0.109472 0.126464 
0.019522 0.007319 0.000000 0.000000 0.000687 0.006702 0.000002 0.869501 0.009331 0.011232 0.028215 0.047488 
0.000001 0.000100 0.031599 0.104065 0.620479 0.058110 0.000002 0.075985 0.011043 0.000000 0.028392 0.070225 
0.051187 0.004795 0.058421 0.039605 0.524989 0.089130 0.000001 0.105169 0.045643 0.000000 0.020079 0.060980 
0.000001 0.229464 0.000000 0.000000 0.065655 0.043134 0.032541 0.036142 0.100967 0.052432 0.195537 0.244127 
0.000001 0.000107 0.197795 0.103423 0.039096 0.443860 0.026119 0.100591 0.028213 0.000000 0.000001 0.060794 
0.342079 0.137357 0.009002 0.000000 0.304557 0.030119 0.019139 0.031382 0.008363 0.000000 0.024237 0.093765 
0.000001 0.013776 0.000000 0.000000 0.053699 0.040922 0.056438 0.055321 0.044827 0.000000 0.377925 0.357091 
0.000001 0.020751 0.000000 0.000000 0.034388 0.033470 0.000002 0.605486 0.119456 0.000000 0.000001 0.186445 
0.000001 0.015275 0.000000 0.000000 0.056057 0.093993 0.192493 0.038159 0.257111 0.000000 0.000001 0.346910 
0.305561 0.078514 0.066562 0.000000 0.119361 0.166968 0.010491 0.045634 0.026624 0.091159 0.016519 0.072607 
0.008564 0.000073 0.000000 0.000000 0.219366 0.020801 0.046080 0.068392 0.073516 0.000000 0.288429 0.274779 
0.000001 0.000070 0.000000 0.000000 0.073891 0.079274 0.541930 0.035408 0.088543 0.067861 0.000001 0.113021 
0.017679 0.000089 0.000000 0.016744 0.069902 0.012999 0.000002 0.794102 0.030605 0.023585 0.000001 0.034293 
0.323963 0.000085 0.000000 0.000000 0.074777 0.046209 0.274439 0.037557 0.043592 0.071960 0.000001 0.127416 
0.022512 0.439543 0.000000 0.000000 0.276082 0.011701 0.013511 0.029961 0.000070 0.000000 0.000001 0.206620 
0.000001 0.045183 0.000000 0.000000 0.096113 0.060203 0.045454 0.052432 0.076923 0.179026 0.245584 0.199082 
0.000001 0.025539 0.000000 0.000000 0.071960 0.054256 0.369251 0.048058 0.110491 0.138112 0.072294 0.110038 
0.000001 0.026268 0.000000 0.000000 0.227506 0.081432 0.013882 0.028377 0.271863 0.000000 0.027243 0.323428 
0.159885 0.003523 0.000000 0.109227 0.050424 0.011801 0.000001 0.655474 0.000070 0.000000 0.000001 0.009593 
0.000001 0.016820 0.000000 0.000000 0.062421 0.074223 0.343852 0.065204 0.096381 0.183972 0.037543 0.119582 
0.000001 0.659688 0.000000 0.000000 0.011262 0.009677 0.000001 0.022816 0.000062 0.000000 0.034360 0.262132 
0.000001 0.022736 0.000000 0.000000 0.044373 0.076105 0.021257 0.051346 0.211993 0.140734 0.041427 0.390027 
0.000001 0.000097 0.035397 0.000000 0.082140 0.072082 0.079194 0.658749 0.015079 0.031570 0.000001 0.025690 
0.000001 0.075667 0.000000 0.000000 0.046564 0.058963 0.000002 0.560346 0.062124 0.105173 0.019386 0.071774 
0.000001 0.119657 0.111563 0.000000 0.027806 0.281109 0.174268 0.087556 0.057173 0.023689 0.000001 0.117176 
0.011668 0.019294 0.000000 0.000000 0.039493 0.087359 0.000001 0.013830 0.351093 0.000000 0.000001 0.477260 
0.000001 0.000092 0.000000 0.000000 0.373486 0.063275 0.021604 0.049449 0.059963 0.000000 0.153442 0.278689 
0.000001 0.008217 0.083181 0.000000 0.017420 0.222942 0.102396 0.028091 0.110085 0.000000 0.201877 0.225789 
0.000001 0.000089 0.000000 0.000000 0.575443 0.031758 0.037029 0.066327 0.049453 0.055166 0.040073 0.144660 
0.000001 0.000103 0.000000 0.000000 0.059647 0.068834 0.022641 0.089093 0.297320 0.000000 0.024819 0.437542 
0.047387 0.583599 0.000000 0.000000 0.023085 0.019642 0.000001 0.028367 0.000072 0.000000 0.000001 0.297846 
0.000001 0.233317 0.208652 0.000000 0.010514 0.421593 0.000001 0.032446 0.000055 0.000000 0.000001 0.093419 
0.007775 0.000063 0.018593 0.063826 0.080137 0.095697 0.449836 0.018828 0.090463 0.057873 0.000001 0.116908 
0.000001 0.000076 0.059574 0.230892 0.182867 0.197172 0.000002 0.220604 0.030879 0.000000 0.000001 0.077932 
0.017013 0.038392 0.000000 0.000000 0.054143 0.070221 0.008154 0.036218 0.270160 0.000000 0.000001 0.505700 
0.068619 0.022872 0.017040 0.000000 0.624670 0.032344 0.032039 0.093802 0.020439 0.000000 0.000001 0.088176 
0.012657 0.450366 0.094320 0.000000 0.006791 0.163098 0.000001 0.052655 0.000061 0.000000 0.000001 0.220049 
0.022519 0.038635 0.000000 0.000000 0.465648 0.024348 0.211615 0.030238 0.059916 0.000000 0.000001 0.147080 
0.017333 0.459088 0.040980 0.020749 0.004612 0.100031 0.000001 0.098793 0.000087 0.000000 0.000001 0.258323 
0.000001 0.045774 0.000000 0.000000 0.027009 0.014444 0.012896 0.701943 0.013897 0.085964 0.057793 0.040278 
0.810812 0.008200 0.012850 0.000000 0.007789 0.000334 0.000001 0.158123 0.000044 0.000000 0.000001 0.001846 
0.000001 0.021913 0.040639 0.000000 0.024059 0.020555 0.021259 0.690595 0.000084 0.103569 0.042663 0.034663 
0.000001 0.000092 0.000000 0.394790 0.224060 0.058670 0.133225 0.051774 0.035891 0.000000 0.000001 0.101496 
0.006163 0.066582 0.077767 0.000000 0.013061 0.197022 0.045507 0.108730 0.101682 0.253602 0.083662 0.046222 
0.000001 0.000156 0.205430 0.000000 0.021099 0.439010 0.200525 0.048438 0.026157 0.000000 0.000001 0.059182 
0.173873 0.000077 0.216600 0.026637 0.019834 0.504265 0.000002 0.029776 0.000047 0.000000 0.000001 0.028888 
0.012144 0.064985 0.000000 0.000000 0.053859 0.067504 0.015577 0.000385 0.328914 0.000000 0.000001 0.456631 
0.018713 0.124370 0.000000 0.000000 0.058943 0.016573 0.042329 0.041474 0.139376 0.321359 0.098926 0.137938 
0.000001 0.019187 0.000000 0.209268 0.451002 0.018700 0.038988 0.132311 0.000080 0.000000 0.028332 0.102131 
0.023592 0.009220 0.000000 0.019221 0.044408 0.041294 0.404976 0.242695 0.083842 0.060063 0.000001 0.070688 
0.087073 0.035660 0.007485 0.000000 0.076740 0.071446 0.000002 0.056938 0.139556 0.272816 0.137466 0.114818 
0.000001 0.048451 0.000000 0.000000 0.076187 0.062898 0.034344 0.050813 0.086033 0.297732 0.166354 0.177187 
0.252151 0.342840 0.000000 0.000000 0.023488 0.006405 0.001768 0.209610 0.000071 0.000000 0.000001 0.163665 
0.000001 0.036759 0.081195 0.000000 0.045531 0.174074 0.201352 0.101556 0.142847 0.000000 0.000001 0.216684 
0.005963 0.000093 0.000000 0.000000 0.284708 0.040839 0.050153 0.052294 0.074284 0.000000 0.241416 0.250250 
0.000001 0.023730 0.225655 0.000000 0.021910 0.494077 0.030251 0.021629 0.043029 0.000000 0.000001 0.139718 
0.015794 0.009769 0.000000 0.000000 0.049403 0.064241 0.015083 0.009183 0.378119 0.000000 0.000001 0.458407 
0.006983 0.520140 0.006450 0.081524 0.031021 0.011024 0.000002 0.049198 0.017780 0.000000 0.000001 0.275877 
0.003950 0.000096 0.000000 0.512470 0.230989 0.024105 0.000002 0.011636 0.058007 0.000000 0.000001 0.158745 
0.030500 0.000096 0.163778 0.000000 0.063230 0.384876 0.000002 0.326700 0.011158 0.000000 0.000001 0.019658 
0.000001 0.007479 0.024772 0.022437 0.010437 0.099448 0.436950 0.207758 0.066590 0.059510 0.000001 0.064616 
0.010873 0.099395 0.000000 0.000000 0.051947 0.059242 0.007803 0.013470 0.276393 0.000000 0.000001 0.480876 
0.000001 0.034659 0.000000 0.267349 0.146658 0.030598 0.085882 0.019968 0.000073 0.025489 0.182575 0.206749 
0.000001 0.021854 0.000000 0.000000 0.054520 0.050253 0.399684 0.045230 0.106882 0.119513 0.035838 0.166226 
0.004838 0.271705 0.000000 0.000000 0.036218 0.034962 0.280210 0.015429 0.087361 0.060902 0.000001 0.208375 
0.292868 0.010057 0.000000 0.148511 0.152396 0.059579 0.000001 0.025111 0.105143 0.000000 0.000001 0.206334 
0.000001 0.011632 0.035872 0.000000 0.008100 0.120587 0.421156 0.033847 0.102204 0.047873 0.055299 0.163428 
0.000001 0.264361 0.000000 0.000000 0.415181 0.035594 0.000002 0.084285 0.027857 0.000000 0.031954 0.140764 
0.110163 0.040079 0.000000 0.000000 0.042939 0.067334 0.031762 0.098492 0.244099 0.000000 0.000001 0.365131 
0.035675 0.317354 0.000000 0.054535 0.060582 0.016949 0.017990 0.035780 0.076111 0.000000 0.154391 0.230633 
0.579707 0.000067 0.000000 0.000000 0.036628 0.023495 0.016890 0.055195 0.006494 0.145705 0.063579 0.072240 
0.000001 0.000090 0.000000 0.020198 0.058650 0.020376 0.012813 0.496265 0.031062 0.000000 0.215033 0.145511 
0.000001 0.344938 0.011062 0.000000 0.026798 0.054493 0.000002 0.018709 0.102983 0.000000 0.107888 0.333125 
0.095891 0.309267 0.000000 0.000000 0.023882 0.026983 0.177455 0.150924 0.019168 0.023754 0.000001 0.172675 
0.015506 0.026245 0.000000 0.000000 0.014813 0.013669 0.015929 0.681277 0.047962 0.000000 0.058509 0.126090 
0.000001 0.000077 0.000000 0.470219 0.290086 0.032824 0.035298 0.040338 0.003911 0.000000 0.032930 0.094316 
0.000001 0.098549 0.114636 0.000000 0.030231 0.322971 0.000002 0.030634 0.112934 0.143989 0.044503 0.101552 
0.000001 0.207863 0.031666 0.000000 0.029178 0.152193 0.067043 0.043875 0.116150 0.082038 0.069753 0.200241 
0.000001 0.016694 0.039611 0.000000 0.001385 0.127425 0.000002 0.801025 0.000090 0.000000 0.000001 0.013766 
0.023919 0.178018 0.011045 0.000000 0.503364 0.047402 0.000002 0.049503 0.052786 0.000000 0.000001 0.133959 
0.029639 0.000090 0.027083 0.052513 0.507576 0.089060 0.000002 0.051250 0.063253 0.000000 0.027669 0.151864 
0.009221 0.597347 0.000000 0.000000 0.058154 0.004663 0.001775 0.022656 0.000080 0.000000 0.000001 0.306103 
0.000001 0.076649 0.211710 0.000000 0.013317 0.505667 0.000002 0.031282 0.029898 0.038017 0.000001 0.093456 
0.006416 0.018724 0.161303 0.000000 0.282465 0.331641 0.000002 0.047094 0.025408 0.055553 0.030456 0.040938 
0.000001 0.466246 0.020144 0.000000 0.024686 0.131222 0.000001 0.015923 0.000080 0.000000 0.000001 0.341696 
0.000001 0.042987 0.000000 0.066823 0.021327 0.017135 0.000002 0.740431 0.024217 0.000000 0.000001 0.087076 
0.870911 0.006246 0.000000 0.000000 0.010018 0.001250 0.000001 0.048215 0.000097 0.000000 0.043492 0.019772 
0.030994 0.000079 0.048218 0.000000 0.275236 0.075747 0.036621 0.040310 0.000083 0.000000 0.234878 0.257833 
0.017119 0.066108 0.078178 0.044195 0.407513 0.244905 0.000002 0.037705 0.000080 0.044405 0.000001 0.059790 
0.194838 0.000088 0.165895 0.037378 0.008133 0.421042 0.000002 0.018390 0.053991 0.000000 0.015145 0.085098 
0.016414 0.015753 0.146987 0.000000 0.004861 0.327593 0.000002 0.437885 0.019194 0.000000 0.000001 0.031310 
0.127675 0.000063 0.000000 0.475163 0.231583 0.017644 0.000002 0.054284 0.000056 0.028816 0.000001 0.064712 
0.176002 0.020416 0.000000 0.213366 0.416212 0.019696 0.000001 0.055188 0.026327 0.000000 0.026300 0.046492 
0.037086 0.000105 0.000000 0.160568 0.269527 0.017122 0.008165 0.454327 0.000077 0.000000 0.020354 0.032669 
0.291269 0.138437 0.000000 0.032286 0.271301 0.019501 0.055937 0.088490 0.000069 0.000000 0.000001 0.102709 
0.000001 0.019852 0.008301 0.000000 0.057688 0.084473 0.000002 0.011228 0.322661 0.000000 0.020480 0.475314 
0.000001 0.000077 0.058197 0.000000 0.004809 0.124178 0.042846 0.051255 0.065361 0.040702 0.347888 0.264686 
0.000001 0.155158 0.000000 0.000000 0.063773 0.046742 0.039530 0.049138 0.143183 0.275937 0.094312 0.132225 
0.000001 0.005322 0.000000 0.565927 0.285575 0.009324 0.000001 0.088000 0.000065 0.000000 0.000001 0.045783 
0.044636 0.000093 0.000000 0.000000 0.501119 0.034146 0.026279 0.052811 0.035525 0.085217 0.088443 0.131730 
0.000001 0.036619 0.000000 0.000000 0.034165 0.035767 0.057915 0.042212 0.070945 0.000000 0.412791 0.309585 
0.000001 0.392367 0.000000 0.024608 0.006670 0.021736 0.013950 0.043974 0.105601 0.168538 0.054902 0.167653 
0.007038 0.058403 0.000000 0.000000 0.058805 0.044435 0.037015 0.069612 0.118062 0.342477 0.117378 0.146773 
0.005736 0.579198 0.004798 0.012256 0.061666 0.021392 0.013879 0.018812 0.000077 0.000000 0.000001 0.282184 
0.334061 0.000083 0.000000 0.264489 0.139428 0.021922 0.000003 0.046865 0.000067 0.033874 0.074081 0.085127 
0.000001 0.246934 0.000000 0.000000 0.256031 0.031550 0.133808 0.056593 0.041849 0.000000 0.024683 0.208550 
0.000001 0.213317 0.018823 0.000000 0.047770 0.090181 0.084384 0.044904 0.123750 0.000000 0.000001 0.376870 
0.000001 0.044256 0.069179 0.033623 0.080844 0.101838 0.015099 0.537397 0.032041 0.000000 0.010593 0.075128 
0.115349 0.000080 0.000000 0.178202 0.440261 0.051977 0.000002 0.065747 0.016135 0.000000 0.053688 0.078559 
0.000001 0.366629 0.000000 0.000000 0.000411 0.018336 0.000001 0.435572 0.000057 0.000000 0.000001 0.178992 
0.000001 0.000081 0.046912 0.502392 0.282440 0.086921 0.012622 0.016000 0.000073 0.000000 0.014131 0.038427 
0.000001 0.000091 0.000000 0.000000 0.016858 0.070959 0.450033 0.122725 0.064701 0.000000 0.077036 0.197596 
0.000001 0.000083 0.000000 0.297668 0.137474 0.011206 0.000003 0.506429 0.007078 0.000000 0.000001 0.040058 
0.000001 0.000088 0.000000 0.000000 0.033010 0.074643 0.507228 0.033863 0.079201 0.076903 0.061899 0.133164 
0.921611 0.004569 0.000000 0.000000 0.006753 0.000232 0.000001 0.062299 0.000104 0.000000 0.000001 0.004430 
0.012435 0.221916 0.175020 0.000000 0.002567 0.413499 0.000001 0.064942 0.000072 0.000000 0.000001 0.109547 
0.000001 0.009203 0.013419 0.160184 0.038363 0.024970 0.009155 0.294950 0.000078 0.000000 0.222909 0.226768 
0.028598 0.039383 0.000000 0.000000 0.027369 0.015621 0.075427 0.676182 0.035730 0.058403 0.014606 0.028681 
0.030303 0.000077 0.070032 0.000000 0.134320 0.117247 0.010691 0.488038 0.015040 0.050133 0.000001 0.084118 
0.024546 0.101718 0.000000 0.000000 0.038753 0.028179 0.029428 0.271758 0.009296 0.053404 0.242871 0.200048 
0.000001 0.378206 0.000000 0.093280 0.034138 0.028050 0.048700 0.020733 0.041659 0.000000 0.090248 0.264985 
0.000001 0.034011 0.000000 0.488406 0.266065 0.021771 0.005777 0.021187 0.000086 0.060165 0.032002 0.070529 
0.016716 0.073170 0.000000 0.000000 0.058134 0.070596 0.035254 0.010346 0.343549 0.000000 0.000001 0.392233 
0.485987 0.091048 0.074040 0.000000 0.015373 0.133156 0.000001 0.040626 0.050114 0.031571 0.000001 0.078083 
0.000001 0.000074 0.079543 0.000000 0.022099 0.196422 0.000001 0.678406 0.000061 0.000000 0.000001 0.023393 
0.014384 0.050654 0.000000 0.000000 0.028281 0.061820 0.000002 0.016936 0.364928 0.000000 0.000001 0.462994 
0.219230 0.457689 0.000000 0.000000 0.027743 0.034153 0.000001 0.039865 0.000077 0.000000 0.000001 0.221241 
0.016384 0.039781 0.022404 0.181887 0.316498 0.043306 0.009866 0.045304 0.103604 0.000000 0.018176 0.202789 
0.000001 0.000060 0.260883 0.000000 0.018174 0.610764 0.000001 0.080179 0.000056 0.000000 0.000001 0.029882 
0.097848 0.278987 0.015473 0.016546 0.050010 0.086084 0.018900 0.034194 0.080656 0.180171 0.000001 0.141129 
0.056496 0.000092 0.000000 0.024638 0.040899 0.057138 0.507513 0.042958 0.123258 0.055654 0.000001 0.091352 
0.005145 0.013064 0.000000 0.000000 0.001251 0.004005 0.003859 0.970176 0.000082 0.000000 0.000001 0.002415 
0.021209 0.040123 0.011257 0.000000 0.064609 0.076314 0.012563 0.005514 0.302488 0.000000 0.000001 0.465922 
0.089534 0.536391 0.000000 0.000000 0.016828 0.016025 0.000001 0.025238 0.012220 0.000000 0.000001 0.303763 
0.000001 0.380215 0.000000 0.000000 0.068180 0.017502 0.081886 0.031344 0.008849 0.000000 0.150620 0.261402 
0.000001 0.411719 0.000000 0.000000 0.015022 0.042738 0.011889 0.021715 0.000082 0.000000 0.155302 0.341532 
0.000001 0.000075 0.035917 0.532307 0.265987 0.100271 0.000002 0.006520 0.013386 0.000000 0.000001 0.045534 
0.000001 0.124227 0.000000 0.147915 0.435287 0.022453 0.012511 0.040027 0.009396 0.064071 0.032006 0.112105 
0.000001 0.214360 0.032748 0.000000 0.371191 0.082276 0.000001 0.127067 0.006592 0.000000 0.024399 0.141365 
0.000001 0.043969 0.061971 0.262231 0.143150 0.177254 0.000002 0.041226 0.063494 0.140204 0.034684 0.031815 
0.020979 0.007197 0.094953 0.000000 0.171437 0.152630 0.000002 0.507450 0.014652 0.000000 0.000001 0.030699 
0.082625 0.026552 0.034808 0.000000 0.689709 0.031043 0.008052 0.030222 0.023921 0.000000 0.000001 0.073068 
0.177223 0.044009 0.000000 0.000000 0.454491 0.029321 0.010691 0.198914 0.031831 0.000000 0.000001 0.053519 
0.000001 0.034156 0.000000 0.000000 0.045962 0.035046 0.033018 0.265900 0.088622 0.229491 0.152689 0.115114 
0.012641 0.000061 0.020639 0.000000 0.000361 0.003726 0.001380 0.958940 0.000067 0.000000 0.000001 0.002183 
0.181360 0.058027 0.070658 0.000000 0.037053 0.196948 0.030347 0.076891 0.054327 0.188677 0.054931 0.050782 
0.370853 0.021618 0.000000 0.233167 0.133002 0.004745 0.014044 0.041129 0.021514 0.054775 0.042285 0.062868 
0.882680 0.000055 0.000000 0.000000 0.008530 0.000698 0.002916 0.055264 0.000080 0.000000 0.012142 0.037636 
0.000001 0.000075 0.000000 0.000000 0.056940 0.068522 0.537757 0.053454 0.079880 0.065784 0.015426 0.122160 
0.026399 0.000061 0.000000 0.000000 0.118361 0.015480 0.018821 0.751021 0.015661 0.000000 0.000001 0.054194 
0.000001 0.025655 0.141582 0.189119 0.125595 0.351640 0.000002 0.073400 0.005643 0.069840 0.000001 0.017522 
0.080504 0.086883 0.000000 0.062104 0.041950 0.027278 0.093001 0.028885 0.042509 0.000000 0.276793 0.260092 
0.000001 0.048827 0.089403 0.030220 0.038428 0.227733 0.042010 0.046117 0.137092 0.198539 0.082528 0.059101 
0.000001 0.624018 0.000000 0.000000 0.008242 0.033628 0.000002 0.026786 0.034773 0.000000 0.000001 0.272549 
0.007661 0.000073 0.125591 0.000000 0.214216 0.334860 0.083238 0.029426 0.020202 0.000000 0.066307 0.118424 
0.000001 0.144212 0.000000 0.000000 0.038572 0.019515 0.336445 0.053168 0.071773 0.130787 0.050626 0.154901 
0.007245 0.109647 0.000000 0.000000 0.277842 0.064870 0.048112 0.018546 0.180364 0.000000 0.000001 0.293373 
0.000001 0.662189 0.000000 0.000000 0.009914 0.018964 0.000001 0.037270 0.000069 0.025858 0.000001 0.245732 
0.164901 0.000088 0.099897 0.035631 0.000884 0.273481 0.000002 0.040264 0.094523 0.116967 0.042450 0.130911 
0.000001 0.000101 0.071216 0.000000 0.030033 0.132841 0.000001 0.651531 0.016488 0.000000 0.033511 0.064276 
0.000001 0.000094 0.000000 0.000000 0.038623 0.063821 0.009732 0.025416 0.180334 0.000000 0.195112 0.486867 
0.000001 0.643981 0.000000 0.000000 0.013275 0.018788 0.000002 0.026794 0.000068 0.000000 0.000001 0.297090 
0.829010 0.000102 0.000000 0.000000 0.087222 0.000331 0.000001 0.052423 0.000076 0.000000 0.009643 0.021191 
0.024059 0.008929 0.000000 0.000000 0.000210 0.004114 0.008369 0.939426 0.003436 0.000000 0.000001 0.011455 
0.626512 0.054107 0.102195 0.000000 0.002391 0.156796 0.000001 0.029013 0.000064 0.000000 0.000001 0.028920 
0.000001 0.193036 0.000000 0.000000 0.045569 0.038275 0.052661 0.064557 0.133481 0.276889 0.065682 0.129849 
0.000001 0.043377 0.000000 0.094555 0.087351 0.035040 0.010764 0.451928 0.090992 0.000000 0.000001 0.185990 
0.000001 0.550106 0.000000 0.000000 0.036118 0.009060 0.004279 0.074244 0.000068 0.000000 0.000001 0.326123 
0.000001 0.220367 0.000000 0.000000 0.005385 0.028545 0.000002 0.482549 0.073540 0.000000 0.000001 0.189610 
0.735769 0.045882 0.025531 0.000000 0.003089 0.072952 0.000001 0.047987 0.000063 0.000000 0.020345 0.048380 
0.000001 0.277350 0.009925 0.175361 0.041874 0.026167 0.013112 0.024204 0.084903 0.050619 0.050799 0.245685 
0.065943 0.031222 0.000000 0.000000 0.024854 0.041809 0.024842 0.055670 0.109616 0.056655 0.331840 0.257549 
0.000001 0.015712 0.054544 0.085340 0.250752 0.070869 0.007381 0.467683 0.000073 0.000000 0.017768 0.029877 
0.075731 0.006914 0.000000 0.000000 0.065271 0.095116 0.000002 0.020817 0.299609 0.000000 0.000001 0.436539 
0.000001 0.098360 0.000000 0.000000 0.062555 0.025165 0.054304 0.070704 0.170594 0.214732 0.082206 0.221378 
0.000001 0.000080 0.000000 0.412584 0.191844 0.027025 0.100943 0.186809 0.009646 0.000000 0.000001 0.071068 
0.000001 0.000111 0.000000 0.062525 0.033352 0.044949 0.096953 0.045366 0.069088 0.000000 0.333615 0.314040 
0.000001 0.029585 0.266252 0.000000 0.028248 0.623176 0.000002 0.030608 0.005987 0.000000 0.000001 0.016141 
0.007258 0.073214 0.000000 0.019148 0.051615 0.037475 0.046589 0.058653 0.157123 0.335939 0.082964 0.130020 
0.565847 0.035430 0.052760 0.000000 0.051149 0.152360 0.018313 0.053802 0.000043 0.023193 0.008410 0.038692 
0.000001 0.049458 0.026674 0.000000 0.059018 0.132537 0.000002 0.027027 0.311898 0.000000 0.000001 0.393384 
0.000001 0.062160 0.000000 0.000000 0.044038 0.065277 0.466247 0.038329 0.104562 0.100107 0.000001 0.119278 
0.472873 0.063892 0.067089 0.000000 0.003709 0.073175 0.000002 0.289813 0.000077 0.000000 0.000001 0.029369 
0.000001 0.000048 0.000000 0.617585 0.287398 0.016421 0.000002 0.044931 0.000043 0.000000 0.000001 0.033569 
0.010558 0.041608 0.000000 0.000000 0.381955 0.039732 0.045219 0.033699 0.172183 0.000000 0.000001 0.275046 
0.010378 0.031375 0.000000 0.080276 0.110192 0.042451 0.020871 0.011764 0.255493 0.000000 0.000001 0.437197 
0.000001 0.182919 0.000000 0.000000 0.131959 0.022586 0.008797 0.255616 0.096734 0.163986 0.052376 0.085027 
0.008385 0.046750 0.000000 0.016429 0.637501 0.045027 0.000002 0.040460 0.087197 0.000000 0.058223 0.060027 
0.000002 0.020037 0.243749 0.000000 0.033064 0.491079 0.000002 0.026825 0.035388 0.100249 0.000001 0.049603 
0.230199 0.328982 0.000000 0.000000 0.018831 0.019936 0.000002 0.153730 0.041351 0.063792 0.000001 0.143175 
0.807415 0.000104 0.000000 0.000000 0.072029 0.018177 0.000001 0.018673 0.000086 0.000000 0.024002 0.059512 
0.000001 0.068019 0.000000 0.000000 0.060987 0.040915 0.055184 0.061407 0.133350 0.382773 0.111495 0.085869 
0.007827 0.304751 0.000000 0.178790 0.083691 0.030434 0.000002 0.043996 0.060289 0.084251 0.033578 0.172390 
0.920711 0.004902 0.000000 0.000000 0.004183 0.001130 0.000001 0.056045 0.000040 0.000000 0.009949 0.003039 
0.005159 0.079161 0.000000 0.000000 0.052848 0.055585 0.334882 0.026486 0.164607 0.000000 0.000001 0.281272 
0.000001 0.091003 0.019790 0.120680 0.101632 0.116563 0.000002 0.013678 0.236981 0.000000 0.033600 0.266070 
0.019734 0.021848 0.000000 0.000000 0.493895 0.033054 0.025446 0.056972 0.081117 0.000000 0.125954 0.141979 
0.000001 0.005926 0.000000 0.473471 0.337901 0.039660 0.000001 0.067301 0.000073 0.000000 0.031885 0.043781 
0.235533 0.000073 0.000000 0.030594 0.006756 0.053069 0.389637 0.092228 0.055029 0.049793 0.000001 0.087286 
0.007575 0.598752 0.000000 0.000000 0.065207 0.017226 0.000002 0.013265 0.040084 0.000000 0.000001 0.257889 
