-1942865.398208
0
0.078426 0.046068 0.000000 0.060762 0.006850 0.000000 0.000000 0.002919 0.022396 0.003812 0.029377 0.024246 0.018469 0.017988 0.020155 0.029165 0.010657 0.004390 0.007054 0.015796 0.002598 0.000000 0.006857 0.005384 0.036924 0.000000 0.000000 0.032214 0.000000 0.000000 0.000000 0.000000 0.000000 0.000000 0.011496 0.020638 0.022476 0.033892 0.000000 0.037925 0.000000 0.008612 0.000000 0.009670 0.001287 0.000000 0.006940 0.000559 0.024255 0.010771 0.000000 0.029202 0.000000 0.000000 0.000000 0.000000 0.000000 0.000001 0.019554 0.000555 0.011853 0.010547 0.020633 0.024962 0.002176 0.002665 0.003618 0.005977 0.000000 0.000000 0.002653 0.008321 0.031944 0.008369 0.000000 0.035006 0.001594 0.000000 0.000000 0.000000 0.000000 0.000000 0.000000 0.015233 0.019803 0.015698 0.007314 0.037687 0.000000 0.001518 0.000000 0.005107 0.000000 0.000000 0.006307 0.000676 
0.000000 0.000000 0.000000 0.000000 0.000000 0.000000 0.000000 0.000000 0.000000 0.001604 0.000000 0.001957 0.000000 0.000000 0.000000 0.000000 0.000000 0.000000 0.000000 0.000000 0.000000 0.000000 0.000000 0.000000 0.000000 0.000000 0.000000 0.000000 0.000000 0.000000 0.000000 0.000000 0.011409 0.000000 0.002799 0.005910 0.000000 0.000000 0.000000 0.000000 0.000000 0.000000 0.000000 0.000000 0.000000 0.000000 0.000000 0.000000 0.000000 0.000000 0.000000 0.000000 0.000000 0.000000 0.000000 0.000000 0.000000 0.000268 0.000000 0.002256 0.000000 0.000000 0.000000 0.000000 0.000000 0.000000 0.000000 0.000000 0.000000 0.000000 0.000000 0.000000 0.016318 0.006035 0.002218 0.012248 0.043715 0.000000 0.001839 0.073768 0.454211 0.076567 0.043446 0.243426 0.000000 0.000000 0.000000 0.000000 0.000000 0.000000 0.000000 0.000000 0.000000 0.000000 0.000000 0.000000 
0.002897 0.000000 0.000000 0.000000 0.031553 0.023151 0.005263 0.032932 0.029988 0.014713 0.000000 0.017102 0.003906 0.005668 0.007066 0.000000 0.039594 0.017018 0.031091 0.029788 0.000000 0.001541 0.009337 0.000000 0.000000 0.000000 0.001396 0.000000 0.031041 0.017905 0.000000 0.037544 0.020559 0.009830 0.000966 0.015208 0.000000 0.000000 0.015070 0.007784 0.021039 0.018534 0.021277 0.019215 0.000000 0.008034 0.012281 0.007955 0.000000 0.003548 0.000000 0.003221 0.015238 0.013249 0.000000 0.026616 0.029907 0.015320 0.000000 0.022232 0.006960 0.002595 0.006407 0.000000 0.019608 0.012088 0.016194 0.013780 0.003731 0.000000 0.018091 0.000000 0.000000 0.011259 0.001259 0.000007 0.015585 0.024146 0.000000 0.033315 0.000000 0.000000 0.000000 0.000001 0.002451 0.007918 0.005514 0.000000 0.020861 0.018935 0.014480 0.016215 0.000000 0.006889 0.011057 0.013078 
0.000000 0.000000 0.000308 0.007608 0.000465 0.000000 0.000000 0.000000 0.000000 0.002932 0.012139 0.004143 0.000000 0.000000 0.000000 0.000000 0.002345 0.005166 0.001950 0.002525 0.000000 0.003779 0.001247 0.014791 0.001819 0.000914 0.000535 0.015854 0.000000 0.000000 0.000000 0.000000 0.000000 0.000000 0.010627 0.000705 0.000000 0.000000 0.000000 0.000000 0.000000 0.000000 0.000000 0.000000 0.001628 0.002002 0.003269 0.018872 0.000797 0.001720 0.000000 0.009021 0.000000 0.000000 0.000000 0.000000 0.000000 0.014657 0.028874 0.016175 0.000000 0.000000 0.000000 0.000000 0.007683 0.010299 0.006409 0.012042 0.000000 0.005363 0.000425 0.000000 0.039020 0.012014 0.003235 0.327409 0.000000 0.000000 0.000000 0.000000 0.000000 0.013096 0.225872 0.036713 0.000000 0.000685 0.000000 0.000000 0.002881 0.009426 0.007106 0.009485 0.005063 0.010644 0.001541 0.066723 
0.000000 0.000000 0.000000 0.000000 0.000000 0.000000 0.000000 0.000000 0.000000 0.019099 0.000000 0.004367 0.000679 0.000598 0.000778 0.002992 0.001176 0.000000 0.001017 0.001099 0.000000 0.000000 0.000363 0.000000 0.000504 0.000000 0.000000 0.000951 0.000000 0.000000 0.000643 0.000000 0.075779 0.102435 0.022641 0.080587 0.000000 0.001364 0.000000 0.001867 0.000839 0.000882 0.001500 0.004537 0.000000 0.000721 0.000741 0.001694 0.000000 0.000000 0.000000 0.000000 0.000000 0.000360 0.000000 0.000000 0.000000 0.022037 0.000000 0.016794 0.000000 0.000000 0.000000 0.000637 0.000000 0.000000 0.000780 0.007643 0.000000 0.000000 0.001552 0.001610 0.000000 0.000000 0.000000 0.000988 0.000000 0.000658 0.000000 0.000000 0.122983 0.288344 0.100252 0.085381 0.000657 0.001375 0.001028 0.005885 0.002322 0.001663 0.001761 0.002568 0.000000 0.000731 0.000878 0.001262 
0.000000 0.001422 0.000000 0.000000 0.001157 0.000000 0.000000 0.001657 0.031969 0.017719 0.098834 0.015682 0.000000 0.002950 0.000000 0.004665 0.007243 0.006803 0.023235 0.002528 0.000000 0.002110 0.001014 0.002426 0.008849 0.023160 0.009179 0.058103 0.000000 0.000000 0.000000 0.000000 0.006257 0.007797 0.096391 0.005839 0.000000 0.001156 0.000000 0.000000 0.006723 0.003329 0.030322 0.003193 0.000000 0.003709 0.004368 0.008432 0.001682 0.004629 0.001038 0.008108 0.000000 0.002180 0.000000 0.001254 0.070359 0.079538 0.142936 0.055412 0.000000 0.002152 0.000000 0.000998 0.013650 0.006020 0.011277 0.004158 0.000000 0.003022 0.000705 0.000000 0.000000 0.001042 0.000773 0.006359 0.000000 0.000000 0.000000 0.000000 0.006772 0.000000 0.038891 0.003815 0.000000 0.000000 0.000000 0.000000 0.006506 0.003317 0.010915 0.002627 0.000000 0.002057 0.000884 0.008704 
0.000000 0.000000 0.000000 0.000000 0.000000 0.000000 0.000000 0.001848 0.004184 0.003538 0.009181 0.004078 0.015339 0.000000 0.006269 0.022255 0.029926 0.012340 0.022234 0.031452 0.041918 0.008093 0.005189 0.026354 0.004350 0.000000 0.000000 0.001134 0.000000 0.000000 0.000000 0.000000 0.005524 0.004107 0.003751 0.002227 0.002984 0.000000 0.000000 0.000000 0.019462 0.013203 0.018338 0.038523 0.028274 0.007718 0.015870 0.068325 0.010042 0.007256 0.000000 0.003577 0.000000 0.000000 0.000000 0.002856 0.003254 0.003546 0.000000 0.010725 0.000000 0.002074 0.000000 0.000000 0.011094 0.012492 0.011802 0.014889 0.009343 0.000000 0.003892 0.027069 0.021787 0.000000 0.000000 0.036274 0.000000 0.000000 0.000000 0.001873 0.000000 0.000000 0.000000 0.007645 0.026039 0.000000 0.016562 0.014517 0.020649 0.017300 0.012234 0.045085 0.070545 0.010919 0.010376 0.076292 
0.000000 0.032313 0.029287 0.000000 0.000000 0.000000 0.003448 0.000000 0.000000 0.007044 0.000000 0.000001 0.000000 0.000000 0.005419 0.000000 0.000000 0.000000 0.000000 0.000000 0.000000 0.000000 0.000000 0.000000 0.065347 0.125827 0.014730 0.065579 0.000000 0.012092 0.014278 0.000000 0.025520 0.017658 0.010111 0.015769 0.000000 0.000000 0.065031 0.000000 0.001744 0.000000 0.012802 0.000000 0.000000 0.000000 0.000000 0.000000 0.058475 0.066539 0.034516 0.028481 0.005606 0.011462 0.010019 0.000000 0.006069 0.008884 0.000000 0.006658 0.000000 0.003040 0.000000 0.000000 0.003426 0.000000 0.000000 0.000000 0.000000 0.000000 0.000000 0.000000 0.045292 0.090087 0.017290 0.050016 0.000000 0.010040 0.007108 0.000000 0.000000 0.000000 0.000000 0.000001 0.000000 0.000000 0.011421 0.000000 0.000000 0.000000 0.001568 0.000000 0.000000 0.000000 0.000000 0.000000 
0.008360 0.006461 0.002026 0.002686 0.000000 0.001551 0.000000 0.000000 0.039069 0.015249 0.233187 0.014367 0.003662 0.000000 0.000000 0.007817 0.014300 0.007135 0.008900 0.009078 0.000000 0.001728 0.000000 0.003341 0.003004 0.000000 0.000000 0.000000 0.000000 0.000000 0.000000 0.000000 0.019745 0.015523 0.118759 0.012308 0.000000 0.000000 0.000000 0.000000 0.003900 0.005696 0.000000 0.005905 0.000000 0.001497 0.000000 0.000000 0.006769 0.003687 0.000000 0.001474 0.000000 0.001685 0.000000 0.000000 0.028661 0.029258 0.132366 0.016115 0.000000 0.000000 0.000000 0.000000 0.013047 0.007091 0.004875 0.013996 0.000000 0.000000 0.000000 0.000000 0.011917 0.011273 0.002245 0.015257 0.000000 0.000000 0.000000 0.000000 0.000000 0.000000 0.094026 0.006113 0.005537 0.000000 0.000000 0.000000 0.008983 0.004473 0.010136 0.005762 0.000000 0.000000 0.000000 0.000000 
0.089699 0.007536 0.019509 0.000001 0.184302 0.024246 0.123388 0.016903 0.534416 
0.248609 0.103375 0.096949 0.000001 0.051011 0.000000 0.025031 0.298665 0.176358 
0.112178 0.000003 0.196682 0.000001 0.321324 0.000000 0.259384 0.065661 0.044765 
0.105470 0.017721 0.084403 0.000001 0.028798 0.056643 0.025805 0.137752 0.543406 
0.159742 0.011762 0.172304 0.000001 0.042913 0.104596 0.026011 0.156941 0.325729 
0.056655 0.000003 0.041135 0.000001 0.063490 0.529787 0.030724 0.027134 0.251070 
0.052532 0.007403 0.036811 0.516149 0.037253 0.317155 0.030198 0.002498 0.000000 
0.096992 0.000003 0.129080 0.022127 0.455624 0.039033 0.000029 0.034841 0.222269 
0.194231 0.356083 0.099127 0.030595 0.008179 0.000000 0.025921 0.061069 0.224794 
0.037472 0.413189 0.084932 0.000001 0.075438 0.000000 0.007553 0.029295 0.352119 
0.082577 0.000003 0.031468 0.000001 0.815174 0.000000 0.028222 0.042554 0.000000 
0.146441 0.000004 0.102816 0.334138 0.034108 0.000000 0.237983 0.144510 0.000000 
0.183777 0.032498 0.065503 0.020864 0.032708 0.605883 0.000041 0.058726 0.000000 
0.140992 0.011700 0.213225 0.517781 0.058437 0.000000 0.017612 0.040252 0.000000 
0.399956 0.014428 0.192529 0.022488 0.017259 0.000000 0.008729 0.266721 0.077890 
0.026138 0.028491 0.022000 0.013115 0.577822 0.000000 0.008364 0.021891 0.302180 
0.082737 0.000003 0.096805 0.670575 0.018868 0.000000 0.094975 0.036037 0.000000 
0.244476 0.000003 0.167545 0.000001 0.069862 0.132980 0.171747 0.213385 0.000000 
0.041236 0.000003 0.101220 0.029670 0.819535 0.000000 0.000061 0.008274 0.000000 
0.007922 0.000004 0.015184 0.922047 0.018749 0.000000 0.034221 0.001873 0.000000 
0.213284 0.126842 0.436192 0.071188 0.038810 0.000000 0.031785 0.081899 0.000000 
0.075164 0.025172 0.120892 0.000001 0.598204 0.033756 0.087754 0.025864 0.033193 
0.162304 0.059066 0.083359 0.470556 0.068061 0.000000 0.098041 0.058611 0.000000 
0.070933 0.076746 0.050999 0.000001 0.056773 0.074668 0.022541 0.023950 0.623389 
0.224727 0.136301 0.420074 0.034021 0.020246 0.000000 0.058512 0.106117 0.000000 
0.024158 0.878859 0.038809 0.006897 0.047776 0.000000 0.001750 0.001751 0.000000 
0.065901 0.096269 0.045963 0.018258 0.210459 0.091257 0.000027 0.097903 0.373964 
0.295566 0.007259 0.386874 0.000001 0.049643 0.000000 0.062469 0.153826 0.044362 
0.353949 0.009331 0.454822 0.016514 0.019618 0.000000 0.052954 0.092813 0.000000 
0.074138 0.011989 0.040854 0.000001 0.245582 0.092440 0.015698 0.025363 0.493934 
0.271759 0.000003 0.149517 0.000001 0.029605 0.000000 0.000016 0.505067 0.044032 
0.401556 0.005305 0.170463 0.028457 0.031321 0.000000 0.300010 0.062888 0.000000 
0.097222 0.000003 0.034243 0.229235 0.031933 0.382993 0.206405 0.017967 0.000000 
0.127840 0.000003 0.227306 0.000001 0.076777 0.199277 0.037295 0.156124 0.175377 
0.238034 0.000002 0.413411 0.037739 0.083510 0.000000 0.116398 0.110904 0.000000 
0.114962 0.000004 0.174054 0.617589 0.056196 0.000000 0.000038 0.037157 0.000000 
0.480190 0.000003 0.178913 0.034610 0.159197 0.000000 0.030859 0.116228 0.000000 
0.160441 0.033159 0.066719 0.000001 0.535768 0.000000 0.000040 0.203872 0.000000 
0.194480 0.083543 0.375416 0.015977 0.066852 0.000000 0.070384 0.161018 0.032331 
0.038152 0.274828 0.052885 0.000001 0.253233 0.060393 0.009268 0.036688 0.274552 
0.143098 0.003326 0.106430 0.198728 0.021683 0.024288 0.465864 0.036582 0.000000 
0.165659 0.000004 0.289363 0.145471 0.279735 0.000000 0.051613 0.068155 0.000000 
0.295072 0.000004 0.211061 0.000001 0.048221 0.000000 0.034769 0.410872 0.000000 
0.075474 0.430265 0.035362 0.000001 0.321549 0.056771 0.000021 0.056680 0.023878 
0.111938 0.000004 0.111590 0.000001 0.018400 0.570268 0.030023 0.157776 0.000000 
0.276441 0.349141 0.103205 0.000001 0.120506 0.000000 0.067759 0.082947 0.000000 
0.135092 0.000003 0.102343 0.073740 0.032817 0.000000 0.554339 0.044695 0.056971 
0.293998 0.000004 0.304344 0.011897 0.039428 0.000000 0.000033 0.350296 0.000000 
0.011358 0.244479 0.003310 0.000001 0.737782 0.000000 0.000023 0.003046 0.000000 
0.078612 0.690877 0.065832 0.000001 0.036738 0.000000 0.024643 0.082393 0.020904 
0.587816 0.006359 0.162469 0.037751 0.012922 0.000000 0.055168 0.137515 0.000000 
0.225916 0.011511 0.479829 0.012114 0.101905 0.000000 0.060064 0.108660 0.000000 
0.018685 0.000003 0.021802 0.843523 0.030817 0.000000 0.000045 0.005025 0.080099 
0.079045 0.000004 0.055892 0.610211 0.144164 0.000000 0.000035 0.110649 0.000000 
0.051574 0.010480 0.037268 0.388499 0.084192 0.024017 0.000038 0.033948 0.369982 
0.512481 0.008833 0.230239 0.018471 0.054723 0.000000 0.080631 0.094621 0.000000 
0.025002 0.170264 0.013331 0.000001 0.149172 0.599178 0.016491 0.026561 0.000000 
0.024094 0.553531 0.014026 0.000001 0.107683 0.030711 0.004287 0.015690 0.249977 
0.110778 0.000003 0.153922 0.000001 0.569419 0.102626 0.049041 0.014211 0.000000 
0.277396 0.003578 0.379146 0.000001 0.074079 0.076116 0.121729 0.067956 0.000000 
0.151981 0.000004 0.089484 0.000001 0.014493 0.438243 0.163530 0.122798 0.019466 
0.553594 0.011967 0.229343 0.026599 0.007495 0.000000 0.064675 0.106327 0.000000 
0.117589 0.000003 0.246821 0.142160 0.404191 0.020655 0.010040 0.058541 0.000000 
0.211201 0.000004 0.435980 0.000001 0.087777 0.091612 0.093125 0.080300 0.000000 
0.558573 0.007229 0.192099 0.075752 0.013112 0.000000 0.042790 0.110445 0.000000 
0.259179 0.000004 0.124522 0.000001 0.022561 0.000000 0.000019 0.593714 0.000000 
0.030960 0.000003 0.022060 0.000001 0.198207 0.690105 0.000028 0.058636 0.000000 
0.049283 0.000003 0.059940 0.570123 0.211075 0.000000 0.000071 0.009305 0.100199 
0.130824 0.000003 0.220122 0.000001 0.234213 0.305399 0.048131 0.061307 0.000000 
0.317428 0.000003 0.196194 0.000001 0.045258 0.038441 0.005745 0.396931 0.000000 
0.145162 0.432920 0.234122 0.000001 0.057685 0.024974 0.024573 0.080563 0.000000 
0.038794 0.027410 0.052316 0.000001 0.860953 0.000000 0.002902 0.017624 0.000000 
0.045408 0.000004 0.051408 0.053445 0.078209 0.197542 0.000044 0.014942 0.558999 
0.072009 0.048102 0.053600 0.106794 0.110663 0.100586 0.000029 0.006230 0.501987 
0.259081 0.013461 0.359251 0.018953 0.025472 0.000000 0.049648 0.237807 0.036328 
0.059544 0.000003 0.017410 0.623092 0.099415 0.129332 0.050390 0.020814 0.000000 
0.089493 0.337199 0.081728 0.016178 0.027988 0.035219 0.019486 0.112366 0.280342 
0.271996 0.011717 0.463390 0.036335 0.043580 0.019364 0.054673 0.098945 0.000000 
0.249810 0.000003 0.079933 0.000001 0.610223 0.000000 0.000056 0.059973 0.000000 
0.428355 0.004727 0.159301 0.038925 0.026222 0.000000 0.268360 0.074109 0.000000 
0.085979 0.292808 0.112349 0.211340 0.052654 0.065674 0.037026 0.061714 0.080455 
0.237787 0.023790 0.353903 0.000001 0.058040 0.050729 0.058601 0.066994 0.150154 
0.129605 0.000004 0.082784 0.000001 0.035994 0.000000 0.670875 0.023854 0.056882 
0.039858 0.010300 0.041340 0.000001 0.800583 0.024396 0.000090 0.018011 0.065420 
0.111306 0.320196 0.082091 0.000001 0.037571 0.077867 0.342897 0.028072 0.000000 
0.188185 0.020604 0.114470 0.000001 0.031167 0.036810 0.004756 0.373847 0.230159 
0.219216 0.000004 0.429691 0.000002 0.063542 0.074611 0.112136 0.071171 0.029627 
0.134323 0.000004 0.194782 0.000001 0.053356 0.039213 0.497871 0.050502 0.029947 
0.439782 0.000003 0.177754 0.039435 0.025565 0.000000 0.050639 0.085230 0.181591 
0.007260 0.162112 0.004147 0.000001 0.653064 0.163924 0.000035 0.009457 0.000000 
0.150675 0.000003 0.174737 0.025301 0.069185 0.061603 0.486966 0.031530 0.000000 
0.266032 0.004095 0.170701 0.000001 0.020656 0.000000 0.000017 0.538499 0.000000 
0.457498 0.000003 0.303243 0.035560 0.051269 0.000000 0.066676 0.085750 0.000000 
0.029785 0.000002 0.003058 0.078918 0.669055 0.028201 0.119240 0.010897 0.060843 
0.104065 0.000003 0.142727 0.059903 0.553467 0.000000 0.031772 0.068689 0.039374 
0.138532 0.000003 0.082242 0.364267 0.087267 0.000000 0.219246 0.108444 0.000000 
0.636290 0.013097 0.212247 0.029187 0.007472 0.000000 0.000047 0.101660 0.000000 
0.220061 0.011464 0.227788 0.026828 0.039595 0.041290 0.035358 0.089122 0.308494 
0.240857 0.006758 0.284014 0.270481 0.021688 0.000000 0.127140 0.049062 0.000000 
0.117689 0.000004 0.120755 0.000001 0.068288 0.098760 0.062266 0.029594 0.502643 
0.536051 0.000004 0.201216 0.028877 0.083872 0.000000 0.054146 0.095833 0.000000 
0.256399 0.047255 0.146083 0.000001 0.029541 0.000000 0.000020 0.520700 0.000000 
0.076825 0.000002 0.060247 0.620345 0.032815 0.000000 0.000027 0.209739 0.000000 
0.141710 0.005104 0.084235 0.063193 0.020526 0.131994 0.540814 0.012423 0.000000 
0.092873 0.000003 0.016330 0.248748 0.218538 0.371358 0.000050 0.013579 0.038521 
0.552401 0.019189 0.201664 0.017971 0.032490 0.000000 0.040318 0.135966 0.000000 
0.072328 0.065757 0.048615 0.000001 0.097759 0.043042 0.042556 0.015892 0.614050 
0.180556 0.009100 0.137555 0.233669 0.059258 0.000000 0.000022 0.379840 0.000000 
0.114765 0.019732 0.074276 0.000001 0.031005 0.078864 0.244763 0.051915 0.384678 
0.221279 0.016786 0.132583 0.116617 0.101372 0.000000 0.000027 0.411336 0.000000 
0.064963 0.005833 0.138119 0.000001 0.701133 0.027599 0.026247 0.036106 0.000000 
0.002435 0.792037 0.007453 0.000001 0.151985 0.000000 0.000014 0.009982 0.036093 
0.028717 0.000003 0.130441 0.023298 0.726965 0.000000 0.037335 0.028036 0.025204 
0.087663 0.000004 0.039393 0.039351 0.048473 0.593325 0.165059 0.026732 0.000000 
0.130579 0.000003 0.305476 0.252565 0.129117 0.000000 0.135693 0.046566 0.000000 
0.060853 0.000004 0.023575 0.615981 0.046953 0.000000 0.245502 0.007132 0.000000 
0.012987 0.173045 0.011154 0.693340 0.027895 0.036969 0.039263 0.005347 0.000000 
0.596716 0.011753 0.158233 0.017914 0.000275 0.000000 0.065258 0.149850 0.000000 
0.221564 0.012643 0.410636 0.000001 0.054560 0.077935 0.116809 0.105853 0.000000 
0.071827 0.007961 0.056261 0.000001 0.123917 0.337556 0.044149 0.028788 0.329540 
0.095966 0.019091 0.063695 0.000001 0.245895 0.054038 0.496245 0.025070 0.000000 
0.190564 0.082480 0.391925 0.055673 0.064121 0.092346 0.071785 0.051105 0.000000 
0.200161 0.000003 0.451563 0.021505 0.059820 0.000000 0.116985 0.085727 0.064234 
0.155107 0.249673 0.086184 0.000001 0.208429 0.000000 0.000024 0.300582 0.000000 
0.267651 0.000004 0.082912 0.218564 0.104282 0.000000 0.254453 0.072134 0.000000 
0.191152 0.020081 0.325907 0.014430 0.040832 0.028050 0.065822 0.082177 0.231548 
0.131546 0.000002 0.043389 0.693636 0.021500 0.000000 0.060443 0.049485 0.000000 
0.659629 0.017027 0.112799 0.000001 0.010195 0.000000 0.073045 0.127303 0.000000 
0.257456 0.000004 0.158123 0.000001 0.064420 0.082894 0.000023 0.437080 0.000000 
0.126839 0.006262 0.052680 0.000001 0.008156 0.736974 0.014392 0.054695 0.000000 
0.028510 0.031205 0.002978 0.538604 0.326175 0.000000 0.010926 0.002416 0.059184 
0.082314 0.000003 0.053647 0.071576 0.207580 0.028486 0.533681 0.022713 0.000000 
0.565892 0.011035 0.201930 0.000001 0.015723 0.000000 0.039137 0.166283 0.000000 
0.133416 0.000003 0.272638 0.000001 0.021742 0.397237 0.093749 0.081214 0.000000 
0.191898 0.000004 0.171745 0.000001 0.049131 0.000000 0.508781 0.045502 0.032939 
0.253898 0.000004 0.130793 0.000001 0.027367 0.000000 0.340066 0.247871 0.000000 
0.221583 0.287316 0.094522 0.041145 0.017362 0.243700 0.000037 0.052080 0.042255 
0.167556 0.000003 0.149190 0.101610 0.033446 0.000000 0.503646 0.044549 0.000000 
0.151351 0.000004 0.117937 0.012674 0.083082 0.030752 0.007111 0.221298 0.375792 
0.463859 0.108478 0.120166 0.017220 0.093934 0.000000 0.077110 0.119232 0.000000 
0.249134 0.041936 0.275823 0.000001 0.032683 0.085195 0.021531 0.293696 0.000000 
0.055690 0.561543 0.211758 0.015243 0.061102 0.047710 0.030277 0.016678 0.000000 
0.115498 0.019792 0.245138 0.000001 0.476892 0.070377 0.020410 0.051892 0.000000 
0.339071 0.002457 0.271461 0.037461 0.019132 0.000000 0.007842 0.322576 0.000000 
0.192401 0.093534 0.109243 0.000001 0.153026 0.000000 0.192291 0.259504 0.000000 
0.115883 0.026343 0.103620 0.000001 0.669710 0.000000 0.021688 0.062755 0.000000 
0.056966 0.000004 0.059690 0.000001 0.040855 0.718334 0.053356 0.030646 0.040147 
0.187653 0.000004 0.222533 0.426025 0.036354 0.000000 0.044875 0.082555 0.000000 
0.267697 0.000003 0.235736 0.148569 0.044725 0.000000 0.114055 0.189214 0.000000 
0.013737 0.000003 0.008293 0.171822 0.788835 0.000000 0.000043 0.017268 0.000000 
0.172787 0.022118 0.066851 0.023786 0.050751 0.034767 0.014739 0.137573 0.476628 
0.146742 0.031806 0.072311 0.075796 0.049320 0.105849 0.020912 0.031016 0.466247 
0.286157 0.007860 0.149293 0.000001 0.026869 0.000000 0.001932 0.503212 0.024676 
0.092256 0.000003 0.068677 0.698456 0.031734 0.000000 0.032603 0.076270 0.000000 
0.052695 0.000004 0.088335 0.473309 0.058900 0.040105 0.012219 0.011224 0.263209 
0.259608 0.000003 0.171131 0.113164 0.013991 0.000000 0.000026 0.442076 0.000000 
0.097387 0.000003 0.029182 0.000001 0.736455 0.077865 0.008188 0.050918 0.000000 
0.030889 0.852381 0.069200 0.000001 0.037476 0.000000 0.000038 0.010016 0.000000 
0.173821 0.043678 0.295721 0.090376 0.037818 0.000000 0.036906 0.066754 0.254925 
0.053214 0.011687 0.060932 0.310785 0.040235 0.142393 0.000040 0.044076 0.336638 
0.100348 0.195194 0.040943 0.553144 0.011113 0.036735 0.046462 0.016063 0.000000 
0.041484 0.015590 0.018282 0.466497 0.441329 0.000000 0.000039 0.016778 0.000000 
0.040235 0.126714 0.024935 0.000001 0.053777 0.740427 0.006382 0.007529 0.000000 
0.049018 0.172743 0.054280 0.000001 0.053220 0.345141 0.000038 0.030004 0.295554 
0.023608 0.041468 0.027658 0.000001 0.450384 0.254970 0.014088 0.009454 0.178367 
0.073751 0.284711 0.070196 0.000001 0.085249 0.082686 0.056586 0.121551 0.225269 
0.540702 0.000003 0.216884 0.042323 0.009698 0.000000 0.047280 0.143109 0.000000 
0.225957 0.007945 0.434159 0.156103 0.048643 0.000000 0.054016 0.073176 0.000000 
0.226036 0.000003 0.376443 0.011824 0.055418 0.000000 0.131968 0.143661 0.054647 
0.042435 0.000002 0.011148 0.000001 0.088454 0.848978 0.000039 0.008943 0.000000 
0.109288 0.045653 0.182351 0.000001 0.054516 0.064965 0.051668 0.026678 0.464880 
0.248873 0.015013 0.489868 0.000002 0.034176 0.028262 0.070659 0.113148 0.000000 
0.257988 0.000003 0.330225 0.000001 0.049626 0.000000 0.043894 0.318261 0.000000 
0.249278 0.000004 0.432853 0.000001 0.101620 0.000000 0.148038 0.068206 0.000000 
0.301747 0.000004 0.150763 0.016400 0.029955 0.046249 0.003377 0.451505 0.000000 
0.063687 0.336605 0.117862 0.000001 0.042890 0.413061 0.010677 0.015217 0.000000 
0.195316 0.000004 0.159388 0.000001 0.057312 0.028095 0.139617 0.215459 0.204807 
0.369729 0.000004 0.180620 0.073114 0.044546 0.000000 0.097195 0.234792 0.000000 
0.080301 0.000003 0.051561 0.139639 0.551095 0.051120 0.021430 0.049433 0.055419 
0.056410 0.116878 0.089728 0.036919 0.059672 0.295446 0.012149 0.010699 0.322099 
0.137724 0.000003 0.102035 0.000001 0.429755 0.000000 0.000019 0.330463 0.000000 
0.028170 0.000002 0.026068 0.112269 0.016456 0.750213 0.024826 0.004284 0.037712 
0.180629 0.000004 0.137657 0.000001 0.120025 0.000000 0.510364 0.051320 0.000000 
0.029427 0.000004 0.008900 0.000001 0.507179 0.433081 0.004011 0.017398 0.000000 
0.156363 0.000003 0.137092 0.000001 0.037774 0.000000 0.628619 0.040148 0.000000 
0.019282 0.899613 0.024696 0.000001 0.051968 0.000000 0.000026 0.004413 0.000000 
0.104880 0.012498 0.073057 0.567030 0.062906 0.000000 0.000031 0.179598 0.000000 
0.145657 0.020509 0.291980 0.000001 0.285191 0.175555 0.012495 0.068612 0.000000 
0.058457 0.018290 0.070644 0.000001 0.687160 0.000000 0.109572 0.033003 0.022874 
0.066303 0.024739 0.054229 0.157530 0.502948 0.056196 0.022462 0.016089 0.099505 
0.174180 0.041708 0.330591 0.000001 0.259204 0.032414 0.034537 0.127364 0.000000 
0.259835 0.000004 0.213051 0.000001 0.022630 0.099803 0.052209 0.352467 0.000000 
0.059023 0.000003 0.072626 0.000001 0.022340 0.779907 0.019292 0.046807 0.000000 
0.566075 0.016452 0.171126 0.000001 0.012511 0.000000 0.103580 0.130256 0.000000 
0.104843 0.473608 0.093745 0.197966 0.044298 0.000000 0.000036 0.085505 0.000000 
0.014785 0.000003 0.010048 0.275500 0.677633 0.000000 0.000027 0.005947 0.016056 
0.587268 0.014797 0.208160 0.000001 0.016027 0.000000 0.035819 0.137929 0.000000 
0.206482 0.216223 0.108984 0.013164 0.035054 0.011629 0.000022 0.408442 0.000000 
0.208749 0.017039 0.106243 0.020667 0.046658 0.268097 0.027236 0.073589 0.231723 
0.029153 0.000003 0.018396 0.865818 0.084702 0.000000 0.000060 0.001868 0.000000 
0.219589 0.086435 0.241087 0.080461 0.042185 0.072268 0.051691 0.206284 0.000000 
0.125783 0.053291 0.077573 0.000001 0.042946 0.048909 0.621734 0.029763 0.000000 
0.008678 0.009371 0.003657 0.000001 0.962022 0.000000 0.003891 0.012380 0.000000 
0.615821 0.021134 0.150471 0.047000 0.004605 0.000000 0.046876 0.114093 0.000000 
0.252594 0.088334 0.180177 0.000001 0.024693 0.000000 0.000017 0.454185 0.000000 
0.241428 0.000003 0.281124 0.000001 0.034344 0.045813 0.070025 0.327262 0.000000 
0.287762 0.011688 0.293300 0.000001 0.017285 0.000000 0.007954 0.382010 0.000000 
0.034082 0.000004 0.011058 0.112378 0.005640 0.792302 0.032249 0.012288 0.000000 
0.101937 0.000004 0.125824 0.000001 0.041481 0.284607 0.020833 0.101754 0.323559 
0.118852 0.000003 0.104287 0.087663 0.128137 0.000000 0.000024 0.195942 0.365091 
0.084371 0.000002 0.130009 0.217900 0.045074 0.433991 0.053957 0.034696 0.000000 
0.033352 0.016724 0.016004 0.223239 0.523028 0.000000 0.000070 0.007114 0.180469 
0.066077 0.078990 0.034116 0.000001 0.037419 0.078674 0.019474 0.013802 0.671447 
0.059062 0.172190 0.045192 0.000001 0.196742 0.033490 0.024330 0.034620 0.434372 
0.202459 0.000004 0.373311 0.000001 0.286621 0.000000 0.091653 0.045951 0.000000 
0.011016 0.023924 0.002668 0.000001 0.951213 0.000000 0.001511 0.009667 0.000000 
0.108807 0.168143 0.245439 0.266878 0.090072 0.000000 0.082922 0.037739 0.000000 
0.060962 0.360217 0.106339 0.000001 0.041282 0.375944 0.020784 0.034471 0.000000 
0.027658 0.860936 0.053091 0.000001 0.048945 0.000000 0.002266 0.007103 0.000000 
0.131036 0.000003 0.084123 0.000001 0.055336 0.055199 0.648331 0.025971 0.000000 
0.045837 0.025357 0.028030 0.000001 0.749164 0.000000 0.026161 0.010302 0.115148 
0.027095 0.000003 0.021237 0.477469 0.074911 0.334633 0.044126 0.020525 0.000000 
0.202909 0.096785 0.369199 0.000001 0.018600 0.076175 0.099639 0.136692 0.000000 
0.156214 0.000003 0.247016 0.284683 0.054533 0.077649 0.141398 0.038503 0.000000 
0.282207 0.000004 0.149176 0.000001 0.027798 0.000000 0.004370 0.536444 0.000000 
0.100377 0.012590 0.103289 0.426859 0.024697 0.053053 0.107120 0.022326 0.149689 
0.195121 0.000003 0.208554 0.000001 0.062260 0.000000 0.406799 0.127262 0.000000 
0.353096 0.006942 0.132387 0.021246 0.016880 0.033699 0.085091 0.132742 0.217916 
0.250107 0.000004 0.169155 0.000001 0.039827 0.000000 0.000021 0.540885 0.000000 
0.145587 0.157112 0.202580 0.355563 0.043795 0.000000 0.059121 0.036242 0.000000 
0.063327 0.000003 0.046846 0.189811 0.659067 0.000000 0.000029 0.018633 0.022283 
0.441759 0.000004 0.347293 0.025445 0.025486 0.000000 0.025037 0.134976 0.000000 
0.248146 0.000003 0.191126 0.000001 0.027546 0.000000 0.000022 0.533154 0.000000 
0.011366 0.806844 0.028363 0.000001 0.044915 0.000000 0.000020 0.006910 0.101582 
0.010882 0.028865 0.004705 0.000001 0.928921 0.000000 0.009743 0.016882 0.000000 
0.036057 0.621770 0.031530 0.245126 0.028126 0.000000 0.000026 0.037365 0.000000 
0.266441 0.000002 0.361316 0.000001 0.080459 0.000000 0.135010 0.156770 0.000000 
0.203122 0.008502 0.070672 0.000001 0.446105 0.164921 0.025359 0.081319 0.000000 
0.261774 0.000003 0.158113 0.000001 0.079260 0.000000 0.002548 0.498300 0.000000 
0.227090 0.000003 0.088971 0.000001 0.475429 0.000000 0.008132 0.200374 0.000000 
0.038446 0.732111 0.047820 0.090522 0.039083 0.000000 0.000027 0.051992 0.000000 
0.268577 0.000004 0.210560 0.000001 0.029631 0.203029 0.024419 0.263779 0.000000 
0.247921 0.081835 0.453631 0.008860 0.043062 0.000000 0.062324 0.102369 0.000000 
0.023732 0.006509 0.029605 0.092887 0.473461 0.148490 0.009099 0.015834 0.200383 
0.590680 0.079201 0.136245 0.000001 0.020518 0.000000 0.071579 0.101776 0.000000 
0.310452 0.000003 0.332301 0.000001 0.080448 0.059749 0.110580 0.106467 0.000000 
0.052659 0.000004 0.023249 0.000001 0.185094 0.600034 0.121588 0.017371 0.000000 
0.260326 0.020748 0.428143 0.000002 0.034341 0.069086 0.112280 0.075074 0.000000 
0.026359 0.000002 0.008739 0.872442 0.030086 0.000000 0.034556 0.018184 0.009631 
0.222334 0.000004 0.355602 0.000001 0.078664 0.095308 0.163832 0.084254 0.000000 
0.014386 0.557183 0.052177 0.194263 0.046417 0.000000 0.030704 0.045546 0.059324 
0.554686 0.004288 0.158433 0.115609 0.018965 0.000000 0.035375 0.112644 0.000000 
0.167054 0.000004 0.111412 0.000001 0.040485 0.000000 0.588365 0.066870 0.025809 
0.037246 0.466306 0.029589 0.114679 0.300874 0.000000 0.000033 0.051273 0.000000 
0.015911 0.000003 0.007897 0.000001 0.044411 0.917605 0.007384 0.006787 0.000000 
0.316581 0.010055 0.102844 0.000001 0.032579 0.048956 0.076116 0.086850 0.326018 
0.512432 0.009992 0.138767 0.000001 0.012551 0.145712 0.053657 0.126888 0.000000 
0.172991 0.000003 0.240296 0.011626 0.261989 0.000000 0.036481 0.144511 0.132103 
0.103902 0.009911 0.113193 0.010440 0.037601 0.078348 0.020951 0.042179 0.583474 
0.071206 0.000003 0.123101 0.756858 0.033941 0.000000 0.000050 0.014841 0.000000 
0.176689 0.219925 0.166505 0.000001 0.158090 0.000000 0.006233 0.272556 0.000000 
0.041744 0.791705 0.050473 0.009662 0.010007 0.000000 0.000026 0.014788 0.081595 
0.172407 0.000003 0.460732 0.009892 0.074184 0.000000 0.156353 0.066447 0.059981 
0.209205 0.008021 0.199960 0.000001 0.045223 0.256546 0.000043 0.281000 0.000000 
0.014374 0.904072 0.027405 0.000001 0.050382 0.000000 0.000014 0.003752 0.000000 
0.294613 0.005507 0.132569 0.000001 0.026083 0.000000 0.400593 0.123895 0.016739 
0.381459 0.002607 0.153702 0.095828 0.009703 0.180748 0.047269 0.128683 0.000000 
0.153918 0.025921 0.192651 0.000001 0.052042 0.031791 0.043620 0.045289 0.454767 
0.024357 0.000003 0.042357 0.033618 0.066064 0.737902 0.000039 0.026130 0.069529 
0.087228 0.232117 0.053371 0.000001 0.086930 0.038985 0.476171 0.025197 0.000000 
0.283230 0.004745 0.156577 0.000001 0.019306 0.048299 0.000024 0.487818 0.000000 
0.136975 0.000003 0.120047 0.000001 0.040840 0.084475 0.502749 0.033668 0.081241 
0.228018 0.021701 0.285842 0.004876 0.009084 0.000000 0.257709 0.192770 0.000000 
0.151988 0.000004 0.094731 0.007640 0.029155 0.000000 0.567555 0.039260 0.109668 
0.285346 0.026214 0.144286 0.000001 0.021806 0.000000 0.014109 0.508237 0.000000 
0.618318 0.019302 0.181052 0.000002 0.004956 0.000000 0.035995 0.122546 0.017829 
0.358981 0.029235 0.121941 0.009357 0.025099 0.000000 0.053615 0.115782 0.285989 
0.029489 0.010318 0.022031 0.877977 0.022309 0.000000 0.000044 0.001734 0.036098 
0.598013 0.045103 0.148816 0.038834 0.011684 0.000000 0.042150 0.115400 0.000000 
0.133131 0.008189 0.225440 0.505004 0.036315 0.000000 0.048878 0.043043 0.000000 
0.090757 0.012165 0.116378 0.061183 0.053613 0.000000 0.000043 0.149410 0.516450 
0.168412 0.054850 0.341647 0.019301 0.306809 0.000000 0.035601 0.073379 0.000000 
0.348079 0.023711 0.394102 0.038197 0.024083 0.000000 0.031529 0.140299 0.000000 
0.021492 0.641528 0.012592 0.000001 0.321517 0.000000 0.002656 0.000214 0.000000 
0.049546 0.195782 0.055184 0.406986 0.077355 0.000000 0.028072 0.033478 0.153598 
0.253360 0.011066 0.168779 0.000001 0.011812 0.000000 0.000019 0.554964 0.000000 
0.254485 0.000003 0.176273 0.000001 0.096727 0.000000 0.000027 0.472483 0.000000 
0.292070 0.000004 0.200476 0.102789 0.290360 0.000000 0.029823 0.084477 0.000000 
0.055274 0.013538 0.040564 0.516680 0.215343 0.000000 0.115121 0.028637 0.014842 
0.298340 0.212546 0.272384 0.017597 0.030941 0.000000 0.069032 0.099159 0.000000 
0.116900 0.000003 0.277864 0.015890 0.497230 0.000000 0.032274 0.059838 0.000000 
0.246297 0.057452 0.219944 0.029751 0.020012 0.000000 0.041734 0.384809 0.000000 
0.450785 0.000004 0.175868 0.077028 0.155654 0.000000 0.054428 0.086235 0.000000 
0.078889 0.527843 0.030655 0.000001 0.060837 0.094089 0.044544 0.065682 0.097460 
0.225596 0.199205 0.185746 0.006830 0.030471 0.000000 0.006554 0.284324 0.061272 
0.267983 0.156396 0.150270 0.000001 0.038375 0.000000 0.000024 0.386950 0.000000 
0.078561 0.015275 0.078394 0.000001 0.591831 0.000000 0.012709 0.128852 0.094377 
0.182680 0.173449 0.102495 0.033560 0.415412 0.000000 0.031793 0.060611 0.000000 
0.402787 0.000003 0.318278 0.018524 0.120942 0.000000 0.052829 0.086636 0.000000 
0.061593 0.114600 0.072022 0.000001 0.678191 0.000000 0.003884 0.069708 0.000000 
0.258218 0.008730 0.379643 0.038733 0.034336 0.000000 0.040455 0.239884 0.000000 
0.171372 0.088751 0.446442 0.000001 0.087668 0.000000 0.072894 0.071424 0.061447 
0.297962 0.035576 0.379490 0.173021 0.039075 0.000000 0.000050 0.074825 0.000000 
0.314201 0.003572 0.121807 0.014638 0.026119 0.000000 0.460308 0.059355 0.000000 
0.248339 0.000003 0.181283 0.000001 0.027651 0.000000 0.109843 0.432879 0.000000 
0.075551 0.006522 0.041942 0.464343 0.049569 0.069850 0.221509 0.070715 0.000000 
0.202752 0.007552 0.230215 0.000001 0.040158 0.000000 0.467639 0.051683 0.000000 
0.571268 0.023140 0.139146 0.000001 0.016959 0.000000 0.066318 0.139994 0.043174 
0.032208 0.049615 0.001749 0.000001 0.034589 0.867661 0.000039 0.014138 0.000000 
0.179088 0.000003 0.422152 0.000001 0.138179 0.073917 0.101552 0.085109 0.000000 
0.663181 0.010908 0.148990 0.040710 0.007159 0.000000 0.000048 0.129003 0.000000 
0.398944 0.000003 0.170432 0.000001 0.038882 0.014630 0.010726 0.366382 0.000000 
0.032450 0.015725 0.033414 0.000001 0.567349 0.024439 0.015512 0.007931 0.303180 
0.031843 0.000004 0.027791 0.000001 0.689519 0.225138 0.007328 0.018375 0.000000 
0.011424 0.009711 0.033426 0.000001 0.914153 0.000001 0.017564 0.013719 0.000000 
0.223385 0.222649 0.097501 0.000001 0.020971 0.000000 0.026628 0.081866 0.326999 
0.270949 0.051323 0.286683 0.013520 0.072321 0.093839 0.101760 0.109605 0.000000 
0.169968 0.000002 0.295978 0.000001 0.053211 0.368852 0.062080 0.049908 0.000000 
0.148131 0.000003 0.082560 0.061105 0.038792 0.000000 0.601453 0.042271 0.025685 
0.018313 0.000003 0.010061 0.915736 0.053662 0.000000 0.000046 0.002179 0.000000 
0.266812 0.022406 0.505621 0.011938 0.040414 0.000000 0.052542 0.100266 0.000000 
0.011178 0.260723 0.028040 0.631443 0.042090 0.000000 0.026253 0.000271 0.000000 
0.070894 0.410351 0.062966 0.000001 0.031686 0.249919 0.109184 0.064998 0.000000 
0.547879 0.000004 0.169175 0.041499 0.036399 0.000000 0.023965 0.118992 0.062087 
0.387899 0.264997 0.134867 0.007563 0.026874 0.000000 0.086870 0.090928 0.000000 
0.202226 0.132519 0.352319 0.014898 0.202922 0.000000 0.018275 0.076841 0.000000 
0.185948 0.022761 0.415551 0.019462 0.050172 0.000000 0.139364 0.087670 0.079072 
0.013933 0.014099 0.000893 0.896256 0.041975 0.000000 0.032291 0.000554 0.000000 
0.005482 0.000003 0.013076 0.065598 0.897089 0.000000 0.000031 0.012363 0.006357 
0.178569 0.000003 0.466503 0.000001 0.083789 0.065019 0.140083 0.066034 0.000000 
0.150118 0.363781 0.283544 0.000001 0.072939 0.000000 0.078694 0.050923 0.000000 
0.043320 0.024399 0.013143 0.000001 0.441156 0.227681 0.000059 0.001266 0.248974 
0.083678 0.000003 0.091124 0.000001 0.558184 0.000000 0.000060 0.049291 0.217660 
0.023976 0.481450 0.030148 0.000001 0.321016 0.048381 0.086564 0.008464 0.000000 
0.063315 0.050877 0.050654 0.627442 0.023674 0.152014 0.000034 0.031990 0.000000 
0.036677 0.658807 0.041270 0.000001 0.226753 0.000000 0.000059 0.036433 0.000000 
0.162141 0.147563 0.110360 0.000001 0.142361 0.000000 0.165990 0.271584 0.000000 
0.163241 0.000003 0.307677 0.230445 0.055748 0.069696 0.071488 0.101702 0.000000 
0.169200 0.125551 0.072563 0.000001 0.043729 0.292592 0.049482 0.213874 0.033009 
0.552813 0.011319 0.192244 0.000001 0.049085 0.000000 0.057464 0.137072 0.000000 
0.399041 0.000004 0.179810 0.166249 0.025296 0.062717 0.051519 0.115364 0.000000 
0.397504 0.014267 0.392723 0.003139 0.019097 0.000000 0.016512 0.156758 0.000000 
0.345731 0.116487 0.170208 0.000001 0.024222 0.000000 0.000043 0.343309 0.000000 
0.018394 0.168969 0.019358 0.247088 0.515089 0.000000 0.000029 0.008043 0.023030 
0.354545 0.006270 0.157808 0.081925 0.023659 0.239640 0.033848 0.102305 0.000000 
0.020852 0.009270 0.015230 0.000001 0.031944 0.718125 0.014028 0.015333 0.175217 
0.174749 0.000003 0.111315 0.000001 0.029135 0.380438 0.004296 0.300063 0.000000 
0.043642 0.013632 0.009194 0.120028 0.025658 0.675004 0.016947 0.018642 0.077252 
0.010294 0.764462 0.010096 0.000001 0.009588 0.167153 0.011466 0.002950 0.023989 
0.039188 0.008332 0.046288 0.790044 0.021515 0.000000 0.078602 0.016030 0.000000 
0.236811 0.000003 0.158453 0.000001 0.023541 0.000000 0.000024 0.581166 0.000000 
0.063191 0.000004 0.121695 0.581353 0.210465 0.000000 0.000041 0.023252 0.000000 
0.104026 0.053339 0.090942 0.155905 0.024685 0.086064 0.080624 0.065808 0.338608 
0.095331 0.000004 0.039851 0.171828 0.056403 0.203665 0.026919 0.108506 0.297493 
0.152154 0.000003 0.035596 0.681387 0.074914 0.000000 0.000035 0.055911 0.000000 
0.093831 0.000003 0.089098 0.000001 0.321868 0.000000 0.000030 0.123126 0.372042 
0.098745 0.000002 0.072264 0.014607 0.058377 0.347043 0.294017 0.032592 0.082352 
0.077103 0.000004 0.079566 0.000001 0.300748 0.000000 0.009299 0.060235 0.473044 
0.099977 0.013440 0.087102 0.000001 0.022444 0.028641 0.683915 0.064480 0.000000 
0.228995 0.147445 0.454347 0.022545 0.011144 0.000000 0.040627 0.094897 0.000000 
0.066774 0.000003 0.079326 0.192209 0.058244 0.078524 0.039062 0.023029 0.462828 
0.039852 0.000002 0.031575 0.374463 0.111757 0.256952 0.174174 0.011224 0.000000 
0.136548 0.267348 0.032324 0.319590 0.013114 0.207863 0.000058 0.023156 0.000000 
0.224428 0.000003 0.436471 0.000001 0.094228 0.000000 0.159587 0.085281 0.000000 
0.512096 0.000004 0.186104 0.000001 0.024871 0.016435 0.059662 0.200826 0.000000 
0.023231 0.000004 0.006609 0.000001 0.041189 0.911680 0.006691 0.010595 0.000000 
0.238675 0.015411 0.438929 0.007770 0.017681 0.000000 0.124573 0.156962 0.000000 
0.127842 0.378590 0.244808 0.020541 0.070871 0.000000 0.022911 0.085222 0.049216 
0.003568 0.889402 0.020565 0.000001 0.014458 0.000000 0.008625 0.001826 0.061554 
0.035170 0.030293 0.017570 0.000001 0.516619 0.341350 0.005042 0.053956 0.000000 
0.065256 0.024425 0.036420 0.000001 0.703064 0.000000 0.000024 0.061823 0.108986 
0.147682 0.000003 0.109818 0.000001 0.028856 0.027784 0.645293 0.040562 0.000000 
0.054630 0.659481 0.012205 0.014677 0.054048 0.034400 0.161707 0.008852 0.000000 
0.048745 0.000003 0.032794 0.000001 0.808116 0.006535 0.000055 0.103750 0.000000 
0.197310 0.000004 0.180325 0.000001 0.030824 0.014880 0.424406 0.152250 0.000000 
0.022740 0.000003 0.008305 0.080925 0.638079 0.202079 0.041704 0.006164 0.000000 
0.106959 0.013040 0.138392 0.322349 0.053996 0.121489 0.031988 0.068135 0.143652 
0.093873 0.016607 0.160995 0.035994 0.075993 0.079571 0.011759 0.032682 0.492524 
0.063615 0.000003 0.018190 0.577677 0.034675 0.000000 0.194724 0.020173 0.090944 
0.173303 0.000003 0.385624 0.000001 0.080844 0.095489 0.131776 0.044538 0.088423 
0.237348 0.000003 0.121494 0.235743 0.017756 0.038472 0.000024 0.349160 0.000000 
0.086979 0.000003 0.061297 0.000001 0.472123 0.000000 0.000031 0.149908 0.229657 
0.184964 0.038990 0.203528 0.000001 0.068113 0.087408 0.063975 0.054613 0.298408 
0.254869 0.000004 0.475853 0.008124 0.040909 0.056612 0.074130 0.089500 0.000000 
0.251732 0.356011 0.175938 0.000001 0.047123 0.000000 0.022160 0.147034 0.000000 
0.157456 0.021014 0.061040 0.000001 0.038061 0.000000 0.670895 0.027769 0.023764 
0.069420 0.000002 0.151491 0.000001 0.042020 0.510247 0.049377 0.087303 0.090139 
0.352798 0.005303 0.253924 0.017242 0.029463 0.000000 0.258048 0.083222 0.000000 
0.196982 0.033022 0.327607 0.033755 0.048714 0.000000 0.035151 0.098562 0.226205 
0.243225 0.027192 0.240058 0.047722 0.077016 0.000000 0.006754 0.358033 0.000000 
0.115535 0.015807 0.201547 0.000001 0.243416 0.067950 0.011585 0.112810 0.231350 
0.267560 0.012401 0.563618 0.010040 0.021007 0.000000 0.044541 0.080833 0.000000 
