-1952249.724387
0
0.023129 0.009873 0.000000 0.005633 0.000000 0.000000 0.000000 0.000000 0.000000 0.000000 0.014396 0.000000 0.035707 0.000000 0.009114 0.042942 0.000000 0.000000 0.000000 0.011820 0.112864 0.005980 0.000000 0.000000 0.022204 0.009896 0.000000 0.000000 0.000000 0.000000 0.000000 0.000000 0.000000 0.000000 0.000000 0.000000 0.015343 0.008329 0.006334 0.004144 0.022583 0.000000 0.000000 0.055045 0.049726 0.000000 0.021800 0.071098 0.005205 0.000000 0.000000 0.000000 0.000000 0.000000 0.000000 0.002263 0.000000 0.000000 0.000000 0.000000 0.000000 0.005751 0.000000 0.000000 0.007138 0.019330 0.000000 0.000000 0.023910 0.000000 0.008618 0.033605 0.000000 0.000000 0.000000 0.000000 0.028295 0.005140 0.000000 0.000000 0.000000 0.000000 0.000000 0.000000 0.062524 0.000000 0.041473 0.036338 0.029477 0.027973 0.000000 0.000000 0.094035 0.010967 0.000000 0.000000 
0.000000 0.000000 0.000000 0.000000 0.000000 0.000000 0.000000 0.000000 0.000000 0.000000 0.000000 0.009127 0.002586 0.000000 0.000837 0.008561 0.000000 0.000000 0.000000 0.000000 0.000000 0.000000 0.001309 0.000000 0.002188 0.000000 0.000000 0.000000 0.000000 0.000000 0.000000 0.000000 0.228695 0.170442 0.043342 0.172345 0.000000 0.007337 0.000000 0.006966 0.000000 0.001468 0.000000 0.011229 0.000000 0.000000 0.000000 0.002712 0.000000 0.000000 0.000000 0.000000 0.000000 0.000890 0.000000 0.000000 0.000000 0.068340 0.000000 0.049685 0.000000 0.000000 0.000000 0.004233 0.000000 0.000000 0.000000 0.007573 0.000000 0.000000 0.000000 0.000000 0.002698 0.000000 0.000000 0.000000 0.000000 0.000000 0.000000 0.000000 0.000000 0.157202 0.000000 0.000000 0.000000 0.004129 0.002969 0.018170 0.005594 0.000000 0.004591 0.000000 0.000000 0.001791 0.002988 0.000000 
0.000000 0.032180 0.043401 0.000000 0.000000 0.000000 0.000000 0.009900 0.000000 0.000000 0.000000 0.000000 0.006680 0.000000 0.000000 0.000000 0.000000 0.000000 0.011399 0.000000 0.000000 0.000000 0.000000 0.000000 0.050912 0.118847 0.000000 0.056630 0.000000 0.000000 0.000000 0.000000 0.019479 0.000000 0.000000 0.000000 0.020220 0.023090 0.047479 0.000000 0.000000 0.000000 0.018260 0.000000 0.000000 0.000000 0.000000 0.000000 0.079838 0.073496 0.066908 0.012190 0.014737 0.001781 0.018974 0.013413 0.018043 0.008628 0.000000 0.000000 0.000000 0.011177 0.000000 0.000000 0.000000 0.000000 0.005559 0.000000 0.000000 0.000000 0.000000 0.000000 0.037738 0.079063 0.026334 0.037386 0.000000 0.000000 0.012226 0.000000 0.000000 0.000000 0.000000 0.000000 0.000000 0.005541 0.009404 0.000000 0.000000 0.000000 0.004575 0.000000 0.000000 0.000000 0.004509 0.000000 
0.000000 0.000000 0.000000 0.000000 0.000000 0.000000 0.000000 0.000000 0.000000 0.028309 0.000000 0.002048 0.000000 0.000000 0.000000 0.000000 0.000000 0.000000 0.000000 0.000000 0.000000 0.000000 0.000000 0.000000 0.000000 0.000000 0.000000 0.002441 0.000000 0.000000 0.000000 0.000000 0.000000 0.069539 0.011683 0.036353 0.000000 0.000000 0.000000 0.000000 0.000000 0.000000 0.000000 0.000000 0.000000 0.001094 0.001101 0.000000 0.000000 0.000000 0.000000 0.000000 0.000000 0.000000 0.000000 0.000000 0.000000 0.000000 0.000000 0.000000 0.000000 0.000000 0.000000 0.000000 0.000000 0.000000 0.000000 0.006703 0.000000 0.000000 0.003266 0.001563 0.000000 0.002505 0.000000 0.000000 0.000000 0.000933 0.000000 0.000000 0.175020 0.368204 0.157692 0.125516 0.001033 0.000000 0.000000 0.000000 0.000000 0.002024 0.000000 0.002973 0.000000 0.000000 0.000000 0.000000 
0.000000 0.000000 0.000000 0.000000 0.002562 0.000000 0.000000 0.000970 0.025017 0.017499 0.000000 0.015471 0.000000 0.001676 0.000000 0.000000 0.000000 0.004772 0.030396 0.000000 0.000000 0.002502 0.000000 0.002048 0.016699 0.041376 0.017048 0.108811 0.000000 0.000000 0.000000 0.000000 0.000000 0.000000 0.079838 0.000000 0.000000 0.000000 0.000000 0.000000 0.000000 0.000000 0.044660 0.000000 0.000000 0.005273 0.007700 0.013526 0.000000 0.006588 0.000000 0.014470 0.000000 0.002860 0.000000 0.002195 0.097664 0.118027 0.148181 0.083130 0.000000 0.003735 0.000000 0.000000 0.012675 0.004395 0.013969 0.000000 0.000000 0.002368 0.001593 0.006217 0.000000 0.000000 0.000000 0.009551 0.000000 0.000000 0.000000 0.000000 0.000000 0.000000 0.000000 0.000000 0.000000 0.000000 0.000000 0.000000 0.003343 0.001648 0.010999 0.000000 0.002641 0.002980 0.000000 0.012929 
0.061697 0.054062 0.003550 0.058467 0.000000 0.000000 0.000000 0.000000 0.013990 0.000000 0.000000 0.024016 0.018071 0.000000 0.022190 0.035999 0.002754 0.000000 0.000000 0.000000 0.000000 0.000000 0.006295 0.000000 0.054574 0.043730 0.000000 0.054184 0.000000 0.000000 0.000000 0.000000 0.000000 0.000000 0.000000 0.027726 0.018628 0.024641 0.026692 0.039491 0.000000 0.005793 0.000000 0.005608 0.000000 0.000000 0.003425 0.000000 0.037965 0.025117 0.000000 0.037256 0.000000 0.000000 0.000000 0.000000 0.000000 0.000000 0.000000 0.000000 0.010644 0.010530 0.013141 0.031405 0.000000 0.000000 0.000000 0.000000 0.000000 0.000000 0.000000 0.000000 0.048242 0.029344 0.000000 0.061238 0.000000 0.000000 0.000000 0.000000 0.000000 0.000000 0.000000 0.015382 0.019258 0.000000 0.009097 0.045801 0.000000 0.000000 0.000000 0.000000 0.000000 0.000000 0.000000 0.000000 
0.000000 0.018794 0.000000 0.000000 0.052329 0.017611 0.000000 0.057714 0.019597 0.000000 0.000000 0.024810 0.013449 0.000000 0.000000 0.000000 0.000000 0.010838 0.000000 0.030072 0.000000 0.000000 0.021017 0.021826 0.000000 0.000000 0.000000 0.000000 0.025999 0.021461 0.000000 0.049686 0.000000 0.000000 0.000000 0.005878 0.021448 0.036273 0.000000 0.030642 0.000000 0.029272 0.000000 0.000000 0.000000 0.015684 0.019020 0.003727 0.000000 0.000000 0.000000 0.000000 0.030594 0.011126 0.000000 0.047981 0.000000 0.000000 0.000000 0.000000 0.000000 0.011515 0.000000 0.020086 0.000000 0.006540 0.000000 0.000000 0.007486 0.007662 0.046878 0.019347 0.000000 0.000000 0.000000 0.000000 0.000000 0.000000 0.000000 0.052786 0.000000 0.000000 0.000000 0.000000 0.002895 0.041682 0.001756 0.030474 0.000000 0.012725 0.001813 0.017274 0.000000 0.010601 0.036948 0.034683 
0.000000 0.000000 0.000000 0.000000 0.000000 0.000000 0.000000 0.000000 0.007029 0.002285 0.000000 0.002033 0.000000 0.000000 0.000000 0.000000 0.000000 0.000000 0.000000 0.000000 0.000000 0.000000 0.000000 0.000000 0.000578 0.000000 0.000000 0.000000 0.000000 0.000000 0.000000 0.000000 0.009929 0.000000 0.001214 0.005599 0.000000 0.000000 0.000000 0.000213 0.000000 0.000000 0.000000 0.000000 0.000000 0.000000 0.000000 0.000000 0.000000 0.000000 0.000000 0.000000 0.000000 0.000000 0.000000 0.000000 0.000000 0.000000 0.000000 0.001992 0.000000 0.000000 0.000000 0.000000 0.000000 0.000000 0.000000 0.000000 0.000000 0.000000 0.000000 0.000000 0.015762 0.005953 0.002092 0.012651 0.052657 0.000000 0.002250 0.071110 0.438260 0.082499 0.045923 0.239972 0.000000 0.000000 0.000000 0.000000 0.000000 0.000000 0.000000 0.000000 0.000000 0.000000 0.000000 0.000000 
0.078528 0.038396 0.003897 0.055905 0.019769 0.012213 0.009592 0.000000 0.018544 0.014482 0.000000 0.003940 0.000000 0.006417 0.017005 0.000000 0.006372 0.000000 0.000000 0.000000 0.000000 0.000000 0.000000 0.000000 0.057573 0.037463 0.015985 0.054271 0.023829 0.021278 0.013829 0.018889 0.000000 0.007501 0.006386 0.018358 0.000000 0.001885 0.037646 0.019282 0.002952 0.000000 0.001717 0.004046 0.000000 0.002046 0.007799 0.000000 0.015798 0.027286 0.000000 0.042035 0.000000 0.018019 0.000000 0.000000 0.000000 0.000000 0.000000 0.006514 0.012036 0.000000 0.029406 0.000000 0.006758 0.000000 0.000000 0.000000 0.000000 0.000000 0.000000 0.000000 0.039040 0.054259 0.000000 0.044378 0.000000 0.037506 0.000000 0.005861 0.000000 0.000000 0.000000 0.004562 0.007573 0.000000 0.011172 0.000000 0.000000 0.000000 0.000000 0.000000 0.000000 0.000000 0.000000 0.000000 
0.000000 0.000000 0.000000 0.000000 0.000000 0.006755 0.000000 0.009234 0.027160 0.020491 0.000000 0.026682 0.011195 0.026242 0.015746 0.023867 0.075055 0.027912 0.057577 0.057052 0.000000 0.003259 0.007991 0.000000 0.000000 0.000000 0.000000 0.000000 0.000000 0.000000 0.000000 0.000000 0.000000 0.000000 0.000000 0.000000 0.000000 0.000000 0.002660 0.004973 0.035554 0.019375 0.037441 0.035857 0.000000 0.000000 0.006049 0.014074 0.018002 0.007956 0.000000 0.006628 0.000000 0.001676 0.000000 0.000000 0.035582 0.011869 0.007103 0.025961 0.007843 0.004209 0.001922 0.008265 0.030017 0.018291 0.030793 0.032817 0.000000 0.000000 0.000000 0.000000 0.007097 0.000000 0.004874 0.022386 0.000000 0.000000 0.000000 0.000000 0.000000 0.000000 0.000000 0.009147 0.012496 0.005264 0.005001 0.007884 0.031536 0.023648 0.020619 0.030973 0.000000 0.004160 0.000000 0.013781 
0.008666 0.008320 0.001347 0.004100 0.000000 0.000000 0.000000 0.000000 0.041174 0.017555 0.281759 0.013860 0.001742 0.000000 0.000000 0.007088 0.003358 0.004209 0.002531 0.000000 0.000000 0.001394 0.000000 0.004052 0.002939 0.000000 0.000000 0.000000 0.000000 0.000000 0.000000 0.000000 0.000000 0.008027 0.142472 0.002023 0.000000 0.000000 0.000000 0.000000 0.000000 0.004535 0.001172 0.000000 0.000000 0.002409 0.000000 0.000000 0.003532 0.002007 0.000000 0.000939 0.000000 0.001466 0.000000 0.000000 0.033423 0.031316 0.168491 0.014627 0.000000 0.000000 0.000000 0.000000 0.010371 0.005524 0.001202 0.008424 0.000000 0.000000 0.000000 0.000000 0.006883 0.008429 0.001270 0.000000 0.000000 0.000000 0.000000 0.000000 0.000000 0.000000 0.111887 0.005036 0.003158 0.000000 0.000000 0.000000 0.004732 0.001405 0.007835 0.001664 0.000000 0.000000 0.001647 0.000000 
0.000000 0.000000 0.001523 0.000000 0.000000 0.000000 0.000000 0.000000 0.000000 0.000000 0.000000 0.000000 0.000000 0.000000 0.000000 0.003982 0.024320 0.010841 0.020495 0.027354 0.000000 0.010323 0.007396 0.055004 0.000000 0.000000 0.000000 0.016572 0.000000 0.000000 0.000000 0.000000 0.000000 0.000000 0.000000 0.000000 0.000000 0.000000 0.000000 0.000000 0.000000 0.018388 0.017858 0.017624 0.026422 0.017290 0.015486 0.084925 0.014161 0.016515 0.000000 0.010907 0.000000 0.000000 0.000000 0.004507 0.000000 0.000000 0.000000 0.007664 0.000000 0.000000 0.000000 0.000000 0.000000 0.000000 0.010777 0.014029 0.000000 0.000000 0.000000 0.029180 0.051126 0.000000 0.000000 0.074070 0.000000 0.000000 0.000000 0.000000 0.000000 0.000000 0.000000 0.017929 0.000000 0.000000 0.000000 0.000000 0.000000 0.000000 0.015400 0.087465 0.078040 0.010972 0.022260 0.159196 
0.000000 0.001330 0.000000 0.009328 0.000805 0.000000 0.000000 0.000333 0.000000 0.003113 0.008302 0.004688 0.000000 0.000000 0.000000 0.000000 0.000000 0.004459 0.000000 0.000000 0.000000 0.003171 0.000907 0.010930 0.002446 0.000000 0.000524 0.016415 0.000000 0.000000 0.000000 0.000000 0.000000 0.000000 0.008985 0.001686 0.000000 0.000000 0.000000 0.000903 0.000000 0.000000 0.000000 0.000000 0.000000 0.000677 0.002392 0.013219 0.000000 0.000000 0.000000 0.009102 0.000000 0.000000 0.000000 0.000000 0.000000 0.015342 0.027760 0.016390 0.000000 0.000000 0.000000 0.000000 0.007860 0.011068 0.005830 0.011519 0.000000 0.002281 0.001058 0.000000 0.037535 0.012377 0.003301 0.348478 0.000000 0.000000 0.000000 0.000000 0.000000 0.019552 0.245327 0.038470 0.000000 0.001049 0.000000 0.003006 0.003055 0.010370 0.006104 0.000000 0.000000 0.010495 0.000000 0.058055 
0.036482 0.111337 0.000113 0.088250 0.000000 0.051830 0.000524 0.022536 0.024751 0.154003 0.441565 0.045446 0.023162 
0.024060 0.075049 0.174962 0.000000 0.000000 0.069313 0.021042 0.122660 0.242785 0.096903 0.166251 0.006975 0.000001 
0.107746 0.150971 0.031639 0.160359 0.000000 0.000000 0.070865 0.034192 0.097764 0.213776 0.046234 0.086453 0.000001 
0.015229 0.061277 0.115123 0.000000 0.000000 0.000000 0.027104 0.027908 0.108788 0.139101 0.480126 0.000004 0.025340 
0.000014 0.067845 0.089851 0.000000 0.000000 0.026573 0.063055 0.029911 0.191039 0.156498 0.351575 0.023637 0.000001 
0.014407 0.054070 0.026691 0.029461 0.283549 0.000000 0.022705 0.011333 0.027731 0.120713 0.399940 0.000004 0.009396 
0.000012 0.029314 0.000117 0.000000 0.209695 0.000000 0.022472 0.021944 0.026969 0.048683 0.101816 0.051388 0.487590 
0.000010 0.185468 0.026394 0.261204 0.000000 0.000000 0.051256 0.032293 0.073982 0.134962 0.210044 0.000003 0.024383 
0.005622 0.015337 0.000189 0.000000 0.000000 0.147695 0.069001 0.366351 0.045892 0.106836 0.206342 0.016158 0.020575 
0.006551 0.048998 0.026208 0.038955 0.000000 0.000000 0.031165 0.430179 0.030759 0.088621 0.298560 0.000003 0.000001 
0.021342 0.292781 0.015072 0.516855 0.000000 0.000000 0.013006 0.010048 0.070483 0.041719 0.012188 0.006506 0.000001 
0.083112 0.027882 0.105042 0.009163 0.000000 0.037230 0.041569 0.007355 0.105219 0.108927 0.026831 0.146142 0.301527 
0.000013 0.030379 0.031118 0.010847 0.283984 0.129122 0.035980 0.046133 0.018570 0.139965 0.265441 0.008448 0.000001 
0.019389 0.032835 0.016121 0.020364 0.000000 0.000000 0.128253 0.028021 0.121459 0.104689 0.007119 0.027774 0.493975 
0.019911 0.040945 0.143673 0.000000 0.000000 0.195441 0.089185 0.026320 0.238066 0.139139 0.107315 0.000004 0.000001 
0.000012 0.249553 0.000187 0.320087 0.000000 0.014600 0.001453 0.050966 0.027765 0.050852 0.254347 0.009180 0.020998 
0.053185 0.017902 0.015763 0.000000 0.015668 0.000000 0.056286 0.004521 0.056365 0.063268 0.002638 0.073548 0.640856 
0.075728 0.084265 0.115825 0.000000 0.045367 0.037191 0.081159 0.022302 0.229622 0.132469 0.092764 0.083308 0.000001 
0.002031 0.299383 0.000110 0.497949 0.000000 0.000000 0.025977 0.015847 0.029668 0.101152 0.007965 0.000003 0.019915 
0.000010 0.009059 0.005948 0.000000 0.000000 0.000000 0.005449 0.005591 0.000659 0.004457 0.022694 0.100592 0.845541 
0.025899 0.063694 0.022292 0.000000 0.000000 0.000000 0.246433 0.148874 0.244439 0.172977 0.019264 0.000004 0.056123 
0.027251 0.227888 0.000179 0.361810 0.000000 0.000000 0.064185 0.048642 0.078667 0.083887 0.054589 0.052902 0.000001 
0.023197 0.031835 0.024145 0.035541 0.000000 0.115150 0.057017 0.065501 0.020589 0.085048 0.034674 0.090255 0.417048 
0.007308 0.088367 0.022102 0.000000 0.000000 0.000000 0.012909 0.095647 0.061468 0.133839 0.553190 0.008433 0.016736 
0.033260 0.044635 0.024246 0.000000 0.000000 0.000000 0.274215 0.159724 0.264233 0.169741 0.008848 0.021096 0.000001 
0.000018 0.027234 0.000107 0.000000 0.000000 0.000000 0.019085 0.911697 0.010397 0.016957 0.012357 0.002145 0.000001 
0.000009 0.108664 0.078036 0.117663 0.000000 0.000000 0.017762 0.110092 0.084851 0.067849 0.385333 0.000004 0.029738 
0.000015 0.070390 0.087489 0.000000 0.000000 0.043454 0.149140 0.031028 0.227401 0.304936 0.060743 0.025402 0.000001 
0.062893 0.036401 0.028889 0.000000 0.000000 0.000000 0.292878 0.024016 0.319950 0.218285 0.016683 0.000003 0.000001 
0.009932 0.149114 0.026518 0.113163 0.000000 0.000000 0.008730 0.034666 0.052334 0.137752 0.457815 0.000004 0.009972 
0.000010 0.048995 0.337556 0.000000 0.000000 0.035626 0.025851 0.018136 0.403000 0.064650 0.066171 0.000003 0.000001 
0.130560 0.020105 0.006106 0.021009 0.000000 0.270503 0.120203 0.007227 0.060894 0.199917 0.045066 0.118409 0.000001 
0.086478 0.022331 0.009769 0.020889 0.240375 0.040570 0.043016 0.002675 0.001627 0.090128 0.129397 0.094529 0.218216 
0.003865 0.062017 0.122008 0.028096 0.087841 0.000000 0.069600 0.019001 0.126658 0.241242 0.226121 0.013549 0.000001 
0.042973 0.079334 0.058467 0.033306 0.000000 0.000000 0.107888 0.002913 0.208145 0.392325 0.037315 0.015211 0.022122 
0.000011 0.038955 0.000259 0.000000 0.000000 0.000000 0.107222 0.027041 0.120650 0.051963 0.016141 0.082128 0.555628 
0.023401 0.068387 0.000152 0.085108 0.000000 0.334421 0.116606 0.020662 0.099882 0.193291 0.058085 0.000004 0.000001 
0.003842 0.193948 0.106423 0.339545 0.000000 0.067356 0.010977 0.050007 0.169710 0.046112 0.000954 0.011125 0.000001 
0.020211 0.068072 0.103553 0.014193 0.000000 0.000000 0.100133 0.109440 0.207537 0.317058 0.044664 0.015138 0.000001 
0.000009 0.108390 0.020169 0.151528 0.000000 0.000000 0.003761 0.290514 0.059742 0.085005 0.268929 0.011951 0.000001 
0.163799 0.029007 0.000136 0.000000 0.000000 0.000000 0.074694 0.010255 0.088715 0.161923 0.039766 0.254219 0.177485 
0.020172 0.126071 0.041425 0.131852 0.000000 0.000000 0.137452 0.047970 0.128403 0.196043 0.027820 0.017892 0.124898 
0.026378 0.062019 0.278240 0.000000 0.000000 0.061628 0.048211 0.021191 0.325337 0.130325 0.037557 0.009112 0.000001 
0.000007 0.127282 0.026887 0.188012 0.019576 0.000000 0.001302 0.447418 0.083032 0.049076 0.047447 0.000003 0.009957 
0.000014 0.045300 0.095020 0.000000 0.351513 0.026966 0.044219 0.016665 0.103967 0.113507 0.184341 0.018486 0.000001 
0.035610 0.058735 0.021483 0.054822 0.000000 0.197634 0.066207 0.366517 0.051819 0.108384 0.029171 0.009618 0.000001 
0.220511 0.044285 0.000170 0.000000 0.000000 0.076535 0.062063 0.007817 0.018165 0.172267 0.069938 0.262562 0.065687 
0.000015 0.063644 0.202210 0.000000 0.000000 0.039300 0.145795 0.023092 0.398417 0.109202 0.008412 0.009913 0.000001 
0.000011 0.227854 0.000122 0.502431 0.000000 0.006129 0.000410 0.246750 0.002942 0.011888 0.001456 0.000007 0.000001 
0.008379 0.027715 0.041575 0.000000 0.000000 0.033682 0.016906 0.712192 0.068808 0.055400 0.024701 0.010642 0.000001 
0.041869 0.027323 0.000134 0.000000 0.000000 0.470465 0.144615 0.011481 0.063224 0.161630 0.070316 0.000004 0.008937 
0.064909 0.103147 0.041798 0.026030 0.000000 0.000000 0.298118 0.041615 0.258166 0.162108 0.004104 0.000003 0.000001 
0.000006 0.025736 0.004461 0.000000 0.000000 0.000000 0.003951 0.005983 0.002602 0.025374 0.078874 0.079002 0.774009 
0.000012 0.064110 0.051121 0.061284 0.000000 0.027469 0.001528 0.023002 0.110781 0.029146 0.005178 0.053064 0.573305 
0.000011 0.064200 0.021636 0.024949 0.000000 0.000000 0.001867 0.026189 0.054429 0.067853 0.332378 0.047072 0.359417 
0.051671 0.042517 0.013353 0.017345 0.000000 0.324558 0.141283 0.024823 0.092394 0.236641 0.055410 0.000004 0.000001 
0.004389 0.074980 0.018199 0.078597 0.324218 0.000000 0.005931 0.185337 0.011775 0.067215 0.222979 0.000004 0.006375 
0.000012 0.054293 0.019945 0.058466 0.000000 0.000000 0.001320 0.572360 0.013171 0.050958 0.225028 0.004444 0.000001 
0.026206 0.201495 0.007744 0.368911 0.038970 0.000000 0.051270 0.003060 0.075514 0.181726 0.045099 0.000004 0.000001 
0.015054 0.089674 0.039770 0.000000 0.000000 0.085435 0.131427 0.033070 0.110516 0.421891 0.054574 0.018586 0.000001 
0.058028 0.026375 0.082893 0.000000 0.223532 0.036526 0.043415 0.013439 0.104118 0.131593 0.204359 0.075722 0.000001 
0.047085 0.022570 0.013890 0.000000 0.000000 0.372966 0.173803 0.015759 0.112016 0.188891 0.053016 0.000004 0.000001 
0.000014 0.182997 0.020239 0.194519 0.000000 0.000000 0.105240 0.054759 0.144969 0.121511 0.032509 0.022122 0.121120 
0.025672 0.097950 0.034186 0.000000 0.000000 0.000000 0.137813 0.032942 0.186468 0.418824 0.066139 0.000004 0.000001 
0.035117 0.021349 0.000124 0.000000 0.000000 0.429428 0.160006 0.013440 0.050369 0.183051 0.059615 0.000004 0.047498 
0.000008 0.066773 0.366298 0.000000 0.000000 0.055328 0.011350 0.010437 0.426465 0.055048 0.008289 0.000003 0.000001 
0.000007 0.072663 0.045501 0.147421 0.415265 0.000000 0.012747 0.000604 0.021115 0.054122 0.230551 0.000004 0.000001 
0.007805 0.072525 0.007746 0.125606 0.000000 0.000000 0.011505 0.010106 0.027211 0.093951 0.084363 0.015851 0.543329 
0.000017 0.121113 0.018720 0.101796 0.148920 0.000000 0.056200 0.041807 0.124314 0.257111 0.120750 0.009252 0.000001 
0.010901 0.064139 0.247362 0.000000 0.010315 0.066568 0.062696 0.016735 0.354037 0.116386 0.050857 0.000004 0.000001 
0.000014 0.055057 0.047624 0.000000 0.000000 0.000000 0.100466 0.462127 0.143841 0.144005 0.029219 0.017645 0.000001 
0.000020 0.264769 0.007334 0.578819 0.000000 0.000000 0.026753 0.034433 0.035756 0.046957 0.000762 0.004397 0.000001 
0.000017 0.081321 0.008283 0.011849 0.089108 0.000000 0.021371 0.023782 0.033892 0.100930 0.564715 0.000005 0.064728 
0.000011 0.079191 0.005841 0.046827 0.018674 0.017000 0.021487 0.063195 0.035513 0.124026 0.470836 0.000003 0.117397 
0.043665 0.047289 0.139242 0.000000 0.000000 0.000000 0.177055 0.025767 0.294816 0.197961 0.058021 0.000004 0.016180 
0.021018 0.035441 0.005505 0.059580 0.078545 0.038596 0.003043 0.005048 0.019217 0.033635 0.058039 0.064619 0.577714 
0.017954 0.044804 0.075556 0.000000 0.000000 0.000000 0.035492 0.348290 0.115691 0.064997 0.266901 0.000004 0.030309 
0.057046 0.062552 0.033969 0.000000 0.000000 0.000000 0.284883 0.041918 0.278723 0.190025 0.050879 0.000004 0.000001 
0.006239 0.181501 0.007668 0.409191 0.000000 0.181522 0.054585 0.010624 0.032076 0.079089 0.032862 0.004641 0.000001 
0.121118 0.035571 0.005775 0.000000 0.000000 0.282096 0.128462 0.014884 0.058025 0.189036 0.049626 0.093519 0.021886 
0.005957 0.054716 0.048072 0.000000 0.000000 0.000000 0.028735 0.315516 0.078419 0.132322 0.104547 0.032896 0.198820 
0.044349 0.083395 0.025296 0.000000 0.000000 0.000000 0.235257 0.048781 0.214897 0.158492 0.189527 0.000004 0.000001 
0.266661 0.044430 0.000128 0.000000 0.000000 0.030765 0.053253 0.012101 0.018715 0.214657 0.064452 0.294836 0.000001 
0.003895 0.300232 0.000400 0.478514 0.012778 0.000000 0.012295 0.033654 0.026672 0.066294 0.059035 0.000004 0.006227 
0.127991 0.037962 0.000118 0.000000 0.019429 0.058091 0.043789 0.333806 0.026638 0.146079 0.056153 0.149944 0.000001 
0.009183 0.068734 0.288567 0.000000 0.000000 0.037051 0.017142 0.033705 0.230284 0.079534 0.235796 0.000004 0.000001 
0.011503 0.068920 0.025758 0.000000 0.000000 0.000000 0.214084 0.032091 0.196247 0.302068 0.089329 0.059998 0.000001 
0.198162 0.062133 0.023171 0.000000 0.000000 0.000000 0.098329 0.020388 0.077785 0.271325 0.063680 0.185023 0.000001 
0.039942 0.036805 0.015806 0.000000 0.000000 0.299320 0.123644 0.008591 0.070305 0.191006 0.191179 0.000004 0.023398 
0.000008 0.242805 0.006314 0.387798 0.084120 0.000000 0.000393 0.180360 0.000746 0.041124 0.051848 0.000004 0.004481 
0.199505 0.075041 0.000226 0.000000 0.000000 0.000000 0.056474 0.019796 0.091350 0.318237 0.044480 0.155701 0.039190 
0.000012 0.048023 0.355101 0.000000 0.000000 0.000000 0.026158 0.017595 0.475136 0.066024 0.011946 0.000003 0.000001 
0.034654 0.063114 0.008282 0.000000 0.000000 0.284184 0.131144 0.020198 0.107053 0.285363 0.042709 0.000004 0.023293 
0.031889 0.268137 0.000155 0.397985 0.000000 0.000000 0.000289 0.000544 0.021563 0.077958 0.064769 0.056966 0.079745 
0.013098 0.208623 0.041445 0.350895 0.000000 0.000000 0.040640 0.000862 0.095659 0.151958 0.037711 0.000004 0.059106 
0.080953 0.047744 0.065103 0.046697 0.000000 0.036938 0.029675 0.002944 0.092946 0.108054 0.026107 0.133015 0.329824 
0.024408 0.020963 0.007265 0.000000 0.000000 0.450029 0.154236 0.022132 0.097124 0.175100 0.048739 0.000004 0.000001 
0.030650 0.075235 0.000164 0.000000 0.000000 0.092192 0.133409 0.028089 0.157680 0.147259 0.307652 0.000004 0.027666 
0.082701 0.038670 0.006542 0.000000 0.000000 0.058771 0.187187 0.015667 0.149881 0.128699 0.021576 0.060309 0.249995 
0.016392 0.078307 0.000185 0.000000 0.000000 0.038157 0.042094 0.026734 0.085264 0.211166 0.477836 0.023864 0.000001 
0.033726 0.045152 0.000131 0.039909 0.000000 0.381909 0.147576 0.014330 0.090838 0.185833 0.060590 0.000004 0.000001 
0.000009 0.058961 0.347507 0.000000 0.000000 0.035549 0.029756 0.059835 0.385018 0.062220 0.021140 0.000003 0.000001 
0.000011 0.045991 0.164080 0.000000 0.000000 0.000000 0.007053 0.003979 0.099123 0.031343 0.014106 0.035893 0.598421 
0.196553 0.032674 0.000084 0.000000 0.045309 0.060135 0.046676 0.013444 0.013831 0.203291 0.079502 0.257603 0.050897 
0.000009 0.092829 0.006932 0.137883 0.193989 0.044478 0.007376 0.000704 0.008335 0.088079 0.171426 0.037011 0.210947 
0.037894 0.017999 0.025060 0.018673 0.000000 0.387076 0.145192 0.025902 0.098464 0.186918 0.056818 0.000003 0.000001 
0.006110 0.079093 0.011135 0.041364 0.000000 0.000000 0.013423 0.078864 0.061128 0.120816 0.539095 0.030386 0.018586 
0.000009 0.049256 0.256533 0.016325 0.000000 0.021195 0.019865 0.027992 0.293822 0.062256 0.009786 0.006896 0.236064 
0.118493 0.052755 0.033049 0.000000 0.000000 0.050739 0.025918 0.028536 0.048217 0.172659 0.382266 0.087367 0.000001 
0.000013 0.087633 0.268109 0.023352 0.016866 0.070191 0.027093 0.044476 0.275910 0.049082 0.008636 0.005287 0.123352 
0.011076 0.226418 0.014052 0.448384 0.000000 0.000000 0.038716 0.035010 0.073082 0.131363 0.021894 0.000004 0.000001 
0.000006 0.050632 0.008053 0.103390 0.000000 0.000000 0.000232 0.802213 0.004053 0.012064 0.019355 0.000001 0.000001 
0.000015 0.242242 0.015328 0.462422 0.000000 0.000000 0.022927 0.030181 0.034959 0.134533 0.022597 0.024031 0.010764 
0.066810 0.025462 0.019677 0.031141 0.329157 0.032108 0.025572 0.010557 0.009830 0.115152 0.233186 0.067765 0.033585 
0.020017 0.089910 0.024301 0.028697 0.000000 0.000000 0.072911 0.033359 0.110761 0.309657 0.017310 0.070398 0.222679 
0.093257 0.027744 0.000090 0.000000 0.000000 0.000000 0.010921 0.014765 0.018305 0.083781 0.021853 0.150796 0.578488 
0.000008 0.013114 0.000319 0.000000 0.009692 0.000000 0.005549 0.182285 0.004833 0.015331 0.033968 0.091905 0.642996 
0.051228 0.006750 0.012886 0.000000 0.000000 0.427287 0.117957 0.014175 0.128579 0.184260 0.056873 0.000004 0.000001 
0.051520 0.080920 0.045516 0.000000 0.000000 0.000000 0.086833 0.035781 0.230303 0.414848 0.054276 0.000004 0.000001 
0.032007 0.091159 0.021141 0.052180 0.186377 0.000000 0.030275 0.026349 0.058204 0.086350 0.415952 0.000004 0.000001 
0.175056 0.111976 0.009185 0.141058 0.000000 0.000000 0.039215 0.028600 0.037035 0.185237 0.044156 0.228481 0.000001 
0.016488 0.077529 0.019942 0.000000 0.000000 0.000000 0.127457 0.111889 0.157896 0.374760 0.065849 0.000004 0.048185 
0.022735 0.084447 0.000134 0.000000 0.000000 0.000000 0.128845 0.025314 0.233564 0.395798 0.067375 0.041787 0.000001 
0.002491 0.087298 0.203214 0.136470 0.000000 0.000000 0.007573 0.255574 0.245848 0.040597 0.020930 0.000004 0.000001 
0.109363 0.029565 0.038312 0.075576 0.000000 0.201097 0.065055 0.003849 0.002418 0.129846 0.045456 0.110197 0.189264 
0.021348 0.067906 0.000691 0.000000 0.000000 0.000000 0.184715 0.038586 0.231975 0.176453 0.241595 0.036730 0.000001 
0.020410 0.019958 0.000136 0.000000 0.000000 0.093996 0.019925 0.000244 0.050196 0.038646 0.027632 0.088127 0.640731 
0.047665 0.015136 0.000107 0.000000 0.000000 0.527963 0.130396 0.019518 0.026227 0.172653 0.060331 0.000004 0.000001 
0.000010 0.058345 0.345299 0.013715 0.000000 0.046786 0.037815 0.020149 0.304541 0.097342 0.075995 0.000003 0.000001 
0.005995 0.031322 0.009675 0.000000 0.418583 0.077325 0.028707 0.018514 0.043475 0.105407 0.260992 0.000003 0.000001 
0.003119 0.121738 0.000095 0.186669 0.000000 0.000000 0.000257 0.042177 0.018723 0.015553 0.057914 0.051624 0.502132 
0.192958 0.089510 0.006368 0.128050 0.000000 0.000000 0.023511 0.003945 0.032041 0.167437 0.022334 0.269448 0.064397 
0.029187 0.027754 0.039115 0.000000 0.000000 0.359897 0.143750 0.017964 0.148549 0.179525 0.054255 0.000004 0.000001 
0.040972 0.036943 0.027563 0.000000 0.239318 0.000000 0.152712 0.012431 0.165812 0.139361 0.154910 0.029976 0.000001 
0.192091 0.034997 0.004695 0.020897 0.000000 0.000000 0.072613 0.008609 0.139472 0.273529 0.046140 0.206956 0.000001 
0.128255 0.040094 0.147601 0.000000 0.000000 0.086085 0.035539 0.009520 0.186253 0.183461 0.032926 0.150264 0.000001 
0.003107 0.023388 0.010711 0.000000 0.115281 0.141523 0.056630 0.300188 0.055312 0.114779 0.153132 0.000004 0.025944 
0.222437 0.032020 0.005821 0.011287 0.000000 0.040024 0.067227 0.005544 0.099397 0.188061 0.006617 0.224425 0.097139 
0.000015 0.101487 0.144764 0.000000 0.000000 0.028176 0.029695 0.029569 0.184652 0.102759 0.347788 0.011043 0.020052 
0.037033 0.025288 0.027883 0.075847 0.000000 0.374368 0.108833 0.106566 0.037065 0.134895 0.048875 0.023347 0.000001 
0.027350 0.066572 0.184360 0.000000 0.043071 0.000000 0.139530 0.058679 0.296859 0.120153 0.063421 0.000004 0.000001 
0.014608 0.046575 0.000078 0.000000 0.000000 0.000000 0.050179 0.603741 0.069295 0.180276 0.035242 0.000004 0.000001 
0.000018 0.239658 0.018483 0.221102 0.020693 0.000000 0.145232 0.074485 0.118379 0.093592 0.053629 0.014727 0.000001 
0.000015 0.036152 0.165882 0.000000 0.000000 0.109098 0.108948 0.019311 0.349531 0.147059 0.030218 0.012337 0.021449 
0.085286 0.097273 0.178124 0.064803 0.000000 0.000000 0.022340 0.114508 0.219432 0.103603 0.019231 0.095398 0.000001 
0.018400 0.234902 0.028978 0.419490 0.000000 0.000000 0.064879 0.046276 0.100839 0.071548 0.014683 0.000004 0.000001 
0.005326 0.055143 0.011742 0.000000 0.407341 0.000000 0.040891 0.023595 0.023182 0.117962 0.288095 0.026721 0.000001 
0.008154 0.039668 0.034380 0.000000 0.000000 0.033999 0.062816 0.016026 0.144270 0.208472 0.035139 0.045975 0.371101 
0.041220 0.056476 0.096999 0.000000 0.000000 0.067341 0.086876 0.014540 0.226800 0.189224 0.029938 0.062517 0.128070 
0.000013 0.267294 0.004293 0.509397 0.000000 0.000000 0.000160 0.000517 0.022622 0.022710 0.001546 0.017636 0.153812 
0.010314 0.064217 0.095785 0.000000 0.000000 0.056632 0.014337 0.040399 0.131109 0.121994 0.428374 0.000004 0.036834 
0.003621 0.065189 0.000114 0.000000 0.036200 0.085022 0.046407 0.050980 0.065117 0.079818 0.467724 0.036784 0.063021 
0.000018 0.052423 0.356568 0.000000 0.000000 0.079193 0.026391 0.020597 0.347761 0.062386 0.052496 0.002166 0.000001 
0.011515 0.023404 0.054211 0.000000 0.000000 0.000000 0.011229 0.009201 0.077194 0.083343 0.017541 0.062330 0.650031 
0.003048 0.049261 0.000152 0.000000 0.000000 0.000000 0.028242 0.022470 0.047793 0.118210 0.248183 0.032922 0.449718 
0.000010 0.036576 0.275213 0.000000 0.000000 0.078141 0.043309 0.009819 0.330466 0.098597 0.021186 0.000004 0.106679 
0.000012 0.276177 0.040149 0.451153 0.000000 0.059116 0.006059 0.017597 0.035245 0.046702 0.053428 0.014360 0.000001 
0.000008 0.027830 0.002679 0.000000 0.000000 0.000000 0.027910 0.872853 0.023753 0.026336 0.018628 0.000002 0.000001 
0.037211 0.052215 0.017419 0.000000 0.000000 0.000000 0.190149 0.062760 0.188993 0.110160 0.258078 0.000004 0.083010 
0.000019 0.053451 0.032515 0.000000 0.049861 0.000000 0.005868 0.027373 0.059154 0.124566 0.329553 0.027431 0.290209 
0.000012 0.013121 0.000088 0.000000 0.000000 0.059205 0.018253 0.199002 0.036012 0.060373 0.029617 0.082270 0.502047 
0.000015 0.123326 0.014591 0.310445 0.000000 0.000000 0.006216 0.019655 0.019129 0.026702 0.011910 0.042349 0.425661 
0.000008 0.048615 0.014837 0.010668 0.399587 0.000000 0.012087 0.147312 0.007167 0.094987 0.264728 0.000004 0.000001 
0.000012 0.060746 0.021739 0.000000 0.176203 0.000000 0.017047 0.198540 0.030722 0.119688 0.368497 0.000003 0.006802 
0.000010 0.156906 0.011800 0.298708 0.130272 0.000000 0.004749 0.050649 0.015338 0.081595 0.238058 0.011914 0.000001 
0.028870 0.069089 0.083810 0.023323 0.000000 0.000000 0.010962 0.307257 0.117580 0.079380 0.251819 0.027909 0.000001 
0.027254 0.017930 0.000131 0.000000 0.000000 0.421169 0.160338 0.003519 0.091084 0.203953 0.058460 0.000004 0.016158 
0.051310 0.056989 0.030152 0.000000 0.000000 0.000000 0.256714 0.033934 0.216979 0.197582 0.007472 0.000004 0.148864 
0.047849 0.085186 0.074834 0.000000 0.000000 0.000000 0.112374 0.014588 0.210299 0.377784 0.054566 0.000004 0.022515 
0.000009 0.052172 0.010189 0.059238 0.477343 0.000000 0.002258 0.001377 0.012297 0.074042 0.311069 0.000003 0.000001 
0.022690 0.084708 0.000201 0.000000 0.000000 0.000000 0.070279 0.067081 0.110517 0.214361 0.412037 0.000004 0.018121 
0.060847 0.062648 0.054017 0.000000 0.000000 0.000000 0.317118 0.034192 0.246528 0.192094 0.032550 0.000004 0.000001 
0.022044 0.061114 0.202174 0.008813 0.000000 0.000000 0.078109 0.011729 0.334716 0.259747 0.021549 0.000004 0.000001 
0.033542 0.104398 0.025215 0.000000 0.000000 0.000000 0.126121 0.037128 0.173152 0.425927 0.053074 0.021442 0.000001 
0.000012 0.061312 0.301404 0.000000 0.000000 0.067036 0.004102 0.013981 0.395252 0.075938 0.063783 0.017179 0.000001 
0.000014 0.051803 0.015866 0.000000 0.230078 0.000000 0.067527 0.357766 0.032595 0.092650 0.151695 0.000004 0.000001 
0.068756 0.078942 0.148069 0.000000 0.000000 0.000000 0.040519 0.021337 0.213669 0.162164 0.197780 0.055281 0.013483 
0.044404 0.051264 0.135160 0.000000 0.000000 0.208897 0.076046 0.019376 0.160135 0.151656 0.044206 0.051545 0.057309 
0.009858 0.226485 0.029172 0.320635 0.000000 0.000000 0.021496 0.013548 0.074885 0.060898 0.085915 0.022645 0.134463 
0.004590 0.072596 0.008241 0.000000 0.156347 0.000000 0.051098 0.140869 0.041617 0.092593 0.385517 0.000004 0.046528 
0.000008 0.174142 0.231132 0.258184 0.000000 0.000000 0.002072 0.027353 0.248601 0.048443 0.000631 0.000003 0.009430 
0.005591 0.040213 0.000097 0.000000 0.446487 0.000000 0.010895 0.005070 0.016177 0.075561 0.289583 0.000004 0.110320 
0.213080 0.057912 0.016891 0.071563 0.000000 0.051350 0.093906 0.008245 0.073205 0.142633 0.015474 0.255740 0.000001 
0.000012 0.182432 0.012719 0.334845 0.249215 0.000000 0.012918 0.003777 0.003601 0.036410 0.164065 0.000004 0.000001 
0.200782 0.058671 0.000105 0.000000 0.000000 0.000000 0.083171 0.006251 0.091983 0.200628 0.028382 0.330025 0.000001 
0.000008 0.026990 0.005048 0.000000 0.000000 0.000000 0.003035 0.930302 0.004016 0.013248 0.017349 0.000003 0.000001 
0.000009 0.052026 0.127137 0.000000 0.000000 0.000000 0.016732 0.031958 0.141972 0.029314 0.006623 0.047858 0.546369 
0.000017 0.135062 0.011988 0.145770 0.142668 0.000000 0.154844 0.063905 0.177640 0.102555 0.057156 0.008395 0.000001 
0.040793 0.264336 0.014807 0.402681 0.000000 0.000000 0.006201 0.049223 0.057304 0.094932 0.023057 0.046664 0.000001 
0.007564 0.151585 0.000157 0.346182 0.000000 0.033582 0.014269 0.034559 0.030275 0.104452 0.117068 0.016873 0.143435 
0.025692 0.176257 0.069403 0.085296 0.000000 0.000000 0.160734 0.091114 0.193982 0.163547 0.033971 0.000004 0.000001 
0.045907 0.043290 0.185238 0.000000 0.090278 0.047999 0.090337 0.017099 0.339954 0.078504 0.045056 0.016337 0.000001 
0.000011 0.041615 0.029731 0.000000 0.414408 0.000000 0.036145 0.013739 0.030699 0.148290 0.285356 0.000004 0.000001 
0.052642 0.020742 0.021871 0.000000 0.000000 0.417281 0.124582 0.020788 0.070375 0.202247 0.059507 0.009965 0.000001 
0.000012 0.031961 0.053492 0.000000 0.000000 0.038630 0.025983 0.498497 0.061733 0.083189 0.020438 0.008776 0.177288 
0.000009 0.189055 0.000111 0.480910 0.000000 0.000000 0.000504 0.000516 0.016310 0.023024 0.018685 0.013008 0.257866 
0.031667 0.018288 0.006323 0.000000 0.000000 0.397495 0.147291 0.021206 0.139097 0.197697 0.040932 0.000003 0.000001 
0.000007 0.049550 0.321473 0.000000 0.000000 0.062341 0.014879 0.232225 0.201655 0.073549 0.024880 0.000003 0.019437 
0.020640 0.056520 0.036260 0.000000 0.135352 0.118298 0.065975 0.038376 0.057167 0.131036 0.315789 0.000004 0.024582 
0.000008 0.025804 0.000296 0.046353 0.000000 0.000000 0.000789 0.001170 0.013320 0.017427 0.020949 0.071810 0.802073 
0.012968 0.064423 0.119433 0.000000 0.000000 0.032043 0.039418 0.105306 0.237682 0.247068 0.050671 0.021617 0.069371 
0.243207 0.054330 0.000132 0.000000 0.000000 0.000000 0.045769 0.063960 0.057162 0.205830 0.044626 0.284983 0.000001 
0.000013 0.285636 0.002272 0.665283 0.000000 0.000000 0.000155 0.011648 0.013228 0.014042 0.001390 0.006331 0.000001 
0.041231 0.015602 0.005393 0.000000 0.000000 0.436352 0.112558 0.023312 0.111048 0.167704 0.072684 0.000004 0.014112 
0.000009 0.046626 0.285509 0.000000 0.000000 0.046415 0.027826 0.099891 0.397387 0.081079 0.015256 0.000002 0.000001 
0.027802 0.057058 0.207193 0.000000 0.000000 0.000000 0.109661 0.013291 0.345519 0.133771 0.056600 0.049104 0.000001 
0.015520 0.050350 0.271987 0.000000 0.000000 0.000000 0.123283 0.027806 0.380566 0.115878 0.014604 0.000004 0.000001 
0.000009 0.018129 0.000104 0.000000 0.438029 0.015109 0.000794 0.015128 0.007905 0.090935 0.299768 0.023557 0.090533 
0.009510 0.064745 0.066746 0.000000 0.135837 0.000000 0.023997 0.020789 0.124705 0.178348 0.375317 0.000004 0.000001 
0.000009 0.111404 0.100653 0.030330 0.000000 0.000000 0.024397 0.027808 0.189909 0.101289 0.309750 0.000003 0.104448 
0.013443 0.064599 0.017473 0.000000 0.229797 0.000000 0.041067 0.009429 0.062163 0.187428 0.150597 0.011460 0.212543 
0.003173 0.178627 0.003633 0.337832 0.000000 0.000000 0.000882 0.027175 0.025982 0.042231 0.153990 0.018190 0.208285 
0.000012 0.068391 0.017180 0.000000 0.000000 0.000000 0.002485 0.090898 0.056292 0.121655 0.605127 0.016770 0.021190 
0.000010 0.096844 0.018863 0.114086 0.000000 0.000000 0.007690 0.187768 0.067679 0.088679 0.389924 0.028456 0.000001 
0.041873 0.118476 0.020306 0.146504 0.000000 0.000000 0.113176 0.036839 0.167132 0.313341 0.042348 0.000004 0.000001 
0.000012 0.257757 0.000050 0.701475 0.000000 0.000000 0.000137 0.011784 0.012879 0.008418 0.002043 0.005445 0.000001 
0.015384 0.050255 0.008834 0.037904 0.000000 0.000000 0.051718 0.188490 0.114516 0.223731 0.038238 0.054915 0.216014 
0.000016 0.041812 0.015890 0.000000 0.195595 0.000000 0.036319 0.384729 0.052917 0.123056 0.144830 0.004835 0.000001 
0.000021 0.031937 0.005184 0.000000 0.000000 0.000000 0.017628 0.890212 0.010423 0.030488 0.012412 0.001694 0.000001 
0.251350 0.058870 0.000105 0.009771 0.000000 0.044469 0.053098 0.010447 0.030898 0.207964 0.048941 0.284086 0.000001 
0.012123 0.259374 0.000191 0.475085 0.000000 0.031314 0.018661 0.036580 0.002206 0.062134 0.091693 0.000004 0.010634 
0.000012 0.032943 0.020708 0.045895 0.158389 0.000000 0.000775 0.004609 0.010934 0.102418 0.136968 0.054666 0.431684 
0.062646 0.046094 0.076148 0.000000 0.065607 0.000000 0.211844 0.111809 0.209703 0.151138 0.041067 0.023943 0.000001 
0.050502 0.057106 0.008636 0.000000 0.000000 0.000000 0.078947 0.019336 0.131079 0.292847 0.051359 0.034133 0.276053 
0.000014 0.043445 0.339199 0.000000 0.000000 0.082102 0.010745 0.019818 0.416569 0.055271 0.012520 0.020316 0.000001 
0.045735 0.035445 0.008012 0.000000 0.000000 0.000000 0.054989 0.021735 0.075019 0.101772 0.176876 0.079087 0.401329 
0.182768 0.049029 0.074258 0.027161 0.000000 0.000000 0.073758 0.004356 0.167579 0.254989 0.030671 0.135430 0.000001 
0.033337 0.033662 0.056641 0.000000 0.000000 0.248168 0.079160 0.013634 0.096673 0.168775 0.237325 0.032625 0.000001 
0.000009 0.059841 0.350797 0.000000 0.000000 0.010637 0.000596 0.019222 0.446105 0.091102 0.007770 0.000003 0.013918 
0.023075 0.039080 0.000174 0.000000 0.032967 0.061174 0.066395 0.178801 0.062308 0.185486 0.005206 0.019571 0.325762 
0.000013 0.235782 0.009043 0.417611 0.000000 0.020010 0.045058 0.010207 0.029224 0.011953 0.032983 0.015381 0.172735 
0.032462 0.027155 0.028717 0.000000 0.000000 0.187378 0.216260 0.016775 0.259758 0.186737 0.044753 0.000004 0.000001 
0.000011 0.065087 0.333959 0.000000 0.000000 0.031798 0.027432 0.012674 0.443216 0.074127 0.011691 0.000004 0.000001 
0.000006 0.034673 0.000435 0.000000 0.000000 0.000000 0.007051 0.835850 0.013741 0.032350 0.075889 0.000002 0.000001 
0.002977 0.349868 0.009336 0.564704 0.000000 0.000000 0.003175 0.042765 0.005651 0.010905 0.000253 0.010365 0.000001 
0.000009 0.008991 0.019677 0.022426 0.000000 0.000000 0.004711 0.622703 0.052395 0.013026 0.013890 0.014284 0.227887 
0.052391 0.075127 0.095002 0.027339 0.000000 0.000000 0.071815 0.004444 0.237525 0.374684 0.043006 0.018665 0.000001 
0.017014 0.128337 0.019960 0.305587 0.075269 0.138130 0.023615 0.020419 0.066701 0.117496 0.087467 0.000004 0.000001 
0.004739 0.087546 0.317319 0.015849 0.000000 0.047822 0.012410 0.020044 0.383075 0.080900 0.030291 0.000003 0.000001 
0.004988 0.185041 0.109146 0.305611 0.000000 0.112918 0.043365 0.001222 0.170648 0.049692 0.010425 0.006942 0.000001 
0.000008 0.026238 0.040672 0.000000 0.010777 0.000000 0.033101 0.753294 0.029027 0.016476 0.004901 0.000004 0.085502 
0.014062 0.034841 0.154603 0.000000 0.130571 0.054317 0.076458 0.017630 0.262495 0.169274 0.077981 0.000004 0.007763 
0.032475 0.076023 0.026465 0.000000 0.000000 0.000000 0.265523 0.103347 0.258466 0.210324 0.027371 0.000004 0.000001 
