-1941970.721827
0
0.011628 0.005269 0.000000 0.007154 0.007436 0.000000 0.000000 0.006680 0.020652 0.013823 0.000000 0.021220 0.012178 0.011885 0.020340 0.017425 0.076510 0.024125 0.051201 0.050810 0.001901 0.002707 0.008519 0.000000 0.002040 0.000000 0.000000 0.002032 0.000000 0.002951 0.000000 0.000000 0.020263 0.015221 0.000000 0.018056 0.001905 0.002105 0.007941 0.008748 0.030734 0.019273 0.030500 0.033652 0.001194 0.000000 0.006033 0.019170 0.014807 0.008932 0.000000 0.011596 0.000000 0.000000 0.000000 0.000000 0.000000 0.000001 0.000000 0.024029 0.008961 0.003272 0.004752 0.006623 0.028858 0.016177 0.028187 0.029740 0.002016 0.000000 0.000000 0.000000 0.015096 0.003705 0.000000 0.024211 0.000000 0.002186 0.000000 0.000000 0.000000 0.000000 0.000000 0.011330 0.014733 0.005661 0.007948 0.014802 0.029738 0.021531 0.000000 0.030269 0.000000 0.007772 0.005477 0.024310 
0.000000 0.000683 0.000000 0.008152 0.000000 0.000000 0.000000 0.000384 0.000000 0.002901 0.010135 0.004302 0.000000 0.000000 0.000000 0.000433 0.002107 0.005175 0.001982 0.002808 0.000000 0.003825 0.001549 0.014821 0.001784 0.000000 0.000507 0.015465 0.000000 0.000000 0.000000 0.000000 0.000000 0.000532 0.009429 0.001377 0.000000 0.000000 0.000000 0.000515 0.000000 0.001975 0.000912 0.001422 0.001900 0.002248 0.003636 0.019759 0.000000 0.000000 0.000000 0.008961 0.000000 0.000244 0.000000 0.000381 0.000000 0.014244 0.026936 0.015785 0.000000 0.000000 0.000000 0.000000 0.007361 0.010219 0.006321 0.011970 0.000000 0.002141 0.000928 0.002992 0.038336 0.011056 0.003166 0.323510 0.000000 0.000000 0.000000 0.000000 0.000000 0.015052 0.224134 0.036580 0.000000 0.000903 0.000000 0.002353 0.003256 0.009572 0.007438 0.009900 0.005710 0.010830 0.001840 0.067163 
0.000000 0.000650 0.000000 0.000000 0.000000 0.000000 0.000318 0.000647 0.007803 0.001846 0.001216 0.002483 0.000000 0.000000 0.000000 0.000000 0.001053 0.000506 0.000000 0.001018 0.000000 0.000000 0.000000 0.000000 0.000648 0.000000 0.000000 0.000000 0.000000 0.000000 0.000000 0.000000 0.011158 0.000000 0.002494 0.005712 0.000000 0.000000 0.000000 0.000495 0.000660 0.000518 0.000000 0.000002 0.000000 0.000000 0.000000 0.000000 0.000000 0.000000 0.000152 0.000000 0.000000 0.000000 0.000000 0.000224 0.006198 0.000669 0.000000 0.002698 0.000000 0.000139 0.000000 0.000000 0.000000 0.000000 0.000000 0.000482 0.000000 0.000000 0.000000 0.000000 0.015930 0.005934 0.002456 0.012135 0.042925 0.000000 0.001686 0.072685 0.443786 0.072985 0.041754 0.237931 0.000000 0.000000 0.000000 0.000000 0.000000 0.000000 0.000000 0.000000 0.000000 0.000000 0.000001 0.000000 
0.006012 0.005636 0.001734 0.002169 0.000000 0.000000 0.000000 0.000000 0.038123 0.015970 0.240420 0.014113 0.001950 0.000851 0.000000 0.008615 0.009350 0.006097 0.007607 0.005342 0.000000 0.001723 0.000000 0.003790 0.002648 0.000000 0.000000 0.000000 0.000000 0.000000 0.000000 0.000000 0.017188 0.014659 0.125689 0.011792 0.000000 0.000000 0.000000 0.000000 0.002110 0.004953 0.004817 0.004027 0.000000 0.002091 0.000000 0.000000 0.005371 0.002982 0.000000 0.001021 0.000000 0.002202 0.000000 0.000000 0.033389 0.035467 0.148238 0.019114 0.000000 0.000000 0.000000 0.000000 0.011966 0.006509 0.003836 0.011006 0.000000 0.000000 0.000000 0.000000 0.006815 0.007875 0.002811 0.011386 0.000000 0.000000 0.000000 0.000000 0.000000 0.000000 0.090113 0.004542 0.003141 0.000000 0.000000 0.000000 0.008148 0.003666 0.012790 0.004988 0.002754 0.000000 0.000392 0.000000 
0.000000 0.000000 0.000000 0.000000 0.000000 0.000000 0.000000 0.000000 0.000000 0.019028 0.000000 0.004092 0.000474 0.000000 0.000000 0.002503 0.000000 0.000000 0.000000 0.000000 0.000000 0.000000 0.000000 0.000000 0.000826 0.000000 0.000000 0.001624 0.000000 0.000000 0.000000 0.000000 0.076713 0.103518 0.022506 0.081774 0.000000 0.001331 0.000000 0.001772 0.000000 0.000000 0.000000 0.003540 0.000000 0.000734 0.000665 0.000000 0.000000 0.000000 0.000000 0.000000 0.000000 0.000000 0.000000 0.000000 0.000000 0.022401 0.000000 0.016262 0.000000 0.000000 0.000215 0.000000 0.000000 0.000000 0.000000 0.006963 0.000000 0.000000 0.001884 0.000827 0.001018 0.001960 0.000000 0.000639 0.000000 0.000958 0.000000 0.000000 0.125954 0.296270 0.102728 0.087309 0.000297 0.001318 0.000895 0.005359 0.000000 0.001154 0.001974 0.001765 0.000000 0.000000 0.000748 0.000000 
0.047105 0.044078 0.000000 0.043881 0.010959 0.006571 0.000000 0.010541 0.016901 0.003385 0.006661 0.023410 0.016768 0.015338 0.015226 0.027274 0.001986 0.004400 0.000000 0.016538 0.003952 0.000000 0.009239 0.004670 0.041105 0.032746 0.000000 0.040580 0.009197 0.006327 0.000000 0.011373 0.000000 0.000000 0.000000 0.018919 0.016592 0.024315 0.018973 0.034629 0.000000 0.010892 0.000000 0.007025 0.002064 0.002306 0.008003 0.000000 0.024696 0.017488 0.000000 0.027961 0.004014 0.003981 0.000000 0.008770 0.000000 0.000001 0.000000 0.000005 0.007448 0.009741 0.010664 0.024398 0.000000 0.002960 0.000000 0.003312 0.000000 0.001100 0.010433 0.007855 0.031859 0.021490 0.000000 0.040742 0.006467 0.004408 0.000000 0.008402 0.000000 0.000000 0.000000 0.011496 0.016705 0.016806 0.008101 0.038696 0.000000 0.003217 0.000000 0.004470 0.000000 0.000000 0.008384 0.000000 
0.038562 0.032329 0.022526 0.026058 0.009509 0.006928 0.004025 0.004994 0.010300 0.007238 0.000000 0.002908 0.002958 0.002941 0.008771 0.000000 0.004878 0.000000 0.006242 0.000000 0.000000 0.000000 0.000000 0.000000 0.051537 0.069649 0.011270 0.050706 0.012113 0.010597 0.008581 0.009555 0.020768 0.013253 0.007710 0.017656 0.008313 0.010889 0.039684 0.009494 0.002981 0.000000 0.009874 0.003043 0.000000 0.001028 0.003853 0.000000 0.043548 0.046401 0.027289 0.025810 0.006831 0.010177 0.007052 0.006088 0.009765 0.008580 0.000000 0.006596 0.006010 0.004856 0.014917 0.002573 0.004363 0.000000 0.002982 0.000000 0.000000 0.000000 0.000000 0.000000 0.036421 0.061793 0.014264 0.038689 0.002658 0.011549 0.003907 0.004809 0.000000 0.001354 0.000000 0.004569 0.003095 0.002403 0.009582 0.000000 0.001098 0.000000 0.004358 0.000000 0.000000 0.000000 0.001893 0.000000 
0.005915 0.000000 0.000000 0.000000 0.000000 0.002349 0.000000 0.001945 0.000000 0.000005 0.000000 0.000005 0.015811 0.000000 0.000000 0.019851 0.000000 0.003546 0.005522 0.014525 0.061192 0.009266 0.003112 0.034906 0.009846 0.002508 0.000000 0.006564 0.000000 0.000000 0.000000 0.004637 0.000000 0.000000 0.000000 0.000009 0.006432 0.003240 0.000000 0.000000 0.010419 0.007662 0.008885 0.035696 0.040985 0.011422 0.021043 0.086057 0.008137 0.007384 0.000000 0.001923 0.000000 0.002314 0.000000 0.006452 0.007655 0.006104 0.000000 0.003725 0.000000 0.002575 0.000000 0.000000 0.000000 0.008076 0.002225 0.003633 0.012845 0.000000 0.006609 0.035182 0.024050 0.000002 0.000000 0.038559 0.000000 0.000000 0.000000 0.005470 0.000000 0.005733 0.000000 0.006358 0.029387 0.000000 0.020148 0.012495 0.011639 0.012440 0.018313 0.044663 0.105493 0.011268 0.012425 0.093361 
0.011029 0.006597 0.001672 0.002976 0.037146 0.026898 0.009808 0.040752 0.020861 0.010273 0.000000 0.012129 0.002158 0.001238 0.000000 0.000000 0.000000 0.007932 0.005414 0.010605 0.000000 0.000854 0.009562 0.009987 0.008808 0.000000 0.004631 0.000000 0.028808 0.022276 0.008358 0.042227 0.021327 0.009021 0.002522 0.015150 0.004340 0.012357 0.006509 0.011808 0.005067 0.015381 0.006162 0.006276 0.000000 0.011633 0.014773 0.004197 0.000000 0.004389 0.000000 0.003750 0.023725 0.018832 0.002343 0.029857 0.038306 0.019948 0.000000 0.012601 0.002716 0.003433 0.007818 0.000000 0.005375 0.006888 0.002278 0.000751 0.006928 0.005924 0.027498 0.006127 0.000002 0.017132 0.000000 0.000028 0.023394 0.037253 0.004417 0.051565 0.021233 0.018876 0.000000 0.004294 0.000000 0.010146 0.005334 0.000000 0.008945 0.013620 0.022050 0.006943 0.000000 0.008077 0.014280 0.013398 
0.000000 0.000000 0.000000 0.000000 0.002425 0.000000 0.000000 0.002898 0.024852 0.017845 0.000000 0.016331 0.000000 0.004125 0.000000 0.000000 0.003275 0.006185 0.031445 0.000000 0.000000 0.002325 0.001770 0.002015 0.014914 0.038394 0.016130 0.099853 0.000000 0.000000 0.000000 0.000000 0.000000 0.002588 0.074291 0.001566 0.000000 0.003023 0.000928 0.000000 0.008765 0.001974 0.043686 0.002409 0.000000 0.005004 0.007834 0.014695 0.000000 0.006974 0.002801 0.013350 0.000000 0.002588 0.000000 0.002497 0.094501 0.110682 0.135737 0.078116 0.000000 0.003914 0.000000 0.002102 0.013244 0.005142 0.015144 0.000000 0.000000 0.002051 0.001734 0.005608 0.000002 0.000001 0.000000 0.002768 0.000000 0.000000 0.000000 0.000000 0.009632 0.000000 0.000000 0.002805 0.000000 0.000706 0.000000 0.000000 0.004738 0.002662 0.010161 0.000000 0.000000 0.003375 0.001390 0.014030 
0.136160 0.000000 0.007881 0.526657 0.178152 0.070795 0.016129 0.064222 0.000003 0.000000 
0.075085 0.000000 0.106427 0.192728 0.046514 0.130759 0.426621 0.021862 0.000004 0.000000 
0.232454 0.000000 0.000003 0.063304 0.300536 0.050298 0.082563 0.171563 0.099279 0.000000 
0.099216 0.000000 0.019481 0.565219 0.025944 0.055997 0.206955 0.011298 0.015891 0.000000 
0.133013 0.000000 0.010446 0.382536 0.036198 0.099324 0.213286 0.000004 0.079436 0.045758 
0.066357 0.000000 0.000002 0.469523 0.062065 0.036493 0.030417 0.012524 0.014244 0.308376 
0.018881 0.534550 0.006850 0.112691 0.033502 0.044169 0.003024 0.000003 0.019033 0.227295 
0.108146 0.016093 0.000003 0.248470 0.442228 0.055620 0.057495 0.000002 0.071944 0.000000 
0.086748 0.000000 0.372138 0.240024 0.010151 0.233169 0.038814 0.018951 0.000004 0.000000 
0.057390 0.000000 0.423225 0.338517 0.075117 0.035453 0.030812 0.000004 0.039482 0.000000 
0.045624 0.000000 0.000003 0.015688 0.797257 0.066175 0.051486 0.023762 0.000005 0.000000 
0.133816 0.332440 0.000003 0.027721 0.027320 0.055421 0.225778 0.183024 0.014476 0.000000 
0.079485 0.010407 0.036096 0.295400 0.029581 0.181899 0.033055 0.000003 0.000004 0.334070 
0.091589 0.535668 0.000003 0.001493 0.052327 0.140785 0.014092 0.000003 0.164041 0.000000 
0.124394 0.014583 0.014359 0.119233 0.013862 0.350738 0.340662 0.000004 0.022165 0.000000 
0.043739 0.021444 0.030769 0.290969 0.557539 0.051379 0.004154 0.000004 0.000004 0.000000 
0.048466 0.685621 0.000002 0.000920 0.012893 0.094711 0.012889 0.065111 0.059213 0.020174 
0.140402 0.000000 0.000002 0.103809 0.058063 0.150201 0.291782 0.130834 0.067109 0.057798 
0.120553 0.000000 0.000002 0.010234 0.795834 0.012558 0.009610 0.000003 0.037805 0.013400 
0.010436 0.943427 0.004731 0.015593 0.008591 0.002781 0.014432 0.000003 0.000005 0.000000 
0.124269 0.065791 0.110875 0.022621 0.026178 0.185614 0.066467 0.019918 0.378267 0.000000 
0.091404 0.000000 0.000003 0.062797 0.603258 0.068371 0.012279 0.063188 0.098700 0.000000 
0.098514 0.469442 0.063846 0.034292 0.059825 0.174307 0.042481 0.050815 0.006477 0.000000 
0.091643 0.000000 0.081417 0.653136 0.053976 0.062423 0.049425 0.000004 0.007975 0.000000 
0.128640 0.016475 0.118806 0.009967 0.015436 0.235143 0.074728 0.042523 0.358283 0.000000 
0.003888 0.000000 0.900033 0.003359 0.054799 0.018751 0.000797 0.002673 0.015699 0.000000 
0.020674 0.024979 0.096516 0.420605 0.207789 0.034651 0.140970 0.000003 0.021701 0.032112 
0.325742 0.000000 0.000003 0.072624 0.035285 0.166541 0.209878 0.012883 0.177044 0.000000 
0.160162 0.000000 0.000002 0.020292 0.001768 0.368897 0.048050 0.034324 0.366506 0.000000 
0.088042 0.000000 0.017996 0.530985 0.235041 0.069486 0.039939 0.000004 0.000005 0.018503 
0.045276 0.000000 0.000003 0.071740 0.023992 0.092531 0.766453 0.000002 0.000004 0.000000 
0.235124 0.000000 0.006461 0.055780 0.025364 0.400701 0.040509 0.210976 0.025085 0.000000 
0.072675 0.236300 0.000002 0.149494 0.028908 0.101195 0.001607 0.150605 0.000004 0.259210 
0.216105 0.000000 0.000003 0.262092 0.064364 0.018260 0.227009 0.008029 0.092944 0.111195 
0.404282 0.015344 0.000002 0.042784 0.063101 0.093892 0.153188 0.040031 0.146702 0.040675 
0.058556 0.630315 0.000002 0.007518 0.043321 0.109323 0.022163 0.000003 0.128799 0.000000 
0.187186 0.000000 0.000003 0.068355 0.155181 0.498518 0.078011 0.012741 0.000004 0.000000 
0.048168 0.018015 0.029157 0.000520 0.525483 0.099967 0.278683 0.000003 0.000004 0.000000 
0.322274 0.000000 0.085588 0.058366 0.050207 0.036542 0.254955 0.023921 0.168146 0.000000 
0.070176 0.000000 0.281409 0.294473 0.247847 0.013549 0.057380 0.000003 0.019014 0.016149 
0.229921 0.198629 0.005880 0.050174 0.009962 0.146486 0.002740 0.324074 0.032135 0.000000 
0.214388 0.132623 0.000003 0.032216 0.256736 0.098697 0.086113 0.017141 0.162082 0.000000 
0.129610 0.000000 0.005525 0.042678 0.030905 0.099509 0.624003 0.029400 0.038371 0.000000 
0.031168 0.000000 0.436498 0.053743 0.321089 0.050429 0.082993 0.000002 0.000004 0.024073 
0.087977 0.000000 0.000003 0.220082 0.014601 0.059455 0.186006 0.011630 0.043492 0.376755 
0.115096 0.000000 0.352772 0.031493 0.117810 0.282773 0.061323 0.038729 0.000004 0.000000 
0.229704 0.065189 0.000003 0.090000 0.025136 0.133374 0.011102 0.423144 0.022348 0.000000 
0.091388 0.000000 0.000002 0.008551 0.022699 0.176120 0.510757 0.000003 0.190480 0.000000 
0.011225 0.008793 0.237381 0.000657 0.732459 0.009033 0.000445 0.000003 0.000003 0.000000 
0.045719 0.000000 0.705632 0.024599 0.039718 0.058966 0.107057 0.018304 0.000004 0.000000 
0.150191 0.012691 0.006306 0.082796 0.012746 0.651295 0.052190 0.031782 0.000004 0.000000 
0.117760 0.000000 0.000002 0.001482 0.086518 0.233177 0.073077 0.046576 0.432142 0.009266 
0.021811 0.850040 0.003393 0.086730 0.020508 0.007268 0.010241 0.000002 0.000005 0.000000 
0.027117 0.619948 0.007381 0.001535 0.131152 0.033340 0.179520 0.000003 0.000004 0.000000 
0.038516 0.394476 0.011287 0.379348 0.078328 0.028920 0.053650 0.000003 0.015473 0.000000 
0.232539 0.000000 0.010583 0.068636 0.046017 0.515669 0.057364 0.032266 0.036927 0.000000 
0.022706 0.000000 0.174182 0.266809 0.146973 0.006064 0.026099 0.009427 0.000005 0.347736 
0.021873 0.000000 0.571002 0.251692 0.110369 0.023719 0.021338 0.000003 0.000004 0.000000 
0.190500 0.000000 0.000002 0.051438 0.543247 0.068698 0.009056 0.015268 0.061684 0.060107 
0.449025 0.000000 0.000003 0.053113 0.054151 0.157429 0.062688 0.012025 0.154312 0.057254 
0.112343 0.000000 0.006176 0.236113 0.006910 0.096325 0.169463 0.120174 0.004887 0.247609 
0.174856 0.000000 0.010432 0.064313 0.006125 0.606687 0.051886 0.042082 0.043619 0.000000 
0.106997 0.138500 0.000002 0.037435 0.381051 0.078276 0.060416 0.004848 0.192473 0.000000 
0.424102 0.000000 0.000003 0.067958 0.061637 0.085140 0.093474 0.018639 0.198550 0.050498 
0.167417 0.055075 0.007508 0.070399 0.012738 0.627816 0.038925 0.020116 0.000005 0.000000 
0.051062 0.000000 0.000003 0.009556 0.019262 0.057101 0.863009 0.000002 0.000004 0.000000 
0.005653 0.000000 0.000002 0.266066 0.199193 0.014543 0.065428 0.000002 0.000005 0.449107 
0.076626 0.566648 0.000003 0.101775 0.197168 0.017422 0.022111 0.000004 0.018244 0.000000 
0.247482 0.000000 0.000003 0.141140 0.214723 0.060724 0.069956 0.006731 0.079021 0.180219 
0.097276 0.000000 0.000002 0.050517 0.037480 0.164496 0.578076 0.003714 0.041083 0.027353 
0.135891 0.000000 0.438754 0.032762 0.048709 0.082608 0.116895 0.009571 0.134810 0.000000 
0.058483 0.000000 0.020942 0.002138 0.839860 0.024712 0.018428 0.000004 0.035432 0.000000 
0.034465 0.056549 0.000003 0.647470 0.074800 0.053695 0.008949 0.000003 0.031785 0.092283 
0.065005 0.110446 0.050146 0.540222 0.107039 0.067008 0.009311 0.000002 0.021699 0.029122 
0.172791 0.012316 0.004583 0.068329 0.014464 0.186768 0.297511 0.030702 0.212535 0.000000 
0.022153 0.629966 0.000002 0.062128 0.093607 0.059679 0.016005 0.031201 0.000004 0.085255 
0.026432 0.020436 0.342383 0.309499 0.029353 0.057069 0.168559 0.016980 0.029287 0.000000 
0.162312 0.010232 0.000002 0.050472 0.030316 0.257831 0.069599 0.039244 0.379992 0.000000 
0.099279 0.000000 0.000003 0.039026 0.586210 0.241636 0.033838 0.000004 0.000004 0.000000 
0.222158 0.016923 0.007238 0.061954 0.020628 0.454054 0.035039 0.182001 0.000004 0.000000 
0.124749 0.214939 0.304317 0.111093 0.043065 0.032006 0.097201 0.009144 0.034064 0.029421 
0.121129 0.000000 0.009056 0.213349 0.048432 0.263696 0.002993 0.032531 0.308815 0.000000 
0.304234 0.000000 0.008344 0.083943 0.018954 0.087550 0.007532 0.489437 0.000004 0.000000 
0.069178 0.000000 0.011824 0.070447 0.777632 0.037289 0.004571 0.000003 0.013785 0.015271 
0.187814 0.000000 0.328078 0.066235 0.030524 0.103672 0.003930 0.240686 0.010678 0.028384 
0.058210 0.000000 0.022774 0.269233 0.026878 0.045657 0.571788 0.005454 0.000005 0.000000 
0.282115 0.021385 0.000002 0.086398 0.031184 0.127432 0.076805 0.041784 0.296120 0.036774 
0.316011 0.000000 0.000003 0.077465 0.036454 0.087273 0.040679 0.337992 0.089217 0.014906 
0.168584 0.000000 0.000002 0.234919 0.024603 0.478954 0.043394 0.027150 0.022394 0.000000 
0.034064 0.000000 0.164686 0.060438 0.635364 0.002219 0.004689 0.000002 0.000004 0.098534 
0.353199 0.021503 0.000003 0.060547 0.051410 0.075219 0.034758 0.310326 0.064675 0.028360 
0.055329 0.000000 0.003667 0.012372 0.013651 0.022973 0.855431 0.000002 0.036576 0.000000 
0.288852 0.016110 0.000002 0.059045 0.040822 0.421527 0.066793 0.025898 0.080952 0.000000 
0.098110 0.085233 0.000002 0.082293 0.645418 0.005133 0.015684 0.068124 0.000003 0.000000 
0.162113 0.053614 0.000002 0.050571 0.533168 0.051972 0.098327 0.008858 0.041374 0.000000 
0.130701 0.362104 0.000003 0.030005 0.079516 0.079682 0.159712 0.158272 0.000005 0.000000 
0.180787 0.000000 0.013747 0.058008 0.008306 0.681591 0.057553 0.000003 0.000005 0.000000 
0.117744 0.021703 0.000003 0.359988 0.038855 0.236980 0.059941 0.016857 0.147930 0.000000 
0.121014 0.272869 0.000002 0.022445 0.010409 0.253680 0.014301 0.097735 0.207544 0.000000 
0.168854 0.000000 0.000003 0.558346 0.061950 0.102154 0.034807 0.024368 0.049518 0.000000 
0.175952 0.000000 0.000003 0.071089 0.081205 0.567631 0.059292 0.034232 0.010595 0.000000 
0.052534 0.000000 0.048626 0.022098 0.024059 0.087739 0.764939 0.000002 0.000004 0.000000 
0.018350 0.632555 0.000002 0.011984 0.027928 0.007478 0.301696 0.000002 0.000004 0.000000 
0.255419 0.056650 0.011164 0.097867 0.008856 0.111185 0.000710 0.399964 0.000005 0.058180 
0.066289 0.242259 0.000002 0.199605 0.210000 0.063555 0.004088 0.000003 0.000003 0.214195 
0.178094 0.000000 0.019491 0.066007 0.030780 0.610028 0.078344 0.017252 0.000004 0.000000 
0.074080 0.000000 0.069799 0.629378 0.096136 0.071066 0.033129 0.026407 0.000005 0.000000 
0.046309 0.247719 0.010837 0.007364 0.051596 0.029825 0.592168 0.000002 0.014181 0.000000 
0.157037 0.000000 0.022713 0.434586 0.025125 0.112026 0.051996 0.166214 0.011011 0.019291 
0.033976 0.124664 0.018265 0.005167 0.094851 0.109566 0.587664 0.000003 0.000004 0.025840 
0.130430 0.000000 0.000003 0.029500 0.683313 0.006184 0.061999 0.012255 0.076317 0.000000 
0.000679 0.000000 0.813597 0.009911 0.167172 0.001027 0.007609 0.000002 0.000003 0.000000 
0.149774 0.016659 0.000003 0.028560 0.702708 0.001963 0.030372 0.016895 0.053065 0.000000 
0.075649 0.037897 0.005661 0.269143 0.041488 0.077759 0.015313 0.118761 0.000004 0.358326 
0.335564 0.243190 0.000003 0.016239 0.103634 0.026299 0.069745 0.047118 0.124407 0.033801 
0.121627 0.624313 0.000003 0.020622 0.038450 0.027271 0.009758 0.157951 0.000005 0.000000 
0.020383 0.723826 0.176938 0.023867 0.021067 0.002141 0.012239 0.000003 0.000004 0.019532 
0.159605 0.000000 0.011667 0.065751 0.000218 0.640368 0.091290 0.031097 0.000004 0.000000 
0.425932 0.000000 0.011962 0.060173 0.034912 0.083193 0.150463 0.033991 0.154018 0.045356 
0.025256 0.000000 0.000003 0.481327 0.129156 0.071291 0.030691 0.030446 0.033455 0.198376 
0.248000 0.000000 0.026334 0.054230 0.225914 0.058909 0.015801 0.352082 0.000004 0.018724 
0.369622 0.047085 0.083912 0.073808 0.042719 0.096924 0.048382 0.000004 0.193101 0.044443 
0.438838 0.000000 0.000002 0.080409 0.036565 0.074351 0.109208 0.031331 0.205734 0.023561 
0.032620 0.000000 0.250882 0.021998 0.206651 0.042528 0.445314 0.000003 0.000004 0.000000 
0.139274 0.209606 0.006980 0.053861 0.090093 0.257386 0.059372 0.183424 0.000004 0.000000 
0.148719 0.000000 0.011920 0.274535 0.030637 0.193361 0.057190 0.040601 0.243037 0.000000 
0.046845 0.706212 0.000001 0.024023 0.015375 0.130084 0.050268 0.027186 0.000004 0.000000 
0.150097 0.000000 0.016280 0.067649 0.006705 0.716049 0.016452 0.026766 0.000003 0.000000 
0.054780 0.000000 0.005817 0.049630 0.052279 0.107616 0.660493 0.000003 0.000004 0.069378 
0.053767 0.000000 0.007535 0.303396 0.007921 0.139542 0.025925 0.000003 0.000004 0.461906 
0.018627 0.547231 0.032107 0.061184 0.314152 0.006031 0.016816 0.003849 0.000004 0.000000 
0.227999 0.073070 0.000003 0.021071 0.196513 0.045369 0.015728 0.397260 0.000004 0.022983 
0.185674 0.000000 0.012366 0.060474 0.009130 0.577519 0.141910 0.012921 0.000004 0.000000 
0.123912 0.000000 0.000002 0.180895 0.006239 0.089729 0.086932 0.065953 0.197394 0.248943 
0.333953 0.000000 0.000003 0.063843 0.035176 0.126005 0.044868 0.342415 0.053737 0.000000 
0.229812 0.000000 0.006892 0.042765 0.007490 0.122829 0.348928 0.241280 0.000004 0.000000 
0.081128 0.032623 0.295863 0.167410 0.017164 0.232413 0.035629 0.000003 0.000005 0.137764 
0.254706 0.103272 0.000003 0.014904 0.022462 0.152028 0.021714 0.370357 0.060554 0.000000 
0.075119 0.018046 0.000003 0.398810 0.077864 0.071024 0.326706 0.000003 0.032425 0.000000 
0.121058 0.000000 0.111828 0.054152 0.091808 0.512850 0.057721 0.050578 0.000004 0.000000 
0.099604 0.000000 0.036818 0.071411 0.021261 0.162289 0.384190 0.014936 0.162967 0.046523 
0.172164 0.000000 0.581458 0.037267 0.052427 0.027799 0.006929 0.012059 0.095500 0.014398 
0.083993 0.000000 0.000002 0.057866 0.471070 0.115919 0.021174 0.011102 0.216255 0.022619 
0.135644 0.031136 0.000003 0.031925 0.010041 0.230750 0.452148 0.004740 0.103613 0.000000 
0.124267 0.000000 0.096782 0.025499 0.142853 0.058971 0.393554 0.158071 0.000004 0.000000 
0.063592 0.000000 0.018597 0.016189 0.654558 0.124202 0.045006 0.017393 0.060464 0.000000 
0.078085 0.009920 0.000003 0.333209 0.036194 0.049406 0.002527 0.018803 0.032473 0.439379 
0.216881 0.412926 0.000003 0.034628 0.021428 0.118450 0.108881 0.000003 0.066322 0.020480 
0.202973 0.141005 0.000002 0.036937 0.030866 0.165231 0.267833 0.068109 0.087044 0.000000 
0.028086 0.171373 0.000002 0.000711 0.767244 0.010227 0.022349 0.000003 0.000004 0.000000 
0.090668 0.029065 0.024228 0.489757 0.046994 0.096150 0.223132 0.000003 0.000004 0.000000 
0.050439 0.082711 0.031374 0.522048 0.048172 0.165434 0.019113 0.007526 0.026923 0.046259 
0.045665 0.000000 0.009596 0.056983 0.019410 0.112747 0.755591 0.000004 0.000004 0.000000 
0.079796 0.705731 0.000003 0.013275 0.025826 0.059194 0.108179 0.000004 0.000004 0.007988 
0.099123 0.476076 0.005520 0.286547 0.043337 0.019638 0.026706 0.000003 0.043050 0.000000 
0.081090 0.112288 0.000003 0.010861 0.009885 0.125850 0.632162 0.000002 0.000004 0.027856 
0.029778 0.000000 0.000002 0.032183 0.721729 0.080077 0.064415 0.010621 0.000004 0.061191 
0.006305 0.000000 0.870873 0.010948 0.042556 0.018732 0.007851 0.000002 0.042733 0.000000 
0.058158 0.086953 0.031051 0.287922 0.029735 0.189419 0.037751 0.024758 0.254254 0.000000 
0.095081 0.308006 0.017661 0.389296 0.031942 0.003093 0.090125 0.000003 0.009940 0.054854 
0.052902 0.579110 0.199451 0.015340 0.006275 0.099065 0.008554 0.000003 0.011006 0.028294 
0.020494 0.469274 0.016234 0.006373 0.427166 0.039223 0.021228 0.000003 0.000004 0.000000 
0.037967 0.000000 0.130718 0.301029 0.052658 0.029272 0.002694 0.000003 0.000005 0.445655 
0.073857 0.000000 0.179178 0.427226 0.050125 0.022880 0.031987 0.000002 0.023669 0.191074 
0.053840 0.000000 0.040130 0.284287 0.440914 0.006517 0.009871 0.000004 0.021828 0.142609 
0.059966 0.000000 0.293029 0.267482 0.084901 0.020941 0.194153 0.047146 0.000004 0.032378 
0.199663 0.020962 0.000002 0.067585 0.008199 0.620592 0.053170 0.014846 0.014982 0.000000 
0.165310 0.157918 0.000002 0.008133 0.029270 0.230901 0.015948 0.032296 0.360220 0.000000 
0.384125 0.000000 0.000002 0.072804 0.037649 0.099187 0.192085 0.046218 0.143357 0.024573 
0.011008 0.000000 0.000002 0.364965 0.085147 0.015176 0.015296 0.000002 0.000005 0.508398 
0.180860 0.000000 0.045200 0.492160 0.046519 0.078287 0.038063 0.017251 0.101661 0.000000 
0.165052 0.000000 0.000003 0.038641 0.016944 0.244528 0.077156 0.045931 0.411746 0.000000 
0.239709 0.000000 0.000002 0.017009 0.034251 0.086629 0.470769 0.017332 0.093628 0.040672 
0.476122 0.000000 0.000003 0.064388 0.063592 0.071047 0.089726 0.030184 0.183349 0.021589 
0.071521 0.000000 0.006359 0.066470 0.017296 0.069216 0.747965 0.009804 0.000004 0.011365 
0.057002 0.000000 0.338564 0.179939 0.039088 0.033433 0.011473 0.000004 0.091323 0.249174 
0.153090 0.000000 0.004720 0.241177 0.044721 0.088846 0.331467 0.104465 0.031515 0.000000 
0.148582 0.061169 0.000003 0.050343 0.038548 0.319007 0.292501 0.068022 0.021825 0.000000 
0.050538 0.141265 0.000002 0.091256 0.532355 0.070018 0.060963 0.014126 0.012283 0.027193 
0.040700 0.041629 0.117132 0.447736 0.057268 0.061353 0.002623 0.000003 0.063035 0.168521 
0.051644 0.000000 0.000003 0.002489 0.424515 0.011948 0.509395 0.000002 0.000004 0.000000 
0.015349 0.116063 0.000002 0.358875 0.014431 0.015230 0.001367 0.007030 0.014437 0.457215 
0.184588 0.000000 0.000003 0.024310 0.109191 0.160245 0.035505 0.416144 0.070015 0.000000 
0.003328 0.000000 0.000003 0.185945 0.497871 0.040041 0.000694 0.000003 0.000004 0.272112 
0.295456 0.000000 0.000002 0.042046 0.021381 0.089995 0.022542 0.464052 0.064526 0.000000 
0.002535 0.000000 0.920478 0.008526 0.059460 0.006922 0.002071 0.000004 0.000004 0.000000 
0.021886 0.586683 0.014888 0.002382 0.055782 0.029963 0.288410 0.000003 0.000004 0.000000 
0.079398 0.000000 0.000003 0.063223 0.286045 0.141071 0.045135 0.005897 0.233017 0.146212 
0.119085 0.000000 0.022714 0.030335 0.665243 0.022877 0.044066 0.070029 0.025650 0.000000 
0.089616 0.156410 0.033154 0.130641 0.484385 0.065100 0.016871 0.006017 0.000005 0.017803 
0.135981 0.000000 0.027678 0.028668 0.247646 0.105853 0.151065 0.020579 0.256853 0.025676 
0.061512 0.000000 0.000003 0.051010 0.012786 0.170405 0.475250 0.047997 0.092759 0.088280 
0.087554 0.000000 0.000002 0.342467 0.018576 0.016706 0.045939 0.000003 0.035961 0.452791 
0.197013 0.000000 0.018118 0.072284 0.005318 0.559893 0.095748 0.051620 0.000004 0.000000 
0.065726 0.194093 0.488838 0.021497 0.040001 0.076831 0.113006 0.000003 0.000005 0.000000 
0.016713 0.276548 0.000002 0.020572 0.662772 0.015532 0.007853 0.000002 0.000005 0.000000 
0.186988 0.000000 0.015469 0.044094 0.012583 0.656835 0.076641 0.007384 0.000005 0.000000 
0.051729 0.016581 0.220632 0.018769 0.032192 0.065363 0.580076 0.000002 0.000004 0.014652 
0.075608 0.019871 0.016389 0.358326 0.045902 0.238257 0.054900 0.009734 0.019754 0.161258 
0.013802 0.875059 0.000002 0.016920 0.072619 0.016764 0.004827 0.000003 0.000004 0.000000 
0.241211 0.072414 0.094065 0.050471 0.028226 0.067826 0.334658 0.020995 0.040774 0.049361 
0.288244 0.000000 0.057975 0.056173 0.027733 0.084271 0.007332 0.443796 0.020351 0.014126 
0.022738 0.000000 0.005193 0.002118 0.950097 0.001229 0.012607 0.006013 0.000004 0.000000 
0.162196 0.021706 0.021999 0.078843 0.003680 0.632863 0.058793 0.019915 0.000004 0.000000 
0.069415 0.000000 0.090073 0.015701 0.020683 0.089916 0.701832 0.000002 0.012377 0.000000 
0.122017 0.000000 0.000002 0.064336 0.017686 0.085741 0.492677 0.061286 0.156253 0.000000 
0.094373 0.008048 0.005974 0.015648 0.004665 0.137550 0.571787 0.007005 0.154950 0.000000 
0.032831 0.116085 0.003893 0.345734 0.002661 0.029758 0.000903 0.000003 0.000004 0.468127 
0.137175 0.000000 0.000003 0.443365 0.036074 0.024022 0.167827 0.000003 0.044145 0.147386 
0.063237 0.091904 0.000003 0.362025 0.122919 0.060214 0.272622 0.000002 0.027073 0.000000 
0.180208 0.217662 0.000002 0.184091 0.034710 0.017298 0.049829 0.012499 0.048876 0.254824 
0.030946 0.223826 0.019690 0.174911 0.507169 0.031883 0.011565 0.000004 0.000005 0.000000 
0.074421 0.016738 0.082738 0.697236 0.034985 0.054497 0.039377 0.000003 0.000004 0.000000 
0.063991 0.010512 0.177221 0.443424 0.192385 0.043996 0.052833 0.008314 0.007324 0.000000 
0.329904 0.000000 0.000003 0.057280 0.248824 0.070865 0.056634 0.031294 0.205195 0.000000 
0.019668 0.000000 0.010606 0.001740 0.955429 0.012104 0.000441 0.000006 0.000004 0.000000 
0.222693 0.245940 0.177857 0.041134 0.069476 0.014123 0.070369 0.035294 0.105892 0.017222 
0.089311 0.000000 0.369595 0.168759 0.035319 0.035783 0.029809 0.005746 0.052945 0.212733 
0.016407 0.000000 0.883892 0.008142 0.051140 0.024450 0.001250 0.001424 0.013295 0.000000 
0.277531 0.000000 0.000003 0.054713 0.044746 0.098316 0.000934 0.482515 0.018031 0.023211 
0.066461 0.000000 0.030218 0.109725 0.725439 0.051529 0.001708 0.014915 0.000005 0.000000 
0.080608 0.484782 0.000003 0.153210 0.067437 0.002219 0.031089 0.000003 0.000005 0.180643 
0.118352 0.000000 0.083831 0.051338 0.007438 0.178431 0.135125 0.075164 0.295198 0.055122 
0.291488 0.285113 0.000003 0.051367 0.034856 0.075319 0.047213 0.052181 0.112748 0.049712 
0.048454 0.000000 0.000003 0.010232 0.023514 0.117761 0.787784 0.012247 0.000004 0.000000 
0.081921 0.435401 0.010361 0.192672 0.018362 0.096475 0.001995 0.071136 0.069412 0.022264 
0.303716 0.000000 0.000002 0.044828 0.041691 0.056697 0.192690 0.280332 0.080044 0.000000 
0.154896 0.000000 0.008760 0.278035 0.014623 0.342640 0.150567 0.050473 0.000004 0.000000 
0.083059 0.000000 0.003862 0.010569 0.029495 0.023292 0.849717 0.000002 0.000004 0.000000 
0.175153 0.344682 0.165557 0.001931 0.031503 0.125147 0.020700 0.014683 0.064476 0.056168 
0.007705 0.193222 0.000002 0.032377 0.645116 0.076944 0.008114 0.000003 0.036516 0.000000 
0.169886 0.008293 0.000002 0.043237 0.011195 0.486598 0.084108 0.013643 0.183036 0.000000 
0.073172 0.000000 0.000003 0.012324 0.021110 0.043458 0.829006 0.000002 0.020925 0.000000 
0.021476 0.000000 0.831259 0.079175 0.048193 0.002357 0.011575 0.000002 0.005963 0.000000 
0.017939 0.000000 0.023616 0.000203 0.922599 0.013392 0.009905 0.012341 0.000005 0.000000 
0.002709 0.253537 0.630359 0.005397 0.029527 0.008226 0.070238 0.000002 0.000005 0.000000 
0.394694 0.000000 0.000002 0.048375 0.054710 0.077597 0.238843 0.048381 0.105279 0.032120 
0.101683 0.000000 0.012556 0.101878 0.426494 0.186276 0.077680 0.009949 0.000004 0.083481 
0.069397 0.000000 0.000002 0.034459 0.069911 0.079085 0.747135 0.000006 0.000004 0.000000 
0.047902 0.000000 0.000002 0.011610 0.469421 0.182327 0.276721 0.012012 0.000004 0.000000 
0.007408 0.092624 0.739894 0.001547 0.039776 0.019604 0.065874 0.000002 0.023791 0.009479 
0.142420 0.000000 0.000003 0.087127 0.022147 0.171959 0.353486 0.010298 0.058535 0.154025 
0.184732 0.000000 0.069572 0.032624 0.029052 0.235023 0.067717 0.027486 0.353794 0.000000 
0.030763 0.098169 0.000003 0.267988 0.466481 0.010591 0.022237 0.003927 0.020520 0.079321 
0.180676 0.000000 0.079817 0.075548 0.014706 0.616205 0.002339 0.022712 0.000004 0.007995 
0.322243 0.000000 0.000002 0.063446 0.060046 0.228241 0.113216 0.046521 0.129281 0.037002 
0.055408 0.000000 0.000003 0.254490 0.181157 0.046201 0.001113 0.089336 0.000005 0.372287 
0.171740 0.014640 0.000003 0.041405 0.020168 0.250726 0.031702 0.069365 0.345175 0.055076 
0.009417 0.895716 0.000002 0.029599 0.022986 0.007065 0.035209 0.000003 0.000003 0.000000 
0.448168 0.000000 0.000003 0.060086 0.054180 0.105609 0.087634 0.042686 0.140940 0.060694 
0.037824 0.200416 0.567560 0.051470 0.046143 0.001082 0.058036 0.018425 0.019043 0.000000 
0.141148 0.104649 0.004871 0.072057 0.016733 0.601796 0.058738 0.000004 0.000004 0.000000 
0.294280 0.000000 0.004395 0.055874 0.024301 0.093145 0.079173 0.427838 0.020994 0.000000 
0.015712 0.117328 0.474279 0.007513 0.296736 0.012066 0.076358 0.000003 0.000004 0.000000 
0.001778 0.000000 0.000004 0.390614 0.043492 0.011677 0.000439 0.000003 0.000007 0.551986 
0.113830 0.000000 0.010949 0.384465 0.031410 0.355449 0.057435 0.046458 0.000004 0.000000 
0.157586 0.000000 0.011107 0.127442 0.009197 0.544741 0.054496 0.021443 0.000004 0.073984 
0.233836 0.000000 0.000002 0.136457 0.243884 0.064210 0.208114 0.010310 0.086833 0.016353 
0.137136 0.014958 0.010258 0.605352 0.032361 0.074262 0.056625 0.000003 0.053698 0.015346 
0.146398 0.720891 0.000003 0.041065 0.021581 0.016442 0.028562 0.000003 0.025056 0.000000 
0.112329 0.000000 0.227053 0.024181 0.146748 0.048595 0.405401 0.003391 0.032302 0.000000 
0.015368 0.010647 0.809811 0.070543 0.013937 0.035689 0.018633 0.000002 0.025369 0.000000 
0.495194 0.000000 0.000002 0.068972 0.048400 0.031782 0.088474 0.052528 0.182081 0.032567 
0.153995 0.000000 0.007470 0.113800 0.038282 0.090605 0.379723 0.000003 0.048252 0.167869 
0.000595 0.000000 0.922912 0.006280 0.055291 0.001054 0.002309 0.000001 0.011557 0.000000 
0.221090 0.000000 0.007835 0.057581 0.015975 0.293845 0.108946 0.284831 0.009897 0.000000 
0.103634 0.085762 0.000003 0.131647 0.008170 0.393407 0.109735 0.026155 0.038629 0.102857 
0.105381 0.000000 0.021035 0.484955 0.045669 0.150051 0.035742 0.024401 0.132766 0.000000 
0.041202 0.034170 0.000002 0.386850 0.061765 0.005385 0.015644 0.000002 0.025364 0.429615 
0.216326 0.000000 0.239613 0.015481 0.081198 0.072246 0.001065 0.339365 0.000004 0.034703 
0.069208 0.000000 0.007671 0.054770 0.010058 0.107683 0.726460 0.000003 0.000004 0.024143 
0.287711 0.000000 0.000003 0.143841 0.028760 0.079526 0.027727 0.348071 0.043482 0.040879 
0.172317 0.000000 0.012797 0.021152 0.000964 0.163183 0.231189 0.201844 0.196554 0.000000 
0.258669 0.000000 0.000003 0.137668 0.021502 0.136276 0.012795 0.408765 0.024321 0.000000 
0.090753 0.000000 0.027611 0.020100 0.015603 0.085866 0.745929 0.014134 0.000004 0.000000 
0.161156 0.000000 0.018574 0.070686 0.002514 0.658872 0.077871 0.010322 0.000004 0.000000 
0.142513 0.000000 0.029989 0.311675 0.024498 0.386894 0.082239 0.022188 0.000004 0.000000 
0.011372 0.882013 0.013636 0.046750 0.013357 0.010502 0.022363 0.000003 0.000005 0.000000 
0.176096 0.000000 0.045067 0.052644 0.015365 0.644319 0.047407 0.019098 0.000004 0.000000 
0.137788 0.513075 0.000003 0.010109 0.029341 0.108489 0.039666 0.019387 0.142143 0.000000 
0.096511 0.065151 0.012991 0.487601 0.049449 0.038140 0.213725 0.000003 0.036427 0.000000 
0.110971 0.000000 0.030020 0.003075 0.311459 0.166039 0.048732 0.026830 0.302874 0.000000 
0.144372 0.009580 0.013436 0.043349 0.015312 0.330804 0.136249 0.023293 0.283605 0.000000 
0.002162 0.000000 0.642043 0.007307 0.326875 0.017240 0.000233 0.004134 0.000005 0.000000 
0.035221 0.420348 0.200697 0.152746 0.072025 0.034625 0.048169 0.013049 0.023121 0.000000 
0.046534 0.000000 0.011845 0.015318 0.008276 0.107801 0.810219 0.000002 0.000005 0.000000 
0.097223 0.000000 0.000002 0.014953 0.089056 0.044297 0.754461 0.000003 0.000004 0.000000 
0.116745 0.091713 0.000003 0.027662 0.278823 0.320931 0.044855 0.013530 0.105738 0.000000 
0.088253 0.525552 0.018852 0.030254 0.199558 0.030787 0.042273 0.064466 0.000005 0.000000 
0.117151 0.000000 0.205771 0.028544 0.029889 0.330348 0.054874 0.052209 0.181214 0.000000 
0.126312 0.000000 0.000002 0.021257 0.471811 0.089878 0.054677 0.020114 0.215948 0.000000 
0.134625 0.021844 0.058176 0.024659 0.012768 0.076707 0.576697 0.036007 0.058517 0.000000 
0.137482 0.066674 0.000003 0.051639 0.151448 0.509335 0.023562 0.030227 0.029631 0.000000 
0.059992 0.000000 0.538498 0.137562 0.059632 0.031734 0.104673 0.027787 0.000003 0.040119 
0.117220 0.000000 0.205251 0.084014 0.024275 0.087618 0.436085 0.000004 0.045533 0.000000 
0.065144 0.000000 0.159345 0.016481 0.035594 0.167661 0.555769 0.000003 0.000004 0.000000 
0.053915 0.000000 0.011411 0.101054 0.583824 0.020624 0.189094 0.010365 0.029713 0.000000 
0.098121 0.026815 0.178912 0.024953 0.401772 0.185287 0.041505 0.015399 0.017534 0.009701 
0.272471 0.000000 0.000002 0.062658 0.102931 0.329125 0.088330 0.024626 0.119856 0.000000 
0.070603 0.000000 0.116695 0.016147 0.659058 0.021901 0.096789 0.000004 0.018803 0.000000 
0.137673 0.019985 0.000002 0.002625 0.027785 0.180580 0.329001 0.033481 0.268868 0.000000 
0.411899 0.000000 0.089402 0.070864 0.064514 0.048941 0.087590 0.007851 0.198382 0.020558 
0.146263 0.166214 0.022929 0.010769 0.028705 0.335966 0.000940 0.000003 0.288210 0.000000 
0.296532 0.000000 0.007107 0.046761 0.017094 0.316678 0.010395 0.305429 0.000004 0.000000 
0.132783 0.000000 0.000003 0.031035 0.019685 0.102737 0.612017 0.087147 0.014593 0.000000 
0.118680 0.479389 0.011667 0.043624 0.037614 0.028332 0.095446 0.141967 0.000004 0.043277 
0.369771 0.000000 0.009783 0.048314 0.018294 0.091949 0.061120 0.291408 0.089934 0.019427 
0.175677 0.000000 0.022851 0.091994 0.012906 0.602009 0.077395 0.017164 0.000004 0.000000 
0.046114 0.000000 0.051883 0.341035 0.033311 0.008642 0.001328 0.000002 0.000003 0.517681 
0.337277 0.000000 0.000002 0.064790 0.109549 0.089096 0.086427 0.042791 0.244907 0.025162 
0.157057 0.000000 0.010946 0.067762 0.009100 0.694994 0.060133 0.000003 0.000004 0.000000 
0.091116 0.000000 0.000002 0.027436 0.034444 0.336773 0.472033 0.008701 0.000004 0.029492 
0.042885 0.000000 0.013713 0.309560 0.558958 0.028653 0.017352 0.013788 0.015092 0.000000 
0.047353 0.009247 0.000003 0.081361 0.668845 0.008449 0.019191 0.000004 0.018914 0.146632 
0.066903 0.000000 0.000003 0.009233 0.903240 0.000754 0.000616 0.000004 0.019248 0.000000 
0.091295 0.000000 0.227339 0.331841 0.022468 0.251312 0.066835 0.008906 0.000004 0.000000 
0.311780 0.000000 0.055015 0.077504 0.057094 0.206094 0.117642 0.030715 0.091539 0.052616 
0.294235 0.000000 0.000002 0.183319 0.035629 0.088923 0.041845 0.013208 0.137360 0.205479 
0.248252 0.051195 0.000002 0.060150 0.030781 0.126683 0.015637 0.458636 0.008663 0.000000 
0.000836 0.925789 0.000003 0.003812 0.046083 0.017988 0.005480 0.000002 0.000005 0.000000 
0.186681 0.000000 0.000003 0.001240 0.037270 0.270045 0.053316 0.024220 0.401985 0.025240 
0.020537 0.648592 0.272864 0.019312 0.034618 0.001441 0.002628 0.000003 0.000005 0.000000 
0.052906 0.000000 0.416657 0.126440 0.030589 0.016164 0.107750 0.091115 0.023083 0.135296 
0.153314 0.026804 0.000003 0.116807 0.035022 0.601244 0.052225 0.000004 0.000004 0.014574 
0.127841 0.000000 0.270700 0.044866 0.025360 0.406863 0.068035 0.056330 0.000004 0.000000 
0.135117 0.000000 0.120778 0.020171 0.195833 0.212285 0.034750 0.000003 0.281062 0.000000 
0.445740 0.000000 0.020902 0.102514 0.031987 0.049456 0.124813 0.049727 0.174861 0.000000 
0.017834 0.922809 0.016347 0.002213 0.031217 0.000719 0.008856 0.000002 0.000003 0.000000 
0.034816 0.060055 0.000003 0.008127 0.878082 0.012125 0.006782 0.000003 0.000006 0.000000 
0.486543 0.000000 0.000002 0.061708 0.054262 0.015946 0.104910 0.035733 0.219896 0.021001 
0.249020 0.000000 0.374289 0.021223 0.055868 0.083682 0.053586 0.027323 0.125049 0.009960 
0.059984 0.000000 0.027016 0.329698 0.428295 0.030945 0.000836 0.000003 0.000004 0.123218 
0.061219 0.000000 0.000002 0.217445 0.547531 0.078416 0.054292 0.000003 0.041091 0.000000 
0.051454 0.000000 0.494247 0.025679 0.318175 0.017028 0.011925 0.069383 0.000005 0.012105 
0.019285 0.631228 0.053182 0.055487 0.018870 0.057801 0.034646 0.000002 0.013601 0.115898 
0.017545 0.000000 0.667880 0.005688 0.229384 0.017281 0.049049 0.000005 0.013168 0.000000 
0.127015 0.000000 0.153973 0.030201 0.130545 0.039948 0.390152 0.128161 0.000004 0.000000 
0.320187 0.224412 0.000002 0.041010 0.036647 0.053145 0.137651 0.013085 0.122105 0.051756 
0.099195 0.000000 0.131113 0.168634 0.036771 0.037851 0.331552 0.031443 0.000004 0.163437 
0.162919 0.000000 0.012531 0.068516 0.039222 0.600432 0.074608 0.029103 0.012669 0.000000 
0.129693 0.156287 0.000003 0.064820 0.021406 0.439435 0.077255 0.027841 0.029817 0.053444 
0.153599 0.000000 0.000003 0.032990 0.010655 0.402160 0.135914 0.007969 0.256710 0.000000 
0.090938 0.000000 0.117776 0.021274 0.020791 0.267444 0.466217 0.000003 0.000004 0.015553 
0.007801 0.252968 0.170151 0.023790 0.508706 0.025727 0.010849 0.000003 0.000006 0.000000 
