-1911265.678099
0
0.011010 0.008657 0.001314 0.005968 0.000000 0.001737 0.000451 0.001455 0.031359 0.013766 0.192439 0.012171 0.003209 0.002034 0.001900 0.008420 0.011995 0.005536 0.008113 0.007448 0.001414 0.001844 0.000854 0.002886 0.006061 0.006823 0.000568 0.006429 0.000000 0.000000 0.000000 0.000000 0.019715 0.019231 0.107652 0.017152 0.000385 0.001319 0.000000 0.000976 0.002421 0.003799 0.005569 0.005295 0.000000 0.001902 0.000704 0.001491 0.008057 0.005344 0.000000 0.003077 0.000000 0.002127 0.000000 0.000000 0.025045 0.028805 0.117580 0.017368 0.000000 0.000000 0.000000 0.001559 0.011270 0.006654 0.004127 0.009576 0.000000 0.000000 0.000276 0.000521 0.011259 0.010987 0.002247 0.014706 0.001693 0.001021 0.000000 0.002032 0.015185 0.016897 0.084827 0.013373 0.005252 0.001366 0.000000 0.002962 0.007085 0.004278 0.008432 0.005928 0.000717 0.000729 0.001518 0.002653 
0.003345 0.010111 0.000010 0.000006 0.000000 0.000011 0.000001 0.001048 0.002763 0.000121 0.002490 0.023072 0.000003 0.000003 0.028205 0.000004 0.033473 0.005628 0.000067 0.003225 0.000000 0.000000 0.037226 0.024092 0.003262 0.000001 0.000001 0.000009 0.000000 0.000000 0.000000 0.000000 0.010199 0.004746 0.001303 0.008525 0.000002 0.000027 0.000000 0.000004 0.016668 0.041066 0.049572 0.056496 0.014842 0.000001 0.011561 0.017434 0.018269 0.003457 0.000000 0.000005 0.000000 0.012962 0.024989 0.000003 0.028633 0.000017 0.047003 0.005152 0.029342 0.000000 0.000000 0.000003 0.016433 0.005413 0.000000 0.050626 0.000000 0.000000 0.000002 0.007555 0.034119 0.002133 0.045901 0.021567 0.000521 0.006196 0.000000 0.005648 0.007579 0.093870 0.001403 0.045517 0.000018 0.000000 0.000000 0.019758 0.000004 0.000016 0.000004 0.000005 0.000000 0.000000 0.005106 0.050147 
0.013926 0.007278 0.001434 0.008134 0.012647 0.007450 0.001886 0.011112 0.022512 0.013731 0.017285 0.016785 0.009437 0.007257 0.011645 0.012390 0.038758 0.015278 0.031358 0.029822 0.004137 0.002490 0.005267 0.003824 0.007046 0.000000 0.002207 0.008563 0.006843 0.007290 0.002347 0.008792 0.023924 0.018244 0.013130 0.020366 0.004561 0.005496 0.009443 0.009994 0.014719 0.012996 0.019689 0.020328 0.002258 0.003657 0.007332 0.012126 0.010320 0.007634 0.001756 0.009802 0.005714 0.004849 0.000000 0.005707 0.020174 0.018687 0.013285 0.021503 0.006601 0.004094 0.007458 0.004957 0.017659 0.010050 0.014821 0.015790 0.001523 0.000000 0.005297 0.003371 0.013609 0.008778 0.003491 0.017412 0.002311 0.007684 0.000000 0.005475 0.011540 0.021112 0.008115 0.011309 0.009333 0.006647 0.007795 0.010418 0.018015 0.015213 0.013894 0.018190 0.005724 0.005701 0.006019 0.013970 
0.015791 0.025223 0.000011 0.000005 0.000000 0.000010 0.000001 0.007178 0.039845 0.006144 0.030892 0.020119 0.000002 0.000001 0.003344 0.000003 0.008706 0.000019 0.014667 0.004520 0.000000 0.000000 0.000010 0.001053 0.011524 0.000000 0.000001 0.000008 0.000000 0.000000 0.000000 0.000000 0.015629 0.004467 0.029948 0.001410 0.000001 0.000025 0.000000 0.000003 0.000141 0.017624 0.009131 0.004369 0.000000 0.003807 0.000012 0.006503 0.009016 0.000072 0.000000 0.000004 0.000000 0.000009 0.000000 0.000003 0.037216 0.000014 0.000000 0.019351 0.000000 0.000000 0.000000 0.000002 0.000006 0.006681 0.000000 0.021481 0.000000 0.000000 0.000001 0.000000 0.000928 0.019224 0.009553 0.012827 0.018952 0.000002 0.000000 0.031333 0.220821 0.106162 0.030726 0.167233 0.000018 0.000000 0.000000 0.000027 0.000003 0.002318 0.000004 0.000004 0.003853 0.000000 0.000001 0.000003 
0.001176 0.015226 0.027246 0.000007 0.016810 0.020699 0.000001 0.023556 0.002211 0.000097 0.013970 0.016951 0.003837 0.000002 0.012926 0.012281 0.002305 0.000022 0.000065 0.039300 0.000000 0.006042 0.000010 0.016745 0.006286 0.054493 0.010961 0.000010 0.000000 0.000000 0.004150 0.024938 0.004426 0.016010 0.006163 0.002180 0.039068 0.015319 0.022857 0.000004 0.014026 0.019883 0.003817 0.000297 0.000000 0.000001 0.014722 0.000053 0.011712 0.008852 0.000000 0.009798 0.000000 0.000023 0.000000 0.000004 0.006873 0.000017 0.000000 0.017658 0.000000 0.000000 0.000000 0.014227 0.000005 0.000011 0.000000 0.000138 0.000000 0.005378 0.021827 0.000000 0.015725 0.006434 0.000023 0.009442 0.010990 0.000003 0.000000 0.168206 0.119556 0.008768 0.011248 0.036681 0.009655 0.000000 0.000000 0.000032 0.015528 0.000019 0.000005 0.000005 0.000000 0.000000 0.000002 0.000004 
0.000696 0.000071 0.000154 0.000202 0.000000 0.000035 0.000159 0.000565 0.007537 0.002454 0.003181 0.003580 0.000000 0.000132 0.000337 0.000000 0.001078 0.000429 0.000323 0.001488 0.000000 0.000000 0.000151 0.000000 0.000452 0.000000 0.000000 0.000379 0.000000 0.000448 0.000000 0.000000 0.014748 0.002812 0.004770 0.009083 0.000000 0.000656 0.000000 0.000448 0.000590 0.000209 0.000442 0.000231 0.000095 0.000000 0.000000 0.000084 0.000423 0.000097 0.000000 0.000000 0.000000 0.000000 0.000000 0.000311 0.006324 0.001897 0.000000 0.002899 0.000000 0.000180 0.000000 0.000000 0.000000 0.000000 0.000000 0.000187 0.000000 0.000000 0.000000 0.000000 0.015301 0.006316 0.001610 0.011796 0.038318 0.000000 0.001604 0.066416 0.426656 0.081645 0.047364 0.230801 0.000198 0.000000 0.000000 0.000262 0.000000 0.000507 0.000329 0.000538 0.000000 0.000000 0.000000 0.000000 
0.001360 0.001362 0.114484 0.000021 0.000001 0.000034 0.000004 0.001528 0.003293 0.000317 0.002453 0.002877 0.000008 0.000008 0.001353 0.000014 0.003774 0.000066 0.000193 0.002035 0.000000 0.000000 0.000036 0.000015 0.001553 0.000002 0.000004 0.000030 0.000000 0.000001 0.000000 0.000001 0.012469 0.003302 0.007389 0.002233 0.000008 0.000082 0.000001 0.000015 0.000450 0.001502 0.001364 0.001446 0.000000 0.000005 0.000046 0.000145 0.157361 0.000323 0.000000 0.000019 0.000000 0.066941 0.000000 0.095564 0.008183 0.000057 0.000002 0.003086 0.000001 0.000000 0.000000 0.000009 0.000022 0.000036 0.000001 0.000743 0.000000 0.000000 0.000006 0.000000 0.006932 0.006438 0.000057 0.006126 0.000821 0.000010 0.245023 0.006285 0.011428 0.008029 0.003524 0.013541 0.000051 0.000001 0.000000 0.000086 0.000015 0.000051 0.000014 0.000018 0.000000 0.000000 0.000007 0.191909 
0.036591 0.031378 0.019052 0.025236 0.010229 0.005475 0.003099 0.005114 0.011828 0.007897 0.002676 0.005621 0.005118 0.003522 0.009405 0.002579 0.008727 0.001936 0.007564 0.003288 0.000000 0.000000 0.001168 0.000000 0.046785 0.062395 0.008594 0.044948 0.010507 0.009540 0.006582 0.009718 0.021794 0.014015 0.006996 0.019794 0.007320 0.010899 0.035176 0.011103 0.005040 0.002319 0.009848 0.005295 0.000000 0.001176 0.004490 0.001013 0.038269 0.040707 0.023425 0.026043 0.007509 0.009296 0.007113 0.005796 0.008475 0.008089 0.002103 0.008292 0.006379 0.004777 0.013485 0.004473 0.005879 0.001642 0.003990 0.002310 0.000000 0.000000 0.001730 0.000000 0.033692 0.054345 0.010400 0.037526 0.002738 0.010479 0.002908 0.004537 0.003023 0.005898 0.000619 0.008071 0.004217 0.004827 0.007928 0.003875 0.002614 0.001108 0.003454 0.002285 0.000000 0.000000 0.002825 0.000000 
0.022532 0.017727 0.000001 0.016658 0.025395 0.012270 0.005937 0.023883 0.017670 0.009229 0.002698 0.015769 0.008130 0.008347 0.006975 0.008479 0.011758 0.009779 0.011438 0.017649 0.002217 0.001643 0.009313 0.007800 0.017236 0.015230 0.001356 0.014510 0.017160 0.014330 0.004231 0.026168 0.014477 0.008172 0.002823 0.014882 0.008247 0.013614 0.010796 0.017472 0.007742 0.014988 0.007775 0.012613 0.001956 0.005776 0.010531 0.008966 0.007411 0.009787 0.000000 0.011901 0.012325 0.010316 0.001400 0.018505 0.016683 0.007852 0.000000 0.009868 0.004095 0.005328 0.007914 0.008730 0.006519 0.006040 0.005996 0.006414 0.004484 0.005092 0.018383 0.007634 0.009791 0.015816 0.000001 0.015200 0.016294 0.020714 0.002718 0.033296 0.009290 0.014269 0.001641 0.009678 0.007583 0.009619 0.006307 0.015709 0.009000 0.010827 0.006131 0.010764 0.005972 0.007011 0.012745 0.012596 
0.184997 0.000000 0.054336 0.000000 0.000000 0.119756 0.000000 0.640912 0.000000 
0.000000 0.000000 0.000003 0.000000 0.000000 0.953867 0.000000 0.009558 0.036572 
0.000000 0.024272 0.350552 0.000000 0.000000 0.000000 0.000000 0.000003 0.625173 
0.874279 0.000000 0.072151 0.000000 0.000000 0.008445 0.000000 0.045125 0.000000 
0.198311 0.000000 0.043700 0.000000 0.000000 0.000000 0.000000 0.035403 0.722586 
0.877052 0.024601 0.000003 0.000000 0.000000 0.000000 0.010648 0.000003 0.087692 
0.876309 0.000000 0.123688 0.000000 0.000000 0.000000 0.000000 0.000003 0.000000 
0.000000 0.000000 0.753437 0.000000 0.000000 0.176392 0.000000 0.070170 0.000000 
0.148178 0.000000 0.000003 0.000000 0.000000 0.708019 0.000000 0.077663 0.066137 
0.176157 0.000000 0.043019 0.000000 0.000000 0.329412 0.000000 0.000003 0.451410 
0.000000 0.028617 0.786075 0.000000 0.000000 0.000000 0.000000 0.056885 0.128423 
0.000000 0.000000 0.861753 0.000000 0.000000 0.015403 0.000000 0.122843 0.000000 
0.024725 0.006469 0.000004 0.000000 0.000000 0.968801 0.000000 0.000002 0.000000 
0.000000 0.000000 0.833784 0.000000 0.000000 0.000000 0.000000 0.101102 0.065114 
0.000000 0.000000 0.044097 0.043843 0.000000 0.000000 0.000000 0.058679 0.853380 
0.000000 0.000000 0.873039 0.000000 0.000000 0.000000 0.004494 0.122467 0.000000 
0.000000 0.000000 0.000003 0.000000 0.000000 0.000000 0.005819 0.972331 0.021847 
0.856616 0.000000 0.124804 0.000000 0.018577 0.000000 0.000000 0.000003 0.000000 
0.000000 0.000000 0.000003 0.000000 0.000000 0.000000 0.010132 0.989864 0.000000 
0.014858 0.019645 0.802328 0.000000 0.041732 0.062312 0.000000 0.049740 0.009386 
0.320260 0.000000 0.000003 0.000000 0.000000 0.476955 0.000000 0.036436 0.166345 
0.000000 0.000000 0.059445 0.000000 0.000000 0.061588 0.000000 0.422818 0.456149 
0.136576 0.018510 0.642371 0.000000 0.000000 0.031906 0.000000 0.000003 0.170635 
0.415035 0.000000 0.180101 0.000000 0.000000 0.388944 0.000000 0.015920 0.000000 
0.045079 0.020844 0.768459 0.000000 0.000000 0.013404 0.000000 0.026672 0.125542 
0.000000 0.000000 0.010428 0.000000 0.000000 0.043828 0.000000 0.945744 0.000000 
0.000000 0.000000 0.277451 0.000000 0.000000 0.000000 0.000000 0.722549 0.000000 
0.000000 0.000000 0.026766 0.000000 0.000000 0.000000 0.000000 0.054085 0.919149 
0.335533 0.037335 0.478263 0.000000 0.000000 0.000000 0.000000 0.076622 0.072247 
0.000000 0.000000 0.000003 0.000000 0.000000 0.628713 0.000000 0.371284 0.000000 
0.078626 0.000000 0.079729 0.000000 0.000000 0.000000 0.000000 0.028663 0.812982 
0.000000 0.000000 0.875050 0.000000 0.000000 0.000000 0.000000 0.046730 0.078220 
0.207005 0.000000 0.061367 0.000000 0.000000 0.731625 0.000000 0.000003 0.000000 
0.000000 0.022306 0.039670 0.000000 0.000000 0.000000 0.000000 0.093702 0.844322 
0.902976 0.000000 0.070394 0.000000 0.000000 0.000000 0.000000 0.026629 0.000000 
0.175142 0.000000 0.034426 0.000000 0.000000 0.783297 0.000000 0.007135 0.000000 
0.846001 0.000000 0.153996 0.000000 0.000000 0.000000 0.000000 0.000003 0.000000 
0.377686 0.000000 0.546649 0.000000 0.000000 0.000000 0.000000 0.000003 0.075662 
0.127551 0.020026 0.000003 0.000000 0.030103 0.000000 0.000000 0.000003 0.822314 
0.000000 0.000000 0.000003 0.000000 0.000000 0.065562 0.000000 0.868370 0.066065 
0.423615 0.000000 0.095039 0.000000 0.000000 0.000000 0.000000 0.181566 0.299780 
0.000000 0.063996 0.000003 0.000000 0.037851 0.000000 0.000000 0.000003 0.898146 
0.834181 0.000000 0.165816 0.000000 0.000000 0.000000 0.000000 0.000003 0.000000 
0.000000 0.000000 0.806630 0.000000 0.000000 0.110401 0.014419 0.000003 0.068548 
0.126427 0.000000 0.000003 0.133700 0.000000 0.000000 0.000000 0.053955 0.685914 
0.000000 0.000000 0.000003 0.000000 0.000000 0.000000 0.002610 0.000003 0.997384 
0.000000 0.000000 0.786805 0.000000 0.000000 0.000000 0.000000 0.155301 0.057893 
0.000000 0.000000 0.321243 0.000000 0.000000 0.085122 0.000000 0.593635 0.000000 
0.020879 0.000000 0.000003 0.000000 0.000000 0.207189 0.000000 0.327133 0.444796 
0.000000 0.000000 0.000003 0.046700 0.000000 0.913504 0.000000 0.039793 0.000000 
0.000000 0.000000 0.000003 0.000000 0.000000 0.999994 0.000000 0.000003 0.000000 
0.000000 0.000000 0.220366 0.000000 0.000000 0.000000 0.000000 0.779634 0.000000 
0.208929 0.000000 0.000003 0.000000 0.000000 0.008404 0.000000 0.782665 0.000000 
0.000000 0.000000 0.135021 0.000000 0.000000 0.836647 0.007762 0.020570 0.000000 
0.839110 0.000000 0.049381 0.000000 0.000000 0.000000 0.001924 0.050164 0.059421 
0.000000 0.000000 0.050508 0.000000 0.029790 0.862190 0.000000 0.057512 0.000000 
0.787960 0.000000 0.188333 0.023704 0.000000 0.000000 0.000000 0.000003 0.000000 
0.019721 0.000000 0.006906 0.000000 0.052857 0.848322 0.000000 0.000003 0.072191 
0.000000 0.000000 0.037101 0.000000 0.000000 0.105352 0.000000 0.804341 0.053206 
0.000000 0.000000 0.579049 0.000000 0.000000 0.000000 0.014832 0.000003 0.406116 
0.000000 0.000000 0.000003 0.000000 0.000000 0.000000 0.000000 0.735449 0.264547 
0.837122 0.000000 0.156203 0.000000 0.000000 0.000000 0.006673 0.000003 0.000000 
0.000000 0.000000 0.191441 0.000000 0.000000 0.016558 0.000000 0.041528 0.750473 
0.000000 0.000000 0.342997 0.000000 0.000000 0.629341 0.000000 0.000003 0.027659 
0.206598 0.000000 0.000003 0.000000 0.000000 0.041233 0.000000 0.095148 0.657017 
0.000000 0.000000 0.000003 0.000000 0.000000 0.000000 0.006950 0.926308 0.066739 
0.875833 0.000000 0.103408 0.000000 0.000000 0.000000 0.000000 0.020759 0.000000 
0.060881 0.000000 0.000003 0.000000 0.030565 0.908549 0.000000 0.000002 0.000000 
0.000000 0.000000 0.000003 0.000000 0.000000 0.000000 0.000000 0.961251 0.038746 
0.000000 0.000000 0.000003 0.030072 0.021377 0.871063 0.000000 0.077485 0.000000 
0.000000 0.000000 0.000003 0.000000 0.000000 0.148792 0.000000 0.150108 0.701096 
0.017028 0.000000 0.620661 0.000000 0.000000 0.000000 0.000000 0.082211 0.280100 
0.012123 0.000000 0.012872 0.000000 0.022014 0.000000 0.000000 0.952991 0.000000 
0.658739 0.000000 0.100265 0.000000 0.000000 0.000000 0.000000 0.000003 0.240994 
0.000000 0.000000 0.041764 0.000000 0.000000 0.000000 0.000000 0.958236 0.000000 
0.253606 0.000000 0.058402 0.000000 0.000000 0.321942 0.000000 0.223157 0.142893 
0.000000 0.000000 0.808142 0.000000 0.029794 0.025019 0.000000 0.076680 0.060365 
0.000000 0.000000 0.055245 0.000000 0.000000 0.136458 0.000000 0.808297 0.000000 
0.000000 0.000000 0.706773 0.000000 0.000000 0.000000 0.000000 0.148509 0.144719 
0.413923 0.000000 0.000003 0.000000 0.000000 0.056546 0.000000 0.461311 0.068217 
0.617923 0.000000 0.288427 0.000000 0.000000 0.026810 0.000000 0.066840 0.000000 
0.014638 0.000000 0.000003 0.000000 0.000000 0.020669 0.004780 0.959909 0.000000 
0.120278 0.000000 0.604796 0.000000 0.000000 0.169327 0.000000 0.062737 0.042862 
0.000000 0.000000 0.241649 0.000000 0.000000 0.000000 0.000000 0.077788 0.680564 
0.192924 0.000000 0.680530 0.000000 0.000000 0.050443 0.000000 0.034114 0.041989 
0.000000 0.000000 0.000002 0.055713 0.000000 0.944282 0.000000 0.000002 0.000000 
0.053451 0.000000 0.054498 0.000000 0.000000 0.000000 0.004475 0.000004 0.887572 
0.026031 0.044389 0.309457 0.000000 0.000000 0.513163 0.000000 0.000003 0.106957 
0.000000 0.000000 0.797075 0.000000 0.000000 0.000000 0.006042 0.177276 0.019607 
0.321153 0.000000 0.013677 0.000000 0.000000 0.000000 0.011950 0.653220 0.000000 
0.172189 0.000000 0.260980 0.000000 0.000000 0.000000 0.000000 0.024356 0.542474 
0.000000 0.000000 0.062698 0.000000 0.097167 0.000000 0.000000 0.423204 0.416931 
0.296402 0.000000 0.031559 0.000000 0.000000 0.623782 0.000000 0.000003 0.048254 
0.000000 0.000000 0.820372 0.000000 0.027462 0.081227 0.000000 0.070939 0.000000 
0.875149 0.000000 0.124849 0.000000 0.000000 0.000000 0.000000 0.000003 0.000000 
0.000000 0.000000 0.775811 0.000000 0.000000 0.150214 0.000000 0.073974 0.000000 
0.241674 0.000000 0.071317 0.000000 0.000000 0.687006 0.000000 0.000003 0.000000 
0.000000 0.000000 0.095291 0.000000 0.000000 0.000000 0.005778 0.111366 0.787564 
0.000000 0.000000 0.000003 0.000000 0.000000 0.000000 0.000000 0.084208 0.915789 
0.007705 0.000000 0.078368 0.000000 0.000000 0.005599 0.000000 0.814549 0.093779 
0.000000 0.000000 0.202181 0.000000 0.000000 0.178410 0.000000 0.529911 0.089499 
0.596630 0.000000 0.000003 0.000000 0.000000 0.000000 0.000000 0.336856 0.066511 
0.000000 0.000000 0.764320 0.000000 0.000000 0.000000 0.000000 0.031449 0.204231 
0.000000 0.000000 0.011391 0.000000 0.000000 0.964452 0.000000 0.024157 0.000000 
0.859781 0.000000 0.072641 0.000000 0.000000 0.000000 0.000000 0.037425 0.030153 
0.695222 0.000000 0.065197 0.000000 0.000000 0.221234 0.000000 0.018347 0.000000 
0.000000 0.000000 0.920194 0.000000 0.000000 0.000000 0.007422 0.072384 0.000000 
0.000000 0.015619 0.895460 0.000000 0.000000 0.030451 0.000000 0.058470 0.000000 
0.000000 0.000000 0.057064 0.000000 0.000000 0.000000 0.000000 0.942936 0.000000 
0.000000 0.000000 0.111494 0.000000 0.000000 0.000000 0.000000 0.845704 0.042802 
0.016876 0.018420 0.640296 0.000000 0.000000 0.152521 0.000000 0.171887 0.000000 
0.010678 0.017084 0.048982 0.000000 0.000000 0.886178 0.000000 0.037078 0.000000 
0.000000 0.000000 0.616324 0.000000 0.000000 0.000000 0.010428 0.210371 0.162877 
0.387764 0.000000 0.000003 0.000000 0.000000 0.429590 0.000000 0.000003 0.182641 
0.010522 0.000000 0.564192 0.000000 0.000000 0.000000 0.000000 0.425285 0.000000 
0.907899 0.000000 0.000003 0.000000 0.000000 0.000000 0.000000 0.000003 0.092095 
0.000000 0.000000 0.098434 0.000000 0.000000 0.000000 0.000000 0.000003 0.901563 
0.011507 0.000000 0.021239 0.029311 0.000000 0.923371 0.000000 0.014572 0.000000 
0.000000 0.000000 0.226461 0.000000 0.000000 0.000000 0.011406 0.000003 0.762130 
0.719901 0.000000 0.250380 0.000000 0.029717 0.000000 0.000000 0.000003 0.000000 
0.000000 0.000000 0.850315 0.032554 0.000000 0.000000 0.000000 0.046501 0.070630 
0.000000 0.000000 0.000003 0.000000 0.000000 0.868206 0.000000 0.131790 0.000000 
0.000000 0.017890 0.175054 0.000000 0.000000 0.000000 0.011877 0.000003 0.795176 
0.583734 0.000000 0.053392 0.000000 0.000000 0.313009 0.000000 0.000003 0.049863 
0.075391 0.000000 0.000003 0.000000 0.000000 0.000000 0.000000 0.081243 0.843364 
0.835579 0.000000 0.109962 0.000000 0.000000 0.000000 0.000000 0.000003 0.054456 
0.000000 0.000000 0.012308 0.000000 0.042758 0.000000 0.000000 0.074214 0.870720 
0.000000 0.000000 0.000004 0.000000 0.006550 0.833166 0.000000 0.160280 0.000000 
0.066270 0.000000 0.825971 0.000000 0.032063 0.000000 0.000000 0.075696 0.000000 
0.883019 0.000000 0.079140 0.000000 0.000000 0.000000 0.001631 0.036210 0.000000 
0.000000 0.000000 0.105228 0.000000 0.000000 0.000000 0.000000 0.053598 0.841175 
0.006433 0.000000 0.000003 0.000000 0.052878 0.861408 0.000000 0.000003 0.079275 
0.000000 0.000000 0.437765 0.000000 0.000000 0.007732 0.008333 0.546170 0.000000 
0.000000 0.000000 0.476695 0.053074 0.000000 0.060784 0.000000 0.409447 0.000000 
0.000000 0.020833 0.000003 0.000000 0.000000 0.634798 0.000000 0.344366 0.000000 
0.510116 0.000000 0.077921 0.044466 0.000000 0.311207 0.000000 0.056289 0.000000 
0.403968 0.000000 0.000003 0.000000 0.000000 0.554721 0.000000 0.000002 0.041306 
0.048415 0.000000 0.000003 0.000000 0.000000 0.000000 0.000000 0.867591 0.083991 
0.860236 0.000000 0.085131 0.000000 0.011520 0.000000 0.000000 0.043113 0.000000 
0.000000 0.000000 0.380308 0.000000 0.000000 0.449010 0.000000 0.170682 0.000000 
0.000000 0.000000 0.000003 0.085531 0.000000 0.138345 0.000000 0.047236 0.728885 
0.080759 0.000000 0.000003 0.000000 0.000000 0.000000 0.000000 0.805978 0.113260 
0.000000 0.000000 0.000003 0.000000 0.000000 0.000000 0.000000 0.999997 0.000000 
0.132968 0.000000 0.079486 0.000000 0.039373 0.045632 0.000000 0.000003 0.702538 
0.000000 0.000000 0.451858 0.000000 0.034042 0.275689 0.000000 0.238411 0.000000 
0.000000 0.000000 0.070663 0.000000 0.000000 0.000000 0.000000 0.032343 0.896994 
0.318082 0.000000 0.043183 0.000000 0.000000 0.028475 0.000000 0.000003 0.610258 
0.048259 0.000000 0.049465 0.000000 0.000000 0.000000 0.000000 0.104421 0.797855 
0.000000 0.000000 0.017462 0.000000 0.000000 0.000000 0.008541 0.973997 0.000000 
0.185710 0.017403 0.000003 0.000000 0.000000 0.000000 0.012787 0.784097 0.000000 
0.802141 0.015996 0.167959 0.000000 0.000000 0.000000 0.001813 0.000003 0.012089 
0.000000 0.000000 0.136937 0.000000 0.000000 0.000000 0.000000 0.863063 0.000000 
0.914049 0.000000 0.000003 0.000000 0.000000 0.000000 0.000000 0.025207 0.060741 
0.641173 0.000000 0.044964 0.089422 0.000000 0.000000 0.000000 0.224442 0.000000 
0.066903 0.000000 0.042474 0.000000 0.013919 0.000000 0.000000 0.876704 0.000000 
0.052162 0.000000 0.016958 0.000000 0.000000 0.000000 0.000000 0.930880 0.000000 
0.000000 0.000000 0.199241 0.000000 0.000000 0.093453 0.000000 0.075451 0.631855 
0.000000 0.000000 0.872832 0.000000 0.000000 0.000000 0.000000 0.000003 0.127165 
0.026758 0.000000 0.343177 0.000000 0.000000 0.584756 0.000000 0.045309 0.000000 
0.681640 0.000000 0.103789 0.000000 0.000000 0.000000 0.006115 0.208456 0.000000 
0.893804 0.000000 0.014998 0.000000 0.000000 0.000000 0.000000 0.000003 0.091195 
0.000000 0.019671 0.000003 0.026335 0.000000 0.000000 0.000000 0.060055 0.893936 
0.510196 0.000000 0.123107 0.000000 0.000000 0.000000 0.000000 0.000003 0.366694 
0.000000 0.000000 0.022708 0.000000 0.000000 0.977290 0.000000 0.000003 0.000000 
0.000000 0.000000 0.878332 0.000000 0.000000 0.000000 0.000000 0.072806 0.048863 
0.000000 0.036344 0.000003 0.000000 0.000000 0.000000 0.008837 0.815216 0.139600 
0.022682 0.000000 0.809101 0.033412 0.000000 0.000000 0.000000 0.053545 0.081260 
0.892581 0.000000 0.087972 0.000000 0.000000 0.000000 0.000000 0.019446 0.000000 
0.171817 0.000000 0.034489 0.000000 0.000000 0.293426 0.000000 0.474315 0.025953 
0.000000 0.000000 0.851562 0.000000 0.000000 0.012186 0.000000 0.059444 0.076808 
0.758301 0.000000 0.117950 0.000000 0.019786 0.103959 0.000000 0.000003 0.000000 
0.033947 0.000000 0.686518 0.000000 0.000000 0.000000 0.004073 0.078563 0.196900 
0.000000 0.013905 0.061265 0.000000 0.000000 0.000000 0.000000 0.508278 0.416551 
0.022477 0.000000 0.236312 0.000000 0.000000 0.000000 0.000000 0.741211 0.000000 
0.000000 0.000000 0.000003 0.025361 0.000000 0.000000 0.010083 0.964554 0.000000 
0.819709 0.000000 0.158940 0.018894 0.000000 0.000000 0.002454 0.000003 0.000000 
0.643420 0.031709 0.293988 0.000000 0.000000 0.000000 0.006818 0.024063 0.000000 
0.669120 0.000000 0.086991 0.026774 0.000000 0.000000 0.000000 0.217115 0.000000 
0.000000 0.000000 0.325362 0.000000 0.000000 0.426927 0.000000 0.042193 0.205518 
0.000000 0.000000 0.897556 0.000000 0.000000 0.000000 0.000000 0.042373 0.060071 
0.000000 0.000000 0.059327 0.000000 0.000000 0.043762 0.000000 0.844912 0.052000 
0.000000 0.000000 0.866816 0.000000 0.000000 0.000000 0.000000 0.050458 0.082725 
0.000000 0.000000 0.035837 0.000000 0.000000 0.025579 0.000000 0.061004 0.877579 
0.000000 0.000000 0.000003 0.000000 0.000000 0.013832 0.005269 0.980896 0.000000 
0.696899 0.000000 0.023195 0.146082 0.032471 0.000000 0.000000 0.101353 0.000000 
0.000000 0.000000 0.063875 0.000000 0.000000 0.000000 0.000000 0.936125 0.000000 
0.249608 0.000000 0.668926 0.000000 0.000000 0.000000 0.003314 0.078152 0.000000 
0.343261 0.014239 0.000003 0.000000 0.000000 0.620250 0.000000 0.022246 0.000000 
0.036178 0.000000 0.060309 0.000000 0.000000 0.000000 0.000000 0.044258 0.859255 
0.022476 0.000000 0.447348 0.000000 0.000000 0.518237 0.011935 0.000004 0.000000 
0.000000 0.000000 0.782554 0.000000 0.000000 0.128954 0.000000 0.088492 0.000000 
0.000000 0.000000 0.000002 0.000000 0.000000 0.996416 0.000000 0.003582 0.000000 
0.000000 0.023364 0.000003 0.000000 0.000000 0.414757 0.003104 0.000003 0.558769 
0.000000 0.000000 0.000003 0.000000 0.000000 0.000000 0.008953 0.991044 0.000000 
0.000000 0.014591 0.071722 0.000000 0.000000 0.032725 0.010701 0.000003 0.870259 
0.000000 0.024399 0.000003 0.000000 0.000000 0.000000 0.000000 0.975597 0.000000 
0.139180 0.000000 0.720228 0.000000 0.000000 0.000000 0.000000 0.044371 0.096221 
0.000000 0.000000 0.184323 0.000000 0.000000 0.797539 0.000000 0.018138 0.000000 
0.005713 0.000000 0.000003 0.000000 0.000000 0.979553 0.000000 0.014730 0.000000 
0.000000 0.000000 0.921253 0.000000 0.000000 0.000000 0.004089 0.074659 0.000000 
0.825487 0.000000 0.174510 0.000000 0.000000 0.000000 0.000000 0.000003 0.000000 
0.845545 0.000000 0.140605 0.000000 0.000000 0.000000 0.000000 0.013850 0.000000 
0.000000 0.027151 0.000003 0.063792 0.000000 0.000000 0.000000 0.057996 0.851059 
0.000000 0.027504 0.622765 0.000000 0.000000 0.304592 0.007676 0.037463 0.000000 
0.655208 0.000000 0.053681 0.000000 0.000000 0.000000 0.000000 0.029956 0.261155 
0.250140 0.000000 0.023729 0.000000 0.000000 0.008986 0.000000 0.085019 0.632126 
0.021758 0.000000 0.672880 0.000000 0.000000 0.000000 0.000000 0.086108 0.219253 
0.000000 0.000000 0.845388 0.000000 0.052394 0.000000 0.000000 0.102218 0.000000 
0.000000 0.000000 0.000003 0.000000 0.038544 0.853274 0.000000 0.013886 0.094293 
0.111919 0.000000 0.644682 0.000000 0.000000 0.000000 0.000000 0.049323 0.194076 
0.000000 0.000000 0.187794 0.000000 0.000000 0.000000 0.000000 0.058803 0.753403 
0.741875 0.000000 0.008559 0.000000 0.000000 0.000000 0.000000 0.024384 0.225182 
0.026958 0.000000 0.735955 0.000000 0.000000 0.008331 0.000000 0.103857 0.124899 
0.000000 0.000000 0.673539 0.000000 0.000000 0.000000 0.000000 0.260877 0.065584 
0.000000 0.000000 0.741284 0.000000 0.000000 0.000000 0.000000 0.258716 0.000000 
0.244212 0.000000 0.059092 0.000000 0.000000 0.696692 0.000000 0.000004 0.000000 
0.078408 0.011130 0.785038 0.080906 0.041378 0.000000 0.003136 0.000003 0.000000 
0.000000 0.000000 0.129356 0.000000 0.000000 0.751418 0.000000 0.107501 0.011726 
0.000000 0.000000 0.000003 0.000000 0.000000 0.000000 0.008849 0.991147 0.000000 
0.565738 0.000000 0.400402 0.000000 0.029234 0.000000 0.004623 0.000003 0.000000 
0.000000 0.000000 0.835164 0.021110 0.000000 0.000000 0.000000 0.081451 0.062275 
0.189380 0.000000 0.000003 0.000000 0.018074 0.780018 0.000000 0.012525 0.000000 
0.000000 0.000000 0.000003 0.000000 0.000000 0.627951 0.000000 0.032127 0.339918 
0.000000 0.000000 0.862020 0.000000 0.000000 0.000000 0.010862 0.099597 0.027521 
0.000000 0.000000 0.158176 0.000000 0.000000 0.022080 0.000000 0.819744 0.000000 
0.000000 0.000000 0.897184 0.000000 0.000000 0.013896 0.007238 0.081682 0.000000 
0.069588 0.000000 0.000003 0.000000 0.000000 0.000000 0.005991 0.881869 0.042549 
0.032163 0.000000 0.788863 0.000000 0.000000 0.000000 0.000000 0.064805 0.114169 
0.000000 0.010315 0.000003 0.000000 0.000000 0.015520 0.000000 0.194234 0.779928 
0.901644 0.000000 0.000003 0.000000 0.000000 0.000000 0.000000 0.034750 0.063602 
0.000000 0.000000 0.000003 0.000000 0.031364 0.000000 0.000000 0.849828 0.118805 
0.000000 0.004508 0.315076 0.000000 0.051267 0.570115 0.000000 0.000003 0.059031 
0.834606 0.000000 0.110094 0.000000 0.000000 0.000000 0.000000 0.021323 0.033977 
0.000000 0.000000 0.000003 0.000000 0.000000 0.000000 0.000000 0.093620 0.906376 
0.043002 0.000000 0.899254 0.000000 0.000000 0.000000 0.004880 0.052864 0.000000 
0.000000 0.013294 0.000003 0.000000 0.000000 0.982488 0.000000 0.004215 0.000000 
0.024792 0.000000 0.257883 0.000000 0.000000 0.439829 0.000000 0.277495 0.000000 
0.000000 0.000000 0.208616 0.000000 0.000000 0.679307 0.000000 0.112077 0.000000 
0.051740 0.000000 0.026114 0.000000 0.000000 0.807706 0.000000 0.114441 0.000000 
0.868613 0.000000 0.075525 0.000000 0.033658 0.000000 0.000000 0.022204 0.000000 
0.000000 0.000000 0.871718 0.000000 0.000000 0.000000 0.000000 0.090712 0.037571 
0.872628 0.000000 0.067900 0.000000 0.000000 0.000000 0.000000 0.025677 0.033795 
0.131987 0.000000 0.026148 0.000000 0.000000 0.815954 0.000000 0.000003 0.025909 
0.000000 0.005635 0.104511 0.055274 0.000000 0.805326 0.000000 0.000003 0.029250 
0.370414 0.000000 0.034912 0.000000 0.000000 0.188815 0.000000 0.405860 0.000000 
0.652852 0.000000 0.072122 0.000000 0.000000 0.230894 0.000000 0.044133 0.000000 
0.000000 0.000000 0.069898 0.000000 0.000000 0.000000 0.005272 0.000004 0.924827 
0.000000 0.000000 0.000003 0.000000 0.000000 0.333337 0.000000 0.628450 0.038210 
0.006062 0.000000 0.019872 0.000000 0.000000 0.000000 0.000000 0.974065 0.000000 
0.713399 0.000000 0.114770 0.000000 0.016391 0.155436 0.000000 0.000003 0.000000 
0.678853 0.000000 0.000003 0.000000 0.000000 0.000000 0.000000 0.233552 0.087592 
0.000000 0.000000 0.000003 0.000000 0.000000 0.860432 0.000000 0.094626 0.044939 
0.000000 0.008156 0.045834 0.000000 0.000000 0.932992 0.000000 0.013018 0.000000 
0.000000 0.000000 0.323604 0.000000 0.000000 0.000000 0.000000 0.000003 0.676393 
0.000000 0.000000 0.006159 0.000000 0.000000 0.987234 0.000000 0.006606 0.000000 
0.000000 0.021107 0.000003 0.000000 0.000000 0.000000 0.000000 0.444568 0.534323 
0.000000 0.000000 0.948957 0.000000 0.000000 0.000000 0.008647 0.042396 0.000000 
0.041887 0.000000 0.854641 0.000000 0.000000 0.000000 0.000000 0.068976 0.034497 
0.000000 0.000000 0.799747 0.000000 0.000000 0.000000 0.000000 0.050575 0.149677 
0.013839 0.000000 0.383737 0.000000 0.000000 0.000000 0.000000 0.317731 0.284692 
0.000000 0.000000 0.131602 0.000000 0.000000 0.000000 0.000000 0.072746 0.795652 
0.000000 0.000000 0.125197 0.014930 0.000000 0.000000 0.000000 0.028047 0.831826 
0.176276 0.000000 0.033995 0.000000 0.000000 0.789726 0.000000 0.000003 0.000000 
0.000000 0.007134 0.132089 0.000000 0.019174 0.000000 0.000000 0.000003 0.841600 
0.886937 0.000000 0.027269 0.000000 0.000000 0.000000 0.000000 0.021700 0.064093 
0.000000 0.000000 0.013560 0.000000 0.000000 0.892154 0.000000 0.094286 0.000000 
0.499734 0.000000 0.099220 0.000000 0.000000 0.000000 0.000000 0.017355 0.383691 
0.000000 0.000000 0.055902 0.000000 0.000000 0.000000 0.000000 0.842890 0.101207 
0.773192 0.019872 0.000003 0.000000 0.000000 0.000000 0.000000 0.101619 0.105314 
0.667313 0.000000 0.000003 0.000000 0.000000 0.107653 0.000000 0.039984 0.185047 
0.000000 0.000000 0.498306 0.000000 0.000000 0.431192 0.000000 0.036720 0.033783 
0.000000 0.000000 0.000003 0.033797 0.032136 0.409098 0.000000 0.524965 0.000000 
0.000000 0.000000 0.889384 0.000000 0.000000 0.000000 0.000000 0.110616 0.000000 
0.000000 0.000000 0.032700 0.000000 0.000000 0.000000 0.000000 0.092810 0.874490 
0.000000 0.000000 0.876653 0.000000 0.000000 0.000000 0.000000 0.063695 0.059651 
0.044690 0.000000 0.003136 0.000000 0.027416 0.924755 0.000000 0.000003 0.000000 
0.059649 0.000000 0.007396 0.000000 0.000000 0.000000 0.000000 0.228320 0.704635 
0.003123 0.004703 0.000003 0.000000 0.000000 0.987670 0.000000 0.004501 0.000000 
0.000000 0.000000 0.810708 0.000000 0.000000 0.095129 0.000000 0.074529 0.019634 
0.000000 0.000000 0.044028 0.032154 0.000000 0.449860 0.000000 0.025870 0.448088 
0.107413 0.000000 0.151344 0.000000 0.018388 0.000000 0.000000 0.685759 0.037096 
0.015878 0.000000 0.000003 0.000000 0.000000 0.578689 0.000000 0.029252 0.376177 
0.031787 0.065092 0.415027 0.000000 0.000000 0.043398 0.000000 0.000003 0.444693 
0.888994 0.000000 0.062346 0.000000 0.027587 0.000000 0.001311 0.019761 0.000000 
0.011657 0.000000 0.041042 0.009073 0.000000 0.000000 0.013965 0.924262 0.000000 
0.828347 0.000000 0.141973 0.029677 0.000000 0.000000 0.000000 0.000003 0.000000 
0.000000 0.000000 0.000003 0.000000 0.000000 0.000000 0.000000 0.999997 0.000000 
0.032799 0.000000 0.096810 0.000000 0.000000 0.000000 0.000000 0.870391 0.000000 
0.006525 0.000000 0.000003 0.000000 0.000000 0.867179 0.000000 0.103477 0.022816 
0.867264 0.000000 0.092130 0.000000 0.000000 0.000000 0.000000 0.040606 0.000000 
0.842947 0.000000 0.079827 0.034410 0.000000 0.000000 0.000000 0.000003 0.042812 
0.509721 0.000000 0.158981 0.000000 0.000000 0.331295 0.000000 0.000003 0.000000 
0.003272 0.000000 0.000002 0.000000 0.000000 0.994443 0.000000 0.000002 0.002281 
0.183541 0.009122 0.693509 0.000000 0.000000 0.000000 0.000000 0.080151 0.033677 
0.000000 0.000000 0.000004 0.000000 0.000000 0.977767 0.000000 0.008317 0.013912 
0.011899 0.032478 0.021903 0.000000 0.000000 0.000000 0.000000 0.598398 0.335321 
0.017010 0.000000 0.121307 0.000000 0.000000 0.000000 0.000000 0.861683 0.000000 
0.000000 0.000000 0.535845 0.000000 0.000000 0.410513 0.000000 0.000003 0.053639 
0.000000 0.000000 0.223621 0.000000 0.000000 0.462001 0.000000 0.212883 0.101496 
0.000000 0.000000 0.275445 0.000000 0.000000 0.556803 0.000000 0.167752 0.000000 
0.000000 0.000000 0.000003 0.000000 0.000000 0.000000 0.000000 0.624593 0.375404 
0.338496 0.000000 0.075855 0.000000 0.000000 0.573280 0.012366 0.000003 0.000000 
0.718871 0.000000 0.227091 0.000000 0.000000 0.054035 0.000000 0.000003 0.000000 
0.865337 0.000000 0.134660 0.000000 0.000000 0.000000 0.000000 0.000003 0.000000 
0.000000 0.000000 0.849279 0.000000 0.000000 0.082096 0.009591 0.059034 0.000000 
0.000000 0.023210 0.000003 0.000000 0.000000 0.000000 0.000000 0.976787 0.000000 
0.039805 0.000000 0.262274 0.000000 0.000000 0.249215 0.000000 0.061091 0.387614 
0.849606 0.000000 0.087893 0.018236 0.044262 0.000000 0.000000 0.000003 0.000000 
0.000000 0.007842 0.987514 0.000000 0.000000 0.000000 0.004641 0.000003 0.000000 
0.000000 0.000000 0.698975 0.000000 0.000000 0.000000 0.013401 0.262656 0.024968 
0.451573 0.000000 0.546128 0.000000 0.000000 0.000000 0.002296 0.000003 0.000000 
0.483717 0.000000 0.102328 0.000000 0.000000 0.000000 0.000000 0.413955 0.000000 
0.850806 0.000000 0.121642 0.000000 0.000000 0.024359 0.003189 0.000003 0.000000 
0.151097 0.000000 0.083751 0.000000 0.000000 0.000000 0.000000 0.765153 0.000000 
0.012488 0.000000 0.009087 0.000000 0.000000 0.000000 0.000000 0.814636 0.163789 
0.182279 0.011216 0.000003 0.000000 0.000000 0.446713 0.000000 0.359789 0.000000 
0.000000 0.000000 0.103781 0.000000 0.000000 0.890912 0.000000 0.005307 0.000000 
0.000000 0.019189 0.064897 0.000000 0.000000 0.000000 0.000000 0.845554 0.070360 
0.850047 0.000000 0.085032 0.000000 0.000000 0.000000 0.000000 0.064922 0.000000 
0.042832 0.000000 0.000003 0.000000 0.031068 0.000000 0.000000 0.926096 0.000000 
0.600314 0.000000 0.140182 0.000000 0.000000 0.000000 0.000000 0.088758 0.170746 
0.094636 0.000000 0.849116 0.000000 0.000000 0.000000 0.000000 0.056249 0.000000 
0.000000 0.000000 0.563378 0.078989 0.000000 0.268003 0.000000 0.000003 0.089627 
0.038465 0.018410 0.000004 0.000000 0.000000 0.909569 0.000000 0.000002 0.033551 
0.000000 0.000000 0.000003 0.000000 0.000000 0.987856 0.000000 0.000003 0.012138 
0.000000 0.000000 0.118198 0.000000 0.000000 0.839416 0.000000 0.015767 0.026619 
0.013812 0.000000 0.404117 0.000000 0.000000 0.397926 0.000000 0.032580 0.151565 
0.000000 0.000000 0.904265 0.000000 0.000000 0.000000 0.000000 0.095735 0.000000 
0.309584 0.000000 0.619250 0.000000 0.014883 0.000000 0.000000 0.056283 0.000000 
0.000000 0.000000 0.029005 0.000000 0.020185 0.911368 0.000000 0.000003 0.039439 
0.039405 0.000000 0.399247 0.076023 0.000000 0.074339 0.000000 0.097338 0.313649 
0.000000 0.000000 0.545289 0.000000 0.000000 0.000000 0.000000 0.146673 0.308038 
0.000000 0.017003 0.000003 0.000000 0.000000 0.070800 0.000000 0.912194 0.000000 
0.024431 0.000000 0.000003 0.000000 0.015219 0.960345 0.000000 0.000002 0.000000 
0.000000 0.000000 0.000003 0.027907 0.014079 0.958010 0.000000 0.000002 0.000000 
0.000000 0.000000 0.889794 0.000000 0.000000 0.000000 0.005901 0.082839 0.021465 
0.000000 0.007756 0.024711 0.042378 0.000000 0.925153 0.000000 0.000002 0.000000 
0.000000 0.000000 0.159299 0.000000 0.048518 0.065839 0.000000 0.000003 0.726341 
0.000000 0.031515 0.880737 0.000000 0.000000 0.000000 0.004690 0.083058 0.000000 
0.539838 0.010899 0.058222 0.000000 0.000000 0.299694 0.000000 0.038496 0.052851 
0.000000 0.000000 0.000003 0.000000 0.000000 0.997727 0.000000 0.000002 0.002268 
0.016701 0.000000 0.144622 0.000000 0.000000 0.000000 0.000000 0.061187 0.777491 
0.000000 0.000000 0.809387 0.000000 0.036153 0.035333 0.005853 0.000003 0.113271 
0.560843 0.000000 0.042760 0.000000 0.000000 0.346083 0.000000 0.000003 0.050311 
0.000000 0.000000 0.269061 0.000000 0.000000 0.671307 0.000000 0.000003 0.059629 
0.397838 0.000000 0.073457 0.000000 0.047268 0.000000 0.000000 0.481437 0.000000 
0.097481 0.000000 0.810491 0.000000 0.000000 0.000000 0.000000 0.039429 0.052599 
0.000000 0.000000 0.000003 0.000000 0.000000 0.000000 0.000000 0.065970 0.934027 
0.000000 0.000000 0.472797 0.000000 0.000000 0.000000 0.000000 0.209933 0.317270 
0.184127 0.000000 0.469080 0.000000 0.000000 0.255792 0.000000 0.000003 0.090998 
0.000000 0.000000 0.035964 0.000000 0.000000 0.000000 0.000000 0.177605 0.786431 
0.779271 0.000000 0.148361 0.070537 0.000000 0.000000 0.001828 0.000003 0.000000 
0.022672 0.046720 0.793216 0.000000 0.000000 0.000000 0.005638 0.074547 0.057206 
0.000000 0.000000 0.731603 0.000000 0.000000 0.000000 0.000000 0.191128 0.077269 
0.023273 0.000000 0.852296 0.000000 0.018628 0.000000 0.000000 0.063241 0.042561 
0.000000 0.000000 0.031379 0.000000 0.036805 0.000000 0.000000 0.044532 0.887284 
0.000000 0.000000 0.011294 0.000000 0.000000 0.000000 0.000000 0.988706 0.000000 
0.000000 0.000000 0.018777 0.000000 0.016816 0.000000 0.000000 0.824678 0.139729 
0.000000 0.000000 0.000003 0.000000 0.000000 0.000000 0.000000 0.934329 0.065668 
0.072678 0.032569 0.000003 0.000000 0.000000 0.000000 0.000000 0.039129 0.855621 
0.000000 0.000000 0.267202 0.000000 0.000000 0.699988 0.000000 0.032809 0.000000 
0.715010 0.000000 0.042832 0.114046 0.000000 0.000000 0.000000 0.077126 0.050986 
0.755630 0.000000 0.054919 0.000000 0.000000 0.155149 0.000000 0.000003 0.034299 
0.014865 0.018626 0.000003 0.000000 0.000000 0.000000 0.000000 0.063776 0.902730 
0.003512 0.000000 0.000003 0.000000 0.000000 0.980972 0.000000 0.015512 0.000000 
0.000000 0.000000 0.033111 0.000000 0.000000 0.962056 0.000000 0.004833 0.000000 
0.890517 0.000000 0.057480 0.000000 0.000000 0.000000 0.000000 0.028841 0.023162 
0.000000 0.000000 0.733357 0.000000 0.000000 0.019894 0.000000 0.246749 0.000000 
0.105396 0.000000 0.810402 0.000000 0.000000 0.000000 0.000000 0.035729 0.048472 
0.837191 0.000000 0.110981 0.000000 0.000000 0.000000 0.000000 0.051828 0.000000 
0.451564 0.054734 0.425198 0.000000 0.000000 0.000000 0.002993 0.033624 0.031887 
0.173953 0.000000 0.481727 0.000000 0.000000 0.000000 0.000000 0.322470 0.021850 
0.000000 0.015020 0.877469 0.000000 0.000000 0.000000 0.000000 0.051846 0.055665 
0.846886 0.000000 0.099953 0.000000 0.000000 0.053158 0.000000 0.000003 0.000000 
0.285279 0.000000 0.080113 0.000000 0.000000 0.000000 0.000000 0.272231 0.362377 
0.864719 0.000000 0.117457 0.000000 0.017821 0.000000 0.000000 0.000003 0.000000 
0.864863 0.052112 0.000003 0.000000 0.000000 0.000000 0.000000 0.000003 0.083019 
0.000000 0.030175 0.883411 0.000000 0.000000 0.000000 0.000000 0.086414 0.000000 
0.595092 0.000000 0.372704 0.000000 0.000000 0.000000 0.000000 0.032203 0.000000 
0.000000 0.000000 0.184482 0.000000 0.000000 0.393686 0.015666 0.120886 0.285280 
0.000000 0.000000 0.037877 0.000000 0.000000 0.000000 0.000000 0.057332 0.904791 
0.000000 0.000000 0.000003 0.000000 0.000000 0.939552 0.000000 0.060445 0.000000 
0.000000 0.000000 0.033306 0.000000 0.028826 0.000000 0.000000 0.937868 0.000000 
0.000000 0.000000 0.000003 0.000000 0.000000 0.498989 0.008165 0.000003 0.492841 
0.000000 0.024995 0.000003 0.000000 0.000000 0.000000 0.000000 0.975001 0.000000 
0.000000 0.000000 0.000003 0.000000 0.000000 0.000000 0.000000 0.975023 0.024974 
0.000000 0.000000 0.000003 0.000000 0.000000 0.000000 0.000000 0.999997 0.000000 
0.814070 0.000000 0.079250 0.076099 0.030578 0.000000 0.000000 0.000003 0.000000 
0.000000 0.000000 0.029291 0.000000 0.000000 0.967718 0.000000 0.002990 0.000000 
0.225515 0.000000 0.162167 0.000000 0.000000 0.029154 0.000000 0.062824 0.520340 
0.000000 0.000000 0.904878 0.000000 0.000000 0.000000 0.000000 0.095122 0.000000 
0.000000 0.057910 0.843763 0.000000 0.000000 0.000000 0.000000 0.098327 0.000000 
