-1915272.507655
0
0.000000 0.000000 0.067748 0.000000 0.000000 0.000000 0.000000 0.000000 0.000000 0.000000 0.000000 0.000000 0.000000 0.019089 0.000000 0.000000 0.000000 0.071971 0.000000 0.000000 0.000000 0.048932 0.000000 0.000000 0.000000 0.000000 0.000000 0.000000 0.000000 0.000000 0.000000 0.000000 0.000000 0.000000 0.000000 0.000000 0.012561 0.053162 0.000000 0.000000 0.000000 0.000000 0.000000 0.000000 0.000000 0.000000 0.000000 0.000000 0.000000 0.000000 0.000000 0.000000 0.000000 0.064794 0.000000 0.000000 0.000000 0.024755 0.449272 0.000000 0.000000 0.000000 0.000000 0.000000 0.000000 0.000000 0.000000 0.000000 0.000000 0.000000 0.000000 0.000000 0.000000 0.000000 0.000000 0.000000 0.075568 0.036701 0.000000 0.000000 0.000000 0.000000 0.000000 0.000000 0.000000 0.000000 0.000000 0.000000 0.000000 0.000000 0.033048 0.000000 0.042397 0.000000 0.000000 0.000000 
0.038418 0.037056 0.000000 0.000000 0.006005 0.000000 0.019223 0.034741 0.016915 0.000000 0.000000 0.000000 0.000000 0.016095 0.000000 0.004895 0.000000 0.012560 0.000000 0.025047 0.007409 0.003120 0.020030 0.024186 0.014345 0.054788 0.000000 0.000000 0.013032 0.000000 0.000000 0.023347 0.000000 0.000000 0.000000 0.009582 0.000000 0.009108 0.000000 0.017186 0.000000 0.038161 0.000000 0.000000 0.008322 0.006514 0.030237 0.016964 0.003032 0.000000 0.000000 0.000000 0.003941 0.000000 0.000000 0.014932 0.029472 0.000000 0.000000 0.000000 0.000000 0.000000 0.000000 0.000000 0.000000 0.004057 0.003051 0.000000 0.016433 0.019030 0.045058 0.026729 0.000000 0.004215 0.000000 0.005927 0.057266 0.019777 0.008131 0.073416 0.000000 0.025485 0.000000 0.000000 0.000000 0.000000 0.000000 0.017576 0.001302 0.019409 0.000000 0.009782 0.020948 0.018815 0.016201 0.028730 
0.000000 0.000000 0.000000 0.000000 0.000000 0.000000 0.029874 0.000000 0.090831 0.055687 0.000000 0.000000 0.000000 0.000000 0.000000 0.124047 0.000000 0.000000 0.000000 0.000000 0.000000 0.000000 0.048925 0.000000 0.000000 0.000000 0.044863 0.000000 0.000000 0.000000 0.000000 0.000000 0.000000 0.000000 0.202367 0.000000 0.000000 0.000000 0.000000 0.000000 0.000000 0.000000 0.064653 0.000000 0.000000 0.000000 0.000000 0.000000 0.000000 0.000000 0.000000 0.000000 0.000000 0.000000 0.000000 0.000000 0.035527 0.000000 0.000000 0.000000 0.000000 0.000000 0.000000 0.000000 0.000000 0.000000 0.000000 0.000000 0.000000 0.000000 0.000000 0.000000 0.000000 0.000000 0.000000 0.085498 0.000000 0.000000 0.000000 0.000000 0.000000 0.081200 0.000000 0.000000 0.000000 0.000000 0.000000 0.000000 0.136526 0.000000 0.000000 0.000000 0.000000 0.000000 0.000000 0.000000 
0.000000 0.000000 0.000000 0.000000 0.000000 0.000000 0.000000 0.000000 0.000006 0.000000 0.000000 0.000000 0.000000 0.000000 0.000000 0.000000 0.000000 0.000000 0.000000 0.000000 0.000000 0.000000 0.000000 0.000000 0.000000 0.000000 0.000000 0.000000 0.000000 0.000000 0.000000 0.000000 0.000000 0.000000 0.000000 0.000001 0.000000 0.000000 0.000000 0.000000 0.000000 0.000001 0.000000 0.000000 0.000000 0.000000 0.000000 0.000000 0.000000 0.000000 0.000000 0.000000 0.000000 0.999972 0.000000 0.000000 0.000004 0.000000 0.000000 0.000001 0.000000 0.000000 0.000000 0.000000 0.000000 0.000000 0.000000 0.000000 0.000000 0.000000 0.000000 0.000000 0.000000 0.000001 0.000000 0.000006 0.000001 0.000000 0.000000 0.000000 0.000000 0.000007 0.000000 0.000000 0.000000 0.000000 0.000000 0.000000 0.000000 0.000000 0.000000 0.000000 0.000000 0.000000 0.000000 0.000000 
0.010758 0.009115 0.000000 0.006563 0.000000 0.001569 0.000000 0.000000 0.033047 0.013606 0.230411 0.011957 0.002056 0.000000 0.000000 0.007144 0.004146 0.000000 0.001522 0.000000 0.001869 0.000000 0.000000 0.002519 0.006842 0.007825 0.000757 0.007288 0.000000 0.000000 0.000000 0.000000 0.018981 0.019101 0.128423 0.016367 0.000000 0.000000 0.000000 0.000000 0.000000 0.001211 0.001618 0.001730 0.000000 0.002311 0.000000 0.000000 0.007758 0.006194 0.000000 0.002361 0.000000 0.000000 0.000000 0.000000 0.025611 0.029850 0.133865 0.015109 0.000000 0.000000 0.000000 0.001791 0.009108 0.005679 0.001185 0.007641 0.000000 0.000000 0.000000 0.000000 0.011031 0.012605 0.003120 0.013646 0.000000 0.000000 0.000000 0.000000 0.013196 0.014771 0.102558 0.012610 0.004453 0.000813 0.000000 0.001762 0.003785 0.000912 0.005915 0.002278 0.000000 0.000000 0.001661 0.000000 
0.014074 0.005329 0.000000 0.000000 0.000972 0.002638 0.002793 0.008935 0.026348 0.015417 0.000000 0.015939 0.010198 0.010580 0.014144 0.015216 0.061626 0.024781 0.050312 0.049219 0.000000 0.004053 0.005725 0.006191 0.000000 0.000000 0.000000 0.000000 0.000483 0.000000 0.000000 0.000000 0.029351 0.024576 0.003208 0.024500 0.000000 0.000000 0.000000 0.006989 0.018793 0.021011 0.030393 0.025988 0.000000 0.000000 0.009496 0.014030 0.012264 0.000000 0.001411 0.006472 0.000000 0.000000 0.000000 0.000000 0.027877 0.024317 0.000000 0.029720 0.000000 0.000000 0.005126 0.000000 0.027059 0.014390 0.022450 0.023053 0.000000 0.000000 0.004671 0.000000 0.014771 0.000209 0.000000 0.017785 0.000000 0.000000 0.001374 0.000000 0.012846 0.032288 0.000000 0.011977 0.010028 0.003634 0.004923 0.010262 0.025347 0.024131 0.020251 0.028006 0.000000 0.007482 0.000000 0.022569 
0.000000 0.000000 0.000000 0.000000 0.127054 0.000000 0.000000 0.000000 0.000000 0.000000 0.096171 0.000000 0.000000 0.046742 0.023773 0.000000 0.000000 0.000000 0.000000 0.075661 0.000000 0.000000 0.000000 0.000000 0.000000 0.000000 0.075716 0.000000 0.000000 0.000000 0.028859 0.000000 0.000000 0.000000 0.000000 0.000000 0.000000 0.000000 0.000000 0.000000 0.070702 0.051396 0.000000 0.084543 0.000000 0.033625 0.000000 0.000000 0.000000 0.000000 0.000000 0.021197 0.000000 0.000000 0.000000 0.000000 0.000000 0.000000 0.000000 0.000000 0.000000 0.000000 0.000000 0.059138 0.000000 0.000000 0.000000 0.000000 0.000000 0.000000 0.000000 0.000000 0.000000 0.000000 0.000000 0.000000 0.039693 0.000000 0.000000 0.000000 0.000000 0.000000 0.000000 0.000000 0.000000 0.000000 0.113538 0.000000 0.000000 0.000000 0.000000 0.000000 0.000000 0.000000 0.052191 0.000000 
0.000000 0.000000 0.000000 0.000000 0.000000 0.000000 0.000000 0.000000 0.000000 0.000000 0.000000 0.000000 0.000000 0.000000 0.045937 0.000000 0.000000 0.000000 0.000000 0.000000 0.000000 0.000000 0.000000 0.000000 0.000000 0.000000 0.060107 0.000000 0.000000 0.000000 0.000000 0.000000 0.025355 0.000000 0.000000 0.000000 0.000000 0.000000 0.142830 0.000000 0.000000 0.000000 0.000000 0.000000 0.000000 0.000000 0.049982 0.000000 0.000000 0.048753 0.000000 0.000000 0.030723 0.000000 0.000000 0.000000 0.000000 0.000000 0.000000 0.000000 0.109185 0.068455 0.000000 0.000000 0.000000 0.000000 0.000000 0.000000 0.000000 0.000000 0.000000 0.000000 0.000000 0.000000 0.162818 0.000000 0.102367 0.067412 0.000000 0.000000 0.000000 0.000000 0.000000 0.000000 0.000000 0.000000 0.086076 0.000000 0.000000 0.000000 0.000000 0.000000 0.000000 0.000000 0.000000 0.000000 
0.000000 0.000000 0.009428 0.000000 0.000000 0.000000 0.018367 0.000000 0.033167 0.000000 0.000000 0.053220 0.000000 0.000000 0.000000 0.000000 0.000000 0.000000 0.000000 0.000000 0.000000 0.000000 0.013043 0.000000 0.030503 0.000000 0.000000 0.000000 0.000000 0.000000 0.000000 0.000000 0.000000 0.000000 0.000000 0.000000 0.000000 0.000000 0.000000 0.000000 0.000000 0.017328 0.000000 0.000000 0.000000 0.000000 0.000000 0.000000 0.000000 0.000000 0.000000 0.000000 0.000000 0.000000 0.000000 0.000000 0.060426 0.000000 0.000000 0.044857 0.000000 0.003999 0.000000 0.000000 0.000000 0.000000 0.000000 0.000000 0.000000 0.000000 0.000000 0.000000 0.000000 0.064487 0.000000 0.000001 0.000000 0.000000 0.000000 0.000000 0.000000 0.000001 0.000000 0.651173 0.000000 0.000000 0.000000 0.000000 0.000000 0.000000 0.000000 0.000000 0.000000 0.000000 0.000000 0.000000 
0.043870 0.038818 0.025062 0.025426 0.000738 0.000934 0.003927 0.000000 0.009869 0.006206 0.000000 0.000000 0.002956 0.002921 0.009385 0.000000 0.007215 0.000000 0.005864 0.000000 0.000000 0.000000 0.000000 0.000000 0.056641 0.084302 0.011387 0.053335 0.007100 0.005417 0.006580 0.002953 0.022712 0.015283 0.007076 0.021229 0.005411 0.008926 0.041827 0.008569 0.003133 0.001488 0.010300 0.000000 0.000000 0.000000 0.005263 0.000000 0.049139 0.050157 0.031993 0.029144 0.004134 0.007295 0.008479 0.000000 0.007815 0.007412 0.000000 0.006889 0.006404 0.003365 0.013993 0.001061 0.005345 0.000000 0.003691 0.000000 0.000000 0.000000 0.000000 0.000000 0.040872 0.065974 0.013645 0.044282 0.003153 0.006017 0.003884 0.000000 0.000000 0.005267 0.000000 0.006074 0.002009 0.001463 0.006866 0.000000 0.000000 0.000000 0.002055 0.000000 0.000000 0.000000 0.000000 0.000000 
0.000000 0.000000 0.000000 0.000000 0.006804 0.000000 0.000000 0.000000 0.000000 0.000000 0.000000 0.026360 0.000000 0.000000 0.000000 0.000000 0.000000 0.000000 0.000000 0.000000 0.043196 0.000000 0.036549 0.000000 0.000000 0.000000 0.049723 0.018202 0.000000 0.022169 0.000000 0.000000 0.000000 0.000000 0.000000 0.042516 0.000000 0.000000 0.067785 0.000000 0.049327 0.008989 0.000000 0.000000 0.000000 0.089775 0.041676 0.000000 0.000000 0.072662 0.000000 0.000000 0.000000 0.000000 0.000000 0.000000 0.000000 0.000000 0.000000 0.000000 0.061369 0.026784 0.000000 0.000000 0.000000 0.000000 0.062048 0.000000 0.000000 0.000000 0.000000 0.035722 0.000000 0.000000 0.068024 0.000000 0.034844 0.000000 0.000000 0.000000 0.000000 0.000000 0.000000 0.000000 0.000000 0.000000 0.000000 0.000000 0.000000 0.022123 0.000000 0.000000 0.113351 0.000000 0.000000 0.000000 
0.000000 0.096455 0.000000 0.000000 0.000000 0.000000 0.000000 0.000000 0.000001 0.105852 0.000000 0.000000 0.000000 0.000000 0.000000 0.000000 0.000000 0.000000 0.000000 0.000000 0.000000 0.000000 0.000000 0.000000 0.000000 0.000000 0.000000 0.000000 0.000000 0.000000 0.000000 0.000000 0.000000 0.000000 0.000000 0.000000 0.000000 0.000000 0.000000 0.000000 0.000000 0.000000 0.000000 0.000000 0.000000 0.029878 0.000000 0.000000 0.000000 0.000000 0.000000 0.000000 0.000000 0.000000 0.000000 0.000000 0.000001 0.000000 0.000000 0.000000 0.000000 0.000000 0.000000 0.000000 0.000000 0.000000 0.000000 0.193580 0.000000 0.000000 0.000000 0.053784 0.000000 0.000000 0.000000 0.000001 0.000000 0.000000 0.000000 0.000000 0.000000 0.492896 0.000000 0.000000 0.000000 0.000000 0.000000 0.000000 0.000000 0.000000 0.000000 0.000000 0.027550 0.000000 0.000000 0.000000 
0.000586 0.000000 0.000000 0.000000 0.000000 0.000000 0.000000 0.000000 0.006983 0.002308 0.002910 0.003160 0.000000 0.000000 0.000000 0.000000 0.000687 0.000000 0.000000 0.000000 0.000000 0.000000 0.000000 0.000000 0.000000 0.000000 0.000000 0.000189 0.000000 0.000335 0.000000 0.000000 0.015114 0.002747 0.004989 0.008774 0.000000 0.000645 0.000000 0.000275 0.000000 0.000091 0.000324 0.000000 0.000000 0.000000 0.000000 0.000000 0.000351 0.000000 0.000000 0.000000 0.000000 0.000000 0.000000 0.000000 0.005964 0.001585 0.000000 0.001977 0.000000 0.000000 0.000000 0.000000 0.000000 0.000000 0.000000 0.000000 0.000000 0.000000 0.000000 0.000000 0.015815 0.005635 0.001848 0.011138 0.039313 0.000000 0.001605 0.066107 0.431553 0.083991 0.049440 0.233561 0.000000 0.000000 0.000000 0.000000 0.000000 0.000000 0.000000 0.000000 0.000000 0.000000 0.000000 0.000000 
0.000000 0.105463 0.000000 0.045178 0.000000 0.000000 0.000000 0.000000 0.000001 0.000000 0.000000 0.000000 0.000000 0.000000 0.000000 0.000000 0.081218 0.000000 0.000000 0.000000 0.000000 0.000000 0.000000 0.000000 0.000000 0.000000 0.000000 0.000000 0.000000 0.000000 0.000000 0.000000 0.000000 0.000000 0.000000 0.000000 0.000000 0.000000 0.000000 0.000000 0.000000 0.000000 0.000000 0.000000 0.000000 0.000000 0.000000 0.000000 0.000000 0.000000 0.000000 0.000000 0.000000 0.000000 0.000000 0.000000 0.000001 0.068948 0.000000 0.296292 0.000000 0.000000 0.000000 0.000000 0.000000 0.000000 0.000000 0.000000 0.000000 0.000000 0.000000 0.000000 0.000000 0.000000 0.000000 0.136983 0.000000 0.000000 0.000000 0.000000 0.000000 0.000001 0.147836 0.000000 0.048705 0.000000 0.000000 0.000000 0.000000 0.000000 0.069375 0.000000 0.000000 0.000000 0.000000 0.000000 
0.000000 0.000000 0.000000 0.000000 0.000000 0.000000 0.000000 0.000000 0.000001 0.000000 0.000000 0.000000 0.000000 0.000000 0.136353 0.000000 0.000000 0.000000 0.000000 0.000000 0.000000 0.000000 0.066069 0.000000 0.000000 0.000000 0.000000 0.000000 0.000000 0.000000 0.000000 0.000000 0.000000 0.000000 0.000000 0.000000 0.000000 0.000000 0.000000 0.000000 0.072374 0.093790 0.000000 0.216418 0.000000 0.000000 0.000000 0.000000 0.000000 0.000000 0.000000 0.000000 0.000000 0.000000 0.000000 0.000000 0.000001 0.000000 0.000000 0.000000 0.000000 0.000000 0.000000 0.000000 0.000000 0.000000 0.000000 0.110206 0.000000 0.000000 0.000000 0.135089 0.000000 0.000000 0.000000 0.000001 0.000000 0.000000 0.069165 0.000000 0.000000 0.000002 0.000000 0.000000 0.000000 0.000000 0.000000 0.000000 0.000000 0.000000 0.000000 0.000000 0.000000 0.000000 0.046275 0.054254 
0.000000 0.000000 0.000000 0.000000 0.000000 0.000000 0.000000 0.000000 0.000000 0.000000 0.000000 0.000000 0.000000 0.000000 0.000000 0.000000 0.000000 0.000000 0.000000 0.000000 0.157271 0.000000 0.000000 0.000000 0.000000 0.000000 0.000000 0.000000 0.000000 0.000000 0.000000 0.000000 0.000000 0.000000 0.000000 0.000000 0.000000 0.000000 0.000000 0.000000 0.000000 0.000000 0.000000 0.000000 0.112780 0.000000 0.000000 0.131685 0.000000 0.000000 0.000000 0.000000 0.000000 0.000000 0.000000 0.000000 0.000000 0.000000 0.000000 0.000000 0.106756 0.000000 0.000000 0.000000 0.000000 0.000000 0.000000 0.000000 0.074296 0.000000 0.000000 0.132679 0.000000 0.000000 0.000000 0.000000 0.000000 0.000000 0.000000 0.000000 0.000000 0.000000 0.000000 0.000000 0.000000 0.000000 0.000000 0.000000 0.000000 0.000000 0.000000 0.000000 0.178178 0.031805 0.074549 0.000000 
0.000000 0.000000 0.000000 0.000000 0.000000 0.000000 0.000000 0.012429 0.019168 0.000000 0.000000 0.007046 0.000000 0.000000 0.007690 0.000000 0.000000 0.006611 0.000000 0.035003 0.000000 0.000000 0.000000 0.000000 0.000000 0.000000 0.000000 0.000000 0.000000 0.000000 0.000000 0.000000 0.000000 0.000000 0.000000 0.010884 0.000000 0.000000 0.000000 0.000000 0.008238 0.000000 0.000000 0.000000 0.001338 0.000000 0.000000 0.000000 0.000000 0.000000 0.000000 0.000000 0.000000 0.000000 0.000000 0.000000 0.008477 0.000000 0.000000 0.012342 0.000000 0.000000 0.000000 0.000000 0.000000 0.000000 0.000000 0.000000 0.000000 0.000000 0.000000 0.000000 0.000000 0.015771 0.000000 0.025554 0.033609 0.000000 0.000000 0.131429 0.449979 0.042831 0.000000 0.149400 0.002346 0.000000 0.000000 0.000000 0.000000 0.010360 0.000000 0.009496 0.000000 0.000000 0.000000 0.000000 
0.017717 0.012602 0.003304 0.032182 0.045460 0.023616 0.000000 0.024441 0.013887 0.011348 0.000000 0.024425 0.011967 0.002784 0.007802 0.007702 0.000000 0.002266 0.001863 0.000000 0.000000 0.000000 0.004693 0.000000 0.026303 0.000000 0.000000 0.029084 0.026352 0.028118 0.008300 0.038154 0.016616 0.006320 0.001314 0.013500 0.017916 0.022384 0.022117 0.022531 0.007071 0.000000 0.003510 0.015249 0.000000 0.006598 0.000000 0.002638 0.008928 0.019327 0.000000 0.021122 0.021826 0.020225 0.002688 0.027798 0.005138 0.004828 0.000000 0.006858 0.008063 0.010678 0.014006 0.017528 0.001499 0.003658 0.000000 0.003773 0.000000 0.000000 0.009381 0.000000 0.014436 0.029040 0.000000 0.019197 0.000000 0.029354 0.000000 0.026536 0.012612 0.001065 0.000000 0.014314 0.010971 0.017720 0.009186 0.017393 0.006111 0.000000 0.003476 0.003753 0.000000 0.000000 0.015378 0.000000 
0.000000 0.012112 0.000000 0.000000 0.168828 0.085258 0.000000 0.000000 0.000000 0.497814 0.000000 0.000000 0.118710 0.000000 0.000000 0.000000 0.000000 0.117277 
0.000000 0.006393 0.000000 0.000000 0.000169 0.009957 0.000000 0.000000 0.000000 0.009166 0.000000 0.000000 0.945553 0.000000 0.008545 0.000000 0.000000 0.020217 
0.000000 0.178464 0.000000 0.000000 0.042179 0.326092 0.015849 0.020690 0.000000 0.006324 0.000000 0.000000 0.000000 0.000000 0.000000 0.000000 0.000000 0.410401 
0.026886 0.000000 0.000000 0.000000 0.725226 0.157747 0.000000 0.000000 0.000000 0.032338 0.000000 0.000000 0.000000 0.000000 0.007278 0.000000 0.021319 0.029206 
0.000000 0.187816 0.000000 0.000000 0.176348 0.201460 0.000000 0.000000 0.000000 0.013196 0.017876 0.000000 0.000000 0.000000 0.000000 0.000000 0.008456 0.394849 
0.051133 0.020537 0.000000 0.000000 0.690118 0.171170 0.000000 0.000000 0.000000 0.009569 0.000000 0.014331 0.000000 0.000000 0.000000 0.000000 0.000000 0.043141 
0.028740 0.000000 0.000000 0.000000 0.754816 0.166830 0.000000 0.000000 0.000000 0.000178 0.000000 0.000000 0.000000 0.000000 0.000000 0.003028 0.000000 0.046407 
0.000000 0.000000 0.000000 0.000000 0.058021 0.475923 0.000000 0.023477 0.000000 0.039826 0.000000 0.000000 0.124015 0.000000 0.000000 0.010201 0.050004 0.218533 
0.000000 0.006532 0.000000 0.000000 0.122041 0.055936 0.000000 0.000000 0.000000 0.051408 0.006676 0.000000 0.698106 0.000000 0.000000 0.000000 0.000000 0.059303 
0.000000 0.111038 0.000000 0.000000 0.157219 0.145524 0.000000 0.003519 0.000000 0.000213 0.000000 0.000000 0.270734 0.000000 0.000000 0.000000 0.062133 0.249622 
0.000000 0.028742 0.000000 0.000000 0.069963 0.523729 0.018888 0.023715 0.000000 0.055309 0.000000 0.000000 0.000000 0.000000 0.000000 0.021685 0.008619 0.249349 
0.000000 0.000000 0.000000 0.000000 0.082782 0.500498 0.000000 0.000000 0.000000 0.092739 0.047575 0.000000 0.000000 0.000000 0.000000 0.022161 0.014225 0.240020 
0.000000 0.000000 0.000000 0.000000 0.019597 0.012346 0.000000 0.000000 0.000000 0.000056 0.000000 0.000000 0.942600 0.000000 0.000000 0.000000 0.018056 0.007345 
0.000000 0.000000 0.000000 0.002286 0.073235 0.535069 0.000000 0.020404 0.000000 0.079640 0.000000 0.000000 0.000000 0.000000 0.000000 0.031435 0.000000 0.257931 
0.000000 0.252812 0.000000 0.000000 0.010345 0.204293 0.012217 0.000000 0.006610 0.047217 0.000000 0.000000 0.000000 0.022204 0.000000 0.000000 0.020863 0.423439 
0.000000 0.000000 0.020579 0.000000 0.074374 0.514208 0.000000 0.031525 0.000000 0.090261 0.000000 0.000000 0.000000 0.000000 0.000000 0.026101 0.000000 0.242952 
0.000000 0.000000 0.000000 0.000000 0.015891 0.063337 0.000000 0.000000 0.000000 0.712719 0.000000 0.000000 0.000000 0.000000 0.000000 0.000000 0.000000 0.208053 
0.000000 0.000000 0.000000 0.000000 0.727564 0.191469 0.000000 0.000000 0.000000 0.000156 0.000000 0.000000 0.000000 0.000000 0.000000 0.003295 0.016813 0.060703 
0.006600 0.000000 0.000000 0.000000 0.011307 0.057131 0.000000 0.000000 0.000000 0.725350 0.000000 0.000000 0.000000 0.000000 0.000000 0.000000 0.000000 0.199613 
0.000000 0.045911 0.000000 0.000000 0.079028 0.511429 0.029149 0.000000 0.000000 0.052595 0.021592 0.000000 0.071755 0.000000 0.000000 0.012526 0.000000 0.176015 
0.017963 0.035606 0.000000 0.000000 0.253269 0.091751 0.000000 0.000000 0.000000 0.036222 0.000000 0.000000 0.476913 0.000000 0.012164 0.000000 0.000000 0.076111 
0.000000 0.124647 0.000000 0.000000 0.012848 0.155999 0.015528 0.000000 0.000000 0.317161 0.000000 0.000000 0.000000 0.000000 0.000000 0.000000 0.065902 0.307914 
0.000000 0.033196 0.000000 0.000000 0.172286 0.446627 0.015854 0.000000 0.000000 0.000249 0.034807 0.000000 0.033409 0.000000 0.013327 0.007545 0.000000 0.242700 
0.000000 0.000000 0.023503 0.000000 0.355122 0.165371 0.000000 0.000000 0.000000 0.015400 0.000000 0.000000 0.384434 0.000000 0.004696 0.000000 0.000000 0.051472 
0.000000 0.028221 0.000000 0.000000 0.109701 0.517110 0.000000 0.027455 0.000000 0.028986 0.000000 0.000000 0.000000 0.000000 0.000000 0.032998 0.012009 0.243520 
0.000000 0.000000 0.000000 0.000000 0.019344 0.047866 0.000000 0.000000 0.000000 0.730480 0.000000 0.000000 0.000000 0.000000 0.000000 0.000000 0.044664 0.157646 
0.000000 0.000000 0.017010 0.000000 0.027931 0.202739 0.000000 0.008176 0.000000 0.524904 0.000000 0.000000 0.000000 0.000000 0.000000 0.005150 0.000000 0.214088 
0.000000 0.250626 0.000000 0.000000 0.000392 0.214054 0.035862 0.000000 0.000000 0.037669 0.000000 0.000000 0.000000 0.018204 0.000000 0.000000 0.000000 0.443193 
0.019999 0.000000 0.012511 0.000000 0.307028 0.358668 0.023492 0.000000 0.008278 0.058545 0.020107 0.000000 0.000000 0.000000 0.000000 0.007603 0.000000 0.183769 
0.000000 0.000000 0.000000 0.000000 0.011052 0.048673 0.000000 0.000000 0.000000 0.251359 0.000000 0.000000 0.612938 0.000000 0.000000 0.000000 0.000000 0.075977 
0.000000 0.239379 0.000000 0.000000 0.079272 0.218201 0.020825 0.000000 0.000000 0.013589 0.000000 0.000000 0.000000 0.000000 0.000000 0.000000 0.000000 0.428734 
0.000000 0.000000 0.000000 0.000000 0.076735 0.550107 0.000000 0.010334 0.000000 0.043082 0.008589 0.000000 0.000000 0.000000 0.000000 0.031166 0.000000 0.279987 
0.000000 0.000000 0.000000 0.000000 0.181544 0.051405 0.000000 0.000000 0.000000 0.000130 0.000000 0.000000 0.721135 0.014783 0.000000 0.002878 0.000000 0.028124 
0.000000 0.219939 0.000000 0.000000 0.020142 0.207203 0.000000 0.000000 0.000000 0.066817 0.000000 0.000000 0.000000 0.000000 0.000000 0.000000 0.000000 0.485899 
0.032630 0.000000 0.000000 0.000000 0.729280 0.182776 0.000000 0.000000 0.000000 0.025427 0.000000 0.000000 0.000000 0.000000 0.000000 0.000000 0.009496 0.020391 
0.000000 0.000000 0.000000 0.000000 0.150011 0.055297 0.000000 0.000000 0.000000 0.008609 0.000000 0.000000 0.774113 0.000000 0.000000 0.002546 0.000000 0.009423 
0.014942 0.000000 0.000000 0.000000 0.731439 0.186319 0.012830 0.000000 0.000000 0.000188 0.000000 0.000000 0.000000 0.000000 0.007492 0.000000 0.000000 0.046790 
0.000000 0.012479 0.000000 0.000000 0.357740 0.403654 0.000000 0.014586 0.000000 0.029677 0.000000 0.000000 0.000000 0.000000 0.000000 0.014979 0.000000 0.166886 
0.000000 0.246358 0.000000 0.000000 0.122691 0.154609 0.000000 0.000000 0.000000 0.017796 0.011813 0.000000 0.000000 0.000000 0.000000 0.000000 0.010383 0.436349 
0.000000 0.016486 0.000000 0.000000 0.009845 0.044870 0.000000 0.007751 0.000000 0.648489 0.000000 0.000000 0.063714 0.000000 0.000000 0.000000 0.000000 0.208844 
0.030970 0.091096 0.000000 0.000000 0.351135 0.188330 0.000000 0.014275 0.000000 0.126987 0.000000 0.000000 0.000000 0.000000 0.000000 0.000000 0.000000 0.197207 
0.000000 0.280686 0.000000 0.000000 0.015739 0.208617 0.000000 0.024918 0.000000 0.000223 0.000000 0.000000 0.000000 0.014355 0.000000 0.000000 0.012750 0.442711 
0.013165 0.000000 0.000000 0.000000 0.703330 0.221914 0.000000 0.000000 0.000000 0.005887 0.000000 0.000000 0.000000 0.000000 0.000000 0.000000 0.014889 0.040815 
0.015361 0.020202 0.000000 0.000000 0.069771 0.513813 0.000000 0.000000 0.000000 0.023038 0.014778 0.000000 0.107800 0.000000 0.000000 0.013667 0.000000 0.221569 
0.000000 0.249517 0.000000 0.000000 0.134741 0.187744 0.000000 0.000000 0.025348 0.056226 0.000000 0.000000 0.000000 0.000000 0.000000 0.000000 0.066318 0.280106 
0.000000 0.310467 0.000000 0.000000 0.006298 0.212615 0.000000 0.000000 0.000000 0.022402 0.000000 0.000000 0.000000 0.000000 0.000000 0.007519 0.000000 0.440699 
0.000000 0.008363 0.000000 0.000000 0.071884 0.479728 0.000000 0.019480 0.000000 0.110388 0.000000 0.016836 0.000000 0.000000 0.000000 0.017001 0.000000 0.276319 
0.000000 0.000000 0.000000 0.000000 0.016399 0.236331 0.033969 0.000000 0.000000 0.465028 0.000000 0.000000 0.086856 0.000000 0.000000 0.006937 0.000000 0.154480 
0.000000 0.105955 0.000000 0.000000 0.029383 0.105361 0.000000 0.000000 0.000000 0.233057 0.000000 0.000000 0.140774 0.000000 0.000000 0.000000 0.074654 0.310817 
0.000000 0.000000 0.000000 0.000000 0.001422 0.011398 0.000000 0.000000 0.040949 0.037068 0.000000 0.000000 0.849297 0.000000 0.000000 0.000000 0.055884 0.003982 
0.000000 0.000000 0.000000 0.000000 0.000830 0.002963 0.000000 0.000000 0.000000 0.001809 0.000000 0.000000 0.898054 0.000000 0.000000 0.000000 0.094341 0.002003 
0.000000 0.000000 0.007330 0.000000 0.020800 0.166663 0.000000 0.000000 0.000000 0.555648 0.020396 0.000000 0.000000 0.000000 0.000000 0.000000 0.000000 0.229162 
0.000000 0.000000 0.000000 0.000000 0.183447 0.082417 0.000000 0.009014 0.000000 0.561691 0.000000 0.000000 0.000000 0.000000 0.000000 0.000000 0.008049 0.155381 
0.000000 0.000000 0.000000 0.002485 0.009058 0.081120 0.006448 0.000000 0.000000 0.014710 0.000000 0.000000 0.830488 0.000000 0.000000 0.003671 0.000000 0.052020 
0.000000 0.034744 0.000000 0.000000 0.726361 0.125712 0.028739 0.000000 0.015690 0.043339 0.000000 0.000000 0.000000 0.000000 0.006654 0.000000 0.000000 0.018762 
0.005770 0.000000 0.000000 0.000000 0.000374 0.041470 0.000000 0.000000 0.000000 0.052419 0.000000 0.000000 0.775912 0.000000 0.000000 0.001994 0.095143 0.026917 
0.010803 0.000000 0.019788 0.000000 0.671042 0.202331 0.000000 0.000000 0.000000 0.017536 0.000000 0.000000 0.000000 0.000000 0.000000 0.009328 0.020349 0.048823 
0.000000 0.037326 0.000000 0.000000 0.020737 0.021348 0.000000 0.000000 0.000000 0.000283 0.014016 0.000000 0.795434 0.006626 0.000000 0.000000 0.063788 0.040440 
0.000000 0.016250 0.000000 0.000000 0.013968 0.076158 0.000000 0.008113 0.000000 0.598395 0.000000 0.000000 0.102478 0.000000 0.000000 0.000000 0.000000 0.184638 
0.000000 0.112876 0.023894 0.000000 0.051202 0.422358 0.000000 0.007041 0.000000 0.041755 0.000000 0.000000 0.000000 0.000000 0.000000 0.019268 0.000000 0.321606 
0.000000 0.054988 0.000000 0.000000 0.006934 0.115755 0.000000 0.000000 0.000000 0.533790 0.000000 0.000000 0.000000 0.000000 0.000000 0.000000 0.000000 0.288533 
0.038688 0.000000 0.000000 0.000000 0.705390 0.197013 0.000000 0.000000 0.000000 0.000179 0.000000 0.000000 0.000000 0.000000 0.000000 0.004995 0.000000 0.053734 
0.000000 0.201701 0.000000 0.000000 0.021256 0.261869 0.021321 0.000000 0.006847 0.020556 0.023578 0.000000 0.000000 0.000000 0.000000 0.000000 0.013817 0.429055 
0.000000 0.004588 0.021509 0.004369 0.029105 0.198380 0.000000 0.000000 0.000000 0.000208 0.008334 0.000000 0.616972 0.000000 0.000000 0.007172 0.000000 0.109364 
0.000000 0.146058 0.000000 0.000000 0.172816 0.162872 0.000000 0.000000 0.000000 0.052621 0.000000 0.000000 0.041110 0.023796 0.000000 0.000000 0.000000 0.400728 
0.000000 0.019298 0.000000 0.000000 0.011510 0.042301 0.000000 0.000000 0.000000 0.690898 0.000000 0.000000 0.000000 0.000000 0.000000 0.000000 0.000000 0.235994 
0.020729 0.000000 0.000000 0.000000 0.707957 0.171960 0.000000 0.000000 0.000000 0.011855 0.000000 0.000000 0.000000 0.038830 0.000000 0.000000 0.009008 0.039660 
0.000000 0.006234 0.000000 0.000000 0.063503 0.003507 0.000000 0.000000 0.000000 0.000185 0.000000 0.000000 0.833586 0.000000 0.000000 0.000000 0.078333 0.014653 
0.000000 0.009711 0.000000 0.000000 0.004834 0.033191 0.000000 0.000000 0.000000 0.740302 0.000000 0.000000 0.000000 0.000000 0.000000 0.000000 0.000000 0.211962 
0.000000 0.005787 0.000000 0.000000 0.005486 0.011339 0.000000 0.000000 0.048808 0.064279 0.000000 0.000000 0.847117 0.000000 0.000000 0.000000 0.000000 0.017183 
0.000000 0.197440 0.000000 0.000000 0.008056 0.178864 0.000000 0.000000 0.000000 0.112005 0.000000 0.000000 0.146245 0.000000 0.000000 0.000000 0.000000 0.357390 
0.000000 0.080066 0.000000 0.000000 0.072483 0.447818 0.000000 0.018699 0.000000 0.058105 0.000000 0.000000 0.000000 0.000000 0.000000 0.007554 0.000000 0.315277 
0.000000 0.004155 0.000000 0.000000 0.025114 0.049411 0.000000 0.000000 0.000000 0.685140 0.000000 0.000000 0.000000 0.000000 0.000000 0.000000 0.000000 0.236180 
0.009760 0.072476 0.000000 0.000000 0.554810 0.207360 0.000000 0.000000 0.007627 0.000239 0.000000 0.000000 0.000000 0.000000 0.000000 0.000000 0.000000 0.147727 
0.000000 0.000000 0.000000 0.000000 0.011437 0.077321 0.000000 0.000000 0.000000 0.677235 0.000000 0.000000 0.000000 0.000000 0.000000 0.000000 0.000000 0.234008 
0.000000 0.026423 0.000000 0.000000 0.223477 0.113355 0.000000 0.000000 0.000000 0.164374 0.000000 0.000000 0.320355 0.000000 0.000000 0.008793 0.000000 0.143223 
0.008205 0.000000 0.000000 0.000000 0.061233 0.492461 0.025929 0.000000 0.000000 0.074663 0.000000 0.000000 0.000000 0.000000 0.000000 0.039137 0.042567 0.255804 
0.000000 0.000000 0.000000 0.000000 0.020142 0.082317 0.000000 0.000000 0.000000 0.614608 0.000000 0.000000 0.091782 0.000000 0.000000 0.000000 0.045429 0.145722 
0.000000 0.029661 0.000000 0.000000 0.053201 0.478921 0.000000 0.000000 0.000000 0.103383 0.057828 0.000000 0.000000 0.000000 0.000000 0.000000 0.000000 0.277006 
0.000000 0.022860 0.000000 0.000000 0.348050 0.111041 0.000000 0.000000 0.000000 0.357842 0.000000 0.000000 0.058340 0.000000 0.000000 0.000000 0.000000 0.101867 
0.000000 0.000000 0.000000 0.003134 0.552500 0.235034 0.022342 0.000000 0.000000 0.050785 0.000000 0.000000 0.031014 0.000000 0.000000 0.009899 0.000000 0.095292 
0.000000 0.000000 0.000000 0.000000 0.027853 0.040291 0.000000 0.000000 0.000000 0.716498 0.000000 0.000000 0.000000 0.000000 0.000000 0.000000 0.021053 0.194305 
0.000000 0.000000 0.000000 0.000000 0.153271 0.393566 0.000000 0.000000 0.000000 0.052837 0.018258 0.012386 0.162637 0.000000 0.000000 0.015494 0.000000 0.191551 
0.000000 0.167699 0.000000 0.000000 0.026673 0.273173 0.000000 0.000000 0.000000 0.034016 0.040876 0.000000 0.000000 0.000000 0.000000 0.012259 0.000000 0.445303 
0.000000 0.000000 0.000000 0.000000 0.224129 0.466353 0.000000 0.026991 0.000000 0.031755 0.000000 0.000000 0.000000 0.000000 0.000000 0.015098 0.052017 0.183657 
0.000000 0.000000 0.000000 0.000000 0.002623 0.009522 0.000000 0.000000 0.050706 0.000166 0.000000 0.009546 0.926588 0.000000 0.000000 0.000000 0.000000 0.000848 
0.000000 0.263893 0.000000 0.000000 0.058593 0.204241 0.000000 0.000000 0.000000 0.005617 0.008206 0.000000 0.000000 0.000000 0.000000 0.000000 0.000000 0.459450 
0.007874 0.000000 0.000000 0.000000 0.048259 0.228551 0.000000 0.000000 0.000000 0.006337 0.024401 0.000000 0.514881 0.000000 0.000000 0.014961 0.000000 0.154736 
0.000000 0.000000 0.000000 0.000000 0.072042 0.486187 0.000000 0.000000 0.000000 0.129288 0.024627 0.000000 0.000000 0.000000 0.014005 0.008468 0.000000 0.265383 
0.009116 0.000000 0.000000 0.000000 0.268868 0.097854 0.000000 0.000000 0.000000 0.478562 0.000000 0.000000 0.000000 0.000000 0.000000 0.000000 0.000000 0.145600 
0.000000 0.148254 0.000000 0.000000 0.172735 0.288895 0.000000 0.010664 0.000000 0.008765 0.000000 0.000000 0.000000 0.000000 0.000000 0.000000 0.000000 0.370687 
0.000000 0.100101 0.000000 0.000000 0.012175 0.147739 0.033590 0.000000 0.000000 0.303782 0.000000 0.000000 0.000000 0.000000 0.000000 0.000000 0.029139 0.373475 
0.000000 0.011509 0.000000 0.000000 0.254861 0.049322 0.000000 0.000000 0.000000 0.000224 0.000000 0.000000 0.463254 0.015135 0.000000 0.002584 0.165928 0.037183 
0.000000 0.000000 0.000000 0.000000 0.059837 0.536827 0.000000 0.013514 0.000000 0.069570 0.000000 0.000000 0.087923 0.000000 0.000000 0.014861 0.000000 0.217468 
0.013308 0.000000 0.000000 0.000000 0.742803 0.179121 0.000000 0.000000 0.000000 0.000191 0.007340 0.000000 0.000000 0.000000 0.000000 0.000000 0.019834 0.037402 
0.009664 0.000000 0.000000 0.000000 0.063284 0.479165 0.000000 0.000000 0.000000 0.046071 0.042352 0.000000 0.145196 0.000000 0.000000 0.000000 0.000000 0.214268 
0.000000 0.000000 0.000000 0.000000 0.212574 0.069739 0.000000 0.000000 0.000000 0.013467 0.000000 0.000000 0.577781 0.000000 0.000000 0.000000 0.106996 0.019443 
0.000000 0.227979 0.000000 0.003688 0.015861 0.222996 0.000000 0.000000 0.000000 0.089749 0.000000 0.011723 0.000000 0.000000 0.000000 0.000000 0.000000 0.428004 
0.000000 0.241673 0.000000 0.000000 0.004506 0.187367 0.000000 0.000000 0.000000 0.051817 0.015813 0.000000 0.000000 0.000000 0.000000 0.000000 0.000000 0.498824 
0.000000 0.039672 0.000000 0.000000 0.026978 0.108683 0.000000 0.000000 0.000000 0.606864 0.000000 0.000000 0.000000 0.000000 0.000000 0.000000 0.000000 0.217803 
0.006594 0.000000 0.000000 0.000000 0.022218 0.174696 0.000000 0.000000 0.000000 0.392432 0.000000 0.000000 0.177360 0.000000 0.000000 0.009195 0.000000 0.217504 
0.000000 0.054745 0.000000 0.000000 0.498156 0.125424 0.000000 0.000000 0.000000 0.282340 0.000000 0.000000 0.000000 0.000000 0.000000 0.000000 0.000000 0.039335 
0.000000 0.054134 0.000000 0.000000 0.055464 0.517421 0.000000 0.011479 0.000000 0.030981 0.028936 0.000000 0.000000 0.000000 0.000000 0.019842 0.000000 0.281743 
0.000000 0.000000 0.000000 0.000000 0.000137 0.016501 0.000000 0.000000 0.000000 0.017490 0.001938 0.000000 0.952399 0.000000 0.000000 0.000000 0.000000 0.011535 
0.023121 0.014547 0.000000 0.000000 0.722765 0.164148 0.000000 0.000000 0.000000 0.027576 0.000000 0.000000 0.000000 0.000000 0.000000 0.000000 0.006086 0.041758 
0.009581 0.000000 0.000000 0.000000 0.569367 0.129776 0.000000 0.000000 0.000000 0.010637 0.004856 0.000000 0.223474 0.028400 0.000000 0.000000 0.000000 0.023909 
0.021627 0.000000 0.000000 0.000000 0.044797 0.568773 0.035631 0.011699 0.000000 0.060373 0.000000 0.000000 0.000000 0.000000 0.000000 0.026412 0.000000 0.230688 
0.000000 0.000000 0.000000 0.000000 0.075357 0.553812 0.000000 0.011191 0.000000 0.045099 0.000000 0.000000 0.000000 0.000000 0.000000 0.024720 0.031256 0.258564 
0.000000 0.000000 0.000000 0.000000 0.007375 0.078566 0.000000 0.000000 0.000000 0.691724 0.000000 0.006407 0.000000 0.000000 0.000000 0.000000 0.000000 0.215928 
0.000000 0.017703 0.000000 0.000000 0.022091 0.118171 0.000000 0.000000 0.000000 0.645835 0.013825 0.000000 0.000000 0.000000 0.000000 0.000000 0.000000 0.182375 
0.010756 0.000000 0.000000 0.000000 0.064520 0.433793 0.000000 0.018909 0.000000 0.145123 0.000000 0.000000 0.150536 0.000000 0.000000 0.017152 0.000000 0.159211 
0.010433 0.000000 0.000000 0.000000 0.003951 0.053610 0.000000 0.000000 0.000000 0.028799 0.000000 0.000000 0.880027 0.000000 0.000000 0.001364 0.000000 0.021815 
0.000000 0.068751 0.000000 0.000000 0.057638 0.432576 0.000000 0.000000 0.000000 0.188891 0.000000 0.000000 0.000000 0.000000 0.000000 0.019947 0.000000 0.232197 
0.009282 0.044339 0.000000 0.000000 0.320575 0.099958 0.000000 0.000000 0.000000 0.000138 0.000000 0.000000 0.426840 0.000000 0.000000 0.000000 0.000000 0.098868 
0.000000 0.000000 0.016488 0.000000 0.060266 0.329119 0.000000 0.000000 0.012022 0.308262 0.023041 0.000000 0.000000 0.000000 0.000000 0.017503 0.000000 0.233297 
0.027081 0.011087 0.000000 0.000000 0.741920 0.148174 0.000000 0.000000 0.000000 0.000174 0.000000 0.000000 0.000000 0.016315 0.000000 0.000000 0.000000 0.055248 
0.000000 0.267762 0.000000 0.000000 0.016622 0.235291 0.000000 0.016108 0.000000 0.000154 0.000000 0.000000 0.000000 0.000000 0.000000 0.000000 0.000000 0.464063 
0.006193 0.000000 0.000000 0.000000 0.003671 0.022096 0.000000 0.000000 0.000000 0.003821 0.000000 0.000000 0.927868 0.018504 0.000000 0.000000 0.000000 0.017848 
0.000000 0.222164 0.000000 0.000000 0.025117 0.301122 0.000000 0.000000 0.000000 0.019461 0.000000 0.000000 0.000000 0.000000 0.000000 0.000000 0.000000 0.432136 
0.026379 0.000000 0.000000 0.000000 0.606126 0.261378 0.000000 0.000000 0.000000 0.003131 0.012760 0.000000 0.000000 0.000000 0.000000 0.000000 0.019516 0.070709 
0.000000 0.000000 0.000000 0.000000 0.064340 0.557098 0.026269 0.000000 0.000000 0.050380 0.000000 0.000000 0.000000 0.000000 0.000000 0.025193 0.019469 0.257250 
0.000000 0.000000 0.000000 0.000000 0.004306 0.013872 0.000000 0.014918 0.017598 0.074774 0.000000 0.000000 0.795386 0.000000 0.000000 0.000000 0.049591 0.029553 
0.006394 0.260759 0.000000 0.000000 0.016189 0.283197 0.014271 0.005708 0.000000 0.022825 0.000000 0.000000 0.000000 0.000000 0.000000 0.000000 0.000000 0.390657 
0.014712 0.015674 0.019743 0.000000 0.468174 0.123191 0.000000 0.000000 0.000000 0.000218 0.000000 0.013985 0.307705 0.000000 0.000000 0.000000 0.000000 0.036599 
0.000000 0.221254 0.038284 0.000000 0.060424 0.168298 0.019412 0.016819 0.000000 0.028122 0.000000 0.000000 0.000000 0.000000 0.000000 0.000000 0.000000 0.447387 
0.033130 0.000000 0.000000 0.000000 0.698808 0.193128 0.000000 0.000000 0.000000 0.000235 0.000000 0.000000 0.000000 0.000000 0.000000 0.000000 0.007042 0.067657 
0.000000 0.260506 0.000000 0.000000 0.018308 0.173479 0.000000 0.000000 0.000000 0.040173 0.000000 0.000000 0.000000 0.000000 0.000000 0.000000 0.004160 0.503373 
0.000000 0.000000 0.000000 0.000000 0.006016 0.025551 0.000000 0.000000 0.000000 0.097981 0.000000 0.000000 0.815292 0.000000 0.000000 0.001124 0.000000 0.054036 
0.000000 0.012640 0.000000 0.000000 0.123911 0.521717 0.024947 0.013183 0.000000 0.069523 0.000000 0.000000 0.000000 0.000000 0.000000 0.016372 0.000000 0.217706 
0.047885 0.016887 0.000000 0.000000 0.722878 0.169750 0.000000 0.000000 0.000000 0.029669 0.000000 0.000000 0.000000 0.000000 0.000000 0.000000 0.000000 0.012931 
0.000000 0.212221 0.000000 0.000000 0.020032 0.237781 0.000000 0.000000 0.000000 0.023397 0.000000 0.000000 0.000000 0.000000 0.000000 0.007234 0.000000 0.499334 
0.000000 0.032771 0.000000 0.000000 0.012026 0.008411 0.000000 0.000000 0.000000 0.003974 0.000000 0.000000 0.777204 0.000000 0.000000 0.000000 0.098800 0.066813 
0.000000 0.000000 0.000000 0.000000 0.045682 0.305046 0.000000 0.000000 0.000000 0.395685 0.000000 0.000000 0.000000 0.000000 0.000000 0.009115 0.000000 0.244471 
0.000000 0.000000 0.000000 0.000000 0.053741 0.341882 0.000000 0.011492 0.000000 0.327322 0.000000 0.000000 0.088778 0.000000 0.000000 0.013307 0.000000 0.163479 
0.000000 0.000000 0.000000 0.000000 0.007457 0.041584 0.000000 0.000000 0.000000 0.222741 0.000000 0.000000 0.624518 0.000000 0.000000 0.001888 0.000000 0.101811 
0.000000 0.000000 0.000000 0.000000 0.435455 0.145820 0.000000 0.000000 0.000000 0.055563 0.000000 0.000000 0.337738 0.000000 0.006139 0.000000 0.000000 0.019284 
0.010394 0.014757 0.000000 0.000000 0.327470 0.057390 0.000000 0.000000 0.000000 0.000115 0.000000 0.000000 0.550167 0.016275 0.000000 0.000000 0.000000 0.023432 
0.000000 0.014636 0.000000 0.000000 0.050048 0.093597 0.000000 0.000000 0.000000 0.638961 0.000000 0.000000 0.000000 0.000000 0.000000 0.000000 0.000000 0.202758 
0.000000 0.000000 0.000000 0.000000 0.721200 0.173229 0.000000 0.000000 0.000000 0.043188 0.000000 0.000000 0.000000 0.000000 0.008881 0.000000 0.022333 0.031169 
0.000000 0.000000 0.000000 0.006638 0.030390 0.210240 0.025202 0.000000 0.000000 0.109964 0.000000 0.000000 0.383238 0.014916 0.000000 0.004050 0.065837 0.149526 
0.000000 0.234092 0.000000 0.000000 0.015677 0.186909 0.000000 0.000000 0.000000 0.042612 0.000000 0.000000 0.184048 0.009572 0.000000 0.000000 0.000000 0.327090 
0.011463 0.013087 0.000000 0.000000 0.066151 0.074734 0.025801 0.000000 0.000000 0.606679 0.015374 0.000000 0.000000 0.000000 0.000000 0.000000 0.000000 0.186712 
0.000000 0.000000 0.000000 0.000000 0.006398 0.051732 0.000000 0.000000 0.000000 0.725134 0.000000 0.000000 0.000000 0.000000 0.000000 0.000000 0.000000 0.216736 
0.000000 0.183822 0.000000 0.000000 0.127989 0.211245 0.000000 0.000000 0.000000 0.029689 0.000000 0.000000 0.000000 0.000000 0.000000 0.000000 0.058435 0.388819 
0.000000 0.011187 0.000000 0.000000 0.017959 0.313675 0.021638 0.000000 0.000000 0.195774 0.011383 0.000000 0.281297 0.015515 0.000000 0.000000 0.000000 0.131572 
0.000000 0.222772 0.000000 0.000000 0.017351 0.193440 0.022274 0.009611 0.000000 0.000182 0.000000 0.000000 0.000000 0.000000 0.000000 0.000000 0.000000 0.534370 
0.000000 0.158192 0.000000 0.000000 0.277606 0.188868 0.000000 0.000000 0.000000 0.000217 0.000000 0.000000 0.000000 0.000000 0.000000 0.000000 0.030110 0.345007 
0.000000 0.210925 0.000000 0.000000 0.055063 0.199756 0.000000 0.000000 0.000000 0.069712 0.000000 0.000000 0.000000 0.000000 0.000000 0.007850 0.007595 0.449098 
0.000000 0.000000 0.000000 0.000000 0.014251 0.053575 0.000000 0.000000 0.000000 0.692597 0.000000 0.000000 0.000000 0.000000 0.000000 0.000000 0.000000 0.239577 
