-1912695.261742
0
0.015455 0.008239 0.000000 0.009069 0.014499 0.008536 0.001184 0.012910 0.020594 0.014041 0.007583 0.018607 0.010472 0.007498 0.013041 0.011946 0.036598 0.014622 0.033266 0.030077 0.004271 0.002622 0.006115 0.004317 0.007957 0.000000 0.001923 0.007474 0.007394 0.008206 0.002783 0.010449 0.025973 0.017829 0.000000 0.020315 0.004740 0.006375 0.009980 0.010054 0.016544 0.015068 0.022017 0.022971 0.002481 0.004056 0.007703 0.013746 0.009610 0.006533 0.000000 0.009217 0.006451 0.000000 0.000712 0.007022 0.018783 0.019414 0.000000 0.023018 0.007364 0.004563 0.008206 0.005560 0.016627 0.010892 0.016273 0.017201 0.001692 0.000000 0.006513 0.003765 0.011854 0.008237 0.003461 0.015046 0.002992 0.009028 0.000000 0.006570 0.010243 0.022968 0.004746 0.011538 0.010213 0.007524 0.008622 0.011933 0.019715 0.016895 0.014007 0.018478 0.006051 0.006148 0.006882 0.015829 
0.039047 0.033812 0.020751 0.026800 0.010053 0.005485 0.003115 0.004810 0.010666 0.007406 0.001758 0.004787 0.004834 0.003156 0.009327 0.001500 0.005516 0.000000 0.005459 0.000763 0.000000 0.000000 0.000885 0.000000 0.050841 0.068862 0.008985 0.048366 0.010489 0.009927 0.006572 0.010029 0.021946 0.013601 0.005812 0.019686 0.007587 0.011642 0.037794 0.011103 0.004337 0.001444 0.009102 0.004186 0.000000 0.000936 0.004221 0.000000 0.041053 0.043789 0.025482 0.027467 0.007502 0.009153 0.007371 0.006109 0.007310 0.007301 0.000000 0.007246 0.006506 0.004364 0.013132 0.004481 0.004318 0.000902 0.003118 0.000000 0.000000 0.000000 0.001627 0.000000 0.035355 0.058759 0.010866 0.039087 0.002883 0.010940 0.003040 0.004709 0.001959 0.004448 0.000000 0.007190 0.003887 0.004764 0.007980 0.003434 0.000000 0.000000 0.002415 0.000000 0.000000 0.000000 0.002654 0.000000 
0.000000 0.000008 0.035904 0.000000 0.000000 0.000000 0.000000 0.000000 0.000036 0.000002 0.024598 0.000002 0.000000 0.000001 0.009201 0.017448 0.000002 0.000004 0.000000 0.000010 0.000000 0.000000 0.000000 0.000000 0.000002 0.028452 0.000000 0.000002 0.000000 0.000000 0.008993 0.000000 0.000001 0.000003 0.000003 0.000006 0.049493 0.000000 0.000000 0.000000 0.000000 0.000001 0.000001 0.000000 0.000000 0.017315 0.000000 0.000000 0.000003 0.000000 0.000000 0.000000 0.000000 0.000000 0.000000 0.000000 0.000035 0.000000 0.000000 0.033330 0.000000 0.025352 0.000000 0.024168 0.000000 0.000000 0.000000 0.000001 0.000000 0.000000 0.000000 0.000000 0.000007 0.000031 0.000001 0.000058 0.000002 0.000000 0.000000 0.277710 0.282487 0.003372 0.000000 0.161951 0.000000 0.000000 0.000000 0.000000 0.000000 0.000000 0.000001 0.000001 0.000000 0.000000 0.000000 0.000000 
0.011776 0.009537 0.001037 0.006345 0.000000 0.001721 0.000000 0.001365 0.031583 0.013787 0.203027 0.012292 0.002973 0.001564 0.001518 0.007773 0.008917 0.004044 0.006501 0.005100 0.001278 0.001835 0.000727 0.003032 0.006831 0.008470 0.000000 0.006190 0.000000 0.000000 0.000000 0.000000 0.020155 0.019105 0.111905 0.016795 0.000000 0.001446 0.000000 0.000000 0.001799 0.003518 0.004813 0.004706 0.000000 0.001893 0.000000 0.000863 0.007953 0.005142 0.000000 0.002497 0.000000 0.000000 0.000000 0.000000 0.024908 0.029669 0.122791 0.016959 0.000000 0.000000 0.000000 0.001542 0.009765 0.006461 0.003497 0.008977 0.000000 0.000327 0.000303 0.000474 0.010617 0.011517 0.002350 0.013468 0.001998 0.001029 0.000000 0.002361 0.013884 0.016773 0.089566 0.013018 0.005187 0.001184 0.000000 0.002795 0.006227 0.003605 0.007818 0.004471 0.000542 0.000478 0.001476 0.002151 
0.000001 0.000017 0.000000 0.000000 0.000000 0.000000 0.000000 0.000000 0.000066 0.000004 0.000021 0.057436 0.000000 0.000001 0.000006 0.000002 0.000003 0.015508 0.000000 0.000018 0.000000 0.000000 0.000001 0.000000 0.000003 0.000000 0.000000 0.000005 0.000000 0.000000 0.000000 0.000000 0.000001 0.000005 0.000005 0.000009 0.000000 0.000000 0.000000 0.000000 0.000000 0.077329 0.055653 0.000000 0.000000 0.000000 0.000000 0.000000 0.000005 0.000001 0.000000 0.000000 0.000000 0.000000 0.000000 0.000000 0.000064 0.000000 0.000000 0.000020 0.000000 0.000000 0.085268 0.000000 0.046279 0.049877 0.000000 0.000001 0.000000 0.000000 0.000000 0.000000 0.000011 0.000055 0.023941 0.000112 0.039220 0.000000 0.000000 0.065938 0.007752 0.092111 0.018127 0.365114 0.000000 0.000000 0.000000 0.000000 0.000000 0.000000 0.000002 0.000002 0.000000 0.000000 0.000000 0.000000 
0.000705 0.000000 0.000000 0.000000 0.000000 0.000000 0.000162 0.000567 0.007627 0.002415 0.002745 0.003679 0.000000 0.000093 0.000393 0.000000 0.000895 0.000294 0.000000 0.001419 0.000000 0.000000 0.000164 0.000000 0.000339 0.000000 0.000000 0.000300 0.000000 0.000367 0.000000 0.000000 0.014821 0.002824 0.004814 0.009014 0.000000 0.000653 0.000000 0.000390 0.000583 0.000287 0.000471 0.000243 0.000000 0.000000 0.000000 0.000000 0.000474 0.000000 0.000000 0.000000 0.000000 0.000000 0.000000 0.000181 0.006355 0.001770 0.000000 0.002520 0.000000 0.000000 0.000000 0.000000 0.000000 0.000000 0.000000 0.000000 0.000000 0.000000 0.000000 0.000000 0.015474 0.006219 0.001703 0.011521 0.038805 0.000000 0.001598 0.066471 0.427699 0.082365 0.047457 0.231766 0.000187 0.000000 0.000000 0.000172 0.000000 0.000346 0.000285 0.000366 0.000000 0.000000 0.000000 0.000000 
0.000000 0.009370 0.000000 0.000000 0.000000 0.000000 0.000000 0.000000 0.010250 0.000001 0.050993 0.000001 0.000000 0.000000 0.000002 0.000001 0.009960 0.000002 0.015229 0.013783 0.000000 0.000000 0.000000 0.006644 0.011354 0.000000 0.000000 0.000001 0.000000 0.000000 0.000000 0.000000 0.000000 0.000001 0.023113 0.000003 0.000000 0.000000 0.000000 0.000000 0.000000 0.000000 0.000000 0.000000 0.003305 0.000000 0.000000 0.015534 0.000001 0.000000 0.000000 0.000000 0.000000 0.000000 0.000000 0.000000 0.026335 0.000000 0.000000 0.052178 0.000000 0.000000 0.000000 0.000000 0.000000 0.000000 0.000000 0.008057 0.000000 0.000000 0.000000 0.000000 0.000003 0.020847 0.000000 0.046536 0.000001 0.000000 0.000000 0.031046 0.378936 0.064783 0.059233 0.129877 0.000000 0.000000 0.000000 0.000000 0.001344 0.008571 0.000001 0.000001 0.002699 0.000000 0.000000 0.000000 
0.000000 0.018063 0.000000 0.061416 0.038922 0.000000 0.000000 0.000000 0.000019 0.000001 0.000006 0.000001 0.000000 0.000000 0.000002 0.000001 0.000001 0.039847 0.000000 0.000005 0.000000 0.000000 0.000000 0.000000 0.000001 0.000000 0.019488 0.000001 0.109695 0.000000 0.117445 0.007420 0.000000 0.000002 0.000002 0.000003 0.000000 0.000000 0.000000 0.000000 0.000000 0.000001 0.000000 0.000000 0.000000 0.000000 0.000000 0.000000 0.000001 0.000000 0.000000 0.000000 0.047063 0.000000 0.044219 0.000000 0.000018 0.000000 0.000000 0.000006 0.000000 0.135057 0.177558 0.000000 0.000000 0.000000 0.000000 0.017759 0.000000 0.000000 0.000000 0.000000 0.000003 0.000017 0.000000 0.000033 0.000001 0.000000 0.000000 0.001190 0.004067 0.002938 0.000000 0.012069 0.000000 0.000000 0.000000 0.000000 0.081185 0.000000 0.000001 0.064469 0.000000 0.000000 0.000000 0.000000 
0.000001 0.087188 0.000000 0.000001 0.000000 0.000000 0.000000 0.000000 0.000119 0.000008 0.000035 0.000008 0.000000 0.000002 0.000012 0.000003 0.000006 0.000014 0.000000 0.000033 0.000000 0.000000 0.000002 0.000000 0.000005 0.000000 0.000000 0.000008 0.000000 0.000000 0.000000 0.000000 0.000002 0.000010 0.000008 0.000017 0.000000 0.000000 0.000000 0.000000 0.000000 0.000003 0.000002 0.000000 0.000000 0.000000 0.000000 0.000000 0.000008 0.000001 0.000000 0.000001 0.031872 0.000000 0.000000 0.000000 0.000117 0.000001 0.000000 0.000033 0.000000 0.000000 0.000000 0.000000 0.000000 0.000000 0.000000 0.418383 0.000000 0.000000 0.000000 0.000000 0.000018 0.000091 0.000002 0.000191 0.000005 0.000000 0.000000 0.002990 0.059527 0.276845 0.000001 0.008690 0.000000 0.000000 0.000000 0.000000 0.000000 0.000000 0.000003 0.000004 0.000000 0.000000 0.000000 0.113725 
0.000000 0.000001 0.020278 0.000000 0.000000 0.000000 0.012266 0.000000 0.037063 0.008376 0.016173 0.000000 0.000000 0.007870 0.001809 0.017581 0.058174 0.029246 0.009540 0.035874 0.000000 0.000000 0.002695 0.000000 0.000000 0.000000 0.010904 0.024427 0.003241 0.000000 0.000000 0.000000 0.000000 0.018977 0.094661 0.021342 0.007004 0.000000 0.006536 0.017976 0.000000 0.000000 0.000586 0.000000 0.000000 0.000000 0.010955 0.000000 0.024916 0.022442 0.015708 0.020858 0.000000 0.067826 0.000000 0.000000 0.033499 0.000000 0.094133 0.000001 0.000000 0.000000 0.000000 0.000000 0.033487 0.000000 0.000000 0.005349 0.000000 0.000000 0.000000 0.000000 0.038201 0.016225 0.002009 0.047331 0.000000 0.000000 0.012348 0.001271 0.026349 0.008052 0.000000 0.012504 0.000000 0.000000 0.000000 0.000000 0.008464 0.000000 0.012533 0.022934 0.000000 0.000000 0.000000 0.000000 
0.027168 0.023112 0.000000 0.019273 0.031268 0.015083 0.008983 0.031856 0.016638 0.006525 0.000000 0.015099 0.006951 0.009043 0.003926 0.006610 0.000000 0.005624 0.000000 0.011156 0.001009 0.001088 0.011863 0.010621 0.022807 0.024091 0.000000 0.018239 0.019409 0.018581 0.000000 0.036537 0.008147 0.002770 0.004240 0.011953 0.010592 0.018411 0.011559 0.022407 0.003096 0.016032 0.000000 0.007437 0.001859 0.006882 0.012900 0.006505 0.006353 0.011565 0.000000 0.013557 0.014346 0.016697 0.000000 0.026249 0.016375 0.000960 0.000000 0.002095 0.002648 0.000000 0.000000 0.010898 0.000000 0.003339 0.000000 0.000000 0.006275 0.008412 0.026101 0.010255 0.008768 0.020055 0.000000 0.015086 0.025395 0.028212 0.004140 0.050904 0.008782 0.010698 0.000000 0.008830 0.006388 0.011098 0.004755 0.018779 0.000000 0.007421 0.001452 0.003996 0.006037 0.007583 0.016739 0.011405 
0.086987 0.584184 0.000000 0.174552 0.000000 0.119833 0.000000 0.000000 0.000000 0.034443 0.000000 
0.011364 0.011179 0.000000 0.000007 0.000000 0.951406 0.000000 0.000000 0.003838 0.000001 0.022204 
0.544568 0.043775 0.010911 0.034647 0.000000 0.000000 0.000000 0.010373 0.000000 0.000001 0.355725 
0.099239 0.014970 0.000000 0.825568 0.000000 0.007078 0.000000 0.000000 0.000000 0.053144 0.000000 
0.294162 0.007030 0.000000 0.180263 0.000000 0.000000 0.000000 0.029226 0.000000 0.039041 0.450278 
0.101116 0.000013 0.000000 0.787821 0.000000 0.000000 0.000000 0.000000 0.024048 0.060637 0.026364 
0.131680 0.000012 0.000000 0.848042 0.000000 0.000000 0.000000 0.000000 0.000000 0.020266 0.000000 
0.690471 0.052708 0.000000 0.028250 0.000000 0.174629 0.000000 0.003569 0.000000 0.050373 0.000000 
0.045881 0.065535 0.000000 0.127562 0.000000 0.705161 0.000000 0.000000 0.000000 0.023635 0.032226 
0.204783 0.000014 0.000000 0.172891 0.020913 0.316029 0.000000 0.016066 0.000000 0.000001 0.269303 
0.796220 0.074983 0.000000 0.062546 0.000000 0.000000 0.009638 0.000000 0.000000 0.000001 0.056612 
0.751482 0.105925 0.000000 0.039805 0.000000 0.000000 0.017732 0.000000 0.000000 0.085056 0.000000 
0.012853 0.000008 0.000000 0.020899 0.000000 0.966239 0.000000 0.000000 0.000000 0.000001 0.000000 
0.771055 0.084078 0.000000 0.029829 0.000000 0.000000 0.000000 0.000000 0.000000 0.096033 0.019006 
0.357182 0.058319 0.000000 0.000011 0.000000 0.000000 0.032750 0.014580 0.000000 0.008706 0.528452 
0.768150 0.104189 0.000000 0.039710 0.000000 0.000000 0.000000 0.000000 0.000000 0.087951 0.000000 
0.069942 0.866177 0.000000 0.000014 0.000000 0.000000 0.000000 0.027549 0.000000 0.036318 0.000000 
0.147725 0.000011 0.000000 0.805979 0.000000 0.000000 0.000000 0.000000 0.000000 0.046285 0.000000 
0.065751 0.881589 0.000000 0.000014 0.000000 0.000000 0.000000 0.016548 0.000000 0.036098 0.000000 
0.754709 0.062192 0.000000 0.064217 0.000000 0.074978 0.000000 0.000000 0.000000 0.043904 0.000000 
0.106420 0.039306 0.000000 0.297653 0.000000 0.476409 0.000000 0.000000 0.000000 0.000001 0.080211 
0.246022 0.390743 0.000000 0.000011 0.000000 0.060674 0.000000 0.000000 0.000000 0.027136 0.275415 
0.682428 0.000013 0.000000 0.159721 0.000000 0.032251 0.000000 0.000000 0.000000 0.051752 0.073836 
0.183630 0.018922 0.000000 0.409654 0.000000 0.387793 0.000000 0.000000 0.000000 0.000001 0.000000 
0.746064 0.022543 0.000000 0.080268 0.000000 0.000000 0.015711 0.000000 0.000000 0.060182 0.075233 
0.057182 0.869998 0.000000 0.000012 0.000000 0.044529 0.000000 0.000000 0.000000 0.028279 0.000000 
0.287929 0.641969 0.000000 0.000012 0.000000 0.000000 0.000000 0.000000 0.000000 0.070090 0.000000 
0.394796 0.064799 0.000000 0.000010 0.000000 0.000000 0.000000 0.013700 0.000000 0.000001 0.526694 
0.530483 0.071041 0.000000 0.330885 0.000000 0.000000 0.000000 0.000000 0.000000 0.067592 0.000000 
0.040462 0.311004 0.000000 0.000012 0.000000 0.621904 0.000000 0.000000 0.000000 0.026619 0.000000 
0.356119 0.000013 0.000000 0.063332 0.000000 0.000000 0.000000 0.008324 0.000000 0.052356 0.519857 
0.831011 0.053713 0.000000 0.044166 0.000000 0.000000 0.000000 0.000000 0.000000 0.071109 0.000000 
0.049006 0.000011 0.000000 0.196513 0.000000 0.681322 0.067108 0.006039 0.000000 0.000001 0.000000 
0.339182 0.084509 0.000000 0.000012 0.000000 0.000000 0.000000 0.009835 0.000000 0.025999 0.540462 
0.094158 0.000013 0.000000 0.840688 0.000000 0.000000 0.000000 0.000000 0.000000 0.065142 0.000000 
0.043012 0.000017 0.000000 0.170127 0.000000 0.780310 0.000000 0.000000 0.000000 0.006534 0.000000 
0.159181 0.000012 0.000000 0.809517 0.000000 0.000000 0.000000 0.000000 0.000000 0.031290 0.000000 
0.553988 0.048971 0.000000 0.391745 0.000000 0.000000 0.000000 0.000000 0.000000 0.005296 0.000000 
0.255964 0.000014 0.000000 0.126351 0.000000 0.000000 0.000000 0.034234 0.000000 0.018765 0.564672 
0.074918 0.821730 0.000000 0.000012 0.000000 0.067704 0.000000 0.000000 0.000000 0.000001 0.035634 
0.220915 0.156828 0.000000 0.396456 0.000000 0.000000 0.000000 0.008078 0.000000 0.040632 0.177091 
0.380049 0.024769 0.000000 0.000011 0.000000 0.000000 0.013833 0.013384 0.000000 0.018621 0.549333 
0.146566 0.000011 0.000000 0.774550 0.000000 0.000000 0.000000 0.000000 0.000000 0.078873 0.000000 
0.687468 0.000013 0.000000 0.036323 0.000000 0.107451 0.000000 0.000000 0.000000 0.115587 0.053159 
0.255955 0.056505 0.000000 0.126986 0.046865 0.000000 0.074235 0.010018 0.000000 0.000001 0.429434 
0.373720 0.023415 0.000000 0.000008 0.000000 0.000000 0.000000 0.000000 0.000000 0.000001 0.602856 
0.723129 0.139669 0.000000 0.040600 0.000000 0.000000 0.000000 0.000000 0.000000 0.067812 0.028790 
0.343680 0.532650 0.000000 0.000013 0.000000 0.065385 0.029395 0.016897 0.000000 0.011980 0.000000 
0.155336 0.303377 0.000000 0.000011 0.000000 0.152294 0.073015 0.000000 0.000000 0.031740 0.284228 
0.002744 0.041137 0.000000 0.000010 0.007888 0.938993 0.000000 0.000000 0.000000 0.009228 0.000000 
0.001403 0.000017 0.000000 0.000011 0.000000 0.995299 0.000000 0.000000 0.000000 0.003270 0.000000 
0.254786 0.701506 0.000000 0.000011 0.000000 0.000000 0.000000 0.000000 0.000000 0.043697 0.000000 
0.057193 0.688034 0.000000 0.177206 0.000000 0.000000 0.009037 0.000000 0.000000 0.068530 0.000000 
0.119004 0.016190 0.018320 0.000010 0.000000 0.823606 0.000000 0.000000 0.000000 0.022871 0.000000 
0.133921 0.055083 0.000000 0.795833 0.015162 0.000000 0.000000 0.000000 0.000000 0.000001 0.000000 
0.058743 0.059402 0.000000 0.000010 0.000000 0.867786 0.000000 0.000000 0.000000 0.014059 0.000000 
0.179304 0.000013 0.000000 0.748850 0.000000 0.000000 0.023669 0.000000 0.000000 0.048164 0.000000 
0.045980 0.000014 0.000000 0.015342 0.000000 0.858621 0.000000 0.000000 0.000000 0.012643 0.067400 
0.101376 0.739979 0.000000 0.000010 0.000000 0.106209 0.000000 0.000000 0.000000 0.032152 0.020274 
0.638395 0.031978 0.000000 0.021664 0.000000 0.000000 0.000000 0.000000 0.000000 0.076728 0.231235 
0.179682 0.680950 0.000000 0.000010 0.000000 0.000000 0.000000 0.000000 0.000000 0.008428 0.130930 
0.157800 0.000011 0.000000 0.789255 0.000000 0.000000 0.000000 0.000000 0.000000 0.052934 0.000000 
0.454118 0.043704 0.022437 0.013947 0.000000 0.000000 0.000000 0.025111 0.000000 0.000001 0.440682 
0.280115 0.000012 0.000000 0.006260 0.000000 0.623335 0.000000 0.000000 0.000000 0.072344 0.017934 
0.248371 0.089184 0.000000 0.187148 0.024258 0.000000 0.045227 0.015858 0.000000 0.000001 0.389952 
0.062036 0.862135 0.000000 0.000013 0.000000 0.000000 0.000000 0.000000 0.000000 0.024871 0.050945 
0.130658 0.000013 0.000000 0.836142 0.000000 0.000000 0.000000 0.000000 0.000000 0.033186 0.000000 
0.001319 0.000012 0.023222 0.064350 0.000000 0.897281 0.000000 0.000000 0.000000 0.000001 0.013815 
0.046375 0.914293 0.000000 0.000010 0.000000 0.000000 0.000000 0.011362 0.000000 0.006792 0.021168 
0.001047 0.073873 0.038983 0.000012 0.017263 0.861898 0.000000 0.000000 0.000000 0.000001 0.006922 
0.294935 0.141177 0.022673 0.000009 0.000000 0.133584 0.000000 0.029962 0.000000 0.000001 0.377657 
0.646356 0.069582 0.000000 0.043287 0.000000 0.000000 0.000000 0.000000 0.000000 0.065518 0.175257 
0.059264 0.863239 0.011820 0.013210 0.000000 0.000000 0.000000 0.022195 0.000000 0.030273 0.000000 
0.215340 0.000013 0.000000 0.629746 0.000000 0.000000 0.000000 0.000000 0.000000 0.016193 0.138708 
0.113885 0.878730 0.007373 0.000011 0.000000 0.000000 0.000000 0.000000 0.000000 0.000001 0.000000 
0.144937 0.210592 0.000000 0.247016 0.000000 0.321204 0.000000 0.000000 0.000000 0.000001 0.076250 
0.775193 0.073598 0.020866 0.029075 0.000000 0.018181 0.000000 0.000000 0.000000 0.083086 0.000000 
0.107552 0.727590 0.000000 0.000012 0.000000 0.136310 0.000000 0.000000 0.000000 0.028535 0.000000 
0.735993 0.146678 0.000000 0.036011 0.000000 0.000000 0.000000 0.000000 0.000000 0.019266 0.062052 
0.111026 0.437906 0.000000 0.391973 0.000000 0.059094 0.000000 0.000000 0.000000 0.000001 0.000000 
0.282548 0.054264 0.000000 0.592206 0.000000 0.000000 0.038758 0.000000 0.000000 0.032224 0.000000 
0.034105 0.908766 0.000000 0.025512 0.000000 0.019422 0.000000 0.000000 0.012194 0.000001 0.000000 
0.573316 0.061876 0.000000 0.143421 0.000000 0.166163 0.000000 0.000000 0.009810 0.045415 0.000000 
0.472602 0.088663 0.000000 0.020086 0.000000 0.000000 0.000000 0.000000 0.000000 0.000001 0.418648 
0.646388 0.032860 0.000000 0.213831 0.000000 0.050680 0.000000 0.000000 0.000000 0.056240 0.000000 
0.000837 0.000012 0.016749 0.000009 0.000000 0.943870 0.038522 0.000000 0.000000 0.000001 0.000000 
0.344372 0.031581 0.000000 0.055848 0.000000 0.000000 0.000000 0.013270 0.000000 0.000001 0.554927 
0.365613 0.000013 0.031809 0.047423 0.000000 0.492025 0.000000 0.000000 0.000000 0.016814 0.046301 
0.709597 0.146632 0.000000 0.035049 0.000000 0.000000 0.000000 0.028641 0.000000 0.080081 0.000000 
0.088009 0.588257 0.000000 0.298597 0.000000 0.000000 0.000000 0.000000 0.000000 0.025137 0.000000 
0.456196 0.038256 0.000000 0.181854 0.000000 0.000000 0.000000 0.000000 0.000000 0.000001 0.323692 
0.281410 0.401962 0.044605 0.000013 0.000000 0.000000 0.000000 0.017586 0.000000 0.000001 0.254424 
0.024262 0.000012 0.000000 0.254392 0.000000 0.515709 0.150063 0.000000 0.000000 0.015152 0.040409 
0.732255 0.069054 0.023234 0.030796 0.036099 0.000000 0.063104 0.000000 0.000000 0.045459 0.000000 
0.107640 0.000012 0.000000 0.828777 0.000000 0.000000 0.017390 0.006685 0.018540 0.020956 0.000000 
0.701585 0.062146 0.000000 0.057333 0.000000 0.146638 0.000000 0.000000 0.000000 0.032299 0.000000 
0.061108 0.000013 0.019007 0.232419 0.010137 0.662682 0.000000 0.000000 0.000000 0.014634 0.000000 
0.351693 0.099335 0.000000 0.000010 0.000000 0.000000 0.000000 0.025260 0.000000 0.033863 0.489838 
0.319242 0.080099 0.000000 0.000007 0.000000 0.000000 0.000000 0.030764 0.000000 0.000001 0.569886 
0.146277 0.736908 0.000000 0.008354 0.000000 0.000000 0.000000 0.000000 0.000000 0.048622 0.059839 
0.281737 0.514278 0.000000 0.024955 0.000000 0.179029 0.000000 0.000000 0.000000 0.000001 0.000000 
0.047972 0.277201 0.000000 0.536585 0.000000 0.000000 0.000000 0.000000 0.000000 0.095048 0.043194 
0.785469 0.042359 0.000000 0.034464 0.000000 0.000000 0.000000 0.000000 0.000000 0.029881 0.107827 
0.015223 0.018894 0.013813 0.000007 0.000000 0.952063 0.000000 0.000000 0.000000 0.000001 0.000000 
0.122924 0.021266 0.000000 0.803243 0.000000 0.000000 0.000000 0.000000 0.000000 0.052567 0.000000 
0.095278 0.000014 0.000000 0.664350 0.000000 0.219880 0.000000 0.000000 0.000000 0.020478 0.000000 
0.809538 0.053682 0.000000 0.019442 0.000000 0.000000 0.000000 0.010841 0.000000 0.106497 0.000000 
0.821684 0.050861 0.000000 0.046915 0.000000 0.029948 0.000000 0.000000 0.000000 0.050592 0.000000 
0.105026 0.866552 0.000000 0.000010 0.000000 0.000000 0.000000 0.000000 0.010841 0.017572 0.000000 
0.187679 0.794369 0.000000 0.017951 0.000000 0.000000 0.000000 0.000000 0.000000 0.000001 0.000000 
0.580933 0.149716 0.000000 0.044741 0.000000 0.151850 0.000000 0.000000 0.000000 0.072760 0.000000 
0.055662 0.034731 0.000000 0.021229 0.000000 0.882599 0.000000 0.000000 0.005778 0.000001 0.000000 
0.601788 0.184108 0.000000 0.021125 0.000000 0.000000 0.000000 0.009439 0.000000 0.088890 0.094649 
0.095993 0.000012 0.000000 0.367285 0.000000 0.427482 0.000000 0.000000 0.000000 0.000001 0.109227 
0.509510 0.386312 0.000000 0.044640 0.014635 0.000000 0.000000 0.000000 0.000000 0.044904 0.000000 
0.091041 0.000012 0.000000 0.842140 0.012387 0.000000 0.000000 0.000000 0.000000 0.029783 0.024637 
0.419451 0.010382 0.000000 0.000012 0.000000 0.000000 0.000000 0.018142 0.000000 0.000001 0.552012 
0.029454 0.016111 0.000000 0.016862 0.000000 0.937572 0.000000 0.000000 0.000000 0.000001 0.000000 
0.453608 0.000013 0.000000 0.000011 0.000000 0.000000 0.000000 0.021230 0.000000 0.047465 0.477673 
0.248838 0.000012 0.013898 0.682807 0.000000 0.000000 0.000000 0.000000 0.000000 0.054445 0.000000 
0.832561 0.056563 0.000000 0.033542 0.000000 0.000000 0.025054 0.000000 0.000000 0.052280 0.000000 
0.025577 0.111529 0.000000 0.000011 0.000000 0.862882 0.000000 0.000000 0.000000 0.000001 0.000000 
0.443690 0.014443 0.000000 0.000011 0.000000 0.000000 0.000000 0.013493 0.000000 0.042223 0.486139 
0.109752 0.000012 0.012774 0.545140 0.000000 0.303704 0.000000 0.000000 0.000000 0.022646 0.005971 
0.298431 0.043683 0.000000 0.054670 0.000000 0.000000 0.000000 0.036232 0.000000 0.048664 0.518319 
0.177526 0.000013 0.000000 0.784556 0.000000 0.000000 0.000000 0.000000 0.000000 0.037906 0.000000 
0.303456 0.079997 0.013734 0.009006 0.000000 0.000000 0.000000 0.024648 0.000000 0.000001 0.569156 
0.028188 0.138235 0.000000 0.000010 0.000000 0.803879 0.029687 0.000000 0.000000 0.000001 0.000000 
0.744017 0.066351 0.009984 0.103621 0.000000 0.000000 0.000000 0.000000 0.000000 0.069213 0.006815 
0.102414 0.000013 0.000000 0.826635 0.000000 0.000000 0.000000 0.000000 0.000000 0.070938 0.000000 
0.387424 0.058994 0.000000 0.011838 0.000000 0.000000 0.000000 0.018738 0.000000 0.000001 0.523005 
0.026445 0.000013 0.045503 0.008681 0.000000 0.842523 0.000000 0.004309 0.000000 0.000001 0.072525 
0.410115 0.497182 0.000000 0.024085 0.000000 0.000000 0.000000 0.009799 0.013024 0.045796 0.000000 
0.450125 0.367205 0.000000 0.025036 0.000000 0.090728 0.000000 0.000000 0.000000 0.066905 0.000000 
0.064344 0.290637 0.000000 0.007132 0.000000 0.631677 0.000000 0.006210 0.000000 0.000001 0.000000 
0.081224 0.034719 0.000000 0.492900 0.040219 0.313423 0.000000 0.000000 0.000000 0.037515 0.000000 
0.035944 0.000011 0.000000 0.389851 0.000000 0.553033 0.000000 0.000000 0.000000 0.000001 0.021160 
0.124665 0.802444 0.000000 0.040596 0.000000 0.000000 0.000000 0.000000 0.008016 0.024279 0.000000 
0.124368 0.026954 0.009114 0.816823 0.000000 0.000000 0.000000 0.000000 0.000000 0.022741 0.000000 
0.340713 0.140611 0.034807 0.000012 0.000000 0.421225 0.000000 0.000000 0.000000 0.062632 0.000000 
0.285450 0.051762 0.000000 0.000009 0.000000 0.118268 0.090642 0.013346 0.000000 0.000001 0.440521 
0.127647 0.751806 0.000000 0.081004 0.004052 0.000000 0.000000 0.000000 0.000000 0.000001 0.035490 
0.045173 0.914663 0.000000 0.000010 0.000000 0.000000 0.000000 0.025590 0.005364 0.009200 0.000000 
0.323565 0.029791 0.022702 0.117816 0.000000 0.040110 0.000000 0.018940 0.000000 0.035308 0.411769 
0.443563 0.219084 0.000000 0.000011 0.000000 0.288012 0.000000 0.000000 0.000000 0.039834 0.009495 
0.349957 0.031843 0.000000 0.013019 0.000000 0.000000 0.000000 0.028882 0.000000 0.000001 0.576298 
0.273748 0.024346 0.000000 0.303034 0.000000 0.029644 0.000000 0.015518 0.000000 0.000001 0.353709 
0.343922 0.095652 0.016852 0.050148 0.000000 0.000000 0.000000 0.027434 0.000000 0.000001 0.465991 
0.068751 0.881960 0.000000 0.000009 0.000000 0.000000 0.000000 0.000000 0.000000 0.049280 0.000000 
0.096750 0.720649 0.000000 0.182600 0.000000 0.000000 0.000000 0.000000 0.000000 0.000001 0.000000 
0.199400 0.000011 0.000000 0.764581 0.000000 0.000000 0.000000 0.000000 0.000000 0.036008 0.000000 
0.156669 0.778423 0.000000 0.000011 0.000000 0.000000 0.000000 0.000000 0.000000 0.064897 0.000000 
0.073422 0.000013 0.000000 0.850197 0.000000 0.000000 0.000000 0.005018 0.000000 0.049395 0.021955 
0.093083 0.198874 0.000000 0.630837 0.019223 0.000000 0.057983 0.000000 0.000000 0.000001 0.000000 
0.101558 0.803912 0.000000 0.065841 0.000000 0.000000 0.000000 0.000000 0.000000 0.028689 0.000000 
0.056483 0.830240 0.000000 0.027731 0.000000 0.000000 0.000000 0.000000 0.000000 0.085547 0.000000 
0.416452 0.066450 0.000000 0.000010 0.000000 0.093768 0.000000 0.015918 0.000000 0.029004 0.378398 
0.825174 0.000014 0.000000 0.037581 0.000000 0.000000 0.000000 0.000000 0.000000 0.069695 0.067536 
0.293948 0.038373 0.000000 0.028582 0.000000 0.519738 0.084554 0.000000 0.000000 0.034805 0.000000 
0.130272 0.178806 0.000000 0.643713 0.000000 0.000000 0.000000 0.000000 0.000000 0.047210 0.000000 
0.099965 0.000013 0.000000 0.857001 0.000000 0.000000 0.000000 0.000000 0.000000 0.000001 0.043019 
0.331034 0.052060 0.000000 0.000012 0.000000 0.000000 0.019901 0.030216 0.000000 0.012462 0.554315 
0.266512 0.000013 0.000000 0.474964 0.000000 0.000000 0.000000 0.000000 0.000000 0.038928 0.219583 
0.024620 0.000012 0.000000 0.004362 0.000000 0.971005 0.000000 0.000000 0.000000 0.000001 0.000000 
0.822954 0.067108 0.000000 0.033283 0.000000 0.000000 0.000000 0.000000 0.000000 0.076655 0.000000 
0.153019 0.754460 0.000000 0.000011 0.000000 0.000000 0.000000 0.000000 0.000000 0.018161 0.074349 
0.769310 0.050102 0.000000 0.064134 0.000000 0.000000 0.022005 0.000000 0.000000 0.056106 0.038343 
0.087932 0.000012 0.000000 0.859307 0.000000 0.000000 0.000000 0.009316 0.000000 0.043433 0.000000 
0.089740 0.429536 0.000000 0.170830 0.000000 0.294102 0.000000 0.015791 0.000000 0.000001 0.000000 
0.781016 0.000015 0.000000 0.038660 0.000000 0.000000 0.000000 0.000000 0.000000 0.104276 0.076033 
0.146594 0.000013 0.000000 0.718860 0.000000 0.110727 0.000000 0.000000 0.000000 0.023806 0.000000 
0.710476 0.085123 0.000000 0.072634 0.000000 0.000000 0.000000 0.000000 0.000000 0.026707 0.105060 
0.265070 0.464439 0.000000 0.000011 0.000000 0.000000 0.000000 0.000000 0.000000 0.026798 0.243682 
0.255234 0.677078 0.000000 0.035798 0.000000 0.000000 0.000000 0.000000 0.000000 0.031889 0.000000 
0.097148 0.873411 0.000000 0.000014 0.000000 0.000000 0.017308 0.000000 0.004672 0.007447 0.000000 
0.155068 0.000013 0.000000 0.779568 0.000000 0.000000 0.020390 0.000000 0.000000 0.044961 0.000000 
0.313117 0.000014 0.000000 0.623696 0.011541 0.000000 0.000000 0.000000 0.000000 0.051632 0.000000 
0.127007 0.185983 0.000000 0.643233 0.000000 0.000000 0.015364 0.000000 0.000000 0.028413 0.000000 
0.367535 0.047641 0.000000 0.034739 0.000000 0.423796 0.000000 0.014452 0.000000 0.000001 0.111836 
0.841873 0.043753 0.000000 0.050961 0.000000 0.000000 0.000000 0.000000 0.000000 0.063413 0.000000 
0.130753 0.774037 0.000000 0.010559 0.000000 0.043610 0.000000 0.000000 0.000000 0.017295 0.023745 
0.837028 0.050492 0.000000 0.025521 0.000000 0.000000 0.000000 0.000000 0.000000 0.061153 0.025806 
0.388590 0.052168 0.038463 0.000008 0.000000 0.000000 0.000000 0.010421 0.000000 0.000001 0.510349 
0.077394 0.882033 0.016947 0.006849 0.000000 0.000000 0.000000 0.011042 0.005734 0.000001 0.000000 
0.100711 0.096111 0.000000 0.694629 0.000000 0.099597 0.000000 0.000000 0.008950 0.000001 0.000000 
0.123526 0.861092 0.000000 0.015380 0.000000 0.000000 0.000000 0.000000 0.000000 0.000001 0.000000 
0.610468 0.067018 0.000000 0.271198 0.000000 0.000000 0.000000 0.000000 0.000000 0.051316 0.000000 
0.051436 0.000014 0.000000 0.311399 0.000000 0.618753 0.000000 0.000000 0.000000 0.018399 0.000000 
0.382672 0.046518 0.000000 0.038534 0.000000 0.000000 0.000000 0.027736 0.000000 0.000001 0.504538 
0.399792 0.000016 0.000000 0.037445 0.000000 0.517119 0.000000 0.000000 0.000000 0.045628 0.000000 
0.702760 0.073813 0.000000 0.026331 0.000000 0.127515 0.000000 0.000000 0.000000 0.069581 0.000000 
0.000311 0.003134 0.000000 0.000008 0.000000 0.974678 0.021867 0.000000 0.000000 0.000001 0.000000 
0.227387 0.000013 0.000000 0.000009 0.000000 0.413875 0.000000 0.013844 0.000000 0.018596 0.326275 
0.043851 0.902639 0.000000 0.000008 0.000000 0.000000 0.000000 0.000000 0.000000 0.053501 0.000000 
0.380021 0.000012 0.034479 0.000011 0.000000 0.000000 0.000000 0.031582 0.000000 0.021322 0.532573 
0.100200 0.880794 0.000000 0.000013 0.010282 0.000000 0.000000 0.000000 0.000000 0.008711 0.000000 
0.679364 0.000014 0.000000 0.156562 0.000000 0.000000 0.000000 0.000000 0.000000 0.094843 0.069217 
0.168970 0.012449 0.000000 0.000010 0.000000 0.794105 0.000000 0.000000 0.000000 0.024466 0.000000 
0.009137 0.011877 0.000000 0.004956 0.000000 0.974028 0.000000 0.000000 0.000000 0.000001 0.000000 
0.812006 0.066927 0.000000 0.067366 0.000000 0.000000 0.000000 0.000000 0.000000 0.053701 0.000000 
0.188359 0.000012 0.000000 0.801473 0.000000 0.000000 0.000000 0.000000 0.000000 0.010155 0.000000 
0.145582 0.000012 0.000000 0.791051 0.000000 0.000000 0.000000 0.000000 0.000000 0.063355 0.000000 
0.313024 0.065458 0.000000 0.005652 0.010891 0.000000 0.030921 0.032568 0.026922 0.000001 0.514562 
0.582885 0.029930 0.000000 0.014579 0.000000 0.306227 0.000000 0.000000 0.000000 0.066378 0.000000 
0.194856 0.030088 0.000000 0.627842 0.000000 0.000000 0.000000 0.000000 0.000000 0.000001 0.147213 
0.277390 0.079989 0.000000 0.239731 0.000000 0.010433 0.000000 0.028825 0.000000 0.000001 0.363630 
0.719041 0.100387 0.000000 0.075480 0.000000 0.000000 0.000000 0.002109 0.000000 0.000001 0.102983 
0.789705 0.104104 0.023402 0.024003 0.000000 0.000000 0.000000 0.000000 0.000000 0.058786 0.000000 
0.019367 0.021221 0.000000 0.000008 0.000000 0.861678 0.000000 0.000000 0.000000 0.000001 0.097725 
0.663605 0.045553 0.000000 0.137244 0.000000 0.000000 0.000000 0.000000 0.000000 0.048924 0.104674 
0.420791 0.044268 0.000000 0.008566 0.000000 0.000000 0.000000 0.020798 0.000000 0.029141 0.476436 
0.131123 0.000013 0.000000 0.684688 0.000000 0.000000 0.000000 0.009590 0.000000 0.052801 0.121785 
0.722374 0.088860 0.000000 0.059379 0.000000 0.000000 0.000000 0.000000 0.000000 0.070112 0.059275 
0.613392 0.212200 0.000000 0.018432 0.000000 0.000000 0.000000 0.020317 0.000000 0.099695 0.035963 
0.666377 0.226795 0.000000 0.020983 0.000000 0.000000 0.000000 0.000000 0.000000 0.085845 0.000000 
0.054829 0.007793 0.000000 0.243651 0.000000 0.693725 0.000000 0.000000 0.000000 0.000001 0.000000 
0.705826 0.016969 0.039065 0.128736 0.021394 0.000000 0.000000 0.000000 0.026243 0.061766 0.000000 
0.128960 0.101361 0.000000 0.017578 0.000000 0.746195 0.000000 0.000000 0.000000 0.000001 0.005905 
0.107069 0.892919 0.000000 0.000010 0.000000 0.000000 0.000000 0.000000 0.000000 0.000001 0.000000 
0.375298 0.000013 0.018913 0.546472 0.000000 0.000000 0.000000 0.000000 0.000000 0.059304 0.000000 
0.801428 0.071634 0.000000 0.043594 0.000000 0.000000 0.011454 0.006181 0.000000 0.045352 0.020357 
0.006014 0.000014 0.000000 0.179634 0.000000 0.782094 0.000000 0.000000 0.000000 0.020759 0.011485 
0.106618 0.035981 0.000000 0.000008 0.000000 0.621457 0.000000 0.005415 0.016568 0.000001 0.213953 
0.753692 0.081316 0.000000 0.045056 0.000000 0.000000 0.000000 0.000000 0.000000 0.104034 0.015902 
0.196299 0.749184 0.000000 0.000011 0.000000 0.000000 0.031215 0.000000 0.000000 0.023291 0.000000 
0.790518 0.055134 0.013431 0.021184 0.000000 0.000000 0.000000 0.000000 0.000000 0.119733 0.000000 
0.099467 0.825546 0.000000 0.074986 0.000000 0.000000 0.000000 0.000000 0.000000 0.000001 0.000000 
0.742075 0.053981 0.000000 0.063542 0.000000 0.000000 0.000000 0.000000 0.000000 0.079975 0.060428 
0.294399 0.166588 0.000000 0.000009 0.000000 0.014694 0.000000 0.019468 0.000000 0.029517 0.475326 
0.133506 0.000013 0.000000 0.805515 0.000000 0.000000 0.000000 0.000000 0.000000 0.060966 0.000000 
0.101023 0.790624 0.017282 0.012071 0.007695 0.000000 0.000000 0.000000 0.000000 0.000001 0.071303 
0.331462 0.011314 0.043210 0.000009 0.000000 0.553087 0.000000 0.000000 0.007928 0.020354 0.032636 
0.170579 0.000014 0.000000 0.787719 0.000000 0.000000 0.000000 0.000000 0.000000 0.041689 0.000000 
0.333328 0.085065 0.000000 0.000010 0.000000 0.000000 0.000000 0.012278 0.000000 0.009955 0.559364 
0.781736 0.038765 0.000000 0.074470 0.000000 0.000000 0.000000 0.000000 0.000000 0.105029 0.000000 
0.014724 0.004071 0.000000 0.003212 0.000000 0.977992 0.000000 0.000000 0.000000 0.000001 0.000000 
0.220713 0.236231 0.000000 0.022041 0.018368 0.427176 0.000000 0.009195 0.000000 0.066276 0.000000 
0.187904 0.091742 0.000000 0.013504 0.000000 0.677280 0.000000 0.010021 0.000000 0.019549 0.000000 
0.022163 0.106899 0.000000 0.047126 0.009872 0.762139 0.051799 0.000000 0.000000 0.000001 0.000000 
0.127942 0.022964 0.010027 0.839066 0.000000 0.000000 0.000000 0.000000 0.000000 0.000001 0.000000 
0.797181 0.078610 0.000000 0.062805 0.000000 0.000000 0.000000 0.015542 0.000000 0.045862 0.000000 
0.104986 0.000013 0.000000 0.829674 0.000000 0.000000 0.000000 0.011751 0.000000 0.053577 0.000000 
0.062567 0.000012 0.000000 0.124369 0.000000 0.813051 0.000000 0.000000 0.000000 0.000001 0.000000 
0.132730 0.010544 0.000000 0.014962 0.000000 0.835664 0.000000 0.000000 0.000000 0.006101 0.000000 
0.082636 0.352175 0.010186 0.362430 0.000000 0.179931 0.000000 0.012640 0.000000 0.000001 0.000000 
0.085303 0.024799 0.000000 0.614297 0.000000 0.230308 0.000000 0.000000 0.000000 0.045292 0.000000 
0.387914 0.050332 0.000000 0.004488 0.000000 0.000000 0.000000 0.014146 0.000000 0.000001 0.543118 
0.044271 0.562690 0.000000 0.000011 0.000000 0.333541 0.000000 0.017369 0.000000 0.020919 0.021199 
0.053629 0.894859 0.000000 0.013802 0.007362 0.000000 0.000000 0.016711 0.000000 0.013637 0.000000 
0.111680 0.000014 0.022580 0.685670 0.000000 0.141578 0.000000 0.003467 0.000000 0.035011 0.000000 
0.134831 0.204276 0.000000 0.616277 0.000000 0.000000 0.000000 0.000000 0.000000 0.028852 0.015764 
0.017341 0.087959 0.000000 0.002712 0.000000 0.856765 0.000000 0.000000 0.000000 0.000001 0.035221 
0.058499 0.011727 0.000000 0.000008 0.000000 0.929765 0.000000 0.000000 0.000000 0.000001 0.000000 
0.505545 0.000013 0.000000 0.021612 0.000000 0.000000 0.000000 0.010051 0.000000 0.030501 0.432278 
0.009733 0.007312 0.000000 0.000009 0.000000 0.982945 0.000000 0.000000 0.000000 0.000001 0.000000 
0.213124 0.418690 0.000000 0.000011 0.000000 0.000000 0.000000 0.000000 0.000000 0.017576 0.350600 
0.822017 0.033774 0.000000 0.045893 0.000000 0.000000 0.000000 0.000000 0.000000 0.098316 0.000000 
0.803121 0.065238 0.000000 0.097461 0.000000 0.000000 0.000000 0.000000 0.000000 0.034179 0.000000 
0.813940 0.056228 0.000000 0.037331 0.000000 0.000000 0.000000 0.000000 0.000000 0.029946 0.062555 
0.484950 0.306887 0.000000 0.048737 0.000000 0.000000 0.000000 0.000000 0.000000 0.000001 0.159425 
0.416742 0.073706 0.000000 0.010172 0.000000 0.000000 0.000000 0.010205 0.000000 0.000001 0.489173 
0.411629 0.034344 0.000000 0.016132 0.000000 0.000000 0.000000 0.032906 0.000000 0.000001 0.504989 
0.038703 0.000014 0.000000 0.175044 0.000000 0.786239 0.000000 0.000000 0.000000 0.000001 0.000000 
0.411561 0.030878 0.000000 0.000011 0.000000 0.000000 0.000000 0.018984 0.000000 0.019382 0.519184 
0.097644 0.024765 0.000000 0.851072 0.000000 0.000000 0.000000 0.000000 0.000000 0.000001 0.026518 
0.023200 0.086331 0.000000 0.000009 0.000000 0.890458 0.000000 0.000000 0.000000 0.000001 0.000000 
0.264206 0.024073 0.000000 0.481131 0.000000 0.000000 0.000000 0.004703 0.000000 0.000001 0.225885 
0.147268 0.771431 0.000000 0.012293 0.000000 0.000000 0.000000 0.027109 0.000000 0.000001 0.041897 
0.138433 0.086640 0.000000 0.717650 0.000000 0.000000 0.000000 0.000000 0.000000 0.023733 0.033544 
0.121784 0.000014 0.000000 0.618189 0.000000 0.107734 0.000000 0.009917 0.000000 0.046395 0.095968 
0.467783 0.038266 0.000000 0.027229 0.000000 0.428216 0.000000 0.000000 0.000000 0.038506 0.000000 
0.065887 0.463535 0.026942 0.000011 0.000000 0.418627 0.000000 0.000000 0.000000 0.017314 0.007686 
0.775780 0.085638 0.000000 0.031704 0.000000 0.000000 0.000000 0.000000 0.000000 0.106879 0.000000 
0.311031 0.069425 0.000000 0.000010 0.000000 0.000000 0.000000 0.026427 0.000000 0.028532 0.564574 
0.830592 0.060898 0.000000 0.037354 0.000000 0.000000 0.000000 0.000000 0.000000 0.071156 0.000000 
0.006270 0.000014 0.000000 0.035679 0.000000 0.926758 0.000000 0.000000 0.000000 0.015294 0.015985 
0.279878 0.216076 0.000000 0.058145 0.017583 0.000000 0.000000 0.021360 0.000000 0.000001 0.406956 
0.006886 0.002542 0.000000 0.006868 0.000000 0.983703 0.000000 0.000000 0.000000 0.000001 0.000000 
0.714165 0.060245 0.000000 0.031163 0.000000 0.092765 0.000000 0.000000 0.000000 0.092856 0.008806 
0.200285 0.026669 0.000000 0.008536 0.000000 0.468166 0.000000 0.023702 0.000000 0.000001 0.272640 
0.229647 0.642730 0.010018 0.117605 0.000000 0.000000 0.000000 0.000000 0.000000 0.000001 0.000000 
0.145195 0.030005 0.000000 0.016299 0.000000 0.575514 0.000000 0.010403 0.000000 0.000001 0.222584 
0.567588 0.000013 0.000000 0.034234 0.000000 0.000000 0.057946 0.014954 0.000000 0.061076 0.264189 
0.084511 0.000013 0.012256 0.814996 0.000000 0.000000 0.017373 0.000000 0.000000 0.070851 0.000000 
0.113783 0.855317 0.000000 0.018063 0.000000 0.000000 0.012836 0.000000 0.000000 0.000001 0.000000 
0.151819 0.000011 0.000000 0.793476 0.000000 0.000000 0.013921 0.000000 0.000000 0.040774 0.000000 
0.070219 0.918487 0.000000 0.011293 0.000000 0.000000 0.000000 0.000000 0.000000 0.000001 0.000000 
0.140776 0.806599 0.000000 0.045405 0.000000 0.000000 0.000000 0.000000 0.007218 0.000001 0.000000 
0.006202 0.100561 0.000000 0.008106 0.000000 0.862622 0.000000 0.000000 0.006850 0.000001 0.015658 
0.115975 0.025592 0.000000 0.828654 0.009884 0.000000 0.000000 0.000000 0.000000 0.019895 0.000000 
0.128709 0.000013 0.000000 0.811643 0.000000 0.000000 0.027928 0.006757 0.000000 0.024950 0.000000 
0.161936 0.000013 0.000000 0.497066 0.000000 0.330856 0.000000 0.000000 0.000000 0.010128 0.000000 
0.000262 0.001668 0.000000 0.004571 0.000000 0.984913 0.006703 0.000000 0.000000 0.000002 0.001882 
0.663342 0.067432 0.000000 0.204106 0.000000 0.000000 0.000000 0.000000 0.000000 0.065120 0.000000 
0.017554 0.011681 0.000000 0.000012 0.000000 0.970752 0.000000 0.000000 0.000000 0.000001 0.000000 
0.203263 0.545261 0.000000 0.007968 0.000000 0.000000 0.000000 0.000000 0.007550 0.036577 0.199382 
0.151224 0.785156 0.000000 0.018991 0.000000 0.000000 0.000000 0.000000 0.000000 0.044628 0.000000 
0.538021 0.000018 0.000000 0.044764 0.000000 0.407017 0.000000 0.000000 0.000000 0.010180 0.000000 
0.261026 0.204692 0.000000 0.021539 0.000000 0.458761 0.000000 0.000000 0.000000 0.000001 0.053980 
0.255589 0.161520 0.000000 0.022963 0.000000 0.551574 0.000000 0.000000 0.008353 0.000001 0.000000 
0.162512 0.586000 0.000000 0.000009 0.000000 0.000000 0.000000 0.000000 0.000000 0.000001 0.251478 
0.064750 0.008270 0.000000 0.304541 0.000000 0.570645 0.000000 0.000000 0.000000 0.051795 0.000000 
0.213682 0.000013 0.000000 0.684884 0.000000 0.054398 0.000000 0.000000 0.000000 0.047023 0.000000 
0.110759 0.000013 0.000000 0.822548 0.000000 0.000000 0.000000 0.005260 0.012466 0.048954 0.000000 
