-1914696.640081
0
0.000000 0.000000 0.000000 0.000000 0.000000 0.000000 0.000000 0.000000 0.000132 0.000000 0.000000 0.000000 0.000000 0.000000 0.000000 0.000000 0.000000 0.000000 0.000000 0.000000 0.000000 0.000000 0.119152 0.000000 0.000000 0.000000 0.000000 0.000000 0.000000 0.000000 0.000000 0.000000 0.000000 0.000000 0.000000 0.000017 0.000000 0.000000 0.000000 0.000000 0.000000 0.142229 0.028205 0.000000 0.050752 0.123960 0.000000 0.000000 0.000009 0.000000 0.000000 0.000000 0.000000 0.000000 0.000000 0.000000 0.000001 0.000001 0.000000 0.000001 0.000000 0.000000 0.000000 0.000000 0.000000 0.000000 0.000000 0.075541 0.040001 0.000000 0.000000 0.043991 0.000000 0.000000 0.000000 0.000000 0.000001 0.000000 0.067937 0.068870 0.000171 0.060828 0.000000 0.000045 0.000000 0.000000 0.000000 0.101009 0.000000 0.000000 0.000000 0.000000 0.077145 0.000000 0.000000 0.000000 
0.000000 0.000000 0.000000 0.000000 0.050359 0.000000 0.000000 0.000000 0.084836 0.000000 0.000000 0.000000 0.000000 0.000000 0.011775 0.000000 0.000000 0.000000 0.000000 0.000000 0.000000 0.000000 0.000000 0.000000 0.000000 0.014561 0.000000 0.000000 0.000000 0.000000 0.000000 0.000000 0.000000 0.000000 0.000000 0.024632 0.000000 0.000000 0.000000 0.000000 0.032333 0.000001 0.000000 0.000000 0.000000 0.000000 0.000000 0.000000 0.000007 0.000000 0.000000 0.000000 0.000000 0.000000 0.000000 0.000000 0.000001 0.000001 0.000000 0.021535 0.000000 0.008682 0.000000 0.020251 0.000000 0.000000 0.000000 0.012289 0.000000 0.000000 0.000000 0.000000 0.000000 0.000000 0.000000 0.000000 0.000001 0.000000 0.000000 0.109788 0.230719 0.000067 0.000000 0.378160 0.000000 0.000000 0.000000 0.000000 0.000000 0.000000 0.000000 0.000000 0.000000 0.000000 0.000000 0.000000 
0.000000 0.013571 0.000000 0.000000 0.000000 0.000000 0.007961 0.000000 0.022555 0.000000 0.022610 0.010164 0.000000 0.002276 0.000000 0.000000 0.000000 0.000000 0.007845 0.000000 0.000000 0.000000 0.003747 0.000000 0.012392 0.000000 0.000000 0.004157 0.000000 0.000000 0.000000 0.000000 0.000000 0.000000 0.000000 0.012134 0.000000 0.000000 0.000000 0.000000 0.000000 0.000000 0.010232 0.000000 0.000000 0.000000 0.000000 0.006144 0.000002 0.000000 0.000000 0.000000 0.000000 0.000000 0.000000 0.000000 0.006296 0.000000 0.000000 0.018398 0.000000 0.000000 0.000000 0.000000 0.000000 0.000000 0.000000 0.005635 0.000000 0.000000 0.000000 0.000000 0.000000 0.028807 0.000000 0.034107 0.028491 0.000000 0.000000 0.000001 0.423813 0.055281 0.085645 0.169298 0.000000 0.000000 0.000000 0.000000 0.000000 0.002907 0.005528 0.000000 0.000000 0.000000 0.000000 0.000000 
0.031656 0.018904 0.000000 0.000000 0.008934 0.000000 0.025216 0.050103 0.004396 0.000000 0.000000 0.000000 0.000000 0.000000 0.000000 0.000000 0.000000 0.008306 0.000000 0.012459 0.000000 0.000000 0.023712 0.029812 0.000000 0.031079 0.000000 0.000000 0.000000 0.000000 0.000000 0.020831 0.000000 0.000000 0.000000 0.000001 0.000000 0.001053 0.000000 0.010381 0.000000 0.039611 0.000000 0.000000 0.004653 0.008985 0.036770 0.014056 0.004493 0.000000 0.000000 0.000000 0.000000 0.000000 0.000000 0.023536 0.042647 0.000000 0.000000 0.000000 0.000000 0.000000 0.000000 0.000000 0.000000 0.011482 0.000000 0.000000 0.018488 0.025850 0.059978 0.030302 0.000000 0.000000 0.000000 0.000000 0.075881 0.017305 0.002586 0.100998 0.025610 0.031566 0.000000 0.000002 0.000000 0.000000 0.000000 0.022315 0.000000 0.021724 0.003282 0.000000 0.016895 0.025513 0.023359 0.035270 
0.044398 0.036744 0.026922 0.025397 0.000000 0.000000 0.004440 0.000000 0.002142 0.007159 0.003103 0.000000 0.003302 0.000000 0.006784 0.000000 0.007122 0.000000 0.009003 0.000000 0.000000 0.000000 0.000000 0.000000 0.056395 0.084626 0.011961 0.056167 0.004302 0.004437 0.004401 0.000000 0.024069 0.014784 0.007188 0.020312 0.002441 0.006970 0.044805 0.006684 0.004862 0.001697 0.013031 0.000000 0.000000 0.000000 0.006344 0.000000 0.046217 0.046206 0.032790 0.029051 0.000000 0.006889 0.008737 0.000000 0.010942 0.009445 0.003183 0.009373 0.007448 0.000000 0.014987 0.000000 0.007297 0.000000 0.000000 0.001871 0.000000 0.000000 0.000000 0.000000 0.043551 0.068935 0.015006 0.046388 0.004077 0.000000 0.003010 0.000000 0.003076 0.007538 0.000000 0.006727 0.002256 0.000727 0.008288 0.000000 0.000000 0.000000 0.003991 0.000000 0.000000 0.000000 0.000000 0.000000 
0.000000 0.035235 0.000000 0.031517 0.000000 0.000000 0.000000 0.035060 0.030064 0.000000 0.000000 0.000000 0.000000 0.000000 0.000000 0.000000 0.000000 0.000000 0.000000 0.000000 0.000000 0.000000 0.000000 0.000000 0.013328 0.000000 0.000000 0.000000 0.000000 0.000000 0.000000 0.000000 0.000000 0.000000 0.062611 0.000012 0.000000 0.000000 0.000000 0.000000 0.000000 0.028897 0.000000 0.000000 0.000000 0.000000 0.000000 0.000000 0.007032 0.000000 0.000000 0.000000 0.000000 0.000000 0.000000 0.000000 0.000001 0.031488 0.000000 0.065473 0.000000 0.000000 0.000000 0.000000 0.000000 0.000000 0.000000 0.000000 0.000000 0.000000 0.000000 0.000000 0.000000 0.000000 0.000000 0.000000 0.062766 0.000000 0.000000 0.000004 0.000162 0.232797 0.000000 0.363553 0.000000 0.000000 0.000000 0.000000 0.000000 0.000000 0.000000 0.000000 0.000000 0.000000 0.000000 0.000000 
0.000000 0.000000 0.000000 0.000000 0.000000 0.000000 0.000000 0.000000 0.000047 0.000000 0.000000 0.000000 0.000000 0.000000 0.000000 0.000000 0.000000 0.000000 0.000000 0.000000 0.284164 0.000000 0.000000 0.000000 0.000000 0.000000 0.000000 0.000000 0.000000 0.000000 0.000000 0.000000 0.000000 0.000000 0.000000 0.000006 0.000000 0.000000 0.000000 0.000000 0.000000 0.000001 0.000000 0.000000 0.000000 0.000000 0.000000 0.000000 0.000003 0.000000 0.000000 0.000000 0.000000 0.000000 0.000000 0.000000 0.000000 0.000000 0.000000 0.000000 0.000000 0.000000 0.000000 0.014614 0.000000 0.000000 0.000000 0.000000 0.098381 0.000000 0.000000 0.182892 0.000000 0.000000 0.000000 0.000000 0.109989 0.000000 0.000000 0.000001 0.000057 0.000030 0.000000 0.000014 0.000000 0.000000 0.000000 0.000000 0.000000 0.000000 0.000000 0.000000 0.000000 0.309800 0.000000 0.000000 
0.000000 0.000000 0.000000 0.000000 0.000000 0.000000 0.000000 0.000000 0.091853 0.000000 0.000000 0.000000 0.000000 0.000000 0.063170 0.000000 0.053657 0.000000 0.000000 0.000000 0.000000 0.000000 0.000000 0.000000 0.000000 0.000000 0.000000 0.000000 0.000000 0.000000 0.032848 0.000000 0.031045 0.050561 0.039563 0.018077 0.035836 0.000000 0.000000 0.000000 0.000000 0.000000 0.000000 0.039557 0.000000 0.000000 0.000000 0.000000 0.110766 0.096243 0.032777 0.027063 0.029280 0.000000 0.000000 0.000000 0.000000 0.000000 0.000000 0.000000 0.000000 0.050105 0.000000 0.002461 0.000000 0.024443 0.068289 0.000000 0.000000 0.000000 0.000000 0.000000 0.014266 0.000000 0.000000 0.000000 0.000000 0.054878 0.000000 0.000001 0.011331 0.000015 0.000000 0.000007 0.000000 0.000000 0.000000 0.000000 0.000000 0.008665 0.000000 0.000000 0.000000 0.000000 0.000000 0.013243 
0.013104 0.003942 0.001191 0.001762 0.004023 0.003249 0.002840 0.008949 0.017347 0.013292 0.011860 0.015662 0.009985 0.004655 0.014867 0.012664 0.053235 0.017411 0.043437 0.036322 0.000000 0.003874 0.005810 0.006012 0.000000 0.000000 0.003252 0.002894 0.000000 0.001460 0.000000 0.000000 0.030866 0.025096 0.012068 0.020008 0.000000 0.000000 0.008651 0.005235 0.019997 0.017724 0.029374 0.025411 0.003024 0.003146 0.011273 0.016638 0.012885 0.000000 0.003631 0.008302 0.000000 0.000000 0.000000 0.000153 0.026210 0.023296 0.000000 0.029560 0.007777 0.002112 0.006826 0.000000 0.022531 0.013573 0.021427 0.020308 0.000000 0.000000 0.005516 0.000000 0.015875 0.004892 0.005891 0.016361 0.000000 0.000000 0.000000 0.001105 0.013964 0.029113 0.005503 0.012511 0.010101 0.002929 0.008181 0.009865 0.022852 0.022125 0.019734 0.020877 0.007666 0.000000 0.004860 0.019880 
0.000684 0.000000 0.000000 0.000000 0.000000 0.000000 0.000000 0.000458 0.007117 0.002432 0.002970 0.003625 0.000000 0.000000 0.000000 0.000000 0.000748 0.000322 0.000000 0.001292 0.000000 0.000000 0.000000 0.000000 0.000000 0.000000 0.000000 0.000000 0.000000 0.000394 0.000000 0.000000 0.014988 0.002419 0.004818 0.008553 0.000000 0.000696 0.000000 0.000364 0.000000 0.000114 0.000000 0.000000 0.000000 0.000000 0.000000 0.000000 0.000355 0.000000 0.000000 0.000000 0.000000 0.000000 0.000000 0.000000 0.006543 0.001552 0.000000 0.002494 0.000000 0.000000 0.000000 0.000000 0.000000 0.000000 0.000000 0.000000 0.000000 0.000000 0.000000 0.000000 0.015747 0.006145 0.001729 0.011725 0.039329 0.000000 0.001610 0.066867 0.429188 0.082595 0.048067 0.234061 0.000000 0.000000 0.000000 0.000000 0.000000 0.000000 0.000000 0.000000 0.000000 0.000000 0.000000 0.000000 
0.000000 0.000000 0.000000 0.000000 0.000000 0.000000 0.000000 0.000000 0.000093 0.000000 0.000000 0.019780 0.000000 0.000000 0.000000 0.046052 0.000000 0.000000 0.046156 0.000000 0.000000 0.023671 0.000000 0.000000 0.021956 0.000000 0.000000 0.000000 0.000000 0.000000 0.000000 0.000000 0.000000 0.000000 0.000000 0.000009 0.022712 0.027673 0.024364 0.000000 0.000000 0.059237 0.087440 0.000000 0.000000 0.016023 0.000000 0.000000 0.020015 0.000000 0.000000 0.000000 0.000000 0.000000 0.000000 0.000000 0.000001 0.086426 0.000000 0.000000 0.000000 0.000000 0.000000 0.053643 0.000000 0.000000 0.000000 0.000000 0.000000 0.000000 0.064214 0.000000 0.000000 0.000000 0.000000 0.000000 0.040447 0.000000 0.000000 0.033615 0.000120 0.000053 0.079017 0.000025 0.074243 0.000000 0.000000 0.031816 0.000000 0.044475 0.076723 0.000000 0.000000 0.000000 0.000000 0.000000 
0.008995 0.000000 0.009388 0.000000 0.000000 0.000000 0.001825 0.005600 0.061274 0.026568 0.094938 0.012215 0.000000 0.010919 0.000000 0.015299 0.006433 0.026409 0.015949 0.031400 0.000000 0.000000 0.003478 0.000000 0.008099 0.000000 0.000000 0.024175 0.002649 0.000000 0.000000 0.000000 0.000000 0.000000 0.048929 0.032413 0.003555 0.000000 0.000000 0.004670 0.000000 0.000000 0.000000 0.000000 0.000000 0.000000 0.000000 0.001321 0.010552 0.036929 0.000000 0.001759 0.000000 0.014060 0.000000 0.000000 0.028709 0.018996 0.154604 0.000000 0.000000 0.000000 0.000000 0.000000 0.025496 0.008701 0.000000 0.018009 0.000000 0.000000 0.000000 0.006741 0.013580 0.006484 0.000000 0.030516 0.012191 0.006823 0.001584 0.000000 0.025938 0.016469 0.048480 0.003341 0.000000 0.007265 0.000000 0.000000 0.000000 0.000000 0.000000 0.027631 0.000970 0.009409 0.000000 0.008261 
0.024774 0.025298 0.003239 0.031294 0.039881 0.021091 0.000000 0.019847 0.021561 0.010647 0.000000 0.020999 0.010186 0.013040 0.006460 0.008745 0.000000 0.005796 0.000000 0.009573 0.000000 0.000000 0.004337 0.000000 0.034375 0.019672 0.001740 0.027982 0.029620 0.025737 0.008745 0.038810 0.013284 0.003967 0.000000 0.018222 0.016375 0.024237 0.018404 0.025495 0.004665 0.002817 0.000000 0.011298 0.000000 0.004390 0.000000 0.002680 0.008901 0.022157 0.000000 0.019612 0.023118 0.018762 0.003526 0.024409 0.002173 0.003028 0.000000 0.004187 0.004649 0.009165 0.011924 0.016546 0.001105 0.000000 0.000000 0.001957 0.000000 0.000000 0.006703 0.000000 0.013471 0.030429 0.000000 0.022577 0.000000 0.030769 0.003492 0.020971 0.000559 0.000996 0.000000 0.012545 0.008688 0.016408 0.007892 0.014276 0.006686 0.000000 0.000000 0.007668 0.000000 0.000000 0.011371 0.000000 
0.000000 0.000000 0.009234 0.000000 0.000000 0.005158 0.000000 0.000000 0.007620 0.000000 0.000000 0.000000 0.000000 0.000000 0.011007 0.000000 0.000000 0.000000 0.000000 0.010978 0.000000 0.000000 0.000000 0.005244 0.015062 0.000000 0.000000 0.000000 0.000000 0.000000 0.000000 0.000000 0.000000 0.022700 0.000000 0.024681 0.000000 0.000000 0.000000 0.000000 0.013222 0.000001 0.005623 0.010664 0.000969 0.000000 0.001742 0.000000 0.000003 0.000000 0.000000 0.000000 0.000000 0.000000 0.000000 0.006997 0.000000 0.000000 0.000000 0.000000 0.000000 0.006203 0.000000 0.000000 0.000000 0.000000 0.000000 0.000000 0.000000 0.000000 0.000000 0.000000 0.000000 0.000000 0.000000 0.000000 0.000000 0.000000 0.000000 0.168371 0.506512 0.079749 0.000000 0.066420 0.003035 0.000000 0.000000 0.000000 0.000000 0.000000 0.000000 0.018803 0.000000 0.000000 0.000000 0.000000 
0.011418 0.010956 0.000000 0.007443 0.000000 0.002049 0.000000 0.000000 0.026909 0.011274 0.226312 0.011877 0.003166 0.000000 0.001127 0.006466 0.009192 0.000000 0.002911 0.000000 0.002505 0.001852 0.000000 0.003277 0.006239 0.008765 0.000486 0.003407 0.000000 0.000000 0.000000 0.000000 0.022587 0.022202 0.127074 0.013676 0.000000 0.001694 0.000000 0.000000 0.001191 0.003260 0.003968 0.004521 0.000000 0.002074 0.000000 0.000000 0.007430 0.000000 0.000000 0.002912 0.000000 0.000000 0.000000 0.000000 0.024509 0.030354 0.121737 0.019155 0.000000 0.000000 0.000000 0.001932 0.007366 0.005678 0.003180 0.007176 0.000000 0.000000 0.000000 0.000000 0.010596 0.012546 0.002537 0.011467 0.000000 0.000000 0.000000 0.002816 0.011968 0.016127 0.097585 0.014715 0.005506 0.000000 0.000000 0.002805 0.006927 0.003148 0.008435 0.000000 0.000000 0.000000 0.001513 0.000000 
0.000000 0.000000 0.000000 0.000000 0.454787 0.000000 0.003365 0.027914 0.059059 0.118871 0.000000 0.028722 0.156987 0.000000 0.150295 
0.008411 0.000000 0.000000 0.000000 0.006915 0.000000 0.002156 0.000000 0.013412 0.946481 0.000000 0.000002 0.022622 0.000000 0.000000 
0.000000 0.000000 0.000000 0.141563 0.000000 0.000000 0.005410 0.000000 0.404539 0.000000 0.000000 0.038614 0.409873 0.000000 0.000001 
0.000000 0.000000 0.000000 0.000000 0.013099 0.000000 0.000000 0.000000 0.092043 0.000000 0.000000 0.214093 0.027107 0.010335 0.643324 
0.000000 0.000000 0.000000 0.164074 0.000000 0.000000 0.000000 0.017446 0.218133 0.000000 0.000000 0.090084 0.391345 0.000000 0.118918 
0.000000 0.000000 0.000000 0.014003 0.000000 0.000000 0.000000 0.000000 0.126813 0.000000 0.000000 0.204607 0.038464 0.000000 0.616114 
0.000000 0.000000 0.000000 0.000000 0.000000 0.000000 0.004766 0.000000 0.108180 0.000000 0.019090 0.108667 0.034013 0.000000 0.725284 
0.000000 0.000000 0.000000 0.000000 0.000000 0.000000 0.007547 0.000000 0.532406 0.172930 0.000000 0.060987 0.226129 0.000000 0.000000 
0.000000 0.000000 0.000000 0.006237 0.043673 0.000000 0.000000 0.004049 0.051926 0.701187 0.000000 0.010795 0.064243 0.000000 0.117890 
0.000000 0.000000 0.000000 0.070541 0.000000 0.000000 0.005643 0.000000 0.157604 0.329116 0.000000 0.051554 0.264089 0.000000 0.121453 
0.000000 0.000000 0.000000 0.019112 0.000000 0.000000 0.019739 0.000000 0.602759 0.000000 0.000000 0.047684 0.282809 0.010021 0.017876 
0.015603 0.000000 0.016983 0.000000 0.036072 0.000000 0.011217 0.033759 0.553405 0.000000 0.000000 0.090359 0.242602 0.000000 0.000000 
0.000000 0.000000 0.000000 0.000000 0.000000 0.000000 0.000000 0.000000 0.006596 0.898780 0.000000 0.000002 0.002340 0.069996 0.022285 
0.000000 0.000000 0.000000 0.000000 0.000000 0.000000 0.017685 0.055662 0.572745 0.000000 0.022672 0.067279 0.263956 0.000000 0.000000 
0.000000 0.000000 0.028092 0.194882 0.000000 0.000000 0.002985 0.000000 0.281343 0.000000 0.000000 0.004374 0.488323 0.000000 0.000001 
0.000000 0.000000 0.000000 0.000000 0.000000 0.000000 0.018170 0.020513 0.589784 0.000000 0.000000 0.089890 0.281642 0.000000 0.000000 
0.000000 0.000000 0.000000 0.000000 0.637052 0.000000 0.000000 0.064031 0.020425 0.000000 0.000000 0.014023 0.264468 0.000000 0.000000 
0.000000 0.000000 0.000000 0.000000 0.000000 0.000000 0.000000 0.000000 0.108573 0.000000 0.025195 0.186862 0.031707 0.000000 0.647664 
0.000000 0.000000 0.000000 0.000000 0.654168 0.000000 0.000000 0.062544 0.020063 0.000000 0.000000 0.011813 0.251412 0.000000 0.000000 
0.015089 0.028238 0.000000 0.000000 0.024826 0.000000 0.018923 0.000000 0.603230 0.051158 0.000000 0.000003 0.196802 0.000000 0.061731 
0.000000 0.000000 0.000000 0.045766 0.024137 0.000000 0.000000 0.000000 0.091905 0.470458 0.000000 0.031632 0.079183 0.000000 0.256920 
0.000000 0.024805 0.000000 0.107243 0.269581 0.000000 0.000000 0.022920 0.166258 0.000000 0.000000 0.005925 0.357486 0.045781 0.000001 
0.025977 0.000000 0.036420 0.000000 0.000000 0.000000 0.011273 0.000000 0.513519 0.000000 0.000000 0.077031 0.233716 0.000000 0.102062 
0.000000 0.000000 0.000000 0.000000 0.000000 0.000000 0.000000 0.000000 0.169437 0.384726 0.000000 0.049984 0.048604 0.000000 0.347249 
0.000000 0.000000 0.014758 0.000000 0.000000 0.000000 0.024626 0.000000 0.583489 0.000000 0.000000 0.126916 0.250211 0.000000 0.000000 
0.000000 0.000000 0.000000 0.000000 0.697208 0.000000 0.001054 0.023163 0.034994 0.044019 0.000000 0.000003 0.199558 0.000000 0.000001 
0.000000 0.000000 0.000000 0.000000 0.471175 0.000000 0.003264 0.033490 0.218639 0.000000 0.000000 0.017307 0.256124 0.000000 0.000001 
0.000000 0.000000 0.000000 0.181619 0.000000 0.000000 0.000000 0.000000 0.288676 0.000000 0.000000 0.000002 0.529702 0.000000 0.000000 
0.009611 0.000000 0.000000 0.000000 0.000000 0.000000 0.000000 0.000000 0.395235 0.000000 0.000000 0.147812 0.211870 0.000000 0.235472 
0.000000 0.000000 0.000000 0.000000 0.232959 0.000000 0.000000 0.027184 0.037064 0.618229 0.000000 0.000003 0.084561 0.000000 0.000001 
0.009997 0.000000 0.000000 0.155257 0.000000 0.000000 0.013647 0.000000 0.246841 0.000000 0.000000 0.117557 0.456701 0.000000 0.000001 
0.000000 0.000000 0.000000 0.000000 0.000000 0.000000 0.020174 0.000000 0.640049 0.000000 0.000000 0.000003 0.291553 0.000000 0.048222 
0.000000 0.000000 0.000000 0.000000 0.000000 0.000000 0.001469 0.000000 0.048736 0.725892 0.000000 0.000003 0.028039 0.000000 0.195861 
0.000000 0.000000 0.000000 0.194202 0.021843 0.000000 0.000000 0.000000 0.257706 0.000000 0.000000 0.016552 0.509697 0.000000 0.000000 
0.000000 0.000000 0.000000 0.000000 0.000000 0.000000 0.000000 0.022599 0.108334 0.000000 0.000000 0.183442 0.008503 0.000000 0.677122 
0.000000 0.000000 0.000000 0.000000 0.000000 0.000000 0.001652 0.015094 0.045366 0.776555 0.000000 0.000003 0.001528 0.000000 0.159803 
0.000000 0.000000 0.000000 0.000000 0.000000 0.000000 0.000000 0.000000 0.137880 0.000000 0.000000 0.161618 0.042714 0.000000 0.657788 
0.000000 0.000000 0.000000 0.006023 0.000000 0.000000 0.011796 0.000000 0.420750 0.000000 0.000000 0.083667 0.173090 0.000000 0.304674 
0.011888 0.000000 0.009640 0.179690 0.000000 0.000000 0.000000 0.000000 0.192266 0.000000 0.000000 0.000003 0.486491 0.000000 0.120022 
0.000000 0.000000 0.069945 0.019732 0.596802 0.000000 0.000000 0.037693 0.025009 0.000000 0.000000 0.000002 0.250817 0.000000 0.000000 
0.000000 0.000000 0.000000 0.067262 0.109846 0.000000 0.000000 0.000000 0.188812 0.000000 0.000000 0.077979 0.226423 0.000000 0.329677 
0.017995 0.000000 0.000000 0.211855 0.000000 0.000000 0.004012 0.000000 0.284630 0.000000 0.000000 0.012673 0.468834 0.000000 0.000000 
0.000000 0.000000 0.000000 0.000000 0.000000 0.000000 0.000000 0.000000 0.186432 0.000000 0.000000 0.134353 0.026600 0.000000 0.652615 
0.000000 0.000000 0.000000 0.018051 0.000000 0.000000 0.008056 0.000000 0.565401 0.106705 0.000000 0.098217 0.203569 0.000000 0.000000 
0.000000 0.035860 0.051229 0.205350 0.027091 0.000000 0.002486 0.000000 0.217120 0.000000 0.000000 0.049048 0.319652 0.000000 0.092165 
0.000000 0.000000 0.000000 0.245951 0.000000 0.000000 0.012242 0.000000 0.238260 0.000000 0.041616 0.000002 0.461928 0.000000 0.000000 
0.000000 0.000000 0.000000 0.005483 0.057469 0.000000 0.009969 0.000000 0.546772 0.000000 0.000000 0.084601 0.295705 0.000000 0.000000 
0.000000 0.000000 0.053194 0.000000 0.396678 0.000000 0.009470 0.000000 0.264762 0.038473 0.000000 0.000003 0.237419 0.000000 0.000001 
0.000000 0.000000 0.000000 0.091834 0.191837 0.000000 0.000000 0.010911 0.131097 0.204855 0.000000 0.000003 0.350479 0.000000 0.018983 
0.000000 0.000000 0.000000 0.000000 0.033181 0.039597 0.000000 0.000000 0.016388 0.869782 0.000000 0.000002 0.000552 0.040497 0.000000 
0.000000 0.000000 0.000000 0.000000 0.002712 0.000000 0.000000 0.000000 0.005817 0.958182 0.000000 0.000003 0.001056 0.032229 0.000000 
0.000000 0.000000 0.000000 0.000000 0.492147 0.000000 0.004225 0.056275 0.166838 0.000000 0.000000 0.011019 0.269496 0.000000 0.000001 
0.000000 0.000000 0.009386 0.000000 0.532390 0.000000 0.000000 0.000000 0.057051 0.000000 0.000000 0.053059 0.202667 0.000000 0.145447 
0.000000 0.000000 0.000000 0.000000 0.000000 0.000000 0.002132 0.000000 0.093629 0.832627 0.000000 0.008572 0.063039 0.000000 0.000000 
0.013304 0.017806 0.000000 0.000000 0.031030 0.000000 0.000000 0.000000 0.103828 0.000000 0.000000 0.125695 0.047433 0.000000 0.660905 
0.000000 0.000000 0.000000 0.000000 0.046992 0.000000 0.002260 0.000000 0.038608 0.774456 0.000000 0.007149 0.026247 0.104287 0.000000 
0.000000 0.000000 0.000000 0.000000 0.000000 0.000000 0.004063 0.000000 0.165924 0.000000 0.000000 0.178737 0.038703 0.011533 0.601039 
0.000000 0.027220 0.000000 0.032598 0.000000 0.000000 0.000947 0.000000 0.044154 0.830191 0.000000 0.000003 0.045422 0.000000 0.019465 
0.000000 0.000000 0.000000 0.015127 0.563919 0.000000 0.000000 0.031563 0.067381 0.104269 0.000000 0.000003 0.217737 0.000000 0.000001 
0.000000 0.000000 0.000000 0.090461 0.000000 0.000000 0.011267 0.000000 0.504142 0.000000 0.000000 0.056233 0.337896 0.000000 0.000000 
0.000000 0.000000 0.000000 0.039844 0.483558 0.000000 0.003508 0.029713 0.108455 0.000000 0.000000 0.000002 0.328937 0.005982 0.000000 
0.000000 0.000000 0.000000 0.005495 0.000000 0.000000 0.000000 0.000000 0.138808 0.000000 0.033721 0.145522 0.031650 0.000000 0.644804 
0.000000 0.025716 0.000000 0.139893 0.000000 0.000000 0.018367 0.000000 0.335106 0.000000 0.000000 0.000003 0.470500 0.000000 0.010416 
0.000000 0.000000 0.000000 0.004240 0.000000 0.000000 0.005187 0.012360 0.229909 0.620160 0.000000 0.000003 0.102459 0.000000 0.025683 
0.000000 0.000000 0.049291 0.116911 0.025768 0.000000 0.000000 0.000000 0.194976 0.000000 0.027743 0.000003 0.414132 0.000000 0.171176 
0.000000 0.000000 0.000000 0.021655 0.636996 0.000000 0.000000 0.050944 0.009643 0.000000 0.006036 0.000003 0.274722 0.000000 0.000001 
0.000000 0.000000 0.000000 0.000000 0.000000 0.000000 0.000000 0.000000 0.147189 0.000000 0.000000 0.079373 0.039533 0.000000 0.733905 
0.000000 0.037013 0.000000 0.009526 0.000000 0.000000 0.000000 0.000000 0.005461 0.876800 0.000000 0.000003 0.009699 0.000000 0.061499 
0.000000 0.000000 0.000000 0.000000 0.658309 0.000000 0.002081 0.032772 0.024484 0.000000 0.000000 0.000002 0.282353 0.000000 0.000000 
0.000000 0.000000 0.000000 0.003249 0.073008 0.000000 0.000000 0.000000 0.001396 0.861245 0.012552 0.000003 0.009632 0.038915 0.000001 
0.000000 0.061472 0.047461 0.144478 0.083313 0.000000 0.011170 0.000000 0.199309 0.000000 0.000000 0.000002 0.384197 0.068598 0.000000 
0.000000 0.000000 0.000000 0.052558 0.000000 0.000000 0.010471 0.000000 0.512441 0.000000 0.000000 0.080754 0.343775 0.000000 0.000001 
0.000000 0.000000 0.000000 0.000000 0.612128 0.000000 0.000000 0.074054 0.002626 0.000000 0.015102 0.022974 0.273116 0.000000 0.000000 
0.000000 0.010791 0.000000 0.051357 0.000000 0.000000 0.004480 0.000000 0.187165 0.000000 0.000000 0.046165 0.148107 0.000000 0.551935 
0.000000 0.007115 0.000000 0.000000 0.616200 0.000000 0.001062 0.064351 0.042646 0.000000 0.000000 0.000002 0.268623 0.000000 0.000001 
0.000000 0.000000 0.000000 0.017692 0.140474 0.000000 0.007031 0.000000 0.120584 0.320954 0.000000 0.000003 0.166515 0.000000 0.226746 
0.000000 0.000000 0.000000 0.000000 0.000000 0.000000 0.025523 0.000000 0.551168 0.000000 0.000000 0.096365 0.289615 0.037328 0.000000 
0.000000 0.000000 0.000000 0.000000 0.558190 0.000000 0.000000 0.032408 0.061220 0.133391 0.000000 0.017377 0.197414 0.000000 0.000000 
0.000000 0.000000 0.000000 0.019143 0.058805 0.000000 0.012405 0.000000 0.549502 0.000000 0.000000 0.049631 0.310514 0.000000 0.000000 
0.000000 0.000000 0.067925 0.020318 0.329008 0.000000 0.000000 0.000000 0.082705 0.000000 0.016412 0.000003 0.133629 0.000000 0.350000 
0.000000 0.000000 0.035509 0.000000 0.023534 0.000000 0.007120 0.000000 0.240182 0.000000 0.000000 0.032107 0.117128 0.000000 0.544420 
0.000000 0.000000 0.000000 0.000000 0.657373 0.000000 0.000000 0.047271 0.011579 0.000000 0.000000 0.000003 0.245319 0.020259 0.018197 
0.000000 0.000000 0.000000 0.000000 0.010778 0.000000 0.011166 0.000000 0.454586 0.166917 0.000000 0.057646 0.194498 0.000000 0.104410 
0.000000 0.000000 0.000000 0.134595 0.000000 0.000000 0.012854 0.000000 0.342223 0.000000 0.000000 0.027977 0.482350 0.000000 0.000000 
0.000000 0.000000 0.000000 0.010716 0.000000 0.000000 0.007868 0.000000 0.498732 0.047699 0.000000 0.128624 0.178904 0.000000 0.127456 
0.006404 0.000000 0.049074 0.000000 0.000000 0.000000 0.000000 0.000000 0.000419 0.893990 0.000000 0.000002 0.000257 0.049853 0.000000 
0.014059 0.000000 0.000000 0.207503 0.000000 0.000000 0.007221 0.000000 0.248465 0.000000 0.000000 0.000003 0.471095 0.000000 0.051654 
0.015865 0.000000 0.000000 0.000000 0.000000 0.000000 0.006971 0.000000 0.267192 0.514961 0.000000 0.059016 0.135994 0.000000 0.000001 
0.000000 0.000000 0.000000 0.000000 0.070418 0.000000 0.011652 0.000000 0.551325 0.000000 0.000000 0.081216 0.285389 0.000000 0.000000 
0.000000 0.000000 0.000000 0.000000 0.432080 0.000000 0.000000 0.041784 0.050243 0.000000 0.000000 0.060779 0.172358 0.000000 0.242756 
0.000000 0.000000 0.000000 0.118428 0.000000 0.000000 0.000000 0.000000 0.331471 0.000000 0.000000 0.042163 0.369295 0.000000 0.138642 
0.009859 0.000000 0.000000 0.069502 0.241349 0.000000 0.001799 0.023879 0.180106 0.000000 0.000000 0.000002 0.436645 0.030804 0.006055 
0.000000 0.000000 0.032613 0.000000 0.000000 0.000000 0.000000 0.000000 0.071230 0.592684 0.000000 0.044127 0.031946 0.000000 0.227399 
0.000000 0.000000 0.000000 0.000000 0.023716 0.043769 0.009165 0.000000 0.573389 0.000000 0.026697 0.059301 0.202740 0.061225 0.000000 
0.000000 0.000000 0.000000 0.000000 0.000000 0.000000 0.000000 0.000000 0.139417 0.000000 0.000000 0.116720 0.027462 0.013706 0.702695 
0.000000 0.000000 0.000000 0.000000 0.000000 0.000000 0.008020 0.015169 0.522101 0.145410 0.013711 0.080450 0.215137 0.000000 0.000000 
0.000000 0.000000 0.000000 0.000000 0.000000 0.000000 0.000000 0.000000 0.059466 0.620994 0.000000 0.063909 0.013430 0.064011 0.178190 
0.000000 0.000000 0.000000 0.175398 0.037511 0.000000 0.004309 0.000000 0.270405 0.000000 0.000000 0.014624 0.497753 0.000000 0.000000 
0.000000 0.000000 0.000000 0.183507 0.000000 0.000000 0.012547 0.013408 0.233070 0.000000 0.000000 0.000002 0.557466 0.000000 0.000000 
0.000000 0.000000 0.000000 0.023674 0.566142 0.000000 0.000000 0.000000 0.105298 0.000000 0.000000 0.029616 0.275270 0.000000 0.000000 
0.000000 0.000000 0.000000 0.000000 0.338236 0.000000 0.009796 0.033598 0.134122 0.176882 0.042193 0.021699 0.243473 0.000000 0.000001 
0.000000 0.000000 0.000000 0.033966 0.267854 0.000000 0.000000 0.000000 0.070200 0.000000 0.000000 0.164143 0.056135 0.000000 0.407702 
0.000000 0.000000 0.000000 0.042351 0.000000 0.000000 0.019113 0.014562 0.605974 0.000000 0.000000 0.000003 0.284667 0.000000 0.033331 
0.000000 0.000000 0.000000 0.000000 0.012986 0.000000 0.000000 0.000000 0.016892 0.954393 0.000000 0.000002 0.015726 0.000000 0.000000 
0.000000 0.000000 0.000000 0.007965 0.015730 0.000000 0.000000 0.000000 0.125543 0.000000 0.000000 0.151813 0.034172 0.000000 0.664777 
0.000000 0.000000 0.000000 0.000000 0.000000 0.042249 0.000000 0.000000 0.111647 0.193379 0.000000 0.071547 0.020045 0.000000 0.561133 
0.000000 0.000000 0.000000 0.000000 0.000000 0.000000 0.014640 0.000000 0.638256 0.000000 0.000000 0.082599 0.264503 0.000000 0.000000 
0.000000 0.000000 0.000000 0.000000 0.000000 0.000000 0.020701 0.000000 0.619336 0.000000 0.000000 0.081364 0.250168 0.028431 0.000000 
0.000000 0.000000 0.000000 0.000000 0.627990 0.000000 0.001037 0.034442 0.066061 0.000000 0.000000 0.000003 0.270466 0.000000 0.000000 
0.010878 0.000000 0.000000 0.000000 0.584245 0.000000 0.003137 0.038783 0.099829 0.000000 0.000000 0.018762 0.244366 0.000000 0.000001 
0.000000 0.000000 0.000000 0.000000 0.094489 0.000000 0.008632 0.040281 0.459666 0.151761 0.000000 0.085980 0.159190 0.000000 0.000000 
0.000000 0.000000 0.000000 0.000000 0.023690 0.000000 0.000000 0.011858 0.041610 0.879049 0.014072 0.020754 0.008966 0.000000 0.000000 
0.000000 0.000000 0.000000 0.047293 0.132368 0.000000 0.013618 0.011911 0.473009 0.000000 0.000000 0.065841 0.255959 0.000000 0.000000 
0.000000 0.000000 0.000000 0.033002 0.000000 0.000000 0.000000 0.000000 0.073380 0.426152 0.019161 0.041153 0.095106 0.000000 0.312046 
0.000000 0.000000 0.000000 0.000000 0.266434 0.018775 0.013163 0.000000 0.390231 0.000000 0.000000 0.000003 0.263773 0.000000 0.047621 
0.000000 0.000000 0.000000 0.000000 0.000000 0.000000 0.000000 0.000000 0.085754 0.000000 0.025531 0.152826 0.045103 0.000000 0.690787 
0.000000 0.000000 0.000000 0.198295 0.000000 0.000000 0.009895 0.000000 0.300219 0.000000 0.000000 0.000002 0.491589 0.000000 0.000000 
0.000000 0.000000 0.000000 0.000000 0.000000 0.056950 0.000000 0.000000 0.022194 0.894373 0.000000 0.015007 0.011475 0.000000 0.000000 
0.000000 0.000000 0.000000 0.183859 0.000000 0.000000 0.000000 0.000000 0.349287 0.000000 0.000000 0.017621 0.449232 0.000000 0.000000 
0.000000 0.000000 0.000000 0.000000 0.000000 0.000000 0.000000 0.000000 0.244563 0.000000 0.000000 0.121382 0.055846 0.016174 0.562036 
0.000000 0.000000 0.022305 0.000000 0.000000 0.000000 0.018876 0.000000 0.636630 0.000000 0.000000 0.056402 0.265785 0.000000 0.000001 
0.000000 0.000000 0.000000 0.000000 0.074953 0.000000 0.000000 0.016129 0.021594 0.854096 0.000000 0.000002 0.033225 0.000000 0.000000 
0.000000 0.000000 0.000000 0.195299 0.000000 0.000000 0.005719 0.000000 0.329261 0.000000 0.000000 0.025350 0.444371 0.000000 0.000000 
0.009311 0.000000 0.000000 0.000000 0.000000 0.000000 0.000000 0.000000 0.095664 0.312316 0.000000 0.092674 0.038125 0.000000 0.451910 
0.000000 0.000000 0.000000 0.188344 0.000000 0.000000 0.000000 0.000000 0.248378 0.000000 0.000000 0.000003 0.496388 0.000000 0.066887 
0.000000 0.000000 0.000000 0.000000 0.000000 0.000000 0.000000 0.000000 0.139440 0.000000 0.000000 0.144177 0.059332 0.000000 0.657051 
0.000000 0.000000 0.000000 0.191242 0.000000 0.000000 0.011101 0.000000 0.230541 0.000000 0.000000 0.000003 0.558042 0.000000 0.009072 
0.000000 0.000000 0.022571 0.000000 0.091976 0.000000 0.000000 0.000000 0.025825 0.801384 0.000000 0.000002 0.058241 0.000000 0.000001 
0.000000 0.000000 0.000000 0.010915 0.023826 0.000000 0.011756 0.000000 0.597850 0.000000 0.000000 0.049682 0.230122 0.000000 0.075849 
0.000000 0.000000 0.000000 0.000000 0.018292 0.000000 0.000000 0.000000 0.121330 0.000000 0.000000 0.156844 0.020767 0.000000 0.682766 
0.000000 0.000000 0.000000 0.153846 0.000000 0.000000 0.010959 0.000000 0.286790 0.000000 0.010211 0.011421 0.526773 0.000000 0.000000 
0.000000 0.000000 0.000000 0.024311 0.000000 0.000000 0.000000 0.000000 0.003375 0.750011 0.014790 0.000003 0.057780 0.137569 0.012161 
0.000000 0.000000 0.000000 0.000000 0.348889 0.000000 0.005426 0.000000 0.323578 0.000000 0.000000 0.042096 0.272404 0.007606 0.000001 
0.000000 0.000000 0.086091 0.000000 0.280018 0.025516 0.008559 0.024483 0.347602 0.000000 0.000000 0.052028 0.175701 0.000000 0.000000 
0.000000 0.000000 0.000000 0.000000 0.202073 0.000000 0.000000 0.013629 0.043071 0.628034 0.000000 0.000003 0.113189 0.000000 0.000001 
0.000000 0.000000 0.000000 0.000000 0.043366 0.000000 0.000000 0.000000 0.120195 0.334596 0.000000 0.071827 0.018469 0.000000 0.411548 
0.000000 0.000000 0.000000 0.010784 0.000000 0.025270 0.000000 0.000000 0.039606 0.533850 0.000000 0.029530 0.024085 0.000000 0.336874 
0.000000 0.000000 0.000000 0.007909 0.592946 0.000000 0.000000 0.019811 0.084777 0.000000 0.000000 0.000003 0.255121 0.000000 0.039433 
0.000000 0.000000 0.000000 0.000000 0.027348 0.000000 0.000000 0.000000 0.134580 0.000000 0.000000 0.118512 0.024635 0.009549 0.685377 
0.000000 0.078761 0.000000 0.000000 0.084906 0.000000 0.004114 0.000000 0.244461 0.381824 0.000000 0.042720 0.163213 0.000000 0.000000 
0.000000 0.000000 0.121873 0.183952 0.000000 0.022483 0.002649 0.000000 0.228157 0.061080 0.000000 0.000002 0.379805 0.000000 0.000000 
0.000000 0.000000 0.000000 0.000000 0.513208 0.000000 0.001949 0.063298 0.052394 0.000000 0.034678 0.000003 0.268756 0.000000 0.065714 
0.000000 0.000000 0.000000 0.000000 0.661680 0.000000 0.000000 0.047872 0.016834 0.000000 0.000000 0.000002 0.273612 0.000000 0.000000 
0.000000 0.024018 0.000000 0.149110 0.000000 0.000000 0.000000 0.000000 0.224558 0.000000 0.034301 0.048012 0.394163 0.035072 0.090766 
0.000000 0.000000 0.000000 0.010469 0.161720 0.000000 0.004554 0.000000 0.363673 0.282992 0.000000 0.012028 0.164564 0.000000 0.000000 
0.000000 0.000000 0.000000 0.175865 0.000000 0.000000 0.002185 0.000000 0.249188 0.000000 0.000000 0.000003 0.561193 0.000000 0.011567 
0.000000 0.000000 0.000000 0.130542 0.000000 0.000000 0.000000 0.000000 0.217157 0.000000 0.000000 0.000003 0.340647 0.030174 0.281478 
0.000000 0.009154 0.000000 0.164914 0.029414 0.000000 0.008300 0.000000 0.259361 0.000000 0.000000 0.000003 0.483984 0.000000 0.044871 
0.000000 0.000000 0.000000 0.000000 0.634407 0.000000 0.000000 0.043659 0.033021 0.000000 0.000000 0.000003 0.288910 0.000000 0.000001 
0.000000 0.000000 0.000000 0.000000 0.543477 0.000000 0.000000 0.041450 0.069116 0.000000 0.000000 0.000002 0.182337 0.000000 0.163618 
0.000000 0.000000 0.000000 0.010043 0.000000 0.000000 0.000000 0.000000 0.208448 0.000000 0.000000 0.111443 0.027492 0.000000 0.642574 
0.000000 0.000000 0.000000 0.000000 0.549048 0.000000 0.000000 0.055895 0.087123 0.000000 0.000000 0.033673 0.274261 0.000000 0.000000 
0.000000 0.000000 0.000000 0.000000 0.000000 0.000000 0.000000 0.000000 0.097356 0.000000 0.000000 0.152634 0.047588 0.000000 0.702422 
0.000000 0.023556 0.036039 0.000000 0.145873 0.000000 0.000000 0.000000 0.098585 0.000000 0.000000 0.122089 0.068453 0.000000 0.505405 
0.000000 0.000000 0.000000 0.000000 0.599541 0.000000 0.001118 0.034176 0.063405 0.000000 0.000000 0.000003 0.237896 0.000000 0.063862 
0.000000 0.000000 0.000000 0.000000 0.644782 0.000000 0.000000 0.045445 0.028310 0.000000 0.000000 0.067601 0.213861 0.000000 0.000000 
0.014214 0.000000 0.000000 0.112943 0.000000 0.000000 0.012861 0.011553 0.296788 0.092389 0.025807 0.010396 0.423048 0.000000 0.000000 
0.000000 0.000000 0.000000 0.022027 0.000000 0.000000 0.016996 0.000000 0.629817 0.000000 0.000000 0.079267 0.251892 0.000000 0.000000 
0.000000 0.000000 0.000000 0.000000 0.020339 0.000000 0.001781 0.000000 0.259167 0.577033 0.000000 0.060410 0.081270 0.000000 0.000001 
0.008577 0.000000 0.000000 0.000000 0.140721 0.013374 0.000000 0.000000 0.115626 0.000000 0.000000 0.124139 0.077567 0.000000 0.519996 
0.000000 0.000000 0.000000 0.000000 0.000000 0.000000 0.000000 0.000000 0.096335 0.000000 0.000000 0.088256 0.073383 0.000000 0.742025 
0.000000 0.000000 0.017249 0.217710 0.000000 0.000000 0.005673 0.023605 0.242699 0.000000 0.000000 0.008314 0.484751 0.000000 0.000000 
0.000000 0.000000 0.000000 0.078111 0.000000 0.000000 0.000000 0.000000 0.204581 0.000000 0.000000 0.136360 0.213413 0.000000 0.367536 
0.004207 0.000000 0.000000 0.000000 0.000000 0.000000 0.000000 0.000000 0.013043 0.966629 0.007856 0.000002 0.003759 0.000000 0.004503 
0.000000 0.000000 0.000000 0.000000 0.000000 0.000000 0.015110 0.000000 0.658159 0.000000 0.000000 0.063649 0.263082 0.000000 0.000001 
0.000000 0.000000 0.000000 0.026311 0.553089 0.000000 0.004793 0.043956 0.080831 0.000000 0.000000 0.000003 0.291018 0.000000 0.000000 
0.000000 0.000000 0.017053 0.023837 0.000000 0.000000 0.012797 0.000000 0.617494 0.000000 0.000000 0.051391 0.242174 0.000000 0.035253 
0.000000 0.000000 0.000000 0.000000 0.000000 0.000000 0.000000 0.000000 0.105806 0.000000 0.000000 0.181851 0.028930 0.000000 0.683413 
0.000000 0.000000 0.082866 0.000000 0.309178 0.000000 0.004175 0.051151 0.049387 0.222762 0.000000 0.000003 0.132376 0.000000 0.148103 
0.000000 0.000000 0.000000 0.016651 0.000000 0.016142 0.009888 0.000000 0.597124 0.000000 0.000000 0.100865 0.259329 0.000000 0.000000 
0.000000 0.000000 0.000000 0.000000 0.000000 0.000000 0.000000 0.000000 0.137402 0.110986 0.000000 0.100892 0.038325 0.000000 0.612395 
0.000000 0.000000 0.000000 0.038177 0.000000 0.000000 0.007978 0.034336 0.528020 0.000000 0.016157 0.000003 0.308291 0.000000 0.067038 
0.017695 0.000000 0.000000 0.052333 0.327268 0.000000 0.004702 0.000000 0.193529 0.000000 0.000000 0.000003 0.404469 0.000000 0.000001 
0.000000 0.000000 0.000000 0.000000 0.519787 0.000000 0.004965 0.000000 0.181655 0.000000 0.000000 0.060658 0.232934 0.000000 0.000000 
0.000000 0.000000 0.016351 0.000000 0.631880 0.000000 0.000000 0.047480 0.048445 0.000000 0.000000 0.000003 0.255841 0.000000 0.000001 
0.000000 0.000000 0.000000 0.000000 0.000000 0.000000 0.001241 0.000000 0.157735 0.000000 0.000000 0.119881 0.043271 0.011369 0.666502 
0.011422 0.000000 0.000000 0.000000 0.000000 0.000000 0.000000 0.000000 0.267652 0.000000 0.000000 0.124192 0.084107 0.000000 0.512627 
0.000000 0.000000 0.015846 0.000000 0.125329 0.000000 0.000000 0.000000 0.118886 0.000000 0.000000 0.089280 0.101947 0.000000 0.548712 
0.016368 0.000000 0.000000 0.023494 0.000000 0.000000 0.001552 0.000000 0.275847 0.424042 0.000000 0.016254 0.228264 0.000000 0.014178 
0.000000 0.000000 0.000000 0.021849 0.000000 0.000000 0.012362 0.000000 0.640965 0.000000 0.000000 0.099551 0.225272 0.000000 0.000000 
0.000000 0.000000 0.000000 0.000000 0.528571 0.000000 0.002215 0.070616 0.061418 0.000000 0.000000 0.000002 0.280096 0.042657 0.014425 
0.000000 0.000000 0.000000 0.011447 0.000000 0.000000 0.012213 0.000000 0.640411 0.000000 0.000000 0.060556 0.275373 0.000000 0.000000 
0.000000 0.019742 0.000000 0.175750 0.000000 0.000000 0.014369 0.000000 0.277641 0.000000 0.000000 0.000002 0.499071 0.013425 0.000000 
0.000000 0.000000 0.000000 0.000000 0.617412 0.000000 0.000000 0.039285 0.030977 0.000000 0.000000 0.000002 0.292696 0.013015 0.006613 
0.000000 0.000000 0.000000 0.000000 0.073660 0.042624 0.000000 0.000000 0.079606 0.000000 0.000000 0.121951 0.039791 0.076873 0.565496 
0.000000 0.000000 0.000000 0.000000 0.659828 0.000000 0.001169 0.021331 0.077418 0.000000 0.000000 0.000003 0.235649 0.000000 0.004602 
0.000000 0.000000 0.000000 0.000000 0.000000 0.000000 0.013903 0.020829 0.476329 0.000000 0.000000 0.045533 0.210080 0.000000 0.233326 
0.000000 0.000000 0.000000 0.000000 0.000000 0.000000 0.000000 0.000000 0.053075 0.614414 0.000000 0.055714 0.016513 0.000000 0.260284 
0.000000 0.000000 0.000000 0.185371 0.000000 0.000000 0.005538 0.000000 0.279533 0.000000 0.000000 0.000003 0.494756 0.000000 0.034798 
0.011886 0.000000 0.000000 0.000000 0.000000 0.000000 0.001806 0.011107 0.316585 0.512966 0.000000 0.059837 0.085811 0.000000 0.000000 
0.019338 0.000000 0.000000 0.000000 0.000000 0.027551 0.010025 0.044842 0.500406 0.110802 0.000000 0.061361 0.225675 0.000000 0.000000 
0.000000 0.000000 0.129978 0.000000 0.001516 0.000000 0.000000 0.000000 0.000199 0.868159 0.000000 0.000002 0.000145 0.000000 0.000000 
0.000000 0.000000 0.000000 0.114522 0.000000 0.000000 0.002267 0.000000 0.171477 0.410625 0.000000 0.007894 0.293214 0.000000 0.000000 
0.000000 0.000000 0.000000 0.000000 0.696242 0.000000 0.000000 0.064448 0.014635 0.000000 0.000000 0.000003 0.224672 0.000000 0.000000 
0.000000 0.034441 0.000000 0.203055 0.000000 0.000000 0.000000 0.000000 0.281410 0.000000 0.000000 0.000003 0.472114 0.000000 0.008978 
0.000000 0.000000 0.000000 0.004672 0.662202 0.007506 0.000000 0.032381 0.044448 0.000000 0.011456 0.000002 0.237332 0.000000 0.000000 
0.000000 0.000000 0.000000 0.020247 0.000000 0.000000 0.014351 0.000000 0.535397 0.000000 0.000000 0.100526 0.229076 0.000000 0.100403 
0.000000 0.000000 0.000000 0.000000 0.000000 0.000000 0.000000 0.000000 0.133634 0.787577 0.000000 0.018404 0.060385 0.000000 0.000000 
