-1913188.594171
0
0.000007 0.000020 0.000000 0.000000 0.000000 0.000000 0.000000 0.000003 0.000012 0.000005 0.000000 0.000001 0.000000 0.000000 0.000000 0.000000 0.000000 0.000000 0.000001 0.000001 0.365221 0.000000 0.083051 0.013207 0.000004 0.000000 0.000000 0.000001 0.000000 0.000000 0.000000 0.000000 0.000002 0.000001 0.000007 0.000061 0.000000 0.000000 0.000000 0.000000 0.000000 0.000009 0.000015 0.000000 0.203498 0.000000 0.000000 0.000000 0.000005 0.000000 0.000000 0.000000 0.000000 0.000000 0.000000 0.000000 0.000048 0.000001 0.000000 0.000001 0.000000 0.000000 0.000000 0.000000 0.000000 0.000000 0.000000 0.000002 0.128231 0.000000 0.000000 0.054450 0.000001 0.000002 0.000000 0.000009 0.000005 0.000000 0.000000 0.000048 0.000003 0.001119 0.094237 0.001370 0.000000 0.000000 0.000000 0.000025 0.000000 0.000000 0.000000 0.000000 0.055314 0.000000 0.000000 0.000000 
0.000562 0.000000 0.000000 0.000113 0.000000 0.000000 0.000188 0.000454 0.007743 0.002329 0.002826 0.003879 0.000000 0.000107 0.000379 0.000000 0.000939 0.000335 0.000000 0.001135 0.000000 0.000000 0.000000 0.000000 0.000548 0.000000 0.000000 0.000305 0.000000 0.000368 0.000000 0.000000 0.014943 0.002832 0.004436 0.008499 0.000000 0.000822 0.000000 0.000385 0.000477 0.000256 0.000231 0.000186 0.000000 0.000000 0.000000 0.000000 0.000451 0.000000 0.000000 0.000000 0.000000 0.000000 0.000000 0.000116 0.006366 0.001769 0.000000 0.002591 0.000000 0.000000 0.000000 0.000000 0.000000 0.000000 0.000000 0.000000 0.000000 0.000000 0.000000 0.000000 0.015514 0.005812 0.001732 0.011199 0.038719 0.000000 0.001565 0.068125 0.427129 0.082504 0.047647 0.233107 0.000000 0.000000 0.000000 0.000000 0.000000 0.000000 0.000000 0.000376 0.000000 0.000000 0.000000 0.000000 
0.011321 0.009392 0.001502 0.006361 0.000000 0.001609 0.000286 0.001202 0.031626 0.013373 0.204571 0.011541 0.002844 0.001626 0.001213 0.007700 0.009345 0.004186 0.005363 0.004884 0.001680 0.001824 0.000000 0.002622 0.006746 0.008456 0.000455 0.006703 0.000649 0.000000 0.000000 0.000000 0.019523 0.019000 0.114013 0.016103 0.000000 0.001011 0.000000 0.000730 0.001373 0.003208 0.003474 0.004269 0.000000 0.001799 0.000000 0.000000 0.007821 0.005621 0.000000 0.003008 0.000000 0.002220 0.000000 0.000000 0.024496 0.028954 0.123541 0.016957 0.000000 0.000000 0.000000 0.001567 0.010631 0.005707 0.003162 0.008745 0.000000 0.000273 0.000000 0.000000 0.011509 0.011886 0.002350 0.014865 0.002464 0.001124 0.000000 0.002983 0.015380 0.015630 0.089765 0.013172 0.004969 0.001175 0.000000 0.002440 0.006253 0.002656 0.007489 0.004365 0.000000 0.000000 0.001497 0.001741 
0.039443 0.034308 0.021158 0.027323 0.009636 0.005065 0.003575 0.004473 0.010803 0.007141 0.000000 0.004677 0.004160 0.002984 0.008596 0.001396 0.003864 0.000000 0.003954 0.000000 0.000000 0.000000 0.001500 0.000000 0.051797 0.071053 0.009247 0.049617 0.010972 0.009737 0.006829 0.009728 0.020698 0.013102 0.006024 0.019780 0.008058 0.012605 0.038388 0.011007 0.003149 0.001074 0.008939 0.002498 0.000000 0.000000 0.004229 0.000000 0.042521 0.044810 0.026264 0.027780 0.007461 0.009758 0.007660 0.005889 0.008162 0.006443 0.002161 0.005527 0.006174 0.004757 0.014085 0.004277 0.003447 0.001300 0.001925 0.000000 0.000000 0.000000 0.001559 0.000000 0.035835 0.060023 0.010956 0.039407 0.003339 0.010782 0.003295 0.005166 0.001717 0.004766 0.000000 0.007684 0.003409 0.004381 0.007577 0.002818 0.000000 0.000000 0.002007 0.000000 0.000000 0.000000 0.002293 0.000000 
0.014880 0.007289 0.002851 0.010040 0.014983 0.009029 0.000000 0.010973 0.018998 0.013125 0.012695 0.013720 0.011891 0.007589 0.015194 0.010790 0.044559 0.014464 0.033438 0.029918 0.000000 0.002854 0.000000 0.000000 0.008737 0.000000 0.003607 0.010138 0.007529 0.008457 0.003671 0.009980 0.029715 0.020350 0.010165 0.018826 0.002878 0.000000 0.012323 0.012090 0.019108 0.012918 0.016697 0.026133 0.000000 0.004919 0.006784 0.011390 0.009234 0.010496 0.002724 0.012714 0.006453 0.005775 0.001160 0.006362 0.011428 0.019126 0.000000 0.027686 0.008295 0.004985 0.006137 0.005978 0.022908 0.004461 0.019078 0.016062 0.000000 0.000000 0.003397 0.000000 0.018455 0.011806 0.004911 0.022606 0.000000 0.008899 0.000000 0.003137 0.014588 0.014854 0.000000 0.010756 0.010583 0.008089 0.009640 0.010854 0.022282 0.011596 0.013765 0.017837 0.000000 0.004862 0.007040 0.013288 
0.000011 0.116534 0.000000 0.000000 0.000000 0.000000 0.000000 0.000005 0.000019 0.000009 0.000000 0.000002 0.000000 0.000000 0.000001 0.000001 0.000000 0.000000 0.000001 0.000001 0.000000 0.000000 0.000000 0.000000 0.067600 0.088252 0.000000 0.000001 0.000000 0.000000 0.000000 0.000000 0.000003 0.000002 0.000011 0.000100 0.000000 0.000000 0.000000 0.000000 0.000000 0.000015 0.000024 0.000001 0.000000 0.000000 0.000000 0.000000 0.000009 0.000000 0.000000 0.000000 0.059544 0.000000 0.000000 0.000000 0.000079 0.000002 0.000000 0.000001 0.000000 0.000000 0.124395 0.000000 0.000000 0.000000 0.000000 0.133537 0.000000 0.000000 0.045793 0.000000 0.000002 0.000003 0.000000 0.000016 0.054252 0.000000 0.000000 0.187081 0.000005 0.037357 0.000002 0.053500 0.000001 0.000000 0.000000 0.031825 0.000000 0.000000 0.000001 0.000000 0.000000 0.000000 0.000000 0.000000 
0.026410 0.022475 0.000000 0.019822 0.028808 0.013300 0.008199 0.028474 0.016991 0.007359 0.000000 0.016323 0.006491 0.008428 0.004087 0.007365 0.000000 0.007333 0.002048 0.011977 0.003168 0.001068 0.012743 0.010609 0.022106 0.024558 0.000000 0.017696 0.020391 0.016726 0.000000 0.032077 0.008916 0.003706 0.000000 0.012961 0.010548 0.019155 0.011688 0.019369 0.003023 0.015635 0.004414 0.007206 0.003038 0.005171 0.011899 0.007635 0.008575 0.011182 0.000000 0.012345 0.014366 0.012152 0.000000 0.022852 0.018439 0.003167 0.000000 0.002665 0.002956 0.005373 0.008372 0.009916 0.000000 0.006290 0.000472 0.002222 0.006136 0.006385 0.023539 0.009898 0.008041 0.019117 0.000000 0.013320 0.023129 0.024925 0.003532 0.045379 0.007032 0.013496 0.000000 0.009820 0.006326 0.010006 0.004911 0.017046 0.003642 0.009597 0.002672 0.007260 0.008062 0.007482 0.014597 0.011910 
0.000019 0.000051 0.000000 0.000000 0.000000 0.050721 0.000000 0.000006 0.000029 0.000013 0.000000 0.000003 0.000000 0.000001 0.000001 0.000001 0.000000 0.000000 0.000002 0.000002 0.000000 0.000000 0.000000 0.034144 0.000012 0.000000 0.000000 0.000002 0.000000 0.000000 0.000000 0.000000 0.000005 0.000003 0.000017 0.060247 0.000000 0.000000 0.000000 0.000000 0.082345 0.060402 0.000043 0.000001 0.000000 0.065354 0.000001 0.000000 0.000011 0.000000 0.000000 0.000000 0.000000 0.000000 0.000000 0.000000 0.000121 0.000003 0.000000 0.000002 0.000000 0.000000 0.000000 0.000000 0.000000 0.000000 0.000000 0.021811 0.000000 0.000000 0.000000 0.137759 0.000003 0.000004 0.000000 0.000023 0.000009 0.000000 0.000000 0.000148 0.000008 0.320579 0.095727 0.010091 0.000001 0.000000 0.000000 0.060274 0.000000 0.000000 0.000001 0.000000 0.000000 0.000000 0.000000 0.000000 
0.010836 0.006224 0.000000 0.000000 0.000000 0.000000 0.008272 0.008131 0.038040 0.017661 0.032529 0.030520 0.000000 0.005452 0.000000 0.018775 0.019642 0.021304 0.028750 0.031166 0.000000 0.000000 0.022761 0.017954 0.001545 0.000000 0.000000 0.005313 0.000000 0.000000 0.000000 0.000000 0.005987 0.013715 0.024186 0.028617 0.011924 0.024512 0.000000 0.000000 0.000000 0.013556 0.035262 0.000000 0.000000 0.000000 0.009250 0.015980 0.021353 0.000000 0.000000 0.000000 0.000000 0.000000 0.000000 0.000000 0.055784 0.019647 0.067894 0.000000 0.000000 0.000000 0.010078 0.000000 0.000000 0.033448 0.000000 0.018719 0.000000 0.000000 0.009931 0.012288 0.000000 0.000000 0.000000 0.000827 0.000000 0.000000 0.004960 0.007276 0.000000 0.049413 0.037791 0.014126 0.004705 0.000000 0.000000 0.005998 0.001753 0.029204 0.016358 0.022339 0.024617 0.007095 0.000000 0.016532 
0.006893 0.008429 0.002035 0.000000 0.000000 0.000000 0.000000 0.005375 0.004586 0.005181 0.016300 0.000000 0.000000 0.000000 0.000000 0.000000 0.000000 0.000000 0.008727 0.017837 0.000000 0.000000 0.006214 0.005835 0.000001 0.000000 0.000000 0.000000 0.000000 0.000000 0.000000 0.005773 0.000001 0.000000 0.016678 0.025078 0.004145 0.000000 0.000000 0.000000 0.000000 0.000002 0.008713 0.000000 0.003856 0.000000 0.002988 0.005772 0.000001 0.000000 0.000000 0.000000 0.000000 0.000000 0.000000 0.000000 0.014684 0.000000 0.000000 0.019152 0.000000 0.002482 0.000000 0.000000 0.000000 0.000000 0.000000 0.002819 0.000000 0.000000 0.000000 0.000000 0.001686 0.026298 0.000000 0.030685 0.030074 0.000000 0.000000 0.031947 0.394638 0.069761 0.046397 0.141042 0.001693 0.000000 0.000000 0.003994 0.000000 0.014338 0.006267 0.000000 0.001624 0.000000 0.000000 0.000000 
0.000016 0.000048 0.117244 0.000000 0.000000 0.000000 0.000000 0.000006 0.000028 0.000012 0.000000 0.000003 0.000000 0.000001 0.000001 0.000001 0.000000 0.000000 0.000002 0.000002 0.000000 0.000000 0.000000 0.000000 0.000011 0.000000 0.042184 0.000002 0.000000 0.000000 0.497098 0.000000 0.000005 0.000003 0.000018 0.000145 0.000000 0.000000 0.000000 0.000000 0.000001 0.000023 0.000036 0.000001 0.000000 0.073661 0.000001 0.000000 0.000012 0.000000 0.000000 0.000000 0.000000 0.000000 0.190765 0.000000 0.000112 0.000003 0.000000 0.000002 0.000000 0.000000 0.000000 0.000000 0.000000 0.000000 0.000000 0.000004 0.000000 0.000000 0.000000 0.000000 0.000003 0.000004 0.000000 0.000024 0.073178 0.000000 0.000000 0.000121 0.000007 0.001893 0.000003 0.003253 0.000001 0.000000 0.000000 0.000059 0.000000 0.000000 0.000001 0.000000 0.000000 0.000000 0.000000 0.000000 
0.000010 0.028559 0.000000 0.000000 0.000000 0.000000 0.000000 0.000004 0.000018 0.000008 0.000000 0.000002 0.000000 0.000000 0.046741 0.024617 0.000000 0.000000 0.000001 0.000001 0.000000 0.000000 0.000000 0.000000 0.000007 0.000000 0.000000 0.000001 0.000000 0.000000 0.000000 0.000000 0.000003 0.000002 0.061797 0.000091 0.000000 0.000000 0.000000 0.000000 0.000000 0.030638 0.087295 0.051782 0.000000 0.000000 0.026034 0.000000 0.031771 0.000000 0.021705 0.000000 0.000000 0.077961 0.000000 0.066438 0.036758 0.000002 0.000000 0.000001 0.000000 0.000000 0.000000 0.000000 0.000000 0.000000 0.000000 0.000003 0.000000 0.000000 0.000000 0.000000 0.000002 0.000003 0.000000 0.000013 0.000005 0.000000 0.038257 0.000074 0.000005 0.003270 0.000002 0.330178 0.000000 0.000000 0.000000 0.035938 0.000000 0.000000 0.000001 0.000000 0.000000 0.000000 0.000000 0.000000 
0.002585 0.119206 0.183397 0.573009 0.121801 0.000000 0.000000 0.000000 0.000001 0.000000 0.000000 0.000000 
0.001091 0.944608 0.000001 0.015835 0.022665 0.000000 0.000000 0.015800 0.000001 0.000000 0.000000 0.000000 
0.000000 0.000000 0.018367 0.000001 0.458285 0.000000 0.465607 0.000000 0.049657 0.000000 0.008083 0.000000 
0.000000 0.000000 0.818912 0.016413 0.090787 0.009114 0.000000 0.000000 0.064774 0.000000 0.000000 0.000000 
0.000000 0.000000 0.189994 0.000001 0.274310 0.000000 0.525622 0.000000 0.000001 0.000000 0.010072 0.000000 
0.000000 0.000000 0.789365 0.000001 0.100573 0.000000 0.029968 0.000000 0.080093 0.000000 0.000000 0.000000 
0.003131 0.000000 0.829926 0.000001 0.120855 0.000000 0.000000 0.000000 0.046086 0.000000 0.000000 0.000000 
0.006388 0.174439 0.000001 0.030920 0.595164 0.000000 0.058623 0.000000 0.134466 0.000000 0.000000 0.000000 
0.000000 0.703359 0.136077 0.062232 0.058380 0.000000 0.039952 0.000000 0.000001 0.000000 0.000000 0.000000 
0.000000 0.327191 0.165308 0.000001 0.189731 0.000000 0.314132 0.000000 0.000001 0.000000 0.003637 0.000000 
0.011824 0.000000 0.018312 0.018687 0.696787 0.000000 0.141054 0.000000 0.113336 0.000000 0.000000 0.000000 
0.013450 0.000000 0.000001 0.100590 0.636955 0.000000 0.040681 0.000000 0.185852 0.022471 0.000000 0.000000 
0.000000 0.964493 0.022436 0.000001 0.013069 0.000000 0.000000 0.000000 0.000001 0.000000 0.000000 0.000000 
0.013055 0.000000 0.000001 0.067766 0.669251 0.000000 0.082736 0.000000 0.167191 0.000000 0.000000 0.000000 
0.000000 0.000000 0.000001 0.000001 0.305679 0.000000 0.628776 0.000000 0.019271 0.036284 0.009989 0.000000 
0.013554 0.000000 0.000001 0.086066 0.664870 0.000000 0.070496 0.000000 0.165013 0.000000 0.000000 0.000000 
0.000000 0.000000 0.008442 0.870991 0.120566 0.000000 0.000000 0.000000 0.000001 0.000000 0.000000 0.000000 
0.000000 0.000000 0.794061 0.000001 0.119821 0.000000 0.000000 0.000000 0.086116 0.000000 0.000000 0.000000 
0.000000 0.000000 0.009740 0.870050 0.120209 0.000000 0.000000 0.000000 0.000001 0.000000 0.000000 0.000000 
0.011215 0.072660 0.036975 0.015710 0.643118 0.000000 0.113281 0.000000 0.107042 0.000000 0.000000 0.000000 
0.000000 0.474817 0.278439 0.032163 0.073757 0.000000 0.090871 0.000000 0.049952 0.000000 0.000000 0.000000 
0.000000 0.000000 0.000001 0.353104 0.240635 0.000000 0.332800 0.000000 0.000001 0.069341 0.004117 0.000000 
0.004371 0.000000 0.118025 0.000001 0.558001 0.000000 0.123731 0.000000 0.154365 0.041506 0.000000 0.000000 
0.000000 0.385568 0.392490 0.000001 0.174238 0.000000 0.000000 0.000000 0.047703 0.000000 0.000000 0.000000 
0.017260 0.000000 0.055763 0.000001 0.648250 0.000000 0.139903 0.000000 0.120920 0.017903 0.000000 0.000000 
0.000000 0.000000 0.004814 0.848910 0.095682 0.000000 0.000000 0.000000 0.000001 0.050593 0.000000 0.000000 
0.002544 0.000000 0.000001 0.643539 0.283364 0.000000 0.000000 0.000000 0.070552 0.000000 0.000000 0.000000 
0.006786 0.000000 0.000001 0.000001 0.328531 0.000000 0.657772 0.000000 0.000001 0.000000 0.006907 0.000000 
0.003985 0.000000 0.315353 0.045786 0.447227 0.000000 0.061692 0.000000 0.105408 0.000000 0.002259 0.018291 
0.000000 0.619854 0.004929 0.292629 0.082587 0.000000 0.000000 0.000000 0.000001 0.000000 0.000000 0.000000 
0.000000 0.000000 0.054216 0.000001 0.257752 0.000000 0.597863 0.000000 0.085117 0.000000 0.005050 0.000000 
0.014278 0.000000 0.018470 0.000001 0.726435 0.000000 0.121171 0.000000 0.119644 0.000000 0.000000 0.000000 
0.001766 0.726821 0.204082 0.000001 0.067329 0.000000 0.000000 0.000000 0.000001 0.000000 0.000000 0.000000 
0.000000 0.000000 0.000001 0.057343 0.270631 0.000000 0.625606 0.000000 0.041953 0.000000 0.004466 0.000000 
0.000000 0.000000 0.833944 0.010657 0.092158 0.000000 0.000000 0.000000 0.063241 0.000000 0.000000 0.000000 
0.004248 0.778238 0.171480 0.000001 0.046032 0.000000 0.000000 0.000000 0.000001 0.000000 0.000000 0.000000 
0.000000 0.000000 0.796569 0.000001 0.156418 0.000000 0.000000 0.000000 0.047012 0.000000 0.000000 0.000000 
0.003299 0.000000 0.356301 0.000001 0.476877 0.000000 0.062635 0.000000 0.100887 0.000000 0.000000 0.000000 
0.000000 0.000000 0.133404 0.000001 0.202586 0.000000 0.656076 0.000000 0.000001 0.000000 0.007932 0.000000 
0.000000 0.067557 0.000001 0.789443 0.106293 0.000000 0.036705 0.000000 0.000001 0.000000 0.000000 0.000000 
0.000000 0.000000 0.393139 0.146791 0.198942 0.000000 0.217383 0.000000 0.043744 0.000000 0.000000 0.000000 
0.005190 0.000000 0.013992 0.000001 0.311137 0.013567 0.656112 0.000000 0.000001 0.000000 0.000000 0.000000 
0.000000 0.000000 0.778739 0.000001 0.161800 0.000000 0.000000 0.000000 0.059459 0.000000 0.000000 0.000000 
0.007860 0.109760 0.000001 0.000001 0.612200 0.000000 0.076480 0.000000 0.193697 0.000000 0.000000 0.000000 
0.000000 0.075346 0.111565 0.030650 0.195102 0.019745 0.475427 0.000000 0.087717 0.000000 0.004448 0.000000 
0.008733 0.000000 0.000001 0.000001 0.273994 0.000000 0.717270 0.000000 0.000001 0.000000 0.000000 0.000000 
0.004483 0.000000 0.013277 0.111136 0.669680 0.000000 0.077518 0.000000 0.123907 0.000000 0.000000 0.000000 
0.005419 0.000000 0.000001 0.487871 0.366858 0.039502 0.000000 0.000000 0.000001 0.100346 0.000000 0.000000 
0.000000 0.153927 0.017981 0.273401 0.160245 0.000000 0.324444 0.000000 0.000001 0.065660 0.004341 0.000000 
0.000000 0.940078 0.000001 0.043532 0.001498 0.000000 0.000000 0.000000 0.014891 0.000000 0.000000 0.000000 
0.000000 0.989251 0.000001 0.000001 0.010746 0.000000 0.000000 0.000000 0.000001 0.000000 0.000000 0.000000 
0.004786 0.000000 0.000001 0.684328 0.280715 0.000000 0.000000 0.000000 0.030170 0.000000 0.000000 0.000000 
0.000000 0.000000 0.195969 0.674157 0.120376 0.000000 0.000000 0.000000 0.000001 0.009497 0.000000 0.000000 
0.002117 0.825798 0.007362 0.000001 0.124114 0.012109 0.000000 0.000000 0.000001 0.000000 0.000000 0.028497 
0.003923 0.000000 0.769299 0.044256 0.105714 0.000000 0.000000 0.000000 0.066203 0.000000 0.000000 0.010605 
0.002291 0.865026 0.000001 0.062613 0.049538 0.000000 0.000000 0.000000 0.020530 0.000000 0.000000 0.000000 
0.001886 0.000000 0.728563 0.000001 0.158680 0.000000 0.000000 0.000000 0.092336 0.018533 0.000000 0.000000 
0.000000 0.837141 0.020073 0.000001 0.039322 0.000000 0.078366 0.000000 0.000001 0.025097 0.000000 0.000000 
0.000000 0.100257 0.000001 0.710952 0.130345 0.000000 0.035965 0.000000 0.000001 0.000000 0.000000 0.022478 
0.011125 0.000000 0.000001 0.016677 0.529672 0.000000 0.302953 0.000000 0.139572 0.000000 0.000000 0.000000 
0.000000 0.000000 0.000001 0.633550 0.204179 0.000000 0.162269 0.000000 0.000001 0.000000 0.000000 0.000000 
0.003846 0.000000 0.784705 0.000001 0.143918 0.000000 0.000000 0.000000 0.067530 0.000000 0.000000 0.000000 
0.000000 0.000000 0.000001 0.000001 0.382495 0.000000 0.568131 0.000000 0.025794 0.018124 0.005455 0.000000 
0.006002 0.466392 0.018063 0.000001 0.269491 0.000000 0.021904 0.000000 0.000001 0.185458 0.000000 0.032687 
0.000000 0.040352 0.191880 0.053229 0.251160 0.000000 0.460166 0.000000 0.000001 0.000000 0.003212 0.000000 
0.000000 0.000000 0.005195 0.837647 0.096404 0.000000 0.060754 0.000000 0.000001 0.000000 0.000000 0.000000 
0.002626 0.000000 0.841802 0.000001 0.155569 0.000000 0.000000 0.000000 0.000001 0.000000 0.000000 0.000000 
0.000000 0.910483 0.066304 0.000001 0.001604 0.000000 0.020571 0.000000 0.000001 0.000000 0.001037 0.000000 
0.000000 0.000000 0.000001 0.891262 0.073864 0.000000 0.034872 0.000000 0.000001 0.000000 0.000000 0.000000 
0.000000 0.896541 0.000001 0.077755 0.015959 0.000000 0.009744 0.000000 0.000001 0.000000 0.000000 0.000000 
0.000000 0.146973 0.000001 0.112717 0.243936 0.012929 0.483444 0.000000 0.000001 0.000000 0.000000 0.000000 
0.004442 0.000000 0.022070 0.044853 0.563559 0.000000 0.245457 0.000000 0.119620 0.000000 0.000000 0.000000 
0.000000 0.000000 0.020031 0.842506 0.110678 0.000000 0.018274 0.000000 0.000001 0.000000 0.008510 0.000000 
0.000000 0.000000 0.626732 0.000001 0.202666 0.000000 0.170600 0.000000 0.000001 0.000000 0.000000 0.000000 
0.000000 0.000000 0.000001 0.836434 0.163564 0.000000 0.000000 0.000000 0.000001 0.000000 0.000000 0.000000 
0.003652 0.319613 0.244408 0.183992 0.135333 0.000000 0.113002 0.000000 0.000001 0.000000 0.000000 0.000000 
0.012490 0.000000 0.000001 0.047817 0.610343 0.000000 0.117835 0.000000 0.171030 0.040484 0.000000 0.000000 
0.000000 0.132023 0.009146 0.696704 0.150191 0.011934 0.000000 0.000000 0.000001 0.000000 0.000000 0.000000 
0.007189 0.000000 0.000001 0.099723 0.650549 0.000000 0.142143 0.000000 0.100395 0.000000 0.000000 0.000000 
0.000000 0.000000 0.374892 0.408522 0.092965 0.000000 0.028586 0.000000 0.023707 0.071329 0.000000 0.000000 
0.005793 0.000000 0.603428 0.041702 0.314612 0.000000 0.000000 0.000000 0.000001 0.034464 0.000000 0.000000 
0.000000 0.000000 0.019695 0.866520 0.088744 0.000000 0.000000 0.000000 0.000001 0.025040 0.000000 0.000000 
0.012901 0.163002 0.100687 0.043586 0.450882 0.022041 0.033285 0.000000 0.173616 0.000000 0.000000 0.000000 
0.007038 0.000000 0.000001 0.025693 0.377917 0.000000 0.522147 0.000000 0.057347 0.000000 0.009858 0.000000 
0.004989 0.000000 0.189737 0.000001 0.542818 0.000000 0.084040 0.000000 0.117079 0.052194 0.000000 0.009141 
0.000000 0.939828 0.000001 0.000001 0.000490 0.000000 0.000000 0.010419 0.000001 0.049259 0.000000 0.000000 
0.000000 0.000000 0.055980 0.000001 0.269268 0.000000 0.667801 0.000000 0.000001 0.000000 0.006950 0.000000 
0.007248 0.511321 0.026120 0.000001 0.301264 0.000000 0.073928 0.010977 0.069140 0.000000 0.000000 0.000000 
0.005476 0.000000 0.000001 0.167633 0.639565 0.000000 0.000000 0.018945 0.168380 0.000000 0.000000 0.000000 
0.000000 0.000000 0.303025 0.567293 0.129680 0.000000 0.000000 0.000000 0.000001 0.000000 0.000000 0.000000 
0.000000 0.000000 0.156409 0.000001 0.345274 0.000000 0.420313 0.000000 0.078004 0.000000 0.000000 0.000000 
0.000000 0.000000 0.000001 0.351027 0.272940 0.000000 0.342003 0.000000 0.000001 0.030887 0.003142 0.000000 
0.000000 0.446279 0.267627 0.000001 0.033024 0.000000 0.028261 0.000000 0.000001 0.224807 0.000000 0.000000 
0.008603 0.083149 0.000001 0.045194 0.664746 0.033188 0.000000 0.000000 0.165118 0.000000 0.000000 0.000000 
0.000000 0.000000 0.807183 0.000001 0.107668 0.000000 0.000000 0.000000 0.068500 0.016648 0.000000 0.000000 
0.002716 0.150416 0.000001 0.055529 0.602523 0.000000 0.000000 0.000000 0.186192 0.000000 0.002622 0.000000 
0.000000 0.625576 0.231077 0.000001 0.064961 0.010300 0.000000 0.000000 0.000001 0.068084 0.000000 0.000000 
0.000000 0.000000 0.000001 0.069940 0.302167 0.000000 0.578321 0.013822 0.026563 0.000000 0.009185 0.000000 
0.000000 0.000000 0.000001 0.041860 0.264517 0.000000 0.687962 0.000000 0.000001 0.000000 0.005659 0.000000 
0.000000 0.000000 0.010645 0.721779 0.160569 0.000000 0.075905 0.000000 0.025093 0.006009 0.000000 0.000000 
0.003898 0.177004 0.000001 0.471472 0.223590 0.000000 0.072916 0.000000 0.051119 0.000000 0.000000 0.000000 
0.000000 0.000000 0.539443 0.304014 0.060892 0.000000 0.028220 0.000000 0.067430 0.000000 0.000000 0.000000 
0.012194 0.000000 0.000001 0.000001 0.652076 0.000000 0.196048 0.000000 0.139680 0.000000 0.000000 0.000000 
0.000000 0.924234 0.000001 0.022634 0.001838 0.000000 0.000000 0.000000 0.008623 0.042671 0.000000 0.000000 
0.002769 0.000000 0.811091 0.015222 0.149195 0.000000 0.000000 0.000000 0.021723 0.000000 0.000000 0.000000 
0.000000 0.218741 0.656097 0.000001 0.106258 0.000000 0.000000 0.000000 0.018902 0.000000 0.000000 0.000000 
0.006671 0.000000 0.000001 0.029360 0.731874 0.000000 0.080196 0.000000 0.151898 0.000000 0.000000 0.000000 
0.009292 0.000000 0.000001 0.020340 0.686851 0.000000 0.069661 0.000000 0.175856 0.037998 0.000000 0.000000 
0.000000 0.000000 0.000001 0.830988 0.164455 0.000000 0.000000 0.004556 0.000001 0.000000 0.000000 0.000000 
0.001345 0.000000 0.000001 0.771430 0.176166 0.000000 0.000000 0.000000 0.051057 0.000000 0.000000 0.000000 
0.007595 0.155705 0.019446 0.146312 0.543947 0.000000 0.000000 0.000000 0.126995 0.000000 0.000000 0.000000 
0.001131 0.882281 0.000001 0.031984 0.048540 0.000000 0.000000 0.000000 0.036063 0.000000 0.000000 0.000000 
0.007498 0.000000 0.000001 0.184202 0.499823 0.000000 0.147538 0.000000 0.160937 0.000000 0.000000 0.000000 
0.002154 0.426882 0.356688 0.000001 0.069301 0.000000 0.120891 0.000000 0.024083 0.000000 0.000000 0.000000 
0.012720 0.000000 0.017783 0.364626 0.463010 0.000000 0.024563 0.000000 0.097977 0.000000 0.000000 0.019321 
0.000000 0.000000 0.826924 0.000001 0.072723 0.000000 0.025651 0.000000 0.074700 0.000000 0.000000 0.000000 
0.008070 0.000000 0.000001 0.000001 0.334034 0.000000 0.654164 0.000000 0.000001 0.000000 0.003729 0.000000 
0.000000 0.936731 0.013744 0.013167 0.030110 0.000000 0.000000 0.000000 0.006248 0.000000 0.000000 0.000000 
0.000000 0.000000 0.000001 0.000001 0.364588 0.000000 0.555950 0.000000 0.073301 0.000000 0.006159 0.000000 
0.000000 0.000000 0.676157 0.000001 0.247291 0.000000 0.000000 0.000000 0.076550 0.000000 0.000000 0.000000 
0.011138 0.000000 0.000001 0.014855 0.688281 0.000000 0.107977 0.000000 0.152829 0.024919 0.000000 0.000000 
0.000000 0.839939 0.000001 0.106936 0.028515 0.000000 0.000000 0.000000 0.000001 0.024608 0.000000 0.000000 
0.000000 0.000000 0.000001 0.000001 0.352482 0.000000 0.586630 0.000000 0.055419 0.000000 0.005468 0.000000 
0.000000 0.306694 0.536329 0.000001 0.106114 0.000000 0.012293 0.018257 0.020312 0.000000 0.000000 0.000000 
0.000000 0.000000 0.071708 0.000001 0.293693 0.000000 0.622817 0.000000 0.000001 0.000000 0.011780 0.000000 
0.000000 0.000000 0.758824 0.000001 0.146523 0.000000 0.000000 0.000000 0.094651 0.000000 0.000000 0.000000 
0.003828 0.000000 0.010950 0.031954 0.252167 0.000000 0.694239 0.000000 0.000001 0.000000 0.006861 0.000000 
0.000000 0.763595 0.000001 0.131511 0.027622 0.000000 0.000000 0.000000 0.000001 0.077269 0.000000 0.000000 
0.008836 0.000000 0.078119 0.041082 0.679252 0.000000 0.064763 0.000000 0.127948 0.000000 0.000000 0.000000 
0.002006 0.000000 0.823992 0.022799 0.089451 0.000000 0.000000 0.000000 0.061752 0.000000 0.000000 0.000000 
0.003598 0.000000 0.000001 0.026566 0.302160 0.000000 0.623597 0.000000 0.044077 0.000000 0.000000 0.000000 
0.000000 0.872473 0.010109 0.000001 0.024583 0.000000 0.089084 0.000000 0.000001 0.000000 0.003749 0.000000 
0.004035 0.000000 0.000001 0.480324 0.427506 0.000000 0.000000 0.000000 0.079989 0.008144 0.000000 0.000000 
0.001344 0.000000 0.000001 0.362051 0.387956 0.000000 0.000000 0.000000 0.126789 0.104549 0.000000 0.017309 
0.002887 0.631624 0.000001 0.288378 0.077107 0.000000 0.000000 0.000000 0.000001 0.000000 0.000000 0.000000 
0.000000 0.331712 0.482120 0.035144 0.087924 0.011306 0.000000 0.000000 0.051793 0.000000 0.000000 0.000000 
0.000000 0.551341 0.388625 0.000001 0.022169 0.000000 0.037863 0.000000 0.000001 0.000000 0.000000 0.000000 
0.000000 0.000000 0.045809 0.752096 0.168224 0.000000 0.033871 0.000000 0.000001 0.000000 0.000000 0.000000 
0.000000 0.000000 0.799857 0.025768 0.108659 0.000000 0.000000 0.008449 0.057266 0.000000 0.000000 0.000000 
0.001198 0.448672 0.000001 0.137813 0.363460 0.000000 0.000000 0.000000 0.048855 0.000000 0.000000 0.000000 
0.000000 0.000000 0.000001 0.000001 0.236383 0.000000 0.531534 0.000000 0.000001 0.227758 0.004322 0.000000 
0.000000 0.000000 0.065414 0.725894 0.101283 0.000000 0.056105 0.000000 0.046783 0.000000 0.004521 0.000000 
0.000000 0.000000 0.000001 0.866611 0.111940 0.021447 0.000000 0.000000 0.000001 0.000000 0.000000 0.000000 
0.000000 0.055080 0.113061 0.000001 0.258543 0.000000 0.512619 0.000000 0.054866 0.000000 0.005830 0.000000 
0.000000 0.286763 0.000001 0.193781 0.423743 0.000000 0.023893 0.000000 0.066914 0.000000 0.004906 0.000000 
0.000000 0.000000 0.013610 0.000001 0.312929 0.000000 0.669376 0.000000 0.000001 0.000000 0.004083 0.000000 
0.000000 0.000000 0.296322 0.000001 0.234147 0.000000 0.427681 0.000000 0.000001 0.034498 0.007349 0.000000 
0.000000 0.000000 0.052901 0.055988 0.281182 0.000000 0.606728 0.000000 0.000001 0.000000 0.003199 0.000000 
0.000000 0.000000 0.000001 0.862467 0.137531 0.000000 0.000000 0.000000 0.000001 0.000000 0.000000 0.000000 
0.001976 0.000000 0.177215 0.686144 0.134664 0.000000 0.000000 0.000000 0.000001 0.000000 0.000000 0.000000 
0.003227 0.000000 0.736825 0.000001 0.163340 0.000000 0.000000 0.000000 0.096607 0.000000 0.000000 0.000000 
0.000000 0.000000 0.014426 0.760554 0.225019 0.000000 0.000000 0.000000 0.000001 0.000000 0.000000 0.000000 
0.000000 0.000000 0.844304 0.000001 0.104031 0.000000 0.020614 0.000000 0.031050 0.000000 0.000000 0.000000 
0.000000 0.052412 0.618395 0.181281 0.111808 0.000000 0.000000 0.000000 0.036103 0.000000 0.000000 0.000000 
0.000000 0.000000 0.071459 0.767620 0.149904 0.011016 0.000000 0.000000 0.000001 0.000000 0.000000 0.000000 
0.000000 0.000000 0.053375 0.808616 0.134337 0.000000 0.000000 0.000000 0.000001 0.000000 0.003671 0.000000 
0.003874 0.000000 0.000001 0.029231 0.316475 0.000000 0.484339 0.000000 0.047428 0.111822 0.006830 0.000000 
0.011424 0.000000 0.000001 0.000001 0.706769 0.000000 0.124198 0.000000 0.157608 0.000000 0.000000 0.000000 
0.000000 0.476477 0.019566 0.034816 0.268862 0.000000 0.000000 0.000000 0.067032 0.133247 0.000000 0.000000 
0.002289 0.000000 0.624334 0.189782 0.087095 0.000000 0.000000 0.000000 0.096500 0.000000 0.000000 0.000000 
0.001759 0.000000 0.839290 0.000001 0.122695 0.000000 0.036253 0.000000 0.000001 0.000000 0.000000 0.000000 
0.000000 0.000000 0.000001 0.000001 0.268445 0.000000 0.673414 0.000000 0.027397 0.022423 0.008319 0.000000 
0.000000 0.000000 0.463241 0.000001 0.204544 0.000000 0.258205 0.000000 0.074009 0.000000 0.000000 0.000000 
0.000000 0.939611 0.003786 0.000001 0.010457 0.000000 0.007698 0.000000 0.000001 0.038445 0.000000 0.000000 
0.012173 0.000000 0.000001 0.034235 0.728720 0.000000 0.086537 0.000000 0.138334 0.000000 0.000000 0.000000 
0.000000 0.000000 0.000001 0.726782 0.165415 0.000000 0.107801 0.000000 0.000001 0.000000 0.000000 0.000000 
0.011098 0.000000 0.021013 0.029008 0.648085 0.000000 0.085667 0.000000 0.185100 0.020029 0.000000 0.000000 
0.000000 0.000000 0.840707 0.000001 0.104157 0.000000 0.000000 0.000000 0.055134 0.000000 0.000000 0.000000 
0.006216 0.292251 0.166060 0.423791 0.111681 0.000000 0.000000 0.000000 0.000001 0.000000 0.000000 0.000000 
0.003954 0.000000 0.000001 0.018104 0.693281 0.000000 0.110251 0.000000 0.174409 0.000000 0.000000 0.000000 
0.000000 0.109595 0.705462 0.000001 0.144821 0.000000 0.000000 0.000000 0.040121 0.000000 0.000000 0.000000 
0.003246 0.000000 0.049970 0.035244 0.637600 0.000000 0.190200 0.000000 0.083739 0.000000 0.000000 0.000000 
0.004182 0.000000 0.000001 0.434159 0.233069 0.000000 0.296967 0.000000 0.017987 0.000000 0.000000 0.013636 
0.004917 0.000000 0.019146 0.669541 0.238582 0.000000 0.000000 0.000000 0.067814 0.000000 0.000000 0.000000 
0.000000 0.000000 0.008003 0.833128 0.144220 0.000000 0.000000 0.000000 0.000001 0.014648 0.000000 0.000000 
0.001382 0.000000 0.769564 0.000001 0.151297 0.000000 0.000000 0.000000 0.060097 0.017659 0.000000 0.000000 
0.000000 0.000000 0.599217 0.000001 0.281148 0.000000 0.000000 0.000000 0.108674 0.000000 0.000000 0.010960 
0.000000 0.000000 0.640742 0.171691 0.141794 0.000000 0.000000 0.000000 0.039199 0.000000 0.000000 0.006573 
0.000000 0.416642 0.016779 0.000001 0.327784 0.000000 0.191165 0.017031 0.030599 0.000000 0.000000 0.000000 
0.002966 0.000000 0.000001 0.012492 0.655927 0.000000 0.099296 0.000000 0.229318 0.000000 0.000000 0.000000 
0.000000 0.000000 0.010112 0.725613 0.164356 0.000000 0.050697 0.000000 0.000001 0.049221 0.000000 0.000000 
0.006985 0.000000 0.000001 0.014564 0.724968 0.000000 0.100220 0.000000 0.153262 0.000000 0.000000 0.000000 
0.000000 0.000000 0.000001 0.000001 0.315673 0.000000 0.659784 0.000000 0.000001 0.024541 0.000000 0.000000 
0.000000 0.000000 0.005053 0.840024 0.142785 0.000000 0.000000 0.000000 0.000001 0.012137 0.000000 0.000000 
0.000000 0.099682 0.670684 0.086006 0.104489 0.000000 0.000000 0.000000 0.039139 0.000000 0.000000 0.000000 
0.000000 0.000000 0.007837 0.828920 0.152676 0.000000 0.000000 0.000000 0.010567 0.000000 0.000000 0.000000 
0.011374 0.000000 0.232664 0.053778 0.510012 0.000000 0.036008 0.000000 0.156164 0.000000 0.000000 0.000000 
0.000000 0.615435 0.318250 0.000001 0.062289 0.000000 0.000000 0.004024 0.000001 0.000000 0.000000 0.000000 
0.000000 0.000000 0.036630 0.000001 0.321731 0.000000 0.631699 0.000000 0.000001 0.000000 0.009938 0.000000 
0.005948 0.511770 0.024975 0.000001 0.368916 0.000000 0.000000 0.000000 0.070810 0.000000 0.000000 0.017579 
0.012045 0.128478 0.000001 0.056796 0.607394 0.000000 0.051908 0.000000 0.143379 0.000000 0.000000 0.000000 
0.000000 0.958667 0.000001 0.002653 0.000242 0.000000 0.000000 0.000000 0.000001 0.038436 0.000000 0.000000 
0.000000 0.413630 0.000001 0.000001 0.178832 0.000000 0.378398 0.000000 0.021514 0.000000 0.007623 0.000000 
0.000000 0.000000 0.000001 0.888978 0.111020 0.000000 0.000000 0.000000 0.000001 0.000000 0.000000 0.000000 
0.000000 0.000000 0.000001 0.000001 0.298067 0.000000 0.620398 0.000000 0.023117 0.029197 0.010830 0.018389 
0.000000 0.000000 0.000001 0.855920 0.129888 0.000000 0.000000 0.014190 0.000001 0.000000 0.000000 0.000000 
0.013462 0.000000 0.149835 0.000001 0.620123 0.000000 0.120059 0.000000 0.096519 0.000000 0.000000 0.000000 
0.000000 0.791508 0.000001 0.000001 0.149560 0.000000 0.030371 0.000000 0.028558 0.000000 0.000000 0.000000 
0.000000 0.952543 0.005391 0.010636 0.005246 0.000000 0.000000 0.000000 0.000001 0.026183 0.000000 0.000000 
0.005779 0.000000 0.026736 0.061121 0.762732 0.000000 0.000000 0.000000 0.143631 0.000000 0.000000 0.000000 
0.000000 0.000000 0.775951 0.000001 0.166935 0.000000 0.000000 0.000000 0.057113 0.000000 0.000000 0.000000 
0.000000 0.000000 0.780865 0.000001 0.143887 0.000000 0.000000 0.000000 0.075247 0.000000 0.000000 0.000000 
0.000000 0.000000 0.000001 0.000001 0.272432 0.054222 0.592281 0.013117 0.021951 0.035695 0.010299 0.000000 
0.019232 0.309235 0.000001 0.028866 0.544274 0.000000 0.000000 0.000000 0.098391 0.000000 0.000000 0.000000 
0.000000 0.000000 0.624457 0.000001 0.181971 0.000000 0.193570 0.000000 0.000001 0.000000 0.000000 0.000000 
0.000000 0.000000 0.238435 0.037598 0.266716 0.000000 0.451583 0.000000 0.000001 0.000000 0.005667 0.000000 
0.000000 0.000000 0.021832 0.050780 0.589857 0.000000 0.192588 0.000000 0.144942 0.000000 0.000000 0.000000 
0.007235 0.000000 0.000001 0.074508 0.669716 0.000000 0.089031 0.000000 0.145986 0.013524 0.000000 0.000000 
0.000000 0.780169 0.000001 0.018921 0.006478 0.000000 0.097349 0.000000 0.000001 0.097082 0.000000 0.000000 
0.003926 0.000000 0.112502 0.000001 0.574192 0.000000 0.189975 0.000000 0.119403 0.000000 0.000000 0.000000 
0.000000 0.000000 0.000001 0.000001 0.351479 0.000000 0.584875 0.000000 0.054230 0.000000 0.009414 0.000000 
0.000000 0.000000 0.687000 0.000001 0.153616 0.000000 0.140872 0.000000 0.018511 0.000000 0.000000 0.000000 
0.002717 0.000000 0.005523 0.073379 0.590964 0.000000 0.118215 0.000000 0.197629 0.011573 0.000000 0.000000 
0.000000 0.000000 0.000001 0.206004 0.546389 0.000000 0.076746 0.000000 0.163591 0.000000 0.007270 0.000000 
0.010263 0.000000 0.000001 0.218215 0.619970 0.012093 0.000000 0.000000 0.139458 0.000000 0.000000 0.000000 
0.004306 0.693047 0.237615 0.000001 0.065029 0.000000 0.000000 0.000000 0.000001 0.000000 0.000000 0.000000 
0.004852 0.048978 0.067826 0.000001 0.611859 0.038853 0.000000 0.000000 0.227630 0.000000 0.000000 0.000000 
0.000000 0.745004 0.013280 0.085800 0.139912 0.000000 0.016003 0.000000 0.000001 0.000000 0.000000 0.000000 
0.000000 0.000000 0.000001 0.848586 0.151412 0.000000 0.000000 0.000000 0.000001 0.000000 0.000000 0.000000 
0.004045 0.000000 0.524640 0.000001 0.343418 0.016393 0.000000 0.000000 0.111502 0.000000 0.000000 0.000000 
0.007017 0.000000 0.000001 0.039858 0.732797 0.000000 0.083224 0.000000 0.118731 0.018372 0.000000 0.000000 
0.000000 0.685393 0.180715 0.000001 0.004004 0.000000 0.000000 0.000000 0.000001 0.116626 0.000000 0.013260 
0.000000 0.621443 0.000001 0.018909 0.091418 0.018362 0.249866 0.000000 0.000001 0.000000 0.000000 0.000000 
0.013792 0.000000 0.011990 0.075410 0.674340 0.000000 0.045504 0.000000 0.163158 0.000000 0.000000 0.015807 
0.000000 0.000000 0.000001 0.716270 0.230533 0.000000 0.000000 0.000000 0.023381 0.029814 0.000000 0.000000 
0.011261 0.000000 0.000001 0.065978 0.726353 0.000000 0.000000 0.000000 0.174559 0.021848 0.000000 0.000000 
0.000000 0.000000 0.070117 0.781261 0.117809 0.000000 0.030812 0.000000 0.000001 0.000000 0.000000 0.000000 
0.000000 0.000000 0.033096 0.032778 0.641207 0.000000 0.124992 0.000000 0.167928 0.000000 0.000000 0.000000 
0.000000 0.000000 0.000001 0.146824 0.274813 0.000000 0.551109 0.000000 0.011084 0.016170 0.000000 0.000000 
0.000000 0.000000 0.800342 0.000001 0.152386 0.000000 0.000000 0.000000 0.047270 0.000000 0.000000 0.000000 
0.000000 0.000000 0.010845 0.755995 0.117855 0.000000 0.115305 0.000000 0.000001 0.000000 0.000000 0.000000 
0.000000 0.580485 0.000001 0.000001 0.295835 0.015088 0.066698 0.000000 0.041892 0.000000 0.000000 0.000000 
0.005016 0.000000 0.782651 0.000001 0.169186 0.000000 0.000000 0.000000 0.043146 0.000000 0.000000 0.000000 
0.000000 0.000000 0.000001 0.055846 0.275285 0.000000 0.652308 0.000000 0.016560 0.000000 0.000000 0.000000 
0.003651 0.000000 0.063149 0.000001 0.721687 0.000000 0.090479 0.000000 0.121033 0.000000 0.000000 0.000000 
0.001280 0.976918 0.003092 0.000001 0.007134 0.000000 0.011573 0.000000 0.000001 0.000000 0.000000 0.000000 
0.001621 0.423937 0.021391 0.237818 0.220347 0.000000 0.000000 0.000000 0.056659 0.000000 0.000000 0.038224 
0.001295 0.672777 0.000001 0.086461 0.190617 0.012604 0.000000 0.000000 0.036245 0.000000 0.000000 0.000000 
0.000000 0.731121 0.049048 0.103493 0.023573 0.000000 0.000000 0.000000 0.000001 0.092764 0.000000 0.000000 
0.000000 0.000000 0.804665 0.017543 0.074446 0.011840 0.000000 0.018315 0.073190 0.000000 0.000000 0.000000 
0.012744 0.000000 0.030341 0.038137 0.780938 0.030048 0.000000 0.000000 0.101776 0.000000 0.006016 0.000000 
0.000000 0.000000 0.824203 0.000001 0.152572 0.000000 0.000000 0.000000 0.023223 0.000000 0.000000 0.000000 
0.000000 0.809975 0.125110 0.000001 0.050171 0.000000 0.014742 0.000000 0.000001 0.000000 0.000000 0.000000 
0.000000 0.762731 0.000001 0.010326 0.098885 0.000000 0.000000 0.000000 0.039479 0.088579 0.000000 0.000000 
0.000000 0.186302 0.346615 0.342824 0.107702 0.000000 0.000000 0.000000 0.016557 0.000000 0.000000 0.000000 
0.002841 0.228820 0.617890 0.031192 0.079864 0.000000 0.000000 0.000000 0.039394 0.000000 0.000000 0.000000 
0.008192 0.000000 0.000001 0.000001 0.314755 0.000000 0.657894 0.000000 0.011125 0.000000 0.008032 0.000000 
0.000000 0.328147 0.000001 0.557779 0.076617 0.015793 0.021662 0.000000 0.000001 0.000000 0.000000 0.000000 
0.000000 0.000000 0.015118 0.877795 0.107086 0.000000 0.000000 0.000000 0.000001 0.000000 0.000000 0.000000 
0.000000 0.159617 0.669565 0.000001 0.112737 0.000000 0.000000 0.000000 0.058080 0.000000 0.000000 0.000000 
0.000000 0.000000 0.622188 0.179179 0.163688 0.000000 0.034945 0.000000 0.000001 0.000000 0.000000 0.000000 
0.000000 0.839164 0.000001 0.085820 0.010131 0.000000 0.043949 0.000000 0.000001 0.020934 0.000000 0.000000 
0.000000 0.927514 0.000001 0.010020 0.056620 0.000000 0.000000 0.000000 0.005845 0.000000 0.000000 0.000000 
0.000000 0.000000 0.000001 0.000001 0.392833 0.000000 0.507511 0.000000 0.099655 0.000000 0.000000 0.000000 
0.000000 0.982313 0.000001 0.005934 0.011751 0.000000 0.000000 0.000000 0.000001 0.000000 0.000000 0.000000 
0.000000 0.000000 0.000001 0.392635 0.165459 0.000000 0.417070 0.000000 0.024835 0.000000 0.000000 0.000000 
0.003894 0.000000 0.000001 0.022046 0.690747 0.000000 0.044281 0.000000 0.213295 0.000000 0.000000 0.025734 
0.008545 0.000000 0.045524 0.034798 0.687565 0.000000 0.062367 0.000000 0.161201 0.000000 0.000000 0.000000 
0.004381 0.000000 0.000001 0.000001 0.702279 0.000000 0.159113 0.000000 0.134225 0.000000 0.000000 0.000000 
0.009598 0.000000 0.044913 0.251785 0.450622 0.000000 0.243082 0.000000 0.000001 0.000000 0.000000 0.000000 
0.000000 0.000000 0.000001 0.034770 0.318524 0.000000 0.598477 0.000000 0.048228 0.000000 0.000000 0.000000 
0.000000 0.000000 0.000001 0.000001 0.317819 0.000000 0.618529 0.000000 0.060327 0.000000 0.003322 0.000000 
0.000000 0.783501 0.165530 0.000001 0.031881 0.000000 0.000000 0.000000 0.019087 0.000000 0.000000 0.000000 
0.000000 0.000000 0.000001 0.000001 0.366594 0.000000 0.621204 0.000000 0.012199 0.000000 0.000000 0.000000 
0.000000 0.000000 0.827673 0.000001 0.151657 0.000000 0.000000 0.000000 0.020668 0.000000 0.000000 0.000000 
0.000000 0.887814 0.000001 0.082696 0.027763 0.000000 0.000000 0.001724 0.000001 0.000000 0.000000 0.000000 
0.000000 0.000000 0.468544 0.000001 0.239643 0.000000 0.271310 0.020500 0.000001 0.000000 0.000000 0.000000 
0.000000 0.000000 0.000001 0.751562 0.154856 0.000000 0.063249 0.000000 0.030331 0.000000 0.000000 0.000000 
0.004056 0.000000 0.713433 0.078801 0.144331 0.000000 0.035369 0.024009 0.000001 0.000000 0.000000 0.000000 
0.000000 0.090641 0.618970 0.000001 0.139629 0.000000 0.109487 0.000000 0.000001 0.000000 0.000000 0.041271 
0.000000 0.427765 0.000001 0.015955 0.406116 0.000000 0.053390 0.000000 0.096773 0.000000 0.000000 0.000000 
