-1914464.975857
0
0.011688 0.008972 0.001782 0.006388 0.001890 0.002502 0.000658 0.002794 0.030317 0.013693 0.167507 0.012705 0.003869 0.002567 0.003118 0.008773 0.014849 0.006459 0.010527 0.009653 0.001640 0.001881 0.001474 0.003049 0.006762 0.006816 0.000864 0.007116 0.001452 0.000716 0.000524 0.001375 0.020369 0.019298 0.095322 0.017502 0.001142 0.001983 0.001732 0.002091 0.003737 0.005039 0.007249 0.007040 0.000284 0.002077 0.001547 0.002651 0.009041 0.006069 0.000753 0.004128 0.000800 0.002631 0.000000 0.000759 0.024545 0.027696 0.104377 0.017959 0.000674 0.000553 0.001446 0.001978 0.012003 0.006987 0.005129 0.010523 0.000154 0.000225 0.001116 0.000843 0.011893 0.011408 0.002690 0.015429 0.001693 0.001967 0.000365 0.002716 0.013334 0.017644 0.073811 0.012724 0.005657 0.001954 0.001067 0.003779 0.008239 0.005262 0.008954 0.007010 0.001274 0.001242 0.002040 0.004014 
0.037216 0.032284 0.019227 0.025876 0.010585 0.005683 0.003257 0.005394 0.011428 0.007619 0.000000 0.005571 0.005071 0.003534 0.009312 0.002426 0.008177 0.001800 0.007094 0.003171 0.000000 0.000175 0.001240 0.000000 0.047848 0.063919 0.008478 0.045455 0.011004 0.009864 0.006716 0.010321 0.021358 0.013513 0.005581 0.019481 0.007648 0.011412 0.035403 0.011409 0.004886 0.002503 0.009604 0.005206 0.000000 0.001176 0.004624 0.000990 0.038188 0.040960 0.022704 0.026239 0.007733 0.009704 0.006947 0.006310 0.008270 0.007489 0.000000 0.007904 0.006351 0.004843 0.013484 0.004592 0.005558 0.001531 0.003816 0.002199 0.000000 0.000000 0.001960 0.000000 0.033409 0.055097 0.009966 0.037375 0.002982 0.010954 0.003053 0.005521 0.002893 0.005854 0.000000 0.008001 0.004139 0.004893 0.007826 0.003950 0.002438 0.000974 0.003206 0.002098 0.000000 0.000000 0.002936 0.001111 
0.016654 0.010641 0.000000 0.011031 0.019593 0.010330 0.003818 0.018450 0.019973 0.011707 0.000000 0.017483 0.009473 0.008354 0.010462 0.011264 0.029173 0.014012 0.024534 0.027154 0.003596 0.002149 0.008081 0.006408 0.009193 0.002839 0.001691 0.009074 0.011521 0.011109 0.003022 0.017611 0.019462 0.013285 0.001599 0.017739 0.006542 0.009230 0.009072 0.014046 0.012950 0.015674 0.015816 0.018797 0.002516 0.004962 0.009624 0.012102 0.007882 0.006759 0.000000 0.010246 0.009112 0.007497 0.000770 0.012474 0.018900 0.012687 0.000000 0.016713 0.006190 0.004856 0.007475 0.007084 0.013217 0.008732 0.011843 0.012618 0.003216 0.002424 0.012249 0.005914 0.010894 0.008924 0.002075 0.015302 0.009135 0.014197 0.001665 0.020063 0.010420 0.019454 0.000000 0.010614 0.009065 0.008550 0.007478 0.014037 0.015201 0.014674 0.010885 0.016308 0.006465 0.007021 0.009757 0.015143 
0.000823 0.000341 0.000253 0.000256 0.000223 0.000092 0.000168 0.000704 0.007697 0.002471 0.003115 0.003803 0.000001 0.000133 0.000509 0.000074 0.001284 0.000436 0.000510 0.001698 0.000000 0.000035 0.000206 0.000115 0.000648 0.000323 0.000000 0.000446 0.000000 0.000465 0.000000 0.000244 0.014704 0.002882 0.004858 0.008964 0.000090 0.000742 0.000147 0.000473 0.000695 0.000444 0.000607 0.000405 0.000122 0.000078 0.000124 0.000182 0.000575 0.000119 0.000000 0.000002 0.000000 0.000001 0.000000 0.000287 0.006581 0.001910 0.000000 0.003140 0.000098 0.000193 0.000000 0.000121 0.000001 0.000130 0.000000 0.000430 0.000000 0.000067 0.000137 0.000101 0.015238 0.006403 0.001742 0.011817 0.037967 0.000000 0.001558 0.066496 0.422462 0.081568 0.046798 0.229093 0.000222 0.000000 0.000083 0.000341 0.000001 0.000527 0.000387 0.000547 0.000126 0.000000 0.000144 0.000000 
0.232611 0.632825 0.014195 0.120369 
0.000027 0.012826 0.027495 0.959651 
0.054089 0.096615 0.841882 0.007414 
0.989664 0.000018 0.000009 0.010309 
0.210198 0.099979 0.680074 0.009749 
0.982524 0.013827 0.000010 0.003639 
0.999981 0.000009 0.000009 0.000000 
0.086058 0.046354 0.697021 0.170567 
0.159230 0.079547 0.047205 0.714018 
0.188818 0.057283 0.415198 0.338701 
0.106466 0.075044 0.809523 0.008966 
0.124793 0.124951 0.736803 0.013453 
0.023714 0.000007 0.000010 0.976270 
0.113729 0.105696 0.780575 0.000000 
0.013794 0.172056 0.779465 0.034685 
0.122042 0.117960 0.759997 0.000000 
0.021562 0.964112 0.014326 0.000000 
0.993073 0.000010 0.000010 0.006906 
0.024364 0.975627 0.000009 0.000000 
0.128996 0.054148 0.746747 0.070109 
0.341590 0.048174 0.125341 0.484895 
0.018037 0.475811 0.441365 0.064787 
0.248433 0.008815 0.711218 0.031535 
0.516887 0.000013 0.092697 0.390403 
0.159851 0.042856 0.783609 0.013684 
0.022991 0.934414 0.000011 0.042584 
0.049615 0.707529 0.242855 0.000000 
0.017649 0.177085 0.805266 0.000000 
0.469648 0.076011 0.454341 0.000000 
0.017212 0.353085 0.000009 0.629694 
0.095980 0.107324 0.796695 0.000000 
0.117394 0.052023 0.830583 0.000000 
0.245747 0.000011 0.017124 0.737119 
0.022654 0.193502 0.783844 0.000000 
0.999980 0.000011 0.000008 0.000000 
0.211065 0.000013 0.000010 0.788911 
0.999979 0.000011 0.000010 0.000000 
0.520190 0.033781 0.446029 0.000000 
0.135492 0.150932 0.698184 0.015391 
0.011844 0.877442 0.044398 0.066316 
0.474866 0.210343 0.314791 0.000000 
0.017790 0.137271 0.827781 0.017158 
0.989896 0.000011 0.000010 0.010084 
0.128214 0.039843 0.724686 0.107257 
0.152372 0.129415 0.630371 0.087842 
0.000043 0.134793 0.853645 0.011519 
0.110987 0.158947 0.730066 0.000000 
0.035107 0.578492 0.303800 0.082601 
0.030424 0.384388 0.371511 0.213677 
0.000046 0.042333 0.000009 0.957613 
0.000038 0.000011 0.000007 0.999945 
0.032164 0.766159 0.201677 0.000000 
0.241986 0.749337 0.000009 0.008668 
0.013273 0.020262 0.120139 0.846326 
0.951724 0.042498 0.000010 0.005768 
0.010919 0.062423 0.048815 0.877842 
0.935416 0.000011 0.048386 0.016187 
0.021797 0.020935 0.087975 0.869292 
0.018784 0.806742 0.068955 0.105518 
0.078986 0.089761 0.831252 0.000000 
0.008376 0.762572 0.229052 0.000000 
0.968993 0.000010 0.030996 0.000000 
0.028682 0.130512 0.821856 0.018950 
0.055237 0.000012 0.312097 0.632654 
0.215455 0.171638 0.566073 0.046834 
0.014539 0.934399 0.051061 0.000000 
0.999979 0.000011 0.000009 0.000000 
0.072261 0.000014 0.000011 0.927715 
0.006076 0.967473 0.026450 0.000000 
0.000057 0.088349 0.000009 0.911585 
0.007641 0.240475 0.593930 0.157955 
0.102916 0.114578 0.782506 0.000000 
0.033299 0.952542 0.010571 0.003587 
0.733343 0.000012 0.258706 0.007939 
0.015784 0.948846 0.035370 0.000000 
0.289444 0.233301 0.150600 0.326655 
0.104473 0.088041 0.776625 0.030861 
0.025920 0.802071 0.037340 0.134669 
0.078007 0.156007 0.765986 0.000000 
0.468491 0.459957 0.012554 0.058998 
0.762104 0.053375 0.157260 0.027261 
0.033495 0.946527 0.000009 0.019970 
0.227893 0.067156 0.537611 0.167340 
0.031612 0.151728 0.816660 0.000000 
0.328555 0.041203 0.584859 0.045383 
0.000048 0.000010 0.000008 0.999933 
0.066436 0.119865 0.813699 0.000000 
0.077217 0.022017 0.379997 0.520770 
0.107579 0.171741 0.714990 0.005690 
0.368388 0.631603 0.000009 0.000000 
0.219805 0.075307 0.704888 0.000000 
0.018879 0.489591 0.464269 0.027261 
0.332175 0.000011 0.037594 0.630220 
0.100180 0.077139 0.739221 0.083460 
0.984032 0.000010 0.000009 0.015948 
0.113092 0.056755 0.686344 0.143808 
0.293386 0.000012 0.014649 0.691953 
0.018014 0.216685 0.765301 0.000000 
0.004401 0.202531 0.793068 0.000000 
0.035152 0.817159 0.142111 0.005577 
0.038525 0.534463 0.249088 0.177924 
0.668732 0.331258 0.000010 0.000000 
0.082006 0.059059 0.858935 0.000000 
0.000031 0.024690 0.000011 0.975268 
0.974153 0.025838 0.000009 0.000000 
0.776628 0.000011 0.000009 0.223353 
0.106313 0.050417 0.843270 0.000000 
0.114072 0.058452 0.799254 0.028221 
0.010474 0.948307 0.041218 0.000000 
0.030410 0.844821 0.124768 0.000000 
0.116378 0.174838 0.560954 0.147831 
0.027850 0.031437 0.046324 0.894389 
0.086244 0.233491 0.680265 0.000000 
0.412863 0.000011 0.148496 0.438631 
0.099881 0.415267 0.484852 0.000000 
0.994368 0.000011 0.000010 0.005612 
0.018430 0.097905 0.883666 0.000000 
0.021129 0.013468 0.013607 0.951796 
0.029581 0.112972 0.857447 0.000000 
0.871848 0.000011 0.120505 0.007635 
0.101649 0.051864 0.826264 0.020223 
0.000051 0.123941 0.000010 0.875999 
0.028219 0.118943 0.852838 0.000000 
0.655197 0.000011 0.026721 0.318071 
0.083487 0.155153 0.761360 0.000000 
0.957244 0.000011 0.038513 0.004232 
0.017859 0.215295 0.755902 0.010944 
0.000059 0.145057 0.014181 0.840703 
0.194766 0.086621 0.718612 0.000000 
0.999979 0.000012 0.000009 0.000000 
0.022702 0.150220 0.827078 0.000000 
0.009492 0.018541 0.086094 0.885874 
0.067567 0.542687 0.382883 0.006864 
0.084152 0.412480 0.412610 0.090758 
0.009363 0.316491 0.035699 0.638448 
0.614694 0.044296 0.000009 0.341001 
0.438754 0.000010 0.000010 0.561227 
0.068362 0.860191 0.071447 0.000000 
0.968587 0.018723 0.000009 0.012681 
0.048729 0.160043 0.343055 0.448173 
0.015890 0.149719 0.637396 0.196995 
0.103096 0.808124 0.088780 0.000000 
0.008348 0.991643 0.000009 0.000000 
0.145665 0.131756 0.659715 0.062864 
0.038976 0.240504 0.434545 0.285975 
0.022717 0.134867 0.842416 0.000000 
0.331642 0.083130 0.551286 0.033942 
0.060307 0.181522 0.744697 0.013474 
0.019493 0.980497 0.000009 0.000000 
0.226805 0.773186 0.000010 0.000000 
0.954539 0.000010 0.045450 0.000000 
0.034548 0.858242 0.107210 0.000000 
0.982286 0.017705 0.000009 0.000000 
0.748826 0.196150 0.000009 0.055015 
0.099037 0.876448 0.024514 0.000000 
0.078940 0.921051 0.000009 0.000000 
0.017878 0.144380 0.736731 0.101012 
0.108465 0.035740 0.855795 0.000000 
0.081758 0.041527 0.288046 0.588669 
0.800117 0.199873 0.000010 0.000000 
0.999978 0.000012 0.000010 0.000000 
0.015292 0.158746 0.801271 0.024690 
0.564416 0.050824 0.384760 0.000000 
0.006514 0.000013 0.000011 0.993462 
0.109383 0.085707 0.804910 0.000000 
0.016159 0.826895 0.156946 0.000000 
0.143131 0.069408 0.773622 0.013840 
0.999980 0.000011 0.000009 0.000000 
0.206443 0.464236 0.033575 0.295746 
0.123239 0.059167 0.806944 0.010650 
0.886573 0.000011 0.000010 0.113405 
0.127733 0.101334 0.770932 0.000000 
0.019289 0.559660 0.421051 0.000000 
0.071413 0.736747 0.191840 0.000000 
0.021193 0.958982 0.006880 0.012945 
0.981776 0.000012 0.000010 0.018202 
0.809031 0.008590 0.182379 0.000000 
0.787515 0.199115 0.000009 0.013361 
0.047036 0.068357 0.455679 0.428929 
0.128177 0.042921 0.828901 0.000000 
0.029038 0.841678 0.086223 0.043060 
0.091010 0.065372 0.843619 0.000000 
0.009932 0.155242 0.805865 0.028961 
0.019226 0.968039 0.000009 0.012725 
0.808884 0.087838 0.000009 0.103269 
0.027601 0.931798 0.040601 0.000000 
0.399099 0.073061 0.527841 0.000000 
0.373441 0.000012 0.000009 0.626538 
0.051705 0.145452 0.802843 0.000000 
0.082501 0.008445 0.388829 0.520225 
0.095614 0.081833 0.698623 0.123930 
0.000034 0.002332 0.000005 0.997629 
0.008118 0.074805 0.492093 0.424984 
0.019252 0.980740 0.000009 0.000000 
0.016986 0.096574 0.848900 0.037540 
0.013603 0.951391 0.035005 0.000000 
0.265625 0.055731 0.678643 0.000000 
0.018211 0.012320 0.166271 0.803198 
0.005651 0.006991 0.000007 0.987351 
0.144205 0.063460 0.792335 0.000000 
0.966714 0.000010 0.033276 0.000000 
0.999979 0.000012 0.000010 0.000000 
0.016201 0.179830 0.760748 0.043221 
0.073959 0.031974 0.588231 0.305836 
0.713478 0.041277 0.245245 0.000000 
0.262048 0.160202 0.564048 0.013702 
0.113950 0.107205 0.778845 0.000000 
0.086803 0.117603 0.785891 0.009704 
0.000030 0.041264 0.089000 0.869705 
0.216887 0.066467 0.716646 0.000000 
0.032581 0.128742 0.838678 0.000000 
0.797388 0.042171 0.160441 0.000000 
0.133112 0.111402 0.747603 0.007883 
0.100453 0.263363 0.636184 0.000000 
0.095047 0.262667 0.642286 0.000000 
0.290505 0.000012 0.007412 0.702072 
0.219898 0.030172 0.699921 0.050009 
0.026144 0.106483 0.112014 0.755360 
0.011809 0.970412 0.017779 0.000000 
0.715206 0.000012 0.276383 0.008400 
0.105043 0.076491 0.806404 0.012063 
0.202926 0.005350 0.000008 0.791716 
0.000030 0.072227 0.292744 0.634999 
0.132946 0.111181 0.755873 0.000000 
0.026300 0.807385 0.144726 0.021589 
0.112813 0.088895 0.786560 0.011732 
0.094312 0.881641 0.024046 0.000000 
0.145523 0.079451 0.775026 0.000000 
0.012073 0.276048 0.692929 0.018950 
0.999978 0.000012 0.000010 0.000000 
0.018023 0.865727 0.107063 0.009186 
0.013117 0.032829 0.359408 0.594646 
0.962593 0.000012 0.037394 0.000000 
0.010684 0.206533 0.782782 0.000000 
0.174770 0.046963 0.778267 0.000000 
0.003834 0.000013 0.000010 0.996143 
0.072054 0.270504 0.217909 0.439532 
0.035229 0.106450 0.176167 0.682154 
0.069109 0.115581 0.000010 0.815300 
0.989860 0.000012 0.000010 0.010119 
0.126829 0.073888 0.799283 0.000000 
0.999978 0.000012 0.000010 0.000000 
0.148098 0.000010 0.029506 0.822386 
0.026673 0.002935 0.122214 0.848178 
0.426722 0.383331 0.000009 0.189938 
0.742567 0.023783 0.000009 0.233642 
0.015243 0.147575 0.837181 0.000000 
0.013764 0.623799 0.027209 0.335229 
0.027819 0.972172 0.000009 0.000000 
0.823927 0.011640 0.000009 0.164424 
0.747619 0.220700 0.031681 0.000000 
0.003056 0.102592 0.027362 0.866990 
0.000034 0.008374 0.047507 0.944085 
0.050578 0.071022 0.878400 0.000000 
0.000037 0.000014 0.000008 0.999941 
0.013273 0.516159 0.470568 0.000000 
0.136432 0.046387 0.817181 0.000000 
0.166341 0.062665 0.770994 0.000000 
0.088958 0.066481 0.844561 0.000000 
0.071492 0.350615 0.577893 0.000000 
0.029474 0.155079 0.815446 0.000000 
0.026368 0.143095 0.817553 0.012984 
0.203988 0.000011 0.000009 0.795992 
0.016636 0.129660 0.853704 0.000000 
0.991066 0.000012 0.000010 0.008912 
0.000042 0.097609 0.000010 0.902338 
0.549016 0.037525 0.406351 0.007108 
0.020889 0.846087 0.133024 0.000000 
0.853856 0.089421 0.056723 0.000000 
0.721142 0.042875 0.123927 0.112056 
0.071109 0.032326 0.468345 0.428220 
0.011898 0.517837 0.027112 0.443153 
0.122814 0.106303 0.770883 0.000000 
0.015665 0.191762 0.792574 0.000000 
0.112789 0.074072 0.813138 0.000000 
0.046839 0.005333 0.010556 0.937272 
0.070001 0.314842 0.615156 0.000000 
0.008094 0.000010 0.000012 0.991884 
0.124042 0.062960 0.725264 0.087734 
0.011141 0.085114 0.424893 0.478851 
0.156557 0.680781 0.162662 0.000000 
0.018345 0.077290 0.317302 0.587063 
0.094951 0.057601 0.798712 0.048737 
0.976596 0.000012 0.000009 0.023383 
0.033163 0.926840 0.032546 0.007451 
0.983612 0.000010 0.000010 0.016368 
0.020655 0.979336 0.000009 0.000000 
0.064420 0.861014 0.074566 0.000000 
0.009798 0.104800 0.011733 0.873669 
0.989441 0.010549 0.000009 0.000000 
0.976722 0.000011 0.000010 0.023256 
0.612631 0.000012 0.053130 0.334227 
0.003413 0.000006 0.000005 0.996575 
0.319252 0.068628 0.612120 0.000000 
0.000056 0.008904 0.005459 0.985581 
0.031913 0.626307 0.334640 0.007140 
0.051939 0.859796 0.088266 0.000000 
0.071754 0.000011 0.516822 0.411413 
0.033061 0.220881 0.281773 0.464285 
0.040610 0.165301 0.234599 0.559490 
0.006793 0.686968 0.306238 0.000000 
0.399455 0.022930 0.000009 0.577605 
0.861937 0.000012 0.082781 0.055271 
0.999979 0.000012 0.000009 0.000000 
0.124357 0.067619 0.729610 0.078414 
0.013670 0.951339 0.034991 0.000000 
0.077926 0.108537 0.560874 0.252662 
0.970912 0.000012 0.000010 0.029067 
0.127694 0.051010 0.821296 0.000000 
0.086323 0.269186 0.644491 0.000000 
0.622579 0.000012 0.377409 0.000000 
0.577395 0.400204 0.022401 0.000000 
0.972464 0.000011 0.000009 0.027516 
0.200510 0.760415 0.039075 0.000000 
0.029434 0.824014 0.146552 0.000000 
0.208806 0.340175 0.000009 0.451009 
0.015104 0.000012 0.085985 0.898899 
0.013117 0.845915 0.140967 0.000000 
0.954234 0.037838 0.000009 0.007918 
0.062926 0.903318 0.022158 0.011598 
0.686419 0.097265 0.216315 0.000000 
0.232876 0.032443 0.734681 0.000000 
0.088052 0.020517 0.575850 0.315582 
0.043556 0.000009 0.041526 0.914909 
0.000035 0.000014 0.005711 0.994240 
0.000051 0.017913 0.130298 0.851738 
0.071253 0.047217 0.482387 0.399143 
0.106796 0.088228 0.804975 0.000000 
0.460490 0.055982 0.483528 0.000000 
0.005171 0.009047 0.059771 0.926011 
0.109110 0.137255 0.632743 0.120892 
0.067789 0.180667 0.751543 0.000000 
0.013190 0.915216 0.000010 0.071583 
0.026857 0.000010 0.000008 0.973125 
0.024109 0.000012 0.000008 0.975871 
0.089566 0.091966 0.818469 0.000000 
0.015834 0.000009 0.021995 0.962162 
0.025170 0.118859 0.771015 0.084956 
0.126931 0.083897 0.789172 0.000000 
0.612552 0.037223 0.045187 0.305038 
0.000041 0.000005 0.000006 0.999948 
0.043006 0.166644 0.790350 0.000000 
0.101710 0.048410 0.806379 0.043501 
0.636661 0.011660 0.000010 0.351668 
0.035987 0.011569 0.276639 0.675806 
0.463548 0.478489 0.034470 0.023494 
0.227786 0.043100 0.729114 0.000000 
0.000029 0.156188 0.843783 0.000000 
0.061328 0.245336 0.693336 0.000000 
0.279156 0.017194 0.448965 0.254685 
0.008989 0.282001 0.709010 0.000000 
0.958032 0.000011 0.000010 0.041947 
0.144590 0.078802 0.776607 0.000000 
0.096316 0.193775 0.709909 0.000000 
0.147638 0.070775 0.781586 0.000000 
0.012971 0.173606 0.790043 0.023381 
0.013369 0.986622 0.000009 0.000000 
0.023385 0.838346 0.133917 0.004352 
0.009891 0.947506 0.042603 0.000000 
0.083964 0.124471 0.784584 0.006981 
0.031871 0.026159 0.235306 0.706664 
0.847086 0.068381 0.013827 0.070706 
0.840311 0.000011 0.000009 0.159669 
0.025926 0.185154 0.788920 0.000000 
0.004423 0.009445 0.000010 0.986122 
0.010318 0.000011 0.024077 0.965594 
0.999979 0.000012 0.000009 0.000000 
0.098582 0.239140 0.644323 0.017956 
0.238168 0.050097 0.711735 0.000000 
0.968865 0.031125 0.000009 0.000000 
0.602158 0.028813 0.369029 0.000000 
0.279257 0.316423 0.404320 0.000000 
0.100812 0.052683 0.846505 0.000000 
0.944253 0.000010 0.000009 0.055728 
0.321697 0.312004 0.366300 0.000000 
0.994768 0.000011 0.000010 0.005212 
0.959001 0.000010 0.040989 0.000000 
0.107134 0.086271 0.800417 0.006178 
0.756089 0.023270 0.220641 0.000000 
0.023011 0.165658 0.412263 0.399068 
0.011643 0.161195 0.827161 0.000000 
0.000034 0.052963 0.000009 0.946993 
0.020594 0.936199 0.033423 0.009784 
0.004618 0.072777 0.413965 0.508641 
0.012594 0.933011 0.054394 0.000000 
0.011060 0.974814 0.014126 0.000000 
0.011783 0.988209 0.000008 0.000000 
0.934672 0.000010 0.000009 0.065308 
0.008423 0.000011 0.012898 0.978667 
0.261197 0.124568 0.580166 0.034070 
0.132142 0.101373 0.766485 0.000000 
0.133544 0.102747 0.763709 0.000000 
0.127928 0.069696 0.785189 0.017187 
0.999978 0.000012 0.000010 0.000000 
0.012514 0.135735 0.732910 0.118840 
0.028437 0.958231 0.013332 0.000000 
0.018486 0.204744 0.765526 0.011244 
0.999979 0.000011 0.000010 0.000000 
0.973790 0.007791 0.000010 0.018409 
0.078431 0.039687 0.578600 0.303282 
0.006914 0.010175 0.000009 0.982903 
0.039033 0.699913 0.261054 0.000000 
0.963808 0.036183 0.000009 0.000000 
0.019791 0.164745 0.815464 0.000000 
0.991170 0.000012 0.000010 0.008808 
0.111736 0.113142 0.775121 0.000000 
0.008808 0.781482 0.000010 0.209700 
0.208973 0.141168 0.624645 0.025214 
0.320629 0.024018 0.008185 0.647168 
0.022879 0.819496 0.140952 0.016673 
0.073106 0.046966 0.826593 0.053335 
0.017335 0.174115 0.808550 0.000000 
0.115474 0.081931 0.802595 0.000000 
0.000032 0.242786 0.757182 0.000000 
0.888748 0.000011 0.000010 0.111231 
0.196028 0.068622 0.735349 0.000000 
0.030536 0.172851 0.796613 0.000000 
0.247689 0.118360 0.633952 0.000000 
0.016910 0.106231 0.862743 0.014116 
0.013802 0.357575 0.000010 0.628612 
0.097112 0.055335 0.805751 0.041802 
0.154602 0.065901 0.779497 0.000000 
0.029254 0.927456 0.039175 0.004115 
0.111194 0.095652 0.793154 0.000000 
0.009193 0.000011 0.026883 0.963912 
0.006654 0.000008 0.000006 0.993332 
0.089213 0.372818 0.020207 0.517762 
0.014865 0.537767 0.189461 0.257907 
0.019887 0.980103 0.000009 0.000000 
0.975647 0.000010 0.000009 0.024334 
0.035131 0.929525 0.035344 0.000000 
0.999979 0.000012 0.000009 0.000000 
0.385730 0.012701 0.280651 0.320917 
0.029885 0.101577 0.476060 0.392479 
0.014080 0.985910 0.000010 0.000000 
0.018027 0.899633 0.082340 0.000000 
0.000028 0.029518 0.226678 0.743776 
0.014399 0.180745 0.804856 0.000000 
0.973654 0.026336 0.000010 0.000000 
0.769367 0.032622 0.179329 0.018682 
0.583946 0.024327 0.367132 0.024595 
0.021819 0.143323 0.834858 0.000000 
0.014457 0.000011 0.000010 0.985521 
0.011587 0.000014 0.000012 0.988388 
0.715810 0.184744 0.081799 0.017648 
0.933531 0.037502 0.028967 0.000000 
0.341459 0.000010 0.009589 0.648942 
0.134036 0.100678 0.765285 0.000000 
0.018017 0.981973 0.000010 0.000000 
0.011730 0.043801 0.180218 0.764252 
0.011126 0.156744 0.587577 0.244553 
0.104205 0.895786 0.000009 0.000000 
0.464020 0.059234 0.000009 0.476736 
0.012367 0.150790 0.824683 0.012160 
0.023083 0.924681 0.052236 0.000000 
0.017932 0.883741 0.044048 0.054278 
0.975777 0.015791 0.000009 0.008423 
0.034112 0.769954 0.195933 0.000000 
0.812941 0.000012 0.187047 0.000000 
0.020533 0.974240 0.005227 0.000000 
0.000044 0.004733 0.000010 0.995213 
0.064779 0.082831 0.852389 0.000000 
0.047371 0.948213 0.000010 0.004406 
0.134194 0.000013 0.000010 0.865784 
0.234557 0.039028 0.726414 0.000000 
0.849735 0.095919 0.054345 0.000000 
0.244496 0.000011 0.186943 0.568550 
0.009862 0.000011 0.000009 0.990118 
0.115118 0.077531 0.724114 0.083236 
0.538066 0.174135 0.287799 0.000000 
0.754475 0.029607 0.215918 0.000000 
0.154780 0.062747 0.773417 0.009056 
0.101255 0.074112 0.824633 0.000000 
0.226693 0.044882 0.728425 0.000000 
0.885495 0.037674 0.063620 0.013211 
0.049070 0.046951 0.505115 0.398865 
0.120544 0.036752 0.555560 0.287144 
0.000048 0.000010 0.025853 0.974089 
0.788097 0.008137 0.000008 0.203757 
0.033024 0.190585 0.776391 0.000000 
0.999981 0.000010 0.000008 0.000000 
0.029015 0.148655 0.822330 0.000000 
0.294200 0.697432 0.000009 0.008358 
0.123281 0.075625 0.801093 0.000000 
0.986058 0.000011 0.000010 0.013921 
0.168936 0.117495 0.713568 0.000000 
0.470500 0.526198 0.000009 0.003293 
0.822046 0.158891 0.017300 0.001763 
0.112643 0.078817 0.808540 0.000000 
0.102811 0.245916 0.651272 0.000000 
0.000036 0.000012 0.014108 0.985845 
0.985218 0.014773 0.000009 0.000000 
0.185044 0.145300 0.669656 0.000000 
0.275072 0.051805 0.673123 0.000000 
0.023717 0.960009 0.016274 0.000000 
0.137051 0.157052 0.692371 0.013525 
0.008296 0.000009 0.000010 0.991685 
0.017499 0.951458 0.000009 0.031034 
0.016911 0.164589 0.818500 0.000000 
0.175524 0.049359 0.775117 0.000000 
0.292528 0.224685 0.216977 0.117916 
