-1915084.826792
0
0.000677 0.000000 0.000000 0.000173 0.000000 0.000000 0.000000 0.000374 0.007665 0.002387 0.003160 0.003589 0.000000 0.000058 0.000378 0.000000 0.000840 0.000326 0.000093 0.001482 0.000000 0.000000 0.000120 0.000000 0.000493 0.000000 0.000000 0.000295 0.000000 0.000346 0.000000 0.000000 0.014677 0.002710 0.004210 0.008882 0.000000 0.000672 0.000000 0.000370 0.000504 0.000221 0.000366 0.000167 0.000000 0.000000 0.000000 0.000000 0.000364 0.000000 0.000000 0.000000 0.000000 0.000000 0.000000 0.000210 0.006216 0.001715 0.000000 0.002886 0.000000 0.000138 0.000000 0.000000 0.000000 0.000000 0.000000 0.000000 0.000000 0.000000 0.000000 0.000000 0.015159 0.006179 0.001644 0.011851 0.038874 0.000000 0.001568 0.067170 0.427701 0.082279 0.047432 0.232119 0.000128 0.000000 0.000000 0.000199 0.000000 0.000333 0.000231 0.000370 0.000000 0.000000 0.000000 0.000000 
0.000000 0.000000 0.000000 0.000000 0.000000 0.000000 0.000000 0.086082 0.000001 0.000001 0.000000 0.000007 0.024169 0.000000 0.000000 0.000000 0.000000 0.000000 0.000003 0.000000 0.000000 0.000000 0.000000 0.000000 0.000000 0.000000 0.000000 0.000000 0.000000 0.000000 0.000000 0.080348 0.000000 0.000000 0.000000 0.000004 0.133376 0.000000 0.000000 0.000000 0.000000 0.000000 0.000000 0.000000 0.000000 0.000000 0.000000 0.017594 0.000002 0.000000 0.000000 0.000000 0.000000 0.000000 0.000000 0.000000 0.000001 0.000000 0.000000 0.205780 0.000000 0.000000 0.000000 0.000000 0.000000 0.000000 0.000000 0.000000 0.000000 0.000000 0.000000 0.000000 0.000000 0.000000 0.000000 0.000001 0.000000 0.000000 0.000000 0.452626 0.000000 0.000004 0.000000 0.000000 0.000000 0.000000 0.000000 0.000000 0.000000 0.000000 0.000000 0.000000 0.000000 0.000000 0.000000 0.000000 
0.030261 0.000000 0.000000 0.018671 0.000000 0.000000 0.000000 0.000000 0.033984 0.000000 0.212796 0.023495 0.023387 0.010086 0.000000 0.000000 0.000000 0.026467 0.016625 0.035063 0.000000 0.000000 0.000000 0.000000 0.000000 0.000000 0.000000 0.008590 0.014995 0.000000 0.000000 0.000000 0.000000 0.000000 0.000000 0.034065 0.000000 0.000000 0.000000 0.000000 0.000000 0.000000 0.020090 0.000000 0.000000 0.000000 0.000000 0.000000 0.000000 0.035131 0.000000 0.000000 0.000000 0.000000 0.000000 0.000000 0.000000 0.000000 0.116215 0.014072 0.000000 0.000000 0.000000 0.000000 0.000000 0.037179 0.000000 0.021756 0.000000 0.000000 0.000000 0.000000 0.000000 0.000000 0.044845 0.000000 0.000000 0.000000 0.000000 0.000000 0.000000 0.032418 0.052750 0.000000 0.000000 0.011369 0.000000 0.000000 0.039883 0.000000 0.007873 0.057507 0.000000 0.000000 0.020428 0.000000 
0.000000 0.000000 0.000000 0.000000 0.000000 0.000000 0.000000 0.000003 0.000002 0.000001 0.000000 0.000015 0.000000 0.000000 0.000000 0.000000 0.000000 0.000000 0.000008 0.000001 0.000000 0.000000 0.000000 0.000000 0.000000 0.000000 0.000000 0.000000 0.000000 0.000000 0.000000 0.000000 0.000000 0.000000 0.000000 0.000009 0.000000 0.000000 0.000000 0.000000 0.000000 0.000000 0.000001 0.000000 0.000000 0.000000 0.000000 0.000000 0.000004 0.000000 0.000000 0.000000 0.000000 0.000000 0.000000 0.000000 0.000003 0.000001 0.000000 0.000000 0.000000 0.000000 0.000000 0.000000 0.000000 0.000000 0.000000 0.000000 0.000000 0.000000 0.311503 0.688433 0.000000 0.000000 0.000000 0.000003 0.000000 0.000000 0.000000 0.000000 0.000000 0.000010 0.000000 0.000000 0.000000 0.000000 0.000000 0.000000 0.000000 0.000000 0.000000 0.000000 0.000000 0.000000 0.000000 0.000000 
0.034210 0.033608 0.004929 0.039235 0.032943 0.017769 0.000000 0.010942 0.030560 0.010232 0.000000 0.016898 0.013471 0.000000 0.009835 0.000000 0.000000 0.003678 0.000000 0.001309 0.000000 0.000000 0.003110 0.000000 0.030324 0.019223 0.002555 0.037890 0.027007 0.032291 0.009055 0.031182 0.015735 0.008033 0.000000 0.024730 0.010402 0.014033 0.024918 0.014733 0.008427 0.000000 0.000000 0.016058 0.000000 0.002748 0.000000 0.002345 0.000707 0.027597 0.000000 0.026198 0.025344 0.016014 0.004116 0.017156 0.006868 0.000000 0.000000 0.007795 0.007589 0.014358 0.017366 0.013917 0.001689 0.000000 0.000000 0.005691 0.000000 0.000000 0.006022 0.000000 0.019126 0.040481 0.000000 0.027330 0.000000 0.017102 0.000000 0.014926 0.000000 0.001192 0.000000 0.010061 0.013253 0.016769 0.011129 0.012545 0.007440 0.000000 0.000000 0.004959 0.000000 0.000000 0.009287 0.001555 
0.000000 0.000000 0.000000 0.000000 0.000000 0.111411 0.000000 0.000001 0.000001 0.000000 0.000000 0.153811 0.000000 0.000000 0.000000 0.000000 0.000000 0.000000 0.000002 0.000000 0.000000 0.000000 0.000000 0.000000 0.000000 0.000000 0.000000 0.000000 0.000000 0.000000 0.084254 0.220583 0.000000 0.000000 0.000000 0.000003 0.000000 0.000000 0.000000 0.000000 0.000000 0.235167 0.000000 0.000000 0.000000 0.070068 0.000000 0.000000 0.000001 0.000000 0.000000 0.000000 0.000000 0.000000 0.000000 0.000000 0.000001 0.000000 0.000000 0.000000 0.000000 0.000000 0.000000 0.089631 0.000000 0.000000 0.000000 0.000000 0.000000 0.000000 0.000000 0.000000 0.000000 0.000000 0.000000 0.000001 0.000000 0.000000 0.000000 0.000000 0.000000 0.000003 0.000000 0.000000 0.035061 0.000000 0.000000 0.000000 0.000000 0.000000 0.000000 0.000000 0.000000 0.000000 0.000000 0.000000 
0.000000 0.089798 0.010052 0.000000 0.000000 0.000000 0.028681 0.051802 0.000001 0.000000 0.000000 0.024675 0.000000 0.000000 0.000000 0.000000 0.000000 0.000000 0.039380 0.000000 0.000000 0.000000 0.000000 0.000000 0.000000 0.000000 0.000000 0.000000 0.000000 0.000000 0.000000 0.000000 0.000000 0.000000 0.302501 0.000002 0.000000 0.000000 0.000000 0.000000 0.000000 0.000000 0.000000 0.000000 0.000000 0.000000 0.000000 0.000000 0.000001 0.000000 0.000000 0.000000 0.000000 0.000000 0.000000 0.000000 0.173157 0.000000 0.000000 0.000000 0.000000 0.000000 0.000000 0.000000 0.000000 0.000000 0.000000 0.067769 0.000000 0.000000 0.000000 0.000000 0.000000 0.083674 0.000000 0.000001 0.000000 0.000000 0.000000 0.000000 0.000000 0.128504 0.000000 0.000000 0.000000 0.000000 0.000000 0.000000 0.000000 0.000000 0.000000 0.000000 0.000000 0.000000 0.000000 0.000000 
0.000000 0.000000 0.000000 0.000000 0.000000 0.000000 0.000000 0.026937 0.207665 0.078406 0.000000 0.000002 0.052746 0.000000 0.064980 0.000000 0.000000 0.000000 0.026869 0.032769 0.000000 0.000000 0.008822 0.000000 0.089657 0.000000 0.000000 0.000000 0.000000 0.000000 0.000000 0.000000 0.000000 0.000000 0.000000 0.097822 0.014373 0.000000 0.000000 0.000000 0.021838 0.012585 0.107457 0.044892 0.000000 0.000000 0.000000 0.000000 0.043236 0.000000 0.000000 0.000000 0.000000 0.000000 0.000000 0.000000 0.000000 0.016757 0.000000 0.000000 0.000000 0.022611 0.000000 0.000000 0.000000 0.000000 0.000000 0.000000 0.000000 0.000000 0.000000 0.000000 0.000000 0.000000 0.000000 0.000000 0.000000 0.000000 0.000000 0.000000 0.000000 0.000001 0.000000 0.000000 0.000000 0.000000 0.000000 0.000000 0.000000 0.000000 0.000000 0.000000 0.000000 0.000000 0.000000 0.029573 
0.000000 0.000000 0.000000 0.000000 0.169136 0.000000 0.000000 0.000001 0.000001 0.000000 0.000000 0.000004 0.000000 0.061597 0.064885 0.000000 0.000000 0.000000 0.000002 0.000000 0.000000 0.000000 0.000000 0.000000 0.000000 0.000000 0.000000 0.000000 0.000000 0.000000 0.108908 0.000000 0.000000 0.000000 0.000000 0.000002 0.000000 0.000000 0.000000 0.000000 0.090273 0.000000 0.000000 0.000000 0.000000 0.033339 0.000000 0.000000 0.000001 0.068978 0.000000 0.000000 0.000000 0.022362 0.000000 0.000000 0.000001 0.061518 0.000000 0.000000 0.000000 0.054163 0.000000 0.106596 0.000000 0.000000 0.000000 0.000000 0.000000 0.000000 0.000000 0.000000 0.000000 0.000000 0.000000 0.000001 0.000000 0.000000 0.000000 0.000000 0.000000 0.000002 0.000000 0.000000 0.000000 0.000000 0.095016 0.000000 0.000000 0.036708 0.000000 0.026505 0.000000 0.000000 0.000000 0.000000 
0.000000 0.000000 0.000000 0.000000 0.000000 0.000000 0.000000 0.000001 0.000001 0.000000 0.000000 0.000005 0.000000 0.000000 0.000000 0.000000 0.000000 0.000000 0.000002 0.000000 0.000000 0.000000 0.000000 0.000000 0.000000 0.000000 0.000000 0.000000 0.000000 0.000000 0.000000 0.000000 0.000000 0.000000 0.000000 0.000003 0.000000 0.000000 0.000000 0.000000 0.000000 0.000000 0.000000 0.000000 0.467166 0.000000 0.000000 0.000000 0.000001 0.000000 0.000000 0.000000 0.000000 0.000000 0.000000 0.000000 0.000001 0.000000 0.000000 0.000000 0.000000 0.000000 0.000000 0.000000 0.000000 0.000000 0.000000 0.000000 0.000000 0.000000 0.000000 0.532814 0.000000 0.000000 0.000000 0.000001 0.000000 0.000000 0.000000 0.000000 0.000000 0.000003 0.000000 0.000000 0.000000 0.000000 0.000000 0.000000 0.000000 0.000000 0.000000 0.000000 0.000000 0.000000 0.000000 0.000000 
0.040062 0.032829 0.026665 0.020680 0.000000 0.000000 0.004609 0.002199 0.001561 0.006225 0.002330 0.000000 0.000985 0.004436 0.008442 0.003251 0.010762 0.000000 0.009143 0.002388 0.000000 0.000000 0.000000 0.000000 0.057290 0.086150 0.011851 0.051349 0.003919 0.000000 0.005159 0.000000 0.024888 0.016102 0.009057 0.016985 0.006241 0.010345 0.042356 0.010019 0.002591 0.002316 0.012468 0.000000 0.000000 0.000000 0.006149 0.000000 0.057166 0.048887 0.035710 0.027621 0.000000 0.006331 0.008462 0.001452 0.008773 0.010604 0.000000 0.007737 0.006183 0.000000 0.011954 0.000000 0.006905 0.001839 0.005234 0.000000 0.000000 0.000000 0.000000 0.000000 0.041164 0.064420 0.015135 0.043924 0.003784 0.008066 0.004384 0.000000 0.000000 0.006703 0.000000 0.005288 0.000000 0.000000 0.006173 0.000000 0.000000 0.000000 0.004296 0.000000 0.000000 0.000000 0.000000 0.000000 
0.000000 0.000000 0.025656 0.000000 0.000000 0.000000 0.004132 0.000000 0.025116 0.005004 0.111753 0.010956 0.000000 0.008434 0.000000 0.001871 0.000000 0.041244 0.009772 0.024249 0.000000 0.000000 0.004727 0.000000 0.000000 0.000000 0.004442 0.026320 0.000000 0.000000 0.000000 0.000000 0.000000 0.000000 0.063183 0.014411 0.000000 0.000000 0.000000 0.000000 0.000000 0.000000 0.000000 0.000000 0.000000 0.000000 0.000000 0.000000 0.000000 0.033308 0.000000 0.000000 0.000000 0.030416 0.000000 0.000000 0.028148 0.013689 0.268650 0.000000 0.000000 0.000000 0.000000 0.026630 0.011906 0.007585 0.000000 0.025564 0.000000 0.000000 0.000000 0.000000 0.024507 0.000000 0.000000 0.036894 0.000000 0.008626 0.000000 0.000000 0.000000 0.007051 0.054778 0.000000 0.000000 0.009755 0.000000 0.000000 0.000000 0.000000 0.000000 0.023548 0.000000 0.000000 0.004010 0.003666 
0.019144 0.013119 0.000000 0.000000 0.028735 0.008569 0.016081 0.047212 0.000000 0.003014 0.000000 0.010774 0.000680 0.017188 0.000000 0.013382 0.000000 0.010976 0.001999 0.021875 0.002199 0.002370 0.019679 0.019623 0.015056 0.026318 0.000000 0.000000 0.015955 0.001276 0.000000 0.032826 0.003446 0.000000 0.000000 0.000000 0.009478 0.020364 0.000000 0.026603 0.000000 0.028227 0.004368 0.000000 0.006275 0.009393 0.024759 0.011908 0.014080 0.000000 0.000000 0.000000 0.004097 0.010881 0.000000 0.031714 0.024185 0.005151 0.000000 0.000000 0.000000 0.000000 0.000000 0.006849 0.000000 0.007891 0.002937 0.000000 0.011756 0.015539 0.041901 0.023057 0.000000 0.000000 0.000000 0.002904 0.045282 0.035458 0.006742 0.075062 0.000000 0.018177 0.000000 0.000000 0.000000 0.003897 0.000000 0.022982 0.000000 0.015661 0.004217 0.008215 0.011963 0.014471 0.020763 0.021297 
0.010217 0.000837 0.000000 0.000000 0.005789 0.004161 0.002505 0.011509 0.018938 0.015848 0.014551 0.017314 0.008432 0.009455 0.013453 0.017529 0.055249 0.017988 0.043701 0.040773 0.005798 0.003378 0.006284 0.005862 0.002461 0.000000 0.002756 0.000000 0.000000 0.000000 0.000000 0.001500 0.029726 0.023640 0.013710 0.019305 0.003331 0.003242 0.006611 0.009813 0.018262 0.019114 0.028221 0.024165 0.000000 0.004143 0.010179 0.016015 0.016992 0.000000 0.003757 0.005832 0.000000 0.000000 0.000000 0.002553 0.024843 0.026168 0.000000 0.028050 0.006410 0.000000 0.004443 0.000000 0.023245 0.013643 0.021359 0.019096 0.001917 0.000000 0.004710 0.000000 0.012489 0.001526 0.005453 0.014732 0.000000 0.004630 0.001648 0.000000 0.000000 0.026968 0.005050 0.004096 0.008716 0.003301 0.005659 0.010906 0.022892 0.021305 0.019832 0.022589 0.007834 0.007166 0.004523 0.019899 
0.000000 0.000000 0.000000 0.000000 0.000000 0.027765 0.000000 0.000000 0.000000 0.000000 0.000000 0.000002 0.000000 0.000000 0.016733 0.000000 0.040160 0.027463 0.000001 0.000000 0.000000 0.020068 0.025156 0.000000 0.000000 0.000000 0.000000 0.000000 0.000000 0.000000 0.000000 0.049052 0.000000 0.079528 0.065838 0.039315 0.000000 0.000000 0.000000 0.000000 0.000000 0.000000 0.092946 0.000000 0.000000 0.000000 0.050515 0.000000 0.049952 0.054786 0.000000 0.000000 0.000000 0.085177 0.000000 0.000000 0.000000 0.000000 0.000000 0.000000 0.000000 0.000000 0.047057 0.000000 0.000000 0.000000 0.000000 0.000000 0.000000 0.000000 0.000000 0.000000 0.111258 0.035449 0.036877 0.000000 0.000000 0.000000 0.000000 0.000000 0.000000 0.000001 0.000000 0.000000 0.000000 0.000000 0.000000 0.000000 0.000000 0.018710 0.026189 0.000000 0.000000 0.000000 0.000000 0.000000 
0.012288 0.011504 0.000000 0.007193 0.000000 0.001684 0.000000 0.000000 0.033346 0.014472 0.231904 0.011698 0.001629 0.000000 0.000000 0.008232 0.007310 0.000000 0.002200 0.000000 0.000934 0.001795 0.000000 0.003078 0.007213 0.009146 0.000000 0.006426 0.000000 0.000000 0.000000 0.000000 0.020812 0.021174 0.132327 0.015840 0.000000 0.001391 0.000000 0.000000 0.000061 0.002460 0.001233 0.003211 0.000000 0.001917 0.000000 0.000000 0.007856 0.003366 0.000000 0.003335 0.000000 0.000000 0.000000 0.000000 0.026360 0.032200 0.130998 0.017808 0.000000 0.000000 0.000000 0.000000 0.010105 0.004855 0.002107 0.007173 0.000000 0.000000 0.000000 0.000000 0.010193 0.013935 0.000000 0.014013 0.000466 0.000000 0.000000 0.000000 0.000000 0.012712 0.101378 0.006484 0.005634 0.000000 0.000000 0.002421 0.004356 0.002205 0.007559 0.000000 0.000000 0.000000 0.000000 0.000000 
0.000000 0.000000 0.000000 0.000000 0.000000 0.028866 0.000000 0.058746 0.000000 0.000000 0.028313 0.007798 0.000000 0.040322 0.000000 0.009151 0.000000 0.000000 0.073030 0.000000 0.000000 0.000000 0.000000 0.000000 0.000000 0.000000 0.000000 0.000000 0.033291 0.000000 0.000000 0.000000 0.000000 0.000000 0.000000 0.000001 0.000000 0.036980 0.000000 0.000000 0.000000 0.000000 0.000000 0.000000 0.000000 0.000000 0.000000 0.029571 0.041046 0.000000 0.000000 0.053031 0.000000 0.000000 0.000000 0.000000 0.000000 0.000000 0.000000 0.000000 0.000000 0.000000 0.000000 0.000000 0.099305 0.000000 0.000000 0.000000 0.000000 0.000000 0.038213 0.000000 0.000000 0.000000 0.000000 0.046629 0.082350 0.061974 0.000000 0.000000 0.000000 0.000001 0.000000 0.000000 0.000000 0.000000 0.060799 0.000000 0.000000 0.054415 0.000000 0.000000 0.000000 0.048706 0.067462 0.000000 
0.131206 0.000000 0.000000 0.000000 0.181592 0.000000 0.000000 0.000000 0.000000 0.001000 0.446134 0.000003 0.000000 0.078558 0.000000 0.161507 0.000000 
0.951832 0.000000 0.000000 0.000000 0.023264 0.000000 0.000000 0.000000 0.000000 0.002000 0.004303 0.000002 0.000000 0.018599 0.000000 0.000000 0.000000 
0.030837 0.000000 0.041352 0.000000 0.335691 0.000000 0.000000 0.000000 0.015845 0.000000 0.000000 0.000003 0.222522 0.353749 0.000000 0.000000 0.000000 
0.043740 0.000000 0.000000 0.002923 0.029155 0.000000 0.000000 0.000000 0.000000 0.000000 0.014951 0.129442 0.000000 0.143670 0.000000 0.636120 0.000000 
0.031577 0.000000 0.047964 0.000000 0.310449 0.016349 0.000000 0.000000 0.000000 0.000000 0.000000 0.000003 0.251216 0.208304 0.000000 0.134138 0.000000 
0.036672 0.000000 0.022472 0.000000 0.031963 0.000000 0.000000 0.000000 0.000000 0.000000 0.000000 0.147974 0.022736 0.155324 0.000000 0.582859 0.000000 
0.025590 0.000000 0.000000 0.000000 0.029034 0.000000 0.000000 0.000000 0.000000 0.000000 0.000000 0.060857 0.000000 0.170120 0.000000 0.705287 0.009111 
0.197115 0.000000 0.000000 0.000000 0.234719 0.000000 0.000000 0.000000 0.000000 0.001000 0.000000 0.034286 0.000000 0.532880 0.000000 0.000000 0.000000 
0.710852 0.000000 0.000000 0.000000 0.050386 0.000000 0.000000 0.000000 0.000000 0.000000 0.045989 0.000003 0.014946 0.052436 0.008276 0.117112 0.000000 
0.345431 0.000000 0.040295 0.000000 0.205032 0.000000 0.000000 0.000000 0.000000 0.000000 0.000000 0.000003 0.131107 0.142924 0.000000 0.118941 0.016268 
0.038011 0.000000 0.046623 0.000000 0.272654 0.000000 0.000000 0.000000 0.000000 0.003523 0.000000 0.010610 0.044553 0.584026 0.000000 0.000000 0.000000 
0.042480 0.000000 0.000000 0.000000 0.281249 0.000000 0.000000 0.000000 0.000000 0.007000 0.000000 0.054292 0.000000 0.570895 0.044083 0.000000 0.000000 
0.968003 0.000000 0.000000 0.000000 0.002249 0.000000 0.000000 0.000000 0.000000 0.000000 0.000000 0.000003 0.000000 0.011752 0.000000 0.017993 0.000000 
0.027517 0.000000 0.000000 0.000000 0.224813 0.000000 0.000000 0.000000 0.017367 0.010000 0.037674 0.041196 0.000000 0.599798 0.000000 0.000000 0.041635 
0.047622 0.000000 0.000000 0.000000 0.406533 0.000000 0.000000 0.000000 0.000000 0.000000 0.000000 0.003004 0.289932 0.252908 0.000000 0.000000 0.000000 
0.024364 0.000000 0.000000 0.000000 0.280529 0.000000 0.000000 0.000000 0.000000 0.005000 0.026779 0.047997 0.000000 0.593435 0.000000 0.000000 0.021896 
0.002471 0.000000 0.000000 0.000000 0.333870 0.000000 0.000000 0.000000 0.000000 0.000000 0.595153 0.013811 0.000000 0.029222 0.025474 0.000000 0.000000 
0.040792 0.000000 0.000000 0.002478 0.028936 0.000000 0.000000 0.020936 0.000000 0.000000 0.000000 0.078972 0.000000 0.180106 0.000000 0.647779 0.000000 
0.002977 0.000000 0.000000 0.000000 0.264697 0.000000 0.000000 0.019454 0.021374 0.000000 0.657878 0.016859 0.000000 0.016761 0.000000 0.000000 0.000000 
0.095442 0.000000 0.000000 0.000000 0.186818 0.000000 0.000000 0.000000 0.000000 0.007613 0.017652 0.000003 0.051367 0.586403 0.000000 0.054702 0.000000 
0.490951 0.000000 0.000000 0.004205 0.048492 0.000000 0.000000 0.000000 0.000000 0.000000 0.030335 0.032694 0.048726 0.099849 0.000000 0.231587 0.013159 
0.075605 0.000000 0.000000 0.000000 0.313551 0.000000 0.000000 0.034129 0.000000 0.000000 0.263677 0.006046 0.162820 0.144171 0.000000 0.000000 0.000000 
0.060256 0.000000 0.000000 0.000000 0.206833 0.000000 0.000000 0.000000 0.000000 0.004185 0.000000 0.059735 0.051948 0.527015 0.000000 0.090026 0.000000 
0.405648 0.000000 0.000000 0.000000 0.041126 0.000000 0.000000 0.000000 0.000000 0.001000 0.000000 0.000003 0.000000 0.202070 0.000000 0.350152 0.000000 
0.042454 0.000000 0.000000 0.000000 0.221106 0.000000 0.000000 0.000000 0.000000 0.003756 0.000000 0.080847 0.037394 0.585384 0.000000 0.000000 0.029059 
0.050301 0.000000 0.000000 0.000000 0.255517 0.000000 0.000000 0.000000 0.000000 0.000000 0.658421 0.012304 0.000000 0.023456 0.000000 0.000000 0.000000 
0.012362 0.004523 0.000000 0.000000 0.294952 0.000000 0.020338 0.000000 0.000000 0.000000 0.444848 0.013410 0.000000 0.209566 0.000000 0.000000 0.000000 
0.011968 0.000000 0.000000 0.000000 0.430914 0.000000 0.000000 0.000000 0.000000 0.000000 0.000000 0.000002 0.278983 0.245816 0.000000 0.000000 0.032317 
0.033687 0.000000 0.000000 0.000000 0.173085 0.000000 0.000000 0.000000 0.018074 0.002670 0.022266 0.093423 0.012601 0.418443 0.000000 0.225750 0.000000 
0.625504 0.000000 0.000000 0.000000 0.100570 0.000000 0.000000 0.000000 0.000000 0.000000 0.234413 0.003345 0.000000 0.036167 0.000000 0.000000 0.000000 
0.013879 0.000000 0.033603 0.000000 0.338116 0.000000 0.000000 0.031256 0.000000 0.004224 0.000000 0.048926 0.298551 0.231445 0.000000 0.000000 0.000000 
0.022948 0.000000 0.000000 0.000000 0.279707 0.000000 0.000000 0.000000 0.000000 0.005000 0.000000 0.000003 0.000000 0.640596 0.000000 0.038258 0.013488 
0.737180 0.000000 0.020916 0.000000 0.022512 0.000000 0.000000 0.000000 0.000000 0.000000 0.000000 0.000002 0.000000 0.048989 0.000000 0.170400 0.000000 
0.022419 0.000000 0.000000 0.000000 0.398870 0.000000 0.000000 0.000000 0.000000 0.000000 0.028314 0.010178 0.309210 0.231008 0.000000 0.000000 0.000000 
0.034406 0.000000 0.028900 0.000000 0.016924 0.000000 0.014571 0.020853 0.000000 0.000000 0.000000 0.100053 0.000000 0.144856 0.000000 0.639437 0.000000 
0.786003 0.000000 0.000000 0.000000 0.015884 0.000000 0.000000 0.000000 0.000000 0.000000 0.000000 0.000003 0.000000 0.048267 0.000000 0.149842 0.000000 
0.036823 0.000000 0.037798 0.002917 0.029009 0.000000 0.000000 0.037378 0.010019 0.000000 0.000000 0.031293 0.000000 0.145522 0.000000 0.669240 0.000000 
0.018742 0.000000 0.057319 0.000000 0.141272 0.000000 0.000000 0.034229 0.000000 0.005729 0.000000 0.000003 0.006866 0.378941 0.000000 0.303693 0.053206 
0.033094 0.000000 0.021806 0.000000 0.374327 0.000000 0.000000 0.000000 0.000000 0.000000 0.000000 0.000003 0.309165 0.162709 0.000000 0.098895 0.000000 
0.073543 0.000000 0.000000 0.000000 0.295533 0.000000 0.000000 0.000000 0.000000 0.000000 0.575848 0.000002 0.014416 0.013917 0.013194 0.000000 0.013547 
0.023710 0.000000 0.034651 0.000000 0.191898 0.000000 0.000000 0.000000 0.000000 0.000000 0.107522 0.044140 0.109613 0.189380 0.000000 0.299088 0.000000 
0.033278 0.016504 0.000000 0.000000 0.362899 0.000000 0.000000 0.000000 0.000000 0.000000 0.000000 0.007756 0.326365 0.253196 0.000000 0.000000 0.000000 
0.042117 0.000000 0.033527 0.000000 0.021244 0.000000 0.000000 0.000000 0.000000 0.000000 0.000000 0.056059 0.000000 0.199953 0.000000 0.632790 0.014310 
0.132690 0.000000 0.000000 0.000000 0.180795 0.000000 0.000000 0.000000 0.000000 0.002714 0.000000 0.066006 0.042309 0.575486 0.000000 0.000000 0.000000 
0.098139 0.000000 0.020844 0.000000 0.236648 0.009164 0.000000 0.000000 0.000000 0.000000 0.038488 0.000003 0.286575 0.204461 0.000000 0.105679 0.000000 
0.023583 0.000000 0.000000 0.000000 0.348580 0.000000 0.000000 0.000000 0.000000 0.000000 0.000000 0.000002 0.390489 0.237347 0.000000 0.000000 0.000000 
0.020196 0.000000 0.000000 0.000000 0.290527 0.000000 0.000000 0.000000 0.000000 0.004366 0.054313 0.043737 0.015758 0.571104 0.000000 0.000000 0.000000 
0.098315 0.000000 0.012221 0.000000 0.266949 0.000000 0.000000 0.000000 0.000000 0.002000 0.371828 0.000003 0.000000 0.248683 0.000000 0.000000 0.000000 
0.218270 0.000000 0.000000 0.000000 0.317106 0.000000 0.000000 0.000000 0.000000 0.001881 0.183627 0.000003 0.141367 0.117925 0.000000 0.019820 0.000000 
0.931528 0.000000 0.000000 0.000000 0.000785 0.000000 0.016702 0.000000 0.000000 0.000000 0.032531 0.000002 0.000000 0.006558 0.011893 0.000000 0.000000 
0.993372 0.000000 0.000000 0.000000 0.004030 0.000000 0.000000 0.000000 0.000000 0.000000 0.000000 0.000003 0.000000 0.002595 0.000000 0.000000 0.000000 
0.014945 0.000000 0.000000 0.000000 0.282719 0.000000 0.000000 0.000000 0.022466 0.000000 0.493875 0.012975 0.000000 0.173020 0.000000 0.000000 0.000000 
0.022915 0.000000 0.000000 0.000000 0.226213 0.000000 0.000000 0.000000 0.000000 0.000000 0.493733 0.053135 0.000000 0.041501 0.031643 0.130859 0.000000 
0.841887 0.000000 0.000000 0.000000 0.051093 0.000000 0.000000 0.000000 0.007127 0.000000 0.000000 0.005934 0.000000 0.093958 0.000000 0.000000 0.000000 
0.037228 0.000000 0.045333 0.000000 0.006471 0.000000 0.000000 0.000000 0.022595 0.002098 0.043796 0.010129 0.023284 0.130245 0.000000 0.678821 0.000000 
0.869714 0.000000 0.000000 0.000000 0.024587 0.003834 0.000000 0.000000 0.000000 0.000000 0.047485 0.006405 0.000000 0.047975 0.000000 0.000000 0.000000 
0.048961 0.000000 0.000000 0.000000 0.040597 0.000000 0.000000 0.000000 0.000000 0.003000 0.000000 0.059599 0.000000 0.223564 0.000000 0.624277 0.000000 
0.863916 0.000000 0.000000 0.000000 0.021885 0.000000 0.000000 0.000000 0.000000 0.000000 0.009317 0.009965 0.044888 0.037314 0.012715 0.000000 0.000000 
0.113163 0.000000 0.000000 0.000000 0.246951 0.000000 0.000000 0.000000 0.000000 0.000000 0.516824 0.008422 0.018866 0.037562 0.058210 0.000000 0.000000 
0.025792 0.000000 0.000000 0.000000 0.271609 0.000000 0.000000 0.000000 0.000000 0.003572 0.000000 0.034134 0.163549 0.501343 0.000000 0.000000 0.000000 
0.015265 0.000000 0.000000 0.000000 0.348553 0.000000 0.000000 0.000000 0.000000 0.000000 0.461854 0.001999 0.065178 0.107152 0.000000 0.000000 0.000000 
0.034815 0.000000 0.000000 0.000000 0.021091 0.000000 0.000000 0.036749 0.000000 0.000000 0.000000 0.083382 0.018434 0.170437 0.000000 0.635090 0.000000 
0.039115 0.000000 0.006930 0.000000 0.368331 0.013957 0.000000 0.016019 0.000000 0.000000 0.000000 0.000003 0.239355 0.296125 0.000000 0.000000 0.020164 
0.629617 0.000000 0.000000 0.000000 0.086478 0.000000 0.000000 0.000000 0.000000 0.003846 0.000000 0.000003 0.006974 0.213495 0.038508 0.021079 0.000000 
0.063928 0.000000 0.000000 0.000000 0.323659 0.022706 0.000000 0.000000 0.000000 0.000000 0.031301 0.000003 0.177160 0.186103 0.000000 0.168293 0.026846 
0.009364 0.000000 0.000000 0.000000 0.310240 0.000000 0.000000 0.000000 0.000000 0.000000 0.621708 0.008331 0.032813 0.017545 0.000000 0.000000 0.000000 
0.033705 0.000000 0.020683 0.000000 0.043954 0.000000 0.000000 0.000000 0.000000 0.000000 0.000000 0.034851 0.000000 0.170997 0.000000 0.695809 0.000000 
0.907062 0.011660 0.000000 0.000000 0.002261 0.000000 0.007779 0.000000 0.006372 0.000000 0.000001 0.000003 0.006971 0.002172 0.000000 0.055721 0.000000 
0.001922 0.000000 0.000000 0.000000 0.301827 0.000000 0.000000 0.000000 0.000000 0.000000 0.659554 0.002008 0.019896 0.008840 0.005954 0.000000 0.000000 
0.899751 0.000000 0.000000 0.000000 0.015061 0.004032 0.000000 0.000000 0.000000 0.000000 0.070021 0.000003 0.006906 0.004226 0.000000 0.000000 0.000000 
0.163432 0.000000 0.000000 0.000000 0.366948 0.000000 0.000000 0.000000 0.000000 0.000000 0.062113 0.000002 0.216380 0.191124 0.000000 0.000000 0.000000 
0.019414 0.000000 0.000000 0.000000 0.303684 0.000000 0.000000 0.000000 0.000000 0.000000 0.000000 0.050644 0.108347 0.517910 0.000000 0.000000 0.000000 
0.013617 0.000000 0.000000 0.001202 0.326907 0.008199 0.000000 0.000000 0.000000 0.000000 0.597903 0.019222 0.000000 0.013314 0.019635 0.000000 0.000000 
0.036803 0.000000 0.000000 0.000000 0.120767 0.000000 0.000000 0.000000 0.000000 0.000000 0.000000 0.011744 0.078269 0.218768 0.000000 0.533649 0.000000 
0.010044 0.009184 0.000000 0.000000 0.318361 0.000000 0.000000 0.005529 0.000000 0.000000 0.601213 0.000002 0.000000 0.055667 0.000000 0.000000 0.000000 
0.335066 0.000000 0.000000 0.000000 0.157190 0.000000 0.000000 0.000000 0.000000 0.000000 0.129990 0.000003 0.042837 0.120022 0.000000 0.214894 0.000000 
0.056741 0.011901 0.000000 0.000000 0.282287 0.000000 0.000000 0.000000 0.000000 0.006000 0.000000 0.052557 0.000000 0.566864 0.000000 0.000000 0.023649 
0.142444 0.000000 0.000000 0.000000 0.234521 0.000000 0.000000 0.000000 0.000000 0.000000 0.545795 0.010927 0.000000 0.066312 0.000000 0.000000 0.000000 
0.019971 0.000000 0.046875 0.000000 0.302076 0.014175 0.000000 0.000000 0.000000 0.000000 0.049125 0.000003 0.051770 0.516005 0.000000 0.000000 0.000000 
0.075723 0.000000 0.000000 0.000000 0.150746 0.000000 0.000000 0.000000 0.000000 0.000000 0.312765 0.000003 0.012331 0.096619 0.000000 0.341076 0.010737 
0.056756 0.000000 0.000000 0.000000 0.119195 0.000000 0.000000 0.000000 0.000000 0.001000 0.019429 0.000003 0.000000 0.273429 0.000000 0.530186 0.000000 
0.028921 0.000000 0.000000 0.000000 0.248273 0.009356 0.000000 0.000000 0.013133 0.000000 0.664946 0.022545 0.000000 0.012826 0.000000 0.000000 0.000000 
0.190267 0.000000 0.000000 0.000000 0.209614 0.000000 0.000000 0.000000 0.000000 0.004000 0.000000 0.027846 0.000000 0.463617 0.000000 0.104656 0.000000 
0.017025 0.000000 0.000000 0.000000 0.385057 0.013041 0.000000 0.000000 0.000000 0.004561 0.000000 0.016368 0.234488 0.329459 0.000000 0.000000 0.000000 
0.075511 0.000000 0.020924 0.000000 0.157255 0.000000 0.000000 0.000000 0.000000 0.004057 0.000000 0.028828 0.035502 0.488516 0.036837 0.152569 0.000000 
0.979241 0.000000 0.000000 0.000000 0.001915 0.004051 0.008294 0.000000 0.000000 0.000000 0.000001 0.000002 0.000000 0.006496 0.000000 0.000000 0.000000 
0.021974 0.000000 0.000000 0.000000 0.357858 0.000000 0.000000 0.000000 0.000000 0.000000 0.000000 0.000003 0.341092 0.232112 0.000000 0.046960 0.000000 
0.529664 0.000000 0.022267 0.000000 0.123564 0.000000 0.000000 0.000000 0.000000 0.006070 0.000000 0.028391 0.029350 0.260693 0.000000 0.000000 0.000000 
0.033095 0.000000 0.000000 0.006778 0.309160 0.000000 0.000000 0.000000 0.000000 0.002007 0.056272 0.047792 0.000000 0.544896 0.000000 0.000000 0.000000 
0.016207 0.000000 0.000000 0.000000 0.202508 0.000000 0.000000 0.000000 0.000000 0.000000 0.427089 0.038694 0.000000 0.083272 0.000000 0.232230 0.000000 
0.027977 0.000000 0.030158 0.000000 0.303531 0.000000 0.000000 0.000000 0.000000 0.003642 0.000000 0.000003 0.187356 0.312602 0.000000 0.134730 0.000000 
0.038583 0.028341 0.000000 0.000000 0.352276 0.027222 0.000000 0.000000 0.017728 0.002356 0.260872 0.000002 0.102413 0.170207 0.000000 0.000000 0.000000 
0.624361 0.019382 0.000000 0.000000 0.017917 0.000000 0.000000 0.000000 0.000000 0.001000 0.000000 0.024263 0.000000 0.069085 0.000000 0.229486 0.014505 
0.109752 0.015826 0.000000 0.000000 0.198847 0.000000 0.000000 0.000000 0.000000 0.005000 0.035606 0.031643 0.000000 0.603327 0.000000 0.000000 0.000000 
0.048209 0.000000 0.000000 0.000000 0.033674 0.000000 0.000000 0.000000 0.000000 0.000000 0.000000 0.087593 0.000000 0.168974 0.000000 0.661549 0.000000 
0.172620 0.000000 0.000000 0.004790 0.212356 0.000000 0.000000 0.024172 0.014444 0.000000 0.000000 0.049251 0.000000 0.522367 0.000000 0.000000 0.000000 
0.693894 0.000000 0.000000 0.000000 0.017591 0.000000 0.000000 0.012994 0.000000 0.000000 0.000000 0.037404 0.000000 0.063856 0.000000 0.174260 0.000000 
0.023663 0.000000 0.000000 0.000000 0.337858 0.020419 0.000000 0.000000 0.000000 0.000000 0.067890 0.009664 0.297123 0.243384 0.000000 0.000000 0.000000 
0.013288 0.000000 0.000000 0.000000 0.447790 0.000000 0.000000 0.000000 0.000000 0.000000 0.000000 0.000002 0.316242 0.207103 0.015575 0.000000 0.000000 
0.017260 0.000000 0.000000 0.000000 0.286518 0.000000 0.000000 0.000000 0.000000 0.000000 0.543669 0.019707 0.039955 0.092891 0.000000 0.000000 0.000000 
0.191065 0.000000 0.000000 0.000000 0.241107 0.017043 0.000000 0.000000 0.000000 0.001000 0.342651 0.015566 0.000000 0.177435 0.000000 0.000000 0.014133 
0.023114 0.000000 0.048558 0.000000 0.048934 0.000000 0.000000 0.000000 0.000000 0.000000 0.270849 0.047327 0.044567 0.088144 0.000000 0.428507 0.000000 
0.023865 0.000000 0.000000 0.000000 0.258530 0.000000 0.000000 0.000000 0.000000 0.006895 0.000000 0.019118 0.061828 0.582323 0.034242 0.000000 0.013198 
0.956366 0.010722 0.000000 0.000000 0.004644 0.000000 0.000000 0.000000 0.000000 0.000000 0.017006 0.000002 0.000000 0.011261 0.000000 0.000000 0.000000 
0.034050 0.000000 0.000000 0.000000 0.030178 0.000000 0.000000 0.036958 0.000000 0.001805 0.009858 0.092510 0.011463 0.128817 0.000000 0.654362 0.000000 
0.245777 0.000000 0.029878 0.000000 0.023612 0.000000 0.000000 0.000000 0.000000 0.000000 0.000000 0.022862 0.000000 0.131054 0.000000 0.546815 0.000000 
0.028739 0.000000 0.000000 0.000000 0.246139 0.000000 0.000000 0.000000 0.018103 0.007000 0.000000 0.055924 0.000000 0.644094 0.000000 0.000000 0.000000 
0.058323 0.000000 0.000000 0.000000 0.247647 0.000000 0.000000 0.000000 0.000000 0.004000 0.000000 0.041420 0.000000 0.648609 0.000000 0.000000 0.000000 
0.010707 0.000000 0.000000 0.000000 0.333447 0.000000 0.000000 0.000000 0.000000 0.000000 0.594253 0.004908 0.000000 0.056685 0.000000 0.000000 0.000000 
0.013515 0.000000 0.000000 0.000000 0.233877 0.000000 0.000000 0.045659 0.000000 0.000000 0.578444 0.012040 0.029057 0.087409 0.000000 0.000000 0.000000 
0.174873 0.000000 0.000000 0.000000 0.165723 0.000000 0.000000 0.000000 0.000000 0.004000 0.111416 0.055483 0.000000 0.488505 0.000000 0.000000 0.000000 
0.887607 0.000000 0.000000 0.000000 0.017369 0.000000 0.000000 0.000000 0.000000 0.001000 0.025295 0.015668 0.000000 0.053061 0.000000 0.000000 0.000000 
0.027397 0.000000 0.000000 0.000000 0.244550 0.000000 0.000000 0.000000 0.000000 0.007529 0.135261 0.037525 0.070629 0.477109 0.000000 0.000000 0.000000 
0.445196 0.000000 0.000000 0.000000 0.063866 0.000000 0.000000 0.000000 0.000000 0.000000 0.000000 0.041162 0.064106 0.099134 0.000000 0.286535 0.000000 
0.014947 0.000000 0.000000 0.000000 0.289185 0.000000 0.000000 0.000000 0.000000 0.005000 0.245684 0.000003 0.000000 0.398420 0.000000 0.046760 0.000000 
0.039925 0.000000 0.041798 0.000000 0.049267 0.000000 0.000000 0.000000 0.000000 0.000000 0.000000 0.049328 0.000000 0.138356 0.000000 0.681326 0.000000 
0.023819 0.000000 0.000000 0.000000 0.382343 0.000000 0.000000 0.000000 0.000000 0.000000 0.000000 0.000002 0.324916 0.268920 0.000000 0.000000 0.000000 
0.938521 0.000000 0.000000 0.000000 0.018231 0.000000 0.014030 0.000000 0.000000 0.000000 0.000000 0.009788 0.000000 0.019430 0.000000 0.000000 0.000000 
0.019438 0.000000 0.000000 0.000000 0.339657 0.020354 0.012452 0.000000 0.000000 0.000000 0.000000 0.009060 0.272299 0.326739 0.000000 0.000000 0.000000 
0.038517 0.009555 0.000000 0.001477 0.053476 0.000000 0.000000 0.000000 0.000000 0.000000 0.000000 0.067463 0.000000 0.276614 0.000000 0.552897 0.000000 
0.047478 0.000000 0.000000 0.000000 0.238991 0.000000 0.000000 0.000000 0.000000 0.002000 0.000000 0.032246 0.000000 0.624117 0.000000 0.000000 0.055168 
0.863186 0.000000 0.000000 0.000000 0.048899 0.000000 0.000000 0.000000 0.000000 0.000000 0.072280 0.000002 0.000000 0.015632 0.000000 0.000000 0.000000 
0.020817 0.000000 0.000000 0.000000 0.345910 0.000000 0.000000 0.000000 0.000000 0.000000 0.000000 0.016203 0.308718 0.308352 0.000000 0.000000 0.000000 
0.334566 0.000000 0.000000 0.000000 0.016551 0.000000 0.000000 0.000000 0.005765 0.000000 0.000000 0.042124 0.023306 0.123783 0.000000 0.453903 0.000000 
0.020339 0.000000 0.000000 0.000000 0.384324 0.000000 0.013662 0.000000 0.022571 0.000000 0.000000 0.017961 0.282647 0.219807 0.000000 0.038690 0.000000 
0.039365 0.000000 0.019209 0.000000 0.045419 0.000000 0.000000 0.000000 0.004684 0.000000 0.000000 0.067361 0.000000 0.184556 0.000000 0.632783 0.006622 
0.028255 0.000000 0.005437 0.000000 0.454100 0.000000 0.000000 0.000000 0.000000 0.002932 0.000000 0.000004 0.305772 0.203498 0.000000 0.000000 0.000000 
0.828672 0.000000 0.000000 0.000000 0.059111 0.000000 0.000000 0.000000 0.000000 0.001000 0.090343 0.000002 0.000000 0.020872 0.000000 0.000000 0.000000 
0.030813 0.000000 0.000000 0.000000 0.241459 0.000000 0.000000 0.000000 0.000000 0.003451 0.006571 0.042534 0.017864 0.598009 0.000000 0.059300 0.000000 
0.026499 0.000000 0.000000 0.000000 0.004209 0.000000 0.000000 0.000000 0.000000 0.001000 0.023631 0.070366 0.000000 0.169266 0.000000 0.687316 0.017713 
0.018000 0.000000 0.000000 0.000000 0.411503 0.000000 0.000000 0.000000 0.000000 0.000000 0.000000 0.007173 0.292872 0.270451 0.000000 0.000000 0.000000 
0.880829 0.000000 0.006297 0.000000 0.048381 0.003764 0.000000 0.000000 0.006852 0.000000 0.000000 0.000004 0.038909 0.014963 0.000000 0.000000 0.000000 
0.024794 0.000000 0.000000 0.000000 0.301325 0.000000 0.000000 0.000000 0.000000 0.001000 0.323924 0.028408 0.000000 0.320549 0.000000 0.000000 0.000000 
0.108436 0.000000 0.000000 0.004922 0.206867 0.000000 0.000000 0.000000 0.000000 0.000000 0.276015 0.034841 0.000000 0.368919 0.000000 0.000000 0.000000 
0.634632 0.000000 0.000000 0.000000 0.140274 0.000000 0.000000 0.000000 0.000000 0.001000 0.185580 0.004949 0.000000 0.033565 0.000000 0.000000 0.000000 
0.356334 0.000000 0.000000 0.001246 0.014356 0.000000 0.000000 0.000000 0.000000 0.000000 0.039107 0.020354 0.000000 0.138267 0.015017 0.415319 0.000000 
0.565953 0.000000 0.025802 0.000000 0.007226 0.000000 0.000000 0.000000 0.000000 0.000000 0.000000 0.003050 0.023233 0.052663 0.000000 0.322072 0.000000 
0.009570 0.011229 0.000000 0.000000 0.240189 0.000000 0.000000 0.000000 0.000000 0.001000 0.599995 0.042641 0.000000 0.078750 0.000000 0.000000 0.016626 
0.042464 0.004134 0.000000 0.000000 0.024170 0.000000 0.000000 0.000000 0.000000 0.002000 0.029457 0.031247 0.000000 0.186981 0.000000 0.679548 0.000000 
0.455050 0.013382 0.000000 0.000000 0.165565 0.000000 0.000000 0.000000 0.028756 0.002000 0.072836 0.026704 0.000000 0.235707 0.000000 0.000000 0.000000 
0.202075 0.000000 0.000000 0.000000 0.267180 0.000000 0.011392 0.000000 0.000000 0.000000 0.025025 0.000002 0.262936 0.202162 0.000000 0.000000 0.029228 
0.004526 0.000000 0.000000 0.000000 0.208030 0.000000 0.000000 0.000000 0.047881 0.000000 0.549827 0.000003 0.042087 0.045725 0.028535 0.073385 0.000000 
0.008846 0.000000 0.000000 0.000000 0.338099 0.000000 0.000000 0.000000 0.000000 0.000000 0.629975 0.002770 0.000000 0.020310 0.000000 0.000000 0.000000 
0.077842 0.000000 0.000000 0.000000 0.339303 0.000000 0.000000 0.000000 0.000000 0.000000 0.000000 0.031815 0.234965 0.230379 0.000000 0.085694 0.000000 
0.301130 0.000000 0.000000 0.000000 0.146106 0.000000 0.000000 0.000000 0.016728 0.000000 0.163190 0.007701 0.012014 0.353131 0.000000 0.000000 0.000000 
0.014744 0.000000 0.000000 0.000000 0.447989 0.000000 0.000000 0.000000 0.000000 0.000000 0.000000 0.007400 0.297322 0.232544 0.000000 0.000000 0.000000 
0.054919 0.000000 0.000000 0.000000 0.280458 0.025534 0.000000 0.000000 0.000000 0.000000 0.000000 0.000003 0.177388 0.201739 0.000000 0.259959 0.000000 
0.030863 0.000000 0.000000 0.000000 0.401767 0.000000 0.000000 0.000000 0.000000 0.000000 0.024522 0.000003 0.265392 0.238308 0.000000 0.039145 0.000000 
0.007677 0.000000 0.000000 0.000000 0.338109 0.000000 0.000000 0.000000 0.000000 0.000000 0.598308 0.009122 0.000000 0.021914 0.024869 0.000000 0.000000 
0.006202 0.000000 0.000000 0.000000 0.220883 0.000000 0.000000 0.000000 0.000000 0.001000 0.536604 0.000003 0.000000 0.075513 0.000000 0.159795 0.000000 
0.034139 0.000000 0.037898 0.000000 0.014970 0.000000 0.000000 0.000000 0.000000 0.000000 0.000000 0.037203 0.011408 0.229029 0.016073 0.619279 0.000000 
0.011390 0.000000 0.000000 0.000000 0.314091 0.000000 0.000000 0.000000 0.000000 0.000000 0.530533 0.021627 0.000000 0.078518 0.021278 0.000000 0.022564 
0.034818 0.000000 0.067426 0.001875 0.038409 0.000000 0.000000 0.000000 0.000000 0.000000 0.000000 0.027432 0.000000 0.105847 0.028661 0.687240 0.008291 
0.079765 0.000000 0.000000 0.000000 0.088990 0.000000 0.000000 0.000000 0.000000 0.000000 0.134577 0.026310 0.000000 0.138152 0.000000 0.532206 0.000000 
0.007958 0.006632 0.000000 0.000000 0.273110 0.000000 0.000000 0.000000 0.000000 0.000000 0.565692 0.000003 0.000000 0.063921 0.019235 0.063449 0.000000 
0.012382 0.000000 0.000000 0.000000 0.267450 0.000000 0.000000 0.000000 0.000000 0.000000 0.627175 0.056156 0.000000 0.036836 0.000000 0.000000 0.000000 
0.112560 0.000000 0.000000 0.000000 0.307251 0.022259 0.000000 0.000000 0.000000 0.000000 0.027471 0.006376 0.224784 0.299298 0.000000 0.000000 0.000000 
0.029833 0.000000 0.000000 0.000000 0.231769 0.000000 0.000000 0.000000 0.000000 0.004690 0.000000 0.042986 0.037301 0.626680 0.000000 0.000000 0.026740 
0.594563 0.000000 0.000000 0.000000 0.088945 0.000000 0.000000 0.000000 0.000000 0.004000 0.017296 0.040236 0.000000 0.254960 0.000000 0.000000 0.000000 
0.025948 0.000000 0.000000 0.000000 0.076674 0.000000 0.020563 0.000000 0.000000 0.001000 0.138501 0.043208 0.000000 0.171806 0.000000 0.522299 0.000000 
0.032945 0.000000 0.021816 0.000000 0.063117 0.000000 0.000000 0.000000 0.000000 0.001000 0.000000 0.000003 0.000000 0.120999 0.000000 0.735796 0.024323 
0.039042 0.000000 0.000000 0.000000 0.393699 0.000000 0.000000 0.000000 0.000000 0.000000 0.000000 0.005697 0.330313 0.231248 0.000000 0.000000 0.000000 
0.024602 0.000000 0.000000 0.000000 0.176472 0.000000 0.000000 0.000000 0.000000 0.000000 0.000000 0.049633 0.123946 0.239562 0.000000 0.385785 0.000000 
0.976354 0.000000 0.000000 0.001081 0.004358 0.000000 0.000000 0.000000 0.000000 0.001591 0.000000 0.002353 0.000000 0.014261 0.000000 0.000000 0.000000 
