-1911706.691779
0
0.000042 0.024728 0.000001 0.000004 0.000002 0.000000 0.000001 0.000003 0.042176 0.007890 0.094160 0.000071 0.000000 0.000006 0.000002 0.000000 0.012529 0.000002 0.000002 0.000037 0.000000 0.000000 0.000001 0.006799 0.000005 0.000000 0.000000 0.000004 0.000000 0.000000 0.000000 0.000000 0.010313 0.000061 0.035065 0.000504 0.000001 0.000002 0.000000 0.000016 0.000002 0.000002 0.009669 0.000002 0.000000 0.000001 0.009534 0.003987 0.000040 0.000000 0.000000 0.000000 0.000000 0.000002 0.000000 0.000001 0.000480 0.000042 0.022540 0.038501 0.000000 0.000000 0.000000 0.000001 0.000000 0.004815 0.006459 0.018145 0.000000 0.000000 0.000000 0.000000 0.001634 0.002889 0.011505 0.053411 0.008142 0.000000 0.000003 0.022067 0.103966 0.160637 0.080761 0.176278 0.000002 0.004929 0.000000 0.000002 0.016830 0.000008 0.000002 0.000002 0.008278 0.000000 0.000002 0.000000 
0.026579 0.022942 0.002322 0.020665 0.029567 0.013959 0.007570 0.028309 0.015745 0.006992 0.005266 0.014832 0.007027 0.008215 0.004626 0.006352 0.000000 0.006278 0.000956 0.010410 0.001127 0.001230 0.010534 0.009408 0.022840 0.022467 0.001240 0.018103 0.021179 0.016941 0.004917 0.032690 0.010213 0.004123 0.003204 0.012312 0.009857 0.016822 0.012135 0.019825 0.003885 0.015262 0.002068 0.008276 0.001610 0.006400 0.011454 0.006764 0.007375 0.011788 0.000000 0.012965 0.014600 0.012451 0.002315 0.023322 0.015183 0.003323 0.000000 0.004497 0.003018 0.005630 0.007927 0.010072 0.000798 0.003848 0.001190 0.001974 0.005451 0.006937 0.023483 0.008989 0.009048 0.020372 0.000000 0.014799 0.021791 0.025428 0.003221 0.045117 0.007959 0.010561 0.002882 0.008454 0.006565 0.010409 0.004962 0.017131 0.004423 0.007640 0.002069 0.006100 0.005453 0.007063 0.015031 0.010885 
0.013670 0.006665 0.000000 0.007813 0.014075 0.008241 0.002057 0.012753 0.021656 0.013736 0.000000 0.017824 0.010133 0.007852 0.012743 0.012958 0.040859 0.016598 0.033852 0.032556 0.004456 0.002482 0.006293 0.004383 0.005915 0.000000 0.002145 0.007484 0.007049 0.008029 0.002496 0.010267 0.024097 0.017964 0.003882 0.020464 0.005052 0.005945 0.009104 0.010913 0.016225 0.014714 0.021300 0.022437 0.002713 0.003969 0.008136 0.013519 0.009694 0.006637 0.000000 0.009834 0.006413 0.005185 0.000000 0.006826 0.020314 0.017734 0.003367 0.021815 0.007279 0.004431 0.007466 0.005371 0.018599 0.010548 0.015927 0.016915 0.001808 0.000000 0.006519 0.003848 0.013098 0.007016 0.003362 0.016589 0.002776 0.008696 0.000962 0.006981 0.011381 0.022095 0.000000 0.010861 0.009774 0.007224 0.008354 0.011648 0.019027 0.016662 0.014537 0.019760 0.006298 0.006322 0.006710 0.015865 
0.011155 0.008823 0.001467 0.005978 0.000416 0.001865 0.000478 0.001683 0.031364 0.013628 0.192812 0.012367 0.003131 0.001969 0.001838 0.008391 0.011426 0.005343 0.007672 0.007128 0.001364 0.001843 0.000970 0.003012 0.006150 0.006657 0.000556 0.006346 0.000667 0.000000 0.000000 0.000000 0.019438 0.019098 0.107939 0.016962 0.000607 0.001427 0.000000 0.000924 0.002262 0.004074 0.005353 0.005226 0.000000 0.001930 0.000694 0.001444 0.008097 0.005293 0.000000 0.003029 0.000000 0.002203 0.000000 0.000000 0.025352 0.028607 0.117798 0.017063 0.000000 0.000000 0.000516 0.001601 0.011039 0.006597 0.003780 0.009571 0.000000 0.000335 0.000439 0.000577 0.011125 0.011136 0.002244 0.014402 0.001813 0.001133 0.000243 0.002624 0.014692 0.016746 0.085274 0.012804 0.005229 0.001287 0.000000 0.002984 0.006801 0.004088 0.008217 0.005696 0.000670 0.000695 0.001595 0.002729 
0.000079 0.000012 0.061190 0.000007 0.000004 0.000000 0.000001 0.000006 0.002230 0.000445 0.000010 0.000200 0.000000 0.025919 0.000004 0.000000 0.000006 0.000004 0.000005 0.066604 0.000000 0.000000 0.000002 0.000000 0.000011 0.000000 0.000000 0.000009 0.000000 0.000000 0.005237 0.000000 0.004260 0.000122 0.000152 0.000730 0.004699 0.000006 0.048057 0.045776 0.000005 0.000005 0.000030 0.000006 0.000000 0.000002 0.000014 0.000009 0.061450 0.000001 0.000000 0.000001 0.000000 0.065498 0.000000 0.050000 0.000975 0.000096 0.000000 0.001405 0.000000 0.000000 0.000000 0.026098 0.000000 0.000002 0.000002 0.000025 0.000000 0.000000 0.131618 0.000000 0.024597 0.003322 0.000015 0.009702 0.000719 0.000000 0.030747 0.017664 0.007774 0.009860 0.000016 0.226040 0.000003 0.000002 0.040853 0.000005 0.000005 0.013604 0.000004 0.000005 0.000000 0.000000 0.012028 0.000000 
0.001476 0.000000 0.000523 0.000482 0.000467 0.000000 0.000399 0.001565 0.005871 0.002908 0.000000 0.005596 0.000000 0.000000 0.001124 0.000000 0.000000 0.000989 0.000000 0.004085 0.000000 0.000000 0.000423 0.000000 0.001413 0.000000 0.000000 0.000000 0.000000 0.000000 0.000000 0.000000 0.007257 0.003683 0.011850 0.013693 0.000000 0.000000 0.000000 0.000001 0.001510 0.000894 0.000001 0.000780 0.000276 0.000189 0.000195 0.000196 0.000002 0.000000 0.000000 0.000000 0.000000 0.000000 0.000000 0.000414 0.008086 0.002619 0.000000 0.003977 0.000000 0.000455 0.000000 0.000000 0.000000 0.000000 0.000000 0.000466 0.000000 0.000135 0.000000 0.000224 0.012882 0.008859 0.001534 0.015274 0.039201 0.000000 0.003709 0.082681 0.427088 0.083573 0.023116 0.213995 0.000525 0.000000 0.000000 0.000815 0.000000 0.001226 0.000000 0.001297 0.000000 0.000000 0.000000 0.000000 
0.000237 0.000000 0.000000 0.000000 0.000000 0.000000 0.000000 0.000000 0.008457 0.002056 0.005022 0.002546 0.000000 0.000185 0.000000 0.000000 0.001874 0.000000 0.000759 0.000002 0.000000 0.000000 0.000000 0.000000 0.000000 0.000000 0.000000 0.000519 0.000000 0.000719 0.000000 0.000358 0.020089 0.002357 0.000003 0.005775 0.000000 0.001256 0.000000 0.000656 0.000000 0.000000 0.000839 0.000000 0.000000 0.000000 0.000000 0.000000 0.000802 0.000000 0.000000 0.000000 0.000000 0.000000 0.000000 0.000000 0.005632 0.001412 0.000000 0.001980 0.000000 0.000000 0.000000 0.000000 0.000000 0.000000 0.000000 0.000001 0.000000 0.000000 0.000000 0.000000 0.017049 0.004589 0.001645 0.008414 0.037706 0.000000 0.000000 0.056600 0.427323 0.078510 0.063669 0.240318 0.000000 0.000000 0.000000 0.000000 0.000000 0.000000 0.000640 0.000000 0.000000 0.000000 0.000000 0.000000 
0.036702 0.031569 0.019120 0.025313 0.010033 0.005462 0.003056 0.004956 0.011740 0.007923 0.002360 0.005671 0.005114 0.003329 0.009597 0.002593 0.008980 0.001935 0.007678 0.002962 0.000000 0.000193 0.001168 0.000000 0.047156 0.061612 0.008707 0.045308 0.010415 0.009449 0.006597 0.009567 0.021896 0.014194 0.006958 0.019961 0.007424 0.010890 0.035276 0.010767 0.005171 0.002423 0.010115 0.005443 0.000000 0.001108 0.004472 0.001016 0.038643 0.041189 0.024892 0.026268 0.007427 0.008988 0.007298 0.005500 0.008551 0.008142 0.002115 0.008370 0.006490 0.004764 0.013468 0.004337 0.005985 0.001664 0.004037 0.002455 0.000000 0.000000 0.000000 0.000000 0.033933 0.054903 0.010381 0.037891 0.002599 0.010332 0.002819 0.004546 0.003021 0.005736 0.000000 0.006387 0.004240 0.004756 0.007689 0.003766 0.002620 0.000963 0.003479 0.002247 0.000000 0.000000 0.002656 0.001074 
0.000000 0.012434 0.044045 0.188700 0.000000 0.000000 0.120067 0.634753 
0.000000 0.022321 0.010676 0.000005 0.000000 0.429445 0.526747 0.010806 
0.000000 0.435674 0.495809 0.037908 0.000000 0.000000 0.000000 0.030609 
0.000000 0.000000 0.065949 0.886281 0.000000 0.008964 0.000000 0.038805 
0.000000 0.504324 0.270358 0.195523 0.000000 0.002705 0.000000 0.027091 
0.000000 0.017574 0.097740 0.860580 0.000000 0.000000 0.000000 0.024106 
0.000000 0.000000 0.099968 0.893671 0.000000 0.000000 0.000000 0.006361 
0.000000 0.000000 0.689596 0.054985 0.000000 0.056132 0.119995 0.079293 
0.000000 0.036876 0.039515 0.141971 0.000000 0.091476 0.613135 0.077027 
0.000000 0.303252 0.184079 0.179114 0.000000 0.273296 0.060230 0.000029 
0.000000 0.064987 0.758079 0.076119 0.000000 0.010957 0.000000 0.089857 
0.000000 0.000000 0.751779 0.084896 0.000000 0.000000 0.015049 0.148276 
0.029498 0.000000 0.000102 0.013460 0.000000 0.662620 0.294305 0.000016 
0.000000 0.000000 0.792778 0.076376 0.000000 0.000000 0.000000 0.130846 
0.000000 0.596292 0.325992 0.000008 0.000000 0.000000 0.028829 0.048880 
0.000000 0.000000 0.770882 0.084033 0.000000 0.000000 0.000000 0.145085 
0.000000 0.017872 0.000091 0.007002 0.016995 0.000000 0.000000 0.958039 
0.000000 0.000000 0.127175 0.872796 0.000000 0.000000 0.000000 0.000028 
0.000000 0.000000 0.000086 0.008475 0.006660 0.000000 0.000000 0.984780 
0.000000 0.000000 0.746543 0.094379 0.000000 0.077801 0.000000 0.081277 
0.000000 0.096776 0.079117 0.310028 0.000000 0.080544 0.396734 0.036801 
0.000000 0.325026 0.195246 0.000009 0.000000 0.065869 0.000000 0.413850 
0.000000 0.084531 0.669429 0.192603 0.000000 0.000000 0.032624 0.020814 
0.040088 0.000000 0.152148 0.415034 0.000000 0.181648 0.186788 0.024295 
0.000000 0.059757 0.756823 0.114928 0.000000 0.000000 0.015421 0.053072 
0.000000 0.000000 0.010037 0.000009 0.000000 0.000000 0.045106 0.944848 
0.000000 0.000000 0.240228 0.027757 0.017620 0.000000 0.000000 0.714395 
0.000000 0.631006 0.324527 0.000007 0.000000 0.000000 0.000000 0.044460 
0.000000 0.000000 0.507366 0.378520 0.012598 0.000000 0.000000 0.101516 
0.000000 0.000000 0.000103 0.000010 0.000000 0.290643 0.341225 0.368019 
0.000000 0.572207 0.331822 0.080207 0.000000 0.000000 0.000000 0.015763 
0.000000 0.012238 0.826424 0.083306 0.000000 0.000000 0.000000 0.078032 
0.064102 0.010898 0.039723 0.189845 0.000000 0.116659 0.578743 0.000029 
0.000000 0.619490 0.299505 0.006656 0.000000 0.000000 0.000000 0.074348 
0.000000 0.000000 0.061805 0.908849 0.000000 0.000000 0.000000 0.029346 
0.000000 0.000000 0.033464 0.176447 0.000000 0.110469 0.669701 0.009919 
0.000000 0.000000 0.135309 0.864661 0.000000 0.000000 0.000000 0.000030 
0.000000 0.000000 0.520679 0.417889 0.000000 0.000000 0.000000 0.061433 
0.021891 0.650258 0.206631 0.121190 0.000000 0.000000 0.000000 0.000031 
0.000000 0.073298 0.000079 0.000007 0.000000 0.000000 0.066448 0.860168 
0.000000 0.206534 0.186838 0.429419 0.000000 0.000000 0.000000 0.177209 
0.024135 0.633659 0.342168 0.000007 0.000000 0.000000 0.000000 0.000031 
0.000000 0.000000 0.137674 0.848024 0.000000 0.000000 0.005479 0.008823 
0.000000 0.019546 0.724190 0.088253 0.026173 0.000000 0.102390 0.039447 
0.000000 0.481963 0.246258 0.143388 0.000000 0.082047 0.000000 0.046344 
0.000000 0.686158 0.313808 0.000005 0.000000 0.000000 0.000000 0.000029 
0.000000 0.028249 0.718646 0.075797 0.000000 0.000000 0.000000 0.177309 
0.000000 0.000000 0.300697 0.016301 0.000000 0.000000 0.088175 0.594827 
0.000000 0.320151 0.135759 0.019674 0.000000 0.117875 0.092292 0.314249 
0.000000 0.000000 0.000090 0.000008 0.000000 0.622147 0.331770 0.045985 
0.000000 0.000000 0.000073 0.000007 0.000000 0.355584 0.641921 0.002414 
0.000000 0.000000 0.212307 0.015237 0.000000 0.000000 0.000000 0.772455 
0.000000 0.000000 0.000088 0.208748 0.014262 0.000000 0.007471 0.769431 
0.018553 0.000000 0.111743 0.000009 0.019090 0.456611 0.372860 0.021134 
0.000000 0.010215 0.081579 0.842297 0.014461 0.000000 0.000000 0.051448 
0.000000 0.000000 0.049598 0.006487 0.000000 0.506635 0.370239 0.067041 
0.000000 0.000000 0.152640 0.810228 0.000000 0.000000 0.015031 0.022102 
0.039288 0.061912 0.040673 0.000010 0.000000 0.354455 0.490697 0.012966 
0.000000 0.046916 0.040316 0.000008 0.000000 0.000000 0.106188 0.806572 
0.000000 0.241398 0.630356 0.055827 0.024714 0.000000 0.000000 0.047704 
0.000000 0.175540 0.103713 0.000006 0.000000 0.000000 0.000000 0.720741 
0.000000 0.000000 0.145603 0.854367 0.000000 0.000000 0.000000 0.000029 
0.000000 0.530066 0.406068 0.013053 0.000000 0.017882 0.000000 0.032931 
0.064148 0.018917 0.313384 0.000009 0.000000 0.359070 0.244439 0.000033 
0.000000 0.455416 0.221014 0.199524 0.000000 0.000000 0.042466 0.081581 
0.000000 0.081696 0.000078 0.000010 0.000000 0.000000 0.000000 0.918216 
0.000000 0.000000 0.086006 0.890532 0.000000 0.000000 0.000000 0.023462 
0.000000 0.000000 0.000108 0.068970 0.009082 0.426434 0.495357 0.000048 
0.000000 0.042171 0.000072 0.000005 0.000000 0.000000 0.000000 0.957751 
0.000000 0.000000 0.000075 0.000009 0.010829 0.433379 0.472121 0.083587 
0.000000 0.472955 0.242728 0.000007 0.000000 0.076010 0.073876 0.134425 
0.000000 0.185268 0.643794 0.074849 0.000000 0.000000 0.000000 0.096089 
0.000000 0.039088 0.000079 0.016760 0.000000 0.004527 0.000000 0.939545 
0.000000 0.155461 0.170338 0.664954 0.000000 0.000000 0.000000 0.009248 
0.000000 0.000000 0.045949 0.000008 0.000000 0.000000 0.000000 0.954043 
0.000000 0.100982 0.105362 0.254157 0.000000 0.000000 0.320479 0.219020 
0.000000 0.040309 0.744497 0.071567 0.000000 0.036706 0.000000 0.106921 
0.000000 0.000000 0.049265 0.006687 0.006297 0.014268 0.120853 0.802632 
0.000000 0.078530 0.700623 0.053768 0.000000 0.000000 0.000000 0.167078 
0.000000 0.051068 0.029130 0.409991 0.000000 0.000000 0.057578 0.452233 
0.000000 0.000000 0.256580 0.642751 0.000000 0.000000 0.027641 0.073029 
0.000000 0.010460 0.000076 0.017707 0.000000 0.022085 0.000000 0.949673 
0.000000 0.000000 0.568414 0.171926 0.000000 0.023387 0.145652 0.090621 
0.000000 0.486589 0.433560 0.015270 0.000000 0.000000 0.000000 0.064580 
0.000000 0.000000 0.632450 0.253643 0.000000 0.052034 0.000000 0.061873 
0.019094 0.000000 0.000058 0.000007 0.000000 0.564814 0.416000 0.000028 
0.000000 0.641682 0.292495 0.052808 0.000000 0.000000 0.000000 0.013016 
0.000000 0.088027 0.329245 0.061324 0.000000 0.296161 0.225207 0.000037 
0.009721 0.000000 0.720028 0.068229 0.000000 0.000000 0.000000 0.202021 
0.000000 0.000000 0.028192 0.318070 0.000000 0.000000 0.000000 0.653738 
0.000000 0.377256 0.401170 0.192286 0.000000 0.000000 0.000000 0.029288 
0.000000 0.360131 0.195625 0.000009 0.000000 0.025950 0.000000 0.418285 
0.000000 0.025820 0.043629 0.301333 0.000000 0.604691 0.024495 0.000031 
0.057322 0.000000 0.731447 0.042431 0.000000 0.065413 0.000000 0.103387 
0.000000 0.000000 0.108362 0.878550 0.000000 0.000000 0.013058 0.000030 
0.000000 0.000000 0.691724 0.073573 0.000000 0.000000 0.147364 0.087339 
0.066354 0.000000 0.041634 0.227444 0.000000 0.653665 0.000000 0.010904 
0.000000 0.555346 0.334574 0.000009 0.024713 0.000000 0.000000 0.085358 
0.000000 0.655191 0.281187 0.000005 0.000000 0.000000 0.000000 0.063617 
0.000000 0.078939 0.093647 0.019759 0.000000 0.000000 0.000000 0.807655 
0.000000 0.073206 0.200419 0.019961 0.000000 0.000000 0.176628 0.529786 
0.000000 0.047876 0.025915 0.596160 0.000000 0.000000 0.000000 0.330049 
0.000000 0.116543 0.772009 0.055384 0.000000 0.000000 0.000000 0.056064 
0.000000 0.000000 0.011254 0.000005 0.000000 0.472250 0.493239 0.023252 
0.000000 0.000000 0.093688 0.862930 0.000000 0.000000 0.000000 0.043382 
0.077270 0.000000 0.043033 0.673736 0.000000 0.183936 0.000000 0.022025 
0.000000 0.000000 0.845121 0.069439 0.000000 0.000000 0.000000 0.085440 
0.000000 0.000000 0.803650 0.077252 0.000000 0.031518 0.000000 0.087579 
0.009753 0.000000 0.050633 0.000006 0.000000 0.000000 0.000000 0.939608 
0.020408 0.053652 0.089835 0.000008 0.000000 0.000000 0.000000 0.836096 
0.000000 0.000000 0.577793 0.077401 0.000000 0.000000 0.152176 0.192630 
0.000000 0.000000 0.059140 0.021307 0.000000 0.197089 0.686684 0.035780 
0.000000 0.104150 0.601103 0.058670 0.005174 0.000000 0.000000 0.230903 
0.000000 0.122749 0.069585 0.377682 0.000000 0.000000 0.429959 0.000025 
0.000000 0.000000 0.491815 0.067527 0.006856 0.000000 0.000000 0.433802 
0.012898 0.038100 0.056868 0.892105 0.000000 0.000000 0.000000 0.000030 
0.000000 0.643113 0.356852 0.000008 0.000000 0.000000 0.000000 0.000027 
0.043785 0.000000 0.012896 0.000009 0.000000 0.488364 0.436285 0.018661 
0.008185 0.529777 0.439659 0.000010 0.000000 0.000000 0.000000 0.022369 
0.000000 0.000000 0.230124 0.743019 0.000000 0.009472 0.000000 0.017384 
0.000000 0.000000 0.825057 0.069668 0.012929 0.000000 0.019614 0.072731 
0.000000 0.000000 0.000095 0.000008 0.003513 0.421960 0.448506 0.125918 
0.000000 0.555193 0.420308 0.012580 0.011889 0.000000 0.000000 0.000030 
0.000000 0.022362 0.076459 0.587465 0.000000 0.228687 0.084997 0.000029 
0.000000 0.598554 0.280312 0.069574 0.000000 0.000000 0.000000 0.051560 
0.000000 0.015620 0.140330 0.844018 0.000000 0.000000 0.000000 0.000032 
0.000000 0.678853 0.261523 0.000008 0.000000 0.007407 0.000000 0.052209 
0.000000 0.023423 0.000101 0.000008 0.000000 0.256516 0.575515 0.144436 
0.000000 0.006495 0.732212 0.144892 0.016356 0.000000 0.000000 0.100045 
0.000000 0.000000 0.068656 0.893680 0.000000 0.000000 0.000000 0.037664 
0.000000 0.601799 0.352275 0.004207 0.000000 0.000000 0.000000 0.041719 
0.000000 0.095101 0.008769 0.012445 0.000000 0.513804 0.369849 0.000031 
0.000000 0.000000 0.386654 0.042888 0.000000 0.008548 0.000000 0.561911 
0.000000 0.000000 0.432695 0.052008 0.000000 0.000000 0.092356 0.422941 
0.000000 0.000000 0.039684 0.000008 0.000000 0.260310 0.376340 0.323658 
0.000000 0.000000 0.075446 0.529371 0.000000 0.088901 0.249299 0.056983 
0.094440 0.030349 0.000084 0.368270 0.000000 0.230790 0.276043 0.000025 
0.000000 0.000000 0.069460 0.046686 0.021860 0.000000 0.000000 0.861994 
0.000000 0.000000 0.087467 0.869779 0.000000 0.000000 0.000000 0.042754 
0.000000 0.000000 0.338715 0.030358 0.000000 0.189921 0.260387 0.180619 
0.023823 0.498002 0.259541 0.000007 0.000000 0.123044 0.056936 0.038647 
0.000000 0.065067 0.039535 0.081340 0.023361 0.000000 0.000000 0.790697 
0.000000 0.000000 0.000079 0.000006 0.012597 0.000000 0.000000 0.987318 
0.000000 0.495960 0.291103 0.137108 0.016473 0.054159 0.000000 0.005196 
0.038892 0.014626 0.424109 0.000008 0.000000 0.000000 0.265874 0.256491 
0.000000 0.682199 0.312154 0.005618 0.000000 0.000000 0.000000 0.000029 
0.000000 0.426355 0.228644 0.314484 0.000000 0.030487 0.000000 0.000030 
0.000000 0.574247 0.297325 0.048897 0.000000 0.000000 0.000000 0.079531 
0.000000 0.000000 0.000090 0.000008 0.007217 0.000000 0.000000 0.992686 
0.000000 0.000000 0.039261 0.183572 0.000000 0.000000 0.000000 0.777167 
0.000000 0.000000 0.176978 0.822994 0.000000 0.000000 0.000000 0.000029 
0.000000 0.000000 0.108835 0.015302 0.014185 0.000000 0.000000 0.861678 
0.000000 0.030243 0.035615 0.910704 0.000000 0.000000 0.000000 0.023437 
0.000000 0.000000 0.061480 0.666298 0.000000 0.054787 0.000000 0.217436 
0.000000 0.000000 0.040322 0.073677 0.004545 0.000000 0.000000 0.881457 
0.000000 0.000000 0.000088 0.055579 0.017525 0.000000 0.000000 0.926808 
0.000000 0.439421 0.396437 0.000008 0.000000 0.000000 0.094043 0.070090 
0.000000 0.059807 0.819840 0.075010 0.000000 0.000000 0.000000 0.045344 
0.068507 0.000000 0.287330 0.036538 0.015108 0.296613 0.250065 0.045839 
0.000000 0.000000 0.090893 0.692230 0.010819 0.000000 0.000000 0.206057 
0.000000 0.043128 0.065986 0.890855 0.000000 0.000000 0.000000 0.000031 
0.000000 0.640036 0.299905 0.000008 0.000000 0.019810 0.000000 0.040240 
0.000000 0.248134 0.235132 0.516703 0.000000 0.000000 0.000000 0.000031 
0.012377 0.000000 0.000118 0.000011 0.008797 0.403009 0.575662 0.000026 
0.000000 0.000000 0.819539 0.073748 0.000000 0.000000 0.000000 0.106712 
0.000000 0.102812 0.081525 0.000007 0.000000 0.000000 0.000000 0.815655 
0.045185 0.043381 0.744437 0.082698 0.000000 0.000000 0.000000 0.084298 
0.000000 0.000000 0.068718 0.911820 0.000000 0.000000 0.000000 0.019462 
0.000000 0.021799 0.041154 0.171870 0.000000 0.000000 0.292557 0.472621 
0.000000 0.036546 0.786490 0.083629 0.000000 0.013176 0.000000 0.080159 
0.000000 0.000000 0.125111 0.764044 0.000000 0.000000 0.110812 0.000032 
0.000000 0.122222 0.681542 0.096517 0.000000 0.000000 0.000000 0.099719 
0.000000 0.289719 0.206554 0.000009 0.007865 0.000000 0.000000 0.495853 
0.000000 0.000000 0.203907 0.046503 0.000000 0.000000 0.000000 0.749590 
0.013564 0.047661 0.000090 0.000008 0.000000 0.008137 0.000000 0.930541 
0.000000 0.000000 0.122983 0.838433 0.000000 0.000000 0.016676 0.021908 
0.000000 0.000000 0.289126 0.675038 0.000000 0.000000 0.000000 0.035836 
0.024752 0.000000 0.082512 0.677860 0.000000 0.000000 0.000000 0.214876 
0.000000 0.147243 0.347197 0.033004 0.000000 0.094827 0.328390 0.049339 
0.000000 0.000000 0.845755 0.086612 0.000000 0.000000 0.000000 0.067632 
0.000000 0.060478 0.052033 0.014016 0.000000 0.044850 0.000000 0.828623 
0.000000 0.030138 0.824208 0.061426 0.000000 0.000000 0.000000 0.084227 
0.000000 0.601027 0.329963 0.000006 0.000000 0.027390 0.000000 0.041613 
0.000000 0.000000 0.000092 0.005507 0.003309 0.015683 0.000000 0.975410 
0.000000 0.000000 0.057005 0.728592 0.000000 0.102251 0.000000 0.112153 
0.000000 0.000000 0.053966 0.009260 0.000000 0.000000 0.000000 0.936774 
0.000000 0.000000 0.591360 0.310477 0.000000 0.000000 0.000000 0.098162 
0.000000 0.000000 0.037859 0.328996 0.000000 0.182443 0.438453 0.012249 
0.000000 0.604952 0.329015 0.036667 0.000000 0.000000 0.000000 0.029366 
0.000000 0.000000 0.399633 0.058630 0.000000 0.304191 0.219362 0.018185 
0.063213 0.000000 0.689269 0.039779 0.000000 0.099479 0.000000 0.108260 
0.000000 0.000000 0.000045 0.000007 0.000000 0.209433 0.785661 0.004854 
0.000000 0.354928 0.213276 0.000008 0.021238 0.129947 0.280573 0.000029 
0.000000 0.000000 0.000078 0.000008 0.007291 0.000000 0.000000 0.992623 
0.000000 0.599256 0.346270 0.000009 0.026715 0.027723 0.000000 0.000027 
0.010593 0.033603 0.000092 0.000007 0.000000 0.000000 0.000000 0.955704 
0.000000 0.052122 0.674473 0.203340 0.000000 0.000000 0.000000 0.070065 
0.000000 0.000000 0.164450 0.010416 0.000000 0.503445 0.300249 0.021440 
0.000000 0.000000 0.000074 0.005796 0.000000 0.532072 0.450908 0.011150 
0.000000 0.000000 0.810824 0.098333 0.000000 0.000000 0.000000 0.090842 
0.000000 0.000000 0.157995 0.841974 0.000000 0.000000 0.000000 0.000031 
0.008125 0.000000 0.117546 0.853881 0.000000 0.000000 0.000000 0.020449 
0.027327 0.607417 0.305558 0.000006 0.000000 0.000000 0.022876 0.036815 
0.000000 0.000000 0.586894 0.047308 0.000000 0.112759 0.195940 0.057098 
0.000000 0.170846 0.141524 0.655891 0.000000 0.000000 0.000000 0.031739 
0.000000 0.435164 0.233943 0.246868 0.000000 0.010156 0.000000 0.073868 
0.000000 0.136997 0.673891 0.083807 0.000000 0.000000 0.000000 0.105305 
0.000000 0.000000 0.784703 0.057630 0.000000 0.015152 0.000000 0.142515 
0.000000 0.116906 0.000089 0.000006 0.000000 0.432008 0.438594 0.012397 
0.000000 0.099282 0.650688 0.168933 0.020669 0.000000 0.000000 0.060429 
0.000000 0.564690 0.385764 0.016728 0.000000 0.000000 0.000000 0.032817 
0.000000 0.135926 0.106444 0.732377 0.000000 0.000000 0.000000 0.025253 
0.000000 0.066385 0.703590 0.095045 0.000000 0.008683 0.000000 0.126297 
0.000000 0.037364 0.617889 0.064509 0.000000 0.000000 0.000000 0.280238 
0.000000 0.000000 0.661574 0.060597 0.000000 0.000000 0.000000 0.277829 
0.000000 0.004439 0.036938 0.253393 0.000000 0.094413 0.601979 0.008839 
0.038829 0.000000 0.719214 0.145794 0.000000 0.040921 0.000000 0.055241 
0.037667 0.000000 0.115560 0.000008 0.000000 0.284955 0.446186 0.115623 
0.000000 0.000000 0.010230 0.000007 0.021003 0.000000 0.000000 0.968760 
0.000000 0.000000 0.359397 0.593907 0.000000 0.011702 0.000000 0.034994 
0.020544 0.024296 0.792055 0.063348 0.000000 0.000000 0.000000 0.099757 
0.000000 0.000000 0.000094 0.190896 0.000000 0.329416 0.459334 0.020260 
0.000000 0.237767 0.102289 0.000005 0.000000 0.344745 0.287840 0.027354 
0.000000 0.007467 0.754033 0.093927 0.020953 0.000000 0.000000 0.123620 
0.000000 0.000000 0.143426 0.012875 0.007555 0.022928 0.000000 0.813215 
0.000000 0.000000 0.797123 0.074522 0.017345 0.010467 0.000000 0.100542 
0.000000 0.053761 0.000087 0.071691 0.000000 0.000000 0.000000 0.874462 
0.006531 0.060967 0.739461 0.101541 0.000000 0.000000 0.000000 0.091500 
0.000000 0.535756 0.274334 0.000007 0.000000 0.017532 0.000000 0.172371 
0.000000 0.000000 0.103717 0.867340 0.000000 0.000000 0.000000 0.028943 
0.021410 0.137347 0.000091 0.000007 0.000000 0.000000 0.000000 0.841145 
0.000000 0.027265 0.334990 0.000009 0.013395 0.227537 0.364339 0.032465 
0.000000 0.000000 0.131097 0.836680 0.000000 0.000000 0.000000 0.032223 
0.000000 0.630450 0.295972 0.000007 0.000000 0.000000 0.000000 0.073571 
0.000000 0.000000 0.788717 0.125858 0.017498 0.000000 0.000000 0.067927 
0.000000 0.010756 0.003585 0.003030 0.000000 0.319727 0.662864 0.000038 
0.000000 0.000000 0.226132 0.049419 0.000000 0.160773 0.279291 0.284385 
0.000000 0.000000 0.183756 0.022218 0.000000 0.210709 0.466986 0.116331 
0.000000 0.000000 0.023375 0.054782 0.000000 0.297034 0.511014 0.113795 
0.000000 0.013778 0.076692 0.881306 0.000000 0.000000 0.000000 0.028224 
0.000000 0.000000 0.794846 0.090923 0.000000 0.000000 0.000000 0.114231 
0.000000 0.000000 0.091807 0.875591 0.000000 0.000000 0.000000 0.032601 
0.000000 0.012305 0.037400 0.133100 0.000000 0.365439 0.451727 0.000028 
0.037546 0.000000 0.120479 0.000009 0.000000 0.373860 0.450435 0.017670 
0.000000 0.000000 0.029451 0.379704 0.000000 0.189346 0.000000 0.401499 
0.000000 0.000000 0.065300 0.656444 0.000000 0.000000 0.233108 0.045147 
0.000000 0.641609 0.333596 0.000007 0.000000 0.000000 0.000000 0.024787 
0.000000 0.042825 0.000084 0.000008 0.000000 0.122308 0.212083 0.622691 
0.000000 0.000000 0.000080 0.012485 0.007158 0.000000 0.000000 0.980277 
0.000000 0.000000 0.077493 0.728585 0.000000 0.161364 0.000000 0.032558 
0.000000 0.009535 0.091423 0.657377 0.007935 0.000000 0.000000 0.233730 
0.000000 0.044884 0.000087 0.000011 0.000000 0.307894 0.554119 0.093005 
0.000000 0.000000 0.048512 0.000006 0.000000 0.433193 0.504007 0.014283 
0.000000 0.480758 0.475507 0.033101 0.000000 0.000000 0.000000 0.010633 
0.000000 0.000000 0.004431 0.000007 0.000000 0.343069 0.645919 0.006573 
0.000000 0.414169 0.155178 0.000007 0.000000 0.000000 0.000000 0.430646 
0.000000 0.000000 0.824042 0.094935 0.022883 0.000000 0.000000 0.058140 
0.000000 0.000000 0.787095 0.121949 0.000000 0.000000 0.000000 0.090956 
0.000000 0.079546 0.781255 0.061278 0.000000 0.000000 0.000000 0.077921 
0.000000 0.198019 0.428890 0.050256 0.000000 0.000000 0.000000 0.322836 
0.017313 0.575088 0.351157 0.000008 0.000000 0.000000 0.000000 0.056434 
0.022936 0.585049 0.363116 0.000008 0.000000 0.000000 0.000000 0.028891 
0.000000 0.000000 0.027589 0.180817 0.000000 0.427317 0.364245 0.000032 
0.000000 0.593758 0.381436 0.000008 0.000000 0.000000 0.000000 0.024798 
0.000000 0.034239 0.053009 0.891826 0.000000 0.000000 0.000000 0.020926 
0.000000 0.000000 0.003873 0.000006 0.000000 0.561842 0.338835 0.095444 
0.023182 0.258293 0.205827 0.488200 0.000000 0.000000 0.000000 0.024499 
0.000000 0.071810 0.074972 0.008032 0.017352 0.000000 0.000000 0.827834 
0.015934 0.038382 0.098145 0.745277 0.000000 0.000000 0.000000 0.102260 
0.000000 0.106764 0.088327 0.654809 0.000000 0.000000 0.109168 0.040932 
0.000000 0.000000 0.464601 0.049434 0.000000 0.220977 0.211754 0.053235 
0.000000 0.022484 0.000098 0.000009 0.000000 0.321280 0.128003 0.528125 
0.000000 0.000000 0.785868 0.082843 0.000000 0.000000 0.000000 0.131289 
0.000000 0.638591 0.290560 0.000008 0.000000 0.000000 0.000000 0.070841 
0.000000 0.000000 0.825822 0.075649 0.000000 0.000000 0.000000 0.098528 
0.000000 0.016956 0.000106 0.045777 0.000000 0.348606 0.583216 0.005340 
0.000000 0.474393 0.245687 0.055495 0.022863 0.000000 0.000000 0.201562 
0.000000 0.000000 0.004856 0.006267 0.000000 0.494826 0.491512 0.002539 
0.000000 0.000000 0.731153 0.082252 0.000000 0.096524 0.000000 0.090071 
0.000000 0.321882 0.186257 0.000009 0.000000 0.163234 0.307791 0.020827 
0.000000 0.059307 0.141504 0.124473 0.000000 0.000000 0.000000 0.674716 
0.027000 0.259562 0.121790 0.000008 0.000000 0.286569 0.281605 0.023465 
0.000000 0.282516 0.571710 0.071621 0.000000 0.050817 0.000000 0.023337 
0.000000 0.000000 0.062649 0.888525 0.000000 0.000000 0.020846 0.027979 
0.000000 0.000000 0.046885 0.018192 0.000000 0.000000 0.009503 0.925420 
0.031392 0.000000 0.130773 0.837808 0.000000 0.000000 0.000000 0.000028 
0.000000 0.000000 0.000074 0.009850 0.000000 0.000000 0.000000 0.990075 
0.013634 0.014832 0.078503 0.036139 0.000000 0.000000 0.000000 0.856891 
0.000000 0.024829 0.000097 0.007995 0.000000 0.130801 0.732301 0.103978 
0.000000 0.000000 0.081580 0.879343 0.000000 0.000000 0.000000 0.039077 
0.000000 0.016278 0.093563 0.854656 0.000000 0.000000 0.021551 0.013951 
0.000000 0.000000 0.138948 0.520260 0.000000 0.000000 0.331128 0.009665 
0.000000 0.000000 0.000052 0.003842 0.000000 0.340686 0.655401 0.000018 
0.000000 0.000000 0.654623 0.245155 0.000000 0.000000 0.000000 0.100222 
0.018851 0.000000 0.000107 0.000007 0.000000 0.439280 0.526873 0.014881 
0.000000 0.234629 0.156045 0.016534 0.000000 0.007666 0.000000 0.585126 
0.000000 0.000000 0.098747 0.031713 0.015933 0.000000 0.000000 0.853606 
0.000000 0.034689 0.509307 0.048669 0.000000 0.052074 0.355227 0.000034 
0.000000 0.075278 0.230367 0.020105 0.000000 0.057473 0.400556 0.216222 
0.000000 0.000000 0.247644 0.022714 0.000000 0.044093 0.506905 0.178644 
0.000000 0.314180 0.070351 0.000006 0.000000 0.000000 0.000000 0.615463 
0.000000 0.000000 0.044721 0.352763 0.023573 0.057239 0.508707 0.012997 
0.000000 0.000000 0.180970 0.738576 0.000000 0.000000 0.055025 0.025428 
0.000000 0.000000 0.093930 0.882657 0.000000 0.000000 0.000000 0.023413 
0.000000 0.000000 0.739660 0.087831 0.000000 0.084540 0.000000 0.087969 
0.000000 0.049285 0.012934 0.000007 0.000000 0.000000 0.000000 0.937774 
0.000000 0.276020 0.356468 0.059131 0.000000 0.000000 0.246033 0.062348 
0.000000 0.000000 0.076156 0.868784 0.016166 0.000000 0.022845 0.016049 
0.000000 0.000000 0.839678 0.089542 0.000000 0.000000 0.000000 0.070780 
0.000000 0.010589 0.642117 0.057802 0.000000 0.000000 0.000000 0.289492 
0.000000 0.000000 0.477043 0.498040 0.000000 0.000000 0.000000 0.024917 
0.000000 0.000000 0.094456 0.493918 0.000000 0.000000 0.000000 0.411626 
0.000000 0.000000 0.088738 0.864089 0.000000 0.000000 0.025812 0.021361 
0.000000 0.000000 0.082247 0.158779 0.000000 0.000000 0.000000 0.758973 
0.000000 0.120408 0.061000 0.015357 0.000000 0.000000 0.000000 0.803235 
0.000000 0.000000 0.000099 0.186933 0.014641 0.171959 0.273498 0.352871 
0.039562 0.000000 0.085596 0.000007 0.000000 0.262846 0.603192 0.008796 
0.000000 0.030491 0.113589 0.000007 0.016147 0.000000 0.000000 0.839766 
0.023416 0.000000 0.072538 0.837709 0.000000 0.000000 0.000000 0.066337 
0.000000 0.023855 0.000087 0.049051 0.023628 0.000000 0.000000 0.903379 
0.000000 0.106167 0.191118 0.610211 0.000000 0.000000 0.000000 0.092504 
0.000000 0.000000 0.762976 0.171703 0.000000 0.000000 0.000000 0.065321 
0.000000 0.000000 0.582840 0.058791 0.000000 0.000000 0.314601 0.043769 
0.000000 0.000000 0.049595 0.036259 0.005949 0.346011 0.562162 0.000024 
0.000000 0.000000 0.000085 0.000006 0.000000 0.488278 0.503894 0.007737 
0.000000 0.000000 0.130087 0.000008 0.000000 0.337001 0.508091 0.024813 
0.000000 0.097761 0.407239 0.053188 0.000000 0.235597 0.164941 0.041275 
0.000000 0.000000 0.815906 0.070504 0.000000 0.000000 0.000000 0.113590 
0.000000 0.000000 0.557315 0.366255 0.000000 0.000000 0.000000 0.076429 
0.000000 0.032236 0.040513 0.000015 0.000000 0.385698 0.535932 0.005606 
0.030989 0.202833 0.474642 0.072990 0.000000 0.109217 0.000000 0.109329 
0.000000 0.208652 0.582959 0.047382 0.000000 0.000000 0.000000 0.161006 
0.000000 0.000000 0.029263 0.000007 0.000000 0.000000 0.073427 0.897303 
0.000000 0.000000 0.000087 0.029950 0.000000 0.493693 0.473242 0.003029 
0.049394 0.000000 0.000060 0.000008 0.000000 0.321747 0.620353 0.008439 
0.000000 0.000000 0.823702 0.061257 0.000000 0.000000 0.000000 0.115041 
0.029330 0.000000 0.031917 0.000008 0.000000 0.369295 0.569425 0.000025 
0.000000 0.546981 0.358391 0.012244 0.000000 0.082354 0.000000 0.000030 
0.000000 0.000000 0.799450 0.085657 0.015064 0.000000 0.000000 0.099829 
0.012542 0.016017 0.093452 0.535690 0.000000 0.122770 0.173235 0.046294 
0.000000 0.000000 0.000055 0.000008 0.000000 0.375524 0.624399 0.000014 
0.000000 0.543164 0.376730 0.026502 0.000000 0.000000 0.000000 0.053604 
0.000000 0.049987 0.764014 0.073637 0.000000 0.049475 0.000000 0.062887 
0.000000 0.017701 0.054913 0.562243 0.000000 0.117458 0.230113 0.017572 
0.057865 0.000000 0.271629 0.000008 0.000000 0.376806 0.268613 0.025080 
0.000000 0.031667 0.067929 0.400857 0.000000 0.022635 0.000000 0.476912 
0.000000 0.000000 0.762722 0.169748 0.000000 0.000000 0.000000 0.067530 
0.000000 0.610675 0.346257 0.000005 0.000000 0.000000 0.000000 0.043063 
0.000000 0.215580 0.527440 0.041678 0.000000 0.000000 0.000000 0.215302 
0.000000 0.046370 0.448342 0.219337 0.000000 0.000000 0.255548 0.030403 
0.000000 0.539228 0.296117 0.000006 0.000000 0.000000 0.000000 0.164649 
0.079220 0.000000 0.142621 0.778128 0.000000 0.000000 0.000000 0.000030 
0.000000 0.000000 0.788895 0.100190 0.000000 0.000000 0.000000 0.110915 
0.000000 0.037564 0.684507 0.065025 0.000000 0.000000 0.000000 0.212904 
0.000000 0.020598 0.776741 0.102166 0.000000 0.008071 0.000000 0.092424 
0.000000 0.625675 0.315839 0.000007 0.000000 0.021359 0.000000 0.037120 
0.000000 0.000000 0.000081 0.004008 0.007099 0.000000 0.000000 0.988812 
0.000000 0.125780 0.047324 0.010862 0.008787 0.000000 0.000000 0.807247 
0.000000 0.042168 0.000088 0.000006 0.020274 0.000000 0.000000 0.937465 
0.020976 0.601478 0.287202 0.061334 0.000000 0.000000 0.000000 0.029011 
0.000000 0.000000 0.248736 0.017932 0.000000 0.009274 0.685069 0.038989 
0.043103 0.020471 0.081255 0.724305 0.000000 0.000000 0.049874 0.080993 
0.000000 0.000000 0.087736 0.756463 0.000000 0.000000 0.155768 0.000033 
0.000000 0.627314 0.311324 0.011687 0.000000 0.000000 0.000000 0.049675 
0.000000 0.000000 0.000085 0.003557 0.000000 0.513298 0.467369 0.015691 
0.020084 0.000000 0.026110 0.000008 0.000000 0.409455 0.539212 0.005132 
0.000000 0.000000 0.072894 0.892828 0.000000 0.000000 0.000000 0.034278 
0.000000 0.000000 0.651520 0.066078 0.000000 0.020316 0.000000 0.262086 
0.000000 0.013460 0.739143 0.178735 0.000000 0.000000 0.000000 0.068662 
0.000000 0.000000 0.098300 0.852203 0.000000 0.000000 0.000000 0.049498 
0.000000 0.000000 0.446323 0.491716 0.000000 0.000000 0.000000 0.061961 
0.000000 0.000000 0.441990 0.219214 0.000000 0.000000 0.000000 0.338796 
0.000000 0.000000 0.849113 0.067636 0.000000 0.000000 0.000000 0.083251 
0.000000 0.000000 0.081512 0.864698 0.000000 0.000000 0.053759 0.000030 
0.000000 0.249692 0.192072 0.289887 0.000000 0.000000 0.000000 0.268349 
0.000000 0.000000 0.114286 0.885684 0.000000 0.000000 0.000000 0.000030 
0.000000 0.000000 0.153624 0.846347 0.000000 0.000000 0.000000 0.000028 
0.013839 0.000000 0.812389 0.064475 0.000000 0.000000 0.000000 0.109298 
0.000000 0.000000 0.325692 0.627651 0.000000 0.000000 0.000000 0.046657 
0.029918 0.191302 0.259130 0.000008 0.014008 0.155900 0.220955 0.128781 
0.000000 0.652192 0.327920 0.000007 0.019850 0.000000 0.000000 0.000031 
0.000000 0.000000 0.000092 0.000006 0.000000 0.310752 0.629728 0.059421 
0.000000 0.029360 0.000091 0.011047 0.033355 0.000000 0.000000 0.926147 
0.000000 0.334237 0.165030 0.000008 0.000000 0.226594 0.274101 0.000031 
0.000000 0.000000 0.049773 0.000006 0.018561 0.000000 0.000000 0.931660 
0.005677 0.036390 0.000085 0.000008 0.000000 0.000000 0.000000 0.957840 
0.000000 0.000000 0.000066 0.000006 0.002636 0.000000 0.000000 0.997292 
0.000000 0.000000 0.099487 0.837673 0.000000 0.000000 0.062809 0.000031 
0.000000 0.000000 0.025425 0.004480 0.000000 0.220085 0.747172 0.002838 
0.000000 0.361894 0.313289 0.236445 0.000000 0.031482 0.000000 0.056891 
0.000000 0.000000 0.789479 0.091165 0.000000 0.000000 0.000000 0.119356 
0.000000 0.000000 0.784925 0.092652 0.000000 0.000000 0.000000 0.122423 
0.000000 0.046476 0.751692 0.091061 0.000000 0.000000 0.019541 0.091231 
0.000000 0.000000 0.124382 0.853980 0.000000 0.000000 0.000000 0.021638 
0.000000 0.563839 0.327273 0.000008 0.000000 0.029309 0.079540 0.000031 
0.000000 0.000000 0.025458 0.008795 0.000000 0.000000 0.000000 0.965748 
0.017518 0.555799 0.318274 0.000007 0.000000 0.000000 0.000000 0.108402 
0.000000 0.000000 0.133067 0.866902 0.000000 0.000000 0.000000 0.000031 
0.041215 0.000000 0.104549 0.823134 0.000000 0.000000 0.000000 0.031102 
0.075937 0.009189 0.562754 0.024990 0.000000 0.152948 0.114818 0.059364 
0.000000 0.000000 0.000082 0.005786 0.000000 0.544112 0.438717 0.011304 
0.000000 0.000000 0.272511 0.019994 0.000000 0.000000 0.000000 0.707495 
0.000000 0.000000 0.087636 0.857196 0.000000 0.000000 0.000000 0.055168 
0.000000 0.600835 0.375757 0.000009 0.000000 0.000000 0.000000 0.023399 
0.012243 0.000000 0.117039 0.845580 0.000000 0.000000 0.000000 0.025139 
0.012554 0.000000 0.781750 0.069021 0.000000 0.000000 0.000000 0.136675 
0.000000 0.037353 0.000089 0.000007 0.000000 0.042701 0.163272 0.756578 
0.036535 0.453151 0.268856 0.177100 0.000000 0.000000 0.000000 0.064359 
0.000000 0.000000 0.052154 0.277912 0.000000 0.145888 0.493770 0.030276 
0.000000 0.000000 0.152491 0.000009 0.000000 0.020083 0.000000 0.827418 
0.063041 0.164629 0.686700 0.023659 0.000000 0.027844 0.000000 0.034127 
0.000000 0.606063 0.335233 0.000008 0.000000 0.000000 0.000000 0.058696 
0.000000 0.000000 0.807338 0.075932 0.000000 0.008732 0.000000 0.107997 
0.000000 0.611339 0.267365 0.000005 0.000000 0.000000 0.000000 0.121291 
0.024431 0.000000 0.112356 0.765781 0.000000 0.097402 0.000000 0.000030 
0.000000 0.000000 0.760157 0.145207 0.000000 0.000000 0.000000 0.094636 
0.000000 0.503003 0.398099 0.014588 0.000000 0.000000 0.000000 0.084309 
0.000000 0.000000 0.664126 0.188978 0.000000 0.000000 0.000000 0.146896 
0.013412 0.586899 0.399653 0.000007 0.000000 0.000000 0.000000 0.000028 
0.000000 0.000000 0.021596 0.000009 0.000000 0.083239 0.537530 0.357627 
0.000000 0.029660 0.786426 0.065832 0.000000 0.044797 0.000000 0.073284 
0.000000 0.000000 0.798160 0.108603 0.000000 0.000000 0.000000 0.093237 
0.000000 0.030873 0.018915 0.015045 0.008889 0.004665 0.000000 0.921613 
0.000000 0.000000 0.799843 0.075957 0.000000 0.000000 0.000000 0.124201 
0.000000 0.000000 0.035179 0.007643 0.000000 0.304822 0.648564 0.003793 
0.000000 0.000000 0.000089 0.008966 0.000000 0.424331 0.565297 0.001317 
0.000000 0.027399 0.013826 0.071209 0.000000 0.020953 0.489315 0.377297 
0.000000 0.132365 0.100832 0.000008 0.000000 0.089721 0.165474 0.511600 
0.000000 0.000000 0.000091 0.006740 0.011498 0.000000 0.000000 0.981670 
0.000000 0.000000 0.075109 0.894834 0.000000 0.000000 0.021886 0.008171 
0.000000 0.069790 0.000079 0.019335 0.000000 0.000000 0.000000 0.910795 
0.000000 0.000000 0.082331 0.888617 0.000000 0.000000 0.000000 0.029052 
0.000000 0.087357 0.269325 0.326364 0.000000 0.000000 0.316922 0.000032 
0.031579 0.142416 0.368071 0.000008 0.000000 0.061639 0.310114 0.086172 
0.000000 0.000000 0.014350 0.000007 0.007286 0.000000 0.000000 0.978357 
0.000000 0.027189 0.055190 0.000008 0.024127 0.000000 0.000000 0.893487 
0.000000 0.183365 0.080012 0.000005 0.000000 0.203298 0.533292 0.000027 
0.000000 0.595298 0.342066 0.000007 0.000000 0.000000 0.000000 0.062630 
0.000000 0.000000 0.121103 0.837345 0.000000 0.000000 0.000000 0.041552 
0.000000 0.117723 0.141131 0.697646 0.000000 0.000000 0.014533 0.028967 
0.000000 0.000000 0.444897 0.474244 0.000000 0.027846 0.000000 0.053013 
0.000000 0.626601 0.366884 0.006485 0.000000 0.000000 0.000000 0.000031 
0.000000 0.000000 0.000136 0.016184 0.009327 0.259148 0.715185 0.000021 
0.000000 0.010040 0.000082 0.008618 0.000000 0.431548 0.549679 0.000033 
0.029657 0.050531 0.105333 0.622931 0.000000 0.000000 0.000000 0.191548 
0.000000 0.010560 0.111915 0.820118 0.000000 0.000000 0.000000 0.057407 
0.079199 0.011873 0.022247 0.281033 0.000000 0.519205 0.086416 0.000027 
0.000000 0.265334 0.564496 0.105261 0.000000 0.000000 0.000000 0.064909 
0.000000 0.000000 0.022276 0.000007 0.009318 0.000000 0.000000 0.968399 
0.000000 0.141669 0.082311 0.009297 0.000000 0.398064 0.362706 0.005954 
0.000000 0.451180 0.251529 0.000008 0.000000 0.158443 0.080554 0.058286 
0.000000 0.000000 0.000082 0.082419 0.012308 0.000000 0.000000 0.905191 
