-1912541.164339
0
0.000352 0.000000 0.000000 0.000000 0.000000 0.000000 0.000000 0.000477 0.007160 0.002119 0.003421 0.003163 0.000000 0.000100 0.000000 0.000000 0.001065 0.000000 0.000000 0.000002 0.000000 0.000000 0.000178 0.000000 0.000452 0.000000 0.000000 0.000175 0.000000 0.000348 0.000000 0.000000 0.015190 0.002537 0.003895 0.008407 0.000000 0.000670 0.000000 0.000365 0.000578 0.000106 0.000000 0.000253 0.000000 0.000000 0.000000 0.000000 0.000471 0.000000 0.000000 0.000000 0.000000 0.000000 0.000000 0.000000 0.005940 0.001806 0.000000 0.002644 0.000000 0.000000 0.000000 0.000000 0.000000 0.000000 0.000000 0.000000 0.000000 0.000000 0.000000 0.000000 0.015943 0.005645 0.001797 0.010762 0.039558 0.000000 0.001645 0.067169 0.426892 0.082925 0.049355 0.236434 0.000000 0.000000 0.000000 0.000000 0.000000 0.000000 0.000000 0.000000 0.000000 0.000000 0.000000 0.000000 
0.016038 0.008310 0.000000 0.009625 0.015496 0.009319 0.000000 0.011483 0.016435 0.014059 0.001081 0.019869 0.011386 0.006885 0.012453 0.012603 0.034168 0.013632 0.030894 0.031956 0.005140 0.001811 0.005945 0.004895 0.008025 0.000000 0.002822 0.008975 0.007893 0.009329 0.002906 0.011490 0.024674 0.016358 0.000001 0.020725 0.004846 0.006934 0.010125 0.011712 0.017456 0.016130 0.020228 0.023519 0.002934 0.004447 0.007462 0.015018 0.006275 0.006344 0.000000 0.010297 0.007327 0.000000 0.001048 0.007875 0.019945 0.018731 0.000000 0.024704 0.006928 0.005080 0.007115 0.006228 0.016132 0.009885 0.015224 0.017374 0.002016 0.000000 0.007213 0.004265 0.013348 0.007721 0.000000 0.015603 0.003209 0.007946 0.000000 0.007452 0.011130 0.024207 0.000000 0.011887 0.010973 0.008215 0.009449 0.012378 0.021941 0.018615 0.012588 0.021012 0.007024 0.006480 0.007516 0.013808 
0.001359 0.000004 0.000001 0.000000 0.000001 0.000000 0.000000 0.000800 0.003028 0.001141 0.000002 0.000843 0.000000 0.000009 0.000013 0.000015 0.000004 0.000016 0.000064 0.000210 0.000000 0.000000 0.000025 0.000000 0.000071 0.000000 0.000000 0.000391 0.000001 0.000000 0.000000 0.000000 0.000580 0.000219 0.000160 0.000769 0.275574 0.000002 0.000000 0.000066 0.000010 0.000011 0.000003 0.000015 0.000000 0.000001 0.000036 0.000000 0.000130 0.000004 0.000000 0.000003 0.000000 0.000002 0.058842 0.000000 0.004672 0.000020 0.000000 0.000020 0.000000 0.000000 0.000000 0.000000 0.000003 0.000011 0.000000 0.000012 0.000000 0.000000 0.000000 0.000000 0.001640 0.001837 0.000001 0.008013 0.000117 0.000002 0.000001 0.469018 0.139686 0.006499 0.000000 0.023991 0.000001 0.000000 0.000000 0.000002 0.000000 0.000001 0.000015 0.000011 0.000000 0.000000 0.000001 0.000000 
0.007280 0.027607 0.000000 0.000000 0.000000 0.000000 0.000000 0.021385 0.044556 0.002569 0.000000 0.009875 0.000000 0.000001 0.000002 0.000001 0.000001 0.000002 0.028973 0.000033 0.000000 0.005163 0.000004 0.001397 0.007245 0.000000 0.000000 0.006895 0.000000 0.000000 0.000000 0.000000 0.016723 0.000029 0.009273 0.000139 0.000001 0.000000 0.000000 0.000007 0.000001 0.023490 0.029502 0.000002 0.000000 0.000000 0.000005 0.000000 0.005591 0.000000 0.000000 0.000000 0.000000 0.000000 0.000000 0.000000 0.022648 0.000003 0.000000 0.024173 0.000000 0.000000 0.000000 0.000000 0.000000 0.015238 0.000000 0.024556 0.000000 0.000000 0.000000 0.004229 0.000185 0.002655 0.009927 0.003595 0.022353 0.000000 0.000000 0.028895 0.215216 0.116610 0.051964 0.191742 0.000000 0.000000 0.000000 0.000000 0.000000 0.000000 0.015817 0.000002 0.002435 0.000000 0.000000 0.000000 
0.025301 0.022852 0.000000 0.020502 0.032436 0.014586 0.010006 0.032610 0.018506 0.005859 0.005020 0.013795 0.006078 0.009433 0.003554 0.006156 0.000000 0.007137 0.000001 0.008969 0.000000 0.001443 0.012058 0.010606 0.021393 0.022288 0.000000 0.015552 0.023326 0.017626 0.004992 0.036472 0.007449 0.002653 0.004771 0.010646 0.010368 0.018078 0.009996 0.021150 0.001860 0.015338 0.000000 0.006369 0.001608 0.006746 0.012925 0.005666 0.006846 0.010233 0.000000 0.012069 0.015549 0.016857 0.000000 0.026153 0.015072 0.000728 0.000000 0.000000 0.002414 0.005424 0.007926 0.010612 0.000000 0.003568 0.000000 0.000000 0.006231 0.009196 0.026219 0.010173 0.006353 0.018446 0.000000 0.012762 0.025835 0.029242 0.004003 0.051965 0.008139 0.008827 0.003429 0.009059 0.005650 0.010633 0.003467 0.018730 0.000000 0.005903 0.001793 0.004318 0.005513 0.007555 0.016320 0.012606 
0.048688 0.000001 0.033326 0.000000 0.000000 0.000000 0.000000 0.049123 0.001041 0.019631 0.000001 0.015777 0.000000 0.000002 0.000003 0.020740 0.000001 0.059511 0.013369 0.038723 0.000000 0.000000 0.014779 0.000000 0.000016 0.000000 0.032088 0.061044 0.000000 0.000000 0.000000 0.000000 0.000182 0.000049 0.000033 0.000288 0.011908 0.000000 0.000000 0.023894 0.000002 0.000002 0.000001 0.000003 0.000000 0.000000 0.011468 0.000000 0.000030 0.000001 0.000000 0.000001 0.000000 0.035479 0.000000 0.000000 0.035359 0.000004 0.055107 0.000004 0.000000 0.000000 0.000000 0.000000 0.063612 0.000002 0.000000 0.038171 0.000000 0.000000 0.000000 0.000000 0.032257 0.001321 0.000000 0.094327 0.000026 0.000000 0.030711 0.005082 0.014556 0.046290 0.000000 0.029436 0.000000 0.000000 0.034726 0.000000 0.000000 0.000000 0.000003 0.000003 0.000000 0.000000 0.027796 0.000000 
0.037729 0.032757 0.019544 0.026387 0.010548 0.005770 0.002812 0.004445 0.010084 0.007655 0.002123 0.005726 0.005292 0.003191 0.009340 0.002077 0.006247 0.000000 0.006189 0.002018 0.000000 0.000000 0.000973 0.000000 0.048817 0.065128 0.008870 0.046482 0.010888 0.009922 0.006889 0.010195 0.021963 0.013504 0.005578 0.019867 0.007372 0.011431 0.036481 0.011198 0.005065 0.002553 0.009475 0.005158 0.000000 0.001204 0.004210 0.001062 0.038756 0.041959 0.023571 0.026794 0.007793 0.008385 0.007265 0.006214 0.007937 0.007924 0.000000 0.008521 0.006361 0.004975 0.013612 0.004658 0.004608 0.001223 0.003473 0.001939 0.000000 0.000000 0.001953 0.000000 0.034437 0.056269 0.010325 0.037486 0.002936 0.010474 0.002609 0.004844 0.002339 0.005743 0.000000 0.007975 0.004388 0.004991 0.007961 0.003877 0.002665 0.001089 0.002657 0.002052 0.000000 0.000000 0.002745 0.000000 
0.006729 0.000000 0.006490 0.000000 0.003621 0.000000 0.003275 0.000066 0.012951 0.007941 0.000000 0.013175 0.000000 0.000001 0.008126 0.000001 0.000000 0.007390 0.001642 0.030521 0.000000 0.000000 0.000003 0.000000 0.000005 0.000000 0.000000 0.000065 0.000000 0.000000 0.000000 0.004172 0.000059 0.009005 0.028551 0.022226 0.000001 0.000000 0.000000 0.000004 0.000001 0.000001 0.000000 0.000001 0.000585 0.001553 0.002674 0.000000 0.000008 0.000000 0.000000 0.000000 0.000000 0.000000 0.000000 0.001927 0.015778 0.000002 0.000000 0.006622 0.000000 0.003113 0.000000 0.000000 0.000000 0.000001 0.000000 0.000001 0.000000 0.000000 0.000000 0.000000 0.000600 0.024842 0.000000 0.037616 0.012281 0.000000 0.000000 0.072261 0.470359 0.049588 0.000000 0.115231 0.003081 0.000000 0.000000 0.000000 0.000000 0.007361 0.000001 0.008495 0.000000 0.000000 0.000000 0.000000 
0.010810 0.008740 0.001104 0.005946 0.000000 0.001862 0.000412 0.001138 0.031392 0.013690 0.193901 0.012300 0.003216 0.001933 0.001884 0.008345 0.011895 0.004981 0.007756 0.007013 0.001401 0.001809 0.000842 0.003083 0.006027 0.006882 0.000000 0.005903 0.000603 0.000000 0.000000 0.000000 0.019844 0.019265 0.108309 0.017063 0.000000 0.001395 0.000000 0.000808 0.002454 0.004022 0.005488 0.005472 0.000109 0.001927 0.000602 0.001674 0.008069 0.005235 0.000000 0.003036 0.000000 0.001956 0.000000 0.000000 0.025134 0.028936 0.118035 0.017488 0.000000 0.000000 0.000000 0.001615 0.010837 0.006621 0.003999 0.009530 0.000000 0.000000 0.000363 0.000535 0.011126 0.010857 0.002367 0.013932 0.001742 0.000963 0.000000 0.002101 0.014195 0.017027 0.086641 0.013309 0.005337 0.001365 0.000000 0.003043 0.007196 0.004273 0.008294 0.005872 0.000758 0.000728 0.001388 0.002796 
0.000389 0.000000 0.009289 0.000000 0.003883 0.000000 0.015163 0.016028 0.054867 0.009794 0.000000 0.000020 0.000000 0.013998 0.014402 0.012160 0.078634 0.034989 0.040212 0.030899 0.000000 0.006135 0.006764 0.000000 0.000694 0.000000 0.000000 0.003768 0.001286 0.000000 0.000000 0.000000 0.019912 0.028746 0.032803 0.018645 0.005550 0.000000 0.009347 0.005492 0.004884 0.000000 0.024710 0.010874 0.000000 0.000000 0.012390 0.000000 0.041356 0.016827 0.011328 0.010225 0.000000 0.040368 0.000000 0.000000 0.017060 0.008855 0.031371 0.000000 0.009980 0.000000 0.013609 0.000000 0.029513 0.011702 0.017781 0.007375 0.000000 0.000000 0.000000 0.000000 0.017739 0.013508 0.025930 0.029275 0.000003 0.013644 0.008466 0.001000 0.014451 0.004666 0.000000 0.010372 0.000000 0.000000 0.000000 0.005062 0.000000 0.000000 0.024643 0.006407 0.000000 0.003340 0.000000 0.027417 
0.118769 0.047780 0.000000 0.000000 0.000000 0.000000 0.621949 0.000000 0.194971 0.016530 
0.936006 0.018965 0.000000 0.015610 0.018916 0.000000 0.010484 0.000000 0.000017 0.000000 
0.000000 0.525438 0.000000 0.000000 0.346679 0.000000 0.062718 0.000000 0.040520 0.024644 
0.000000 0.043358 0.000000 0.000000 0.000000 0.012004 0.037534 0.014383 0.864953 0.027768 
0.000000 0.312040 0.000000 0.000000 0.430962 0.000000 0.051108 0.007308 0.198581 0.000000 
0.000000 0.063422 0.000000 0.000000 0.031600 0.058829 0.000053 0.000000 0.846096 0.000000 
0.000000 0.102560 0.000000 0.000000 0.000000 0.000000 0.000063 0.000000 0.887165 0.010212 
0.173578 0.619335 0.000000 0.000000 0.000000 0.000000 0.058500 0.000000 0.052512 0.096074 
0.700041 0.000193 0.000000 0.000000 0.045222 0.000000 0.069752 0.000000 0.141336 0.043455 
0.325184 0.222158 0.000000 0.000000 0.255074 0.000000 0.020878 0.000000 0.176705 0.000000 
0.000000 0.743853 0.000000 0.000000 0.045762 0.000000 0.077484 0.006140 0.079641 0.047120 
0.000000 0.669285 0.000000 0.000000 0.000000 0.000000 0.119724 0.016405 0.083687 0.110899 
0.913962 0.010941 0.000000 0.000000 0.000000 0.000000 0.000026 0.053504 0.021567 0.000000 
0.000000 0.662489 0.000000 0.000000 0.031437 0.000000 0.085433 0.000000 0.069653 0.150988 
0.000000 0.364797 0.000000 0.043332 0.495105 0.013319 0.083415 0.000000 0.000032 0.000000 
0.000000 0.693764 0.000000 0.000000 0.000000 0.000000 0.120094 0.000000 0.082074 0.104069 
0.000000 0.000159 0.000000 0.000000 0.000000 0.000000 0.932440 0.000000 0.007994 0.059407 
0.000000 0.122471 0.007579 0.000000 0.000000 0.000000 0.000049 0.000000 0.869901 0.000000 
0.000000 0.000137 0.000000 0.000000 0.000000 0.000000 0.927760 0.000000 0.008870 0.063233 
0.073541 0.712259 0.000000 0.000000 0.000000 0.000000 0.067523 0.000000 0.094794 0.051882 
0.473352 0.091729 0.000000 0.000000 0.078758 0.000000 0.044129 0.000000 0.312031 0.000000 
0.000000 0.184158 0.000000 0.000000 0.281126 0.000000 0.408874 0.067412 0.000033 0.058397 
0.000000 0.635567 0.000000 0.000000 0.063684 0.039220 0.000055 0.031138 0.197040 0.033295 
0.384360 0.142062 0.000000 0.000000 0.000000 0.000000 0.016665 0.000000 0.426692 0.030220 
0.000000 0.683242 0.000000 0.000000 0.054456 0.030358 0.030434 0.010953 0.114525 0.076033 
0.000000 0.000164 0.000000 0.000000 0.000000 0.022196 0.899661 0.045166 0.014947 0.017866 
0.000000 0.219901 0.000000 0.000000 0.000000 0.000000 0.689859 0.000000 0.028499 0.061741 
0.000000 0.399040 0.000000 0.000000 0.517546 0.000000 0.083386 0.000000 0.000027 0.000000 
0.000000 0.466082 0.000000 0.000000 0.000000 0.000000 0.086521 0.000000 0.374241 0.073155 
0.618542 0.000145 0.000000 0.000000 0.000000 0.000000 0.323794 0.000000 0.000032 0.057486 
0.000000 0.368313 0.000000 0.000000 0.489586 0.027011 0.033837 0.000000 0.081254 0.000000 
0.000000 0.726656 0.000000 0.000000 0.028028 0.000000 0.050854 0.000000 0.080023 0.114438 
0.724516 0.060293 0.000000 0.000000 0.000000 0.000000 0.000049 0.000000 0.215142 0.000000 
0.000000 0.309124 0.000000 0.000000 0.531100 0.000000 0.106939 0.000000 0.004527 0.048309 
0.000000 0.043598 0.000000 0.000000 0.000000 0.000000 0.021967 0.000000 0.895783 0.038653 
0.774998 0.035893 0.000000 0.000000 0.000000 0.000000 0.009293 0.000000 0.179816 0.000000 
0.000000 0.136365 0.000000 0.000000 0.000000 0.000000 0.000054 0.000000 0.863581 0.000000 
0.000000 0.503554 0.000000 0.000000 0.012281 0.000000 0.057255 0.000000 0.426909 0.000000 
0.000000 0.272406 0.009910 0.000000 0.517592 0.000000 0.066698 0.000000 0.133393 0.000000 
0.066486 0.000156 0.000000 0.000000 0.053675 0.000000 0.848670 0.000000 0.000030 0.030983 
0.000000 0.158980 0.000000 0.000000 0.184491 0.000000 0.175601 0.000000 0.423281 0.057647 
0.000000 0.370638 0.010483 0.000000 0.525286 0.018624 0.039799 0.000000 0.000032 0.035137 
0.000000 0.120591 0.000000 0.000000 0.000000 0.000000 0.000053 0.007609 0.836314 0.035433 
0.105932 0.598838 0.000000 0.000000 0.045572 0.035578 0.000054 0.000000 0.077572 0.136454 
0.000000 0.224825 0.000000 0.098564 0.429835 0.000000 0.060706 0.019565 0.133706 0.032798 
0.000000 0.383040 0.000000 0.000000 0.582254 0.000000 0.034687 0.000000 0.000019 0.000000 
0.000000 0.636031 0.000000 0.000000 0.030152 0.000000 0.150776 0.000000 0.072153 0.110888 
0.085135 0.312206 0.000000 0.000000 0.000000 0.000000 0.579386 0.000000 0.023273 0.000000 
0.145530 0.154912 0.000000 0.000000 0.268084 0.000000 0.326148 0.073954 0.023281 0.008091 
0.840701 0.000119 0.000000 0.025448 0.000000 0.000000 0.040361 0.093347 0.000024 0.000000 
0.935227 0.000130 0.000000 0.000000 0.000000 0.000000 0.002886 0.061733 0.000024 0.000000 
0.000000 0.183917 0.000000 0.000000 0.000000 0.000000 0.743424 0.000000 0.016843 0.055816 
0.000000 0.000165 0.000000 0.000000 0.000000 0.047344 0.735954 0.009658 0.206878 0.000000 
0.832960 0.117985 0.000000 0.000000 0.000000 0.000000 0.021714 0.000000 0.004915 0.022426 
0.000000 0.080303 0.000000 0.000000 0.019923 0.010387 0.055005 0.000000 0.834383 0.000000 
0.813796 0.055250 0.000000 0.000000 0.000000 0.000000 0.065810 0.056124 0.009019 0.000000 
0.000000 0.147499 0.000000 0.000000 0.000000 0.000000 0.022788 0.017812 0.811900 0.000000 
0.852184 0.057783 0.000000 0.000000 0.055789 0.000000 0.012561 0.000000 0.021683 0.000000 
0.105896 0.000162 0.000000 0.000000 0.041485 0.000000 0.760112 0.000000 0.000029 0.092317 
0.000000 0.567218 0.000000 0.000000 0.226837 0.000000 0.044493 0.000000 0.049845 0.111607 
0.000000 0.138000 0.000000 0.000000 0.117659 0.000000 0.725735 0.005920 0.000033 0.012653 
0.000000 0.116330 0.000000 0.000000 0.000000 0.014614 0.000048 0.000000 0.838737 0.030271 
0.000000 0.438236 0.000000 0.000000 0.447159 0.000000 0.060675 0.015297 0.014753 0.023880 
0.557440 0.242142 0.000000 0.000000 0.018273 0.000000 0.000050 0.076544 0.029722 0.075828 
0.040925 0.269200 0.000000 0.000000 0.374070 0.000000 0.113278 0.000000 0.202527 0.000000 
0.000000 0.000159 0.000000 0.000000 0.061357 0.000000 0.903659 0.000000 0.005855 0.028971 
0.000000 0.073640 0.000000 0.000000 0.000000 0.000000 0.023123 0.000000 0.886219 0.017018 
0.886302 0.000148 0.000000 0.000000 0.020736 0.000000 0.000054 0.025168 0.067592 0.000000 
0.000000 0.000143 0.000000 0.000000 0.033588 0.000000 0.946939 0.000000 0.000025 0.019304 
0.841936 0.000153 0.000000 0.000000 0.009692 0.008672 0.080456 0.059059 0.000032 0.000000 
0.146612 0.302836 0.000000 0.000000 0.380300 0.000000 0.170228 0.000000 0.000024 0.000000 
0.000000 0.547623 0.000000 0.000000 0.177587 0.000000 0.074885 0.000000 0.067808 0.132097 
0.000000 0.000153 0.010386 0.000000 0.011173 0.000000 0.908406 0.000000 0.019263 0.050620 
0.000000 0.181677 0.000000 0.000000 0.139458 0.000000 0.012077 0.000000 0.666788 0.000000 
0.000000 0.065323 0.000000 0.000000 0.000000 0.000000 0.934643 0.000000 0.000034 0.000000 
0.318631 0.124823 0.000000 0.000000 0.072196 0.000000 0.225054 0.000000 0.259296 0.000000 
0.000000 0.728145 0.008923 0.000000 0.000000 0.000000 0.093131 0.036158 0.074736 0.058907 
0.103108 0.039768 0.000000 0.000000 0.000000 0.000000 0.775816 0.037934 0.014832 0.028543 
0.000000 0.687851 0.000000 0.000000 0.052457 0.000000 0.161560 0.000000 0.055898 0.042234 
0.056976 0.045294 0.000000 0.000000 0.028555 0.000000 0.455072 0.000000 0.414103 0.000000 
0.000000 0.246614 0.000000 0.000000 0.000000 0.000000 0.075538 0.028662 0.649186 0.000000 
0.000000 0.000149 0.000000 0.000000 0.000000 0.000000 0.934358 0.023473 0.025359 0.016660 
0.000000 0.489135 0.000000 0.116945 0.000000 0.000000 0.068872 0.101270 0.169816 0.053962 
0.000000 0.455420 0.000000 0.000000 0.399383 0.000000 0.095063 0.000000 0.017834 0.032300 
0.048590 0.527984 0.000000 0.000000 0.022596 0.000000 0.025597 0.000000 0.245290 0.129942 
0.893942 0.000155 0.000000 0.033105 0.000000 0.000000 0.000043 0.072726 0.000029 0.000000 
0.000000 0.359683 0.000000 0.000000 0.534985 0.000000 0.048597 0.000000 0.056734 0.000000 
0.504029 0.331217 0.012417 0.000000 0.041958 0.017767 0.000055 0.000000 0.056939 0.035619 
0.000000 0.642550 0.000000 0.000000 0.000000 0.000000 0.173519 0.000000 0.069810 0.114121 
0.000000 0.000164 0.000000 0.000000 0.000000 0.000000 0.622054 0.000000 0.313925 0.063856 
0.000000 0.411123 0.000000 0.000000 0.325951 0.000000 0.036701 0.000000 0.193347 0.032878 
0.000000 0.254354 0.015144 0.000000 0.261832 0.000000 0.438613 0.021232 0.008825 0.000000 
0.500256 0.042826 0.000000 0.000000 0.025878 0.000000 0.000055 0.138401 0.292584 0.000000 
0.000000 0.639552 0.009084 0.128759 0.000000 0.000000 0.082048 0.000000 0.057339 0.083218 
0.000000 0.099305 0.000000 0.000000 0.000000 0.000000 0.000054 0.018327 0.871060 0.011254 
0.146024 0.632340 0.000000 0.000000 0.000000 0.000000 0.064957 0.000000 0.075177 0.081500 
0.628612 0.041083 0.000000 0.000000 0.000000 0.012015 0.000057 0.058599 0.241914 0.017720 
0.000000 0.350350 0.000000 0.000000 0.470854 0.060899 0.117867 0.000000 0.000030 0.000000 
0.000000 0.350283 0.000000 0.000000 0.530550 0.000000 0.119150 0.000000 0.000017 0.000000 
0.000000 0.081129 0.000000 0.000000 0.063333 0.000000 0.777600 0.000000 0.020459 0.057479 
0.130487 0.202188 0.000000 0.071380 0.039884 0.000000 0.528085 0.000000 0.027977 0.000000 
0.000000 0.000173 0.000000 0.000000 0.035700 0.068560 0.309343 0.000000 0.586224 0.000000 
0.000000 0.717122 0.000000 0.000000 0.099788 0.000000 0.045269 0.000000 0.054642 0.083179 
0.953943 0.021465 0.003712 0.000000 0.000000 0.000000 0.020862 0.000000 0.000017 0.000000 
0.000000 0.061237 0.000000 0.000000 0.015698 0.000000 0.041028 0.000000 0.857364 0.024674 
0.219220 0.060774 0.000000 0.000000 0.000000 0.000000 0.023681 0.000000 0.696325 0.000000 
0.000000 0.736811 0.000000 0.000000 0.000000 0.000000 0.063033 0.000000 0.063343 0.136813 
0.000000 0.758432 0.000000 0.000000 0.000000 0.000000 0.056172 0.032636 0.078852 0.073908 
0.000000 0.027564 0.000000 0.009802 0.000000 0.012313 0.904555 0.000000 0.000025 0.045741 
0.000000 0.107599 0.000000 0.000000 0.019365 0.000000 0.819278 0.000000 0.019189 0.034569 
0.152369 0.473243 0.000000 0.000000 0.000000 0.000000 0.157584 0.000000 0.070425 0.146379 
0.877018 0.054683 0.000000 0.000000 0.000000 0.000000 0.031462 0.000000 0.019560 0.017277 
0.000000 0.527746 0.000000 0.000000 0.096552 0.000000 0.206390 0.000000 0.053876 0.115436 
0.425485 0.093575 0.000000 0.000000 0.099705 0.000000 0.000047 0.000000 0.381188 0.000000 
0.000000 0.473813 0.000000 0.000000 0.000000 0.000000 0.412989 0.000000 0.072366 0.040831 
0.000000 0.056456 0.000000 0.000000 0.044458 0.000000 0.000053 0.000000 0.899032 0.000000 
0.000000 0.428537 0.000000 0.000000 0.537641 0.000000 0.033791 0.000000 0.000031 0.000000 
0.854027 0.013713 0.000000 0.048550 0.000000 0.000000 0.015363 0.053095 0.015253 0.000000 
0.000000 0.450548 0.000000 0.000000 0.454687 0.000000 0.038052 0.000000 0.013502 0.043210 
0.000000 0.212028 0.000000 0.000000 0.000000 0.000000 0.008802 0.015698 0.734052 0.029420 
0.000000 0.772934 0.000000 0.030555 0.000000 0.000000 0.064869 0.000000 0.070319 0.061322 
0.794970 0.010314 0.000000 0.000000 0.000000 0.000000 0.119305 0.075383 0.000028 0.000000 
0.000000 0.440622 0.000000 0.000000 0.458941 0.033670 0.035896 0.000000 0.008703 0.022169 
0.310209 0.081727 0.000000 0.000000 0.023453 0.000000 0.000054 0.000000 0.584557 0.000000 
0.000000 0.325534 0.000000 0.000000 0.495464 0.026199 0.082406 0.000000 0.070396 0.000000 
0.000000 0.127110 0.000000 0.000000 0.021818 0.000000 0.000058 0.000000 0.836560 0.014454 
0.000000 0.328734 0.005967 0.000000 0.551491 0.000000 0.106118 0.000000 0.007689 0.000000 
0.821787 0.035060 0.000000 0.000000 0.000000 0.000000 0.143121 0.000000 0.000031 0.000000 
0.000000 0.670504 0.000000 0.000000 0.017287 0.000000 0.078293 0.000000 0.141054 0.092864 
0.000000 0.033412 0.000000 0.000000 0.000000 0.000000 0.026479 0.000000 0.877954 0.062154 
0.000000 0.390467 0.000000 0.000000 0.512338 0.000000 0.067960 0.000000 0.008170 0.021066 
0.805748 0.031830 0.000000 0.000000 0.078401 0.000000 0.000061 0.074540 0.009420 0.000000 
0.000000 0.348859 0.000000 0.000000 0.000000 0.000000 0.528334 0.007782 0.043964 0.071061 
0.000000 0.293557 0.000000 0.143945 0.000000 0.000000 0.388809 0.000000 0.040814 0.132875 
0.626523 0.057853 0.000000 0.000000 0.000000 0.000000 0.307938 0.000000 0.007686 0.000000 
0.301684 0.047595 0.000000 0.053070 0.000000 0.000000 0.054240 0.000000 0.515294 0.028117 
0.531818 0.000178 0.000000 0.027419 0.032364 0.000000 0.000042 0.000000 0.408178 0.000000 
0.000000 0.088159 0.000000 0.000000 0.000000 0.000000 0.845957 0.000000 0.052668 0.013216 
0.000000 0.078856 0.006318 0.000000 0.000000 0.000000 0.047864 0.000000 0.866961 0.000000 
0.440310 0.300238 0.005949 0.000000 0.000000 0.000000 0.158712 0.000000 0.027263 0.067528 
0.000000 0.254344 0.000000 0.134959 0.436022 0.000000 0.064512 0.110130 0.000033 0.000000 
0.000000 0.102788 0.000000 0.000000 0.000000 0.000000 0.809537 0.000000 0.087674 0.000000 
0.000000 0.000174 0.004391 0.000000 0.000000 0.000000 0.971377 0.000000 0.000026 0.024032 
0.000000 0.333772 0.006375 0.000000 0.396343 0.000000 0.066588 0.057853 0.139069 0.000000 
0.285615 0.387874 0.000000 0.000000 0.010823 0.000000 0.234073 0.000000 0.020052 0.061563 
0.000000 0.366017 0.000000 0.000000 0.569745 0.012652 0.042537 0.000000 0.009048 0.000000 
0.000000 0.274758 0.000000 0.000000 0.345377 0.000000 0.032421 0.032809 0.314635 0.000000 
0.000000 0.358311 0.000000 0.000000 0.467867 0.000000 0.121557 0.000000 0.052264 0.000000 
0.000000 0.000144 0.000000 0.000000 0.000000 0.000000 0.932939 0.000000 0.000030 0.066887 
0.000000 0.030696 0.000000 0.000000 0.000000 0.000000 0.753996 0.000000 0.188031 0.027276 
0.000000 0.139176 0.000000 0.000000 0.006396 0.000000 0.000048 0.000000 0.812175 0.042206 
0.000000 0.046881 0.000000 0.000000 0.000000 0.000000 0.823731 0.000000 0.011074 0.118314 
0.000000 0.033240 0.000000 0.000000 0.024543 0.000000 0.038191 0.000000 0.897410 0.006616 
0.000000 0.052055 0.000000 0.046077 0.000000 0.000000 0.216553 0.026319 0.658996 0.000000 
0.000000 0.027883 0.003100 0.000000 0.000000 0.000000 0.848011 0.000000 0.075581 0.045424 
0.000000 0.000149 0.000000 0.000000 0.000000 0.000000 0.878800 0.000000 0.052601 0.068451 
0.000000 0.371101 0.000000 0.091673 0.375728 0.000000 0.080677 0.043676 0.000032 0.037113 
0.000000 0.703630 0.000000 0.000000 0.075471 0.000000 0.000055 0.000000 0.068912 0.151933 
0.495454 0.271560 0.000000 0.000000 0.000000 0.000000 0.040633 0.100993 0.057921 0.033439 
0.000000 0.074640 0.000000 0.000000 0.000000 0.051051 0.191394 0.000000 0.682914 0.000000 
0.000000 0.068191 0.000000 0.000000 0.041360 0.000000 0.000055 0.000000 0.890395 0.000000 
0.000000 0.323751 0.000000 0.000000 0.550040 0.000000 0.070766 0.017052 0.000033 0.038358 
0.000000 0.230824 0.000000 0.000000 0.213249 0.000000 0.018243 0.000000 0.513877 0.023807 
0.967475 0.027686 0.000000 0.000000 0.000000 0.000000 0.000044 0.000000 0.004794 0.000000 
0.000000 0.732902 0.000000 0.000000 0.000000 0.000000 0.072875 0.000000 0.069697 0.124526 
0.000000 0.080953 0.000000 0.000000 0.077273 0.000000 0.787902 0.000000 0.000030 0.053842 
0.000000 0.647580 0.000000 0.029544 0.046016 0.000000 0.047215 0.000000 0.096575 0.133070 
0.000000 0.069113 0.000000 0.000000 0.000000 0.000000 0.026193 0.000000 0.904693 0.000000 
0.291082 0.066018 0.000000 0.000000 0.000000 0.000000 0.465541 0.000000 0.177358 0.000000 
0.000000 0.730000 0.000000 0.000000 0.032040 0.027043 0.055315 0.000000 0.082314 0.073287 
0.109798 0.119297 0.000000 0.000000 0.000000 0.000000 0.012445 0.000000 0.758461 0.000000 
0.000000 0.625091 0.000000 0.000000 0.107930 0.000000 0.082286 0.000000 0.094134 0.090559 
0.000000 0.233402 0.000000 0.000000 0.225802 0.037823 0.498373 0.000000 0.004600 0.000000 
0.000000 0.195993 0.000000 0.000000 0.000000 0.000000 0.713493 0.000000 0.050414 0.040100 
0.000000 0.000186 0.000000 0.000000 0.000000 0.000000 0.924744 0.013443 0.014113 0.047514 
0.000000 0.110437 0.000000 0.000000 0.000000 0.022117 0.019512 0.015519 0.832415 0.000000 
0.000000 0.206490 0.000000 0.000000 0.022428 0.000000 0.000055 0.000000 0.668041 0.102986 
0.000000 0.077131 0.000000 0.024907 0.000000 0.000000 0.216255 0.000000 0.681707 0.000000 
0.420353 0.370656 0.000000 0.000000 0.106174 0.000000 0.062903 0.000000 0.039913 0.000000 
0.000000 0.766191 0.000000 0.000000 0.000000 0.000000 0.046516 0.000000 0.085621 0.101673 
0.000000 0.043685 0.000000 0.000000 0.038845 0.000000 0.803316 0.049125 0.017825 0.047204 
0.000000 0.778742 0.000000 0.000000 0.025901 0.000000 0.060375 0.000000 0.061779 0.073202 
0.000000 0.398931 0.000000 0.000000 0.490570 0.000000 0.083991 0.026486 0.000022 0.000000 
0.000000 0.047669 0.000000 0.000000 0.000000 0.000000 0.928440 0.013840 0.010051 0.000000 
0.000000 0.000198 0.000000 0.089751 0.012347 0.000000 0.113850 0.060447 0.723406 0.000000 
0.000000 0.057877 0.000000 0.000000 0.000000 0.000000 0.907184 0.000000 0.014518 0.020421 
0.000000 0.533930 0.000000 0.000000 0.000000 0.000000 0.075477 0.000000 0.305684 0.084908 
0.613981 0.034497 0.000000 0.000000 0.000000 0.000000 0.011764 0.000000 0.332161 0.007597 
0.000000 0.405451 0.000000 0.000000 0.483443 0.000000 0.071644 0.000000 0.039462 0.000000 
0.513039 0.354893 0.000000 0.000000 0.000000 0.000000 0.000064 0.000000 0.055542 0.076461 
0.126787 0.637329 0.000000 0.000000 0.000000 0.000000 0.083118 0.000000 0.059955 0.092810 
0.965803 0.000078 0.000000 0.016640 0.000000 0.000000 0.003275 0.014181 0.000023 0.000000 
0.404222 0.240253 0.010640 0.000000 0.307705 0.037099 0.000055 0.000000 0.000025 0.000000 
0.000000 0.000116 0.000000 0.000000 0.000000 0.000000 0.926536 0.000000 0.000029 0.073319 
0.032969 0.359558 0.000000 0.000000 0.536932 0.000000 0.019817 0.000000 0.000030 0.050694 
0.000000 0.041377 0.000000 0.011575 0.000000 0.000000 0.927369 0.000000 0.000039 0.019640 
0.000000 0.585187 0.000000 0.000000 0.056347 0.000000 0.039046 0.000000 0.195652 0.123767 
0.788556 0.166969 0.000000 0.000000 0.000000 0.020986 0.015418 0.000000 0.008070 0.000000 
0.922249 0.000268 0.000000 0.000000 0.000000 0.000000 0.012324 0.058006 0.007153 0.000000 
0.000000 0.738044 0.000000 0.000000 0.000000 0.000000 0.071340 0.000000 0.097989 0.092628 
0.000000 0.158889 0.000000 0.000000 0.000000 0.000000 0.000055 0.000000 0.841056 0.000000 
0.000000 0.097478 0.000000 0.000000 0.000000 0.000000 0.015325 0.000000 0.849636 0.037560 
0.000000 0.342905 0.000000 0.067142 0.485271 0.000000 0.099066 0.000000 0.005616 0.000000 
0.302646 0.553112 0.000000 0.000000 0.000000 0.025304 0.033495 0.000000 0.049509 0.035934 
0.000000 0.153446 0.000000 0.000000 0.150303 0.000000 0.038736 0.000000 0.657514 0.000000 
0.000000 0.276861 0.000000 0.000000 0.360030 0.000000 0.102919 0.012207 0.247983 0.000000 
0.000000 0.703218 0.000000 0.000000 0.094920 0.000000 0.110965 0.000000 0.090896 0.000000 
0.000000 0.694213 0.014767 0.000000 0.000000 0.000000 0.111784 0.000000 0.056164 0.123073 
0.777228 0.014583 0.000000 0.000000 0.089199 0.000000 0.026343 0.092628 0.000019 0.000000 
0.000000 0.614197 0.000000 0.000000 0.092536 0.000000 0.061565 0.000000 0.168997 0.062705 
0.000000 0.420365 0.000000 0.000000 0.462947 0.000000 0.070496 0.000000 0.018635 0.027556 
0.000000 0.056804 0.000000 0.000000 0.134176 0.000000 0.033348 0.000000 0.721615 0.054056 
0.000000 0.676769 0.006359 0.000000 0.038811 0.000000 0.107955 0.000000 0.096846 0.073259 
0.000000 0.565170 0.007204 0.000000 0.021118 0.000000 0.252001 0.000000 0.062692 0.091816 
0.000000 0.571017 0.000000 0.000000 0.000000 0.000000 0.241912 0.000000 0.055139 0.131932 
0.690218 0.049045 0.000000 0.000000 0.000000 0.000000 0.008901 0.000000 0.251835 0.000000 
0.000000 0.630405 0.009266 0.083923 0.000000 0.000000 0.029727 0.000000 0.154291 0.092388 
0.742056 0.094368 0.000000 0.000000 0.008715 0.000000 0.102246 0.000000 0.014639 0.037976 
0.000000 0.000190 0.000000 0.000000 0.000000 0.000000 0.947074 0.000000 0.000028 0.052708 
0.000000 0.320745 0.009591 0.000000 0.000000 0.000000 0.025450 0.000000 0.596662 0.047552 
0.000000 0.750080 0.000000 0.015241 0.016892 0.000000 0.084981 0.000000 0.073906 0.058899 
0.683309 0.000144 0.000000 0.000000 0.000000 0.000000 0.017387 0.112476 0.186684 0.000000 
0.534635 0.122306 0.000000 0.019583 0.198556 0.000000 0.036634 0.088268 0.000018 0.000000 
0.000000 0.650682 0.000000 0.000000 0.018443 0.036381 0.085658 0.000000 0.086343 0.122492 
0.000000 0.148781 0.000000 0.000000 0.000000 0.000000 0.789241 0.024419 0.017178 0.020381 
0.000000 0.663626 0.000000 0.000000 0.000000 0.000000 0.064621 0.012445 0.063109 0.196198 
0.000000 0.000171 0.000000 0.000000 0.033836 0.000000 0.852864 0.000000 0.074364 0.038764 
0.000000 0.679372 0.000000 0.000000 0.056866 0.000000 0.070010 0.000000 0.103211 0.090541 
0.000000 0.261651 0.000000 0.000000 0.467846 0.000000 0.188263 0.017524 0.000024 0.064691 
0.000000 0.000184 0.000000 0.000000 0.028774 0.054376 0.000057 0.000000 0.863674 0.052936 
0.000000 0.050764 0.013683 0.000000 0.072944 0.000000 0.827526 0.000000 0.010964 0.024119 
0.581979 0.315063 0.006200 0.000000 0.022093 0.000000 0.032009 0.000000 0.000032 0.042624 
0.000000 0.114397 0.000000 0.000000 0.008956 0.000000 0.036247 0.000000 0.840400 0.000000 
0.000000 0.341807 0.000000 0.000000 0.538118 0.000000 0.104893 0.000000 0.000031 0.015151 
0.000000 0.681812 0.000000 0.000000 0.000000 0.016755 0.045832 0.000000 0.117523 0.138077 
0.971037 0.021285 0.000000 0.000000 0.000000 0.000000 0.004394 0.000000 0.003284 0.000000 
0.434273 0.192973 0.000000 0.000000 0.000000 0.000000 0.262655 0.000000 0.046495 0.063604 
0.670797 0.163427 0.000000 0.000000 0.000000 0.009716 0.103576 0.000000 0.019961 0.032523 
0.744138 0.024082 0.000000 0.000000 0.000000 0.000000 0.110706 0.065422 0.055651 0.000000 
0.000000 0.089329 0.006570 0.000000 0.000000 0.000000 0.031592 0.000000 0.872508 0.000000 
0.000000 0.753598 0.000000 0.000000 0.000000 0.000000 0.094096 0.000000 0.093973 0.058332 
0.000000 0.072643 0.000000 0.000000 0.015560 0.000000 0.033212 0.000000 0.878585 0.000000 
0.797304 0.061074 0.000000 0.000000 0.000000 0.000000 0.000047 0.011273 0.130301 0.000000 
0.765752 0.115533 0.000000 0.024836 0.000000 0.000000 0.015338 0.059152 0.019389 0.000000 
0.179283 0.046915 0.010097 0.000000 0.000000 0.000000 0.385302 0.000000 0.378403 0.000000 
0.229762 0.044102 0.000000 0.000000 0.000000 0.000000 0.043737 0.000000 0.649913 0.032485 
0.000000 0.398569 0.000000 0.000000 0.533528 0.000000 0.060770 0.000000 0.000055 0.007077 
0.328918 0.009224 0.000000 0.000000 0.029524 0.024760 0.607540 0.000000 0.000034 0.000000 
0.000000 0.000156 0.000000 0.000000 0.000000 0.000000 0.950230 0.000000 0.016221 0.033393 
0.152060 0.069032 0.010071 0.000000 0.000000 0.016203 0.029630 0.000000 0.723003 0.000000 
0.000000 0.066423 0.000000 0.000000 0.023073 0.046144 0.215239 0.000000 0.649121 0.000000 
0.851760 0.018188 0.000000 0.000000 0.035197 0.000000 0.091833 0.000000 0.003023 0.000000 
0.923827 0.064518 0.000000 0.000000 0.000000 0.000000 0.011635 0.000000 0.000020 0.000000 
0.000000 0.480013 0.000000 0.000000 0.431270 0.000000 0.000054 0.000000 0.032275 0.056388 
0.947652 0.000199 0.000000 0.018521 0.000000 0.000000 0.008348 0.025258 0.000021 0.000000 
0.000000 0.191725 0.000000 0.000000 0.327313 0.038032 0.442904 0.000000 0.000026 0.000000 
0.000000 0.711542 0.000000 0.000000 0.000000 0.000000 0.037121 0.000000 0.087107 0.164230 
0.000000 0.727013 0.000000 0.000000 0.011004 0.000000 0.065061 0.000000 0.121290 0.075632 
0.000000 0.778733 0.000000 0.000000 0.042513 0.030832 0.066851 0.000000 0.061868 0.019202 
0.000000 0.466230 0.000000 0.000000 0.147658 0.000000 0.328265 0.000000 0.057847 0.000000 
0.000000 0.414438 0.000000 0.000000 0.472879 0.000000 0.099765 0.000000 0.012918 0.000000 
0.000000 0.434906 0.000000 0.000000 0.488452 0.000000 0.059637 0.000000 0.017004 0.000000 
0.749085 0.032511 0.000000 0.000000 0.000000 0.000000 0.000056 0.038406 0.179942 0.000000 
0.000000 0.410041 0.000000 0.000000 0.505374 0.000000 0.048440 0.000000 0.000033 0.036113 
0.000000 0.059490 0.000000 0.000000 0.030274 0.000000 0.027766 0.000000 0.882469 0.000000 
0.775923 0.015269 0.000000 0.000000 0.000000 0.000000 0.085080 0.123707 0.000021 0.000000 
0.000000 0.240746 0.000000 0.000000 0.223844 0.000000 0.029168 0.000000 0.506243 0.000000 
0.000000 0.118439 0.000000 0.000000 0.043020 0.000000 0.824069 0.000000 0.014471 0.000000 
0.000000 0.096887 0.000000 0.000000 0.040500 0.000000 0.103582 0.000000 0.759031 0.000000 
0.107443 0.092378 0.000000 0.000000 0.096335 0.000000 0.046708 0.000000 0.657135 0.000000 
0.424072 0.388498 0.000000 0.000000 0.024225 0.000000 0.032103 0.000000 0.044516 0.086586 
0.379337 0.000218 0.000000 0.000000 0.012664 0.000000 0.513676 0.070958 0.000036 0.023112 
0.000000 0.685250 0.000000 0.000000 0.000000 0.000000 0.100157 0.000000 0.076541 0.138052 
0.000000 0.308685 0.000000 0.000000 0.551817 0.000000 0.094273 0.000000 0.000027 0.045197 
0.000000 0.742911 0.000000 0.000000 0.000000 0.000000 0.066959 0.000000 0.071734 0.118396 
0.874585 0.012158 0.000000 0.000000 0.007589 0.000000 0.008838 0.055888 0.040942 0.000000 
0.000000 0.306829 0.000000 0.000000 0.387776 0.000000 0.245050 0.000000 0.060344 0.000000 
0.950792 0.008480 0.000000 0.000000 0.000000 0.000000 0.002877 0.030388 0.007463 0.000000 
0.092017 0.645460 0.000000 0.000000 0.009808 0.000000 0.067205 0.000000 0.073840 0.111669 
0.462665 0.218177 0.000000 0.000000 0.270701 0.000000 0.039811 0.000000 0.008645 0.000000 
0.000000 0.136227 0.000000 0.013684 0.031211 0.000000 0.663522 0.000000 0.123191 0.032165 
0.570129 0.153049 0.000000 0.000000 0.222588 0.000000 0.037547 0.000000 0.016687 0.000000 
0.000000 0.526745 0.000000 0.045436 0.253118 0.000000 0.015262 0.019902 0.067206 0.072332 
0.000000 0.000195 0.000000 0.000000 0.022472 0.019240 0.019819 0.021446 0.885478 0.031349 
0.000000 0.045327 0.000000 0.000000 0.000000 0.000000 0.896364 0.009127 0.024319 0.024863 
0.000000 0.107321 0.000000 0.027368 0.000000 0.000000 0.000047 0.000000 0.842113 0.023152 
0.000000 0.000144 0.000000 0.000000 0.000000 0.022370 0.965776 0.000000 0.011709 0.000000 
0.000000 0.075686 0.000000 0.000000 0.000000 0.000000 0.834314 0.000000 0.046943 0.043058 
0.859284 0.022412 0.000000 0.000000 0.000000 0.000000 0.109596 0.000000 0.008707 0.000000 
0.000000 0.079017 0.000000 0.000000 0.000000 0.000000 0.048207 0.000000 0.872776 0.000000 
0.000000 0.107278 0.000000 0.031960 0.000000 0.000000 0.018475 0.000000 0.842287 0.000000 
0.328082 0.134944 0.000000 0.000000 0.000000 0.000000 0.000059 0.000000 0.524808 0.012106 
0.963109 0.001668 0.000000 0.000000 0.002814 0.000000 0.000031 0.026013 0.006363 0.000000 
0.000000 0.607735 0.000000 0.000000 0.000000 0.000000 0.080199 0.000000 0.245249 0.066818 
0.934818 0.017691 0.000000 0.000000 0.000000 0.000000 0.011161 0.036299 0.000031 0.000000 
0.000000 0.149119 0.000000 0.000000 0.202630 0.000000 0.569372 0.005825 0.016832 0.056222 
0.000000 0.084574 0.000000 0.000000 0.000000 0.000000 0.822544 0.000000 0.032430 0.060452 
0.344069 0.477619 0.000000 0.097951 0.000000 0.000000 0.009322 0.000000 0.049180 0.021860 
0.455469 0.254392 0.000000 0.000000 0.046745 0.000000 0.217290 0.000000 0.026103 0.000000 
0.548559 0.257173 0.000000 0.000000 0.000000 0.000000 0.165803 0.000000 0.028465 0.000000 
0.000000 0.126706 0.000000 0.000000 0.247274 0.000000 0.626000 0.000000 0.000021 0.000000 
0.568522 0.032590 0.000000 0.000000 0.000000 0.000000 0.025434 0.000000 0.331980 0.041473 
0.000000 0.165712 0.000000 0.000000 0.000000 0.000000 0.022615 0.059364 0.739021 0.013288 
0.000000 0.091005 0.000000 0.000000 0.000000 0.000000 0.029351 0.000000 0.879644 0.000000 
0.000000 0.613116 0.000000 0.078237 0.000000 0.021728 0.053211 0.034109 0.076308 0.123290 
0.000000 0.023264 0.000000 0.000000 0.000000 0.000000 0.923546 0.000000 0.000027 0.053162 
0.245542 0.384962 0.000000 0.000000 0.218998 0.000000 0.082118 0.000000 0.068380 0.000000 
0.000000 0.075332 0.006829 0.038019 0.000000 0.000000 0.035455 0.000000 0.844365 0.000000 
0.000000 0.768013 0.000000 0.000000 0.000000 0.000000 0.031829 0.000000 0.086363 0.113795 
0.000000 0.551344 0.000000 0.000000 0.013537 0.019083 0.250238 0.000000 0.052437 0.113362 
0.000000 0.429534 0.000000 0.000000 0.000000 0.000000 0.000057 0.000000 0.495077 0.075333 
0.000000 0.059044 0.000000 0.000000 0.000000 0.000000 0.394945 0.000000 0.487827 0.058184 
0.000000 0.071671 0.000000 0.000000 0.000000 0.013839 0.021029 0.028314 0.857754 0.007394 
0.000000 0.050669 0.000000 0.000000 0.000000 0.000000 0.734670 0.000000 0.160344 0.054317 
0.000000 0.108067 0.000000 0.000000 0.076431 0.000000 0.796904 0.000000 0.018597 0.000000 
0.441704 0.038580 0.000000 0.000000 0.000000 0.000000 0.337947 0.000000 0.181769 0.000000 
0.861961 0.086813 0.000000 0.000000 0.000000 0.012945 0.003545 0.025645 0.009090 0.000000 
0.000000 0.129592 0.000000 0.000000 0.000000 0.000000 0.824866 0.000000 0.000030 0.045512 
0.000000 0.057845 0.000000 0.015573 0.000000 0.000000 0.068848 0.000000 0.838639 0.019095 
0.000000 0.024337 0.000000 0.000000 0.013766 0.026028 0.883848 0.000000 0.052021 0.000000 
0.000000 0.203913 0.000000 0.000000 0.087611 0.000000 0.099968 0.000000 0.608508 0.000000 
0.000000 0.745788 0.000000 0.000000 0.000000 0.000000 0.062637 0.000000 0.180271 0.011303 
0.266775 0.548516 0.000000 0.071450 0.000000 0.000000 0.031600 0.000000 0.064319 0.017340 
0.897017 0.060673 0.000000 0.000000 0.000000 0.000000 0.000039 0.000000 0.036191 0.006081 
0.860035 0.000116 0.000000 0.019761 0.000000 0.000000 0.004529 0.115539 0.000019 0.000000 
0.808602 0.114907 0.000000 0.035719 0.000000 0.000000 0.016937 0.000000 0.000028 0.023807 
0.390572 0.404188 0.000000 0.000000 0.078609 0.032305 0.036229 0.000000 0.051649 0.006449 
0.000000 0.736946 0.000000 0.000000 0.000000 0.000000 0.079751 0.000000 0.067164 0.116138 
0.000000 0.524032 0.000000 0.000000 0.000000 0.000000 0.062672 0.000000 0.365957 0.047340 
0.856594 0.044119 0.000000 0.000000 0.028371 0.000000 0.005518 0.060840 0.004557 0.000000 
0.000000 0.459078 0.000000 0.100395 0.171109 0.000000 0.119432 0.062773 0.087212 0.000000 
0.000000 0.539818 0.000000 0.000000 0.178873 0.000000 0.147741 0.000000 0.045287 0.088281 
0.026101 0.000146 0.000000 0.070815 0.000000 0.000000 0.857361 0.000000 0.000027 0.045551 
0.869756 0.000185 0.000000 0.000000 0.000000 0.000000 0.003266 0.098090 0.028703 0.000000 
0.949999 0.003399 0.004505 0.000000 0.000000 0.000000 0.000069 0.010398 0.031629 0.000000 
0.000000 0.700104 0.000000 0.000000 0.010529 0.000000 0.073851 0.000000 0.052904 0.162612 
0.924879 0.035156 0.000000 0.027203 0.000000 0.000000 0.000036 0.000000 0.012726 0.000000 
0.000000 0.399501 0.000000 0.000000 0.455449 0.000000 0.041084 0.084624 0.019342 0.000000 
0.000000 0.711254 0.000000 0.000000 0.000000 0.000000 0.076587 0.000000 0.080563 0.131596 
0.297962 0.094440 0.000000 0.000000 0.021773 0.000000 0.045284 0.000000 0.540541 0.000000 
0.939838 0.000087 0.000000 0.011176 0.000000 0.000000 0.000021 0.048850 0.000028 0.000000 
0.000000 0.441348 0.000000 0.000000 0.436154 0.000000 0.091557 0.000000 0.030941 0.000000 
0.000000 0.704334 0.013816 0.000000 0.037686 0.000000 0.041304 0.040271 0.077231 0.085359 
0.288356 0.000223 0.000000 0.000000 0.034131 0.000000 0.019866 0.065115 0.575062 0.017247 
