-1914198.348560
0
0.030870 0.025582 0.000000 0.029072 0.032763 0.012430 0.010748 0.031466 0.018471 0.000000 0.000000 0.013163 0.002337 0.006938 0.000000 0.002631 0.000000 0.008256 0.000000 0.005247 0.004484 0.003701 0.017948 0.010702 0.023591 0.030495 0.000000 0.027147 0.024659 0.018170 0.008851 0.039924 0.000000 0.008076 0.006374 0.007133 0.010101 0.018702 0.008089 0.022074 0.000000 0.012992 0.000000 0.000000 0.004278 0.006033 0.012286 0.000000 0.000000 0.016562 0.000000 0.016673 0.014849 0.013951 0.000000 0.027031 0.006584 0.000000 0.000000 0.000000 0.000000 0.004542 0.000000 0.010132 0.000000 0.003103 0.000000 0.000000 0.008916 0.011336 0.028913 0.010614 0.010891 0.021409 0.000000 0.018205 0.033549 0.027514 0.003450 0.059796 0.008259 0.006093 0.000000 0.001879 0.007337 0.009288 0.000000 0.016641 0.000000 0.001250 0.000000 0.007343 0.005997 0.005601 0.016149 0.010359 
0.003445 0.003827 0.000000 0.000000 0.000000 0.000000 0.003863 0.000000 0.004414 0.000000 0.051629 0.012116 0.000000 0.001441 0.000000 0.000000 0.000000 0.000000 0.007449 0.011960 0.000000 0.000000 0.003467 0.000000 0.003983 0.000000 0.000000 0.005993 0.000000 0.000000 0.000000 0.000000 0.000000 0.000000 0.000000 0.004444 0.000000 0.000000 0.000000 0.000000 0.000000 0.000000 0.003179 0.000000 0.000000 0.000000 0.000000 0.000000 0.000000 0.000000 0.000000 0.000000 0.000000 0.000000 0.000000 0.000000 0.011834 0.000000 0.000000 0.014245 0.000000 0.000000 0.000000 0.000000 0.000000 0.000000 0.000000 0.000000 0.000000 0.000000 0.000000 0.000000 0.000000 0.029623 0.000000 0.040102 0.030563 0.000000 0.000000 0.037365 0.416050 0.043348 0.095953 0.156372 0.003336 0.000000 0.000000 0.000000 0.000000 0.000000 0.000000 0.000000 0.000000 0.000000 0.000000 0.000000 
0.000535 0.000000 0.000170 0.000000 0.000000 0.000000 0.000000 0.000494 0.007660 0.002388 0.000000 0.003281 0.000000 0.000000 0.000392 0.000000 0.001092 0.000334 0.000000 0.001063 0.000000 0.000000 0.000000 0.000000 0.000293 0.000000 0.000000 0.000000 0.000000 0.000350 0.000000 0.000000 0.014969 0.002903 0.004575 0.008978 0.000000 0.000678 0.000000 0.000336 0.000576 0.000248 0.000236 0.000260 0.000191 0.000000 0.000000 0.000000 0.000446 0.000000 0.000000 0.000000 0.000000 0.000000 0.000000 0.000174 0.006027 0.001743 0.000000 0.002549 0.000000 0.000091 0.000000 0.000000 0.000000 0.000000 0.000000 0.000000 0.000000 0.000000 0.000000 0.000000 0.015814 0.005376 0.001755 0.010751 0.038867 0.000000 0.001628 0.068712 0.428743 0.083729 0.045656 0.234966 0.000000 0.000000 0.000000 0.000000 0.000000 0.000356 0.000218 0.000395 0.000000 0.000000 0.000000 0.000000 
0.000000 0.034477 0.000000 0.097534 0.013949 0.013982 0.000000 0.000000 0.000000 0.000000 0.000000 0.000003 0.000000 0.000000 0.000000 0.000000 0.000000 0.000000 0.000000 0.000000 0.000000 0.000000 0.038819 0.000000 0.018408 0.121411 0.000000 0.056597 0.062821 0.000000 0.038388 0.000000 0.000000 0.000000 0.000000 0.000000 0.000000 0.000000 0.032807 0.000000 0.000000 0.000000 0.000000 0.107685 0.000000 0.000000 0.000000 0.000000 0.000000 0.000000 0.000000 0.069803 0.011674 0.000000 0.000000 0.000000 0.000001 0.000000 0.000000 0.000000 0.000000 0.003261 0.042432 0.000000 0.042853 0.000000 0.000000 0.035007 0.000000 0.000000 0.000000 0.000000 0.000000 0.066152 0.000000 0.000002 0.000000 0.004894 0.000000 0.013427 0.000001 0.000002 0.000000 0.000001 0.028476 0.000000 0.000000 0.008289 0.036841 0.000000 0.000000 0.000000 0.000000 0.000000 0.000000 0.000000 
0.000001 0.000001 0.000000 0.000000 0.085122 0.000000 0.000000 0.000000 0.000001 0.000000 0.000000 0.000011 0.000000 0.000000 0.046820 0.000000 0.000000 0.037238 0.000000 0.000002 0.000000 0.000000 0.000000 0.000000 0.000001 0.000000 0.000000 0.000004 0.000000 0.000000 0.298842 0.000000 0.000000 0.000000 0.000000 0.000001 0.000000 0.000000 0.000000 0.000000 0.000000 0.000000 0.156919 0.082574 0.000000 0.000000 0.000000 0.000000 0.000000 0.000000 0.000000 0.000000 0.000000 0.000000 0.087003 0.000000 0.000004 0.000000 0.000000 0.000000 0.000000 0.055719 0.000000 0.000000 0.000000 0.000000 0.000000 0.000000 0.000000 0.000000 0.000000 0.000000 0.000000 0.000028 0.000000 0.000009 0.000000 0.000000 0.000000 0.000004 0.000002 0.000008 0.000000 0.000007 0.000000 0.000000 0.000000 0.000000 0.052848 0.000000 0.000000 0.096829 0.000000 0.000000 0.000000 0.000000 
0.000001 0.000001 0.000000 0.000000 0.000000 0.000000 0.000000 0.000000 0.000001 0.000000 0.000000 0.000010 0.000000 0.000000 0.000000 0.000000 0.000000 0.000000 0.000000 0.000002 0.126809 0.000000 0.284398 0.000000 0.000000 0.000000 0.000000 0.000003 0.000000 0.000000 0.000000 0.000000 0.000000 0.000000 0.000000 0.000001 0.000000 0.000000 0.000000 0.000000 0.000000 0.000000 0.000001 0.000000 0.260295 0.000000 0.000000 0.000000 0.000000 0.000000 0.000000 0.000000 0.000000 0.000000 0.000000 0.000000 0.000003 0.000000 0.000000 0.000000 0.000000 0.000000 0.000000 0.000000 0.000000 0.000000 0.000000 0.000000 0.192634 0.000000 0.000000 0.000000 0.000000 0.000021 0.000000 0.000008 0.000000 0.000000 0.000000 0.000003 0.000002 0.000007 0.135792 0.000005 0.000000 0.000000 0.000000 0.000000 0.000000 0.000000 0.000000 0.000000 0.000000 0.000000 0.000000 0.000000 
0.000001 0.000001 0.000000 0.000000 0.000000 0.074627 0.000000 0.000000 0.000001 0.041589 0.000000 0.000012 0.000000 0.000000 0.000000 0.000000 0.000000 0.000000 0.000000 0.000002 0.000000 0.000000 0.052854 0.000000 0.000001 0.000000 0.000000 0.000004 0.000000 0.000000 0.000000 0.000000 0.000000 0.000000 0.000000 0.000001 0.000000 0.000000 0.000000 0.000000 0.000000 0.000000 0.000002 0.000000 0.000000 0.000000 0.000000 0.000000 0.103707 0.000000 0.000000 0.000000 0.109346 0.000000 0.161930 0.128261 0.000005 0.000000 0.000000 0.000000 0.000000 0.054778 0.113943 0.000000 0.000000 0.000000 0.000000 0.000000 0.000000 0.000000 0.000000 0.000000 0.000000 0.000031 0.000000 0.000010 0.000000 0.158868 0.000000 0.000005 0.000003 0.000010 0.000000 0.000007 0.000000 0.000000 0.000000 0.000000 0.000000 0.000000 0.000000 0.000000 0.000000 0.000000 0.000000 0.000000 
0.014880 0.010663 0.002202 0.004412 0.017901 0.010847 0.001622 0.016514 0.017599 0.017248 0.005982 0.018493 0.013479 0.009679 0.014389 0.014183 0.025446 0.011081 0.024243 0.029947 0.000000 0.000000 0.000000 0.005610 0.011172 0.000000 0.002516 0.001956 0.009057 0.010626 0.000000 0.013388 0.028587 0.009116 0.000000 0.022290 0.007027 0.008551 0.013394 0.013219 0.016134 0.017801 0.016452 0.024769 0.000000 0.005437 0.009212 0.017364 0.013699 0.003959 0.000000 0.006995 0.008129 0.006892 0.000000 0.008822 0.026891 0.015915 0.000000 0.020633 0.009069 0.005317 0.010850 0.007445 0.012808 0.008896 0.012124 0.013345 0.000000 0.000000 0.008328 0.004752 0.009596 0.010173 0.001813 0.012469 0.000000 0.011563 0.001663 0.009626 0.009533 0.023731 0.000000 0.016943 0.007779 0.009641 0.011275 0.014804 0.017702 0.019200 0.011537 0.013907 0.005778 0.007793 0.009120 0.014999 
0.000001 0.082044 0.000000 0.000000 0.000000 0.000000 0.000000 0.045200 0.000001 0.000000 0.000000 0.024797 0.000000 0.000000 0.000000 0.000000 0.000000 0.000000 0.000000 0.000002 0.000000 0.000000 0.008677 0.000000 0.000000 0.000000 0.000000 0.000003 0.000000 0.000000 0.000000 0.000000 0.065601 0.000000 0.206480 0.000001 0.000000 0.000000 0.000000 0.000000 0.000000 0.037290 0.046818 0.000000 0.000000 0.000000 0.000000 0.000000 0.000000 0.000000 0.000000 0.000000 0.000000 0.000000 0.000000 0.000000 0.076581 0.000000 0.000000 0.000000 0.000000 0.000000 0.000000 0.000000 0.000000 0.006335 0.000000 0.000000 0.000000 0.000000 0.000000 0.000000 0.000000 0.072370 0.047163 0.000008 0.019538 0.000000 0.000000 0.000003 0.000002 0.131945 0.015589 0.086710 0.000000 0.000000 0.000000 0.026840 0.000000 0.000000 0.000000 0.000000 0.000000 0.000000 0.000000 0.000000 
0.000005 0.000005 0.000000 0.000001 0.000000 0.000000 0.000000 0.000002 0.000008 0.000000 0.000000 0.000082 0.000000 0.000000 0.000000 0.000000 0.000000 0.000000 0.000000 0.000012 0.000000 0.000000 0.000001 0.000000 0.000003 0.000000 0.000000 0.000019 0.000000 0.000000 0.000000 0.000000 0.000001 0.000001 0.000001 0.000006 0.000000 0.000000 0.000000 0.000000 0.000000 0.000002 0.000009 0.000000 0.000000 0.000000 0.000000 0.000000 0.000000 0.000000 0.000000 0.000000 0.000000 0.000000 0.000000 0.000000 0.000026 0.000000 0.000000 0.000001 0.000000 0.000001 0.000000 0.000000 0.000000 0.000001 0.000000 0.999464 0.000000 0.000000 0.000000 0.000000 0.000001 0.000142 0.000000 0.000058 0.000000 0.000000 0.000000 0.000029 0.000015 0.000060 0.000001 0.000038 0.000002 0.000000 0.000000 0.000002 0.000000 0.000000 0.000000 0.000000 0.000000 0.000000 0.000000 0.000000 
0.039687 0.033228 0.020718 0.025248 0.009353 0.004847 0.003289 0.003915 0.011604 0.007324 0.001840 0.004404 0.004653 0.003151 0.009273 0.001690 0.007236 0.000000 0.006065 0.000768 0.000000 0.000000 0.000000 0.000000 0.050955 0.067211 0.009281 0.047763 0.009506 0.009885 0.006018 0.009961 0.022118 0.014648 0.007115 0.020294 0.007634 0.011636 0.037584 0.011403 0.004325 0.001313 0.008953 0.000000 0.000000 0.000866 0.004376 0.000000 0.041887 0.045244 0.026363 0.026620 0.007162 0.009846 0.007605 0.005796 0.007344 0.007558 0.002063 0.007396 0.006527 0.004582 0.012845 0.004445 0.004158 0.000923 0.003331 0.000000 0.000000 0.000000 0.001437 0.000000 0.036903 0.058115 0.011232 0.039951 0.003009 0.010432 0.003015 0.004397 0.002552 0.004783 0.000000 0.007549 0.003264 0.004434 0.007909 0.002967 0.000000 0.000000 0.002745 0.000000 0.000000 0.000000 0.002471 0.000000 
0.010638 0.010512 0.001538 0.004038 0.000000 0.001891 0.000000 0.000654 0.031406 0.015285 0.230127 0.011229 0.003482 0.001779 0.000854 0.008188 0.000000 0.000000 0.000000 0.001132 0.000000 0.000000 0.000000 0.003579 0.007706 0.008991 0.000000 0.002351 0.000000 0.000000 0.000000 0.000000 0.020634 0.015151 0.124082 0.017016 0.000000 0.001565 0.000000 0.000000 0.000000 0.003545 0.000775 0.003928 0.000000 0.002175 0.000000 0.001252 0.009165 0.003223 0.000000 0.000000 0.000000 0.002169 0.000000 0.000000 0.029042 0.029948 0.136426 0.016122 0.000000 0.000000 0.000000 0.001771 0.007424 0.005106 0.000000 0.007226 0.000000 0.000000 0.000000 0.000498 0.008686 0.012184 0.000000 0.010890 0.000000 0.001075 0.000000 0.002758 0.014650 0.016816 0.100355 0.016021 0.003627 0.001118 0.000000 0.002804 0.004440 0.003216 0.005615 0.000000 0.000000 0.000523 0.001599 0.000000 
0.000001 0.000001 0.072249 0.000000 0.000000 0.000000 0.000000 0.101495 0.000001 0.000000 0.000000 0.060752 0.000000 0.000000 0.000000 0.000000 0.000000 0.092052 0.000000 0.065010 0.000000 0.000000 0.000000 0.000000 0.000000 0.000000 0.026460 0.119603 0.000000 0.000000 0.000000 0.000000 0.000000 0.000000 0.000000 0.000001 0.044631 0.000000 0.000000 0.000000 0.000000 0.000000 0.000001 0.000000 0.000000 0.000000 0.000000 0.000000 0.000000 0.000000 0.000000 0.000000 0.000000 0.025802 0.000000 0.000000 0.000003 0.000000 0.000000 0.000000 0.000000 0.000000 0.000000 0.000000 0.000000 0.016460 0.000000 0.018140 0.000000 0.000000 0.000000 0.000000 0.000000 0.000023 0.000000 0.119025 0.000000 0.000000 0.029724 0.044072 0.000002 0.000007 0.000000 0.046883 0.000000 0.041104 0.000000 0.000000 0.000000 0.000000 0.000000 0.076494 0.000000 0.000000 0.000000 0.000000 
0.014573 0.000000 0.000000 0.015399 0.000000 0.000000 0.002759 0.000000 0.035164 0.005650 0.042184 0.014082 0.000000 0.001839 0.005183 0.008121 0.067965 0.026703 0.045199 0.030112 0.009518 0.009150 0.008559 0.000000 0.000000 0.000000 0.002343 0.024780 0.000000 0.000000 0.000000 0.000000 0.012780 0.040447 0.041512 0.016828 0.000000 0.000000 0.000000 0.003723 0.011291 0.003216 0.025559 0.007144 0.000000 0.000000 0.003694 0.000000 0.004923 0.018156 0.004660 0.016132 0.000000 0.001706 0.000000 0.000000 0.004662 0.024328 0.044526 0.022647 0.000000 0.000000 0.000000 0.000000 0.027679 0.012938 0.020847 0.019567 0.000000 0.000000 0.000432 0.000000 0.025734 0.004957 0.009466 0.031256 0.009524 0.000000 0.000000 0.000000 0.017307 0.016787 0.023716 0.000000 0.012266 0.000000 0.000000 0.001199 0.016611 0.005850 0.020212 0.028689 0.004345 0.000000 0.000000 0.013403 
0.000000 0.000000 0.118218 0.023227 0.000000 0.000000 0.000000 0.098895 0.000000 0.000000 0.577177 0.162687 0.000000 0.019796 
0.023435 0.000000 0.949199 0.000000 0.000000 0.000000 0.000000 0.015706 0.000000 0.001692 0.009945 0.000002 0.000000 0.000020 
0.275791 0.000000 0.000000 0.000000 0.000000 0.000000 0.000000 0.606084 0.000000 0.000000 0.045631 0.024514 0.000000 0.047980 
0.000000 0.000000 0.000000 0.000000 0.000000 0.000000 0.000000 0.077118 0.000000 0.000000 0.020634 0.710145 0.013331 0.178771 
0.406198 0.000000 0.000000 0.007581 0.000000 0.000000 0.000000 0.318545 0.000000 0.000000 0.000009 0.140816 0.000000 0.126851 
0.025206 0.000000 0.000000 0.000000 0.000000 0.000000 0.000000 0.090001 0.000000 0.005620 0.000008 0.693755 0.039478 0.145932 
0.000000 0.000000 0.000000 0.000000 0.000000 0.002746 0.000000 0.108206 0.000000 0.000000 0.000008 0.728581 0.000000 0.160459 
0.000000 0.000000 0.173000 0.041209 0.007138 0.003518 0.000000 0.537408 0.000000 0.000000 0.000009 0.000001 0.000000 0.237717 
0.031575 0.000000 0.698855 0.000000 0.000000 0.000000 0.000000 0.038086 0.000000 0.000000 0.069796 0.114642 0.000000 0.047046 
0.168023 0.000000 0.328204 0.035205 0.000000 0.000000 0.008668 0.286488 0.000000 0.000000 0.000008 0.153301 0.020088 0.000014 
0.063899 0.008983 0.000000 0.000000 0.009442 0.009619 0.000000 0.583781 0.000000 0.000000 0.049730 0.000001 0.000000 0.274546 
0.000000 0.014993 0.000000 0.000000 0.004121 0.015283 0.000000 0.552789 0.000000 0.000000 0.115525 0.000001 0.000000 0.297288 
0.000000 0.000000 0.959427 0.000000 0.000000 0.000000 0.000000 0.013143 0.000000 0.000000 0.000006 0.027412 0.000000 0.000013 
0.000000 0.000000 0.000000 0.000000 0.011892 0.011351 0.000000 0.622514 0.000000 0.000000 0.094571 0.000001 0.000000 0.259671 
0.410191 0.033008 0.000000 0.000000 0.000000 0.000000 0.000000 0.478484 0.000000 0.000000 0.067096 0.000001 0.000000 0.011220 
0.000000 0.000000 0.000000 0.000000 0.004614 0.011750 0.000000 0.567022 0.000000 0.000000 0.112481 0.000001 0.000000 0.304131 
0.000000 0.000000 0.000000 0.050203 0.000000 0.000000 0.000000 0.065634 0.000000 0.000000 0.859501 0.000001 0.000000 0.024661 
0.000000 0.000000 0.000000 0.000000 0.000000 0.000000 0.000000 0.133059 0.000000 0.000000 0.000008 0.713914 0.022324 0.130695 
0.000000 0.000000 0.000000 0.036231 0.019775 0.000000 0.000000 0.063335 0.000000 0.000000 0.872063 0.008581 0.000000 0.000015 
0.000000 0.000000 0.073368 0.011533 0.000000 0.015996 0.000000 0.587152 0.000000 0.000000 0.051494 0.017029 0.000000 0.243428 
0.000000 0.000000 0.479188 0.027568 0.000000 0.000000 0.005635 0.168880 0.000000 0.000000 0.024645 0.260505 0.000000 0.033579 
0.222453 0.000000 0.060322 0.000000 0.000000 0.000000 0.000000 0.314736 0.000000 0.000000 0.384788 0.000001 0.000000 0.017699 
0.000000 0.038522 0.000000 0.019438 0.006265 0.012756 0.000000 0.582437 0.000000 0.000000 0.000009 0.107402 0.025104 0.208068 
0.000000 0.000000 0.383822 0.009623 0.000000 0.000000 0.005349 0.114944 0.000000 0.000000 0.000009 0.332380 0.000000 0.153873 
0.000000 0.016392 0.000000 0.006286 0.000000 0.014108 0.000000 0.643664 0.000000 0.000000 0.041847 0.031640 0.000000 0.246062 
0.000000 0.049882 0.000000 0.042295 0.000000 0.000000 0.000000 0.040135 0.000000 0.000000 0.850995 0.000001 0.016678 0.000014 
0.000000 0.000000 0.000000 0.059899 0.000000 0.002062 0.000000 0.211970 0.030585 0.000000 0.598427 0.000001 0.019038 0.078018 
0.404883 0.000000 0.000000 0.028387 0.000000 0.008523 0.007597 0.508180 0.000000 0.000000 0.042415 0.000001 0.000000 0.000014 
0.000000 0.000000 0.000000 0.005495 0.015187 0.007199 0.000000 0.428171 0.000000 0.000000 0.066509 0.277078 0.000000 0.200361 
0.000000 0.000000 0.615331 0.000000 0.000000 0.000000 0.000000 0.033112 0.000000 0.000000 0.313879 0.000001 0.000000 0.037678 
0.414628 0.000000 0.000000 0.000000 0.000000 0.000000 0.000000 0.492621 0.000000 0.000000 0.019030 0.073706 0.000000 0.000014 
0.000000 0.000000 0.000000 0.042903 0.000000 0.013505 0.000000 0.683561 0.037094 0.000000 0.000009 0.000001 0.000000 0.222927 
0.000000 0.000000 0.722336 0.000000 0.000000 0.000000 0.000000 0.063454 0.000000 0.000000 0.000008 0.188196 0.000000 0.026007 
0.445471 0.000000 0.000000 0.000000 0.000000 0.000000 0.019879 0.412244 0.000000 0.000000 0.065126 0.000001 0.000000 0.057279 
0.000000 0.000000 0.000000 0.000000 0.002245 0.000000 0.000000 0.065596 0.000000 0.000000 0.000009 0.726153 0.012552 0.193445 
0.000000 0.000000 0.775916 0.000000 0.002835 0.001844 0.000000 0.013757 0.000000 0.000000 0.000010 0.144512 0.000000 0.061126 
0.000000 0.000000 0.000000 0.000000 0.003406 0.000000 0.000000 0.127746 0.000000 0.000000 0.000008 0.692859 0.000000 0.175981 
0.014802 0.000000 0.000000 0.000000 0.000000 0.001038 0.000000 0.451161 0.000000 0.000000 0.037450 0.308966 0.000000 0.186583 
0.454344 0.000000 0.000000 0.000000 0.000000 0.000000 0.007944 0.418604 0.000000 0.000000 0.000009 0.119085 0.000000 0.000013 
0.054379 0.069508 0.000000 0.026196 0.000000 0.000000 0.000000 0.065077 0.000000 0.000000 0.784824 0.000000 0.000000 0.000014 
0.153478 0.000000 0.000000 0.000000 0.000000 0.000000 0.000000 0.223100 0.000000 0.000000 0.160879 0.329927 0.000000 0.132615 
0.429225 0.011308 0.000000 0.012541 0.000000 0.011023 0.000000 0.506943 0.000000 0.000000 0.000009 0.000001 0.000000 0.028949 
0.000000 0.000000 0.000000 0.000000 0.000000 0.000000 0.000000 0.104061 0.000000 0.000000 0.000008 0.644782 0.000000 0.251149 
0.034828 0.000000 0.106124 0.000000 0.000000 0.008301 0.000000 0.562498 0.000000 0.000000 0.000010 0.000001 0.021441 0.266797 
0.350315 0.000000 0.078569 0.000000 0.000000 0.000000 0.009032 0.356732 0.000000 0.000000 0.042137 0.111787 0.000000 0.051429 
0.489289 0.000000 0.000000 0.000000 0.000000 0.006994 0.000000 0.503696 0.000000 0.000000 0.000009 0.000001 0.000000 0.000013 
0.017226 0.000000 0.000000 0.055987 0.000000 0.003267 0.000000 0.596466 0.000000 0.000000 0.093852 0.000001 0.000000 0.233200 
0.000000 0.098098 0.000000 0.069598 0.000000 0.003276 0.000000 0.340413 0.000000 0.000000 0.488599 0.000001 0.000000 0.000016 
0.217300 0.047191 0.163546 0.000000 0.000000 0.000000 0.000000 0.235131 0.000000 0.000000 0.296907 0.014617 0.025295 0.000014 
0.000000 0.028908 0.898825 0.000000 0.000000 0.000000 0.000000 0.003471 0.030232 0.000000 0.038546 0.000001 0.000000 0.000017 
0.000000 0.071678 0.925354 0.000000 0.000000 0.000000 0.000000 0.000884 0.000000 0.000000 0.002066 0.000001 0.000000 0.000017 
0.000000 0.000000 0.000000 0.000000 0.014443 0.000000 0.000000 0.195400 0.000000 0.000000 0.704686 0.000001 0.000000 0.085471 
0.000000 0.009068 0.000000 0.009006 0.000000 0.000000 0.000000 0.054001 0.000000 0.000000 0.695506 0.155142 0.000000 0.077277 
0.000000 0.000000 0.830528 0.000000 0.000000 0.001076 0.000000 0.135875 0.000000 0.000000 0.020305 0.012202 0.000000 0.000015 
0.000000 0.000000 0.000000 0.021099 0.000000 0.003647 0.000000 0.125883 0.000000 0.000000 0.029431 0.697237 0.000000 0.122703 
0.000000 0.000000 0.863473 0.000000 0.000000 0.000000 0.000000 0.048766 0.000000 0.000000 0.061527 0.000001 0.000000 0.026233 
0.000000 0.016189 0.000000 0.000000 0.000000 0.002006 0.000000 0.159302 0.000000 0.000000 0.000009 0.657192 0.000000 0.165302 
0.050973 0.000000 0.852920 0.000000 0.000000 0.000000 0.000000 0.054731 0.000000 0.000000 0.008754 0.019997 0.000000 0.012624 
0.029532 0.000000 0.104029 0.000000 0.000000 0.000000 0.013592 0.065502 0.000000 0.000000 0.733491 0.000001 0.000000 0.053853 
0.166622 0.000000 0.000000 0.000000 0.000000 0.014433 0.000000 0.605666 0.000000 0.000000 0.049610 0.000001 0.000000 0.163668 
0.110547 0.000000 0.000000 0.026701 0.000000 0.000000 0.000000 0.205356 0.000000 0.000000 0.657381 0.000001 0.000000 0.000014 
0.000000 0.000000 0.000000 0.000000 0.000000 0.002930 0.000000 0.109007 0.000000 0.000000 0.000008 0.659466 0.006881 0.221708 
0.361184 0.000000 0.017657 0.000000 0.000000 0.000000 0.000000 0.529964 0.000000 0.000000 0.042524 0.000001 0.000000 0.048670 
0.022972 0.031404 0.592867 0.000000 0.000000 0.004148 0.000000 0.231717 0.000000 0.000000 0.000009 0.000001 0.000000 0.116882 
0.285945 0.052468 0.000000 0.017816 0.000000 0.000000 0.010909 0.391749 0.000000 0.000000 0.075422 0.165677 0.000000 0.000014 
0.018707 0.000000 0.000000 0.000000 0.000000 0.000000 0.000000 0.111024 0.000000 0.000000 0.866377 0.003879 0.000000 0.000013 
0.000000 0.000000 0.000000 0.020940 0.000000 0.000000 0.000000 0.077551 0.019819 0.000000 0.000008 0.696138 0.000000 0.185543 
0.013162 0.000000 0.905147 0.000000 0.000000 0.000000 0.000000 0.013332 0.000000 0.000000 0.000008 0.068340 0.000000 0.000011 
0.026711 0.000000 0.000000 0.019923 0.000000 0.000000 0.000000 0.056112 0.000000 0.000000 0.897240 0.000000 0.000000 0.000014 
0.007164 0.097439 0.805844 0.000000 0.000000 0.000000 0.000000 0.012250 0.000000 0.000000 0.077291 0.000001 0.000000 0.000012 
0.307763 0.000000 0.149288 0.020403 0.000000 0.000000 0.000000 0.391624 0.000000 0.000000 0.130908 0.000001 0.000000 0.000013 
0.160173 0.000000 0.000000 0.000000 0.000000 0.000000 0.000000 0.532717 0.000000 0.000000 0.061622 0.000001 0.000000 0.245488 
0.000000 0.000000 0.000000 0.038856 0.000000 0.000000 0.000000 0.063338 0.000000 0.000000 0.859311 0.008811 0.000000 0.029684 
0.113650 0.000000 0.000000 0.010523 0.000000 0.000000 0.000000 0.197385 0.000000 0.000000 0.000008 0.525011 0.000000 0.153423 
0.000000 0.000000 0.000000 0.035986 0.000000 0.000000 0.000000 0.120793 0.000000 0.000000 0.843208 0.000001 0.000000 0.000013 
0.071249 0.000000 0.317257 0.000000 0.000000 0.000000 0.000000 0.127384 0.000000 0.000000 0.203216 0.201119 0.000000 0.079775 
0.000000 0.000000 0.033941 0.000000 0.005778 0.003818 0.000000 0.647048 0.000000 0.000000 0.075728 0.000001 0.012998 0.220687 
0.000000 0.042621 0.096501 0.022496 0.000000 0.000000 0.000000 0.083642 0.000000 0.000000 0.719508 0.000001 0.000000 0.035231 
0.074116 0.000000 0.000000 0.000000 0.008130 0.000000 0.000000 0.555125 0.000000 0.000000 0.125429 0.000001 0.000000 0.237200 
0.017005 0.065739 0.000000 0.000000 0.000000 0.000000 0.000000 0.111562 0.000000 0.000000 0.421755 0.326236 0.000000 0.057703 
0.000000 0.032845 0.000000 0.014353 0.000000 0.000000 0.000000 0.247826 0.000000 0.000000 0.039156 0.510774 0.000000 0.155046 
0.000000 0.000000 0.020881 0.015127 0.000000 0.000000 0.000000 0.056171 0.000000 0.004348 0.886896 0.016564 0.000000 0.000013 
0.000000 0.000000 0.164925 0.000000 0.000000 0.011136 0.000000 0.489328 0.000000 0.000000 0.060869 0.109742 0.000000 0.164000 
0.348238 0.000000 0.000000 0.000000 0.000000 0.006547 0.000000 0.496442 0.000000 0.000000 0.071982 0.000001 0.000000 0.076790 
0.000000 0.000000 0.048956 0.000000 0.000000 0.005979 0.000000 0.521787 0.000000 0.000000 0.038563 0.157328 0.000000 0.227388 
0.000000 0.071788 0.913144 0.000000 0.000000 0.000000 0.000000 0.015050 0.000000 0.000000 0.000008 0.000001 0.000000 0.000010 
0.450503 0.000000 0.000000 0.000000 0.000000 0.000000 0.007209 0.470865 0.000000 0.003918 0.016483 0.051009 0.000000 0.000013 
0.000000 0.000000 0.512327 0.000000 0.000000 0.008712 0.006861 0.334245 0.000000 0.000000 0.011336 0.032238 0.008252 0.086030 
0.000000 0.000000 0.000000 0.037566 0.008975 0.003713 0.000000 0.568272 0.000000 0.000000 0.125259 0.000001 0.000000 0.256215 
0.000000 0.000000 0.000000 0.018790 0.000000 0.000000 0.000000 0.049354 0.000000 0.000000 0.584032 0.241130 0.000000 0.106695 
0.235681 0.000000 0.000000 0.000000 0.000000 0.000000 0.000000 0.554954 0.000000 0.000000 0.029121 0.161860 0.000000 0.018385 
0.241977 0.029617 0.000000 0.000000 0.000000 0.000000 0.000000 0.339422 0.000000 0.000000 0.388971 0.000001 0.000000 0.000013 
0.000000 0.078143 0.551952 0.000000 0.000000 0.001244 0.000000 0.085428 0.000000 0.000000 0.000009 0.239201 0.000000 0.044023 
0.000000 0.000000 0.087661 0.000000 0.004954 0.007749 0.000000 0.574285 0.000000 0.000000 0.072943 0.000001 0.000000 0.252407 
0.000000 0.016516 0.000000 0.023242 0.000000 0.000000 0.000000 0.080638 0.000000 0.000000 0.000007 0.702415 0.000000 0.177182 
0.000000 0.000000 0.146509 0.000000 0.017209 0.000000 0.000000 0.515238 0.000000 0.000000 0.055230 0.000001 0.000000 0.265814 
0.000000 0.000000 0.676134 0.000000 0.000000 0.000000 0.000000 0.051241 0.000000 0.000000 0.000009 0.197879 0.007623 0.067113 
0.379902 0.000000 0.000000 0.000000 0.000000 0.000000 0.000000 0.474866 0.000000 0.000000 0.093035 0.000001 0.024343 0.027853 
0.460670 0.000000 0.000000 0.000000 0.000000 0.000000 0.036667 0.447007 0.000000 0.000000 0.055643 0.000000 0.000000 0.000013 
0.059522 0.000000 0.004354 0.000000 0.000000 0.000000 0.000000 0.132761 0.000000 0.000000 0.738326 0.000001 0.000000 0.065037 
0.000000 0.000000 0.178719 0.000000 0.000000 0.002737 0.018133 0.217554 0.000000 0.003473 0.499094 0.000001 0.000000 0.080290 
0.025358 0.000000 0.000000 0.000000 0.000000 0.000000 0.000000 0.048944 0.000000 0.000000 0.298233 0.473048 0.036637 0.117781 
0.075539 0.000000 0.000000 0.000000 0.000000 0.009408 0.000000 0.680778 0.000000 0.000000 0.036842 0.000001 0.000000 0.197431 
0.000000 0.000000 0.958448 0.000000 0.000000 0.000000 0.000000 0.019067 0.000000 0.000000 0.022473 0.000000 0.000000 0.000012 
0.009257 0.000000 0.000000 0.000000 0.000000 0.002642 0.005920 0.081955 0.000000 0.000000 0.024591 0.702626 0.000000 0.173009 
0.000000 0.000000 0.217278 0.000000 0.000000 0.000000 0.000000 0.083730 0.000000 0.000000 0.000009 0.568896 0.000000 0.130086 
0.000000 0.000000 0.000000 0.047025 0.011414 0.002990 0.000000 0.682940 0.000000 0.000000 0.000009 0.000001 0.000000 0.255621 
0.000000 0.000000 0.029279 0.000000 0.008303 0.006475 0.007246 0.656118 0.000000 0.000000 0.040908 0.000001 0.000000 0.251670 
0.000000 0.000000 0.000000 0.060734 0.000000 0.000000 0.000000 0.104358 0.000000 0.000000 0.818823 0.000001 0.000000 0.016084 
0.000000 0.000000 0.000000 0.000000 0.000000 0.006232 0.000000 0.198953 0.000000 0.000000 0.783308 0.011492 0.000000 0.000014 
0.000000 0.000000 0.150871 0.000000 0.000000 0.006484 0.007339 0.387506 0.000000 0.000000 0.157096 0.000001 0.000000 0.290704 
0.000000 0.000000 0.881289 0.000000 0.000000 0.000000 0.000000 0.048379 0.000000 0.002558 0.033930 0.016017 0.000000 0.017827 
0.079723 0.000000 0.000000 0.000000 0.000000 0.006078 0.000000 0.517214 0.000000 0.000000 0.199612 0.000001 0.000000 0.197373 
0.077727 0.000000 0.424338 0.000000 0.000000 0.004172 0.000000 0.125399 0.000000 0.000000 0.000008 0.321635 0.000000 0.046722 
0.000000 0.000000 0.000000 0.000000 0.010870 0.009650 0.000000 0.379160 0.027480 0.000000 0.381749 0.000001 0.000000 0.191091 
0.000000 0.000000 0.000000 0.008138 0.000000 0.000000 0.000000 0.100093 0.000000 0.000000 0.000008 0.720985 0.011705 0.159070 
0.422268 0.000000 0.000000 0.000000 0.000000 0.007358 0.007120 0.563232 0.000000 0.000000 0.000008 0.000001 0.000000 0.000013 
0.000000 0.000000 0.926404 0.000000 0.000000 0.000000 0.000000 0.014600 0.014026 0.000000 0.000011 0.003363 0.007621 0.033974 
0.358846 0.000000 0.000000 0.012684 0.000000 0.000000 0.005380 0.559391 0.000000 0.000000 0.000010 0.000001 0.000000 0.063689 
0.000000 0.000000 0.000000 0.000000 0.000000 0.000000 0.000000 0.213877 0.000000 0.000000 0.000009 0.586939 0.000000 0.199175 
0.000000 0.023321 0.000000 0.036033 0.000000 0.009664 0.000000 0.707361 0.000000 0.000000 0.008969 0.000001 0.000000 0.214651 
0.000000 0.052822 0.810594 0.000000 0.000000 0.000000 0.000000 0.029317 0.000000 0.000000 0.107253 0.000001 0.000000 0.000013 
0.366005 0.000000 0.000000 0.000000 0.000000 0.008799 0.000000 0.541538 0.000000 0.000000 0.031025 0.000001 0.000000 0.052634 
0.016168 0.000000 0.309429 0.000000 0.000000 0.000000 0.000000 0.098667 0.000000 0.000000 0.000009 0.480136 0.000000 0.095592 
0.399661 0.000000 0.000000 0.000000 0.000000 0.000000 0.000000 0.477387 0.000000 0.000000 0.057878 0.065060 0.000000 0.000013 
0.000000 0.000000 0.000000 0.012788 0.000000 0.000000 0.000000 0.142034 0.000000 0.000000 0.000009 0.674516 0.000000 0.170652 
0.479715 0.000000 0.009393 0.006935 0.000000 0.000000 0.000000 0.427428 0.000000 0.000000 0.067570 0.008945 0.000000 0.000014 
0.000000 0.087580 0.743942 0.000000 0.000000 0.000000 0.000000 0.037463 0.000000 0.000000 0.131003 0.000001 0.000000 0.000012 
0.011589 0.000000 0.000000 0.000000 0.007375 0.007650 0.000000 0.624958 0.000000 0.000000 0.066922 0.070609 0.000000 0.210897 
0.000000 0.000000 0.000000 0.000000 0.000000 0.001411 0.000000 0.073959 0.000000 0.000000 0.023417 0.708069 0.000000 0.193144 
0.376653 0.000000 0.000000 0.000000 0.000000 0.006065 0.000000 0.547711 0.000000 0.000000 0.057619 0.011938 0.000000 0.000013 
0.063260 0.000000 0.867573 0.000000 0.004255 0.000000 0.000000 0.047185 0.000000 0.000000 0.000010 0.017706 0.000000 0.000011 
0.000000 0.009975 0.000000 0.000000 0.014304 0.000000 0.000000 0.357369 0.000000 0.006892 0.493662 0.000001 0.000000 0.117797 
0.000000 0.090586 0.000000 0.000000 0.000000 0.000000 0.000000 0.345608 0.030308 0.000000 0.368615 0.000001 0.000000 0.164883 
0.000000 0.000000 0.630990 0.020066 0.000000 0.000000 0.000000 0.054066 0.000000 0.000000 0.282131 0.000001 0.000000 0.012746 
0.000000 0.000000 0.327403 0.000000 0.000000 0.000000 0.000000 0.080233 0.026104 0.000000 0.041067 0.407739 0.000000 0.117453 
0.030654 0.000000 0.548050 0.000000 0.000000 0.000000 0.000000 0.009881 0.000000 0.000000 0.000007 0.323790 0.000000 0.087619 
0.000000 0.000000 0.000000 0.000000 0.000000 0.003261 0.000000 0.142603 0.000000 0.004091 0.797105 0.040208 0.012719 0.000014 
0.000000 0.000000 0.000000 0.000000 0.000000 0.000000 0.000000 0.104301 0.000000 0.000000 0.029101 0.692699 0.000000 0.173899 
0.000000 0.000000 0.443542 0.000000 0.000000 0.000000 0.000000 0.292590 0.000000 0.000000 0.155010 0.000001 0.000000 0.108857 
0.347198 0.044907 0.149468 0.000000 0.000000 0.000000 0.000000 0.407303 0.000000 0.000000 0.051110 0.000001 0.000000 0.000014 
0.056017 0.000000 0.000000 0.000000 0.009927 0.000000 0.000000 0.134637 0.000000 0.000000 0.728899 0.070504 0.000000 0.000015 
0.000000 0.000000 0.000000 0.052724 0.000000 0.000000 0.000000 0.043880 0.000000 0.000000 0.881059 0.000001 0.022324 0.000013 
0.339579 0.000000 0.055956 0.000000 0.000000 0.000000 0.000000 0.401814 0.000000 0.000000 0.049704 0.103929 0.000000 0.049017 
0.010654 0.000000 0.281896 0.000000 0.014773 0.000000 0.000000 0.327824 0.000000 0.000000 0.209040 0.000001 0.018096 0.137717 
0.454988 0.000000 0.000000 0.000000 0.000000 0.000000 0.000000 0.517250 0.000000 0.000000 0.000009 0.013533 0.014208 0.000013 
0.301047 0.032081 0.000000 0.018383 0.000000 0.000000 0.000000 0.329782 0.000000 0.000000 0.000009 0.248628 0.000000 0.070070 
0.371368 0.008994 0.000000 0.000000 0.000000 0.000000 0.009137 0.479818 0.000000 0.000000 0.086165 0.044504 0.000000 0.000013 
0.000000 0.000000 0.000000 0.035179 0.000000 0.000000 0.000000 0.063926 0.000000 0.000000 0.874554 0.000001 0.000000 0.026341 
0.000000 0.000000 0.000000 0.042527 0.000000 0.002595 0.000000 0.100671 0.000000 0.000000 0.694361 0.159830 0.000000 0.000015 
0.005889 0.000000 0.000000 0.000000 0.000000 0.001549 0.000000 0.131143 0.000000 0.000000 0.000008 0.631036 0.000000 0.230376 
0.000000 0.000000 0.000000 0.049448 0.000000 0.000000 0.000000 0.099517 0.000000 0.000000 0.754952 0.000001 0.026432 0.069650 
0.000000 0.000000 0.000000 0.000000 0.000000 0.000000 0.000000 0.093408 0.000000 0.000000 0.028128 0.719413 0.000000 0.159051 
0.000000 0.000000 0.052594 0.000000 0.000000 0.000000 0.000000 0.074322 0.000000 0.000000 0.197249 0.527433 0.000000 0.148403 
0.000000 0.000000 0.000000 0.025462 0.000000 0.000000 0.000000 0.093862 0.000000 0.000000 0.792068 0.055683 0.000000 0.032926 
0.000000 0.000000 0.000000 0.018060 0.000000 0.000000 0.000000 0.056320 0.000000 0.000000 0.832542 0.029930 0.000000 0.063148 
0.306701 0.092747 0.000000 0.000000 0.005588 0.000000 0.000000 0.495714 0.011831 0.000000 0.058689 0.000001 0.000000 0.028730 
0.063290 0.000000 0.000000 0.010435 0.000000 0.006254 0.000000 0.626418 0.000000 0.000000 0.000009 0.000001 0.000000 0.293594 
0.000000 0.063244 0.522715 0.000000 0.000000 0.001688 0.000000 0.274219 0.000000 0.000000 0.036994 0.029771 0.000000 0.071370 
0.000000 0.000000 0.000000 0.021644 0.000000 0.002476 0.000000 0.074393 0.000000 0.000000 0.155600 0.559883 0.047909 0.138094 
0.000000 0.000000 0.000000 0.012568 0.000000 0.001936 0.000000 0.142935 0.000000 0.000000 0.000009 0.743814 0.000000 0.098738 
0.454009 0.022615 0.000000 0.000000 0.000000 0.000000 0.011439 0.444214 0.000000 0.000000 0.043258 0.000001 0.000000 0.024466 
0.181509 0.000000 0.000000 0.000000 0.000000 0.000000 0.000000 0.270022 0.000000 0.000000 0.000009 0.401457 0.000000 0.147003 
0.000000 0.040670 0.932700 0.000000 0.000000 0.000000 0.000000 0.020927 0.000000 0.000000 0.000008 0.000001 0.000000 0.005693 
0.000000 0.000000 0.000000 0.000000 0.007098 0.011991 0.000000 0.628974 0.000000 0.000000 0.070435 0.000001 0.000000 0.281503 
0.068890 0.000000 0.000000 0.000000 0.025253 0.000000 0.000000 0.167552 0.000000 0.000000 0.738291 0.000001 0.000000 0.000014 
0.030074 0.018867 0.000000 0.000000 0.006290 0.010185 0.000000 0.629220 0.000000 0.000000 0.046431 0.023468 0.000000 0.235465 
0.000000 0.000000 0.000000 0.000000 0.000000 0.000000 0.000000 0.087770 0.000000 0.000000 0.000009 0.719584 0.000000 0.192637 
0.000000 0.000000 0.292752 0.035227 0.008385 0.004715 0.000000 0.052086 0.000000 0.000000 0.418757 0.145305 0.000000 0.042773 
0.050933 0.000000 0.000000 0.000000 0.006062 0.000000 0.000000 0.629755 0.000000 0.000000 0.038152 0.000001 0.000000 0.275096 
0.000000 0.000000 0.108683 0.000000 0.002017 0.000000 0.000000 0.119090 0.000000 0.000000 0.000009 0.617187 0.000000 0.153014 
0.070747 0.005989 0.000000 0.000000 0.007651 0.002875 0.000000 0.639311 0.000000 0.000000 0.076616 0.041101 0.000000 0.155710 
0.180838 0.000000 0.000000 0.047173 0.000000 0.004127 0.000000 0.291918 0.000000 0.000000 0.430290 0.006156 0.039484 0.000014 
0.000000 0.000000 0.000000 0.009737 0.000000 0.006085 0.000000 0.206347 0.000000 0.000000 0.673244 0.017038 0.000000 0.087549 
0.000000 0.017036 0.000000 0.042278 0.000000 0.000000 0.000000 0.092500 0.000000 0.000000 0.836471 0.000001 0.000000 0.011715 
0.000000 0.013921 0.000000 0.000000 0.000000 0.001736 0.000000 0.128911 0.000000 0.000000 0.000009 0.677638 0.009479 0.168305 
0.000000 0.000000 0.000000 0.018371 0.000000 0.000000 0.000000 0.232747 0.000000 0.000000 0.000009 0.512948 0.000000 0.235924 
0.000000 0.000000 0.000000 0.025990 0.000000 0.000000 0.000000 0.115896 0.041302 0.000000 0.155529 0.547511 0.000000 0.113771 
0.084185 0.000000 0.422496 0.024154 0.000000 0.002356 0.000000 0.361070 0.000000 0.000000 0.025892 0.017140 0.000000 0.062707 
0.000000 0.000000 0.000000 0.000000 0.004243 0.006062 0.000000 0.657667 0.000000 0.000000 0.046235 0.000001 0.000000 0.285793 
0.000000 0.000000 0.044346 0.013183 0.000000 0.000000 0.024312 0.119909 0.000000 0.000000 0.751401 0.000001 0.000000 0.046847 
0.023333 0.000000 0.000000 0.000000 0.010950 0.006298 0.000000 0.679156 0.000000 0.000000 0.047394 0.000001 0.000000 0.232869 
0.411579 0.000000 0.025008 0.000000 0.000000 0.000000 0.000000 0.511776 0.000000 0.000000 0.051625 0.000001 0.000000 0.000012 
0.000000 0.000000 0.012933 0.036596 0.000000 0.000000 0.000000 0.099179 0.000000 0.000000 0.846815 0.004463 0.000000 0.000014 
0.000000 0.000000 0.094239 0.000000 0.000000 0.000000 0.000000 0.060622 0.033999 0.000000 0.092158 0.558657 0.000000 0.160324 
0.000000 0.000000 0.000000 0.000000 0.008289 0.000000 0.000000 0.131415 0.000000 0.000000 0.851835 0.008446 0.000000 0.000014 
0.000000 0.000000 0.000000 0.016458 0.003436 0.010904 0.000000 0.474470 0.000000 0.000000 0.055580 0.207313 0.000000 0.231840 
0.000000 0.000000 0.613462 0.000000 0.001668 0.000000 0.000000 0.040289 0.000000 0.000000 0.000010 0.274994 0.000000 0.069577 
0.408571 0.000000 0.000000 0.000000 0.000000 0.000000 0.000000 0.511463 0.000000 0.000000 0.045091 0.034863 0.000000 0.000013 
0.000000 0.000000 0.513770 0.000000 0.000000 0.004195 0.000000 0.285517 0.000000 0.000000 0.007247 0.000001 0.000000 0.189271 
0.000000 0.000000 0.125066 0.000000 0.000000 0.013506 0.000000 0.541138 0.000000 0.000000 0.083037 0.000001 0.000000 0.237252 
0.000000 0.160447 0.837581 0.000000 0.000000 0.000000 0.000000 0.000151 0.000000 0.000000 0.001813 0.000000 0.000000 0.000008 
0.227418 0.000000 0.416093 0.000000 0.000000 0.000000 0.023122 0.317558 0.000000 0.000000 0.000009 0.000001 0.000000 0.015800 
0.000000 0.000000 0.000000 0.000000 0.009247 0.000000 0.000000 0.056180 0.000000 0.000000 0.915338 0.000001 0.000000 0.019235 
0.423563 0.000000 0.036077 0.000000 0.000000 0.000000 0.021222 0.492272 0.000000 0.000000 0.000008 0.000001 0.000000 0.026857 
0.000000 0.000000 0.000000 0.015866 0.000000 0.000000 0.000000 0.102706 0.024792 0.000000 0.856622 0.000001 0.000000 0.000014 
0.058844 0.000000 0.000000 0.000000 0.000000 0.009384 0.000000 0.494410 0.000000 0.000000 0.040283 0.097034 0.000000 0.300044 
0.012463 0.000000 0.789581 0.000000 0.000000 0.000000 0.000000 0.125979 0.000000 0.000000 0.014478 0.000001 0.000000 0.057498 
0.000000 0.000000 0.971249 0.000000 0.000000 0.000000 0.000000 0.005685 0.000000 0.000000 0.013397 0.009654 0.000000 0.000015 
0.000000 0.000000 0.000000 0.065888 0.000000 0.002837 0.000000 0.624591 0.000000 0.000000 0.000009 0.000001 0.000000 0.306675 
0.000000 0.000000 0.000000 0.000000 0.002520 0.000000 0.000000 0.144827 0.000000 0.000000 0.000008 0.680075 0.000000 0.172569 
0.000000 0.000000 0.000000 0.000000 0.000000 0.000000 0.000000 0.116844 0.000000 0.000000 0.015759 0.678609 0.000000 0.188789 
0.406133 0.041356 0.000000 0.000000 0.000000 0.000000 0.028572 0.462216 0.000000 0.010939 0.042313 0.000001 0.000000 0.008469 
0.000000 0.000000 0.304247 0.027509 0.007056 0.015316 0.000000 0.442729 0.000000 0.000000 0.000009 0.000001 0.000000 0.203132 
0.141591 0.000000 0.000000 0.000000 0.000000 0.000000 0.000000 0.171739 0.000000 0.000000 0.009477 0.520326 0.000000 0.156868 
0.310347 0.013032 0.000000 0.043897 0.000000 0.000000 0.000000 0.301211 0.000000 0.000000 0.054049 0.189899 0.000000 0.087565 
0.074229 0.000000 0.000000 0.028920 0.000000 0.000000 0.000000 0.626610 0.000000 0.000000 0.066672 0.029145 0.000000 0.174424 
0.000000 0.000000 0.011631 0.022575 0.000000 0.007590 0.000000 0.650245 0.000000 0.000000 0.088053 0.000001 0.000000 0.219906 
0.081047 0.073493 0.792760 0.000000 0.000000 0.000000 0.003161 0.049519 0.000000 0.000000 0.000010 0.000000 0.000000 0.000010 
0.079060 0.000000 0.000000 0.039275 0.000000 0.000000 0.000000 0.571137 0.000000 0.000000 0.000009 0.092300 0.000000 0.218220 
0.392693 0.000000 0.000000 0.009301 0.000000 0.000000 0.009446 0.485878 0.000000 0.000000 0.000009 0.000001 0.027237 0.075435 
0.110656 0.000000 0.000000 0.000000 0.000000 0.000000 0.000000 0.129119 0.000000 0.000000 0.017631 0.581302 0.000000 0.161292 
0.000000 0.010686 0.000000 0.000000 0.006795 0.004726 0.020438 0.652157 0.000000 0.000000 0.095622 0.037569 0.000000 0.172007 
0.041197 0.000000 0.000000 0.020243 0.016740 0.000000 0.000000 0.482870 0.000000 0.000000 0.206883 0.000001 0.000000 0.232067 
0.000000 0.000000 0.000000 0.000000 0.003880 0.006537 0.000000 0.501313 0.000000 0.000000 0.235435 0.000001 0.000000 0.252835 
0.016879 0.000000 0.687143 0.000000 0.000000 0.000000 0.000000 0.019014 0.000000 0.000000 0.000008 0.210094 0.000000 0.066861 
0.000000 0.000000 0.052762 0.000000 0.004667 0.004692 0.000000 0.585923 0.012334 0.006138 0.027709 0.077805 0.000000 0.227969 
0.006815 0.049502 0.698644 0.000000 0.000000 0.000000 0.000000 0.097889 0.000000 0.000000 0.097026 0.000001 0.000000 0.050123 
0.000000 0.000000 0.000000 0.034365 0.000000 0.000000 0.000000 0.089410 0.000000 0.000000 0.861259 0.000001 0.014951 0.000014 
