-1913888.193059
0
0.037160 0.031747 0.019498 0.025673 0.010402 0.005569 0.003075 0.004980 0.011472 0.007930 0.002458 0.005917 0.005154 0.003151 0.009558 0.002539 0.009145 0.001970 0.007750 0.003601 0.000000 0.000000 0.001006 0.000000 0.047122 0.061609 0.008885 0.045647 0.010580 0.009611 0.006703 0.009765 0.021790 0.014384 0.006656 0.020058 0.007577 0.011018 0.035625 0.010944 0.005396 0.002750 0.010150 0.005565 0.000000 0.001198 0.004392 0.000000 0.038553 0.041347 0.023176 0.026326 0.007382 0.008731 0.007223 0.005945 0.008795 0.008270 0.000000 0.008665 0.006623 0.005120 0.013064 0.004576 0.005842 0.001606 0.004312 0.002608 0.000000 0.000000 0.001766 0.000000 0.034039 0.054871 0.010206 0.037933 0.002536 0.010392 0.002866 0.004486 0.000000 0.005733 0.000000 0.006446 0.004325 0.004849 0.007982 0.004021 0.002831 0.001086 0.003269 0.002306 0.000000 0.000000 0.002713 0.000000 
0.025857 0.022097 0.000000 0.020526 0.031939 0.014533 0.008509 0.030447 0.016531 0.007457 0.000000 0.015812 0.007328 0.009399 0.004838 0.007719 0.000000 0.008000 0.001803 0.012835 0.001928 0.001819 0.012402 0.010574 0.020741 0.018812 0.000000 0.015703 0.022276 0.017787 0.004985 0.035185 0.008915 0.003389 0.000000 0.012089 0.010380 0.017543 0.010431 0.021331 0.004912 0.017269 0.002751 0.009747 0.001837 0.007094 0.012643 0.007601 0.005126 0.009376 0.000000 0.012080 0.014944 0.014594 0.000000 0.025256 0.015720 0.002494 0.000000 0.004296 0.002991 0.006077 0.000000 0.010851 0.000000 0.004535 0.000000 0.002141 0.006282 0.008019 0.025052 0.010168 0.006918 0.017090 0.000000 0.013240 0.022899 0.027627 0.003548 0.047718 0.000000 0.010052 0.000000 0.004535 0.006876 0.011054 0.005031 0.018884 0.005767 0.008623 0.002454 0.007440 0.006452 0.007641 0.015818 0.014556 
0.000000 0.030743 0.000000 0.000000 0.000000 0.014570 0.000000 0.060769 0.026676 0.032896 0.000000 0.026976 0.018108 0.000003 0.022139 0.000000 0.000000 0.000004 0.027876 0.048115 0.000000 0.000000 0.021404 0.017715 0.041718 0.000000 0.000000 0.000000 0.000000 0.000000 0.000000 0.000000 0.045631 0.000000 0.000000 0.000017 0.025111 0.026718 0.000000 0.018789 0.000000 0.000000 0.005957 0.000001 0.009651 0.000000 0.006894 0.022790 0.011847 0.000000 0.000000 0.000000 0.000000 0.000000 0.000000 0.000000 0.009631 0.009969 0.000000 0.026971 0.000000 0.000000 0.000000 0.000000 0.000000 0.000001 0.000000 0.061545 0.000000 0.000000 0.025561 0.020286 0.000003 0.000003 0.000000 0.031703 0.000000 0.000000 0.000000 0.039142 0.000000 0.083191 0.000000 0.033776 0.000000 0.000000 0.000000 0.023779 0.000001 0.042064 0.004516 0.024735 0.000000 0.000000 0.000000 0.000000 
0.012072 0.009258 0.001047 0.006418 0.000565 0.001712 0.000000 0.001262 0.032914 0.014115 0.209870 0.013600 0.003324 0.000000 0.001981 0.008458 0.014172 0.005495 0.007942 0.007952 0.000000 0.000000 0.000000 0.002996 0.004608 0.006162 0.000000 0.006366 0.000000 0.000000 0.000000 0.000000 0.019960 0.021308 0.117167 0.017476 0.000000 0.000851 0.000000 0.000000 0.003157 0.005213 0.005752 0.005512 0.000000 0.001958 0.000000 0.000000 0.007430 0.005306 0.000000 0.003028 0.000000 0.000000 0.000000 0.000000 0.027681 0.030986 0.119019 0.019155 0.000000 0.000000 0.000000 0.001610 0.011674 0.006481 0.004954 0.010371 0.000000 0.000278 0.000000 0.000000 0.011090 0.010953 0.001915 0.014274 0.000000 0.000000 0.000000 0.000000 0.000000 0.015335 0.085790 0.005469 0.005823 0.001463 0.000000 0.003487 0.006932 0.004143 0.008140 0.005183 0.000000 0.000000 0.001387 0.000000 
0.000000 0.000000 0.000000 0.000000 0.000000 0.000001 0.000000 0.000007 0.000323 0.000003 0.000001 0.000003 0.000000 0.043423 0.000005 0.000000 0.000000 0.048909 0.081866 0.027754 0.000000 0.054793 0.000001 0.014796 0.000012 0.000000 0.017832 0.000000 0.000000 0.000000 0.000000 0.000000 0.000251 0.000000 0.000001 0.030240 0.000000 0.000005 0.000000 0.000006 0.000000 0.000000 0.055920 0.000002 0.000000 0.022519 0.036298 0.024882 0.000031 0.000000 0.000000 0.000000 0.000000 0.000000 0.000000 0.000000 0.012270 0.000037 0.000000 0.000003 0.000000 0.000000 0.000000 0.000000 0.000000 0.076709 0.000000 0.000001 0.000000 0.000000 0.010932 0.000000 0.000004 0.000004 0.031027 0.000030 0.000000 0.000000 0.000000 0.000000 0.000000 0.032548 0.082088 0.000004 0.000000 0.000000 0.000000 0.000000 0.075891 0.022043 0.071117 0.084783 0.040620 0.000000 0.000000 0.000000 
0.000000 0.000001 0.000000 0.000000 0.000001 0.000003 0.000000 0.000019 0.000475 0.000008 0.000002 0.000008 0.000001 0.000012 0.000013 0.000001 0.000000 0.000015 0.000069 0.000095 0.000000 0.000000 0.000002 0.000000 0.000031 0.000000 0.000000 0.000000 0.000000 0.000000 0.000000 0.000001 0.000430 0.000001 0.000002 0.000064 0.000000 0.000013 0.000000 0.000017 0.000000 0.000000 0.000025 0.000006 0.000000 0.000000 0.000001 0.083496 0.000089 0.000000 0.000000 0.000000 0.096639 0.000000 0.134571 0.000000 0.000584 0.000100 0.000000 0.000008 0.000000 0.000000 0.682949 0.000000 0.000001 0.000003 0.000000 0.000004 0.000000 0.000000 0.000000 0.000000 0.000011 0.000010 0.000000 0.000076 0.000000 0.000000 0.000000 0.000000 0.000000 0.000015 0.000002 0.000011 0.000001 0.000000 0.000000 0.000001 0.000004 0.000014 0.000044 0.000053 0.000000 0.000000 0.000000 0.000000 
0.000000 0.000000 0.000000 0.000000 0.022991 0.028062 0.000000 0.022842 0.020312 0.000001 0.027649 0.016470 0.024239 0.024783 0.006945 0.018388 0.000000 0.000003 0.030613 0.011589 0.000000 0.010369 0.000000 0.000000 0.019615 0.000000 0.000000 0.000000 0.030253 0.012608 0.005561 0.021442 0.036191 0.000000 0.000000 0.019608 0.000000 0.007949 0.009006 0.029609 0.000000 0.000000 0.000004 0.023532 0.000000 0.000000 0.000000 0.047038 0.007954 0.000000 0.000000 0.018914 0.006471 0.036324 0.000000 0.000000 0.010169 0.026025 0.000000 0.026724 0.000000 0.000000 0.000000 0.008084 0.050705 0.006825 0.000000 0.000001 0.000000 0.000000 0.013518 0.000000 0.000002 0.011753 0.000000 0.012044 0.000000 0.020723 0.000000 0.000000 0.000000 0.000002 0.020793 0.000002 0.020821 0.021115 0.020167 0.000000 0.010040 0.020743 0.012227 0.010664 0.000000 0.034209 0.045308 0.000000 
0.000000 0.000000 0.030562 0.000000 0.000000 0.000001 0.000000 0.015096 0.055018 0.000002 0.000000 0.000002 0.000000 0.021472 0.028883 0.000000 0.067559 0.011808 0.010641 0.000026 0.000000 0.000000 0.009138 0.000000 0.000008 0.000000 0.000000 0.000000 0.000000 0.000000 0.000000 0.023615 0.050924 0.024599 0.057377 0.000017 0.000000 0.000003 0.000000 0.019056 0.000000 0.000000 0.032333 0.000001 0.000000 0.000000 0.040804 0.000003 0.063623 0.000000 0.000000 0.000000 0.014653 0.089001 0.000000 0.026658 0.015898 0.000026 0.000000 0.000002 0.000000 0.000000 0.032944 0.000000 0.005413 0.016775 0.010845 0.000001 0.000000 0.000000 0.000000 0.000000 0.045873 0.023733 0.014785 0.000019 0.000000 0.000000 0.000000 0.000000 0.000000 0.000004 0.000000 0.046390 0.000000 0.000000 0.000000 0.000000 0.000001 0.000004 0.039870 0.000015 0.000000 0.000000 0.000000 0.054515 
0.014895 0.007354 0.000000 0.008328 0.014120 0.008120 0.001368 0.012358 0.021928 0.013801 0.015139 0.018944 0.010152 0.006411 0.012477 0.012202 0.042879 0.016661 0.034542 0.033319 0.004045 0.001680 0.004672 0.004541 0.004389 0.000000 0.002459 0.007903 0.006879 0.008124 0.002295 0.009763 0.024322 0.019820 0.011333 0.020912 0.004857 0.005586 0.008902 0.009759 0.016726 0.015397 0.021686 0.022489 0.002788 0.004250 0.008127 0.011985 0.008581 0.006919 0.000000 0.009929 0.006161 0.000000 0.000000 0.006857 0.022475 0.019813 0.000000 0.023520 0.007676 0.004482 0.007741 0.005448 0.018856 0.010981 0.017323 0.017719 0.001906 0.000000 0.006398 0.003479 0.013067 0.007143 0.003091 0.016278 0.001856 0.007380 0.000555 0.005243 0.000000 0.021740 0.000000 0.005054 0.010234 0.007261 0.008357 0.012059 0.019743 0.016982 0.014926 0.020215 0.006854 0.005945 0.006496 0.012565 
0.000000 0.000000 0.000000 0.000000 0.000000 0.000000 0.014692 0.000002 0.044423 0.027674 0.061772 0.000001 0.000000 0.029516 0.000001 0.032729 0.000000 0.011142 0.000006 0.007188 0.000000 0.020886 0.031962 0.000000 0.024092 0.000000 0.000000 0.000000 0.000000 0.000000 0.000000 0.000000 0.000068 0.000000 0.042393 0.019074 0.005363 0.000001 0.000000 0.015781 0.000000 0.000000 0.000002 0.000000 0.000000 0.000000 0.000000 0.021912 0.019903 0.000000 0.000000 0.000000 0.000000 0.061337 0.000000 0.000000 0.000592 0.008677 0.247478 0.000001 0.000000 0.000000 0.000000 0.000000 0.016797 0.000000 0.000000 0.000000 0.000000 0.000000 0.000000 0.011756 0.000001 0.000001 0.000000 0.027775 0.000000 0.028797 0.008630 0.000000 0.000000 0.000001 0.097614 0.000001 0.000000 0.000000 0.000000 0.000000 0.000000 0.000001 0.000003 0.004009 0.000000 0.000000 0.000000 0.055945 
0.000000 0.000000 0.000000 0.000000 0.000000 0.000001 0.000000 0.000006 0.000207 0.000002 0.000001 0.000003 0.000000 0.000004 0.000004 0.000000 0.000000 0.000005 0.000022 0.000027 0.097410 0.000000 0.000001 0.014842 0.000009 0.000000 0.000000 0.000000 0.008390 0.000000 0.000000 0.000000 0.029641 0.000000 0.000001 0.000020 0.000000 0.025522 0.000000 0.000005 0.000000 0.000000 0.000019 0.074589 0.000000 0.000000 0.000000 0.040861 0.000024 0.000000 0.000000 0.000000 0.000000 0.000000 0.000000 0.000000 0.012881 0.022440 0.291210 0.000002 0.000000 0.000000 0.000000 0.017982 0.000000 0.000001 0.000000 0.027704 0.000000 0.000000 0.000000 0.000000 0.018470 0.000003 0.000000 0.000022 0.008598 0.000000 0.000000 0.000000 0.000000 0.000005 0.133769 0.000003 0.000000 0.000000 0.000000 0.000000 0.024393 0.000005 0.000013 0.000017 0.006918 0.030119 0.000000 0.113830 
0.000716 0.000177 0.000104 0.000150 0.000186 0.000071 0.000172 0.000520 0.007665 0.002433 0.003431 0.003781 0.000000 0.000100 0.000416 0.000000 0.001233 0.000440 0.000340 0.001670 0.000000 0.000000 0.000129 0.000000 0.000344 0.000000 0.000000 0.000237 0.000000 0.000389 0.000000 0.000207 0.014530 0.002911 0.004928 0.009037 0.000000 0.000623 0.000000 0.000345 0.000729 0.000448 0.000575 0.000353 0.000086 0.000000 0.000000 0.000000 0.000393 0.000000 0.000000 0.000000 0.000000 0.000000 0.000000 0.000244 0.006608 0.001895 0.000000 0.003140 0.000000 0.000000 0.000000 0.000000 0.000000 0.000000 0.000000 0.000353 0.000000 0.000000 0.000000 0.000000 0.015129 0.006237 0.001649 0.011753 0.038357 0.000000 0.001570 0.066891 0.425032 0.081895 0.047445 0.230211 0.000255 0.000000 0.000000 0.000293 0.000000 0.000429 0.000278 0.000466 0.000000 0.000000 0.000000 0.000000 
0.000000 0.000000 0.000000 0.000008 0.000000 0.000000 0.000000 0.000969 0.003916 0.000179 0.000058 0.000235 0.000000 0.000000 0.001701 0.000000 0.000002 0.000000 0.000000 0.001011 0.000000 0.000000 0.000000 0.000110 0.000000 0.000000 0.000000 0.000000 0.000000 0.000000 0.000000 0.000000 0.007047 0.000060 0.000086 0.001946 0.000000 0.000000 0.000000 0.000000 0.000000 0.000003 0.000875 0.000336 0.000000 0.000000 0.485604 0.000000 0.000000 0.000000 0.000000 0.000000 0.000000 0.000000 0.000000 0.000006 0.004619 0.001361 0.000000 0.000000 0.000000 0.484032 0.000000 0.000000 0.000000 0.000539 0.000000 0.000000 0.000000 0.000000 0.000000 0.000000 0.000249 0.000314 0.000000 0.001572 0.000002 0.000000 0.000001 0.000005 0.000000 0.000589 0.000036 0.000267 0.000000 0.000038 0.000000 0.000053 0.000000 0.000000 0.000000 0.002126 0.000000 0.000000 0.000044 0.000000 
0.639287 0.000000 0.000000 0.158502 0.000000 0.000000 0.016801 0.000000 0.025936 0.026341 0.000000 0.133133 0.000000 
0.010858 0.031515 0.000000 0.000000 0.000000 0.000000 0.000000 0.000000 0.000025 0.000000 0.000000 0.957601 0.000000 
0.084543 0.374376 0.000000 0.000000 0.000000 0.000000 0.054161 0.000000 0.432495 0.000000 0.022418 0.032007 0.000000 
0.049440 0.000000 0.000000 0.771849 0.000000 0.000000 0.000000 0.000000 0.072999 0.062224 0.000000 0.043488 0.000000 
0.061602 0.477575 0.000000 0.180718 0.019429 0.000000 0.000000 0.000000 0.229049 0.000000 0.000000 0.031627 0.000000 
0.053697 0.038392 0.023238 0.773789 0.020655 0.000000 0.000000 0.000000 0.000026 0.019563 0.035359 0.035281 0.000000 
0.009837 0.000000 0.000000 0.803321 0.000000 0.000000 0.027296 0.000000 0.077928 0.029531 0.024277 0.027811 0.000000 
0.087764 0.000000 0.000000 0.000000 0.000000 0.000000 0.000000 0.000000 0.679738 0.034832 0.000000 0.197666 0.000000 
0.072723 0.031839 0.000000 0.128459 0.000000 0.000000 0.000000 0.035220 0.017329 0.000000 0.000000 0.714429 0.000000 
0.026532 0.261043 0.000000 0.159541 0.000000 0.006020 0.054419 0.000000 0.142492 0.000000 0.000000 0.349952 0.000000 
0.108931 0.066225 0.000000 0.000000 0.000000 0.000000 0.000000 0.000000 0.745473 0.000000 0.041575 0.037795 0.000000 
0.157111 0.000000 0.000000 0.000000 0.000000 0.000000 0.000000 0.000000 0.733007 0.069707 0.000000 0.040174 0.000000 
0.000201 0.000000 0.000000 0.027394 0.000000 0.000000 0.000000 0.000000 0.000047 0.000000 0.000000 0.970338 0.002020 
0.135288 0.000000 0.031832 0.000000 0.000000 0.000000 0.095033 0.000000 0.664849 0.046786 0.000000 0.026213 0.000000 
0.107369 0.552817 0.000000 0.000000 0.019546 0.000000 0.000000 0.000000 0.269434 0.002879 0.000000 0.047956 0.000000 
0.153594 0.000000 0.000000 0.000000 0.000000 0.000000 0.000000 0.000000 0.764363 0.057493 0.000000 0.024550 0.000000 
0.949233 0.000000 0.000000 0.000000 0.000000 0.000000 0.006516 0.031349 0.000024 0.010715 0.000000 0.002162 0.000000 
0.028238 0.000000 0.077268 0.812049 0.000000 0.001216 0.028607 0.000000 0.000031 0.000000 0.016178 0.036414 0.000000 
0.959766 0.000000 0.000000 0.000000 0.000000 0.000000 0.000000 0.017253 0.000024 0.020526 0.000000 0.002431 0.000000 
0.077441 0.053551 0.000000 0.058171 0.000000 0.000000 0.000000 0.000000 0.713399 0.000000 0.000000 0.097438 0.000000 
0.059883 0.072643 0.000000 0.251385 0.000000 0.000000 0.000000 0.000000 0.071472 0.030166 0.018517 0.495934 0.000000 
0.431344 0.297673 0.000000 0.000000 0.000000 0.000000 0.000000 0.033651 0.156918 0.005470 0.000000 0.074944 0.000000 
0.043763 0.066569 0.000000 0.120199 0.000000 0.000000 0.000000 0.000000 0.666829 0.042025 0.000000 0.060615 0.000000 
0.032224 0.000000 0.000000 0.372567 0.000000 0.000000 0.000000 0.000000 0.147060 0.021127 0.017738 0.409284 0.000000 
0.075689 0.042792 0.000000 0.031281 0.000000 0.000000 0.053127 0.000000 0.695875 0.017266 0.040970 0.043001 0.000000 
0.928633 0.000000 0.000000 0.000000 0.000000 0.000000 0.012601 0.000000 0.000023 0.008497 0.000000 0.050246 0.000000 
0.721374 0.000000 0.000000 0.000000 0.000000 0.000000 0.000000 0.000000 0.247853 0.017202 0.000000 0.013571 0.000000 
0.108213 0.552450 0.000000 0.000000 0.000000 0.000000 0.081645 0.000000 0.245189 0.000000 0.000000 0.012503 0.000000 
0.113891 0.000000 0.000000 0.262301 0.000000 0.000000 0.000000 0.000000 0.503799 0.086297 0.000000 0.033713 0.000000 
0.346786 0.000000 0.000000 0.000000 0.000000 0.000000 0.000000 0.021200 0.000027 0.002535 0.000000 0.629452 0.000000 
0.052346 0.547636 0.000000 0.055714 0.000000 0.000000 0.000000 0.000000 0.307243 0.023523 0.000000 0.013538 0.000000 
0.077958 0.024604 0.000000 0.039356 0.000000 0.000000 0.047899 0.023659 0.763546 0.000000 0.000000 0.022978 0.000000 
0.012378 0.000000 0.000000 0.206773 0.000000 0.000781 0.027334 0.000000 0.000035 0.000000 0.008994 0.743705 0.000000 
0.140413 0.562002 0.000000 0.000000 0.000000 0.000000 0.000000 0.000000 0.263460 0.010579 0.000000 0.023547 0.000000 
0.052104 0.000000 0.025352 0.821448 0.018332 0.000000 0.000000 0.000000 0.000027 0.037592 0.012494 0.032650 0.000000 
0.011773 0.000000 0.000000 0.161721 0.005209 0.000000 0.000000 0.000000 0.030788 0.000000 0.000000 0.790509 0.000000 
0.042941 0.000000 0.000000 0.816523 0.000000 0.000000 0.060827 0.000000 0.000031 0.041178 0.000000 0.038499 0.000000 
0.066902 0.000000 0.046372 0.375067 0.000000 0.000000 0.074286 0.000000 0.418259 0.000000 0.000000 0.019113 0.000000 
0.077448 0.565266 0.000000 0.096424 0.000000 0.007252 0.000000 0.000000 0.188466 0.030664 0.000000 0.034480 0.000000 
0.861141 0.021150 0.000000 0.000000 0.000000 0.000000 0.044492 0.000000 0.000022 0.000000 0.000000 0.073195 0.000000 
0.208809 0.194829 0.000000 0.365868 0.031212 0.000000 0.000000 0.000000 0.137402 0.037715 0.000000 0.024166 0.000000 
0.071267 0.561470 0.030989 0.000000 0.000000 0.007175 0.000000 0.000000 0.284896 0.010452 0.000000 0.033751 0.000000 
0.016112 0.000000 0.000000 0.766235 0.031876 0.000000 0.014880 0.000000 0.111414 0.015932 0.000000 0.043551 0.000000 
0.059035 0.028135 0.000000 0.000000 0.000000 0.000000 0.000000 0.000000 0.706122 0.072395 0.000000 0.134313 0.000000 
0.076060 0.448080 0.000000 0.117858 0.000000 0.009813 0.000000 0.000000 0.227465 0.019777 0.000000 0.100947 0.000000 
0.049333 0.640006 0.000000 0.000000 0.000000 0.005067 0.000000 0.000000 0.280071 0.000000 0.000000 0.025524 0.000000 
0.186286 0.023292 0.000000 0.000000 0.000000 0.000000 0.034517 0.000000 0.685637 0.049695 0.000000 0.020572 0.000000 
0.593101 0.000000 0.000000 0.000000 0.000000 0.010631 0.000000 0.000000 0.286774 0.000000 0.009835 0.099659 0.000000 
0.349399 0.287021 0.000000 0.020648 0.000000 0.000000 0.000000 0.000000 0.122984 0.000000 0.000000 0.219947 0.000000 
0.039433 0.000000 0.000000 0.000000 0.000000 0.000000 0.000000 0.012905 0.000023 0.000000 0.000000 0.947639 0.000000 
0.002877 0.000000 0.000000 0.000000 0.000000 0.000000 0.000000 0.000000 0.000021 0.000000 0.000000 0.997102 0.000000 
0.789746 0.000000 0.000000 0.000000 0.000000 0.000000 0.000000 0.000000 0.184015 0.000000 0.011319 0.014920 0.000000 
0.773082 0.000000 0.000000 0.172239 0.000000 0.000000 0.000000 0.000000 0.000025 0.031913 0.000000 0.022740 0.000000 
0.031390 0.000000 0.000000 0.000000 0.000000 0.000000 0.000000 0.000000 0.113619 0.011179 0.000000 0.843812 0.000000 
0.070092 0.000000 0.000000 0.744867 0.000000 0.000000 0.000000 0.000000 0.118757 0.027152 0.000000 0.039131 0.000000 
0.083286 0.000000 0.021149 0.000000 0.000000 0.000000 0.000000 0.007534 0.000035 0.000000 0.011808 0.876187 0.000000 
0.027103 0.000000 0.000000 0.712920 0.000000 0.000000 0.027038 0.000000 0.128022 0.055121 0.000000 0.049796 0.000000 
0.017768 0.062078 0.000000 0.017446 0.000000 0.000000 0.000000 0.000000 0.036309 0.000000 0.000000 0.866399 0.000000 
0.778188 0.037943 0.000000 0.000000 0.000000 0.000000 0.000000 0.062653 0.000026 0.010869 0.000000 0.110322 0.000000 
0.071525 0.219523 0.052180 0.000000 0.000000 0.000000 0.000000 0.049834 0.547330 0.036440 0.000000 0.023167 0.000000 
0.769833 0.156574 0.000000 0.000000 0.000000 0.000000 0.054264 0.000000 0.000029 0.000000 0.003343 0.015958 0.000000 
0.000587 0.000000 0.000000 0.765964 0.000000 0.000000 0.000000 0.024148 0.144488 0.020544 0.007416 0.036854 0.000000 
0.078059 0.468133 0.000000 0.000000 0.000000 0.007878 0.034706 0.000000 0.367830 0.003088 0.000000 0.040306 0.000000 
0.003617 0.018967 0.000000 0.000000 0.000000 0.000000 0.000000 0.028183 0.294123 0.015804 0.000000 0.639305 0.000000 
0.117401 0.400631 0.000000 0.189926 0.000000 0.010842 0.045463 0.000000 0.170569 0.000000 0.000000 0.065168 0.000000 
0.922343 0.059791 0.000000 0.000000 0.000000 0.000000 0.000000 0.000000 0.000024 0.008636 0.000000 0.009207 0.000000 
0.040353 0.000000 0.000000 0.802995 0.015712 0.000000 0.040111 0.000000 0.000026 0.029715 0.035519 0.035569 0.000000 
0.011075 0.000000 0.015464 0.056778 0.000000 0.000000 0.000000 0.000000 0.000023 0.000000 0.000000 0.916661 0.000000 
0.949246 0.035196 0.000000 0.000000 0.000000 0.010588 0.000000 0.000000 0.000022 0.003082 0.000000 0.001865 0.000000 
0.090127 0.007927 0.000000 0.000000 0.000000 0.000000 0.000000 0.000000 0.000024 0.000000 0.000000 0.901922 0.000000 
0.174487 0.433645 0.000000 0.000000 0.000000 0.008550 0.000000 0.000000 0.217792 0.000000 0.000000 0.165526 0.000000 
0.119449 0.165337 0.000000 0.000000 0.000000 0.000000 0.000000 0.000000 0.647047 0.048233 0.000000 0.019934 0.000000 
0.947607 0.000000 0.000000 0.000000 0.000000 0.018660 0.000000 0.000000 0.000024 0.020075 0.000000 0.013634 0.000000 
0.019314 0.157470 0.000000 0.603314 0.000000 0.000000 0.018250 0.000000 0.141305 0.000000 0.022539 0.037808 0.000000 
0.968114 0.000000 0.000000 0.000000 0.000000 0.000000 0.014822 0.005816 0.000028 0.000000 0.000000 0.011219 0.000000 
0.229826 0.094035 0.000000 0.234349 0.000000 0.000000 0.000000 0.000000 0.104620 0.000000 0.000000 0.337170 0.000000 
0.132678 0.000000 0.000000 0.000000 0.000000 0.000000 0.064413 0.000000 0.702673 0.000000 0.038594 0.061642 0.000000 
0.798704 0.000000 0.000000 0.000000 0.000000 0.000000 0.000000 0.000000 0.048883 0.009466 0.000000 0.142947 0.000000 
0.180328 0.071323 0.000000 0.000000 0.000000 0.000000 0.000000 0.000000 0.701946 0.025926 0.000000 0.020478 0.000000 
0.460055 0.032786 0.000000 0.375040 0.015010 0.000000 0.039994 0.000000 0.000025 0.000000 0.000000 0.077090 0.000000 
0.089415 0.000000 0.000000 0.566809 0.000000 0.000000 0.037135 0.000000 0.206332 0.018648 0.023373 0.058288 0.000000 
0.952004 0.000000 0.000000 0.000000 0.000000 0.000000 0.000000 0.000000 0.000023 0.019663 0.000000 0.028309 0.000000 
0.086820 0.000000 0.062244 0.128675 0.000000 0.009414 0.000000 0.030686 0.476460 0.000000 0.021541 0.184159 0.000000 
0.113975 0.457115 0.000000 0.000000 0.000000 0.000000 0.000000 0.000000 0.392762 0.018611 0.000000 0.017537 0.000000 
0.069192 0.000000 0.000000 0.181578 0.000000 0.000000 0.000000 0.010834 0.625219 0.035440 0.000000 0.077737 0.000000 
0.007100 0.000000 0.000000 0.000000 0.005361 0.000000 0.000000 0.000000 0.000024 0.000000 0.000000 0.987514 0.000000 
0.053709 0.597604 0.000000 0.051733 0.000000 0.003366 0.000000 0.000000 0.270883 0.000000 0.000000 0.022705 0.000000 
0.040906 0.042656 0.000000 0.012840 0.000000 0.000000 0.000000 0.000000 0.342216 0.028690 0.000000 0.532692 0.000000 
0.208419 0.000000 0.000000 0.000000 0.000000 0.005835 0.000000 0.000000 0.689463 0.063472 0.000000 0.032811 0.000000 
0.667476 0.000000 0.000000 0.253731 0.000000 0.000000 0.000000 0.000000 0.000025 0.045367 0.016883 0.016518 0.000000 
0.056213 0.341437 0.000000 0.170047 0.000000 0.004274 0.063341 0.000000 0.335420 0.000000 0.000000 0.029268 0.000000 
0.456017 0.310091 0.000000 0.000000 0.000000 0.000000 0.000000 0.000000 0.193367 0.000000 0.000000 0.040526 0.000000 
0.002667 0.032880 0.029608 0.280006 0.000000 0.000000 0.021492 0.000000 0.000028 0.000000 0.000000 0.633319 0.000000 
0.108933 0.000000 0.062460 0.000000 0.033970 0.000000 0.000000 0.017860 0.637102 0.033736 0.000000 0.105938 0.000000 
0.021033 0.000000 0.000000 0.766611 0.000000 0.000000 0.000000 0.000000 0.082870 0.032041 0.048782 0.048663 0.000000 
0.095089 0.000000 0.000000 0.000000 0.000000 0.000000 0.000000 0.000000 0.681673 0.051748 0.000000 0.171490 0.000000 
0.028105 0.000000 0.000000 0.245203 0.000000 0.000000 0.000000 0.024759 0.000033 0.000000 0.004191 0.697709 0.000000 
0.158307 0.507433 0.027706 0.000000 0.000000 0.003951 0.000000 0.000000 0.270877 0.009155 0.000000 0.022571 0.000000 
0.114405 0.606685 0.000000 0.000000 0.000000 0.014174 0.000000 0.000000 0.251197 0.000000 0.000000 0.013539 0.000000 
0.815678 0.058073 0.000000 0.000000 0.000000 0.000000 0.000000 0.000000 0.089867 0.018848 0.000000 0.017534 0.000000 
0.552959 0.059329 0.000000 0.000000 0.013822 0.000000 0.000000 0.000000 0.170586 0.000000 0.014391 0.188913 0.000000 
0.347506 0.021591 0.035554 0.525113 0.022564 0.000000 0.000000 0.000000 0.000024 0.024936 0.000000 0.022712 0.000000 
0.060319 0.119116 0.000000 0.000000 0.000000 0.000000 0.000000 0.053058 0.721250 0.000000 0.023964 0.022293 0.000000 
0.029735 0.000000 0.000000 0.000000 0.005850 0.000000 0.000000 0.000000 0.000027 0.000000 0.000000 0.964387 0.000000 
0.054590 0.000000 0.000000 0.767602 0.000000 0.000000 0.000000 0.000000 0.098333 0.044058 0.000000 0.035416 0.000000 
0.025399 0.000000 0.000000 0.648141 0.000000 0.000000 0.000000 0.016836 0.063358 0.000000 0.000000 0.246266 0.000000 
0.095104 0.000000 0.000000 0.000000 0.000000 0.000000 0.000000 0.000000 0.805274 0.073958 0.000000 0.025664 0.000000 
0.088959 0.000000 0.000000 0.000000 0.000000 0.006268 0.000000 0.000000 0.796950 0.041898 0.009574 0.056351 0.000000 
0.937826 0.000000 0.000000 0.000000 0.000000 0.000000 0.041617 0.000000 0.000026 0.009493 0.000000 0.011037 0.000000 
0.845848 0.031035 0.000000 0.000000 0.000000 0.000000 0.000000 0.000000 0.095253 0.014846 0.000000 0.013019 0.000000 
0.202423 0.000000 0.000000 0.000000 0.025435 0.000000 0.000000 0.000000 0.541094 0.057840 0.000000 0.173208 0.000000 
0.042843 0.000000 0.000000 0.000000 0.000000 0.000000 0.000000 0.000000 0.044594 0.000000 0.018449 0.894114 0.000000 
0.249837 0.092397 0.000000 0.000000 0.000000 0.000000 0.000000 0.000000 0.585291 0.044562 0.000000 0.027912 0.000000 
0.000518 0.136057 0.031583 0.360536 0.008944 0.000000 0.000000 0.000000 0.000028 0.000000 0.019365 0.442970 0.000000 
0.437227 0.000000 0.000000 0.027430 0.000000 0.000000 0.000000 0.034654 0.467839 0.000000 0.020424 0.012427 0.000000 
0.000479 0.053829 0.000000 0.825194 0.016640 0.003076 0.000000 0.000000 0.036358 0.027633 0.000000 0.036791 0.000000 
0.026486 0.598539 0.000000 0.000000 0.000000 0.003720 0.032367 0.000000 0.313249 0.000000 0.000000 0.025639 0.000000 
0.018520 0.000000 0.000000 0.015140 0.000000 0.000000 0.000000 0.000000 0.021626 0.000000 0.000000 0.944714 0.000000 
0.049134 0.501940 0.000000 0.000000 0.000000 0.000000 0.000000 0.040791 0.379471 0.000000 0.009009 0.019654 0.000000 
0.027003 0.000000 0.000000 0.648305 0.000000 0.000000 0.000000 0.000000 0.236968 0.044723 0.000000 0.043001 0.000000 
0.086092 0.000000 0.000000 0.000000 0.000000 0.000000 0.119570 0.000000 0.715854 0.000000 0.028713 0.049771 0.000000 
0.125961 0.000000 0.008847 0.000000 0.000000 0.000000 0.000000 0.000000 0.000026 0.000000 0.000000 0.865166 0.000000 
0.066827 0.514217 0.000000 0.000000 0.000000 0.006106 0.000000 0.000000 0.372094 0.019018 0.000000 0.021736 0.000000 
0.002768 0.026948 0.000000 0.513328 0.000000 0.000000 0.000000 0.000000 0.077347 0.041568 0.000000 0.338040 0.000000 
0.104808 0.551101 0.000000 0.049857 0.000000 0.000000 0.000000 0.000000 0.253161 0.020358 0.000000 0.020715 0.000000 
0.041823 0.045760 0.000000 0.791259 0.023578 0.002080 0.024906 0.000000 0.000028 0.000000 0.032623 0.037945 0.000000 
0.116942 0.611962 0.000000 0.006409 0.000000 0.010078 0.000000 0.000000 0.225176 0.000000 0.000000 0.029433 0.000000 
0.151323 0.000000 0.019705 0.000000 0.000000 0.000000 0.000000 0.000000 0.000025 0.000000 0.000000 0.828947 0.000000 
0.102330 0.025649 0.000000 0.105223 0.000000 0.000000 0.000000 0.040182 0.697598 0.000000 0.000000 0.029018 0.000000 
0.052699 0.000000 0.000000 0.767293 0.025534 0.000000 0.000000 0.000000 0.035538 0.070064 0.020822 0.028050 0.000000 
0.072860 0.550934 0.000000 0.000000 0.000000 0.005892 0.036227 0.035296 0.273379 0.007431 0.000000 0.017981 0.000000 
0.019427 0.087613 0.000000 0.010515 0.000000 0.000000 0.000000 0.000000 0.000029 0.000000 0.000000 0.882416 0.000000 
0.573234 0.000000 0.000000 0.000000 0.000000 0.000000 0.000000 0.012414 0.360604 0.000000 0.029047 0.024702 0.000000 
0.413783 0.000000 0.000000 0.000000 0.000000 0.000000 0.000000 0.039443 0.406887 0.032399 0.000000 0.107487 0.000000 
0.317714 0.000000 0.000000 0.000000 0.000000 0.000000 0.000000 0.000000 0.040005 0.005308 0.000000 0.636973 0.000000 
0.066303 0.000000 0.025061 0.492250 0.000000 0.000000 0.000000 0.029651 0.000028 0.006318 0.025664 0.354725 0.000000 
0.000220 0.043985 0.000000 0.378370 0.000000 0.000000 0.000000 0.000000 0.000026 0.000000 0.007073 0.570325 0.000000 
0.868504 0.000000 0.042943 0.028205 0.000000 0.000000 0.000000 0.000000 0.030723 0.020855 0.000000 0.008769 0.000000 
0.077871 0.000000 0.039544 0.795052 0.000000 0.000000 0.000000 0.000000 0.000028 0.016302 0.029596 0.041608 0.000000 
0.180941 0.000000 0.000000 0.000000 0.000000 0.000000 0.042624 0.000000 0.288625 0.025420 0.000000 0.462391 0.000000 
0.084425 0.438616 0.028468 0.000000 0.000000 0.003465 0.000000 0.000000 0.239926 0.000000 0.000000 0.205099 0.000000 
0.810279 0.069737 0.000000 0.076233 0.032591 0.007343 0.000000 0.000000 0.000025 0.000000 0.000000 0.003791 0.000000 
0.989270 0.000000 0.000000 0.000000 0.000000 0.000000 0.000000 0.000000 0.000024 0.001638 0.000000 0.009068 0.000000 
0.084259 0.448338 0.000000 0.124421 0.000000 0.002348 0.000000 0.000000 0.262160 0.000000 0.000000 0.078473 0.000000 
0.272100 0.015123 0.000000 0.000000 0.044166 0.000000 0.000000 0.000000 0.364408 0.000000 0.004803 0.299401 0.000000 
0.059590 0.626501 0.000000 0.010913 0.000000 0.004551 0.000000 0.000000 0.282676 0.000000 0.000000 0.015770 0.000000 
0.046795 0.387493 0.000000 0.291849 0.000000 0.000000 0.000000 0.000000 0.219045 0.000000 0.000000 0.054817 0.000000 
0.123379 0.515652 0.000000 0.044684 0.000000 0.016857 0.000000 0.000000 0.266962 0.000000 0.000000 0.032464 0.000000 
0.942073 0.000000 0.000000 0.000000 0.000000 0.000000 0.016911 0.025171 0.000023 0.008305 0.000000 0.007517 0.000000 
0.784329 0.000000 0.015993 0.169453 0.000000 0.000000 0.000000 0.009383 0.000025 0.000000 0.015005 0.005812 0.000000 
0.000606 0.000000 0.000000 0.725993 0.017879 0.000000 0.000000 0.013972 0.155024 0.029887 0.021845 0.034795 0.000000 
0.868175 0.000000 0.000000 0.000000 0.000000 0.000000 0.044744 0.000000 0.051139 0.023897 0.000000 0.012045 0.000000 
0.058861 0.000000 0.000000 0.797915 0.034575 0.000000 0.037903 0.000000 0.000025 0.029896 0.003669 0.037155 0.000000 
0.223221 0.000000 0.000000 0.597845 0.000000 0.000000 0.000000 0.000000 0.070479 0.019900 0.007898 0.080657 0.000000 
0.868137 0.000000 0.000000 0.069838 0.000000 0.000000 0.000000 0.010447 0.042882 0.000000 0.000000 0.008696 0.000000 
0.923365 0.000000 0.000000 0.020259 0.000000 0.007285 0.000000 0.000000 0.000025 0.036895 0.000000 0.012171 0.000000 
0.095941 0.421535 0.000000 0.000000 0.000000 0.000000 0.000000 0.026833 0.334477 0.000000 0.007940 0.113273 0.000000 
0.057757 0.054180 0.000000 0.000000 0.000000 0.000000 0.038211 0.000000 0.763592 0.055461 0.000000 0.030799 0.000000 
0.057695 0.000000 0.000000 0.031749 0.000000 0.000000 0.000000 0.000000 0.301941 0.013089 0.000000 0.595526 0.000000 
0.241815 0.000000 0.052316 0.627075 0.024008 0.000000 0.000000 0.000000 0.000026 0.024218 0.008012 0.022530 0.000000 
0.026414 0.000000 0.021335 0.816816 0.000000 0.000000 0.081364 0.000000 0.000024 0.000000 0.020592 0.033455 0.000000 
0.101919 0.592842 0.000000 0.000000 0.000000 0.000000 0.000000 0.000000 0.256954 0.007618 0.000000 0.040667 0.000000 
0.043250 0.212324 0.000000 0.427250 0.000000 0.000000 0.000000 0.000000 0.229199 0.062607 0.000000 0.025370 0.000000 
0.000598 0.000000 0.000000 0.000000 0.000000 0.000000 0.000000 0.000000 0.020188 0.002048 0.000000 0.977166 0.000000 
0.111056 0.000000 0.000000 0.000000 0.000000 0.000000 0.022467 0.011703 0.781169 0.044200 0.000000 0.029406 0.000000 
0.852488 0.125767 0.000000 0.000000 0.000000 0.000000 0.000000 0.000000 0.000028 0.000000 0.018782 0.002934 0.000000 
0.097696 0.037432 0.000000 0.000000 0.030553 0.000000 0.000000 0.000000 0.741922 0.049636 0.000000 0.042762 0.000000 
0.049041 0.000000 0.000000 0.828934 0.040653 0.000000 0.023998 0.000000 0.000027 0.034183 0.000000 0.023164 0.000000 
0.487781 0.027727 0.000000 0.158564 0.000000 0.000000 0.000000 0.000000 0.000028 0.017609 0.003423 0.304868 0.000000 
0.093811 0.034696 0.000000 0.000000 0.000000 0.000000 0.000000 0.000000 0.777356 0.054806 0.000000 0.039332 0.000000 
0.022525 0.000000 0.000000 0.701397 0.009224 0.000000 0.023068 0.000000 0.102189 0.000000 0.000000 0.141597 0.000000 
0.122162 0.094642 0.000000 0.060988 0.000000 0.000000 0.079746 0.000000 0.608606 0.000000 0.000000 0.033855 0.000000 
0.525696 0.270573 0.000000 0.000000 0.000000 0.000000 0.000000 0.000000 0.190030 0.006657 0.000000 0.007045 0.000000 
0.749534 0.000000 0.000000 0.000000 0.000000 0.000000 0.000000 0.000000 0.196756 0.046333 0.000000 0.007376 0.000000 
0.966132 0.000000 0.000000 0.000000 0.000000 0.000000 0.000000 0.000000 0.000027 0.000000 0.013016 0.020824 0.000000 
0.031316 0.000000 0.000000 0.752118 0.000000 0.000000 0.000000 0.000000 0.132245 0.033999 0.000000 0.050321 0.000000 
0.044401 0.000000 0.000000 0.572184 0.000000 0.000000 0.000000 0.000000 0.287578 0.063333 0.000000 0.032505 0.000000 
0.233493 0.000000 0.022557 0.629970 0.013208 0.000000 0.031660 0.000000 0.000027 0.028726 0.000000 0.040359 0.000000 
0.066517 0.137937 0.000000 0.025129 0.000000 0.000000 0.000000 0.000000 0.331802 0.000000 0.000000 0.438614 0.000000 
0.078068 0.000000 0.000000 0.000000 0.000000 0.000000 0.000000 0.000000 0.831914 0.048434 0.022621 0.018963 0.000000 
0.824119 0.065963 0.000000 0.016057 0.000000 0.000000 0.000000 0.043422 0.000028 0.000000 0.000000 0.050410 0.000000 
0.093776 0.031519 0.000000 0.000000 0.000000 0.000000 0.011856 0.000000 0.794288 0.040218 0.000000 0.028342 0.000000 
0.082466 0.570080 0.000000 0.000000 0.000000 0.003629 0.000000 0.000000 0.297501 0.000000 0.000000 0.046324 0.000000 
0.961358 0.000000 0.000000 0.000000 0.000000 0.006785 0.000000 0.010379 0.000028 0.000000 0.000000 0.021450 0.000000 
0.136321 0.000000 0.037989 0.672730 0.014267 0.000000 0.000000 0.000000 0.000027 0.000000 0.014034 0.124632 0.000000 
0.948943 0.000000 0.000000 0.000000 0.013994 0.000000 0.020901 0.000000 0.000027 0.010069 0.000000 0.006066 0.000000 
0.102170 0.000000 0.028233 0.231283 0.000000 0.005304 0.000000 0.000000 0.561963 0.050951 0.000000 0.020096 0.000000 
0.018965 0.000000 0.000000 0.294582 0.000000 0.000000 0.000000 0.000000 0.029520 0.015410 0.005970 0.635552 0.000000 
0.091402 0.508831 0.000000 0.000000 0.000000 0.000000 0.044795 0.000000 0.319627 0.015093 0.000000 0.020251 0.000000 
0.023025 0.000000 0.000000 0.000000 0.000000 0.000000 0.000000 0.000000 0.409383 0.030716 0.000000 0.536876 0.000000 
0.113639 0.000000 0.000000 0.000000 0.000000 0.000000 0.000000 0.000000 0.692272 0.042850 0.000000 0.151239 0.000000 
0.003880 0.000000 0.000000 0.000000 0.000000 0.000000 0.000000 0.000000 0.000016 0.000000 0.000000 0.996104 0.000000 
0.025688 0.341377 0.000000 0.000000 0.000000 0.010089 0.000000 0.000000 0.185945 0.006250 0.000000 0.430652 0.000000 
0.957130 0.000000 0.000000 0.000000 0.000000 0.000000 0.000000 0.021398 0.000023 0.013578 0.000000 0.007871 0.000000 
0.000409 0.597945 0.000000 0.000000 0.000000 0.006950 0.000000 0.062093 0.275472 0.004985 0.000000 0.052146 0.000000 
0.948549 0.000000 0.019657 0.000000 0.000000 0.005458 0.000000 0.012938 0.000025 0.003191 0.000000 0.010180 0.000000 
0.073599 0.066303 0.000000 0.150729 0.000000 0.000000 0.000000 0.031753 0.631693 0.000000 0.021330 0.024592 0.000000 
0.025018 0.000000 0.000000 0.000000 0.000000 0.000000 0.000000 0.000000 0.161515 0.010445 0.000000 0.803023 0.000000 
0.015737 0.000000 0.000000 0.000000 0.000000 0.000000 0.000000 0.000000 0.000026 0.002530 0.000000 0.981708 0.000000 
0.098450 0.000000 0.000000 0.000000 0.000000 0.000000 0.000000 0.000000 0.819105 0.055694 0.000000 0.026751 0.000000 
0.031660 0.000000 0.000000 0.753603 0.036893 0.000000 0.000000 0.000000 0.117885 0.000000 0.031520 0.028439 0.000000 
0.036503 0.000000 0.000000 0.770430 0.027656 0.000000 0.025350 0.000000 0.074442 0.023012 0.005015 0.037593 0.000000 
0.099198 0.519677 0.071267 0.000000 0.000000 0.015467 0.000000 0.000000 0.236125 0.000000 0.003599 0.054667 0.000000 
0.066102 0.000000 0.000000 0.000000 0.000000 0.000000 0.000000 0.000000 0.571342 0.018887 0.017577 0.326093 0.000000 
0.045173 0.182990 0.000000 0.616517 0.000000 0.000000 0.000000 0.000000 0.121770 0.000000 0.021534 0.012015 0.000000 
0.110461 0.405443 0.000000 0.231226 0.000000 0.006549 0.000000 0.000000 0.211339 0.000000 0.000000 0.034982 0.000000 
0.124640 0.131071 0.000000 0.050545 0.000000 0.000000 0.000000 0.000000 0.660911 0.000000 0.008845 0.023987 0.000000 
0.139583 0.000000 0.019900 0.000000 0.000000 0.000000 0.031486 0.031641 0.726257 0.000000 0.013197 0.037936 0.000000 
0.027078 0.103207 0.000000 0.000000 0.000000 0.000000 0.000000 0.000000 0.000024 0.000000 0.000000 0.869690 0.000000 
0.083964 0.106171 0.000000 0.097760 0.000000 0.000000 0.000000 0.000000 0.640802 0.045314 0.000000 0.025988 0.000000 
0.082791 0.516685 0.000000 0.000000 0.000000 0.007878 0.000000 0.000000 0.361740 0.015068 0.000000 0.015838 0.000000 
0.048331 0.124177 0.000000 0.663207 0.000000 0.000000 0.000000 0.034252 0.074365 0.026370 0.000000 0.029299 0.000000 
0.150366 0.018542 0.000000 0.000000 0.000000 0.000000 0.054168 0.000000 0.670520 0.069162 0.000000 0.037242 0.000000 
0.289818 0.031960 0.000000 0.000000 0.000000 0.000000 0.000000 0.000000 0.607561 0.048520 0.000000 0.022140 0.000000 
0.284302 0.000000 0.000000 0.000000 0.000000 0.000000 0.000000 0.000000 0.654550 0.042112 0.000000 0.019036 0.000000 
0.009310 0.022521 0.000000 0.243533 0.013117 0.000000 0.000000 0.000000 0.000026 0.000000 0.004309 0.707185 0.000000 
0.056622 0.000000 0.055598 0.090506 0.000000 0.000000 0.000000 0.015110 0.666932 0.038605 0.000000 0.076627 0.000000 
0.113489 0.008968 0.000000 0.012463 0.000000 0.000000 0.000000 0.000000 0.111165 0.000000 0.000000 0.753915 0.000000 
0.971153 0.000000 0.000000 0.000000 0.000000 0.000000 0.000000 0.026482 0.000027 0.000000 0.000000 0.002338 0.000000 
0.045644 0.000000 0.000000 0.502001 0.000000 0.000000 0.000000 0.000000 0.358831 0.050588 0.000000 0.042937 0.000000 
0.115484 0.023854 0.000000 0.000000 0.000000 0.000000 0.000000 0.000000 0.802721 0.000000 0.017114 0.040827 0.000000 
0.018877 0.000000 0.000000 0.172391 0.008778 0.000000 0.000000 0.006005 0.000023 0.000000 0.000000 0.793926 0.000000 
0.049745 0.221155 0.036892 0.000000 0.000000 0.000000 0.000000 0.000000 0.061025 0.000000 0.000000 0.631183 0.000000 
0.128103 0.014617 0.000000 0.000000 0.000000 0.000000 0.000000 0.039422 0.738243 0.055800 0.000000 0.023815 0.000000 
0.813960 0.000000 0.000000 0.000000 0.000000 0.000000 0.000000 0.000000 0.148670 0.004306 0.000000 0.033064 0.000000 
0.103311 0.000000 0.000000 0.000000 0.000000 0.000000 0.000000 0.049278 0.765052 0.043799 0.000000 0.038560 0.000000 
0.888286 0.025680 0.000000 0.048819 0.000000 0.000000 0.000000 0.000000 0.000025 0.029777 0.000000 0.007412 0.000000 
0.109300 0.051532 0.000000 0.000000 0.022983 0.000000 0.000000 0.000000 0.730194 0.052884 0.000000 0.033107 0.000000 
0.219681 0.501266 0.000000 0.000000 0.000000 0.007194 0.000000 0.000000 0.230289 0.006107 0.000000 0.035463 0.000000 
0.041598 0.000000 0.000000 0.781299 0.000000 0.000000 0.000000 0.000000 0.110537 0.033010 0.000000 0.033556 0.000000 
0.855150 0.114852 0.000000 0.000000 0.000000 0.000000 0.000000 0.000000 0.000026 0.011934 0.000000 0.018038 0.000000 
0.040072 0.031214 0.040229 0.000000 0.000000 0.000000 0.000000 0.015757 0.274690 0.000000 0.005106 0.592931 0.000000 
0.044790 0.000000 0.000000 0.736299 0.000000 0.000000 0.000000 0.000000 0.127823 0.060726 0.000000 0.030363 0.000000 
0.127022 0.585486 0.000000 0.000000 0.000000 0.000000 0.000000 0.000000 0.262604 0.002540 0.000000 0.022348 0.000000 
0.081909 0.000000 0.000000 0.000000 0.000000 0.000000 0.057651 0.000000 0.756053 0.075482 0.000000 0.028904 0.000000 
0.006617 0.000000 0.000000 0.000000 0.000000 0.000000 0.000000 0.000000 0.007708 0.002707 0.000000 0.982968 0.000000 
0.280146 0.000000 0.000000 0.019195 0.000000 0.000000 0.000000 0.019793 0.211274 0.020053 0.000000 0.449538 0.000000 
0.114603 0.000000 0.000000 0.000000 0.000000 0.004238 0.000000 0.000000 0.179307 0.014158 0.000000 0.687694 0.000000 
0.111935 0.000000 0.000000 0.050904 0.000000 0.003007 0.000000 0.000000 0.021918 0.000000 0.000000 0.812236 0.000000 
0.057215 0.000000 0.048336 0.801225 0.035543 0.000000 0.000000 0.000000 0.000027 0.000000 0.019411 0.038244 0.000000 
0.121339 0.000000 0.000000 0.057699 0.000000 0.000000 0.062442 0.000000 0.733452 0.000000 0.000000 0.025067 0.000000 
0.043212 0.000000 0.000000 0.773841 0.000000 0.000000 0.000000 0.000000 0.100680 0.044925 0.000000 0.037342 0.000000 
0.013629 0.000000 0.000000 0.121737 0.000000 0.000000 0.024905 0.000000 0.000034 0.012456 0.000000 0.827239 0.000000 
