-1910221.553125
0
0.022883 0.018397 0.000000 0.017387 0.027569 0.013240 0.006619 0.026163 0.017020 0.008481 0.001120 0.016038 0.008031 0.008567 0.006380 0.008216 0.008140 0.009124 0.008570 0.016432 0.002056 0.001573 0.010166 0.008973 0.017397 0.014747 0.000000 0.013889 0.018618 0.015326 0.004370 0.029115 0.012705 0.006661 0.001601 0.013758 0.008963 0.014717 0.010064 0.018553 0.006974 0.015978 0.006298 0.011923 0.002053 0.006200 0.011272 0.008841 0.006000 0.008785 0.000000 0.011551 0.013238 0.011124 0.001406 0.020715 0.016654 0.006241 0.000000 0.008439 0.003807 0.005514 0.007473 0.009452 0.004819 0.005613 0.004761 0.005164 0.005009 0.006332 0.020674 0.008544 0.008487 0.015146 0.000000 0.013962 0.018591 0.022552 0.002753 0.038892 0.009026 0.013976 0.000844 0.009527 0.007517 0.010118 0.005790 0.016799 0.008153 0.010285 0.005042 0.009795 0.006135 0.007308 0.013984 0.012831 
0.036311 0.030961 0.019823 0.025111 0.010165 0.005498 0.003068 0.004906 0.011653 0.007896 0.002759 0.005583 0.005137 0.003523 0.009508 0.002642 0.009004 0.002003 0.007559 0.003400 0.000000 0.000205 0.001143 0.000000 0.046541 0.060807 0.008926 0.044778 0.010452 0.009480 0.006538 0.009671 0.021806 0.014087 0.007038 0.019772 0.007406 0.010875 0.035141 0.011056 0.005150 0.002463 0.010051 0.005471 0.000000 0.001161 0.004494 0.001105 0.038421 0.040637 0.023194 0.025981 0.007389 0.009322 0.007251 0.005881 0.008556 0.008150 0.002227 0.008426 0.006466 0.004753 0.013227 0.004449 0.005951 0.001717 0.004051 0.002180 0.000000 0.000000 0.001594 0.000000 0.033702 0.054147 0.010321 0.037481 0.002677 0.010398 0.002920 0.004646 0.003089 0.005946 0.000643 0.007826 0.004251 0.004806 0.007862 0.003859 0.002723 0.000976 0.003515 0.002242 0.000000 0.000000 0.002791 0.001234 
0.021709 0.074047 0.000000 0.000476 0.000016 0.000072 0.000059 0.052438 0.069031 0.007670 0.007623 0.044289 0.001797 0.000079 0.000664 0.000192 0.002681 0.000229 0.031242 0.034992 0.000000 0.000002 0.020802 0.000004 0.004875 0.000022 0.000000 0.001124 0.000014 0.000013 0.000003 0.005131 0.018528 0.005908 0.004850 0.007002 0.000059 0.004715 0.011614 0.000616 0.000319 0.030596 0.002026 0.003893 0.000000 0.000027 0.008355 0.000183 0.018670 0.000300 0.000000 0.000063 0.011606 0.000013 0.000000 0.000011 0.020462 0.002754 0.000001 0.003839 0.000000 0.000005 0.032632 0.000046 0.011728 0.000123 0.000016 0.087345 0.000000 0.000000 0.033214 0.000000 0.002271 0.004836 0.000011 0.005661 0.002352 0.000016 0.000032 0.044740 0.004195 0.070472 0.003335 0.071721 0.000226 0.000016 0.000000 0.008350 0.000024 0.043545 0.000290 0.022001 0.000002 0.012997 0.000078 0.000017 
0.000791 0.000201 0.000278 0.000230 0.000211 0.000083 0.000162 0.000611 0.007563 0.002435 0.003281 0.003707 0.000001 0.000129 0.000488 0.000066 0.001155 0.000425 0.000398 0.001616 0.000000 0.000000 0.000164 0.000110 0.000642 0.000329 0.000000 0.000405 0.000000 0.000436 0.000000 0.000227 0.014665 0.002859 0.004927 0.008963 0.000078 0.000712 0.000000 0.000458 0.000659 0.000396 0.000585 0.000353 0.000109 0.000076 0.000119 0.000150 0.000541 0.000110 0.000000 0.000001 0.000000 0.000000 0.000000 0.000261 0.006537 0.001851 0.000000 0.003103 0.000000 0.000178 0.000002 0.000097 0.000003 0.000103 0.000000 0.000221 0.000000 0.000000 0.000000 0.000000 0.015230 0.006432 0.001721 0.011813 0.038072 0.000000 0.001565 0.066706 0.424047 0.081570 0.047061 0.229552 0.000225 0.000000 0.000000 0.000292 0.000000 0.000408 0.000336 0.000489 0.000100 0.000000 0.000115 0.000000 
0.013178 0.006549 0.000000 0.007531 0.013025 0.007670 0.001885 0.011611 0.022498 0.013751 0.017268 0.017224 0.009450 0.007390 0.011789 0.012559 0.039255 0.015641 0.031489 0.030419 0.004206 0.002447 0.005761 0.004284 0.005669 0.000000 0.002228 0.007144 0.006456 0.007358 0.002127 0.009179 0.023592 0.017980 0.012896 0.020083 0.004615 0.005487 0.008486 0.010043 0.014991 0.013646 0.019966 0.020986 0.002487 0.003793 0.007533 0.012523 0.009393 0.006297 0.000000 0.009124 0.005724 0.005054 0.000000 0.006268 0.020643 0.018609 0.012714 0.021661 0.006747 0.004043 0.006655 0.005079 0.017826 0.010202 0.014890 0.016165 0.001649 0.000000 0.005903 0.003620 0.012787 0.007055 0.003286 0.016558 0.002677 0.008047 0.000988 0.006625 0.012070 0.022058 0.008150 0.011697 0.009393 0.006740 0.007815 0.010877 0.018169 0.015444 0.013944 0.018452 0.005914 0.005837 0.006257 0.014748 
0.011200 0.008778 0.001706 0.006069 0.000000 0.001805 0.000470 0.001252 0.031144 0.013642 0.191858 0.012052 0.003189 0.001985 0.001959 0.008339 0.011727 0.005392 0.007794 0.007094 0.001371 0.001835 0.000819 0.003001 0.006446 0.007096 0.000656 0.006656 0.000657 0.000000 0.000219 0.000003 0.019609 0.019166 0.107436 0.017025 0.000637 0.001399 0.000000 0.000983 0.002371 0.003864 0.005645 0.005326 0.000000 0.001888 0.000711 0.001522 0.008425 0.005616 0.000525 0.003265 0.000000 0.002263 0.000000 0.000000 0.025145 0.028539 0.117093 0.017332 0.000000 0.000000 0.000485 0.001590 0.011068 0.006639 0.003990 0.009325 0.000000 0.000000 0.000000 0.000540 0.011417 0.011484 0.002468 0.014919 0.001639 0.001045 0.000253 0.002112 0.014549 0.017004 0.084408 0.013059 0.005235 0.001350 0.000000 0.002896 0.007058 0.003947 0.008327 0.005637 0.000708 0.000620 0.001488 0.002737 
0.000000 0.645036 0.000000 0.120681 0.048730 0.185553 
0.032584 0.009944 0.000000 0.957455 0.000017 0.000000 
0.506278 0.066683 0.000000 0.000000 0.427039 0.000000 
0.000000 0.031954 0.000000 0.008625 0.083189 0.876232 
0.625641 0.047260 0.000000 0.000000 0.131204 0.195895 
0.043041 0.013069 0.000000 0.000000 0.079610 0.864280 
0.000000 0.000015 0.000000 0.000000 0.116958 0.883027 
0.000000 0.084396 0.000000 0.175008 0.740596 0.000000 
0.044423 0.078267 0.000000 0.711734 0.023080 0.142497 
0.378706 0.013332 0.000000 0.330737 0.104561 0.172664 
0.076127 0.099476 0.000000 0.010647 0.813750 0.000000 
0.000000 0.152582 0.000000 0.014271 0.833147 0.000000 
0.000000 0.000012 0.000000 0.976269 0.000022 0.023698 
0.000000 0.137145 0.000000 0.000000 0.862855 0.000000 
0.724938 0.090118 0.000000 0.028147 0.156797 0.000000 
0.000000 0.150162 0.000000 0.000000 0.849838 0.000000 
0.000000 0.976852 0.023132 0.000000 0.000016 0.000000 
0.000000 0.000016 0.036307 0.000000 0.108069 0.855608 
0.000000 0.999983 0.000000 0.000000 0.000017 0.000000 
0.000000 0.087295 0.000000 0.075195 0.823196 0.014314 
0.118483 0.041197 0.000000 0.480282 0.049581 0.310458 
0.386130 0.445208 0.000000 0.061909 0.106753 0.000000 
0.093095 0.033623 0.000000 0.032582 0.708652 0.132048 
0.000000 0.017329 0.000000 0.390363 0.173229 0.419080 
0.070449 0.063159 0.000000 0.014124 0.808131 0.044137 
0.000000 0.946444 0.000000 0.043998 0.009557 0.000000 
0.000000 0.731629 0.027797 0.000000 0.240574 0.000000 
0.767200 0.085796 0.000000 0.000000 0.147004 0.000000 
0.000000 0.105737 0.000000 0.000000 0.564582 0.329681 
0.000000 0.368150 0.000000 0.631831 0.000019 0.000000 
0.688151 0.053113 0.000000 0.000000 0.185441 0.073295 
0.000000 0.088807 0.000000 0.000000 0.911193 0.000000 
0.000000 0.000017 0.000000 0.735276 0.055112 0.209594 
0.726793 0.124477 0.000000 0.000000 0.148730 0.000000 
0.000000 0.016344 0.000000 0.000000 0.075393 0.908263 
0.000000 0.005066 0.000000 0.787073 0.031035 0.176826 
0.000000 0.000016 0.000000 0.000000 0.150521 0.849462 
0.028348 0.056218 0.000000 0.000000 0.542170 0.373265 
0.764175 0.070492 0.004980 0.000000 0.020558 0.139796 
0.054822 0.878870 0.000000 0.066292 0.000016 0.000000 
0.251344 0.191962 0.000000 0.000000 0.133331 0.423364 
0.740969 0.069500 0.000000 0.012426 0.177105 0.000000 
0.000000 0.000016 0.000000 0.006713 0.157075 0.836195 
0.031251 0.056357 0.000000 0.110009 0.787458 0.014925 
0.567839 0.074673 0.061236 0.072518 0.084435 0.139299 
0.862696 0.041185 0.000000 0.000000 0.096118 0.000000 
0.033320 0.185466 0.000000 0.000000 0.781214 0.000000 
0.000000 0.606055 0.000000 0.085049 0.308896 0.000000 
0.374828 0.345687 0.000000 0.208722 0.052902 0.017860 
0.000000 0.041088 0.007338 0.951558 0.000015 0.000000 
0.000000 0.000017 0.000000 0.999969 0.000014 0.000000 
0.000000 0.789932 0.000000 0.000000 0.210068 0.000000 
0.000000 0.784014 0.000000 0.008972 0.000017 0.206996 
0.000000 0.027355 0.000000 0.842452 0.130194 0.000000 
0.036302 0.045850 0.023462 0.000000 0.061254 0.833131 
0.000000 0.066793 0.000000 0.875714 0.057493 0.000000 
0.000000 0.008621 0.000000 0.015128 0.175428 0.800823 
0.070351 0.016458 0.000000 0.867125 0.029105 0.016961 
0.042603 0.821122 0.000000 0.106588 0.029688 0.000000 
0.298946 0.083050 0.000000 0.000000 0.618005 0.000000 
0.219364 0.749129 0.000000 0.000000 0.031507 0.000000 
0.000000 0.000016 0.000000 0.000000 0.160750 0.839234 
0.631492 0.075051 0.000000 0.016470 0.276986 0.000000 
0.022810 0.000018 0.000000 0.632524 0.344648 0.000000 
0.551191 0.111474 0.000000 0.041713 0.094109 0.201512 
0.064717 0.935268 0.000000 0.000000 0.000016 0.000000 
0.000000 0.011741 0.000000 0.000000 0.101787 0.886472 
0.016307 0.000018 0.000000 0.921491 0.000014 0.062169 
0.033308 0.966678 0.000000 0.000000 0.000015 0.000000 
0.009393 0.085094 0.000000 0.905498 0.000015 0.000000 
0.578605 0.173041 0.000000 0.148854 0.099500 0.000000 
0.215969 0.115810 0.000000 0.000000 0.652037 0.016184 
0.019068 0.963565 0.000000 0.004118 0.000016 0.013233 
0.212234 0.000017 0.000000 0.000000 0.122251 0.665497 
0.000000 0.975030 0.024953 0.000000 0.000017 0.000000 
0.117780 0.228173 0.000000 0.323850 0.077644 0.252554 
0.052835 0.114320 0.000000 0.033290 0.799555 0.000000 
0.000000 0.815360 0.017855 0.135451 0.031334 0.000000 
0.100296 0.178734 0.000000 0.000000 0.720970 0.000000 
0.062818 0.462801 0.000000 0.057320 0.000017 0.417044 
0.000000 0.070189 0.000000 0.027165 0.280844 0.621802 
0.000000 0.965300 0.000000 0.020902 0.000015 0.013782 
0.000000 0.090275 0.069382 0.160623 0.556811 0.122908 
0.587411 0.106332 0.000000 0.000000 0.306257 0.000000 
0.000000 0.064350 0.000000 0.050733 0.693041 0.191876 
0.000000 0.000016 0.000000 0.999967 0.000016 0.000000 
0.787959 0.043673 0.013771 0.000000 0.099831 0.054767 
0.068570 0.032144 0.000000 0.520484 0.352457 0.026345 
0.000000 0.209296 0.000000 0.005321 0.785383 0.000000 
0.000000 0.657079 0.000000 0.000000 0.025623 0.317299 
0.469609 0.046147 0.000000 0.000000 0.311184 0.173060 
0.415804 0.452038 0.000000 0.023713 0.108445 0.000000 
0.032516 0.000017 0.000000 0.627441 0.048316 0.291710 
0.000000 0.108401 0.000000 0.089629 0.801970 0.000000 
0.000000 0.000017 0.000000 0.013784 0.117820 0.868379 
0.000000 0.091560 0.000000 0.148844 0.759596 0.000000 
0.000000 0.000019 0.000000 0.690527 0.065511 0.243944 
0.680151 0.149401 0.000000 0.000000 0.170448 0.000000 
0.813461 0.119618 0.000000 0.000000 0.066921 0.000000 
0.077862 0.826714 0.000000 0.006117 0.082102 0.007205 
0.071110 0.544043 0.000000 0.179326 0.205521 0.000000 
0.034638 0.337651 0.039093 0.000000 0.000017 0.588602 
0.151373 0.068144 0.000000 0.000000 0.780483 0.000000 
0.000000 0.026037 0.000000 0.973943 0.000020 0.000000 
0.023842 0.034173 0.000000 0.000000 0.079596 0.862388 
0.000000 0.009805 0.000000 0.222434 0.066303 0.701459 
0.000000 0.092658 0.000000 0.000000 0.907342 0.000000 
0.000000 0.092577 0.000000 0.029644 0.877779 0.000000 
0.000000 0.960865 0.000000 0.000000 0.039135 0.000000 
0.000000 0.866460 0.029132 0.000000 0.104408 0.000000 
0.000000 0.196261 0.000000 0.153024 0.628738 0.021978 
0.000000 0.034070 0.000000 0.891149 0.059938 0.014842 
0.123965 0.246910 0.000000 0.000000 0.629124 0.000000 
0.153436 0.000015 0.000000 0.432171 0.028932 0.385446 
0.000000 0.444040 0.000000 0.000000 0.540811 0.015148 
0.052992 0.000016 0.009549 0.000000 0.035751 0.901691 
0.800606 0.020938 0.000000 0.000000 0.178456 0.000000 
0.000000 0.015623 0.000000 0.948880 0.021425 0.014072 
0.648007 0.054619 0.000000 0.000000 0.297375 0.000000 
0.000000 0.000019 0.000000 0.008284 0.265875 0.725822 
0.000000 0.084689 0.000000 0.020563 0.894748 0.000000 
0.000000 0.124154 0.007703 0.868126 0.000017 0.000000 
0.664731 0.063817 0.000000 0.000000 0.271452 0.000000 
0.033937 0.000016 0.000000 0.315284 0.070914 0.579849 
0.708846 0.100340 0.000000 0.000000 0.122723 0.068091 
0.026542 0.000017 0.000000 0.000000 0.137759 0.835681 
0.782689 0.113799 0.000000 0.007207 0.096306 0.000000 
0.017514 0.145466 0.000000 0.837002 0.000018 0.000000 
0.023431 0.111027 0.000000 0.000000 0.792022 0.073521 
0.000000 0.027665 0.000000 0.000000 0.080172 0.892164 
0.736342 0.077906 0.000000 0.000000 0.185752 0.000000 
0.100959 0.005821 0.000000 0.884147 0.000016 0.009057 
0.000000 0.569313 0.000000 0.007534 0.423152 0.000000 
0.000000 0.428173 0.000000 0.092133 0.479694 0.000000 
0.000000 0.325738 0.000000 0.637632 0.036629 0.000000 
0.000000 0.056905 0.059119 0.330222 0.000019 0.553735 
0.037129 0.000014 0.000000 0.557866 0.000017 0.404975 
0.015181 0.878613 0.021818 0.000000 0.044882 0.039506 
0.000000 0.037479 0.000000 0.011188 0.096204 0.855130 
0.000000 0.183121 0.000000 0.450314 0.366565 0.000000 
0.597958 0.074335 0.000000 0.190685 0.137021 0.000000 
0.101022 0.813615 0.000000 0.000000 0.004361 0.081002 
0.000000 0.987384 0.012601 0.000000 0.000015 0.000000 
0.582151 0.072993 0.000000 0.056452 0.161339 0.127065 
0.018330 0.258817 0.000000 0.286522 0.436331 0.000000 
0.783133 0.062164 0.000000 0.000000 0.154703 0.000000 
0.517059 0.029803 0.000000 0.029192 0.109938 0.314008 
0.679188 0.126901 0.000000 0.009164 0.140876 0.043870 
0.000000 0.999983 0.000000 0.000000 0.000017 0.000000 
0.000000 0.786228 0.000000 0.000000 0.032756 0.181016 
0.008307 0.000016 0.000000 0.000000 0.183013 0.808664 
0.000000 0.877778 0.000000 0.000000 0.122222 0.000000 
0.058144 0.017494 0.000000 0.000000 0.000017 0.924345 
0.000000 0.216404 0.000000 0.054499 0.067445 0.661652 
0.000000 0.901722 0.026174 0.000000 0.000017 0.072087 
0.000000 0.946346 0.000000 0.000000 0.000017 0.053637 
0.546413 0.098538 0.000000 0.093624 0.261425 0.000000 
0.078179 0.053088 0.000000 0.000000 0.868733 0.000000 
0.000000 0.053744 0.000000 0.587030 0.330742 0.028484 
0.000000 0.209233 0.038995 0.000000 0.071602 0.680170 
0.064285 0.000017 0.000000 0.000000 0.046903 0.888794 
0.761254 0.092229 0.000000 0.019463 0.127053 0.000000 
0.300495 0.017879 0.000000 0.000000 0.174465 0.507161 
0.000000 0.000016 0.000000 0.980459 0.019525 0.000000 
0.000000 0.112972 0.000000 0.000000 0.887028 0.000000 
0.132026 0.831487 0.000000 0.000000 0.036486 0.000000 
0.052046 0.090200 0.000000 0.014332 0.813074 0.030349 
0.000000 0.000018 0.000000 0.000000 0.092575 0.907406 
0.020199 0.477102 0.000000 0.295127 0.035330 0.172243 
0.046696 0.087567 0.000000 0.000000 0.865738 0.000000 
0.000000 0.000018 0.000000 0.111700 0.132940 0.755343 
0.146194 0.112516 0.000000 0.000000 0.707704 0.033585 
0.348192 0.527565 0.000000 0.000000 0.124243 0.000000 
0.000000 0.755733 0.000000 0.000000 0.219964 0.024303 
0.000000 0.969556 0.000000 0.014772 0.015672 0.000000 
0.000000 0.011453 0.000000 0.016461 0.142208 0.829878 
0.000000 0.029128 0.000000 0.000000 0.321129 0.649743 
0.000000 0.212136 0.014457 0.010266 0.080576 0.682565 
0.164522 0.064148 0.000000 0.428676 0.342654 0.000000 
0.000000 0.074475 0.000000 0.000000 0.925524 0.000000 
0.042652 0.852940 0.000000 0.044023 0.060384 0.000000 
0.048934 0.090505 0.000000 0.000000 0.860561 0.000000 
0.761981 0.076201 0.000000 0.025293 0.136525 0.000000 
0.000000 0.985970 0.000000 0.014013 0.000017 0.000000 
0.000000 0.113735 0.068608 0.092934 0.000017 0.724705 
0.000000 0.948159 0.000000 0.000000 0.051841 0.000000 
0.000000 0.100537 0.000000 0.000000 0.644820 0.254643 
0.000000 0.006352 0.000000 0.624116 0.041461 0.328070 
0.705855 0.082574 0.000000 0.000000 0.181527 0.030043 
0.000000 0.019190 0.000000 0.522556 0.442953 0.015301 
0.000000 0.111331 0.000000 0.127827 0.760841 0.000000 
0.000000 0.002695 0.000000 0.997295 0.000010 0.000000 
0.456134 0.022198 0.000000 0.418417 0.103251 0.000000 
0.000000 0.999984 0.000000 0.000000 0.000016 0.000000 
0.747432 0.040088 0.000000 0.033927 0.178552 0.000000 
0.030042 0.969941 0.000000 0.000000 0.000017 0.000000 
0.069441 0.076152 0.000000 0.000000 0.712548 0.141859 
0.000000 0.021879 0.000000 0.800562 0.177559 0.000000 
0.000000 0.009149 0.000000 0.986376 0.000015 0.004459 
0.000000 0.096837 0.000000 0.000000 0.887915 0.015248 
0.000000 0.000017 0.000000 0.000000 0.171373 0.828610 
0.000000 0.000018 0.000000 0.000000 0.141024 0.858958 
0.683985 0.098965 0.076564 0.031154 0.109332 0.000000 
0.000000 0.059723 0.000000 0.307863 0.632413 0.000000 
0.223522 0.029065 0.000000 0.000000 0.089917 0.657496 
0.527303 0.103478 0.000000 0.009579 0.114153 0.245486 
0.159859 0.121459 0.000000 0.000000 0.697457 0.021225 
0.000000 0.150019 0.000000 0.011988 0.837993 0.000000 
0.111128 0.020381 0.000000 0.868476 0.000014 0.000000 
0.133127 0.079170 0.000000 0.000000 0.677874 0.109828 
0.663665 0.082025 0.000000 0.000000 0.254310 0.000000 
0.172116 0.031009 0.000000 0.000000 0.064426 0.732449 
0.083758 0.134447 0.000000 0.000000 0.752540 0.029256 
0.042333 0.289056 0.000000 0.000000 0.668611 0.000000 
0.000000 0.284692 0.000000 0.000000 0.715308 0.000000 
0.023813 0.000020 0.000000 0.698888 0.008529 0.268751 
0.000000 0.055252 0.079668 0.045789 0.725259 0.094032 
0.009115 0.111587 0.000000 0.754881 0.124417 0.000000 
0.000000 0.977753 0.022231 0.000000 0.000016 0.000000 
0.017411 0.027029 0.000000 0.009260 0.378322 0.567977 
0.029725 0.107679 0.000000 0.011805 0.850792 0.000000 
0.000000 0.016081 0.000000 0.791999 0.000017 0.191902 
0.283342 0.043111 0.050020 0.623511 0.000016 0.000000 
0.019521 0.138405 0.000000 0.000000 0.827832 0.014243 
0.000000 0.827349 0.000000 0.022119 0.150532 0.000000 
0.000000 0.114303 0.000000 0.012374 0.873323 0.000000 
0.039023 0.891526 0.000000 0.000000 0.000016 0.069435 
0.074706 0.099087 0.000000 0.000000 0.793074 0.033134 
0.648998 0.221333 0.000000 0.015873 0.113796 0.000000 
0.019621 0.015014 0.000000 0.000000 0.100158 0.865208 
0.125480 0.864538 0.000000 0.009966 0.000017 0.000000 
0.052653 0.040435 0.000000 0.589947 0.316965 0.000000 
0.024170 0.015532 0.000000 0.000000 0.119645 0.840652 
0.773214 0.119891 0.000000 0.000000 0.106895 0.000000 
0.000000 0.080481 0.000000 0.000000 0.872943 0.046576 
0.000000 0.000020 0.000000 0.988880 0.011101 0.000000 
0.000000 0.285971 0.000000 0.441540 0.246018 0.026471 
0.000000 0.115503 0.028687 0.677944 0.177865 0.000000 
0.000000 0.114713 0.000000 0.812802 0.019998 0.052487 
0.041482 0.014019 0.000000 0.000000 0.059576 0.884923 
0.000000 0.119872 0.000000 0.000000 0.880128 0.000000 
0.030359 0.013294 0.000000 0.000000 0.072170 0.884177 
0.013977 0.000016 0.000000 0.819456 0.038630 0.127922 
0.000000 0.015396 0.000000 0.846398 0.138206 0.000000 
0.000000 0.402846 0.000000 0.189970 0.035000 0.372184 
0.000000 0.039984 0.000000 0.232459 0.069358 0.658199 
0.794245 0.065323 0.000000 0.000000 0.140432 0.000000 
0.036223 0.628802 0.000000 0.334959 0.000016 0.000000 
0.000000 0.992064 0.000000 0.000000 0.000016 0.007920 
0.000000 0.027627 0.000000 0.162992 0.091049 0.718331 
0.046735 0.226833 0.000000 0.000000 0.070604 0.655828 
0.039655 0.095577 0.000000 0.864751 0.000016 0.000000 
0.000000 0.012696 0.000000 0.938148 0.049155 0.000000 
0.587921 0.029392 0.000000 0.000000 0.382687 0.000000 
0.000000 0.005690 0.000000 0.994290 0.000019 0.000000 
0.490876 0.471062 0.000000 0.000000 0.038062 0.000000 
0.000000 0.074018 0.000000 0.000000 0.925981 0.000000 
0.016616 0.092769 0.000000 0.000000 0.846987 0.043628 
0.100031 0.089537 0.000000 0.000000 0.810431 0.000000 
0.230636 0.344781 0.000000 0.000000 0.411544 0.013039 
0.677956 0.098729 0.000000 0.000000 0.223315 0.000000 
0.707116 0.064769 0.000000 0.000000 0.228115 0.000000 
0.000000 0.000018 0.000000 0.793030 0.031407 0.175545 
0.737690 0.062647 0.000000 0.000000 0.199663 0.000000 
0.061092 0.000018 0.000000 0.000000 0.039954 0.898936 
0.000000 0.092524 0.000000 0.895926 0.011550 0.000000 
0.338241 0.019286 0.000000 0.000000 0.137872 0.504602 
0.085459 0.852411 0.000000 0.000000 0.062130 0.000000 
0.062336 0.095772 0.000000 0.000000 0.084285 0.757607 
0.143439 0.037316 0.000000 0.108898 0.049138 0.661209 
0.000000 0.056323 0.000000 0.432297 0.511380 0.000000 
0.022877 0.533772 0.000000 0.443334 0.000018 0.000000 
0.000000 0.137373 0.000000 0.000000 0.862627 0.000000 
0.761356 0.117768 0.000000 0.000000 0.120876 0.000000 
0.000000 0.104497 0.000000 0.000000 0.895503 0.000000 
0.016183 0.005360 0.000000 0.935395 0.000018 0.043044 
0.577809 0.253312 0.000000 0.000000 0.116709 0.052169 
0.000000 0.000017 0.000000 0.989800 0.005568 0.004614 
0.011474 0.093423 0.000000 0.093399 0.801704 0.000000 
0.367767 0.042214 0.045862 0.466294 0.077863 0.000000 
0.057305 0.692207 0.000000 0.000000 0.138800 0.111689 
0.316924 0.037481 0.000000 0.581909 0.051060 0.012626 
0.346744 0.042331 0.000000 0.047718 0.535965 0.027242 
0.019204 0.013706 0.000000 0.020819 0.055469 0.890802 
0.000000 0.942601 0.000000 0.008391 0.038100 0.010908 
0.000000 0.000015 0.000000 0.014322 0.143890 0.841773 
0.000000 0.999984 0.000000 0.000000 0.000016 0.000000 
0.000000 0.878124 0.000000 0.000000 0.088543 0.033333 
0.000000 0.110791 0.015753 0.868476 0.000017 0.004962 
0.000000 0.034612 0.019314 0.000000 0.073486 0.872588 
0.036631 0.000017 0.000000 0.020323 0.080724 0.862305 
0.000000 0.000018 0.000000 0.333188 0.154918 0.511876 
0.001979 0.000009 0.000000 0.994953 0.000010 0.003049 
0.000000 0.104244 0.000000 0.000000 0.712739 0.183017 
0.000000 0.007816 0.000000 0.980889 0.011295 0.000000 
0.274928 0.609540 0.000000 0.000000 0.108051 0.007481 
0.000000 0.870726 0.000000 0.000000 0.111538 0.017737 
0.000000 0.014807 0.016020 0.410198 0.558975 0.000000 
0.077087 0.226628 0.000000 0.464086 0.232200 0.000000 
0.000000 0.176667 0.000000 0.559113 0.264219 0.000000 
0.356903 0.643081 0.000000 0.000000 0.000016 0.000000 
0.000000 0.028099 0.000000 0.575934 0.057764 0.338203 
0.000000 0.016579 0.000000 0.054913 0.202460 0.726049 
0.000000 0.016037 0.000000 0.000000 0.108958 0.875005 
0.000000 0.092282 0.000000 0.081324 0.826394 0.000000 
0.035890 0.964093 0.000000 0.000000 0.000017 0.000000 
0.328470 0.083108 0.000000 0.250081 0.299634 0.038707 
0.009193 0.020898 0.021406 0.024513 0.070959 0.853031 
0.000000 0.074780 0.000000 0.000000 0.925220 0.000000 
0.017160 0.296393 0.000000 0.000000 0.686447 0.000000 
0.000000 0.021858 0.000000 0.000000 0.522720 0.455422 
0.000000 0.415179 0.000000 0.000000 0.097674 0.487147 
0.000000 0.009758 0.000000 0.025742 0.105267 0.859233 
0.000000 0.774611 0.000000 0.000000 0.072415 0.152974 
0.125299 0.827001 0.000000 0.000000 0.037435 0.010265 
0.017901 0.349683 0.000000 0.449487 0.000017 0.182912 
0.000000 0.000022 0.000000 0.897957 0.102021 0.000000 
0.061175 0.857487 0.000000 0.000000 0.081338 0.000000 
0.000000 0.058514 0.000000 0.000000 0.087218 0.854268 
0.025132 0.920434 0.000000 0.012287 0.000017 0.042129 
0.139967 0.093595 0.000000 0.000000 0.164724 0.601715 
0.000000 0.071243 0.000000 0.000000 0.831060 0.097697 
0.000000 0.043136 0.052565 0.310928 0.593371 0.000000 
0.000000 0.000014 0.000000 0.912181 0.058120 0.029685 
0.000000 0.004953 0.000000 0.995029 0.000018 0.000000 
0.000000 0.023643 0.000000 0.842432 0.133925 0.000000 
0.112538 0.053114 0.000000 0.399561 0.421873 0.012915 
0.000000 0.120284 0.000000 0.000000 0.879715 0.000000 
0.000000 0.076189 0.000000 0.000000 0.609111 0.314700 
0.040936 0.004252 0.000000 0.923958 0.030855 0.000000 
0.246548 0.127175 0.000000 0.120109 0.460456 0.045711 
0.250890 0.179934 0.000000 0.000000 0.569176 0.000000 
0.000000 0.926792 0.000000 0.073191 0.000017 0.000000 
0.000000 0.000017 0.000000 0.973541 0.000016 0.026426 
0.000000 0.000021 0.000000 0.974947 0.000017 0.025015 
0.010818 0.117600 0.032575 0.000000 0.839006 0.000000 
0.000000 0.000013 0.000000 0.958434 0.035114 0.006438 
0.645786 0.047980 0.000000 0.078048 0.228185 0.000000 
0.000000 0.112888 0.000000 0.000000 0.887112 0.000000 
0.039011 0.039073 0.000000 0.302731 0.079773 0.539412 
0.000000 0.000008 0.000000 0.999980 0.000012 0.000000 
0.645266 0.096085 0.000000 0.000000 0.246857 0.011793 
0.071540 0.067975 0.000000 0.047258 0.813227 0.000000 
0.048773 0.007700 0.017091 0.345504 0.000018 0.580914 
0.000000 0.025028 0.000000 0.674185 0.300787 0.000000 
0.030996 0.487254 0.000000 0.022561 0.062758 0.396431 
0.000000 0.072434 0.000000 0.000000 0.832106 0.095460 
0.783443 0.088527 0.000000 0.000000 0.128030 0.000000 
0.241782 0.241560 0.030399 0.000000 0.486258 0.000000 
0.057156 0.030503 0.000000 0.256778 0.470266 0.185298 
0.686321 0.204215 0.000000 0.000000 0.109464 0.000000 
0.000000 0.000017 0.036511 0.034761 0.131767 0.796944 
0.000000 0.115420 0.022217 0.000000 0.840445 0.021918 
0.036257 0.225363 0.000000 0.000000 0.738380 0.000000 
0.010194 0.098526 0.041796 0.000000 0.822916 0.026567 
0.759189 0.084034 0.000000 0.018430 0.138347 0.000000 
0.000000 0.999984 0.000000 0.000000 0.000016 0.000000 
0.117979 0.841874 0.032878 0.000000 0.000017 0.007252 
0.047497 0.952487 0.000000 0.000000 0.000016 0.000000 
0.711133 0.075874 0.019038 0.000000 0.124978 0.068977 
0.000000 0.037925 0.000000 0.703341 0.258735 0.000000 
0.026490 0.073591 0.020399 0.066261 0.073623 0.739636 
0.023046 0.000017 0.012808 0.155923 0.054264 0.753942 
0.740719 0.095621 0.000000 0.000000 0.163660 0.000000 
0.000000 0.010467 0.003981 0.982507 0.000018 0.003028 
0.000000 0.000020 0.000000 0.966807 0.033173 0.000000 
0.018422 0.022218 0.000000 0.000000 0.065608 0.893751 
0.000000 0.268813 0.000000 0.018814 0.712373 0.000000 
0.027647 0.071483 0.000000 0.000000 0.792089 0.108780 
0.015560 0.042065 0.000000 0.000000 0.094403 0.847971 
0.000000 0.061843 0.000000 0.000000 0.488055 0.450102 
0.016119 0.338919 0.000000 0.000000 0.468390 0.176572 
0.000000 0.089552 0.000000 0.000000 0.910448 0.000000 
0.000000 0.000017 0.000000 0.054139 0.092449 0.853395 
0.301582 0.288125 0.000000 0.000000 0.125992 0.284302 
0.000000 0.000017 0.014494 0.000000 0.116144 0.869346 
0.018955 0.000015 0.012917 0.000000 0.136923 0.831189 
0.000000 0.114415 0.000000 0.000000 0.885585 0.000000 
0.000000 0.041344 0.000000 0.000000 0.358508 0.600148 
0.234910 0.149370 0.000000 0.395245 0.220475 0.000000 
0.788330 0.082995 0.000000 0.000000 0.128675 0.000000 
0.000000 0.055028 0.000000 0.944955 0.000016 0.000000 
0.039747 0.948868 0.000000 0.011369 0.000017 0.000000 
0.386026 0.037106 0.000000 0.501024 0.075843 0.000000 
0.040542 0.949952 0.009489 0.000000 0.000017 0.000000 
0.000000 0.981808 0.018176 0.000000 0.000016 0.000000 
0.000000 0.999986 0.000000 0.000000 0.000014 0.000000 
0.000000 0.000017 0.000000 0.063712 0.108139 0.828132 
0.000000 0.000017 0.000000 0.971865 0.028118 0.000000 
0.445938 0.080812 0.000000 0.029229 0.219432 0.224589 
0.000000 0.124759 0.000000 0.000000 0.875241 0.000000 
0.000000 0.126749 0.000000 0.000000 0.865059 0.008192 
0.058462 0.096756 0.000000 0.017950 0.809760 0.017072 
0.000000 0.008354 0.000000 0.000000 0.144471 0.847175 
0.661338 0.065612 0.000000 0.109906 0.163144 0.000000 
0.000000 0.972001 0.000000 0.000000 0.027999 0.000000 
0.671832 0.151668 0.000000 0.007649 0.168850 0.000000 
0.000000 0.000017 0.018093 0.000000 0.127919 0.853970 
0.026116 0.015820 0.000000 0.015675 0.099181 0.843207 
0.000000 0.063264 0.000000 0.306770 0.629966 0.000000 
0.000000 0.011163 0.000000 0.983407 0.000018 0.005412 
0.000000 0.718336 0.000000 0.000000 0.281664 0.000000 
0.000000 0.051109 0.028191 0.000000 0.072658 0.848042 
0.716258 0.081769 0.000000 0.000000 0.201974 0.000000 
0.000000 0.010821 0.026201 0.000000 0.117062 0.845916 
0.000000 0.142304 0.000000 0.000000 0.857696 0.000000 
0.000000 0.790555 0.000000 0.209428 0.000017 0.000000 
0.543704 0.095131 0.000000 0.019188 0.156685 0.185292 
0.019883 0.025270 0.000000 0.643460 0.034211 0.277176 
0.000000 0.834706 0.000000 0.017203 0.148091 0.000000 
0.184596 0.053734 0.034855 0.049508 0.677307 0.000000 
0.727158 0.107759 0.000000 0.000000 0.165082 0.000000 
0.015925 0.109749 0.000000 0.000000 0.874326 0.000000 
0.763543 0.171836 0.000000 0.000000 0.064621 0.000000 
0.025330 0.000016 0.006917 0.107676 0.083647 0.776415 
0.000000 0.100507 0.000000 0.000000 0.828324 0.071168 
0.610300 0.119763 0.000000 0.000000 0.269937 0.000000 
0.000000 0.151963 0.000000 0.000000 0.723641 0.124396 
0.729794 0.035322 0.000000 0.010573 0.224310 0.000000 
0.000000 0.370364 0.000000 0.629617 0.000019 0.000000 
0.047138 0.078548 0.000000 0.041645 0.832668 0.000000 
0.000000 0.098993 0.000000 0.000000 0.872169 0.028838 
0.022307 0.942241 0.000000 0.005098 0.022365 0.007989 
0.000000 0.130888 0.000000 0.000000 0.869112 0.000000 
0.000000 0.000018 0.000000 0.961358 0.038624 0.000000 
0.000000 0.000013 0.000000 0.993535 0.000012 0.006440 
0.029705 0.379090 0.000000 0.516396 0.000017 0.074793 
0.149484 0.530071 0.000000 0.255152 0.065293 0.000000 
0.000000 0.999982 0.000000 0.000000 0.000017 0.000000 
0.037546 0.000015 0.000000 0.020344 0.037148 0.904946 
0.050635 0.932406 0.000000 0.000000 0.000016 0.016943 
0.000000 0.024699 0.000000 0.000000 0.095923 0.879378 
0.103688 0.000018 0.000000 0.319830 0.264436 0.312027 
0.178338 0.094126 0.000000 0.389337 0.338198 0.000000 
0.000000 0.989121 0.000000 0.000000 0.010878 0.000000 
0.035042 0.904995 0.059946 0.000000 0.000017 0.000000 
0.230849 0.000020 0.000000 0.743048 0.026084 0.000000 
0.728555 0.110537 0.000000 0.000000 0.160908 0.000000 
0.000000 0.034608 0.000000 0.000000 0.136321 0.829071 
0.154385 0.027615 0.000000 0.014144 0.108197 0.695660 
0.032370 0.045572 0.000000 0.025657 0.458275 0.438126 
0.744129 0.061539 0.000000 0.000000 0.194332 0.000000 
0.000000 0.000020 0.012104 0.978479 0.000019 0.009377 
0.006508 0.000018 0.000000 0.986064 0.000017 0.007393 
0.068907 0.190758 0.000000 0.015430 0.094478 0.630426 
0.037887 0.045377 0.000000 0.000000 0.094927 0.821809 
0.016533 0.000015 0.000000 0.646669 0.033683 0.303100 
0.319136 0.085124 0.000000 0.000000 0.533848 0.061891 
0.000000 0.999982 0.000000 0.000000 0.000018 0.000000 
0.154421 0.023049 0.000000 0.762579 0.059951 0.000000 
0.542492 0.099232 0.000000 0.235634 0.122642 0.000000 
0.000000 0.920268 0.000000 0.000000 0.000016 0.079716 
0.000000 0.074798 0.000000 0.475311 0.033175 0.416716 
0.769127 0.072617 0.000000 0.010664 0.147592 0.000000 
0.012422 0.940674 0.000000 0.000000 0.046904 0.000000 
0.049357 0.894943 0.000000 0.055683 0.000017 0.000000 
0.026309 0.028030 0.000000 0.000000 0.076125 0.869536 
0.000000 0.789740 0.000000 0.000000 0.210260 0.000000 
0.000000 0.018989 0.000000 0.000000 0.321725 0.659286 
0.000000 0.982891 0.000000 0.000000 0.017109 0.000000 
0.011656 0.000015 0.000000 0.988315 0.000014 0.000000 
0.275047 0.076694 0.000000 0.000000 0.648259 0.000000 
0.000000 0.967922 0.000000 0.004771 0.000018 0.027289 
0.018265 0.000019 0.000000 0.862674 0.000016 0.119025 
0.000000 0.068554 0.000000 0.000000 0.832959 0.098487 
0.049417 0.104625 0.000000 0.000000 0.096039 0.749919 
0.000000 0.000019 0.000000 0.568438 0.246805 0.184738 
0.000000 0.000016 0.008108 0.991856 0.000020 0.000000 
0.000000 0.111498 0.000000 0.088962 0.799539 0.000000 
0.000000 0.193619 0.000000 0.000000 0.403732 0.402649 
0.231872 0.021290 0.000000 0.000000 0.041180 0.705659 
0.000000 0.096629 0.000000 0.000000 0.868483 0.034888 
0.055847 0.097918 0.000000 0.000000 0.846235 0.000000 
0.000000 0.075013 0.022314 0.000000 0.806466 0.096207 
0.098441 0.035063 0.000000 0.000000 0.048432 0.818063 
0.279687 0.020382 0.055227 0.388435 0.239735 0.016534 
0.090934 0.047593 0.000000 0.288049 0.533536 0.039888 
0.010831 0.000017 0.021094 0.968039 0.000018 0.000000 
0.000000 0.030810 0.000000 0.202517 0.053156 0.713518 
0.559221 0.138833 0.000000 0.000000 0.301946 0.000000 
0.000000 0.000018 0.000000 0.000000 0.090649 0.909332 
0.716908 0.074735 0.035542 0.000000 0.172814 0.000000 
0.000000 0.736419 0.000000 0.000000 0.000017 0.263564 
0.197440 0.081344 0.000000 0.000000 0.690298 0.030918 
0.013031 0.000016 0.000000 0.011039 0.126603 0.849311 
0.568174 0.072236 0.000000 0.000000 0.218615 0.140976 
0.000000 0.567799 0.000000 0.000000 0.000018 0.432183 
0.024088 0.165085 0.000000 0.000000 0.094201 0.716626 
0.030398 0.107490 0.000000 0.000000 0.862111 0.000000 
0.000000 0.275345 0.000000 0.000000 0.724655 0.000000 
0.000000 0.000017 0.000000 0.981208 0.018775 0.000000 
0.029740 0.035239 0.000000 0.000000 0.026167 0.908855 
0.677376 0.084810 0.000000 0.000000 0.063753 0.174061 
0.017182 0.076902 0.000000 0.000000 0.767215 0.138701 
0.000000 0.971709 0.000000 0.000000 0.028291 0.000000 
0.661148 0.092469 0.000000 0.009542 0.112185 0.124655 
0.000000 0.000013 0.011305 0.979949 0.006002 0.002732 
0.000000 0.951969 0.018601 0.029414 0.000016 0.000000 
0.795636 0.096617 0.000000 0.000000 0.107747 0.000000 
0.038498 0.079208 0.000000 0.000000 0.828607 0.053688 
0.105858 0.242053 0.0167815 0.10128 0.241324 0.10637 
