-1910911.382063
0
0.023196 0.018666 0.001835 0.017074 0.025298 0.012318 0.005966 0.023846 0.017182 0.008853 0.001853 0.015628 0.007932 0.008195 0.006985 0.008231 0.010396 0.009172 0.010311 0.016747 0.002009 0.001574 0.009398 0.007801 0.018505 0.017712 0.001602 0.015506 0.016932 0.014653 0.004287 0.026370 0.013974 0.007932 0.002502 0.014611 0.008629 0.013892 0.011714 0.017278 0.007432 0.014874 0.007541 0.012114 0.002021 0.005679 0.010458 0.008702 0.008382 0.010725 0.000000 0.012326 0.012382 0.010510 0.002039 0.018461 0.016414 0.007150 0.000000 0.009390 0.004370 0.005350 0.007925 0.008848 0.005748 0.005636 0.005383 0.006217 0.004851 0.004160 0.018706 0.008673 0.010440 0.017087 0.001136 0.015777 0.016498 0.020659 0.002963 0.034465 0.008497 0.014106 0.000000 0.009132 0.007411 0.009572 0.006133 0.015687 0.008542 0.010377 0.005586 0.009978 0.005524 0.006666 0.012549 0.012189 
0.001574 0.000572 0.000030 0.000152 0.000006 0.000035 0.000018 0.000089 0.003940 0.000293 0.001543 0.001348 0.000007 0.000034 0.000062 0.000008 0.001390 0.000058 0.000118 0.000152 0.000000 0.000000 0.026861 0.000002 0.000346 0.000012 0.000002 0.000255 0.000000 0.000006 0.000000 0.000005 0.008994 0.001497 0.001937 0.003307 0.000004 0.000089 0.000000 0.000008 0.000062 0.000088 0.000473 0.000113 0.070841 0.000021 0.000000 0.000000 0.000878 0.000018 0.000000 0.000013 0.000000 0.000008 0.093071 0.000004 0.002784 0.001206 0.000000 0.001715 0.013205 0.000002 0.000000 0.000030 0.000012 0.000006 0.000006 0.000084 0.186165 0.000000 0.000000 0.373777 0.002440 0.002720 0.000254 0.002650 0.000162 0.000007 0.137693 0.002950 0.008891 0.010175 0.000030 0.013061 0.000058 0.000005 0.000000 0.000067 0.000008 0.000005 0.000061 0.000075 0.000000 0.000000 0.019352 0.000000 
0.011378 0.009675 0.001562 0.006239 0.000000 0.001503 0.000495 0.001239 0.031899 0.013424 0.207436 0.011749 0.002478 0.001497 0.000743 0.007744 0.007610 0.004119 0.004584 0.004429 0.001020 0.001727 0.000691 0.003085 0.006770 0.008668 0.000421 0.006692 0.000000 0.000000 0.000000 0.000000 0.018483 0.018657 0.115703 0.016404 0.000440 0.001330 0.000000 0.000000 0.000761 0.003074 0.003570 0.003311 0.000000 0.001805 0.000000 0.000000 0.007986 0.005447 0.000000 0.002650 0.000000 0.002242 0.000000 0.000000 0.025478 0.028858 0.126110 0.016231 0.000000 0.000000 0.000000 0.001454 0.009812 0.006051 0.002416 0.008539 0.000000 0.000273 0.000000 0.001040 0.011042 0.011948 0.002170 0.014558 0.002347 0.001022 0.000458 0.003406 0.014761 0.016292 0.091226 0.013029 0.004739 0.000956 0.000000 0.002479 0.005487 0.002807 0.007318 0.004093 0.000000 0.000000 0.001393 0.001465 
0.037782 0.032754 0.020031 0.026150 0.009794 0.005271 0.003098 0.004483 0.011124 0.007536 0.001828 0.004923 0.004812 0.003211 0.009367 0.001965 0.007183 0.001128 0.006244 0.001808 0.000000 0.000000 0.000866 0.000000 0.049200 0.065987 0.009031 0.047010 0.010546 0.009598 0.006830 0.009470 0.021771 0.013857 0.006688 0.019737 0.007555 0.011185 0.036857 0.011022 0.004538 0.001706 0.009491 0.004506 0.000000 0.000930 0.004284 0.000000 0.040415 0.042911 0.025218 0.027011 0.007496 0.009530 0.007372 0.005786 0.007835 0.007505 0.001635 0.007597 0.006463 0.004793 0.013731 0.004363 0.005241 0.001130 0.003398 0.001620 0.000000 0.000000 0.000000 0.000000 0.035061 0.057215 0.010742 0.038776 0.002605 0.010400 0.003090 0.004342 0.002497 0.005185 0.000000 0.007831 0.003909 0.004602 0.007880 0.003299 0.001696 0.000000 0.002886 0.001258 0.000000 0.000000 0.002516 0.000000 
0.001777 0.003813 0.000002 0.002437 0.000000 0.000002 0.002121 0.000008 0.015818 0.000031 0.009068 0.003619 0.000001 0.001548 0.000005 0.000000 0.006769 0.000004 0.000013 0.000015 0.000000 0.000000 0.001117 0.000551 0.010764 0.000001 0.000000 0.000025 0.000000 0.000000 0.000000 0.000000 0.031352 0.002560 0.001847 0.002151 0.000000 0.013049 0.000000 0.008519 0.000005 0.011734 0.002523 0.004951 0.000000 0.001638 0.000000 0.003546 0.003644 0.000001 0.000000 0.000001 0.000000 0.000001 0.000000 0.003684 0.003369 0.003646 0.000000 0.009646 0.000000 0.000000 0.000000 0.000002 0.000001 0.000000 0.000000 0.008162 0.000000 0.000000 0.000000 0.000000 0.000539 0.006703 0.002641 0.000553 0.031642 0.000000 0.000001 0.050940 0.318738 0.101736 0.038398 0.268277 0.000004 0.000000 0.000000 0.000006 0.000001 0.000000 0.003057 0.000005 0.001215 0.000000 0.000003 0.000000 
0.013399 0.006691 0.001972 0.007427 0.010271 0.006659 0.001355 0.009169 0.022767 0.014175 0.019074 0.016666 0.009402 0.006927 0.012456 0.012474 0.041776 0.015629 0.033359 0.030719 0.004069 0.002438 0.004649 0.003267 0.006745 0.000000 0.002577 0.008875 0.005549 0.005771 0.002201 0.006339 0.025109 0.019554 0.014517 0.021182 0.004114 0.004337 0.009565 0.009179 0.015537 0.012573 0.021343 0.021334 0.001823 0.003241 0.007127 0.012552 0.012118 0.008387 0.002808 0.009983 0.004574 0.004462 0.000000 0.004206 0.020503 0.019820 0.014730 0.022659 0.006407 0.003648 0.007171 0.004327 0.019108 0.010429 0.015688 0.016912 0.000000 0.000000 0.004428 0.000000 0.015132 0.009298 0.004160 0.018608 0.000001 0.006013 0.000000 0.001645 0.011934 0.021946 0.009796 0.011653 0.009334 0.006064 0.007436 0.009408 0.018576 0.015363 0.014632 0.018760 0.005474 0.005246 0.004917 0.014302 
0.000695 0.000143 0.000225 0.000001 0.000160 0.000074 0.000000 0.000644 0.007292 0.002490 0.002951 0.003729 0.000000 0.000000 0.000457 0.000000 0.000775 0.000365 0.000322 0.001603 0.000000 0.000000 0.000141 0.000000 0.000003 0.000379 0.000000 0.000408 0.000000 0.000430 0.000000 0.000163 0.013889 0.002786 0.004997 0.009168 0.000000 0.000001 0.000000 0.000000 0.000617 0.000000 0.000387 0.000001 0.000072 0.000000 0.000000 0.000000 0.000352 0.000000 0.000000 0.000000 0.000000 0.000000 0.000000 0.000000 0.006616 0.001684 0.000000 0.002744 0.000000 0.000146 0.000000 0.000077 0.000000 0.000000 0.000000 0.000000 0.000000 0.000033 0.000000 0.000000 0.015831 0.006321 0.001652 0.012231 0.038578 0.000000 0.001638 0.067880 0.430774 0.080947 0.047708 0.228043 0.000184 0.000000 0.000000 0.000277 0.000000 0.000453 0.000001 0.000461 0.000000 0.000000 0.000000 0.000000 
0.019743 0.000000 0.171491 0.602843 0.000000 0.086741 0.119182 
0.029303 0.001875 0.000000 0.009695 0.079763 0.000069 0.879295 
0.642000 0.000000 0.000000 0.000000 0.008256 0.349743 0.000000 
0.000004 0.000000 0.819978 0.012452 0.000000 0.162302 0.005265 
0.701954 0.000000 0.176966 0.000000 0.000000 0.115709 0.005370 
0.028268 0.000000 0.782296 0.000000 0.000000 0.189436 0.000000 
0.015488 0.000000 0.818878 0.000000 0.000000 0.165634 0.000000 
0.137534 0.000000 0.000000 0.027370 0.000000 0.662137 0.172959 
0.049684 0.000000 0.126910 0.067723 0.005159 0.050503 0.700021 
0.432113 0.000000 0.158815 0.000000 0.000000 0.080419 0.328653 
0.235157 0.000000 0.000000 0.024967 0.009751 0.730124 0.000000 
0.113382 0.005982 0.000000 0.091113 0.000000 0.774745 0.014778 
0.000005 0.000000 0.018827 0.000000 0.000000 0.015327 0.965842 
0.158638 0.011702 0.000000 0.061963 0.000000 0.767696 0.000000 
0.837944 0.000000 0.000000 0.028679 0.035369 0.098009 0.000000 
0.147711 0.001405 0.000000 0.082387 0.000000 0.768497 0.000000 
0.052039 0.000000 0.000000 0.898845 0.000000 0.049116 0.000000 
0.000004 0.000000 0.784652 0.000000 0.000000 0.215344 0.000000 
0.000003 0.000000 0.000000 0.926608 0.000000 0.073388 0.000000 
0.178709 0.004734 0.018832 0.016592 0.000000 0.708341 0.072793 
0.144869 0.000000 0.288417 0.023039 0.000000 0.067704 0.475971 
0.470323 0.000000 0.000000 0.379248 0.000000 0.088910 0.061518 
0.200732 0.007069 0.119084 0.000000 0.000000 0.639778 0.033336 
0.000003 0.000000 0.380859 0.000000 0.066681 0.223550 0.328907 
0.233326 0.000000 0.041000 0.000000 0.000000 0.711708 0.013966 
0.000003 0.000000 0.000000 0.906876 0.000000 0.048542 0.044578 
0.071300 0.000000 0.000000 0.659530 0.000000 0.269169 0.000000 
0.866639 0.000000 0.000000 0.024930 0.000000 0.108430 0.000000 
0.129877 0.000000 0.308046 0.049874 0.000000 0.512203 0.000000 
0.000003 0.000000 0.000000 0.327954 0.000000 0.048487 0.623555 
0.812500 0.000000 0.072086 0.000000 0.000000 0.115414 0.000000 
0.198919 0.005367 0.000000 0.000000 0.000000 0.795714 0.000000 
0.000004 0.000000 0.190890 0.000000 0.058689 0.073478 0.676939 
0.833019 0.000000 0.000000 0.053748 0.000000 0.113233 0.000000 
0.000003 0.000000 0.826019 0.000000 0.000000 0.173978 0.000000 
0.000003 0.001092 0.160964 0.000000 0.000000 0.056558 0.781382 
0.000004 0.000000 0.783579 0.000000 0.000000 0.216417 0.000000 
0.105608 0.003055 0.339350 0.000000 0.000000 0.551986 0.000000 
0.859787 0.000000 0.127877 0.000000 0.012268 0.000068 0.000000 
0.104395 0.000000 0.000000 0.828082 0.000000 0.000074 0.067450 
0.300424 0.000000 0.387995 0.150038 0.000000 0.161543 0.000000 
0.872682 0.000000 0.000000 0.000000 0.000000 0.112341 0.014977 
0.000003 0.000000 0.752657 0.000000 0.000000 0.240661 0.006679 
0.134948 0.005483 0.000000 0.000000 0.000000 0.748959 0.110610 
0.678789 0.000000 0.130286 0.030692 0.090741 0.069492 0.000000 
0.951192 0.000000 0.000000 0.000000 0.000000 0.048807 0.000000 
0.172789 0.000000 0.000000 0.115798 0.000000 0.711412 0.000000 
0.070554 0.000000 0.000000 0.541493 0.000000 0.304312 0.083641 
0.449622 0.000000 0.019586 0.291996 0.000000 0.031405 0.207392 
0.000003 0.000000 0.000000 0.042621 0.000000 0.011666 0.945710 
0.000003 0.000000 0.000000 0.002267 0.030314 0.000080 0.967336 
0.040417 0.000000 0.000000 0.722278 0.000000 0.237305 0.000000 
0.013886 0.000000 0.185011 0.715201 0.000000 0.077685 0.008218 
0.000004 0.000000 0.000000 0.022439 0.054268 0.135584 0.787706 
0.049169 0.000000 0.783496 0.027960 0.000000 0.139376 0.000000 
0.000004 0.000000 0.000000 0.064625 0.000000 0.067980 0.867391 
0.024904 0.000000 0.735100 0.000000 0.000000 0.226094 0.013902 
0.118386 0.000000 0.021481 0.000000 0.000000 0.000083 0.860050 
0.064973 0.000000 0.000000 0.761953 0.000000 0.067456 0.105619 
0.466948 0.000000 0.000000 0.000000 0.000000 0.533052 0.000000 
0.271129 0.000000 0.000000 0.678244 0.000000 0.050627 0.000000 
0.000004 0.001619 0.771718 0.000000 0.000000 0.226660 0.000000 
0.780760 0.000000 0.000000 0.000000 0.000000 0.201699 0.017541 
0.057944 0.000000 0.000000 0.000000 0.000000 0.316673 0.625383 
0.632653 0.000000 0.187275 0.063789 0.046669 0.069613 0.000000 
0.109889 0.000000 0.005083 0.884957 0.000000 0.000070 0.000000 
0.000003 0.000000 0.807043 0.000000 0.000000 0.192954 0.000000 
0.021513 0.000000 0.061413 0.000000 0.030807 0.000057 0.886210 
0.068418 0.000000 0.000000 0.931515 0.000000 0.000067 0.000000 
0.014204 0.000000 0.000000 0.079590 0.066867 0.000067 0.839272 
0.681959 0.000000 0.000000 0.115040 0.000000 0.053718 0.149283 
0.365858 0.000000 0.015377 0.042418 0.000000 0.576347 0.000000 
0.062368 0.000000 0.017199 0.898336 0.000000 0.018322 0.003775 
0.215534 0.000000 0.600287 0.000000 0.000000 0.184179 0.000000 
0.037616 0.000000 0.000000 0.898830 0.000000 0.063554 0.000000 
0.147354 0.000000 0.231599 0.198029 0.000000 0.102091 0.320927 
0.223730 0.000000 0.000000 0.037976 0.000000 0.705926 0.032369 
0.000003 0.000000 0.000000 0.757328 0.000000 0.106392 0.136277 
0.250147 0.000000 0.000000 0.108101 0.000000 0.641752 0.000000 
0.060112 0.000000 0.371074 0.418503 0.000000 0.093679 0.056631 
0.000004 0.000000 0.564500 0.051525 0.000000 0.356220 0.027752 
0.048319 0.000000 0.020194 0.910889 0.000000 0.000077 0.020521 
0.141876 0.000000 0.112327 0.029680 0.000000 0.549277 0.166839 
0.729101 0.000000 0.000000 0.029407 0.000000 0.241491 0.000000 
0.142703 0.000000 0.178394 0.000000 0.000000 0.630194 0.048708 
0.000003 0.000000 0.000000 0.000000 0.135733 0.000044 0.864219 
0.884514 0.000000 0.051727 0.000000 0.000000 0.063759 0.000000 
0.130338 0.007232 0.023813 0.000000 0.000000 0.322783 0.515834 
0.137574 0.008744 0.000000 0.138234 0.000000 0.715448 0.000000 
0.000003 0.000000 0.285874 0.611002 0.000000 0.103121 0.000000 
0.562647 0.000000 0.157892 0.000000 0.000000 0.279461 0.000000 
0.499797 0.000000 0.000000 0.384989 0.000000 0.090327 0.024888 
0.035334 0.000000 0.268063 0.000000 0.000000 0.074450 0.622152 
0.154564 0.000000 0.000000 0.037045 0.097802 0.710589 0.000000 
0.000003 0.000000 0.798932 0.000000 0.000000 0.187915 0.013149 
0.131870 0.000000 0.000000 0.033303 0.000000 0.687499 0.147328 
0.000003 0.000000 0.221278 0.000000 0.000000 0.094014 0.684705 
0.815195 0.000000 0.000000 0.069155 0.000000 0.115650 0.000000 
0.954820 0.000000 0.000000 0.045110 0.000000 0.000070 0.000000 
0.117643 0.000000 0.008745 0.762358 0.000000 0.105393 0.005860 
0.126190 0.000000 0.000000 0.489919 0.097956 0.193156 0.092779 
0.060946 0.000000 0.544534 0.301088 0.000000 0.093433 0.000000 
0.299397 0.000000 0.000000 0.000000 0.000000 0.700603 0.000000 
0.000004 0.000000 0.000000 0.023107 0.000000 0.015605 0.961284 
0.000004 0.000000 0.788625 0.025038 0.000000 0.186334 0.000000 
0.000003 0.000000 0.638784 0.000000 0.057216 0.135438 0.168559 
0.164312 0.008218 0.000000 0.023202 0.000000 0.804268 0.000000 
0.164114 0.005973 0.000000 0.000000 0.000000 0.801268 0.028645 
0.000003 0.000000 0.000000 0.897982 0.000000 0.102015 0.000000 
0.076249 0.000000 0.000000 0.788823 0.000000 0.134928 0.000000 
0.000004 0.004453 0.000000 0.160499 0.000000 0.676610 0.158435 
0.000003 0.000000 0.012120 0.029969 0.129403 0.060596 0.767909 
0.229603 0.010993 0.000000 0.182554 0.000000 0.576850 0.000000 
0.154427 0.000000 0.350283 0.000000 0.108092 0.052655 0.334543 
0.092732 0.003784 0.012482 0.381391 0.000000 0.509612 0.000000 
0.038885 0.000000 0.827637 0.000000 0.000000 0.133478 0.000000 
0.890424 0.000000 0.000000 0.000000 0.000000 0.109576 0.000000 
0.000003 0.000000 0.011720 0.012957 0.072304 0.026872 0.876143 
0.769449 0.000000 0.000000 0.000000 0.000000 0.230551 0.000000 
0.000004 0.000000 0.655798 0.000000 0.000000 0.333645 0.010553 
0.201611 0.000000 0.000000 0.000000 0.023646 0.774743 0.000000 
0.000004 0.000000 0.000000 0.115499 0.000000 0.023903 0.860594 
0.795955 0.000000 0.000000 0.000000 0.000000 0.204044 0.000000 
0.030855 0.000000 0.530545 0.000000 0.000000 0.125763 0.312837 
0.836192 0.000000 0.068165 0.034970 0.000000 0.060673 0.000000 
0.020438 0.000000 0.763820 0.000000 0.000000 0.215741 0.000000 
0.946689 0.000000 0.012752 0.031858 0.000000 0.000071 0.008631 
0.034611 0.000000 0.000000 0.135360 0.000000 0.000084 0.829945 
0.148951 0.000000 0.063913 0.044515 0.000000 0.742621 0.000000 
0.000003 0.000000 0.811717 0.000000 0.000000 0.188279 0.000000 
0.836130 0.000000 0.000000 0.017311 0.000000 0.146559 0.000000 
0.115076 0.000000 0.008997 0.000000 0.000000 0.000064 0.875863 
0.000004 0.001393 0.000000 0.531329 0.000000 0.457959 0.009316 
0.000003 0.005623 0.000000 0.389786 0.105588 0.499000 0.000000 
0.000004 0.000000 0.000000 0.306716 0.000000 0.061387 0.631893 
0.000003 0.000000 0.472867 0.038875 0.115023 0.138064 0.235167 
0.028668 0.000000 0.372176 0.000000 0.025686 0.042983 0.530487 
0.073843 0.000000 0.037968 0.800207 0.000000 0.087982 0.000000 
0.000003 0.000000 0.785573 0.018121 0.010050 0.186253 0.000000 
0.057087 0.000000 0.000000 0.147435 0.000000 0.348823 0.446655 
0.703649 0.000000 0.000000 0.019590 0.000000 0.086240 0.190522 
0.119389 0.000000 0.072536 0.748272 0.000000 0.059802 0.000000 
0.052399 0.000000 0.000000 0.938042 0.000000 0.009559 0.000000 
0.715828 0.000000 0.122748 0.000000 0.000000 0.105080 0.056343 
0.058539 0.000000 0.000000 0.218710 0.000000 0.437939 0.284813 
0.901836 0.000000 0.000000 0.000000 0.000000 0.098164 0.000000 
0.585253 0.000000 0.288016 0.000000 0.000000 0.096902 0.029829 
0.792476 0.000000 0.044021 0.062692 0.010917 0.089894 0.000000 
0.021429 0.000000 0.000000 0.922787 0.000000 0.055784 0.000000 
0.000003 0.000000 0.163511 0.735941 0.000000 0.100545 0.000000 
0.000003 0.002059 0.727439 0.000000 0.000000 0.270498 0.000000 
0.028818 0.000000 0.000000 0.808754 0.000000 0.162427 0.000000 
0.042395 0.000000 0.835022 0.000000 0.000000 0.122582 0.000000 
0.000003 0.000000 0.603494 0.191186 0.000000 0.151933 0.053384 
0.020858 0.000000 0.062392 0.831574 0.000000 0.085176 0.000000 
0.000004 0.000000 0.043214 0.867485 0.000000 0.089297 0.000000 
0.665469 0.000000 0.000000 0.037354 0.000000 0.202642 0.094534 
0.208643 0.000000 0.000000 0.000000 0.000000 0.791357 0.000000 
0.039090 0.001743 0.023778 0.030045 0.000000 0.323229 0.582114 
0.000004 0.000000 0.628429 0.187194 0.000000 0.184374 0.000000 
0.046113 0.000000 0.813502 0.000000 0.000000 0.140384 0.000000 
0.878447 0.000000 0.000000 0.019850 0.000000 0.079294 0.022409 
0.346426 0.000000 0.465378 0.000000 0.000000 0.188196 0.000000 
0.000004 0.001755 0.000000 0.000000 0.023542 0.023170 0.951529 
0.172638 0.003092 0.000000 0.031737 0.000000 0.792532 0.000000 
0.169529 0.000000 0.000000 0.767014 0.000000 0.063457 0.000000 
0.181284 0.000000 0.022351 0.015031 0.016871 0.764463 0.000000 
0.000003 0.000000 0.834383 0.000000 0.000000 0.165613 0.000000 
0.000003 0.004082 0.154814 0.455887 0.000000 0.092059 0.293155 
0.192968 0.004795 0.000000 0.008735 0.013375 0.780127 0.000000 
0.000003 0.000000 0.687874 0.000000 0.122549 0.189574 0.000000 
0.289993 0.000000 0.030204 0.043276 0.000000 0.636528 0.000000 
0.430017 0.000000 0.000000 0.459301 0.000000 0.110681 0.000000 
0.000003 0.006045 0.018799 0.712493 0.000000 0.262660 0.000000 
0.045082 0.000000 0.000000 0.875180 0.000000 0.066090 0.013648 
0.000003 0.002000 0.759985 0.000000 0.019190 0.218821 0.000000 
0.039176 0.000000 0.596719 0.000000 0.000000 0.364105 0.000000 
0.000003 0.000000 0.621515 0.188854 0.015306 0.174322 0.000000 
0.244040 0.000000 0.000000 0.016301 0.099667 0.302819 0.337173 
0.185256 0.002908 0.000000 0.000000 0.000000 0.811835 0.000000 
0.085653 0.000000 0.000000 0.782782 0.000000 0.088189 0.043375 
0.210398 0.000000 0.000000 0.000000 0.000000 0.789602 0.000000 
0.881642 0.000000 0.000000 0.023589 0.000000 0.068592 0.026177 
0.020197 0.000000 0.000000 0.906636 0.000000 0.060045 0.013121 
0.000003 0.000000 0.663848 0.091255 0.000000 0.144199 0.100695 
0.000003 0.000000 0.000000 0.891732 0.000000 0.108264 0.000000 
0.093627 0.010715 0.233028 0.045156 0.000000 0.617474 0.000000 
0.000003 0.000000 0.305325 0.000000 0.000000 0.075470 0.619202 
0.858436 0.000000 0.032065 0.000000 0.000000 0.109499 0.000000 
0.000004 0.007844 0.006489 0.000000 0.000000 0.464890 0.520772 
0.151733 0.000000 0.000000 0.045659 0.139391 0.663217 0.000000 
0.000002 0.000000 0.000000 0.002539 0.056282 0.000048 0.941129 
0.516349 0.000000 0.000000 0.000000 0.000000 0.067641 0.416010 
0.000004 0.000000 0.000000 0.942557 0.000000 0.057439 0.000000 
0.853447 0.000000 0.000000 0.000000 0.042599 0.103954 0.000000 
0.039914 0.000000 0.000000 0.901613 0.000000 0.058472 0.000000 
0.199683 0.000000 0.128451 0.000000 0.000000 0.671866 0.000000 
0.055379 0.000000 0.000000 0.000000 0.000000 0.151322 0.793300 
0.000003 0.000000 0.002956 0.012443 0.000000 0.007861 0.976737 
0.053310 0.005525 0.000000 0.058384 0.000000 0.882781 0.000000 
0.000003 0.000000 0.759905 0.000000 0.000000 0.240091 0.000000 
0.000003 0.000000 0.772785 0.000000 0.000000 0.227212 0.000000 
0.866398 0.000000 0.000000 0.000000 0.047279 0.086323 0.000000 
0.062769 0.014087 0.000000 0.017118 0.000000 0.600469 0.305557 
0.241545 0.000000 0.598393 0.000000 0.000000 0.160061 0.000000 
0.612749 0.000000 0.226628 0.053761 0.000000 0.096674 0.010188 
0.320278 0.000000 0.020709 0.045263 0.000000 0.613750 0.000000 
0.175142 0.000000 0.000000 0.072831 0.000000 0.741477 0.010550 
0.137260 0.000000 0.000000 0.000000 0.000000 0.000054 0.862685 
0.295081 0.000000 0.103407 0.000000 0.000000 0.601511 0.000000 
0.797776 0.000000 0.000000 0.000000 0.000000 0.202224 0.000000 
0.192899 0.000000 0.675199 0.000000 0.000000 0.131902 0.000000 
0.231943 0.000000 0.025308 0.062570 0.000000 0.680180 0.000000 
0.153329 0.000000 0.000000 0.222584 0.000000 0.624086 0.000000 
0.082783 0.004281 0.000000 0.226326 0.000000 0.686610 0.000000 
0.016751 0.000000 0.234513 0.000000 0.000000 0.055853 0.692884 
0.148101 0.000000 0.084081 0.000000 0.066250 0.701567 0.000000 
0.011706 0.000000 0.000000 0.100787 0.000000 0.139252 0.748255 
0.058773 0.000000 0.000000 0.897951 0.000000 0.043276 0.000000 
0.087765 0.000000 0.526068 0.000000 0.000000 0.378036 0.008131 
0.170663 0.000000 0.000000 0.044726 0.014102 0.770508 0.000000 
0.000004 0.000000 0.172828 0.012404 0.000000 0.030477 0.784287 
0.350889 0.000000 0.000000 0.022143 0.000000 0.000070 0.626898 
0.103427 0.011440 0.000000 0.076100 0.000000 0.809033 0.000000 
0.053782 0.000000 0.000000 0.760290 0.000000 0.164243 0.021684 
0.106787 0.003750 0.000000 0.050319 0.000000 0.825506 0.013637 
0.076374 0.000000 0.067356 0.827901 0.000000 0.028369 0.000000 
0.200633 0.000000 0.025268 0.030482 0.000000 0.743617 0.000000 
0.762597 0.000000 0.000000 0.147980 0.000000 0.072434 0.016990 
0.000003 0.000000 0.788062 0.000000 0.000000 0.211934 0.000000 
0.180739 0.000000 0.007332 0.799179 0.012677 0.000073 0.000000 
0.135802 0.000000 0.000000 0.000000 0.000000 0.279813 0.584384 
0.025787 0.001951 0.776915 0.000000 0.000000 0.195346 0.000000 
0.883385 0.000000 0.000000 0.055273 0.000000 0.061342 0.000000 
0.164098 0.000000 0.042416 0.000000 0.000000 0.793486 0.000000 
0.000004 0.004362 0.002920 0.000000 0.072793 0.000106 0.919815 
0.000003 0.002771 0.019031 0.265906 0.000000 0.272958 0.439330 
0.000004 0.000000 0.000000 0.106124 0.000000 0.217019 0.676853 
0.000004 0.000000 0.047382 0.108248 0.000000 0.039351 0.805015 
0.024927 0.000000 0.808371 0.000000 0.000000 0.166701 0.000000 
0.182602 0.000000 0.000000 0.046016 0.000000 0.771382 0.000000 
0.000004 0.000000 0.800419 0.000000 0.000000 0.199578 0.000000 
0.025365 0.000000 0.121769 0.000000 0.000000 0.040463 0.812403 
0.000004 0.001431 0.000000 0.000000 0.000000 0.159998 0.838566 
0.000003 0.000000 0.336804 0.371417 0.000000 0.103786 0.187990 
0.000003 0.001381 0.603396 0.027546 0.251188 0.116486 0.000000 
0.894999 0.000000 0.000000 0.000000 0.000000 0.105000 0.000000 
0.058720 0.000000 0.000000 0.597159 0.103385 0.000074 0.240662 
0.000003 0.000000 0.006652 0.933647 0.000000 0.059697 0.000000 
0.000004 0.000000 0.669416 0.000000 0.000000 0.169782 0.160798 
0.041392 0.000000 0.595638 0.200374 0.000000 0.162597 0.000000 
0.052107 0.000000 0.000000 0.089519 0.000000 0.000073 0.858300 
0.000004 0.000000 0.000000 0.011194 0.090653 0.048856 0.849293 
0.688841 0.000000 0.000000 0.000000 0.000000 0.311159 0.000000 
0.000003 0.000000 0.000000 0.000000 0.020007 0.010237 0.969752 
0.590160 0.000000 0.007136 0.402632 0.000000 0.000072 0.000000 
0.134337 0.005927 0.000000 0.000000 0.000000 0.859735 0.000000 
0.114050 0.008143 0.033836 0.034393 0.000000 0.809578 0.000000 
0.279626 0.000000 0.000000 0.000000 0.000000 0.720373 0.000000 
0.337402 0.000000 0.013095 0.277858 0.000000 0.371646 0.000000 
0.936665 0.000000 0.023042 0.040209 0.000000 0.000084 0.000000 
0.820938 0.000000 0.000000 0.000000 0.014102 0.164960 0.000000 
0.000003 0.000000 0.164985 0.000000 0.000000 0.046860 0.788151 
0.862608 0.000000 0.000000 0.000000 0.000000 0.137391 0.000000 
0.038186 0.000000 0.817267 0.000000 0.000000 0.144546 0.000000 
0.000003 0.001166 0.000000 0.091385 0.000000 0.015654 0.891791 
0.363620 0.000000 0.453115 0.000000 0.000000 0.183264 0.000000 
0.118120 0.000000 0.000000 0.787274 0.000000 0.094606 0.000000 
0.065299 0.000000 0.698528 0.076758 0.000000 0.159416 0.000000 
0.140952 0.000000 0.599812 0.020979 0.121728 0.116530 0.000000 
0.122645 0.000000 0.000000 0.000000 0.000000 0.449306 0.428049 
0.026890 0.000000 0.000000 0.487907 0.000000 0.047378 0.437826 
0.119336 0.000000 0.000000 0.072274 0.000000 0.808390 0.000000 
0.867620 0.000000 0.000000 0.053200 0.000000 0.079179 0.000000 
0.208083 0.000000 0.000000 0.014097 0.000000 0.777820 0.000000 
0.023318 0.000000 0.039382 0.000000 0.000000 0.009000 0.928300 
0.686841 0.000000 0.052391 0.186559 0.000000 0.074208 0.000000 
0.000004 0.000000 0.004577 0.000000 0.017496 0.010339 0.967585 
0.080154 0.005128 0.000000 0.051117 0.000000 0.767733 0.095869 
0.448924 0.000000 0.000000 0.000000 0.075071 0.073504 0.402500 
0.109369 0.000000 0.103431 0.628125 0.000000 0.159075 0.000000 
0.371297 0.000000 0.014121 0.014491 0.139960 0.006629 0.453501 
0.470413 0.000000 0.026303 0.000000 0.054739 0.448546 0.000000 
0.000003 0.000000 0.814136 0.000000 0.000000 0.165521 0.020340 
0.000004 0.000000 0.006220 0.874128 0.000000 0.111042 0.008607 
0.000003 0.000000 0.757621 0.000000 0.017843 0.224533 0.000000 
0.000003 0.000000 0.005863 0.951887 0.000000 0.042247 0.000000 
0.033701 0.000000 0.031215 0.812094 0.000000 0.122991 0.000000 
0.025577 0.000000 0.005988 0.094710 0.075349 0.000067 0.798309 
0.000003 0.000000 0.802520 0.000000 0.000000 0.197476 0.000000 
0.014510 0.000000 0.781303 0.000000 0.022813 0.181374 0.000000 
0.000004 0.001075 0.466013 0.000000 0.000000 0.202276 0.330632 
0.000003 0.000000 0.003390 0.000000 0.065068 0.000038 0.931502 
0.133356 0.004021 0.169570 0.041491 0.000000 0.651561 0.000000 
0.020399 0.000000 0.000000 0.000000 0.032891 0.000085 0.946625 
0.338831 0.000000 0.009995 0.546538 0.000000 0.098072 0.006563 
0.000003 0.003243 0.013698 0.819106 0.000000 0.163950 0.000000 
0.112264 0.000000 0.000000 0.000000 0.000000 0.479260 0.408476 
0.138783 0.000000 0.000000 0.188867 0.000000 0.212443 0.459907 
0.000003 0.003375 0.000000 0.160354 0.000000 0.281754 0.554513 
0.413339 0.000000 0.000000 0.582380 0.004206 0.000074 0.000000 
0.000003 0.000000 0.305837 0.016566 0.051570 0.100789 0.525235 
0.000004 0.000000 0.660411 0.000000 0.000000 0.285038 0.054547 
0.000003 0.000000 0.809282 0.000000 0.000000 0.190714 0.000000 
0.109427 0.007264 0.000000 0.030991 0.000000 0.770941 0.081378 
0.080149 0.000000 0.000000 0.881517 0.000000 0.038334 0.000000 
0.429905 0.000000 0.037177 0.030543 0.000000 0.254243 0.248132 
0.000004 0.000000 0.785335 0.000000 0.032014 0.182648 0.000000 
0.120118 0.003530 0.000000 0.000000 0.000000 0.876351 0.000000 
0.100743 0.000000 0.000000 0.239039 0.000000 0.660218 0.000000 
0.034727 0.004329 0.408060 0.000000 0.000000 0.552884 0.000000 
0.000004 0.000000 0.444380 0.383055 0.000000 0.172562 0.000000 
0.000003 0.000000 0.791544 0.000000 0.000000 0.183401 0.025051 
0.026481 0.000000 0.139397 0.710052 0.000000 0.124070 0.000000 
0.158568 0.000000 0.010551 0.760918 0.000000 0.069963 0.000000 
0.026420 0.000000 0.164208 0.318540 0.000000 0.046096 0.444736 
0.000004 0.001222 0.000000 0.000000 0.000000 0.110284 0.888491 
0.115165 0.000000 0.000000 0.784801 0.000000 0.100033 0.000000 
0.000003 0.000000 0.781933 0.041099 0.000000 0.176965 0.000000 
0.029201 0.000000 0.037882 0.862534 0.015688 0.054693 0.000000 
0.166633 0.000000 0.548485 0.065227 0.000000 0.219655 0.000000 
0.177137 0.000000 0.093291 0.000000 0.000000 0.729573 0.000000 
0.126762 0.000000 0.000000 0.000000 0.352448 0.520790 0.000000 
0.007026 0.000000 0.027341 0.000000 0.197583 0.038750 0.729299 
0.000005 0.000000 0.000000 0.000000 0.000000 0.017620 0.982375 
0.043525 0.000000 0.000000 0.006652 0.136819 0.097891 0.715113 
0.223082 0.000000 0.014053 0.000000 0.000000 0.367295 0.395570 
0.143148 0.006597 0.000000 0.044668 0.000000 0.805587 0.000000 
0.090300 0.000000 0.286136 0.023170 0.000000 0.600394 0.000000 
0.060582 0.000000 0.000000 0.000000 0.000000 0.024931 0.914486 
0.366228 0.000000 0.043886 0.067774 0.134193 0.387919 0.000000 
0.375841 0.004249 0.000000 0.109455 0.000000 0.510455 0.000000 
0.000004 0.000000 0.000000 0.854014 0.000000 0.074209 0.071774 
0.000004 0.000000 0.027518 0.000000 0.026166 0.000089 0.946222 
0.000004 0.000000 0.023143 0.005062 0.052699 0.000084 0.919009 
0.117279 0.000000 0.000000 0.057612 0.000000 0.825109 0.000000 
0.000003 0.002571 0.005666 0.000000 0.185606 0.022521 0.783633 
0.763026 0.000000 0.000000 0.000000 0.000000 0.157752 0.079222 
0.110235 0.006141 0.000000 0.051449 0.000000 0.832175 0.000000 
0.045291 0.000000 0.495749 0.024451 0.000000 0.134370 0.300138 
0.000003 0.000000 0.000000 0.000000 0.037415 0.000053 0.962528 
0.791142 0.000000 0.017552 0.024029 0.000000 0.167277 0.000000 
0.220071 0.007382 0.000000 0.000000 0.000000 0.725954 0.046594 
0.034546 0.000000 0.513057 0.000000 0.000000 0.107058 0.345339 
0.077052 0.000000 0.000000 0.000000 0.000000 0.254579 0.668368 
0.049960 0.000000 0.361551 0.439219 0.000000 0.127572 0.021698 
0.166792 0.000000 0.088768 0.000000 0.000000 0.744439 0.000000 
0.920652 0.000000 0.000000 0.024925 0.000000 0.054423 0.000000 
0.379140 0.004790 0.000000 0.169864 0.000000 0.446206 0.000000 
0.136737 0.000000 0.167448 0.000000 0.090852 0.428959 0.176004 
0.788288 0.000000 0.000000 0.139064 0.000000 0.072647 0.000000 
0.000003 0.000000 0.725798 0.000000 0.042521 0.231677 0.000000 
0.157822 0.011038 0.019960 0.042229 0.000000 0.768951 0.000000 
0.194350 0.000000 0.000000 0.147724 0.000000 0.657926 0.000000 
0.214717 0.000000 0.027229 0.018065 0.000000 0.739989 0.000000 
0.895211 0.000000 0.000000 0.014954 0.000000 0.069876 0.019960 
0.000004 0.000000 0.000000 0.943004 0.000000 0.056993 0.000000 
0.182982 0.000000 0.008528 0.759219 0.000000 0.049271 0.000000 
0.109397 0.000000 0.000000 0.890529 0.000000 0.000075 0.000000 
0.901786 0.000000 0.079234 0.018902 0.000000 0.000077 0.000000 
0.000004 0.001453 0.000000 0.028203 0.000000 0.273170 0.697171 
0.025240 0.000000 0.683466 0.059114 0.076738 0.155442 0.000000 
0.000004 0.000000 0.687243 0.000000 0.000000 0.156767 0.155986 
0.889667 0.000000 0.012919 0.027748 0.000000 0.069666 0.000000 
0.000004 0.000000 0.003534 0.013030 0.049795 0.000089 0.933548 
0.000003 0.000000 0.000000 0.000000 0.076951 0.033682 0.889363 
0.000003 0.000000 0.822678 0.000000 0.000000 0.177318 0.000000 
0.116489 0.005624 0.000000 0.203382 0.000000 0.655617 0.018888 
0.155462 0.000000 0.095442 0.000000 0.000000 0.749096 0.000000 
0.000004 0.000000 0.774758 0.025821 0.000000 0.199418 0.000000 
0.078845 0.010540 0.419627 0.000000 0.000000 0.490987 0.000000 
0.079041 0.000000 0.159023 0.287871 0.000000 0.474066 0.000000 
0.187656 0.006008 0.000000 0.000000 0.000000 0.806335 0.000000 
0.014477 0.000000 0.791495 0.000000 0.000000 0.141888 0.052140 
0.361565 0.000000 0.260885 0.238923 0.000000 0.138627 0.000000 
0.000004 0.000000 0.801409 0.000000 0.000000 0.198587 0.000000 
0.000004 0.000000 0.759170 0.000000 0.000000 0.240827 0.000000 
0.060618 0.007978 0.000000 0.061869 0.009302 0.860232 0.000000 
0.045801 0.000000 0.547919 0.000000 0.000000 0.406280 0.000000 
0.313004 0.000000 0.000000 0.106653 0.000000 0.187957 0.392386 
0.925550 0.000000 0.000000 0.000000 0.000000 0.074450 0.000000 
0.020391 0.000000 0.000000 0.043687 0.000000 0.000074 0.935848 
0.071472 0.000000 0.000000 0.870669 0.000000 0.046667 0.011192 
0.461165 0.000000 0.000000 0.000000 0.000000 0.040613 0.498223 
0.081195 0.000000 0.000000 0.866643 0.000000 0.052162 0.000000 
0.071890 0.000000 0.006576 0.921450 0.000000 0.000083 0.000000 
0.006737 0.000000 0.000000 0.993190 0.000000 0.000073 0.000000 
0.000003 0.000000 0.755760 0.000000 0.000000 0.181817 0.062420 
0.004250 0.000000 0.000000 0.000000 0.000000 0.031867 0.963883 
0.541784 0.000000 0.207162 0.025251 0.000000 0.196397 0.029405 
0.173303 0.000000 0.000000 0.044926 0.000000 0.781771 0.000000 
0.035321 0.003874 0.000000 0.085995 0.000000 0.874809 0.000000 
0.196059 0.000000 0.007728 0.030306 0.000000 0.747642 0.018265 
0.000003 0.000000 0.770130 0.000000 0.000000 0.229867 0.000000 
0.790680 0.000000 0.000000 0.000000 0.000000 0.098710 0.110610 
0.000003 0.000000 0.000000 0.917300 0.000000 0.082696 0.000000 
0.780888 0.000000 0.000000 0.087039 0.012020 0.120053 0.000000 
0.000003 0.000000 0.779403 0.000000 0.000000 0.220594 0.000000 
0.000003 0.000000 0.761583 0.000000 0.000000 0.222587 0.015826 
0.156024 0.000000 0.000000 0.000000 0.113510 0.528379 0.202087 
0.000004 0.000000 0.005388 0.015535 0.000000 0.000112 0.978961 
0.000003 0.005686 0.000000 0.673306 0.000000 0.321004 0.000000 
0.000004 0.000000 0.780539 0.038051 0.000000 0.181407 0.000000 
0.853177 0.000000 0.000000 0.000000 0.000000 0.146823 0.000000 
0.000003 0.000000 0.766670 0.000000 0.008821 0.224506 0.000000 
0.147508 0.000000 0.000000 0.069145 0.000000 0.783348 0.000000 
0.047125 0.000000 0.000000 0.710107 0.000000 0.036951 0.205817 
0.642828 0.000000 0.174335 0.042755 0.021749 0.118334 0.000000 
0.017822 0.000000 0.255995 0.016678 0.000000 0.072198 0.637306 
0.000003 0.000000 0.000000 0.781277 0.000000 0.201008 0.017711 
0.334526 0.003392 0.000000 0.000000 0.061587 0.600495 0.000000 
0.850928 0.000000 0.000000 0.035220 0.000000 0.113853 0.000000 
0.191392 0.003919 0.000000 0.028114 0.000000 0.776575 0.000000 
0.893815 0.000000 0.000000 0.106114 0.000000 0.000071 0.000000 
0.000004 0.000000 0.700553 0.000000 0.125494 0.173950 0.000000 
0.162237 0.006228 0.066144 0.024298 0.000000 0.741092 0.000000 
0.732306 0.000000 0.000000 0.054845 0.000000 0.212848 0.000000 
0.119739 0.000000 0.112137 0.091228 0.000000 0.676896 0.000000 
0.830853 0.000000 0.000000 0.000000 0.016164 0.152983 0.000000 
0.000003 0.000000 0.000000 0.332968 0.129552 0.030916 0.506561 
0.210791 0.000000 0.000000 0.000000 0.000000 0.748145 0.041064 
0.085212 0.007738 0.017153 0.044181 0.000000 0.845716 0.000000 
0.056559 0.000000 0.009975 0.873982 0.000000 0.054798 0.004686 
0.196698 0.000000 0.000000 0.051123 0.000000 0.752179 0.000000 
0.000004 0.000000 0.000000 0.000000 0.000000 0.048302 0.951694 
0.000004 0.000000 0.008862 0.000000 0.017974 0.000069 0.973091 
0.036165 0.000000 0.067613 0.354452 0.000000 0.030023 0.511747 
0.188051 0.000000 0.000000 0.477852 0.000000 0.081299 0.252798 
0.000004 0.000000 0.000000 0.916220 0.000000 0.083777 0.000000 
0.000004 0.000000 0.816007 0.000000 0.000000 0.162659 0.021330 
0.105233 0.000000 0.021926 0.872769 0.000000 0.000072 0.000000 
0.000003 0.000000 0.818177 0.000000 0.000000 0.181820 0.000000 
0.130720 0.000000 0.280103 0.000000 0.045866 0.266787 0.276524 
0.272113 0.000000 0.000000 0.050668 0.000000 0.291358 0.385862 
0.000003 0.000000 0.000000 0.943199 0.000000 0.056798 0.000000 
0.092832 0.000000 0.000000 0.837546 0.000000 0.069622 0.000000 
0.261863 0.000000 0.000000 0.000000 0.000000 0.000068 0.738069 
0.848257 0.000000 0.000000 0.037578 0.000000 0.114164 0.000000 
0.000003 0.002941 0.766638 0.000000 0.000000 0.230417 0.000000 
0.180355 0.000000 0.639726 0.000000 0.000000 0.166269 0.013650 
0.099944 0.000000 0.398424 0.000000 0.000000 0.476306 0.025327 
0.861244 0.000000 0.000000 0.000000 0.000000 0.138756 0.000000 
0.000004 0.000000 0.005264 0.000000 0.011359 0.020936 0.962438 
0.018115 0.000000 0.007131 0.000000 0.000000 0.000064 0.974691 
0.076878 0.000000 0.578231 0.163352 0.017033 0.164505 0.000000 
0.037504 0.000000 0.753376 0.029000 0.000000 0.180119 0.000000 
0.022488 0.000000 0.274114 0.000000 0.000000 0.063101 0.640296 
0.470520 0.000000 0.058103 0.000000 0.000000 0.471377 0.000000 
0.028691 0.000000 0.000000 0.905372 0.000000 0.065937 0.000000 
0.205382 0.000000 0.005671 0.000000 0.000000 0.033902 0.755045 
0.652632 0.000000 0.000000 0.036909 0.095210 0.064436 0.150812 
0.048242 0.000000 0.076931 0.844731 0.000000 0.030097 0.000000 
0.000003 0.000000 0.379155 0.060795 0.105129 0.078750 0.376168 
0.910261 0.000000 0.000000 0.000000 0.000000 0.078325 0.011414 
0.015798 0.000000 0.000000 0.886649 0.000000 0.097553 0.000000 
0.056857 0.000000 0.000000 0.834740 0.000000 0.052912 0.055491 
0.000004 0.003401 0.809979 0.000000 0.000000 0.186616 0.000000 
0.040873 0.000000 0.000000 0.723520 0.000000 0.235607 0.000000 
0.033974 0.000000 0.604458 0.000000 0.000000 0.361568 0.000000 
0.000003 0.001490 0.000000 0.926476 0.000000 0.072031 0.000000 
0.012924 0.000000 0.000000 0.000000 0.072001 0.000060 0.915015 
0.435136 0.000000 0.000000 0.000000 0.000000 0.564864 0.000000 
0.000003 0.000000 0.017874 0.892945 0.000000 0.085281 0.003896 
0.022442 0.000000 0.115159 0.000000 0.077641 0.000072 0.784687 
0.109182 0.005927 0.085442 0.000000 0.000000 0.799449 0.000000 
0.053864 0.000000 0.686634 0.081961 0.000000 0.177541 0.000000 
0.028569 0.004350 0.166816 0.000000 0.000000 0.237380 0.562883 
0.000003 0.000000 0.000000 0.000000 0.054242 0.013507 0.932247 
0.156973 0.000000 0.000000 0.039067 0.000000 0.717205 0.086754 
0.000003 0.004100 0.360232 0.167696 0.000000 0.467968 0.000000 
0.249999 0.000000 0.646575 0.000000 0.000000 0.103425 0.000000 
0.183842 0.000000 0.033190 0.023917 0.011083 0.747968 0.000000 
0.187105 0.011273 0.000000 0.026322 0.000000 0.775300 0.000000 
0.169717 0.007996 0.092526 0.000000 0.000000 0.729761 0.000000 
0.110384 0.000000 0.752551 0.000000 0.000000 0.137065 0.000000 
0.372802 0.000000 0.015763 0.000000 0.000000 0.218569 0.392866 
0.195390 0.000000 0.036033 0.000000 0.000000 0.482749 0.285828 
0.016595 0.000000 0.000000 0.000000 0.055261 0.013376 0.914768 
0.000003 0.000000 0.645351 0.011315 0.000000 0.143086 0.200244 
0.700453 0.000000 0.000000 0.065135 0.000000 0.234412 0.000000 
0.000003 0.000000 0.838479 0.000000 0.000000 0.161517 0.000000 
0.952140 0.000000 0.023764 0.024016 0.000000 0.000080 0.000000 
0.037693 0.000000 0.238395 0.669451 0.010536 0.043926 0.000000 
0.368046 0.000000 0.030387 0.000000 0.000000 0.601567 0.000000 
0.000003 0.000000 0.769446 0.000000 0.013448 0.217102 0.000000 
0.686187 0.000000 0.130901 0.000000 0.000000 0.182912 0.000000 
0.000003 0.000000 0.380749 0.521121 0.006999 0.091128 0.000000 
0.020660 0.000000 0.649114 0.143066 0.000000 0.187159 0.000000 
0.162418 0.003771 0.000000 0.042454 0.000000 0.791356 0.000000 
0.114541 0.000000 0.000000 0.206190 0.000000 0.679268 0.000000 
0.000003 0.000000 0.000000 0.000000 0.046864 0.022336 0.930797 
0.000004 0.000000 0.831704 0.032644 0.000000 0.135648 0.000000 
0.794462 0.000000 0.165673 0.024052 0.000000 0.015814 0.000000 
0.118575 0.000000 0.121961 0.018583 0.000000 0.740881 0.000000 
0.021495 0.000000 0.000000 0.903183 0.000000 0.075322 0.000000 
0.767677 0.000000 0.117105 0.034377 0.012520 0.068320 0.000000 
0.000003 0.000000 0.000000 0.000000 0.094545 0.013010 0.892441 
0.026368 0.000000 0.000000 0.891420 0.037911 0.044301 0.000000 
0.936539 0.000000 0.000000 0.000000 0.000000 0.063461 0.000000 
0.210543 0.000000 0.049504 0.000000 0.000000 0.739953 0.000000 
0.18264 0.0215322 0.110547 0.126113 0.0294234 0.316789 0.0833486 
