-1935694.833520
0
0.025279 0.019660 0.007932 0.017230 0.016021 0.008490 0.003615 0.013233 0.016358 0.010000 0.002587 0.012460 0.007690 0.006399 0.010027 0.007558 0.020244 0.008884 0.017212 0.017112 0.002063 0.001305 0.005333 0.003784 0.025124 0.027892 0.004478 0.024071 0.011368 0.010658 0.004551 0.014774 0.020285 0.013465 0.004790 0.018539 0.007036 0.010169 0.019855 0.013047 0.009607 0.010286 0.013233 0.013129 0.001498 0.003428 0.007637 0.007537 0.020536 0.020878 0.009221 0.016855 0.008605 0.008449 0.003216 0.010038 0.014384 0.010438 0.001673 0.012939 0.006282 0.004876 0.009957 0.006109 0.009913 0.005630 0.008474 0.008097 0.001921 0.001464 0.008155 0.003533 0.020390 0.028074 0.005393 0.024636 0.006222 0.012937 0.002235 0.013392 0.003985 0.012676 0.000698 0.007892 0.007027 0.007087 0.007668 0.009970 0.009799 0.009005 0.007616 0.010343 0.003808 0.004201 0.007029 0.009344 
0.000779 0.000287 0.000159 0.000187 0.000193 0.000085 0.000163 0.000694 0.007749 0.002477 0.003047 0.003818 0.000000 0.000127 0.000481 0.000000 0.001280 0.000454 0.000480 0.001770 0.000000 0.000036 0.000179 0.000125 0.000556 0.000166 0.000000 0.000388 0.000000 0.000434 0.000000 0.000186 0.014641 0.002848 0.004754 0.008909 0.000064 0.000716 0.000000 0.000445 0.000704 0.000459 0.000600 0.000394 0.000132 0.000071 0.000111 0.000184 0.000431 0.000077 0.000078 0.000000 0.000000 0.000000 0.000000 0.000255 0.006649 0.001905 0.000000 0.003159 0.000074 0.000174 0.000000 0.000085 0.000000 0.000095 0.000000 0.000436 0.000046 0.000050 0.000109 0.000112 0.014917 0.006113 0.001656 0.011546 0.038459 0.000000 0.001540 0.067507 0.422619 0.082547 0.046753 0.229001 0.000219 0.000000 0.000052 0.000289 0.000000 0.000532 0.000374 0.000542 0.000135 0.000000 0.000129 0.000000 
0.010716 0.008136 0.001249 0.005731 0.001494 0.002340 0.000547 0.002524 0.031371 0.014096 0.168083 0.013381 0.003871 0.002559 0.002954 0.009354 0.016067 0.006989 0.011271 0.010476 0.001858 0.002039 0.001423 0.003184 0.005550 0.005328 0.000650 0.005969 0.001112 0.000394 0.000331 0.000910 0.020367 0.019509 0.095304 0.017421 0.000922 0.001682 0.000960 0.001735 0.003876 0.005196 0.007414 0.007485 0.000268 0.002113 0.001385 0.002804 0.007902 0.004954 0.000259 0.003456 0.000518 0.002379 0.000000 0.000477 0.025571 0.028873 0.104588 0.018830 0.000502 0.000412 0.001105 0.001878 0.012757 0.007634 0.005460 0.011500 0.000085 0.000182 0.000899 0.000794 0.010858 0.009925 0.002369 0.014405 0.001650 0.001635 0.000288 0.002580 0.015097 0.019019 0.074416 0.013495 0.005846 0.001847 0.000833 0.003763 0.008959 0.005622 0.009549 0.007622 0.001362 0.001192 0.001934 0.004324 
0.698866 0.114885 0.186249 
0.040349 0.959647 0.000005 
0.932761 0.024222 0.043017 
0.039040 0.005372 0.955588 
0.771356 0.023619 0.205025 
0.065511 0.000002 0.934487 
0.012601 0.000001 0.987397 
0.719859 0.182108 0.098033 
0.138544 0.712208 0.149248 
0.462818 0.346852 0.190330 
0.865833 0.023180 0.110987 
0.847466 0.025250 0.127284 
0.000347 0.975258 0.024395 
0.868391 0.011035 0.120573 
0.950208 0.049785 0.000006 
0.865240 0.007233 0.127527 
0.999991 0.000001 0.000008 
0.031130 0.000002 0.968868 
0.997799 0.000001 0.002200 
0.776714 0.082689 0.140597 
0.179590 0.484521 0.335889 
0.930302 0.069690 0.000007 
0.692737 0.042516 0.264747 
0.099048 0.389256 0.511696 
0.795687 0.026544 0.177769 
0.960712 0.039280 0.000007 
0.969952 0.000002 0.030046 
0.991124 0.008868 0.000008 
0.506247 0.005878 0.487875 
0.371343 0.628649 0.000008 
0.909392 0.000002 0.090606 
0.867597 0.009241 0.123162 
0.022496 0.734843 0.242662 
0.977490 0.020423 0.002087 
0.018257 0.000002 0.981741 
0.014680 0.787515 0.197806 
0.038726 0.000002 0.961273 
0.454190 0.000001 0.545808 
0.845664 0.029884 0.124452 
0.938063 0.061931 0.000006 
0.538124 0.000002 0.461874 
0.964793 0.035199 0.000007 
0.032120 0.004794 0.963086 
0.737088 0.118663 0.144249 
0.748907 0.102074 0.149019 
0.979324 0.020671 0.000004 
0.878975 0.005328 0.115697 
0.897455 0.085106 0.017439 
0.765786 0.217467 0.016746 
0.048146 0.951847 0.000006 
0.000436 0.999558 0.000006 
0.984838 0.002130 0.013032 
0.795973 0.005440 0.198588 
0.139413 0.846867 0.013720 
0.089816 0.000002 0.910182 
0.116034 0.876065 0.007901 
0.069102 0.013677 0.917221 
0.108933 0.869879 0.021188 
0.897992 0.102001 0.000007 
0.910836 0.015255 0.073908 
0.996369 0.003626 0.000005 
0.048359 0.000002 0.951639 
0.951608 0.034368 0.014024 
0.308865 0.631912 0.059222 
0.735604 0.056409 0.207987 
0.999992 0.000002 0.000006 
0.032451 0.000002 0.967547 
0.010639 0.923068 0.066293 
0.999995 0.000001 0.000005 
0.095498 0.904495 0.000007 
0.831459 0.168535 0.000006 
0.890110 0.006669 0.103222 
0.986192 0.000002 0.013806 
0.261215 0.012401 0.726384 
0.999992 0.000002 0.000006 
0.404573 0.326296 0.269130 
0.845753 0.044194 0.110053 
0.868003 0.127637 0.004360 
0.918093 0.006472 0.075435 
0.532122 0.055346 0.412532 
0.223364 0.026909 0.749728 
0.970697 0.014763 0.014541 
0.574770 0.176000 0.249230 
0.972232 0.010015 0.017753 
0.591905 0.053803 0.354292 
0.000607 0.999386 0.000007 
0.929234 0.016854 0.053912 
0.392283 0.525301 0.082416 
0.876071 0.018690 0.105239 
0.687346 0.000002 0.312652 
0.762484 0.015967 0.221550 
0.966572 0.033420 0.000007 
0.043327 0.628327 0.328346 
0.792335 0.096414 0.111250 
0.015758 0.011929 0.972313 
0.723116 0.154865 0.122020 
0.029991 0.689322 0.280687 
0.980864 0.019129 0.000007 
0.993572 0.006423 0.000004 
0.978625 0.004936 0.016439 
0.800740 0.177666 0.021594 
0.396926 0.000002 0.603072 
0.905906 0.011127 0.082967 
0.030673 0.969323 0.000004 
0.060973 0.000002 0.939025 
0.015246 0.220339 0.764415 
0.873512 0.010261 0.116227 
0.832839 0.041243 0.125918 
0.999993 0.000002 0.000005 
0.988176 0.000002 0.011822 
0.725706 0.156553 0.117740 
0.080594 0.892981 0.026425 
0.907271 0.014143 0.078586 
0.147996 0.439551 0.412453 
0.913366 0.000002 0.086632 
0.031764 0.000002 0.968234 
0.977000 0.022993 0.000007 
0.031418 0.949372 0.019210 
0.972108 0.013014 0.014878 
0.123164 0.007292 0.869544 
0.854872 0.034323 0.110805 
0.131429 0.868565 0.000006 
0.969369 0.017934 0.012697 
0.042249 0.315630 0.642121 
0.915936 0.012988 0.071077 
0.065232 0.000002 0.934767 
0.974163 0.025830 0.000007 
0.165953 0.834041 0.000007 
0.773296 0.013667 0.213037 
0.035162 0.000001 0.964837 
0.982047 0.013195 0.004757 
0.106173 0.886004 0.007823 
0.938794 0.012410 0.048796 
0.835373 0.095770 0.068857 
0.366386 0.633607 0.000007 
0.078829 0.338230 0.582941 
0.009461 0.558477 0.432062 
0.956305 0.000001 0.043693 
0.052893 0.008003 0.939105 
0.502992 0.452717 0.044291 
0.788064 0.211929 0.000007 
0.924552 0.000001 0.075447 
0.999994 0.000001 0.000005 
0.783639 0.076705 0.139657 
0.677213 0.292042 0.030745 
0.985356 0.007884 0.006761 
0.627021 0.044265 0.328715 
0.925563 0.028117 0.046321 
0.999992 0.000001 0.000007 
0.819710 0.000001 0.180289 
0.057293 0.000002 0.942705 
0.985888 0.000002 0.014110 
0.043600 0.000002 0.956398 
0.244532 0.049987 0.705481 
0.930985 0.000001 0.069013 
0.948791 0.000002 0.051207 
0.882987 0.117006 0.000007 
0.864908 0.015601 0.119491 
0.320026 0.591112 0.088863 
0.261921 0.000002 0.738078 
0.047435 0.000002 0.952563 
0.959197 0.040796 0.000007 
0.430816 0.000002 0.569182 
0.009063 0.986065 0.004872 
0.867428 0.013751 0.118821 
0.999992 0.000001 0.000006 
0.813319 0.026321 0.160360 
0.015450 0.000001 0.984549 
0.535092 0.293400 0.171508 
0.842071 0.024744 0.133185 
0.037718 0.109995 0.852287 
0.853172 0.018797 0.128031 
0.999991 0.000002 0.000008 
0.952132 0.000001 0.047867 
0.990338 0.009655 0.000008 
0.052036 0.014768 0.933197 
0.194108 0.000002 0.805890 
0.253358 0.009031 0.737611 
0.519272 0.436812 0.043916 
0.847065 0.000002 0.152933 
0.949666 0.040035 0.010299 
0.889273 0.014269 0.096457 
0.955373 0.044621 0.000006 
0.991830 0.008163 0.000007 
0.122068 0.098240 0.779692 
0.993839 0.000001 0.006160 
0.568132 0.000002 0.431866 
0.014599 0.623675 0.361726 
0.947486 0.012470 0.040044 
0.375381 0.526260 0.098359 
0.759623 0.137585 0.102793 
0.000244 0.999751 0.000005 
0.564155 0.435839 0.000007 
0.999992 0.000001 0.000007 
0.945438 0.054555 0.000007 
0.999992 0.000002 0.000006 
0.702086 0.006193 0.291721 
0.171769 0.806176 0.022055 
0.010803 0.983885 0.005313 
0.825373 0.011011 0.163615 
0.051762 0.000001 0.948236 
0.040857 0.000002 0.959141 
0.940344 0.059649 0.000007 
0.602422 0.314389 0.083189 
0.297341 0.000001 0.702657 
0.722247 0.023724 0.254029 
0.872097 0.010778 0.117125 
0.889300 0.023471 0.087229 
0.131567 0.868429 0.000005 
0.758384 0.008361 0.233255 
0.973253 0.007400 0.019348 
0.222347 0.000002 0.777651 
0.840532 0.020895 0.138573 
0.898102 0.007499 0.094399 
0.907762 0.000002 0.092236 
0.017246 0.701256 0.281498 
0.679122 0.062575 0.258303 
0.223058 0.755354 0.021588 
0.999993 0.000001 0.000006 
0.264861 0.011282 0.723857 
0.865214 0.025736 0.109050 
0.012179 0.790166 0.197655 
0.360598 0.639397 0.000005 
0.847990 0.009984 0.142026 
0.972210 0.021305 0.006485 
0.851393 0.024378 0.124229 
0.934022 0.000001 0.065976 
0.827377 0.016832 0.155790 
0.968946 0.031048 0.000006 
0.049164 0.000002 0.950834 
0.992899 0.007094 0.000007 
0.388498 0.601152 0.010350 
0.074158 0.000002 0.925841 
0.981871 0.018124 0.000006 
0.792671 0.011499 0.195829 
0.006474 0.990450 0.003077 
0.499102 0.440704 0.060194 
0.285104 0.683142 0.031754 
0.134127 0.811358 0.054516 
0.048495 0.003696 0.947808 
0.855288 0.008386 0.136326 
0.044924 0.000002 0.955074 
0.029056 0.820422 0.150523 
0.120615 0.848751 0.030633 
0.439498 0.182377 0.378125 
0.047552 0.230440 0.722008 
0.984553 0.015441 0.000006 
0.673449 0.326544 0.000007 
0.992327 0.000001 0.007671 
0.045429 0.161206 0.793365 
0.306508 0.000001 0.693491 
0.135622 0.864370 0.000008 
0.055838 0.944156 0.000006 
0.946137 0.014251 0.039612 
0.003853 0.996141 0.000006 
0.999992 0.000002 0.000006 
0.838197 0.006010 0.155793 
0.804366 0.013134 0.182500 
0.904463 0.000002 0.095535 
0.939390 0.000002 0.060608 
0.968363 0.018625 0.013012 
0.959181 0.030302 0.010517 
0.006449 0.793605 0.199946 
0.983067 0.016926 0.000007 
0.046293 0.000002 0.953705 
0.103074 0.896921 0.000006 
0.433335 0.015502 0.551163 
0.999990 0.000002 0.000008 
0.181863 0.000002 0.818135 
0.186146 0.111507 0.702347 
0.486537 0.433386 0.080077 
0.564999 0.434994 0.000007 
0.866550 0.000002 0.133448 
0.996235 0.003758 0.000007 
0.862612 0.012371 0.125017 
0.021348 0.934768 0.043884 
0.934078 0.010495 0.055427 
0.002799 0.990482 0.006719 
0.755098 0.100496 0.144406 
0.510734 0.489259 0.000007 
0.876491 0.000002 0.123507 
0.394799 0.592748 0.012453 
0.841363 0.063863 0.094774 
0.022651 0.019918 0.957430 
0.979939 0.005435 0.014625 
0.022086 0.012516 0.965398 
0.999991 0.000001 0.000008 
0.960348 0.000002 0.039650 
0.123064 0.871265 0.005672 
0.043098 0.000002 0.956900 
0.044006 0.019853 0.936140 
0.067710 0.332069 0.600221 
0.000140 0.996517 0.003344 
0.644680 0.000002 0.355318 
0.017720 0.982273 0.000007 
0.974737 0.010785 0.014479 
0.971343 0.000002 0.028655 
0.491759 0.420631 0.087611 
0.508119 0.467331 0.024551 
0.403106 0.561740 0.035154 
0.999993 0.000002 0.000005 
0.043468 0.574854 0.381678 
0.103769 0.053791 0.842440 
0.033413 0.000002 0.966585 
0.775033 0.090708 0.134259 
0.999993 0.000002 0.000006 
0.661003 0.263552 0.075445 
0.042073 0.025667 0.932260 
0.847457 0.009600 0.142943 
0.908211 0.013615 0.078174 
0.341564 0.000002 0.658434 
0.483333 0.000001 0.516665 
0.026715 0.023970 0.949315 
0.845642 0.000001 0.154357 
0.988879 0.000002 0.011119 
0.378129 0.446567 0.175304 
0.083737 0.897648 0.018615 
0.999992 0.000002 0.000006 
0.067735 0.000002 0.932263 
0.950896 0.009697 0.039407 
0.326533 0.000002 0.673465 
0.736645 0.000002 0.263354 
0.570370 0.327439 0.102191 
0.034802 0.916338 0.048860 
0.006926 0.993069 0.000005 
0.144688 0.855305 0.000007 
0.518360 0.408031 0.073609 
0.874947 0.011964 0.113089 
0.504555 0.000002 0.495443 
0.070572 0.925449 0.003979 
0.759155 0.133499 0.107347 
0.934887 0.004641 0.060472 
0.937762 0.062232 0.000006 
0.000530 0.971502 0.027969 
0.001124 0.974718 0.024157 
0.895295 0.006044 0.098661 
0.017748 0.961616 0.020637 
0.886200 0.103076 0.010724 
0.842324 0.017865 0.139811 
0.104010 0.302912 0.593077 
0.000133 0.999861 0.000006 
0.959601 0.011227 0.029172 
0.833260 0.057549 0.109191 
0.045152 0.348960 0.605888 
0.277561 0.679202 0.043237 
0.572027 0.019122 0.408850 
0.738003 0.000002 0.261995 
0.985183 0.014813 0.000004 
0.935714 0.014191 0.050095 
0.431258 0.261257 0.307485 
0.992164 0.007830 0.000005 
0.042457 0.038575 0.918968 
0.831395 0.009608 0.158997 
0.902220 0.000002 0.097778 
0.822067 0.016628 0.161305 
0.959908 0.040086 0.000006 
0.999992 0.000001 0.000006 
0.991651 0.003667 0.004681 
0.999993 0.000001 0.000005 
0.905215 0.023324 0.071461 
0.255573 0.708689 0.035738 
0.124426 0.067202 0.808372 
0.018050 0.156213 0.825737 
0.971240 0.019273 0.009487 
0.013351 0.983033 0.003615 
0.024060 0.961637 0.014303 
0.032725 0.000002 0.967274 
0.879434 0.027576 0.092989 
0.728615 0.005681 0.265704 
0.071779 0.000001 0.928220 
0.371218 0.000002 0.628780 
0.729755 0.002796 0.267450 
0.875672 0.011105 0.113223 
0.007259 0.052413 0.940329 
0.694028 0.000002 0.305970 
0.030000 0.000002 0.969998 
0.053854 0.000001 0.946145 
0.862402 0.020706 0.116891 
0.238446 0.000002 0.761552 
0.579528 0.406300 0.014172 
0.982280 0.017715 0.000006 
0.057568 0.942427 0.000005 
0.992357 0.007636 0.000008 
0.484188 0.515806 0.000007 
0.999993 0.000001 0.000005 
0.999993 0.000001 0.000006 
0.999993 0.000001 0.000005 
0.016256 0.061816 0.921928 
0.013931 0.976301 0.009768 
0.696857 0.045500 0.257643 
0.852163 0.006154 0.141683 
0.849023 0.000002 0.150975 
0.830395 0.029144 0.140461 
0.046437 0.000002 0.953561 
0.864197 0.135796 0.000007 
0.993218 0.000001 0.006781 
0.973466 0.026527 0.000007 
0.029709 0.000002 0.970290 
0.055441 0.014738 0.929821 
0.598750 0.314879 0.086371 
0.011710 0.982730 0.005560 
0.980285 0.000002 0.019713 
0.073382 0.000001 0.926617 
0.981396 0.018596 0.000007 
0.050789 0.000002 0.949209 
0.867435 0.014331 0.118234 
0.799532 0.200463 0.000006 
0.757299 0.038452 0.204249 
0.053196 0.643916 0.302889 
0.984522 0.015471 0.000007 
0.854339 0.070134 0.075528 
0.980079 0.019914 0.000007 
0.864330 0.017246 0.118425 
0.987722 0.012274 0.000004 
0.026537 0.107682 0.865781 
0.776592 0.001569 0.221839 
0.966512 0.019419 0.014069 
0.730176 0.007109 0.262715 
0.968958 0.031035 0.000007 
0.374851 0.625142 0.000007 
0.838547 0.055815 0.105638 
0.818732 0.000002 0.181266 
0.988424 0.000002 0.011574 
0.870448 0.009629 0.119923 
0.027450 0.962479 0.010071 
0.000208 0.992964 0.006828 
0.417487 0.514749 0.067764 
0.744981 0.255012 0.000007 
0.999991 0.000001 0.000007 
0.006269 0.021011 0.972719 
0.985672 0.000002 0.014326 
0.035293 0.000002 0.964705 
0.283346 0.323129 0.393526 
0.573947 0.400971 0.025082 
0.999993 0.000001 0.000005 
0.999992 0.000002 0.000006 
0.253361 0.746635 0.000005 
0.978067 0.021927 0.000006 
0.073298 0.000002 0.926700 
0.221604 0.020071 0.758325 
0.358853 0.028543 0.612604 
0.982199 0.013642 0.004159 
0.007408 0.980204 0.012389 
0.008296 0.984296 0.007408 
0.306354 0.015126 0.678520 
0.105114 0.000001 0.894885 
0.014311 0.647039 0.338650 
0.853974 0.013116 0.132910 
0.999992 0.000001 0.000006 
0.224712 0.766911 0.008376 
0.741755 0.258238 0.000007 
0.924518 0.000001 0.075481 
0.079885 0.474247 0.445868 
0.971639 0.028355 0.000006 
0.999991 0.000002 0.000008 
0.949402 0.050591 0.000007 
0.056893 0.000002 0.943105 
0.986398 0.000001 0.013600 
0.183825 0.000001 0.816174 
0.999990 0.000002 0.000008 
0.008417 0.991577 0.000006 
0.927429 0.015462 0.057109 
0.977529 0.000002 0.022469 
0.011363 0.862718 0.125918 
0.719796 0.009520 0.270684 
0.186963 0.000002 0.813036 
0.172909 0.569135 0.257955 
0.001752 0.988277 0.009971 
0.779730 0.095834 0.124436 
0.467519 0.000002 0.532479 
0.258809 0.000002 0.741190 
0.807061 0.021813 0.171127 
0.877924 0.014884 0.107192 
0.737001 0.009051 0.253947 
0.130945 0.010911 0.858144 
0.543502 0.409946 0.046552 
0.571803 0.295074 0.133123 
0.025574 0.974419 0.000007 
0.027345 0.200253 0.772403 
0.962552 0.019247 0.018201 
0.009185 0.000002 0.990814 
0.975477 0.009941 0.014582 
0.751302 0.000002 0.248696 
0.855816 0.016619 0.127564 
0.033623 0.009991 0.956386 
0.831952 0.000002 0.168046 
0.578143 0.000002 0.421855 
0.228995 0.000002 0.771003 
0.864395 0.010959 0.124647 
0.890616 0.012502 0.096882 
0.013869 0.986126 0.000006 
0.044408 0.000002 0.955590 
0.815604 0.007079 0.177318 
0.693900 0.000002 0.306098 
0.999991 0.000001 0.000008 
0.845895 0.027119 0.126986 
0.001402 0.989882 0.008716 
0.975841 0.024152 0.000007 
0.987825 0.012168 0.000007 
0.800852 0.000002 0.199146 
0.453838 0.163221 0.203963 
