-1909880.212069
0
0.036251 0.031056 0.019294 0.024988 0.010135 0.005495 0.003060 0.005129 0.011852 0.007894 0.002763 0.005748 0.005120 0.003519 0.009481 0.002635 0.009016 0.002016 0.007665 0.003540 0.000000 0.000216 0.001247 0.000000 0.046324 0.060355 0.009014 0.044522 0.010410 0.009464 0.006510 0.009639 0.021773 0.014050 0.007010 0.019723 0.007375 0.010842 0.034965 0.011015 0.005134 0.002578 0.010044 0.005487 0.000000 0.001165 0.004517 0.001108 0.038314 0.040452 0.022569 0.025841 0.007419 0.009295 0.007953 0.005869 0.008628 0.008123 0.002278 0.008417 0.006438 0.004744 0.013309 0.004444 0.005980 0.001712 0.004050 0.002526 0.000000 0.000000 0.001781 0.000000 0.033551 0.053919 0.010313 0.037307 0.002682 0.010374 0.002903 0.004844 0.003066 0.006221 0.000656 0.008115 0.004248 0.004789 0.007840 0.003886 0.002724 0.001169 0.003505 0.002339 0.000000 0.000217 0.002796 0.001250 
0.000817 0.000343 0.000280 0.000244 0.000186 0.000089 0.000156 0.000655 0.007675 0.002436 0.003267 0.003770 0.000002 0.000124 0.000483 0.000055 0.001113 0.000409 0.000404 0.001636 0.000000 0.000000 0.000191 0.000115 0.000653 0.000342 0.000000 0.000420 0.000001 0.000432 0.000000 0.000211 0.014663 0.002849 0.004918 0.008949 0.000082 0.000721 0.000094 0.000444 0.000640 0.000419 0.000554 0.000334 0.000108 0.000080 0.000121 0.000129 0.000556 0.000117 0.000000 0.000015 0.000000 0.000001 0.000000 0.000273 0.006551 0.001837 0.000000 0.003085 0.000000 0.000185 0.000001 0.000103 0.000002 0.000097 0.000001 0.000379 0.000000 0.000066 0.000001 0.000000 0.015200 0.006430 0.001717 0.011797 0.038018 0.000001 0.001565 0.066759 0.423375 0.081675 0.047006 0.229546 0.000209 0.000003 0.000000 0.000295 0.000004 0.000487 0.000328 0.000503 0.000095 0.000000 0.000101 0.000001 
0.011486 0.009266 0.001793 0.006252 0.000620 0.001907 0.000523 0.001732 0.031107 0.013547 0.188261 0.012208 0.003218 0.002037 0.002046 0.008275 0.011706 0.005378 0.007919 0.007306 0.001379 0.001817 0.000986 0.002998 0.006773 0.007410 0.000735 0.006937 0.000837 0.000001 0.000304 0.000367 0.019580 0.018969 0.105444 0.016970 0.000728 0.001570 0.000869 0.001167 0.002424 0.004083 0.005668 0.005347 0.000000 0.001907 0.000843 0.001551 0.008637 0.005841 0.000663 0.003457 0.000000 0.002367 0.000000 0.000001 0.024954 0.028128 0.114887 0.017175 0.000000 0.000000 0.000776 0.001653 0.011020 0.006569 0.003981 0.009622 0.000000 0.000252 0.000451 0.000568 0.011510 0.011739 0.002489 0.015039 0.001747 0.001270 0.000289 0.002522 0.014331 0.017145 0.082764 0.013245 0.005219 0.001432 0.000000 0.003022 0.007019 0.004152 0.008236 0.005748 0.000747 0.000717 0.001587 0.002778 
0.021496 0.017083 0.000000 0.016115 0.026537 0.012880 0.006218 0.025506 0.017961 0.009066 0.002503 0.016612 0.008262 0.008594 0.006849 0.008800 0.011305 0.010052 0.011109 0.018382 0.002348 0.001685 0.010054 0.008742 0.015306 0.011787 0.000000 0.012227 0.017667 0.014769 0.004056 0.027697 0.013575 0.007554 0.002468 0.014196 0.008564 0.013909 0.009126 0.017948 0.007859 0.016274 0.007596 0.013097 0.002138 0.006083 0.011104 0.009472 0.005365 0.007544 0.000000 0.010858 0.012758 0.010527 0.000000 0.019720 0.017340 0.007437 0.000000 0.009798 0.004054 0.005347 0.007361 0.009175 0.006193 0.006192 0.005831 0.006826 0.004862 0.005462 0.019829 0.008322 0.008139 0.013056 0.000001 0.013508 0.017389 0.021461 0.002562 0.036676 0.009083 0.015127 0.001459 0.009620 0.007774 0.009955 0.005956 0.016572 0.009368 0.011238 0.006017 0.011004 0.006344 0.007371 0.013502 0.013384 
0.013128 0.006711 0.000000 0.007420 0.012662 0.007604 0.001869 0.011660 0.022713 0.013760 0.017531 0.017335 0.009460 0.007360 0.011762 0.012574 0.039314 0.015617 0.031655 0.030560 0.004192 0.002447 0.005785 0.004274 0.005533 0.000001 0.002036 0.007050 0.006331 0.007352 0.002093 0.009017 0.023638 0.018055 0.013062 0.020085 0.004572 0.005419 0.008030 0.009948 0.015003 0.013715 0.019992 0.021005 0.002515 0.003774 0.007539 0.012539 0.009439 0.006183 0.000000 0.009051 0.005820 0.004991 0.000000 0.006278 0.020679 0.018655 0.013469 0.021677 0.006781 0.004085 0.006733 0.005011 0.017864 0.010219 0.014893 0.016396 0.001631 0.000000 0.005820 0.003595 0.012720 0.006947 0.003251 0.016487 0.002590 0.007883 0.000972 0.006521 0.011888 0.022205 0.008257 0.011693 0.009404 0.006681 0.007850 0.010883 0.018154 0.015591 0.013958 0.018518 0.005876 0.005767 0.006209 0.014725 
0.650863 0.120476 0.191310 0.000000 0.037350 
0.010048 0.957772 0.000000 0.032173 0.000007 
0.087775 0.006578 0.000000 0.539335 0.366312 
0.024045 0.007534 0.898758 0.000000 0.069663 
0.061234 0.005217 0.202548 0.683974 0.047027 
0.000011 0.000000 0.883048 0.038673 0.078268 
0.000009 0.000000 0.901348 0.000000 0.098642 
0.086905 0.175408 0.000000 0.000000 0.737687 
0.079163 0.712160 0.146059 0.046620 0.015997 
0.032874 0.331326 0.177246 0.403544 0.055010 
0.105539 0.011167 0.000000 0.083294 0.800001 
0.155584 0.014672 0.000000 0.000000 0.829744 
0.000007 0.976438 0.023545 0.000000 0.000009 
0.136433 0.000000 0.000000 0.020157 0.843410 
0.119464 0.029118 0.000000 0.773994 0.077424 
0.153657 0.000000 0.000000 0.000000 0.846343 
0.999992 0.000000 0.000000 0.000000 0.000008 
0.000009 0.000000 0.884875 0.015687 0.099428 
0.999992 0.000000 0.000000 0.000000 0.000008 
0.088017 0.075221 0.013877 0.009345 0.813541 
0.044157 0.480525 0.318940 0.126287 0.030091 
0.460814 0.062220 0.000000 0.415326 0.061640 
0.040283 0.033134 0.132487 0.097017 0.697078 
0.013243 0.390338 0.427704 0.000000 0.168715 
0.065263 0.014479 0.043419 0.083475 0.793364 
0.955969 0.044023 0.000000 0.000000 0.000007 
0.737765 0.000000 0.000000 0.000000 0.262235 
0.115717 0.000000 0.000000 0.827890 0.056392 
0.101983 0.000000 0.338835 0.019830 0.539353 
0.355421 0.629985 0.000000 0.000000 0.014594 
0.069243 0.000000 0.078681 0.752445 0.099631 
0.084987 0.000000 0.000000 0.034313 0.880700 
0.000010 0.735840 0.213403 0.000000 0.050747 
0.156260 0.000000 0.000000 0.762676 0.081064 
0.000019 0.000000 0.926558 0.000000 0.073423 
0.000013 0.787406 0.180117 0.000000 0.032464 
0.000010 0.000000 0.866217 0.000000 0.133773 
0.058935 0.000000 0.376948 0.013581 0.550536 
0.098625 0.010799 0.132401 0.758168 0.000007 
0.888867 0.066278 0.000000 0.044847 0.000007 
0.197951 0.000000 0.432836 0.268969 0.100244 
0.093144 0.013249 0.000000 0.789190 0.104417 
0.000010 0.006206 0.851978 0.000000 0.141806 
0.057882 0.110601 0.011354 0.037391 0.782771 
0.091118 0.079394 0.147254 0.651882 0.030352 
0.064822 0.000000 0.000000 0.935170 0.000008 
0.188713 0.000000 0.000000 0.040869 0.770418 
0.611483 0.085056 0.000000 0.000000 0.303461 
0.361270 0.208824 0.021221 0.408678 0.000008 
0.043935 0.956058 0.000000 0.000000 0.000008 
0.000010 0.999983 0.000000 0.000000 0.000007 
0.795188 0.000000 0.000000 0.000000 0.204812 
0.782024 0.008737 0.209232 0.000000 0.000008 
0.027329 0.843233 0.000000 0.000000 0.129437 
0.039557 0.000000 0.858893 0.037910 0.063640 
0.066838 0.876273 0.000000 0.000000 0.056889 
0.000011 0.014646 0.820813 0.000000 0.164530 
0.018847 0.868280 0.018723 0.077912 0.016238 
0.830445 0.106586 0.000000 0.047445 0.015524 
0.092961 0.000000 0.000000 0.326641 0.580398 
0.762461 0.000000 0.000000 0.237532 0.000008 
0.000010 0.000000 0.853825 0.000000 0.146165 
0.097415 0.017324 0.000000 0.682987 0.202274 
0.011472 0.632666 0.000000 0.014057 0.341805 
0.130087 0.042175 0.210660 0.605031 0.012048 
0.942029 0.000000 0.000000 0.057964 0.000007 
0.000011 0.000000 0.907891 0.000000 0.092098 
0.000010 0.923003 0.063452 0.013528 0.000007 
0.973049 0.000000 0.000000 0.026944 0.000007 
0.091921 0.908071 0.000000 0.000000 0.000008 
0.193136 0.149726 0.000000 0.635708 0.021430 
0.122681 0.000000 0.016451 0.239965 0.620902 
0.967760 0.004107 0.012959 0.015167 0.000007 
0.000011 0.000000 0.680628 0.227703 0.091658 
0.984622 0.000000 0.000000 0.000000 0.015378 
0.231985 0.323988 0.258390 0.124818 0.060819 
0.118075 0.033530 0.000000 0.063536 0.784859 
0.820390 0.137126 0.000000 0.000000 0.042484 
0.184611 0.000000 0.000000 0.111182 0.704207 
0.466530 0.057326 0.422909 0.053227 0.000008 
0.065310 0.027023 0.632884 0.000000 0.274784 
0.965891 0.020606 0.013496 0.000000 0.000007 
0.092784 0.169763 0.121378 0.007103 0.608971 
0.128378 0.000000 0.000000 0.628637 0.242985 
0.064856 0.050995 0.193921 0.000000 0.690228 
0.000010 0.999983 0.000000 0.000000 0.000007 
0.068266 0.000000 0.061406 0.870320 0.000008 
0.037493 0.521084 0.024957 0.067500 0.348966 
0.212997 0.006040 0.000000 0.000000 0.780963 
0.668548 0.000000 0.331444 0.000000 0.000008 
0.053679 0.000000 0.178830 0.515769 0.251722 
0.467523 0.024256 0.000000 0.453535 0.054686 
0.000010 0.628102 0.300171 0.033964 0.037752 
0.110877 0.089919 0.000000 0.000000 0.799204 
0.000010 0.013541 0.883912 0.000000 0.102538 
0.093707 0.149153 0.000000 0.000000 0.757140 
0.000011 0.690804 0.247328 0.000000 0.061856 
0.171432 0.000000 0.000000 0.727210 0.101358 
0.156612 0.000000 0.000000 0.843380 0.000008 
0.833985 0.006053 0.008405 0.084573 0.066985 
0.550747 0.179387 0.000000 0.076383 0.193483 
0.333158 0.000000 0.610674 0.056160 0.000008 
0.072714 0.000000 0.000000 0.170502 0.756784 
0.024383 0.973388 0.000000 0.000000 0.002229 
0.033147 0.000000 0.870313 0.000000 0.096539 
0.000011 0.221977 0.717530 0.000000 0.060482 
0.095140 0.000000 0.000000 0.000000 0.904860 
0.095214 0.030065 0.000000 0.000000 0.874721 
0.972983 0.000000 0.000000 0.000000 0.027017 
0.868001 0.000000 0.000000 0.028814 0.103185 
0.198609 0.153388 0.019748 0.000000 0.628255 
0.033887 0.892166 0.014752 0.000000 0.059194 
0.253208 0.000000 0.000000 0.136958 0.609834 
0.000010 0.432103 0.396463 0.171416 0.000008 
0.448128 0.000000 0.013317 0.000000 0.538555 
0.000010 0.000000 0.920903 0.054447 0.024640 
0.046090 0.000000 0.000000 0.868923 0.084987 
0.014570 0.949972 0.014160 0.000000 0.021298 
0.073483 0.000000 0.000000 0.700805 0.225712 
0.000011 0.007739 0.741797 0.000000 0.250453 
0.083535 0.020531 0.000000 0.020012 0.875922 
0.127906 0.872086 0.000000 0.000000 0.000008 
0.084461 0.000000 0.000000 0.710345 0.205195 
0.000010 0.315443 0.588846 0.030741 0.064960 
0.118193 0.000000 0.075129 0.784024 0.022654 
0.000011 0.000000 0.851248 0.016258 0.132483 
0.138213 0.007571 0.007429 0.846779 0.000008 
0.146534 0.837406 0.000000 0.016052 0.000008 
0.114581 0.000000 0.073601 0.023469 0.788349 
0.017059 0.000000 0.912711 0.000000 0.070230 
0.099142 0.000000 0.000000 0.791107 0.109751 
0.008685 0.884239 0.008248 0.098821 0.000007 
0.573806 0.007660 0.000000 0.000000 0.418534 
0.431769 0.092141 0.000000 0.000000 0.476090 
0.326944 0.637721 0.000000 0.000000 0.035335 
0.047096 0.339383 0.539173 0.000000 0.074349 
0.000009 0.558272 0.409803 0.031908 0.000008 
0.881961 0.000000 0.040825 0.027817 0.049397 
0.027209 0.010074 0.874830 0.000000 0.087887 
0.185279 0.450506 0.000000 0.000000 0.364215 
0.095066 0.191656 0.000000 0.648141 0.065137 
0.818522 0.000000 0.081430 0.100040 0.000008 
0.999993 0.000000 0.000000 0.000000 0.000007 
0.095157 0.057058 0.132342 0.626903 0.088539 
0.262677 0.286988 0.000000 0.017672 0.432663 
0.083954 0.000000 0.007341 0.860914 0.047791 
0.039087 0.029572 0.324521 0.567450 0.039371 
0.144668 0.009876 0.048426 0.746525 0.050505 
0.999992 0.000000 0.000000 0.000000 0.000008 
0.787263 0.000000 0.183924 0.000000 0.028813 
0.000010 0.000000 0.820136 0.000000 0.179854 
0.885170 0.000000 0.000000 0.000000 0.114830 
0.021895 0.000000 0.933815 0.044282 0.000008 
0.212347 0.053945 0.677438 0.000000 0.056269 
0.901925 0.000000 0.071059 0.000000 0.027016 
0.946097 0.000000 0.053895 0.000000 0.000008 
0.112506 0.094264 0.000000 0.597254 0.195976 
0.055714 0.000000 0.000000 0.090831 0.853455 
0.054081 0.587586 0.027686 0.000000 0.330647 
0.204731 0.000000 0.698992 0.000000 0.096277 
0.000010 0.000000 0.906080 0.059144 0.034765 
0.119942 0.020253 0.000000 0.804476 0.055329 
0.026901 0.000000 0.517857 0.318758 0.136485 
0.000009 0.981484 0.000000 0.000000 0.018507 
0.115423 0.000000 0.000000 0.000000 0.884577 
0.845897 0.000000 0.000000 0.148576 0.005527 
0.093403 0.014749 0.029674 0.058467 0.803707 
0.000011 0.000000 0.924630 0.000000 0.075359 
0.479875 0.295011 0.178348 0.028771 0.017995 
0.093275 0.011381 0.000000 0.048105 0.847238 
0.000010 0.111317 0.770405 0.000000 0.118268 
0.119744 0.000000 0.033499 0.159948 0.686809 
0.542099 0.000000 0.000000 0.376779 0.081122 
0.759691 0.000000 0.024064 0.000000 0.216245 
0.984802 0.015190 0.000000 0.000000 0.000008 
0.000011 0.016003 0.848356 0.000000 0.135630 
0.023815 0.000000 0.663776 0.000000 0.312409 
0.207465 0.011601 0.698362 0.000000 0.082572 
0.070560 0.429246 0.000000 0.178750 0.321445 
0.076224 0.000000 0.000000 0.000000 0.923776 
0.859784 0.043989 0.000000 0.044714 0.051513 
0.093596 0.000000 0.000000 0.059059 0.847345 
0.100212 0.026199 0.000000 0.831830 0.041760 
0.986447 0.013545 0.000000 0.000000 0.000008 
0.101946 0.102081 0.740727 0.000000 0.055246 
0.955241 0.000000 0.000000 0.000000 0.044758 
0.100376 0.000000 0.258185 0.000000 0.641439 
0.000011 0.624519 0.332579 0.000000 0.042890 
0.106810 0.000000 0.034253 0.768813 0.090124 
0.019641 0.523273 0.013265 0.000000 0.443821 
0.113688 0.128083 0.000000 0.000000 0.758229 
0.002436 0.997559 0.000000 0.000000 0.000005 
0.054172 0.419043 0.000000 0.462634 0.064151 
0.999993 0.000000 0.000000 0.000000 0.000007 
0.070887 0.034762 0.000000 0.793150 0.101201 
0.971835 0.000000 0.000000 0.028157 0.000008 
0.079035 0.000000 0.142878 0.073735 0.704352 
0.021897 0.800981 0.000000 0.000000 0.177123 
0.008173 0.986996 0.004824 0.000000 0.000007 
0.098427 0.000000 0.000000 0.000000 0.901573 
0.000010 0.000000 0.845491 0.000000 0.154499 
0.000011 0.000000 0.874015 0.000000 0.125974 
0.131194 0.038328 0.000000 0.755979 0.074499 
0.061597 0.308236 0.000000 0.000000 0.630167 
0.028127 0.000000 0.673709 0.240884 0.057279 
0.119209 0.010260 0.253683 0.573438 0.043410 
0.128350 0.000000 0.020767 0.175980 0.674904 
0.150670 0.011984 0.000000 0.010499 0.826847 
0.027684 0.868173 0.000000 0.104137 0.000007 
0.083459 0.000000 0.111285 0.148413 0.656842 
0.100715 0.000000 0.000000 0.714126 0.185159 
0.030298 0.000000 0.750444 0.183109 0.036149 
0.141591 0.008191 0.024997 0.083476 0.741745 
0.294045 0.000000 0.000000 0.046035 0.659920 
0.287863 0.000000 0.000000 0.000000 0.712137 
0.000011 0.699063 0.274222 0.026696 0.000008 
0.059644 0.056477 0.090665 0.000000 0.793214 
0.114756 0.756345 0.000000 0.000000 0.128899 
0.999992 0.000000 0.000000 0.000000 0.000008 
0.021832 0.008900 0.579292 0.022564 0.367412 
0.111685 0.012246 0.000000 0.033237 0.842832 
0.012973 0.791994 0.195025 0.000000 0.000008 
0.046953 0.631936 0.000000 0.321104 0.000007 
0.141738 0.000000 0.010864 0.021177 0.826221 
0.832848 0.022019 0.000000 0.000000 0.145133 
0.116882 0.012796 0.000000 0.000000 0.870321 
0.895831 0.000000 0.070004 0.034158 0.000008 
0.102890 0.000000 0.032852 0.085087 0.779172 
0.244600 0.016581 0.000000 0.691733 0.047087 
0.009492 0.000000 0.877556 0.000000 0.112952 
0.870196 0.009454 0.000000 0.120343 0.000007 
0.042985 0.590701 0.000000 0.058026 0.308288 
0.000011 0.000000 0.857467 0.025956 0.116566 
0.144045 0.000000 0.000000 0.830817 0.025137 
0.082245 0.000000 0.044827 0.000000 0.872928 
0.000012 0.988912 0.000000 0.000000 0.011076 
0.287674 0.441823 0.025958 0.000000 0.244546 
0.118358 0.682633 0.000000 0.000000 0.199009 
0.114537 0.813061 0.053628 0.000000 0.018774 
0.000011 0.000000 0.907899 0.037924 0.054165 
0.122479 0.000000 0.000000 0.000000 0.877521 
0.009793 0.000000 0.893229 0.012767 0.084211 
0.000010 0.820050 0.131395 0.017101 0.031445 
0.015606 0.847059 0.000000 0.000000 0.137335 
0.402545 0.189564 0.380800 0.000000 0.027091 
0.033216 0.232114 0.669025 0.000000 0.065645 
0.084151 0.000000 0.000000 0.859672 0.056176 
0.636411 0.335208 0.000000 0.028373 0.000007 
0.992524 0.000000 0.007468 0.000000 0.000007 
0.018527 0.162485 0.734042 0.000000 0.084946 
0.228117 0.000000 0.668747 0.036865 0.066271 
0.098247 0.865155 0.000000 0.036591 0.000007 
0.012645 0.938791 0.000000 0.000000 0.048565 
0.039321 0.000000 0.000000 0.639408 0.321272 
0.005585 0.994406 0.000000 0.000000 0.000009 
0.493100 0.000000 0.000000 0.506892 0.000008 
0.076019 0.000000 0.000000 0.000000 0.923980 
0.095676 0.000000 0.042752 0.015813 0.845759 
0.095961 0.000000 0.000000 0.110848 0.793191 
0.355409 0.000000 0.013464 0.249057 0.382070 
0.120178 0.000000 0.000000 0.735976 0.143846 
0.096864 0.009791 0.000000 0.747359 0.145985 
0.000010 0.793601 0.180729 0.000000 0.025659 
0.080010 0.000000 0.000000 0.799087 0.120903 
0.000011 0.000000 0.912850 0.055804 0.031335 
0.093757 0.897795 0.000000 0.008440 0.000008 
0.019698 0.000000 0.518063 0.371333 0.090906 
0.861201 0.000000 0.000000 0.091438 0.047362 
0.093130 0.000000 0.772598 0.056862 0.077410 
0.035034 0.108632 0.681420 0.159369 0.015544 
0.057825 0.432691 0.000000 0.000000 0.509484 
0.537254 0.443575 0.000000 0.019163 0.000008 
0.140141 0.000000 0.000000 0.000000 0.859859 
0.143795 0.000000 0.000000 0.816677 0.039527 
0.104331 0.000000 0.000000 0.017052 0.878617 
0.005127 0.935524 0.043659 0.015682 0.000008 
0.274382 0.000000 0.057196 0.628201 0.040221 
0.000010 0.990023 0.004564 0.000000 0.005403 
0.095934 0.093981 0.000000 0.011059 0.799026 
0.054477 0.473161 0.000000 0.413445 0.058917 
0.697891 0.000000 0.114186 0.060150 0.127773 
0.044477 0.582239 0.016506 0.356770 0.000008 
0.059016 0.048338 0.027282 0.368904 0.496460 
0.001959 0.021343 0.909562 0.000000 0.067135 
0.948726 0.008395 0.011669 0.000000 0.031210 
0.000009 0.013755 0.853115 0.000000 0.133120 
0.999993 0.000000 0.000000 0.000000 0.000007 
0.882819 0.000000 0.034060 0.000000 0.083121 
0.105122 0.872355 0.005898 0.016617 0.000008 
0.025327 0.000000 0.890982 0.000000 0.083691 
0.000010 0.020247 0.870511 0.031879 0.077353 
0.000011 0.333185 0.524070 0.000000 0.142734 
0.000006 0.996885 0.003104 0.000000 0.000005 
0.104920 0.000000 0.184260 0.000000 0.710820 
0.007453 0.981658 0.000000 0.000000 0.010889 
0.622479 0.006530 0.009938 0.297963 0.063090 
0.875745 0.000000 0.017824 0.000000 0.106431 
0.000013 0.413257 0.000000 0.052312 0.534418 
0.230959 0.464477 0.000000 0.085613 0.218951 
0.178389 0.559444 0.000000 0.000000 0.262167 
0.652633 0.000000 0.000000 0.347360 0.000007 
0.024711 0.576050 0.346438 0.000000 0.052801 
0.007760 0.054553 0.741475 0.000000 0.196211 
0.000011 0.000000 0.891912 0.000000 0.108077 
0.094607 0.081643 0.000000 0.000000 0.823749 
0.969177 0.000000 0.000000 0.030815 0.000008 
0.093404 0.250446 0.040444 0.354727 0.260980 
0.000011 0.025667 0.886287 0.027020 0.061015 
0.077716 0.000000 0.000000 0.000000 0.922284 
0.300755 0.000000 0.000000 0.019626 0.679620 
0.018171 0.000000 0.463434 0.000000 0.518395 
0.414329 0.000000 0.498307 0.000000 0.087364 
0.000011 0.025460 0.878822 0.000000 0.095707 
0.778249 0.000000 0.156526 0.000000 0.065224 
0.838322 0.000000 0.013478 0.148193 0.000008 
0.351900 0.449646 0.185360 0.013087 0.000008 
0.000013 0.898105 0.000000 0.000000 0.101882 
0.864540 0.000000 0.000000 0.066903 0.068557 
0.049035 0.000000 0.877459 0.000000 0.073505 
0.923749 0.011935 0.042503 0.021806 0.000008 
0.093846 0.000000 0.613947 0.146099 0.146108 
0.073036 0.000000 0.097294 0.000000 0.829670 
0.047126 0.319001 0.000000 0.000000 0.633873 
0.000009 0.912705 0.029644 0.000000 0.057642 
0.000012 0.993890 0.000000 0.006090 0.000008 
0.022344 0.843215 0.000000 0.011311 0.123130 
0.059197 0.400190 0.011188 0.117833 0.411592 
0.122701 0.000000 0.000000 0.000000 0.877299 
0.075531 0.000000 0.319094 0.000000 0.605375 
0.005490 0.924456 0.000000 0.042603 0.027451 
0.138971 0.120551 0.046333 0.262857 0.431289 
0.191031 0.000000 0.000000 0.271642 0.537328 
0.927438 0.072554 0.000000 0.000000 0.000008 
0.000010 0.973626 0.026356 0.000000 0.000007 
0.000012 0.975907 0.024074 0.000000 0.000007 
0.122104 0.000000 0.000000 0.014739 0.863157 
0.000008 0.959615 0.005697 0.000000 0.034680 
0.068053 0.078755 0.000000 0.693758 0.159434 
0.115049 0.000000 0.000000 0.000000 0.884951 
0.040536 0.303320 0.545291 0.024629 0.086224 
0.000005 0.999989 0.000000 0.000000 0.000005 
0.118637 0.000000 0.015281 0.701081 0.165001 
0.071342 0.047474 0.000000 0.084110 0.797073 
0.000011 0.348448 0.583588 0.037262 0.030690 
0.020591 0.674933 0.000000 0.026645 0.277831 
0.489357 0.022484 0.404128 0.028262 0.055769 
0.074132 0.000000 0.095322 0.000000 0.830546 
0.116479 0.000000 0.000000 0.858446 0.025075 
0.250192 0.000000 0.000000 0.274841 0.474966 
0.029614 0.256822 0.189028 0.069874 0.454662 
0.230426 0.000000 0.000000 0.728154 0.041420 
0.000010 0.039713 0.813840 0.000000 0.146437 
0.118974 0.000000 0.017200 0.000000 0.863826 
0.227296 0.000000 0.000000 0.051102 0.721601 
0.097494 0.000000 0.026860 0.048988 0.826658 
0.109999 0.019423 0.000000 0.824765 0.045812 
0.999993 0.000000 0.000000 0.000000 0.000007 
0.845286 0.004047 0.006320 0.144339 0.000008 
0.957421 0.000000 0.000000 0.042571 0.000007 
0.103308 0.006404 0.073759 0.775949 0.040580 
0.038269 0.703914 0.000000 0.000000 0.257817 
0.068266 0.068336 0.759518 0.031469 0.072411 
0.000011 0.157874 0.762175 0.000000 0.079940 
0.123605 0.000000 0.013521 0.817412 0.045461 
0.011927 0.984978 0.003087 0.000000 0.000008 
0.000012 0.966977 0.000000 0.000000 0.033011 
0.016740 0.000000 0.905888 0.000000 0.077372 
0.272948 0.019122 0.000000 0.000000 0.707930 
0.073436 0.000000 0.109058 0.028364 0.789142 
0.037909 0.000000 0.863409 0.000000 0.098682 
0.060202 0.000000 0.457160 0.000000 0.482638 
0.344725 0.000000 0.179213 0.000000 0.476062 
0.091535 0.000000 0.000000 0.000000 0.908465 
0.000010 0.053685 0.872483 0.000000 0.073822 
0.297510 0.000000 0.291521 0.325820 0.085149 
0.000010 0.000000 0.886781 0.000000 0.113209 
0.000010 0.000000 0.842378 0.000000 0.157612 
0.116701 0.000000 0.000000 0.000000 0.883299 
0.036523 0.000000 0.611856 0.000000 0.351621 
0.155655 0.395592 0.000000 0.260881 0.187872 
0.106564 0.000000 0.000000 0.847846 0.045590 
0.054689 0.945304 0.000000 0.000000 0.000007 
0.957557 0.011245 0.000000 0.031190 0.000008 
0.045230 0.502054 0.000000 0.432327 0.020389 
0.954992 0.000000 0.000000 0.045001 0.000008 
0.999992 0.000000 0.000000 0.000000 0.000008 
0.999994 0.000000 0.000000 0.000000 0.000006 
0.000010 0.063285 0.847915 0.000000 0.088790 
0.000010 0.972938 0.000000 0.000000 0.027052 
0.099445 0.029801 0.229665 0.473439 0.167650 
0.127426 0.000000 0.000000 0.000000 0.872574 
0.129383 0.000000 0.000000 0.000000 0.870617 
0.102352 0.018602 0.013378 0.058250 0.807418 
0.000011 0.000000 0.863464 0.000000 0.136525 
0.089722 0.110785 0.000000 0.710805 0.088687 
0.994373 0.000000 0.005619 0.000000 0.000008 
0.173735 0.008941 0.000000 0.731300 0.086024 
0.000010 0.000000 0.871079 0.000000 0.128911 
0.012505 0.016211 0.857015 0.000000 0.114268 
0.061003 0.306537 0.000000 0.025986 0.606474 
0.010995 0.983562 0.005435 0.000000 0.000008 
0.723184 0.000000 0.000000 0.000000 0.276816 
0.044160 0.000000 0.868677 0.000000 0.087163 
0.113310 0.000000 0.000000 0.760085 0.126605 
0.000011 0.000000 0.868927 0.000000 0.131061 
0.145500 0.000000 0.000000 0.000000 0.854500 
0.791002 0.208990 0.000000 0.000000 0.000008 
0.119157 0.019891 0.190441 0.577342 0.093168 
0.025586 0.644599 0.279238 0.000000 0.050577 
0.841315 0.017071 0.000000 0.000000 0.141614 
0.061420 0.053620 0.000000 0.217276 0.667685 
0.135968 0.000000 0.000000 0.784681 0.079351 
0.111453 0.000000 0.000000 0.033351 0.855196 
0.192805 0.000000 0.000000 0.807188 0.000008 
0.000010 0.109282 0.782655 0.000000 0.108053 
0.102033 0.000000 0.069983 0.000000 0.827984 
0.138727 0.000000 0.000000 0.655743 0.205530 
0.153932 0.000000 0.125058 0.000000 0.721010 
0.061282 0.011569 0.000000 0.781518 0.145631 
0.360528 0.628122 0.000000 0.000000 0.011350 
0.081199 0.041955 0.000000 0.057020 0.819825 
0.101003 0.000000 0.026336 0.000000 0.872661 
0.951677 0.004976 0.010818 0.032521 0.000008 
0.131803 0.000000 0.000000 0.014896 0.853300 
0.000011 0.961670 0.000000 0.000000 0.038319 
0.000008 0.993630 0.006356 0.000000 0.000005 
0.380806 0.516575 0.075186 0.027426 0.000008 
0.539276 0.255315 0.000000 0.160094 0.045315 
0.999992 0.000000 0.000000 0.000000 0.000008 
0.000009 0.020939 0.914138 0.020415 0.044498 
0.940691 0.000000 0.016612 0.042690 0.000007 
0.011730 0.000000 0.898496 0.000000 0.089774 
0.014957 0.320443 0.313876 0.096750 0.253973 
0.099357 0.389868 0.000000 0.197667 0.313108 
0.990562 0.000000 0.000000 0.000000 0.009438 
0.920898 0.000000 0.000000 0.065957 0.013145 
0.011246 0.743743 0.000000 0.245003 0.000008 
0.141127 0.000000 0.000000 0.783564 0.075309 
0.025787 0.000000 0.846294 0.000000 0.127919 
0.031744 0.014482 0.709054 0.157291 0.087428 
0.049091 0.026592 0.441635 0.010439 0.472244 
0.086851 0.000000 0.000000 0.787295 0.125854 
0.000011 0.983361 0.008310 0.000000 0.008318 
0.000011 0.986542 0.007335 0.006105 0.000008 
0.191031 0.015422 0.643092 0.064373 0.086082 
0.039202 0.000000 0.838244 0.036955 0.085599 
0.000009 0.646988 0.308738 0.016008 0.028256 
0.097838 0.000000 0.063297 0.344692 0.494173 
0.999992 0.000000 0.000000 0.000000 0.000008 
0.025376 0.762081 0.006229 0.179199 0.027116 
0.122482 0.236466 0.000000 0.577763 0.063289 
0.919582 0.000000 0.080411 0.000000 0.000007 
0.071116 0.475325 0.426115 0.000000 0.027444 
0.111079 0.011861 0.000000 0.812599 0.064462 
0.944776 0.000000 0.000000 0.013685 0.041539 
0.902728 0.055596 0.000000 0.041668 0.000008 
0.022121 0.000000 0.881261 0.000000 0.096618 
0.794316 0.000000 0.000000 0.000000 0.205683 
0.011335 0.000000 0.673650 0.000000 0.315015 
0.985301 0.000000 0.000000 0.000000 0.014699 
0.000010 0.989553 0.000000 0.010430 0.000007 
0.086193 0.000000 0.000000 0.302909 0.610898 
0.968298 0.004535 0.027158 0.000000 0.000008 
0.000011 0.863519 0.122250 0.014213 0.000007 
0.069171 0.000000 0.097785 0.000000 0.833044 
0.101188 0.000000 0.763770 0.048208 0.086835 
0.000012 0.568832 0.188071 0.000000 0.243086 
0.000010 0.990827 0.000000 0.000000 0.009163 
0.114271 0.089301 0.000000 0.000000 0.796428 
0.192239 0.000000 0.409462 0.000000 0.398299 
0.021236 0.000000 0.725578 0.253178 0.000008 
0.099210 0.009247 0.031235 0.000000 0.860307 
0.101199 0.000000 0.000000 0.065852 0.832950 
0.076296 0.000000 0.095292 0.000000 0.828411 
0.030602 0.006490 0.838033 0.110832 0.014042 
0.026840 0.395843 0.017780 0.332067 0.227470 
0.050918 0.288645 0.039692 0.099877 0.520867 
0.000009 0.972038 0.000000 0.012918 0.015035 
0.021423 0.202208 0.731294 0.000000 0.045075 
0.158588 0.000000 0.000000 0.601422 0.239990 
0.000010 0.000000 0.923212 0.000000 0.076778 
0.097305 0.000000 0.008501 0.808870 0.085324 
0.729828 0.008881 0.261284 0.000000 0.000008 
0.090118 0.000000 0.030582 0.214636 0.664665 
0.000010 0.011259 0.858498 0.000000 0.130233 
0.089099 0.000000 0.146372 0.615691 0.148838 
0.564253 0.000000 0.435739 0.000000 0.000008 
0.162592 0.000000 0.730910 0.019005 0.087493 
0.110681 0.000000 0.000000 0.034938 0.854380 
0.279313 0.000000 0.000000 0.000000 0.720687 
0.000010 0.981370 0.000000 0.000000 0.018620 
0.031786 0.000000 0.919204 0.009896 0.039114 
0.099471 0.000000 0.177732 0.722789 0.000008 
0.079640 0.000000 0.139556 0.010667 0.770137 
0.975453 0.000000 0.000000 0.000000 0.024547 
0.114548 0.010378 0.131962 0.723784 0.019328 
0.000008 0.986320 0.002756 0.000000 0.010916 
0.968010 0.031982 0.000000 0.000000 0.000008 
0.124829 0.000000 0.000000 0.875156 0.000015 
0.082420 0.000000 0.053048 0.045487 0.819045 
0.221613 0.103795 0.104963 0.103459 0.2093 
