-1914952.156291
0
0.007346 0.000000 0.000000 0.000000 0.000000 0.000000 0.000000 0.000000 0.017417 0.010059 0.000000 0.022879 0.000000 0.000000 0.000000 0.000000 0.000000 0.006298 0.000000 0.030779 0.000000 0.000000 0.002763 0.000000 0.000000 0.000000 0.000000 0.000000 0.000000 0.000000 0.000000 0.000000 0.000000 0.000000 0.000000 0.022080 0.000000 0.000000 0.000000 0.000000 0.000000 0.000000 0.000000 0.000000 0.000000 0.000000 0.000000 0.000000 0.000000 0.000000 0.000000 0.000000 0.000000 0.000000 0.000000 0.000000 0.004848 0.000000 0.000000 0.000000 0.000000 0.001983 0.000000 0.000000 0.000000 0.000000 0.000000 0.000000 0.000000 0.000000 0.000000 0.000000 0.000000 0.039620 0.000000 0.046071 0.020013 0.000000 0.000000 0.083843 0.460044 0.055475 0.000000 0.149585 0.002639 0.000000 0.000000 0.000000 0.000000 0.008257 0.000000 0.007997 0.000000 0.000000 0.000000 0.000000 
0.014043 0.001328 0.000000 0.000000 0.004562 0.000000 0.000000 0.009765 0.018996 0.015307 0.000000 0.016222 0.009697 0.005800 0.015743 0.014424 0.050469 0.021809 0.043974 0.041899 0.005568 0.003325 0.007142 0.005518 0.000000 0.000000 0.003710 0.003566 0.000000 0.000000 0.000000 0.000000 0.029763 0.026175 0.003451 0.022218 0.000000 0.001789 0.007414 0.009698 0.018271 0.019659 0.029166 0.025179 0.003195 0.003507 0.011140 0.017678 0.012601 0.000000 0.000000 0.007111 0.000000 0.000000 0.000000 0.000000 0.026635 0.022881 0.000000 0.029237 0.009344 0.001554 0.005680 0.000000 0.024153 0.013917 0.020367 0.020024 0.002109 0.000000 0.000000 0.004995 0.016682 0.003626 0.005161 0.018262 0.000000 0.000000 0.000000 0.002852 0.012954 0.029727 0.000663 0.011190 0.008807 0.003658 0.005898 0.010390 0.025960 0.021188 0.019663 0.024503 0.008138 0.008233 0.000000 0.020669 
0.017049 0.000000 0.000000 0.000000 0.000000 0.000000 0.000000 0.000000 0.000000 0.000000 0.000000 0.000000 0.000000 0.000000 0.000000 0.000000 0.000000 0.000000 0.000000 0.000000 0.000000 0.000000 0.000000 0.000000 0.000000 0.000000 0.000000 0.000000 0.000000 0.000000 0.000000 0.000000 0.000000 0.000000 0.000000 0.000000 0.000000 0.000000 0.000000 0.000000 0.000000 0.000000 0.000000 0.000000 0.000000 0.091575 0.000000 0.000000 0.000000 0.000000 0.000000 0.000000 0.000000 0.000000 0.000000 0.000000 0.000003 0.000000 0.000000 0.000000 0.000000 0.000000 0.000000 0.000000 0.000000 0.000000 0.000000 0.271650 0.000000 0.000000 0.000000 0.040223 0.000000 0.000000 0.000000 0.000001 0.000000 0.000000 0.000000 0.000000 0.000002 0.579488 0.000000 0.000008 0.000000 0.000000 0.000000 0.000000 0.000000 0.000000 0.000000 0.000000 0.000000 0.000000 0.000000 0.000000 
0.000000 0.000000 0.000000 0.000000 0.098836 0.000000 0.000000 0.000000 0.000000 0.000000 0.000000 0.000000 0.000000 0.000000 0.000000 0.000000 0.000000 0.000000 0.000000 0.000000 0.000000 0.000000 0.000000 0.000000 0.000000 0.000000 0.046503 0.140134 0.000000 0.000000 0.000000 0.000000 0.000000 0.000000 0.000000 0.000000 0.000000 0.000000 0.000000 0.000000 0.107195 0.000000 0.000000 0.000000 0.000000 0.000000 0.000000 0.000000 0.000000 0.000000 0.000000 0.077243 0.000000 0.032832 0.000000 0.000000 0.000002 0.000000 0.000000 0.000000 0.000000 0.000000 0.000000 0.059491 0.000000 0.000000 0.000000 0.000000 0.000000 0.000000 0.000000 0.000000 0.129769 0.000000 0.000000 0.000001 0.000000 0.000000 0.026278 0.000000 0.000001 0.000002 0.000000 0.113318 0.000000 0.000000 0.132164 0.000000 0.000000 0.000000 0.000000 0.000000 0.000000 0.000000 0.036230 0.000000 
0.000000 0.000000 0.000000 0.000000 0.000000 0.000000 0.040540 0.000000 0.000000 0.000000 0.000000 0.000000 0.000000 0.000000 0.000000 0.109732 0.000000 0.087157 0.000000 0.000000 0.000000 0.000000 0.000000 0.000000 0.000000 0.000000 0.103236 0.000000 0.000000 0.000000 0.000000 0.117943 0.000000 0.000000 0.000000 0.000000 0.000000 0.000000 0.000000 0.000000 0.000000 0.000000 0.000000 0.000000 0.000000 0.000000 0.000000 0.000000 0.000000 0.000000 0.000000 0.000000 0.000000 0.228632 0.000000 0.000000 0.000002 0.000000 0.000000 0.000000 0.000000 0.000000 0.000000 0.000000 0.000000 0.031094 0.000000 0.000000 0.000000 0.000000 0.000000 0.000000 0.000000 0.000000 0.000000 0.000001 0.000000 0.000000 0.141693 0.000000 0.000001 0.000004 0.000000 0.000006 0.000000 0.000000 0.139957 0.000000 0.000000 0.000000 0.000000 0.000000 0.000000 0.000000 0.000000 0.000000 
0.000000 0.000000 0.100870 0.000000 0.000000 0.000000 0.074161 0.121343 0.000000 0.000000 0.000000 0.000000 0.000000 0.000000 0.000000 0.000000 0.000000 0.000000 0.000000 0.063278 0.000000 0.000000 0.045775 0.000000 0.000000 0.000000 0.022029 0.000000 0.000000 0.000000 0.000000 0.000000 0.000000 0.000000 0.000000 0.000000 0.059840 0.000000 0.000000 0.000000 0.000000 0.000000 0.000000 0.000000 0.000000 0.000000 0.000000 0.000000 0.000000 0.000000 0.000000 0.000000 0.000000 0.000000 0.000000 0.000000 0.000002 0.000000 0.108365 0.000000 0.000000 0.000000 0.000000 0.000000 0.000000 0.000000 0.000000 0.296162 0.000000 0.000000 0.000000 0.000000 0.000000 0.000000 0.000000 0.108163 0.000000 0.000000 0.000000 0.000000 0.000001 0.000003 0.000000 0.000006 0.000000 0.000000 0.000000 0.000000 0.000000 0.000000 0.000000 0.000000 0.000000 0.000000 0.000000 0.000000 
0.000000 0.000000 0.008740 0.000000 0.000000 0.038707 0.000000 0.000000 0.000000 0.000000 0.000000 0.000000 0.000000 0.000000 0.000000 0.000000 0.000000 0.000000 0.000000 0.000000 0.000000 0.000000 0.000000 0.000000 0.000000 0.000000 0.000000 0.000000 0.000000 0.017444 0.000000 0.000000 0.000000 0.000000 0.000000 0.000000 0.000000 0.000000 0.000000 0.000000 0.000000 0.000000 0.000000 0.000000 0.000000 0.000000 0.000000 0.000000 0.000000 0.000000 0.000000 0.000000 0.000000 0.000000 0.000000 0.000000 0.000001 0.000000 0.000000 0.041354 0.050433 0.000000 0.000000 0.041439 0.000000 0.000000 0.000000 0.000000 0.000000 0.000000 0.241638 0.000000 0.000000 0.000000 0.000000 0.000000 0.000000 0.000000 0.000000 0.000000 0.000000 0.000001 0.000000 0.000001 0.000000 0.000000 0.213106 0.000000 0.027869 0.170449 0.000000 0.000000 0.000000 0.000000 0.148816 0.000000 
0.000000 0.000000 0.025042 0.000000 0.000000 0.000000 0.008013 0.000000 0.046827 0.000000 0.000000 0.000000 0.000000 0.000000 0.000000 0.000000 0.066456 0.000000 0.000000 0.008846 0.000000 0.000000 0.000000 0.000000 0.000000 0.000000 0.016757 0.000000 0.017211 0.013854 0.050642 0.000000 0.000000 0.000000 0.000000 0.000000 0.038213 0.000000 0.047346 0.000000 0.033591 0.000000 0.000000 0.015284 0.000000 0.000000 0.000000 0.000000 0.054568 0.125927 0.127608 0.025231 0.000000 0.012324 0.005360 0.000000 0.000000 0.000000 0.000000 0.000000 0.017248 0.023738 0.000000 0.004730 0.000000 0.000000 0.037727 0.000000 0.000000 0.000000 0.000000 0.000000 0.000000 0.000000 0.015618 0.000000 0.000000 0.036411 0.021464 0.000000 0.000000 0.000000 0.000000 0.000000 0.000000 0.000000 0.101098 0.000000 0.000000 0.000000 0.000000 0.000000 0.000000 0.000000 0.000000 0.002863 
0.050174 0.038832 0.026874 0.025552 0.000000 0.000000 0.000000 0.000000 0.000000 0.007694 0.000000 0.000000 0.003240 0.000000 0.011924 0.000000 0.000000 0.000000 0.008747 0.000000 0.000000 0.000000 0.000000 0.000000 0.062052 0.095249 0.011409 0.059330 0.000000 0.000000 0.000000 0.000000 0.028354 0.020686 0.007796 0.021315 0.000000 0.010138 0.044084 0.011025 0.000000 0.002670 0.013984 0.000000 0.000000 0.000000 0.006707 0.000000 0.052610 0.041493 0.027780 0.030629 0.000000 0.004707 0.008550 0.000000 0.010114 0.009937 0.000000 0.010861 0.008003 0.000000 0.012160 0.000000 0.007491 0.000000 0.000000 0.000000 0.000000 0.000000 0.000000 0.000000 0.048885 0.075437 0.014810 0.051316 0.000000 0.000000 0.000000 0.000000 0.000000 0.006961 0.000000 0.006436 0.000000 0.000000 0.000000 0.000000 0.000000 0.000000 0.003984 0.000000 0.000000 0.000000 0.000000 0.000000 
0.022599 0.030149 0.004635 0.034280 0.037205 0.024839 0.006604 0.019911 0.023803 0.009390 0.000000 0.020774 0.010765 0.013230 0.005925 0.007270 0.000000 0.000000 0.000000 0.002564 0.000000 0.000000 0.003564 0.000000 0.037074 0.018970 0.000000 0.028783 0.032058 0.028276 0.008554 0.039214 0.012457 0.000000 0.001988 0.016809 0.017953 0.019680 0.020099 0.016603 0.005672 0.000000 0.000000 0.011724 0.000000 0.004276 0.000000 0.001361 0.010458 0.023652 0.000000 0.021288 0.024449 0.019629 0.003439 0.025932 0.001429 0.002017 0.000000 0.000000 0.000000 0.010342 0.012907 0.016601 0.000000 0.000000 0.000000 0.002500 0.000000 0.000000 0.011159 0.000000 0.012211 0.032132 0.000000 0.021604 0.011621 0.032086 0.004076 0.020587 0.007457 0.000385 0.000000 0.012948 0.010370 0.016203 0.000000 0.014306 0.000000 0.000000 0.000000 0.004461 0.000000 0.000000 0.014691 0.000000 
0.039010 0.015745 0.000000 0.000000 0.025161 0.000000 0.013173 0.053448 0.000000 0.000000 0.000000 0.000000 0.000000 0.000000 0.000000 0.000000 0.000000 0.013675 0.000000 0.019022 0.002400 0.002884 0.027638 0.031633 0.000000 0.034894 0.000000 0.000000 0.000000 0.000000 0.000000 0.028070 0.000000 0.000000 0.000000 0.000000 0.000000 0.016947 0.000000 0.032027 0.000000 0.046990 0.000000 0.000000 0.005281 0.011662 0.036846 0.014951 0.000000 0.000000 0.000000 0.000000 0.000000 0.000000 0.000000 0.025710 0.039468 0.000000 0.000000 0.000000 0.000000 0.000000 0.000000 0.000000 0.000000 0.007947 0.000000 0.000000 0.018501 0.026663 0.044728 0.029755 0.000000 0.000000 0.000000 0.000000 0.051601 0.022176 0.000000 0.111900 0.006928 0.026869 0.000000 0.000000 0.000000 0.000000 0.000000 0.026688 0.000000 0.000000 0.000000 0.004454 0.016639 0.021096 0.014522 0.032898 
0.000000 0.000000 0.000000 0.000000 0.000000 0.000000 0.000000 0.024125 0.000000 0.000000 0.000000 0.000000 0.000000 0.000000 0.000000 0.000000 0.000000 0.000000 0.000000 0.000000 0.000000 0.000000 0.000000 0.017621 0.055531 0.000000 0.000000 0.033512 0.000000 0.000000 0.000000 0.000000 0.000000 0.000000 0.000000 0.000000 0.020128 0.000000 0.000000 0.000000 0.000000 0.000000 0.000000 0.000000 0.000000 0.000000 0.000000 0.000000 0.000000 0.000000 0.000000 0.000000 0.000000 0.000000 0.000000 0.000000 0.000001 0.060799 0.000000 0.192725 0.000000 0.000000 0.000000 0.000000 0.000000 0.000000 0.000000 0.000000 0.000000 0.000000 0.000000 0.000000 0.000000 0.000000 0.000000 0.028605 0.000000 0.000000 0.000000 0.111622 0.000001 0.109340 0.043335 0.190563 0.041920 0.031001 0.000000 0.031932 0.000000 0.000000 0.000000 0.000000 0.007238 0.000000 0.000000 0.000000 
0.000000 0.035906 0.000000 0.000000 0.000000 0.000000 0.010984 0.000000 0.000000 0.000000 0.000000 0.000000 0.000000 0.000000 0.035858 0.000000 0.000000 0.000000 0.000000 0.000000 0.000000 0.000000 0.000000 0.000000 0.000000 0.000000 0.000000 0.000000 0.000000 0.000000 0.000000 0.000000 0.031367 0.029418 0.118299 0.000000 0.000000 0.000000 0.000000 0.000000 0.000000 0.000000 0.018643 0.017734 0.000000 0.000000 0.009326 0.000000 0.000000 0.000000 0.000000 0.000000 0.000000 0.000000 0.000000 0.000000 0.072957 0.000000 0.000000 0.000000 0.000000 0.000000 0.000000 0.000000 0.000000 0.000000 0.000000 0.000000 0.000000 0.000000 0.000000 0.000000 0.000000 0.000000 0.013268 0.000000 0.000000 0.000000 0.000000 0.063997 0.182209 0.000001 0.000000 0.360031 0.000000 0.000000 0.000000 0.000000 0.000000 0.000000 0.000000 0.000000 0.000000 0.000000 0.000000 0.000000 
0.010818 0.009250 0.001338 0.006339 0.000000 0.002028 0.000000 0.000000 0.033185 0.013716 0.210580 0.011997 0.002634 0.001654 0.000509 0.007834 0.009295 0.004048 0.005286 0.004294 0.001038 0.001743 0.000000 0.002648 0.006215 0.007061 0.000000 0.006288 0.000316 0.000000 0.000000 0.000000 0.018990 0.018660 0.117283 0.016768 0.000000 0.001239 0.000000 0.000000 0.001147 0.002807 0.003669 0.003658 0.000000 0.001678 0.000000 0.000000 0.008022 0.006089 0.000000 0.002631 0.000000 0.002172 0.000000 0.000000 0.025099 0.029240 0.130210 0.015704 0.000000 0.000000 0.000000 0.001709 0.010338 0.006204 0.002785 0.007809 0.000000 0.000000 0.000000 0.000000 0.010919 0.011449 0.002127 0.013761 0.001786 0.000975 0.000000 0.000000 0.014334 0.015621 0.092959 0.011173 0.004803 0.000879 0.000000 0.002070 0.005599 0.002710 0.007525 0.004265 0.000000 0.000000 0.001727 0.001294 
0.000000 0.014861 0.000000 0.055121 0.032952 0.000000 0.029661 0.000000 0.054630 0.000000 0.000000 0.000000 0.000000 0.000000 0.000000 0.000000 0.067006 0.025692 0.000000 0.000000 0.000000 0.000000 0.000000 0.000000 0.000000 0.000000 0.000000 0.058289 0.027438 0.059438 0.025654 0.000000 0.000000 0.000000 0.000000 0.061634 0.000000 0.000000 0.000000 0.000000 0.000000 0.000000 0.000000 0.000000 0.000000 0.000000 0.000000 0.000000 0.000000 0.064470 0.000000 0.000000 0.044192 0.012963 0.014246 0.000000 0.025442 0.000000 0.000000 0.000000 0.000000 0.017497 0.104023 0.000000 0.000000 0.028915 0.010064 0.000000 0.000000 0.000000 0.000000 0.000000 0.000000 0.028300 0.000000 0.000000 0.000000 0.000000 0.000000 0.000000 0.027611 0.000001 0.000000 0.000001 0.037866 0.033402 0.000000 0.000000 0.038631 0.000000 0.000000 0.000000 0.000000 0.000000 0.000000 0.000000 
0.000301 0.000000 0.000000 0.000144 0.000000 0.000000 0.000000 0.000490 0.007249 0.002001 0.002860 0.002865 0.000000 0.000000 0.000000 0.000000 0.000805 0.000000 0.000000 0.000000 0.000000 0.000000 0.000000 0.000000 0.000376 0.000000 0.000000 0.000130 0.000000 0.000357 0.000000 0.000000 0.015001 0.002557 0.003997 0.008397 0.000000 0.000665 0.000000 0.000321 0.000506 0.000279 0.000224 0.000000 0.000000 0.000000 0.000000 0.000000 0.000373 0.000000 0.000000 0.000000 0.000000 0.000000 0.000000 0.000000 0.005978 0.001597 0.000000 0.002716 0.000000 0.000000 0.000000 0.000000 0.000000 0.000000 0.000000 0.000000 0.000000 0.000000 0.000000 0.000000 0.015816 0.005095 0.001685 0.010429 0.039683 0.000000 0.001658 0.066892 0.430489 0.083521 0.049613 0.234737 0.000000 0.000000 0.000000 0.000000 0.000000 0.000000 0.000198 0.000000 0.000000 0.000000 0.000000 0.000000 
0.000000 0.082865 0.000000 0.000000 0.000000 0.000000 0.000000 0.025885 0.421385 0.150443 0.000000 0.000000 0.000000 0.180200 0.020500 0.118721 
0.000000 0.018156 0.010155 0.000000 0.000000 0.000000 0.000000 0.005369 0.000000 0.023596 0.000000 0.000000 0.000000 0.000188 0.000000 0.942535 
0.000000 0.402501 0.000000 0.019591 0.000000 0.000000 0.026155 0.007382 0.000000 0.364080 0.133422 0.000000 0.000000 0.046868 0.000000 0.000000 
0.018007 0.107190 0.000000 0.000000 0.000000 0.000000 0.000000 0.007012 0.000001 0.035299 0.011133 0.000000 0.000000 0.821358 0.000000 0.000000 
0.008242 0.247522 0.000000 0.000000 0.000000 0.000000 0.010308 0.015510 0.000000 0.376202 0.150788 0.000000 0.000000 0.191429 0.000000 0.000000 
0.000000 0.129465 0.000000 0.000000 0.000000 0.028404 0.000000 0.000000 0.000000 0.042532 0.015222 0.000000 0.000000 0.784377 0.000000 0.000000 
0.000000 0.128020 0.000000 0.000000 0.000000 0.000000 0.000000 0.002357 0.000000 0.041327 0.000000 0.000000 0.000000 0.828297 0.000000 0.000000 
0.000000 0.510811 0.000000 0.000000 0.000000 0.000000 0.017042 0.000000 0.000000 0.206659 0.000000 0.000000 0.000000 0.059427 0.035059 0.171001 
0.000000 0.054794 0.000000 0.000000 0.000000 0.000000 0.000000 0.000000 0.043455 0.064325 0.006644 0.000000 0.000000 0.133208 0.000000 0.697573 
0.089778 0.173044 0.000000 0.000000 0.000000 0.000000 0.000000 0.000000 0.000000 0.248833 0.072212 0.000000 0.000000 0.167619 0.000000 0.248514 
0.000000 0.605535 0.000000 0.000000 0.000000 0.000000 0.012193 0.018877 0.000000 0.257905 0.027800 0.000000 0.000000 0.077690 0.000000 0.000000 
0.013119 0.588509 0.000000 0.000000 0.000000 0.000000 0.000000 0.025132 0.000001 0.247343 0.000000 0.000000 0.000000 0.089602 0.036294 0.000000 
0.032922 0.004377 0.000000 0.000000 0.000000 0.000000 0.000000 0.000000 0.000000 0.003610 0.003726 0.000000 0.021019 0.019770 0.000000 0.914576 
0.000000 0.595580 0.000000 0.000000 0.000000 0.000000 0.018997 0.042955 0.000000 0.262736 0.000000 0.000000 0.000000 0.079732 0.000000 0.000000 
0.018346 0.279534 0.000000 0.000000 0.021726 0.000000 0.012065 0.000000 0.029187 0.410832 0.179361 0.034667 0.000000 0.014281 0.000000 0.000000 
0.000000 0.605045 0.000000 0.000000 0.000000 0.000000 0.000000 0.037336 0.000000 0.271586 0.000000 0.000000 0.000000 0.086033 0.000000 0.000000 
0.000000 0.037641 0.000000 0.000000 0.000000 0.008433 0.000000 0.070117 0.576026 0.233303 0.000000 0.000000 0.000000 0.014830 0.059651 0.000000 
0.000000 0.136366 0.000000 0.000000 0.000000 0.010953 0.005804 0.000000 0.000000 0.034090 0.000000 0.025729 0.000000 0.787058 0.000000 0.000000 
0.000000 0.044156 0.000000 0.020491 0.000000 0.000000 0.000000 0.090701 0.566561 0.232625 0.000000 0.000000 0.000000 0.020117 0.025349 0.000000 
0.050007 0.561761 0.000000 0.035298 0.000000 0.000000 0.000000 0.000000 0.032469 0.144790 0.061728 0.000000 0.022578 0.091370 0.000000 0.000000 
0.000000 0.094952 0.000000 0.000000 0.000000 0.000000 0.005875 0.000000 0.030152 0.069775 0.040838 0.000000 0.000000 0.286478 0.000000 0.471930 
0.066597 0.195923 0.000000 0.000000 0.000000 0.000000 0.000000 0.053803 0.223633 0.349388 0.093044 0.000000 0.000000 0.017612 0.000000 0.000000 
0.031825 0.517017 0.000000 0.023266 0.000000 0.000000 0.010461 0.000000 0.000000 0.210255 0.023803 0.000000 0.000000 0.183373 0.000000 0.000000 
0.000000 0.168098 0.000000 0.000000 0.000000 0.000000 0.000000 0.000000 0.014373 0.044516 0.000000 0.000000 0.000000 0.388654 0.000000 0.384359 
0.014686 0.592668 0.000000 0.000000 0.000000 0.000000 0.025581 0.000000 0.011814 0.240790 0.000000 0.000000 0.000000 0.114459 0.000000 0.000000 
0.046130 0.033420 0.000000 0.021151 0.000000 0.000000 0.000000 0.054363 0.609397 0.170338 0.000000 0.000000 0.000000 0.020635 0.044566 0.000000 
0.000000 0.219523 0.000000 0.000000 0.000000 0.000000 0.000000 0.063604 0.414565 0.231399 0.000000 0.000000 0.012917 0.032712 0.025281 0.000000 
0.000000 0.297686 0.000000 0.000000 0.000000 0.000000 0.021377 0.008563 0.000000 0.490062 0.166810 0.000000 0.000000 0.015501 0.000000 0.000000 
0.000000 0.409527 0.000000 0.013949 0.000000 0.000000 0.000000 0.016076 0.000000 0.202777 0.000000 0.000000 0.000000 0.357670 0.000000 0.000000 
0.000000 0.041699 0.000000 0.000000 0.010100 0.000000 0.000000 0.025187 0.213431 0.082453 0.000000 0.000000 0.000000 0.013309 0.000000 0.613821 
0.000000 0.289129 0.000000 0.000000 0.023785 0.000000 0.008828 0.005862 0.000000 0.417161 0.168025 0.000000 0.000000 0.087208 0.000000 0.000000 
0.000000 0.626224 0.000000 0.000000 0.000000 0.000000 0.011859 0.008930 0.000000 0.272013 0.000000 0.000000 0.000000 0.080974 0.000000 0.000000 
0.000000 0.048256 0.000000 0.000000 0.000000 0.000000 0.000000 0.000000 0.000000 0.025440 0.000000 0.000000 0.000000 0.202398 0.000000 0.723906 
0.000000 0.281149 0.000000 0.000000 0.000000 0.000000 0.007598 0.012861 0.000000 0.492816 0.184067 0.000000 0.000000 0.021510 0.000000 0.000000 
0.000000 0.115032 0.000000 0.000000 0.000000 0.015055 0.000000 0.009894 0.000000 0.015961 0.000000 0.019531 0.000000 0.824527 0.000000 0.000000 
0.000000 0.045227 0.000000 0.000000 0.000000 0.000000 0.000000 0.000000 0.006292 0.001617 0.000000 0.000000 0.000000 0.164464 0.008795 0.773605 
0.000000 0.151781 0.000000 0.000000 0.000000 0.000000 0.003373 0.000000 0.000000 0.049104 0.000000 0.000000 0.000000 0.795742 0.000000 0.000000 
0.000000 0.423906 0.000000 0.000000 0.000000 0.000000 0.014839 0.003886 0.000000 0.164065 0.005240 0.000000 0.000000 0.388063 0.000000 0.000000 
0.000000 0.226777 0.000000 0.000000 0.000000 0.000000 0.011787 0.000000 0.000000 0.445304 0.177625 0.000000 0.009713 0.128793 0.000000 0.000000 
0.000000 0.042668 0.000000 0.000000 0.000000 0.000000 0.000000 0.039183 0.538522 0.245749 0.009095 0.000000 0.000000 0.010880 0.050391 0.063512 
0.000000 0.202832 0.000000 0.000000 0.010442 0.000000 0.000000 0.000000 0.106873 0.214049 0.067854 0.000000 0.000000 0.397950 0.000000 0.000000 
0.009690 0.302327 0.000000 0.000000 0.004302 0.000000 0.022446 0.000000 0.000000 0.416161 0.211958 0.015872 0.000000 0.017243 0.000000 0.000000 
0.013665 0.166357 0.000000 0.000000 0.000000 0.000000 0.005492 0.003191 0.000000 0.037292 0.000000 0.000000 0.000000 0.774003 0.000000 0.000000 
0.000000 0.549139 0.000000 0.000000 0.000000 0.015302 0.012381 0.019011 0.000000 0.194789 0.016743 0.000000 0.000000 0.085087 0.000000 0.107548 
0.075240 0.223957 0.000000 0.000000 0.000000 0.000000 0.005823 0.018127 0.000000 0.314740 0.191686 0.024538 0.000000 0.145890 0.000000 0.000000 
0.000000 0.297394 0.000000 0.000000 0.000000 0.000000 0.015033 0.000000 0.000000 0.437964 0.245418 0.000000 0.000000 0.004191 0.000000 0.000000 
0.000000 0.562191 0.000000 0.000000 0.000000 0.000000 0.000000 0.026153 0.053954 0.273589 0.006948 0.000000 0.000000 0.077166 0.000000 0.000000 
0.000000 0.252090 0.000000 0.000000 0.000000 0.000000 0.007790 0.023448 0.356254 0.180082 0.000000 0.000000 0.000000 0.025129 0.071416 0.083790 
0.104714 0.130911 0.000000 0.029022 0.000000 0.000000 0.000000 0.000000 0.178080 0.279827 0.091535 0.018185 0.000000 0.032472 0.031692 0.103562 
0.076505 0.008020 0.000000 0.000000 0.000000 0.000000 0.000000 0.000000 0.035116 0.006151 0.000000 0.000000 0.051240 0.000369 0.000000 0.822598 
0.078397 0.003440 0.000000 0.000000 0.000000 0.000000 0.000000 0.000000 0.000000 0.000765 0.000000 0.000000 0.000000 0.000729 0.003382 0.913287 
0.000000 0.181025 0.000000 0.000000 0.000000 0.000000 0.002550 0.059173 0.445761 0.254612 0.000000 0.000000 0.000000 0.023973 0.032905 0.000000 
0.010549 0.059805 0.000000 0.000000 0.018803 0.000000 0.006739 0.017655 0.499561 0.165987 0.000000 0.000000 0.000000 0.196734 0.024166 0.000000 
0.000000 0.093246 0.000000 0.000000 0.000000 0.000000 0.000000 0.007851 0.000000 0.057737 0.000000 0.000000 0.000000 0.010857 0.000000 0.830309 
0.000000 0.102236 0.000000 0.022278 0.000000 0.000000 0.000000 0.009408 0.000001 0.040786 0.019212 0.000000 0.014150 0.791930 0.000000 0.000000 
0.053526 0.050362 0.000000 0.000000 0.000000 0.000000 0.000000 0.000000 0.045631 0.031633 0.000000 0.000000 0.000000 0.008789 0.000000 0.810058 
0.017565 0.171242 0.000000 0.000000 0.000000 0.000000 0.000000 0.007719 0.000000 0.028869 0.021837 0.000000 0.000000 0.752767 0.000000 0.000000 
0.000000 0.052110 0.000000 0.000000 0.002684 0.000000 0.000000 0.000000 0.000001 0.041808 0.031484 0.000000 0.000000 0.021792 0.000000 0.850121 
0.000000 0.071092 0.000000 0.000000 0.020273 0.000000 0.000000 0.031633 0.511605 0.191786 0.010468 0.000000 0.000000 0.014943 0.044578 0.103623 
0.000000 0.504244 0.000000 0.000000 0.007676 0.000000 0.026176 0.000000 0.018841 0.308993 0.073850 0.000000 0.000000 0.060221 0.000000 0.000000 
0.000000 0.145261 0.000000 0.000000 0.000000 0.000000 0.006578 0.000000 0.453634 0.335431 0.025938 0.000000 0.000000 0.007109 0.026048 0.000000 
0.000000 0.162271 0.000000 0.000000 0.000000 0.000000 0.000000 0.000000 0.000000 0.053088 0.000000 0.000000 0.000000 0.784641 0.000000 0.000000 
0.016333 0.346294 0.000000 0.016763 0.000000 0.000000 0.016266 0.006095 0.000000 0.425560 0.145782 0.000000 0.000000 0.026907 0.000000 0.000000 
0.056933 0.225653 0.000000 0.000000 0.007584 0.000000 0.000000 0.000000 0.000000 0.098955 0.004257 0.000000 0.000000 0.040964 0.000000 0.565653 
0.000000 0.209948 0.000000 0.000000 0.000000 0.000000 0.022037 0.014026 0.000000 0.402026 0.097233 0.023153 0.000000 0.194951 0.000000 0.036626 
0.000000 0.053131 0.000000 0.000000 0.000000 0.000000 0.000000 0.075089 0.559810 0.290165 0.009110 0.000000 0.000000 0.012696 0.000000 0.000000 
0.000000 0.134922 0.000000 0.000000 0.000000 0.000000 0.000000 0.000000 0.008308 0.047867 0.000000 0.000000 0.000000 0.808903 0.000000 0.000000 
0.000000 0.007792 0.000000 0.000000 0.000000 0.000000 0.000000 0.000000 0.000000 0.018800 0.000000 0.000000 0.016214 0.062499 0.000000 0.894693 
0.000000 0.047200 0.000000 0.000000 0.000000 0.000000 0.000000 0.058053 0.605472 0.283889 0.000000 0.000000 0.000000 0.005386 0.000000 0.000000 
0.073597 0.006252 0.000000 0.000000 0.000000 0.000000 0.002348 0.000000 0.066269 0.019212 0.004684 0.000000 0.000000 0.007889 0.000000 0.819749 
0.000000 0.202777 0.000000 0.000000 0.000000 0.000000 0.021365 0.000000 0.091159 0.292424 0.155206 0.000000 0.000000 0.008563 0.081902 0.146604 
0.000000 0.512554 0.000000 0.000000 0.000000 0.000000 0.011965 0.015050 0.000000 0.339477 0.042438 0.000000 0.000000 0.078515 0.000000 0.000000 
0.000000 0.034232 0.000000 0.000000 0.000000 0.000000 0.000000 0.058345 0.545307 0.259592 0.000000 0.000000 0.000000 0.027636 0.074888 0.000000 
0.000000 0.194069 0.000000 0.000000 0.000000 0.000000 0.000000 0.000000 0.005483 0.129425 0.058202 0.000000 0.011986 0.600835 0.000000 0.000000 
0.000000 0.060778 0.000000 0.000000 0.000000 0.000000 0.000000 0.064659 0.553377 0.252953 0.000000 0.022308 0.000000 0.012160 0.033766 0.000000 
0.000000 0.125037 0.000000 0.000000 0.000000 0.000000 0.008016 0.000000 0.135983 0.156520 0.016903 0.000000 0.000000 0.238377 0.000000 0.319164 
0.038392 0.582460 0.000000 0.000000 0.000000 0.000000 0.005010 0.015765 0.000000 0.282259 0.000000 0.000000 0.000000 0.076113 0.000000 0.000000 
0.048937 0.074784 0.000000 0.000000 0.000000 0.000000 0.000000 0.056093 0.505292 0.184247 0.000000 0.000000 0.000000 0.022080 0.018183 0.090383 
0.000000 0.546700 0.000000 0.000000 0.000000 0.000000 0.014139 0.000000 0.059776 0.287374 0.010992 0.000000 0.000000 0.056331 0.024687 0.000000 
0.047386 0.088292 0.000000 0.000000 0.000000 0.000000 0.008623 0.000000 0.306531 0.150757 0.005658 0.000000 0.017002 0.375750 0.000000 0.000000 
0.000000 0.244393 0.000000 0.000000 0.000000 0.000000 0.004981 0.000000 0.031866 0.096271 0.000000 0.000000 0.000000 0.593720 0.000000 0.028768 
0.021729 0.017404 0.009391 0.000000 0.000000 0.000000 0.000000 0.077460 0.587048 0.257302 0.000000 0.000000 0.000000 0.029666 0.000000 0.000000 
0.000000 0.420460 0.000000 0.000000 0.000000 0.012745 0.000000 0.012940 0.000000 0.165327 0.020878 0.000000 0.000000 0.165574 0.037051 0.165024 
0.000000 0.376620 0.000000 0.000000 0.000000 0.000000 0.000000 0.011582 0.000000 0.448607 0.135873 0.000000 0.000000 0.027317 0.000000 0.000000 
0.035076 0.495584 0.000000 0.000000 0.000000 0.000000 0.000000 0.014668 0.000000 0.196691 0.000000 0.000000 0.022236 0.235746 0.000000 0.000000 
0.043859 0.001433 0.008555 0.000000 0.000000 0.000000 0.000000 0.000000 0.002502 0.000570 0.000000 0.013780 0.019358 0.000951 0.000000 0.908993 
0.000000 0.276948 0.000000 0.000000 0.000000 0.000000 0.017795 0.003680 0.000000 0.433974 0.205438 0.000000 0.000000 0.062165 0.000000 0.000000 
0.000000 0.267851 0.007376 0.000000 0.000000 0.000000 0.006420 0.000000 0.000000 0.137093 0.017044 0.000000 0.000000 0.058494 0.000000 0.505721 
0.000000 0.560956 0.000000 0.000000 0.000000 0.000000 0.000000 0.025829 0.000001 0.302108 0.000000 0.000000 0.000000 0.078951 0.032156 0.000000 
0.000000 0.074319 0.000000 0.000000 0.011713 0.000000 0.000000 0.031129 0.390730 0.164779 0.000000 0.000000 0.000000 0.295658 0.031672 0.000000 
0.000000 0.342544 0.000000 0.000000 0.000000 0.000000 0.009892 0.000000 0.012047 0.352134 0.098815 0.000000 0.000000 0.184568 0.000000 0.000000 
0.026215 0.203543 0.000000 0.000000 0.000000 0.000000 0.000000 0.062469 0.208368 0.395164 0.084358 0.000000 0.000000 0.019884 0.000000 0.000000 
0.121925 0.057143 0.000000 0.000000 0.000000 0.000000 0.000000 0.000000 0.000000 0.030418 0.000000 0.036679 0.000000 0.262394 0.000000 0.491439 
0.058549 0.574902 0.000000 0.000000 0.000000 0.000000 0.000000 0.000000 0.030589 0.200683 0.000000 0.069413 0.000000 0.065864 0.000000 0.000000 
0.023340 0.138854 0.000000 0.000000 0.000000 0.005480 0.000000 0.000000 0.000000 0.009610 0.000000 0.000000 0.000000 0.801322 0.021393 0.000000 
0.000000 0.538938 0.000000 0.000000 0.000000 0.000000 0.012198 0.000000 0.000000 0.226832 0.000000 0.000000 0.000000 0.079165 0.000000 0.142867 
0.076495 0.049513 0.000000 0.003803 0.000000 0.007618 0.000000 0.000000 0.000000 0.008664 0.000000 0.023338 0.000000 0.224174 0.009057 0.597336 
0.000000 0.286423 0.009981 0.000000 0.028259 0.000000 0.000000 0.000000 0.055636 0.423217 0.179787 0.000000 0.000000 0.016696 0.000000 0.000000 
0.000000 0.259673 0.000000 0.000000 0.000000 0.000000 0.017968 0.000000 0.032029 0.467941 0.186372 0.000000 0.000000 0.004552 0.031464 0.000000 
0.000000 0.120076 0.000000 0.022883 0.000000 0.000000 0.000000 0.028565 0.492701 0.256969 0.015735 0.000000 0.000000 0.029099 0.033971 0.000000 
0.000000 0.208846 0.000000 0.000000 0.000000 0.000000 0.000000 0.000000 0.321070 0.267396 0.000000 0.000000 0.000000 0.029477 0.000000 0.173211 
0.000000 0.087316 0.000000 0.000000 0.010175 0.008407 0.004861 0.000000 0.265762 0.050461 0.036527 0.000000 0.000000 0.536491 0.000000 0.000000 
0.000000 0.594137 0.000000 0.000000 0.000000 0.000000 0.038856 0.000000 0.023300 0.253431 0.032884 0.000000 0.000000 0.057393 0.000000 0.000000 
0.000000 0.017084 0.000000 0.000000 0.000000 0.000000 0.000000 0.000000 0.012115 0.016066 0.000000 0.000000 0.000000 0.000154 0.000000 0.954582 
0.000000 0.123637 0.000000 0.000000 0.000000 0.009694 0.000000 0.000000 0.017433 0.040074 0.010903 0.000000 0.000000 0.798259 0.000000 0.000000 
0.000000 0.094959 0.000000 0.000000 0.000000 0.000000 0.000000 0.003550 0.000000 0.018792 0.000000 0.047880 0.000000 0.632682 0.000000 0.202137 
0.000000 0.640154 0.000000 0.019388 0.000000 0.000000 0.000000 0.009522 0.000000 0.242167 0.000000 0.000000 0.000000 0.074106 0.014663 0.000000 
0.030681 0.619670 0.000000 0.000000 0.000000 0.000000 0.005560 0.011094 0.000000 0.252909 0.000000 0.000000 0.000000 0.080086 0.000000 0.000000 
0.000000 0.056899 0.007302 0.000000 0.000000 0.009389 0.000000 0.086469 0.543000 0.236803 0.000000 0.000000 0.000000 0.005742 0.054396 0.000000 
0.000000 0.134976 0.000000 0.000000 0.000000 0.000000 0.000000 0.074958 0.512053 0.254181 0.000000 0.000000 0.000000 0.023832 0.000000 0.000000 
0.000000 0.473029 0.000000 0.000000 0.000000 0.000000 0.000000 0.035364 0.080279 0.181644 0.000000 0.000000 0.000000 0.080394 0.000000 0.149289 
0.000000 0.057966 0.000000 0.000000 0.000000 0.000000 0.000000 0.000000 0.021539 0.024678 0.000000 0.000000 0.000000 0.021180 0.000000 0.874636 
0.000000 0.468444 0.000000 0.000000 0.007781 0.000000 0.007344 0.033256 0.112604 0.206709 0.050638 0.000000 0.009911 0.060585 0.042727 0.000000 
0.000000 0.087920 0.000000 0.000000 0.000000 0.000000 0.008843 0.000000 0.000000 0.085546 0.036271 0.000000 0.000000 0.354029 0.000000 0.427390 
0.000000 0.393472 0.000000 0.000000 0.000000 0.000000 0.000000 0.032011 0.242056 0.239940 0.000000 0.025729 0.000000 0.066792 0.000000 0.000000 
0.000000 0.092798 0.000000 0.000000 0.000000 0.000000 0.005617 0.000000 0.000000 0.051769 0.000000 0.027593 0.000000 0.822223 0.000000 0.000000 
0.000000 0.318223 0.000000 0.000000 0.000000 0.000000 0.025178 0.000000 0.000000 0.451125 0.189021 0.000000 0.000000 0.016453 0.000000 0.000000 
0.000000 0.023302 0.000000 0.000000 0.000000 0.000000 0.000000 0.000000 0.008612 0.008722 0.000000 0.021907 0.016064 0.014021 0.000000 0.907371 
0.000000 0.371503 0.000000 0.000000 0.000000 0.000000 0.018005 0.000000 0.008444 0.410555 0.165834 0.000000 0.000000 0.025659 0.000000 0.000000 
0.011773 0.223096 0.000000 0.000000 0.000000 0.000000 0.000000 0.008566 0.000000 0.052859 0.020855 0.000000 0.000000 0.682851 0.000000 0.000000 
0.019719 0.618072 0.000000 0.000000 0.000000 0.000000 0.029788 0.000000 0.018706 0.241803 0.000000 0.000000 0.000000 0.071913 0.000000 0.000000 
0.077546 0.010247 0.000000 0.000000 0.000000 0.000000 0.000000 0.013505 0.062801 0.035504 0.000000 0.000000 0.043182 0.002460 0.000000 0.754755 
0.000000 0.362582 0.000000 0.000000 0.006705 0.000000 0.020044 0.000000 0.000000 0.399193 0.186767 0.000000 0.000000 0.024708 0.000000 0.000000 
0.000000 0.101458 0.016934 0.000000 0.000000 0.000000 0.003449 0.000000 0.000000 0.042670 0.000000 0.000000 0.000000 0.528367 0.000000 0.307122 
0.000000 0.255068 0.000000 0.000000 0.014142 0.000000 0.028737 0.014719 0.000000 0.434893 0.173127 0.000000 0.000000 0.079312 0.000000 0.000000 
0.000000 0.150418 0.000000 0.000000 0.004920 0.000000 0.000000 0.000000 0.000000 0.060562 0.000000 0.013164 0.000000 0.770935 0.000000 0.000000 
0.000000 0.252384 0.000000 0.000000 0.000000 0.000000 0.014065 0.000000 0.000000 0.501341 0.191124 0.000000 0.000000 0.019271 0.021814 0.000000 
0.033088 0.021194 0.000000 0.000000 0.000000 0.000000 0.000000 0.009078 0.080829 0.056173 0.000000 0.008622 0.000000 0.006996 0.000000 0.784019 
0.000000 0.577902 0.000000 0.000000 0.000000 0.000000 0.009255 0.020396 0.000000 0.228672 0.007510 0.019543 0.000000 0.136721 0.000000 0.000000 
0.000000 0.130520 0.000000 0.000000 0.000000 0.000000 0.000000 0.000000 0.025647 0.037037 0.000000 0.000000 0.000000 0.806796 0.000000 0.000000 
0.000000 0.319949 0.000000 0.000000 0.000000 0.000000 0.012736 0.006004 0.000000 0.490757 0.150399 0.000000 0.000000 0.020154 0.000000 0.000000 
0.000000 0.028766 0.000000 0.000000 0.000000 0.000000 0.002368 0.000000 0.000000 0.068419 0.021807 0.000000 0.000000 0.011751 0.000000 0.866888 
0.000000 0.314825 0.000000 0.000000 0.000000 0.014165 0.000000 0.024221 0.306324 0.251782 0.000000 0.000000 0.000000 0.045790 0.042892 0.000000 
0.000000 0.362721 0.000000 0.000000 0.000000 0.000000 0.000000 0.041399 0.250133 0.150139 0.000000 0.000000 0.000000 0.057740 0.048545 0.089323 
0.000000 0.052004 0.000000 0.000000 0.000000 0.000000 0.000000 0.027054 0.181202 0.107230 0.000000 0.000000 0.000000 0.008275 0.000000 0.624235 
0.000000 0.118158 0.000000 0.000000 0.000000 0.000000 0.000000 0.000000 0.047071 0.025168 0.000000 0.000000 0.025334 0.465344 0.000000 0.318924 
0.000000 0.036064 0.000000 0.000000 0.000000 0.000000 0.000000 0.000000 0.000000 0.014826 0.016934 0.021283 0.000000 0.370447 0.000000 0.540446 
0.000000 0.084331 0.000000 0.000000 0.000000 0.015532 0.004585 0.085350 0.517006 0.241598 0.000000 0.000000 0.000000 0.051598 0.000000 0.000000 
0.000000 0.144470 0.000000 0.000000 0.000000 0.000000 0.000000 0.000000 0.024436 0.032226 0.000000 0.028371 0.000000 0.770497 0.000000 0.000000 
0.135777 0.222877 0.000000 0.053111 0.000000 0.000000 0.000000 0.035717 0.000001 0.140026 0.000000 0.044166 0.000000 0.041331 0.025713 0.301282 
0.000000 0.245236 0.000000 0.000000 0.000000 0.000000 0.009787 0.000000 0.028683 0.346508 0.167876 0.000000 0.000000 0.017143 0.000000 0.184766 
0.000000 0.099920 0.000000 0.000000 0.000000 0.000000 0.000000 0.069540 0.468434 0.277753 0.000000 0.000000 0.000000 0.084352 0.000000 0.000000 
0.000000 0.039186 0.000000 0.000000 0.000000 0.000000 0.000000 0.059108 0.596960 0.248126 0.000000 0.000000 0.000000 0.007039 0.049580 0.000000 
0.059623 0.265894 0.000000 0.000000 0.000000 0.000000 0.027359 0.000000 0.000000 0.381402 0.126600 0.000000 0.000000 0.139121 0.000000 0.000000 
0.000000 0.356575 0.000000 0.000000 0.000000 0.000000 0.000000 0.026422 0.143011 0.157549 0.009519 0.000000 0.000000 0.025248 0.000000 0.281676 
0.000000 0.280053 0.000000 0.013872 0.000000 0.000000 0.007716 0.000000 0.000000 0.497432 0.179771 0.000000 0.000000 0.021154 0.000000 0.000000 
0.032270 0.215993 0.000000 0.000000 0.000000 0.000000 0.024760 0.000000 0.000000 0.312922 0.114142 0.000000 0.000000 0.299912 0.000000 0.000000 
0.000000 0.276898 0.000000 0.000000 0.000000 0.000000 0.014223 0.014006 0.000000 0.445779 0.155573 0.000000 0.016152 0.055419 0.021950 0.000000 
0.000000 0.043823 0.000000 0.000000 0.000000 0.000000 0.000000 0.059957 0.566404 0.272154 0.000000 0.000000 0.000000 0.016285 0.041377 0.000000 
0.000000 0.079970 0.000000 0.000000 0.000000 0.000000 0.000000 0.060889 0.487706 0.192812 0.000000 0.000000 0.000000 0.178624 0.000000 0.000000 
0.000000 0.213274 0.000000 0.000000 0.003721 0.000000 0.000000 0.000000 0.000000 0.025508 0.010037 0.000000 0.000000 0.747460 0.000000 0.000000 
0.000000 0.123166 0.000000 0.000000 0.000000 0.000000 0.000000 0.079182 0.484999 0.285390 0.000000 0.000000 0.000000 0.027263 0.000000 0.000000 
0.000000 0.101957 0.000000 0.000000 0.000000 0.000000 0.003634 0.000000 0.009692 0.055769 0.000000 0.000000 0.000000 0.828947 0.000000 0.000000 
0.047809 0.089130 0.005744 0.009772 0.000000 0.000000 0.000000 0.014744 0.120445 0.059572 0.000000 0.022065 0.000000 0.613003 0.017716 0.000000 
0.000000 0.084552 0.000000 0.000000 0.000000 0.000000 0.000000 0.048549 0.549136 0.240767 0.000000 0.000000 0.000000 0.076995 0.000000 0.000000 
0.000000 0.051158 0.000000 0.000000 0.000000 0.000000 0.000000 0.061799 0.557670 0.214033 0.000000 0.000000 0.000000 0.062268 0.053072 0.000000 
0.000000 0.339975 0.000000 0.000000 0.000000 0.000000 0.014246 0.015674 0.000000 0.390371 0.128604 0.000000 0.000000 0.017620 0.000000 0.093510 
0.000000 0.628345 0.000000 0.000000 0.000000 0.000000 0.006987 0.012304 0.000000 0.257789 0.019674 0.000000 0.000000 0.074900 0.000000 0.000000 
0.091175 0.241083 0.000000 0.000000 0.000000 0.000000 0.010392 0.000000 0.026542 0.077415 0.000000 0.000000 0.000000 0.059387 0.000000 0.494006 
0.000000 0.122263 0.000000 0.000000 0.011667 0.014397 0.000000 0.000000 0.131659 0.074721 0.000000 0.029783 0.000000 0.615511 0.000000 0.000000 
0.000000 0.104564 0.000000 0.000000 0.000000 0.000000 0.003272 0.000000 0.000000 0.073418 0.000000 0.000000 0.000000 0.818746 0.000000 0.000000 
0.018063 0.281284 0.000000 0.000000 0.000000 0.000000 0.017269 0.008070 0.000000 0.463528 0.193527 0.000000 0.000000 0.018258 0.000000 0.000000 
0.000000 0.217154 0.012735 0.000000 0.000000 0.000000 0.013395 0.000000 0.000000 0.211158 0.069504 0.000000 0.000000 0.476053 0.000000 0.000000 
0.018975 0.020345 0.000000 0.000000 0.000000 0.000000 0.002894 0.000000 0.000000 0.002957 0.000000 0.000000 0.000000 0.005597 0.000000 0.949231 
0.000000 0.619305 0.000000 0.000000 0.000000 0.008176 0.013820 0.033100 0.000000 0.251682 0.000000 0.000000 0.000000 0.073916 0.000000 0.000000 
0.000000 0.118884 0.000000 0.026209 0.000000 0.000000 0.000000 0.033531 0.499758 0.282714 0.025438 0.000000 0.000000 0.013465 0.000000 0.000000 
0.000000 0.578651 0.000000 0.000000 0.000000 0.000000 0.000000 0.029296 0.000000 0.175816 0.030322 0.022896 0.000000 0.099689 0.063331 0.000000 
0.000000 0.105011 0.000000 0.000000 0.000000 0.000000 0.002378 0.000000 0.009058 0.014803 0.005921 0.000000 0.000000 0.841530 0.021299 0.000000 
0.000000 0.073532 0.000000 0.000000 0.000000 0.000000 0.000000 0.046716 0.269585 0.135468 0.000000 0.000000 0.000000 0.166838 0.016952 0.290910 
0.000000 0.613311 0.000000 0.016702 0.000000 0.000000 0.010842 0.000000 0.000000 0.259734 0.011490 0.000000 0.000000 0.087921 0.000000 0.000000 
0.000000 0.138885 0.000000 0.000000 0.000000 0.000000 0.003281 0.000000 0.000000 0.042706 0.000000 0.000000 0.000000 0.701393 0.000000 0.113734 
0.000000 0.522284 0.000000 0.000000 0.000000 0.000000 0.024021 0.041841 0.000000 0.297207 0.017533 0.000000 0.000000 0.097114 0.000000 0.000000 
0.000000 0.221482 0.000000 0.000000 0.021779 0.000000 0.000000 0.000000 0.310243 0.365769 0.064612 0.000000 0.000000 0.016115 0.000000 0.000000 
0.000000 0.208157 0.000000 0.000000 0.000000 0.000000 0.000000 0.044636 0.474263 0.220002 0.000000 0.000000 0.000000 0.052941 0.000000 0.000000 
0.010322 0.068482 0.000000 0.000000 0.000000 0.000000 0.000000 0.024022 0.595853 0.249478 0.000000 0.000000 0.000000 0.017883 0.033960 0.000000 
0.000000 0.150345 0.000000 0.000000 0.004341 0.006768 0.000000 0.003591 0.000000 0.041748 0.000000 0.000000 0.020292 0.772914 0.000000 0.000000 
0.000000 0.275854 0.000000 0.000000 0.000000 0.000000 0.000000 0.010439 0.000000 0.086078 0.000000 0.015106 0.000000 0.612523 0.000000 0.000000 
0.000000 0.120861 0.000000 0.000000 0.000000 0.000000 0.000000 0.000000 0.117648 0.103355 0.000000 0.000000 0.020768 0.626536 0.010831 0.000000 
0.000000 0.287410 0.007259 0.000000 0.000000 0.000000 0.002437 0.000000 0.000000 0.219579 0.030393 0.000000 0.000000 0.037743 0.000000 0.415179 
0.000000 0.649042 0.000000 0.000000 0.000000 0.000000 0.021275 0.015014 0.000000 0.226420 0.000000 0.000000 0.000000 0.088249 0.000000 0.000000 
