-790232.923115
0
0.000000 0.000000 0.000000 0.000000 0.000000 0.000000 0.000000 0.000000 0.000025 0.018796 0.000000 0.005040 0.000462 0.000000 0.000984 0.004004 0.001194 0.000007 0.000594 0.000788 0.000000 0.000000 0.000656 0.000000 0.001423 0.000000 0.000000 0.000000 0.000000 0.000000 0.000268 0.000000 0.076413 0.100305 0.021174 0.082182 0.000000 0.000000 0.000251 0.001380 0.000009 0.000546 0.000005 0.004929 0.000000 0.001000 0.000001 0.000663 0.000000 0.000001 0.000000 0.000001 0.000231 0.000278 0.000000 0.000000 0.000002 0.020732 0.000000 0.016825 0.000000 0.000000 0.000754 0.000726 0.000666 0.000002 0.000004 0.007352 0.000000 0.000000 0.001021 0.000000 0.000002 0.003811 0.000788 0.001497 0.000000 0.001002 0.000000 0.000000 0.127931 0.293256 0.099660 0.082597 0.001261 0.000715 0.000700 0.004367 0.001895 0.000981 0.002348 0.002515 0.000000 0.000898 0.000814 0.001267 
0.000000 0.000000 0.000000 0.000760 0.001789 0.000000 0.000000 0.001244 0.029708 0.016137 0.090044 0.015159 0.000000 0.004205 0.000000 0.005071 0.005784 0.005660 0.023943 0.000004 0.000000 0.002080 0.000908 0.002471 0.009416 0.023599 0.009451 0.060267 0.000000 0.000000 0.000000 0.000000 0.008248 0.010471 0.095535 0.008647 0.000000 0.002163 0.000000 0.000000 0.007337 0.003533 0.028566 0.002501 0.000000 0.002802 0.006275 0.009029 0.000000 0.005226 0.002922 0.008246 0.000000 0.002112 0.000000 0.001668 0.067506 0.082300 0.139311 0.054910 0.000000 0.002626 0.000000 0.001461 0.012604 0.006693 0.012061 0.003734 0.000000 0.001567 0.000952 0.004144 0.000003 0.002000 0.002045 0.002302 0.000000 0.000000 0.000000 0.000000 0.009098 0.007532 0.034640 0.003652 0.000000 0.000584 0.000000 0.000000 0.006040 0.003511 0.011556 0.003470 0.000000 0.001787 0.001581 0.007351 
0.000000 0.000000 0.000000 0.000000 0.003378 0.000000 0.000000 0.000000 0.006543 0.003538 0.013596 0.004720 0.012170 0.000000 0.005549 0.017123 0.027894 0.010169 0.020895 0.025549 0.046935 0.007370 0.004697 0.025721 0.003232 0.000000 0.000000 0.005446 0.000000 0.000000 0.000000 0.001081 0.010557 0.009536 0.010783 0.004200 0.004719 0.000000 0.001903 0.000000 0.019066 0.011480 0.019856 0.032495 0.029990 0.007100 0.013869 0.073129 0.011198 0.008583 0.000000 0.005811 0.000000 0.002983 0.000000 0.002886 0.005071 0.008298 0.012679 0.010674 0.000000 0.000000 0.000000 0.000000 0.011930 0.010725 0.011623 0.012468 0.008771 0.000000 0.003096 0.023764 0.021679 0.000005 0.000000 0.026976 0.000716 0.000000 0.000000 0.001606 0.000000 0.003758 0.000000 0.005810 0.023706 0.000000 0.016521 0.009193 0.017579 0.016396 0.010902 0.040982 0.066362 0.009560 0.009352 0.074050 
0.000000 0.000000 0.000000 0.000000 0.006963 0.006068 0.000000 0.012097 0.032837 0.014281 0.000001 0.031826 0.015067 0.000000 0.020160 0.005864 0.077856 0.021860 0.071277 0.053070 0.000000 0.000000 0.000002 0.000000 0.000001 0.000000 0.006326 0.000000 0.004410 0.000000 0.000000 0.000000 0.034364 0.023483 0.003047 0.015884 0.003686 0.000000 0.006508 0.000000 0.025301 0.010977 0.031786 0.035429 0.000000 0.005132 0.005093 0.006543 0.000000 0.005538 0.000000 0.002680 0.000000 0.004937 0.000000 0.000000 0.029492 0.023749 0.000000 0.044840 0.010082 0.000000 0.007500 0.000000 0.030374 0.016098 0.033625 0.036905 0.000000 0.000000 0.000000 0.000000 0.014815 0.000023 0.000001 0.006817 0.000000 0.000000 0.001895 0.000000 0.000000 0.000290 0.000000 0.003804 0.008839 0.005431 0.005480 0.000000 0.030617 0.024800 0.032733 0.022182 0.000000 0.006655 0.002595 0.000001 
0.055000 0.046139 0.000000 0.042607 0.000748 0.001575 0.000000 0.002137 0.018570 0.004675 0.012537 0.023937 0.016572 0.000000 0.020523 0.029746 0.014569 0.010679 0.008849 0.029373 0.000000 0.000000 0.005056 0.000000 0.047240 0.034190 0.003453 0.041043 0.000000 0.000000 0.000000 0.000000 0.000407 0.001240 0.002397 0.025741 0.012277 0.021219 0.020762 0.040546 0.005605 0.009575 0.000002 0.009730 0.000000 0.000000 0.003180 0.000003 0.030496 0.023698 0.002454 0.030646 0.000000 0.000000 0.000000 0.000000 0.000001 0.000032 0.000000 0.005403 0.010472 0.000000 0.011276 0.025578 0.003946 0.002529 0.003512 0.013354 0.000000 0.000000 0.000000 0.001896 0.032183 0.022770 0.003645 0.047924 0.000000 0.000000 0.000000 0.000000 0.000000 0.000046 0.000000 0.011758 0.018085 0.019489 0.005788 0.038312 0.000001 0.002226 0.000001 0.008495 0.000000 0.000000 0.002079 0.000000 
0.005720 0.007134 0.000000 0.003051 0.000000 0.003665 0.000000 0.002568 0.031955 0.014163 0.212908 0.010087 0.002289 0.000000 0.000000 0.007888 0.015911 0.006436 0.010045 0.010462 0.000000 0.002277 0.001515 0.003180 0.000001 0.001445 0.000000 0.000000 0.000000 0.000000 0.000000 0.000000 0.023993 0.018386 0.116108 0.015939 0.000000 0.000000 0.000000 0.000000 0.005860 0.005026 0.008731 0.007572 0.000000 0.001227 0.000001 0.002432 0.006857 0.002358 0.000000 0.002490 0.000000 0.001260 0.000000 0.000000 0.027680 0.032566 0.130587 0.017612 0.000000 0.000000 0.000000 0.000000 0.013969 0.009741 0.006427 0.011746 0.000000 0.000000 0.000000 0.000000 0.011093 0.007872 0.002248 0.011176 0.000000 0.000000 0.000000 0.000000 0.000000 0.009906 0.090702 0.004049 0.003787 0.000000 0.000000 0.000000 0.010912 0.006233 0.009654 0.003055 0.000000 0.001555 0.002081 0.004414 
0.000000 0.001039 0.000365 0.000000 0.000000 0.000000 0.000000 0.000350 0.007572 0.003349 0.002680 0.003345 0.000000 0.000000 0.000000 0.000001 0.000880 0.000448 0.000894 0.001014 0.000000 0.000316 0.000668 0.000000 0.000979 0.000000 0.000000 0.000000 0.000000 0.000000 0.000000 0.000000 0.017840 0.002529 0.004620 0.008821 0.000000 0.000389 0.000598 0.000942 0.000681 0.000002 0.000500 0.001358 0.000189 0.000000 0.000001 0.000796 0.000000 0.000001 0.000000 0.000001 0.000000 0.000000 0.000000 0.000266 0.006859 0.001005 0.000000 0.003632 0.000000 0.000000 0.000848 0.000000 0.000211 0.000002 0.000003 0.000259 0.000000 0.000000 0.000000 0.000000 0.013683 0.007397 0.002236 0.012391 0.038588 0.000000 0.001412 0.065476 0.417939 0.079500 0.050274 0.234329 0.000000 0.000000 0.000000 0.000000 0.000002 0.000109 0.000002 0.000329 0.000000 0.000075 0.000003 0.000000 
0.000000 0.000000 0.000536 0.008134 0.000000 0.000000 0.000000 0.000000 0.000010 0.003265 0.012285 0.004298 0.000000 0.000000 0.000000 0.000825 0.003697 0.005906 0.002280 0.003559 0.000000 0.003088 0.000728 0.013272 0.001881 0.000000 0.000575 0.017128 0.000000 0.000000 0.000000 0.000000 0.000234 0.000806 0.011758 0.003181 0.000000 0.000000 0.000000 0.001190 0.000302 0.001354 0.002088 0.002295 0.002730 0.002302 0.003979 0.017757 0.001892 0.002115 0.000000 0.009426 0.000000 0.000000 0.000000 0.000000 0.000001 0.013835 0.030543 0.016349 0.000000 0.000000 0.000000 0.000000 0.006045 0.010277 0.004916 0.013124 0.000000 0.001483 0.000000 0.002803 0.036247 0.009012 0.002874 0.313686 0.000000 0.000000 0.000000 0.000000 0.000000 0.017828 0.226516 0.037698 0.000000 0.000443 0.000000 0.003419 0.003553 0.008531 0.005884 0.010233 0.004567 0.009110 0.001878 0.064269 
0.000000 0.000000 0.007279 0.000000 0.041458 0.020573 0.006778 0.039724 0.014547 0.013879 0.000000 0.007831 0.002431 0.028638 0.000000 0.000000 0.011565 0.009982 0.013220 0.006865 0.000000 0.002415 0.012777 0.010555 0.000000 0.000000 0.000000 0.000000 0.029762 0.025953 0.006850 0.040772 0.019689 0.011744 0.003437 0.015474 0.005888 0.010696 0.008343 0.000000 0.007558 0.018348 0.013704 0.009587 0.000000 0.008366 0.013593 0.009125 0.000000 0.000000 0.000000 0.000001 0.019832 0.015194 0.002250 0.029004 0.024371 0.011157 0.000000 0.011451 0.002047 0.018384 0.007269 0.000000 0.007392 0.011530 0.007019 0.000002 0.005293 0.005761 0.028142 0.009222 0.000002 0.014479 0.000000 0.000123 0.026157 0.031029 0.002752 0.048650 0.017389 0.021604 0.000000 0.010173 0.000000 0.000000 0.006929 0.000000 0.017942 0.015112 0.007644 0.011694 0.000000 0.009638 0.016352 0.017603 
0.039134 0.028806 0.021839 0.022335 0.009419 0.005693 0.003080 0.001267 0.011084 0.008850 0.000000 0.001147 0.002813 0.000000 0.008715 0.000001 0.008058 0.000886 0.007655 0.000003 0.000000 0.000000 0.000001 0.000000 0.048781 0.075745 0.010219 0.048462 0.011087 0.011918 0.007656 0.006322 0.025035 0.015280 0.007725 0.018312 0.006833 0.011957 0.038375 0.007323 0.005380 0.000002 0.012012 0.003881 0.000000 0.000697 0.003603 0.000621 0.041240 0.047135 0.027068 0.029432 0.007399 0.012256 0.008260 0.004807 0.007625 0.008116 0.000000 0.009928 0.006584 0.005106 0.014372 0.000000 0.006325 0.000549 0.004636 0.000004 0.000000 0.000000 0.000000 0.000000 0.034937 0.063235 0.012620 0.040892 0.000000 0.011538 0.003524 0.001650 0.000000 0.005724 0.000000 0.004800 0.003680 0.002326 0.008312 0.000000 0.001708 0.000005 0.003134 0.001101 0.000000 0.000001 0.001963 0.000000 
0.000005 0.000000 0.165752 0.000000 0.109758 0.288398 0.346872 0.000000 0.089215 0.000000 
0.009113 0.678616 0.000041 0.000000 0.019977 0.181813 0.050947 0.022442 0.018401 0.018649 
0.035282 0.000000 0.047999 0.000000 0.651308 0.043753 0.000000 0.000000 0.221658 0.000000 
0.000005 0.798896 0.000041 0.000000 0.032602 0.109018 0.041089 0.000000 0.011548 0.006800 
0.877098 0.108735 0.000042 0.000000 0.002687 0.000008 0.011188 0.000000 0.000241 0.000000 
0.014296 0.000000 0.000045 0.000000 0.027853 0.000008 0.000000 0.904878 0.052920 0.000000 
0.004136 0.000000 0.000043 0.000000 0.016042 0.000008 0.000000 0.976498 0.003273 0.000000 
0.000005 0.000000 0.019926 0.000000 0.044909 0.395660 0.031718 0.466894 0.017277 0.023612 
0.032159 0.443985 0.040320 0.122364 0.105735 0.011575 0.154089 0.000000 0.089774 0.000000 
0.226942 0.000000 0.057567 0.149241 0.123921 0.081798 0.200327 0.000000 0.139581 0.020622 
0.000005 0.000000 0.013810 0.000000 0.272577 0.126973 0.381145 0.000000 0.205490 0.000000 
0.020885 0.000000 0.487406 0.000000 0.172012 0.000009 0.000000 0.000000 0.038271 0.281416 
0.028743 0.000000 0.048639 0.000000 0.160772 0.610114 0.022964 0.000000 0.128768 0.000000 
0.015933 0.220989 0.161459 0.000000 0.238784 0.010319 0.000000 0.000000 0.352514 0.000000 
0.068731 0.000000 0.035766 0.141104 0.122215 0.446805 0.000000 0.000000 0.134036 0.051343 
0.410133 0.000000 0.000125 0.000000 0.071692 0.441857 0.042574 0.018239 0.015379 0.000000 
0.000004 0.000000 0.134575 0.000000 0.495008 0.047818 0.127215 0.000000 0.195380 0.000000 
0.000005 0.021430 0.026883 0.048485 0.292734 0.000008 0.000000 0.000000 0.504745 0.105710 
0.385899 0.000000 0.000060 0.000000 0.020902 0.020374 0.015737 0.539836 0.017191 0.000000 
0.006000 0.000000 0.536071 0.000000 0.198369 0.114759 0.012385 0.026618 0.105798 0.000000 
0.000005 0.062598 0.037774 0.000000 0.439152 0.000009 0.015947 0.058338 0.106814 0.279364 
0.000004 0.000000 0.227104 0.000000 0.053341 0.008337 0.687083 0.000000 0.024131 0.000000 
0.045602 0.000000 0.366695 0.189784 0.160440 0.057990 0.010070 0.000000 0.136682 0.032737 
0.050169 0.000000 0.019641 0.109041 0.115667 0.029420 0.000000 0.526723 0.127710 0.021629 
0.040035 0.000000 0.093253 0.223977 0.350259 0.066207 0.052029 0.000000 0.174240 0.000000 
0.000005 0.000000 0.079377 0.000000 0.167939 0.000009 0.006903 0.254438 0.055031 0.436298 
0.012684 0.071106 0.050378 0.000000 0.302007 0.000009 0.000000 0.170505 0.393311 0.000000 
0.039542 0.000000 0.100455 0.248691 0.227308 0.061177 0.000000 0.000000 0.273642 0.049184 
0.187122 0.076732 0.474596 0.000000 0.112980 0.102451 0.000000 0.000000 0.046119 0.000000 
0.000004 0.396675 0.113825 0.076570 0.145660 0.027856 0.010896 0.072742 0.155773 0.000000 
0.056069 0.041326 0.003431 0.000000 0.008943 0.040152 0.827906 0.011785 0.001622 0.008766 
0.000004 0.000000 0.049127 0.000000 0.341701 0.022877 0.000000 0.013990 0.493599 0.078701 
0.041924 0.000000 0.000067 0.000000 0.072786 0.446792 0.000000 0.406537 0.031894 0.000000 
0.000004 0.000000 0.137213 0.000000 0.549622 0.090101 0.054522 0.019651 0.148887 0.000000 
0.681803 0.000000 0.000060 0.000000 0.041617 0.047324 0.017571 0.155993 0.021123 0.034509 
0.023735 0.000000 0.076740 0.077765 0.541064 0.039797 0.000000 0.028802 0.212096 0.000000 
0.032072 0.746896 0.000037 0.000000 0.052866 0.075990 0.000000 0.054255 0.037884 0.000000 
0.035175 0.223746 0.000041 0.000000 0.116612 0.000008 0.000000 0.000000 0.054823 0.569594 
0.038964 0.260602 0.056584 0.156931 0.149657 0.000008 0.107362 0.000000 0.154434 0.075456 
0.000005 0.000000 0.032189 0.000000 0.255847 0.383860 0.074058 0.190826 0.063215 0.000000 
0.025398 0.796576 0.018819 0.000000 0.053025 0.090390 0.000000 0.000000 0.015792 0.000000 
0.040116 0.000000 0.129261 0.149225 0.181499 0.042908 0.000000 0.197346 0.225240 0.034405 
0.000005 0.760222 0.010545 0.000000 0.017274 0.091704 0.000000 0.016366 0.011072 0.092811 
0.062175 0.000000 0.590008 0.031675 0.135886 0.094416 0.000000 0.015140 0.070699 0.000000 
0.000005 0.252039 0.013283 0.021657 0.060385 0.000009 0.126883 0.511284 0.014455 0.000000 
0.034415 0.000000 0.028544 0.000000 0.025074 0.000009 0.000000 0.904477 0.007480 0.000000 
0.000005 0.153472 0.258152 0.000000 0.039912 0.025267 0.490010 0.016697 0.016485 0.000000 
0.012797 0.000000 0.032420 0.000000 0.248222 0.000009 0.016364 0.063808 0.249061 0.377319 
0.028003 0.018237 0.000036 0.000000 0.092735 0.000009 0.044158 0.020101 0.109930 0.686793 
0.004166 0.053504 0.152244 0.101008 0.247963 0.000009 0.000000 0.010230 0.120875 0.310000 
0.042777 0.489550 0.155709 0.000000 0.238389 0.000009 0.010593 0.000000 0.062973 0.000000 
0.250107 0.000000 0.050679 0.025623 0.198787 0.013351 0.173669 0.000000 0.287783 0.000000 
0.935553 0.000000 0.007588 0.000000 0.010562 0.000011 0.000000 0.042151 0.004134 0.000000 
0.000004 0.268782 0.000042 0.000000 0.078512 0.035571 0.015787 0.000000 0.043334 0.557967 
0.092644 0.000000 0.007615 0.000000 0.055343 0.015341 0.025396 0.716361 0.074497 0.012802 
0.047693 0.000000 0.102586 0.296420 0.195598 0.061510 0.000000 0.000000 0.244432 0.051760 
0.000005 0.000000 0.106789 0.000000 0.417838 0.044497 0.000000 0.091975 0.338897 0.000000 
0.000005 0.000000 0.684736 0.000000 0.161504 0.014418 0.023264 0.023994 0.092079 0.000000 
0.097159 0.000000 0.712195 0.000000 0.128442 0.000009 0.000000 0.000000 0.062195 0.000000 
0.018315 0.000000 0.296508 0.000000 0.051097 0.000007 0.600483 0.000000 0.033590 0.000000 
0.093569 0.643243 0.049692 0.000000 0.056613 0.152881 0.000001 0.000000 0.004002 0.000000 
0.000005 0.000000 0.359865 0.000000 0.147608 0.022536 0.413717 0.000000 0.056268 0.000000 
0.127727 0.343197 0.000072 0.000000 0.037171 0.000009 0.114677 0.373770 0.003377 0.000000 
0.638538 0.000000 0.018886 0.000000 0.021519 0.000015 0.303262 0.000000 0.017780 0.000000 
0.006832 0.043311 0.073247 0.183158 0.156152 0.051424 0.098061 0.000000 0.141885 0.245929 
0.013543 0.133651 0.000045 0.000000 0.076421 0.029827 0.000000 0.113945 0.063865 0.568702 
0.095285 0.056962 0.200663 0.127524 0.138920 0.042249 0.000000 0.000000 0.083275 0.255121 
0.019454 0.160821 0.040395 0.000000 0.252924 0.000009 0.172227 0.000000 0.354169 0.000000 
0.000004 0.000000 0.404730 0.000000 0.108965 0.000008 0.420313 0.015524 0.050455 0.000000 
0.061298 0.051737 0.058992 0.000000 0.519292 0.000009 0.000000 0.000000 0.308671 0.000000 
0.000005 0.000000 0.081809 0.000000 0.228807 0.138345 0.018857 0.451276 0.080901 0.000000 
0.000005 0.881099 0.000043 0.000000 0.013132 0.043538 0.036164 0.025741 0.000280 0.000000 
0.047937 0.000000 0.002844 0.000000 0.165241 0.010622 0.029060 0.000000 0.072866 0.671430 
0.023990 0.000000 0.028560 0.000000 0.025906 0.608960 0.074474 0.186685 0.012181 0.039244 
0.000005 0.000000 0.154855 0.043996 0.120279 0.000008 0.059065 0.501806 0.064449 0.055537 
0.000005 0.022837 0.031676 0.012266 0.115509 0.000008 0.058439 0.105328 0.091063 0.562870 
0.000005 0.825278 0.000042 0.000000 0.040445 0.127450 0.000000 0.000000 0.000380 0.006400 
0.000005 0.000000 0.000028 0.000000 0.009753 0.003460 0.982804 0.000000 0.003950 0.000000 
0.325168 0.260245 0.012482 0.000000 0.038066 0.074928 0.000000 0.000000 0.050003 0.239107 
0.000004 0.629230 0.005395 0.000000 0.144779 0.019677 0.000000 0.000000 0.200914 0.000000 
0.021047 0.060699 0.082374 0.105112 0.193813 0.000008 0.023842 0.250062 0.263044 0.000000 
0.023368 0.084316 0.403006 0.000000 0.150940 0.216095 0.043607 0.000000 0.078667 0.000000 
0.228337 0.044229 0.016393 0.000000 0.125738 0.016062 0.029776 0.000000 0.067041 0.472422 
0.014596 0.000000 0.066701 0.000000 0.324221 0.000008 0.087222 0.401773 0.105480 0.000000 
0.000006 0.000000 0.393885 0.000000 0.246328 0.013899 0.000000 0.186499 0.095049 0.064334 
0.000004 0.384346 0.024300 0.060885 0.088793 0.000009 0.277895 0.023579 0.081941 0.058248 
0.044697 0.120167 0.045840 0.245959 0.261799 0.047512 0.000000 0.000000 0.234025 0.000000 
0.616229 0.247086 0.000046 0.000000 0.104363 0.000009 0.000000 0.000000 0.032267 0.000000 
0.000005 0.324219 0.170239 0.000000 0.109162 0.319239 0.017648 0.029145 0.030343 0.000000 
0.000005 0.000000 0.062387 0.000000 0.326406 0.000011 0.008242 0.000000 0.562905 0.040043 
0.425772 0.089474 0.062022 0.151631 0.126483 0.049284 0.000000 0.000000 0.095333 0.000000 
0.359537 0.000000 0.044975 0.184655 0.157320 0.046772 0.000000 0.056218 0.150524 0.000000 
0.009856 0.000000 0.000050 0.000000 0.017703 0.026717 0.000001 0.939297 0.006377 0.000000 
0.000005 0.000000 0.057885 0.000000 0.643707 0.041661 0.015117 0.000000 0.241625 0.000000 
0.000005 0.082290 0.026537 0.059889 0.067098 0.057062 0.218566 0.405134 0.083420 0.000000 
0.000005 0.000000 0.000027 0.000000 0.117105 0.059661 0.006832 0.000000 0.067745 0.748625 
0.000005 0.020271 0.016514 0.000000 0.022907 0.000009 0.917226 0.000000 0.000655 0.022413 
0.627724 0.000000 0.151195 0.000000 0.035917 0.055490 0.101275 0.000000 0.028400 0.000000 
0.021868 0.045315 0.000040 0.000000 0.000569 0.000009 0.930167 0.000000 0.002033 0.000000 
0.059570 0.000000 0.230329 0.293920 0.146819 0.055986 0.000000 0.048260 0.117472 0.047645 
0.000005 0.000000 0.015201 0.000000 0.294396 0.087096 0.315436 0.000000 0.180093 0.107774 
0.036972 0.048537 0.090761 0.091034 0.279576 0.000009 0.094811 0.000000 0.358300 0.000000 
0.000004 0.000000 0.021090 0.028383 0.099355 0.000008 0.005032 0.680682 0.135060 0.030387 
0.032230 0.032180 0.027998 0.154488 0.107936 0.091463 0.444075 0.000000 0.109630 0.000000 
0.016080 0.071377 0.000048 0.029223 0.110707 0.296359 0.000000 0.429144 0.047063 0.000000 
0.735535 0.033761 0.012569 0.000000 0.057600 0.138573 0.000000 0.000000 0.021962 0.000000 
0.051007 0.000000 0.037337 0.052681 0.083513 0.651194 0.015153 0.000000 0.071234 0.037882 
0.208573 0.000000 0.135003 0.000000 0.174938 0.034137 0.000000 0.000000 0.068267 0.379081 
0.045805 0.000000 0.098387 0.224795 0.392649 0.062927 0.000000 0.000000 0.165441 0.009996 
0.094718 0.278394 0.019378 0.000000 0.432760 0.031792 0.000000 0.000000 0.142958 0.000000 
0.203890 0.000000 0.416424 0.000000 0.166260 0.010974 0.027119 0.011101 0.164231 0.000000 
0.000004 0.718783 0.010137 0.000000 0.065403 0.193186 0.000000 0.000000 0.012486 0.000000 
0.135688 0.361295 0.000055 0.000000 0.006566 0.000010 0.000000 0.496260 0.000126 0.000000 
0.000005 0.785419 0.000039 0.000000 0.079822 0.000009 0.082899 0.019273 0.032535 0.000000 
0.015883 0.000000 0.298170 0.113523 0.296726 0.066573 0.000000 0.009423 0.148688 0.051014 
0.040595 0.000000 0.040472 0.000000 0.425551 0.068248 0.044646 0.025337 0.355151 0.000000 
0.083396 0.000000 0.000051 0.000000 0.327369 0.000009 0.000000 0.492793 0.086617 0.009765 
0.000004 0.000000 0.069685 0.051371 0.607307 0.042149 0.000000 0.045909 0.183575 0.000000 
0.121953 0.000000 0.392438 0.000000 0.153456 0.000008 0.000000 0.000000 0.085247 0.246897 
0.000005 0.317792 0.067453 0.000000 0.473239 0.025800 0.000000 0.000000 0.115711 0.000000 
0.250571 0.000000 0.461908 0.000000 0.125534 0.037348 0.029980 0.017714 0.076946 0.000000 
0.000006 0.860935 0.005648 0.000000 0.014606 0.047179 0.000000 0.000000 0.000498 0.071128 
0.000005 0.109484 0.032371 0.000000 0.149423 0.033579 0.531221 0.097496 0.046421 0.000000 
0.291378 0.000000 0.069482 0.153244 0.157974 0.200050 0.000000 0.000000 0.127871 0.000000 
0.020733 0.000000 0.007662 0.000000 0.077479 0.140652 0.000000 0.687318 0.023243 0.042912 
0.036361 0.049812 0.065962 0.119800 0.157834 0.318059 0.090228 0.000000 0.144744 0.017200 
0.000005 0.000000 0.583121 0.000000 0.189988 0.023772 0.011266 0.020077 0.171769 0.000000 
0.021338 0.000000 0.647073 0.000000 0.166426 0.025730 0.000000 0.066858 0.072574 0.000000 
0.430067 0.000000 0.243607 0.000000 0.082315 0.016637 0.000000 0.195319 0.032055 0.000000 
0.203221 0.044897 0.060248 0.000000 0.531322 0.030044 0.000000 0.000000 0.130266 0.000000 
0.275299 0.000000 0.080019 0.000000 0.463010 0.033798 0.000000 0.000000 0.147874 0.000000 
0.041080 0.050643 0.101459 0.285106 0.216596 0.066226 0.000000 0.000000 0.220347 0.018542 
0.014731 0.000000 0.029743 0.000000 0.012208 0.000008 0.000001 0.931042 0.012267 0.000000 
0.016504 0.000000 0.030398 0.000000 0.242637 0.068286 0.004478 0.603064 0.034634 0.000000 
0.013859 0.091260 0.059333 0.032077 0.214899 0.026499 0.010938 0.473670 0.077466 0.000000 
0.000005 0.000000 0.004017 0.000000 0.090123 0.475226 0.031216 0.225266 0.042533 0.131614 
0.086704 0.000000 0.053768 0.000000 0.260044 0.086438 0.000000 0.062502 0.450543 0.000000 
0.023652 0.000000 0.031337 0.000000 0.057194 0.015257 0.801216 0.000000 0.011113 0.060230 
0.000004 0.000000 0.059217 0.000000 0.379668 0.000007 0.000000 0.000000 0.550210 0.010894 
0.226611 0.021158 0.000033 0.000000 0.094369 0.000008 0.000000 0.000000 0.057290 0.600530 
0.000004 0.561048 0.000045 0.000000 0.075468 0.114351 0.000000 0.000000 0.067344 0.181739 
0.000005 0.767238 0.004596 0.000000 0.058666 0.085446 0.000000 0.000000 0.029170 0.054878 
0.011962 0.000000 0.014121 0.000000 0.091688 0.000009 0.000000 0.839808 0.042412 0.000000 
0.057641 0.250490 0.034251 0.169699 0.151360 0.042146 0.000000 0.000000 0.102773 0.191640 
0.000005 0.064750 0.085721 0.000000 0.066969 0.446416 0.160574 0.138619 0.036944 0.000000 
0.007158 0.267289 0.027765 0.158401 0.168669 0.032231 0.000000 0.018869 0.125454 0.194165 
0.000005 0.000000 0.000060 0.000000 0.134161 0.022562 0.007241 0.000000 0.047911 0.788060 
0.024402 0.000000 0.260012 0.000000 0.214100 0.000009 0.000000 0.000000 0.307342 0.194135 
0.000005 0.000000 0.136795 0.000000 0.320466 0.000007 0.000000 0.147793 0.394934 0.000000 
0.024214 0.000000 0.260184 0.000000 0.218574 0.356455 0.000000 0.000000 0.140572 0.000000 
0.013637 0.000000 0.173698 0.000000 0.475631 0.042948 0.000000 0.063726 0.179855 0.050505 
0.000005 0.000000 0.193289 0.000000 0.044251 0.012858 0.724325 0.000000 0.025273 0.000000 
0.025390 0.000000 0.053556 0.046444 0.340035 0.020559 0.000000 0.000000 0.427889 0.086127 
0.000005 0.014944 0.024273 0.000000 0.222029 0.000008 0.455092 0.000000 0.283650 0.000000 
0.016934 0.014347 0.027939 0.051814 0.294532 0.000009 0.000000 0.000000 0.480563 0.113862 
0.000005 0.000000 0.000092 0.000000 0.014232 0.000008 0.952229 0.000000 0.009334 0.024101 
0.014175 0.000000 0.000033 0.000000 0.047681 0.022682 0.578489 0.000000 0.035578 0.301363 
0.184710 0.000000 0.207718 0.000000 0.044969 0.038147 0.371911 0.124304 0.028240 0.000000 
0.021024 0.017778 0.007287 0.000000 0.146052 0.000008 0.165794 0.166678 0.059403 0.415976 
0.051918 0.000000 0.010918 0.000000 0.102563 0.777821 0.007829 0.000000 0.029743 0.019208 
0.019069 0.000000 0.711498 0.000000 0.153624 0.023005 0.000000 0.000000 0.092804 0.000000 
0.000005 0.000000 0.000054 0.000000 0.162582 0.038511 0.009744 0.000000 0.051062 0.738042 
0.000005 0.000000 0.058265 0.000000 0.397748 0.030111 0.000000 0.012944 0.500927 0.000000 
0.014093 0.000000 0.721308 0.000000 0.139445 0.049370 0.000000 0.000000 0.075784 0.000000 
0.096535 0.031818 0.170232 0.040623 0.148292 0.276354 0.026014 0.021404 0.060634 0.128095 
0.000004 0.019258 0.131985 0.000000 0.655578 0.035009 0.014139 0.000000 0.144027 0.000000 
0.000005 0.314430 0.008607 0.000000 0.344279 0.231237 0.000000 0.000000 0.101442 0.000000 
0.000005 0.068800 0.212630 0.000000 0.228470 0.079125 0.010054 0.000000 0.350366 0.050552 
0.022461 0.000000 0.025869 0.093519 0.248004 0.493863 0.016582 0.000000 0.099703 0.000000 
0.000004 0.000000 0.398368 0.000000 0.106171 0.154196 0.253524 0.028708 0.059028 0.000000 
0.016500 0.000000 0.010941 0.000000 0.157231 0.000011 0.000000 0.075458 0.083143 0.656715 
0.000005 0.000000 0.696614 0.000000 0.167045 0.000008 0.013280 0.009954 0.113095 0.000000 
0.106543 0.000000 0.027866 0.000000 0.251446 0.051622 0.040417 0.000000 0.328050 0.194056 
0.014384 0.540957 0.057485 0.051803 0.130370 0.000009 0.000000 0.000000 0.163269 0.041723 
0.027724 0.000000 0.052955 0.000000 0.638552 0.072504 0.000000 0.000000 0.208264 0.000000 
0.716243 0.028347 0.000056 0.000000 0.006472 0.000008 0.235439 0.000000 0.013435 0.000000 
0.022282 0.000000 0.012071 0.000000 0.330148 0.187267 0.008327 0.000000 0.439905 0.000000 
0.000005 0.000000 0.139728 0.000000 0.300838 0.000010 0.215589 0.000000 0.343829 0.000000 
0.015793 0.180163 0.211880 0.174994 0.153990 0.077806 0.015641 0.021762 0.147971 0.000000 
0.023589 0.000000 0.000049 0.000000 0.108490 0.000010 0.220332 0.018823 0.107394 0.521313 
0.000004 0.713567 0.091344 0.000000 0.034208 0.105239 0.000000 0.016749 0.000309 0.038578 
0.917780 0.000000 0.034685 0.000000 0.031976 0.009505 0.000000 0.000000 0.006053 0.000000 
0.000004 0.000000 0.190312 0.000000 0.602749 0.044216 0.006889 0.000000 0.155829 0.000000 
0.023364 0.060830 0.031042 0.000000 0.330048 0.000009 0.021110 0.000000 0.137288 0.396309 
0.035146 0.140418 0.097420 0.000000 0.086177 0.457772 0.014447 0.058735 0.044958 0.064929 
0.183343 0.050540 0.049007 0.000000 0.057135 0.036394 0.000000 0.615559 0.008022 0.000000 
0.604788 0.000000 0.011469 0.000000 0.154527 0.000005 0.000000 0.000000 0.229210 0.000000 
0.000005 0.000000 0.041567 0.099981 0.177772 0.046515 0.471380 0.000000 0.149604 0.013175 
0.443751 0.000000 0.031934 0.000000 0.183638 0.000006 0.000000 0.000000 0.340670 0.000000 
0.000005 0.000000 0.013915 0.000000 0.275916 0.000019 0.011898 0.000000 0.416287 0.281960 
0.044522 0.000000 0.010976 0.019970 0.130770 0.095273 0.245727 0.034329 0.071916 0.346517 
0.030288 0.000000 0.099148 0.297080 0.224394 0.068547 0.000000 0.000000 0.232938 0.047605 
0.202428 0.000000 0.000057 0.000000 0.011724 0.016024 0.000000 0.741838 0.013132 0.014795 
0.010132 0.075086 0.020649 0.000000 0.043074 0.303705 0.052087 0.455575 0.039692 0.000000 
0.011705 0.000000 0.020913 0.000000 0.205094 0.017477 0.000000 0.000000 0.066809 0.678001 
0.045700 0.273975 0.063630 0.000000 0.055532 0.000009 0.000000 0.442414 0.118739 0.000000 
0.613159 0.037104 0.027124 0.073621 0.129993 0.000009 0.000000 0.000000 0.118989 0.000000 
0.020791 0.000000 0.039767 0.000000 0.085456 0.793539 0.038554 0.000000 0.021894 0.000000 
0.128593 0.000000 0.093363 0.000000 0.332086 0.000008 0.000000 0.000000 0.445950 0.000000 
0.316044 0.000000 0.036108 0.000000 0.355710 0.032373 0.000000 0.000000 0.099365 0.160400 
0.193113 0.100433 0.303051 0.0517001 0.590712 0.213678 0.134124 0.111816 0.456288 0.10393 
