-791888.055510
0
0.000000 0.015130 0.037589 0.012629 0.014920 0.000000 0.004994 0.000000 0.021164 0.006023 0.000000 0.000031 0.000000 0.000000 0.000000 0.000001 0.015167 0.002826 0.009953 0.000004 0.000000 0.001714 0.000000 0.000000 0.000000 0.068334 0.019904 0.037906 0.017968 0.008154 0.012568 0.009120 0.038931 0.022503 0.000001 0.006223 0.000000 0.002785 0.041677 0.000000 0.009840 0.000000 0.019758 0.000004 0.000000 0.000000 0.000000 0.000000 0.070100 0.070940 0.046339 0.044080 0.006755 0.019029 0.013810 0.000000 0.010473 0.011578 0.000000 0.001690 0.000000 0.009135 0.016182 0.005285 0.001049 0.000001 0.000000 0.000002 0.000000 0.000000 0.000000 0.000000 0.061030 0.080965 0.016092 0.011794 0.000000 0.018496 0.008146 0.000000 0.000000 0.000000 0.000000 0.009147 0.000000 0.000000 0.000000 0.000000 0.000000 0.000000 0.004414 0.002599 0.000000 0.000000 0.003048 0.000000 
0.093056 0.049942 0.000000 0.040573 0.000000 0.011172 0.000000 0.000000 0.000003 0.010563 0.000000 0.006625 0.008658 0.004689 0.021579 0.005406 0.000005 0.000003 0.004587 0.003907 0.000000 0.000000 0.000000 0.000000 0.112227 0.080485 0.000000 0.062872 0.000000 0.014411 0.000000 0.000000 0.000001 0.000000 0.013104 0.030973 0.016559 0.024716 0.033286 0.025048 0.000001 0.000000 0.000004 0.009354 0.000000 0.000000 0.008494 0.000000 0.006771 0.016210 0.000000 0.015073 0.006495 0.001399 0.000000 0.008770 0.000000 0.000003 0.000000 0.017848 0.015580 0.000000 0.012369 0.000000 0.011649 0.001784 0.009576 0.001417 0.000000 0.000000 0.000000 0.000000 0.006454 0.036877 0.006124 0.085627 0.000000 0.000000 0.000000 0.000000 0.000000 0.000000 0.000000 0.000006 0.011435 0.008613 0.018019 0.006362 0.003231 0.000000 0.000000 0.000004 0.000000 0.000000 0.000000 0.000000 
0.000000 0.001419 0.000000 0.000000 0.000000 0.000000 0.000000 0.000397 0.007703 0.002938 0.002636 0.003251 0.000000 0.000000 0.000000 0.000001 0.000625 0.000372 0.000769 0.000951 0.000000 0.000430 0.000755 0.000000 0.001111 0.000000 0.000000 0.000009 0.000000 0.000000 0.000000 0.000000 0.016376 0.000000 0.004053 0.007153 0.000000 0.000500 0.000701 0.001064 0.000576 0.000000 0.000359 0.001103 0.000000 0.000000 0.000000 0.000658 0.000496 0.000001 0.000000 0.000001 0.000000 0.000000 0.000000 0.000000 0.006944 0.000003 0.000000 0.003024 0.000000 0.000000 0.000961 0.000000 0.000002 0.000001 0.000000 0.000001 0.000000 0.000000 0.000000 0.000000 0.014168 0.007708 0.002147 0.012286 0.039867 0.000000 0.001839 0.067567 0.426013 0.074596 0.047843 0.238619 0.000000 0.000000 0.000000 0.000000 0.000000 0.000000 0.000000 0.000004 0.000000 0.000000 0.000000 0.000000 
0.000000 0.000000 0.000000 0.000000 0.002738 0.002366 0.000000 0.002416 0.030508 0.016183 0.000000 0.019478 0.000000 0.006550 0.000000 0.003877 0.000005 0.006093 0.034844 0.000003 0.000000 0.000000 0.000000 0.000000 0.014337 0.039856 0.018353 0.104797 0.000000 0.000000 0.000000 0.000000 0.000001 0.000000 0.074739 0.001901 0.000000 0.004705 0.001795 0.000000 0.009122 0.000000 0.043572 0.000004 0.000000 0.004175 0.010979 0.013701 0.000001 0.008817 0.005876 0.013688 0.000000 0.000000 0.000000 0.002799 0.098709 0.117893 0.127586 0.081989 0.000000 0.004188 0.000000 0.003163 0.010852 0.004268 0.016126 0.000001 0.000000 0.003311 0.001116 0.006969 0.000014 0.000003 0.000000 0.000288 0.000000 0.000000 0.000000 0.000000 0.000000 0.000000 0.000000 0.000006 0.000000 0.001609 0.000000 0.000000 0.000000 0.000000 0.009331 0.004661 0.000000 0.000000 0.000000 0.009637 
0.008662 0.000000 0.000000 0.002705 0.002637 0.000000 0.000000 0.000000 0.006015 0.002385 0.000000 0.005870 0.013699 0.002827 0.007297 0.019914 0.027619 0.010698 0.020413 0.027851 0.045448 0.008499 0.004776 0.025202 0.005977 0.000000 0.000000 0.008254 0.000000 0.000000 0.000000 0.000000 0.008730 0.007993 0.001668 0.004408 0.005689 0.001831 0.003818 0.004404 0.019003 0.011285 0.018353 0.032447 0.028640 0.006705 0.013910 0.073537 0.014345 0.011090 0.000000 0.009007 0.000000 0.002531 0.000000 0.002340 0.002240 0.005513 0.000000 0.008959 0.000000 0.001666 0.000000 0.000000 0.010731 0.010125 0.011069 0.012856 0.008658 0.000000 0.000000 0.023576 0.025954 0.000001 0.000000 0.035682 0.000000 0.000000 0.000000 0.000000 0.000000 0.000000 0.000000 0.007427 0.026981 0.001434 0.017002 0.012584 0.016350 0.015727 0.009340 0.041333 0.064727 0.009407 0.008990 0.073183 
0.005804 0.006747 0.000000 0.004347 0.000000 0.000000 0.000000 0.000000 0.028652 0.014537 0.206894 0.009968 0.000000 0.000000 0.000000 0.007691 0.014243 0.005703 0.009276 0.006234 0.000000 0.003423 0.001632 0.004289 0.006420 0.004978 0.000000 0.004730 0.000000 0.000000 0.000000 0.000000 0.018329 0.016337 0.120175 0.014222 0.000000 0.000000 0.000000 0.000000 0.004896 0.006256 0.008091 0.006595 0.000000 0.000928 0.000000 0.002655 0.004691 0.002763 0.000000 0.002897 0.000000 0.002401 0.000000 0.000000 0.025216 0.034408 0.149438 0.018190 0.000000 0.000000 0.000000 0.000000 0.014681 0.009653 0.006681 0.010251 0.000000 0.000000 0.000000 0.000000 0.006828 0.008109 0.004859 0.012594 0.000000 0.000000 0.000000 0.000000 0.010589 0.000000 0.082234 0.005465 0.000000 0.000000 0.000000 0.000000 0.011968 0.006717 0.014338 0.002018 0.000000 0.002623 0.002615 0.003721 
0.000000 0.000000 0.000000 0.000001 0.005635 0.011538 0.000000 0.011763 0.032465 0.015279 0.000000 0.033240 0.015283 0.000000 0.022670 0.005754 0.079386 0.020808 0.075125 0.054507 0.000000 0.000000 0.000000 0.000000 0.000001 0.000000 0.006513 0.000031 0.000000 0.007581 0.000000 0.000000 0.034171 0.022445 0.000001 0.013464 0.004169 0.000000 0.000001 0.000000 0.025351 0.009760 0.032869 0.036424 0.000000 0.005598 0.004727 0.000000 0.000002 0.000003 0.000000 0.000004 0.000000 0.004174 0.000000 0.000000 0.033690 0.024059 0.000000 0.050262 0.010150 0.000000 0.007955 0.000000 0.032663 0.017889 0.035371 0.035601 0.000000 0.000000 0.000000 0.000000 0.013346 0.000005 0.007210 0.015118 0.000000 0.000000 0.006058 0.000000 0.000000 0.000000 0.000000 0.000011 0.000000 0.003080 0.000000 0.000000 0.030306 0.024173 0.034347 0.021227 0.000000 0.006733 0.000000 0.000001 
0.000000 0.000000 0.000627 0.008902 0.000000 0.000000 0.000000 0.000000 0.000001 0.001731 0.000000 0.003543 0.000000 0.000000 0.000000 0.000001 0.002247 0.005942 0.000954 0.003536 0.000000 0.003064 0.000680 0.014188 0.000000 0.000000 0.000000 0.017374 0.000000 0.000000 0.000000 0.000000 0.000000 0.000000 0.000000 0.002399 0.000000 0.000000 0.000000 0.002080 0.000001 0.000656 0.000753 0.001613 0.002788 0.002395 0.004292 0.018827 0.002036 0.002177 0.000000 0.010438 0.000000 0.000000 0.000000 0.000000 0.000000 0.010298 0.000000 0.015146 0.000000 0.000000 0.000000 0.000000 0.004702 0.010211 0.004334 0.013667 0.000000 0.000000 0.000000 0.002829 0.040572 0.009339 0.000000 0.351149 0.000000 0.000000 0.000000 0.000000 0.000000 0.021869 0.245679 0.042576 0.000000 0.000703 0.000000 0.004376 0.002291 0.008597 0.000000 0.011030 0.004689 0.009743 0.001690 0.071263 
0.000000 0.000000 0.000000 0.000000 0.000000 0.000000 0.000000 0.000000 0.000002 0.018751 0.000000 0.004993 0.000603 0.000000 0.001273 0.004281 0.001144 0.000002 0.000520 0.000664 0.000000 0.000000 0.000664 0.000000 0.001544 0.000000 0.000000 0.000959 0.000000 0.000000 0.000221 0.000000 0.076002 0.099825 0.020892 0.082399 0.000000 0.000000 0.000286 0.001557 0.000001 0.000623 0.000003 0.004867 0.000000 0.001023 0.000000 0.000685 0.000001 0.000001 0.000000 0.000001 0.000000 0.000245 0.000000 0.000000 0.000000 0.020950 0.000000 0.016646 0.000000 0.000000 0.000903 0.001040 0.000463 0.000001 0.000000 0.007260 0.000000 0.000000 0.001185 0.000000 0.000011 0.003796 0.000529 0.001479 0.000000 0.000851 0.000000 0.000000 0.129373 0.293350 0.096162 0.083552 0.001800 0.000815 0.000700 0.004419 0.001722 0.000910 0.002529 0.002600 0.000000 0.000797 0.000813 0.001315 
0.025923 0.020574 0.003209 0.017914 0.025758 0.013614 0.004277 0.026350 0.015628 0.010588 0.003580 0.015236 0.008927 0.009848 0.008456 0.008657 0.012605 0.010516 0.011485 0.016777 0.000000 0.000000 0.010108 0.006704 0.023166 0.015177 0.000000 0.016019 0.018301 0.013707 0.004066 0.026299 0.010704 0.006483 0.002982 0.020564 0.009217 0.016184 0.014334 0.019001 0.006596 0.015844 0.007372 0.010380 0.000000 0.005586 0.010512 0.006244 0.008541 0.008181 0.000000 0.011028 0.012133 0.009310 0.000946 0.018580 0.015955 0.006847 0.000000 0.009522 0.006836 0.006556 0.009516 0.010622 0.006742 0.008208 0.006314 0.007187 0.003362 0.004412 0.018731 0.006110 0.008048 0.016883 0.001019 0.017259 0.017260 0.019787 0.000000 0.033057 0.000000 0.011172 0.000000 0.006673 0.007877 0.010259 0.007864 0.016065 0.011497 0.010502 0.005090 0.011043 0.000000 0.006201 0.011259 0.010074 
0.015735 0.039196 0.000000 0.038157 0.007906 0.000000 0.000000 0.010673 0.029139 0.002440 0.024258 0.029615 0.020584 0.020215 0.018406 0.048891 0.022950 0.017403 0.012169 0.038981 0.000000 0.000000 0.009153 0.000000 0.000000 0.000000 0.004811 0.023065 0.004468 0.000000 0.000000 0.003222 0.000001 0.000000 0.000001 0.020146 0.009464 0.018077 0.010077 0.035242 0.009272 0.016245 0.005703 0.008888 0.001629 0.000975 0.000000 0.000000 0.039864 0.021262 0.000000 0.033464 0.000000 0.000000 0.000000 0.000000 0.000000 0.000004 0.013080 0.000316 0.006376 0.014035 0.009308 0.037477 0.000003 0.003706 0.000000 0.013775 0.000000 0.000000 0.004589 0.005534 0.047435 0.011704 0.000000 0.024270 0.000000 0.000000 0.000000 0.000000 0.000000 0.000000 0.000000 0.014978 0.024181 0.017414 0.000000 0.049790 0.000000 0.005554 0.000000 0.012942 0.000000 0.000000 0.005792 0.005990 
0.000005 0.018467 0.334540 0.000000 0.165783 0.276333 0.040073 0.000000 0.021634 0.143164 0.000002 
0.000005 0.000001 0.042188 0.390001 0.000111 0.466108 0.000000 0.016037 0.040711 0.044836 0.000001 
0.025984 0.205586 0.009974 0.000000 0.050701 0.029026 0.000000 0.000000 0.043417 0.240657 0.394655 
0.000005 0.000001 0.032640 0.430389 0.000120 0.464846 0.000000 0.000000 0.032633 0.039364 0.000001 
0.000004 0.000001 0.010204 0.064228 0.000098 0.043539 0.000000 0.000000 0.880956 0.000969 0.000001 
0.000006 0.000001 0.000001 0.000000 0.000108 0.074938 0.006022 0.836957 0.011566 0.070401 0.000001 
0.002682 0.000001 0.000001 0.000000 0.000107 0.111218 0.000000 0.867944 0.000159 0.017887 0.000001 
0.012534 0.027823 0.021668 0.000000 0.036463 0.442059 0.000000 0.411908 0.006392 0.041151 0.000002 
0.000005 0.000001 0.149277 0.256148 0.045744 0.208764 0.112883 0.000000 0.050872 0.151140 0.025166 
0.023455 0.000001 0.194349 0.000000 0.064299 0.083476 0.146389 0.000000 0.240542 0.218428 0.029060 
0.020921 0.038616 0.372037 0.000000 0.014252 0.118035 0.000000 0.000000 0.022844 0.298726 0.114570 
0.145025 0.196485 0.000001 0.000000 0.479983 0.035659 0.033490 0.000000 0.025202 0.084154 0.000002 
0.000005 0.000001 0.000001 0.000000 0.051554 0.597055 0.000000 0.000000 0.064196 0.218858 0.068330 
0.000005 0.000001 0.000001 0.126788 0.163248 0.115189 0.010779 0.000000 0.033956 0.550032 0.000001 
0.043292 0.000001 0.000001 0.000000 0.040405 0.436651 0.147677 0.000000 0.077896 0.213754 0.040322 
0.000004 0.015305 0.035192 0.000000 0.001921 0.436176 0.000000 0.000000 0.430599 0.025835 0.054968 
0.014755 0.141521 0.134667 0.000000 0.139733 0.046787 0.000000 0.000000 0.004360 0.206323 0.311854 
0.096535 0.000001 0.013593 0.025206 0.028351 0.006137 0.044996 0.000000 0.017719 0.767461 0.000001 
0.005749 0.000001 0.019167 0.000000 0.000174 0.084368 0.000000 0.480554 0.380779 0.011537 0.017670 
0.000004 0.028629 0.006891 0.000000 0.538764 0.154507 0.000000 0.008217 0.024027 0.165816 0.073145 
0.161842 0.327003 0.018152 0.000000 0.046645 0.057636 0.000000 0.038688 0.010609 0.142075 0.197349 
0.011626 0.000001 0.679573 0.000000 0.224893 0.030511 0.000000 0.000000 0.000263 0.036210 0.016924 
0.042110 0.000001 0.009846 0.000000 0.377475 0.080873 0.169350 0.000000 0.054887 0.198602 0.066855 
0.028189 0.007575 0.009429 0.000000 0.028592 0.093191 0.107438 0.471969 0.041111 0.212506 0.000001 
0.021678 0.084593 0.053700 0.000000 0.098158 0.061687 0.218445 0.000000 0.051186 0.215369 0.195183 
0.257634 0.225859 0.000001 0.031229 0.082680 0.023378 0.000000 0.221809 0.018171 0.086710 0.052529 
0.055215 0.000001 0.017452 0.036312 0.057609 0.059119 0.000000 0.151110 0.013086 0.610096 0.000001 
0.058621 0.000001 0.000001 0.000000 0.107455 0.066036 0.219993 0.000000 0.053139 0.452648 0.042107 
0.000005 0.019522 0.000001 0.043844 0.490856 0.169909 0.000000 0.000000 0.192377 0.083485 0.000002 
0.000005 0.000001 0.020651 0.215438 0.128176 0.235802 0.073418 0.057245 0.000241 0.269022 0.000002 
0.006917 0.000001 0.800398 0.022224 0.004427 0.063089 0.000000 0.013393 0.082531 0.007019 0.000002 
0.077770 0.019621 0.000001 0.000000 0.051386 0.031550 0.000000 0.010881 0.012475 0.796314 0.000001 
0.000004 0.000001 0.000001 0.000000 0.021015 0.476474 0.000000 0.355279 0.045689 0.055352 0.046185 
0.013982 0.152791 0.061478 0.000000 0.135167 0.087162 0.000000 0.019205 0.000359 0.166556 0.363299 
0.030289 0.008937 0.000001 0.000000 0.000184 0.068375 0.000000 0.137787 0.697047 0.057378 0.000002 
0.031264 0.153929 0.000001 0.000000 0.075360 0.037502 0.078098 0.023389 0.039326 0.263595 0.297535 
0.000004 0.000001 0.000001 0.413229 0.000088 0.417632 0.000000 0.043502 0.053344 0.072199 0.000001 
0.347199 0.247880 0.000001 0.144053 0.000093 0.086287 0.000000 0.000000 0.051737 0.097566 0.025184 
0.058708 0.011691 0.105936 0.166525 0.063854 0.105803 0.143565 0.000000 0.054243 0.264771 0.024903 
0.018459 0.055985 0.061186 0.000000 0.033306 0.385069 0.000000 0.174390 0.022933 0.062963 0.185709 
0.000004 0.000001 0.000001 0.453824 0.020072 0.432095 0.000000 0.000000 0.049089 0.028239 0.016675 
0.038587 0.000001 0.000001 0.000000 0.137661 0.075692 0.143280 0.173253 0.051432 0.352446 0.027647 
0.050638 0.019118 0.000001 0.455725 0.011441 0.402112 0.000000 0.011522 0.025097 0.024344 0.000001 
0.000004 0.019782 0.000001 0.000000 0.587649 0.138822 0.039349 0.000000 0.068755 0.145636 0.000002 
0.000005 0.020534 0.120794 0.150196 0.017631 0.163254 0.028979 0.451984 0.012511 0.016230 0.017881 
0.003091 0.000001 0.000001 0.000000 0.041320 0.116516 0.000000 0.795287 0.026105 0.017677 0.000002 
0.000004 0.000001 0.483866 0.084919 0.256132 0.112679 0.029755 0.000000 0.012837 0.019806 0.000001 
0.237654 0.197199 0.021757 0.000000 0.038928 0.017803 0.000000 0.045655 0.025382 0.395141 0.020481 
0.388685 0.310437 0.041181 0.016721 0.000086 0.011789 0.000000 0.000000 0.053819 0.177281 0.000001 
0.207809 0.167652 0.000001 0.028235 0.156921 0.033748 0.094892 0.000000 0.020775 0.176621 0.113346 
0.000004 0.071179 0.013290 0.276274 0.156650 0.221355 0.000000 0.000000 0.057237 0.082610 0.121400 
0.014407 0.000001 0.178999 0.000000 0.057325 0.020579 0.028618 0.000000 0.255745 0.444326 0.000001 
0.000003 0.000001 0.000001 0.000000 0.007435 0.010159 0.000000 0.034144 0.940114 0.008142 0.000001 
0.348798 0.226037 0.020187 0.150746 0.000092 0.161005 0.000000 0.000000 0.001155 0.091977 0.000001 
0.017519 0.000001 0.027163 0.000000 0.006690 0.101086 0.025441 0.633952 0.085091 0.103055 0.000001 
0.046213 0.000001 0.000001 0.000000 0.119441 0.069405 0.271312 0.000000 0.063856 0.386251 0.043520 
0.024978 0.048445 0.000001 0.000000 0.107082 0.056423 0.000000 0.080282 0.012168 0.525580 0.145041 
0.000005 0.019235 0.022268 0.013582 0.698512 0.065882 0.000000 0.000000 0.011324 0.169190 0.000002 
0.000003 0.000001 0.000001 0.000000 0.702662 0.053705 0.000000 0.000000 0.096247 0.107590 0.039791 
0.000005 0.000001 0.580998 0.000000 0.307300 0.013272 0.000000 0.000000 0.042000 0.056423 0.000001 
0.000004 0.023932 0.000001 0.355978 0.054956 0.438573 0.000000 0.000000 0.111782 0.014773 0.000002 
0.000004 0.040356 0.402126 0.000000 0.368329 0.048258 0.000000 0.000000 0.016358 0.060670 0.063900 
0.000004 0.010233 0.111608 0.182673 0.027265 0.205953 0.000000 0.316748 0.136217 0.009298 0.000002 
0.000004 0.000001 0.294498 0.000000 0.015758 0.006925 0.000000 0.000000 0.647480 0.035332 0.000001 
0.134715 0.150974 0.093136 0.013828 0.088550 0.081721 0.179249 0.000000 0.026959 0.230865 0.000002 
0.314830 0.260858 0.000001 0.078781 0.000109 0.103117 0.000000 0.095981 0.029043 0.117279 0.000001 
0.128222 0.158960 0.000001 0.025787 0.201205 0.086466 0.126097 0.000000 0.104035 0.169226 0.000001 
0.027647 0.000001 0.176708 0.084965 0.043142 0.079393 0.000000 0.000000 0.031422 0.530000 0.026723 
0.000004 0.034033 0.422487 0.000000 0.422615 0.032795 0.000000 0.000000 0.000168 0.087895 0.000001 
0.007936 0.122413 0.000001 0.000000 0.058460 0.037786 0.000000 0.000000 0.076774 0.481834 0.214796 
0.014954 0.051443 0.011070 0.000000 0.084825 0.180855 0.000000 0.402472 0.017445 0.093874 0.143061 
0.000004 0.000001 0.035277 0.511262 0.000090 0.416048 0.000000 0.013525 0.022711 0.001082 0.000001 
0.432058 0.298786 0.026023 0.000000 0.003250 0.010990 0.000000 0.000000 0.062677 0.121595 0.044621 
0.023222 0.000001 0.055415 0.000000 0.029874 0.602982 0.026480 0.172748 0.049401 0.039875 0.000002 
0.020785 0.079535 0.057339 0.000000 0.170092 0.071274 0.043929 0.440606 0.004539 0.100484 0.011416 
0.366360 0.228773 0.060015 0.000000 0.035525 0.039847 0.014952 0.087115 0.005106 0.162305 0.000002 
0.003139 0.000001 0.000001 0.468789 0.000096 0.472892 0.000000 0.000000 0.029564 0.004422 0.021096 
0.000007 0.000001 0.953293 0.000000 0.000063 0.004418 0.000000 0.000000 0.026187 0.016030 0.000001 
0.153344 0.076011 0.000001 0.145315 0.013065 0.190911 0.000000 0.000000 0.336282 0.085069 0.000001 
0.015022 0.000001 0.000001 0.351420 0.006157 0.303450 0.000000 0.000000 0.016952 0.306995 0.000001 
0.021698 0.000001 0.030966 0.057152 0.098114 0.046883 0.083030 0.219029 0.029501 0.375401 0.038224 
0.000004 0.000001 0.035149 0.046329 0.395836 0.279467 0.000000 0.000000 0.041353 0.145338 0.056523 
0.275152 0.242097 0.024481 0.013199 0.017843 0.046791 0.000000 0.000000 0.243181 0.137255 0.000001 
0.000005 0.132814 0.089763 0.000000 0.077693 0.043183 0.000000 0.353124 0.022217 0.095275 0.185925 
0.033320 0.112569 0.000001 0.000000 0.401409 0.065815 0.000000 0.152546 0.013710 0.139563 0.081066 
0.035880 0.033971 0.282726 0.210212 0.029487 0.188034 0.061924 0.014344 0.000219 0.128374 0.014829 
0.031190 0.000001 0.000001 0.072333 0.049606 0.096206 0.221765 0.000000 0.061249 0.359499 0.108151 
0.000006 0.024970 0.000001 0.130783 0.000115 0.115126 0.005705 0.000000 0.623815 0.039460 0.060021 
0.000004 0.046224 0.000001 0.174887 0.182881 0.462144 0.000000 0.018013 0.037233 0.054829 0.023785 
0.056497 0.000001 0.026551 0.000000 0.059049 0.010636 0.000000 0.000000 0.011271 0.835992 0.000001 
0.016994 0.008156 0.000001 0.038393 0.071027 0.097401 0.154721 0.000000 0.433175 0.139011 0.041121 
0.024052 0.000001 0.000001 0.000000 0.050705 0.054355 0.170747 0.046879 0.368551 0.222986 0.061723 
0.000006 0.000001 0.000001 0.000000 0.000113 0.131145 0.000000 0.839006 0.000290 0.013861 0.015578 
0.005866 0.207580 0.023233 0.000000 0.056643 0.026209 0.000000 0.000000 0.007983 0.308629 0.363857 
0.009954 0.000001 0.205484 0.052216 0.035085 0.128932 0.057447 0.360878 0.020549 0.129453 0.000002 
0.377722 0.413725 0.000001 0.000000 0.000056 0.062108 0.000000 0.000000 0.020705 0.125681 0.000001 
0.021761 0.000001 0.882017 0.015543 0.014495 0.008241 0.000000 0.012557 0.025626 0.003027 0.016732 
0.000003 0.000001 0.100410 0.000000 0.146078 0.067620 0.000000 0.000000 0.633063 0.032633 0.020192 
0.000005 0.000001 0.899069 0.025371 0.002323 0.021079 0.000000 0.000000 0.048922 0.003230 0.000001 
0.052163 0.000001 0.000001 0.000000 0.248119 0.077868 0.264539 0.033767 0.069954 0.182887 0.070701 
0.074668 0.112688 0.312463 0.000000 0.014789 0.082142 0.000000 0.000000 0.013849 0.250634 0.138766 
0.032166 0.000001 0.102559 0.023626 0.095484 0.030185 0.090547 0.000000 0.042981 0.551860 0.030591 
0.020897 0.005822 0.008724 0.000000 0.024939 0.070238 0.032572 0.612618 0.000157 0.224032 0.000001 
0.000006 0.000001 0.428848 0.023336 0.034517 0.103014 0.146892 0.000000 0.053982 0.181381 0.028024 
0.000004 0.000001 0.000001 0.042308 0.000110 0.358699 0.034383 0.386668 0.015626 0.067764 0.094437 
0.007928 0.009914 0.000001 0.000000 0.011802 0.157108 0.015007 0.000000 0.740022 0.024345 0.033873 
0.030884 0.000001 0.000001 0.000000 0.042502 0.623427 0.064098 0.000000 0.076770 0.121021 0.041295 
0.226511 0.212849 0.000001 0.000000 0.137404 0.044460 0.000000 0.000000 0.218330 0.124084 0.036362 
0.031334 0.100747 0.000001 0.000000 0.110514 0.061349 0.211459 0.000000 0.057281 0.221233 0.206081 
0.000005 0.103641 0.000001 0.162062 0.015680 0.140297 0.000000 0.000000 0.114199 0.143514 0.320601 
0.006002 0.000001 0.030709 0.000000 0.393606 0.043890 0.047580 0.000000 0.204612 0.273598 0.000001 
0.000004 0.000001 0.000001 0.423732 0.010983 0.484593 0.000000 0.000000 0.017841 0.020331 0.042514 
0.000003 0.000001 0.000001 0.220922 0.000151 0.196423 0.000000 0.439698 0.142349 0.000451 0.000001 
0.000004 0.000001 0.081947 0.454675 0.000087 0.342914 0.000000 0.014417 0.019248 0.069448 0.017258 
0.059711 0.052163 0.000001 0.000000 0.313454 0.086886 0.096956 0.000000 0.028002 0.225959 0.136869 
0.000005 0.061117 0.055700 0.000000 0.034637 0.061931 0.021091 0.026669 0.047991 0.520363 0.170497 
0.022992 0.139968 0.000001 0.000000 0.000146 0.052338 0.000000 0.442933 0.085993 0.072722 0.182907 
0.000005 0.242430 0.009109 0.000000 0.077862 0.044560 0.061000 0.036503 0.000115 0.219100 0.309317 
0.166582 0.107604 0.000001 0.000000 0.396596 0.024908 0.000000 0.000000 0.129478 0.128278 0.046553 
0.013340 0.178587 0.000001 0.165131 0.071253 0.167956 0.000000 0.000000 0.021656 0.105277 0.276799 
0.000004 0.027899 0.029527 0.000000 0.476990 0.074762 0.000000 0.000000 0.259033 0.131783 0.000001 
0.025579 0.022622 0.000001 0.503009 0.005991 0.402768 0.000000 0.000000 0.031537 0.008493 0.000001 
0.000005 0.054754 0.529397 0.045650 0.019026 0.085537 0.078177 0.087558 0.000257 0.029387 0.070251 
0.027290 0.000001 0.000001 0.000000 0.075012 0.198458 0.140587 0.000000 0.301815 0.177703 0.079133 
0.026288 0.055352 0.000001 0.000000 0.013517 0.219133 0.000000 0.624239 0.016208 0.045261 0.000002 
0.026365 0.000001 0.081438 0.017933 0.073889 0.342320 0.114435 0.000000 0.056729 0.238254 0.048636 
0.000004 0.014208 0.010578 0.000000 0.592793 0.070534 0.000000 0.000000 0.016618 0.295265 0.000001 
0.000004 0.044734 0.000001 0.000000 0.669025 0.083273 0.000000 0.045149 0.028399 0.129413 0.000001 
0.000004 0.000001 0.000001 0.022396 0.239416 0.048903 0.000000 0.170484 0.429805 0.064498 0.024493 
0.000004 0.235877 0.000001 0.000000 0.063708 0.059256 0.000000 0.000000 0.215868 0.164002 0.261284 
0.038798 0.140986 0.000001 0.000000 0.085497 0.029110 0.000000 0.000000 0.287858 0.148202 0.269548 
0.031686 0.000001 0.000001 0.019598 0.116785 0.097648 0.262583 0.000000 0.056042 0.330498 0.085159 
0.000005 0.000001 0.000001 0.039945 0.030401 0.090015 0.000000 0.812598 0.007962 0.019072 0.000001 
0.000004 0.123515 0.000001 0.000000 0.039794 0.136327 0.000000 0.535989 0.021080 0.026525 0.116765 
0.014380 0.056001 0.012158 0.051680 0.064937 0.117680 0.037219 0.421882 0.017646 0.077826 0.128592 
0.083744 0.059085 0.016162 0.000000 0.004006 0.461793 0.030131 0.204590 0.027629 0.064192 0.048667 
0.000005 0.000001 0.021987 0.000000 0.056490 0.100107 0.000000 0.053620 0.086135 0.681653 0.000001 
0.049717 0.025017 0.777902 0.000000 0.032602 0.017031 0.000000 0.000000 0.048182 0.014826 0.034723 
0.038084 0.000001 0.010794 0.000000 0.059521 0.004439 0.000000 0.000000 0.000195 0.886965 0.000001 
0.345838 0.283170 0.000001 0.025434 0.000071 0.003577 0.000000 0.000000 0.238102 0.103805 0.000001 
0.109032 0.066335 0.000001 0.330154 0.000113 0.354678 0.000000 0.000000 0.007403 0.132282 0.000002 
0.037778 0.000001 0.000001 0.437986 0.003467 0.417319 0.000000 0.000000 0.024662 0.054551 0.024235 
0.000005 0.046062 0.000001 0.000000 0.017888 0.115817 0.000000 0.737925 0.007145 0.053613 0.021543 
0.106218 0.128613 0.000001 0.124630 0.037434 0.166131 0.166511 0.000000 0.071345 0.199115 0.000002 
0.000005 0.000001 0.141411 0.028411 0.093665 0.484807 0.000000 0.124809 0.029808 0.062839 0.034245 
0.122171 0.135570 0.000001 0.128036 0.049112 0.173545 0.156558 0.000000 0.026925 0.208080 0.000002 
0.463433 0.375175 0.000001 0.000000 0.000151 0.024907 0.000000 0.000000 0.020260 0.116071 0.000002 
0.109455 0.078509 0.000001 0.000000 0.258142 0.019609 0.000000 0.000000 0.033849 0.500433 0.000001 
0.036293 0.000001 0.015333 0.000000 0.141511 0.023327 0.000000 0.135617 0.000198 0.647717 0.000001 
0.000005 0.000001 0.000001 0.025984 0.261262 0.352006 0.000000 0.000000 0.036743 0.256870 0.067128 
0.068380 0.129040 0.000001 0.000000 0.174261 0.050699 0.000000 0.054504 0.028959 0.202949 0.291206 
0.000004 0.000001 0.701100 0.000000 0.197291 0.028205 0.000000 0.000000 0.023169 0.050228 0.000001 
0.097372 0.000001 0.015893 0.000000 0.059361 0.027189 0.039094 0.000000 0.024853 0.724704 0.011533 
0.000005 0.000001 0.457625 0.021194 0.027642 0.000835 0.000000 0.000000 0.008757 0.447377 0.036563 
0.092018 0.000001 0.021117 0.024025 0.033269 0.003864 0.023247 0.000000 0.014048 0.788410 0.000001 
0.012072 0.021941 0.930902 0.000000 0.003660 0.000655 0.000000 0.000000 0.023867 0.006900 0.000002 
0.165462 0.151264 0.558216 0.000000 0.000075 0.023973 0.000000 0.000000 0.042494 0.058515 0.000001 
0.008083 0.000001 0.358903 0.000000 0.215387 0.067305 0.000000 0.109766 0.197871 0.042683 0.000002 
0.258199 0.202699 0.160339 0.038306 0.008648 0.009380 0.000000 0.149833 0.036248 0.081203 0.055144 
0.016008 0.000001 0.000001 0.000000 0.008357 0.733346 0.032151 0.008155 0.071104 0.061146 0.069732 
0.000004 0.000001 0.000001 0.000000 0.695129 0.067485 0.000000 0.000000 0.025170 0.179292 0.032918 
0.470091 0.338094 0.006370 0.000000 0.000149 0.037689 0.000000 0.000000 0.013469 0.092934 0.041205 
0.051756 0.000001 0.019097 0.000000 0.064248 0.038548 0.000000 0.012662 0.000228 0.813459 0.000001 
0.003584 0.000001 0.000001 0.000000 0.707627 0.097825 0.000000 0.000000 0.021209 0.132103 0.037649 
0.081649 0.088100 0.016823 0.000000 0.175568 0.306414 0.049619 0.014857 0.115154 0.115294 0.036522 
0.038664 0.227526 0.022836 0.000000 0.132937 0.044674 0.000000 0.000000 0.000220 0.118422 0.414720 
0.000005 0.108816 0.000001 0.163199 0.009357 0.364335 0.018706 0.000000 0.018144 0.112636 0.204800 
0.041647 0.000001 0.020543 0.034865 0.212119 0.127405 0.000000 0.000000 0.007068 0.556350 0.000001 
0.019331 0.052586 0.000001 0.000000 0.031370 0.478951 0.089549 0.000000 0.050846 0.122093 0.155273 
0.000005 0.000001 0.252150 0.008978 0.393206 0.185352 0.000000 0.019594 0.000244 0.111987 0.028483 
0.409895 0.307995 0.000001 0.000000 0.011901 0.021854 0.025105 0.058577 0.028880 0.135791 0.000002 
0.017140 0.000001 0.013178 0.000000 0.689095 0.037161 0.000000 0.000000 0.009091 0.177150 0.057186 
0.137389 0.081164 0.046863 0.000000 0.031224 0.056810 0.000000 0.000000 0.115008 0.531540 0.000001 
0.031564 0.000001 0.000001 0.315369 0.072768 0.254844 0.000000 0.000000 0.035639 0.289813 0.000002 
0.021640 0.204155 0.000001 0.000000 0.052023 0.055115 0.000000 0.000000 0.044238 0.222699 0.400128 
0.000004 0.000001 0.228471 0.021108 0.000138 0.006156 0.000000 0.000000 0.725688 0.018433 0.000001 
0.046577 0.000001 0.019703 0.000000 0.013744 0.183947 0.000000 0.000000 0.031190 0.704835 0.000002 
0.000005 0.020861 0.215016 0.022356 0.142540 0.014099 0.000000 0.000000 0.010530 0.574591 0.000001 
0.000005 0.000001 0.016074 0.103806 0.226014 0.171042 0.163754 0.009189 0.032201 0.216786 0.061129 
0.301185 0.248521 0.215344 0.014489 0.000148 0.003553 0.000000 0.000000 0.046166 0.170594 0.000001 
0.022549 0.013061 0.000001 0.400297 0.105753 0.443255 0.000000 0.000000 0.011861 0.003223 0.000002 
0.000004 0.024418 0.000001 0.000000 0.039046 0.015234 0.000000 0.000000 0.918054 0.003242 0.000001 
0.026913 0.179682 0.012559 0.000000 0.192065 0.043071 0.000000 0.000000 0.004527 0.161095 0.380088 
0.214300 0.333084 0.024471 0.000000 0.031325 0.047473 0.032149 0.000000 0.031112 0.208697 0.077389 
0.054471 0.000001 0.000001 0.070119 0.097048 0.523871 0.000000 0.056862 0.059272 0.089779 0.048576 
0.000005 0.000001 0.000001 0.040516 0.052700 0.121170 0.000000 0.552086 0.181975 0.017007 0.034539 
0.000005 0.000001 0.000001 0.000000 0.011798 0.000218 0.023893 0.000000 0.609204 0.354879 0.000002 
0.022804 0.023826 0.449249 0.000000 0.049370 0.044169 0.092476 0.000000 0.034380 0.206850 0.076877 
0.022255 0.000001 0.000001 0.000000 0.038068 0.000410 0.000000 0.000000 0.456480 0.482784 0.000001 
0.191369 0.099885 0.024872 0.000000 0.011094 0.008727 0.000000 0.000000 0.000187 0.663865 0.000001 
0.205516 0.181447 0.235987 0.000000 0.013011 0.097607 0.027160 0.028559 0.063496 0.124551 0.022667 
0.058195 0.000001 0.007153 0.000000 0.110553 0.071802 0.271487 0.000000 0.037498 0.333470 0.109840 
0.000006 0.010732 0.000001 0.022677 0.000162 0.084016 0.000000 0.664432 0.198414 0.019558 0.000001 
0.000003 0.000001 0.039843 0.037243 0.027855 0.378898 0.000000 0.405234 0.026317 0.084603 0.000001 
0.394254 0.377321 0.000001 0.000000 0.021106 0.017220 0.000000 0.000000 0.025750 0.084131 0.080217 
0.000004 0.000001 0.000001 0.154210 0.058321 0.171966 0.017017 0.383460 0.055156 0.159864 0.000001 
0.020039 0.000001 0.000001 0.000000 0.027933 0.030033 0.087290 0.000000 0.616345 0.180176 0.038182 
0.005507 0.000001 0.017599 0.000000 0.046743 0.783988 0.000000 0.000000 0.054300 0.036569 0.055294 
0.010446 0.000001 0.000001 0.000000 0.102121 0.004895 0.000000 0.000000 0.142797 0.739739 0.000002 
0.083853 0.231379 0.000001 0.000000 0.038570 0.030373 0.000000 0.000000 0.328028 0.110674 0.177121 
0.191163 0.15126 0.147368 0.102045 0.360743 0.544799 0.0788819 0.0961897 0.390873 0.640229 0.160228 
