-793301.614808
0
0.000000 0.025064 0.000000 0.031552 0.018110 0.000000 0.000000 0.009218 0.037278 0.018618 0.004535 0.030821 0.019515 0.021100 0.018449 0.023144 0.032241 0.025761 0.028222 0.040862 0.000000 0.001745 0.015140 0.009798 0.000000 0.000000 0.000000 0.000000 0.004582 0.000000 0.000000 0.009097 0.000000 0.004671 0.001390 0.037779 0.019211 0.021731 0.000000 0.038919 0.016199 0.032912 0.009678 0.022828 0.000000 0.004654 0.011513 0.011848 0.018673 0.015587 0.000000 0.021765 0.000000 0.000000 0.000000 0.006918 0.000000 0.000000 0.000000 0.000003 0.013870 0.015339 0.018099 0.020515 0.000000 0.009534 0.000000 0.000000 0.000000 0.000000 0.014177 0.011789 0.016678 0.006046 0.000000 0.000000 0.002688 0.000000 0.000000 0.000000 0.000000 0.000000 0.000000 0.000000 0.013345 0.000000 0.013616 0.036044 0.009125 0.019538 0.000000 0.026557 0.000000 0.004251 0.012362 0.015293 
0.044586 0.012792 0.002586 0.000000 0.038001 0.038292 0.008929 0.047059 0.000000 0.000000 0.000000 0.005371 0.000000 0.000000 0.000000 0.000000 0.000000 0.000000 0.000000 0.000000 0.000000 0.000000 0.006331 0.000000 0.034765 0.024279 0.004225 0.026446 0.034167 0.032586 0.009185 0.048074 0.016685 0.000000 0.000000 0.000000 0.000000 0.009576 0.024979 0.000000 0.000000 0.000000 0.006878 0.000000 0.000000 0.008212 0.010123 0.000000 0.000000 0.000000 0.000000 0.000000 0.027287 0.018766 0.001914 0.032556 0.038435 0.014593 0.000000 0.018122 0.000000 0.000000 0.000000 0.004177 0.013418 0.008119 0.013315 0.014100 0.007532 0.008692 0.023028 0.000000 0.000001 0.024273 0.001479 0.000000 0.033398 0.044834 0.004017 0.072608 0.000000 0.000000 0.000000 0.009476 0.000000 0.023641 0.000000 0.000000 0.015918 0.000000 0.012020 0.000000 0.000000 0.008216 0.011934 0.000000 
0.000000 0.000000 0.000000 0.000000 0.000000 0.000000 0.000000 0.000000 0.000000 0.019282 0.000000 0.004503 0.000000 0.000000 0.000000 0.003530 0.000562 0.000000 0.000000 0.000000 0.000000 0.000000 0.000000 0.000000 0.000907 0.000000 0.000000 0.000000 0.000000 0.000000 0.000000 0.000000 0.078303 0.102435 0.021940 0.084110 0.000000 0.000000 0.000000 0.000000 0.000000 0.000000 0.000000 0.004650 0.000000 0.000000 0.000000 0.000000 0.000000 0.000000 0.000000 0.000000 0.000000 0.000000 0.000000 0.000000 0.000000 0.021011 0.000000 0.017159 0.000000 0.000000 0.000000 0.000000 0.000385 0.000000 0.000000 0.007230 0.000000 0.000000 0.000000 0.000000 0.000001 0.003939 0.000564 0.000000 0.000000 0.000878 0.000763 0.000000 0.134528 0.300408 0.094889 0.087038 0.000000 0.000000 0.000311 0.003438 0.001687 0.000759 0.002338 0.001929 0.000000 0.000000 0.000521 0.000000 
0.000000 0.000000 0.000000 0.000000 0.000000 0.000000 0.000000 0.000000 0.000000 0.007245 0.025007 0.012206 0.000000 0.000000 0.000000 0.000000 0.000001 0.000000 0.000000 0.000000 0.000000 0.000000 0.000000 0.000000 0.005167 0.000000 0.001422 0.000000 0.000000 0.000000 0.000000 0.000000 0.000000 0.000000 0.025792 0.000000 0.000000 0.000000 0.000000 0.000000 0.000000 0.000000 0.005065 0.000001 0.006122 0.000000 0.000000 0.000000 0.000000 0.000000 0.000000 0.000000 0.000000 0.000000 0.000000 0.000000 0.000000 0.036181 0.075966 0.000009 0.000000 0.000000 0.000000 0.000000 0.000001 0.000000 0.000000 0.000000 0.000000 0.004038 0.000000 0.000000 0.086454 0.026499 0.007594 0.000000 0.000000 0.000000 0.000000 0.000000 0.000000 0.000000 0.628894 0.000001 0.000000 0.000000 0.000000 0.000000 0.000000 0.000000 0.018588 0.027745 0.000000 0.000000 0.000000 0.000000 
0.000000 0.000960 0.000000 0.000000 0.000000 0.000000 0.000132 0.000230 0.007592 0.002515 0.001643 0.003380 0.000000 0.000000 0.000000 0.000000 0.000422 0.000000 0.000606 0.000880 0.000000 0.000000 0.000662 0.000000 0.000681 0.000000 0.000000 0.000000 0.000000 0.000000 0.000000 0.000000 0.015704 0.000000 0.003587 0.005688 0.000000 0.000000 0.000000 0.000832 0.000368 0.000000 0.000000 0.000887 0.000000 0.000000 0.000000 0.000000 0.000000 0.000000 0.000000 0.000000 0.000000 0.000000 0.000000 0.000000 0.007419 0.000000 0.000000 0.002961 0.000000 0.000000 0.000485 0.000000 0.000000 0.000000 0.000000 0.000000 0.000000 0.000000 0.000000 0.000000 0.014311 0.007402 0.002031 0.009689 0.041101 0.000000 0.000000 0.069388 0.435037 0.072012 0.047729 0.243664 0.000000 0.000000 0.000000 0.000000 0.000000 0.000000 0.000000 0.000000 0.000000 0.000000 0.000000 0.000000 
0.000000 0.000000 0.000423 0.013162 0.000000 0.000000 0.000000 0.000000 0.000000 0.000000 0.000000 0.000002 0.000000 0.000000 0.000000 0.001073 0.005673 0.009122 0.003309 0.006223 0.000000 0.004891 0.001160 0.020814 0.000000 0.000000 0.000000 0.026696 0.000000 0.000000 0.000000 0.000000 0.000000 0.000000 0.000000 0.003688 0.000000 0.000000 0.000000 0.002470 0.000000 0.001865 0.000000 0.003191 0.000000 0.003691 0.006052 0.027318 0.003354 0.003235 0.000000 0.015013 0.000000 0.000000 0.000000 0.000000 0.000000 0.000000 0.000000 0.025666 0.000000 0.000000 0.000000 0.000000 0.009611 0.015880 0.007701 0.021238 0.000000 0.000000 0.000000 0.003884 0.009167 0.000001 0.000000 0.507305 0.000000 0.000000 0.000000 0.000000 0.000000 0.024121 0.000000 0.060276 0.000000 0.000988 0.000000 0.005893 0.005408 0.013800 0.000000 0.000000 0.006365 0.014340 0.002664 0.103266 
0.045260 0.031669 0.021178 0.025108 0.006853 0.000000 0.002128 0.000000 0.010819 0.007833 0.000000 0.000001 0.003325 0.000000 0.009832 0.000000 0.007487 0.000000 0.006576 0.000000 0.000000 0.000279 0.000000 0.000000 0.053555 0.085633 0.010800 0.052611 0.009577 0.010983 0.006249 0.003602 0.022094 0.012674 0.006467 0.017275 0.007086 0.012674 0.040948 0.009130 0.005155 0.000000 0.011138 0.003457 0.000000 0.000000 0.003057 0.000000 0.045054 0.049326 0.022952 0.031950 0.006218 0.011548 0.006701 0.003310 0.004761 0.006185 0.000000 0.009330 0.007167 0.004733 0.014998 0.000000 0.006125 0.000000 0.004183 0.000000 0.000000 0.000000 0.000000 0.000000 0.038918 0.065577 0.012327 0.048408 0.000000 0.009224 0.003371 0.000000 0.000000 0.000000 0.000000 0.005636 0.005113 0.002894 0.008200 0.000000 0.000000 0.000000 0.002584 0.000000 0.000000 0.000000 0.000694 0.000000 
0.015617 0.000000 0.000000 0.000000 0.000000 0.000000 0.000000 0.000000 0.000000 0.000000 0.000000 0.003059 0.013462 0.000000 0.006207 0.020601 0.027240 0.007588 0.019609 0.026997 0.053155 0.007463 0.003274 0.026264 0.011817 0.000000 0.000000 0.010515 0.000000 0.000000 0.000000 0.000000 0.010009 0.008417 0.000000 0.000000 0.003749 0.000000 0.005525 0.000000 0.020231 0.008457 0.020469 0.034595 0.034213 0.007295 0.014291 0.081646 0.014683 0.009398 0.000000 0.005931 0.000000 0.003607 0.000000 0.003044 0.000000 0.006764 0.000000 0.009564 0.000000 0.000000 0.000000 0.000000 0.012874 0.008745 0.013394 0.014163 0.010775 0.000000 0.000000 0.025826 0.027944 0.000001 0.000000 0.000000 0.001595 0.000000 0.000000 0.003637 0.000000 0.000000 0.000000 0.003894 0.029870 0.003523 0.017471 0.009844 0.017810 0.015222 0.013410 0.044408 0.077932 0.009347 0.008592 0.074967 
0.000000 0.000000 0.000000 0.000000 0.003812 0.014520 0.003071 0.015266 0.027193 0.009288 0.000000 0.031214 0.014227 0.005166 0.018253 0.000000 0.083407 0.016288 0.073883 0.059814 0.000000 0.002304 0.000000 0.000000 0.000000 0.000000 0.000000 0.000000 0.004002 0.000000 0.000000 0.000000 0.038861 0.022242 0.000000 0.000000 0.000000 0.000000 0.004625 0.000000 0.029411 0.000000 0.036177 0.035734 0.000000 0.000000 0.000000 0.000000 0.000000 0.000000 0.000000 0.000000 0.000000 0.008189 0.000000 0.000000 0.037860 0.029033 0.000000 0.052649 0.003109 0.000000 0.000000 0.000000 0.036558 0.013719 0.039449 0.043417 0.000000 0.000000 0.000000 0.000000 0.025585 0.008245 0.007119 0.000000 0.000000 0.000000 0.000000 0.000000 0.000000 0.000000 0.000000 0.000001 0.013234 0.000000 0.000000 0.000000 0.034091 0.028743 0.046674 0.018789 0.000000 0.004778 0.000000 0.000000 
0.000000 0.005574 0.000000 0.002557 0.000000 0.000000 0.000000 0.000000 0.038504 0.015937 0.263358 0.008372 0.000000 0.000000 0.000000 0.012222 0.009985 0.006694 0.002239 0.000000 0.000000 0.003621 0.002139 0.004220 0.000000 0.002329 0.000000 0.000000 0.000000 0.000000 0.000000 0.000000 0.019170 0.014574 0.149619 0.016888 0.000000 0.000000 0.000000 0.000000 0.000000 0.007444 0.004130 0.005813 0.000000 0.001759 0.000000 0.001682 0.000000 0.001450 0.000000 0.001744 0.000000 0.000000 0.000000 0.000000 0.032404 0.035247 0.167906 0.014742 0.000000 0.000000 0.000000 0.000000 0.013627 0.014005 0.003223 0.010576 0.000000 0.000000 0.000000 0.000000 0.000001 0.000001 0.002693 0.000000 0.000000 0.000000 0.000000 0.000000 0.000000 0.000000 0.088235 0.000000 0.000000 0.000000 0.000000 0.000000 0.009390 0.000000 0.000000 0.000000 0.000000 0.002869 0.003059 0.000000 
0.085004 0.059011 0.000000 0.047413 0.000000 0.000000 0.000000 0.009185 0.000000 0.000000 0.014421 0.022368 0.017248 0.013145 0.019965 0.054181 0.000001 0.000000 0.000000 0.025077 0.005941 0.000000 0.000000 0.000000 0.069604 0.000000 0.000000 0.058801 0.000000 0.005938 0.000000 0.000000 0.000000 0.000000 0.000000 0.009829 0.003450 0.019635 0.021047 0.032737 0.000000 0.000000 0.000000 0.001429 0.005227 0.000000 0.000000 0.000000 0.030074 0.006986 0.000000 0.026149 0.002928 0.000000 0.000000 0.000000 0.000000 0.000001 0.000000 0.009064 0.000000 0.000000 0.000000 0.036464 0.006031 0.000000 0.007837 0.022153 0.000000 0.000000 0.000000 0.000000 0.044174 0.016488 0.000000 0.062009 0.000000 0.000000 0.000000 0.000000 0.000000 0.000000 0.000000 0.017325 0.031838 0.033860 0.000000 0.045960 0.000000 0.000000 0.000000 0.000000 0.000000 0.000000 0.000000 0.000000 
0.000000 0.000000 0.000000 0.000000 0.002188 0.003178 0.000000 0.002520 0.025102 0.015582 0.000000 0.020941 0.000000 0.005681 0.000000 0.000000 0.004234 0.005272 0.039176 0.003095 0.000000 0.000000 0.000000 0.000000 0.015893 0.035578 0.015616 0.098877 0.000000 0.000000 0.000000 0.000000 0.000000 0.004106 0.066141 0.000000 0.000000 0.003292 0.000000 0.000000 0.012756 0.000000 0.044660 0.000000 0.000000 0.003639 0.009617 0.012913 0.000000 0.006492 0.003404 0.011957 0.000000 0.003226 0.000000 0.002458 0.091957 0.114513 0.124379 0.081528 0.000000 0.003235 0.000000 0.003097 0.012878 0.000000 0.018502 0.000000 0.000000 0.002591 0.001119 0.006179 0.001685 0.002915 0.000000 0.000000 0.000000 0.000000 0.000000 0.000000 0.007605 0.000000 0.000000 0.001342 0.000000 0.002050 0.000000 0.000000 0.004576 0.005846 0.020536 0.005662 0.000000 0.000000 0.000000 0.010209 
0.060142 0.066075 0.033060 0.012768 0.321726 0.022122 0.028938 0.146009 0.062205 0.223387 0.023567 0.000000 
0.017383 0.015532 0.039889 0.019850 0.045731 0.021841 0.038456 0.000255 0.000000 0.374572 0.000000 0.426492 
0.341862 0.093793 0.041209 0.000000 0.010704 0.034379 0.149890 0.015032 0.000000 0.041999 0.271132 0.000000 
0.026638 0.003195 0.030341 0.000000 0.038753 0.007143 0.031475 0.000206 0.000000 0.409028 0.000000 0.453220 
0.018115 0.007750 0.863120 0.000000 0.000003 0.004255 0.003149 0.000281 0.000000 0.038390 0.000000 0.064937 
0.036515 0.033926 0.023776 0.283348 0.000003 0.609528 0.002761 0.000185 0.000000 0.009959 0.000000 0.000000 
0.008318 0.002339 0.008930 0.367208 0.000002 0.595898 0.007810 0.000363 0.000000 0.009132 0.000000 0.000000 
0.004399 0.004041 0.015767 0.186760 0.029599 0.292459 0.034600 0.019300 0.066087 0.303854 0.043134 0.000000 
0.110958 0.059448 0.056232 0.005860 0.145119 0.014938 0.033027 0.035746 0.096434 0.171315 0.000000 0.270924 
0.145613 0.097935 0.246695 0.000000 0.186468 0.022317 0.046079 0.049449 0.133664 0.071779 0.000000 0.000000 
0.264422 0.100574 0.030799 0.000000 0.370143 0.005204 0.100726 0.006182 0.000000 0.106150 0.015800 0.000000 
0.140571 0.042880 0.026468 0.000000 0.000003 0.029972 0.309356 0.417597 0.000000 0.033153 0.000000 0.000000 
0.142653 0.097372 0.063999 0.027692 0.016089 0.025286 0.061097 0.059357 0.000000 0.481112 0.025343 0.000000 
0.243485 0.276895 0.048207 0.000000 0.000003 0.026207 0.024166 0.154477 0.000000 0.097510 0.000000 0.129050 
0.149316 0.088728 0.091730 0.000000 0.000003 0.031324 0.084587 0.027731 0.161231 0.365350 0.000000 0.000000 
0.022121 0.007689 0.405557 0.052812 0.039226 0.016868 0.026199 0.000290 0.049653 0.332650 0.046935 0.000000 
0.303443 0.075025 0.007518 0.000000 0.134601 0.017005 0.135041 0.098862 0.000000 0.053301 0.175204 0.000000 
0.374946 0.357272 0.055765 0.000000 0.000003 0.020880 0.132613 0.026086 0.000000 0.010347 0.000000 0.022088 
0.032651 0.005178 0.382940 0.162458 0.017926 0.360881 0.009413 0.000659 0.000000 0.027895 0.000000 0.000000 
0.194846 0.059037 0.026156 0.000000 0.009104 0.071249 0.028541 0.451167 0.000000 0.137829 0.022071 0.000000 
0.150432 0.079441 0.015608 0.013810 0.015804 0.041227 0.381686 0.030777 0.000000 0.055774 0.215442 0.000000 
0.071079 0.003792 0.010438 0.000000 0.665098 0.017472 0.020632 0.185154 0.000000 0.026335 0.000000 0.000000 
0.201602 0.071246 0.058723 0.000000 0.011037 0.038921 0.064095 0.303820 0.173204 0.065170 0.000000 0.012182 
0.099216 0.107237 0.066548 0.172960 0.000003 0.349006 0.051137 0.026873 0.086879 0.040141 0.000000 0.000000 
0.297028 0.071426 0.053709 0.000000 0.054411 0.025492 0.109729 0.062457 0.195429 0.061382 0.068936 0.000000 
0.135943 0.036712 0.021661 0.084224 0.000003 0.166889 0.463195 0.057251 0.000000 0.009992 0.000000 0.024129 
0.282333 0.284555 0.042021 0.064980 0.007892 0.118956 0.085123 0.048320 0.000000 0.036949 0.000000 0.028871 
0.294620 0.200368 0.065801 0.000000 0.000003 0.025849 0.089693 0.084850 0.178387 0.060430 0.000000 0.000000 
0.097056 0.021097 0.190515 0.007546 0.000003 0.026218 0.031750 0.438634 0.000000 0.138693 0.000000 0.048488 
0.149424 0.108119 0.011496 0.026616 0.018518 0.063228 0.033710 0.104489 0.067085 0.180166 0.000000 0.237149 
0.006880 0.000307 0.088858 0.000000 0.789251 0.015964 0.014880 0.004205 0.000000 0.049908 0.000000 0.029747 
0.360885 0.365801 0.028719 0.000000 0.000003 0.041805 0.133356 0.040577 0.000000 0.028854 0.000000 0.000000 
0.029061 0.013587 0.057389 0.142203 0.000003 0.262309 0.022263 0.020661 0.051356 0.358070 0.043098 0.000000 
0.349660 0.058475 0.005900 0.011841 0.060895 0.030874 0.095158 0.083461 0.000000 0.082178 0.221559 0.000000 
0.013007 0.027746 0.673298 0.079328 0.000003 0.090692 0.036330 0.006612 0.000000 0.039401 0.033582 0.000000 
0.294082 0.112275 0.043409 0.007829 0.000003 0.031337 0.114552 0.044822 0.068009 0.042465 0.241216 0.000000 
0.038067 0.028953 0.057350 0.017384 0.000003 0.044169 0.023816 0.000161 0.000000 0.345595 0.000000 0.444503 
0.107569 0.045905 0.053806 0.000000 0.000002 0.000262 0.570768 0.000135 0.000000 0.072479 0.000000 0.149073 
0.146099 0.123142 0.066438 0.000000 0.099247 0.017817 0.101503 0.052102 0.132017 0.087642 0.000000 0.173992 
0.091216 0.020497 0.025303 0.103024 0.068179 0.113331 0.071022 0.027105 0.055120 0.280838 0.144365 0.000000 
0.047080 0.001990 0.051266 0.000000 0.000003 0.010430 0.024312 0.015855 0.000000 0.363761 0.000000 0.485304 
0.218040 0.147013 0.064491 0.055244 0.000003 0.155434 0.073066 0.109128 0.124315 0.053267 0.000000 0.000000 
0.022646 0.005773 0.026520 0.000000 0.000003 0.015509 0.099518 0.010483 0.000000 0.352407 0.000000 0.467141 
0.140579 0.045862 0.071798 0.000000 0.000003 0.063753 0.017272 0.486193 0.059347 0.115193 0.000000 0.000000 
0.048265 0.003596 0.023694 0.186518 0.116991 0.316394 0.032257 0.017334 0.000000 0.100896 0.000000 0.154056 
0.010279 0.003797 0.038631 0.334266 0.000003 0.550314 0.005138 0.036197 0.000000 0.013342 0.008032 0.000000 
0.028433 0.015018 0.028681 0.000000 0.463729 0.034798 0.004887 0.232357 0.000000 0.096843 0.000000 0.095254 
0.229097 0.180205 0.042044 0.012738 0.015768 0.056965 0.426240 0.024006 0.000000 0.012936 0.000000 0.000000 
0.107014 0.100900 0.051465 0.007982 0.037572 0.002500 0.671238 0.000138 0.000000 0.009324 0.000000 0.011867 
0.209566 0.068915 0.025174 0.000000 0.000002 0.012714 0.369391 0.127089 0.073243 0.029738 0.045369 0.038799 
0.124874 0.025405 0.056512 0.000000 0.014742 0.011814 0.054307 0.130205 0.000000 0.189177 0.098428 0.294536 
0.224712 0.220353 0.273346 0.000000 0.163594 0.022429 0.026338 0.050405 0.000000 0.018822 0.000000 0.000000 
0.008128 0.006443 0.924155 0.000000 0.000003 0.025948 0.001020 0.011329 0.000000 0.008211 0.014764 0.000000 
0.061434 0.055915 0.008588 0.000000 0.016238 0.004601 0.553119 0.000170 0.000000 0.125982 0.000000 0.173953 
0.068702 0.047213 0.100678 0.276558 0.024413 0.429480 0.025005 0.007000 0.000000 0.020951 0.000000 0.000000 
0.287261 0.143439 0.074103 0.000000 0.000003 0.025808 0.085931 0.081190 0.241715 0.060548 0.000000 0.000000 
0.328497 0.229662 0.028599 0.037091 0.000002 0.070556 0.073968 0.087434 0.000000 0.044543 0.099648 0.000000 
0.182357 0.037364 0.013809 0.000000 0.022408 0.061917 0.034597 0.574715 0.000000 0.056987 0.000000 0.015845 
0.165989 0.031871 0.096311 0.000000 0.000003 0.045294 0.001995 0.608914 0.000000 0.049622 0.000000 0.000000 
0.045225 0.025741 0.054189 0.000000 0.566519 0.015473 0.005699 0.274511 0.000000 0.012643 0.000000 0.000000 
0.033721 0.001769 0.111179 0.016071 0.000004 0.012687 0.038315 0.049685 0.000000 0.345023 0.000000 0.391546 
0.126903 0.022088 0.020327 0.000000 0.393280 0.033724 0.031529 0.309056 0.000000 0.044786 0.018306 0.000000 
0.021695 0.000845 0.140373 0.142050 0.106819 0.221058 0.017524 0.021700 0.000000 0.136929 0.000000 0.191007 
0.037217 0.010319 0.650857 0.000000 0.270676 0.009423 0.008024 0.007961 0.000000 0.005522 0.000000 0.000000 
0.177625 0.095905 0.037254 0.000000 0.088090 0.025901 0.270801 0.059057 0.154946 0.066536 0.000000 0.023883 
0.060552 0.077683 0.034267 0.041509 0.000002 0.068840 0.555841 0.000272 0.000000 0.079879 0.000000 0.081154 
0.127267 0.082990 0.107328 0.000000 0.000002 0.025968 0.272236 0.177118 0.099730 0.072012 0.000000 0.035349 
0.297594 0.216992 0.051809 0.000000 0.168539 0.022070 0.056092 0.029811 0.000000 0.066633 0.000000 0.090459 
0.089141 0.037398 0.002034 0.000000 0.411541 0.052473 0.027230 0.349814 0.000000 0.030369 0.000000 0.000000 
0.335685 0.216106 0.083745 0.000000 0.000003 0.017639 0.096221 0.037863 0.000000 0.043007 0.169731 0.000000 
0.129928 0.037468 0.026524 0.182355 0.012824 0.272392 0.051561 0.072998 0.000000 0.112960 0.100990 0.000000 
0.004002 0.000575 0.023606 0.000000 0.036293 0.021038 0.014076 0.000205 0.000000 0.348086 0.000000 0.552118 
0.101089 0.067802 0.067394 0.000000 0.022761 0.000273 0.685778 0.000193 0.000000 0.011450 0.043260 0.000000 
0.027000 0.002601 0.050304 0.098783 0.067219 0.124884 0.057584 0.024322 0.079440 0.467864 0.000000 0.000000 
0.112600 0.027300 0.016727 0.187276 0.054815 0.315300 0.101439 0.135758 0.033464 0.015320 0.000000 0.000000 
0.109789 0.083305 0.017897 0.029235 0.054162 0.077977 0.561534 0.023062 0.020982 0.022057 0.000000 0.000000 
0.037341 0.000310 0.032284 0.000000 0.000003 0.006545 0.031280 0.000173 0.000000 0.388590 0.000000 0.503474 
0.008926 0.008630 0.038231 0.000000 0.924872 0.000680 0.012500 0.000136 0.000000 0.006026 0.000000 0.000000 
0.049617 0.044637 0.335570 0.000000 0.000003 0.005273 0.233926 0.014050 0.000000 0.152987 0.000000 0.163936 
0.128495 0.153043 0.026562 0.000000 0.000003 0.012505 0.045033 0.006158 0.000000 0.250442 0.000000 0.377760 
0.235452 0.156786 0.046916 0.080826 0.025671 0.176839 0.051014 0.073302 0.073856 0.030278 0.000000 0.049059 
0.172210 0.037893 0.042413 0.000000 0.041251 0.031745 0.032007 0.338528 0.020377 0.228895 0.000000 0.054680 
0.108816 0.059011 0.244355 0.000000 0.022003 0.003188 0.495255 0.012344 0.000000 0.035302 0.000000 0.019726 
0.191047 0.027992 0.024751 0.133818 0.090066 0.265965 0.079633 0.044915 0.000000 0.012919 0.128894 0.000000 
0.164403 0.049072 0.017011 0.036971 0.000002 0.175467 0.136143 0.324627 0.000000 0.056280 0.040024 0.000000 
0.117844 0.052456 0.010763 0.000000 0.277390 0.027132 0.087554 0.026198 0.000000 0.163737 0.000000 0.236927 
0.262371 0.162125 0.071131 0.000000 0.000003 0.009332 0.063640 0.041671 0.187381 0.085703 0.038515 0.078129 
0.071101 0.013488 0.608585 0.000000 0.000003 0.009641 0.022085 0.000191 0.000000 0.093465 0.038162 0.143279 
0.064781 0.018379 0.034962 0.010560 0.010021 0.040618 0.032406 0.158570 0.000000 0.383031 0.039626 0.207046 
0.376370 0.387142 0.046624 0.000000 0.014932 0.022728 0.089851 0.051406 0.000000 0.010946 0.000000 0.000000 
0.116807 0.062029 0.428926 0.000000 0.000003 0.013116 0.037326 0.055539 0.134913 0.080895 0.025427 0.045019 
0.212296 0.078330 0.364806 0.022335 0.000003 0.049865 0.045620 0.033069 0.151461 0.042216 0.000000 0.000000 
0.017919 0.002045 0.014446 0.342436 0.000004 0.582219 0.000985 0.000273 0.000000 0.034574 0.005099 0.000000 
0.372286 0.126603 0.013174 0.000000 0.021856 0.023128 0.120906 0.021406 0.000000 0.040955 0.259685 0.000000 
0.078921 0.051179 0.033937 0.152199 0.200248 0.250735 0.020945 0.028433 0.056695 0.078907 0.000000 0.047802 
0.084429 0.091875 0.025111 0.000000 0.000003 0.000536 0.744566 0.000097 0.000000 0.053382 0.000000 0.000000 
0.010257 0.000719 0.031661 0.000000 0.870102 0.012452 0.029131 0.014142 0.000000 0.012161 0.007989 0.011386 
0.065577 0.011234 0.623202 0.000000 0.094793 0.010238 0.000831 0.135098 0.000000 0.059027 0.000000 0.000000 
0.004355 0.003615 0.057257 0.000000 0.883502 0.000197 0.003202 0.002270 0.000000 0.022996 0.000000 0.022604 
0.186886 0.068362 0.079421 0.000000 0.000003 0.066100 0.075948 0.187416 0.263682 0.072182 0.000000 0.000000 
0.236361 0.090990 0.021179 0.000000 0.309046 0.012934 0.193401 0.006543 0.000000 0.074720 0.054825 0.000000 
0.310276 0.251092 0.064321 0.000000 0.094282 0.014454 0.068511 0.085106 0.056813 0.026769 0.000000 0.028375 
0.084325 0.108507 0.009801 0.241171 0.007486 0.440124 0.047646 0.024868 0.030743 0.005329 0.000000 0.000000 
0.126822 0.082971 0.066866 0.000000 0.413680 0.023539 0.029995 0.024245 0.131842 0.100039 0.000000 0.000000 
0.134114 0.015968 0.032994 0.183915 0.000003 0.264507 0.010438 0.000226 0.000000 0.246534 0.033499 0.077803 
0.065016 0.008675 0.713346 0.019759 0.000003 0.009774 0.020107 0.010675 0.000000 0.112482 0.012668 0.027497 
0.073870 0.048292 0.083555 0.000000 0.008175 0.018691 0.087385 0.039042 0.130773 0.510217 0.000000 0.000000 
0.085787 0.077419 0.215858 0.000000 0.000003 0.022998 0.381971 0.115242 0.000000 0.042269 0.058455 0.000000 
0.294736 0.080476 0.060289 0.000000 0.000003 0.033456 0.107471 0.060616 0.185826 0.060429 0.116699 0.000000 
0.254637 0.040733 0.111870 0.000000 0.000003 0.012171 0.086753 0.004781 0.000000 0.128777 0.192818 0.167457 
0.180836 0.110858 0.209717 0.000000 0.025412 0.053680 0.020075 0.318576 0.042723 0.038123 0.000000 0.000000 
0.031225 0.001516 0.016333 0.000000 0.008003 0.003861 0.024013 0.012621 0.000000 0.405355 0.029329 0.467744 
0.004140 0.000123 0.144948 0.172520 0.000002 0.313195 0.000618 0.005620 0.000000 0.141960 0.000000 0.216873 
0.050471 0.018320 0.021249 0.000000 0.083227 0.020255 0.039052 0.000149 0.000000 0.299353 0.000000 0.467924 
0.223095 0.092456 0.033834 0.000000 0.000004 0.038170 0.115274 0.252582 0.093513 0.077407 0.073664 0.000000 
0.311312 0.242219 0.068784 0.008334 0.045869 0.034639 0.069687 0.027055 0.000000 0.060366 0.131734 0.000000 
0.154185 0.023516 0.088131 0.159329 0.000003 0.315863 0.101935 0.000262 0.000000 0.020493 0.136284 0.000000 
0.360454 0.064984 0.000621 0.008130 0.010241 0.061874 0.139710 0.029094 0.041283 0.050593 0.233015 0.000000 
0.178296 0.050774 0.127988 0.000000 0.000002 0.026699 0.270162 0.320939 0.000000 0.025139 0.000000 0.000000 
0.180468 0.045155 0.022066 0.000000 0.000004 0.017880 0.109721 0.048639 0.000000 0.143258 0.243763 0.189048 
0.128975 0.054692 0.252688 0.009901 0.024463 0.044247 0.019220 0.401360 0.000000 0.064454 0.000000 0.000000 
0.008060 0.001326 0.031694 0.000000 0.000002 0.009053 0.072013 0.005055 0.000000 0.348881 0.000000 0.523916 
0.085492 0.007415 0.008712 0.030522 0.518622 0.074626 0.038860 0.006408 0.070803 0.061414 0.043639 0.053485 
0.166471 0.070392 0.303424 0.000000 0.000003 0.014468 0.056834 0.059681 0.142022 0.158758 0.012058 0.015889 
0.037794 0.017181 0.029950 0.237132 0.000003 0.446109 0.071706 0.009948 0.000000 0.129826 0.020351 0.000000 
0.142777 0.100908 0.066773 0.000000 0.083912 0.016100 0.073950 0.063843 0.130560 0.284572 0.017316 0.019290 
0.196294 0.129352 0.025475 0.000000 0.008140 0.065744 0.009642 0.503724 0.000000 0.061629 0.000000 0.000000 
0.151505 0.037963 0.031722 0.016700 0.000003 0.086843 0.041758 0.563280 0.000000 0.070225 0.000000 0.000000 
0.100990 0.015597 0.412746 0.090444 0.000003 0.128263 0.008284 0.199295 0.000000 0.022998 0.000000 0.021380 
0.229162 0.068219 0.209775 0.000000 0.000003 0.001875 0.116817 0.038499 0.000000 0.049599 0.260759 0.025292 
0.259532 0.054750 0.279134 0.000000 0.000003 0.013239 0.132451 0.049351 0.000000 0.038021 0.173519 0.000000 
0.268252 0.135715 0.064481 0.000000 0.000003 0.034074 0.064773 0.081254 0.241963 0.081297 0.000000 0.028189 
0.002067 0.011196 0.019671 0.347259 0.000003 0.571956 0.007045 0.035090 0.000000 0.005714 0.000000 0.000000 
0.091855 0.013631 0.030236 0.208819 0.000004 0.385017 0.062136 0.022519 0.000000 0.072527 0.113257 0.000000 
0.180389 0.024877 0.028081 0.163808 0.010565 0.309666 0.058797 0.042811 0.000000 0.068547 0.051274 0.061185 
0.007571 0.032701 0.033708 0.116384 0.022146 0.136689 0.145251 0.000200 0.098070 0.338499 0.068781 0.000000 
0.307108 0.326108 0.128835 0.007254 0.000003 0.074484 0.023737 0.047636 0.000000 0.084835 0.000000 0.000000 
0.058893 0.000973 0.052837 0.000000 0.759965 0.005049 0.082086 0.021148 0.000000 0.019049 0.000000 0.000000 
0.444602 0.366317 0.032241 0.000000 0.000003 0.021545 0.083677 0.045879 0.000000 0.005736 0.000000 0.000000 
0.076915 0.078705 0.234981 0.000000 0.000003 0.000457 0.578935 0.000117 0.000000 0.003043 0.000000 0.026844 
0.072074 0.055313 0.013621 0.000000 0.000003 0.005608 0.203306 0.000236 0.000000 0.299060 0.000000 0.350780 
0.044796 0.018837 0.028188 0.000000 0.000003 0.010609 0.079088 0.004564 0.000000 0.359096 0.000000 0.454818 
0.057801 0.023796 0.018478 0.293997 0.000003 0.523451 0.042133 0.014980 0.000000 0.025360 0.000000 0.000000 
0.165335 0.070002 0.077096 0.000000 0.000003 0.001815 0.239337 0.030300 0.137035 0.139063 0.000000 0.140013 
0.072652 0.018706 0.034708 0.077745 0.146445 0.093964 0.018759 0.090514 0.000000 0.372423 0.020519 0.053567 
0.168756 0.078646 0.032262 0.000000 0.000003 0.031925 0.247463 0.021268 0.131095 0.132136 0.000000 0.156447 
0.103043 0.060796 0.023184 0.000000 0.000003 0.000981 0.791837 0.000212 0.000000 0.019944 0.000000 0.000000 
0.226578 0.243984 0.043345 0.000000 0.000003 0.030339 0.205815 0.232145 0.000000 0.017791 0.000000 0.000000 
0.311166 0.281996 0.023691 0.042957 0.008063 0.132682 0.071961 0.114930 0.000000 0.012553 0.000000 0.000000 
0.110171 0.111723 0.048214 0.000000 0.000003 0.019897 0.037929 0.238084 0.063574 0.297896 0.072507 0.000000 
0.303794 0.078847 0.025524 0.021186 0.005457 0.060685 0.183143 0.128439 0.000000 0.052132 0.140793 0.000000 
0.051587 0.016708 0.032792 0.000000 0.682486 0.027781 0.002961 0.159936 0.000000 0.025750 0.000000 0.000000 
0.345451 0.338824 0.054583 0.000000 0.003124 0.030318 0.149167 0.054201 0.000000 0.024333 0.000000 0.000000 
0.210111 0.223584 0.032159 0.000000 0.436409 0.018321 0.009931 0.020905 0.000000 0.005737 0.030988 0.011856 
0.316919 0.378326 0.038653 0.000000 0.012119 0.012128 0.162833 0.035156 0.032801 0.011065 0.000000 0.000000 
0.008667 0.005506 0.030145 0.000000 0.910637 0.001623 0.038112 0.002830 0.000000 0.002479 0.000000 0.000000 
0.026391 0.055377 0.052404 0.000000 0.540387 0.008640 0.283569 0.000123 0.000000 0.021843 0.011265 0.000000 
0.059208 0.011298 0.196559 0.055944 0.350378 0.086353 0.017432 0.179259 0.000000 0.043569 0.000000 0.000000 
0.066971 0.051891 0.047654 0.047735 0.151390 0.116120 0.422264 0.001701 0.000000 0.006153 0.060665 0.027457 
0.057262 0.020220 0.081395 0.017156 0.000003 0.026560 0.055202 0.006364 0.090265 0.608073 0.037500 0.000000 
0.174163 0.066087 0.028176 0.000000 0.000003 0.063633 0.006753 0.599689 0.000000 0.061496 0.000000 0.000000 
0.101995 0.044990 0.017965 0.000000 0.005193 0.000789 0.762423 0.000190 0.000000 0.032611 0.033843 0.000000 
0.329492 0.378251 0.033085 0.000000 0.008259 0.038428 0.094586 0.056523 0.000000 0.035047 0.026329 0.000000 
0.169885 0.030070 0.024250 0.000000 0.000003 0.047474 0.016714 0.621927 0.000000 0.089676 0.000000 0.000000 
0.081905 0.043323 0.117778 0.000000 0.020222 0.040378 0.168276 0.144328 0.088778 0.251817 0.043195 0.000000 
0.312030 0.040876 0.002522 0.000000 0.023047 0.017186 0.188609 0.089680 0.000000 0.055554 0.270498 0.000000 
0.189735 0.040620 0.019374 0.000000 0.005644 0.019929 0.104474 0.000239 0.000000 0.302463 0.124493 0.193028 
0.268895 0.247445 0.029915 0.000000 0.015779 0.013771 0.086790 0.196605 0.000000 0.113533 0.000000 0.027268 
0.165773 0.030211 0.046539 0.000000 0.016703 0.010763 0.085349 0.018637 0.129345 0.400070 0.096610 0.000000 
0.113798 0.032820 0.009123 0.021213 0.245410 0.046050 0.028158 0.349310 0.000000 0.137614 0.000000 0.016503 
0.087529 0.076205 0.034241 0.018558 0.000003 0.047024 0.664162 0.007904 0.025233 0.015111 0.024031 0.000000 
0.212677 0.045067 0.012272 0.000000 0.013704 0.045823 0.042502 0.591996 0.000000 0.035958 0.000000 0.000000 
0.257533 0.236302 0.131859 0.000000 0.040326 0.023889 0.236477 0.024644 0.000000 0.048969 0.000000 0.000000 
0.121033 0.122337 0.043758 0.000000 0.000003 0.016483 0.069820 0.055030 0.044144 0.199428 0.000000 0.327964 
0.365366 0.082643 0.045057 0.000000 0.000003 0.027666 0.145410 0.022998 0.000000 0.066159 0.244698 0.000000 
0.028118 0.005471 0.713228 0.000000 0.219192 0.006113 0.000494 0.000249 0.000000 0.003885 0.000000 0.023250 
0.320458 0.329116 0.058328 0.000000 0.013975 0.020975 0.088033 0.014973 0.000000 0.154141 0.000000 0.000000 
0.256104 0.284902 0.033830 0.000000 0.197935 0.035174 0.049139 0.123266 0.000000 0.019649 0.000000 0.000000 
0.180688 0.107883 0.040999 0.000000 0.014627 0.043045 0.021647 0.188010 0.140161 0.153618 0.000000 0.109322 
0.085136 0.100154 0.056757 0.000000 0.202095 0.019211 0.503562 0.000240 0.000000 0.004069 0.016112 0.012665 
0.031077 0.000327 0.013728 0.000000 0.000003 0.027163 0.055658 0.079893 0.000000 0.357513 0.000000 0.434638 
0.012974 0.002710 0.895505 0.000000 0.000003 0.005421 0.012119 0.036865 0.000000 0.011132 0.023272 0.000000 
0.332717 0.051270 0.004745 0.000000 0.013268 0.050068 0.140915 0.122948 0.000000 0.053314 0.230755 0.000000 
0.121390 0.123678 0.039485 0.000000 0.018191 0.013567 0.449993 0.024040 0.037909 0.041463 0.130284 0.000000 
0.082544 0.023982 0.056365 0.063577 0.012440 0.047337 0.102264 0.080845 0.058301 0.389128 0.000000 0.083216 
0.031178 0.003510 0.184247 0.209562 0.000003 0.396396 0.011476 0.048623 0.000000 0.061543 0.020653 0.032809 
0.164783 0.181863 0.609829 0.000000 0.000003 0.003968 0.002821 0.013539 0.000000 0.000268 0.022925 0.000000 
0.203971 0.074511 0.045414 0.000000 0.437376 0.022131 0.065472 0.027912 0.064917 0.042870 0.015426 0.000000 
0.232403 0.226377 0.457335 0.000000 0.000003 0.017630 0.032860 0.032726 0.000000 0.000665 0.000000 0.000000 
0.289222 0.321760 0.020147 0.000000 0.017804 0.024200 0.311146 0.006658 0.000000 0.009064 0.000000 0.000000 
0.097834 0.062149 0.075051 0.000000 0.230297 0.028447 0.367196 0.009514 0.023851 0.087035 0.018627 0.000000 
0.311392 0.126748 0.048092 0.000000 0.006416 0.019180 0.109756 0.081881 0.232964 0.063571 0.000000 0.000000 
0.015046 0.010060 0.203653 0.263619 0.000003 0.460606 0.015687 0.007022 0.000000 0.024303 0.000000 0.000000 
0.034689 0.042660 0.039271 0.169805 0.041648 0.293282 0.015832 0.038645 0.000000 0.269673 0.000000 0.054495 
0.133318 0.052757 0.027375 0.000000 0.000003 0.003340 0.705604 0.013268 0.000000 0.018603 0.045733 0.000000 
0.054022 0.094355 0.065763 0.162648 0.000003 0.278129 0.002042 0.065179 0.000000 0.112646 0.000000 0.165212 
0.151377 0.074743 0.608664 0.000000 0.000003 0.013367 0.040235 0.020344 0.063630 0.027636 0.000000 0.000000 
0.024564 0.003944 0.050499 0.022258 0.032641 0.027772 0.043077 0.034806 0.111400 0.608551 0.040489 0.000000 
0.340841 0.326604 0.153935 0.000000 0.000003 0.024773 0.038277 0.087089 0.000000 0.007782 0.020697 0.000000 
0.162955 0.054272 0.318491 0.000000 0.000003 0.012292 0.239650 0.023662 0.000000 0.033392 0.155284 0.000000 
0.821629 0.527232 0.59929 0.0965491 0.178775 0.477132 0.616042 0.417947 0.0764211 0.631368 0.109188 0.114916 
